trader_id,strategy_id,instrument_id,venue_order_id,account_id,trade_id,position_id,order_side,order_type,last_qty,last_px,currency,commission,liquidity_side,event_id,ts_event,ts_init,info,reconciliation
BACKTESTER-001,MovingAverageCrossover-MA_CROSS,EUR/USD.IDEALPRO,IDEALPRO-1-001,IDEALPRO-001,IDEALPRO-1-841,EUR/USD.IDEALPRO-MovingAverageCrossover-MA_CROSS,SELL,MARKET,0.01,1.03134,USD,0.00 USD,TAKER,b90b5125-2477-4f8e-84e9-a420ef8c3505,2025-01-02 14:00:00+00:00,2025-01-02 14:00:00+00:00,{},False
BACKTESTER-001,MovingAverageCrossover-MA_CROSS,EUR/USD.IDEALPRO,IDEALPRO-1-001,IDEALPRO-001,IDEALPRO-1-842,EUR/USD.IDEALPRO-MovingAverageCrossover-MA_CROSS,SELL,MARKET,99999.99,1.03133,USD,2.06 USD,TAKER,282266ec-2481-46b7-9340-b5ec75b9f09c,2025-01-02 14:00:00+00:00,2025-01-02 14:00:00+00:00,{},False
BACKTESTER-001,MovingAverageCrossover-MA_CROSS,EUR/USD.IDEALPRO,IDEALPRO-1-002,IDEALPRO-001,IDEALPRO-1-876,EUR/USD.IDEALPRO-MovingAverageCrossover-MA_CROSS,BUY,STOP_MARKET,0.01,1.03234,USD,0.00 USD,TAKER,cc3d5ea0-be9f-4f84-bfa6-f3ad5363f1f7,2025-01-02 14:33:00+00:00,2025-01-02 14:33:00+00:00,{},False
BACKTESTER-001,MovingAverageCrossover-MA_CROSS,EUR/USD.IDEALPRO,IDEALPRO-1-002,IDEALPRO-001,IDEALPRO-1-877,EUR/USD.IDEALPRO-MovingAverageCrossover-MA_CROSS,BUY,STOP_MARKET,99999.99,1.03235,USD,2.06 USD,TAKER,cb6c8be4-287a-48a3-ad43-0a3fad230f37,2025-01-02 14:33:00+00:00,2025-01-02 14:33:00+00:00,{},False
BACKTESTER-001,MovingAverageCrossover-MA_CROSS,EUR/USD.IDEALPRO,IDEALPRO-1-004,IDEALPRO-001,IDEALPRO-1-3035,EUR/USD.IDEALPRO-MovingAverageCrossover-MA_CROSS,BUY,MARKET,0.01,1.03161,USD,0.00 USD,TAKER,96ba6a20-69e2-4688-892b-a8e72172e4a2,2025-01-06 03:00:00+00:00,2025-01-06 03:00:00+00:00,{},False
BACKTESTER-001,MovingAverageCrossover-MA_CROSS,EUR/USD.IDEALPRO,IDEALPRO-1-004,IDEALPRO-001,IDEALPRO-1-3036,EUR/USD.IDEALPRO-MovingAverageCrossover-MA_CROSS,BUY,MARKET,99999.99,1.03162,USD,2.06 USD,TAKER,01cfa52d-34ee-4ed1-9e45-84f62e9e929d,2025-01-06 03:00:00+00:00,2025-01-06 03:00:00+00:00,{},False
BACKTESTER-001,MovingAverageCrossover-MA_CROSS,EUR/USD.IDEALPRO,IDEALPRO-1-006,IDEALPRO-001,IDEALPRO-1-3408,EUR/USD.IDEALPRO-MovingAverageCrossover-MA_CROSS,SELL,LIMIT,0.01,1.03661,USD,0.00 USD,MAKER,6192e8f2-b35f-4b83-9d60-eaf3c111f95f,2025-01-06 09:11:00+00:00,2025-01-06 09:11:00+00:00,{},False
BACKTESTER-001,MovingAverageCrossover-MA_CROSS,EUR/USD.IDEALPRO,IDEALPRO-1-006,IDEALPRO-001,IDEALPRO-1-3409,EUR/USD.IDEALPRO-MovingAverageCrossover-MA_CROSS,SELL,LIMIT,99999.99,1.03661,USD,2.07 USD,MAKER,51948b67-0972-48f9-be0d-eafd06bb75e8,2025-01-06 09:11:00+00:00,2025-01-06 09:11:00+00:00,{},False
BACKTESTER-001,MovingAverageCrossover-MA_CROSS,EUR/USD.IDEALPRO,IDEALPRO-1-007,IDEALPRO-001,IDEALPRO-1-5934,EUR/USD.IDEALPRO-MovingAverageCrossover-MA_CROSS,SELL,MARKET,0.01,1.03469,USD,0.00 USD,TAKER,22134368-88b0-4da4-ae8e-64995254b130,2025-01-08 03:45:00+00:00,2025-01-08 03:45:00+00:00,{},False
BACKTESTER-001,MovingAverageCrossover-MA_CROSS,EUR/USD.IDEALPRO,IDEALPRO-1-007,IDEALPRO-001,IDEALPRO-1-5935,EUR/USD.IDEALPRO-MovingAverageCrossover-MA_CROSS,SELL,MARKET,99999.99,1.03468,USD,2.07 USD,TAKER,bae22ed2-d605-4026-9a80-3ca5bbc19ade,2025-01-08 03:45:00+00:00,2025-01-08 03:45:00+00:00,{},False
BACKTESTER-001,MovingAverageCrossover-MA_CROSS,EUR/USD.IDEALPRO,IDEALPRO-1-008,IDEALPRO-001,IDEALPRO-1-6076,EUR/USD.IDEALPRO-MovingAverageCrossover-MA_CROSS,BUY,STOP_MARKET,0.01,1.03569,USD,0.00 USD,TAKER,049da759-84ca-43ff-b2c2-a94d0c804f49,2025-01-08 06:05:00+00:00,2025-01-08 06:05:00+00:00,{},False
BACKTESTER-001,MovingAverageCrossover-MA_CROSS,EUR/USD.IDEALPRO,IDEALPRO-1-008,IDEALPRO-001,IDEALPRO-1-6077,EUR/USD.IDEALPRO-MovingAverageCrossover-MA_CROSS,BUY,STOP_MARKET,99999.99,1.03570,USD,2.07 USD,TAKER,b2673a42-3e12-4679-9a2d-7f9c1126ec83,2025-01-08 06:05:00+00:00,2025-01-08 06:05:00+00:00,{},False
BACKTESTER-001,MovingAverageCrossover-MA_CROSS,EUR/USD.IDEALPRO,IDEALPRO-1-010,IDEALPRO-001,IDEALPRO-1-12238,EUR/USD.IDEALPRO-MovingAverageCrossover-MA_CROSS,BUY,MARKET,0.01,1.02534,USD,0.00 USD,TAKER,3759dffa-e392-49c0-9d08-1d16c3501d18,2025-01-14 13:45:00+00:00,2025-01-14 13:45:00+00:00,{},False
BACKTESTER-001,MovingAverageCrossover-MA_CROSS,EUR/USD.IDEALPRO,IDEALPRO-1-010,IDEALPRO-001,IDEALPRO-1-12239,EUR/USD.IDEALPRO-MovingAverageCrossover-MA_CROSS,BUY,MARKET,99999.99,1.02535,USD,2.05 USD,TAKER,088061ce-dd33-4c09-8e59-bc46be34ee9b,2025-01-14 13:45:00+00:00,2025-01-14 13:45:00+00:00,{},False
BACKTESTER-001,MovingAverageCrossover-MA_CROSS,EUR/USD.IDEALPRO,IDEALPRO-1-012,IDEALPRO-001,IDEALPRO-1-12392,EUR/USD.IDEALPRO-MovingAverageCrossover-MA_CROSS,SELL,LIMIT,0.01,1.03034,USD,0.00 USD,MAKER,a8d306d9-5294-4ccf-84b6-16c7cc52bbe7,2025-01-14 16:17:00+00:00,2025-01-14 16:17:00+00:00,{},False
BACKTESTER-001,MovingAverageCrossover-MA_CROSS,EUR/USD.IDEALPRO,IDEALPRO-1-012,IDEALPRO-001,IDEALPRO-1-12393,EUR/USD.IDEALPRO-MovingAverageCrossover-MA_CROSS,SELL,LIMIT,99999.99,1.03034,USD,2.06 USD,MAKER,a09277b4-3217-4a2d-8b03-54189e27bcfa,2025-01-14 16:17:00+00:00,2025-01-14 16:17:00+00:00,{},False
BACKTESTER-001,MovingAverageCrossover-MA_CROSS,EUR/USD.IDEALPRO,IDEALPRO-1-013,IDEALPRO-001,IDEALPRO-1-16457,EUR/USD.IDEALPRO-MovingAverageCrossover-MA_CROSS,SELL,MARKET,0.01,1.02957,USD,0.00 USD,TAKER,36995753-d5a2-4457-a8cd-9620ac4d095f,2025-01-17 12:45:00+00:00,2025-01-17 12:45:00+00:00,{},False
BACKTESTER-001,MovingAverageCrossover-MA_CROSS,EUR/USD.IDEALPRO,IDEALPRO-1-013,IDEALPRO-001,IDEALPRO-1-16458,EUR/USD.IDEALPRO-MovingAverageCrossover-MA_CROSS,SELL,MARKET,99999.99,1.02956,USD,2.06 USD,TAKER,6e99ce67-76ac-4183-a203-55e169c628a9,2025-01-17 12:45:00+00:00,2025-01-17 12:45:00+00:00,{},False
BACKTESTER-001,MovingAverageCrossover-MA_CROSS,EUR/USD.IDEALPRO,IDEALPRO-1-014,IDEALPRO-001,IDEALPRO-1-16596,EUR/USD.IDEALPRO-MovingAverageCrossover-MA_CROSS,BUY,STOP_MARKET,0.01,1.03057,USD,0.00 USD,TAKER,82259644-2ad9-4eeb-9caf-5d4d43c196d6,2025-01-17 15:02:00+00:00,2025-01-17 15:02:00+00:00,{},False
BACKTESTER-001,MovingAverageCrossover-MA_CROSS,EUR/USD.IDEALPRO,IDEALPRO-1-014,IDEALPRO-001,IDEALPRO-1-16597,EUR/USD.IDEALPRO-MovingAverageCrossover-MA_CROSS,BUY,STOP_MARKET,99999.99,1.03058,USD,2.06 USD,TAKER,7f242a61-b3d0-476d-865e-7acc3f4dfc5e,2025-01-17 15:02:00+00:00,2025-01-17 15:02:00+00:00,{},False
BACKTESTER-001,MovingAverageCrossover-MA_CROSS,EUR/USD.IDEALPRO,IDEALPRO-1-016,IDEALPRO-001,IDEALPRO-1-17676,EUR/USD.IDEALPRO-MovingAverageCrossover-MA_CROSS,BUY,MARKET,0.01,1.03136,USD,0.00 USD,TAKER,039e766a-dbf2-491a-94e3-a6c7de0e41b3,2025-01-20 09:15:00+00:00,2025-01-20 09:15:00+00:00,{},False
BACKTESTER-001,MovingAverageCrossover-MA_CROSS,EUR/USD.IDEALPRO,IDEALPRO-1-016,IDEALPRO-001,IDEALPRO-1-17677,EUR/USD.IDEALPRO-MovingAverageCrossover-MA_CROSS,BUY,MARKET,99999.99,1.03137,USD,2.06 USD,TAKER,3c537101-3833-4cf1-addf-13643c1b89d3,2025-01-20 09:15:00+00:00,2025-01-20 09:15:00+00:00,{},False
BACKTESTER-001,MovingAverageCrossover-MA_CROSS,EUR/USD.IDEALPRO,IDEALPRO-1-018,IDEALPRO-001,IDEALPRO-1-17935,EUR/USD.IDEALPRO-MovingAverageCrossover-MA_CROSS,SELL,LIMIT,0.01,1.03636,USD,0.00 USD,MAKER,5dea5199-4363-4677-a66e-36d9d07bff07,2025-01-20 13:32:00+00:00,2025-01-20 13:32:00+00:00,{},False
BACKTESTER-001,MovingAverageCrossover-MA_CROSS,EUR/USD.IDEALPRO,IDEALPRO-1-018,IDEALPRO-001,IDEALPRO-1-17936,EUR/USD.IDEALPRO-MovingAverageCrossover-MA_CROSS,SELL,LIMIT,99999.99,1.03636,USD,2.07 USD,MAKER,d3b32645-fc81-49b6-a4fe-e797e493ce09,2025-01-20 13:32:00+00:00,2025-01-20 13:32:00+00:00,{},False
BACKTESTER-001,MovingAverageCrossover-MA_CROSS,EUR/USD.IDEALPRO,IDEALPRO-1-019,IDEALPRO-001,IDEALPRO-1-22315,EUR/USD.IDEALPRO-MovingAverageCrossover-MA_CROSS,SELL,MARKET,0.01,1.04012,USD,0.00 USD,TAKER,d8f4b1a6-83c7-4604-8d8b-e531ed6020a7,2025-01-23 15:15:00+00:00,2025-01-23 15:15:00+00:00,{},False
BACKTESTER-001,MovingAverageCrossover-MA_CROSS,EUR/USD.IDEALPRO,IDEALPRO-1-019,IDEALPRO-001,IDEALPRO-1-22316,EUR/USD.IDEALPRO-MovingAverageCrossover-MA_CROSS,SELL,MARKET,99999.99,1.04011,USD,2.08 USD,TAKER,8dadf9f6-f3c3-4174-bbc5-b3b67bc4c75f,2025-01-23 15:15:00+00:00,2025-01-23 15:15:00+00:00,{},False
BACKTESTER-001,MovingAverageCrossover-MA_CROSS,EUR/USD.IDEALPRO,IDEALPRO-1-020,IDEALPRO-001,IDEALPRO-1-22384,EUR/USD.IDEALPRO-MovingAverageCrossover-MA_CROSS,BUY,STOP_MARKET,0.01,1.04112,USD,0.00 USD,TAKER,3790dcaf-2ac6-4327-ad65-8ce5944822a2,2025-01-23 16:22:00+00:00,2025-01-23 16:22:00+00:00,{},False
BACKTESTER-001,MovingAverageCrossover-MA_CROSS,EUR/USD.IDEALPRO,IDEALPRO-1-020,IDEALPRO-001,IDEALPRO-1-22385,EUR/USD.IDEALPRO-MovingAverageCrossover-MA_CROSS,BUY,STOP_MARKET,99999.99,1.04113,USD,2.08 USD,TAKER,0f570d04-a360-44f8-a2fa-b55d96cc6dc3,2025-01-23 16:22:00+00:00,2025-01-23 16:22:00+00:00,{},False
BACKTESTER-001,MovingAverageCrossover-MA_CROSS,EUR/USD.IDEALPRO,IDEALPRO-1-022,IDEALPRO-001,IDEALPRO-1-22484,EUR/USD.IDEALPRO-MovingAverageCrossover-MA_CROSS,BUY,MARKET,0.01,1.04354,USD,0.00 USD,TAKER,47aa7373-c300-453d-b0af-17f856866c17,2025-01-23 18:00:00+00:00,2025-01-23 18:00:00+00:00,{},False
BACKTESTER-001,MovingAverageCrossover-MA_CROSS,EUR/USD.IDEALPRO,IDEALPRO-1-022,IDEALPRO-001,IDEALPRO-1-22485,EUR/USD.IDEALPRO-MovingAverageCrossover-MA_CROSS,BUY,MARKET,99999.99,1.04355,USD,2.09 USD,TAKER,a7ec0cee-2cbe-4c79-aefc-95febffd954a,2025-01-23 18:00:00+00:00,2025-01-23 18:00:00+00:00,{},False
BACKTESTER-001,MovingAverageCrossover-MA_CROSS,EUR/USD.IDEALPRO,IDEALPRO-1-023,IDEALPRO-001,IDEALPRO-1-22519,EUR/USD.IDEALPRO-MovingAverageCrossover-MA_CROSS,SELL,STOP_MARKET,0.01,1.04254,USD,0.00 USD,TAKER,0450ca95-03d2-4362-b086-6464900feb22,2025-01-23 18:33:00+00:00,2025-01-23 18:33:00+00:00,{},False
BACKTESTER-001,MovingAverageCrossover-MA_CROSS,EUR/USD.IDEALPRO,IDEALPRO-1-023,IDEALPRO-001,IDEALPRO-1-22520,EUR/USD.IDEALPRO-MovingAverageCrossover-MA_CROSS,SELL,STOP_MARKET,99999.99,1.04253,USD,2.09 USD,TAKER,c471561e-ecff-4ac2-8c2f-ac4400a3d9a4,2025-01-23 18:33:00+00:00,2025-01-23 18:33:00+00:00,{},False
BACKTESTER-001,MovingAverageCrossover-MA_CROSS,EUR/USD.IDEALPRO,IDEALPRO-1-025,IDEALPRO-001,IDEALPRO-1-26148,EUR/USD.IDEALPRO-MovingAverageCrossover-MA_CROSS,SELL,MARKET,0.01,1.04315,USD,0.00 USD,TAKER,ff717009-1989-4ce0-bfe1-f5c7bac0feb4,2025-01-28 07:45:00+00:00,2025-01-28 07:45:00+00:00,{},False
BACKTESTER-001,MovingAverageCrossover-MA_CROSS,EUR/USD.IDEALPRO,IDEALPRO-1-025,IDEALPRO-001,IDEALPRO-1-26149,EUR/USD.IDEALPRO-MovingAverageCrossover-MA_CROSS,SELL,MARKET,99999.99,1.04314,USD,2.09 USD,TAKER,a4e8d7cb-c9e5-47b7-9eff-1d323b21ef7e,2025-01-28 07:45:00+00:00,2025-01-28 07:45:00+00:00,{},False
BACKTESTER-001,MovingAverageCrossover-MA_CROSS,EUR/USD.IDEALPRO,IDEALPRO-1-026,IDEALPRO-001,IDEALPRO-1-26255,EUR/USD.IDEALPRO-MovingAverageCrossover-MA_CROSS,BUY,STOP_MARKET,0.01,1.04415,USD,0.00 USD,TAKER,c63d94cf-30f6-47b5-a1fd-681ad55a3a81,2025-01-28 09:30:00+00:00,2025-01-28 09:30:00+00:00,{},False
BACKTESTER-001,MovingAverageCrossover-MA_CROSS,EUR/USD.IDEALPRO,IDEALPRO-1-026,IDEALPRO-001,IDEALPRO-1-26256,EUR/USD.IDEALPRO-MovingAverageCrossover-MA_CROSS,BUY,STOP_MARKET,99999.99,1.04416,USD,2.09 USD,TAKER,e18ca32a-bab9-4e82-8278-fafbc6bee8f6,2025-01-28 09:30:00+00:00,2025-01-28 09:30:00+00:00,{},False
BACKTESTER-001,MovingAverageCrossover-MA_CROSS,EUR/USD.IDEALPRO,IDEALPRO-1-028,IDEALPRO-001,IDEALPRO-1-33757,EUR/USD.IDEALPRO-MovingAverageCrossover-MA_CROSS,BUY,MARKET,0.01,1.03794,USD,0.00 USD,TAKER,bcc4888c-2c14-4918-ab37-f6cfadbea86e,2025-02-04 15:45:00+00:00,2025-02-04 15:45:00+00:00,{},False
BACKTESTER-001,MovingAverageCrossover-MA_CROSS,EUR/USD.IDEALPRO,IDEALPRO-1-028,IDEALPRO-001,IDEALPRO-1-33758,EUR/USD.IDEALPRO-MovingAverageCrossover-MA_CROSS,BUY,MARKET,99999.99,1.03795,USD,2.08 USD,TAKER,b9735371-cc5b-46c3-8236-47bcab133d5d,2025-02-04 15:45:00+00:00,2025-02-04 15:45:00+00:00,{},False
BACKTESTER-001,MovingAverageCrossover-MA_CROSS,EUR/USD.IDEALPRO,IDEALPRO-1-029,IDEALPRO-001,IDEALPRO-1-33851,EUR/USD.IDEALPRO-MovingAverageCrossover-MA_CROSS,SELL,STOP_MARKET,0.01,1.03694,USD,0.00 USD,TAKER,8faf6d6a-ff87-49a3-ae2a-9b66d9544c30,2025-02-04 17:17:00+00:00,2025-02-04 17:17:00+00:00,{},False
BACKTESTER-001,MovingAverageCrossover-MA_CROSS,EUR/USD.IDEALPRO,IDEALPRO-1-029,IDEALPRO-001,IDEALPRO-1-33852,EUR/USD.IDEALPRO-MovingAverageCrossover-MA_CROSS,SELL,STOP_MARKET,99999.99,1.03693,USD,2.07 USD,TAKER,74af62a2-7964-48b3-be00-4697ba3c930b,2025-02-04 17:17:00+00:00,2025-02-04 17:17:00+00:00,{},False
BACKTESTER-001,MovingAverageCrossover-MA_CROSS,EUR/USD.IDEALPRO,IDEALPRO-1-031,IDEALPRO-001,IDEALPRO-1-36611,EUR/USD.IDEALPRO-MovingAverageCrossover-MA_CROSS,SELL,MARKET,0.01,1.03665,USD,0.00 USD,TAKER,c8d26955-e1a4-42ff-b0f1-9f86b6486b92,2025-02-06 15:45:00+00:00,2025-02-06 15:45:00+00:00,{},False
BACKTESTER-001,MovingAverageCrossover-MA_CROSS,EUR/USD.IDEALPRO,IDEALPRO-1-031,IDEALPRO-001,IDEALPRO-1-36612,EUR/USD.IDEALPRO-MovingAverageCrossover-MA_CROSS,SELL,MARKET,99999.99,1.03664,USD,2.07 USD,TAKER,0bdcc9f2-a380-416b-aa40-b304939f2f5d,2025-02-06 15:45:00+00:00,2025-02-06 15:45:00+00:00,{},False
BACKTESTER-001,MovingAverageCrossover-MA_CROSS,EUR/USD.IDEALPRO,IDEALPRO-1-032,IDEALPRO-001,IDEALPRO-1-36660,EUR/USD.IDEALPRO-MovingAverageCrossover-MA_CROSS,BUY,STOP_MARKET,0.01,1.03765,USD,0.00 USD,TAKER,749862c0-72d0-4359-8b7d-0ea7dd4458d8,2025-02-06 16:32:00+00:00,2025-02-06 16:32:00+00:00,{},False
BACKTESTER-001,MovingAverageCrossover-MA_CROSS,EUR/USD.IDEALPRO,IDEALPRO-1-032,IDEALPRO-001,IDEALPRO-1-36661,EUR/USD.IDEALPRO-MovingAverageCrossover-MA_CROSS,BUY,STOP_MARKET,99999.99,1.03766,USD,2.08 USD,TAKER,71d77cb1-8f98-4581-a9ba-cedefa218ae4,2025-02-06 16:32:00+00:00,2025-02-06 16:32:00+00:00,{},False
BACKTESTER-001,MovingAverageCrossover-MA_CROSS,EUR/USD.IDEALPRO,IDEALPRO-1-034,IDEALPRO-001,IDEALPRO-1-37110,EUR/USD.IDEALPRO-MovingAverageCrossover-MA_CROSS,BUY,MARKET,0.01,1.03876,USD,0.00 USD,TAKER,89d21d10-401c-4281-8675-7ebafe0407d7,2025-02-07 00:15:00+00:00,2025-02-07 00:15:00+00:00,{},False
BACKTESTER-001,MovingAverageCrossover-MA_CROSS,EUR/USD.IDEALPRO,IDEALPRO-1-034,IDEALPRO-001,IDEALPRO-1-37111,EUR/USD.IDEALPRO-MovingAverageCrossover-MA_CROSS,BUY,MARKET,99999.99,1.03877,USD,2.08 USD,TAKER,452a52ee-8622-4774-87f4-afe084475ea5,2025-02-07 00:15:00+00:00,2025-02-07 00:15:00+00:00,{},False
BACKTESTER-001,MovingAverageCrossover-MA_CROSS,EUR/USD.IDEALPRO,IDEALPRO-1-035,IDEALPRO-001,IDEALPRO-1-37157,EUR/USD.IDEALPRO-MovingAverageCrossover-MA_CROSS,SELL,STOP_MARKET,0.01,1.03776,USD,0.00 USD,TAKER,1006b274-9a58-4a31-961d-f0f06def21c1,2025-02-07 01:00:00+00:00,2025-02-07 01:00:00+00:00,{},False
BACKTESTER-001,MovingAverageCrossover-MA_CROSS,EUR/USD.IDEALPRO,IDEALPRO-1-035,IDEALPRO-001,IDEALPRO-1-37158,EUR/USD.IDEALPRO-MovingAverageCrossover-MA_CROSS,SELL,STOP_MARKET,99999.99,1.03775,USD,2.08 USD,TAKER,21babdab-8273-4c02-8e2b-bf4a8678d6a0,2025-02-07 01:00:00+00:00,2025-02-07 01:00:00+00:00,{},False
BACKTESTER-001,MovingAverageCrossover-MA_CROSS,EUR/USD.IDEALPRO,IDEALPRO-1-037,IDEALPRO-001,IDEALPRO-1-37429,EUR/USD.IDEALPRO-MovingAverageCrossover-MA_CROSS,SELL,MARKET,0.01,1.03786,USD,0.00 USD,TAKER,4eb24495-0fbd-4b71-bc92-c25509071937,2025-02-07 05:30:00+00:00,2025-02-07 05:30:00+00:00,{},False
BACKTESTER-001,MovingAverageCrossover-MA_CROSS,EUR/USD.IDEALPRO,IDEALPRO-1-037,IDEALPRO-001,IDEALPRO-1-37430,EUR/USD.IDEALPRO-MovingAverageCrossover-MA_CROSS,SELL,MARKET,99999.99,1.03785,USD,2.08 USD,TAKER,91e1044c-10a9-4102-93a4-cce2a1a24511,2025-02-07 05:30:00+00:00,2025-02-07 05:30:00+00:00,{},False
BACKTESTER-001,MovingAverageCrossover-MA_CROSS,EUR/USD.IDEALPRO,IDEALPRO-1-038,IDEALPRO-001,IDEALPRO-1-37576,EUR/USD.IDEALPRO-MovingAverageCrossover-MA_CROSS,BUY,STOP_MARKET,0.01,1.03886,USD,0.00 USD,TAKER,3c437cf9-5062-4bdc-9102-4e2a21c09310,2025-02-07 07:55:00+00:00,2025-02-07 07:55:00+00:00,{},False
BACKTESTER-001,MovingAverageCrossover-MA_CROSS,EUR/USD.IDEALPRO,IDEALPRO-1-038,IDEALPRO-001,IDEALPRO-1-37577,EUR/USD.IDEALPRO-MovingAverageCrossover-MA_CROSS,BUY,STOP_MARKET,99999.99,1.03887,USD,2.08 USD,TAKER,4e8c71ce-0f4b-4886-a41a-b365b0fd0b9c,2025-02-07 07:55:00+00:00,2025-02-07 07:55:00+00:00,{},False
BACKTESTER-001,MovingAverageCrossover-MA_CROSS,EUR/USD.IDEALPRO,IDEALPRO-1-040,IDEALPRO-001,IDEALPRO-1-41168,EUR/USD.IDEALPRO-MovingAverageCrossover-MA_CROSS,BUY,MARKET,0.01,1.03618,USD,0.00 USD,TAKER,7ec70310-de02-4b7c-87b1-9d7eb9438d95,2025-02-11 20:15:00+00:00,2025-02-11 20:15:00+00:00,{},False
BACKTESTER-001,MovingAverageCrossover-MA_CROSS,EUR/USD.IDEALPRO,IDEALPRO-1-040,IDEALPRO-001,IDEALPRO-1-41169,EUR/USD.IDEALPRO-MovingAverageCrossover-MA_CROSS,BUY,MARKET,99999.99,1.03619,USD,2.07 USD,TAKER,e7cb555e-ea71-4282-b054-51229fcb9102,2025-02-11 20:15:00+00:00,2025-02-11 20:15:00+00:00,{},False
BACKTESTER-001,MovingAverageCrossover-MA_CROSS,EUR/USD.IDEALPRO,IDEALPRO-1-041,IDEALPRO-001,IDEALPRO-1-42191,EUR/USD.IDEALPRO-MovingAverageCrossover-MA_CROSS,SELL,STOP_MARKET,0.01,1.03518,USD,0.00 USD,TAKER,e888bef5-5630-47d6-8f8e-1c3e3e163097,2025-02-12 13:31:00+00:00,2025-02-12 13:31:00+00:00,{},False
BACKTESTER-001,MovingAverageCrossover-MA_CROSS,EUR/USD.IDEALPRO,IDEALPRO-1-041,IDEALPRO-001,IDEALPRO-1-42192,EUR/USD.IDEALPRO-MovingAverageCrossover-MA_CROSS,SELL,STOP_MARKET,99999.99,1.03517,USD,2.07 USD,TAKER,2b2d6d17-b69e-423e-aa88-d6d974668e49,2025-02-12 13:31:00+00:00,2025-02-12 13:31:00+00:00,{},False
BACKTESTER-001,MovingAverageCrossover-MA_CROSS,EUR/USD.IDEALPRO,IDEALPRO-1-043,IDEALPRO-001,IDEALPRO-1-47577,EUR/USD.IDEALPRO-MovingAverageCrossover-MA_CROSS,SELL,MARKET,0.01,1.04569,USD,0.00 USD,TAKER,b58c89a7-cc07-4824-937a-437451594cb1,2025-02-18 08:15:00+00:00,2025-02-18 08:15:00+00:00,{},False
BACKTESTER-001,MovingAverageCrossover-MA_CROSS,EUR/USD.IDEALPRO,IDEALPRO-1-043,IDEALPRO-001,IDEALPRO-1-47578,EUR/USD.IDEALPRO-MovingAverageCrossover-MA_CROSS,SELL,MARKET,99999.99,1.04568,USD,2.09 USD,TAKER,81075f29-5d85-49c5-addc-0734382093a8,2025-02-18 08:15:00+00:00,2025-02-18 08:15:00+00:00,{},False
BACKTESTER-001,MovingAverageCrossover-MA_CROSS,EUR/USD.IDEALPRO,IDEALPRO-1-044,IDEALPRO-001,IDEALPRO-1-47589,EUR/USD.IDEALPRO-MovingAverageCrossover-MA_CROSS,BUY,STOP_MARKET,0.01,1.04669,USD,0.00 USD,TAKER,a6391011-6d8d-4b86-af98-a194ddca6ab0,2025-02-18 08:25:00+00:00,2025-02-18 08:25:00+00:00,{},False
BACKTESTER-001,MovingAverageCrossover-MA_CROSS,EUR/USD.IDEALPRO,IDEALPRO-1-044,IDEALPRO-001,IDEALPRO-1-47590,EUR/USD.IDEALPRO-MovingAverageCrossover-MA_CROSS,BUY,STOP_MARKET,99999.99,1.04670,USD,2.09 USD,TAKER,e762deaf-592d-4011-91c4-360fd0a98bcc,2025-02-18 08:25:00+00:00,2025-02-18 08:25:00+00:00,{},False
BACKTESTER-001,MovingAverageCrossover-MA_CROSS,EUR/USD.IDEALPRO,IDEALPRO-1-046,IDEALPRO-001,IDEALPRO-1-50971,EUR/USD.IDEALPRO-MovingAverageCrossover-MA_CROSS,BUY,MARKET,0.01,1.04842,USD,0.00 USD,TAKER,89b3871d-ba3d-4cf7-bf0e-a59a1a3b63a2,2025-02-20 17:15:00+00:00,2025-02-20 17:15:00+00:00,{},False
BACKTESTER-001,MovingAverageCrossover-MA_CROSS,EUR/USD.IDEALPRO,IDEALPRO-1-046,IDEALPRO-001,IDEALPRO-1-50972,EUR/USD.IDEALPRO-MovingAverageCrossover-MA_CROSS,BUY,MARKET,99999.99,1.04843,USD,2.10 USD,TAKER,d3f809a6-fdae-4658-b54d-99545c1e3804,2025-02-20 17:15:00+00:00,2025-02-20 17:15:00+00:00,{},False
BACKTESTER-001,MovingAverageCrossover-MA_CROSS,EUR/USD.IDEALPRO,IDEALPRO-1-047,IDEALPRO-001,IDEALPRO-1-51859,EUR/USD.IDEALPRO-MovingAverageCrossover-MA_CROSS,SELL,STOP_MARKET,0.01,1.04742,USD,0.00 USD,TAKER,782a9a36-e8c3-4609-80fe-e29f9cf92cb6,2025-02-21 08:16:00+00:00,2025-02-21 08:16:00+00:00,{},False
BACKTESTER-001,MovingAverageCrossover-MA_CROSS,EUR/USD.IDEALPRO,IDEALPRO-1-047,IDEALPRO-001,IDEALPRO-1-51860,EUR/USD.IDEALPRO-MovingAverageCrossover-MA_CROSS,SELL,STOP_MARKET,99999.99,1.04741,USD,2.09 USD,TAKER,53014fa8-10f7-4b83-9a46-0063c76deb69,2025-02-21 08:16:00+00:00,2025-02-21 08:16:00+00:00,{},False
BACKTESTER-001,MovingAverageCrossover-MA_CROSS,EUR/USD.IDEALPRO,IDEALPRO-1-049,IDEALPRO-001,IDEALPRO-1-53975,EUR/USD.IDEALPRO-MovingAverageCrossover-MA_CROSS,SELL,MARKET,0.01,1.04747,USD,0.00 USD,TAKER,d5019f88-e760-4f2d-a0ca-9d550e2d67f6,2025-02-24 19:45:00+00:00,2025-02-24 19:45:00+00:00,{},False
BACKTESTER-001,MovingAverageCrossover-MA_CROSS,EUR/USD.IDEALPRO,IDEALPRO-1-049,IDEALPRO-001,IDEALPRO-1-53976,EUR/USD.IDEALPRO-MovingAverageCrossover-MA_CROSS,SELL,MARKET,99999.99,1.04746,USD,2.09 USD,TAKER,553c6b6a-be8b-4df7-94eb-1c18c35d3315,2025-02-24 19:45:00+00:00,2025-02-24 19:45:00+00:00,{},False
BACKTESTER-001,MovingAverageCrossover-MA_CROSS,EUR/USD.IDEALPRO,IDEALPRO-1-050,IDEALPRO-001,IDEALPRO-1-54913,EUR/USD.IDEALPRO-MovingAverageCrossover-MA_CROSS,BUY,STOP_MARKET,0.01,1.04847,USD,0.00 USD,TAKER,3462d870-056d-44d9-9e1b-63d165ab01c7,2025-02-25 11:36:00+00:00,2025-02-25 11:36:00+00:00,{},False
BACKTESTER-001,MovingAverageCrossover-MA_CROSS,EUR/USD.IDEALPRO,IDEALPRO-1-050,IDEALPRO-001,IDEALPRO-1-54914,EUR/USD.IDEALPRO-MovingAverageCrossover-MA_CROSS,BUY,STOP_MARKET,99999.99,1.04848,USD,2.10 USD,TAKER,96a73fc1-4f87-4114-ba6b-bd1a8636114b,2025-02-25 11:36:00+00:00,2025-02-25 11:36:00+00:00,{},False
BACKTESTER-001,MovingAverageCrossover-MA_CROSS,EUR/USD.IDEALPRO,IDEALPRO-1-052,IDEALPRO-001,IDEALPRO-1-55134,EUR/USD.IDEALPRO-MovingAverageCrossover-MA_CROSS,BUY,MARKET,0.01,1.05131,USD,0.00 USD,TAKER,3171c13d-df55-4315-bda6-bef69b99ade9,2025-02-25 15:15:00+00:00,2025-02-25 15:15:00+00:00,{},False
BACKTESTER-001,MovingAverageCrossover-MA_CROSS,EUR/USD.IDEALPRO,IDEALPRO-1-052,IDEALPRO-001,IDEALPRO-1-55135,EUR/USD.IDEALPRO-MovingAverageCrossover-MA_CROSS,BUY,MARKET,99999.99,1.05132,USD,2.10 USD,TAKER,a8308a78-b5fe-4205-9eb6-55c080fc2ba8,2025-02-25 15:15:00+00:00,2025-02-25 15:15:00+00:00,{},False
BACKTESTER-001,MovingAverageCrossover-MA_CROSS,EUR/USD.IDEALPRO,IDEALPRO-1-053,IDEALPRO-001,IDEALPRO-1-55169,EUR/USD.IDEALPRO-MovingAverageCrossover-MA_CROSS,SELL,STOP_MARKET,0.01,1.05031,USD,0.00 USD,TAKER,c945d264-6bee-4d4a-9133-9d063b52d19b,2025-02-25 15:48:00+00:00,2025-02-25 15:48:00+00:00,{},False
BACKTESTER-001,MovingAverageCrossover-MA_CROSS,EUR/USD.IDEALPRO,IDEALPRO-1-053,IDEALPRO-001,IDEALPRO-1-55170,EUR/USD.IDEALPRO-MovingAverageCrossover-MA_CROSS,SELL,STOP_MARKET,99999.99,1.05030,USD,2.10 USD,TAKER,b57445eb-7582-48de-83e9-3790bf077f06,2025-02-25 15:48:00+00:00,2025-02-25 15:48:00+00:00,{},False
BACKTESTER-001,MovingAverageCrossover-MA_CROSS,EUR/USD.IDEALPRO,IDEALPRO-1-055,IDEALPRO-001,IDEALPRO-1-57298,EUR/USD.IDEALPRO-MovingAverageCrossover-MA_CROSS,SELL,MARKET,0.01,1.04722,USD,0.00 USD,TAKER,3f93c483-1025-4ad6-8c8a-28a08a5d3a30,2025-02-27 03:45:00+00:00,2025-02-27 03:45:00+00:00,{},False
BACKTESTER-001,MovingAverageCrossover-MA_CROSS,EUR/USD.IDEALPRO,IDEALPRO-1-055,IDEALPRO-001,IDEALPRO-1-57299,EUR/USD.IDEALPRO-MovingAverageCrossover-MA_CROSS,SELL,MARKET,99999.99,1.04721,USD,2.09 USD,TAKER,ae363922-5d2c-4727-b3d3-9bd371c505e0,2025-02-27 03:45:00+00:00,2025-02-27 03:45:00+00:00,{},False
BACKTESTER-001,MovingAverageCrossover-MA_CROSS,EUR/USD.IDEALPRO,IDEALPRO-1-056,IDEALPRO-001,IDEALPRO-1-57630,EUR/USD.IDEALPRO-MovingAverageCrossover-MA_CROSS,BUY,STOP_MARKET,0.01,1.04822,USD,0.00 USD,TAKER,fc974a18-f506-4cb1-a29a-1dc9b58d9a7d,2025-02-27 09:15:00+00:00,2025-02-27 09:15:00+00:00,{},False
BACKTESTER-001,MovingAverageCrossover-MA_CROSS,EUR/USD.IDEALPRO,IDEALPRO-1-056,IDEALPRO-001,IDEALPRO-1-57631,EUR/USD.IDEALPRO-MovingAverageCrossover-MA_CROSS,BUY,STOP_MARKET,99999.99,1.04823,USD,2.10 USD,TAKER,f97c6597-7d2e-4911-81fb-30642a9f39a4,2025-02-27 09:15:00+00:00,2025-02-27 09:15:00+00:00,{},False
BACKTESTER-001,MovingAverageCrossover-MA_CROSS,EUR/USD.IDEALPRO,IDEALPRO-1-058,IDEALPRO-001,IDEALPRO-1-60797,EUR/USD.IDEALPRO-MovingAverageCrossover-MA_CROSS,BUY,MARKET,0.01,1.04846,USD,0.00 USD,TAKER,ab6c92dc-8a80-47f1-9b0a-c42208ce01d5,2025-03-03 14:30:00+00:00,2025-03-03 14:30:00+00:00,{},False
BACKTESTER-001,MovingAverageCrossover-MA_CROSS,EUR/USD.IDEALPRO,IDEALPRO-1-058,IDEALPRO-001,IDEALPRO-1-60798,EUR/USD.IDEALPRO-MovingAverageCrossover-MA_CROSS,BUY,MARKET,99999.99,1.04847,USD,2.10 USD,TAKER,5e11fa95-e5e7-4dd2-a9b8-e34fce13e2f5,2025-03-03 14:30:00+00:00,2025-03-03 14:30:00+00:00,{},False
BACKTESTER-001,MovingAverageCrossover-MA_CROSS,EUR/USD.IDEALPRO,IDEALPRO-1-059,IDEALPRO-001,IDEALPRO-1-61124,EUR/USD.IDEALPRO-MovingAverageCrossover-MA_CROSS,SELL,STOP_MARKET,0.01,1.04746,USD,0.00 USD,TAKER,671434c4-f3d1-40f5-9c05-eb491a391cf1,2025-03-03 19:55:00+00:00,2025-03-03 19:55:00+00:00,{},False
BACKTESTER-001,MovingAverageCrossover-MA_CROSS,EUR/USD.IDEALPRO,IDEALPRO-1-059,IDEALPRO-001,IDEALPRO-1-61125,EUR/USD.IDEALPRO-MovingAverageCrossover-MA_CROSS,SELL,STOP_MARKET,99999.99,1.04745,USD,2.09 USD,TAKER,73a09abe-ad07-4cf2-8779-176b960274d5,2025-03-03 19:55:00+00:00,2025-03-03 19:55:00+00:00,{},False
BACKTESTER-001,MovingAverageCrossover-MA_CROSS,EUR/USD.IDEALPRO,IDEALPRO-1-061,IDEALPRO-001,IDEALPRO-1-71931,EUR/USD.IDEALPRO-MovingAverageCrossover-MA_CROSS,SELL,MARKET,0.01,1.08734,USD,0.00 USD,TAKER,17358533-8975-456c-ad31-1158530b27bc,2025-03-13 09:00:00+00:00,2025-03-13 09:00:00+00:00,{},False
BACKTESTER-001,MovingAverageCrossover-MA_CROSS,EUR/USD.IDEALPRO,IDEALPRO-1-061,IDEALPRO-001,IDEALPRO-1-71932,EUR/USD.IDEALPRO-MovingAverageCrossover-MA_CROSS,SELL,MARKET,99999.99,1.08733,USD,2.17 USD,TAKER,64d88f78-b987-4197-a207-d460b8301e9f,2025-03-13 09:00:00+00:00,2025-03-13 09:00:00+00:00,{},False
BACKTESTER-001,MovingAverageCrossover-MA_CROSS,EUR/USD.IDEALPRO,IDEALPRO-1-062,IDEALPRO-001,IDEALPRO-1-71956,EUR/USD.IDEALPRO-MovingAverageCrossover-MA_CROSS,BUY,STOP_MARKET,0.01,1.08834,USD,0.00 USD,TAKER,ed550ecb-a878-429a-a1d5-3f8b4a63f2f9,2025-03-13 09:23:00+00:00,2025-03-13 09:23:00+00:00,{},False
BACKTESTER-001,MovingAverageCrossover-MA_CROSS,EUR/USD.IDEALPRO,IDEALPRO-1-062,IDEALPRO-001,IDEALPRO-1-71957,EUR/USD.IDEALPRO-MovingAverageCrossover-MA_CROSS,BUY,STOP_MARKET,99999.99,1.08835,USD,2.18 USD,TAKER,397fe876-b4b5-4bf4-9a60-38f32c8f8f68,2025-03-13 09:23:00+00:00,2025-03-13 09:23:00+00:00,{},False
BACKTESTER-001,MovingAverageCrossover-MA_CROSS,EUR/USD.IDEALPRO,IDEALPRO-1-064,IDEALPRO-001,IDEALPRO-1-73960,EUR/USD.IDEALPRO-MovingAverageCrossover-MA_CROSS,BUY,MARKET,0.01,1.08802,USD,0.00 USD,TAKER,176a1b8e-f02a-43da-8431-ea3e2fbec1ba,2025-03-14 19:00:00+00:00,2025-03-14 19:00:00+00:00,{},False
BACKTESTER-001,MovingAverageCrossover-MA_CROSS,EUR/USD.IDEALPRO,IDEALPRO-1-064,IDEALPRO-001,IDEALPRO-1-73961,EUR/USD.IDEALPRO-MovingAverageCrossover-MA_CROSS,BUY,MARKET,99999.99,1.08803,USD,2.18 USD,TAKER,9022b70a-6e4b-42b2-a0f1-6436e7fbb215,2025-03-14 19:00:00+00:00,2025-03-14 19:00:00+00:00,{},False
BACKTESTER-001,MovingAverageCrossover-MA_CROSS,EUR/USD.IDEALPRO,IDEALPRO-1-065,IDEALPRO-001,IDEALPRO-1-74701,EUR/USD.IDEALPRO-MovingAverageCrossover-MA_CROSS,SELL,STOP_MARKET,0.01,1.08702,USD,0.00 USD,TAKER,6dcfa568-25ef-436b-b723-5e05e754632b,2025-03-17 07:34:00+00:00,2025-03-17 07:34:00+00:00,{},False
BACKTESTER-001,MovingAverageCrossover-MA_CROSS,EUR/USD.IDEALPRO,IDEALPRO-1-065,IDEALPRO-001,IDEALPRO-1-74702,EUR/USD.IDEALPRO-MovingAverageCrossover-MA_CROSS,SELL,STOP_MARKET,99999.99,1.08701,USD,2.17 USD,TAKER,22868782-ec45-4515-b8bd-8c30c90f62fd,2025-03-17 07:34:00+00:00,2025-03-17 07:34:00+00:00,{},False
BACKTESTER-001,MovingAverageCrossover-MA_CROSS,EUR/USD.IDEALPRO,IDEALPRO-1-067,IDEALPRO-001,IDEALPRO-1-77939,EUR/USD.IDEALPRO-MovingAverageCrossover-MA_CROSS,SELL,MARKET,0.01,1.08945,USD,0.00 USD,TAKER,c63eef83-cd35-498b-9f02-d63b32ccd8dd,2025-03-19 14:00:00+00:00,2025-03-19 14:00:00+00:00,{},False
BACKTESTER-001,MovingAverageCrossover-MA_CROSS,EUR/USD.IDEALPRO,IDEALPRO-1-067,IDEALPRO-001,IDEALPRO-1-77940,EUR/USD.IDEALPRO-MovingAverageCrossover-MA_CROSS,SELL,MARKET,99999.99,1.08944,USD,2.18 USD,TAKER,472fd36c-11ab-432f-a506-998124fa2a89,2025-03-19 14:00:00+00:00,2025-03-19 14:00:00+00:00,{},False
BACKTESTER-001,MovingAverageCrossover-MA_CROSS,EUR/USD.IDEALPRO,IDEALPRO-1-068,IDEALPRO-001,IDEALPRO-1-78223,EUR/USD.IDEALPRO-MovingAverageCrossover-MA_CROSS,BUY,STOP_MARKET,0.01,1.09045,USD,0.00 USD,TAKER,d152fb8d-828a-454d-abb2-89787c707e55,2025-03-19 18:42:00+00:00,2025-03-19 18:42:00+00:00,{},False
BACKTESTER-001,MovingAverageCrossover-MA_CROSS,EUR/USD.IDEALPRO,IDEALPRO-1-068,IDEALPRO-001,IDEALPRO-1-78224,EUR/USD.IDEALPRO-MovingAverageCrossover-MA_CROSS,BUY,STOP_MARKET,99999.99,1.09046,USD,2.18 USD,TAKER,d3c70004-0873-4890-8337-7214e7d2c3bf,2025-03-19 18:42:00+00:00,2025-03-19 18:42:00+00:00,{},False
BACKTESTER-001,MovingAverageCrossover-MA_CROSS,EUR/USD.IDEALPRO,IDEALPRO-1-070,IDEALPRO-001,IDEALPRO-1-86838,EUR/USD.IDEALPRO-MovingAverageCrossover-MA_CROSS,BUY,MARKET,0.01,1.07987,USD,0.00 USD,TAKER,a85e84c7-f071-41c1-889a-21f3c29be347,2025-03-27 19:45:00+00:00,2025-03-27 19:45:00+00:00,{},False
BACKTESTER-001,MovingAverageCrossover-MA_CROSS,EUR/USD.IDEALPRO,IDEALPRO-1-070,IDEALPRO-001,IDEALPRO-1-86839,EUR/USD.IDEALPRO-MovingAverageCrossover-MA_CROSS,BUY,MARKET,99999.99,1.07988,USD,2.16 USD,TAKER,fd42a297-d381-4731-9355-5bc86ccfd8a8,2025-03-27 19:45:00+00:00,2025-03-27 19:45:00+00:00,{},False
BACKTESTER-001,MovingAverageCrossover-MA_CROSS,EUR/USD.IDEALPRO,IDEALPRO-1-071,IDEALPRO-001,IDEALPRO-1-87122,EUR/USD.IDEALPRO-MovingAverageCrossover-MA_CROSS,SELL,STOP_MARKET,0.01,1.07887,USD,0.00 USD,TAKER,dc3f1b7d-769a-49c0-b253-f8a64aa1f083,2025-03-28 00:42:00+00:00,2025-03-28 00:42:00+00:00,{},False
BACKTESTER-001,MovingAverageCrossover-MA_CROSS,EUR/USD.IDEALPRO,IDEALPRO-1-071,IDEALPRO-001,IDEALPRO-1-87123,EUR/USD.IDEALPRO-MovingAverageCrossover-MA_CROSS,SELL,STOP_MARKET,99999.99,1.07886,USD,2.16 USD,TAKER,7226adcb-a3c4-402e-af25-7042e84c55ad,2025-03-28 00:42:00+00:00,2025-03-28 00:42:00+00:00,{},False
BACKTESTER-001,MovingAverageCrossover-MA_CROSS,EUR/USD.IDEALPRO,IDEALPRO-1-073,IDEALPRO-001,IDEALPRO-1-90712,EUR/USD.IDEALPRO-MovingAverageCrossover-MA_CROSS,SELL,MARKET,0.01,1.07872,USD,0.00 USD,TAKER,6c067769-2bf1-4f00-bebf-67b6b7bb2425,2025-04-01 13:00:00+00:00,2025-04-01 13:00:00+00:00,{},False
BACKTESTER-001,MovingAverageCrossover-MA_CROSS,EUR/USD.IDEALPRO,IDEALPRO-1-073,IDEALPRO-001,IDEALPRO-1-90713,EUR/USD.IDEALPRO-MovingAverageCrossover-MA_CROSS,SELL,MARKET,99999.99,1.07871,USD,2.16 USD,TAKER,cfddedce-570f-4be2-96c9-dd384972d5f4,2025-04-01 13:00:00+00:00,2025-04-01 13:00:00+00:00,{},False
BACKTESTER-001,MovingAverageCrossover-MA_CROSS,EUR/USD.IDEALPRO,IDEALPRO-1-074,IDEALPRO-001,IDEALPRO-1-90776,EUR/USD.IDEALPRO-MovingAverageCrossover-MA_CROSS,BUY,STOP_MARKET,0.01,1.07972,USD,0.00 USD,TAKER,e73ac7ca-991b-4a49-92bf-e559d5514c29,2025-04-01 14:02:00+00:00,2025-04-01 14:02:00+00:00,{},False
BACKTESTER-001,MovingAverageCrossover-MA_CROSS,EUR/USD.IDEALPRO,IDEALPRO-1-074,IDEALPRO-001,IDEALPRO-1-90777,EUR/USD.IDEALPRO-MovingAverageCrossover-MA_CROSS,BUY,STOP_MARKET,99999.99,1.07973,USD,2.16 USD,TAKER,a8137e39-38bb-47e5-8997-1e763928d7b8,2025-04-01 14:02:00+00:00,2025-04-01 14:02:00+00:00,{},False
BACKTESTER-001,MovingAverageCrossover-MA_CROSS,EUR/USD.IDEALPRO,IDEALPRO-1-076,IDEALPRO-001,IDEALPRO-1-92396,EUR/USD.IDEALPRO-MovingAverageCrossover-MA_CROSS,BUY,MARKET,0.01,1.08543,USD,0.00 USD,TAKER,e0415370-0f4c-46b8-9512-e080c2c1d459,2025-04-02 17:15:00+00:00,2025-04-02 17:15:00+00:00,{},False
BACKTESTER-001,MovingAverageCrossover-MA_CROSS,EUR/USD.IDEALPRO,IDEALPRO-1-076,IDEALPRO-001,IDEALPRO-1-92397,EUR/USD.IDEALPRO-MovingAverageCrossover-MA_CROSS,BUY,MARKET,99999.99,1.08544,USD,2.17 USD,TAKER,794b2164-8aa3-4c24-b513-b3b369f44505,2025-04-02 17:15:00+00:00,2025-04-02 17:15:00+00:00,{},False
BACKTESTER-001,MovingAverageCrossover-MA_CROSS,EUR/USD.IDEALPRO,IDEALPRO-1-077,IDEALPRO-001,IDEALPRO-1-92573,EUR/USD.IDEALPRO-MovingAverageCrossover-MA_CROSS,SELL,STOP_MARKET,0.01,1.08443,USD,0.00 USD,TAKER,9dc0b29c-523f-447a-baf3-4fdf1643c515,2025-04-02 20:10:00+00:00,2025-04-02 20:10:00+00:00,{},False
BACKTESTER-001,MovingAverageCrossover-MA_CROSS,EUR/USD.IDEALPRO,IDEALPRO-1-077,IDEALPRO-001,IDEALPRO-1-92574,EUR/USD.IDEALPRO-MovingAverageCrossover-MA_CROSS,SELL,STOP_MARKET,99999.99,1.08442,USD,2.17 USD,TAKER,ddc6fd33-4cc5-4db3-a0ae-171e178250d7,2025-04-02 20:10:00+00:00,2025-04-02 20:10:00+00:00,{},False
BACKTESTER-001,MovingAverageCrossover-MA_CROSS,EUR/USD.IDEALPRO,IDEALPRO-1-079,IDEALPRO-001,IDEALPRO-1-95775,EUR/USD.IDEALPRO-MovingAverageCrossover-MA_CROSS,SELL,MARKET,0.01,1.09550,USD,0.00 USD,TAKER,21a5d71b-ac54-4007-9e45-35d7fedffc56,2025-04-07 02:15:00+00:00,2025-04-07 02:15:00+00:00,{},False
BACKTESTER-001,MovingAverageCrossover-MA_CROSS,EUR/USD.IDEALPRO,IDEALPRO-1-079,IDEALPRO-001,IDEALPRO-1-95776,EUR/USD.IDEALPRO-MovingAverageCrossover-MA_CROSS,SELL,MARKET,99999.99,1.09549,USD,2.19 USD,TAKER,8859ea0b-41d4-4aaf-b8a3-cda036a36a90,2025-04-07 02:15:00+00:00,2025-04-07 02:15:00+00:00,{},False
BACKTESTER-001,MovingAverageCrossover-MA_CROSS,EUR/USD.IDEALPRO,IDEALPRO-1-080,IDEALPRO-001,IDEALPRO-1-95900,EUR/USD.IDEALPRO-MovingAverageCrossover-MA_CROSS,BUY,STOP_MARKET,0.01,1.09650,USD,0.00 USD,TAKER,ff4e64f7-ff75-40d1-9186-293e12a26e86,2025-04-07 04:18:00+00:00,2025-04-07 04:18:00+00:00,{},False
BACKTESTER-001,MovingAverageCrossover-MA_CROSS,EUR/USD.IDEALPRO,IDEALPRO-1-080,IDEALPRO-001,IDEALPRO-1-95901,EUR/USD.IDEALPRO-MovingAverageCrossover-MA_CROSS,BUY,STOP_MARKET,99999.99,1.09651,USD,2.19 USD,TAKER,141398d0-266d-477c-84ca-44131147cd0a,2025-04-07 04:18:00+00:00,2025-04-07 04:18:00+00:00,{},False
BACKTESTER-001,MovingAverageCrossover-MA_CROSS,EUR/USD.IDEALPRO,IDEALPRO-1-082,IDEALPRO-001,IDEALPRO-1-98644,EUR/USD.IDEALPRO-MovingAverageCrossover-MA_CROSS,BUY,MARKET,0.01,1.10235,USD,0.00 USD,TAKER,d75ef990-9b7e-47ce-a694-3475e83919bd,2025-04-09 02:30:00+00:00,2025-04-09 02:30:00+00:00,{},False
BACKTESTER-001,MovingAverageCrossover-MA_CROSS,EUR/USD.IDEALPRO,IDEALPRO-1-082,IDEALPRO-001,IDEALPRO-1-98645,EUR/USD.IDEALPRO-MovingAverageCrossover-MA_CROSS,BUY,MARKET,99999.99,1.10236,USD,2.20 USD,TAKER,48b0e300-80fd-4887-93f5-029f8d134432,2025-04-09 02:30:00+00:00,2025-04-09 02:30:00+00:00,{},False
BACKTESTER-001,MovingAverageCrossover-MA_CROSS,EUR/USD.IDEALPRO,IDEALPRO-1-083,IDEALPRO-001,IDEALPRO-1-98657,EUR/USD.IDEALPRO-MovingAverageCrossover-MA_CROSS,SELL,STOP_MARKET,0.01,1.10135,USD,0.00 USD,TAKER,a8289eec-bbf1-4ee9-87eb-81119ebc193d,2025-04-09 02:41:00+00:00,2025-04-09 02:41:00+00:00,{},False
BACKTESTER-001,MovingAverageCrossover-MA_CROSS,EUR/USD.IDEALPRO,IDEALPRO-1-083,IDEALPRO-001,IDEALPRO-1-98658,EUR/USD.IDEALPRO-MovingAverageCrossover-MA_CROSS,SELL,STOP_MARKET,99999.99,1.10134,USD,2.20 USD,TAKER,2eeb6f88-59c8-4833-a480-8338257c7d2f,2025-04-09 02:41:00+00:00,2025-04-09 02:41:00+00:00,{},False
BACKTESTER-001,MovingAverageCrossover-MA_CROSS,EUR/USD.IDEALPRO,IDEALPRO-1-085,IDEALPRO-001,IDEALPRO-1-100058,EUR/USD.IDEALPRO-MovingAverageCrossover-MA_CROSS,SELL,MARKET,0.01,1.09629,USD,0.00 USD,TAKER,3956a0ef-103f-4c49-a294-e4a4d9152677,2025-04-10 02:15:00+00:00,2025-04-10 02:15:00+00:00,{},False
BACKTESTER-001,MovingAverageCrossover-MA_CROSS,EUR/USD.IDEALPRO,IDEALPRO-1-085,IDEALPRO-001,IDEALPRO-1-100059,EUR/USD.IDEALPRO-MovingAverageCrossover-MA_CROSS,SELL,MARKET,99999.99,1.09628,USD,2.19 USD,TAKER,945af291-8b1e-474a-992c-88c15f37d9f3,2025-04-10 02:15:00+00:00,2025-04-10 02:15:00+00:00,{},False
BACKTESTER-001,MovingAverageCrossover-MA_CROSS,EUR/USD.IDEALPRO,IDEALPRO-1-086,IDEALPRO-001,IDEALPRO-1-100104,EUR/USD.IDEALPRO-MovingAverageCrossover-MA_CROSS,BUY,STOP_MARKET,0.01,1.09729,USD,0.00 USD,TAKER,fd1f320c-847f-44e3-ac73-0f8cc686f43d,2025-04-10 02:59:00+00:00,2025-04-10 02:59:00+00:00,{},False
BACKTESTER-001,MovingAverageCrossover-MA_CROSS,EUR/USD.IDEALPRO,IDEALPRO-1-086,IDEALPRO-001,IDEALPRO-1-100105,EUR/USD.IDEALPRO-MovingAverageCrossover-MA_CROSS,BUY,STOP_MARKET,99999.99,1.09730,USD,2.19 USD,TAKER,34422db5-c7da-4f8d-84c3-81956b0fcc98,2025-04-10 02:59:00+00:00,2025-04-10 02:59:00+00:00,{},False
BACKTESTER-001,MovingAverageCrossover-MA_CROSS,EUR/USD.IDEALPRO,IDEALPRO-1-088,IDEALPRO-001,IDEALPRO-1-100407,EUR/USD.IDEALPRO-MovingAverageCrossover-MA_CROSS,BUY,MARKET,0.01,1.10265,USD,0.00 USD,TAKER,bdfc0aac-a006-4a90-bf1f-e77af0857e5e,2025-04-10 08:00:00+00:00,2025-04-10 08:00:00+00:00,{},False
BACKTESTER-001,MovingAverageCrossover-MA_CROSS,EUR/USD.IDEALPRO,IDEALPRO-1-088,IDEALPRO-001,IDEALPRO-1-100408,EUR/USD.IDEALPRO-MovingAverageCrossover-MA_CROSS,BUY,MARKET,99999.99,1.10266,USD,2.21 USD,TAKER,e81f3444-ba11-418c-9818-68e5b095204b,2025-04-10 08:00:00+00:00,2025-04-10 08:00:00+00:00,{},False
BACKTESTER-001,MovingAverageCrossover-MA_CROSS,EUR/USD.IDEALPRO,IDEALPRO-1-089,IDEALPRO-001,IDEALPRO-1-100423,EUR/USD.IDEALPRO-MovingAverageCrossover-MA_CROSS,SELL,STOP_MARKET,0.01,1.10165,USD,0.00 USD,TAKER,8a588d8d-96bf-4eaa-bc8e-026a20c60392,2025-04-10 08:14:00+00:00,2025-04-10 08:14:00+00:00,{},False
BACKTESTER-001,MovingAverageCrossover-MA_CROSS,EUR/USD.IDEALPRO,IDEALPRO-1-089,IDEALPRO-001,IDEALPRO-1-100424,EUR/USD.IDEALPRO-MovingAverageCrossover-MA_CROSS,SELL,STOP_MARKET,99999.99,1.10164,USD,2.20 USD,TAKER,ccc5a30b-5688-4cd2-9841-5a0da90d4b39,2025-04-10 08:14:00+00:00,2025-04-10 08:14:00+00:00,{},False
BACKTESTER-001,MovingAverageCrossover-MA_CROSS,EUR/USD.IDEALPRO,IDEALPRO-1-091,IDEALPRO-001,IDEALPRO-1-105121,EUR/USD.IDEALPRO-MovingAverageCrossover-MA_CROSS,SELL,MARKET,0.01,1.13167,USD,0.00 USD,TAKER,fa51060b-29e4-4394-8d5b-b0b84160068d,2025-04-15 15:15:00+00:00,2025-04-15 15:15:00+00:00,{},False
BACKTESTER-001,MovingAverageCrossover-MA_CROSS,EUR/USD.IDEALPRO,IDEALPRO-1-091,IDEALPRO-001,IDEALPRO-1-105122,EUR/USD.IDEALPRO-MovingAverageCrossover-MA_CROSS,SELL,MARKET,99999.99,1.13166,USD,2.26 USD,TAKER,f921854c-b5d1-44bf-b507-1734ca57dda4,2025-04-15 15:15:00+00:00,2025-04-15 15:15:00+00:00,{},False
BACKTESTER-001,MovingAverageCrossover-MA_CROSS,EUR/USD.IDEALPRO,IDEALPRO-1-093,IDEALPRO-001,IDEALPRO-1-105209,EUR/USD.IDEALPRO-MovingAverageCrossover-MA_CROSS,BUY,LIMIT,0.01,1.12667,USD,0.00 USD,MAKER,44fc021e-6f59-492f-8162-9d5e2a3dac64,2025-04-15 16:41:00+00:00,2025-04-15 16:41:00+00:00,{},False
BACKTESTER-001,MovingAverageCrossover-MA_CROSS,EUR/USD.IDEALPRO,IDEALPRO-1-093,IDEALPRO-001,IDEALPRO-1-105210,EUR/USD.IDEALPRO-MovingAverageCrossover-MA_CROSS,BUY,LIMIT,99999.99,1.12667,USD,2.25 USD,MAKER,17229e33-145d-4e7b-b28e-d360e8bf1885,2025-04-15 16:41:00+00:00,2025-04-15 16:41:00+00:00,{},False
BACKTESTER-001,MovingAverageCrossover-MA_CROSS,EUR/USD.IDEALPRO,IDEALPRO-1-094,IDEALPRO-001,IDEALPRO-1-106205,EUR/USD.IDEALPRO-MovingAverageCrossover-MA_CROSS,BUY,MARKET,0.01,1.13671,USD,0.00 USD,TAKER,5d73a562-923a-4de7-8599-58c22102beac,2025-04-16 09:30:00+00:00,2025-04-16 09:30:00+00:00,{},False
BACKTESTER-001,MovingAverageCrossover-MA_CROSS,EUR/USD.IDEALPRO,IDEALPRO-1-094,IDEALPRO-001,IDEALPRO-1-106206,EUR/USD.IDEALPRO-MovingAverageCrossover-MA_CROSS,BUY,MARKET,99999.99,1.13672,USD,2.27 USD,TAKER,00fd37da-1091-4e22-8013-04078a1c4e6e,2025-04-16 09:30:00+00:00,2025-04-16 09:30:00+00:00,{},False
BACKTESTER-001,MovingAverageCrossover-MA_CROSS,EUR/USD.IDEALPRO,IDEALPRO-1-095,IDEALPRO-001,IDEALPRO-1-106220,EUR/USD.IDEALPRO-MovingAverageCrossover-MA_CROSS,SELL,STOP_MARKET,0.01,1.13571,USD,0.00 USD,TAKER,1507086d-efa2-4aa5-b0de-0535ff3a815b,2025-04-16 09:43:00+00:00,2025-04-16 09:43:00+00:00,{},False
BACKTESTER-001,MovingAverageCrossover-MA_CROSS,EUR/USD.IDEALPRO,IDEALPRO-1-095,IDEALPRO-001,IDEALPRO-1-106221,EUR/USD.IDEALPRO-MovingAverageCrossover-MA_CROSS,SELL,STOP_MARKET,99999.99,1.13570,USD,2.27 USD,TAKER,babe050e-56a4-4dab-8bd1-1db668334d86,2025-04-16 09:43:00+00:00,2025-04-16 09:43:00+00:00,{},False
BACKTESTER-001,MovingAverageCrossover-MA_CROSS,EUR/USD.IDEALPRO,IDEALPRO-1-097,IDEALPRO-001,IDEALPRO-1-112419,EUR/USD.IDEALPRO-MovingAverageCrossover-MA_CROSS,SELL,MARKET,0.01,1.14184,USD,0.00 USD,TAKER,ade0515a-ce2f-43cf-92ff-44541f9f55ee,2025-04-22 20:45:00+00:00,2025-04-22 20:45:00+00:00,{},False
BACKTESTER-001,MovingAverageCrossover-MA_CROSS,EUR/USD.IDEALPRO,IDEALPRO-1-097,IDEALPRO-001,IDEALPRO-1-112420,EUR/USD.IDEALPRO-MovingAverageCrossover-MA_CROSS,SELL,MARKET,99999.99,1.14183,USD,2.28 USD,TAKER,7092093b-a3fb-4a5b-b9c0-b483bf4866f4,2025-04-22 20:45:00+00:00,2025-04-22 20:45:00+00:00,{},False
BACKTESTER-001,MovingAverageCrossover-MA_CROSS,EUR/USD.IDEALPRO,IDEALPRO-1-098,IDEALPRO-001,IDEALPRO-1-112446,EUR/USD.IDEALPRO-MovingAverageCrossover-MA_CROSS,BUY,STOP_MARKET,0.01,1.14284,USD,0.00 USD,TAKER,a0f04dfb-b831-47e7-9189-9c8918b15982,2025-04-22 21:25:00+00:00,2025-04-22 21:25:00+00:00,{},False
BACKTESTER-001,MovingAverageCrossover-MA_CROSS,EUR/USD.IDEALPRO,IDEALPRO-1-098,IDEALPRO-001,IDEALPRO-1-112447,EUR/USD.IDEALPRO-MovingAverageCrossover-MA_CROSS,BUY,STOP_MARKET,99999.99,1.14285,USD,2.29 USD,TAKER,326e88d2-9ecb-447c-abc9-e543fc8fb1f6,2025-04-22 21:25:00+00:00,2025-04-22 21:25:00+00:00,{},False
BACKTESTER-001,MovingAverageCrossover-MA_CROSS,EUR/USD.IDEALPRO,IDEALPRO-1-100,IDEALPRO-001,IDEALPRO-1-116893,EUR/USD.IDEALPRO-MovingAverageCrossover-MA_CROSS,BUY,MARKET,0.01,1.13576,USD,0.00 USD,TAKER,d05294eb-c35d-4074-8241-f387ce45c337,2025-04-28 00:15:00+00:00,2025-04-28 00:15:00+00:00,{},False
BACKTESTER-001,MovingAverageCrossover-MA_CROSS,EUR/USD.IDEALPRO,IDEALPRO-1-100,IDEALPRO-001,IDEALPRO-1-116894,EUR/USD.IDEALPRO-MovingAverageCrossover-MA_CROSS,BUY,MARKET,99999.99,1.13577,USD,2.27 USD,TAKER,7383b87d-b14c-4d5f-8d64-c886367cf68e,2025-04-28 00:15:00+00:00,2025-04-28 00:15:00+00:00,{},False
BACKTESTER-001,MovingAverageCrossover-MA_CROSS,EUR/USD.IDEALPRO,IDEALPRO-1-101,IDEALPRO-001,IDEALPRO-1-117003,EUR/USD.IDEALPRO-MovingAverageCrossover-MA_CROSS,SELL,STOP_MARKET,0.01,1.13476,USD,0.00 USD,TAKER,6db290fb-83a8-451a-b5c8-4acacc0375dc,2025-04-28 02:03:00+00:00,2025-04-28 02:03:00+00:00,{},False
BACKTESTER-001,MovingAverageCrossover-MA_CROSS,EUR/USD.IDEALPRO,IDEALPRO-1-101,IDEALPRO-001,IDEALPRO-1-117004,EUR/USD.IDEALPRO-MovingAverageCrossover-MA_CROSS,SELL,STOP_MARKET,99999.99,1.13475,USD,2.27 USD,TAKER,34322d18-f4b4-42da-a7b4-2fb8780d6655,2025-04-28 02:03:00+00:00,2025-04-28 02:03:00+00:00,{},False
BACKTESTER-001,MovingAverageCrossover-MA_CROSS,EUR/USD.IDEALPRO,IDEALPRO-1-103,IDEALPRO-001,IDEALPRO-1-117272,EUR/USD.IDEALPRO-MovingAverageCrossover-MA_CROSS,SELL,MARKET,0.01,1.13653,USD,0.00 USD,TAKER,020b4052-dafa-4da0-93f3-59842220b070,2025-04-28 06:30:00+00:00,2025-04-28 06:30:00+00:00,{},False
BACKTESTER-001,MovingAverageCrossover-MA_CROSS,EUR/USD.IDEALPRO,IDEALPRO-1-103,IDEALPRO-001,IDEALPRO-1-117273,EUR/USD.IDEALPRO-MovingAverageCrossover-MA_CROSS,SELL,MARKET,99999.99,1.13652,USD,2.27 USD,TAKER,754bf196-ebd6-4676-a62a-8ad1d4fd6b19,2025-04-28 06:30:00+00:00,2025-04-28 06:30:00+00:00,{},False
BACKTESTER-001,MovingAverageCrossover-MA_CROSS,EUR/USD.IDEALPRO,IDEALPRO-1-104,IDEALPRO-001,IDEALPRO-1-117757,EUR/USD.IDEALPRO-MovingAverageCrossover-MA_CROSS,BUY,STOP_MARKET,0.01,1.13753,USD,0.00 USD,TAKER,51d8352f-96a2-464e-b440-b9cdcf54ce28,2025-04-28 14:33:00+00:00,2025-04-28 14:33:00+00:00,{},False
BACKTESTER-001,MovingAverageCrossover-MA_CROSS,EUR/USD.IDEALPRO,IDEALPRO-1-104,IDEALPRO-001,IDEALPRO-1-117758,EUR/USD.IDEALPRO-MovingAverageCrossover-MA_CROSS,BUY,STOP_MARKET,99999.99,1.13754,USD,2.28 USD,TAKER,744f1e84-5177-4ce8-8387-43fff2d12da2,2025-04-28 14:33:00+00:00,2025-04-28 14:33:00+00:00,{},False
BACKTESTER-001,MovingAverageCrossover-MA_CROSS,EUR/USD.IDEALPRO,IDEALPRO-1-106,IDEALPRO-001,IDEALPRO-1-117906,EUR/USD.IDEALPRO-MovingAverageCrossover-MA_CROSS,BUY,MARKET,0.01,1.14116,USD,0.00 USD,TAKER,e4d01e45-443e-49fc-9e67-d0603ab11d2f,2025-04-28 17:00:00+00:00,2025-04-28 17:00:00+00:00,{},False
BACKTESTER-001,MovingAverageCrossover-MA_CROSS,EUR/USD.IDEALPRO,IDEALPRO-1-106,IDEALPRO-001,IDEALPRO-1-117907,EUR/USD.IDEALPRO-MovingAverageCrossover-MA_CROSS,BUY,MARKET,99999.99,1.14117,USD,2.28 USD,TAKER,bd083e56-8106-4308-85d8-72040ff3a8a2,2025-04-28 17:00:00+00:00,2025-04-28 17:00:00+00:00,{},False
BACKTESTER-001,MovingAverageCrossover-MA_CROSS,EUR/USD.IDEALPRO,IDEALPRO-1-107,IDEALPRO-001,IDEALPRO-1-117967,EUR/USD.IDEALPRO-MovingAverageCrossover-MA_CROSS,SELL,STOP_MARKET,0.01,1.14016,USD,0.00 USD,TAKER,7b758d79-9000-413a-9691-ce7363c5f2c8,2025-04-28 17:59:00+00:00,2025-04-28 17:59:00+00:00,{},False
BACKTESTER-001,MovingAverageCrossover-MA_CROSS,EUR/USD.IDEALPRO,IDEALPRO-1-107,IDEALPRO-001,IDEALPRO-1-117968,EUR/USD.IDEALPRO-MovingAverageCrossover-MA_CROSS,SELL,STOP_MARKET,99999.99,1.14015,USD,2.28 USD,TAKER,9b7da43f-d46c-47f3-84b4-a624b6e1ddb5,2025-04-28 17:59:00+00:00,2025-04-28 17:59:00+00:00,{},False
BACKTESTER-001,MovingAverageCrossover-MA_CROSS,EUR/USD.IDEALPRO,IDEALPRO-1-109,IDEALPRO-001,IDEALPRO-1-120265,EUR/USD.IDEALPRO-MovingAverageCrossover-MA_CROSS,SELL,MARKET,0.01,1.13644,USD,0.00 USD,TAKER,83c12c4f-acb2-447d-8343-746bc484a1b4,2025-04-30 08:45:00+00:00,2025-04-30 08:45:00+00:00,{},False
BACKTESTER-001,MovingAverageCrossover-MA_CROSS,EUR/USD.IDEALPRO,IDEALPRO-1-109,IDEALPRO-001,IDEALPRO-1-120266,EUR/USD.IDEALPRO-MovingAverageCrossover-MA_CROSS,SELL,MARKET,99999.99,1.13643,USD,2.27 USD,TAKER,e4f5726a-9909-496b-9608-2df287acbeb7,2025-04-30 08:45:00+00:00,2025-04-30 08:45:00+00:00,{},False
BACKTESTER-001,MovingAverageCrossover-MA_CROSS,EUR/USD.IDEALPRO,IDEALPRO-1-110,IDEALPRO-001,IDEALPRO-1-120275,EUR/USD.IDEALPRO-MovingAverageCrossover-MA_CROSS,BUY,STOP_MARKET,0.01,1.13744,USD,0.00 USD,TAKER,2d55c848-3e38-46ab-b7a5-6f213328b869,2025-04-30 08:53:00+00:00,2025-04-30 08:53:00+00:00,{},False
BACKTESTER-001,MovingAverageCrossover-MA_CROSS,EUR/USD.IDEALPRO,IDEALPRO-1-110,IDEALPRO-001,IDEALPRO-1-120276,EUR/USD.IDEALPRO-MovingAverageCrossover-MA_CROSS,BUY,STOP_MARKET,99999.99,1.13745,USD,2.27 USD,TAKER,ba80d406-3591-470c-81ff-61a079e7b94d,2025-04-30 08:53:00+00:00,2025-04-30 08:53:00+00:00,{},False
BACKTESTER-001,MovingAverageCrossover-MA_CROSS,EUR/USD.IDEALPRO,IDEALPRO-1-112,IDEALPRO-001,IDEALPRO-1-124544,EUR/USD.IDEALPRO-MovingAverageCrossover-MA_CROSS,BUY,MARKET,0.01,1.13277,USD,0.00 USD,TAKER,bef06502-c48f-41d2-8940-fd084536c303,2025-05-05 08:45:00+00:00,2025-05-05 08:45:00+00:00,{},False
BACKTESTER-001,MovingAverageCrossover-MA_CROSS,EUR/USD.IDEALPRO,IDEALPRO-1-112,IDEALPRO-001,IDEALPRO-1-124545,EUR/USD.IDEALPRO-MovingAverageCrossover-MA_CROSS,BUY,MARKET,99999.99,1.13278,USD,2.27 USD,TAKER,54a192fe-ad94-45d3-ac9b-6e8d562a99d1,2025-05-05 08:45:00+00:00,2025-05-05 08:45:00+00:00,{},False
BACKTESTER-001,MovingAverageCrossover-MA_CROSS,EUR/USD.IDEALPRO,IDEALPRO-1-113,IDEALPRO-001,IDEALPRO-1-124964,EUR/USD.IDEALPRO-MovingAverageCrossover-MA_CROSS,SELL,STOP_MARKET,0.01,1.13177,USD,0.00 USD,TAKER,d2901728-62bc-4acf-8614-bf025c6b281b,2025-05-05 15:43:00+00:00,2025-05-05 15:43:00+00:00,{},False
BACKTESTER-001,MovingAverageCrossover-MA_CROSS,EUR/USD.IDEALPRO,IDEALPRO-1-113,IDEALPRO-001,IDEALPRO-1-124965,EUR/USD.IDEALPRO-MovingAverageCrossover-MA_CROSS,SELL,STOP_MARKET,99999.99,1.13176,USD,2.26 USD,TAKER,6d646146-75a7-4b54-bf45-8ab313dafbf9,2025-05-05 15:43:00+00:00,2025-05-05 15:43:00+00:00,{},False
BACKTESTER-001,MovingAverageCrossover-MA_CROSS,EUR/USD.IDEALPRO,IDEALPRO-1-115,IDEALPRO-001,IDEALPRO-1-125508,EUR/USD.IDEALPRO-MovingAverageCrossover-MA_CROSS,SELL,MARKET,0.01,1.12861,USD,0.00 USD,TAKER,9c7514f5-dfd7-414b-b452-5f1d44f4dded,2025-05-06 01:00:00+00:00,2025-05-06 01:00:00+00:00,{},False
BACKTESTER-001,MovingAverageCrossover-MA_CROSS,EUR/USD.IDEALPRO,IDEALPRO-1-115,IDEALPRO-001,IDEALPRO-1-125509,EUR/USD.IDEALPRO-MovingAverageCrossover-MA_CROSS,SELL,MARKET,99999.99,1.12860,USD,2.26 USD,TAKER,5e9974b6-48bc-4d4e-b02a-a9ca938a1e79,2025-05-06 01:00:00+00:00,2025-05-06 01:00:00+00:00,{},False
BACKTESTER-001,MovingAverageCrossover-MA_CROSS,EUR/USD.IDEALPRO,IDEALPRO-1-116,IDEALPRO-001,IDEALPRO-1-125563,EUR/USD.IDEALPRO-MovingAverageCrossover-MA_CROSS,BUY,STOP_MARKET,0.01,1.12961,USD,0.00 USD,TAKER,4a8cd2e2-cd20-4e32-a3c4-31bf325f09b8,2025-05-06 01:53:00+00:00,2025-05-06 01:53:00+00:00,{},False
BACKTESTER-001,MovingAverageCrossover-MA_CROSS,EUR/USD.IDEALPRO,IDEALPRO-1-116,IDEALPRO-001,IDEALPRO-1-125564,EUR/USD.IDEALPRO-MovingAverageCrossover-MA_CROSS,BUY,STOP_MARKET,99999.99,1.12962,USD,2.26 USD,TAKER,3b16acca-0488-49ea-8147-fa5cab439f72,2025-05-06 01:53:00+00:00,2025-05-06 01:53:00+00:00,{},False
BACKTESTER-001,MovingAverageCrossover-MA_CROSS,EUR/USD.IDEALPRO,IDEALPRO-1-118,IDEALPRO-001,IDEALPRO-1-126127,EUR/USD.IDEALPRO-MovingAverageCrossover-MA_CROSS,BUY,MARKET,0.01,1.13267,USD,0.00 USD,TAKER,4b351960-6ec9-498d-a26e-04a65dcea2df,2025-05-06 11:15:00+00:00,2025-05-06 11:15:00+00:00,{},False
BACKTESTER-001,MovingAverageCrossover-MA_CROSS,EUR/USD.IDEALPRO,IDEALPRO-1-118,IDEALPRO-001,IDEALPRO-1-126128,EUR/USD.IDEALPRO-MovingAverageCrossover-MA_CROSS,BUY,MARKET,99999.99,1.13268,USD,2.27 USD,TAKER,4bf851cc-d120-49af-abb6-781155b8e717,2025-05-06 11:15:00+00:00,2025-05-06 11:15:00+00:00,{},False
BACKTESTER-001,MovingAverageCrossover-MA_CROSS,EUR/USD.IDEALPRO,IDEALPRO-1-120,IDEALPRO-001,IDEALPRO-1-126623,EUR/USD.IDEALPRO-MovingAverageCrossover-MA_CROSS,SELL,LIMIT,0.01,1.13767,USD,0.00 USD,MAKER,1e439c38-2945-4317-b746-91b48cfeffb1,2025-05-06 19:29:00+00:00,2025-05-06 19:29:00+00:00,{},False
BACKTESTER-001,MovingAverageCrossover-MA_CROSS,EUR/USD.IDEALPRO,IDEALPRO-1-120,IDEALPRO-001,IDEALPRO-1-126624,EUR/USD.IDEALPRO-MovingAverageCrossover-MA_CROSS,SELL,LIMIT,99999.99,1.13767,USD,2.28 USD,MAKER,601c37dd-a1a5-4b19-8001-052b8f2cfdb2,2025-05-06 19:29:00+00:00,2025-05-06 19:29:00+00:00,{},False
BACKTESTER-001,MovingAverageCrossover-MA_CROSS,EUR/USD.IDEALPRO,IDEALPRO-1-121,IDEALPRO-001,IDEALPRO-1-128246,EUR/USD.IDEALPRO-MovingAverageCrossover-MA_CROSS,SELL,MARKET,0.01,1.13013,USD,0.00 USD,TAKER,6122fb90-f3f0-4ae3-94dd-7cc0b3946b49,2025-05-07 23:00:00+00:00,2025-05-07 23:00:00+00:00,{},False
BACKTESTER-001,MovingAverageCrossover-MA_CROSS,EUR/USD.IDEALPRO,IDEALPRO-1-121,IDEALPRO-001,IDEALPRO-1-128247,EUR/USD.IDEALPRO-MovingAverageCrossover-MA_CROSS,SELL,MARKET,99999.99,1.13012,USD,2.26 USD,TAKER,d9c6f5e5-a061-4b6c-bcc9-b82f5c332f75,2025-05-07 23:00:00+00:00,2025-05-07 23:00:00+00:00,{},False
BACKTESTER-001,MovingAverageCrossover-MA_CROSS,EUR/USD.IDEALPRO,IDEALPRO-1-122,IDEALPRO-001,IDEALPRO-1-128316,EUR/USD.IDEALPRO-MovingAverageCrossover-MA_CROSS,BUY,STOP_MARKET,0.01,1.13113,USD,0.00 USD,TAKER,942e0b4c-d327-4581-bd78-0d6f9f6e6733,2025-05-08 00:08:00+00:00,2025-05-08 00:08:00+00:00,{},False
BACKTESTER-001,MovingAverageCrossover-MA_CROSS,EUR/USD.IDEALPRO,IDEALPRO-1-122,IDEALPRO-001,IDEALPRO-1-128317,EUR/USD.IDEALPRO-MovingAverageCrossover-MA_CROSS,BUY,STOP_MARKET,99999.99,1.13114,USD,2.26 USD,TAKER,4d4f366f-60f1-4475-bd93-bf9f9a44baca,2025-05-08 00:08:00+00:00,2025-05-08 00:08:00+00:00,{},False
BACKTESTER-001,MovingAverageCrossover-MA_CROSS,EUR/USD.IDEALPRO,IDEALPRO-1-124,IDEALPRO-001,IDEALPRO-1-134040,EUR/USD.IDEALPRO-MovingAverageCrossover-MA_CROSS,BUY,MARKET,0.01,1.11936,USD,0.00 USD,TAKER,1fd20a9c-8791-46af-8877-38750012c6c6,2025-05-14 00:30:00+00:00,2025-05-14 00:30:00+00:00,{},False
BACKTESTER-001,MovingAverageCrossover-MA_CROSS,EUR/USD.IDEALPRO,IDEALPRO-1-124,IDEALPRO-001,IDEALPRO-1-134041,EUR/USD.IDEALPRO-MovingAverageCrossover-MA_CROSS,BUY,MARKET,99999.99,1.11937,USD,2.24 USD,TAKER,dc4c1aa5-9059-4fbf-b474-ff2792560792,2025-05-14 00:30:00+00:00,2025-05-14 00:30:00+00:00,{},False
BACKTESTER-001,MovingAverageCrossover-MA_CROSS,EUR/USD.IDEALPRO,IDEALPRO-1-125,IDEALPRO-001,IDEALPRO-1-134169,EUR/USD.IDEALPRO-MovingAverageCrossover-MA_CROSS,SELL,STOP_MARKET,0.01,1.11836,USD,0.00 USD,TAKER,5b09af17-52ce-4499-bbff-b07e91d84c4a,2025-05-14 02:37:00+00:00,2025-05-14 02:37:00+00:00,{},False
BACKTESTER-001,MovingAverageCrossover-MA_CROSS,EUR/USD.IDEALPRO,IDEALPRO-1-125,IDEALPRO-001,IDEALPRO-1-134170,EUR/USD.IDEALPRO-MovingAverageCrossover-MA_CROSS,SELL,STOP_MARKET,99999.99,1.11835,USD,2.24 USD,TAKER,6e322b9a-8241-462c-8b5f-fd84d9a149aa,2025-05-14 02:37:00+00:00,2025-05-14 02:37:00+00:00,{},False
BACKTESTER-001,MovingAverageCrossover-MA_CROSS,EUR/USD.IDEALPRO,IDEALPRO-1-127,IDEALPRO-001,IDEALPRO-1-137824,EUR/USD.IDEALPRO-MovingAverageCrossover-MA_CROSS,SELL,MARKET,0.01,1.11403,USD,0.00 USD,TAKER,fb3f81c0-37d8-4b03-8247-deb05eb8fc56,2025-05-16 16:00:00+00:00,2025-05-16 16:00:00+00:00,{},False
BACKTESTER-001,MovingAverageCrossover-MA_CROSS,EUR/USD.IDEALPRO,IDEALPRO-1-127,IDEALPRO-001,IDEALPRO-1-137825,EUR/USD.IDEALPRO-MovingAverageCrossover-MA_CROSS,SELL,MARKET,99999.99,1.11402,USD,2.23 USD,TAKER,aa106285-4e36-4aa9-8584-590cdf639728,2025-05-16 16:00:00+00:00,2025-05-16 16:00:00+00:00,{},False
BACKTESTER-001,MovingAverageCrossover-MA_CROSS,EUR/USD.IDEALPRO,IDEALPRO-1-128,IDEALPRO-001,IDEALPRO-1-137988,EUR/USD.IDEALPRO-MovingAverageCrossover-MA_CROSS,BUY,STOP_MARKET,0.01,1.11503,USD,0.00 USD,TAKER,70f47486-ce38-439a-945a-e51b0c488617,2025-05-16 18:42:00+00:00,2025-05-16 18:42:00+00:00,{},False
BACKTESTER-001,MovingAverageCrossover-MA_CROSS,EUR/USD.IDEALPRO,IDEALPRO-1-128,IDEALPRO-001,IDEALPRO-1-137989,EUR/USD.IDEALPRO-MovingAverageCrossover-MA_CROSS,BUY,STOP_MARKET,99999.99,1.11504,USD,2.23 USD,TAKER,66dec206-04b8-44e7-881c-e7ce05c832b5,2025-05-16 18:42:00+00:00,2025-05-16 18:42:00+00:00,{},False
BACKTESTER-001,MovingAverageCrossover-MA_CROSS,EUR/USD.IDEALPRO,IDEALPRO-1-130,IDEALPRO-001,IDEALPRO-1-138788,EUR/USD.IDEALPRO-MovingAverageCrossover-MA_CROSS,BUY,MARKET,0.01,1.12483,USD,0.00 USD,TAKER,02fde2e5-057b-4de2-aa71-a0fd2f7a9004,2025-05-19 08:15:00+00:00,2025-05-19 08:15:00+00:00,{},False
BACKTESTER-001,MovingAverageCrossover-MA_CROSS,EUR/USD.IDEALPRO,IDEALPRO-1-130,IDEALPRO-001,IDEALPRO-1-138789,EUR/USD.IDEALPRO-MovingAverageCrossover-MA_CROSS,BUY,MARKET,99999.99,1.12484,USD,2.25 USD,TAKER,54e9616c-6538-4e19-b984-81eb8e5398b8,2025-05-19 08:15:00+00:00,2025-05-19 08:15:00+00:00,{},False
BACKTESTER-001,MovingAverageCrossover-MA_CROSS,EUR/USD.IDEALPRO,IDEALPRO-1-131,IDEALPRO-001,IDEALPRO-1-139251,EUR/USD.IDEALPRO-MovingAverageCrossover-MA_CROSS,SELL,STOP_MARKET,0.01,1.12383,USD,0.00 USD,TAKER,2be22ca7-bc0c-4578-89f3-0d3fa08fa5ea,2025-05-19 15:56:00+00:00,2025-05-19 15:56:00+00:00,{},False
BACKTESTER-001,MovingAverageCrossover-MA_CROSS,EUR/USD.IDEALPRO,IDEALPRO-1-131,IDEALPRO-001,IDEALPRO-1-139252,EUR/USD.IDEALPRO-MovingAverageCrossover-MA_CROSS,SELL,STOP_MARKET,99999.99,1.12382,USD,2.25 USD,TAKER,bfd8df0e-f16d-4fa9-b2b8-6bb94ad44ffe,2025-05-19 15:56:00+00:00,2025-05-19 15:56:00+00:00,{},False
BACKTESTER-001,MovingAverageCrossover-MA_CROSS,EUR/USD.IDEALPRO,IDEALPRO-1-133,IDEALPRO-001,IDEALPRO-1-143982,EUR/USD.IDEALPRO-MovingAverageCrossover-MA_CROSS,SELL,MARKET,0.01,1.12837,USD,0.00 USD,TAKER,d339b930-e190-4426-8da4-c2fb4b4a3db1,2025-05-22 23:45:00+00:00,2025-05-22 23:45:00+00:00,{},False
BACKTESTER-001,MovingAverageCrossover-MA_CROSS,EUR/USD.IDEALPRO,IDEALPRO-1-133,IDEALPRO-001,IDEALPRO-1-143983,EUR/USD.IDEALPRO-MovingAverageCrossover-MA_CROSS,SELL,MARKET,99999.99,1.12836,USD,2.26 USD,TAKER,795ecc5b-9213-494f-94c3-20e315ab9d72,2025-05-22 23:45:00+00:00,2025-05-22 23:45:00+00:00,{},False
BACKTESTER-001,MovingAverageCrossover-MA_CROSS,EUR/USD.IDEALPRO,IDEALPRO-1-134,IDEALPRO-001,IDEALPRO-1-144032,EUR/USD.IDEALPRO-MovingAverageCrossover-MA_CROSS,BUY,STOP_MARKET,0.01,1.12937,USD,0.00 USD,TAKER,2fe9939b-737f-4b75-b7f6-4948e3787a28,2025-05-23 00:33:00+00:00,2025-05-23 00:33:00+00:00,{},False
BACKTESTER-001,MovingAverageCrossover-MA_CROSS,EUR/USD.IDEALPRO,IDEALPRO-1-134,IDEALPRO-001,IDEALPRO-1-144033,EUR/USD.IDEALPRO-MovingAverageCrossover-MA_CROSS,BUY,STOP_MARKET,99999.99,1.12938,USD,2.26 USD,TAKER,10e94049-45d1-4621-b5c5-d9a04c308c95,2025-05-23 00:33:00+00:00,2025-05-23 00:33:00+00:00,{},False
BACKTESTER-001,MovingAverageCrossover-MA_CROSS,EUR/USD.IDEALPRO,IDEALPRO-1-136,IDEALPRO-001,IDEALPRO-1-144496,EUR/USD.IDEALPRO-MovingAverageCrossover-MA_CROSS,BUY,MARKET,0.01,1.13441,USD,0.00 USD,TAKER,a080d55a-5c4b-4184-b29c-49a8385baa71,2025-05-23 08:15:00+00:00,2025-05-23 08:15:00+00:00,{},False
BACKTESTER-001,MovingAverageCrossover-MA_CROSS,EUR/USD.IDEALPRO,IDEALPRO-1-136,IDEALPRO-001,IDEALPRO-1-144497,EUR/USD.IDEALPRO-MovingAverageCrossover-MA_CROSS,BUY,MARKET,99999.99,1.13442,USD,2.27 USD,TAKER,a1b457a4-39dc-4c7b-8696-ad338b990bb7,2025-05-23 08:15:00+00:00,2025-05-23 08:15:00+00:00,{},False
BACKTESTER-001,MovingAverageCrossover-MA_CROSS,EUR/USD.IDEALPRO,IDEALPRO-1-137,IDEALPRO-001,IDEALPRO-1-144514,EUR/USD.IDEALPRO-MovingAverageCrossover-MA_CROSS,SELL,STOP_MARKET,0.01,1.13341,USD,0.00 USD,TAKER,ce2b5917-a1af-459f-86d8-dcfc2804d54e,2025-05-23 08:31:00+00:00,2025-05-23 08:31:00+00:00,{},False
BACKTESTER-001,MovingAverageCrossover-MA_CROSS,EUR/USD.IDEALPRO,IDEALPRO-1-137,IDEALPRO-001,IDEALPRO-1-144515,EUR/USD.IDEALPRO-MovingAverageCrossover-MA_CROSS,SELL,STOP_MARKET,99999.99,1.13340,USD,2.27 USD,TAKER,c8def700-78b9-419d-8761-6e4bb9161e66,2025-05-23 08:31:00+00:00,2025-05-23 08:31:00+00:00,{},False
BACKTESTER-001,MovingAverageCrossover-MA_CROSS,EUR/USD.IDEALPRO,IDEALPRO-1-139,IDEALPRO-001,IDEALPRO-1-147755,EUR/USD.IDEALPRO-MovingAverageCrossover-MA_CROSS,SELL,MARKET,0.01,1.13411,USD,0.00 USD,TAKER,b08ebd4a-bd9a-4ac3-bf64-42cbecf0afb4,2025-05-27 15:00:00+00:00,2025-05-27 15:00:00+00:00,{},False
BACKTESTER-001,MovingAverageCrossover-MA_CROSS,EUR/USD.IDEALPRO,IDEALPRO-1-139,IDEALPRO-001,IDEALPRO-1-147756,EUR/USD.IDEALPRO-MovingAverageCrossover-MA_CROSS,SELL,MARKET,99999.99,1.13410,USD,2.27 USD,TAKER,b3295865-7bd2-4a74-b0ea-9d146b524fd7,2025-05-27 15:00:00+00:00,2025-05-27 15:00:00+00:00,{},False
BACKTESTER-001,MovingAverageCrossover-MA_CROSS,EUR/USD.IDEALPRO,IDEALPRO-1-141,IDEALPRO-001,IDEALPRO-1-149200,EUR/USD.IDEALPRO-MovingAverageCrossover-MA_CROSS,BUY,LIMIT,0.01,1.12911,USD,0.00 USD,MAKER,84975208-d379-4a7f-82c4-1782ee255583,2025-05-28 15:18:00+00:00,2025-05-28 15:18:00+00:00,{},False
BACKTESTER-001,MovingAverageCrossover-MA_CROSS,EUR/USD.IDEALPRO,IDEALPRO-1-141,IDEALPRO-001,IDEALPRO-1-149201,EUR/USD.IDEALPRO-MovingAverageCrossover-MA_CROSS,BUY,LIMIT,99999.99,1.12911,USD,2.26 USD,MAKER,a1df026b-6c63-4a7b-9eb4-547fa0fc790c,2025-05-28 15:18:00+00:00,2025-05-28 15:18:00+00:00,{},False
BACKTESTER-001,MovingAverageCrossover-MA_CROSS,EUR/USD.IDEALPRO,IDEALPRO-1-142,IDEALPRO-001,IDEALPRO-1-150804,EUR/USD.IDEALPRO-MovingAverageCrossover-MA_CROSS,BUY,MARKET,0.01,1.13827,USD,0.00 USD,TAKER,dd4d923a-07b6-44c9-8756-37569e3fe0b0,2025-05-29 18:15:00+00:00,2025-05-29 18:15:00+00:00,{},False
BACKTESTER-001,MovingAverageCrossover-MA_CROSS,EUR/USD.IDEALPRO,IDEALPRO-1-142,IDEALPRO-001,IDEALPRO-1-150805,EUR/USD.IDEALPRO-MovingAverageCrossover-MA_CROSS,BUY,MARKET,99999.99,1.13828,USD,2.28 USD,TAKER,150a222d-0071-4400-8ad1-b669be43fe31,2025-05-29 18:15:00+00:00,2025-05-29 18:15:00+00:00,{},False
BACKTESTER-001,MovingAverageCrossover-MA_CROSS,EUR/USD.IDEALPRO,IDEALPRO-1-143,IDEALPRO-001,IDEALPRO-1-150870,EUR/USD.IDEALPRO-MovingAverageCrossover-MA_CROSS,SELL,STOP_MARKET,0.01,1.13727,USD,0.00 USD,TAKER,0ccf0f5a-fb0e-4106-bf75-4084a81613f7,2025-05-29 19:19:00+00:00,2025-05-29 19:19:00+00:00,{},False
BACKTESTER-001,MovingAverageCrossover-MA_CROSS,EUR/USD.IDEALPRO,IDEALPRO-1-143,IDEALPRO-001,IDEALPRO-1-150871,EUR/USD.IDEALPRO-MovingAverageCrossover-MA_CROSS,SELL,STOP_MARKET,99999.99,1.13726,USD,2.27 USD,TAKER,8dae3484-898a-4d88-bdf4-d3ca6d1b674a,2025-05-29 19:19:00+00:00,2025-05-29 19:19:00+00:00,{},False
BACKTESTER-001,MovingAverageCrossover-MA_CROSS,EUR/USD.IDEALPRO,IDEALPRO-1-145,IDEALPRO-001,IDEALPRO-1-155158,EUR/USD.IDEALPRO-MovingAverageCrossover-MA_CROSS,SELL,MARKET,0.01,1.13723,USD,0.00 USD,TAKER,41d1bda7-de0c-42aa-9613-439240ef6884,2025-06-03 19:30:00+00:00,2025-06-03 19:30:00+00:00,{},False
BACKTESTER-001,MovingAverageCrossover-MA_CROSS,EUR/USD.IDEALPRO,IDEALPRO-1-145,IDEALPRO-001,IDEALPRO-1-155159,EUR/USD.IDEALPRO-MovingAverageCrossover-MA_CROSS,SELL,MARKET,99999.99,1.13722,USD,2.27 USD,TAKER,2ac3584c-8f41-4875-809e-4dffee3fda74,2025-06-03 19:30:00+00:00,2025-06-03 19:30:00+00:00,{},False
BACKTESTER-001,MovingAverageCrossover-MA_CROSS,EUR/USD.IDEALPRO,IDEALPRO-1-146,IDEALPRO-001,IDEALPRO-1-155399,EUR/USD.IDEALPRO-MovingAverageCrossover-MA_CROSS,BUY,STOP_MARKET,0.01,1.13823,USD,0.00 USD,TAKER,0d028c9d-336b-4102-9db0-44f64285bfb7,2025-06-03 23:44:00+00:00,2025-06-03 23:44:00+00:00,{},False
BACKTESTER-001,MovingAverageCrossover-MA_CROSS,EUR/USD.IDEALPRO,IDEALPRO-1-146,IDEALPRO-001,IDEALPRO-1-155400,EUR/USD.IDEALPRO-MovingAverageCrossover-MA_CROSS,BUY,STOP_MARKET,99999.99,1.13824,USD,2.28 USD,TAKER,dc327578-b556-4130-bd30-ab0dd6b3710f,2025-06-03 23:44:00+00:00,2025-06-03 23:44:00+00:00,{},False
BACKTESTER-001,MovingAverageCrossover-MA_CROSS,EUR/USD.IDEALPRO,IDEALPRO-1-148,IDEALPRO-001,IDEALPRO-1-156452,EUR/USD.IDEALPRO-MovingAverageCrossover-MA_CROSS,BUY,MARKET,0.01,1.14298,USD,0.00 USD,TAKER,931faf2e-fd52-48a0-9cec-b10ab9f6d9b0,2025-06-04 17:15:00+00:00,2025-06-04 17:15:00+00:00,{},False
BACKTESTER-001,MovingAverageCrossover-MA_CROSS,EUR/USD.IDEALPRO,IDEALPRO-1-148,IDEALPRO-001,IDEALPRO-1-156453,EUR/USD.IDEALPRO-MovingAverageCrossover-MA_CROSS,BUY,MARKET,99999.99,1.14299,USD,2.29 USD,TAKER,6803bacd-9fdc-4f70-a9e2-e72f10a4f2aa,2025-06-04 17:15:00+00:00,2025-06-04 17:15:00+00:00,{},False
BACKTESTER-001,MovingAverageCrossover-MA_CROSS,EUR/USD.IDEALPRO,IDEALPRO-1-149,IDEALPRO-001,IDEALPRO-1-156562,EUR/USD.IDEALPRO-MovingAverageCrossover-MA_CROSS,SELL,STOP_MARKET,0.01,1.14198,USD,0.00 USD,TAKER,4d163c0f-0159-4978-9061-fd0892c8afa6,2025-06-04 19:03:00+00:00,2025-06-04 19:03:00+00:00,{},False
BACKTESTER-001,MovingAverageCrossover-MA_CROSS,EUR/USD.IDEALPRO,IDEALPRO-1-149,IDEALPRO-001,IDEALPRO-1-156563,EUR/USD.IDEALPRO-MovingAverageCrossover-MA_CROSS,SELL,STOP_MARKET,99999.99,1.14197,USD,2.28 USD,TAKER,77104edf-4210-42d1-a8d5-d75d201eea3b,2025-06-04 19:03:00+00:00,2025-06-04 19:03:00+00:00,{},False
BACKTESTER-001,MovingAverageCrossover-MA_CROSS,EUR/USD.IDEALPRO,IDEALPRO-1-151,IDEALPRO-001,IDEALPRO-1-159291,EUR/USD.IDEALPRO-MovingAverageCrossover-MA_CROSS,SELL,MARKET,0.01,1.13872,USD,0.00 USD,TAKER,c8183e7b-ab34-49a4-a412-2a66db0ff77a,2025-06-06 17:00:00+00:00,2025-06-06 17:00:00+00:00,{},False
BACKTESTER-001,MovingAverageCrossover-MA_CROSS,EUR/USD.IDEALPRO,IDEALPRO-1-151,IDEALPRO-001,IDEALPRO-1-159292,EUR/USD.IDEALPRO-MovingAverageCrossover-MA_CROSS,SELL,MARKET,99999.99,1.13871,USD,2.28 USD,TAKER,75fbe756-4b5d-4577-8910-a76e8c84cbd7,2025-06-06 17:00:00+00:00,2025-06-06 17:00:00+00:00,{},False
BACKTESTER-001,MovingAverageCrossover-MA_CROSS,EUR/USD.IDEALPRO,IDEALPRO-1-152,IDEALPRO-001,IDEALPRO-1-159314,EUR/USD.IDEALPRO-MovingAverageCrossover-MA_CROSS,BUY,STOP_MARKET,0.01,1.13972,USD,0.00 USD,TAKER,a4381ea8-078a-4b55-9618-8669a496c4e2,2025-06-06 17:21:00+00:00,2025-06-06 17:21:00+00:00,{},False
BACKTESTER-001,MovingAverageCrossover-MA_CROSS,EUR/USD.IDEALPRO,IDEALPRO-1-152,IDEALPRO-001,IDEALPRO-1-159315,EUR/USD.IDEALPRO-MovingAverageCrossover-MA_CROSS,BUY,STOP_MARKET,99999.99,1.13973,USD,2.28 USD,TAKER,0b4591f9-6fcc-4175-98b6-bc252508375f,2025-06-06 17:21:00+00:00,2025-06-06 17:21:00+00:00,{},False
BACKTESTER-001,MovingAverageCrossover-MA_CROSS,EUR/USD.IDEALPRO,IDEALPRO-1-154,IDEALPRO-001,IDEALPRO-1-162205,EUR/USD.IDEALPRO-MovingAverageCrossover-MA_CROSS,BUY,MARKET,0.01,1.14230,USD,0.00 USD,TAKER,fe192cbf-2698-42b5-abcf-ca33ac6b0bd5,2025-06-10 18:00:00+00:00,2025-06-10 18:00:00+00:00,{},False
BACKTESTER-001,MovingAverageCrossover-MA_CROSS,EUR/USD.IDEALPRO,IDEALPRO-1-154,IDEALPRO-001,IDEALPRO-1-162206,EUR/USD.IDEALPRO-MovingAverageCrossover-MA_CROSS,BUY,MARKET,99999.99,1.14231,USD,2.28 USD,TAKER,6c62dcb1-14b2-4958-895d-c54892c01549,2025-06-10 18:00:00+00:00,2025-06-10 18:00:00+00:00,{},False
BACKTESTER-001,MovingAverageCrossover-MA_CROSS,EUR/USD.IDEALPRO,IDEALPRO-1-155,IDEALPRO-001,IDEALPRO-1-162665,EUR/USD.IDEALPRO-MovingAverageCrossover-MA_CROSS,SELL,STOP_MARKET,0.01,1.14130,USD,0.00 USD,TAKER,a79d98cb-e68d-4299-b4c2-1bbca7255761,2025-06-11 01:53:00+00:00,2025-06-11 01:53:00+00:00,{},False
BACKTESTER-001,MovingAverageCrossover-MA_CROSS,EUR/USD.IDEALPRO,IDEALPRO-1-155,IDEALPRO-001,IDEALPRO-1-162666,EUR/USD.IDEALPRO-MovingAverageCrossover-MA_CROSS,SELL,STOP_MARKET,99999.99,1.14129,USD,2.28 USD,TAKER,82cf83e3-03ad-4423-87be-2b43074f038f,2025-06-11 01:53:00+00:00,2025-06-11 01:53:00+00:00,{},False
BACKTESTER-001,MovingAverageCrossover-MA_CROSS,EUR/USD.IDEALPRO,IDEALPRO-1-157,IDEALPRO-001,IDEALPRO-1-168614,EUR/USD.IDEALPRO-MovingAverageCrossover-MA_CROSS,SELL,MARKET,0.01,1.15580,USD,0.00 USD,TAKER,92553865-e71e-4e4f-a70b-d0103c3088e5,2025-06-17 06:00:00+00:00,2025-06-17 06:00:00+00:00,{},False
BACKTESTER-001,MovingAverageCrossover-MA_CROSS,EUR/USD.IDEALPRO,IDEALPRO-1-157,IDEALPRO-001,IDEALPRO-1-168615,EUR/USD.IDEALPRO-MovingAverageCrossover-MA_CROSS,SELL,MARKET,99999.99,1.15579,USD,2.31 USD,TAKER,3afd2345-16b3-4b7a-a245-3c3ea4e0e049,2025-06-17 06:00:00+00:00,2025-06-17 06:00:00+00:00,{},False
BACKTESTER-001,MovingAverageCrossover-MA_CROSS,EUR/USD.IDEALPRO,IDEALPRO-1-158,IDEALPRO-001,IDEALPRO-1-168639,EUR/USD.IDEALPRO-MovingAverageCrossover-MA_CROSS,BUY,STOP_MARKET,0.01,1.15680,USD,0.00 USD,TAKER,b37b0331-da18-4b74-bba0-77fa51a1e1f3,2025-06-17 06:23:00+00:00,2025-06-17 06:23:00+00:00,{},False
BACKTESTER-001,MovingAverageCrossover-MA_CROSS,EUR/USD.IDEALPRO,IDEALPRO-1-158,IDEALPRO-001,IDEALPRO-1-168640,EUR/USD.IDEALPRO-MovingAverageCrossover-MA_CROSS,BUY,STOP_MARKET,99999.99,1.15681,USD,2.31 USD,TAKER,7e56ebbe-f9be-4970-bafd-1f52f756e11c,2025-06-17 06:23:00+00:00,2025-06-17 06:23:00+00:00,{},False
BACKTESTER-001,MovingAverageCrossover-MA_CROSS,EUR/USD.IDEALPRO,IDEALPRO-1-160,IDEALPRO-001,IDEALPRO-1-168828,EUR/USD.IDEALPRO-MovingAverageCrossover-MA_CROSS,BUY,MARKET,0.01,1.15565,USD,0.00 USD,TAKER,1c1fc231-ed51-4604-935d-d19c7d186308,2025-06-17 09:30:00+00:00,2025-06-17 09:30:00+00:00,{},False
BACKTESTER-001,MovingAverageCrossover-MA_CROSS,EUR/USD.IDEALPRO,IDEALPRO-1-160,IDEALPRO-001,IDEALPRO-1-168829,EUR/USD.IDEALPRO-MovingAverageCrossover-MA_CROSS,BUY,MARKET,99999.99,1.15566,USD,2.31 USD,TAKER,e080b2d7-b87b-42a0-bb68-e6da2593531a,2025-06-17 09:30:00+00:00,2025-06-17 09:30:00+00:00,{},False
BACKTESTER-001,MovingAverageCrossover-MA_CROSS,EUR/USD.IDEALPRO,IDEALPRO-1-161,IDEALPRO-001,IDEALPRO-1-169119,EUR/USD.IDEALPRO-MovingAverageCrossover-MA_CROSS,SELL,STOP_MARKET,0.01,1.15465,USD,0.00 USD,TAKER,94f7598f-0df4-487a-a6ad-d58e7b128eba,2025-06-17 14:19:00+00:00,2025-06-17 14:19:00+00:00,{},False
BACKTESTER-001,MovingAverageCrossover-MA_CROSS,EUR/USD.IDEALPRO,IDEALPRO-1-161,IDEALPRO-001,IDEALPRO-1-169120,EUR/USD.IDEALPRO-MovingAverageCrossover-MA_CROSS,SELL,STOP_MARKET,99999.99,1.15464,USD,2.31 USD,TAKER,85c1e41b-7d2c-41ec-88df-0327157129da,2025-06-17 14:19:00+00:00,2025-06-17 14:19:00+00:00,{},False
BACKTESTER-001,MovingAverageCrossover-MA_CROSS,EUR/USD.IDEALPRO,IDEALPRO-1-163,IDEALPRO-001,IDEALPRO-1-169267,EUR/USD.IDEALPRO-MovingAverageCrossover-MA_CROSS,SELL,MARKET,0.01,1.15206,USD,0.00 USD,TAKER,9ca9a82e-27a3-46b8-8337-83b3d08488ef,2025-06-17 16:45:00+00:00,2025-06-17 16:45:00+00:00,{},False
BACKTESTER-001,MovingAverageCrossover-MA_CROSS,EUR/USD.IDEALPRO,IDEALPRO-1-163,IDEALPRO-001,IDEALPRO-1-169268,EUR/USD.IDEALPRO-MovingAverageCrossover-MA_CROSS,SELL,MARKET,99999.99,1.15205,USD,2.30 USD,TAKER,f7717013-0a42-4d61-a2d0-225e8e311070,2025-06-17 16:45:00+00:00,2025-06-17 16:45:00+00:00,{},False
BACKTESTER-001,MovingAverageCrossover-MA_CROSS,EUR/USD.IDEALPRO,IDEALPRO-1-165,IDEALPRO-001,IDEALPRO-1-170830,EUR/USD.IDEALPRO-MovingAverageCrossover-MA_CROSS,BUY,LIMIT,0.01,1.14706,USD,0.00 USD,MAKER,14620f7f-2bf4-4b51-97ec-82067bbbb407,2025-06-18 19:01:00+00:00,2025-06-18 19:01:00+00:00,{},False
BACKTESTER-001,MovingAverageCrossover-MA_CROSS,EUR/USD.IDEALPRO,IDEALPRO-1-165,IDEALPRO-001,IDEALPRO-1-170831,EUR/USD.IDEALPRO-MovingAverageCrossover-MA_CROSS,BUY,LIMIT,99999.99,1.14706,USD,2.29 USD,MAKER,5cfa08fc-c5fb-40b8-97fc-c6455cf1f2dd,2025-06-18 19:01:00+00:00,2025-06-18 19:01:00+00:00,{},False
BACKTESTER-001,MovingAverageCrossover-MA_CROSS,EUR/USD.IDEALPRO,IDEALPRO-1-166,IDEALPRO-001,IDEALPRO-1-172736,EUR/USD.IDEALPRO-MovingAverageCrossover-MA_CROSS,BUY,MARKET,0.01,1.15230,USD,0.00 USD,TAKER,31be27bc-32ab-46ff-b7b9-5d64709ac631,2025-06-20 03:15:00+00:00,2025-06-20 03:15:00+00:00,{},False
BACKTESTER-001,MovingAverageCrossover-MA_CROSS,EUR/USD.IDEALPRO,IDEALPRO-1-166,IDEALPRO-001,IDEALPRO-1-172737,EUR/USD.IDEALPRO-MovingAverageCrossover-MA_CROSS,BUY,MARKET,99999.99,1.15231,USD,2.30 USD,TAKER,53b1fb7f-b5db-4d40-879c-c8dd4ac619e3,2025-06-20 03:15:00+00:00,2025-06-20 03:15:00+00:00,{},False
BACKTESTER-001,MovingAverageCrossover-MA_CROSS,EUR/USD.IDEALPRO,IDEALPRO-1-167,IDEALPRO-001,IDEALPRO-1-172965,EUR/USD.IDEALPRO-MovingAverageCrossover-MA_CROSS,SELL,STOP_MARKET,0.01,1.15130,USD,0.00 USD,TAKER,ee66843e-c534-4ee4-a729-b8d6ce7f9a98,2025-06-20 07:02:00+00:00,2025-06-20 07:02:00+00:00,{},False
BACKTESTER-001,MovingAverageCrossover-MA_CROSS,EUR/USD.IDEALPRO,IDEALPRO-1-167,IDEALPRO-001,IDEALPRO-1-172966,EUR/USD.IDEALPRO-MovingAverageCrossover-MA_CROSS,SELL,STOP_MARKET,99999.99,1.15129,USD,2.30 USD,TAKER,b8bfd446-9a9f-441f-a58d-747afcb41b71,2025-06-20 07:02:00+00:00,2025-06-20 07:02:00+00:00,{},False
BACKTESTER-001,MovingAverageCrossover-MA_CROSS,EUR/USD.IDEALPRO,IDEALPRO-1-169,IDEALPRO-001,IDEALPRO-1-174375,EUR/USD.IDEALPRO-MovingAverageCrossover-MA_CROSS,SELL,MARKET,0.01,1.15071,USD,0.00 USD,TAKER,3205cdaa-f2ae-43a5-a83f-50b6a526d143,2025-06-23 06:45:00+00:00,2025-06-23 06:45:00+00:00,{},False
BACKTESTER-001,MovingAverageCrossover-MA_CROSS,EUR/USD.IDEALPRO,IDEALPRO-1-169,IDEALPRO-001,IDEALPRO-1-174376,EUR/USD.IDEALPRO-MovingAverageCrossover-MA_CROSS,SELL,MARKET,99999.99,1.15070,USD,2.30 USD,TAKER,80cba59c-258e-40f9-8537-786bf361a9fa,2025-06-23 06:45:00+00:00,2025-06-23 06:45:00+00:00,{},False
BACKTESTER-001,MovingAverageCrossover-MA_CROSS,EUR/USD.IDEALPRO,IDEALPRO-1-171,IDEALPRO-001,IDEALPRO-1-174541,EUR/USD.IDEALPRO-MovingAverageCrossover-MA_CROSS,BUY,LIMIT,0.01,1.14571,USD,0.00 USD,MAKER,eba51ec6-2177-4186-837d-3c9678c36ef8,2025-06-23 09:29:00+00:00,2025-06-23 09:29:00+00:00,{},False
BACKTESTER-001,MovingAverageCrossover-MA_CROSS,EUR/USD.IDEALPRO,IDEALPRO-1-171,IDEALPRO-001,IDEALPRO-1-174542,EUR/USD.IDEALPRO-MovingAverageCrossover-MA_CROSS,BUY,LIMIT,99999.99,1.14571,USD,2.29 USD,MAKER,45efe50b-a396-4b5b-916a-21e5d4e89724,2025-06-23 09:29:00+00:00,2025-06-23 09:29:00+00:00,{},False
BACKTESTER-001,MovingAverageCrossover-MA_CROSS,EUR/USD.IDEALPRO,IDEALPRO-1-172,IDEALPRO-001,IDEALPRO-1-175024,EUR/USD.IDEALPRO-MovingAverageCrossover-MA_CROSS,BUY,MARKET,0.01,1.15584,USD,0.00 USD,TAKER,f398fbdc-e39b-4cd6-bf40-0547445ea83a,2025-06-23 17:30:00+00:00,2025-06-23 17:30:00+00:00,{},False
BACKTESTER-001,MovingAverageCrossover-MA_CROSS,EUR/USD.IDEALPRO,IDEALPRO-1-172,IDEALPRO-001,IDEALPRO-1-175025,EUR/USD.IDEALPRO-MovingAverageCrossover-MA_CROSS,BUY,MARKET,99999.99,1.15585,USD,2.31 USD,TAKER,c96eb6c8-189a-4bd9-a792-4ee3f5711ac1,2025-06-23 17:30:00+00:00,2025-06-23 17:30:00+00:00,{},False
BACKTESTER-001,MovingAverageCrossover-MA_CROSS,EUR/USD.IDEALPRO,IDEALPRO-1-174,IDEALPRO-001,IDEALPRO-1-175388,EUR/USD.IDEALPRO-MovingAverageCrossover-MA_CROSS,SELL,LIMIT,0.01,1.16084,USD,0.00 USD,MAKER,abb54090-ccab-4c91-ba99-60e645462d41,2025-06-23 23:47:00+00:00,2025-06-23 23:47:00+00:00,{},False
BACKTESTER-001,MovingAverageCrossover-MA_CROSS,EUR/USD.IDEALPRO,IDEALPRO-1-174,IDEALPRO-001,IDEALPRO-1-175450,EUR/USD.IDEALPRO-MovingAverageCrossover-MA_CROSS,SELL,LIMIT,0.01,1.16084,USD,0.00 USD,MAKER,4794c698-0b67-4929-8c3a-6cf0d96b1b31,2025-06-24 00:48:00+00:00,2025-06-24 00:48:00+00:00,{},False
BACKTESTER-001,MovingAverageCrossover-MA_CROSS,EUR/USD.IDEALPRO,IDEALPRO-1-174,IDEALPRO-001,IDEALPRO-1-175451,EUR/USD.IDEALPRO-MovingAverageCrossover-MA_CROSS,SELL,LIMIT,99999.98,1.16084,USD,2.32 USD,MAKER,26b12caf-e1fa-4a8d-8b7c-de6cf0783f18,2025-06-24 00:48:00+00:00,2025-06-24 00:48:00+00:00,{},False
BACKTESTER-001,MovingAverageCrossover-MA_CROSS,EUR/USD.IDEALPRO,IDEALPRO-1-175,IDEALPRO-001,IDEALPRO-1-186264,EUR/USD.IDEALPRO-MovingAverageCrossover-MA_CROSS,SELL,MARKET,0.01,1.17580,USD,0.00 USD,TAKER,3a783330-5970-4672-b4eb-91aa0cb909c7,2025-07-03 14:45:00+00:00,2025-07-03 14:45:00+00:00,{},False
BACKTESTER-001,MovingAverageCrossover-MA_CROSS,EUR/USD.IDEALPRO,IDEALPRO-1-175,IDEALPRO-001,IDEALPRO-1-186265,EUR/USD.IDEALPRO-MovingAverageCrossover-MA_CROSS,SELL,MARKET,99999.99,1.17579,USD,2.35 USD,TAKER,1d420230-9b3f-4706-924b-00e46246b271,2025-07-03 14:45:00+00:00,2025-07-03 14:45:00+00:00,{},False
BACKTESTER-001,MovingAverageCrossover-MA_CROSS,EUR/USD.IDEALPRO,IDEALPRO-1-176,IDEALPRO-001,IDEALPRO-1-186779,EUR/USD.IDEALPRO-MovingAverageCrossover-MA_CROSS,BUY,STOP_MARKET,0.01,1.17680,USD,0.00 USD,TAKER,f9b2a603-b9e5-46ec-a116-7d44cb9d29e1,2025-07-03 23:33:00+00:00,2025-07-03 23:33:00+00:00,{},False
BACKTESTER-001,MovingAverageCrossover-MA_CROSS,EUR/USD.IDEALPRO,IDEALPRO-1-176,IDEALPRO-001,IDEALPRO-1-186780,EUR/USD.IDEALPRO-MovingAverageCrossover-MA_CROSS,BUY,STOP_MARKET,99999.99,1.17681,USD,2.35 USD,TAKER,b9b756bd-4577-49e0-a78c-8142fe906d1a,2025-07-03 23:33:00+00:00,2025-07-03 23:33:00+00:00,{},False
BACKTESTER-001,MovingAverageCrossover-MA_CROSS,EUR/USD.IDEALPRO,IDEALPRO-1-178,IDEALPRO-001,IDEALPRO-1-192823,EUR/USD.IDEALPRO-MovingAverageCrossover-MA_CROSS,BUY,MARKET,0.01,1.17370,USD,0.00 USD,TAKER,0d5a9be9-d17a-4179-9d46-a19381467c71,2025-07-10 05:15:00+00:00,2025-07-10 05:15:00+00:00,{},False
BACKTESTER-001,MovingAverageCrossover-MA_CROSS,EUR/USD.IDEALPRO,IDEALPRO-1-178,IDEALPRO-001,IDEALPRO-1-192824,EUR/USD.IDEALPRO-MovingAverageCrossover-MA_CROSS,BUY,MARKET,99999.99,1.17371,USD,2.35 USD,TAKER,bb593df9-0e20-4662-8e18-de7cac94c77e,2025-07-10 05:15:00+00:00,2025-07-10 05:15:00+00:00,{},False
BACKTESTER-001,MovingAverageCrossover-MA_CROSS,EUR/USD.IDEALPRO,IDEALPRO-1-179,IDEALPRO-001,IDEALPRO-1-192975,EUR/USD.IDEALPRO-MovingAverageCrossover-MA_CROSS,SELL,STOP_MARKET,0.01,1.17270,USD,0.00 USD,TAKER,d0693eaa-7308-471b-b789-9ad355a1d362,2025-07-10 07:45:00+00:00,2025-07-10 07:45:00+00:00,{},False
BACKTESTER-001,MovingAverageCrossover-MA_CROSS,EUR/USD.IDEALPRO,IDEALPRO-1-179,IDEALPRO-001,IDEALPRO-1-192976,EUR/USD.IDEALPRO-MovingAverageCrossover-MA_CROSS,SELL,STOP_MARKET,99999.99,1.17269,USD,2.35 USD,TAKER,ee33ea19-6afe-4bc8-9ace-8b47922d9749,2025-07-10 07:45:00+00:00,2025-07-10 07:45:00+00:00,{},False
BACKTESTER-001,MovingAverageCrossover-MA_CROSS,EUR/USD.IDEALPRO,IDEALPRO-1-181,IDEALPRO-001,IDEALPRO-1-193517,EUR/USD.IDEALPRO-MovingAverageCrossover-MA_CROSS,SELL,MARKET,0.01,1.16840,USD,0.00 USD,TAKER,7fb21edf-1c93-49fa-8901-eb89b96bb061,2025-07-10 16:45:00+00:00,2025-07-10 16:45:00+00:00,{},False
BACKTESTER-001,MovingAverageCrossover-MA_CROSS,EUR/USD.IDEALPRO,IDEALPRO-1-181,IDEALPRO-001,IDEALPRO-1-193518,EUR/USD.IDEALPRO-MovingAverageCrossover-MA_CROSS,SELL,MARKET,99999.99,1.16839,USD,2.34 USD,TAKER,0305e92d-565c-490d-a15f-c7ef41c34a39,2025-07-10 16:45:00+00:00,2025-07-10 16:45:00+00:00,{},False
BACKTESTER-001,MovingAverageCrossover-MA_CROSS,EUR/USD.IDEALPRO,IDEALPRO-1-182,IDEALPRO-001,IDEALPRO-1-193606,EUR/USD.IDEALPRO-MovingAverageCrossover-MA_CROSS,BUY,STOP_MARKET,0.01,1.16940,USD,0.00 USD,TAKER,6fd68be3-fda1-4a2a-b949-73feeb088166,2025-07-10 18:12:00+00:00,2025-07-10 18:12:00+00:00,{},False
BACKTESTER-001,MovingAverageCrossover-MA_CROSS,EUR/USD.IDEALPRO,IDEALPRO-1-182,IDEALPRO-001,IDEALPRO-1-193607,EUR/USD.IDEALPRO-MovingAverageCrossover-MA_CROSS,BUY,STOP_MARKET,99999.99,1.16941,USD,2.34 USD,TAKER,57c5d373-ec6b-4542-a62b-faf5ce708728,2025-07-10 18:12:00+00:00,2025-07-10 18:12:00+00:00,{},False
BACKTESTER-001,MovingAverageCrossover-MA_CROSS,EUR/USD.IDEALPRO,IDEALPRO-1-184,IDEALPRO-001,IDEALPRO-1-201486,EUR/USD.IDEALPRO-MovingAverageCrossover-MA_CROSS,BUY,MARKET,0.01,1.16206,USD,0.00 USD,TAKER,3a4f4827-bfa0-413e-b07b-6459fcad6677,2025-07-18 07:00:00+00:00,2025-07-18 07:00:00+00:00,{},False
BACKTESTER-001,MovingAverageCrossover-MA_CROSS,EUR/USD.IDEALPRO,IDEALPRO-1-184,IDEALPRO-001,IDEALPRO-1-201487,EUR/USD.IDEALPRO-MovingAverageCrossover-MA_CROSS,BUY,MARKET,99999.99,1.16207,USD,2.32 USD,TAKER,4290a1f1-2415-47e4-8e35-1a47b3c3be2d,2025-07-18 07:00:00+00:00,2025-07-18 07:00:00+00:00,{},False
BACKTESTER-001,MovingAverageCrossover-MA_CROSS,EUR/USD.IDEALPRO,IDEALPRO-1-186,IDEALPRO-001,IDEALPRO-1-201909,EUR/USD.IDEALPRO-MovingAverageCrossover-MA_CROSS,SELL,LIMIT,0.01,1.16706,USD,0.00 USD,MAKER,f88a2582-6482-43d6-be52-b4de0d8a11c1,2025-07-18 14:01:00+00:00,2025-07-18 14:01:00+00:00,{},False
BACKTESTER-001,MovingAverageCrossover-MA_CROSS,EUR/USD.IDEALPRO,IDEALPRO-1-186,IDEALPRO-001,IDEALPRO-1-201910,EUR/USD.IDEALPRO-MovingAverageCrossover-MA_CROSS,SELL,LIMIT,99999.99,1.16706,USD,2.33 USD,MAKER,42564e54-9d15-427a-97ac-43f4c97cd58f,2025-07-18 14:01:00+00:00,2025-07-18 14:01:00+00:00,{},False
BACKTESTER-001,MovingAverageCrossover-MA_CROSS,EUR/USD.IDEALPRO,IDEALPRO-1-187,IDEALPRO-001,IDEALPRO-1-208690,EUR/USD.IDEALPRO-MovingAverageCrossover-MA_CROSS,SELL,MARKET,0.01,1.17438,USD,0.00 USD,TAKER,b90960c9-866f-4258-814c-065f943a77d6,2025-07-25 08:15:00+00:00,2025-07-25 08:15:00+00:00,{},False
BACKTESTER-001,MovingAverageCrossover-MA_CROSS,EUR/USD.IDEALPRO,IDEALPRO-1-187,IDEALPRO-001,IDEALPRO-1-208691,EUR/USD.IDEALPRO-MovingAverageCrossover-MA_CROSS,SELL,MARKET,99999.99,1.17437,USD,2.35 USD,TAKER,0d4b9cc1-4f83-454c-a851-56e39042348a,2025-07-25 08:15:00+00:00,2025-07-25 08:15:00+00:00,{},False
BACKTESTER-001,MovingAverageCrossover-MA_CROSS,EUR/USD.IDEALPRO,IDEALPRO-1-188,IDEALPRO-001,IDEALPRO-1-209458,EUR/USD.IDEALPRO-MovingAverageCrossover-MA_CROSS,BUY,STOP_MARKET,0.01,1.17538,USD,0.00 USD,TAKER,edd9dcaf-a2bd-4fc1-8edf-4b42328cadef,2025-07-27 21:16:00+00:00,2025-07-27 21:16:00+00:00,{},False
BACKTESTER-001,MovingAverageCrossover-MA_CROSS,EUR/USD.IDEALPRO,IDEALPRO-1-188,IDEALPRO-001,IDEALPRO-1-209459,EUR/USD.IDEALPRO-MovingAverageCrossover-MA_CROSS,BUY,STOP_MARKET,99999.99,1.17539,USD,2.35 USD,TAKER,50e64728-2e5b-47a0-8b5b-aac9735e0fc8,2025-07-27 21:16:00+00:00,2025-07-27 21:16:00+00:00,{},False
