total,locked,free,currency,account_id,account_type,base_currency,margins,reported,info
100000.00,0.00,100000.00,USD,IDEALPRO-001,MARGIN,,[],True,{}
100000.00,0.00,100000.00,EUR,IDEALPRO-001,MARGIN,,[],True,{}
100000.00,0.00,100000.00,USD,IDEALPRO-001,MARGIN,,[],False,{}
100000.00,0.00,100000.00,EUR,IDEALPRO-001,MARGIN,,[],False,{}
100000.00,0.00,100000.00,USD,IDEALPRO-001,MARGIN,,[],False,{}
100000.00,0.00,100000.00,EUR,IDEALPRO-001,MARGIN,,[],False,{}
100000.00,0.00,100000.00,USD,IDEALPRO-001,MARGIN,,[],False,{}
100000.00,0.00,100000.00,EUR,IDEALPRO-001,MARGIN,,[],False,{}
100000.00,2.33,99997.67,USD,IDEALPRO-001,MARGIN,,"[{'type': 'MarginBalance', 'initial': '0.00', 'maintenance': '2.33', 'currency': 'USD', 'instrument_id': 'EUR/USD.IDEALPRO'}]",False,{}
100000.00,0.00,100000.00,EUR,IDEALPRO-001,MARGIN,,"[{'type': 'MarginBalance', 'initial': '0.00', 'maintenance': '2.33', 'currency': 'USD', 'instrument_id': 'EUR/USD.IDEALPRO'}]",False,{}
100000.00,2.33,99997.67,USD,IDEALPRO-001,MARGIN,,"[{'type': 'MarginBalance', 'initial': '0.00', 'maintenance': '2.33', 'currency': 'USD', 'instrument_id': 'EUR/USD.IDEALPRO'}]",False,{}
100000.00,0.00,100000.00,EUR,IDEALPRO-001,MARGIN,,"[{'type': 'MarginBalance', 'initial': '0.00', 'maintenance': '2.33', 'currency': 'USD', 'instrument_id': 'EUR/USD.IDEALPRO'}]",False,{}
100000.00,2.33,99997.67,USD,IDEALPRO-001,MARGIN,,"[{'type': 'MarginBalance', 'initial': '0.00', 'maintenance': '2.33', 'currency': 'USD', 'instrument_id': 'EUR/USD.IDEALPRO'}]",False,{}
100000.00,0.00,100000.00,EUR,IDEALPRO-001,MARGIN,,"[{'type': 'MarginBalance', 'initial': '0.00', 'maintenance': '2.33', 'currency': 'USD', 'instrument_id': 'EUR/USD.IDEALPRO'}]",False,{}
100000.00,2.33,99997.67,USD,IDEALPRO-001,MARGIN,,"[{'type': 'MarginBalance', 'initial': '0.00', 'maintenance': '2.33', 'currency': 'USD', 'instrument_id': 'EUR/USD.IDEALPRO'}]",False,{}
100000.00,0.00,100000.00,EUR,IDEALPRO-001,MARGIN,,"[{'type': 'MarginBalance', 'initial': '0.00', 'maintenance': '2.33', 'currency': 'USD', 'instrument_id': 'EUR/USD.IDEALPRO'}]",False,{}
99999.96,0.00,99999.96,USD,IDEALPRO-001,MARGIN,,[],False,{}
100000.00,0.00,100000.00,EUR,IDEALPRO-001,MARGIN,,[],False,{}
99999.96,0.00,99999.96,USD,IDEALPRO-001,MARGIN,,[],False,{}
100000.00,0.00,100000.00,EUR,IDEALPRO-001,MARGIN,,[],False,{}
99999.96,0.00,99999.96,USD,IDEALPRO-001,MARGIN,,[],False,{}
100000.00,0.00,100000.00,EUR,IDEALPRO-001,MARGIN,,[],False,{}
99999.96,0.00,99999.96,USD,IDEALPRO-001,MARGIN,,[],False,{}
100000.00,0.00,100000.00,EUR,IDEALPRO-001,MARGIN,,[],False,{}
99999.96,0.00,99999.96,USD,IDEALPRO-001,MARGIN,,[],False,{}
100000.00,0.00,100000.00,EUR,IDEALPRO-001,MARGIN,,[],False,{}
99999.96,0.00,99999.96,USD,IDEALPRO-001,MARGIN,,[],False,{}
100000.00,0.00,100000.00,EUR,IDEALPRO-001,MARGIN,,[],False,{}
99999.96,2.33,99997.63,USD,IDEALPRO-001,MARGIN,,"[{'type': 'MarginBalance', 'initial': '0.00', 'maintenance': '2.33', 'currency': 'USD', 'instrument_id': 'EUR/USD.IDEALPRO'}]",False,{}
100000.00,0.00,100000.00,EUR,IDEALPRO-001,MARGIN,,"[{'type': 'MarginBalance', 'initial': '0.00', 'maintenance': '2.33', 'currency': 'USD', 'instrument_id': 'EUR/USD.IDEALPRO'}]",False,{}
99999.96,2.33,99997.63,USD,IDEALPRO-001,MARGIN,,"[{'type': 'MarginBalance', 'initial': '0.00', 'maintenance': '2.33', 'currency': 'USD', 'instrument_id': 'EUR/USD.IDEALPRO'}]",False,{}
100000.00,0.00,100000.00,EUR,IDEALPRO-001,MARGIN,,"[{'type': 'MarginBalance', 'initial': '0.00', 'maintenance': '2.33', 'currency': 'USD', 'instrument_id': 'EUR/USD.IDEALPRO'}]",False,{}
99999.96,2.33,99997.63,USD,IDEALPRO-001,MARGIN,,"[{'type': 'MarginBalance', 'initial': '0.00', 'maintenance': '2.33', 'currency': 'USD', 'instrument_id': 'EUR/USD.IDEALPRO'}]",False,{}
100000.00,0.00,100000.00,EUR,IDEALPRO-001,MARGIN,,"[{'type': 'MarginBalance', 'initial': '0.00', 'maintenance': '2.33', 'currency': 'USD', 'instrument_id': 'EUR/USD.IDEALPRO'}]",False,{}
99999.96,2.33,99997.63,USD,IDEALPRO-001,MARGIN,,"[{'type': 'MarginBalance', 'initial': '0.00', 'maintenance': '2.33', 'currency': 'USD', 'instrument_id': 'EUR/USD.IDEALPRO'}]",False,{}
100000.00,0.00,100000.00,EUR,IDEALPRO-001,MARGIN,,"[{'type': 'MarginBalance', 'initial': '0.00', 'maintenance': '2.33', 'currency': 'USD', 'instrument_id': 'EUR/USD.IDEALPRO'}]",False,{}
99999.95,0.00,99999.95,USD,IDEALPRO-001,MARGIN,,[],False,{}
100000.00,0.00,100000.00,EUR,IDEALPRO-001,MARGIN,,[],False,{}
99999.95,0.00,99999.95,USD,IDEALPRO-001,MARGIN,,[],False,{}
100000.00,0.00,100000.00,EUR,IDEALPRO-001,MARGIN,,[],False,{}
99999.95,0.00,99999.95,USD,IDEALPRO-001,MARGIN,,[],False,{}
100000.00,0.00,100000.00,EUR,IDEALPRO-001,MARGIN,,[],False,{}
99999.95,0.00,99999.95,USD,IDEALPRO-001,MARGIN,,[],False,{}
100000.00,0.00,100000.00,EUR,IDEALPRO-001,MARGIN,,[],False,{}
99999.95,0.00,99999.95,USD,IDEALPRO-001,MARGIN,,[],False,{}
100000.00,0.00,100000.00,EUR,IDEALPRO-001,MARGIN,,[],False,{}
99999.95,0.00,99999.95,USD,IDEALPRO-001,MARGIN,,[],False,{}
100000.00,0.00,100000.00,EUR,IDEALPRO-001,MARGIN,,[],False,{}
99999.95,2.33,99997.62,USD,IDEALPRO-001,MARGIN,,"[{'type': 'MarginBalance', 'initial': '0.00', 'maintenance': '2.33', 'currency': 'USD', 'instrument_id': 'EUR/USD.IDEALPRO'}]",False,{}
100000.00,0.00,100000.00,EUR,IDEALPRO-001,MARGIN,,"[{'type': 'MarginBalance', 'initial': '0.00', 'maintenance': '2.33', 'currency': 'USD', 'instrument_id': 'EUR/USD.IDEALPRO'}]",False,{}
99999.95,2.33,99997.62,USD,IDEALPRO-001,MARGIN,,"[{'type': 'MarginBalance', 'initial': '0.00', 'maintenance': '2.33', 'currency': 'USD', 'instrument_id': 'EUR/USD.IDEALPRO'}]",False,{}
100000.00,0.00,100000.00,EUR,IDEALPRO-001,MARGIN,,"[{'type': 'MarginBalance', 'initial': '0.00', 'maintenance': '2.33', 'currency': 'USD', 'instrument_id': 'EUR/USD.IDEALPRO'}]",False,{}
99999.95,2.33,99997.62,USD,IDEALPRO-001,MARGIN,,"[{'type': 'MarginBalance', 'initial': '0.00', 'maintenance': '2.33', 'currency': 'USD', 'instrument_id': 'EUR/USD.IDEALPRO'}]",False,{}
100000.00,0.00,100000.00,EUR,IDEALPRO-001,MARGIN,,"[{'type': 'MarginBalance', 'initial': '0.00', 'maintenance': '2.33', 'currency': 'USD', 'instrument_id': 'EUR/USD.IDEALPRO'}]",False,{}
99999.95,2.33,99997.62,USD,IDEALPRO-001,MARGIN,,"[{'type': 'MarginBalance', 'initial': '0.00', 'maintenance': '2.33', 'currency': 'USD', 'instrument_id': 'EUR/USD.IDEALPRO'}]",False,{}
100000.00,0.00,100000.00,EUR,IDEALPRO-001,MARGIN,,"[{'type': 'MarginBalance', 'initial': '0.00', 'maintenance': '2.33', 'currency': 'USD', 'instrument_id': 'EUR/USD.IDEALPRO'}]",False,{}
99999.95,0.00,99999.95,USD,IDEALPRO-001,MARGIN,,[],False,{}
100000.00,0.00,100000.00,EUR,IDEALPRO-001,MARGIN,,[],False,{}
99999.95,0.00,99999.95,USD,IDEALPRO-001,MARGIN,,[],False,{}
100000.00,0.00,100000.00,EUR,IDEALPRO-001,MARGIN,,[],False,{}
99999.95,0.00,99999.95,USD,IDEALPRO-001,MARGIN,,[],False,{}
100000.00,0.00,100000.00,EUR,IDEALPRO-001,MARGIN,,[],False,{}
99999.95,0.00,99999.95,USD,IDEALPRO-001,MARGIN,,[],False,{}
100000.00,0.00,100000.00,EUR,IDEALPRO-001,MARGIN,,[],False,{}
99999.95,0.00,99999.95,USD,IDEALPRO-001,MARGIN,,[],False,{}
100000.00,0.00,100000.00,EUR,IDEALPRO-001,MARGIN,,[],False,{}
99999.95,0.00,99999.95,USD,IDEALPRO-001,MARGIN,,[],False,{}
100000.00,0.00,100000.00,EUR,IDEALPRO-001,MARGIN,,[],False,{}
99999.95,2.33,99997.62,USD,IDEALPRO-001,MARGIN,,"[{'type': 'MarginBalance', 'initial': '0.00', 'maintenance': '2.33', 'currency': 'USD', 'instrument_id': 'EUR/USD.IDEALPRO'}]",False,{}
100000.00,0.00,100000.00,EUR,IDEALPRO-001,MARGIN,,"[{'type': 'MarginBalance', 'initial': '0.00', 'maintenance': '2.33', 'currency': 'USD', 'instrument_id': 'EUR/USD.IDEALPRO'}]",False,{}
99999.95,2.33,99997.62,USD,IDEALPRO-001,MARGIN,,"[{'type': 'MarginBalance', 'initial': '0.00', 'maintenance': '2.33', 'currency': 'USD', 'instrument_id': 'EUR/USD.IDEALPRO'}]",False,{}
100000.00,0.00,100000.00,EUR,IDEALPRO-001,MARGIN,,"[{'type': 'MarginBalance', 'initial': '0.00', 'maintenance': '2.33', 'currency': 'USD', 'instrument_id': 'EUR/USD.IDEALPRO'}]",False,{}
99999.95,2.33,99997.62,USD,IDEALPRO-001,MARGIN,,"[{'type': 'MarginBalance', 'initial': '0.00', 'maintenance': '2.33', 'currency': 'USD', 'instrument_id': 'EUR/USD.IDEALPRO'}]",False,{}
100000.00,0.00,100000.00,EUR,IDEALPRO-001,MARGIN,,"[{'type': 'MarginBalance', 'initial': '0.00', 'maintenance': '2.33', 'currency': 'USD', 'instrument_id': 'EUR/USD.IDEALPRO'}]",False,{}
99999.89,0.00,99999.89,USD,IDEALPRO-001,MARGIN,,[],False,{}
100000.00,0.00,100000.00,EUR,IDEALPRO-001,MARGIN,,[],False,{}
99999.89,0.00,99999.89,USD,IDEALPRO-001,MARGIN,,[],False,{}
100000.00,0.00,100000.00,EUR,IDEALPRO-001,MARGIN,,[],False,{}
99999.89,0.00,99999.89,USD,IDEALPRO-001,MARGIN,,[],False,{}
100000.00,0.00,100000.00,EUR,IDEALPRO-001,MARGIN,,[],False,{}
99999.89,0.00,99999.89,USD,IDEALPRO-001,MARGIN,,[],False,{}
100000.00,0.00,100000.00,EUR,IDEALPRO-001,MARGIN,,[],False,{}
99999.89,0.00,99999.89,USD,IDEALPRO-001,MARGIN,,[],False,{}
100000.00,0.00,100000.00,EUR,IDEALPRO-001,MARGIN,,[],False,{}
99999.89,2.33,99997.56,USD,IDEALPRO-001,MARGIN,,"[{'type': 'MarginBalance', 'initial': '0.00', 'maintenance': '2.33', 'currency': 'USD', 'instrument_id': 'EUR/USD.IDEALPRO'}]",False,{}
100000.00,0.00,100000.00,EUR,IDEALPRO-001,MARGIN,,"[{'type': 'MarginBalance', 'initial': '0.00', 'maintenance': '2.33', 'currency': 'USD', 'instrument_id': 'EUR/USD.IDEALPRO'}]",False,{}
99999.89,2.33,99997.56,USD,IDEALPRO-001,MARGIN,,"[{'type': 'MarginBalance', 'initial': '0.00', 'maintenance': '2.33', 'currency': 'USD', 'instrument_id': 'EUR/USD.IDEALPRO'}]",False,{}
100000.00,0.00,100000.00,EUR,IDEALPRO-001,MARGIN,,"[{'type': 'MarginBalance', 'initial': '0.00', 'maintenance': '2.33', 'currency': 'USD', 'instrument_id': 'EUR/USD.IDEALPRO'}]",False,{}
99999.89,2.33,99997.56,USD,IDEALPRO-001,MARGIN,,"[{'type': 'MarginBalance', 'initial': '0.00', 'maintenance': '2.33', 'currency': 'USD', 'instrument_id': 'EUR/USD.IDEALPRO'}]",False,{}
100000.00,0.00,100000.00,EUR,IDEALPRO-001,MARGIN,,"[{'type': 'MarginBalance', 'initial': '0.00', 'maintenance': '2.33', 'currency': 'USD', 'instrument_id': 'EUR/USD.IDEALPRO'}]",False,{}
99999.89,2.33,99997.56,USD,IDEALPRO-001,MARGIN,,"[{'type': 'MarginBalance', 'initial': '0.00', 'maintenance': '2.33', 'currency': 'USD', 'instrument_id': 'EUR/USD.IDEALPRO'}]",False,{}
100000.00,0.00,100000.00,EUR,IDEALPRO-001,MARGIN,,"[{'type': 'MarginBalance', 'initial': '0.00', 'maintenance': '2.33', 'currency': 'USD', 'instrument_id': 'EUR/USD.IDEALPRO'}]",False,{}
99999.87,0.00,99999.87,USD,IDEALPRO-001,MARGIN,,[],False,{}
100000.00,0.00,100000.00,EUR,IDEALPRO-001,MARGIN,,[],False,{}
99999.87,0.00,99999.87,USD,IDEALPRO-001,MARGIN,,[],False,{}
100000.00,0.00,100000.00,EUR,IDEALPRO-001,MARGIN,,[],False,{}
99999.87,0.00,99999.87,USD,IDEALPRO-001,MARGIN,,[],False,{}
100000.00,0.00,100000.00,EUR,IDEALPRO-001,MARGIN,,[],False,{}
99999.87,0.00,99999.87,USD,IDEALPRO-001,MARGIN,,[],False,{}
100000.00,0.00,100000.00,EUR,IDEALPRO-001,MARGIN,,[],False,{}
99999.87,0.00,99999.87,USD,IDEALPRO-001,MARGIN,,[],False,{}
100000.00,0.00,100000.00,EUR,IDEALPRO-001,MARGIN,,[],False,{}
99999.87,0.00,99999.87,USD,IDEALPRO-001,MARGIN,,[],False,{}
100000.00,0.00,100000.00,EUR,IDEALPRO-001,MARGIN,,[],False,{}
99999.87,2.33,99997.54,USD,IDEALPRO-001,MARGIN,,"[{'type': 'MarginBalance', 'initial': '0.00', 'maintenance': '2.33', 'currency': 'USD', 'instrument_id': 'EUR/USD.IDEALPRO'}]",False,{}
100000.00,0.00,100000.00,EUR,IDEALPRO-001,MARGIN,,"[{'type': 'MarginBalance', 'initial': '0.00', 'maintenance': '2.33', 'currency': 'USD', 'instrument_id': 'EUR/USD.IDEALPRO'}]",False,{}
99999.87,2.33,99997.54,USD,IDEALPRO-001,MARGIN,,"[{'type': 'MarginBalance', 'initial': '0.00', 'maintenance': '2.33', 'currency': 'USD', 'instrument_id': 'EUR/USD.IDEALPRO'}]",False,{}
100000.00,0.00,100000.00,EUR,IDEALPRO-001,MARGIN,,"[{'type': 'MarginBalance', 'initial': '0.00', 'maintenance': '2.33', 'currency': 'USD', 'instrument_id': 'EUR/USD.IDEALPRO'}]",False,{}
99999.87,2.33,99997.54,USD,IDEALPRO-001,MARGIN,,"[{'type': 'MarginBalance', 'initial': '0.00', 'maintenance': '2.33', 'currency': 'USD', 'instrument_id': 'EUR/USD.IDEALPRO'}]",False,{}
100000.00,0.00,100000.00,EUR,IDEALPRO-001,MARGIN,,"[{'type': 'MarginBalance', 'initial': '0.00', 'maintenance': '2.33', 'currency': 'USD', 'instrument_id': 'EUR/USD.IDEALPRO'}]",False,{}
99999.87,2.33,99997.54,USD,IDEALPRO-001,MARGIN,,"[{'type': 'MarginBalance', 'initial': '0.00', 'maintenance': '2.33', 'currency': 'USD', 'instrument_id': 'EUR/USD.IDEALPRO'}]",False,{}
100000.00,0.00,100000.00,EUR,IDEALPRO-001,MARGIN,,"[{'type': 'MarginBalance', 'initial': '0.00', 'maintenance': '2.33', 'currency': 'USD', 'instrument_id': 'EUR/USD.IDEALPRO'}]",False,{}
99999.99,0.00,99999.99,USD,IDEALPRO-001,MARGIN,,[],False,{}
100000.00,0.00,100000.00,EUR,IDEALPRO-001,MARGIN,,[],False,{}
99999.99,0.00,99999.99,USD,IDEALPRO-001,MARGIN,,[],False,{}
100000.00,0.00,100000.00,EUR,IDEALPRO-001,MARGIN,,[],False,{}
99999.99,0.00,99999.99,USD,IDEALPRO-001,MARGIN,,[],False,{}
100000.00,0.00,100000.00,EUR,IDEALPRO-001,MARGIN,,[],False,{}
99999.99,0.00,99999.99,USD,IDEALPRO-001,MARGIN,,[],False,{}
100000.00,0.00,100000.00,EUR,IDEALPRO-001,MARGIN,,[],False,{}
99999.99,0.00,99999.99,USD,IDEALPRO-001,MARGIN,,[],False,{}
100000.00,0.00,100000.00,EUR,IDEALPRO-001,MARGIN,,[],False,{}
99999.99,0.00,99999.99,USD,IDEALPRO-001,MARGIN,,[],False,{}
100000.00,0.00,100000.00,EUR,IDEALPRO-001,MARGIN,,[],False,{}
99999.99,2.33,99997.66,USD,IDEALPRO-001,MARGIN,,"[{'type': 'MarginBalance', 'initial': '0.00', 'maintenance': '2.33', 'currency': 'USD', 'instrument_id': 'EUR/USD.IDEALPRO'}]",False,{}
100000.00,0.00,100000.00,EUR,IDEALPRO-001,MARGIN,,"[{'type': 'MarginBalance', 'initial': '0.00', 'maintenance': '2.33', 'currency': 'USD', 'instrument_id': 'EUR/USD.IDEALPRO'}]",False,{}
99999.99,2.33,99997.66,USD,IDEALPRO-001,MARGIN,,"[{'type': 'MarginBalance', 'initial': '0.00', 'maintenance': '2.33', 'currency': 'USD', 'instrument_id': 'EUR/USD.IDEALPRO'}]",False,{}
100000.00,0.00,100000.00,EUR,IDEALPRO-001,MARGIN,,"[{'type': 'MarginBalance', 'initial': '0.00', 'maintenance': '2.33', 'currency': 'USD', 'instrument_id': 'EUR/USD.IDEALPRO'}]",False,{}
99999.99,2.33,99997.66,USD,IDEALPRO-001,MARGIN,,"[{'type': 'MarginBalance', 'initial': '0.00', 'maintenance': '2.33', 'currency': 'USD', 'instrument_id': 'EUR/USD.IDEALPRO'}]",False,{}
100000.00,0.00,100000.00,EUR,IDEALPRO-001,MARGIN,,"[{'type': 'MarginBalance', 'initial': '0.00', 'maintenance': '2.33', 'currency': 'USD', 'instrument_id': 'EUR/USD.IDEALPRO'}]",False,{}
99999.99,2.33,99997.66,USD,IDEALPRO-001,MARGIN,,"[{'type': 'MarginBalance', 'initial': '0.00', 'maintenance': '2.33', 'currency': 'USD', 'instrument_id': 'EUR/USD.IDEALPRO'}]",False,{}
100000.00,0.00,100000.00,EUR,IDEALPRO-001,MARGIN,,"[{'type': 'MarginBalance', 'initial': '0.00', 'maintenance': '2.33', 'currency': 'USD', 'instrument_id': 'EUR/USD.IDEALPRO'}]",False,{}
99999.96,0.00,99999.96,USD,IDEALPRO-001,MARGIN,,[],False,{}
100000.00,0.00,100000.00,EUR,IDEALPRO-001,MARGIN,,[],False,{}
99999.96,0.00,99999.96,USD,IDEALPRO-001,MARGIN,,[],False,{}
100000.00,0.00,100000.00,EUR,IDEALPRO-001,MARGIN,,[],False,{}
99999.96,0.00,99999.96,USD,IDEALPRO-001,MARGIN,,[],False,{}
100000.00,0.00,100000.00,EUR,IDEALPRO-001,MARGIN,,[],False,{}
99999.96,0.00,99999.96,USD,IDEALPRO-001,MARGIN,,[],False,{}
100000.00,0.00,100000.00,EUR,IDEALPRO-001,MARGIN,,[],False,{}
99999.96,0.00,99999.96,USD,IDEALPRO-001,MARGIN,,[],False,{}
100000.00,0.00,100000.00,EUR,IDEALPRO-001,MARGIN,,[],False,{}
99999.96,0.00,99999.96,USD,IDEALPRO-001,MARGIN,,[],False,{}
100000.00,0.00,100000.00,EUR,IDEALPRO-001,MARGIN,,[],False,{}
99999.96,2.34,99997.62,USD,IDEALPRO-001,MARGIN,,"[{'type': 'MarginBalance', 'initial': '0.00', 'maintenance': '2.34', 'currency': 'USD', 'instrument_id': 'EUR/USD.IDEALPRO'}]",False,{}
100000.00,0.00,100000.00,EUR,IDEALPRO-001,MARGIN,,"[{'type': 'MarginBalance', 'initial': '0.00', 'maintenance': '2.34', 'currency': 'USD', 'instrument_id': 'EUR/USD.IDEALPRO'}]",False,{}
99999.96,2.34,99997.62,USD,IDEALPRO-001,MARGIN,,"[{'type': 'MarginBalance', 'initial': '0.00', 'maintenance': '2.34', 'currency': 'USD', 'instrument_id': 'EUR/USD.IDEALPRO'}]",False,{}
100000.00,0.00,100000.00,EUR,IDEALPRO-001,MARGIN,,"[{'type': 'MarginBalance', 'initial': '0.00', 'maintenance': '2.34', 'currency': 'USD', 'instrument_id': 'EUR/USD.IDEALPRO'}]",False,{}
99999.96,2.34,99997.62,USD,IDEALPRO-001,MARGIN,,"[{'type': 'MarginBalance', 'initial': '0.00', 'maintenance': '2.34', 'currency': 'USD', 'instrument_id': 'EUR/USD.IDEALPRO'}]",False,{}
100000.00,0.00,100000.00,EUR,IDEALPRO-001,MARGIN,,"[{'type': 'MarginBalance', 'initial': '0.00', 'maintenance': '2.34', 'currency': 'USD', 'instrument_id': 'EUR/USD.IDEALPRO'}]",False,{}
99999.90,0.00,99999.90,USD,IDEALPRO-001,MARGIN,,[],False,{}
100000.00,0.00,100000.00,EUR,IDEALPRO-001,MARGIN,,[],False,{}
99999.90,0.00,99999.90,USD,IDEALPRO-001,MARGIN,,[],False,{}
100000.00,0.00,100000.00,EUR,IDEALPRO-001,MARGIN,,[],False,{}
99999.90,0.00,99999.90,USD,IDEALPRO-001,MARGIN,,[],False,{}
100000.00,0.00,100000.00,EUR,IDEALPRO-001,MARGIN,,[],False,{}
99999.90,0.00,99999.90,USD,IDEALPRO-001,MARGIN,,[],False,{}
100000.00,0.00,100000.00,EUR,IDEALPRO-001,MARGIN,,[],False,{}
99999.90,0.00,99999.90,USD,IDEALPRO-001,MARGIN,,[],False,{}
100000.00,0.00,100000.00,EUR,IDEALPRO-001,MARGIN,,[],False,{}
99999.90,2.33,99997.57,USD,IDEALPRO-001,MARGIN,,"[{'type': 'MarginBalance', 'initial': '0.00', 'maintenance': '2.33', 'currency': 'USD', 'instrument_id': 'EUR/USD.IDEALPRO'}]",False,{}
100000.00,0.00,100000.00,EUR,IDEALPRO-001,MARGIN,,"[{'type': 'MarginBalance', 'initial': '0.00', 'maintenance': '2.33', 'currency': 'USD', 'instrument_id': 'EUR/USD.IDEALPRO'}]",False,{}
99999.90,2.33,99997.57,USD,IDEALPRO-001,MARGIN,,"[{'type': 'MarginBalance', 'initial': '0.00', 'maintenance': '2.33', 'currency': 'USD', 'instrument_id': 'EUR/USD.IDEALPRO'}]",False,{}
100000.00,0.00,100000.00,EUR,IDEALPRO-001,MARGIN,,"[{'type': 'MarginBalance', 'initial': '0.00', 'maintenance': '2.33', 'currency': 'USD', 'instrument_id': 'EUR/USD.IDEALPRO'}]",False,{}
99999.90,2.33,99997.57,USD,IDEALPRO-001,MARGIN,,"[{'type': 'MarginBalance', 'initial': '0.00', 'maintenance': '2.33', 'currency': 'USD', 'instrument_id': 'EUR/USD.IDEALPRO'}]",False,{}
100000.00,0.00,100000.00,EUR,IDEALPRO-001,MARGIN,,"[{'type': 'MarginBalance', 'initial': '0.00', 'maintenance': '2.33', 'currency': 'USD', 'instrument_id': 'EUR/USD.IDEALPRO'}]",False,{}
99999.84,0.00,99999.84,USD,IDEALPRO-001,MARGIN,,[],False,{}
100000.00,0.00,100000.00,EUR,IDEALPRO-001,MARGIN,,[],False,{}
99999.84,0.00,99999.84,USD,IDEALPRO-001,MARGIN,,[],False,{}
100000.00,0.00,100000.00,EUR,IDEALPRO-001,MARGIN,,[],False,{}
99999.84,0.00,99999.84,USD,IDEALPRO-001,MARGIN,,[],False,{}
100000.00,0.00,100000.00,EUR,IDEALPRO-001,MARGIN,,[],False,{}
99999.84,0.00,99999.84,USD,IDEALPRO-001,MARGIN,,[],False,{}
100000.00,0.00,100000.00,EUR,IDEALPRO-001,MARGIN,,[],False,{}
99999.84,0.00,99999.84,USD,IDEALPRO-001,MARGIN,,[],False,{}
100000.00,0.00,100000.00,EUR,IDEALPRO-001,MARGIN,,[],False,{}
99999.84,2.34,99997.50,USD,IDEALPRO-001,MARGIN,,"[{'type': 'MarginBalance', 'initial': '0.00', 'maintenance': '2.34', 'currency': 'USD', 'instrument_id': 'EUR/USD.IDEALPRO'}]",False,{}
100000.00,0.00,100000.00,EUR,IDEALPRO-001,MARGIN,,"[{'type': 'MarginBalance', 'initial': '0.00', 'maintenance': '2.34', 'currency': 'USD', 'instrument_id': 'EUR/USD.IDEALPRO'}]",False,{}
99999.84,2.33,99997.51,USD,IDEALPRO-001,MARGIN,,"[{'type': 'MarginBalance', 'initial': '0.00', 'maintenance': '2.33', 'currency': 'USD', 'instrument_id': 'EUR/USD.IDEALPRO'}]",False,{}
100000.00,0.00,100000.00,EUR,IDEALPRO-001,MARGIN,,"[{'type': 'MarginBalance', 'initial': '0.00', 'maintenance': '2.33', 'currency': 'USD', 'instrument_id': 'EUR/USD.IDEALPRO'}]",False,{}
99999.84,2.33,99997.51,USD,IDEALPRO-001,MARGIN,,"[{'type': 'MarginBalance', 'initial': '0.00', 'maintenance': '2.33', 'currency': 'USD', 'instrument_id': 'EUR/USD.IDEALPRO'}]",False,{}
100000.00,0.00,100000.00,EUR,IDEALPRO-001,MARGIN,,"[{'type': 'MarginBalance', 'initial': '0.00', 'maintenance': '2.33', 'currency': 'USD', 'instrument_id': 'EUR/USD.IDEALPRO'}]",False,{}
99999.84,2.33,99997.51,USD,IDEALPRO-001,MARGIN,,"[{'type': 'MarginBalance', 'initial': '0.00', 'maintenance': '2.33', 'currency': 'USD', 'instrument_id': 'EUR/USD.IDEALPRO'}]",False,{}
100000.00,0.00,100000.00,EUR,IDEALPRO-001,MARGIN,,"[{'type': 'MarginBalance', 'initial': '0.00', 'maintenance': '2.33', 'currency': 'USD', 'instrument_id': 'EUR/USD.IDEALPRO'}]",False,{}
99999.84,0.00,99999.84,USD,IDEALPRO-001,MARGIN,,[],False,{}
100000.00,0.00,100000.00,EUR,IDEALPRO-001,MARGIN,,[],False,{}
99999.84,0.00,99999.84,USD,IDEALPRO-001,MARGIN,,[],False,{}
100000.00,0.00,100000.00,EUR,IDEALPRO-001,MARGIN,,[],False,{}
99999.84,0.00,99999.84,USD,IDEALPRO-001,MARGIN,,[],False,{}
100000.00,0.00,100000.00,EUR,IDEALPRO-001,MARGIN,,[],False,{}
99999.84,0.00,99999.84,USD,IDEALPRO-001,MARGIN,,[],False,{}
100000.00,0.00,100000.00,EUR,IDEALPRO-001,MARGIN,,[],False,{}
99999.84,0.00,99999.84,USD,IDEALPRO-001,MARGIN,,[],False,{}
100000.00,0.00,100000.00,EUR,IDEALPRO-001,MARGIN,,[],False,{}
99999.84,0.00,99999.84,USD,IDEALPRO-001,MARGIN,,[],False,{}
100000.00,0.00,100000.00,EUR,IDEALPRO-001,MARGIN,,[],False,{}
99999.84,2.34,99997.50,USD,IDEALPRO-001,MARGIN,,"[{'type': 'MarginBalance', 'initial': '0.00', 'maintenance': '2.34', 'currency': 'USD', 'instrument_id': 'EUR/USD.IDEALPRO'}]",False,{}
100000.00,0.00,100000.00,EUR,IDEALPRO-001,MARGIN,,"[{'type': 'MarginBalance', 'initial': '0.00', 'maintenance': '2.34', 'currency': 'USD', 'instrument_id': 'EUR/USD.IDEALPRO'}]",False,{}
99999.84,2.34,99997.50,USD,IDEALPRO-001,MARGIN,,"[{'type': 'MarginBalance', 'initial': '0.00', 'maintenance': '2.34', 'currency': 'USD', 'instrument_id': 'EUR/USD.IDEALPRO'}]",False,{}
100000.00,0.00,100000.00,EUR,IDEALPRO-001,MARGIN,,"[{'type': 'MarginBalance', 'initial': '0.00', 'maintenance': '2.34', 'currency': 'USD', 'instrument_id': 'EUR/USD.IDEALPRO'}]",False,{}
99999.84,2.34,99997.50,USD,IDEALPRO-001,MARGIN,,"[{'type': 'MarginBalance', 'initial': '0.00', 'maintenance': '2.34', 'currency': 'USD', 'instrument_id': 'EUR/USD.IDEALPRO'}]",False,{}
100000.00,0.00,100000.00,EUR,IDEALPRO-001,MARGIN,,"[{'type': 'MarginBalance', 'initial': '0.00', 'maintenance': '2.34', 'currency': 'USD', 'instrument_id': 'EUR/USD.IDEALPRO'}]",False,{}
99999.84,2.34,99997.50,USD,IDEALPRO-001,MARGIN,,"[{'type': 'MarginBalance', 'initial': '0.00', 'maintenance': '2.34', 'currency': 'USD', 'instrument_id': 'EUR/USD.IDEALPRO'}]",False,{}
100000.00,0.00,100000.00,EUR,IDEALPRO-001,MARGIN,,"[{'type': 'MarginBalance', 'initial': '0.00', 'maintenance': '2.34', 'currency': 'USD', 'instrument_id': 'EUR/USD.IDEALPRO'}]",False,{}
99999.86,0.00,99999.86,USD,IDEALPRO-001,MARGIN,,[],False,{}
100000.00,0.00,100000.00,EUR,IDEALPRO-001,MARGIN,,[],False,{}
99999.86,0.00,99999.86,USD,IDEALPRO-001,MARGIN,,[],False,{}
100000.00,0.00,100000.00,EUR,IDEALPRO-001,MARGIN,,[],False,{}
99999.86,0.00,99999.86,USD,IDEALPRO-001,MARGIN,,[],False,{}
100000.00,0.00,100000.00,EUR,IDEALPRO-001,MARGIN,,[],False,{}
99999.86,0.00,99999.86,USD,IDEALPRO-001,MARGIN,,[],False,{}
100000.00,0.00,100000.00,EUR,IDEALPRO-001,MARGIN,,[],False,{}
99999.86,0.00,99999.86,USD,IDEALPRO-001,MARGIN,,[],False,{}
100000.00,0.00,100000.00,EUR,IDEALPRO-001,MARGIN,,[],False,{}
99999.86,0.00,99999.86,USD,IDEALPRO-001,MARGIN,,[],False,{}
100000.00,0.00,100000.00,EUR,IDEALPRO-001,MARGIN,,[],False,{}
99999.86,2.34,99997.52,USD,IDEALPRO-001,MARGIN,,"[{'type': 'MarginBalance', 'initial': '0.00', 'maintenance': '2.34', 'currency': 'USD', 'instrument_id': 'EUR/USD.IDEALPRO'}]",False,{}
100000.00,0.00,100000.00,EUR,IDEALPRO-001,MARGIN,,"[{'type': 'MarginBalance', 'initial': '0.00', 'maintenance': '2.34', 'currency': 'USD', 'instrument_id': 'EUR/USD.IDEALPRO'}]",False,{}
99999.86,2.34,99997.52,USD,IDEALPRO-001,MARGIN,,"[{'type': 'MarginBalance', 'initial': '0.00', 'maintenance': '2.34', 'currency': 'USD', 'instrument_id': 'EUR/USD.IDEALPRO'}]",False,{}
100000.00,0.00,100000.00,EUR,IDEALPRO-001,MARGIN,,"[{'type': 'MarginBalance', 'initial': '0.00', 'maintenance': '2.34', 'currency': 'USD', 'instrument_id': 'EUR/USD.IDEALPRO'}]",False,{}
99999.86,2.34,99997.52,USD,IDEALPRO-001,MARGIN,,"[{'type': 'MarginBalance', 'initial': '0.00', 'maintenance': '2.34', 'currency': 'USD', 'instrument_id': 'EUR/USD.IDEALPRO'}]",False,{}
100000.00,0.00,100000.00,EUR,IDEALPRO-001,MARGIN,,"[{'type': 'MarginBalance', 'initial': '0.00', 'maintenance': '2.34', 'currency': 'USD', 'instrument_id': 'EUR/USD.IDEALPRO'}]",False,{}
99999.80,0.00,99999.80,USD,IDEALPRO-001,MARGIN,,[],False,{}
100000.00,0.00,100000.00,EUR,IDEALPRO-001,MARGIN,,[],False,{}
99999.80,0.00,99999.80,USD,IDEALPRO-001,MARGIN,,[],False,{}
100000.00,0.00,100000.00,EUR,IDEALPRO-001,MARGIN,,[],False,{}
99999.80,0.00,99999.80,USD,IDEALPRO-001,MARGIN,,[],False,{}
100000.00,0.00,100000.00,EUR,IDEALPRO-001,MARGIN,,[],False,{}
99999.80,0.00,99999.80,USD,IDEALPRO-001,MARGIN,,[],False,{}
100000.00,0.00,100000.00,EUR,IDEALPRO-001,MARGIN,,[],False,{}
99999.80,0.00,99999.80,USD,IDEALPRO-001,MARGIN,,[],False,{}
100000.00,0.00,100000.00,EUR,IDEALPRO-001,MARGIN,,[],False,{}
99999.80,2.34,99997.46,USD,IDEALPRO-001,MARGIN,,"[{'type': 'MarginBalance', 'initial': '0.00', 'maintenance': '2.34', 'currency': 'USD', 'instrument_id': 'EUR/USD.IDEALPRO'}]",False,{}
100000.00,0.00,100000.00,EUR,IDEALPRO-001,MARGIN,,"[{'type': 'MarginBalance', 'initial': '0.00', 'maintenance': '2.34', 'currency': 'USD', 'instrument_id': 'EUR/USD.IDEALPRO'}]",False,{}
99999.80,2.34,99997.46,USD,IDEALPRO-001,MARGIN,,"[{'type': 'MarginBalance', 'initial': '0.00', 'maintenance': '2.34', 'currency': 'USD', 'instrument_id': 'EUR/USD.IDEALPRO'}]",False,{}
100000.00,0.00,100000.00,EUR,IDEALPRO-001,MARGIN,,"[{'type': 'MarginBalance', 'initial': '0.00', 'maintenance': '2.34', 'currency': 'USD', 'instrument_id': 'EUR/USD.IDEALPRO'}]",False,{}
99999.80,2.34,99997.46,USD,IDEALPRO-001,MARGIN,,"[{'type': 'MarginBalance', 'initial': '0.00', 'maintenance': '2.34', 'currency': 'USD', 'instrument_id': 'EUR/USD.IDEALPRO'}]",False,{}
100000.00,0.00,100000.00,EUR,IDEALPRO-001,MARGIN,,"[{'type': 'MarginBalance', 'initial': '0.00', 'maintenance': '2.34', 'currency': 'USD', 'instrument_id': 'EUR/USD.IDEALPRO'}]",False,{}
99999.80,2.34,99997.46,USD,IDEALPRO-001,MARGIN,,"[{'type': 'MarginBalance', 'initial': '0.00', 'maintenance': '2.34', 'currency': 'USD', 'instrument_id': 'EUR/USD.IDEALPRO'}]",False,{}
100000.00,0.00,100000.00,EUR,IDEALPRO-001,MARGIN,,"[{'type': 'MarginBalance', 'initial': '0.00', 'maintenance': '2.34', 'currency': 'USD', 'instrument_id': 'EUR/USD.IDEALPRO'}]",False,{}
99999.94,0.00,99999.94,USD,IDEALPRO-001,MARGIN,,[],False,{}
100000.00,0.00,100000.00,EUR,IDEALPRO-001,MARGIN,,[],False,{}
99999.94,0.00,99999.94,USD,IDEALPRO-001,MARGIN,,[],False,{}
100000.00,0.00,100000.00,EUR,IDEALPRO-001,MARGIN,,[],False,{}
99999.94,0.00,99999.94,USD,IDEALPRO-001,MARGIN,,[],False,{}
100000.00,0.00,100000.00,EUR,IDEALPRO-001,MARGIN,,[],False,{}
99999.94,0.00,99999.94,USD,IDEALPRO-001,MARGIN,,[],False,{}
100000.00,0.00,100000.00,EUR,IDEALPRO-001,MARGIN,,[],False,{}
99999.94,0.00,99999.94,USD,IDEALPRO-001,MARGIN,,[],False,{}
100000.00,0.00,100000.00,EUR,IDEALPRO-001,MARGIN,,[],False,{}
99999.94,0.00,99999.94,USD,IDEALPRO-001,MARGIN,,[],False,{}
100000.00,0.00,100000.00,EUR,IDEALPRO-001,MARGIN,,[],False,{}
99999.94,2.33,99997.61,USD,IDEALPRO-001,MARGIN,,"[{'type': 'MarginBalance', 'initial': '0.00', 'maintenance': '2.33', 'currency': 'USD', 'instrument_id': 'EUR/USD.IDEALPRO'}]",False,{}
100000.00,0.00,100000.00,EUR,IDEALPRO-001,MARGIN,,"[{'type': 'MarginBalance', 'initial': '0.00', 'maintenance': '2.33', 'currency': 'USD', 'instrument_id': 'EUR/USD.IDEALPRO'}]",False,{}
99999.94,2.33,99997.61,USD,IDEALPRO-001,MARGIN,,"[{'type': 'MarginBalance', 'initial': '0.00', 'maintenance': '2.33', 'currency': 'USD', 'instrument_id': 'EUR/USD.IDEALPRO'}]",False,{}
100000.00,0.00,100000.00,EUR,IDEALPRO-001,MARGIN,,"[{'type': 'MarginBalance', 'initial': '0.00', 'maintenance': '2.33', 'currency': 'USD', 'instrument_id': 'EUR/USD.IDEALPRO'}]",False,{}
99999.94,2.33,99997.61,USD,IDEALPRO-001,MARGIN,,"[{'type': 'MarginBalance', 'initial': '0.00', 'maintenance': '2.33', 'currency': 'USD', 'instrument_id': 'EUR/USD.IDEALPRO'}]",False,{}
100000.00,0.00,100000.00,EUR,IDEALPRO-001,MARGIN,,"[{'type': 'MarginBalance', 'initial': '0.00', 'maintenance': '2.33', 'currency': 'USD', 'instrument_id': 'EUR/USD.IDEALPRO'}]",False,{}
99999.94,2.33,99997.61,USD,IDEALPRO-001,MARGIN,,"[{'type': 'MarginBalance', 'initial': '0.00', 'maintenance': '2.33', 'currency': 'USD', 'instrument_id': 'EUR/USD.IDEALPRO'}]",False,{}
100000.00,0.00,100000.00,EUR,IDEALPRO-001,MARGIN,,"[{'type': 'MarginBalance', 'initial': '0.00', 'maintenance': '2.33', 'currency': 'USD', 'instrument_id': 'EUR/USD.IDEALPRO'}]",False,{}
100000.12,0.00,100000.12,USD,IDEALPRO-001,MARGIN,,[],False,{}
100000.00,0.00,100000.00,EUR,IDEALPRO-001,MARGIN,,[],False,{}
100000.12,0.00,100000.12,USD,IDEALPRO-001,MARGIN,,[],False,{}
100000.00,0.00,100000.00,EUR,IDEALPRO-001,MARGIN,,[],False,{}
100000.12,0.00,100000.12,USD,IDEALPRO-001,MARGIN,,[],False,{}
100000.00,0.00,100000.00,EUR,IDEALPRO-001,MARGIN,,[],False,{}
100000.12,0.00,100000.12,USD,IDEALPRO-001,MARGIN,,[],False,{}
100000.00,0.00,100000.00,EUR,IDEALPRO-001,MARGIN,,[],False,{}
100000.12,0.00,100000.12,USD,IDEALPRO-001,MARGIN,,[],False,{}
100000.00,0.00,100000.00,EUR,IDEALPRO-001,MARGIN,,[],False,{}
100000.12,0.00,100000.12,USD,IDEALPRO-001,MARGIN,,[],False,{}
100000.00,0.00,100000.00,EUR,IDEALPRO-001,MARGIN,,[],False,{}
100000.12,2.33,99997.79,USD,IDEALPRO-001,MARGIN,,"[{'type': 'MarginBalance', 'initial': '0.00', 'maintenance': '2.33', 'currency': 'USD', 'instrument_id': 'EUR/USD.IDEALPRO'}]",False,{}
100000.00,0.00,100000.00,EUR,IDEALPRO-001,MARGIN,,"[{'type': 'MarginBalance', 'initial': '0.00', 'maintenance': '2.33', 'currency': 'USD', 'instrument_id': 'EUR/USD.IDEALPRO'}]",False,{}
100000.12,2.33,99997.79,USD,IDEALPRO-001,MARGIN,,"[{'type': 'MarginBalance', 'initial': '0.00', 'maintenance': '2.33', 'currency': 'USD', 'instrument_id': 'EUR/USD.IDEALPRO'}]",False,{}
100000.00,0.00,100000.00,EUR,IDEALPRO-001,MARGIN,,"[{'type': 'MarginBalance', 'initial': '0.00', 'maintenance': '2.33', 'currency': 'USD', 'instrument_id': 'EUR/USD.IDEALPRO'}]",False,{}
100000.12,2.33,99997.79,USD,IDEALPRO-001,MARGIN,,"[{'type': 'MarginBalance', 'initial': '0.00', 'maintenance': '2.33', 'currency': 'USD', 'instrument_id': 'EUR/USD.IDEALPRO'}]",False,{}
100000.00,0.00,100000.00,EUR,IDEALPRO-001,MARGIN,,"[{'type': 'MarginBalance', 'initial': '0.00', 'maintenance': '2.33', 'currency': 'USD', 'instrument_id': 'EUR/USD.IDEALPRO'}]",False,{}
100000.06,0.00,100000.06,USD,IDEALPRO-001,MARGIN,,[],False,{}
100000.00,0.00,100000.00,EUR,IDEALPRO-001,MARGIN,,[],False,{}
100000.06,0.00,100000.06,USD,IDEALPRO-001,MARGIN,,[],False,{}
100000.00,0.00,100000.00,EUR,IDEALPRO-001,MARGIN,,[],False,{}
100000.06,0.00,100000.06,USD,IDEALPRO-001,MARGIN,,[],False,{}
100000.00,0.00,100000.00,EUR,IDEALPRO-001,MARGIN,,[],False,{}
100000.06,0.00,100000.06,USD,IDEALPRO-001,MARGIN,,[],False,{}
100000.00,0.00,100000.00,EUR,IDEALPRO-001,MARGIN,,[],False,{}
100000.06,0.00,100000.06,USD,IDEALPRO-001,MARGIN,,[],False,{}
100000.00,0.00,100000.00,EUR,IDEALPRO-001,MARGIN,,[],False,{}
100000.06,2.33,99997.73,USD,IDEALPRO-001,MARGIN,,"[{'type': 'MarginBalance', 'initial': '0.00', 'maintenance': '2.33', 'currency': 'USD', 'instrument_id': 'EUR/USD.IDEALPRO'}]",False,{}
100000.00,0.00,100000.00,EUR,IDEALPRO-001,MARGIN,,"[{'type': 'MarginBalance', 'initial': '0.00', 'maintenance': '2.33', 'currency': 'USD', 'instrument_id': 'EUR/USD.IDEALPRO'}]",False,{}
100000.06,2.33,99997.73,USD,IDEALPRO-001,MARGIN,,"[{'type': 'MarginBalance', 'initial': '0.00', 'maintenance': '2.33', 'currency': 'USD', 'instrument_id': 'EUR/USD.IDEALPRO'}]",False,{}
100000.00,0.00,100000.00,EUR,IDEALPRO-001,MARGIN,,"[{'type': 'MarginBalance', 'initial': '0.00', 'maintenance': '2.33', 'currency': 'USD', 'instrument_id': 'EUR/USD.IDEALPRO'}]",False,{}
100000.06,2.33,99997.73,USD,IDEALPRO-001,MARGIN,,"[{'type': 'MarginBalance', 'initial': '0.00', 'maintenance': '2.33', 'currency': 'USD', 'instrument_id': 'EUR/USD.IDEALPRO'}]",False,{}
100000.00,0.00,100000.00,EUR,IDEALPRO-001,MARGIN,,"[{'type': 'MarginBalance', 'initial': '0.00', 'maintenance': '2.33', 'currency': 'USD', 'instrument_id': 'EUR/USD.IDEALPRO'}]",False,{}
100000.06,2.33,99997.73,USD,IDEALPRO-001,MARGIN,,"[{'type': 'MarginBalance', 'initial': '0.00', 'maintenance': '2.33', 'currency': 'USD', 'instrument_id': 'EUR/USD.IDEALPRO'}]",False,{}
100000.00,0.00,100000.00,EUR,IDEALPRO-001,MARGIN,,"[{'type': 'MarginBalance', 'initial': '0.00', 'maintenance': '2.33', 'currency': 'USD', 'instrument_id': 'EUR/USD.IDEALPRO'}]",False,{}
100000.06,0.00,100000.06,USD,IDEALPRO-001,MARGIN,,[],False,{}
100000.00,0.00,100000.00,EUR,IDEALPRO-001,MARGIN,,[],False,{}
100000.06,0.00,100000.06,USD,IDEALPRO-001,MARGIN,,[],False,{}
100000.00,0.00,100000.00,EUR,IDEALPRO-001,MARGIN,,[],False,{}
100000.06,0.00,100000.06,USD,IDEALPRO-001,MARGIN,,[],False,{}
100000.00,0.00,100000.00,EUR,IDEALPRO-001,MARGIN,,[],False,{}
100000.06,0.00,100000.06,USD,IDEALPRO-001,MARGIN,,[],False,{}
100000.00,0.00,100000.00,EUR,IDEALPRO-001,MARGIN,,[],False,{}
100000.06,0.00,100000.06,USD,IDEALPRO-001,MARGIN,,[],False,{}
100000.00,0.00,100000.00,EUR,IDEALPRO-001,MARGIN,,[],False,{}
100000.06,0.00,100000.06,USD,IDEALPRO-001,MARGIN,,[],False,{}
100000.00,0.00,100000.00,EUR,IDEALPRO-001,MARGIN,,[],False,{}
100000.06,2.33,99997.73,USD,IDEALPRO-001,MARGIN,,"[{'type': 'MarginBalance', 'initial': '0.00', 'maintenance': '2.33', 'currency': 'USD', 'instrument_id': 'EUR/USD.IDEALPRO'}]",False,{}
100000.00,0.00,100000.00,EUR,IDEALPRO-001,MARGIN,,"[{'type': 'MarginBalance', 'initial': '0.00', 'maintenance': '2.33', 'currency': 'USD', 'instrument_id': 'EUR/USD.IDEALPRO'}]",False,{}
100000.06,2.33,99997.73,USD,IDEALPRO-001,MARGIN,,"[{'type': 'MarginBalance', 'initial': '0.00', 'maintenance': '2.33', 'currency': 'USD', 'instrument_id': 'EUR/USD.IDEALPRO'}]",False,{}
100000.00,0.00,100000.00,EUR,IDEALPRO-001,MARGIN,,"[{'type': 'MarginBalance', 'initial': '0.00', 'maintenance': '2.33', 'currency': 'USD', 'instrument_id': 'EUR/USD.IDEALPRO'}]",False,{}
100000.06,2.33,99997.73,USD,IDEALPRO-001,MARGIN,,"[{'type': 'MarginBalance', 'initial': '0.00', 'maintenance': '2.33', 'currency': 'USD', 'instrument_id': 'EUR/USD.IDEALPRO'}]",False,{}
100000.00,0.00,100000.00,EUR,IDEALPRO-001,MARGIN,,"[{'type': 'MarginBalance', 'initial': '0.00', 'maintenance': '2.33', 'currency': 'USD', 'instrument_id': 'EUR/USD.IDEALPRO'}]",False,{}
100000.00,0.00,100000.00,USD,IDEALPRO-001,MARGIN,,[],False,{}
100000.00,0.00,100000.00,EUR,IDEALPRO-001,MARGIN,,[],False,{}
100000.00,0.00,100000.00,USD,IDEALPRO-001,MARGIN,,[],False,{}
100000.00,0.00,100000.00,EUR,IDEALPRO-001,MARGIN,,[],False,{}
100000.00,0.00,100000.00,USD,IDEALPRO-001,MARGIN,,[],False,{}
100000.00,0.00,100000.00,EUR,IDEALPRO-001,MARGIN,,[],False,{}
100000.00,0.00,100000.00,USD,IDEALPRO-001,MARGIN,,[],False,{}
100000.00,0.00,100000.00,EUR,IDEALPRO-001,MARGIN,,[],False,{}
100000.00,0.00,100000.00,USD,IDEALPRO-001,MARGIN,,[],False,{}
100000.00,0.00,100000.00,EUR,IDEALPRO-001,MARGIN,,[],False,{}
100000.00,2.33,99997.67,USD,IDEALPRO-001,MARGIN,,"[{'type': 'MarginBalance', 'initial': '0.00', 'maintenance': '2.33', 'currency': 'USD', 'instrument_id': 'EUR/USD.IDEALPRO'}]",False,{}
100000.00,0.00,100000.00,EUR,IDEALPRO-001,MARGIN,,"[{'type': 'MarginBalance', 'initial': '0.00', 'maintenance': '2.33', 'currency': 'USD', 'instrument_id': 'EUR/USD.IDEALPRO'}]",False,{}
100000.00,2.33,99997.67,USD,IDEALPRO-001,MARGIN,,"[{'type': 'MarginBalance', 'initial': '0.00', 'maintenance': '2.33', 'currency': 'USD', 'instrument_id': 'EUR/USD.IDEALPRO'}]",False,{}
100000.00,0.00,100000.00,EUR,IDEALPRO-001,MARGIN,,"[{'type': 'MarginBalance', 'initial': '0.00', 'maintenance': '2.33', 'currency': 'USD', 'instrument_id': 'EUR/USD.IDEALPRO'}]",False,{}
100000.00,2.33,99997.67,USD,IDEALPRO-001,MARGIN,,"[{'type': 'MarginBalance', 'initial': '0.00', 'maintenance': '2.33', 'currency': 'USD', 'instrument_id': 'EUR/USD.IDEALPRO'}]",False,{}
100000.00,0.00,100000.00,EUR,IDEALPRO-001,MARGIN,,"[{'type': 'MarginBalance', 'initial': '0.00', 'maintenance': '2.33', 'currency': 'USD', 'instrument_id': 'EUR/USD.IDEALPRO'}]",False,{}
100000.30,0.00,100000.30,USD,IDEALPRO-001,MARGIN,,[],False,{}
100000.00,0.00,100000.00,EUR,IDEALPRO-001,MARGIN,,[],False,{}
100000.30,0.00,100000.30,USD,IDEALPRO-001,MARGIN,,[],False,{}
100000.00,0.00,100000.00,EUR,IDEALPRO-001,MARGIN,,[],False,{}
100000.30,0.00,100000.30,USD,IDEALPRO-001,MARGIN,,[],False,{}
100000.00,0.00,100000.00,EUR,IDEALPRO-001,MARGIN,,[],False,{}
100000.30,0.00,100000.30,USD,IDEALPRO-001,MARGIN,,[],False,{}
100000.00,0.00,100000.00,EUR,IDEALPRO-001,MARGIN,,[],False,{}
100000.30,0.00,100000.30,USD,IDEALPRO-001,MARGIN,,[],False,{}
100000.00,0.00,100000.00,EUR,IDEALPRO-001,MARGIN,,[],False,{}
100000.30,2.32,99997.98,USD,IDEALPRO-001,MARGIN,,"[{'type': 'MarginBalance', 'initial': '0.00', 'maintenance': '2.32', 'currency': 'USD', 'instrument_id': 'EUR/USD.IDEALPRO'}]",False,{}
100000.00,0.00,100000.00,EUR,IDEALPRO-001,MARGIN,,"[{'type': 'MarginBalance', 'initial': '0.00', 'maintenance': '2.32', 'currency': 'USD', 'instrument_id': 'EUR/USD.IDEALPRO'}]",False,{}
100000.30,2.32,99997.98,USD,IDEALPRO-001,MARGIN,,"[{'type': 'MarginBalance', 'initial': '0.00', 'maintenance': '2.32', 'currency': 'USD', 'instrument_id': 'EUR/USD.IDEALPRO'}]",False,{}
100000.00,0.00,100000.00,EUR,IDEALPRO-001,MARGIN,,"[{'type': 'MarginBalance', 'initial': '0.00', 'maintenance': '2.32', 'currency': 'USD', 'instrument_id': 'EUR/USD.IDEALPRO'}]",False,{}
100000.30,2.32,99997.98,USD,IDEALPRO-001,MARGIN,,"[{'type': 'MarginBalance', 'initial': '0.00', 'maintenance': '2.32', 'currency': 'USD', 'instrument_id': 'EUR/USD.IDEALPRO'}]",False,{}
100000.00,0.00,100000.00,EUR,IDEALPRO-001,MARGIN,,"[{'type': 'MarginBalance', 'initial': '0.00', 'maintenance': '2.32', 'currency': 'USD', 'instrument_id': 'EUR/USD.IDEALPRO'}]",False,{}
100000.24,0.00,100000.24,USD,IDEALPRO-001,MARGIN,,[],False,{}
100000.00,0.00,100000.00,EUR,IDEALPRO-001,MARGIN,,[],False,{}
100000.24,0.00,100000.24,USD,IDEALPRO-001,MARGIN,,[],False,{}
100000.00,0.00,100000.00,EUR,IDEALPRO-001,MARGIN,,[],False,{}
100000.24,0.00,100000.24,USD,IDEALPRO-001,MARGIN,,[],False,{}
100000.00,0.00,100000.00,EUR,IDEALPRO-001,MARGIN,,[],False,{}
100000.24,0.00,100000.24,USD,IDEALPRO-001,MARGIN,,[],False,{}
100000.00,0.00,100000.00,EUR,IDEALPRO-001,MARGIN,,[],False,{}
100000.24,0.00,100000.24,USD,IDEALPRO-001,MARGIN,,[],False,{}
100000.00,0.00,100000.00,EUR,IDEALPRO-001,MARGIN,,[],False,{}
100000.24,2.32,99997.92,USD,IDEALPRO-001,MARGIN,,"[{'type': 'MarginBalance', 'initial': '0.00', 'maintenance': '2.32', 'currency': 'USD', 'instrument_id': 'EUR/USD.IDEALPRO'}]",False,{}
100000.00,0.00,100000.00,EUR,IDEALPRO-001,MARGIN,,"[{'type': 'MarginBalance', 'initial': '0.00', 'maintenance': '2.32', 'currency': 'USD', 'instrument_id': 'EUR/USD.IDEALPRO'}]",False,{}
100000.24,2.32,99997.92,USD,IDEALPRO-001,MARGIN,,"[{'type': 'MarginBalance', 'initial': '0.00', 'maintenance': '2.32', 'currency': 'USD', 'instrument_id': 'EUR/USD.IDEALPRO'}]",False,{}
100000.00,0.00,100000.00,EUR,IDEALPRO-001,MARGIN,,"[{'type': 'MarginBalance', 'initial': '0.00', 'maintenance': '2.32', 'currency': 'USD', 'instrument_id': 'EUR/USD.IDEALPRO'}]",False,{}
100000.24,2.32,99997.92,USD,IDEALPRO-001,MARGIN,,"[{'type': 'MarginBalance', 'initial': '0.00', 'maintenance': '2.32', 'currency': 'USD', 'instrument_id': 'EUR/USD.IDEALPRO'}]",False,{}
100000.00,0.00,100000.00,EUR,IDEALPRO-001,MARGIN,,"[{'type': 'MarginBalance', 'initial': '0.00', 'maintenance': '2.32', 'currency': 'USD', 'instrument_id': 'EUR/USD.IDEALPRO'}]",False,{}
100000.18,0.00,100000.18,USD,IDEALPRO-001,MARGIN,,[],False,{}
100000.00,0.00,100000.00,EUR,IDEALPRO-001,MARGIN,,[],False,{}
100000.18,0.00,100000.18,USD,IDEALPRO-001,MARGIN,,[],False,{}
100000.00,0.00,100000.00,EUR,IDEALPRO-001,MARGIN,,[],False,{}
100000.18,0.00,100000.18,USD,IDEALPRO-001,MARGIN,,[],False,{}
100000.00,0.00,100000.00,EUR,IDEALPRO-001,MARGIN,,[],False,{}
100000.18,0.00,100000.18,USD,IDEALPRO-001,MARGIN,,[],False,{}
100000.00,0.00,100000.00,EUR,IDEALPRO-001,MARGIN,,[],False,{}
100000.18,0.00,100000.18,USD,IDEALPRO-001,MARGIN,,[],False,{}
100000.00,0.00,100000.00,EUR,IDEALPRO-001,MARGIN,,[],False,{}
100000.18,2.33,99997.85,USD,IDEALPRO-001,MARGIN,,"[{'type': 'MarginBalance', 'initial': '0.00', 'maintenance': '2.33', 'currency': 'USD', 'instrument_id': 'EUR/USD.IDEALPRO'}]",False,{}
100000.00,0.00,100000.00,EUR,IDEALPRO-001,MARGIN,,"[{'type': 'MarginBalance', 'initial': '0.00', 'maintenance': '2.33', 'currency': 'USD', 'instrument_id': 'EUR/USD.IDEALPRO'}]",False,{}
100000.18,2.33,99997.85,USD,IDEALPRO-001,MARGIN,,"[{'type': 'MarginBalance', 'initial': '0.00', 'maintenance': '2.33', 'currency': 'USD', 'instrument_id': 'EUR/USD.IDEALPRO'}]",False,{}
100000.00,0.00,100000.00,EUR,IDEALPRO-001,MARGIN,,"[{'type': 'MarginBalance', 'initial': '0.00', 'maintenance': '2.33', 'currency': 'USD', 'instrument_id': 'EUR/USD.IDEALPRO'}]",False,{}
100000.18,2.33,99997.85,USD,IDEALPRO-001,MARGIN,,"[{'type': 'MarginBalance', 'initial': '0.00', 'maintenance': '2.33', 'currency': 'USD', 'instrument_id': 'EUR/USD.IDEALPRO'}]",False,{}
100000.00,0.00,100000.00,EUR,IDEALPRO-001,MARGIN,,"[{'type': 'MarginBalance', 'initial': '0.00', 'maintenance': '2.33', 'currency': 'USD', 'instrument_id': 'EUR/USD.IDEALPRO'}]",False,{}
100000.18,2.33,99997.85,USD,IDEALPRO-001,MARGIN,,"[{'type': 'MarginBalance', 'initial': '0.00', 'maintenance': '2.33', 'currency': 'USD', 'instrument_id': 'EUR/USD.IDEALPRO'}]",False,{}
100000.00,0.00,100000.00,EUR,IDEALPRO-001,MARGIN,,"[{'type': 'MarginBalance', 'initial': '0.00', 'maintenance': '2.33', 'currency': 'USD', 'instrument_id': 'EUR/USD.IDEALPRO'}]",False,{}
100000.28,0.00,100000.28,USD,IDEALPRO-001,MARGIN,,[],False,{}
100000.00,0.00,100000.00,EUR,IDEALPRO-001,MARGIN,,[],False,{}
100000.28,0.00,100000.28,USD,IDEALPRO-001,MARGIN,,[],False,{}
100000.00,0.00,100000.00,EUR,IDEALPRO-001,MARGIN,,[],False,{}
100000.28,0.00,100000.28,USD,IDEALPRO-001,MARGIN,,[],False,{}
100000.00,0.00,100000.00,EUR,IDEALPRO-001,MARGIN,,[],False,{}
100000.28,0.00,100000.28,USD,IDEALPRO-001,MARGIN,,[],False,{}
100000.00,0.00,100000.00,EUR,IDEALPRO-001,MARGIN,,[],False,{}
100000.28,0.00,100000.28,USD,IDEALPRO-001,MARGIN,,[],False,{}
100000.00,0.00,100000.00,EUR,IDEALPRO-001,MARGIN,,[],False,{}
100000.28,0.00,100000.28,USD,IDEALPRO-001,MARGIN,,[],False,{}
100000.00,0.00,100000.00,EUR,IDEALPRO-001,MARGIN,,[],False,{}
100000.28,2.33,99997.95,USD,IDEALPRO-001,MARGIN,,"[{'type': 'MarginBalance', 'initial': '0.00', 'maintenance': '2.33', 'currency': 'USD', 'instrument_id': 'EUR/USD.IDEALPRO'}]",False,{}
100000.00,0.00,100000.00,EUR,IDEALPRO-001,MARGIN,,"[{'type': 'MarginBalance', 'initial': '0.00', 'maintenance': '2.33', 'currency': 'USD', 'instrument_id': 'EUR/USD.IDEALPRO'}]",False,{}
100000.28,2.33,99997.95,USD,IDEALPRO-001,MARGIN,,"[{'type': 'MarginBalance', 'initial': '0.00', 'maintenance': '2.33', 'currency': 'USD', 'instrument_id': 'EUR/USD.IDEALPRO'}]",False,{}
100000.00,0.00,100000.00,EUR,IDEALPRO-001,MARGIN,,"[{'type': 'MarginBalance', 'initial': '0.00', 'maintenance': '2.33', 'currency': 'USD', 'instrument_id': 'EUR/USD.IDEALPRO'}]",False,{}
100000.28,2.33,99997.95,USD,IDEALPRO-001,MARGIN,,"[{'type': 'MarginBalance', 'initial': '0.00', 'maintenance': '2.33', 'currency': 'USD', 'instrument_id': 'EUR/USD.IDEALPRO'}]",False,{}
100000.00,0.00,100000.00,EUR,IDEALPRO-001,MARGIN,,"[{'type': 'MarginBalance', 'initial': '0.00', 'maintenance': '2.33', 'currency': 'USD', 'instrument_id': 'EUR/USD.IDEALPRO'}]",False,{}
100000.22,0.00,100000.22,USD,IDEALPRO-001,MARGIN,,[],False,{}
100000.00,0.00,100000.00,EUR,IDEALPRO-001,MARGIN,,[],False,{}
100000.22,0.00,100000.22,USD,IDEALPRO-001,MARGIN,,[],False,{}
100000.00,0.00,100000.00,EUR,IDEALPRO-001,MARGIN,,[],False,{}
100000.22,0.00,100000.22,USD,IDEALPRO-001,MARGIN,,[],False,{}
100000.00,0.00,100000.00,EUR,IDEALPRO-001,MARGIN,,[],False,{}
100000.22,0.00,100000.22,USD,IDEALPRO-001,MARGIN,,[],False,{}
100000.00,0.00,100000.00,EUR,IDEALPRO-001,MARGIN,,[],False,{}
100000.22,0.00,100000.22,USD,IDEALPRO-001,MARGIN,,[],False,{}
100000.00,0.00,100000.00,EUR,IDEALPRO-001,MARGIN,,[],False,{}
100000.22,2.33,99997.89,USD,IDEALPRO-001,MARGIN,,"[{'type': 'MarginBalance', 'initial': '0.00', 'maintenance': '2.33', 'currency': 'USD', 'instrument_id': 'EUR/USD.IDEALPRO'}]",False,{}
100000.00,0.00,100000.00,EUR,IDEALPRO-001,MARGIN,,"[{'type': 'MarginBalance', 'initial': '0.00', 'maintenance': '2.33', 'currency': 'USD', 'instrument_id': 'EUR/USD.IDEALPRO'}]",False,{}
100000.22,2.33,99997.89,USD,IDEALPRO-001,MARGIN,,"[{'type': 'MarginBalance', 'initial': '0.00', 'maintenance': '2.33', 'currency': 'USD', 'instrument_id': 'EUR/USD.IDEALPRO'}]",False,{}
100000.00,0.00,100000.00,EUR,IDEALPRO-001,MARGIN,,"[{'type': 'MarginBalance', 'initial': '0.00', 'maintenance': '2.33', 'currency': 'USD', 'instrument_id': 'EUR/USD.IDEALPRO'}]",False,{}
100000.22,2.33,99997.89,USD,IDEALPRO-001,MARGIN,,"[{'type': 'MarginBalance', 'initial': '0.00', 'maintenance': '2.33', 'currency': 'USD', 'instrument_id': 'EUR/USD.IDEALPRO'}]",False,{}
100000.00,0.00,100000.00,EUR,IDEALPRO-001,MARGIN,,"[{'type': 'MarginBalance', 'initial': '0.00', 'maintenance': '2.33', 'currency': 'USD', 'instrument_id': 'EUR/USD.IDEALPRO'}]",False,{}
100000.22,2.33,99997.89,USD,IDEALPRO-001,MARGIN,,"[{'type': 'MarginBalance', 'initial': '0.00', 'maintenance': '2.33', 'currency': 'USD', 'instrument_id': 'EUR/USD.IDEALPRO'}]",False,{}
100000.00,0.00,100000.00,EUR,IDEALPRO-001,MARGIN,,"[{'type': 'MarginBalance', 'initial': '0.00', 'maintenance': '2.33', 'currency': 'USD', 'instrument_id': 'EUR/USD.IDEALPRO'}]",False,{}
100000.35,0.00,100000.35,USD,IDEALPRO-001,MARGIN,,[],False,{}
100000.00,0.00,100000.00,EUR,IDEALPRO-001,MARGIN,,[],False,{}
100000.35,0.00,100000.35,USD,IDEALPRO-001,MARGIN,,[],False,{}
100000.00,0.00,100000.00,EUR,IDEALPRO-001,MARGIN,,[],False,{}
100000.35,0.00,100000.35,USD,IDEALPRO-001,MARGIN,,[],False,{}
100000.00,0.00,100000.00,EUR,IDEALPRO-001,MARGIN,,[],False,{}
100000.35,0.00,100000.35,USD,IDEALPRO-001,MARGIN,,[],False,{}
100000.00,0.00,100000.00,EUR,IDEALPRO-001,MARGIN,,[],False,{}
100000.35,0.00,100000.35,USD,IDEALPRO-001,MARGIN,,[],False,{}
100000.00,0.00,100000.00,EUR,IDEALPRO-001,MARGIN,,[],False,{}
100000.35,0.00,100000.35,USD,IDEALPRO-001,MARGIN,,[],False,{}
100000.00,0.00,100000.00,EUR,IDEALPRO-001,MARGIN,,[],False,{}
100000.35,2.33,99998.02,USD,IDEALPRO-001,MARGIN,,"[{'type': 'MarginBalance', 'initial': '0.00', 'maintenance': '2.33', 'currency': 'USD', 'instrument_id': 'EUR/USD.IDEALPRO'}]",False,{}
100000.00,0.00,100000.00,EUR,IDEALPRO-001,MARGIN,,"[{'type': 'MarginBalance', 'initial': '0.00', 'maintenance': '2.33', 'currency': 'USD', 'instrument_id': 'EUR/USD.IDEALPRO'}]",False,{}
100000.35,2.33,99998.02,USD,IDEALPRO-001,MARGIN,,"[{'type': 'MarginBalance', 'initial': '0.00', 'maintenance': '2.33', 'currency': 'USD', 'instrument_id': 'EUR/USD.IDEALPRO'}]",False,{}
100000.00,0.00,100000.00,EUR,IDEALPRO-001,MARGIN,,"[{'type': 'MarginBalance', 'initial': '0.00', 'maintenance': '2.33', 'currency': 'USD', 'instrument_id': 'EUR/USD.IDEALPRO'}]",False,{}
100000.35,2.33,99998.02,USD,IDEALPRO-001,MARGIN,,"[{'type': 'MarginBalance', 'initial': '0.00', 'maintenance': '2.33', 'currency': 'USD', 'instrument_id': 'EUR/USD.IDEALPRO'}]",False,{}
100000.00,0.00,100000.00,EUR,IDEALPRO-001,MARGIN,,"[{'type': 'MarginBalance', 'initial': '0.00', 'maintenance': '2.33', 'currency': 'USD', 'instrument_id': 'EUR/USD.IDEALPRO'}]",False,{}
100000.29,0.00,100000.29,USD,IDEALPRO-001,MARGIN,,[],False,{}
100000.00,0.00,100000.00,EUR,IDEALPRO-001,MARGIN,,[],False,{}
100000.29,0.00,100000.29,USD,IDEALPRO-001,MARGIN,,[],False,{}
100000.00,0.00,100000.00,EUR,IDEALPRO-001,MARGIN,,[],False,{}
100000.29,0.00,100000.29,USD,IDEALPRO-001,MARGIN,,[],False,{}
100000.00,0.00,100000.00,EUR,IDEALPRO-001,MARGIN,,[],False,{}
100000.29,0.00,100000.29,USD,IDEALPRO-001,MARGIN,,[],False,{}
100000.00,0.00,100000.00,EUR,IDEALPRO-001,MARGIN,,[],False,{}
100000.29,0.00,100000.29,USD,IDEALPRO-001,MARGIN,,[],False,{}
100000.00,0.00,100000.00,EUR,IDEALPRO-001,MARGIN,,[],False,{}
100000.29,2.33,99997.96,USD,IDEALPRO-001,MARGIN,,"[{'type': 'MarginBalance', 'initial': '0.00', 'maintenance': '2.33', 'currency': 'USD', 'instrument_id': 'EUR/USD.IDEALPRO'}]",False,{}
100000.00,0.00,100000.00,EUR,IDEALPRO-001,MARGIN,,"[{'type': 'MarginBalance', 'initial': '0.00', 'maintenance': '2.33', 'currency': 'USD', 'instrument_id': 'EUR/USD.IDEALPRO'}]",False,{}
100000.29,2.33,99997.96,USD,IDEALPRO-001,MARGIN,,"[{'type': 'MarginBalance', 'initial': '0.00', 'maintenance': '2.33', 'currency': 'USD', 'instrument_id': 'EUR/USD.IDEALPRO'}]",False,{}
100000.00,0.00,100000.00,EUR,IDEALPRO-001,MARGIN,,"[{'type': 'MarginBalance', 'initial': '0.00', 'maintenance': '2.33', 'currency': 'USD', 'instrument_id': 'EUR/USD.IDEALPRO'}]",False,{}
100000.29,2.33,99997.96,USD,IDEALPRO-001,MARGIN,,"[{'type': 'MarginBalance', 'initial': '0.00', 'maintenance': '2.33', 'currency': 'USD', 'instrument_id': 'EUR/USD.IDEALPRO'}]",False,{}
100000.00,0.00,100000.00,EUR,IDEALPRO-001,MARGIN,,"[{'type': 'MarginBalance', 'initial': '0.00', 'maintenance': '2.33', 'currency': 'USD', 'instrument_id': 'EUR/USD.IDEALPRO'}]",False,{}
100000.29,2.33,99997.96,USD,IDEALPRO-001,MARGIN,,"[{'type': 'MarginBalance', 'initial': '0.00', 'maintenance': '2.33', 'currency': 'USD', 'instrument_id': 'EUR/USD.IDEALPRO'}]",False,{}
100000.00,0.00,100000.00,EUR,IDEALPRO-001,MARGIN,,"[{'type': 'MarginBalance', 'initial': '0.00', 'maintenance': '2.33', 'currency': 'USD', 'instrument_id': 'EUR/USD.IDEALPRO'}]",False,{}
100000.24,0.00,100000.24,USD,IDEALPRO-001,MARGIN,,[],False,{}
100000.00,0.00,100000.00,EUR,IDEALPRO-001,MARGIN,,[],False,{}
100000.24,0.00,100000.24,USD,IDEALPRO-001,MARGIN,,[],False,{}
100000.00,0.00,100000.00,EUR,IDEALPRO-001,MARGIN,,[],False,{}
100000.24,0.00,100000.24,USD,IDEALPRO-001,MARGIN,,[],False,{}
100000.00,0.00,100000.00,EUR,IDEALPRO-001,MARGIN,,[],False,{}
100000.24,0.00,100000.24,USD,IDEALPRO-001,MARGIN,,[],False,{}
100000.00,0.00,100000.00,EUR,IDEALPRO-001,MARGIN,,[],False,{}
100000.24,0.00,100000.24,USD,IDEALPRO-001,MARGIN,,[],False,{}
100000.00,0.00,100000.00,EUR,IDEALPRO-001,MARGIN,,[],False,{}
100000.24,0.00,100000.24,USD,IDEALPRO-001,MARGIN,,[],False,{}
100000.00,0.00,100000.00,EUR,IDEALPRO-001,MARGIN,,[],False,{}
100000.24,2.33,99997.91,USD,IDEALPRO-001,MARGIN,,"[{'type': 'MarginBalance', 'initial': '0.00', 'maintenance': '2.33', 'currency': 'USD', 'instrument_id': 'EUR/USD.IDEALPRO'}]",False,{}
100000.00,0.00,100000.00,EUR,IDEALPRO-001,MARGIN,,"[{'type': 'MarginBalance', 'initial': '0.00', 'maintenance': '2.33', 'currency': 'USD', 'instrument_id': 'EUR/USD.IDEALPRO'}]",False,{}
100000.24,2.33,99997.91,USD,IDEALPRO-001,MARGIN,,"[{'type': 'MarginBalance', 'initial': '0.00', 'maintenance': '2.33', 'currency': 'USD', 'instrument_id': 'EUR/USD.IDEALPRO'}]",False,{}
100000.00,0.00,100000.00,EUR,IDEALPRO-001,MARGIN,,"[{'type': 'MarginBalance', 'initial': '0.00', 'maintenance': '2.33', 'currency': 'USD', 'instrument_id': 'EUR/USD.IDEALPRO'}]",False,{}
100000.24,2.33,99997.91,USD,IDEALPRO-001,MARGIN,,"[{'type': 'MarginBalance', 'initial': '0.00', 'maintenance': '2.33', 'currency': 'USD', 'instrument_id': 'EUR/USD.IDEALPRO'}]",False,{}
100000.00,0.00,100000.00,EUR,IDEALPRO-001,MARGIN,,"[{'type': 'MarginBalance', 'initial': '0.00', 'maintenance': '2.33', 'currency': 'USD', 'instrument_id': 'EUR/USD.IDEALPRO'}]",False,{}
100000.24,2.33,99997.91,USD,IDEALPRO-001,MARGIN,,"[{'type': 'MarginBalance', 'initial': '0.00', 'maintenance': '2.33', 'currency': 'USD', 'instrument_id': 'EUR/USD.IDEALPRO'}]",False,{}
100000.00,0.00,100000.00,EUR,IDEALPRO-001,MARGIN,,"[{'type': 'MarginBalance', 'initial': '0.00', 'maintenance': '2.33', 'currency': 'USD', 'instrument_id': 'EUR/USD.IDEALPRO'}]",False,{}
100000.30,0.00,100000.30,USD,IDEALPRO-001,MARGIN,,[],False,{}
100000.00,0.00,100000.00,EUR,IDEALPRO-001,MARGIN,,[],False,{}
100000.30,0.00,100000.30,USD,IDEALPRO-001,MARGIN,,[],False,{}
100000.00,0.00,100000.00,EUR,IDEALPRO-001,MARGIN,,[],False,{}
100000.30,0.00,100000.30,USD,IDEALPRO-001,MARGIN,,[],False,{}
100000.00,0.00,100000.00,EUR,IDEALPRO-001,MARGIN,,[],False,{}
100000.30,0.00,100000.30,USD,IDEALPRO-001,MARGIN,,[],False,{}
100000.00,0.00,100000.00,EUR,IDEALPRO-001,MARGIN,,[],False,{}
100000.30,0.00,100000.30,USD,IDEALPRO-001,MARGIN,,[],False,{}
100000.00,0.00,100000.00,EUR,IDEALPRO-001,MARGIN,,[],False,{}
100000.30,0.00,100000.30,USD,IDEALPRO-001,MARGIN,,[],False,{}
100000.00,0.00,100000.00,EUR,IDEALPRO-001,MARGIN,,[],False,{}
100000.30,2.34,99997.96,USD,IDEALPRO-001,MARGIN,,"[{'type': 'MarginBalance', 'initial': '0.00', 'maintenance': '2.34', 'currency': 'USD', 'instrument_id': 'EUR/USD.IDEALPRO'}]",False,{}
100000.00,0.00,100000.00,EUR,IDEALPRO-001,MARGIN,,"[{'type': 'MarginBalance', 'initial': '0.00', 'maintenance': '2.34', 'currency': 'USD', 'instrument_id': 'EUR/USD.IDEALPRO'}]",False,{}
100000.30,2.34,99997.96,USD,IDEALPRO-001,MARGIN,,"[{'type': 'MarginBalance', 'initial': '0.00', 'maintenance': '2.34', 'currency': 'USD', 'instrument_id': 'EUR/USD.IDEALPRO'}]",False,{}
100000.00,0.00,100000.00,EUR,IDEALPRO-001,MARGIN,,"[{'type': 'MarginBalance', 'initial': '0.00', 'maintenance': '2.34', 'currency': 'USD', 'instrument_id': 'EUR/USD.IDEALPRO'}]",False,{}
100000.30,2.34,99997.96,USD,IDEALPRO-001,MARGIN,,"[{'type': 'MarginBalance', 'initial': '0.00', 'maintenance': '2.34', 'currency': 'USD', 'instrument_id': 'EUR/USD.IDEALPRO'}]",False,{}
100000.00,0.00,100000.00,EUR,IDEALPRO-001,MARGIN,,"[{'type': 'MarginBalance', 'initial': '0.00', 'maintenance': '2.34', 'currency': 'USD', 'instrument_id': 'EUR/USD.IDEALPRO'}]",False,{}
100000.30,2.34,99997.96,USD,IDEALPRO-001,MARGIN,,"[{'type': 'MarginBalance', 'initial': '0.00', 'maintenance': '2.34', 'currency': 'USD', 'instrument_id': 'EUR/USD.IDEALPRO'}]",False,{}
100000.00,0.00,100000.00,EUR,IDEALPRO-001,MARGIN,,"[{'type': 'MarginBalance', 'initial': '0.00', 'maintenance': '2.34', 'currency': 'USD', 'instrument_id': 'EUR/USD.IDEALPRO'}]",False,{}
100000.28,0.00,100000.28,USD,IDEALPRO-001,MARGIN,,[],False,{}
100000.00,0.00,100000.00,EUR,IDEALPRO-001,MARGIN,,[],False,{}
100000.28,0.00,100000.28,USD,IDEALPRO-001,MARGIN,,[],False,{}
100000.00,0.00,100000.00,EUR,IDEALPRO-001,MARGIN,,[],False,{}
100000.28,0.00,100000.28,USD,IDEALPRO-001,MARGIN,,[],False,{}
100000.00,0.00,100000.00,EUR,IDEALPRO-001,MARGIN,,[],False,{}
100000.28,0.00,100000.28,USD,IDEALPRO-001,MARGIN,,[],False,{}
100000.00,0.00,100000.00,EUR,IDEALPRO-001,MARGIN,,[],False,{}
100000.28,0.00,100000.28,USD,IDEALPRO-001,MARGIN,,[],False,{}
100000.00,0.00,100000.00,EUR,IDEALPRO-001,MARGIN,,[],False,{}
100000.28,0.00,100000.28,USD,IDEALPRO-001,MARGIN,,[],False,{}
100000.00,0.00,100000.00,EUR,IDEALPRO-001,MARGIN,,[],False,{}
100000.28,2.33,99997.95,USD,IDEALPRO-001,MARGIN,,"[{'type': 'MarginBalance', 'initial': '0.00', 'maintenance': '2.33', 'currency': 'USD', 'instrument_id': 'EUR/USD.IDEALPRO'}]",False,{}
100000.00,0.00,100000.00,EUR,IDEALPRO-001,MARGIN,,"[{'type': 'MarginBalance', 'initial': '0.00', 'maintenance': '2.33', 'currency': 'USD', 'instrument_id': 'EUR/USD.IDEALPRO'}]",False,{}
100000.28,2.33,99997.95,USD,IDEALPRO-001,MARGIN,,"[{'type': 'MarginBalance', 'initial': '0.00', 'maintenance': '2.33', 'currency': 'USD', 'instrument_id': 'EUR/USD.IDEALPRO'}]",False,{}
100000.00,0.00,100000.00,EUR,IDEALPRO-001,MARGIN,,"[{'type': 'MarginBalance', 'initial': '0.00', 'maintenance': '2.33', 'currency': 'USD', 'instrument_id': 'EUR/USD.IDEALPRO'}]",False,{}
100000.28,2.33,99997.95,USD,IDEALPRO-001,MARGIN,,"[{'type': 'MarginBalance', 'initial': '0.00', 'maintenance': '2.33', 'currency': 'USD', 'instrument_id': 'EUR/USD.IDEALPRO'}]",False,{}
100000.00,0.00,100000.00,EUR,IDEALPRO-001,MARGIN,,"[{'type': 'MarginBalance', 'initial': '0.00', 'maintenance': '2.33', 'currency': 'USD', 'instrument_id': 'EUR/USD.IDEALPRO'}]",False,{}
100000.22,0.00,100000.22,USD,IDEALPRO-001,MARGIN,,[],False,{}
100000.00,0.00,100000.00,EUR,IDEALPRO-001,MARGIN,,[],False,{}
100000.22,0.00,100000.22,USD,IDEALPRO-001,MARGIN,,[],False,{}
100000.00,0.00,100000.00,EUR,IDEALPRO-001,MARGIN,,[],False,{}
100000.22,0.00,100000.22,USD,IDEALPRO-001,MARGIN,,[],False,{}
100000.00,0.00,100000.00,EUR,IDEALPRO-001,MARGIN,,[],False,{}
100000.22,0.00,100000.22,USD,IDEALPRO-001,MARGIN,,[],False,{}
100000.00,0.00,100000.00,EUR,IDEALPRO-001,MARGIN,,[],False,{}
100000.22,0.00,100000.22,USD,IDEALPRO-001,MARGIN,,[],False,{}
100000.00,0.00,100000.00,EUR,IDEALPRO-001,MARGIN,,[],False,{}
100000.22,2.33,99997.89,USD,IDEALPRO-001,MARGIN,,"[{'type': 'MarginBalance', 'initial': '0.00', 'maintenance': '2.33', 'currency': 'USD', 'instrument_id': 'EUR/USD.IDEALPRO'}]",False,{}
100000.00,0.00,100000.00,EUR,IDEALPRO-001,MARGIN,,"[{'type': 'MarginBalance', 'initial': '0.00', 'maintenance': '2.33', 'currency': 'USD', 'instrument_id': 'EUR/USD.IDEALPRO'}]",False,{}
100000.22,2.33,99997.89,USD,IDEALPRO-001,MARGIN,,"[{'type': 'MarginBalance', 'initial': '0.00', 'maintenance': '2.33', 'currency': 'USD', 'instrument_id': 'EUR/USD.IDEALPRO'}]",False,{}
100000.00,0.00,100000.00,EUR,IDEALPRO-001,MARGIN,,"[{'type': 'MarginBalance', 'initial': '0.00', 'maintenance': '2.33', 'currency': 'USD', 'instrument_id': 'EUR/USD.IDEALPRO'}]",False,{}
100000.22,2.33,99997.89,USD,IDEALPRO-001,MARGIN,,"[{'type': 'MarginBalance', 'initial': '0.00', 'maintenance': '2.33', 'currency': 'USD', 'instrument_id': 'EUR/USD.IDEALPRO'}]",False,{}
100000.00,0.00,100000.00,EUR,IDEALPRO-001,MARGIN,,"[{'type': 'MarginBalance', 'initial': '0.00', 'maintenance': '2.33', 'currency': 'USD', 'instrument_id': 'EUR/USD.IDEALPRO'}]",False,{}
100000.22,2.33,99997.89,USD,IDEALPRO-001,MARGIN,,"[{'type': 'MarginBalance', 'initial': '0.00', 'maintenance': '2.33', 'currency': 'USD', 'instrument_id': 'EUR/USD.IDEALPRO'}]",False,{}
100000.00,0.00,100000.00,EUR,IDEALPRO-001,MARGIN,,"[{'type': 'MarginBalance', 'initial': '0.00', 'maintenance': '2.33', 'currency': 'USD', 'instrument_id': 'EUR/USD.IDEALPRO'}]",False,{}
100000.24,0.00,100000.24,USD,IDEALPRO-001,MARGIN,,[],False,{}
100000.00,0.00,100000.00,EUR,IDEALPRO-001,MARGIN,,[],False,{}
100000.24,0.00,100000.24,USD,IDEALPRO-001,MARGIN,,[],False,{}
100000.00,0.00,100000.00,EUR,IDEALPRO-001,MARGIN,,[],False,{}
100000.24,0.00,100000.24,USD,IDEALPRO-001,MARGIN,,[],False,{}
100000.00,0.00,100000.00,EUR,IDEALPRO-001,MARGIN,,[],False,{}
100000.24,0.00,100000.24,USD,IDEALPRO-001,MARGIN,,[],False,{}
100000.00,0.00,100000.00,EUR,IDEALPRO-001,MARGIN,,[],False,{}
100000.24,0.00,100000.24,USD,IDEALPRO-001,MARGIN,,[],False,{}
100000.00,0.00,100000.00,EUR,IDEALPRO-001,MARGIN,,[],False,{}
100000.24,0.00,100000.24,USD,IDEALPRO-001,MARGIN,,[],False,{}
100000.00,0.00,100000.00,EUR,IDEALPRO-001,MARGIN,,[],False,{}
100000.24,2.33,99997.91,USD,IDEALPRO-001,MARGIN,,"[{'type': 'MarginBalance', 'initial': '0.00', 'maintenance': '2.33', 'currency': 'USD', 'instrument_id': 'EUR/USD.IDEALPRO'}]",False,{}
100000.00,0.00,100000.00,EUR,IDEALPRO-001,MARGIN,,"[{'type': 'MarginBalance', 'initial': '0.00', 'maintenance': '2.33', 'currency': 'USD', 'instrument_id': 'EUR/USD.IDEALPRO'}]",False,{}
100000.24,2.33,99997.91,USD,IDEALPRO-001,MARGIN,,"[{'type': 'MarginBalance', 'initial': '0.00', 'maintenance': '2.33', 'currency': 'USD', 'instrument_id': 'EUR/USD.IDEALPRO'}]",False,{}
100000.00,0.00,100000.00,EUR,IDEALPRO-001,MARGIN,,"[{'type': 'MarginBalance', 'initial': '0.00', 'maintenance': '2.33', 'currency': 'USD', 'instrument_id': 'EUR/USD.IDEALPRO'}]",False,{}
100000.24,2.33,99997.91,USD,IDEALPRO-001,MARGIN,,"[{'type': 'MarginBalance', 'initial': '0.00', 'maintenance': '2.33', 'currency': 'USD', 'instrument_id': 'EUR/USD.IDEALPRO'}]",False,{}
100000.00,0.00,100000.00,EUR,IDEALPRO-001,MARGIN,,"[{'type': 'MarginBalance', 'initial': '0.00', 'maintenance': '2.33', 'currency': 'USD', 'instrument_id': 'EUR/USD.IDEALPRO'}]",False,{}
100000.24,2.33,99997.91,USD,IDEALPRO-001,MARGIN,,"[{'type': 'MarginBalance', 'initial': '0.00', 'maintenance': '2.33', 'currency': 'USD', 'instrument_id': 'EUR/USD.IDEALPRO'}]",False,{}
100000.00,0.00,100000.00,EUR,IDEALPRO-001,MARGIN,,"[{'type': 'MarginBalance', 'initial': '0.00', 'maintenance': '2.33', 'currency': 'USD', 'instrument_id': 'EUR/USD.IDEALPRO'}]",False,{}
100000.24,0.00,100000.24,USD,IDEALPRO-001,MARGIN,,[],False,{}
100000.00,0.00,100000.00,EUR,IDEALPRO-001,MARGIN,,[],False,{}
100000.24,0.00,100000.24,USD,IDEALPRO-001,MARGIN,,[],False,{}
100000.00,0.00,100000.00,EUR,IDEALPRO-001,MARGIN,,[],False,{}
100000.24,0.00,100000.24,USD,IDEALPRO-001,MARGIN,,[],False,{}
100000.00,0.00,100000.00,EUR,IDEALPRO-001,MARGIN,,[],False,{}
100000.24,0.00,100000.24,USD,IDEALPRO-001,MARGIN,,[],False,{}
100000.00,0.00,100000.00,EUR,IDEALPRO-001,MARGIN,,[],False,{}
100000.24,0.00,100000.24,USD,IDEALPRO-001,MARGIN,,[],False,{}
100000.00,0.00,100000.00,EUR,IDEALPRO-001,MARGIN,,[],False,{}
100000.24,0.00,100000.24,USD,IDEALPRO-001,MARGIN,,[],False,{}
100000.00,0.00,100000.00,EUR,IDEALPRO-001,MARGIN,,[],False,{}
100000.24,2.33,99997.91,USD,IDEALPRO-001,MARGIN,,"[{'type': 'MarginBalance', 'initial': '0.00', 'maintenance': '2.33', 'currency': 'USD', 'instrument_id': 'EUR/USD.IDEALPRO'}]",False,{}
100000.00,0.00,100000.00,EUR,IDEALPRO-001,MARGIN,,"[{'type': 'MarginBalance', 'initial': '0.00', 'maintenance': '2.33', 'currency': 'USD', 'instrument_id': 'EUR/USD.IDEALPRO'}]",False,{}
100000.24,2.33,99997.91,USD,IDEALPRO-001,MARGIN,,"[{'type': 'MarginBalance', 'initial': '0.00', 'maintenance': '2.33', 'currency': 'USD', 'instrument_id': 'EUR/USD.IDEALPRO'}]",False,{}
100000.00,0.00,100000.00,EUR,IDEALPRO-001,MARGIN,,"[{'type': 'MarginBalance', 'initial': '0.00', 'maintenance': '2.33', 'currency': 'USD', 'instrument_id': 'EUR/USD.IDEALPRO'}]",False,{}
100000.24,2.33,99997.91,USD,IDEALPRO-001,MARGIN,,"[{'type': 'MarginBalance', 'initial': '0.00', 'maintenance': '2.33', 'currency': 'USD', 'instrument_id': 'EUR/USD.IDEALPRO'}]",False,{}
100000.00,0.00,100000.00,EUR,IDEALPRO-001,MARGIN,,"[{'type': 'MarginBalance', 'initial': '0.00', 'maintenance': '2.33', 'currency': 'USD', 'instrument_id': 'EUR/USD.IDEALPRO'}]",False,{}
100000.24,2.33,99997.91,USD,IDEALPRO-001,MARGIN,,"[{'type': 'MarginBalance', 'initial': '0.00', 'maintenance': '2.33', 'currency': 'USD', 'instrument_id': 'EUR/USD.IDEALPRO'}]",False,{}
100000.00,0.00,100000.00,EUR,IDEALPRO-001,MARGIN,,"[{'type': 'MarginBalance', 'initial': '0.00', 'maintenance': '2.33', 'currency': 'USD', 'instrument_id': 'EUR/USD.IDEALPRO'}]",False,{}
100000.38,0.00,100000.38,USD,IDEALPRO-001,MARGIN,,[],False,{}
100000.00,0.00,100000.00,EUR,IDEALPRO-001,MARGIN,,[],False,{}
100000.38,0.00,100000.38,USD,IDEALPRO-001,MARGIN,,[],False,{}
100000.00,0.00,100000.00,EUR,IDEALPRO-001,MARGIN,,[],False,{}
100000.38,0.00,100000.38,USD,IDEALPRO-001,MARGIN,,[],False,{}
100000.00,0.00,100000.00,EUR,IDEALPRO-001,MARGIN,,[],False,{}
100000.38,0.00,100000.38,USD,IDEALPRO-001,MARGIN,,[],False,{}
100000.00,0.00,100000.00,EUR,IDEALPRO-001,MARGIN,,[],False,{}
100000.38,0.00,100000.38,USD,IDEALPRO-001,MARGIN,,[],False,{}
100000.00,0.00,100000.00,EUR,IDEALPRO-001,MARGIN,,[],False,{}
100000.38,0.00,100000.38,USD,IDEALPRO-001,MARGIN,,[],False,{}
100000.00,0.00,100000.00,EUR,IDEALPRO-001,MARGIN,,[],False,{}
100000.38,2.33,99998.05,USD,IDEALPRO-001,MARGIN,,"[{'type': 'MarginBalance', 'initial': '0.00', 'maintenance': '2.33', 'currency': 'USD', 'instrument_id': 'EUR/USD.IDEALPRO'}]",False,{}
100000.00,0.00,100000.00,EUR,IDEALPRO-001,MARGIN,,"[{'type': 'MarginBalance', 'initial': '0.00', 'maintenance': '2.33', 'currency': 'USD', 'instrument_id': 'EUR/USD.IDEALPRO'}]",False,{}
100000.38,2.33,99998.05,USD,IDEALPRO-001,MARGIN,,"[{'type': 'MarginBalance', 'initial': '0.00', 'maintenance': '2.33', 'currency': 'USD', 'instrument_id': 'EUR/USD.IDEALPRO'}]",False,{}
100000.00,0.00,100000.00,EUR,IDEALPRO-001,MARGIN,,"[{'type': 'MarginBalance', 'initial': '0.00', 'maintenance': '2.33', 'currency': 'USD', 'instrument_id': 'EUR/USD.IDEALPRO'}]",False,{}
100000.38,2.33,99998.05,USD,IDEALPRO-001,MARGIN,,"[{'type': 'MarginBalance', 'initial': '0.00', 'maintenance': '2.33', 'currency': 'USD', 'instrument_id': 'EUR/USD.IDEALPRO'}]",False,{}
100000.00,0.00,100000.00,EUR,IDEALPRO-001,MARGIN,,"[{'type': 'MarginBalance', 'initial': '0.00', 'maintenance': '2.33', 'currency': 'USD', 'instrument_id': 'EUR/USD.IDEALPRO'}]",False,{}
100000.38,2.33,99998.05,USD,IDEALPRO-001,MARGIN,,"[{'type': 'MarginBalance', 'initial': '0.00', 'maintenance': '2.33', 'currency': 'USD', 'instrument_id': 'EUR/USD.IDEALPRO'}]",False,{}
100000.00,0.00,100000.00,EUR,IDEALPRO-001,MARGIN,,"[{'type': 'MarginBalance', 'initial': '0.00', 'maintenance': '2.33', 'currency': 'USD', 'instrument_id': 'EUR/USD.IDEALPRO'}]",False,{}
100000.35,0.00,100000.35,USD,IDEALPRO-001,MARGIN,,[],False,{}
100000.00,0.00,100000.00,EUR,IDEALPRO-001,MARGIN,,[],False,{}
100000.35,0.00,100000.35,USD,IDEALPRO-001,MARGIN,,[],False,{}
100000.00,0.00,100000.00,EUR,IDEALPRO-001,MARGIN,,[],False,{}
100000.35,0.00,100000.35,USD,IDEALPRO-001,MARGIN,,[],False,{}
100000.00,0.00,100000.00,EUR,IDEALPRO-001,MARGIN,,[],False,{}
100000.35,0.00,100000.35,USD,IDEALPRO-001,MARGIN,,[],False,{}
100000.00,0.00,100000.00,EUR,IDEALPRO-001,MARGIN,,[],False,{}
100000.35,0.00,100000.35,USD,IDEALPRO-001,MARGIN,,[],False,{}
100000.00,0.00,100000.00,EUR,IDEALPRO-001,MARGIN,,[],False,{}
100000.35,0.00,100000.35,USD,IDEALPRO-001,MARGIN,,[],False,{}
100000.00,0.00,100000.00,EUR,IDEALPRO-001,MARGIN,,[],False,{}
100000.35,2.33,99998.02,USD,IDEALPRO-001,MARGIN,,"[{'type': 'MarginBalance', 'initial': '0.00', 'maintenance': '2.33', 'currency': 'USD', 'instrument_id': 'EUR/USD.IDEALPRO'}]",False,{}
100000.00,0.00,100000.00,EUR,IDEALPRO-001,MARGIN,,"[{'type': 'MarginBalance', 'initial': '0.00', 'maintenance': '2.33', 'currency': 'USD', 'instrument_id': 'EUR/USD.IDEALPRO'}]",False,{}
100000.35,2.33,99998.02,USD,IDEALPRO-001,MARGIN,,"[{'type': 'MarginBalance', 'initial': '0.00', 'maintenance': '2.33', 'currency': 'USD', 'instrument_id': 'EUR/USD.IDEALPRO'}]",False,{}
100000.00,0.00,100000.00,EUR,IDEALPRO-001,MARGIN,,"[{'type': 'MarginBalance', 'initial': '0.00', 'maintenance': '2.33', 'currency': 'USD', 'instrument_id': 'EUR/USD.IDEALPRO'}]",False,{}
100000.35,2.33,99998.02,USD,IDEALPRO-001,MARGIN,,"[{'type': 'MarginBalance', 'initial': '0.00', 'maintenance': '2.33', 'currency': 'USD', 'instrument_id': 'EUR/USD.IDEALPRO'}]",False,{}
100000.00,0.00,100000.00,EUR,IDEALPRO-001,MARGIN,,"[{'type': 'MarginBalance', 'initial': '0.00', 'maintenance': '2.33', 'currency': 'USD', 'instrument_id': 'EUR/USD.IDEALPRO'}]",False,{}
100000.35,2.33,99998.02,USD,IDEALPRO-001,MARGIN,,"[{'type': 'MarginBalance', 'initial': '0.00', 'maintenance': '2.33', 'currency': 'USD', 'instrument_id': 'EUR/USD.IDEALPRO'}]",False,{}
100000.00,0.00,100000.00,EUR,IDEALPRO-001,MARGIN,,"[{'type': 'MarginBalance', 'initial': '0.00', 'maintenance': '2.33', 'currency': 'USD', 'instrument_id': 'EUR/USD.IDEALPRO'}]",False,{}
100000.50,0.00,100000.50,USD,IDEALPRO-001,MARGIN,,[],False,{}
100000.00,0.00,100000.00,EUR,IDEALPRO-001,MARGIN,,[],False,{}
100000.50,0.00,100000.50,USD,IDEALPRO-001,MARGIN,,[],False,{}
100000.00,0.00,100000.00,EUR,IDEALPRO-001,MARGIN,,[],False,{}
100000.50,0.00,100000.50,USD,IDEALPRO-001,MARGIN,,[],False,{}
100000.00,0.00,100000.00,EUR,IDEALPRO-001,MARGIN,,[],False,{}
100000.50,0.00,100000.50,USD,IDEALPRO-001,MARGIN,,[],False,{}
100000.00,0.00,100000.00,EUR,IDEALPRO-001,MARGIN,,[],False,{}
100000.50,0.00,100000.50,USD,IDEALPRO-001,MARGIN,,[],False,{}
100000.00,0.00,100000.00,EUR,IDEALPRO-001,MARGIN,,[],False,{}
100000.50,0.00,100000.50,USD,IDEALPRO-001,MARGIN,,[],False,{}
100000.00,0.00,100000.00,EUR,IDEALPRO-001,MARGIN,,[],False,{}
100000.50,2.33,99998.17,USD,IDEALPRO-001,MARGIN,,"[{'type': 'MarginBalance', 'initial': '0.00', 'maintenance': '2.33', 'currency': 'USD', 'instrument_id': 'EUR/USD.IDEALPRO'}]",False,{}
100000.00,0.00,100000.00,EUR,IDEALPRO-001,MARGIN,,"[{'type': 'MarginBalance', 'initial': '0.00', 'maintenance': '2.33', 'currency': 'USD', 'instrument_id': 'EUR/USD.IDEALPRO'}]",False,{}
100000.50,2.33,99998.17,USD,IDEALPRO-001,MARGIN,,"[{'type': 'MarginBalance', 'initial': '0.00', 'maintenance': '2.33', 'currency': 'USD', 'instrument_id': 'EUR/USD.IDEALPRO'}]",False,{}
100000.00,0.00,100000.00,EUR,IDEALPRO-001,MARGIN,,"[{'type': 'MarginBalance', 'initial': '0.00', 'maintenance': '2.33', 'currency': 'USD', 'instrument_id': 'EUR/USD.IDEALPRO'}]",False,{}
100000.50,2.33,99998.17,USD,IDEALPRO-001,MARGIN,,"[{'type': 'MarginBalance', 'initial': '0.00', 'maintenance': '2.33', 'currency': 'USD', 'instrument_id': 'EUR/USD.IDEALPRO'}]",False,{}
100000.00,0.00,100000.00,EUR,IDEALPRO-001,MARGIN,,"[{'type': 'MarginBalance', 'initial': '0.00', 'maintenance': '2.33', 'currency': 'USD', 'instrument_id': 'EUR/USD.IDEALPRO'}]",False,{}
100000.50,2.33,99998.17,USD,IDEALPRO-001,MARGIN,,"[{'type': 'MarginBalance', 'initial': '0.00', 'maintenance': '2.33', 'currency': 'USD', 'instrument_id': 'EUR/USD.IDEALPRO'}]",False,{}
100000.00,0.00,100000.00,EUR,IDEALPRO-001,MARGIN,,"[{'type': 'MarginBalance', 'initial': '0.00', 'maintenance': '2.33', 'currency': 'USD', 'instrument_id': 'EUR/USD.IDEALPRO'}]",False,{}
100000.46,0.00,100000.46,USD,IDEALPRO-001,MARGIN,,[],False,{}
100000.00,0.00,100000.00,EUR,IDEALPRO-001,MARGIN,,[],False,{}
100000.46,0.00,100000.46,USD,IDEALPRO-001,MARGIN,,[],False,{}
100000.00,0.00,100000.00,EUR,IDEALPRO-001,MARGIN,,[],False,{}
100000.46,0.00,100000.46,USD,IDEALPRO-001,MARGIN,,[],False,{}
100000.00,0.00,100000.00,EUR,IDEALPRO-001,MARGIN,,[],False,{}
100000.46,0.00,100000.46,USD,IDEALPRO-001,MARGIN,,[],False,{}
100000.00,0.00,100000.00,EUR,IDEALPRO-001,MARGIN,,[],False,{}
100000.46,0.00,100000.46,USD,IDEALPRO-001,MARGIN,,[],False,{}
100000.00,0.00,100000.00,EUR,IDEALPRO-001,MARGIN,,[],False,{}
100000.46,0.00,100000.46,USD,IDEALPRO-001,MARGIN,,[],False,{}
100000.00,0.00,100000.00,EUR,IDEALPRO-001,MARGIN,,[],False,{}
100000.46,2.33,99998.13,USD,IDEALPRO-001,MARGIN,,"[{'type': 'MarginBalance', 'initial': '0.00', 'maintenance': '2.33', 'currency': 'USD', 'instrument_id': 'EUR/USD.IDEALPRO'}]",False,{}
100000.00,0.00,100000.00,EUR,IDEALPRO-001,MARGIN,,"[{'type': 'MarginBalance', 'initial': '0.00', 'maintenance': '2.33', 'currency': 'USD', 'instrument_id': 'EUR/USD.IDEALPRO'}]",False,{}
100000.46,2.33,99998.13,USD,IDEALPRO-001,MARGIN,,"[{'type': 'MarginBalance', 'initial': '0.00', 'maintenance': '2.33', 'currency': 'USD', 'instrument_id': 'EUR/USD.IDEALPRO'}]",False,{}
100000.00,0.00,100000.00,EUR,IDEALPRO-001,MARGIN,,"[{'type': 'MarginBalance', 'initial': '0.00', 'maintenance': '2.33', 'currency': 'USD', 'instrument_id': 'EUR/USD.IDEALPRO'}]",False,{}
100000.46,2.33,99998.13,USD,IDEALPRO-001,MARGIN,,"[{'type': 'MarginBalance', 'initial': '0.00', 'maintenance': '2.33', 'currency': 'USD', 'instrument_id': 'EUR/USD.IDEALPRO'}]",False,{}
100000.00,0.00,100000.00,EUR,IDEALPRO-001,MARGIN,,"[{'type': 'MarginBalance', 'initial': '0.00', 'maintenance': '2.33', 'currency': 'USD', 'instrument_id': 'EUR/USD.IDEALPRO'}]",False,{}
100000.46,2.33,99998.13,USD,IDEALPRO-001,MARGIN,,"[{'type': 'MarginBalance', 'initial': '0.00', 'maintenance': '2.33', 'currency': 'USD', 'instrument_id': 'EUR/USD.IDEALPRO'}]",False,{}
100000.00,0.00,100000.00,EUR,IDEALPRO-001,MARGIN,,"[{'type': 'MarginBalance', 'initial': '0.00', 'maintenance': '2.33', 'currency': 'USD', 'instrument_id': 'EUR/USD.IDEALPRO'}]",False,{}
100000.49,0.00,100000.49,USD,IDEALPRO-001,MARGIN,,[],False,{}
100000.00,0.00,100000.00,EUR,IDEALPRO-001,MARGIN,,[],False,{}
100000.49,0.00,100000.49,USD,IDEALPRO-001,MARGIN,,[],False,{}
100000.00,0.00,100000.00,EUR,IDEALPRO-001,MARGIN,,[],False,{}
100000.49,0.00,100000.49,USD,IDEALPRO-001,MARGIN,,[],False,{}
100000.00,0.00,100000.00,EUR,IDEALPRO-001,MARGIN,,[],False,{}
100000.49,0.00,100000.49,USD,IDEALPRO-001,MARGIN,,[],False,{}
100000.00,0.00,100000.00,EUR,IDEALPRO-001,MARGIN,,[],False,{}
100000.49,0.00,100000.49,USD,IDEALPRO-001,MARGIN,,[],False,{}
100000.00,0.00,100000.00,EUR,IDEALPRO-001,MARGIN,,[],False,{}
100000.49,0.00,100000.49,USD,IDEALPRO-001,MARGIN,,[],False,{}
100000.00,0.00,100000.00,EUR,IDEALPRO-001,MARGIN,,[],False,{}
100000.49,2.33,99998.16,USD,IDEALPRO-001,MARGIN,,"[{'type': 'MarginBalance', 'initial': '0.00', 'maintenance': '2.33', 'currency': 'USD', 'instrument_id': 'EUR/USD.IDEALPRO'}]",False,{}
100000.00,0.00,100000.00,EUR,IDEALPRO-001,MARGIN,,"[{'type': 'MarginBalance', 'initial': '0.00', 'maintenance': '2.33', 'currency': 'USD', 'instrument_id': 'EUR/USD.IDEALPRO'}]",False,{}
100000.49,2.33,99998.16,USD,IDEALPRO-001,MARGIN,,"[{'type': 'MarginBalance', 'initial': '0.00', 'maintenance': '2.33', 'currency': 'USD', 'instrument_id': 'EUR/USD.IDEALPRO'}]",False,{}
100000.00,0.00,100000.00,EUR,IDEALPRO-001,MARGIN,,"[{'type': 'MarginBalance', 'initial': '0.00', 'maintenance': '2.33', 'currency': 'USD', 'instrument_id': 'EUR/USD.IDEALPRO'}]",False,{}
100000.49,2.33,99998.16,USD,IDEALPRO-001,MARGIN,,"[{'type': 'MarginBalance', 'initial': '0.00', 'maintenance': '2.33', 'currency': 'USD', 'instrument_id': 'EUR/USD.IDEALPRO'}]",False,{}
100000.00,0.00,100000.00,EUR,IDEALPRO-001,MARGIN,,"[{'type': 'MarginBalance', 'initial': '0.00', 'maintenance': '2.33', 'currency': 'USD', 'instrument_id': 'EUR/USD.IDEALPRO'}]",False,{}
100000.49,2.33,99998.16,USD,IDEALPRO-001,MARGIN,,"[{'type': 'MarginBalance', 'initial': '0.00', 'maintenance': '2.33', 'currency': 'USD', 'instrument_id': 'EUR/USD.IDEALPRO'}]",False,{}
100000.00,0.00,100000.00,EUR,IDEALPRO-001,MARGIN,,"[{'type': 'MarginBalance', 'initial': '0.00', 'maintenance': '2.33', 'currency': 'USD', 'instrument_id': 'EUR/USD.IDEALPRO'}]",False,{}
100000.45,0.00,100000.45,USD,IDEALPRO-001,MARGIN,,[],False,{}
100000.00,0.00,100000.00,EUR,IDEALPRO-001,MARGIN,,[],False,{}
100000.45,0.00,100000.45,USD,IDEALPRO-001,MARGIN,,[],False,{}
100000.00,0.00,100000.00,EUR,IDEALPRO-001,MARGIN,,[],False,{}
100000.45,0.00,100000.45,USD,IDEALPRO-001,MARGIN,,[],False,{}
100000.00,0.00,100000.00,EUR,IDEALPRO-001,MARGIN,,[],False,{}
100000.45,0.00,100000.45,USD,IDEALPRO-001,MARGIN,,[],False,{}
100000.00,0.00,100000.00,EUR,IDEALPRO-001,MARGIN,,[],False,{}
100000.45,0.00,100000.45,USD,IDEALPRO-001,MARGIN,,[],False,{}
100000.00,0.00,100000.00,EUR,IDEALPRO-001,MARGIN,,[],False,{}
100000.45,0.00,100000.45,USD,IDEALPRO-001,MARGIN,,[],False,{}
100000.00,0.00,100000.00,EUR,IDEALPRO-001,MARGIN,,[],False,{}
100000.45,2.33,99998.12,USD,IDEALPRO-001,MARGIN,,"[{'type': 'MarginBalance', 'initial': '0.00', 'maintenance': '2.33', 'currency': 'USD', 'instrument_id': 'EUR/USD.IDEALPRO'}]",False,{}
100000.00,0.00,100000.00,EUR,IDEALPRO-001,MARGIN,,"[{'type': 'MarginBalance', 'initial': '0.00', 'maintenance': '2.33', 'currency': 'USD', 'instrument_id': 'EUR/USD.IDEALPRO'}]",False,{}
100000.45,2.33,99998.12,USD,IDEALPRO-001,MARGIN,,"[{'type': 'MarginBalance', 'initial': '0.00', 'maintenance': '2.33', 'currency': 'USD', 'instrument_id': 'EUR/USD.IDEALPRO'}]",False,{}
100000.00,0.00,100000.00,EUR,IDEALPRO-001,MARGIN,,"[{'type': 'MarginBalance', 'initial': '0.00', 'maintenance': '2.33', 'currency': 'USD', 'instrument_id': 'EUR/USD.IDEALPRO'}]",False,{}
100000.45,2.33,99998.12,USD,IDEALPRO-001,MARGIN,,"[{'type': 'MarginBalance', 'initial': '0.00', 'maintenance': '2.33', 'currency': 'USD', 'instrument_id': 'EUR/USD.IDEALPRO'}]",False,{}
100000.00,0.00,100000.00,EUR,IDEALPRO-001,MARGIN,,"[{'type': 'MarginBalance', 'initial': '0.00', 'maintenance': '2.33', 'currency': 'USD', 'instrument_id': 'EUR/USD.IDEALPRO'}]",False,{}
100000.39,0.00,100000.39,USD,IDEALPRO-001,MARGIN,,[],False,{}
100000.00,0.00,100000.00,EUR,IDEALPRO-001,MARGIN,,[],False,{}
100000.39,0.00,100000.39,USD,IDEALPRO-001,MARGIN,,[],False,{}
100000.00,0.00,100000.00,EUR,IDEALPRO-001,MARGIN,,[],False,{}
100000.39,0.00,100000.39,USD,IDEALPRO-001,MARGIN,,[],False,{}
100000.00,0.00,100000.00,EUR,IDEALPRO-001,MARGIN,,[],False,{}
100000.39,0.00,100000.39,USD,IDEALPRO-001,MARGIN,,[],False,{}
100000.00,0.00,100000.00,EUR,IDEALPRO-001,MARGIN,,[],False,{}
100000.39,0.00,100000.39,USD,IDEALPRO-001,MARGIN,,[],False,{}
100000.00,0.00,100000.00,EUR,IDEALPRO-001,MARGIN,,[],False,{}
100000.39,2.33,99998.06,USD,IDEALPRO-001,MARGIN,,"[{'type': 'MarginBalance', 'initial': '0.00', 'maintenance': '2.33', 'currency': 'USD', 'instrument_id': 'EUR/USD.IDEALPRO'}]",False,{}
100000.00,0.00,100000.00,EUR,IDEALPRO-001,MARGIN,,"[{'type': 'MarginBalance', 'initial': '0.00', 'maintenance': '2.33', 'currency': 'USD', 'instrument_id': 'EUR/USD.IDEALPRO'}]",False,{}
100000.39,2.33,99998.06,USD,IDEALPRO-001,MARGIN,,"[{'type': 'MarginBalance', 'initial': '0.00', 'maintenance': '2.33', 'currency': 'USD', 'instrument_id': 'EUR/USD.IDEALPRO'}]",False,{}
100000.00,0.00,100000.00,EUR,IDEALPRO-001,MARGIN,,"[{'type': 'MarginBalance', 'initial': '0.00', 'maintenance': '2.33', 'currency': 'USD', 'instrument_id': 'EUR/USD.IDEALPRO'}]",False,{}
100000.39,2.33,99998.06,USD,IDEALPRO-001,MARGIN,,"[{'type': 'MarginBalance', 'initial': '0.00', 'maintenance': '2.33', 'currency': 'USD', 'instrument_id': 'EUR/USD.IDEALPRO'}]",False,{}
100000.00,0.00,100000.00,EUR,IDEALPRO-001,MARGIN,,"[{'type': 'MarginBalance', 'initial': '0.00', 'maintenance': '2.33', 'currency': 'USD', 'instrument_id': 'EUR/USD.IDEALPRO'}]",False,{}
100000.33,0.00,100000.33,USD,IDEALPRO-001,MARGIN,,[],False,{}
100000.00,0.00,100000.00,EUR,IDEALPRO-001,MARGIN,,[],False,{}
100000.33,0.00,100000.33,USD,IDEALPRO-001,MARGIN,,[],False,{}
100000.00,0.00,100000.00,EUR,IDEALPRO-001,MARGIN,,[],False,{}
100000.33,0.00,100000.33,USD,IDEALPRO-001,MARGIN,,[],False,{}
100000.00,0.00,100000.00,EUR,IDEALPRO-001,MARGIN,,[],False,{}
100000.33,0.00,100000.33,USD,IDEALPRO-001,MARGIN,,[],False,{}
100000.00,0.00,100000.00,EUR,IDEALPRO-001,MARGIN,,[],False,{}
100000.33,0.00,100000.33,USD,IDEALPRO-001,MARGIN,,[],False,{}
100000.00,0.00,100000.00,EUR,IDEALPRO-001,MARGIN,,[],False,{}
100000.33,2.33,99998.00,USD,IDEALPRO-001,MARGIN,,"[{'type': 'MarginBalance', 'initial': '0.00', 'maintenance': '2.33', 'currency': 'USD', 'instrument_id': 'EUR/USD.IDEALPRO'}]",False,{}
100000.00,0.00,100000.00,EUR,IDEALPRO-001,MARGIN,,"[{'type': 'MarginBalance', 'initial': '0.00', 'maintenance': '2.33', 'currency': 'USD', 'instrument_id': 'EUR/USD.IDEALPRO'}]",False,{}
100000.33,2.33,99998.00,USD,IDEALPRO-001,MARGIN,,"[{'type': 'MarginBalance', 'initial': '0.00', 'maintenance': '2.33', 'currency': 'USD', 'instrument_id': 'EUR/USD.IDEALPRO'}]",False,{}
100000.00,0.00,100000.00,EUR,IDEALPRO-001,MARGIN,,"[{'type': 'MarginBalance', 'initial': '0.00', 'maintenance': '2.33', 'currency': 'USD', 'instrument_id': 'EUR/USD.IDEALPRO'}]",False,{}
100000.33,2.33,99998.00,USD,IDEALPRO-001,MARGIN,,"[{'type': 'MarginBalance', 'initial': '0.00', 'maintenance': '2.33', 'currency': 'USD', 'instrument_id': 'EUR/USD.IDEALPRO'}]",False,{}
100000.00,0.00,100000.00,EUR,IDEALPRO-001,MARGIN,,"[{'type': 'MarginBalance', 'initial': '0.00', 'maintenance': '2.33', 'currency': 'USD', 'instrument_id': 'EUR/USD.IDEALPRO'}]",False,{}
100000.27,0.00,100000.27,USD,IDEALPRO-001,MARGIN,,[],False,{}
100000.00,0.00,100000.00,EUR,IDEALPRO-001,MARGIN,,[],False,{}
100000.27,0.00,100000.27,USD,IDEALPRO-001,MARGIN,,[],False,{}
100000.00,0.00,100000.00,EUR,IDEALPRO-001,MARGIN,,[],False,{}
100000.27,0.00,100000.27,USD,IDEALPRO-001,MARGIN,,[],False,{}
100000.00,0.00,100000.00,EUR,IDEALPRO-001,MARGIN,,[],False,{}
100000.27,0.00,100000.27,USD,IDEALPRO-001,MARGIN,,[],False,{}
100000.00,0.00,100000.00,EUR,IDEALPRO-001,MARGIN,,[],False,{}
100000.27,0.00,100000.27,USD,IDEALPRO-001,MARGIN,,[],False,{}
100000.00,0.00,100000.00,EUR,IDEALPRO-001,MARGIN,,[],False,{}
100000.27,2.33,99997.94,USD,IDEALPRO-001,MARGIN,,"[{'type': 'MarginBalance', 'initial': '0.00', 'maintenance': '2.33', 'currency': 'USD', 'instrument_id': 'EUR/USD.IDEALPRO'}]",False,{}
100000.00,0.00,100000.00,EUR,IDEALPRO-001,MARGIN,,"[{'type': 'MarginBalance', 'initial': '0.00', 'maintenance': '2.33', 'currency': 'USD', 'instrument_id': 'EUR/USD.IDEALPRO'}]",False,{}
100000.27,2.33,99997.94,USD,IDEALPRO-001,MARGIN,,"[{'type': 'MarginBalance', 'initial': '0.00', 'maintenance': '2.33', 'currency': 'USD', 'instrument_id': 'EUR/USD.IDEALPRO'}]",False,{}
100000.00,0.00,100000.00,EUR,IDEALPRO-001,MARGIN,,"[{'type': 'MarginBalance', 'initial': '0.00', 'maintenance': '2.33', 'currency': 'USD', 'instrument_id': 'EUR/USD.IDEALPRO'}]",False,{}
100000.27,2.33,99997.94,USD,IDEALPRO-001,MARGIN,,"[{'type': 'MarginBalance', 'initial': '0.00', 'maintenance': '2.33', 'currency': 'USD', 'instrument_id': 'EUR/USD.IDEALPRO'}]",False,{}
100000.00,0.00,100000.00,EUR,IDEALPRO-001,MARGIN,,"[{'type': 'MarginBalance', 'initial': '0.00', 'maintenance': '2.33', 'currency': 'USD', 'instrument_id': 'EUR/USD.IDEALPRO'}]",False,{}
100000.27,2.33,99997.94,USD,IDEALPRO-001,MARGIN,,"[{'type': 'MarginBalance', 'initial': '0.00', 'maintenance': '2.33', 'currency': 'USD', 'instrument_id': 'EUR/USD.IDEALPRO'}]",False,{}
100000.00,0.00,100000.00,EUR,IDEALPRO-001,MARGIN,,"[{'type': 'MarginBalance', 'initial': '0.00', 'maintenance': '2.33', 'currency': 'USD', 'instrument_id': 'EUR/USD.IDEALPRO'}]",False,{}
100000.25,0.00,100000.25,USD,IDEALPRO-001,MARGIN,,[],False,{}
100000.00,0.00,100000.00,EUR,IDEALPRO-001,MARGIN,,[],False,{}
100000.25,0.00,100000.25,USD,IDEALPRO-001,MARGIN,,[],False,{}
100000.00,0.00,100000.00,EUR,IDEALPRO-001,MARGIN,,[],False,{}
100000.25,0.00,100000.25,USD,IDEALPRO-001,MARGIN,,[],False,{}
100000.00,0.00,100000.00,EUR,IDEALPRO-001,MARGIN,,[],False,{}
100000.25,0.00,100000.25,USD,IDEALPRO-001,MARGIN,,[],False,{}
100000.00,0.00,100000.00,EUR,IDEALPRO-001,MARGIN,,[],False,{}
100000.25,0.00,100000.25,USD,IDEALPRO-001,MARGIN,,[],False,{}
100000.00,0.00,100000.00,EUR,IDEALPRO-001,MARGIN,,[],False,{}
100000.25,0.00,100000.25,USD,IDEALPRO-001,MARGIN,,[],False,{}
100000.00,0.00,100000.00,EUR,IDEALPRO-001,MARGIN,,[],False,{}
100000.25,2.33,99997.92,USD,IDEALPRO-001,MARGIN,,"[{'type': 'MarginBalance', 'initial': '0.00', 'maintenance': '2.33', 'currency': 'USD', 'instrument_id': 'EUR/USD.IDEALPRO'}]",False,{}
100000.00,0.00,100000.00,EUR,IDEALPRO-001,MARGIN,,"[{'type': 'MarginBalance', 'initial': '0.00', 'maintenance': '2.33', 'currency': 'USD', 'instrument_id': 'EUR/USD.IDEALPRO'}]",False,{}
100000.25,2.33,99997.92,USD,IDEALPRO-001,MARGIN,,"[{'type': 'MarginBalance', 'initial': '0.00', 'maintenance': '2.33', 'currency': 'USD', 'instrument_id': 'EUR/USD.IDEALPRO'}]",False,{}
100000.00,0.00,100000.00,EUR,IDEALPRO-001,MARGIN,,"[{'type': 'MarginBalance', 'initial': '0.00', 'maintenance': '2.33', 'currency': 'USD', 'instrument_id': 'EUR/USD.IDEALPRO'}]",False,{}
100000.25,2.33,99997.92,USD,IDEALPRO-001,MARGIN,,"[{'type': 'MarginBalance', 'initial': '0.00', 'maintenance': '2.33', 'currency': 'USD', 'instrument_id': 'EUR/USD.IDEALPRO'}]",False,{}
100000.00,0.00,100000.00,EUR,IDEALPRO-001,MARGIN,,"[{'type': 'MarginBalance', 'initial': '0.00', 'maintenance': '2.33', 'currency': 'USD', 'instrument_id': 'EUR/USD.IDEALPRO'}]",False,{}
100000.25,2.33,99997.92,USD,IDEALPRO-001,MARGIN,,"[{'type': 'MarginBalance', 'initial': '0.00', 'maintenance': '2.33', 'currency': 'USD', 'instrument_id': 'EUR/USD.IDEALPRO'}]",False,{}
100000.00,0.00,100000.00,EUR,IDEALPRO-001,MARGIN,,"[{'type': 'MarginBalance', 'initial': '0.00', 'maintenance': '2.33', 'currency': 'USD', 'instrument_id': 'EUR/USD.IDEALPRO'}]",False,{}
100000.28,0.00,100000.28,USD,IDEALPRO-001,MARGIN,,[],False,{}
100000.00,0.00,100000.00,EUR,IDEALPRO-001,MARGIN,,[],False,{}
100000.28,0.00,100000.28,USD,IDEALPRO-001,MARGIN,,[],False,{}
100000.00,0.00,100000.00,EUR,IDEALPRO-001,MARGIN,,[],False,{}
100000.28,0.00,100000.28,USD,IDEALPRO-001,MARGIN,,[],False,{}
100000.00,0.00,100000.00,EUR,IDEALPRO-001,MARGIN,,[],False,{}
100000.28,0.00,100000.28,USD,IDEALPRO-001,MARGIN,,[],False,{}
100000.00,0.00,100000.00,EUR,IDEALPRO-001,MARGIN,,[],False,{}
100000.28,0.00,100000.28,USD,IDEALPRO-001,MARGIN,,[],False,{}
100000.00,0.00,100000.00,EUR,IDEALPRO-001,MARGIN,,[],False,{}
100000.28,0.00,100000.28,USD,IDEALPRO-001,MARGIN,,[],False,{}
100000.00,0.00,100000.00,EUR,IDEALPRO-001,MARGIN,,[],False,{}
100000.28,2.33,99997.95,USD,IDEALPRO-001,MARGIN,,"[{'type': 'MarginBalance', 'initial': '0.00', 'maintenance': '2.33', 'currency': 'USD', 'instrument_id': 'EUR/USD.IDEALPRO'}]",False,{}
100000.00,0.00,100000.00,EUR,IDEALPRO-001,MARGIN,,"[{'type': 'MarginBalance', 'initial': '0.00', 'maintenance': '2.33', 'currency': 'USD', 'instrument_id': 'EUR/USD.IDEALPRO'}]",False,{}
100000.28,2.33,99997.95,USD,IDEALPRO-001,MARGIN,,"[{'type': 'MarginBalance', 'initial': '0.00', 'maintenance': '2.33', 'currency': 'USD', 'instrument_id': 'EUR/USD.IDEALPRO'}]",False,{}
100000.00,0.00,100000.00,EUR,IDEALPRO-001,MARGIN,,"[{'type': 'MarginBalance', 'initial': '0.00', 'maintenance': '2.33', 'currency': 'USD', 'instrument_id': 'EUR/USD.IDEALPRO'}]",False,{}
100000.28,2.33,99997.95,USD,IDEALPRO-001,MARGIN,,"[{'type': 'MarginBalance', 'initial': '0.00', 'maintenance': '2.33', 'currency': 'USD', 'instrument_id': 'EUR/USD.IDEALPRO'}]",False,{}
100000.00,0.00,100000.00,EUR,IDEALPRO-001,MARGIN,,"[{'type': 'MarginBalance', 'initial': '0.00', 'maintenance': '2.33', 'currency': 'USD', 'instrument_id': 'EUR/USD.IDEALPRO'}]",False,{}
100000.28,2.33,99997.95,USD,IDEALPRO-001,MARGIN,,"[{'type': 'MarginBalance', 'initial': '0.00', 'maintenance': '2.33', 'currency': 'USD', 'instrument_id': 'EUR/USD.IDEALPRO'}]",False,{}
100000.00,0.00,100000.00,EUR,IDEALPRO-001,MARGIN,,"[{'type': 'MarginBalance', 'initial': '0.00', 'maintenance': '2.33', 'currency': 'USD', 'instrument_id': 'EUR/USD.IDEALPRO'}]",False,{}
100000.31,0.00,100000.31,USD,IDEALPRO-001,MARGIN,,[],False,{}
100000.00,0.00,100000.00,EUR,IDEALPRO-001,MARGIN,,[],False,{}
100000.31,0.00,100000.31,USD,IDEALPRO-001,MARGIN,,[],False,{}
100000.00,0.00,100000.00,EUR,IDEALPRO-001,MARGIN,,[],False,{}
100000.31,0.00,100000.31,USD,IDEALPRO-001,MARGIN,,[],False,{}
100000.00,0.00,100000.00,EUR,IDEALPRO-001,MARGIN,,[],False,{}
100000.31,0.00,100000.31,USD,IDEALPRO-001,MARGIN,,[],False,{}
100000.00,0.00,100000.00,EUR,IDEALPRO-001,MARGIN,,[],False,{}
100000.31,0.00,100000.31,USD,IDEALPRO-001,MARGIN,,[],False,{}
100000.00,0.00,100000.00,EUR,IDEALPRO-001,MARGIN,,[],False,{}
100000.31,0.00,100000.31,USD,IDEALPRO-001,MARGIN,,[],False,{}
100000.00,0.00,100000.00,EUR,IDEALPRO-001,MARGIN,,[],False,{}
100000.31,2.33,99997.98,USD,IDEALPRO-001,MARGIN,,"[{'type': 'MarginBalance', 'initial': '0.00', 'maintenance': '2.33', 'currency': 'USD', 'instrument_id': 'EUR/USD.IDEALPRO'}]",False,{}
100000.00,0.00,100000.00,EUR,IDEALPRO-001,MARGIN,,"[{'type': 'MarginBalance', 'initial': '0.00', 'maintenance': '2.33', 'currency': 'USD', 'instrument_id': 'EUR/USD.IDEALPRO'}]",False,{}
100000.31,2.33,99997.98,USD,IDEALPRO-001,MARGIN,,"[{'type': 'MarginBalance', 'initial': '0.00', 'maintenance': '2.33', 'currency': 'USD', 'instrument_id': 'EUR/USD.IDEALPRO'}]",False,{}
100000.00,0.00,100000.00,EUR,IDEALPRO-001,MARGIN,,"[{'type': 'MarginBalance', 'initial': '0.00', 'maintenance': '2.33', 'currency': 'USD', 'instrument_id': 'EUR/USD.IDEALPRO'}]",False,{}
100000.31,2.33,99997.98,USD,IDEALPRO-001,MARGIN,,"[{'type': 'MarginBalance', 'initial': '0.00', 'maintenance': '2.33', 'currency': 'USD', 'instrument_id': 'EUR/USD.IDEALPRO'}]",False,{}
100000.00,0.00,100000.00,EUR,IDEALPRO-001,MARGIN,,"[{'type': 'MarginBalance', 'initial': '0.00', 'maintenance': '2.33', 'currency': 'USD', 'instrument_id': 'EUR/USD.IDEALPRO'}]",False,{}
100000.31,2.33,99997.98,USD,IDEALPRO-001,MARGIN,,"[{'type': 'MarginBalance', 'initial': '0.00', 'maintenance': '2.33', 'currency': 'USD', 'instrument_id': 'EUR/USD.IDEALPRO'}]",False,{}
100000.00,0.00,100000.00,EUR,IDEALPRO-001,MARGIN,,"[{'type': 'MarginBalance', 'initial': '0.00', 'maintenance': '2.33', 'currency': 'USD', 'instrument_id': 'EUR/USD.IDEALPRO'}]",False,{}
100000.37,0.00,100000.37,USD,IDEALPRO-001,MARGIN,,[],False,{}
100000.00,0.00,100000.00,EUR,IDEALPRO-001,MARGIN,,[],False,{}
100000.37,0.00,100000.37,USD,IDEALPRO-001,MARGIN,,[],False,{}
100000.00,0.00,100000.00,EUR,IDEALPRO-001,MARGIN,,[],False,{}
100000.37,0.00,100000.37,USD,IDEALPRO-001,MARGIN,,[],False,{}
100000.00,0.00,100000.00,EUR,IDEALPRO-001,MARGIN,,[],False,{}
100000.37,0.00,100000.37,USD,IDEALPRO-001,MARGIN,,[],False,{}
100000.00,0.00,100000.00,EUR,IDEALPRO-001,MARGIN,,[],False,{}
100000.37,0.00,100000.37,USD,IDEALPRO-001,MARGIN,,[],False,{}
100000.00,0.00,100000.00,EUR,IDEALPRO-001,MARGIN,,[],False,{}
100000.37,0.00,100000.37,USD,IDEALPRO-001,MARGIN,,[],False,{}
100000.00,0.00,100000.00,EUR,IDEALPRO-001,MARGIN,,[],False,{}
100000.37,2.33,99998.04,USD,IDEALPRO-001,MARGIN,,"[{'type': 'MarginBalance', 'initial': '0.00', 'maintenance': '2.33', 'currency': 'USD', 'instrument_id': 'EUR/USD.IDEALPRO'}]",False,{}
100000.00,0.00,100000.00,EUR,IDEALPRO-001,MARGIN,,"[{'type': 'MarginBalance', 'initial': '0.00', 'maintenance': '2.33', 'currency': 'USD', 'instrument_id': 'EUR/USD.IDEALPRO'}]",False,{}
100000.37,2.33,99998.04,USD,IDEALPRO-001,MARGIN,,"[{'type': 'MarginBalance', 'initial': '0.00', 'maintenance': '2.33', 'currency': 'USD', 'instrument_id': 'EUR/USD.IDEALPRO'}]",False,{}
100000.00,0.00,100000.00,EUR,IDEALPRO-001,MARGIN,,"[{'type': 'MarginBalance', 'initial': '0.00', 'maintenance': '2.33', 'currency': 'USD', 'instrument_id': 'EUR/USD.IDEALPRO'}]",False,{}
100000.37,2.33,99998.04,USD,IDEALPRO-001,MARGIN,,"[{'type': 'MarginBalance', 'initial': '0.00', 'maintenance': '2.33', 'currency': 'USD', 'instrument_id': 'EUR/USD.IDEALPRO'}]",False,{}
100000.00,0.00,100000.00,EUR,IDEALPRO-001,MARGIN,,"[{'type': 'MarginBalance', 'initial': '0.00', 'maintenance': '2.33', 'currency': 'USD', 'instrument_id': 'EUR/USD.IDEALPRO'}]",False,{}
100000.31,0.00,100000.31,USD,IDEALPRO-001,MARGIN,,[],False,{}
100000.00,0.00,100000.00,EUR,IDEALPRO-001,MARGIN,,[],False,{}
100000.31,0.00,100000.31,USD,IDEALPRO-001,MARGIN,,[],False,{}
100000.00,0.00,100000.00,EUR,IDEALPRO-001,MARGIN,,[],False,{}
100000.31,0.00,100000.31,USD,IDEALPRO-001,MARGIN,,[],False,{}
100000.00,0.00,100000.00,EUR,IDEALPRO-001,MARGIN,,[],False,{}
100000.31,0.00,100000.31,USD,IDEALPRO-001,MARGIN,,[],False,{}
100000.00,0.00,100000.00,EUR,IDEALPRO-001,MARGIN,,[],False,{}
100000.31,0.00,100000.31,USD,IDEALPRO-001,MARGIN,,[],False,{}
100000.00,0.00,100000.00,EUR,IDEALPRO-001,MARGIN,,[],False,{}
100000.31,2.33,99997.98,USD,IDEALPRO-001,MARGIN,,"[{'type': 'MarginBalance', 'initial': '0.00', 'maintenance': '2.33', 'currency': 'USD', 'instrument_id': 'EUR/USD.IDEALPRO'}]",False,{}
100000.00,0.00,100000.00,EUR,IDEALPRO-001,MARGIN,,"[{'type': 'MarginBalance', 'initial': '0.00', 'maintenance': '2.33', 'currency': 'USD', 'instrument_id': 'EUR/USD.IDEALPRO'}]",False,{}
100000.31,2.33,99997.98,USD,IDEALPRO-001,MARGIN,,"[{'type': 'MarginBalance', 'initial': '0.00', 'maintenance': '2.33', 'currency': 'USD', 'instrument_id': 'EUR/USD.IDEALPRO'}]",False,{}
100000.00,0.00,100000.00,EUR,IDEALPRO-001,MARGIN,,"[{'type': 'MarginBalance', 'initial': '0.00', 'maintenance': '2.33', 'currency': 'USD', 'instrument_id': 'EUR/USD.IDEALPRO'}]",False,{}
100000.31,2.33,99997.98,USD,IDEALPRO-001,MARGIN,,"[{'type': 'MarginBalance', 'initial': '0.00', 'maintenance': '2.33', 'currency': 'USD', 'instrument_id': 'EUR/USD.IDEALPRO'}]",False,{}
100000.00,0.00,100000.00,EUR,IDEALPRO-001,MARGIN,,"[{'type': 'MarginBalance', 'initial': '0.00', 'maintenance': '2.33', 'currency': 'USD', 'instrument_id': 'EUR/USD.IDEALPRO'}]",False,{}
100000.31,2.33,99997.98,USD,IDEALPRO-001,MARGIN,,"[{'type': 'MarginBalance', 'initial': '0.00', 'maintenance': '2.33', 'currency': 'USD', 'instrument_id': 'EUR/USD.IDEALPRO'}]",False,{}
100000.00,0.00,100000.00,EUR,IDEALPRO-001,MARGIN,,"[{'type': 'MarginBalance', 'initial': '0.00', 'maintenance': '2.33', 'currency': 'USD', 'instrument_id': 'EUR/USD.IDEALPRO'}]",False,{}
100000.32,0.00,100000.32,USD,IDEALPRO-001,MARGIN,,[],False,{}
100000.00,0.00,100000.00,EUR,IDEALPRO-001,MARGIN,,[],False,{}
100000.32,0.00,100000.32,USD,IDEALPRO-001,MARGIN,,[],False,{}
100000.00,0.00,100000.00,EUR,IDEALPRO-001,MARGIN,,[],False,{}
100000.32,0.00,100000.32,USD,IDEALPRO-001,MARGIN,,[],False,{}
100000.00,0.00,100000.00,EUR,IDEALPRO-001,MARGIN,,[],False,{}
100000.32,0.00,100000.32,USD,IDEALPRO-001,MARGIN,,[],False,{}
100000.00,0.00,100000.00,EUR,IDEALPRO-001,MARGIN,,[],False,{}
100000.32,0.00,100000.32,USD,IDEALPRO-001,MARGIN,,[],False,{}
100000.00,0.00,100000.00,EUR,IDEALPRO-001,MARGIN,,[],False,{}
100000.32,0.00,100000.32,USD,IDEALPRO-001,MARGIN,,[],False,{}
100000.00,0.00,100000.00,EUR,IDEALPRO-001,MARGIN,,[],False,{}
100000.32,2.33,99997.99,USD,IDEALPRO-001,MARGIN,,"[{'type': 'MarginBalance', 'initial': '0.00', 'maintenance': '2.33', 'currency': 'USD', 'instrument_id': 'EUR/USD.IDEALPRO'}]",False,{}
100000.00,0.00,100000.00,EUR,IDEALPRO-001,MARGIN,,"[{'type': 'MarginBalance', 'initial': '0.00', 'maintenance': '2.33', 'currency': 'USD', 'instrument_id': 'EUR/USD.IDEALPRO'}]",False,{}
100000.32,2.33,99997.99,USD,IDEALPRO-001,MARGIN,,"[{'type': 'MarginBalance', 'initial': '0.00', 'maintenance': '2.33', 'currency': 'USD', 'instrument_id': 'EUR/USD.IDEALPRO'}]",False,{}
100000.00,0.00,100000.00,EUR,IDEALPRO-001,MARGIN,,"[{'type': 'MarginBalance', 'initial': '0.00', 'maintenance': '2.33', 'currency': 'USD', 'instrument_id': 'EUR/USD.IDEALPRO'}]",False,{}
100000.32,2.33,99997.99,USD,IDEALPRO-001,MARGIN,,"[{'type': 'MarginBalance', 'initial': '0.00', 'maintenance': '2.33', 'currency': 'USD', 'instrument_id': 'EUR/USD.IDEALPRO'}]",False,{}
100000.00,0.00,100000.00,EUR,IDEALPRO-001,MARGIN,,"[{'type': 'MarginBalance', 'initial': '0.00', 'maintenance': '2.33', 'currency': 'USD', 'instrument_id': 'EUR/USD.IDEALPRO'}]",False,{}
100000.32,2.33,99997.99,USD,IDEALPRO-001,MARGIN,,"[{'type': 'MarginBalance', 'initial': '0.00', 'maintenance': '2.33', 'currency': 'USD', 'instrument_id': 'EUR/USD.IDEALPRO'}]",False,{}
100000.00,0.00,100000.00,EUR,IDEALPRO-001,MARGIN,,"[{'type': 'MarginBalance', 'initial': '0.00', 'maintenance': '2.33', 'currency': 'USD', 'instrument_id': 'EUR/USD.IDEALPRO'}]",False,{}
100000.41,0.00,100000.41,USD,IDEALPRO-001,MARGIN,,[],False,{}
100000.00,0.00,100000.00,EUR,IDEALPRO-001,MARGIN,,[],False,{}
100000.41,0.00,100000.41,USD,IDEALPRO-001,MARGIN,,[],False,{}
100000.00,0.00,100000.00,EUR,IDEALPRO-001,MARGIN,,[],False,{}
100000.41,0.00,100000.41,USD,IDEALPRO-001,MARGIN,,[],False,{}
100000.00,0.00,100000.00,EUR,IDEALPRO-001,MARGIN,,[],False,{}
100000.41,0.00,100000.41,USD,IDEALPRO-001,MARGIN,,[],False,{}
100000.00,0.00,100000.00,EUR,IDEALPRO-001,MARGIN,,[],False,{}
100000.41,0.00,100000.41,USD,IDEALPRO-001,MARGIN,,[],False,{}
100000.00,0.00,100000.00,EUR,IDEALPRO-001,MARGIN,,[],False,{}
100000.41,0.00,100000.41,USD,IDEALPRO-001,MARGIN,,[],False,{}
100000.00,0.00,100000.00,EUR,IDEALPRO-001,MARGIN,,[],False,{}
100000.41,2.33,99998.08,USD,IDEALPRO-001,MARGIN,,"[{'type': 'MarginBalance', 'initial': '0.00', 'maintenance': '2.33', 'currency': 'USD', 'instrument_id': 'EUR/USD.IDEALPRO'}]",False,{}
100000.00,0.00,100000.00,EUR,IDEALPRO-001,MARGIN,,"[{'type': 'MarginBalance', 'initial': '0.00', 'maintenance': '2.33', 'currency': 'USD', 'instrument_id': 'EUR/USD.IDEALPRO'}]",False,{}
100000.41,2.33,99998.08,USD,IDEALPRO-001,MARGIN,,"[{'type': 'MarginBalance', 'initial': '0.00', 'maintenance': '2.33', 'currency': 'USD', 'instrument_id': 'EUR/USD.IDEALPRO'}]",False,{}
100000.00,0.00,100000.00,EUR,IDEALPRO-001,MARGIN,,"[{'type': 'MarginBalance', 'initial': '0.00', 'maintenance': '2.33', 'currency': 'USD', 'instrument_id': 'EUR/USD.IDEALPRO'}]",False,{}
100000.41,2.33,99998.08,USD,IDEALPRO-001,MARGIN,,"[{'type': 'MarginBalance', 'initial': '0.00', 'maintenance': '2.33', 'currency': 'USD', 'instrument_id': 'EUR/USD.IDEALPRO'}]",False,{}
100000.00,0.00,100000.00,EUR,IDEALPRO-001,MARGIN,,"[{'type': 'MarginBalance', 'initial': '0.00', 'maintenance': '2.33', 'currency': 'USD', 'instrument_id': 'EUR/USD.IDEALPRO'}]",False,{}
100000.41,2.33,99998.08,USD,IDEALPRO-001,MARGIN,,"[{'type': 'MarginBalance', 'initial': '0.00', 'maintenance': '2.33', 'currency': 'USD', 'instrument_id': 'EUR/USD.IDEALPRO'}]",False,{}
100000.00,0.00,100000.00,EUR,IDEALPRO-001,MARGIN,,"[{'type': 'MarginBalance', 'initial': '0.00', 'maintenance': '2.33', 'currency': 'USD', 'instrument_id': 'EUR/USD.IDEALPRO'}]",False,{}
100000.39,0.00,100000.39,USD,IDEALPRO-001,MARGIN,,[],False,{}
100000.00,0.00,100000.00,EUR,IDEALPRO-001,MARGIN,,[],False,{}
100000.39,0.00,100000.39,USD,IDEALPRO-001,MARGIN,,[],False,{}
100000.00,0.00,100000.00,EUR,IDEALPRO-001,MARGIN,,[],False,{}
100000.39,0.00,100000.39,USD,IDEALPRO-001,MARGIN,,[],False,{}
100000.00,0.00,100000.00,EUR,IDEALPRO-001,MARGIN,,[],False,{}
100000.39,0.00,100000.39,USD,IDEALPRO-001,MARGIN,,[],False,{}
100000.00,0.00,100000.00,EUR,IDEALPRO-001,MARGIN,,[],False,{}
100000.39,0.00,100000.39,USD,IDEALPRO-001,MARGIN,,[],False,{}
100000.00,0.00,100000.00,EUR,IDEALPRO-001,MARGIN,,[],False,{}
100000.39,0.00,100000.39,USD,IDEALPRO-001,MARGIN,,[],False,{}
100000.00,0.00,100000.00,EUR,IDEALPRO-001,MARGIN,,[],False,{}
100000.39,2.33,99998.06,USD,IDEALPRO-001,MARGIN,,"[{'type': 'MarginBalance', 'initial': '0.00', 'maintenance': '2.33', 'currency': 'USD', 'instrument_id': 'EUR/USD.IDEALPRO'}]",False,{}
100000.00,0.00,100000.00,EUR,IDEALPRO-001,MARGIN,,"[{'type': 'MarginBalance', 'initial': '0.00', 'maintenance': '2.33', 'currency': 'USD', 'instrument_id': 'EUR/USD.IDEALPRO'}]",False,{}
100000.39,2.33,99998.06,USD,IDEALPRO-001,MARGIN,,"[{'type': 'MarginBalance', 'initial': '0.00', 'maintenance': '2.33', 'currency': 'USD', 'instrument_id': 'EUR/USD.IDEALPRO'}]",False,{}
100000.00,0.00,100000.00,EUR,IDEALPRO-001,MARGIN,,"[{'type': 'MarginBalance', 'initial': '0.00', 'maintenance': '2.33', 'currency': 'USD', 'instrument_id': 'EUR/USD.IDEALPRO'}]",False,{}
100000.39,2.33,99998.06,USD,IDEALPRO-001,MARGIN,,"[{'type': 'MarginBalance', 'initial': '0.00', 'maintenance': '2.33', 'currency': 'USD', 'instrument_id': 'EUR/USD.IDEALPRO'}]",False,{}
100000.00,0.00,100000.00,EUR,IDEALPRO-001,MARGIN,,"[{'type': 'MarginBalance', 'initial': '0.00', 'maintenance': '2.33', 'currency': 'USD', 'instrument_id': 'EUR/USD.IDEALPRO'}]",False,{}
100000.33,0.00,100000.33,USD,IDEALPRO-001,MARGIN,,[],False,{}
100000.00,0.00,100000.00,EUR,IDEALPRO-001,MARGIN,,[],False,{}
100000.33,0.00,100000.33,USD,IDEALPRO-001,MARGIN,,[],False,{}
100000.00,0.00,100000.00,EUR,IDEALPRO-001,MARGIN,,[],False,{}
100000.33,0.00,100000.33,USD,IDEALPRO-001,MARGIN,,[],False,{}
100000.00,0.00,100000.00,EUR,IDEALPRO-001,MARGIN,,[],False,{}
100000.33,0.00,100000.33,USD,IDEALPRO-001,MARGIN,,[],False,{}
100000.00,0.00,100000.00,EUR,IDEALPRO-001,MARGIN,,[],False,{}
100000.33,0.00,100000.33,USD,IDEALPRO-001,MARGIN,,[],False,{}
100000.00,0.00,100000.00,EUR,IDEALPRO-001,MARGIN,,[],False,{}
100000.33,2.33,99998.00,USD,IDEALPRO-001,MARGIN,,"[{'type': 'MarginBalance', 'initial': '0.00', 'maintenance': '2.33', 'currency': 'USD', 'instrument_id': 'EUR/USD.IDEALPRO'}]",False,{}
100000.00,0.00,100000.00,EUR,IDEALPRO-001,MARGIN,,"[{'type': 'MarginBalance', 'initial': '0.00', 'maintenance': '2.33', 'currency': 'USD', 'instrument_id': 'EUR/USD.IDEALPRO'}]",False,{}
100000.33,2.33,99998.00,USD,IDEALPRO-001,MARGIN,,"[{'type': 'MarginBalance', 'initial': '0.00', 'maintenance': '2.33', 'currency': 'USD', 'instrument_id': 'EUR/USD.IDEALPRO'}]",False,{}
100000.00,0.00,100000.00,EUR,IDEALPRO-001,MARGIN,,"[{'type': 'MarginBalance', 'initial': '0.00', 'maintenance': '2.33', 'currency': 'USD', 'instrument_id': 'EUR/USD.IDEALPRO'}]",False,{}
100000.33,2.33,99998.00,USD,IDEALPRO-001,MARGIN,,"[{'type': 'MarginBalance', 'initial': '0.00', 'maintenance': '2.33', 'currency': 'USD', 'instrument_id': 'EUR/USD.IDEALPRO'}]",False,{}
100000.00,0.00,100000.00,EUR,IDEALPRO-001,MARGIN,,"[{'type': 'MarginBalance', 'initial': '0.00', 'maintenance': '2.33', 'currency': 'USD', 'instrument_id': 'EUR/USD.IDEALPRO'}]",False,{}
100000.33,2.33,99998.00,USD,IDEALPRO-001,MARGIN,,"[{'type': 'MarginBalance', 'initial': '0.00', 'maintenance': '2.33', 'currency': 'USD', 'instrument_id': 'EUR/USD.IDEALPRO'}]",False,{}
100000.00,0.00,100000.00,EUR,IDEALPRO-001,MARGIN,,"[{'type': 'MarginBalance', 'initial': '0.00', 'maintenance': '2.33', 'currency': 'USD', 'instrument_id': 'EUR/USD.IDEALPRO'}]",False,{}
100000.29,0.00,100000.29,USD,IDEALPRO-001,MARGIN,,[],False,{}
100000.00,0.00,100000.00,EUR,IDEALPRO-001,MARGIN,,[],False,{}
100000.29,0.00,100000.29,USD,IDEALPRO-001,MARGIN,,[],False,{}
100000.00,0.00,100000.00,EUR,IDEALPRO-001,MARGIN,,[],False,{}
100000.29,0.00,100000.29,USD,IDEALPRO-001,MARGIN,,[],False,{}
100000.00,0.00,100000.00,EUR,IDEALPRO-001,MARGIN,,[],False,{}
100000.29,0.00,100000.29,USD,IDEALPRO-001,MARGIN,,[],False,{}
100000.00,0.00,100000.00,EUR,IDEALPRO-001,MARGIN,,[],False,{}
100000.29,0.00,100000.29,USD,IDEALPRO-001,MARGIN,,[],False,{}
100000.00,0.00,100000.00,EUR,IDEALPRO-001,MARGIN,,[],False,{}
100000.29,0.00,100000.29,USD,IDEALPRO-001,MARGIN,,[],False,{}
100000.00,0.00,100000.00,EUR,IDEALPRO-001,MARGIN,,[],False,{}
100000.29,2.33,99997.96,USD,IDEALPRO-001,MARGIN,,"[{'type': 'MarginBalance', 'initial': '0.00', 'maintenance': '2.33', 'currency': 'USD', 'instrument_id': 'EUR/USD.IDEALPRO'}]",False,{}
100000.00,0.00,100000.00,EUR,IDEALPRO-001,MARGIN,,"[{'type': 'MarginBalance', 'initial': '0.00', 'maintenance': '2.33', 'currency': 'USD', 'instrument_id': 'EUR/USD.IDEALPRO'}]",False,{}
100000.29,2.33,99997.96,USD,IDEALPRO-001,MARGIN,,"[{'type': 'MarginBalance', 'initial': '0.00', 'maintenance': '2.33', 'currency': 'USD', 'instrument_id': 'EUR/USD.IDEALPRO'}]",False,{}
100000.00,0.00,100000.00,EUR,IDEALPRO-001,MARGIN,,"[{'type': 'MarginBalance', 'initial': '0.00', 'maintenance': '2.33', 'currency': 'USD', 'instrument_id': 'EUR/USD.IDEALPRO'}]",False,{}
100000.29,2.33,99997.96,USD,IDEALPRO-001,MARGIN,,"[{'type': 'MarginBalance', 'initial': '0.00', 'maintenance': '2.33', 'currency': 'USD', 'instrument_id': 'EUR/USD.IDEALPRO'}]",False,{}
100000.00,0.00,100000.00,EUR,IDEALPRO-001,MARGIN,,"[{'type': 'MarginBalance', 'initial': '0.00', 'maintenance': '2.33', 'currency': 'USD', 'instrument_id': 'EUR/USD.IDEALPRO'}]",False,{}
100000.29,2.33,99997.96,USD,IDEALPRO-001,MARGIN,,"[{'type': 'MarginBalance', 'initial': '0.00', 'maintenance': '2.33', 'currency': 'USD', 'instrument_id': 'EUR/USD.IDEALPRO'}]",False,{}
100000.00,0.00,100000.00,EUR,IDEALPRO-001,MARGIN,,"[{'type': 'MarginBalance', 'initial': '0.00', 'maintenance': '2.33', 'currency': 'USD', 'instrument_id': 'EUR/USD.IDEALPRO'}]",False,{}
100000.28,0.00,100000.28,USD,IDEALPRO-001,MARGIN,,[],False,{}
100000.00,0.00,100000.00,EUR,IDEALPRO-001,MARGIN,,[],False,{}
100000.28,0.00,100000.28,USD,IDEALPRO-001,MARGIN,,[],False,{}
100000.00,0.00,100000.00,EUR,IDEALPRO-001,MARGIN,,[],False,{}
100000.28,0.00,100000.28,USD,IDEALPRO-001,MARGIN,,[],False,{}
100000.00,0.00,100000.00,EUR,IDEALPRO-001,MARGIN,,[],False,{}
100000.28,0.00,100000.28,USD,IDEALPRO-001,MARGIN,,[],False,{}
100000.00,0.00,100000.00,EUR,IDEALPRO-001,MARGIN,,[],False,{}
100000.28,0.00,100000.28,USD,IDEALPRO-001,MARGIN,,[],False,{}
100000.00,0.00,100000.00,EUR,IDEALPRO-001,MARGIN,,[],False,{}
100000.28,0.00,100000.28,USD,IDEALPRO-001,MARGIN,,[],False,{}
100000.00,0.00,100000.00,EUR,IDEALPRO-001,MARGIN,,[],False,{}
100000.28,2.33,99997.95,USD,IDEALPRO-001,MARGIN,,"[{'type': 'MarginBalance', 'initial': '0.00', 'maintenance': '2.33', 'currency': 'USD', 'instrument_id': 'EUR/USD.IDEALPRO'}]",False,{}
100000.00,0.00,100000.00,EUR,IDEALPRO-001,MARGIN,,"[{'type': 'MarginBalance', 'initial': '0.00', 'maintenance': '2.33', 'currency': 'USD', 'instrument_id': 'EUR/USD.IDEALPRO'}]",False,{}
100000.28,2.33,99997.95,USD,IDEALPRO-001,MARGIN,,"[{'type': 'MarginBalance', 'initial': '0.00', 'maintenance': '2.33', 'currency': 'USD', 'instrument_id': 'EUR/USD.IDEALPRO'}]",False,{}
100000.00,0.00,100000.00,EUR,IDEALPRO-001,MARGIN,,"[{'type': 'MarginBalance', 'initial': '0.00', 'maintenance': '2.33', 'currency': 'USD', 'instrument_id': 'EUR/USD.IDEALPRO'}]",False,{}
100000.28,2.33,99997.95,USD,IDEALPRO-001,MARGIN,,"[{'type': 'MarginBalance', 'initial': '0.00', 'maintenance': '2.33', 'currency': 'USD', 'instrument_id': 'EUR/USD.IDEALPRO'}]",False,{}
100000.00,0.00,100000.00,EUR,IDEALPRO-001,MARGIN,,"[{'type': 'MarginBalance', 'initial': '0.00', 'maintenance': '2.33', 'currency': 'USD', 'instrument_id': 'EUR/USD.IDEALPRO'}]",False,{}
100000.28,2.33,99997.95,USD,IDEALPRO-001,MARGIN,,"[{'type': 'MarginBalance', 'initial': '0.00', 'maintenance': '2.33', 'currency': 'USD', 'instrument_id': 'EUR/USD.IDEALPRO'}]",False,{}
100000.00,0.00,100000.00,EUR,IDEALPRO-001,MARGIN,,"[{'type': 'MarginBalance', 'initial': '0.00', 'maintenance': '2.33', 'currency': 'USD', 'instrument_id': 'EUR/USD.IDEALPRO'}]",False,{}
100000.53,0.00,100000.53,USD,IDEALPRO-001,MARGIN,,[],False,{}
100000.00,0.00,100000.00,EUR,IDEALPRO-001,MARGIN,,[],False,{}
100000.53,0.00,100000.53,USD,IDEALPRO-001,MARGIN,,[],False,{}
100000.00,0.00,100000.00,EUR,IDEALPRO-001,MARGIN,,[],False,{}
100000.53,0.00,100000.53,USD,IDEALPRO-001,MARGIN,,[],False,{}
100000.00,0.00,100000.00,EUR,IDEALPRO-001,MARGIN,,[],False,{}
100000.53,0.00,100000.53,USD,IDEALPRO-001,MARGIN,,[],False,{}
100000.00,0.00,100000.00,EUR,IDEALPRO-001,MARGIN,,[],False,{}
100000.53,0.00,100000.53,USD,IDEALPRO-001,MARGIN,,[],False,{}
100000.00,0.00,100000.00,EUR,IDEALPRO-001,MARGIN,,[],False,{}
100000.53,0.00,100000.53,USD,IDEALPRO-001,MARGIN,,[],False,{}
100000.00,0.00,100000.00,EUR,IDEALPRO-001,MARGIN,,[],False,{}
100000.53,2.33,99998.20,USD,IDEALPRO-001,MARGIN,,"[{'type': 'MarginBalance', 'initial': '0.00', 'maintenance': '2.33', 'currency': 'USD', 'instrument_id': 'EUR/USD.IDEALPRO'}]",False,{}
100000.00,0.00,100000.00,EUR,IDEALPRO-001,MARGIN,,"[{'type': 'MarginBalance', 'initial': '0.00', 'maintenance': '2.33', 'currency': 'USD', 'instrument_id': 'EUR/USD.IDEALPRO'}]",False,{}
100000.53,2.33,99998.20,USD,IDEALPRO-001,MARGIN,,"[{'type': 'MarginBalance', 'initial': '0.00', 'maintenance': '2.33', 'currency': 'USD', 'instrument_id': 'EUR/USD.IDEALPRO'}]",False,{}
100000.00,0.00,100000.00,EUR,IDEALPRO-001,MARGIN,,"[{'type': 'MarginBalance', 'initial': '0.00', 'maintenance': '2.33', 'currency': 'USD', 'instrument_id': 'EUR/USD.IDEALPRO'}]",False,{}
100000.53,2.33,99998.20,USD,IDEALPRO-001,MARGIN,,"[{'type': 'MarginBalance', 'initial': '0.00', 'maintenance': '2.33', 'currency': 'USD', 'instrument_id': 'EUR/USD.IDEALPRO'}]",False,{}
100000.00,0.00,100000.00,EUR,IDEALPRO-001,MARGIN,,"[{'type': 'MarginBalance', 'initial': '0.00', 'maintenance': '2.33', 'currency': 'USD', 'instrument_id': 'EUR/USD.IDEALPRO'}]",False,{}
100000.53,2.33,99998.20,USD,IDEALPRO-001,MARGIN,,"[{'type': 'MarginBalance', 'initial': '0.00', 'maintenance': '2.33', 'currency': 'USD', 'instrument_id': 'EUR/USD.IDEALPRO'}]",False,{}
100000.00,0.00,100000.00,EUR,IDEALPRO-001,MARGIN,,"[{'type': 'MarginBalance', 'initial': '0.00', 'maintenance': '2.33', 'currency': 'USD', 'instrument_id': 'EUR/USD.IDEALPRO'}]",False,{}
100000.51,0.00,100000.51,USD,IDEALPRO-001,MARGIN,,[],False,{}
100000.00,0.00,100000.00,EUR,IDEALPRO-001,MARGIN,,[],False,{}
100000.51,0.00,100000.51,USD,IDEALPRO-001,MARGIN,,[],False,{}
100000.00,0.00,100000.00,EUR,IDEALPRO-001,MARGIN,,[],False,{}
100000.51,0.00,100000.51,USD,IDEALPRO-001,MARGIN,,[],False,{}
100000.00,0.00,100000.00,EUR,IDEALPRO-001,MARGIN,,[],False,{}
100000.51,0.00,100000.51,USD,IDEALPRO-001,MARGIN,,[],False,{}
100000.00,0.00,100000.00,EUR,IDEALPRO-001,MARGIN,,[],False,{}
100000.51,0.00,100000.51,USD,IDEALPRO-001,MARGIN,,[],False,{}
100000.00,0.00,100000.00,EUR,IDEALPRO-001,MARGIN,,[],False,{}
100000.51,0.00,100000.51,USD,IDEALPRO-001,MARGIN,,[],False,{}
100000.00,0.00,100000.00,EUR,IDEALPRO-001,MARGIN,,[],False,{}
100000.51,2.33,99998.18,USD,IDEALPRO-001,MARGIN,,"[{'type': 'MarginBalance', 'initial': '0.00', 'maintenance': '2.33', 'currency': 'USD', 'instrument_id': 'EUR/USD.IDEALPRO'}]",False,{}
100000.00,0.00,100000.00,EUR,IDEALPRO-001,MARGIN,,"[{'type': 'MarginBalance', 'initial': '0.00', 'maintenance': '2.33', 'currency': 'USD', 'instrument_id': 'EUR/USD.IDEALPRO'}]",False,{}
100000.51,2.33,99998.18,USD,IDEALPRO-001,MARGIN,,"[{'type': 'MarginBalance', 'initial': '0.00', 'maintenance': '2.33', 'currency': 'USD', 'instrument_id': 'EUR/USD.IDEALPRO'}]",False,{}
100000.00,0.00,100000.00,EUR,IDEALPRO-001,MARGIN,,"[{'type': 'MarginBalance', 'initial': '0.00', 'maintenance': '2.33', 'currency': 'USD', 'instrument_id': 'EUR/USD.IDEALPRO'}]",False,{}
100000.51,2.33,99998.18,USD,IDEALPRO-001,MARGIN,,"[{'type': 'MarginBalance', 'initial': '0.00', 'maintenance': '2.33', 'currency': 'USD', 'instrument_id': 'EUR/USD.IDEALPRO'}]",False,{}
100000.00,0.00,100000.00,EUR,IDEALPRO-001,MARGIN,,"[{'type': 'MarginBalance', 'initial': '0.00', 'maintenance': '2.33', 'currency': 'USD', 'instrument_id': 'EUR/USD.IDEALPRO'}]",False,{}
100000.51,2.33,99998.18,USD,IDEALPRO-001,MARGIN,,"[{'type': 'MarginBalance', 'initial': '0.00', 'maintenance': '2.33', 'currency': 'USD', 'instrument_id': 'EUR/USD.IDEALPRO'}]",False,{}
100000.00,0.00,100000.00,EUR,IDEALPRO-001,MARGIN,,"[{'type': 'MarginBalance', 'initial': '0.00', 'maintenance': '2.33', 'currency': 'USD', 'instrument_id': 'EUR/USD.IDEALPRO'}]",False,{}
100000.46,0.00,100000.46,USD,IDEALPRO-001,MARGIN,,[],False,{}
100000.00,0.00,100000.00,EUR,IDEALPRO-001,MARGIN,,[],False,{}
100000.46,0.00,100000.46,USD,IDEALPRO-001,MARGIN,,[],False,{}
100000.00,0.00,100000.00,EUR,IDEALPRO-001,MARGIN,,[],False,{}
100000.46,0.00,100000.46,USD,IDEALPRO-001,MARGIN,,[],False,{}
100000.00,0.00,100000.00,EUR,IDEALPRO-001,MARGIN,,[],False,{}
100000.46,0.00,100000.46,USD,IDEALPRO-001,MARGIN,,[],False,{}
100000.00,0.00,100000.00,EUR,IDEALPRO-001,MARGIN,,[],False,{}
100000.46,0.00,100000.46,USD,IDEALPRO-001,MARGIN,,[],False,{}
100000.00,0.00,100000.00,EUR,IDEALPRO-001,MARGIN,,[],False,{}
100000.46,0.00,100000.46,USD,IDEALPRO-001,MARGIN,,[],False,{}
100000.00,0.00,100000.00,EUR,IDEALPRO-001,MARGIN,,[],False,{}
100000.46,2.33,99998.13,USD,IDEALPRO-001,MARGIN,,"[{'type': 'MarginBalance', 'initial': '0.00', 'maintenance': '2.33', 'currency': 'USD', 'instrument_id': 'EUR/USD.IDEALPRO'}]",False,{}
100000.00,0.00,100000.00,EUR,IDEALPRO-001,MARGIN,,"[{'type': 'MarginBalance', 'initial': '0.00', 'maintenance': '2.33', 'currency': 'USD', 'instrument_id': 'EUR/USD.IDEALPRO'}]",False,{}
100000.46,2.33,99998.13,USD,IDEALPRO-001,MARGIN,,"[{'type': 'MarginBalance', 'initial': '0.00', 'maintenance': '2.33', 'currency': 'USD', 'instrument_id': 'EUR/USD.IDEALPRO'}]",False,{}
100000.00,0.00,100000.00,EUR,IDEALPRO-001,MARGIN,,"[{'type': 'MarginBalance', 'initial': '0.00', 'maintenance': '2.33', 'currency': 'USD', 'instrument_id': 'EUR/USD.IDEALPRO'}]",False,{}
100000.46,2.33,99998.13,USD,IDEALPRO-001,MARGIN,,"[{'type': 'MarginBalance', 'initial': '0.00', 'maintenance': '2.33', 'currency': 'USD', 'instrument_id': 'EUR/USD.IDEALPRO'}]",False,{}
100000.00,0.00,100000.00,EUR,IDEALPRO-001,MARGIN,,"[{'type': 'MarginBalance', 'initial': '0.00', 'maintenance': '2.33', 'currency': 'USD', 'instrument_id': 'EUR/USD.IDEALPRO'}]",False,{}
100000.46,2.33,99998.13,USD,IDEALPRO-001,MARGIN,,"[{'type': 'MarginBalance', 'initial': '0.00', 'maintenance': '2.33', 'currency': 'USD', 'instrument_id': 'EUR/USD.IDEALPRO'}]",False,{}
100000.00,0.00,100000.00,EUR,IDEALPRO-001,MARGIN,,"[{'type': 'MarginBalance', 'initial': '0.00', 'maintenance': '2.33', 'currency': 'USD', 'instrument_id': 'EUR/USD.IDEALPRO'}]",False,{}
100000.42,0.00,100000.42,USD,IDEALPRO-001,MARGIN,,[],False,{}
100000.00,0.00,100000.00,EUR,IDEALPRO-001,MARGIN,,[],False,{}
100000.42,0.00,100000.42,USD,IDEALPRO-001,MARGIN,,[],False,{}
100000.00,0.00,100000.00,EUR,IDEALPRO-001,MARGIN,,[],False,{}
100000.42,0.00,100000.42,USD,IDEALPRO-001,MARGIN,,[],False,{}
100000.00,0.00,100000.00,EUR,IDEALPRO-001,MARGIN,,[],False,{}
100000.42,0.00,100000.42,USD,IDEALPRO-001,MARGIN,,[],False,{}
100000.00,0.00,100000.00,EUR,IDEALPRO-001,MARGIN,,[],False,{}
100000.42,0.00,100000.42,USD,IDEALPRO-001,MARGIN,,[],False,{}
100000.00,0.00,100000.00,EUR,IDEALPRO-001,MARGIN,,[],False,{}
100000.42,0.00,100000.42,USD,IDEALPRO-001,MARGIN,,[],False,{}
100000.00,0.00,100000.00,EUR,IDEALPRO-001,MARGIN,,[],False,{}
100000.42,2.33,99998.09,USD,IDEALPRO-001,MARGIN,,"[{'type': 'MarginBalance', 'initial': '0.00', 'maintenance': '2.33', 'currency': 'USD', 'instrument_id': 'EUR/USD.IDEALPRO'}]",False,{}
100000.00,0.00,100000.00,EUR,IDEALPRO-001,MARGIN,,"[{'type': 'MarginBalance', 'initial': '0.00', 'maintenance': '2.33', 'currency': 'USD', 'instrument_id': 'EUR/USD.IDEALPRO'}]",False,{}
100000.42,2.33,99998.09,USD,IDEALPRO-001,MARGIN,,"[{'type': 'MarginBalance', 'initial': '0.00', 'maintenance': '2.33', 'currency': 'USD', 'instrument_id': 'EUR/USD.IDEALPRO'}]",False,{}
100000.00,0.00,100000.00,EUR,IDEALPRO-001,MARGIN,,"[{'type': 'MarginBalance', 'initial': '0.00', 'maintenance': '2.33', 'currency': 'USD', 'instrument_id': 'EUR/USD.IDEALPRO'}]",False,{}
100000.42,2.33,99998.09,USD,IDEALPRO-001,MARGIN,,"[{'type': 'MarginBalance', 'initial': '0.00', 'maintenance': '2.33', 'currency': 'USD', 'instrument_id': 'EUR/USD.IDEALPRO'}]",False,{}
100000.00,0.00,100000.00,EUR,IDEALPRO-001,MARGIN,,"[{'type': 'MarginBalance', 'initial': '0.00', 'maintenance': '2.33', 'currency': 'USD', 'instrument_id': 'EUR/USD.IDEALPRO'}]",False,{}
100000.42,2.33,99998.09,USD,IDEALPRO-001,MARGIN,,"[{'type': 'MarginBalance', 'initial': '0.00', 'maintenance': '2.33', 'currency': 'USD', 'instrument_id': 'EUR/USD.IDEALPRO'}]",False,{}
100000.00,0.00,100000.00,EUR,IDEALPRO-001,MARGIN,,"[{'type': 'MarginBalance', 'initial': '0.00', 'maintenance': '2.33', 'currency': 'USD', 'instrument_id': 'EUR/USD.IDEALPRO'}]",False,{}
100000.44,0.00,100000.44,USD,IDEALPRO-001,MARGIN,,[],False,{}
100000.00,0.00,100000.00,EUR,IDEALPRO-001,MARGIN,,[],False,{}
100000.44,0.00,100000.44,USD,IDEALPRO-001,MARGIN,,[],False,{}
100000.00,0.00,100000.00,EUR,IDEALPRO-001,MARGIN,,[],False,{}
100000.44,0.00,100000.44,USD,IDEALPRO-001,MARGIN,,[],False,{}
100000.00,0.00,100000.00,EUR,IDEALPRO-001,MARGIN,,[],False,{}
100000.44,0.00,100000.44,USD,IDEALPRO-001,MARGIN,,[],False,{}
100000.00,0.00,100000.00,EUR,IDEALPRO-001,MARGIN,,[],False,{}
100000.44,0.00,100000.44,USD,IDEALPRO-001,MARGIN,,[],False,{}
100000.00,0.00,100000.00,EUR,IDEALPRO-001,MARGIN,,[],False,{}
100000.44,0.00,100000.44,USD,IDEALPRO-001,MARGIN,,[],False,{}
100000.00,0.00,100000.00,EUR,IDEALPRO-001,MARGIN,,[],False,{}
100000.44,2.33,99998.11,USD,IDEALPRO-001,MARGIN,,"[{'type': 'MarginBalance', 'initial': '0.00', 'maintenance': '2.33', 'currency': 'USD', 'instrument_id': 'EUR/USD.IDEALPRO'}]",False,{}
100000.00,0.00,100000.00,EUR,IDEALPRO-001,MARGIN,,"[{'type': 'MarginBalance', 'initial': '0.00', 'maintenance': '2.33', 'currency': 'USD', 'instrument_id': 'EUR/USD.IDEALPRO'}]",False,{}
100000.44,2.33,99998.11,USD,IDEALPRO-001,MARGIN,,"[{'type': 'MarginBalance', 'initial': '0.00', 'maintenance': '2.33', 'currency': 'USD', 'instrument_id': 'EUR/USD.IDEALPRO'}]",False,{}
100000.00,0.00,100000.00,EUR,IDEALPRO-001,MARGIN,,"[{'type': 'MarginBalance', 'initial': '0.00', 'maintenance': '2.33', 'currency': 'USD', 'instrument_id': 'EUR/USD.IDEALPRO'}]",False,{}
100000.44,2.33,99998.11,USD,IDEALPRO-001,MARGIN,,"[{'type': 'MarginBalance', 'initial': '0.00', 'maintenance': '2.33', 'currency': 'USD', 'instrument_id': 'EUR/USD.IDEALPRO'}]",False,{}
100000.00,0.00,100000.00,EUR,IDEALPRO-001,MARGIN,,"[{'type': 'MarginBalance', 'initial': '0.00', 'maintenance': '2.33', 'currency': 'USD', 'instrument_id': 'EUR/USD.IDEALPRO'}]",False,{}
100000.44,2.33,99998.11,USD,IDEALPRO-001,MARGIN,,"[{'type': 'MarginBalance', 'initial': '0.00', 'maintenance': '2.33', 'currency': 'USD', 'instrument_id': 'EUR/USD.IDEALPRO'}]",False,{}
100000.00,0.00,100000.00,EUR,IDEALPRO-001,MARGIN,,"[{'type': 'MarginBalance', 'initial': '0.00', 'maintenance': '2.33', 'currency': 'USD', 'instrument_id': 'EUR/USD.IDEALPRO'}]",False,{}
100000.44,0.00,100000.44,USD,IDEALPRO-001,MARGIN,,[],False,{}
100000.00,0.00,100000.00,EUR,IDEALPRO-001,MARGIN,,[],False,{}
100000.44,0.00,100000.44,USD,IDEALPRO-001,MARGIN,,[],False,{}
100000.00,0.00,100000.00,EUR,IDEALPRO-001,MARGIN,,[],False,{}
100000.44,0.00,100000.44,USD,IDEALPRO-001,MARGIN,,[],False,{}
100000.00,0.00,100000.00,EUR,IDEALPRO-001,MARGIN,,[],False,{}
100000.44,0.00,100000.44,USD,IDEALPRO-001,MARGIN,,[],False,{}
100000.00,0.00,100000.00,EUR,IDEALPRO-001,MARGIN,,[],False,{}
100000.44,0.00,100000.44,USD,IDEALPRO-001,MARGIN,,[],False,{}
100000.00,0.00,100000.00,EUR,IDEALPRO-001,MARGIN,,[],False,{}
100000.44,0.00,100000.44,USD,IDEALPRO-001,MARGIN,,[],False,{}
100000.00,0.00,100000.00,EUR,IDEALPRO-001,MARGIN,,[],False,{}
100000.44,2.33,99998.11,USD,IDEALPRO-001,MARGIN,,"[{'type': 'MarginBalance', 'initial': '0.00', 'maintenance': '2.33', 'currency': 'USD', 'instrument_id': 'EUR/USD.IDEALPRO'}]",False,{}
100000.00,0.00,100000.00,EUR,IDEALPRO-001,MARGIN,,"[{'type': 'MarginBalance', 'initial': '0.00', 'maintenance': '2.33', 'currency': 'USD', 'instrument_id': 'EUR/USD.IDEALPRO'}]",False,{}
100000.44,2.33,99998.11,USD,IDEALPRO-001,MARGIN,,"[{'type': 'MarginBalance', 'initial': '0.00', 'maintenance': '2.33', 'currency': 'USD', 'instrument_id': 'EUR/USD.IDEALPRO'}]",False,{}
100000.00,0.00,100000.00,EUR,IDEALPRO-001,MARGIN,,"[{'type': 'MarginBalance', 'initial': '0.00', 'maintenance': '2.33', 'currency': 'USD', 'instrument_id': 'EUR/USD.IDEALPRO'}]",False,{}
100000.44,2.33,99998.11,USD,IDEALPRO-001,MARGIN,,"[{'type': 'MarginBalance', 'initial': '0.00', 'maintenance': '2.33', 'currency': 'USD', 'instrument_id': 'EUR/USD.IDEALPRO'}]",False,{}
100000.00,0.00,100000.00,EUR,IDEALPRO-001,MARGIN,,"[{'type': 'MarginBalance', 'initial': '0.00', 'maintenance': '2.33', 'currency': 'USD', 'instrument_id': 'EUR/USD.IDEALPRO'}]",False,{}
100000.44,2.33,99998.11,USD,IDEALPRO-001,MARGIN,,"[{'type': 'MarginBalance', 'initial': '0.00', 'maintenance': '2.33', 'currency': 'USD', 'instrument_id': 'EUR/USD.IDEALPRO'}]",False,{}
100000.00,0.00,100000.00,EUR,IDEALPRO-001,MARGIN,,"[{'type': 'MarginBalance', 'initial': '0.00', 'maintenance': '2.33', 'currency': 'USD', 'instrument_id': 'EUR/USD.IDEALPRO'}]",False,{}
100000.40,0.00,100000.40,USD,IDEALPRO-001,MARGIN,,[],False,{}
100000.00,0.00,100000.00,EUR,IDEALPRO-001,MARGIN,,[],False,{}
100000.40,0.00,100000.40,USD,IDEALPRO-001,MARGIN,,[],False,{}
100000.00,0.00,100000.00,EUR,IDEALPRO-001,MARGIN,,[],False,{}
100000.40,0.00,100000.40,USD,IDEALPRO-001,MARGIN,,[],False,{}
100000.00,0.00,100000.00,EUR,IDEALPRO-001,MARGIN,,[],False,{}
100000.40,0.00,100000.40,USD,IDEALPRO-001,MARGIN,,[],False,{}
100000.00,0.00,100000.00,EUR,IDEALPRO-001,MARGIN,,[],False,{}
100000.40,0.00,100000.40,USD,IDEALPRO-001,MARGIN,,[],False,{}
100000.00,0.00,100000.00,EUR,IDEALPRO-001,MARGIN,,[],False,{}
100000.40,0.00,100000.40,USD,IDEALPRO-001,MARGIN,,[],False,{}
100000.00,0.00,100000.00,EUR,IDEALPRO-001,MARGIN,,[],False,{}
100000.40,2.32,99998.08,USD,IDEALPRO-001,MARGIN,,"[{'type': 'MarginBalance', 'initial': '0.00', 'maintenance': '2.32', 'currency': 'USD', 'instrument_id': 'EUR/USD.IDEALPRO'}]",False,{}
100000.00,0.00,100000.00,EUR,IDEALPRO-001,MARGIN,,"[{'type': 'MarginBalance', 'initial': '0.00', 'maintenance': '2.32', 'currency': 'USD', 'instrument_id': 'EUR/USD.IDEALPRO'}]",False,{}
100000.40,2.32,99998.08,USD,IDEALPRO-001,MARGIN,,"[{'type': 'MarginBalance', 'initial': '0.00', 'maintenance': '2.32', 'currency': 'USD', 'instrument_id': 'EUR/USD.IDEALPRO'}]",False,{}
100000.00,0.00,100000.00,EUR,IDEALPRO-001,MARGIN,,"[{'type': 'MarginBalance', 'initial': '0.00', 'maintenance': '2.32', 'currency': 'USD', 'instrument_id': 'EUR/USD.IDEALPRO'}]",False,{}
100000.40,2.32,99998.08,USD,IDEALPRO-001,MARGIN,,"[{'type': 'MarginBalance', 'initial': '0.00', 'maintenance': '2.32', 'currency': 'USD', 'instrument_id': 'EUR/USD.IDEALPRO'}]",False,{}
100000.00,0.00,100000.00,EUR,IDEALPRO-001,MARGIN,,"[{'type': 'MarginBalance', 'initial': '0.00', 'maintenance': '2.32', 'currency': 'USD', 'instrument_id': 'EUR/USD.IDEALPRO'}]",False,{}
100000.34,0.00,100000.34,USD,IDEALPRO-001,MARGIN,,[],False,{}
100000.00,0.00,100000.00,EUR,IDEALPRO-001,MARGIN,,[],False,{}
100000.34,0.00,100000.34,USD,IDEALPRO-001,MARGIN,,[],False,{}
100000.00,0.00,100000.00,EUR,IDEALPRO-001,MARGIN,,[],False,{}
100000.34,0.00,100000.34,USD,IDEALPRO-001,MARGIN,,[],False,{}
100000.00,0.00,100000.00,EUR,IDEALPRO-001,MARGIN,,[],False,{}
100000.34,0.00,100000.34,USD,IDEALPRO-001,MARGIN,,[],False,{}
100000.00,0.00,100000.00,EUR,IDEALPRO-001,MARGIN,,[],False,{}
100000.34,0.00,100000.34,USD,IDEALPRO-001,MARGIN,,[],False,{}
100000.00,0.00,100000.00,EUR,IDEALPRO-001,MARGIN,,[],False,{}
100000.34,2.32,99998.02,USD,IDEALPRO-001,MARGIN,,"[{'type': 'MarginBalance', 'initial': '0.00', 'maintenance': '2.32', 'currency': 'USD', 'instrument_id': 'EUR/USD.IDEALPRO'}]",False,{}
100000.00,0.00,100000.00,EUR,IDEALPRO-001,MARGIN,,"[{'type': 'MarginBalance', 'initial': '0.00', 'maintenance': '2.32', 'currency': 'USD', 'instrument_id': 'EUR/USD.IDEALPRO'}]",False,{}
100000.34,2.32,99998.02,USD,IDEALPRO-001,MARGIN,,"[{'type': 'MarginBalance', 'initial': '0.00', 'maintenance': '2.32', 'currency': 'USD', 'instrument_id': 'EUR/USD.IDEALPRO'}]",False,{}
100000.00,0.00,100000.00,EUR,IDEALPRO-001,MARGIN,,"[{'type': 'MarginBalance', 'initial': '0.00', 'maintenance': '2.32', 'currency': 'USD', 'instrument_id': 'EUR/USD.IDEALPRO'}]",False,{}
100000.34,2.32,99998.02,USD,IDEALPRO-001,MARGIN,,"[{'type': 'MarginBalance', 'initial': '0.00', 'maintenance': '2.32', 'currency': 'USD', 'instrument_id': 'EUR/USD.IDEALPRO'}]",False,{}
100000.00,0.00,100000.00,EUR,IDEALPRO-001,MARGIN,,"[{'type': 'MarginBalance', 'initial': '0.00', 'maintenance': '2.32', 'currency': 'USD', 'instrument_id': 'EUR/USD.IDEALPRO'}]",False,{}
100000.34,2.32,99998.02,USD,IDEALPRO-001,MARGIN,,"[{'type': 'MarginBalance', 'initial': '0.00', 'maintenance': '2.32', 'currency': 'USD', 'instrument_id': 'EUR/USD.IDEALPRO'}]",False,{}
100000.00,0.00,100000.00,EUR,IDEALPRO-001,MARGIN,,"[{'type': 'MarginBalance', 'initial': '0.00', 'maintenance': '2.32', 'currency': 'USD', 'instrument_id': 'EUR/USD.IDEALPRO'}]",False,{}
100000.31,0.00,100000.31,USD,IDEALPRO-001,MARGIN,,[],False,{}
100000.00,0.00,100000.00,EUR,IDEALPRO-001,MARGIN,,[],False,{}
100000.31,0.00,100000.31,USD,IDEALPRO-001,MARGIN,,[],False,{}
100000.00,0.00,100000.00,EUR,IDEALPRO-001,MARGIN,,[],False,{}
100000.31,0.00,100000.31,USD,IDEALPRO-001,MARGIN,,[],False,{}
100000.00,0.00,100000.00,EUR,IDEALPRO-001,MARGIN,,[],False,{}
100000.31,0.00,100000.31,USD,IDEALPRO-001,MARGIN,,[],False,{}
100000.00,0.00,100000.00,EUR,IDEALPRO-001,MARGIN,,[],False,{}
100000.31,0.00,100000.31,USD,IDEALPRO-001,MARGIN,,[],False,{}
100000.00,0.00,100000.00,EUR,IDEALPRO-001,MARGIN,,[],False,{}
100000.31,0.00,100000.31,USD,IDEALPRO-001,MARGIN,,[],False,{}
100000.00,0.00,100000.00,EUR,IDEALPRO-001,MARGIN,,[],False,{}
100000.31,2.32,99997.99,USD,IDEALPRO-001,MARGIN,,"[{'type': 'MarginBalance', 'initial': '0.00', 'maintenance': '2.32', 'currency': 'USD', 'instrument_id': 'EUR/USD.IDEALPRO'}]",False,{}
100000.00,0.00,100000.00,EUR,IDEALPRO-001,MARGIN,,"[{'type': 'MarginBalance', 'initial': '0.00', 'maintenance': '2.32', 'currency': 'USD', 'instrument_id': 'EUR/USD.IDEALPRO'}]",False,{}
100000.31,2.32,99997.99,USD,IDEALPRO-001,MARGIN,,"[{'type': 'MarginBalance', 'initial': '0.00', 'maintenance': '2.32', 'currency': 'USD', 'instrument_id': 'EUR/USD.IDEALPRO'}]",False,{}
100000.00,0.00,100000.00,EUR,IDEALPRO-001,MARGIN,,"[{'type': 'MarginBalance', 'initial': '0.00', 'maintenance': '2.32', 'currency': 'USD', 'instrument_id': 'EUR/USD.IDEALPRO'}]",False,{}
100000.31,2.32,99997.99,USD,IDEALPRO-001,MARGIN,,"[{'type': 'MarginBalance', 'initial': '0.00', 'maintenance': '2.32', 'currency': 'USD', 'instrument_id': 'EUR/USD.IDEALPRO'}]",False,{}
100000.00,0.00,100000.00,EUR,IDEALPRO-001,MARGIN,,"[{'type': 'MarginBalance', 'initial': '0.00', 'maintenance': '2.32', 'currency': 'USD', 'instrument_id': 'EUR/USD.IDEALPRO'}]",False,{}
100000.31,2.32,99997.99,USD,IDEALPRO-001,MARGIN,,"[{'type': 'MarginBalance', 'initial': '0.00', 'maintenance': '2.32', 'currency': 'USD', 'instrument_id': 'EUR/USD.IDEALPRO'}]",False,{}
100000.00,0.00,100000.00,EUR,IDEALPRO-001,MARGIN,,"[{'type': 'MarginBalance', 'initial': '0.00', 'maintenance': '2.32', 'currency': 'USD', 'instrument_id': 'EUR/USD.IDEALPRO'}]",False,{}
100000.27,0.00,100000.27,USD,IDEALPRO-001,MARGIN,,[],False,{}
100000.00,0.00,100000.00,EUR,IDEALPRO-001,MARGIN,,[],False,{}
100000.27,0.00,100000.27,USD,IDEALPRO-001,MARGIN,,[],False,{}
100000.00,0.00,100000.00,EUR,IDEALPRO-001,MARGIN,,[],False,{}
100000.27,0.00,100000.27,USD,IDEALPRO-001,MARGIN,,[],False,{}
100000.00,0.00,100000.00,EUR,IDEALPRO-001,MARGIN,,[],False,{}
100000.27,0.00,100000.27,USD,IDEALPRO-001,MARGIN,,[],False,{}
100000.00,0.00,100000.00,EUR,IDEALPRO-001,MARGIN,,[],False,{}
100000.27,0.00,100000.27,USD,IDEALPRO-001,MARGIN,,[],False,{}
100000.00,0.00,100000.00,EUR,IDEALPRO-001,MARGIN,,[],False,{}
100000.27,0.00,100000.27,USD,IDEALPRO-001,MARGIN,,[],False,{}
100000.00,0.00,100000.00,EUR,IDEALPRO-001,MARGIN,,[],False,{}
100000.27,2.32,99997.95,USD,IDEALPRO-001,MARGIN,,"[{'type': 'MarginBalance', 'initial': '0.00', 'maintenance': '2.32', 'currency': 'USD', 'instrument_id': 'EUR/USD.IDEALPRO'}]",False,{}
100000.00,0.00,100000.00,EUR,IDEALPRO-001,MARGIN,,"[{'type': 'MarginBalance', 'initial': '0.00', 'maintenance': '2.32', 'currency': 'USD', 'instrument_id': 'EUR/USD.IDEALPRO'}]",False,{}
100000.27,2.32,99997.95,USD,IDEALPRO-001,MARGIN,,"[{'type': 'MarginBalance', 'initial': '0.00', 'maintenance': '2.32', 'currency': 'USD', 'instrument_id': 'EUR/USD.IDEALPRO'}]",False,{}
100000.00,0.00,100000.00,EUR,IDEALPRO-001,MARGIN,,"[{'type': 'MarginBalance', 'initial': '0.00', 'maintenance': '2.32', 'currency': 'USD', 'instrument_id': 'EUR/USD.IDEALPRO'}]",False,{}
100000.27,2.32,99997.95,USD,IDEALPRO-001,MARGIN,,"[{'type': 'MarginBalance', 'initial': '0.00', 'maintenance': '2.32', 'currency': 'USD', 'instrument_id': 'EUR/USD.IDEALPRO'}]",False,{}
100000.00,0.00,100000.00,EUR,IDEALPRO-001,MARGIN,,"[{'type': 'MarginBalance', 'initial': '0.00', 'maintenance': '2.32', 'currency': 'USD', 'instrument_id': 'EUR/USD.IDEALPRO'}]",False,{}
100000.27,2.32,99997.95,USD,IDEALPRO-001,MARGIN,,"[{'type': 'MarginBalance', 'initial': '0.00', 'maintenance': '2.32', 'currency': 'USD', 'instrument_id': 'EUR/USD.IDEALPRO'}]",False,{}
100000.00,0.00,100000.00,EUR,IDEALPRO-001,MARGIN,,"[{'type': 'MarginBalance', 'initial': '0.00', 'maintenance': '2.32', 'currency': 'USD', 'instrument_id': 'EUR/USD.IDEALPRO'}]",False,{}
100000.45,0.00,100000.45,USD,IDEALPRO-001,MARGIN,,[],False,{}
100000.00,0.00,100000.00,EUR,IDEALPRO-001,MARGIN,,[],False,{}
100000.45,0.00,100000.45,USD,IDEALPRO-001,MARGIN,,[],False,{}
100000.00,0.00,100000.00,EUR,IDEALPRO-001,MARGIN,,[],False,{}
100000.45,0.00,100000.45,USD,IDEALPRO-001,MARGIN,,[],False,{}
100000.00,0.00,100000.00,EUR,IDEALPRO-001,MARGIN,,[],False,{}
100000.45,0.00,100000.45,USD,IDEALPRO-001,MARGIN,,[],False,{}
100000.00,0.00,100000.00,EUR,IDEALPRO-001,MARGIN,,[],False,{}
100000.45,0.00,100000.45,USD,IDEALPRO-001,MARGIN,,[],False,{}
100000.00,0.00,100000.00,EUR,IDEALPRO-001,MARGIN,,[],False,{}
100000.45,0.00,100000.45,USD,IDEALPRO-001,MARGIN,,[],False,{}
100000.00,0.00,100000.00,EUR,IDEALPRO-001,MARGIN,,[],False,{}
100000.45,2.32,99998.13,USD,IDEALPRO-001,MARGIN,,"[{'type': 'MarginBalance', 'initial': '0.00', 'maintenance': '2.32', 'currency': 'USD', 'instrument_id': 'EUR/USD.IDEALPRO'}]",False,{}
100000.00,0.00,100000.00,EUR,IDEALPRO-001,MARGIN,,"[{'type': 'MarginBalance', 'initial': '0.00', 'maintenance': '2.32', 'currency': 'USD', 'instrument_id': 'EUR/USD.IDEALPRO'}]",False,{}
100000.45,2.32,99998.13,USD,IDEALPRO-001,MARGIN,,"[{'type': 'MarginBalance', 'initial': '0.00', 'maintenance': '2.32', 'currency': 'USD', 'instrument_id': 'EUR/USD.IDEALPRO'}]",False,{}
100000.00,0.00,100000.00,EUR,IDEALPRO-001,MARGIN,,"[{'type': 'MarginBalance', 'initial': '0.00', 'maintenance': '2.32', 'currency': 'USD', 'instrument_id': 'EUR/USD.IDEALPRO'}]",False,{}
100000.45,2.32,99998.13,USD,IDEALPRO-001,MARGIN,,"[{'type': 'MarginBalance', 'initial': '0.00', 'maintenance': '2.32', 'currency': 'USD', 'instrument_id': 'EUR/USD.IDEALPRO'}]",False,{}
100000.00,0.00,100000.00,EUR,IDEALPRO-001,MARGIN,,"[{'type': 'MarginBalance', 'initial': '0.00', 'maintenance': '2.32', 'currency': 'USD', 'instrument_id': 'EUR/USD.IDEALPRO'}]",False,{}
100000.39,0.00,100000.39,USD,IDEALPRO-001,MARGIN,,[],False,{}
100000.00,0.00,100000.00,EUR,IDEALPRO-001,MARGIN,,[],False,{}
100000.39,0.00,100000.39,USD,IDEALPRO-001,MARGIN,,[],False,{}
100000.00,0.00,100000.00,EUR,IDEALPRO-001,MARGIN,,[],False,{}
100000.39,0.00,100000.39,USD,IDEALPRO-001,MARGIN,,[],False,{}
100000.00,0.00,100000.00,EUR,IDEALPRO-001,MARGIN,,[],False,{}
100000.39,0.00,100000.39,USD,IDEALPRO-001,MARGIN,,[],False,{}
100000.00,0.00,100000.00,EUR,IDEALPRO-001,MARGIN,,[],False,{}
100000.39,0.00,100000.39,USD,IDEALPRO-001,MARGIN,,[],False,{}
100000.00,0.00,100000.00,EUR,IDEALPRO-001,MARGIN,,[],False,{}
100000.39,2.32,99998.07,USD,IDEALPRO-001,MARGIN,,"[{'type': 'MarginBalance', 'initial': '0.00', 'maintenance': '2.32', 'currency': 'USD', 'instrument_id': 'EUR/USD.IDEALPRO'}]",False,{}
100000.00,0.00,100000.00,EUR,IDEALPRO-001,MARGIN,,"[{'type': 'MarginBalance', 'initial': '0.00', 'maintenance': '2.32', 'currency': 'USD', 'instrument_id': 'EUR/USD.IDEALPRO'}]",False,{}
100000.39,2.32,99998.07,USD,IDEALPRO-001,MARGIN,,"[{'type': 'MarginBalance', 'initial': '0.00', 'maintenance': '2.32', 'currency': 'USD', 'instrument_id': 'EUR/USD.IDEALPRO'}]",False,{}
100000.00,0.00,100000.00,EUR,IDEALPRO-001,MARGIN,,"[{'type': 'MarginBalance', 'initial': '0.00', 'maintenance': '2.32', 'currency': 'USD', 'instrument_id': 'EUR/USD.IDEALPRO'}]",False,{}
100000.39,2.32,99998.07,USD,IDEALPRO-001,MARGIN,,"[{'type': 'MarginBalance', 'initial': '0.00', 'maintenance': '2.32', 'currency': 'USD', 'instrument_id': 'EUR/USD.IDEALPRO'}]",False,{}
100000.00,0.00,100000.00,EUR,IDEALPRO-001,MARGIN,,"[{'type': 'MarginBalance', 'initial': '0.00', 'maintenance': '2.32', 'currency': 'USD', 'instrument_id': 'EUR/USD.IDEALPRO'}]",False,{}
100000.39,2.32,99998.07,USD,IDEALPRO-001,MARGIN,,"[{'type': 'MarginBalance', 'initial': '0.00', 'maintenance': '2.32', 'currency': 'USD', 'instrument_id': 'EUR/USD.IDEALPRO'}]",False,{}
100000.00,0.00,100000.00,EUR,IDEALPRO-001,MARGIN,,"[{'type': 'MarginBalance', 'initial': '0.00', 'maintenance': '2.32', 'currency': 'USD', 'instrument_id': 'EUR/USD.IDEALPRO'}]",False,{}
100000.44,0.00,100000.44,USD,IDEALPRO-001,MARGIN,,[],False,{}
100000.00,0.00,100000.00,EUR,IDEALPRO-001,MARGIN,,[],False,{}
100000.44,0.00,100000.44,USD,IDEALPRO-001,MARGIN,,[],False,{}
100000.00,0.00,100000.00,EUR,IDEALPRO-001,MARGIN,,[],False,{}
100000.44,0.00,100000.44,USD,IDEALPRO-001,MARGIN,,[],False,{}
100000.00,0.00,100000.00,EUR,IDEALPRO-001,MARGIN,,[],False,{}
100000.44,0.00,100000.44,USD,IDEALPRO-001,MARGIN,,[],False,{}
100000.00,0.00,100000.00,EUR,IDEALPRO-001,MARGIN,,[],False,{}
100000.44,0.00,100000.44,USD,IDEALPRO-001,MARGIN,,[],False,{}
100000.00,0.00,100000.00,EUR,IDEALPRO-001,MARGIN,,[],False,{}
100000.44,0.00,100000.44,USD,IDEALPRO-001,MARGIN,,[],False,{}
100000.00,0.00,100000.00,EUR,IDEALPRO-001,MARGIN,,[],False,{}
100000.44,2.32,99998.12,USD,IDEALPRO-001,MARGIN,,"[{'type': 'MarginBalance', 'initial': '0.00', 'maintenance': '2.32', 'currency': 'USD', 'instrument_id': 'EUR/USD.IDEALPRO'}]",False,{}
100000.00,0.00,100000.00,EUR,IDEALPRO-001,MARGIN,,"[{'type': 'MarginBalance', 'initial': '0.00', 'maintenance': '2.32', 'currency': 'USD', 'instrument_id': 'EUR/USD.IDEALPRO'}]",False,{}
100000.44,2.32,99998.12,USD,IDEALPRO-001,MARGIN,,"[{'type': 'MarginBalance', 'initial': '0.00', 'maintenance': '2.32', 'currency': 'USD', 'instrument_id': 'EUR/USD.IDEALPRO'}]",False,{}
100000.00,0.00,100000.00,EUR,IDEALPRO-001,MARGIN,,"[{'type': 'MarginBalance', 'initial': '0.00', 'maintenance': '2.32', 'currency': 'USD', 'instrument_id': 'EUR/USD.IDEALPRO'}]",False,{}
100000.44,2.32,99998.12,USD,IDEALPRO-001,MARGIN,,"[{'type': 'MarginBalance', 'initial': '0.00', 'maintenance': '2.32', 'currency': 'USD', 'instrument_id': 'EUR/USD.IDEALPRO'}]",False,{}
100000.00,0.00,100000.00,EUR,IDEALPRO-001,MARGIN,,"[{'type': 'MarginBalance', 'initial': '0.00', 'maintenance': '2.32', 'currency': 'USD', 'instrument_id': 'EUR/USD.IDEALPRO'}]",False,{}
100000.44,2.32,99998.12,USD,IDEALPRO-001,MARGIN,,"[{'type': 'MarginBalance', 'initial': '0.00', 'maintenance': '2.32', 'currency': 'USD', 'instrument_id': 'EUR/USD.IDEALPRO'}]",False,{}
100000.00,0.00,100000.00,EUR,IDEALPRO-001,MARGIN,,"[{'type': 'MarginBalance', 'initial': '0.00', 'maintenance': '2.32', 'currency': 'USD', 'instrument_id': 'EUR/USD.IDEALPRO'}]",False,{}
100000.40,0.00,100000.40,USD,IDEALPRO-001,MARGIN,,[],False,{}
100000.00,0.00,100000.00,EUR,IDEALPRO-001,MARGIN,,[],False,{}
100000.40,0.00,100000.40,USD,IDEALPRO-001,MARGIN,,[],False,{}
100000.00,0.00,100000.00,EUR,IDEALPRO-001,MARGIN,,[],False,{}
100000.40,0.00,100000.40,USD,IDEALPRO-001,MARGIN,,[],False,{}
100000.00,0.00,100000.00,EUR,IDEALPRO-001,MARGIN,,[],False,{}
100000.40,0.00,100000.40,USD,IDEALPRO-001,MARGIN,,[],False,{}
100000.00,0.00,100000.00,EUR,IDEALPRO-001,MARGIN,,[],False,{}
100000.40,0.00,100000.40,USD,IDEALPRO-001,MARGIN,,[],False,{}
100000.00,0.00,100000.00,EUR,IDEALPRO-001,MARGIN,,[],False,{}
100000.40,0.00,100000.40,USD,IDEALPRO-001,MARGIN,,[],False,{}
100000.00,0.00,100000.00,EUR,IDEALPRO-001,MARGIN,,[],False,{}
100000.40,2.32,99998.08,USD,IDEALPRO-001,MARGIN,,"[{'type': 'MarginBalance', 'initial': '0.00', 'maintenance': '2.32', 'currency': 'USD', 'instrument_id': 'EUR/USD.IDEALPRO'}]",False,{}
100000.00,0.00,100000.00,EUR,IDEALPRO-001,MARGIN,,"[{'type': 'MarginBalance', 'initial': '0.00', 'maintenance': '2.32', 'currency': 'USD', 'instrument_id': 'EUR/USD.IDEALPRO'}]",False,{}
100000.40,2.32,99998.08,USD,IDEALPRO-001,MARGIN,,"[{'type': 'MarginBalance', 'initial': '0.00', 'maintenance': '2.32', 'currency': 'USD', 'instrument_id': 'EUR/USD.IDEALPRO'}]",False,{}
100000.00,0.00,100000.00,EUR,IDEALPRO-001,MARGIN,,"[{'type': 'MarginBalance', 'initial': '0.00', 'maintenance': '2.32', 'currency': 'USD', 'instrument_id': 'EUR/USD.IDEALPRO'}]",False,{}
100000.40,2.32,99998.08,USD,IDEALPRO-001,MARGIN,,"[{'type': 'MarginBalance', 'initial': '0.00', 'maintenance': '2.32', 'currency': 'USD', 'instrument_id': 'EUR/USD.IDEALPRO'}]",False,{}
100000.00,0.00,100000.00,EUR,IDEALPRO-001,MARGIN,,"[{'type': 'MarginBalance', 'initial': '0.00', 'maintenance': '2.32', 'currency': 'USD', 'instrument_id': 'EUR/USD.IDEALPRO'}]",False,{}
100000.40,2.32,99998.08,USD,IDEALPRO-001,MARGIN,,"[{'type': 'MarginBalance', 'initial': '0.00', 'maintenance': '2.32', 'currency': 'USD', 'instrument_id': 'EUR/USD.IDEALPRO'}]",False,{}
100000.00,0.00,100000.00,EUR,IDEALPRO-001,MARGIN,,"[{'type': 'MarginBalance', 'initial': '0.00', 'maintenance': '2.32', 'currency': 'USD', 'instrument_id': 'EUR/USD.IDEALPRO'}]",False,{}
100000.41,0.00,100000.41,USD,IDEALPRO-001,MARGIN,,[],False,{}
100000.00,0.00,100000.00,EUR,IDEALPRO-001,MARGIN,,[],False,{}
100000.41,0.00,100000.41,USD,IDEALPRO-001,MARGIN,,[],False,{}
100000.00,0.00,100000.00,EUR,IDEALPRO-001,MARGIN,,[],False,{}
100000.41,0.00,100000.41,USD,IDEALPRO-001,MARGIN,,[],False,{}
100000.00,0.00,100000.00,EUR,IDEALPRO-001,MARGIN,,[],False,{}
100000.41,0.00,100000.41,USD,IDEALPRO-001,MARGIN,,[],False,{}
100000.00,0.00,100000.00,EUR,IDEALPRO-001,MARGIN,,[],False,{}
100000.41,0.00,100000.41,USD,IDEALPRO-001,MARGIN,,[],False,{}
100000.00,0.00,100000.00,EUR,IDEALPRO-001,MARGIN,,[],False,{}
100000.41,0.00,100000.41,USD,IDEALPRO-001,MARGIN,,[],False,{}
100000.00,0.00,100000.00,EUR,IDEALPRO-001,MARGIN,,[],False,{}
100000.41,2.32,99998.09,USD,IDEALPRO-001,MARGIN,,"[{'type': 'MarginBalance', 'initial': '0.00', 'maintenance': '2.32', 'currency': 'USD', 'instrument_id': 'EUR/USD.IDEALPRO'}]",False,{}
100000.00,0.00,100000.00,EUR,IDEALPRO-001,MARGIN,,"[{'type': 'MarginBalance', 'initial': '0.00', 'maintenance': '2.32', 'currency': 'USD', 'instrument_id': 'EUR/USD.IDEALPRO'}]",False,{}
100000.41,2.32,99998.09,USD,IDEALPRO-001,MARGIN,,"[{'type': 'MarginBalance', 'initial': '0.00', 'maintenance': '2.32', 'currency': 'USD', 'instrument_id': 'EUR/USD.IDEALPRO'}]",False,{}
100000.00,0.00,100000.00,EUR,IDEALPRO-001,MARGIN,,"[{'type': 'MarginBalance', 'initial': '0.00', 'maintenance': '2.32', 'currency': 'USD', 'instrument_id': 'EUR/USD.IDEALPRO'}]",False,{}
100000.41,2.32,99998.09,USD,IDEALPRO-001,MARGIN,,"[{'type': 'MarginBalance', 'initial': '0.00', 'maintenance': '2.32', 'currency': 'USD', 'instrument_id': 'EUR/USD.IDEALPRO'}]",False,{}
100000.00,0.00,100000.00,EUR,IDEALPRO-001,MARGIN,,"[{'type': 'MarginBalance', 'initial': '0.00', 'maintenance': '2.32', 'currency': 'USD', 'instrument_id': 'EUR/USD.IDEALPRO'}]",False,{}
100000.41,2.32,99998.09,USD,IDEALPRO-001,MARGIN,,"[{'type': 'MarginBalance', 'initial': '0.00', 'maintenance': '2.32', 'currency': 'USD', 'instrument_id': 'EUR/USD.IDEALPRO'}]",False,{}
100000.00,0.00,100000.00,EUR,IDEALPRO-001,MARGIN,,"[{'type': 'MarginBalance', 'initial': '0.00', 'maintenance': '2.32', 'currency': 'USD', 'instrument_id': 'EUR/USD.IDEALPRO'}]",False,{}
100000.37,0.00,100000.37,USD,IDEALPRO-001,MARGIN,,[],False,{}
100000.00,0.00,100000.00,EUR,IDEALPRO-001,MARGIN,,[],False,{}
100000.37,0.00,100000.37,USD,IDEALPRO-001,MARGIN,,[],False,{}
100000.00,0.00,100000.00,EUR,IDEALPRO-001,MARGIN,,[],False,{}
100000.37,0.00,100000.37,USD,IDEALPRO-001,MARGIN,,[],False,{}
100000.00,0.00,100000.00,EUR,IDEALPRO-001,MARGIN,,[],False,{}
100000.37,0.00,100000.37,USD,IDEALPRO-001,MARGIN,,[],False,{}
100000.00,0.00,100000.00,EUR,IDEALPRO-001,MARGIN,,[],False,{}
100000.37,0.00,100000.37,USD,IDEALPRO-001,MARGIN,,[],False,{}
100000.00,0.00,100000.00,EUR,IDEALPRO-001,MARGIN,,[],False,{}
100000.37,0.00,100000.37,USD,IDEALPRO-001,MARGIN,,[],False,{}
100000.00,0.00,100000.00,EUR,IDEALPRO-001,MARGIN,,[],False,{}
100000.37,2.32,99998.05,USD,IDEALPRO-001,MARGIN,,"[{'type': 'MarginBalance', 'initial': '0.00', 'maintenance': '2.32', 'currency': 'USD', 'instrument_id': 'EUR/USD.IDEALPRO'}]",False,{}
100000.00,0.00,100000.00,EUR,IDEALPRO-001,MARGIN,,"[{'type': 'MarginBalance', 'initial': '0.00', 'maintenance': '2.32', 'currency': 'USD', 'instrument_id': 'EUR/USD.IDEALPRO'}]",False,{}
100000.37,2.32,99998.05,USD,IDEALPRO-001,MARGIN,,"[{'type': 'MarginBalance', 'initial': '0.00', 'maintenance': '2.32', 'currency': 'USD', 'instrument_id': 'EUR/USD.IDEALPRO'}]",False,{}
100000.00,0.00,100000.00,EUR,IDEALPRO-001,MARGIN,,"[{'type': 'MarginBalance', 'initial': '0.00', 'maintenance': '2.32', 'currency': 'USD', 'instrument_id': 'EUR/USD.IDEALPRO'}]",False,{}
100000.37,2.32,99998.05,USD,IDEALPRO-001,MARGIN,,"[{'type': 'MarginBalance', 'initial': '0.00', 'maintenance': '2.32', 'currency': 'USD', 'instrument_id': 'EUR/USD.IDEALPRO'}]",False,{}
100000.00,0.00,100000.00,EUR,IDEALPRO-001,MARGIN,,"[{'type': 'MarginBalance', 'initial': '0.00', 'maintenance': '2.32', 'currency': 'USD', 'instrument_id': 'EUR/USD.IDEALPRO'}]",False,{}
100000.37,2.32,99998.05,USD,IDEALPRO-001,MARGIN,,"[{'type': 'MarginBalance', 'initial': '0.00', 'maintenance': '2.32', 'currency': 'USD', 'instrument_id': 'EUR/USD.IDEALPRO'}]",False,{}
100000.00,0.00,100000.00,EUR,IDEALPRO-001,MARGIN,,"[{'type': 'MarginBalance', 'initial': '0.00', 'maintenance': '2.32', 'currency': 'USD', 'instrument_id': 'EUR/USD.IDEALPRO'}]",False,{}
100000.44,0.00,100000.44,USD,IDEALPRO-001,MARGIN,,[],False,{}
100000.00,0.00,100000.00,EUR,IDEALPRO-001,MARGIN,,[],False,{}
100000.44,0.00,100000.44,USD,IDEALPRO-001,MARGIN,,[],False,{}
100000.00,0.00,100000.00,EUR,IDEALPRO-001,MARGIN,,[],False,{}
100000.44,0.00,100000.44,USD,IDEALPRO-001,MARGIN,,[],False,{}
100000.00,0.00,100000.00,EUR,IDEALPRO-001,MARGIN,,[],False,{}
100000.44,0.00,100000.44,USD,IDEALPRO-001,MARGIN,,[],False,{}
100000.00,0.00,100000.00,EUR,IDEALPRO-001,MARGIN,,[],False,{}
100000.44,0.00,100000.44,USD,IDEALPRO-001,MARGIN,,[],False,{}
100000.00,0.00,100000.00,EUR,IDEALPRO-001,MARGIN,,[],False,{}
100000.44,0.00,100000.44,USD,IDEALPRO-001,MARGIN,,[],False,{}
100000.00,0.00,100000.00,EUR,IDEALPRO-001,MARGIN,,[],False,{}
100000.44,2.32,99998.12,USD,IDEALPRO-001,MARGIN,,"[{'type': 'MarginBalance', 'initial': '0.00', 'maintenance': '2.32', 'currency': 'USD', 'instrument_id': 'EUR/USD.IDEALPRO'}]",False,{}
100000.00,0.00,100000.00,EUR,IDEALPRO-001,MARGIN,,"[{'type': 'MarginBalance', 'initial': '0.00', 'maintenance': '2.32', 'currency': 'USD', 'instrument_id': 'EUR/USD.IDEALPRO'}]",False,{}
100000.44,2.32,99998.12,USD,IDEALPRO-001,MARGIN,,"[{'type': 'MarginBalance', 'initial': '0.00', 'maintenance': '2.32', 'currency': 'USD', 'instrument_id': 'EUR/USD.IDEALPRO'}]",False,{}
100000.00,0.00,100000.00,EUR,IDEALPRO-001,MARGIN,,"[{'type': 'MarginBalance', 'initial': '0.00', 'maintenance': '2.32', 'currency': 'USD', 'instrument_id': 'EUR/USD.IDEALPRO'}]",False,{}
100000.44,2.32,99998.12,USD,IDEALPRO-001,MARGIN,,"[{'type': 'MarginBalance', 'initial': '0.00', 'maintenance': '2.32', 'currency': 'USD', 'instrument_id': 'EUR/USD.IDEALPRO'}]",False,{}
100000.00,0.00,100000.00,EUR,IDEALPRO-001,MARGIN,,"[{'type': 'MarginBalance', 'initial': '0.00', 'maintenance': '2.32', 'currency': 'USD', 'instrument_id': 'EUR/USD.IDEALPRO'}]",False,{}
100000.44,2.32,99998.12,USD,IDEALPRO-001,MARGIN,,"[{'type': 'MarginBalance', 'initial': '0.00', 'maintenance': '2.32', 'currency': 'USD', 'instrument_id': 'EUR/USD.IDEALPRO'}]",False,{}
100000.00,0.00,100000.00,EUR,IDEALPRO-001,MARGIN,,"[{'type': 'MarginBalance', 'initial': '0.00', 'maintenance': '2.32', 'currency': 'USD', 'instrument_id': 'EUR/USD.IDEALPRO'}]",False,{}
100000.40,0.00,100000.40,USD,IDEALPRO-001,MARGIN,,[],False,{}
100000.00,0.00,100000.00,EUR,IDEALPRO-001,MARGIN,,[],False,{}
100000.40,0.00,100000.40,USD,IDEALPRO-001,MARGIN,,[],False,{}
100000.00,0.00,100000.00,EUR,IDEALPRO-001,MARGIN,,[],False,{}
100000.40,0.00,100000.40,USD,IDEALPRO-001,MARGIN,,[],False,{}
100000.00,0.00,100000.00,EUR,IDEALPRO-001,MARGIN,,[],False,{}
100000.40,0.00,100000.40,USD,IDEALPRO-001,MARGIN,,[],False,{}
100000.00,0.00,100000.00,EUR,IDEALPRO-001,MARGIN,,[],False,{}
100000.40,0.00,100000.40,USD,IDEALPRO-001,MARGIN,,[],False,{}
100000.00,0.00,100000.00,EUR,IDEALPRO-001,MARGIN,,[],False,{}
100000.40,0.00,100000.40,USD,IDEALPRO-001,MARGIN,,[],False,{}
100000.00,0.00,100000.00,EUR,IDEALPRO-001,MARGIN,,[],False,{}
100000.40,2.32,99998.08,USD,IDEALPRO-001,MARGIN,,"[{'type': 'MarginBalance', 'initial': '0.00', 'maintenance': '2.32', 'currency': 'USD', 'instrument_id': 'EUR/USD.IDEALPRO'}]",False,{}
100000.00,0.00,100000.00,EUR,IDEALPRO-001,MARGIN,,"[{'type': 'MarginBalance', 'initial': '0.00', 'maintenance': '2.32', 'currency': 'USD', 'instrument_id': 'EUR/USD.IDEALPRO'}]",False,{}
100000.40,2.32,99998.08,USD,IDEALPRO-001,MARGIN,,"[{'type': 'MarginBalance', 'initial': '0.00', 'maintenance': '2.32', 'currency': 'USD', 'instrument_id': 'EUR/USD.IDEALPRO'}]",False,{}
100000.00,0.00,100000.00,EUR,IDEALPRO-001,MARGIN,,"[{'type': 'MarginBalance', 'initial': '0.00', 'maintenance': '2.32', 'currency': 'USD', 'instrument_id': 'EUR/USD.IDEALPRO'}]",False,{}
100000.40,2.32,99998.08,USD,IDEALPRO-001,MARGIN,,"[{'type': 'MarginBalance', 'initial': '0.00', 'maintenance': '2.32', 'currency': 'USD', 'instrument_id': 'EUR/USD.IDEALPRO'}]",False,{}
100000.00,0.00,100000.00,EUR,IDEALPRO-001,MARGIN,,"[{'type': 'MarginBalance', 'initial': '0.00', 'maintenance': '2.32', 'currency': 'USD', 'instrument_id': 'EUR/USD.IDEALPRO'}]",False,{}
100000.40,2.32,99998.08,USD,IDEALPRO-001,MARGIN,,"[{'type': 'MarginBalance', 'initial': '0.00', 'maintenance': '2.32', 'currency': 'USD', 'instrument_id': 'EUR/USD.IDEALPRO'}]",False,{}
100000.00,0.00,100000.00,EUR,IDEALPRO-001,MARGIN,,"[{'type': 'MarginBalance', 'initial': '0.00', 'maintenance': '2.32', 'currency': 'USD', 'instrument_id': 'EUR/USD.IDEALPRO'}]",False,{}
100000.42,0.00,100000.42,USD,IDEALPRO-001,MARGIN,,[],False,{}
100000.00,0.00,100000.00,EUR,IDEALPRO-001,MARGIN,,[],False,{}
100000.42,0.00,100000.42,USD,IDEALPRO-001,MARGIN,,[],False,{}
100000.00,0.00,100000.00,EUR,IDEALPRO-001,MARGIN,,[],False,{}
100000.42,0.00,100000.42,USD,IDEALPRO-001,MARGIN,,[],False,{}
100000.00,0.00,100000.00,EUR,IDEALPRO-001,MARGIN,,[],False,{}
100000.42,0.00,100000.42,USD,IDEALPRO-001,MARGIN,,[],False,{}
100000.00,0.00,100000.00,EUR,IDEALPRO-001,MARGIN,,[],False,{}
100000.42,0.00,100000.42,USD,IDEALPRO-001,MARGIN,,[],False,{}
100000.00,0.00,100000.00,EUR,IDEALPRO-001,MARGIN,,[],False,{}
100000.42,0.00,100000.42,USD,IDEALPRO-001,MARGIN,,[],False,{}
100000.00,0.00,100000.00,EUR,IDEALPRO-001,MARGIN,,[],False,{}
100000.42,2.32,99998.10,USD,IDEALPRO-001,MARGIN,,"[{'type': 'MarginBalance', 'initial': '0.00', 'maintenance': '2.32', 'currency': 'USD', 'instrument_id': 'EUR/USD.IDEALPRO'}]",False,{}
100000.00,0.00,100000.00,EUR,IDEALPRO-001,MARGIN,,"[{'type': 'MarginBalance', 'initial': '0.00', 'maintenance': '2.32', 'currency': 'USD', 'instrument_id': 'EUR/USD.IDEALPRO'}]",False,{}
100000.42,2.32,99998.10,USD,IDEALPRO-001,MARGIN,,"[{'type': 'MarginBalance', 'initial': '0.00', 'maintenance': '2.32', 'currency': 'USD', 'instrument_id': 'EUR/USD.IDEALPRO'}]",False,{}
100000.00,0.00,100000.00,EUR,IDEALPRO-001,MARGIN,,"[{'type': 'MarginBalance', 'initial': '0.00', 'maintenance': '2.32', 'currency': 'USD', 'instrument_id': 'EUR/USD.IDEALPRO'}]",False,{}
100000.42,2.32,99998.10,USD,IDEALPRO-001,MARGIN,,"[{'type': 'MarginBalance', 'initial': '0.00', 'maintenance': '2.32', 'currency': 'USD', 'instrument_id': 'EUR/USD.IDEALPRO'}]",False,{}
100000.00,0.00,100000.00,EUR,IDEALPRO-001,MARGIN,,"[{'type': 'MarginBalance', 'initial': '0.00', 'maintenance': '2.32', 'currency': 'USD', 'instrument_id': 'EUR/USD.IDEALPRO'}]",False,{}
100000.42,2.32,99998.10,USD,IDEALPRO-001,MARGIN,,"[{'type': 'MarginBalance', 'initial': '0.00', 'maintenance': '2.32', 'currency': 'USD', 'instrument_id': 'EUR/USD.IDEALPRO'}]",False,{}
100000.00,0.00,100000.00,EUR,IDEALPRO-001,MARGIN,,"[{'type': 'MarginBalance', 'initial': '0.00', 'maintenance': '2.32', 'currency': 'USD', 'instrument_id': 'EUR/USD.IDEALPRO'}]",False,{}
100000.39,0.00,100000.39,USD,IDEALPRO-001,MARGIN,,[],False,{}
100000.00,0.00,100000.00,EUR,IDEALPRO-001,MARGIN,,[],False,{}
100000.39,0.00,100000.39,USD,IDEALPRO-001,MARGIN,,[],False,{}
100000.00,0.00,100000.00,EUR,IDEALPRO-001,MARGIN,,[],False,{}
100000.39,0.00,100000.39,USD,IDEALPRO-001,MARGIN,,[],False,{}
100000.00,0.00,100000.00,EUR,IDEALPRO-001,MARGIN,,[],False,{}
100000.39,0.00,100000.39,USD,IDEALPRO-001,MARGIN,,[],False,{}
100000.00,0.00,100000.00,EUR,IDEALPRO-001,MARGIN,,[],False,{}
100000.39,0.00,100000.39,USD,IDEALPRO-001,MARGIN,,[],False,{}
100000.00,0.00,100000.00,EUR,IDEALPRO-001,MARGIN,,[],False,{}
100000.39,0.00,100000.39,USD,IDEALPRO-001,MARGIN,,[],False,{}
100000.00,0.00,100000.00,EUR,IDEALPRO-001,MARGIN,,[],False,{}
100000.39,2.32,99998.07,USD,IDEALPRO-001,MARGIN,,"[{'type': 'MarginBalance', 'initial': '0.00', 'maintenance': '2.32', 'currency': 'USD', 'instrument_id': 'EUR/USD.IDEALPRO'}]",False,{}
100000.00,0.00,100000.00,EUR,IDEALPRO-001,MARGIN,,"[{'type': 'MarginBalance', 'initial': '0.00', 'maintenance': '2.32', 'currency': 'USD', 'instrument_id': 'EUR/USD.IDEALPRO'}]",False,{}
100000.39,2.32,99998.07,USD,IDEALPRO-001,MARGIN,,"[{'type': 'MarginBalance', 'initial': '0.00', 'maintenance': '2.32', 'currency': 'USD', 'instrument_id': 'EUR/USD.IDEALPRO'}]",False,{}
100000.00,0.00,100000.00,EUR,IDEALPRO-001,MARGIN,,"[{'type': 'MarginBalance', 'initial': '0.00', 'maintenance': '2.32', 'currency': 'USD', 'instrument_id': 'EUR/USD.IDEALPRO'}]",False,{}
100000.39,2.32,99998.07,USD,IDEALPRO-001,MARGIN,,"[{'type': 'MarginBalance', 'initial': '0.00', 'maintenance': '2.32', 'currency': 'USD', 'instrument_id': 'EUR/USD.IDEALPRO'}]",False,{}
100000.00,0.00,100000.00,EUR,IDEALPRO-001,MARGIN,,"[{'type': 'MarginBalance', 'initial': '0.00', 'maintenance': '2.32', 'currency': 'USD', 'instrument_id': 'EUR/USD.IDEALPRO'}]",False,{}
100000.39,2.32,99998.07,USD,IDEALPRO-001,MARGIN,,"[{'type': 'MarginBalance', 'initial': '0.00', 'maintenance': '2.32', 'currency': 'USD', 'instrument_id': 'EUR/USD.IDEALPRO'}]",False,{}
100000.00,0.00,100000.00,EUR,IDEALPRO-001,MARGIN,,"[{'type': 'MarginBalance', 'initial': '0.00', 'maintenance': '2.32', 'currency': 'USD', 'instrument_id': 'EUR/USD.IDEALPRO'}]",False,{}
100000.35,0.00,100000.35,USD,IDEALPRO-001,MARGIN,,[],False,{}
100000.00,0.00,100000.00,EUR,IDEALPRO-001,MARGIN,,[],False,{}
100000.35,0.00,100000.35,USD,IDEALPRO-001,MARGIN,,[],False,{}
100000.00,0.00,100000.00,EUR,IDEALPRO-001,MARGIN,,[],False,{}
100000.35,0.00,100000.35,USD,IDEALPRO-001,MARGIN,,[],False,{}
100000.00,0.00,100000.00,EUR,IDEALPRO-001,MARGIN,,[],False,{}
100000.35,0.00,100000.35,USD,IDEALPRO-001,MARGIN,,[],False,{}
100000.00,0.00,100000.00,EUR,IDEALPRO-001,MARGIN,,[],False,{}
100000.35,0.00,100000.35,USD,IDEALPRO-001,MARGIN,,[],False,{}
100000.00,0.00,100000.00,EUR,IDEALPRO-001,MARGIN,,[],False,{}
100000.35,0.00,100000.35,USD,IDEALPRO-001,MARGIN,,[],False,{}
100000.00,0.00,100000.00,EUR,IDEALPRO-001,MARGIN,,[],False,{}
100000.35,2.32,99998.03,USD,IDEALPRO-001,MARGIN,,"[{'type': 'MarginBalance', 'initial': '0.00', 'maintenance': '2.32', 'currency': 'USD', 'instrument_id': 'EUR/USD.IDEALPRO'}]",False,{}
100000.00,0.00,100000.00,EUR,IDEALPRO-001,MARGIN,,"[{'type': 'MarginBalance', 'initial': '0.00', 'maintenance': '2.32', 'currency': 'USD', 'instrument_id': 'EUR/USD.IDEALPRO'}]",False,{}
100000.35,2.32,99998.03,USD,IDEALPRO-001,MARGIN,,"[{'type': 'MarginBalance', 'initial': '0.00', 'maintenance': '2.32', 'currency': 'USD', 'instrument_id': 'EUR/USD.IDEALPRO'}]",False,{}
100000.00,0.00,100000.00,EUR,IDEALPRO-001,MARGIN,,"[{'type': 'MarginBalance', 'initial': '0.00', 'maintenance': '2.32', 'currency': 'USD', 'instrument_id': 'EUR/USD.IDEALPRO'}]",False,{}
100000.35,2.32,99998.03,USD,IDEALPRO-001,MARGIN,,"[{'type': 'MarginBalance', 'initial': '0.00', 'maintenance': '2.32', 'currency': 'USD', 'instrument_id': 'EUR/USD.IDEALPRO'}]",False,{}
100000.00,0.00,100000.00,EUR,IDEALPRO-001,MARGIN,,"[{'type': 'MarginBalance', 'initial': '0.00', 'maintenance': '2.32', 'currency': 'USD', 'instrument_id': 'EUR/USD.IDEALPRO'}]",False,{}
100000.35,2.32,99998.03,USD,IDEALPRO-001,MARGIN,,"[{'type': 'MarginBalance', 'initial': '0.00', 'maintenance': '2.32', 'currency': 'USD', 'instrument_id': 'EUR/USD.IDEALPRO'}]",False,{}
100000.00,0.00,100000.00,EUR,IDEALPRO-001,MARGIN,,"[{'type': 'MarginBalance', 'initial': '0.00', 'maintenance': '2.32', 'currency': 'USD', 'instrument_id': 'EUR/USD.IDEALPRO'}]",False,{}
100000.31,0.00,100000.31,USD,IDEALPRO-001,MARGIN,,[],False,{}
100000.00,0.00,100000.00,EUR,IDEALPRO-001,MARGIN,,[],False,{}
100000.31,0.00,100000.31,USD,IDEALPRO-001,MARGIN,,[],False,{}
100000.00,0.00,100000.00,EUR,IDEALPRO-001,MARGIN,,[],False,{}
100000.31,0.00,100000.31,USD,IDEALPRO-001,MARGIN,,[],False,{}
100000.00,0.00,100000.00,EUR,IDEALPRO-001,MARGIN,,[],False,{}
100000.31,0.00,100000.31,USD,IDEALPRO-001,MARGIN,,[],False,{}
100000.00,0.00,100000.00,EUR,IDEALPRO-001,MARGIN,,[],False,{}
100000.31,0.00,100000.31,USD,IDEALPRO-001,MARGIN,,[],False,{}
100000.00,0.00,100000.00,EUR,IDEALPRO-001,MARGIN,,[],False,{}
100000.31,0.00,100000.31,USD,IDEALPRO-001,MARGIN,,[],False,{}
100000.00,0.00,100000.00,EUR,IDEALPRO-001,MARGIN,,[],False,{}
100000.31,2.32,99997.99,USD,IDEALPRO-001,MARGIN,,"[{'type': 'MarginBalance', 'initial': '0.00', 'maintenance': '2.32', 'currency': 'USD', 'instrument_id': 'EUR/USD.IDEALPRO'}]",False,{}
100000.00,0.00,100000.00,EUR,IDEALPRO-001,MARGIN,,"[{'type': 'MarginBalance', 'initial': '0.00', 'maintenance': '2.32', 'currency': 'USD', 'instrument_id': 'EUR/USD.IDEALPRO'}]",False,{}
100000.31,2.32,99997.99,USD,IDEALPRO-001,MARGIN,,"[{'type': 'MarginBalance', 'initial': '0.00', 'maintenance': '2.32', 'currency': 'USD', 'instrument_id': 'EUR/USD.IDEALPRO'}]",False,{}
100000.00,0.00,100000.00,EUR,IDEALPRO-001,MARGIN,,"[{'type': 'MarginBalance', 'initial': '0.00', 'maintenance': '2.32', 'currency': 'USD', 'instrument_id': 'EUR/USD.IDEALPRO'}]",False,{}
100000.31,2.32,99997.99,USD,IDEALPRO-001,MARGIN,,"[{'type': 'MarginBalance', 'initial': '0.00', 'maintenance': '2.32', 'currency': 'USD', 'instrument_id': 'EUR/USD.IDEALPRO'}]",False,{}
100000.00,0.00,100000.00,EUR,IDEALPRO-001,MARGIN,,"[{'type': 'MarginBalance', 'initial': '0.00', 'maintenance': '2.32', 'currency': 'USD', 'instrument_id': 'EUR/USD.IDEALPRO'}]",False,{}
100000.31,2.32,99997.99,USD,IDEALPRO-001,MARGIN,,"[{'type': 'MarginBalance', 'initial': '0.00', 'maintenance': '2.32', 'currency': 'USD', 'instrument_id': 'EUR/USD.IDEALPRO'}]",False,{}
100000.00,0.00,100000.00,EUR,IDEALPRO-001,MARGIN,,"[{'type': 'MarginBalance', 'initial': '0.00', 'maintenance': '2.32', 'currency': 'USD', 'instrument_id': 'EUR/USD.IDEALPRO'}]",False,{}
100000.30,0.00,100000.30,USD,IDEALPRO-001,MARGIN,,[],False,{}
100000.00,0.00,100000.00,EUR,IDEALPRO-001,MARGIN,,[],False,{}
100000.30,0.00,100000.30,USD,IDEALPRO-001,MARGIN,,[],False,{}
100000.00,0.00,100000.00,EUR,IDEALPRO-001,MARGIN,,[],False,{}
100000.30,0.00,100000.30,USD,IDEALPRO-001,MARGIN,,[],False,{}
100000.00,0.00,100000.00,EUR,IDEALPRO-001,MARGIN,,[],False,{}
100000.30,0.00,100000.30,USD,IDEALPRO-001,MARGIN,,[],False,{}
100000.00,0.00,100000.00,EUR,IDEALPRO-001,MARGIN,,[],False,{}
100000.30,0.00,100000.30,USD,IDEALPRO-001,MARGIN,,[],False,{}
100000.00,0.00,100000.00,EUR,IDEALPRO-001,MARGIN,,[],False,{}
100000.30,0.00,100000.30,USD,IDEALPRO-001,MARGIN,,[],False,{}
100000.00,0.00,100000.00,EUR,IDEALPRO-001,MARGIN,,[],False,{}
100000.30,2.32,99997.98,USD,IDEALPRO-001,MARGIN,,"[{'type': 'MarginBalance', 'initial': '0.00', 'maintenance': '2.32', 'currency': 'USD', 'instrument_id': 'EUR/USD.IDEALPRO'}]",False,{}
100000.00,0.00,100000.00,EUR,IDEALPRO-001,MARGIN,,"[{'type': 'MarginBalance', 'initial': '0.00', 'maintenance': '2.32', 'currency': 'USD', 'instrument_id': 'EUR/USD.IDEALPRO'}]",False,{}
100000.30,2.32,99997.98,USD,IDEALPRO-001,MARGIN,,"[{'type': 'MarginBalance', 'initial': '0.00', 'maintenance': '2.32', 'currency': 'USD', 'instrument_id': 'EUR/USD.IDEALPRO'}]",False,{}
100000.00,0.00,100000.00,EUR,IDEALPRO-001,MARGIN,,"[{'type': 'MarginBalance', 'initial': '0.00', 'maintenance': '2.32', 'currency': 'USD', 'instrument_id': 'EUR/USD.IDEALPRO'}]",False,{}
100000.30,2.32,99997.98,USD,IDEALPRO-001,MARGIN,,"[{'type': 'MarginBalance', 'initial': '0.00', 'maintenance': '2.32', 'currency': 'USD', 'instrument_id': 'EUR/USD.IDEALPRO'}]",False,{}
100000.00,0.00,100000.00,EUR,IDEALPRO-001,MARGIN,,"[{'type': 'MarginBalance', 'initial': '0.00', 'maintenance': '2.32', 'currency': 'USD', 'instrument_id': 'EUR/USD.IDEALPRO'}]",False,{}
100000.30,2.32,99997.98,USD,IDEALPRO-001,MARGIN,,"[{'type': 'MarginBalance', 'initial': '0.00', 'maintenance': '2.32', 'currency': 'USD', 'instrument_id': 'EUR/USD.IDEALPRO'}]",False,{}
100000.00,0.00,100000.00,EUR,IDEALPRO-001,MARGIN,,"[{'type': 'MarginBalance', 'initial': '0.00', 'maintenance': '2.32', 'currency': 'USD', 'instrument_id': 'EUR/USD.IDEALPRO'}]",False,{}
100000.29,0.00,100000.29,USD,IDEALPRO-001,MARGIN,,[],False,{}
100000.00,0.00,100000.00,EUR,IDEALPRO-001,MARGIN,,[],False,{}
100000.29,0.00,100000.29,USD,IDEALPRO-001,MARGIN,,[],False,{}
100000.00,0.00,100000.00,EUR,IDEALPRO-001,MARGIN,,[],False,{}
100000.29,0.00,100000.29,USD,IDEALPRO-001,MARGIN,,[],False,{}
100000.00,0.00,100000.00,EUR,IDEALPRO-001,MARGIN,,[],False,{}
100000.29,0.00,100000.29,USD,IDEALPRO-001,MARGIN,,[],False,{}
100000.00,0.00,100000.00,EUR,IDEALPRO-001,MARGIN,,[],False,{}
100000.29,0.00,100000.29,USD,IDEALPRO-001,MARGIN,,[],False,{}
100000.00,0.00,100000.00,EUR,IDEALPRO-001,MARGIN,,[],False,{}
100000.29,0.00,100000.29,USD,IDEALPRO-001,MARGIN,,[],False,{}
100000.00,0.00,100000.00,EUR,IDEALPRO-001,MARGIN,,[],False,{}
100000.29,2.32,99997.97,USD,IDEALPRO-001,MARGIN,,"[{'type': 'MarginBalance', 'initial': '0.00', 'maintenance': '2.32', 'currency': 'USD', 'instrument_id': 'EUR/USD.IDEALPRO'}]",False,{}
100000.00,0.00,100000.00,EUR,IDEALPRO-001,MARGIN,,"[{'type': 'MarginBalance', 'initial': '0.00', 'maintenance': '2.32', 'currency': 'USD', 'instrument_id': 'EUR/USD.IDEALPRO'}]",False,{}
100000.29,2.32,99997.97,USD,IDEALPRO-001,MARGIN,,"[{'type': 'MarginBalance', 'initial': '0.00', 'maintenance': '2.32', 'currency': 'USD', 'instrument_id': 'EUR/USD.IDEALPRO'}]",False,{}
100000.00,0.00,100000.00,EUR,IDEALPRO-001,MARGIN,,"[{'type': 'MarginBalance', 'initial': '0.00', 'maintenance': '2.32', 'currency': 'USD', 'instrument_id': 'EUR/USD.IDEALPRO'}]",False,{}
100000.29,2.32,99997.97,USD,IDEALPRO-001,MARGIN,,"[{'type': 'MarginBalance', 'initial': '0.00', 'maintenance': '2.32', 'currency': 'USD', 'instrument_id': 'EUR/USD.IDEALPRO'}]",False,{}
100000.00,0.00,100000.00,EUR,IDEALPRO-001,MARGIN,,"[{'type': 'MarginBalance', 'initial': '0.00', 'maintenance': '2.32', 'currency': 'USD', 'instrument_id': 'EUR/USD.IDEALPRO'}]",False,{}
100000.23,0.00,100000.23,USD,IDEALPRO-001,MARGIN,,[],False,{}
100000.00,0.00,100000.00,EUR,IDEALPRO-001,MARGIN,,[],False,{}
100000.23,0.00,100000.23,USD,IDEALPRO-001,MARGIN,,[],False,{}
100000.00,0.00,100000.00,EUR,IDEALPRO-001,MARGIN,,[],False,{}
100000.23,0.00,100000.23,USD,IDEALPRO-001,MARGIN,,[],False,{}
100000.00,0.00,100000.00,EUR,IDEALPRO-001,MARGIN,,[],False,{}
100000.23,0.00,100000.23,USD,IDEALPRO-001,MARGIN,,[],False,{}
100000.00,0.00,100000.00,EUR,IDEALPRO-001,MARGIN,,[],False,{}
100000.23,0.00,100000.23,USD,IDEALPRO-001,MARGIN,,[],False,{}
100000.00,0.00,100000.00,EUR,IDEALPRO-001,MARGIN,,[],False,{}
100000.23,2.32,99997.91,USD,IDEALPRO-001,MARGIN,,"[{'type': 'MarginBalance', 'initial': '0.00', 'maintenance': '2.32', 'currency': 'USD', 'instrument_id': 'EUR/USD.IDEALPRO'}]",False,{}
100000.00,0.00,100000.00,EUR,IDEALPRO-001,MARGIN,,"[{'type': 'MarginBalance', 'initial': '0.00', 'maintenance': '2.32', 'currency': 'USD', 'instrument_id': 'EUR/USD.IDEALPRO'}]",False,{}
100000.23,2.32,99997.91,USD,IDEALPRO-001,MARGIN,,"[{'type': 'MarginBalance', 'initial': '0.00', 'maintenance': '2.32', 'currency': 'USD', 'instrument_id': 'EUR/USD.IDEALPRO'}]",False,{}
100000.00,0.00,100000.00,EUR,IDEALPRO-001,MARGIN,,"[{'type': 'MarginBalance', 'initial': '0.00', 'maintenance': '2.32', 'currency': 'USD', 'instrument_id': 'EUR/USD.IDEALPRO'}]",False,{}
100000.23,2.32,99997.91,USD,IDEALPRO-001,MARGIN,,"[{'type': 'MarginBalance', 'initial': '0.00', 'maintenance': '2.32', 'currency': 'USD', 'instrument_id': 'EUR/USD.IDEALPRO'}]",False,{}
100000.00,0.00,100000.00,EUR,IDEALPRO-001,MARGIN,,"[{'type': 'MarginBalance', 'initial': '0.00', 'maintenance': '2.32', 'currency': 'USD', 'instrument_id': 'EUR/USD.IDEALPRO'}]",False,{}
100000.17,0.00,100000.17,USD,IDEALPRO-001,MARGIN,,[],False,{}
100000.00,0.00,100000.00,EUR,IDEALPRO-001,MARGIN,,[],False,{}
100000.17,0.00,100000.17,USD,IDEALPRO-001,MARGIN,,[],False,{}
100000.00,0.00,100000.00,EUR,IDEALPRO-001,MARGIN,,[],False,{}
100000.17,0.00,100000.17,USD,IDEALPRO-001,MARGIN,,[],False,{}
100000.00,0.00,100000.00,EUR,IDEALPRO-001,MARGIN,,[],False,{}
100000.17,0.00,100000.17,USD,IDEALPRO-001,MARGIN,,[],False,{}
100000.00,0.00,100000.00,EUR,IDEALPRO-001,MARGIN,,[],False,{}
100000.17,0.00,100000.17,USD,IDEALPRO-001,MARGIN,,[],False,{}
100000.00,0.00,100000.00,EUR,IDEALPRO-001,MARGIN,,[],False,{}
100000.17,2.32,99997.85,USD,IDEALPRO-001,MARGIN,,"[{'type': 'MarginBalance', 'initial': '0.00', 'maintenance': '2.32', 'currency': 'USD', 'instrument_id': 'EUR/USD.IDEALPRO'}]",False,{}
100000.00,0.00,100000.00,EUR,IDEALPRO-001,MARGIN,,"[{'type': 'MarginBalance', 'initial': '0.00', 'maintenance': '2.32', 'currency': 'USD', 'instrument_id': 'EUR/USD.IDEALPRO'}]",False,{}
100000.17,2.32,99997.85,USD,IDEALPRO-001,MARGIN,,"[{'type': 'MarginBalance', 'initial': '0.00', 'maintenance': '2.32', 'currency': 'USD', 'instrument_id': 'EUR/USD.IDEALPRO'}]",False,{}
100000.00,0.00,100000.00,EUR,IDEALPRO-001,MARGIN,,"[{'type': 'MarginBalance', 'initial': '0.00', 'maintenance': '2.32', 'currency': 'USD', 'instrument_id': 'EUR/USD.IDEALPRO'}]",False,{}
100000.17,2.32,99997.85,USD,IDEALPRO-001,MARGIN,,"[{'type': 'MarginBalance', 'initial': '0.00', 'maintenance': '2.32', 'currency': 'USD', 'instrument_id': 'EUR/USD.IDEALPRO'}]",False,{}
100000.00,0.00,100000.00,EUR,IDEALPRO-001,MARGIN,,"[{'type': 'MarginBalance', 'initial': '0.00', 'maintenance': '2.32', 'currency': 'USD', 'instrument_id': 'EUR/USD.IDEALPRO'}]",False,{}
100000.17,2.32,99997.85,USD,IDEALPRO-001,MARGIN,,"[{'type': 'MarginBalance', 'initial': '0.00', 'maintenance': '2.32', 'currency': 'USD', 'instrument_id': 'EUR/USD.IDEALPRO'}]",False,{}
100000.00,0.00,100000.00,EUR,IDEALPRO-001,MARGIN,,"[{'type': 'MarginBalance', 'initial': '0.00', 'maintenance': '2.32', 'currency': 'USD', 'instrument_id': 'EUR/USD.IDEALPRO'}]",False,{}
100000.18,0.00,100000.18,USD,IDEALPRO-001,MARGIN,,[],False,{}
100000.00,0.00,100000.00,EUR,IDEALPRO-001,MARGIN,,[],False,{}
100000.18,0.00,100000.18,USD,IDEALPRO-001,MARGIN,,[],False,{}
100000.00,0.00,100000.00,EUR,IDEALPRO-001,MARGIN,,[],False,{}
100000.18,0.00,100000.18,USD,IDEALPRO-001,MARGIN,,[],False,{}
100000.00,0.00,100000.00,EUR,IDEALPRO-001,MARGIN,,[],False,{}
100000.18,0.00,100000.18,USD,IDEALPRO-001,MARGIN,,[],False,{}
100000.00,0.00,100000.00,EUR,IDEALPRO-001,MARGIN,,[],False,{}
100000.18,0.00,100000.18,USD,IDEALPRO-001,MARGIN,,[],False,{}
100000.00,0.00,100000.00,EUR,IDEALPRO-001,MARGIN,,[],False,{}
100000.18,0.00,100000.18,USD,IDEALPRO-001,MARGIN,,[],False,{}
100000.00,0.00,100000.00,EUR,IDEALPRO-001,MARGIN,,[],False,{}
100000.18,2.32,99997.86,USD,IDEALPRO-001,MARGIN,,"[{'type': 'MarginBalance', 'initial': '0.00', 'maintenance': '2.32', 'currency': 'USD', 'instrument_id': 'EUR/USD.IDEALPRO'}]",False,{}
100000.00,0.00,100000.00,EUR,IDEALPRO-001,MARGIN,,"[{'type': 'MarginBalance', 'initial': '0.00', 'maintenance': '2.32', 'currency': 'USD', 'instrument_id': 'EUR/USD.IDEALPRO'}]",False,{}
100000.18,2.32,99997.86,USD,IDEALPRO-001,MARGIN,,"[{'type': 'MarginBalance', 'initial': '0.00', 'maintenance': '2.32', 'currency': 'USD', 'instrument_id': 'EUR/USD.IDEALPRO'}]",False,{}
100000.00,0.00,100000.00,EUR,IDEALPRO-001,MARGIN,,"[{'type': 'MarginBalance', 'initial': '0.00', 'maintenance': '2.32', 'currency': 'USD', 'instrument_id': 'EUR/USD.IDEALPRO'}]",False,{}
100000.18,2.32,99997.86,USD,IDEALPRO-001,MARGIN,,"[{'type': 'MarginBalance', 'initial': '0.00', 'maintenance': '2.32', 'currency': 'USD', 'instrument_id': 'EUR/USD.IDEALPRO'}]",False,{}
100000.00,0.00,100000.00,EUR,IDEALPRO-001,MARGIN,,"[{'type': 'MarginBalance', 'initial': '0.00', 'maintenance': '2.32', 'currency': 'USD', 'instrument_id': 'EUR/USD.IDEALPRO'}]",False,{}
100000.12,0.00,100000.12,USD,IDEALPRO-001,MARGIN,,[],False,{}
100000.00,0.00,100000.00,EUR,IDEALPRO-001,MARGIN,,[],False,{}
100000.12,0.00,100000.12,USD,IDEALPRO-001,MARGIN,,[],False,{}
100000.00,0.00,100000.00,EUR,IDEALPRO-001,MARGIN,,[],False,{}
100000.12,0.00,100000.12,USD,IDEALPRO-001,MARGIN,,[],False,{}
100000.00,0.00,100000.00,EUR,IDEALPRO-001,MARGIN,,[],False,{}
100000.12,0.00,100000.12,USD,IDEALPRO-001,MARGIN,,[],False,{}
100000.00,0.00,100000.00,EUR,IDEALPRO-001,MARGIN,,[],False,{}
100000.12,0.00,100000.12,USD,IDEALPRO-001,MARGIN,,[],False,{}
100000.00,0.00,100000.00,EUR,IDEALPRO-001,MARGIN,,[],False,{}
100000.12,2.32,99997.80,USD,IDEALPRO-001,MARGIN,,"[{'type': 'MarginBalance', 'initial': '0.00', 'maintenance': '2.32', 'currency': 'USD', 'instrument_id': 'EUR/USD.IDEALPRO'}]",False,{}
100000.00,0.00,100000.00,EUR,IDEALPRO-001,MARGIN,,"[{'type': 'MarginBalance', 'initial': '0.00', 'maintenance': '2.32', 'currency': 'USD', 'instrument_id': 'EUR/USD.IDEALPRO'}]",False,{}
100000.12,2.32,99997.80,USD,IDEALPRO-001,MARGIN,,"[{'type': 'MarginBalance', 'initial': '0.00', 'maintenance': '2.32', 'currency': 'USD', 'instrument_id': 'EUR/USD.IDEALPRO'}]",False,{}
100000.00,0.00,100000.00,EUR,IDEALPRO-001,MARGIN,,"[{'type': 'MarginBalance', 'initial': '0.00', 'maintenance': '2.32', 'currency': 'USD', 'instrument_id': 'EUR/USD.IDEALPRO'}]",False,{}
100000.12,2.32,99997.80,USD,IDEALPRO-001,MARGIN,,"[{'type': 'MarginBalance', 'initial': '0.00', 'maintenance': '2.32', 'currency': 'USD', 'instrument_id': 'EUR/USD.IDEALPRO'}]",False,{}
100000.00,0.00,100000.00,EUR,IDEALPRO-001,MARGIN,,"[{'type': 'MarginBalance', 'initial': '0.00', 'maintenance': '2.32', 'currency': 'USD', 'instrument_id': 'EUR/USD.IDEALPRO'}]",False,{}
100000.12,2.32,99997.80,USD,IDEALPRO-001,MARGIN,,"[{'type': 'MarginBalance', 'initial': '0.00', 'maintenance': '2.32', 'currency': 'USD', 'instrument_id': 'EUR/USD.IDEALPRO'}]",False,{}
100000.00,0.00,100000.00,EUR,IDEALPRO-001,MARGIN,,"[{'type': 'MarginBalance', 'initial': '0.00', 'maintenance': '2.32', 'currency': 'USD', 'instrument_id': 'EUR/USD.IDEALPRO'}]",False,{}
100000.18,0.00,100000.18,USD,IDEALPRO-001,MARGIN,,[],False,{}
100000.00,0.00,100000.00,EUR,IDEALPRO-001,MARGIN,,[],False,{}
100000.18,0.00,100000.18,USD,IDEALPRO-001,MARGIN,,[],False,{}
100000.00,0.00,100000.00,EUR,IDEALPRO-001,MARGIN,,[],False,{}
100000.18,0.00,100000.18,USD,IDEALPRO-001,MARGIN,,[],False,{}
100000.00,0.00,100000.00,EUR,IDEALPRO-001,MARGIN,,[],False,{}
100000.18,0.00,100000.18,USD,IDEALPRO-001,MARGIN,,[],False,{}
100000.00,0.00,100000.00,EUR,IDEALPRO-001,MARGIN,,[],False,{}
100000.18,0.00,100000.18,USD,IDEALPRO-001,MARGIN,,[],False,{}
100000.00,0.00,100000.00,EUR,IDEALPRO-001,MARGIN,,[],False,{}
100000.18,0.00,100000.18,USD,IDEALPRO-001,MARGIN,,[],False,{}
100000.00,0.00,100000.00,EUR,IDEALPRO-001,MARGIN,,[],False,{}
100000.18,2.32,99997.86,USD,IDEALPRO-001,MARGIN,,"[{'type': 'MarginBalance', 'initial': '0.00', 'maintenance': '2.32', 'currency': 'USD', 'instrument_id': 'EUR/USD.IDEALPRO'}]",False,{}
100000.00,0.00,100000.00,EUR,IDEALPRO-001,MARGIN,,"[{'type': 'MarginBalance', 'initial': '0.00', 'maintenance': '2.32', 'currency': 'USD', 'instrument_id': 'EUR/USD.IDEALPRO'}]",False,{}
100000.18,2.32,99997.86,USD,IDEALPRO-001,MARGIN,,"[{'type': 'MarginBalance', 'initial': '0.00', 'maintenance': '2.32', 'currency': 'USD', 'instrument_id': 'EUR/USD.IDEALPRO'}]",False,{}
100000.00,0.00,100000.00,EUR,IDEALPRO-001,MARGIN,,"[{'type': 'MarginBalance', 'initial': '0.00', 'maintenance': '2.32', 'currency': 'USD', 'instrument_id': 'EUR/USD.IDEALPRO'}]",False,{}
100000.18,2.32,99997.86,USD,IDEALPRO-001,MARGIN,,"[{'type': 'MarginBalance', 'initial': '0.00', 'maintenance': '2.32', 'currency': 'USD', 'instrument_id': 'EUR/USD.IDEALPRO'}]",False,{}
100000.00,0.00,100000.00,EUR,IDEALPRO-001,MARGIN,,"[{'type': 'MarginBalance', 'initial': '0.00', 'maintenance': '2.32', 'currency': 'USD', 'instrument_id': 'EUR/USD.IDEALPRO'}]",False,{}
100000.18,2.32,99997.86,USD,IDEALPRO-001,MARGIN,,"[{'type': 'MarginBalance', 'initial': '0.00', 'maintenance': '2.32', 'currency': 'USD', 'instrument_id': 'EUR/USD.IDEALPRO'}]",False,{}
100000.00,0.00,100000.00,EUR,IDEALPRO-001,MARGIN,,"[{'type': 'MarginBalance', 'initial': '0.00', 'maintenance': '2.32', 'currency': 'USD', 'instrument_id': 'EUR/USD.IDEALPRO'}]",False,{}
100000.20,0.00,100000.20,USD,IDEALPRO-001,MARGIN,,[],False,{}
100000.00,0.00,100000.00,EUR,IDEALPRO-001,MARGIN,,[],False,{}
100000.20,0.00,100000.20,USD,IDEALPRO-001,MARGIN,,[],False,{}
100000.00,0.00,100000.00,EUR,IDEALPRO-001,MARGIN,,[],False,{}
100000.20,0.00,100000.20,USD,IDEALPRO-001,MARGIN,,[],False,{}
100000.00,0.00,100000.00,EUR,IDEALPRO-001,MARGIN,,[],False,{}
100000.20,0.00,100000.20,USD,IDEALPRO-001,MARGIN,,[],False,{}
100000.00,0.00,100000.00,EUR,IDEALPRO-001,MARGIN,,[],False,{}
100000.20,0.00,100000.20,USD,IDEALPRO-001,MARGIN,,[],False,{}
100000.00,0.00,100000.00,EUR,IDEALPRO-001,MARGIN,,[],False,{}
100000.20,0.00,100000.20,USD,IDEALPRO-001,MARGIN,,[],False,{}
100000.00,0.00,100000.00,EUR,IDEALPRO-001,MARGIN,,[],False,{}
100000.20,2.32,99997.88,USD,IDEALPRO-001,MARGIN,,"[{'type': 'MarginBalance', 'initial': '0.00', 'maintenance': '2.32', 'currency': 'USD', 'instrument_id': 'EUR/USD.IDEALPRO'}]",False,{}
100000.00,0.00,100000.00,EUR,IDEALPRO-001,MARGIN,,"[{'type': 'MarginBalance', 'initial': '0.00', 'maintenance': '2.32', 'currency': 'USD', 'instrument_id': 'EUR/USD.IDEALPRO'}]",False,{}
100000.20,2.32,99997.88,USD,IDEALPRO-001,MARGIN,,"[{'type': 'MarginBalance', 'initial': '0.00', 'maintenance': '2.32', 'currency': 'USD', 'instrument_id': 'EUR/USD.IDEALPRO'}]",False,{}
100000.00,0.00,100000.00,EUR,IDEALPRO-001,MARGIN,,"[{'type': 'MarginBalance', 'initial': '0.00', 'maintenance': '2.32', 'currency': 'USD', 'instrument_id': 'EUR/USD.IDEALPRO'}]",False,{}
100000.20,2.32,99997.88,USD,IDEALPRO-001,MARGIN,,"[{'type': 'MarginBalance', 'initial': '0.00', 'maintenance': '2.32', 'currency': 'USD', 'instrument_id': 'EUR/USD.IDEALPRO'}]",False,{}
100000.00,0.00,100000.00,EUR,IDEALPRO-001,MARGIN,,"[{'type': 'MarginBalance', 'initial': '0.00', 'maintenance': '2.32', 'currency': 'USD', 'instrument_id': 'EUR/USD.IDEALPRO'}]",False,{}
100000.14,0.00,100000.14,USD,IDEALPRO-001,MARGIN,,[],False,{}
100000.00,0.00,100000.00,EUR,IDEALPRO-001,MARGIN,,[],False,{}
100000.14,0.00,100000.14,USD,IDEALPRO-001,MARGIN,,[],False,{}
100000.00,0.00,100000.00,EUR,IDEALPRO-001,MARGIN,,[],False,{}
100000.14,0.00,100000.14,USD,IDEALPRO-001,MARGIN,,[],False,{}
100000.00,0.00,100000.00,EUR,IDEALPRO-001,MARGIN,,[],False,{}
100000.14,0.00,100000.14,USD,IDEALPRO-001,MARGIN,,[],False,{}
100000.00,0.00,100000.00,EUR,IDEALPRO-001,MARGIN,,[],False,{}
100000.14,0.00,100000.14,USD,IDEALPRO-001,MARGIN,,[],False,{}
100000.00,0.00,100000.00,EUR,IDEALPRO-001,MARGIN,,[],False,{}
100000.14,2.33,99997.81,USD,IDEALPRO-001,MARGIN,,"[{'type': 'MarginBalance', 'initial': '0.00', 'maintenance': '2.33', 'currency': 'USD', 'instrument_id': 'EUR/USD.IDEALPRO'}]",False,{}
100000.00,0.00,100000.00,EUR,IDEALPRO-001,MARGIN,,"[{'type': 'MarginBalance', 'initial': '0.00', 'maintenance': '2.33', 'currency': 'USD', 'instrument_id': 'EUR/USD.IDEALPRO'}]",False,{}
100000.14,2.33,99997.81,USD,IDEALPRO-001,MARGIN,,"[{'type': 'MarginBalance', 'initial': '0.00', 'maintenance': '2.33', 'currency': 'USD', 'instrument_id': 'EUR/USD.IDEALPRO'}]",False,{}
100000.00,0.00,100000.00,EUR,IDEALPRO-001,MARGIN,,"[{'type': 'MarginBalance', 'initial': '0.00', 'maintenance': '2.33', 'currency': 'USD', 'instrument_id': 'EUR/USD.IDEALPRO'}]",False,{}
100000.14,2.33,99997.81,USD,IDEALPRO-001,MARGIN,,"[{'type': 'MarginBalance', 'initial': '0.00', 'maintenance': '2.33', 'currency': 'USD', 'instrument_id': 'EUR/USD.IDEALPRO'}]",False,{}
100000.00,0.00,100000.00,EUR,IDEALPRO-001,MARGIN,,"[{'type': 'MarginBalance', 'initial': '0.00', 'maintenance': '2.33', 'currency': 'USD', 'instrument_id': 'EUR/USD.IDEALPRO'}]",False,{}
100000.08,0.00,100000.08,USD,IDEALPRO-001,MARGIN,,[],False,{}
100000.00,0.00,100000.00,EUR,IDEALPRO-001,MARGIN,,[],False,{}
100000.08,0.00,100000.08,USD,IDEALPRO-001,MARGIN,,[],False,{}
100000.00,0.00,100000.00,EUR,IDEALPRO-001,MARGIN,,[],False,{}
100000.08,0.00,100000.08,USD,IDEALPRO-001,MARGIN,,[],False,{}
100000.00,0.00,100000.00,EUR,IDEALPRO-001,MARGIN,,[],False,{}
100000.08,0.00,100000.08,USD,IDEALPRO-001,MARGIN,,[],False,{}
100000.00,0.00,100000.00,EUR,IDEALPRO-001,MARGIN,,[],False,{}
100000.08,0.00,100000.08,USD,IDEALPRO-001,MARGIN,,[],False,{}
100000.00,0.00,100000.00,EUR,IDEALPRO-001,MARGIN,,[],False,{}
100000.08,2.33,99997.75,USD,IDEALPRO-001,MARGIN,,"[{'type': 'MarginBalance', 'initial': '0.00', 'maintenance': '2.33', 'currency': 'USD', 'instrument_id': 'EUR/USD.IDEALPRO'}]",False,{}
100000.00,0.00,100000.00,EUR,IDEALPRO-001,MARGIN,,"[{'type': 'MarginBalance', 'initial': '0.00', 'maintenance': '2.33', 'currency': 'USD', 'instrument_id': 'EUR/USD.IDEALPRO'}]",False,{}
100000.08,2.33,99997.75,USD,IDEALPRO-001,MARGIN,,"[{'type': 'MarginBalance', 'initial': '0.00', 'maintenance': '2.33', 'currency': 'USD', 'instrument_id': 'EUR/USD.IDEALPRO'}]",False,{}
100000.00,0.00,100000.00,EUR,IDEALPRO-001,MARGIN,,"[{'type': 'MarginBalance', 'initial': '0.00', 'maintenance': '2.33', 'currency': 'USD', 'instrument_id': 'EUR/USD.IDEALPRO'}]",False,{}
100000.08,2.33,99997.75,USD,IDEALPRO-001,MARGIN,,"[{'type': 'MarginBalance', 'initial': '0.00', 'maintenance': '2.33', 'currency': 'USD', 'instrument_id': 'EUR/USD.IDEALPRO'}]",False,{}
100000.00,0.00,100000.00,EUR,IDEALPRO-001,MARGIN,,"[{'type': 'MarginBalance', 'initial': '0.00', 'maintenance': '2.33', 'currency': 'USD', 'instrument_id': 'EUR/USD.IDEALPRO'}]",False,{}
100000.02,0.00,100000.02,USD,IDEALPRO-001,MARGIN,,[],False,{}
100000.00,0.00,100000.00,EUR,IDEALPRO-001,MARGIN,,[],False,{}
100000.02,0.00,100000.02,USD,IDEALPRO-001,MARGIN,,[],False,{}
100000.00,0.00,100000.00,EUR,IDEALPRO-001,MARGIN,,[],False,{}
100000.02,0.00,100000.02,USD,IDEALPRO-001,MARGIN,,[],False,{}
100000.00,0.00,100000.00,EUR,IDEALPRO-001,MARGIN,,[],False,{}
100000.02,0.00,100000.02,USD,IDEALPRO-001,MARGIN,,[],False,{}
100000.00,0.00,100000.00,EUR,IDEALPRO-001,MARGIN,,[],False,{}
100000.02,0.00,100000.02,USD,IDEALPRO-001,MARGIN,,[],False,{}
100000.00,0.00,100000.00,EUR,IDEALPRO-001,MARGIN,,[],False,{}
100000.02,2.33,99997.69,USD,IDEALPRO-001,MARGIN,,"[{'type': 'MarginBalance', 'initial': '0.00', 'maintenance': '2.33', 'currency': 'USD', 'instrument_id': 'EUR/USD.IDEALPRO'}]",False,{}
100000.00,0.00,100000.00,EUR,IDEALPRO-001,MARGIN,,"[{'type': 'MarginBalance', 'initial': '0.00', 'maintenance': '2.33', 'currency': 'USD', 'instrument_id': 'EUR/USD.IDEALPRO'}]",False,{}
100000.02,2.33,99997.69,USD,IDEALPRO-001,MARGIN,,"[{'type': 'MarginBalance', 'initial': '0.00', 'maintenance': '2.33', 'currency': 'USD', 'instrument_id': 'EUR/USD.IDEALPRO'}]",False,{}
100000.00,0.00,100000.00,EUR,IDEALPRO-001,MARGIN,,"[{'type': 'MarginBalance', 'initial': '0.00', 'maintenance': '2.33', 'currency': 'USD', 'instrument_id': 'EUR/USD.IDEALPRO'}]",False,{}
100000.02,2.33,99997.69,USD,IDEALPRO-001,MARGIN,,"[{'type': 'MarginBalance', 'initial': '0.00', 'maintenance': '2.33', 'currency': 'USD', 'instrument_id': 'EUR/USD.IDEALPRO'}]",False,{}
100000.00,0.00,100000.00,EUR,IDEALPRO-001,MARGIN,,"[{'type': 'MarginBalance', 'initial': '0.00', 'maintenance': '2.33', 'currency': 'USD', 'instrument_id': 'EUR/USD.IDEALPRO'}]",False,{}
99999.96,0.00,99999.96,USD,IDEALPRO-001,MARGIN,,[],False,{}
100000.00,0.00,100000.00,EUR,IDEALPRO-001,MARGIN,,[],False,{}
99999.96,0.00,99999.96,USD,IDEALPRO-001,MARGIN,,[],False,{}
100000.00,0.00,100000.00,EUR,IDEALPRO-001,MARGIN,,[],False,{}
99999.96,0.00,99999.96,USD,IDEALPRO-001,MARGIN,,[],False,{}
100000.00,0.00,100000.00,EUR,IDEALPRO-001,MARGIN,,[],False,{}
99999.96,0.00,99999.96,USD,IDEALPRO-001,MARGIN,,[],False,{}
100000.00,0.00,100000.00,EUR,IDEALPRO-001,MARGIN,,[],False,{}
99999.96,0.00,99999.96,USD,IDEALPRO-001,MARGIN,,[],False,{}
100000.00,0.00,100000.00,EUR,IDEALPRO-001,MARGIN,,[],False,{}
99999.96,2.33,99997.63,USD,IDEALPRO-001,MARGIN,,"[{'type': 'MarginBalance', 'initial': '0.00', 'maintenance': '2.33', 'currency': 'USD', 'instrument_id': 'EUR/USD.IDEALPRO'}]",False,{}
100000.00,0.00,100000.00,EUR,IDEALPRO-001,MARGIN,,"[{'type': 'MarginBalance', 'initial': '0.00', 'maintenance': '2.33', 'currency': 'USD', 'instrument_id': 'EUR/USD.IDEALPRO'}]",False,{}
99999.96,2.33,99997.63,USD,IDEALPRO-001,MARGIN,,"[{'type': 'MarginBalance', 'initial': '0.00', 'maintenance': '2.33', 'currency': 'USD', 'instrument_id': 'EUR/USD.IDEALPRO'}]",False,{}
100000.00,0.00,100000.00,EUR,IDEALPRO-001,MARGIN,,"[{'type': 'MarginBalance', 'initial': '0.00', 'maintenance': '2.33', 'currency': 'USD', 'instrument_id': 'EUR/USD.IDEALPRO'}]",False,{}
99999.96,2.33,99997.63,USD,IDEALPRO-001,MARGIN,,"[{'type': 'MarginBalance', 'initial': '0.00', 'maintenance': '2.33', 'currency': 'USD', 'instrument_id': 'EUR/USD.IDEALPRO'}]",False,{}
100000.00,0.00,100000.00,EUR,IDEALPRO-001,MARGIN,,"[{'type': 'MarginBalance', 'initial': '0.00', 'maintenance': '2.33', 'currency': 'USD', 'instrument_id': 'EUR/USD.IDEALPRO'}]",False,{}
99999.90,0.00,99999.90,USD,IDEALPRO-001,MARGIN,,[],False,{}
100000.00,0.00,100000.00,EUR,IDEALPRO-001,MARGIN,,[],False,{}
99999.90,0.00,99999.90,USD,IDEALPRO-001,MARGIN,,[],False,{}
100000.00,0.00,100000.00,EUR,IDEALPRO-001,MARGIN,,[],False,{}
99999.90,0.00,99999.90,USD,IDEALPRO-001,MARGIN,,[],False,{}
100000.00,0.00,100000.00,EUR,IDEALPRO-001,MARGIN,,[],False,{}
99999.90,0.00,99999.90,USD,IDEALPRO-001,MARGIN,,[],False,{}
100000.00,0.00,100000.00,EUR,IDEALPRO-001,MARGIN,,[],False,{}
99999.90,0.00,99999.90,USD,IDEALPRO-001,MARGIN,,[],False,{}
100000.00,0.00,100000.00,EUR,IDEALPRO-001,MARGIN,,[],False,{}
99999.90,2.33,99997.57,USD,IDEALPRO-001,MARGIN,,"[{'type': 'MarginBalance', 'initial': '0.00', 'maintenance': '2.33', 'currency': 'USD', 'instrument_id': 'EUR/USD.IDEALPRO'}]",False,{}
100000.00,0.00,100000.00,EUR,IDEALPRO-001,MARGIN,,"[{'type': 'MarginBalance', 'initial': '0.00', 'maintenance': '2.33', 'currency': 'USD', 'instrument_id': 'EUR/USD.IDEALPRO'}]",False,{}
99999.90,2.33,99997.57,USD,IDEALPRO-001,MARGIN,,"[{'type': 'MarginBalance', 'initial': '0.00', 'maintenance': '2.33', 'currency': 'USD', 'instrument_id': 'EUR/USD.IDEALPRO'}]",False,{}
100000.00,0.00,100000.00,EUR,IDEALPRO-001,MARGIN,,"[{'type': 'MarginBalance', 'initial': '0.00', 'maintenance': '2.33', 'currency': 'USD', 'instrument_id': 'EUR/USD.IDEALPRO'}]",False,{}
99999.90,2.33,99997.57,USD,IDEALPRO-001,MARGIN,,"[{'type': 'MarginBalance', 'initial': '0.00', 'maintenance': '2.33', 'currency': 'USD', 'instrument_id': 'EUR/USD.IDEALPRO'}]",False,{}
100000.00,0.00,100000.00,EUR,IDEALPRO-001,MARGIN,,"[{'type': 'MarginBalance', 'initial': '0.00', 'maintenance': '2.33', 'currency': 'USD', 'instrument_id': 'EUR/USD.IDEALPRO'}]",False,{}
100000.20,0.00,100000.20,USD,IDEALPRO-001,MARGIN,,[],False,{}
100000.00,0.00,100000.00,EUR,IDEALPRO-001,MARGIN,,[],False,{}
100000.20,0.00,100000.20,USD,IDEALPRO-001,MARGIN,,[],False,{}
100000.00,0.00,100000.00,EUR,IDEALPRO-001,MARGIN,,[],False,{}
100000.20,0.00,100000.20,USD,IDEALPRO-001,MARGIN,,[],False,{}
100000.00,0.00,100000.00,EUR,IDEALPRO-001,MARGIN,,[],False,{}
100000.20,0.00,100000.20,USD,IDEALPRO-001,MARGIN,,[],False,{}
100000.00,0.00,100000.00,EUR,IDEALPRO-001,MARGIN,,[],False,{}
100000.20,0.00,100000.20,USD,IDEALPRO-001,MARGIN,,[],False,{}
100000.00,0.00,100000.00,EUR,IDEALPRO-001,MARGIN,,[],False,{}
100000.20,2.34,99997.86,USD,IDEALPRO-001,MARGIN,,"[{'type': 'MarginBalance', 'initial': '0.00', 'maintenance': '2.34', 'currency': 'USD', 'instrument_id': 'EUR/USD.IDEALPRO'}]",False,{}
100000.00,0.00,100000.00,EUR,IDEALPRO-001,MARGIN,,"[{'type': 'MarginBalance', 'initial': '0.00', 'maintenance': '2.34', 'currency': 'USD', 'instrument_id': 'EUR/USD.IDEALPRO'}]",False,{}
100000.20,2.34,99997.86,USD,IDEALPRO-001,MARGIN,,"[{'type': 'MarginBalance', 'initial': '0.00', 'maintenance': '2.34', 'currency': 'USD', 'instrument_id': 'EUR/USD.IDEALPRO'}]",False,{}
100000.00,0.00,100000.00,EUR,IDEALPRO-001,MARGIN,,"[{'type': 'MarginBalance', 'initial': '0.00', 'maintenance': '2.34', 'currency': 'USD', 'instrument_id': 'EUR/USD.IDEALPRO'}]",False,{}
100000.20,2.34,99997.86,USD,IDEALPRO-001,MARGIN,,"[{'type': 'MarginBalance', 'initial': '0.00', 'maintenance': '2.34', 'currency': 'USD', 'instrument_id': 'EUR/USD.IDEALPRO'}]",False,{}
100000.00,0.00,100000.00,EUR,IDEALPRO-001,MARGIN,,"[{'type': 'MarginBalance', 'initial': '0.00', 'maintenance': '2.34', 'currency': 'USD', 'instrument_id': 'EUR/USD.IDEALPRO'}]",False,{}
100000.20,2.34,99997.86,USD,IDEALPRO-001,MARGIN,,"[{'type': 'MarginBalance', 'initial': '0.00', 'maintenance': '2.34', 'currency': 'USD', 'instrument_id': 'EUR/USD.IDEALPRO'}]",False,{}
100000.00,0.00,100000.00,EUR,IDEALPRO-001,MARGIN,,"[{'type': 'MarginBalance', 'initial': '0.00', 'maintenance': '2.34', 'currency': 'USD', 'instrument_id': 'EUR/USD.IDEALPRO'}]",False,{}
100000.19,0.00,100000.19,USD,IDEALPRO-001,MARGIN,,[],False,{}
100000.00,0.00,100000.00,EUR,IDEALPRO-001,MARGIN,,[],False,{}
100000.19,0.00,100000.19,USD,IDEALPRO-001,MARGIN,,[],False,{}
100000.00,0.00,100000.00,EUR,IDEALPRO-001,MARGIN,,[],False,{}
100000.19,0.00,100000.19,USD,IDEALPRO-001,MARGIN,,[],False,{}
100000.00,0.00,100000.00,EUR,IDEALPRO-001,MARGIN,,[],False,{}
100000.19,0.00,100000.19,USD,IDEALPRO-001,MARGIN,,[],False,{}
100000.00,0.00,100000.00,EUR,IDEALPRO-001,MARGIN,,[],False,{}
100000.19,0.00,100000.19,USD,IDEALPRO-001,MARGIN,,[],False,{}
100000.00,0.00,100000.00,EUR,IDEALPRO-001,MARGIN,,[],False,{}
100000.19,0.00,100000.19,USD,IDEALPRO-001,MARGIN,,[],False,{}
100000.00,0.00,100000.00,EUR,IDEALPRO-001,MARGIN,,[],False,{}
100000.19,2.33,99997.86,USD,IDEALPRO-001,MARGIN,,"[{'type': 'MarginBalance', 'initial': '0.00', 'maintenance': '2.33', 'currency': 'USD', 'instrument_id': 'EUR/USD.IDEALPRO'}]",False,{}
100000.00,0.00,100000.00,EUR,IDEALPRO-001,MARGIN,,"[{'type': 'MarginBalance', 'initial': '0.00', 'maintenance': '2.33', 'currency': 'USD', 'instrument_id': 'EUR/USD.IDEALPRO'}]",False,{}
100000.19,2.33,99997.86,USD,IDEALPRO-001,MARGIN,,"[{'type': 'MarginBalance', 'initial': '0.00', 'maintenance': '2.33', 'currency': 'USD', 'instrument_id': 'EUR/USD.IDEALPRO'}]",False,{}
100000.00,0.00,100000.00,EUR,IDEALPRO-001,MARGIN,,"[{'type': 'MarginBalance', 'initial': '0.00', 'maintenance': '2.33', 'currency': 'USD', 'instrument_id': 'EUR/USD.IDEALPRO'}]",False,{}
100000.19,2.33,99997.86,USD,IDEALPRO-001,MARGIN,,"[{'type': 'MarginBalance', 'initial': '0.00', 'maintenance': '2.33', 'currency': 'USD', 'instrument_id': 'EUR/USD.IDEALPRO'}]",False,{}
100000.00,0.00,100000.00,EUR,IDEALPRO-001,MARGIN,,"[{'type': 'MarginBalance', 'initial': '0.00', 'maintenance': '2.33', 'currency': 'USD', 'instrument_id': 'EUR/USD.IDEALPRO'}]",False,{}
100000.19,2.33,99997.86,USD,IDEALPRO-001,MARGIN,,"[{'type': 'MarginBalance', 'initial': '0.00', 'maintenance': '2.33', 'currency': 'USD', 'instrument_id': 'EUR/USD.IDEALPRO'}]",False,{}
100000.00,0.00,100000.00,EUR,IDEALPRO-001,MARGIN,,"[{'type': 'MarginBalance', 'initial': '0.00', 'maintenance': '2.33', 'currency': 'USD', 'instrument_id': 'EUR/USD.IDEALPRO'}]",False,{}
100000.15,0.00,100000.15,USD,IDEALPRO-001,MARGIN,,[],False,{}
100000.00,0.00,100000.00,EUR,IDEALPRO-001,MARGIN,,[],False,{}
100000.15,0.00,100000.15,USD,IDEALPRO-001,MARGIN,,[],False,{}
100000.00,0.00,100000.00,EUR,IDEALPRO-001,MARGIN,,[],False,{}
100000.15,0.00,100000.15,USD,IDEALPRO-001,MARGIN,,[],False,{}
100000.00,0.00,100000.00,EUR,IDEALPRO-001,MARGIN,,[],False,{}
100000.15,0.00,100000.15,USD,IDEALPRO-001,MARGIN,,[],False,{}
100000.00,0.00,100000.00,EUR,IDEALPRO-001,MARGIN,,[],False,{}
100000.15,0.00,100000.15,USD,IDEALPRO-001,MARGIN,,[],False,{}
100000.00,0.00,100000.00,EUR,IDEALPRO-001,MARGIN,,[],False,{}
100000.15,0.00,100000.15,USD,IDEALPRO-001,MARGIN,,[],False,{}
100000.00,0.00,100000.00,EUR,IDEALPRO-001,MARGIN,,[],False,{}
100000.15,2.34,99997.81,USD,IDEALPRO-001,MARGIN,,"[{'type': 'MarginBalance', 'initial': '0.00', 'maintenance': '2.34', 'currency': 'USD', 'instrument_id': 'EUR/USD.IDEALPRO'}]",False,{}
100000.00,0.00,100000.00,EUR,IDEALPRO-001,MARGIN,,"[{'type': 'MarginBalance', 'initial': '0.00', 'maintenance': '2.34', 'currency': 'USD', 'instrument_id': 'EUR/USD.IDEALPRO'}]",False,{}
100000.15,2.34,99997.81,USD,IDEALPRO-001,MARGIN,,"[{'type': 'MarginBalance', 'initial': '0.00', 'maintenance': '2.34', 'currency': 'USD', 'instrument_id': 'EUR/USD.IDEALPRO'}]",False,{}
100000.00,0.00,100000.00,EUR,IDEALPRO-001,MARGIN,,"[{'type': 'MarginBalance', 'initial': '0.00', 'maintenance': '2.34', 'currency': 'USD', 'instrument_id': 'EUR/USD.IDEALPRO'}]",False,{}
100000.15,2.34,99997.81,USD,IDEALPRO-001,MARGIN,,"[{'type': 'MarginBalance', 'initial': '0.00', 'maintenance': '2.34', 'currency': 'USD', 'instrument_id': 'EUR/USD.IDEALPRO'}]",False,{}
100000.00,0.00,100000.00,EUR,IDEALPRO-001,MARGIN,,"[{'type': 'MarginBalance', 'initial': '0.00', 'maintenance': '2.34', 'currency': 'USD', 'instrument_id': 'EUR/USD.IDEALPRO'}]",False,{}
100000.15,2.34,99997.81,USD,IDEALPRO-001,MARGIN,,"[{'type': 'MarginBalance', 'initial': '0.00', 'maintenance': '2.34', 'currency': 'USD', 'instrument_id': 'EUR/USD.IDEALPRO'}]",False,{}
100000.00,0.00,100000.00,EUR,IDEALPRO-001,MARGIN,,"[{'type': 'MarginBalance', 'initial': '0.00', 'maintenance': '2.34', 'currency': 'USD', 'instrument_id': 'EUR/USD.IDEALPRO'}]",False,{}
100000.14,0.00,100000.14,USD,IDEALPRO-001,MARGIN,,[],False,{}
100000.00,0.00,100000.00,EUR,IDEALPRO-001,MARGIN,,[],False,{}
100000.14,0.00,100000.14,USD,IDEALPRO-001,MARGIN,,[],False,{}
100000.00,0.00,100000.00,EUR,IDEALPRO-001,MARGIN,,[],False,{}
100000.14,0.00,100000.14,USD,IDEALPRO-001,MARGIN,,[],False,{}
100000.00,0.00,100000.00,EUR,IDEALPRO-001,MARGIN,,[],False,{}
100000.14,0.00,100000.14,USD,IDEALPRO-001,MARGIN,,[],False,{}
100000.00,0.00,100000.00,EUR,IDEALPRO-001,MARGIN,,[],False,{}
100000.14,0.00,100000.14,USD,IDEALPRO-001,MARGIN,,[],False,{}
100000.00,0.00,100000.00,EUR,IDEALPRO-001,MARGIN,,[],False,{}
100000.14,0.00,100000.14,USD,IDEALPRO-001,MARGIN,,[],False,{}
100000.00,0.00,100000.00,EUR,IDEALPRO-001,MARGIN,,[],False,{}
100000.14,2.33,99997.81,USD,IDEALPRO-001,MARGIN,,"[{'type': 'MarginBalance', 'initial': '0.00', 'maintenance': '2.33', 'currency': 'USD', 'instrument_id': 'EUR/USD.IDEALPRO'}]",False,{}
100000.00,0.00,100000.00,EUR,IDEALPRO-001,MARGIN,,"[{'type': 'MarginBalance', 'initial': '0.00', 'maintenance': '2.33', 'currency': 'USD', 'instrument_id': 'EUR/USD.IDEALPRO'}]",False,{}
100000.14,2.33,99997.81,USD,IDEALPRO-001,MARGIN,,"[{'type': 'MarginBalance', 'initial': '0.00', 'maintenance': '2.33', 'currency': 'USD', 'instrument_id': 'EUR/USD.IDEALPRO'}]",False,{}
100000.00,0.00,100000.00,EUR,IDEALPRO-001,MARGIN,,"[{'type': 'MarginBalance', 'initial': '0.00', 'maintenance': '2.33', 'currency': 'USD', 'instrument_id': 'EUR/USD.IDEALPRO'}]",False,{}
100000.14,2.33,99997.81,USD,IDEALPRO-001,MARGIN,,"[{'type': 'MarginBalance', 'initial': '0.00', 'maintenance': '2.33', 'currency': 'USD', 'instrument_id': 'EUR/USD.IDEALPRO'}]",False,{}
100000.00,0.00,100000.00,EUR,IDEALPRO-001,MARGIN,,"[{'type': 'MarginBalance', 'initial': '0.00', 'maintenance': '2.33', 'currency': 'USD', 'instrument_id': 'EUR/USD.IDEALPRO'}]",False,{}
100000.08,0.00,100000.08,USD,IDEALPRO-001,MARGIN,,[],False,{}
100000.00,0.00,100000.00,EUR,IDEALPRO-001,MARGIN,,[],False,{}
100000.08,0.00,100000.08,USD,IDEALPRO-001,MARGIN,,[],False,{}
100000.00,0.00,100000.00,EUR,IDEALPRO-001,MARGIN,,[],False,{}
100000.08,0.00,100000.08,USD,IDEALPRO-001,MARGIN,,[],False,{}
100000.00,0.00,100000.00,EUR,IDEALPRO-001,MARGIN,,[],False,{}
100000.08,0.00,100000.08,USD,IDEALPRO-001,MARGIN,,[],False,{}
100000.00,0.00,100000.00,EUR,IDEALPRO-001,MARGIN,,[],False,{}
100000.08,0.00,100000.08,USD,IDEALPRO-001,MARGIN,,[],False,{}
100000.00,0.00,100000.00,EUR,IDEALPRO-001,MARGIN,,[],False,{}
100000.08,2.33,99997.75,USD,IDEALPRO-001,MARGIN,,"[{'type': 'MarginBalance', 'initial': '0.00', 'maintenance': '2.33', 'currency': 'USD', 'instrument_id': 'EUR/USD.IDEALPRO'}]",False,{}
100000.00,0.00,100000.00,EUR,IDEALPRO-001,MARGIN,,"[{'type': 'MarginBalance', 'initial': '0.00', 'maintenance': '2.33', 'currency': 'USD', 'instrument_id': 'EUR/USD.IDEALPRO'}]",False,{}
100000.08,2.33,99997.75,USD,IDEALPRO-001,MARGIN,,"[{'type': 'MarginBalance', 'initial': '0.00', 'maintenance': '2.33', 'currency': 'USD', 'instrument_id': 'EUR/USD.IDEALPRO'}]",False,{}
100000.00,0.00,100000.00,EUR,IDEALPRO-001,MARGIN,,"[{'type': 'MarginBalance', 'initial': '0.00', 'maintenance': '2.33', 'currency': 'USD', 'instrument_id': 'EUR/USD.IDEALPRO'}]",False,{}
100000.08,2.33,99997.75,USD,IDEALPRO-001,MARGIN,,"[{'type': 'MarginBalance', 'initial': '0.00', 'maintenance': '2.33', 'currency': 'USD', 'instrument_id': 'EUR/USD.IDEALPRO'}]",False,{}
100000.00,0.00,100000.00,EUR,IDEALPRO-001,MARGIN,,"[{'type': 'MarginBalance', 'initial': '0.00', 'maintenance': '2.33', 'currency': 'USD', 'instrument_id': 'EUR/USD.IDEALPRO'}]",False,{}
100000.08,2.33,99997.75,USD,IDEALPRO-001,MARGIN,,"[{'type': 'MarginBalance', 'initial': '0.00', 'maintenance': '2.33', 'currency': 'USD', 'instrument_id': 'EUR/USD.IDEALPRO'}]",False,{}
100000.00,0.00,100000.00,EUR,IDEALPRO-001,MARGIN,,"[{'type': 'MarginBalance', 'initial': '0.00', 'maintenance': '2.33', 'currency': 'USD', 'instrument_id': 'EUR/USD.IDEALPRO'}]",False,{}
100000.06,0.00,100000.06,USD,IDEALPRO-001,MARGIN,,[],False,{}
100000.00,0.00,100000.00,EUR,IDEALPRO-001,MARGIN,,[],False,{}
100000.06,0.00,100000.06,USD,IDEALPRO-001,MARGIN,,[],False,{}
100000.00,0.00,100000.00,EUR,IDEALPRO-001,MARGIN,,[],False,{}
100000.06,0.00,100000.06,USD,IDEALPRO-001,MARGIN,,[],False,{}
100000.00,0.00,100000.00,EUR,IDEALPRO-001,MARGIN,,[],False,{}
100000.06,0.00,100000.06,USD,IDEALPRO-001,MARGIN,,[],False,{}
100000.00,0.00,100000.00,EUR,IDEALPRO-001,MARGIN,,[],False,{}
100000.06,0.00,100000.06,USD,IDEALPRO-001,MARGIN,,[],False,{}
100000.00,0.00,100000.00,EUR,IDEALPRO-001,MARGIN,,[],False,{}
100000.06,0.00,100000.06,USD,IDEALPRO-001,MARGIN,,[],False,{}
100000.00,0.00,100000.00,EUR,IDEALPRO-001,MARGIN,,[],False,{}
100000.06,2.33,99997.73,USD,IDEALPRO-001,MARGIN,,"[{'type': 'MarginBalance', 'initial': '0.00', 'maintenance': '2.33', 'currency': 'USD', 'instrument_id': 'EUR/USD.IDEALPRO'}]",False,{}
100000.00,0.00,100000.00,EUR,IDEALPRO-001,MARGIN,,"[{'type': 'MarginBalance', 'initial': '0.00', 'maintenance': '2.33', 'currency': 'USD', 'instrument_id': 'EUR/USD.IDEALPRO'}]",False,{}
100000.06,2.33,99997.73,USD,IDEALPRO-001,MARGIN,,"[{'type': 'MarginBalance', 'initial': '0.00', 'maintenance': '2.33', 'currency': 'USD', 'instrument_id': 'EUR/USD.IDEALPRO'}]",False,{}
100000.00,0.00,100000.00,EUR,IDEALPRO-001,MARGIN,,"[{'type': 'MarginBalance', 'initial': '0.00', 'maintenance': '2.33', 'currency': 'USD', 'instrument_id': 'EUR/USD.IDEALPRO'}]",False,{}
100000.06,2.33,99997.73,USD,IDEALPRO-001,MARGIN,,"[{'type': 'MarginBalance', 'initial': '0.00', 'maintenance': '2.33', 'currency': 'USD', 'instrument_id': 'EUR/USD.IDEALPRO'}]",False,{}
100000.00,0.00,100000.00,EUR,IDEALPRO-001,MARGIN,,"[{'type': 'MarginBalance', 'initial': '0.00', 'maintenance': '2.33', 'currency': 'USD', 'instrument_id': 'EUR/USD.IDEALPRO'}]",False,{}
100000.06,2.33,99997.73,USD,IDEALPRO-001,MARGIN,,"[{'type': 'MarginBalance', 'initial': '0.00', 'maintenance': '2.33', 'currency': 'USD', 'instrument_id': 'EUR/USD.IDEALPRO'}]",False,{}
100000.00,0.00,100000.00,EUR,IDEALPRO-001,MARGIN,,"[{'type': 'MarginBalance', 'initial': '0.00', 'maintenance': '2.33', 'currency': 'USD', 'instrument_id': 'EUR/USD.IDEALPRO'}]",False,{}
100000.11,0.00,100000.11,USD,IDEALPRO-001,MARGIN,,[],False,{}
100000.00,0.00,100000.00,EUR,IDEALPRO-001,MARGIN,,[],False,{}
100000.11,0.00,100000.11,USD,IDEALPRO-001,MARGIN,,[],False,{}
100000.00,0.00,100000.00,EUR,IDEALPRO-001,MARGIN,,[],False,{}
100000.11,0.00,100000.11,USD,IDEALPRO-001,MARGIN,,[],False,{}
100000.00,0.00,100000.00,EUR,IDEALPRO-001,MARGIN,,[],False,{}
100000.11,0.00,100000.11,USD,IDEALPRO-001,MARGIN,,[],False,{}
100000.00,0.00,100000.00,EUR,IDEALPRO-001,MARGIN,,[],False,{}
100000.11,0.00,100000.11,USD,IDEALPRO-001,MARGIN,,[],False,{}
100000.00,0.00,100000.00,EUR,IDEALPRO-001,MARGIN,,[],False,{}
100000.11,0.00,100000.11,USD,IDEALPRO-001,MARGIN,,[],False,{}
100000.00,0.00,100000.00,EUR,IDEALPRO-001,MARGIN,,[],False,{}
100000.11,2.33,99997.78,USD,IDEALPRO-001,MARGIN,,"[{'type': 'MarginBalance', 'initial': '0.00', 'maintenance': '2.33', 'currency': 'USD', 'instrument_id': 'EUR/USD.IDEALPRO'}]",False,{}
100000.00,0.00,100000.00,EUR,IDEALPRO-001,MARGIN,,"[{'type': 'MarginBalance', 'initial': '0.00', 'maintenance': '2.33', 'currency': 'USD', 'instrument_id': 'EUR/USD.IDEALPRO'}]",False,{}
100000.11,2.33,99997.78,USD,IDEALPRO-001,MARGIN,,"[{'type': 'MarginBalance', 'initial': '0.00', 'maintenance': '2.33', 'currency': 'USD', 'instrument_id': 'EUR/USD.IDEALPRO'}]",False,{}
100000.00,0.00,100000.00,EUR,IDEALPRO-001,MARGIN,,"[{'type': 'MarginBalance', 'initial': '0.00', 'maintenance': '2.33', 'currency': 'USD', 'instrument_id': 'EUR/USD.IDEALPRO'}]",False,{}
100000.11,2.33,99997.78,USD,IDEALPRO-001,MARGIN,,"[{'type': 'MarginBalance', 'initial': '0.00', 'maintenance': '2.33', 'currency': 'USD', 'instrument_id': 'EUR/USD.IDEALPRO'}]",False,{}
100000.00,0.00,100000.00,EUR,IDEALPRO-001,MARGIN,,"[{'type': 'MarginBalance', 'initial': '0.00', 'maintenance': '2.33', 'currency': 'USD', 'instrument_id': 'EUR/USD.IDEALPRO'}]",False,{}
100000.11,2.33,99997.78,USD,IDEALPRO-001,MARGIN,,"[{'type': 'MarginBalance', 'initial': '0.00', 'maintenance': '2.33', 'currency': 'USD', 'instrument_id': 'EUR/USD.IDEALPRO'}]",False,{}
100000.00,0.00,100000.00,EUR,IDEALPRO-001,MARGIN,,"[{'type': 'MarginBalance', 'initial': '0.00', 'maintenance': '2.33', 'currency': 'USD', 'instrument_id': 'EUR/USD.IDEALPRO'}]",False,{}
100000.12,0.00,100000.12,USD,IDEALPRO-001,MARGIN,,[],False,{}
100000.00,0.00,100000.00,EUR,IDEALPRO-001,MARGIN,,[],False,{}
100000.12,0.00,100000.12,USD,IDEALPRO-001,MARGIN,,[],False,{}
100000.00,0.00,100000.00,EUR,IDEALPRO-001,MARGIN,,[],False,{}
100000.12,0.00,100000.12,USD,IDEALPRO-001,MARGIN,,[],False,{}
100000.00,0.00,100000.00,EUR,IDEALPRO-001,MARGIN,,[],False,{}
100000.12,0.00,100000.12,USD,IDEALPRO-001,MARGIN,,[],False,{}
100000.00,0.00,100000.00,EUR,IDEALPRO-001,MARGIN,,[],False,{}
100000.12,0.00,100000.12,USD,IDEALPRO-001,MARGIN,,[],False,{}
100000.00,0.00,100000.00,EUR,IDEALPRO-001,MARGIN,,[],False,{}
100000.12,0.00,100000.12,USD,IDEALPRO-001,MARGIN,,[],False,{}
100000.00,0.00,100000.00,EUR,IDEALPRO-001,MARGIN,,[],False,{}
100000.12,2.34,99997.78,USD,IDEALPRO-001,MARGIN,,"[{'type': 'MarginBalance', 'initial': '0.00', 'maintenance': '2.34', 'currency': 'USD', 'instrument_id': 'EUR/USD.IDEALPRO'}]",False,{}
100000.00,0.00,100000.00,EUR,IDEALPRO-001,MARGIN,,"[{'type': 'MarginBalance', 'initial': '0.00', 'maintenance': '2.34', 'currency': 'USD', 'instrument_id': 'EUR/USD.IDEALPRO'}]",False,{}
100000.12,2.33,99997.79,USD,IDEALPRO-001,MARGIN,,"[{'type': 'MarginBalance', 'initial': '0.00', 'maintenance': '2.33', 'currency': 'USD', 'instrument_id': 'EUR/USD.IDEALPRO'}]",False,{}
100000.00,0.00,100000.00,EUR,IDEALPRO-001,MARGIN,,"[{'type': 'MarginBalance', 'initial': '0.00', 'maintenance': '2.33', 'currency': 'USD', 'instrument_id': 'EUR/USD.IDEALPRO'}]",False,{}
100000.12,2.33,99997.79,USD,IDEALPRO-001,MARGIN,,"[{'type': 'MarginBalance', 'initial': '0.00', 'maintenance': '2.33', 'currency': 'USD', 'instrument_id': 'EUR/USD.IDEALPRO'}]",False,{}
100000.00,0.00,100000.00,EUR,IDEALPRO-001,MARGIN,,"[{'type': 'MarginBalance', 'initial': '0.00', 'maintenance': '2.33', 'currency': 'USD', 'instrument_id': 'EUR/USD.IDEALPRO'}]",False,{}
100000.12,2.33,99997.79,USD,IDEALPRO-001,MARGIN,,"[{'type': 'MarginBalance', 'initial': '0.00', 'maintenance': '2.33', 'currency': 'USD', 'instrument_id': 'EUR/USD.IDEALPRO'}]",False,{}
100000.00,0.00,100000.00,EUR,IDEALPRO-001,MARGIN,,"[{'type': 'MarginBalance', 'initial': '0.00', 'maintenance': '2.33', 'currency': 'USD', 'instrument_id': 'EUR/USD.IDEALPRO'}]",False,{}
100000.17,0.00,100000.17,USD,IDEALPRO-001,MARGIN,,[],False,{}
100000.00,0.00,100000.00,EUR,IDEALPRO-001,MARGIN,,[],False,{}
100000.17,0.00,100000.17,USD,IDEALPRO-001,MARGIN,,[],False,{}
100000.00,0.00,100000.00,EUR,IDEALPRO-001,MARGIN,,[],False,{}
100000.17,0.00,100000.17,USD,IDEALPRO-001,MARGIN,,[],False,{}
100000.00,0.00,100000.00,EUR,IDEALPRO-001,MARGIN,,[],False,{}
100000.17,0.00,100000.17,USD,IDEALPRO-001,MARGIN,,[],False,{}
100000.00,0.00,100000.00,EUR,IDEALPRO-001,MARGIN,,[],False,{}
100000.17,0.00,100000.17,USD,IDEALPRO-001,MARGIN,,[],False,{}
100000.00,0.00,100000.00,EUR,IDEALPRO-001,MARGIN,,[],False,{}
100000.17,0.00,100000.17,USD,IDEALPRO-001,MARGIN,,[],False,{}
100000.00,0.00,100000.00,EUR,IDEALPRO-001,MARGIN,,[],False,{}
100000.17,2.34,99997.83,USD,IDEALPRO-001,MARGIN,,"[{'type': 'MarginBalance', 'initial': '0.00', 'maintenance': '2.34', 'currency': 'USD', 'instrument_id': 'EUR/USD.IDEALPRO'}]",False,{}
100000.00,0.00,100000.00,EUR,IDEALPRO-001,MARGIN,,"[{'type': 'MarginBalance', 'initial': '0.00', 'maintenance': '2.34', 'currency': 'USD', 'instrument_id': 'EUR/USD.IDEALPRO'}]",False,{}
100000.17,2.34,99997.83,USD,IDEALPRO-001,MARGIN,,"[{'type': 'MarginBalance', 'initial': '0.00', 'maintenance': '2.34', 'currency': 'USD', 'instrument_id': 'EUR/USD.IDEALPRO'}]",False,{}
100000.00,0.00,100000.00,EUR,IDEALPRO-001,MARGIN,,"[{'type': 'MarginBalance', 'initial': '0.00', 'maintenance': '2.34', 'currency': 'USD', 'instrument_id': 'EUR/USD.IDEALPRO'}]",False,{}
100000.17,2.34,99997.83,USD,IDEALPRO-001,MARGIN,,"[{'type': 'MarginBalance', 'initial': '0.00', 'maintenance': '2.34', 'currency': 'USD', 'instrument_id': 'EUR/USD.IDEALPRO'}]",False,{}
100000.00,0.00,100000.00,EUR,IDEALPRO-001,MARGIN,,"[{'type': 'MarginBalance', 'initial': '0.00', 'maintenance': '2.34', 'currency': 'USD', 'instrument_id': 'EUR/USD.IDEALPRO'}]",False,{}
100000.17,2.34,99997.83,USD,IDEALPRO-001,MARGIN,,"[{'type': 'MarginBalance', 'initial': '0.00', 'maintenance': '2.34', 'currency': 'USD', 'instrument_id': 'EUR/USD.IDEALPRO'}]",False,{}
100000.00,0.00,100000.00,EUR,IDEALPRO-001,MARGIN,,"[{'type': 'MarginBalance', 'initial': '0.00', 'maintenance': '2.34', 'currency': 'USD', 'instrument_id': 'EUR/USD.IDEALPRO'}]",False,{}
100000.16,0.00,100000.16,USD,IDEALPRO-001,MARGIN,,[],False,{}
100000.00,0.00,100000.00,EUR,IDEALPRO-001,MARGIN,,[],False,{}
100000.16,0.00,100000.16,USD,IDEALPRO-001,MARGIN,,[],False,{}
100000.00,0.00,100000.00,EUR,IDEALPRO-001,MARGIN,,[],False,{}
100000.16,0.00,100000.16,USD,IDEALPRO-001,MARGIN,,[],False,{}
100000.00,0.00,100000.00,EUR,IDEALPRO-001,MARGIN,,[],False,{}
100000.16,0.00,100000.16,USD,IDEALPRO-001,MARGIN,,[],False,{}
100000.00,0.00,100000.00,EUR,IDEALPRO-001,MARGIN,,[],False,{}
100000.16,0.00,100000.16,USD,IDEALPRO-001,MARGIN,,[],False,{}
100000.00,0.00,100000.00,EUR,IDEALPRO-001,MARGIN,,[],False,{}
100000.16,0.00,100000.16,USD,IDEALPRO-001,MARGIN,,[],False,{}
100000.00,0.00,100000.00,EUR,IDEALPRO-001,MARGIN,,[],False,{}
100000.16,2.34,99997.82,USD,IDEALPRO-001,MARGIN,,"[{'type': 'MarginBalance', 'initial': '0.00', 'maintenance': '2.34', 'currency': 'USD', 'instrument_id': 'EUR/USD.IDEALPRO'}]",False,{}
100000.00,0.00,100000.00,EUR,IDEALPRO-001,MARGIN,,"[{'type': 'MarginBalance', 'initial': '0.00', 'maintenance': '2.34', 'currency': 'USD', 'instrument_id': 'EUR/USD.IDEALPRO'}]",False,{}
100000.16,2.34,99997.82,USD,IDEALPRO-001,MARGIN,,"[{'type': 'MarginBalance', 'initial': '0.00', 'maintenance': '2.34', 'currency': 'USD', 'instrument_id': 'EUR/USD.IDEALPRO'}]",False,{}
100000.00,0.00,100000.00,EUR,IDEALPRO-001,MARGIN,,"[{'type': 'MarginBalance', 'initial': '0.00', 'maintenance': '2.34', 'currency': 'USD', 'instrument_id': 'EUR/USD.IDEALPRO'}]",False,{}
100000.16,2.34,99997.82,USD,IDEALPRO-001,MARGIN,,"[{'type': 'MarginBalance', 'initial': '0.00', 'maintenance': '2.34', 'currency': 'USD', 'instrument_id': 'EUR/USD.IDEALPRO'}]",False,{}
100000.00,0.00,100000.00,EUR,IDEALPRO-001,MARGIN,,"[{'type': 'MarginBalance', 'initial': '0.00', 'maintenance': '2.34', 'currency': 'USD', 'instrument_id': 'EUR/USD.IDEALPRO'}]",False,{}
100000.16,2.34,99997.82,USD,IDEALPRO-001,MARGIN,,"[{'type': 'MarginBalance', 'initial': '0.00', 'maintenance': '2.34', 'currency': 'USD', 'instrument_id': 'EUR/USD.IDEALPRO'}]",False,{}
100000.00,0.00,100000.00,EUR,IDEALPRO-001,MARGIN,,"[{'type': 'MarginBalance', 'initial': '0.00', 'maintenance': '2.34', 'currency': 'USD', 'instrument_id': 'EUR/USD.IDEALPRO'}]",False,{}
100000.19,0.00,100000.19,USD,IDEALPRO-001,MARGIN,,[],False,{}
100000.00,0.00,100000.00,EUR,IDEALPRO-001,MARGIN,,[],False,{}
100000.19,0.00,100000.19,USD,IDEALPRO-001,MARGIN,,[],False,{}
100000.00,0.00,100000.00,EUR,IDEALPRO-001,MARGIN,,[],False,{}
100000.19,0.00,100000.19,USD,IDEALPRO-001,MARGIN,,[],False,{}
100000.00,0.00,100000.00,EUR,IDEALPRO-001,MARGIN,,[],False,{}
100000.19,0.00,100000.19,USD,IDEALPRO-001,MARGIN,,[],False,{}
100000.00,0.00,100000.00,EUR,IDEALPRO-001,MARGIN,,[],False,{}
100000.19,0.00,100000.19,USD,IDEALPRO-001,MARGIN,,[],False,{}
100000.00,0.00,100000.00,EUR,IDEALPRO-001,MARGIN,,[],False,{}
100000.19,0.00,100000.19,USD,IDEALPRO-001,MARGIN,,[],False,{}
100000.00,0.00,100000.00,EUR,IDEALPRO-001,MARGIN,,[],False,{}
100000.19,2.34,99997.85,USD,IDEALPRO-001,MARGIN,,"[{'type': 'MarginBalance', 'initial': '0.00', 'maintenance': '2.34', 'currency': 'USD', 'instrument_id': 'EUR/USD.IDEALPRO'}]",False,{}
100000.00,0.00,100000.00,EUR,IDEALPRO-001,MARGIN,,"[{'type': 'MarginBalance', 'initial': '0.00', 'maintenance': '2.34', 'currency': 'USD', 'instrument_id': 'EUR/USD.IDEALPRO'}]",False,{}
100000.19,2.34,99997.85,USD,IDEALPRO-001,MARGIN,,"[{'type': 'MarginBalance', 'initial': '0.00', 'maintenance': '2.34', 'currency': 'USD', 'instrument_id': 'EUR/USD.IDEALPRO'}]",False,{}
100000.00,0.00,100000.00,EUR,IDEALPRO-001,MARGIN,,"[{'type': 'MarginBalance', 'initial': '0.00', 'maintenance': '2.34', 'currency': 'USD', 'instrument_id': 'EUR/USD.IDEALPRO'}]",False,{}
100000.19,2.34,99997.85,USD,IDEALPRO-001,MARGIN,,"[{'type': 'MarginBalance', 'initial': '0.00', 'maintenance': '2.34', 'currency': 'USD', 'instrument_id': 'EUR/USD.IDEALPRO'}]",False,{}
100000.00,0.00,100000.00,EUR,IDEALPRO-001,MARGIN,,"[{'type': 'MarginBalance', 'initial': '0.00', 'maintenance': '2.34', 'currency': 'USD', 'instrument_id': 'EUR/USD.IDEALPRO'}]",False,{}
100000.19,2.34,99997.85,USD,IDEALPRO-001,MARGIN,,"[{'type': 'MarginBalance', 'initial': '0.00', 'maintenance': '2.34', 'currency': 'USD', 'instrument_id': 'EUR/USD.IDEALPRO'}]",False,{}
100000.00,0.00,100000.00,EUR,IDEALPRO-001,MARGIN,,"[{'type': 'MarginBalance', 'initial': '0.00', 'maintenance': '2.34', 'currency': 'USD', 'instrument_id': 'EUR/USD.IDEALPRO'}]",False,{}
100000.16,0.00,100000.16,USD,IDEALPRO-001,MARGIN,,[],False,{}
100000.00,0.00,100000.00,EUR,IDEALPRO-001,MARGIN,,[],False,{}
100000.16,0.00,100000.16,USD,IDEALPRO-001,MARGIN,,[],False,{}
100000.00,0.00,100000.00,EUR,IDEALPRO-001,MARGIN,,[],False,{}
100000.16,0.00,100000.16,USD,IDEALPRO-001,MARGIN,,[],False,{}
100000.00,0.00,100000.00,EUR,IDEALPRO-001,MARGIN,,[],False,{}
100000.16,0.00,100000.16,USD,IDEALPRO-001,MARGIN,,[],False,{}
100000.00,0.00,100000.00,EUR,IDEALPRO-001,MARGIN,,[],False,{}
100000.16,0.00,100000.16,USD,IDEALPRO-001,MARGIN,,[],False,{}
100000.00,0.00,100000.00,EUR,IDEALPRO-001,MARGIN,,[],False,{}
100000.16,0.00,100000.16,USD,IDEALPRO-001,MARGIN,,[],False,{}
100000.00,0.00,100000.00,EUR,IDEALPRO-001,MARGIN,,[],False,{}
100000.16,2.34,99997.82,USD,IDEALPRO-001,MARGIN,,"[{'type': 'MarginBalance', 'initial': '0.00', 'maintenance': '2.34', 'currency': 'USD', 'instrument_id': 'EUR/USD.IDEALPRO'}]",False,{}
100000.00,0.00,100000.00,EUR,IDEALPRO-001,MARGIN,,"[{'type': 'MarginBalance', 'initial': '0.00', 'maintenance': '2.34', 'currency': 'USD', 'instrument_id': 'EUR/USD.IDEALPRO'}]",False,{}
100000.16,2.34,99997.82,USD,IDEALPRO-001,MARGIN,,"[{'type': 'MarginBalance', 'initial': '0.00', 'maintenance': '2.34', 'currency': 'USD', 'instrument_id': 'EUR/USD.IDEALPRO'}]",False,{}
100000.00,0.00,100000.00,EUR,IDEALPRO-001,MARGIN,,"[{'type': 'MarginBalance', 'initial': '0.00', 'maintenance': '2.34', 'currency': 'USD', 'instrument_id': 'EUR/USD.IDEALPRO'}]",False,{}
100000.16,2.34,99997.82,USD,IDEALPRO-001,MARGIN,,"[{'type': 'MarginBalance', 'initial': '0.00', 'maintenance': '2.34', 'currency': 'USD', 'instrument_id': 'EUR/USD.IDEALPRO'}]",False,{}
100000.00,0.00,100000.00,EUR,IDEALPRO-001,MARGIN,,"[{'type': 'MarginBalance', 'initial': '0.00', 'maintenance': '2.34', 'currency': 'USD', 'instrument_id': 'EUR/USD.IDEALPRO'}]",False,{}
100000.16,2.34,99997.82,USD,IDEALPRO-001,MARGIN,,"[{'type': 'MarginBalance', 'initial': '0.00', 'maintenance': '2.34', 'currency': 'USD', 'instrument_id': 'EUR/USD.IDEALPRO'}]",False,{}
100000.00,0.00,100000.00,EUR,IDEALPRO-001,MARGIN,,"[{'type': 'MarginBalance', 'initial': '0.00', 'maintenance': '2.34', 'currency': 'USD', 'instrument_id': 'EUR/USD.IDEALPRO'}]",False,{}
100000.15,0.00,100000.15,USD,IDEALPRO-001,MARGIN,,[],False,{}
100000.00,0.00,100000.00,EUR,IDEALPRO-001,MARGIN,,[],False,{}
100000.15,0.00,100000.15,USD,IDEALPRO-001,MARGIN,,[],False,{}
100000.00,0.00,100000.00,EUR,IDEALPRO-001,MARGIN,,[],False,{}
100000.15,0.00,100000.15,USD,IDEALPRO-001,MARGIN,,[],False,{}
100000.00,0.00,100000.00,EUR,IDEALPRO-001,MARGIN,,[],False,{}
100000.15,0.00,100000.15,USD,IDEALPRO-001,MARGIN,,[],False,{}
100000.00,0.00,100000.00,EUR,IDEALPRO-001,MARGIN,,[],False,{}
100000.15,0.00,100000.15,USD,IDEALPRO-001,MARGIN,,[],False,{}
100000.00,0.00,100000.00,EUR,IDEALPRO-001,MARGIN,,[],False,{}
100000.15,0.00,100000.15,USD,IDEALPRO-001,MARGIN,,[],False,{}
100000.00,0.00,100000.00,EUR,IDEALPRO-001,MARGIN,,[],False,{}
100000.15,2.34,99997.81,USD,IDEALPRO-001,MARGIN,,"[{'type': 'MarginBalance', 'initial': '0.00', 'maintenance': '2.34', 'currency': 'USD', 'instrument_id': 'EUR/USD.IDEALPRO'}]",False,{}
100000.00,0.00,100000.00,EUR,IDEALPRO-001,MARGIN,,"[{'type': 'MarginBalance', 'initial': '0.00', 'maintenance': '2.34', 'currency': 'USD', 'instrument_id': 'EUR/USD.IDEALPRO'}]",False,{}
100000.15,2.34,99997.81,USD,IDEALPRO-001,MARGIN,,"[{'type': 'MarginBalance', 'initial': '0.00', 'maintenance': '2.34', 'currency': 'USD', 'instrument_id': 'EUR/USD.IDEALPRO'}]",False,{}
100000.00,0.00,100000.00,EUR,IDEALPRO-001,MARGIN,,"[{'type': 'MarginBalance', 'initial': '0.00', 'maintenance': '2.34', 'currency': 'USD', 'instrument_id': 'EUR/USD.IDEALPRO'}]",False,{}
100000.15,2.34,99997.81,USD,IDEALPRO-001,MARGIN,,"[{'type': 'MarginBalance', 'initial': '0.00', 'maintenance': '2.34', 'currency': 'USD', 'instrument_id': 'EUR/USD.IDEALPRO'}]",False,{}
100000.00,0.00,100000.00,EUR,IDEALPRO-001,MARGIN,,"[{'type': 'MarginBalance', 'initial': '0.00', 'maintenance': '2.34', 'currency': 'USD', 'instrument_id': 'EUR/USD.IDEALPRO'}]",False,{}
100000.45,0.00,100000.45,USD,IDEALPRO-001,MARGIN,,[],False,{}
100000.00,0.00,100000.00,EUR,IDEALPRO-001,MARGIN,,[],False,{}
100000.45,0.00,100000.45,USD,IDEALPRO-001,MARGIN,,[],False,{}
100000.00,0.00,100000.00,EUR,IDEALPRO-001,MARGIN,,[],False,{}
100000.45,0.00,100000.45,USD,IDEALPRO-001,MARGIN,,[],False,{}
100000.00,0.00,100000.00,EUR,IDEALPRO-001,MARGIN,,[],False,{}
100000.45,0.00,100000.45,USD,IDEALPRO-001,MARGIN,,[],False,{}
100000.00,0.00,100000.00,EUR,IDEALPRO-001,MARGIN,,[],False,{}
100000.45,0.00,100000.45,USD,IDEALPRO-001,MARGIN,,[],False,{}
100000.00,0.00,100000.00,EUR,IDEALPRO-001,MARGIN,,[],False,{}
100000.45,2.34,99998.11,USD,IDEALPRO-001,MARGIN,,"[{'type': 'MarginBalance', 'initial': '0.00', 'maintenance': '2.34', 'currency': 'USD', 'instrument_id': 'EUR/USD.IDEALPRO'}]",False,{}
100000.00,0.00,100000.00,EUR,IDEALPRO-001,MARGIN,,"[{'type': 'MarginBalance', 'initial': '0.00', 'maintenance': '2.34', 'currency': 'USD', 'instrument_id': 'EUR/USD.IDEALPRO'}]",False,{}
100000.45,2.34,99998.11,USD,IDEALPRO-001,MARGIN,,"[{'type': 'MarginBalance', 'initial': '0.00', 'maintenance': '2.34', 'currency': 'USD', 'instrument_id': 'EUR/USD.IDEALPRO'}]",False,{}
100000.00,0.00,100000.00,EUR,IDEALPRO-001,MARGIN,,"[{'type': 'MarginBalance', 'initial': '0.00', 'maintenance': '2.34', 'currency': 'USD', 'instrument_id': 'EUR/USD.IDEALPRO'}]",False,{}
100000.45,2.34,99998.11,USD,IDEALPRO-001,MARGIN,,"[{'type': 'MarginBalance', 'initial': '0.00', 'maintenance': '2.34', 'currency': 'USD', 'instrument_id': 'EUR/USD.IDEALPRO'}]",False,{}
100000.00,0.00,100000.00,EUR,IDEALPRO-001,MARGIN,,"[{'type': 'MarginBalance', 'initial': '0.00', 'maintenance': '2.34', 'currency': 'USD', 'instrument_id': 'EUR/USD.IDEALPRO'}]",False,{}
100000.45,2.34,99998.11,USD,IDEALPRO-001,MARGIN,,"[{'type': 'MarginBalance', 'initial': '0.00', 'maintenance': '2.34', 'currency': 'USD', 'instrument_id': 'EUR/USD.IDEALPRO'}]",False,{}
100000.00,0.00,100000.00,EUR,IDEALPRO-001,MARGIN,,"[{'type': 'MarginBalance', 'initial': '0.00', 'maintenance': '2.34', 'currency': 'USD', 'instrument_id': 'EUR/USD.IDEALPRO'}]",False,{}
100000.42,0.00,100000.42,USD,IDEALPRO-001,MARGIN,,[],False,{}
100000.00,0.00,100000.00,EUR,IDEALPRO-001,MARGIN,,[],False,{}
100000.42,0.00,100000.42,USD,IDEALPRO-001,MARGIN,,[],False,{}
100000.00,0.00,100000.00,EUR,IDEALPRO-001,MARGIN,,[],False,{}
100000.42,0.00,100000.42,USD,IDEALPRO-001,MARGIN,,[],False,{}
100000.00,0.00,100000.00,EUR,IDEALPRO-001,MARGIN,,[],False,{}
100000.42,0.00,100000.42,USD,IDEALPRO-001,MARGIN,,[],False,{}
100000.00,0.00,100000.00,EUR,IDEALPRO-001,MARGIN,,[],False,{}
100000.42,0.00,100000.42,USD,IDEALPRO-001,MARGIN,,[],False,{}
100000.00,0.00,100000.00,EUR,IDEALPRO-001,MARGIN,,[],False,{}
100000.42,0.00,100000.42,USD,IDEALPRO-001,MARGIN,,[],False,{}
100000.00,0.00,100000.00,EUR,IDEALPRO-001,MARGIN,,[],False,{}
100000.42,2.34,99998.08,USD,IDEALPRO-001,MARGIN,,"[{'type': 'MarginBalance', 'initial': '0.00', 'maintenance': '2.34', 'currency': 'USD', 'instrument_id': 'EUR/USD.IDEALPRO'}]",False,{}
100000.00,0.00,100000.00,EUR,IDEALPRO-001,MARGIN,,"[{'type': 'MarginBalance', 'initial': '0.00', 'maintenance': '2.34', 'currency': 'USD', 'instrument_id': 'EUR/USD.IDEALPRO'}]",False,{}
100000.42,2.34,99998.08,USD,IDEALPRO-001,MARGIN,,"[{'type': 'MarginBalance', 'initial': '0.00', 'maintenance': '2.34', 'currency': 'USD', 'instrument_id': 'EUR/USD.IDEALPRO'}]",False,{}
100000.00,0.00,100000.00,EUR,IDEALPRO-001,MARGIN,,"[{'type': 'MarginBalance', 'initial': '0.00', 'maintenance': '2.34', 'currency': 'USD', 'instrument_id': 'EUR/USD.IDEALPRO'}]",False,{}
100000.42,2.34,99998.08,USD,IDEALPRO-001,MARGIN,,"[{'type': 'MarginBalance', 'initial': '0.00', 'maintenance': '2.34', 'currency': 'USD', 'instrument_id': 'EUR/USD.IDEALPRO'}]",False,{}
100000.00,0.00,100000.00,EUR,IDEALPRO-001,MARGIN,,"[{'type': 'MarginBalance', 'initial': '0.00', 'maintenance': '2.34', 'currency': 'USD', 'instrument_id': 'EUR/USD.IDEALPRO'}]",False,{}
100000.36,0.00,100000.36,USD,IDEALPRO-001,MARGIN,,[],False,{}
100000.00,0.00,100000.00,EUR,IDEALPRO-001,MARGIN,,[],False,{}
100000.36,0.00,100000.36,USD,IDEALPRO-001,MARGIN,,[],False,{}
100000.00,0.00,100000.00,EUR,IDEALPRO-001,MARGIN,,[],False,{}
100000.36,0.00,100000.36,USD,IDEALPRO-001,MARGIN,,[],False,{}
100000.00,0.00,100000.00,EUR,IDEALPRO-001,MARGIN,,[],False,{}
100000.36,0.00,100000.36,USD,IDEALPRO-001,MARGIN,,[],False,{}
100000.00,0.00,100000.00,EUR,IDEALPRO-001,MARGIN,,[],False,{}
100000.36,0.00,100000.36,USD,IDEALPRO-001,MARGIN,,[],False,{}
100000.00,0.00,100000.00,EUR,IDEALPRO-001,MARGIN,,[],False,{}
100000.36,2.34,99998.02,USD,IDEALPRO-001,MARGIN,,"[{'type': 'MarginBalance', 'initial': '0.00', 'maintenance': '2.34', 'currency': 'USD', 'instrument_id': 'EUR/USD.IDEALPRO'}]",False,{}
100000.00,0.00,100000.00,EUR,IDEALPRO-001,MARGIN,,"[{'type': 'MarginBalance', 'initial': '0.00', 'maintenance': '2.34', 'currency': 'USD', 'instrument_id': 'EUR/USD.IDEALPRO'}]",False,{}
100000.36,2.34,99998.02,USD,IDEALPRO-001,MARGIN,,"[{'type': 'MarginBalance', 'initial': '0.00', 'maintenance': '2.34', 'currency': 'USD', 'instrument_id': 'EUR/USD.IDEALPRO'}]",False,{}
100000.00,0.00,100000.00,EUR,IDEALPRO-001,MARGIN,,"[{'type': 'MarginBalance', 'initial': '0.00', 'maintenance': '2.34', 'currency': 'USD', 'instrument_id': 'EUR/USD.IDEALPRO'}]",False,{}
100000.36,2.34,99998.02,USD,IDEALPRO-001,MARGIN,,"[{'type': 'MarginBalance', 'initial': '0.00', 'maintenance': '2.34', 'currency': 'USD', 'instrument_id': 'EUR/USD.IDEALPRO'}]",False,{}
100000.00,0.00,100000.00,EUR,IDEALPRO-001,MARGIN,,"[{'type': 'MarginBalance', 'initial': '0.00', 'maintenance': '2.34', 'currency': 'USD', 'instrument_id': 'EUR/USD.IDEALPRO'}]",False,{}
100000.36,2.34,99998.02,USD,IDEALPRO-001,MARGIN,,"[{'type': 'MarginBalance', 'initial': '0.00', 'maintenance': '2.34', 'currency': 'USD', 'instrument_id': 'EUR/USD.IDEALPRO'}]",False,{}
100000.00,0.00,100000.00,EUR,IDEALPRO-001,MARGIN,,"[{'type': 'MarginBalance', 'initial': '0.00', 'maintenance': '2.34', 'currency': 'USD', 'instrument_id': 'EUR/USD.IDEALPRO'}]",False,{}
100000.30,0.00,100000.30,USD,IDEALPRO-001,MARGIN,,[],False,{}
100000.00,0.00,100000.00,EUR,IDEALPRO-001,MARGIN,,[],False,{}
100000.30,0.00,100000.30,USD,IDEALPRO-001,MARGIN,,[],False,{}
100000.00,0.00,100000.00,EUR,IDEALPRO-001,MARGIN,,[],False,{}
100000.30,0.00,100000.30,USD,IDEALPRO-001,MARGIN,,[],False,{}
100000.00,0.00,100000.00,EUR,IDEALPRO-001,MARGIN,,[],False,{}
100000.30,0.00,100000.30,USD,IDEALPRO-001,MARGIN,,[],False,{}
100000.00,0.00,100000.00,EUR,IDEALPRO-001,MARGIN,,[],False,{}
100000.30,0.00,100000.30,USD,IDEALPRO-001,MARGIN,,[],False,{}
100000.00,0.00,100000.00,EUR,IDEALPRO-001,MARGIN,,[],False,{}
100000.30,0.00,100000.30,USD,IDEALPRO-001,MARGIN,,[],False,{}
100000.00,0.00,100000.00,EUR,IDEALPRO-001,MARGIN,,[],False,{}
100000.30,2.34,99997.96,USD,IDEALPRO-001,MARGIN,,"[{'type': 'MarginBalance', 'initial': '0.00', 'maintenance': '2.34', 'currency': 'USD', 'instrument_id': 'EUR/USD.IDEALPRO'}]",False,{}
100000.00,0.00,100000.00,EUR,IDEALPRO-001,MARGIN,,"[{'type': 'MarginBalance', 'initial': '0.00', 'maintenance': '2.34', 'currency': 'USD', 'instrument_id': 'EUR/USD.IDEALPRO'}]",False,{}
100000.30,2.34,99997.96,USD,IDEALPRO-001,MARGIN,,"[{'type': 'MarginBalance', 'initial': '0.00', 'maintenance': '2.34', 'currency': 'USD', 'instrument_id': 'EUR/USD.IDEALPRO'}]",False,{}
100000.00,0.00,100000.00,EUR,IDEALPRO-001,MARGIN,,"[{'type': 'MarginBalance', 'initial': '0.00', 'maintenance': '2.34', 'currency': 'USD', 'instrument_id': 'EUR/USD.IDEALPRO'}]",False,{}
100000.30,2.34,99997.96,USD,IDEALPRO-001,MARGIN,,"[{'type': 'MarginBalance', 'initial': '0.00', 'maintenance': '2.34', 'currency': 'USD', 'instrument_id': 'EUR/USD.IDEALPRO'}]",False,{}
100000.00,0.00,100000.00,EUR,IDEALPRO-001,MARGIN,,"[{'type': 'MarginBalance', 'initial': '0.00', 'maintenance': '2.34', 'currency': 'USD', 'instrument_id': 'EUR/USD.IDEALPRO'}]",False,{}
100000.24,0.00,100000.24,USD,IDEALPRO-001,MARGIN,,[],False,{}
100000.00,0.00,100000.00,EUR,IDEALPRO-001,MARGIN,,[],False,{}
100000.24,0.00,100000.24,USD,IDEALPRO-001,MARGIN,,[],False,{}
100000.00,0.00,100000.00,EUR,IDEALPRO-001,MARGIN,,[],False,{}
100000.24,0.00,100000.24,USD,IDEALPRO-001,MARGIN,,[],False,{}
100000.00,0.00,100000.00,EUR,IDEALPRO-001,MARGIN,,[],False,{}
100000.24,0.00,100000.24,USD,IDEALPRO-001,MARGIN,,[],False,{}
100000.00,0.00,100000.00,EUR,IDEALPRO-001,MARGIN,,[],False,{}
100000.24,0.00,100000.24,USD,IDEALPRO-001,MARGIN,,[],False,{}
100000.00,0.00,100000.00,EUR,IDEALPRO-001,MARGIN,,[],False,{}
100000.24,2.34,99997.90,USD,IDEALPRO-001,MARGIN,,"[{'type': 'MarginBalance', 'initial': '0.00', 'maintenance': '2.34', 'currency': 'USD', 'instrument_id': 'EUR/USD.IDEALPRO'}]",False,{}
100000.00,0.00,100000.00,EUR,IDEALPRO-001,MARGIN,,"[{'type': 'MarginBalance', 'initial': '0.00', 'maintenance': '2.34', 'currency': 'USD', 'instrument_id': 'EUR/USD.IDEALPRO'}]",False,{}
100000.24,2.34,99997.90,USD,IDEALPRO-001,MARGIN,,"[{'type': 'MarginBalance', 'initial': '0.00', 'maintenance': '2.34', 'currency': 'USD', 'instrument_id': 'EUR/USD.IDEALPRO'}]",False,{}
100000.00,0.00,100000.00,EUR,IDEALPRO-001,MARGIN,,"[{'type': 'MarginBalance', 'initial': '0.00', 'maintenance': '2.34', 'currency': 'USD', 'instrument_id': 'EUR/USD.IDEALPRO'}]",False,{}
100000.24,2.34,99997.90,USD,IDEALPRO-001,MARGIN,,"[{'type': 'MarginBalance', 'initial': '0.00', 'maintenance': '2.34', 'currency': 'USD', 'instrument_id': 'EUR/USD.IDEALPRO'}]",False,{}
100000.00,0.00,100000.00,EUR,IDEALPRO-001,MARGIN,,"[{'type': 'MarginBalance', 'initial': '0.00', 'maintenance': '2.34', 'currency': 'USD', 'instrument_id': 'EUR/USD.IDEALPRO'}]",False,{}
100000.24,2.34,99997.90,USD,IDEALPRO-001,MARGIN,,"[{'type': 'MarginBalance', 'initial': '0.00', 'maintenance': '2.34', 'currency': 'USD', 'instrument_id': 'EUR/USD.IDEALPRO'}]",False,{}
100000.00,0.00,100000.00,EUR,IDEALPRO-001,MARGIN,,"[{'type': 'MarginBalance', 'initial': '0.00', 'maintenance': '2.34', 'currency': 'USD', 'instrument_id': 'EUR/USD.IDEALPRO'}]",False,{}
100000.34,0.00,100000.34,USD,IDEALPRO-001,MARGIN,,[],False,{}
100000.00,0.00,100000.00,EUR,IDEALPRO-001,MARGIN,,[],False,{}
100000.34,0.00,100000.34,USD,IDEALPRO-001,MARGIN,,[],False,{}
100000.00,0.00,100000.00,EUR,IDEALPRO-001,MARGIN,,[],False,{}
100000.34,0.00,100000.34,USD,IDEALPRO-001,MARGIN,,[],False,{}
100000.00,0.00,100000.00,EUR,IDEALPRO-001,MARGIN,,[],False,{}
100000.34,0.00,100000.34,USD,IDEALPRO-001,MARGIN,,[],False,{}
100000.00,0.00,100000.00,EUR,IDEALPRO-001,MARGIN,,[],False,{}
100000.34,0.00,100000.34,USD,IDEALPRO-001,MARGIN,,[],False,{}
100000.00,0.00,100000.00,EUR,IDEALPRO-001,MARGIN,,[],False,{}
100000.34,0.00,100000.34,USD,IDEALPRO-001,MARGIN,,[],False,{}
100000.00,0.00,100000.00,EUR,IDEALPRO-001,MARGIN,,[],False,{}
100000.34,2.34,99998.00,USD,IDEALPRO-001,MARGIN,,"[{'type': 'MarginBalance', 'initial': '0.00', 'maintenance': '2.34', 'currency': 'USD', 'instrument_id': 'EUR/USD.IDEALPRO'}]",False,{}
100000.00,0.00,100000.00,EUR,IDEALPRO-001,MARGIN,,"[{'type': 'MarginBalance', 'initial': '0.00', 'maintenance': '2.34', 'currency': 'USD', 'instrument_id': 'EUR/USD.IDEALPRO'}]",False,{}
100000.34,2.34,99998.00,USD,IDEALPRO-001,MARGIN,,"[{'type': 'MarginBalance', 'initial': '0.00', 'maintenance': '2.34', 'currency': 'USD', 'instrument_id': 'EUR/USD.IDEALPRO'}]",False,{}
100000.00,0.00,100000.00,EUR,IDEALPRO-001,MARGIN,,"[{'type': 'MarginBalance', 'initial': '0.00', 'maintenance': '2.34', 'currency': 'USD', 'instrument_id': 'EUR/USD.IDEALPRO'}]",False,{}
100000.34,2.34,99998.00,USD,IDEALPRO-001,MARGIN,,"[{'type': 'MarginBalance', 'initial': '0.00', 'maintenance': '2.34', 'currency': 'USD', 'instrument_id': 'EUR/USD.IDEALPRO'}]",False,{}
100000.00,0.00,100000.00,EUR,IDEALPRO-001,MARGIN,,"[{'type': 'MarginBalance', 'initial': '0.00', 'maintenance': '2.34', 'currency': 'USD', 'instrument_id': 'EUR/USD.IDEALPRO'}]",False,{}
100000.34,2.34,99998.00,USD,IDEALPRO-001,MARGIN,,"[{'type': 'MarginBalance', 'initial': '0.00', 'maintenance': '2.34', 'currency': 'USD', 'instrument_id': 'EUR/USD.IDEALPRO'}]",False,{}
100000.00,0.00,100000.00,EUR,IDEALPRO-001,MARGIN,,"[{'type': 'MarginBalance', 'initial': '0.00', 'maintenance': '2.34', 'currency': 'USD', 'instrument_id': 'EUR/USD.IDEALPRO'}]",False,{}
100000.31,0.00,100000.31,USD,IDEALPRO-001,MARGIN,,[],False,{}
100000.00,0.00,100000.00,EUR,IDEALPRO-001,MARGIN,,[],False,{}
100000.31,0.00,100000.31,USD,IDEALPRO-001,MARGIN,,[],False,{}
100000.00,0.00,100000.00,EUR,IDEALPRO-001,MARGIN,,[],False,{}
100000.31,0.00,100000.31,USD,IDEALPRO-001,MARGIN,,[],False,{}
100000.00,0.00,100000.00,EUR,IDEALPRO-001,MARGIN,,[],False,{}
100000.31,0.00,100000.31,USD,IDEALPRO-001,MARGIN,,[],False,{}
100000.00,0.00,100000.00,EUR,IDEALPRO-001,MARGIN,,[],False,{}
100000.31,0.00,100000.31,USD,IDEALPRO-001,MARGIN,,[],False,{}
100000.00,0.00,100000.00,EUR,IDEALPRO-001,MARGIN,,[],False,{}
100000.31,0.00,100000.31,USD,IDEALPRO-001,MARGIN,,[],False,{}
100000.00,0.00,100000.00,EUR,IDEALPRO-001,MARGIN,,[],False,{}
100000.31,2.34,99997.97,USD,IDEALPRO-001,MARGIN,,"[{'type': 'MarginBalance', 'initial': '0.00', 'maintenance': '2.34', 'currency': 'USD', 'instrument_id': 'EUR/USD.IDEALPRO'}]",False,{}
100000.00,0.00,100000.00,EUR,IDEALPRO-001,MARGIN,,"[{'type': 'MarginBalance', 'initial': '0.00', 'maintenance': '2.34', 'currency': 'USD', 'instrument_id': 'EUR/USD.IDEALPRO'}]",False,{}
100000.31,2.34,99997.97,USD,IDEALPRO-001,MARGIN,,"[{'type': 'MarginBalance', 'initial': '0.00', 'maintenance': '2.34', 'currency': 'USD', 'instrument_id': 'EUR/USD.IDEALPRO'}]",False,{}
100000.00,0.00,100000.00,EUR,IDEALPRO-001,MARGIN,,"[{'type': 'MarginBalance', 'initial': '0.00', 'maintenance': '2.34', 'currency': 'USD', 'instrument_id': 'EUR/USD.IDEALPRO'}]",False,{}
100000.31,2.34,99997.97,USD,IDEALPRO-001,MARGIN,,"[{'type': 'MarginBalance', 'initial': '0.00', 'maintenance': '2.34', 'currency': 'USD', 'instrument_id': 'EUR/USD.IDEALPRO'}]",False,{}
100000.00,0.00,100000.00,EUR,IDEALPRO-001,MARGIN,,"[{'type': 'MarginBalance', 'initial': '0.00', 'maintenance': '2.34', 'currency': 'USD', 'instrument_id': 'EUR/USD.IDEALPRO'}]",False,{}
100000.31,2.34,99997.97,USD,IDEALPRO-001,MARGIN,,"[{'type': 'MarginBalance', 'initial': '0.00', 'maintenance': '2.34', 'currency': 'USD', 'instrument_id': 'EUR/USD.IDEALPRO'}]",False,{}
100000.00,0.00,100000.00,EUR,IDEALPRO-001,MARGIN,,"[{'type': 'MarginBalance', 'initial': '0.00', 'maintenance': '2.34', 'currency': 'USD', 'instrument_id': 'EUR/USD.IDEALPRO'}]",False,{}
100000.27,0.00,100000.27,USD,IDEALPRO-001,MARGIN,,[],False,{}
100000.00,0.00,100000.00,EUR,IDEALPRO-001,MARGIN,,[],False,{}
100000.27,0.00,100000.27,USD,IDEALPRO-001,MARGIN,,[],False,{}
100000.00,0.00,100000.00,EUR,IDEALPRO-001,MARGIN,,[],False,{}
100000.27,0.00,100000.27,USD,IDEALPRO-001,MARGIN,,[],False,{}
100000.00,0.00,100000.00,EUR,IDEALPRO-001,MARGIN,,[],False,{}
100000.27,0.00,100000.27,USD,IDEALPRO-001,MARGIN,,[],False,{}
100000.00,0.00,100000.00,EUR,IDEALPRO-001,MARGIN,,[],False,{}
100000.27,0.00,100000.27,USD,IDEALPRO-001,MARGIN,,[],False,{}
100000.00,0.00,100000.00,EUR,IDEALPRO-001,MARGIN,,[],False,{}
100000.27,0.00,100000.27,USD,IDEALPRO-001,MARGIN,,[],False,{}
100000.00,0.00,100000.00,EUR,IDEALPRO-001,MARGIN,,[],False,{}
100000.27,2.34,99997.93,USD,IDEALPRO-001,MARGIN,,"[{'type': 'MarginBalance', 'initial': '0.00', 'maintenance': '2.34', 'currency': 'USD', 'instrument_id': 'EUR/USD.IDEALPRO'}]",False,{}
100000.00,0.00,100000.00,EUR,IDEALPRO-001,MARGIN,,"[{'type': 'MarginBalance', 'initial': '0.00', 'maintenance': '2.34', 'currency': 'USD', 'instrument_id': 'EUR/USD.IDEALPRO'}]",False,{}
100000.27,2.34,99997.93,USD,IDEALPRO-001,MARGIN,,"[{'type': 'MarginBalance', 'initial': '0.00', 'maintenance': '2.34', 'currency': 'USD', 'instrument_id': 'EUR/USD.IDEALPRO'}]",False,{}
100000.00,0.00,100000.00,EUR,IDEALPRO-001,MARGIN,,"[{'type': 'MarginBalance', 'initial': '0.00', 'maintenance': '2.34', 'currency': 'USD', 'instrument_id': 'EUR/USD.IDEALPRO'}]",False,{}
100000.27,2.34,99997.93,USD,IDEALPRO-001,MARGIN,,"[{'type': 'MarginBalance', 'initial': '0.00', 'maintenance': '2.34', 'currency': 'USD', 'instrument_id': 'EUR/USD.IDEALPRO'}]",False,{}
100000.00,0.00,100000.00,EUR,IDEALPRO-001,MARGIN,,"[{'type': 'MarginBalance', 'initial': '0.00', 'maintenance': '2.34', 'currency': 'USD', 'instrument_id': 'EUR/USD.IDEALPRO'}]",False,{}
100000.21,0.00,100000.21,USD,IDEALPRO-001,MARGIN,,[],False,{}
100000.00,0.00,100000.00,EUR,IDEALPRO-001,MARGIN,,[],False,{}
100000.21,0.00,100000.21,USD,IDEALPRO-001,MARGIN,,[],False,{}
100000.00,0.00,100000.00,EUR,IDEALPRO-001,MARGIN,,[],False,{}
100000.21,0.00,100000.21,USD,IDEALPRO-001,MARGIN,,[],False,{}
100000.00,0.00,100000.00,EUR,IDEALPRO-001,MARGIN,,[],False,{}
100000.21,0.00,100000.21,USD,IDEALPRO-001,MARGIN,,[],False,{}
100000.00,0.00,100000.00,EUR,IDEALPRO-001,MARGIN,,[],False,{}
100000.21,0.00,100000.21,USD,IDEALPRO-001,MARGIN,,[],False,{}
100000.00,0.00,100000.00,EUR,IDEALPRO-001,MARGIN,,[],False,{}
100000.21,2.34,99997.87,USD,IDEALPRO-001,MARGIN,,"[{'type': 'MarginBalance', 'initial': '0.00', 'maintenance': '2.34', 'currency': 'USD', 'instrument_id': 'EUR/USD.IDEALPRO'}]",False,{}
100000.00,0.00,100000.00,EUR,IDEALPRO-001,MARGIN,,"[{'type': 'MarginBalance', 'initial': '0.00', 'maintenance': '2.34', 'currency': 'USD', 'instrument_id': 'EUR/USD.IDEALPRO'}]",False,{}
100000.21,2.34,99997.87,USD,IDEALPRO-001,MARGIN,,"[{'type': 'MarginBalance', 'initial': '0.00', 'maintenance': '2.34', 'currency': 'USD', 'instrument_id': 'EUR/USD.IDEALPRO'}]",False,{}
100000.00,0.00,100000.00,EUR,IDEALPRO-001,MARGIN,,"[{'type': 'MarginBalance', 'initial': '0.00', 'maintenance': '2.34', 'currency': 'USD', 'instrument_id': 'EUR/USD.IDEALPRO'}]",False,{}
100000.21,2.34,99997.87,USD,IDEALPRO-001,MARGIN,,"[{'type': 'MarginBalance', 'initial': '0.00', 'maintenance': '2.34', 'currency': 'USD', 'instrument_id': 'EUR/USD.IDEALPRO'}]",False,{}
100000.00,0.00,100000.00,EUR,IDEALPRO-001,MARGIN,,"[{'type': 'MarginBalance', 'initial': '0.00', 'maintenance': '2.34', 'currency': 'USD', 'instrument_id': 'EUR/USD.IDEALPRO'}]",False,{}
100000.21,2.34,99997.87,USD,IDEALPRO-001,MARGIN,,"[{'type': 'MarginBalance', 'initial': '0.00', 'maintenance': '2.34', 'currency': 'USD', 'instrument_id': 'EUR/USD.IDEALPRO'}]",False,{}
100000.00,0.00,100000.00,EUR,IDEALPRO-001,MARGIN,,"[{'type': 'MarginBalance', 'initial': '0.00', 'maintenance': '2.34', 'currency': 'USD', 'instrument_id': 'EUR/USD.IDEALPRO'}]",False,{}
100000.18,0.00,100000.18,USD,IDEALPRO-001,MARGIN,,[],False,{}
100000.00,0.00,100000.00,EUR,IDEALPRO-001,MARGIN,,[],False,{}
100000.18,0.00,100000.18,USD,IDEALPRO-001,MARGIN,,[],False,{}
100000.00,0.00,100000.00,EUR,IDEALPRO-001,MARGIN,,[],False,{}
100000.18,0.00,100000.18,USD,IDEALPRO-001,MARGIN,,[],False,{}
100000.00,0.00,100000.00,EUR,IDEALPRO-001,MARGIN,,[],False,{}
100000.18,0.00,100000.18,USD,IDEALPRO-001,MARGIN,,[],False,{}
100000.00,0.00,100000.00,EUR,IDEALPRO-001,MARGIN,,[],False,{}
100000.18,0.00,100000.18,USD,IDEALPRO-001,MARGIN,,[],False,{}
100000.00,0.00,100000.00,EUR,IDEALPRO-001,MARGIN,,[],False,{}
100000.18,0.00,100000.18,USD,IDEALPRO-001,MARGIN,,[],False,{}
100000.00,0.00,100000.00,EUR,IDEALPRO-001,MARGIN,,[],False,{}
100000.18,2.34,99997.84,USD,IDEALPRO-001,MARGIN,,"[{'type': 'MarginBalance', 'initial': '0.00', 'maintenance': '2.34', 'currency': 'USD', 'instrument_id': 'EUR/USD.IDEALPRO'}]",False,{}
100000.00,0.00,100000.00,EUR,IDEALPRO-001,MARGIN,,"[{'type': 'MarginBalance', 'initial': '0.00', 'maintenance': '2.34', 'currency': 'USD', 'instrument_id': 'EUR/USD.IDEALPRO'}]",False,{}
100000.18,2.34,99997.84,USD,IDEALPRO-001,MARGIN,,"[{'type': 'MarginBalance', 'initial': '0.00', 'maintenance': '2.34', 'currency': 'USD', 'instrument_id': 'EUR/USD.IDEALPRO'}]",False,{}
100000.00,0.00,100000.00,EUR,IDEALPRO-001,MARGIN,,"[{'type': 'MarginBalance', 'initial': '0.00', 'maintenance': '2.34', 'currency': 'USD', 'instrument_id': 'EUR/USD.IDEALPRO'}]",False,{}
100000.18,2.34,99997.84,USD,IDEALPRO-001,MARGIN,,"[{'type': 'MarginBalance', 'initial': '0.00', 'maintenance': '2.34', 'currency': 'USD', 'instrument_id': 'EUR/USD.IDEALPRO'}]",False,{}
100000.00,0.00,100000.00,EUR,IDEALPRO-001,MARGIN,,"[{'type': 'MarginBalance', 'initial': '0.00', 'maintenance': '2.34', 'currency': 'USD', 'instrument_id': 'EUR/USD.IDEALPRO'}]",False,{}
100000.12,0.00,100000.12,USD,IDEALPRO-001,MARGIN,,[],False,{}
100000.00,0.00,100000.00,EUR,IDEALPRO-001,MARGIN,,[],False,{}
100000.12,0.00,100000.12,USD,IDEALPRO-001,MARGIN,,[],False,{}
100000.00,0.00,100000.00,EUR,IDEALPRO-001,MARGIN,,[],False,{}
100000.12,0.00,100000.12,USD,IDEALPRO-001,MARGIN,,[],False,{}
100000.00,0.00,100000.00,EUR,IDEALPRO-001,MARGIN,,[],False,{}
100000.12,0.00,100000.12,USD,IDEALPRO-001,MARGIN,,[],False,{}
100000.00,0.00,100000.00,EUR,IDEALPRO-001,MARGIN,,[],False,{}
100000.12,0.00,100000.12,USD,IDEALPRO-001,MARGIN,,[],False,{}
100000.00,0.00,100000.00,EUR,IDEALPRO-001,MARGIN,,[],False,{}
100000.12,2.34,99997.78,USD,IDEALPRO-001,MARGIN,,"[{'type': 'MarginBalance', 'initial': '0.00', 'maintenance': '2.34', 'currency': 'USD', 'instrument_id': 'EUR/USD.IDEALPRO'}]",False,{}
100000.00,0.00,100000.00,EUR,IDEALPRO-001,MARGIN,,"[{'type': 'MarginBalance', 'initial': '0.00', 'maintenance': '2.34', 'currency': 'USD', 'instrument_id': 'EUR/USD.IDEALPRO'}]",False,{}
100000.12,2.34,99997.78,USD,IDEALPRO-001,MARGIN,,"[{'type': 'MarginBalance', 'initial': '0.00', 'maintenance': '2.34', 'currency': 'USD', 'instrument_id': 'EUR/USD.IDEALPRO'}]",False,{}
100000.00,0.00,100000.00,EUR,IDEALPRO-001,MARGIN,,"[{'type': 'MarginBalance', 'initial': '0.00', 'maintenance': '2.34', 'currency': 'USD', 'instrument_id': 'EUR/USD.IDEALPRO'}]",False,{}
100000.12,2.34,99997.78,USD,IDEALPRO-001,MARGIN,,"[{'type': 'MarginBalance', 'initial': '0.00', 'maintenance': '2.34', 'currency': 'USD', 'instrument_id': 'EUR/USD.IDEALPRO'}]",False,{}
100000.00,0.00,100000.00,EUR,IDEALPRO-001,MARGIN,,"[{'type': 'MarginBalance', 'initial': '0.00', 'maintenance': '2.34', 'currency': 'USD', 'instrument_id': 'EUR/USD.IDEALPRO'}]",False,{}
100000.12,2.34,99997.78,USD,IDEALPRO-001,MARGIN,,"[{'type': 'MarginBalance', 'initial': '0.00', 'maintenance': '2.34', 'currency': 'USD', 'instrument_id': 'EUR/USD.IDEALPRO'}]",False,{}
100000.00,0.00,100000.00,EUR,IDEALPRO-001,MARGIN,,"[{'type': 'MarginBalance', 'initial': '0.00', 'maintenance': '2.34', 'currency': 'USD', 'instrument_id': 'EUR/USD.IDEALPRO'}]",False,{}
100000.16,0.00,100000.16,USD,IDEALPRO-001,MARGIN,,[],False,{}
100000.00,0.00,100000.00,EUR,IDEALPRO-001,MARGIN,,[],False,{}
100000.16,0.00,100000.16,USD,IDEALPRO-001,MARGIN,,[],False,{}
100000.00,0.00,100000.00,EUR,IDEALPRO-001,MARGIN,,[],False,{}
100000.16,0.00,100000.16,USD,IDEALPRO-001,MARGIN,,[],False,{}
100000.00,0.00,100000.00,EUR,IDEALPRO-001,MARGIN,,[],False,{}
100000.16,0.00,100000.16,USD,IDEALPRO-001,MARGIN,,[],False,{}
100000.00,0.00,100000.00,EUR,IDEALPRO-001,MARGIN,,[],False,{}
100000.16,0.00,100000.16,USD,IDEALPRO-001,MARGIN,,[],False,{}
100000.00,0.00,100000.00,EUR,IDEALPRO-001,MARGIN,,[],False,{}
100000.16,0.00,100000.16,USD,IDEALPRO-001,MARGIN,,[],False,{}
100000.00,0.00,100000.00,EUR,IDEALPRO-001,MARGIN,,[],False,{}
100000.16,2.34,99997.82,USD,IDEALPRO-001,MARGIN,,"[{'type': 'MarginBalance', 'initial': '0.00', 'maintenance': '2.34', 'currency': 'USD', 'instrument_id': 'EUR/USD.IDEALPRO'}]",False,{}
100000.00,0.00,100000.00,EUR,IDEALPRO-001,MARGIN,,"[{'type': 'MarginBalance', 'initial': '0.00', 'maintenance': '2.34', 'currency': 'USD', 'instrument_id': 'EUR/USD.IDEALPRO'}]",False,{}
100000.16,2.34,99997.82,USD,IDEALPRO-001,MARGIN,,"[{'type': 'MarginBalance', 'initial': '0.00', 'maintenance': '2.34', 'currency': 'USD', 'instrument_id': 'EUR/USD.IDEALPRO'}]",False,{}
100000.00,0.00,100000.00,EUR,IDEALPRO-001,MARGIN,,"[{'type': 'MarginBalance', 'initial': '0.00', 'maintenance': '2.34', 'currency': 'USD', 'instrument_id': 'EUR/USD.IDEALPRO'}]",False,{}
100000.16,2.34,99997.82,USD,IDEALPRO-001,MARGIN,,"[{'type': 'MarginBalance', 'initial': '0.00', 'maintenance': '2.34', 'currency': 'USD', 'instrument_id': 'EUR/USD.IDEALPRO'}]",False,{}
100000.00,0.00,100000.00,EUR,IDEALPRO-001,MARGIN,,"[{'type': 'MarginBalance', 'initial': '0.00', 'maintenance': '2.34', 'currency': 'USD', 'instrument_id': 'EUR/USD.IDEALPRO'}]",False,{}
100000.16,2.34,99997.82,USD,IDEALPRO-001,MARGIN,,"[{'type': 'MarginBalance', 'initial': '0.00', 'maintenance': '2.34', 'currency': 'USD', 'instrument_id': 'EUR/USD.IDEALPRO'}]",False,{}
100000.00,0.00,100000.00,EUR,IDEALPRO-001,MARGIN,,"[{'type': 'MarginBalance', 'initial': '0.00', 'maintenance': '2.34', 'currency': 'USD', 'instrument_id': 'EUR/USD.IDEALPRO'}]",False,{}
100000.14,0.00,100000.14,USD,IDEALPRO-001,MARGIN,,[],False,{}
100000.00,0.00,100000.00,EUR,IDEALPRO-001,MARGIN,,[],False,{}
100000.14,0.00,100000.14,USD,IDEALPRO-001,MARGIN,,[],False,{}
100000.00,0.00,100000.00,EUR,IDEALPRO-001,MARGIN,,[],False,{}
100000.14,0.00,100000.14,USD,IDEALPRO-001,MARGIN,,[],False,{}
100000.00,0.00,100000.00,EUR,IDEALPRO-001,MARGIN,,[],False,{}
100000.14,0.00,100000.14,USD,IDEALPRO-001,MARGIN,,[],False,{}
100000.00,0.00,100000.00,EUR,IDEALPRO-001,MARGIN,,[],False,{}
100000.14,0.00,100000.14,USD,IDEALPRO-001,MARGIN,,[],False,{}
100000.00,0.00,100000.00,EUR,IDEALPRO-001,MARGIN,,[],False,{}
100000.14,0.00,100000.14,USD,IDEALPRO-001,MARGIN,,[],False,{}
100000.00,0.00,100000.00,EUR,IDEALPRO-001,MARGIN,,[],False,{}
100000.14,2.34,99997.80,USD,IDEALPRO-001,MARGIN,,"[{'type': 'MarginBalance', 'initial': '0.00', 'maintenance': '2.34', 'currency': 'USD', 'instrument_id': 'EUR/USD.IDEALPRO'}]",False,{}
100000.00,0.00,100000.00,EUR,IDEALPRO-001,MARGIN,,"[{'type': 'MarginBalance', 'initial': '0.00', 'maintenance': '2.34', 'currency': 'USD', 'instrument_id': 'EUR/USD.IDEALPRO'}]",False,{}
100000.14,2.34,99997.80,USD,IDEALPRO-001,MARGIN,,"[{'type': 'MarginBalance', 'initial': '0.00', 'maintenance': '2.34', 'currency': 'USD', 'instrument_id': 'EUR/USD.IDEALPRO'}]",False,{}
100000.00,0.00,100000.00,EUR,IDEALPRO-001,MARGIN,,"[{'type': 'MarginBalance', 'initial': '0.00', 'maintenance': '2.34', 'currency': 'USD', 'instrument_id': 'EUR/USD.IDEALPRO'}]",False,{}
100000.14,2.34,99997.80,USD,IDEALPRO-001,MARGIN,,"[{'type': 'MarginBalance', 'initial': '0.00', 'maintenance': '2.34', 'currency': 'USD', 'instrument_id': 'EUR/USD.IDEALPRO'}]",False,{}
100000.00,0.00,100000.00,EUR,IDEALPRO-001,MARGIN,,"[{'type': 'MarginBalance', 'initial': '0.00', 'maintenance': '2.34', 'currency': 'USD', 'instrument_id': 'EUR/USD.IDEALPRO'}]",False,{}
100000.14,2.34,99997.80,USD,IDEALPRO-001,MARGIN,,"[{'type': 'MarginBalance', 'initial': '0.00', 'maintenance': '2.34', 'currency': 'USD', 'instrument_id': 'EUR/USD.IDEALPRO'}]",False,{}
100000.00,0.00,100000.00,EUR,IDEALPRO-001,MARGIN,,"[{'type': 'MarginBalance', 'initial': '0.00', 'maintenance': '2.34', 'currency': 'USD', 'instrument_id': 'EUR/USD.IDEALPRO'}]",False,{}
100000.12,0.00,100000.12,USD,IDEALPRO-001,MARGIN,,[],False,{}
100000.00,0.00,100000.00,EUR,IDEALPRO-001,MARGIN,,[],False,{}
100000.12,0.00,100000.12,USD,IDEALPRO-001,MARGIN,,[],False,{}
100000.00,0.00,100000.00,EUR,IDEALPRO-001,MARGIN,,[],False,{}
100000.12,0.00,100000.12,USD,IDEALPRO-001,MARGIN,,[],False,{}
100000.00,0.00,100000.00,EUR,IDEALPRO-001,MARGIN,,[],False,{}
100000.12,0.00,100000.12,USD,IDEALPRO-001,MARGIN,,[],False,{}
100000.00,0.00,100000.00,EUR,IDEALPRO-001,MARGIN,,[],False,{}
100000.12,0.00,100000.12,USD,IDEALPRO-001,MARGIN,,[],False,{}
100000.00,0.00,100000.00,EUR,IDEALPRO-001,MARGIN,,[],False,{}
100000.12,0.00,100000.12,USD,IDEALPRO-001,MARGIN,,[],False,{}
100000.00,0.00,100000.00,EUR,IDEALPRO-001,MARGIN,,[],False,{}
100000.12,2.34,99997.78,USD,IDEALPRO-001,MARGIN,,"[{'type': 'MarginBalance', 'initial': '0.00', 'maintenance': '2.34', 'currency': 'USD', 'instrument_id': 'EUR/USD.IDEALPRO'}]",False,{}
100000.00,0.00,100000.00,EUR,IDEALPRO-001,MARGIN,,"[{'type': 'MarginBalance', 'initial': '0.00', 'maintenance': '2.34', 'currency': 'USD', 'instrument_id': 'EUR/USD.IDEALPRO'}]",False,{}
100000.12,2.34,99997.78,USD,IDEALPRO-001,MARGIN,,"[{'type': 'MarginBalance', 'initial': '0.00', 'maintenance': '2.34', 'currency': 'USD', 'instrument_id': 'EUR/USD.IDEALPRO'}]",False,{}
100000.00,0.00,100000.00,EUR,IDEALPRO-001,MARGIN,,"[{'type': 'MarginBalance', 'initial': '0.00', 'maintenance': '2.34', 'currency': 'USD', 'instrument_id': 'EUR/USD.IDEALPRO'}]",False,{}
100000.12,2.34,99997.78,USD,IDEALPRO-001,MARGIN,,"[{'type': 'MarginBalance', 'initial': '0.00', 'maintenance': '2.34', 'currency': 'USD', 'instrument_id': 'EUR/USD.IDEALPRO'}]",False,{}
100000.00,0.00,100000.00,EUR,IDEALPRO-001,MARGIN,,"[{'type': 'MarginBalance', 'initial': '0.00', 'maintenance': '2.34', 'currency': 'USD', 'instrument_id': 'EUR/USD.IDEALPRO'}]",False,{}
100000.12,2.34,99997.78,USD,IDEALPRO-001,MARGIN,,"[{'type': 'MarginBalance', 'initial': '0.00', 'maintenance': '2.34', 'currency': 'USD', 'instrument_id': 'EUR/USD.IDEALPRO'}]",False,{}
100000.00,0.00,100000.00,EUR,IDEALPRO-001,MARGIN,,"[{'type': 'MarginBalance', 'initial': '0.00', 'maintenance': '2.34', 'currency': 'USD', 'instrument_id': 'EUR/USD.IDEALPRO'}]",False,{}
100000.10,0.00,100000.10,USD,IDEALPRO-001,MARGIN,,[],False,{}
100000.00,0.00,100000.00,EUR,IDEALPRO-001,MARGIN,,[],False,{}
100000.10,0.00,100000.10,USD,IDEALPRO-001,MARGIN,,[],False,{}
100000.00,0.00,100000.00,EUR,IDEALPRO-001,MARGIN,,[],False,{}
100000.10,0.00,100000.10,USD,IDEALPRO-001,MARGIN,,[],False,{}
100000.00,0.00,100000.00,EUR,IDEALPRO-001,MARGIN,,[],False,{}
100000.10,0.00,100000.10,USD,IDEALPRO-001,MARGIN,,[],False,{}
100000.00,0.00,100000.00,EUR,IDEALPRO-001,MARGIN,,[],False,{}
100000.10,0.00,100000.10,USD,IDEALPRO-001,MARGIN,,[],False,{}
100000.00,0.00,100000.00,EUR,IDEALPRO-001,MARGIN,,[],False,{}
100000.10,0.00,100000.10,USD,IDEALPRO-001,MARGIN,,[],False,{}
100000.00,0.00,100000.00,EUR,IDEALPRO-001,MARGIN,,[],False,{}
100000.10,2.34,99997.76,USD,IDEALPRO-001,MARGIN,,"[{'type': 'MarginBalance', 'initial': '0.00', 'maintenance': '2.34', 'currency': 'USD', 'instrument_id': 'EUR/USD.IDEALPRO'}]",False,{}
100000.00,0.00,100000.00,EUR,IDEALPRO-001,MARGIN,,"[{'type': 'MarginBalance', 'initial': '0.00', 'maintenance': '2.34', 'currency': 'USD', 'instrument_id': 'EUR/USD.IDEALPRO'}]",False,{}
100000.10,2.34,99997.76,USD,IDEALPRO-001,MARGIN,,"[{'type': 'MarginBalance', 'initial': '0.00', 'maintenance': '2.34', 'currency': 'USD', 'instrument_id': 'EUR/USD.IDEALPRO'}]",False,{}
100000.00,0.00,100000.00,EUR,IDEALPRO-001,MARGIN,,"[{'type': 'MarginBalance', 'initial': '0.00', 'maintenance': '2.34', 'currency': 'USD', 'instrument_id': 'EUR/USD.IDEALPRO'}]",False,{}
100000.10,2.34,99997.76,USD,IDEALPRO-001,MARGIN,,"[{'type': 'MarginBalance', 'initial': '0.00', 'maintenance': '2.34', 'currency': 'USD', 'instrument_id': 'EUR/USD.IDEALPRO'}]",False,{}
100000.00,0.00,100000.00,EUR,IDEALPRO-001,MARGIN,,"[{'type': 'MarginBalance', 'initial': '0.00', 'maintenance': '2.34', 'currency': 'USD', 'instrument_id': 'EUR/USD.IDEALPRO'}]",False,{}
100000.10,2.34,99997.76,USD,IDEALPRO-001,MARGIN,,"[{'type': 'MarginBalance', 'initial': '0.00', 'maintenance': '2.34', 'currency': 'USD', 'instrument_id': 'EUR/USD.IDEALPRO'}]",False,{}
100000.00,0.00,100000.00,EUR,IDEALPRO-001,MARGIN,,"[{'type': 'MarginBalance', 'initial': '0.00', 'maintenance': '2.34', 'currency': 'USD', 'instrument_id': 'EUR/USD.IDEALPRO'}]",False,{}
100000.07,0.00,100000.07,USD,IDEALPRO-001,MARGIN,,[],False,{}
100000.00,0.00,100000.00,EUR,IDEALPRO-001,MARGIN,,[],False,{}
100000.07,0.00,100000.07,USD,IDEALPRO-001,MARGIN,,[],False,{}
100000.00,0.00,100000.00,EUR,IDEALPRO-001,MARGIN,,[],False,{}
100000.07,0.00,100000.07,USD,IDEALPRO-001,MARGIN,,[],False,{}
100000.00,0.00,100000.00,EUR,IDEALPRO-001,MARGIN,,[],False,{}
100000.07,0.00,100000.07,USD,IDEALPRO-001,MARGIN,,[],False,{}
100000.00,0.00,100000.00,EUR,IDEALPRO-001,MARGIN,,[],False,{}
100000.07,0.00,100000.07,USD,IDEALPRO-001,MARGIN,,[],False,{}
100000.00,0.00,100000.00,EUR,IDEALPRO-001,MARGIN,,[],False,{}
100000.07,0.00,100000.07,USD,IDEALPRO-001,MARGIN,,[],False,{}
100000.00,0.00,100000.00,EUR,IDEALPRO-001,MARGIN,,[],False,{}
100000.07,2.34,99997.73,USD,IDEALPRO-001,MARGIN,,"[{'type': 'MarginBalance', 'initial': '0.00', 'maintenance': '2.34', 'currency': 'USD', 'instrument_id': 'EUR/USD.IDEALPRO'}]",False,{}
100000.00,0.00,100000.00,EUR,IDEALPRO-001,MARGIN,,"[{'type': 'MarginBalance', 'initial': '0.00', 'maintenance': '2.34', 'currency': 'USD', 'instrument_id': 'EUR/USD.IDEALPRO'}]",False,{}
100000.07,2.34,99997.73,USD,IDEALPRO-001,MARGIN,,"[{'type': 'MarginBalance', 'initial': '0.00', 'maintenance': '2.34', 'currency': 'USD', 'instrument_id': 'EUR/USD.IDEALPRO'}]",False,{}
100000.00,0.00,100000.00,EUR,IDEALPRO-001,MARGIN,,"[{'type': 'MarginBalance', 'initial': '0.00', 'maintenance': '2.34', 'currency': 'USD', 'instrument_id': 'EUR/USD.IDEALPRO'}]",False,{}
100000.07,2.34,99997.73,USD,IDEALPRO-001,MARGIN,,"[{'type': 'MarginBalance', 'initial': '0.00', 'maintenance': '2.34', 'currency': 'USD', 'instrument_id': 'EUR/USD.IDEALPRO'}]",False,{}
100000.00,0.00,100000.00,EUR,IDEALPRO-001,MARGIN,,"[{'type': 'MarginBalance', 'initial': '0.00', 'maintenance': '2.34', 'currency': 'USD', 'instrument_id': 'EUR/USD.IDEALPRO'}]",False,{}
100000.07,2.34,99997.73,USD,IDEALPRO-001,MARGIN,,"[{'type': 'MarginBalance', 'initial': '0.00', 'maintenance': '2.34', 'currency': 'USD', 'instrument_id': 'EUR/USD.IDEALPRO'}]",False,{}
100000.00,0.00,100000.00,EUR,IDEALPRO-001,MARGIN,,"[{'type': 'MarginBalance', 'initial': '0.00', 'maintenance': '2.34', 'currency': 'USD', 'instrument_id': 'EUR/USD.IDEALPRO'}]",False,{}
100000.03,0.00,100000.03,USD,IDEALPRO-001,MARGIN,,[],False,{}
100000.00,0.00,100000.00,EUR,IDEALPRO-001,MARGIN,,[],False,{}
100000.03,0.00,100000.03,USD,IDEALPRO-001,MARGIN,,[],False,{}
100000.00,0.00,100000.00,EUR,IDEALPRO-001,MARGIN,,[],False,{}
100000.03,0.00,100000.03,USD,IDEALPRO-001,MARGIN,,[],False,{}
100000.00,0.00,100000.00,EUR,IDEALPRO-001,MARGIN,,[],False,{}
100000.03,0.00,100000.03,USD,IDEALPRO-001,MARGIN,,[],False,{}
100000.00,0.00,100000.00,EUR,IDEALPRO-001,MARGIN,,[],False,{}
100000.03,0.00,100000.03,USD,IDEALPRO-001,MARGIN,,[],False,{}
100000.00,0.00,100000.00,EUR,IDEALPRO-001,MARGIN,,[],False,{}
100000.03,0.00,100000.03,USD,IDEALPRO-001,MARGIN,,[],False,{}
100000.00,0.00,100000.00,EUR,IDEALPRO-001,MARGIN,,[],False,{}
100000.03,2.34,99997.69,USD,IDEALPRO-001,MARGIN,,"[{'type': 'MarginBalance', 'initial': '0.00', 'maintenance': '2.34', 'currency': 'USD', 'instrument_id': 'EUR/USD.IDEALPRO'}]",False,{}
100000.00,0.00,100000.00,EUR,IDEALPRO-001,MARGIN,,"[{'type': 'MarginBalance', 'initial': '0.00', 'maintenance': '2.34', 'currency': 'USD', 'instrument_id': 'EUR/USD.IDEALPRO'}]",False,{}
100000.03,2.34,99997.69,USD,IDEALPRO-001,MARGIN,,"[{'type': 'MarginBalance', 'initial': '0.00', 'maintenance': '2.34', 'currency': 'USD', 'instrument_id': 'EUR/USD.IDEALPRO'}]",False,{}
100000.00,0.00,100000.00,EUR,IDEALPRO-001,MARGIN,,"[{'type': 'MarginBalance', 'initial': '0.00', 'maintenance': '2.34', 'currency': 'USD', 'instrument_id': 'EUR/USD.IDEALPRO'}]",False,{}
100000.03,2.34,99997.69,USD,IDEALPRO-001,MARGIN,,"[{'type': 'MarginBalance', 'initial': '0.00', 'maintenance': '2.34', 'currency': 'USD', 'instrument_id': 'EUR/USD.IDEALPRO'}]",False,{}
100000.00,0.00,100000.00,EUR,IDEALPRO-001,MARGIN,,"[{'type': 'MarginBalance', 'initial': '0.00', 'maintenance': '2.34', 'currency': 'USD', 'instrument_id': 'EUR/USD.IDEALPRO'}]",False,{}
100000.03,2.34,99997.69,USD,IDEALPRO-001,MARGIN,,"[{'type': 'MarginBalance', 'initial': '0.00', 'maintenance': '2.34', 'currency': 'USD', 'instrument_id': 'EUR/USD.IDEALPRO'}]",False,{}
100000.00,0.00,100000.00,EUR,IDEALPRO-001,MARGIN,,"[{'type': 'MarginBalance', 'initial': '0.00', 'maintenance': '2.34', 'currency': 'USD', 'instrument_id': 'EUR/USD.IDEALPRO'}]",False,{}
100000.01,0.00,100000.01,USD,IDEALPRO-001,MARGIN,,[],False,{}
100000.00,0.00,100000.00,EUR,IDEALPRO-001,MARGIN,,[],False,{}
100000.01,0.00,100000.01,USD,IDEALPRO-001,MARGIN,,[],False,{}
100000.00,0.00,100000.00,EUR,IDEALPRO-001,MARGIN,,[],False,{}
100000.01,0.00,100000.01,USD,IDEALPRO-001,MARGIN,,[],False,{}
100000.00,0.00,100000.00,EUR,IDEALPRO-001,MARGIN,,[],False,{}
100000.01,0.00,100000.01,USD,IDEALPRO-001,MARGIN,,[],False,{}
100000.00,0.00,100000.00,EUR,IDEALPRO-001,MARGIN,,[],False,{}
100000.01,0.00,100000.01,USD,IDEALPRO-001,MARGIN,,[],False,{}
100000.00,0.00,100000.00,EUR,IDEALPRO-001,MARGIN,,[],False,{}
100000.01,0.00,100000.01,USD,IDEALPRO-001,MARGIN,,[],False,{}
100000.00,0.00,100000.00,EUR,IDEALPRO-001,MARGIN,,[],False,{}
100000.01,2.34,99997.67,USD,IDEALPRO-001,MARGIN,,"[{'type': 'MarginBalance', 'initial': '0.00', 'maintenance': '2.34', 'currency': 'USD', 'instrument_id': 'EUR/USD.IDEALPRO'}]",False,{}
100000.00,0.00,100000.00,EUR,IDEALPRO-001,MARGIN,,"[{'type': 'MarginBalance', 'initial': '0.00', 'maintenance': '2.34', 'currency': 'USD', 'instrument_id': 'EUR/USD.IDEALPRO'}]",False,{}
100000.01,2.34,99997.67,USD,IDEALPRO-001,MARGIN,,"[{'type': 'MarginBalance', 'initial': '0.00', 'maintenance': '2.34', 'currency': 'USD', 'instrument_id': 'EUR/USD.IDEALPRO'}]",False,{}
100000.00,0.00,100000.00,EUR,IDEALPRO-001,MARGIN,,"[{'type': 'MarginBalance', 'initial': '0.00', 'maintenance': '2.34', 'currency': 'USD', 'instrument_id': 'EUR/USD.IDEALPRO'}]",False,{}
100000.01,2.34,99997.67,USD,IDEALPRO-001,MARGIN,,"[{'type': 'MarginBalance', 'initial': '0.00', 'maintenance': '2.34', 'currency': 'USD', 'instrument_id': 'EUR/USD.IDEALPRO'}]",False,{}
100000.00,0.00,100000.00,EUR,IDEALPRO-001,MARGIN,,"[{'type': 'MarginBalance', 'initial': '0.00', 'maintenance': '2.34', 'currency': 'USD', 'instrument_id': 'EUR/USD.IDEALPRO'}]",False,{}
100000.01,2.34,99997.67,USD,IDEALPRO-001,MARGIN,,"[{'type': 'MarginBalance', 'initial': '0.00', 'maintenance': '2.34', 'currency': 'USD', 'instrument_id': 'EUR/USD.IDEALPRO'}]",False,{}
100000.00,0.00,100000.00,EUR,IDEALPRO-001,MARGIN,,"[{'type': 'MarginBalance', 'initial': '0.00', 'maintenance': '2.34', 'currency': 'USD', 'instrument_id': 'EUR/USD.IDEALPRO'}]",False,{}
100000.09,0.00,100000.09,USD,IDEALPRO-001,MARGIN,,[],False,{}
100000.00,0.00,100000.00,EUR,IDEALPRO-001,MARGIN,,[],False,{}
100000.09,0.00,100000.09,USD,IDEALPRO-001,MARGIN,,[],False,{}
100000.00,0.00,100000.00,EUR,IDEALPRO-001,MARGIN,,[],False,{}
100000.09,0.00,100000.09,USD,IDEALPRO-001,MARGIN,,[],False,{}
100000.00,0.00,100000.00,EUR,IDEALPRO-001,MARGIN,,[],False,{}
100000.09,0.00,100000.09,USD,IDEALPRO-001,MARGIN,,[],False,{}
100000.00,0.00,100000.00,EUR,IDEALPRO-001,MARGIN,,[],False,{}
100000.09,0.00,100000.09,USD,IDEALPRO-001,MARGIN,,[],False,{}
100000.00,0.00,100000.00,EUR,IDEALPRO-001,MARGIN,,[],False,{}
100000.09,0.00,100000.09,USD,IDEALPRO-001,MARGIN,,[],False,{}
100000.00,0.00,100000.00,EUR,IDEALPRO-001,MARGIN,,[],False,{}
100000.09,2.34,99997.75,USD,IDEALPRO-001,MARGIN,,"[{'type': 'MarginBalance', 'initial': '0.00', 'maintenance': '2.34', 'currency': 'USD', 'instrument_id': 'EUR/USD.IDEALPRO'}]",False,{}
100000.00,0.00,100000.00,EUR,IDEALPRO-001,MARGIN,,"[{'type': 'MarginBalance', 'initial': '0.00', 'maintenance': '2.34', 'currency': 'USD', 'instrument_id': 'EUR/USD.IDEALPRO'}]",False,{}
100000.09,2.34,99997.75,USD,IDEALPRO-001,MARGIN,,"[{'type': 'MarginBalance', 'initial': '0.00', 'maintenance': '2.34', 'currency': 'USD', 'instrument_id': 'EUR/USD.IDEALPRO'}]",False,{}
100000.00,0.00,100000.00,EUR,IDEALPRO-001,MARGIN,,"[{'type': 'MarginBalance', 'initial': '0.00', 'maintenance': '2.34', 'currency': 'USD', 'instrument_id': 'EUR/USD.IDEALPRO'}]",False,{}
100000.09,2.34,99997.75,USD,IDEALPRO-001,MARGIN,,"[{'type': 'MarginBalance', 'initial': '0.00', 'maintenance': '2.34', 'currency': 'USD', 'instrument_id': 'EUR/USD.IDEALPRO'}]",False,{}
100000.00,0.00,100000.00,EUR,IDEALPRO-001,MARGIN,,"[{'type': 'MarginBalance', 'initial': '0.00', 'maintenance': '2.34', 'currency': 'USD', 'instrument_id': 'EUR/USD.IDEALPRO'}]",False,{}
100000.09,2.34,99997.75,USD,IDEALPRO-001,MARGIN,,"[{'type': 'MarginBalance', 'initial': '0.00', 'maintenance': '2.34', 'currency': 'USD', 'instrument_id': 'EUR/USD.IDEALPRO'}]",False,{}
100000.00,0.00,100000.00,EUR,IDEALPRO-001,MARGIN,,"[{'type': 'MarginBalance', 'initial': '0.00', 'maintenance': '2.34', 'currency': 'USD', 'instrument_id': 'EUR/USD.IDEALPRO'}]",False,{}
100000.08,0.00,100000.08,USD,IDEALPRO-001,MARGIN,,[],False,{}
100000.00,0.00,100000.00,EUR,IDEALPRO-001,MARGIN,,[],False,{}
100000.08,0.00,100000.08,USD,IDEALPRO-001,MARGIN,,[],False,{}
100000.00,0.00,100000.00,EUR,IDEALPRO-001,MARGIN,,[],False,{}
100000.08,0.00,100000.08,USD,IDEALPRO-001,MARGIN,,[],False,{}
100000.00,0.00,100000.00,EUR,IDEALPRO-001,MARGIN,,[],False,{}
100000.08,0.00,100000.08,USD,IDEALPRO-001,MARGIN,,[],False,{}
100000.00,0.00,100000.00,EUR,IDEALPRO-001,MARGIN,,[],False,{}
100000.08,0.00,100000.08,USD,IDEALPRO-001,MARGIN,,[],False,{}
100000.00,0.00,100000.00,EUR,IDEALPRO-001,MARGIN,,[],False,{}
100000.08,0.00,100000.08,USD,IDEALPRO-001,MARGIN,,[],False,{}
100000.00,0.00,100000.00,EUR,IDEALPRO-001,MARGIN,,[],False,{}
100000.08,2.34,99997.74,USD,IDEALPRO-001,MARGIN,,"[{'type': 'MarginBalance', 'initial': '0.00', 'maintenance': '2.34', 'currency': 'USD', 'instrument_id': 'EUR/USD.IDEALPRO'}]",False,{}
100000.00,0.00,100000.00,EUR,IDEALPRO-001,MARGIN,,"[{'type': 'MarginBalance', 'initial': '0.00', 'maintenance': '2.34', 'currency': 'USD', 'instrument_id': 'EUR/USD.IDEALPRO'}]",False,{}
100000.08,2.34,99997.74,USD,IDEALPRO-001,MARGIN,,"[{'type': 'MarginBalance', 'initial': '0.00', 'maintenance': '2.34', 'currency': 'USD', 'instrument_id': 'EUR/USD.IDEALPRO'}]",False,{}
100000.00,0.00,100000.00,EUR,IDEALPRO-001,MARGIN,,"[{'type': 'MarginBalance', 'initial': '0.00', 'maintenance': '2.34', 'currency': 'USD', 'instrument_id': 'EUR/USD.IDEALPRO'}]",False,{}
100000.08,2.34,99997.74,USD,IDEALPRO-001,MARGIN,,"[{'type': 'MarginBalance', 'initial': '0.00', 'maintenance': '2.34', 'currency': 'USD', 'instrument_id': 'EUR/USD.IDEALPRO'}]",False,{}
100000.00,0.00,100000.00,EUR,IDEALPRO-001,MARGIN,,"[{'type': 'MarginBalance', 'initial': '0.00', 'maintenance': '2.34', 'currency': 'USD', 'instrument_id': 'EUR/USD.IDEALPRO'}]",False,{}
100000.08,2.34,99997.74,USD,IDEALPRO-001,MARGIN,,"[{'type': 'MarginBalance', 'initial': '0.00', 'maintenance': '2.34', 'currency': 'USD', 'instrument_id': 'EUR/USD.IDEALPRO'}]",False,{}
100000.00,0.00,100000.00,EUR,IDEALPRO-001,MARGIN,,"[{'type': 'MarginBalance', 'initial': '0.00', 'maintenance': '2.34', 'currency': 'USD', 'instrument_id': 'EUR/USD.IDEALPRO'}]",False,{}
100000.06,0.00,100000.06,USD,IDEALPRO-001,MARGIN,,[],False,{}
100000.00,0.00,100000.00,EUR,IDEALPRO-001,MARGIN,,[],False,{}
100000.06,0.00,100000.06,USD,IDEALPRO-001,MARGIN,,[],False,{}
100000.00,0.00,100000.00,EUR,IDEALPRO-001,MARGIN,,[],False,{}
100000.06,0.00,100000.06,USD,IDEALPRO-001,MARGIN,,[],False,{}
100000.00,0.00,100000.00,EUR,IDEALPRO-001,MARGIN,,[],False,{}
100000.06,0.00,100000.06,USD,IDEALPRO-001,MARGIN,,[],False,{}
100000.00,0.00,100000.00,EUR,IDEALPRO-001,MARGIN,,[],False,{}
100000.06,0.00,100000.06,USD,IDEALPRO-001,MARGIN,,[],False,{}
100000.00,0.00,100000.00,EUR,IDEALPRO-001,MARGIN,,[],False,{}
100000.06,0.00,100000.06,USD,IDEALPRO-001,MARGIN,,[],False,{}
100000.00,0.00,100000.00,EUR,IDEALPRO-001,MARGIN,,[],False,{}
100000.06,2.34,99997.72,USD,IDEALPRO-001,MARGIN,,"[{'type': 'MarginBalance', 'initial': '0.00', 'maintenance': '2.34', 'currency': 'USD', 'instrument_id': 'EUR/USD.IDEALPRO'}]",False,{}
100000.00,0.00,100000.00,EUR,IDEALPRO-001,MARGIN,,"[{'type': 'MarginBalance', 'initial': '0.00', 'maintenance': '2.34', 'currency': 'USD', 'instrument_id': 'EUR/USD.IDEALPRO'}]",False,{}
100000.06,2.34,99997.72,USD,IDEALPRO-001,MARGIN,,"[{'type': 'MarginBalance', 'initial': '0.00', 'maintenance': '2.34', 'currency': 'USD', 'instrument_id': 'EUR/USD.IDEALPRO'}]",False,{}
100000.00,0.00,100000.00,EUR,IDEALPRO-001,MARGIN,,"[{'type': 'MarginBalance', 'initial': '0.00', 'maintenance': '2.34', 'currency': 'USD', 'instrument_id': 'EUR/USD.IDEALPRO'}]",False,{}
100000.06,2.34,99997.72,USD,IDEALPRO-001,MARGIN,,"[{'type': 'MarginBalance', 'initial': '0.00', 'maintenance': '2.34', 'currency': 'USD', 'instrument_id': 'EUR/USD.IDEALPRO'}]",False,{}
100000.00,0.00,100000.00,EUR,IDEALPRO-001,MARGIN,,"[{'type': 'MarginBalance', 'initial': '0.00', 'maintenance': '2.34', 'currency': 'USD', 'instrument_id': 'EUR/USD.IDEALPRO'}]",False,{}
100000.06,2.34,99997.72,USD,IDEALPRO-001,MARGIN,,"[{'type': 'MarginBalance', 'initial': '0.00', 'maintenance': '2.34', 'currency': 'USD', 'instrument_id': 'EUR/USD.IDEALPRO'}]",False,{}
100000.00,0.00,100000.00,EUR,IDEALPRO-001,MARGIN,,"[{'type': 'MarginBalance', 'initial': '0.00', 'maintenance': '2.34', 'currency': 'USD', 'instrument_id': 'EUR/USD.IDEALPRO'}]",False,{}
100000.09,0.00,100000.09,USD,IDEALPRO-001,MARGIN,,[],False,{}
100000.00,0.00,100000.00,EUR,IDEALPRO-001,MARGIN,,[],False,{}
100000.09,0.00,100000.09,USD,IDEALPRO-001,MARGIN,,[],False,{}
100000.00,0.00,100000.00,EUR,IDEALPRO-001,MARGIN,,[],False,{}
100000.09,0.00,100000.09,USD,IDEALPRO-001,MARGIN,,[],False,{}
100000.00,0.00,100000.00,EUR,IDEALPRO-001,MARGIN,,[],False,{}
100000.09,0.00,100000.09,USD,IDEALPRO-001,MARGIN,,[],False,{}
100000.00,0.00,100000.00,EUR,IDEALPRO-001,MARGIN,,[],False,{}
100000.09,0.00,100000.09,USD,IDEALPRO-001,MARGIN,,[],False,{}
100000.00,0.00,100000.00,EUR,IDEALPRO-001,MARGIN,,[],False,{}
100000.09,0.00,100000.09,USD,IDEALPRO-001,MARGIN,,[],False,{}
100000.00,0.00,100000.00,EUR,IDEALPRO-001,MARGIN,,[],False,{}
100000.09,2.34,99997.75,USD,IDEALPRO-001,MARGIN,,"[{'type': 'MarginBalance', 'initial': '0.00', 'maintenance': '2.34', 'currency': 'USD', 'instrument_id': 'EUR/USD.IDEALPRO'}]",False,{}
100000.00,0.00,100000.00,EUR,IDEALPRO-001,MARGIN,,"[{'type': 'MarginBalance', 'initial': '0.00', 'maintenance': '2.34', 'currency': 'USD', 'instrument_id': 'EUR/USD.IDEALPRO'}]",False,{}
100000.09,2.34,99997.75,USD,IDEALPRO-001,MARGIN,,"[{'type': 'MarginBalance', 'initial': '0.00', 'maintenance': '2.34', 'currency': 'USD', 'instrument_id': 'EUR/USD.IDEALPRO'}]",False,{}
100000.00,0.00,100000.00,EUR,IDEALPRO-001,MARGIN,,"[{'type': 'MarginBalance', 'initial': '0.00', 'maintenance': '2.34', 'currency': 'USD', 'instrument_id': 'EUR/USD.IDEALPRO'}]",False,{}
100000.09,2.34,99997.75,USD,IDEALPRO-001,MARGIN,,"[{'type': 'MarginBalance', 'initial': '0.00', 'maintenance': '2.34', 'currency': 'USD', 'instrument_id': 'EUR/USD.IDEALPRO'}]",False,{}
100000.00,0.00,100000.00,EUR,IDEALPRO-001,MARGIN,,"[{'type': 'MarginBalance', 'initial': '0.00', 'maintenance': '2.34', 'currency': 'USD', 'instrument_id': 'EUR/USD.IDEALPRO'}]",False,{}
100000.09,2.34,99997.75,USD,IDEALPRO-001,MARGIN,,"[{'type': 'MarginBalance', 'initial': '0.00', 'maintenance': '2.34', 'currency': 'USD', 'instrument_id': 'EUR/USD.IDEALPRO'}]",False,{}
100000.00,0.00,100000.00,EUR,IDEALPRO-001,MARGIN,,"[{'type': 'MarginBalance', 'initial': '0.00', 'maintenance': '2.34', 'currency': 'USD', 'instrument_id': 'EUR/USD.IDEALPRO'}]",False,{}
100000.07,0.00,100000.07,USD,IDEALPRO-001,MARGIN,,[],False,{}
100000.00,0.00,100000.00,EUR,IDEALPRO-001,MARGIN,,[],False,{}
100000.07,0.00,100000.07,USD,IDEALPRO-001,MARGIN,,[],False,{}
100000.00,0.00,100000.00,EUR,IDEALPRO-001,MARGIN,,[],False,{}
100000.07,0.00,100000.07,USD,IDEALPRO-001,MARGIN,,[],False,{}
100000.00,0.00,100000.00,EUR,IDEALPRO-001,MARGIN,,[],False,{}
100000.07,0.00,100000.07,USD,IDEALPRO-001,MARGIN,,[],False,{}
100000.00,0.00,100000.00,EUR,IDEALPRO-001,MARGIN,,[],False,{}
100000.07,0.00,100000.07,USD,IDEALPRO-001,MARGIN,,[],False,{}
100000.00,0.00,100000.00,EUR,IDEALPRO-001,MARGIN,,[],False,{}
100000.07,0.00,100000.07,USD,IDEALPRO-001,MARGIN,,[],False,{}
100000.00,0.00,100000.00,EUR,IDEALPRO-001,MARGIN,,[],False,{}
100000.07,2.34,99997.73,USD,IDEALPRO-001,MARGIN,,"[{'type': 'MarginBalance', 'initial': '0.00', 'maintenance': '2.34', 'currency': 'USD', 'instrument_id': 'EUR/USD.IDEALPRO'}]",False,{}
100000.00,0.00,100000.00,EUR,IDEALPRO-001,MARGIN,,"[{'type': 'MarginBalance', 'initial': '0.00', 'maintenance': '2.34', 'currency': 'USD', 'instrument_id': 'EUR/USD.IDEALPRO'}]",False,{}
100000.07,2.34,99997.73,USD,IDEALPRO-001,MARGIN,,"[{'type': 'MarginBalance', 'initial': '0.00', 'maintenance': '2.34', 'currency': 'USD', 'instrument_id': 'EUR/USD.IDEALPRO'}]",False,{}
100000.00,0.00,100000.00,EUR,IDEALPRO-001,MARGIN,,"[{'type': 'MarginBalance', 'initial': '0.00', 'maintenance': '2.34', 'currency': 'USD', 'instrument_id': 'EUR/USD.IDEALPRO'}]",False,{}
100000.07,2.34,99997.73,USD,IDEALPRO-001,MARGIN,,"[{'type': 'MarginBalance', 'initial': '0.00', 'maintenance': '2.34', 'currency': 'USD', 'instrument_id': 'EUR/USD.IDEALPRO'}]",False,{}
100000.00,0.00,100000.00,EUR,IDEALPRO-001,MARGIN,,"[{'type': 'MarginBalance', 'initial': '0.00', 'maintenance': '2.34', 'currency': 'USD', 'instrument_id': 'EUR/USD.IDEALPRO'}]",False,{}
100000.07,2.34,99997.73,USD,IDEALPRO-001,MARGIN,,"[{'type': 'MarginBalance', 'initial': '0.00', 'maintenance': '2.34', 'currency': 'USD', 'instrument_id': 'EUR/USD.IDEALPRO'}]",False,{}
100000.00,0.00,100000.00,EUR,IDEALPRO-001,MARGIN,,"[{'type': 'MarginBalance', 'initial': '0.00', 'maintenance': '2.34', 'currency': 'USD', 'instrument_id': 'EUR/USD.IDEALPRO'}]",False,{}
100000.15,0.00,100000.15,USD,IDEALPRO-001,MARGIN,,[],False,{}
100000.00,0.00,100000.00,EUR,IDEALPRO-001,MARGIN,,[],False,{}
100000.15,0.00,100000.15,USD,IDEALPRO-001,MARGIN,,[],False,{}
100000.00,0.00,100000.00,EUR,IDEALPRO-001,MARGIN,,[],False,{}
100000.15,0.00,100000.15,USD,IDEALPRO-001,MARGIN,,[],False,{}
100000.00,0.00,100000.00,EUR,IDEALPRO-001,MARGIN,,[],False,{}
100000.15,0.00,100000.15,USD,IDEALPRO-001,MARGIN,,[],False,{}
100000.00,0.00,100000.00,EUR,IDEALPRO-001,MARGIN,,[],False,{}
100000.15,0.00,100000.15,USD,IDEALPRO-001,MARGIN,,[],False,{}
100000.00,0.00,100000.00,EUR,IDEALPRO-001,MARGIN,,[],False,{}
100000.15,0.00,100000.15,USD,IDEALPRO-001,MARGIN,,[],False,{}
100000.00,0.00,100000.00,EUR,IDEALPRO-001,MARGIN,,[],False,{}
100000.15,2.34,99997.81,USD,IDEALPRO-001,MARGIN,,"[{'type': 'MarginBalance', 'initial': '0.00', 'maintenance': '2.34', 'currency': 'USD', 'instrument_id': 'EUR/USD.IDEALPRO'}]",False,{}
100000.00,0.00,100000.00,EUR,IDEALPRO-001,MARGIN,,"[{'type': 'MarginBalance', 'initial': '0.00', 'maintenance': '2.34', 'currency': 'USD', 'instrument_id': 'EUR/USD.IDEALPRO'}]",False,{}
100000.15,2.34,99997.81,USD,IDEALPRO-001,MARGIN,,"[{'type': 'MarginBalance', 'initial': '0.00', 'maintenance': '2.34', 'currency': 'USD', 'instrument_id': 'EUR/USD.IDEALPRO'}]",False,{}
100000.00,0.00,100000.00,EUR,IDEALPRO-001,MARGIN,,"[{'type': 'MarginBalance', 'initial': '0.00', 'maintenance': '2.34', 'currency': 'USD', 'instrument_id': 'EUR/USD.IDEALPRO'}]",False,{}
100000.15,2.34,99997.81,USD,IDEALPRO-001,MARGIN,,"[{'type': 'MarginBalance', 'initial': '0.00', 'maintenance': '2.34', 'currency': 'USD', 'instrument_id': 'EUR/USD.IDEALPRO'}]",False,{}
100000.00,0.00,100000.00,EUR,IDEALPRO-001,MARGIN,,"[{'type': 'MarginBalance', 'initial': '0.00', 'maintenance': '2.34', 'currency': 'USD', 'instrument_id': 'EUR/USD.IDEALPRO'}]",False,{}
100000.15,2.34,99997.81,USD,IDEALPRO-001,MARGIN,,"[{'type': 'MarginBalance', 'initial': '0.00', 'maintenance': '2.34', 'currency': 'USD', 'instrument_id': 'EUR/USD.IDEALPRO'}]",False,{}
100000.00,0.00,100000.00,EUR,IDEALPRO-001,MARGIN,,"[{'type': 'MarginBalance', 'initial': '0.00', 'maintenance': '2.34', 'currency': 'USD', 'instrument_id': 'EUR/USD.IDEALPRO'}]",False,{}
100000.19,0.00,100000.19,USD,IDEALPRO-001,MARGIN,,[],False,{}
100000.00,0.00,100000.00,EUR,IDEALPRO-001,MARGIN,,[],False,{}
100000.19,0.00,100000.19,USD,IDEALPRO-001,MARGIN,,[],False,{}
100000.00,0.00,100000.00,EUR,IDEALPRO-001,MARGIN,,[],False,{}
100000.19,0.00,100000.19,USD,IDEALPRO-001,MARGIN,,[],False,{}
100000.00,0.00,100000.00,EUR,IDEALPRO-001,MARGIN,,[],False,{}
100000.19,0.00,100000.19,USD,IDEALPRO-001,MARGIN,,[],False,{}
100000.00,0.00,100000.00,EUR,IDEALPRO-001,MARGIN,,[],False,{}
100000.19,0.00,100000.19,USD,IDEALPRO-001,MARGIN,,[],False,{}
100000.00,0.00,100000.00,EUR,IDEALPRO-001,MARGIN,,[],False,{}
100000.19,0.00,100000.19,USD,IDEALPRO-001,MARGIN,,[],False,{}
100000.00,0.00,100000.00,EUR,IDEALPRO-001,MARGIN,,[],False,{}
100000.19,2.34,99997.85,USD,IDEALPRO-001,MARGIN,,"[{'type': 'MarginBalance', 'initial': '0.00', 'maintenance': '2.34', 'currency': 'USD', 'instrument_id': 'EUR/USD.IDEALPRO'}]",False,{}
100000.00,0.00,100000.00,EUR,IDEALPRO-001,MARGIN,,"[{'type': 'MarginBalance', 'initial': '0.00', 'maintenance': '2.34', 'currency': 'USD', 'instrument_id': 'EUR/USD.IDEALPRO'}]",False,{}
100000.19,2.34,99997.85,USD,IDEALPRO-001,MARGIN,,"[{'type': 'MarginBalance', 'initial': '0.00', 'maintenance': '2.34', 'currency': 'USD', 'instrument_id': 'EUR/USD.IDEALPRO'}]",False,{}
100000.00,0.00,100000.00,EUR,IDEALPRO-001,MARGIN,,"[{'type': 'MarginBalance', 'initial': '0.00', 'maintenance': '2.34', 'currency': 'USD', 'instrument_id': 'EUR/USD.IDEALPRO'}]",False,{}
100000.19,2.34,99997.85,USD,IDEALPRO-001,MARGIN,,"[{'type': 'MarginBalance', 'initial': '0.00', 'maintenance': '2.34', 'currency': 'USD', 'instrument_id': 'EUR/USD.IDEALPRO'}]",False,{}
100000.00,0.00,100000.00,EUR,IDEALPRO-001,MARGIN,,"[{'type': 'MarginBalance', 'initial': '0.00', 'maintenance': '2.34', 'currency': 'USD', 'instrument_id': 'EUR/USD.IDEALPRO'}]",False,{}
100000.19,2.34,99997.85,USD,IDEALPRO-001,MARGIN,,"[{'type': 'MarginBalance', 'initial': '0.00', 'maintenance': '2.34', 'currency': 'USD', 'instrument_id': 'EUR/USD.IDEALPRO'}]",False,{}
100000.00,0.00,100000.00,EUR,IDEALPRO-001,MARGIN,,"[{'type': 'MarginBalance', 'initial': '0.00', 'maintenance': '2.34', 'currency': 'USD', 'instrument_id': 'EUR/USD.IDEALPRO'}]",False,{}
100000.17,0.00,100000.17,USD,IDEALPRO-001,MARGIN,,[],False,{}
100000.00,0.00,100000.00,EUR,IDEALPRO-001,MARGIN,,[],False,{}
100000.17,0.00,100000.17,USD,IDEALPRO-001,MARGIN,,[],False,{}
100000.00,0.00,100000.00,EUR,IDEALPRO-001,MARGIN,,[],False,{}
100000.17,0.00,100000.17,USD,IDEALPRO-001,MARGIN,,[],False,{}
100000.00,0.00,100000.00,EUR,IDEALPRO-001,MARGIN,,[],False,{}
100000.17,0.00,100000.17,USD,IDEALPRO-001,MARGIN,,[],False,{}
100000.00,0.00,100000.00,EUR,IDEALPRO-001,MARGIN,,[],False,{}
100000.17,0.00,100000.17,USD,IDEALPRO-001,MARGIN,,[],False,{}
100000.00,0.00,100000.00,EUR,IDEALPRO-001,MARGIN,,[],False,{}
100000.17,0.00,100000.17,USD,IDEALPRO-001,MARGIN,,[],False,{}
100000.00,0.00,100000.00,EUR,IDEALPRO-001,MARGIN,,[],False,{}
100000.17,2.34,99997.83,USD,IDEALPRO-001,MARGIN,,"[{'type': 'MarginBalance', 'initial': '0.00', 'maintenance': '2.34', 'currency': 'USD', 'instrument_id': 'EUR/USD.IDEALPRO'}]",False,{}
100000.00,0.00,100000.00,EUR,IDEALPRO-001,MARGIN,,"[{'type': 'MarginBalance', 'initial': '0.00', 'maintenance': '2.34', 'currency': 'USD', 'instrument_id': 'EUR/USD.IDEALPRO'}]",False,{}
100000.17,2.33,99997.84,USD,IDEALPRO-001,MARGIN,,"[{'type': 'MarginBalance', 'initial': '0.00', 'maintenance': '2.33', 'currency': 'USD', 'instrument_id': 'EUR/USD.IDEALPRO'}]",False,{}
100000.00,0.00,100000.00,EUR,IDEALPRO-001,MARGIN,,"[{'type': 'MarginBalance', 'initial': '0.00', 'maintenance': '2.33', 'currency': 'USD', 'instrument_id': 'EUR/USD.IDEALPRO'}]",False,{}
100000.17,2.33,99997.84,USD,IDEALPRO-001,MARGIN,,"[{'type': 'MarginBalance', 'initial': '0.00', 'maintenance': '2.33', 'currency': 'USD', 'instrument_id': 'EUR/USD.IDEALPRO'}]",False,{}
100000.00,0.00,100000.00,EUR,IDEALPRO-001,MARGIN,,"[{'type': 'MarginBalance', 'initial': '0.00', 'maintenance': '2.33', 'currency': 'USD', 'instrument_id': 'EUR/USD.IDEALPRO'}]",False,{}
100000.11,0.00,100000.11,USD,IDEALPRO-001,MARGIN,,[],False,{}
100000.00,0.00,100000.00,EUR,IDEALPRO-001,MARGIN,,[],False,{}
100000.11,0.00,100000.11,USD,IDEALPRO-001,MARGIN,,[],False,{}
100000.00,0.00,100000.00,EUR,IDEALPRO-001,MARGIN,,[],False,{}
100000.11,0.00,100000.11,USD,IDEALPRO-001,MARGIN,,[],False,{}
100000.00,0.00,100000.00,EUR,IDEALPRO-001,MARGIN,,[],False,{}
100000.11,0.00,100000.11,USD,IDEALPRO-001,MARGIN,,[],False,{}
100000.00,0.00,100000.00,EUR,IDEALPRO-001,MARGIN,,[],False,{}
100000.11,0.00,100000.11,USD,IDEALPRO-001,MARGIN,,[],False,{}
100000.00,0.00,100000.00,EUR,IDEALPRO-001,MARGIN,,[],False,{}
100000.11,2.34,99997.77,USD,IDEALPRO-001,MARGIN,,"[{'type': 'MarginBalance', 'initial': '0.00', 'maintenance': '2.34', 'currency': 'USD', 'instrument_id': 'EUR/USD.IDEALPRO'}]",False,{}
100000.00,0.00,100000.00,EUR,IDEALPRO-001,MARGIN,,"[{'type': 'MarginBalance', 'initial': '0.00', 'maintenance': '2.34', 'currency': 'USD', 'instrument_id': 'EUR/USD.IDEALPRO'}]",False,{}
100000.11,2.34,99997.77,USD,IDEALPRO-001,MARGIN,,"[{'type': 'MarginBalance', 'initial': '0.00', 'maintenance': '2.34', 'currency': 'USD', 'instrument_id': 'EUR/USD.IDEALPRO'}]",False,{}
100000.00,0.00,100000.00,EUR,IDEALPRO-001,MARGIN,,"[{'type': 'MarginBalance', 'initial': '0.00', 'maintenance': '2.34', 'currency': 'USD', 'instrument_id': 'EUR/USD.IDEALPRO'}]",False,{}
100000.11,2.34,99997.77,USD,IDEALPRO-001,MARGIN,,"[{'type': 'MarginBalance', 'initial': '0.00', 'maintenance': '2.34', 'currency': 'USD', 'instrument_id': 'EUR/USD.IDEALPRO'}]",False,{}
100000.00,0.00,100000.00,EUR,IDEALPRO-001,MARGIN,,"[{'type': 'MarginBalance', 'initial': '0.00', 'maintenance': '2.34', 'currency': 'USD', 'instrument_id': 'EUR/USD.IDEALPRO'}]",False,{}
100000.11,2.34,99997.77,USD,IDEALPRO-001,MARGIN,,"[{'type': 'MarginBalance', 'initial': '0.00', 'maintenance': '2.34', 'currency': 'USD', 'instrument_id': 'EUR/USD.IDEALPRO'}]",False,{}
100000.00,0.00,100000.00,EUR,IDEALPRO-001,MARGIN,,"[{'type': 'MarginBalance', 'initial': '0.00', 'maintenance': '2.34', 'currency': 'USD', 'instrument_id': 'EUR/USD.IDEALPRO'}]",False,{}
100000.13,0.00,100000.13,USD,IDEALPRO-001,MARGIN,,[],False,{}
100000.00,0.00,100000.00,EUR,IDEALPRO-001,MARGIN,,[],False,{}
100000.13,0.00,100000.13,USD,IDEALPRO-001,MARGIN,,[],False,{}
100000.00,0.00,100000.00,EUR,IDEALPRO-001,MARGIN,,[],False,{}
100000.13,0.00,100000.13,USD,IDEALPRO-001,MARGIN,,[],False,{}
100000.00,0.00,100000.00,EUR,IDEALPRO-001,MARGIN,,[],False,{}
100000.13,0.00,100000.13,USD,IDEALPRO-001,MARGIN,,[],False,{}
100000.00,0.00,100000.00,EUR,IDEALPRO-001,MARGIN,,[],False,{}
100000.13,0.00,100000.13,USD,IDEALPRO-001,MARGIN,,[],False,{}
100000.00,0.00,100000.00,EUR,IDEALPRO-001,MARGIN,,[],False,{}
100000.13,0.00,100000.13,USD,IDEALPRO-001,MARGIN,,[],False,{}
100000.00,0.00,100000.00,EUR,IDEALPRO-001,MARGIN,,[],False,{}
100000.13,2.34,99997.79,USD,IDEALPRO-001,MARGIN,,"[{'type': 'MarginBalance', 'initial': '0.00', 'maintenance': '2.34', 'currency': 'USD', 'instrument_id': 'EUR/USD.IDEALPRO'}]",False,{}
100000.00,0.00,100000.00,EUR,IDEALPRO-001,MARGIN,,"[{'type': 'MarginBalance', 'initial': '0.00', 'maintenance': '2.34', 'currency': 'USD', 'instrument_id': 'EUR/USD.IDEALPRO'}]",False,{}
100000.13,2.33,99997.80,USD,IDEALPRO-001,MARGIN,,"[{'type': 'MarginBalance', 'initial': '0.00', 'maintenance': '2.33', 'currency': 'USD', 'instrument_id': 'EUR/USD.IDEALPRO'}]",False,{}
100000.00,0.00,100000.00,EUR,IDEALPRO-001,MARGIN,,"[{'type': 'MarginBalance', 'initial': '0.00', 'maintenance': '2.33', 'currency': 'USD', 'instrument_id': 'EUR/USD.IDEALPRO'}]",False,{}
100000.13,2.33,99997.80,USD,IDEALPRO-001,MARGIN,,"[{'type': 'MarginBalance', 'initial': '0.00', 'maintenance': '2.33', 'currency': 'USD', 'instrument_id': 'EUR/USD.IDEALPRO'}]",False,{}
100000.00,0.00,100000.00,EUR,IDEALPRO-001,MARGIN,,"[{'type': 'MarginBalance', 'initial': '0.00', 'maintenance': '2.33', 'currency': 'USD', 'instrument_id': 'EUR/USD.IDEALPRO'}]",False,{}
100000.13,2.33,99997.80,USD,IDEALPRO-001,MARGIN,,"[{'type': 'MarginBalance', 'initial': '0.00', 'maintenance': '2.33', 'currency': 'USD', 'instrument_id': 'EUR/USD.IDEALPRO'}]",False,{}
100000.00,0.00,100000.00,EUR,IDEALPRO-001,MARGIN,,"[{'type': 'MarginBalance', 'initial': '0.00', 'maintenance': '2.33', 'currency': 'USD', 'instrument_id': 'EUR/USD.IDEALPRO'}]",False,{}
100000.21,0.00,100000.21,USD,IDEALPRO-001,MARGIN,,[],False,{}
100000.00,0.00,100000.00,EUR,IDEALPRO-001,MARGIN,,[],False,{}
100000.21,0.00,100000.21,USD,IDEALPRO-001,MARGIN,,[],False,{}
100000.00,0.00,100000.00,EUR,IDEALPRO-001,MARGIN,,[],False,{}
100000.21,0.00,100000.21,USD,IDEALPRO-001,MARGIN,,[],False,{}
100000.00,0.00,100000.00,EUR,IDEALPRO-001,MARGIN,,[],False,{}
100000.21,0.00,100000.21,USD,IDEALPRO-001,MARGIN,,[],False,{}
100000.00,0.00,100000.00,EUR,IDEALPRO-001,MARGIN,,[],False,{}
100000.21,0.00,100000.21,USD,IDEALPRO-001,MARGIN,,[],False,{}
100000.00,0.00,100000.00,EUR,IDEALPRO-001,MARGIN,,[],False,{}
100000.21,0.00,100000.21,USD,IDEALPRO-001,MARGIN,,[],False,{}
100000.00,0.00,100000.00,EUR,IDEALPRO-001,MARGIN,,[],False,{}
100000.21,2.34,99997.87,USD,IDEALPRO-001,MARGIN,,"[{'type': 'MarginBalance', 'initial': '0.00', 'maintenance': '2.34', 'currency': 'USD', 'instrument_id': 'EUR/USD.IDEALPRO'}]",False,{}
100000.00,0.00,100000.00,EUR,IDEALPRO-001,MARGIN,,"[{'type': 'MarginBalance', 'initial': '0.00', 'maintenance': '2.34', 'currency': 'USD', 'instrument_id': 'EUR/USD.IDEALPRO'}]",False,{}
100000.21,2.34,99997.87,USD,IDEALPRO-001,MARGIN,,"[{'type': 'MarginBalance', 'initial': '0.00', 'maintenance': '2.34', 'currency': 'USD', 'instrument_id': 'EUR/USD.IDEALPRO'}]",False,{}
100000.00,0.00,100000.00,EUR,IDEALPRO-001,MARGIN,,"[{'type': 'MarginBalance', 'initial': '0.00', 'maintenance': '2.34', 'currency': 'USD', 'instrument_id': 'EUR/USD.IDEALPRO'}]",False,{}
100000.21,2.34,99997.87,USD,IDEALPRO-001,MARGIN,,"[{'type': 'MarginBalance', 'initial': '0.00', 'maintenance': '2.34', 'currency': 'USD', 'instrument_id': 'EUR/USD.IDEALPRO'}]",False,{}
100000.00,0.00,100000.00,EUR,IDEALPRO-001,MARGIN,,"[{'type': 'MarginBalance', 'initial': '0.00', 'maintenance': '2.34', 'currency': 'USD', 'instrument_id': 'EUR/USD.IDEALPRO'}]",False,{}
100000.21,2.34,99997.87,USD,IDEALPRO-001,MARGIN,,"[{'type': 'MarginBalance', 'initial': '0.00', 'maintenance': '2.34', 'currency': 'USD', 'instrument_id': 'EUR/USD.IDEALPRO'}]",False,{}
100000.00,0.00,100000.00,EUR,IDEALPRO-001,MARGIN,,"[{'type': 'MarginBalance', 'initial': '0.00', 'maintenance': '2.34', 'currency': 'USD', 'instrument_id': 'EUR/USD.IDEALPRO'}]",False,{}
100000.29,0.00,100000.29,USD,IDEALPRO-001,MARGIN,,[],False,{}
100000.00,0.00,100000.00,EUR,IDEALPRO-001,MARGIN,,[],False,{}
100000.29,0.00,100000.29,USD,IDEALPRO-001,MARGIN,,[],False,{}
100000.00,0.00,100000.00,EUR,IDEALPRO-001,MARGIN,,[],False,{}
100000.29,0.00,100000.29,USD,IDEALPRO-001,MARGIN,,[],False,{}
100000.00,0.00,100000.00,EUR,IDEALPRO-001,MARGIN,,[],False,{}
100000.29,0.00,100000.29,USD,IDEALPRO-001,MARGIN,,[],False,{}
100000.00,0.00,100000.00,EUR,IDEALPRO-001,MARGIN,,[],False,{}
100000.29,0.00,100000.29,USD,IDEALPRO-001,MARGIN,,[],False,{}
100000.00,0.00,100000.00,EUR,IDEALPRO-001,MARGIN,,[],False,{}
100000.29,0.00,100000.29,USD,IDEALPRO-001,MARGIN,,[],False,{}
100000.00,0.00,100000.00,EUR,IDEALPRO-001,MARGIN,,[],False,{}
100000.29,2.34,99997.95,USD,IDEALPRO-001,MARGIN,,"[{'type': 'MarginBalance', 'initial': '0.00', 'maintenance': '2.34', 'currency': 'USD', 'instrument_id': 'EUR/USD.IDEALPRO'}]",False,{}
100000.00,0.00,100000.00,EUR,IDEALPRO-001,MARGIN,,"[{'type': 'MarginBalance', 'initial': '0.00', 'maintenance': '2.34', 'currency': 'USD', 'instrument_id': 'EUR/USD.IDEALPRO'}]",False,{}
100000.29,2.34,99997.95,USD,IDEALPRO-001,MARGIN,,"[{'type': 'MarginBalance', 'initial': '0.00', 'maintenance': '2.34', 'currency': 'USD', 'instrument_id': 'EUR/USD.IDEALPRO'}]",False,{}
100000.00,0.00,100000.00,EUR,IDEALPRO-001,MARGIN,,"[{'type': 'MarginBalance', 'initial': '0.00', 'maintenance': '2.34', 'currency': 'USD', 'instrument_id': 'EUR/USD.IDEALPRO'}]",False,{}
100000.29,2.34,99997.95,USD,IDEALPRO-001,MARGIN,,"[{'type': 'MarginBalance', 'initial': '0.00', 'maintenance': '2.34', 'currency': 'USD', 'instrument_id': 'EUR/USD.IDEALPRO'}]",False,{}
100000.00,0.00,100000.00,EUR,IDEALPRO-001,MARGIN,,"[{'type': 'MarginBalance', 'initial': '0.00', 'maintenance': '2.34', 'currency': 'USD', 'instrument_id': 'EUR/USD.IDEALPRO'}]",False,{}
100000.29,2.34,99997.95,USD,IDEALPRO-001,MARGIN,,"[{'type': 'MarginBalance', 'initial': '0.00', 'maintenance': '2.34', 'currency': 'USD', 'instrument_id': 'EUR/USD.IDEALPRO'}]",False,{}
100000.00,0.00,100000.00,EUR,IDEALPRO-001,MARGIN,,"[{'type': 'MarginBalance', 'initial': '0.00', 'maintenance': '2.34', 'currency': 'USD', 'instrument_id': 'EUR/USD.IDEALPRO'}]",False,{}
100000.28,0.00,100000.28,USD,IDEALPRO-001,MARGIN,,[],False,{}
100000.00,0.00,100000.00,EUR,IDEALPRO-001,MARGIN,,[],False,{}
100000.28,0.00,100000.28,USD,IDEALPRO-001,MARGIN,,[],False,{}
100000.00,0.00,100000.00,EUR,IDEALPRO-001,MARGIN,,[],False,{}
100000.28,0.00,100000.28,USD,IDEALPRO-001,MARGIN,,[],False,{}
100000.00,0.00,100000.00,EUR,IDEALPRO-001,MARGIN,,[],False,{}
100000.28,0.00,100000.28,USD,IDEALPRO-001,MARGIN,,[],False,{}
100000.00,0.00,100000.00,EUR,IDEALPRO-001,MARGIN,,[],False,{}
100000.28,0.00,100000.28,USD,IDEALPRO-001,MARGIN,,[],False,{}
100000.00,0.00,100000.00,EUR,IDEALPRO-001,MARGIN,,[],False,{}
100000.28,0.00,100000.28,USD,IDEALPRO-001,MARGIN,,[],False,{}
100000.00,0.00,100000.00,EUR,IDEALPRO-001,MARGIN,,[],False,{}
100000.28,2.34,99997.94,USD,IDEALPRO-001,MARGIN,,"[{'type': 'MarginBalance', 'initial': '0.00', 'maintenance': '2.34', 'currency': 'USD', 'instrument_id': 'EUR/USD.IDEALPRO'}]",False,{}
100000.00,0.00,100000.00,EUR,IDEALPRO-001,MARGIN,,"[{'type': 'MarginBalance', 'initial': '0.00', 'maintenance': '2.34', 'currency': 'USD', 'instrument_id': 'EUR/USD.IDEALPRO'}]",False,{}
100000.28,2.34,99997.94,USD,IDEALPRO-001,MARGIN,,"[{'type': 'MarginBalance', 'initial': '0.00', 'maintenance': '2.34', 'currency': 'USD', 'instrument_id': 'EUR/USD.IDEALPRO'}]",False,{}
100000.00,0.00,100000.00,EUR,IDEALPRO-001,MARGIN,,"[{'type': 'MarginBalance', 'initial': '0.00', 'maintenance': '2.34', 'currency': 'USD', 'instrument_id': 'EUR/USD.IDEALPRO'}]",False,{}
100000.28,2.34,99997.94,USD,IDEALPRO-001,MARGIN,,"[{'type': 'MarginBalance', 'initial': '0.00', 'maintenance': '2.34', 'currency': 'USD', 'instrument_id': 'EUR/USD.IDEALPRO'}]",False,{}
100000.00,0.00,100000.00,EUR,IDEALPRO-001,MARGIN,,"[{'type': 'MarginBalance', 'initial': '0.00', 'maintenance': '2.34', 'currency': 'USD', 'instrument_id': 'EUR/USD.IDEALPRO'}]",False,{}
100000.28,2.34,99997.94,USD,IDEALPRO-001,MARGIN,,"[{'type': 'MarginBalance', 'initial': '0.00', 'maintenance': '2.34', 'currency': 'USD', 'instrument_id': 'EUR/USD.IDEALPRO'}]",False,{}
100000.00,0.00,100000.00,EUR,IDEALPRO-001,MARGIN,,"[{'type': 'MarginBalance', 'initial': '0.00', 'maintenance': '2.34', 'currency': 'USD', 'instrument_id': 'EUR/USD.IDEALPRO'}]",False,{}
100000.23,0.00,100000.23,USD,IDEALPRO-001,MARGIN,,[],False,{}
100000.00,0.00,100000.00,EUR,IDEALPRO-001,MARGIN,,[],False,{}
100000.23,0.00,100000.23,USD,IDEALPRO-001,MARGIN,,[],False,{}
100000.00,0.00,100000.00,EUR,IDEALPRO-001,MARGIN,,[],False,{}
100000.23,0.00,100000.23,USD,IDEALPRO-001,MARGIN,,[],False,{}
100000.00,0.00,100000.00,EUR,IDEALPRO-001,MARGIN,,[],False,{}
100000.23,0.00,100000.23,USD,IDEALPRO-001,MARGIN,,[],False,{}
100000.00,0.00,100000.00,EUR,IDEALPRO-001,MARGIN,,[],False,{}
100000.23,0.00,100000.23,USD,IDEALPRO-001,MARGIN,,[],False,{}
100000.00,0.00,100000.00,EUR,IDEALPRO-001,MARGIN,,[],False,{}
100000.23,0.00,100000.23,USD,IDEALPRO-001,MARGIN,,[],False,{}
100000.00,0.00,100000.00,EUR,IDEALPRO-001,MARGIN,,[],False,{}
100000.23,2.34,99997.89,USD,IDEALPRO-001,MARGIN,,"[{'type': 'MarginBalance', 'initial': '0.00', 'maintenance': '2.34', 'currency': 'USD', 'instrument_id': 'EUR/USD.IDEALPRO'}]",False,{}
100000.00,0.00,100000.00,EUR,IDEALPRO-001,MARGIN,,"[{'type': 'MarginBalance', 'initial': '0.00', 'maintenance': '2.34', 'currency': 'USD', 'instrument_id': 'EUR/USD.IDEALPRO'}]",False,{}
100000.23,2.34,99997.89,USD,IDEALPRO-001,MARGIN,,"[{'type': 'MarginBalance', 'initial': '0.00', 'maintenance': '2.34', 'currency': 'USD', 'instrument_id': 'EUR/USD.IDEALPRO'}]",False,{}
100000.00,0.00,100000.00,EUR,IDEALPRO-001,MARGIN,,"[{'type': 'MarginBalance', 'initial': '0.00', 'maintenance': '2.34', 'currency': 'USD', 'instrument_id': 'EUR/USD.IDEALPRO'}]",False,{}
100000.23,2.34,99997.89,USD,IDEALPRO-001,MARGIN,,"[{'type': 'MarginBalance', 'initial': '0.00', 'maintenance': '2.34', 'currency': 'USD', 'instrument_id': 'EUR/USD.IDEALPRO'}]",False,{}
100000.00,0.00,100000.00,EUR,IDEALPRO-001,MARGIN,,"[{'type': 'MarginBalance', 'initial': '0.00', 'maintenance': '2.34', 'currency': 'USD', 'instrument_id': 'EUR/USD.IDEALPRO'}]",False,{}
100000.23,2.34,99997.89,USD,IDEALPRO-001,MARGIN,,"[{'type': 'MarginBalance', 'initial': '0.00', 'maintenance': '2.34', 'currency': 'USD', 'instrument_id': 'EUR/USD.IDEALPRO'}]",False,{}
100000.00,0.00,100000.00,EUR,IDEALPRO-001,MARGIN,,"[{'type': 'MarginBalance', 'initial': '0.00', 'maintenance': '2.34', 'currency': 'USD', 'instrument_id': 'EUR/USD.IDEALPRO'}]",False,{}
100000.20,0.00,100000.20,USD,IDEALPRO-001,MARGIN,,[],False,{}
100000.00,0.00,100000.00,EUR,IDEALPRO-001,MARGIN,,[],False,{}
100000.20,0.00,100000.20,USD,IDEALPRO-001,MARGIN,,[],False,{}
100000.00,0.00,100000.00,EUR,IDEALPRO-001,MARGIN,,[],False,{}
100000.20,0.00,100000.20,USD,IDEALPRO-001,MARGIN,,[],False,{}
100000.00,0.00,100000.00,EUR,IDEALPRO-001,MARGIN,,[],False,{}
100000.20,0.00,100000.20,USD,IDEALPRO-001,MARGIN,,[],False,{}
100000.00,0.00,100000.00,EUR,IDEALPRO-001,MARGIN,,[],False,{}
100000.20,0.00,100000.20,USD,IDEALPRO-001,MARGIN,,[],False,{}
100000.00,0.00,100000.00,EUR,IDEALPRO-001,MARGIN,,[],False,{}
100000.20,0.00,100000.20,USD,IDEALPRO-001,MARGIN,,[],False,{}
100000.00,0.00,100000.00,EUR,IDEALPRO-001,MARGIN,,[],False,{}
100000.20,2.34,99997.86,USD,IDEALPRO-001,MARGIN,,"[{'type': 'MarginBalance', 'initial': '0.00', 'maintenance': '2.34', 'currency': 'USD', 'instrument_id': 'EUR/USD.IDEALPRO'}]",False,{}
100000.00,0.00,100000.00,EUR,IDEALPRO-001,MARGIN,,"[{'type': 'MarginBalance', 'initial': '0.00', 'maintenance': '2.34', 'currency': 'USD', 'instrument_id': 'EUR/USD.IDEALPRO'}]",False,{}
100000.20,2.34,99997.86,USD,IDEALPRO-001,MARGIN,,"[{'type': 'MarginBalance', 'initial': '0.00', 'maintenance': '2.34', 'currency': 'USD', 'instrument_id': 'EUR/USD.IDEALPRO'}]",False,{}
100000.00,0.00,100000.00,EUR,IDEALPRO-001,MARGIN,,"[{'type': 'MarginBalance', 'initial': '0.00', 'maintenance': '2.34', 'currency': 'USD', 'instrument_id': 'EUR/USD.IDEALPRO'}]",False,{}
100000.20,2.34,99997.86,USD,IDEALPRO-001,MARGIN,,"[{'type': 'MarginBalance', 'initial': '0.00', 'maintenance': '2.34', 'currency': 'USD', 'instrument_id': 'EUR/USD.IDEALPRO'}]",False,{}
100000.00,0.00,100000.00,EUR,IDEALPRO-001,MARGIN,,"[{'type': 'MarginBalance', 'initial': '0.00', 'maintenance': '2.34', 'currency': 'USD', 'instrument_id': 'EUR/USD.IDEALPRO'}]",False,{}
100000.20,2.34,99997.86,USD,IDEALPRO-001,MARGIN,,"[{'type': 'MarginBalance', 'initial': '0.00', 'maintenance': '2.34', 'currency': 'USD', 'instrument_id': 'EUR/USD.IDEALPRO'}]",False,{}
100000.00,0.00,100000.00,EUR,IDEALPRO-001,MARGIN,,"[{'type': 'MarginBalance', 'initial': '0.00', 'maintenance': '2.34', 'currency': 'USD', 'instrument_id': 'EUR/USD.IDEALPRO'}]",False,{}
100000.21,0.00,100000.21,USD,IDEALPRO-001,MARGIN,,[],False,{}
100000.00,0.00,100000.00,EUR,IDEALPRO-001,MARGIN,,[],False,{}
100000.21,0.00,100000.21,USD,IDEALPRO-001,MARGIN,,[],False,{}
100000.00,0.00,100000.00,EUR,IDEALPRO-001,MARGIN,,[],False,{}
100000.21,0.00,100000.21,USD,IDEALPRO-001,MARGIN,,[],False,{}
100000.00,0.00,100000.00,EUR,IDEALPRO-001,MARGIN,,[],False,{}
100000.21,0.00,100000.21,USD,IDEALPRO-001,MARGIN,,[],False,{}
100000.00,0.00,100000.00,EUR,IDEALPRO-001,MARGIN,,[],False,{}
100000.21,0.00,100000.21,USD,IDEALPRO-001,MARGIN,,[],False,{}
100000.00,0.00,100000.00,EUR,IDEALPRO-001,MARGIN,,[],False,{}
100000.21,0.00,100000.21,USD,IDEALPRO-001,MARGIN,,[],False,{}
100000.00,0.00,100000.00,EUR,IDEALPRO-001,MARGIN,,[],False,{}
100000.21,2.33,99997.88,USD,IDEALPRO-001,MARGIN,,"[{'type': 'MarginBalance', 'initial': '0.00', 'maintenance': '2.33', 'currency': 'USD', 'instrument_id': 'EUR/USD.IDEALPRO'}]",False,{}
100000.00,0.00,100000.00,EUR,IDEALPRO-001,MARGIN,,"[{'type': 'MarginBalance', 'initial': '0.00', 'maintenance': '2.33', 'currency': 'USD', 'instrument_id': 'EUR/USD.IDEALPRO'}]",False,{}
100000.21,2.33,99997.88,USD,IDEALPRO-001,MARGIN,,"[{'type': 'MarginBalance', 'initial': '0.00', 'maintenance': '2.33', 'currency': 'USD', 'instrument_id': 'EUR/USD.IDEALPRO'}]",False,{}
100000.00,0.00,100000.00,EUR,IDEALPRO-001,MARGIN,,"[{'type': 'MarginBalance', 'initial': '0.00', 'maintenance': '2.33', 'currency': 'USD', 'instrument_id': 'EUR/USD.IDEALPRO'}]",False,{}
100000.21,2.33,99997.88,USD,IDEALPRO-001,MARGIN,,"[{'type': 'MarginBalance', 'initial': '0.00', 'maintenance': '2.33', 'currency': 'USD', 'instrument_id': 'EUR/USD.IDEALPRO'}]",False,{}
100000.00,0.00,100000.00,EUR,IDEALPRO-001,MARGIN,,"[{'type': 'MarginBalance', 'initial': '0.00', 'maintenance': '2.33', 'currency': 'USD', 'instrument_id': 'EUR/USD.IDEALPRO'}]",False,{}
100000.15,0.00,100000.15,USD,IDEALPRO-001,MARGIN,,[],False,{}
100000.00,0.00,100000.00,EUR,IDEALPRO-001,MARGIN,,[],False,{}
100000.15,0.00,100000.15,USD,IDEALPRO-001,MARGIN,,[],False,{}
100000.00,0.00,100000.00,EUR,IDEALPRO-001,MARGIN,,[],False,{}
100000.15,0.00,100000.15,USD,IDEALPRO-001,MARGIN,,[],False,{}
100000.00,0.00,100000.00,EUR,IDEALPRO-001,MARGIN,,[],False,{}
100000.15,0.00,100000.15,USD,IDEALPRO-001,MARGIN,,[],False,{}
100000.00,0.00,100000.00,EUR,IDEALPRO-001,MARGIN,,[],False,{}
100000.15,0.00,100000.15,USD,IDEALPRO-001,MARGIN,,[],False,{}
100000.00,0.00,100000.00,EUR,IDEALPRO-001,MARGIN,,[],False,{}
100000.15,2.34,99997.81,USD,IDEALPRO-001,MARGIN,,"[{'type': 'MarginBalance', 'initial': '0.00', 'maintenance': '2.34', 'currency': 'USD', 'instrument_id': 'EUR/USD.IDEALPRO'}]",False,{}
100000.00,0.00,100000.00,EUR,IDEALPRO-001,MARGIN,,"[{'type': 'MarginBalance', 'initial': '0.00', 'maintenance': '2.34', 'currency': 'USD', 'instrument_id': 'EUR/USD.IDEALPRO'}]",False,{}
100000.15,2.34,99997.81,USD,IDEALPRO-001,MARGIN,,"[{'type': 'MarginBalance', 'initial': '0.00', 'maintenance': '2.34', 'currency': 'USD', 'instrument_id': 'EUR/USD.IDEALPRO'}]",False,{}
100000.00,0.00,100000.00,EUR,IDEALPRO-001,MARGIN,,"[{'type': 'MarginBalance', 'initial': '0.00', 'maintenance': '2.34', 'currency': 'USD', 'instrument_id': 'EUR/USD.IDEALPRO'}]",False,{}
100000.15,2.34,99997.81,USD,IDEALPRO-001,MARGIN,,"[{'type': 'MarginBalance', 'initial': '0.00', 'maintenance': '2.34', 'currency': 'USD', 'instrument_id': 'EUR/USD.IDEALPRO'}]",False,{}
100000.00,0.00,100000.00,EUR,IDEALPRO-001,MARGIN,,"[{'type': 'MarginBalance', 'initial': '0.00', 'maintenance': '2.34', 'currency': 'USD', 'instrument_id': 'EUR/USD.IDEALPRO'}]",False,{}
100000.09,0.00,100000.09,USD,IDEALPRO-001,MARGIN,,[],False,{}
100000.00,0.00,100000.00,EUR,IDEALPRO-001,MARGIN,,[],False,{}
100000.09,0.00,100000.09,USD,IDEALPRO-001,MARGIN,,[],False,{}
100000.00,0.00,100000.00,EUR,IDEALPRO-001,MARGIN,,[],False,{}
100000.09,0.00,100000.09,USD,IDEALPRO-001,MARGIN,,[],False,{}
100000.00,0.00,100000.00,EUR,IDEALPRO-001,MARGIN,,[],False,{}
100000.09,0.00,100000.09,USD,IDEALPRO-001,MARGIN,,[],False,{}
100000.00,0.00,100000.00,EUR,IDEALPRO-001,MARGIN,,[],False,{}
100000.09,0.00,100000.09,USD,IDEALPRO-001,MARGIN,,[],False,{}
100000.00,0.00,100000.00,EUR,IDEALPRO-001,MARGIN,,[],False,{}
100000.09,2.33,99997.76,USD,IDEALPRO-001,MARGIN,,"[{'type': 'MarginBalance', 'initial': '0.00', 'maintenance': '2.33', 'currency': 'USD', 'instrument_id': 'EUR/USD.IDEALPRO'}]",False,{}
100000.00,0.00,100000.00,EUR,IDEALPRO-001,MARGIN,,"[{'type': 'MarginBalance', 'initial': '0.00', 'maintenance': '2.33', 'currency': 'USD', 'instrument_id': 'EUR/USD.IDEALPRO'}]",False,{}
100000.09,2.33,99997.76,USD,IDEALPRO-001,MARGIN,,"[{'type': 'MarginBalance', 'initial': '0.00', 'maintenance': '2.33', 'currency': 'USD', 'instrument_id': 'EUR/USD.IDEALPRO'}]",False,{}
100000.00,0.00,100000.00,EUR,IDEALPRO-001,MARGIN,,"[{'type': 'MarginBalance', 'initial': '0.00', 'maintenance': '2.33', 'currency': 'USD', 'instrument_id': 'EUR/USD.IDEALPRO'}]",False,{}
100000.09,2.33,99997.76,USD,IDEALPRO-001,MARGIN,,"[{'type': 'MarginBalance', 'initial': '0.00', 'maintenance': '2.33', 'currency': 'USD', 'instrument_id': 'EUR/USD.IDEALPRO'}]",False,{}
100000.00,0.00,100000.00,EUR,IDEALPRO-001,MARGIN,,"[{'type': 'MarginBalance', 'initial': '0.00', 'maintenance': '2.33', 'currency': 'USD', 'instrument_id': 'EUR/USD.IDEALPRO'}]",False,{}
100000.09,2.33,99997.76,USD,IDEALPRO-001,MARGIN,,"[{'type': 'MarginBalance', 'initial': '0.00', 'maintenance': '2.33', 'currency': 'USD', 'instrument_id': 'EUR/USD.IDEALPRO'}]",False,{}
100000.00,0.00,100000.00,EUR,IDEALPRO-001,MARGIN,,"[{'type': 'MarginBalance', 'initial': '0.00', 'maintenance': '2.33', 'currency': 'USD', 'instrument_id': 'EUR/USD.IDEALPRO'}]",False,{}
100000.11,0.00,100000.11,USD,IDEALPRO-001,MARGIN,,[],False,{}
100000.00,0.00,100000.00,EUR,IDEALPRO-001,MARGIN,,[],False,{}
100000.11,0.00,100000.11,USD,IDEALPRO-001,MARGIN,,[],False,{}
100000.00,0.00,100000.00,EUR,IDEALPRO-001,MARGIN,,[],False,{}
100000.11,0.00,100000.11,USD,IDEALPRO-001,MARGIN,,[],False,{}
100000.00,0.00,100000.00,EUR,IDEALPRO-001,MARGIN,,[],False,{}
100000.11,0.00,100000.11,USD,IDEALPRO-001,MARGIN,,[],False,{}
100000.00,0.00,100000.00,EUR,IDEALPRO-001,MARGIN,,[],False,{}
100000.11,0.00,100000.11,USD,IDEALPRO-001,MARGIN,,[],False,{}
100000.00,0.00,100000.00,EUR,IDEALPRO-001,MARGIN,,[],False,{}
100000.11,0.00,100000.11,USD,IDEALPRO-001,MARGIN,,[],False,{}
100000.00,0.00,100000.00,EUR,IDEALPRO-001,MARGIN,,[],False,{}
100000.11,2.33,99997.78,USD,IDEALPRO-001,MARGIN,,"[{'type': 'MarginBalance', 'initial': '0.00', 'maintenance': '2.33', 'currency': 'USD', 'instrument_id': 'EUR/USD.IDEALPRO'}]",False,{}
100000.00,0.00,100000.00,EUR,IDEALPRO-001,MARGIN,,"[{'type': 'MarginBalance', 'initial': '0.00', 'maintenance': '2.33', 'currency': 'USD', 'instrument_id': 'EUR/USD.IDEALPRO'}]",False,{}
100000.11,2.33,99997.78,USD,IDEALPRO-001,MARGIN,,"[{'type': 'MarginBalance', 'initial': '0.00', 'maintenance': '2.33', 'currency': 'USD', 'instrument_id': 'EUR/USD.IDEALPRO'}]",False,{}
100000.00,0.00,100000.00,EUR,IDEALPRO-001,MARGIN,,"[{'type': 'MarginBalance', 'initial': '0.00', 'maintenance': '2.33', 'currency': 'USD', 'instrument_id': 'EUR/USD.IDEALPRO'}]",False,{}
100000.11,2.33,99997.78,USD,IDEALPRO-001,MARGIN,,"[{'type': 'MarginBalance', 'initial': '0.00', 'maintenance': '2.33', 'currency': 'USD', 'instrument_id': 'EUR/USD.IDEALPRO'}]",False,{}
100000.00,0.00,100000.00,EUR,IDEALPRO-001,MARGIN,,"[{'type': 'MarginBalance', 'initial': '0.00', 'maintenance': '2.33', 'currency': 'USD', 'instrument_id': 'EUR/USD.IDEALPRO'}]",False,{}
100000.11,2.33,99997.78,USD,IDEALPRO-001,MARGIN,,"[{'type': 'MarginBalance', 'initial': '0.00', 'maintenance': '2.33', 'currency': 'USD', 'instrument_id': 'EUR/USD.IDEALPRO'}]",False,{}
100000.00,0.00,100000.00,EUR,IDEALPRO-001,MARGIN,,"[{'type': 'MarginBalance', 'initial': '0.00', 'maintenance': '2.33', 'currency': 'USD', 'instrument_id': 'EUR/USD.IDEALPRO'}]",False,{}
100000.09,0.00,100000.09,USD,IDEALPRO-001,MARGIN,,[],False,{}
100000.00,0.00,100000.00,EUR,IDEALPRO-001,MARGIN,,[],False,{}
100000.09,0.00,100000.09,USD,IDEALPRO-001,MARGIN,,[],False,{}
100000.00,0.00,100000.00,EUR,IDEALPRO-001,MARGIN,,[],False,{}
100000.09,0.00,100000.09,USD,IDEALPRO-001,MARGIN,,[],False,{}
100000.00,0.00,100000.00,EUR,IDEALPRO-001,MARGIN,,[],False,{}
100000.09,0.00,100000.09,USD,IDEALPRO-001,MARGIN,,[],False,{}
100000.00,0.00,100000.00,EUR,IDEALPRO-001,MARGIN,,[],False,{}
100000.09,0.00,100000.09,USD,IDEALPRO-001,MARGIN,,[],False,{}
100000.00,0.00,100000.00,EUR,IDEALPRO-001,MARGIN,,[],False,{}
100000.09,0.00,100000.09,USD,IDEALPRO-001,MARGIN,,[],False,{}
100000.00,0.00,100000.00,EUR,IDEALPRO-001,MARGIN,,[],False,{}
100000.09,2.33,99997.76,USD,IDEALPRO-001,MARGIN,,"[{'type': 'MarginBalance', 'initial': '0.00', 'maintenance': '2.33', 'currency': 'USD', 'instrument_id': 'EUR/USD.IDEALPRO'}]",False,{}
100000.00,0.00,100000.00,EUR,IDEALPRO-001,MARGIN,,"[{'type': 'MarginBalance', 'initial': '0.00', 'maintenance': '2.33', 'currency': 'USD', 'instrument_id': 'EUR/USD.IDEALPRO'}]",False,{}
100000.09,2.33,99997.76,USD,IDEALPRO-001,MARGIN,,"[{'type': 'MarginBalance', 'initial': '0.00', 'maintenance': '2.33', 'currency': 'USD', 'instrument_id': 'EUR/USD.IDEALPRO'}]",False,{}
100000.00,0.00,100000.00,EUR,IDEALPRO-001,MARGIN,,"[{'type': 'MarginBalance', 'initial': '0.00', 'maintenance': '2.33', 'currency': 'USD', 'instrument_id': 'EUR/USD.IDEALPRO'}]",False,{}
100000.09,2.33,99997.76,USD,IDEALPRO-001,MARGIN,,"[{'type': 'MarginBalance', 'initial': '0.00', 'maintenance': '2.33', 'currency': 'USD', 'instrument_id': 'EUR/USD.IDEALPRO'}]",False,{}
100000.00,0.00,100000.00,EUR,IDEALPRO-001,MARGIN,,"[{'type': 'MarginBalance', 'initial': '0.00', 'maintenance': '2.33', 'currency': 'USD', 'instrument_id': 'EUR/USD.IDEALPRO'}]",False,{}
100000.09,2.33,99997.76,USD,IDEALPRO-001,MARGIN,,"[{'type': 'MarginBalance', 'initial': '0.00', 'maintenance': '2.33', 'currency': 'USD', 'instrument_id': 'EUR/USD.IDEALPRO'}]",False,{}
100000.00,0.00,100000.00,EUR,IDEALPRO-001,MARGIN,,"[{'type': 'MarginBalance', 'initial': '0.00', 'maintenance': '2.33', 'currency': 'USD', 'instrument_id': 'EUR/USD.IDEALPRO'}]",False,{}
100000.08,0.00,100000.08,USD,IDEALPRO-001,MARGIN,,[],False,{}
100000.00,0.00,100000.00,EUR,IDEALPRO-001,MARGIN,,[],False,{}
100000.08,0.00,100000.08,USD,IDEALPRO-001,MARGIN,,[],False,{}
100000.00,0.00,100000.00,EUR,IDEALPRO-001,MARGIN,,[],False,{}
100000.08,0.00,100000.08,USD,IDEALPRO-001,MARGIN,,[],False,{}
100000.00,0.00,100000.00,EUR,IDEALPRO-001,MARGIN,,[],False,{}
100000.08,0.00,100000.08,USD,IDEALPRO-001,MARGIN,,[],False,{}
100000.00,0.00,100000.00,EUR,IDEALPRO-001,MARGIN,,[],False,{}
100000.08,0.00,100000.08,USD,IDEALPRO-001,MARGIN,,[],False,{}
100000.00,0.00,100000.00,EUR,IDEALPRO-001,MARGIN,,[],False,{}
100000.08,0.00,100000.08,USD,IDEALPRO-001,MARGIN,,[],False,{}
100000.00,0.00,100000.00,EUR,IDEALPRO-001,MARGIN,,[],False,{}
100000.08,2.33,99997.75,USD,IDEALPRO-001,MARGIN,,"[{'type': 'MarginBalance', 'initial': '0.00', 'maintenance': '2.33', 'currency': 'USD', 'instrument_id': 'EUR/USD.IDEALPRO'}]",False,{}
100000.00,0.00,100000.00,EUR,IDEALPRO-001,MARGIN,,"[{'type': 'MarginBalance', 'initial': '0.00', 'maintenance': '2.33', 'currency': 'USD', 'instrument_id': 'EUR/USD.IDEALPRO'}]",False,{}
100000.08,2.33,99997.75,USD,IDEALPRO-001,MARGIN,,"[{'type': 'MarginBalance', 'initial': '0.00', 'maintenance': '2.33', 'currency': 'USD', 'instrument_id': 'EUR/USD.IDEALPRO'}]",False,{}
100000.00,0.00,100000.00,EUR,IDEALPRO-001,MARGIN,,"[{'type': 'MarginBalance', 'initial': '0.00', 'maintenance': '2.33', 'currency': 'USD', 'instrument_id': 'EUR/USD.IDEALPRO'}]",False,{}
100000.08,2.33,99997.75,USD,IDEALPRO-001,MARGIN,,"[{'type': 'MarginBalance', 'initial': '0.00', 'maintenance': '2.33', 'currency': 'USD', 'instrument_id': 'EUR/USD.IDEALPRO'}]",False,{}
100000.00,0.00,100000.00,EUR,IDEALPRO-001,MARGIN,,"[{'type': 'MarginBalance', 'initial': '0.00', 'maintenance': '2.33', 'currency': 'USD', 'instrument_id': 'EUR/USD.IDEALPRO'}]",False,{}
100000.08,2.33,99997.75,USD,IDEALPRO-001,MARGIN,,"[{'type': 'MarginBalance', 'initial': '0.00', 'maintenance': '2.33', 'currency': 'USD', 'instrument_id': 'EUR/USD.IDEALPRO'}]",False,{}
100000.00,0.00,100000.00,EUR,IDEALPRO-001,MARGIN,,"[{'type': 'MarginBalance', 'initial': '0.00', 'maintenance': '2.33', 'currency': 'USD', 'instrument_id': 'EUR/USD.IDEALPRO'}]",False,{}
100000.05,0.00,100000.05,USD,IDEALPRO-001,MARGIN,,[],False,{}
100000.00,0.00,100000.00,EUR,IDEALPRO-001,MARGIN,,[],False,{}
100000.05,0.00,100000.05,USD,IDEALPRO-001,MARGIN,,[],False,{}
100000.00,0.00,100000.00,EUR,IDEALPRO-001,MARGIN,,[],False,{}
100000.05,0.00,100000.05,USD,IDEALPRO-001,MARGIN,,[],False,{}
100000.00,0.00,100000.00,EUR,IDEALPRO-001,MARGIN,,[],False,{}
100000.05,0.00,100000.05,USD,IDEALPRO-001,MARGIN,,[],False,{}
100000.00,0.00,100000.00,EUR,IDEALPRO-001,MARGIN,,[],False,{}
100000.05,0.00,100000.05,USD,IDEALPRO-001,MARGIN,,[],False,{}
100000.00,0.00,100000.00,EUR,IDEALPRO-001,MARGIN,,[],False,{}
100000.05,0.00,100000.05,USD,IDEALPRO-001,MARGIN,,[],False,{}
100000.00,0.00,100000.00,EUR,IDEALPRO-001,MARGIN,,[],False,{}
100000.05,2.33,99997.72,USD,IDEALPRO-001,MARGIN,,"[{'type': 'MarginBalance', 'initial': '0.00', 'maintenance': '2.33', 'currency': 'USD', 'instrument_id': 'EUR/USD.IDEALPRO'}]",False,{}
100000.00,0.00,100000.00,EUR,IDEALPRO-001,MARGIN,,"[{'type': 'MarginBalance', 'initial': '0.00', 'maintenance': '2.33', 'currency': 'USD', 'instrument_id': 'EUR/USD.IDEALPRO'}]",False,{}
100000.05,2.33,99997.72,USD,IDEALPRO-001,MARGIN,,"[{'type': 'MarginBalance', 'initial': '0.00', 'maintenance': '2.33', 'currency': 'USD', 'instrument_id': 'EUR/USD.IDEALPRO'}]",False,{}
100000.00,0.00,100000.00,EUR,IDEALPRO-001,MARGIN,,"[{'type': 'MarginBalance', 'initial': '0.00', 'maintenance': '2.33', 'currency': 'USD', 'instrument_id': 'EUR/USD.IDEALPRO'}]",False,{}
100000.05,2.33,99997.72,USD,IDEALPRO-001,MARGIN,,"[{'type': 'MarginBalance', 'initial': '0.00', 'maintenance': '2.33', 'currency': 'USD', 'instrument_id': 'EUR/USD.IDEALPRO'}]",False,{}
100000.00,0.00,100000.00,EUR,IDEALPRO-001,MARGIN,,"[{'type': 'MarginBalance', 'initial': '0.00', 'maintenance': '2.33', 'currency': 'USD', 'instrument_id': 'EUR/USD.IDEALPRO'}]",False,{}
100000.05,2.33,99997.72,USD,IDEALPRO-001,MARGIN,,"[{'type': 'MarginBalance', 'initial': '0.00', 'maintenance': '2.33', 'currency': 'USD', 'instrument_id': 'EUR/USD.IDEALPRO'}]",False,{}
100000.00,0.00,100000.00,EUR,IDEALPRO-001,MARGIN,,"[{'type': 'MarginBalance', 'initial': '0.00', 'maintenance': '2.33', 'currency': 'USD', 'instrument_id': 'EUR/USD.IDEALPRO'}]",False,{}
100000.00,0.00,100000.00,USD,IDEALPRO-001,MARGIN,,[],False,{}
100000.00,0.00,100000.00,EUR,IDEALPRO-001,MARGIN,,[],False,{}
100000.00,0.00,100000.00,USD,IDEALPRO-001,MARGIN,,[],False,{}
100000.00,0.00,100000.00,EUR,IDEALPRO-001,MARGIN,,[],False,{}
100000.00,0.00,100000.00,USD,IDEALPRO-001,MARGIN,,[],False,{}
100000.00,0.00,100000.00,EUR,IDEALPRO-001,MARGIN,,[],False,{}
100000.00,0.00,100000.00,USD,IDEALPRO-001,MARGIN,,[],False,{}
100000.00,0.00,100000.00,EUR,IDEALPRO-001,MARGIN,,[],False,{}
100000.00,0.00,100000.00,USD,IDEALPRO-001,MARGIN,,[],False,{}
100000.00,0.00,100000.00,EUR,IDEALPRO-001,MARGIN,,[],False,{}
100000.00,0.00,100000.00,USD,IDEALPRO-001,MARGIN,,[],False,{}
100000.00,0.00,100000.00,EUR,IDEALPRO-001,MARGIN,,[],False,{}
100000.00,2.33,99997.67,USD,IDEALPRO-001,MARGIN,,"[{'type': 'MarginBalance', 'initial': '0.00', 'maintenance': '2.33', 'currency': 'USD', 'instrument_id': 'EUR/USD.IDEALPRO'}]",False,{}
100000.00,0.00,100000.00,EUR,IDEALPRO-001,MARGIN,,"[{'type': 'MarginBalance', 'initial': '0.00', 'maintenance': '2.33', 'currency': 'USD', 'instrument_id': 'EUR/USD.IDEALPRO'}]",False,{}
100000.00,2.33,99997.67,USD,IDEALPRO-001,MARGIN,,"[{'type': 'MarginBalance', 'initial': '0.00', 'maintenance': '2.33', 'currency': 'USD', 'instrument_id': 'EUR/USD.IDEALPRO'}]",False,{}
100000.00,0.00,100000.00,EUR,IDEALPRO-001,MARGIN,,"[{'type': 'MarginBalance', 'initial': '0.00', 'maintenance': '2.33', 'currency': 'USD', 'instrument_id': 'EUR/USD.IDEALPRO'}]",False,{}
100000.00,2.33,99997.67,USD,IDEALPRO-001,MARGIN,,"[{'type': 'MarginBalance', 'initial': '0.00', 'maintenance': '2.33', 'currency': 'USD', 'instrument_id': 'EUR/USD.IDEALPRO'}]",False,{}
100000.00,0.00,100000.00,EUR,IDEALPRO-001,MARGIN,,"[{'type': 'MarginBalance', 'initial': '0.00', 'maintenance': '2.33', 'currency': 'USD', 'instrument_id': 'EUR/USD.IDEALPRO'}]",False,{}
100000.00,2.33,99997.67,USD,IDEALPRO-001,MARGIN,,"[{'type': 'MarginBalance', 'initial': '0.00', 'maintenance': '2.33', 'currency': 'USD', 'instrument_id': 'EUR/USD.IDEALPRO'}]",False,{}
100000.00,0.00,100000.00,EUR,IDEALPRO-001,MARGIN,,"[{'type': 'MarginBalance', 'initial': '0.00', 'maintenance': '2.33', 'currency': 'USD', 'instrument_id': 'EUR/USD.IDEALPRO'}]",False,{}
100000.04,0.00,100000.04,USD,IDEALPRO-001,MARGIN,,[],False,{}
100000.00,0.00,100000.00,EUR,IDEALPRO-001,MARGIN,,[],False,{}
100000.04,0.00,100000.04,USD,IDEALPRO-001,MARGIN,,[],False,{}
100000.00,0.00,100000.00,EUR,IDEALPRO-001,MARGIN,,[],False,{}
100000.04,0.00,100000.04,USD,IDEALPRO-001,MARGIN,,[],False,{}
100000.00,0.00,100000.00,EUR,IDEALPRO-001,MARGIN,,[],False,{}
100000.04,0.00,100000.04,USD,IDEALPRO-001,MARGIN,,[],False,{}
100000.00,0.00,100000.00,EUR,IDEALPRO-001,MARGIN,,[],False,{}
100000.04,0.00,100000.04,USD,IDEALPRO-001,MARGIN,,[],False,{}
100000.00,0.00,100000.00,EUR,IDEALPRO-001,MARGIN,,[],False,{}
100000.04,0.00,100000.04,USD,IDEALPRO-001,MARGIN,,[],False,{}
100000.00,0.00,100000.00,EUR,IDEALPRO-001,MARGIN,,[],False,{}
100000.04,2.33,99997.71,USD,IDEALPRO-001,MARGIN,,"[{'type': 'MarginBalance', 'initial': '0.00', 'maintenance': '2.33', 'currency': 'USD', 'instrument_id': 'EUR/USD.IDEALPRO'}]",False,{}
100000.00,0.00,100000.00,EUR,IDEALPRO-001,MARGIN,,"[{'type': 'MarginBalance', 'initial': '0.00', 'maintenance': '2.33', 'currency': 'USD', 'instrument_id': 'EUR/USD.IDEALPRO'}]",False,{}
100000.04,2.33,99997.71,USD,IDEALPRO-001,MARGIN,,"[{'type': 'MarginBalance', 'initial': '0.00', 'maintenance': '2.33', 'currency': 'USD', 'instrument_id': 'EUR/USD.IDEALPRO'}]",False,{}
100000.00,0.00,100000.00,EUR,IDEALPRO-001,MARGIN,,"[{'type': 'MarginBalance', 'initial': '0.00', 'maintenance': '2.33', 'currency': 'USD', 'instrument_id': 'EUR/USD.IDEALPRO'}]",False,{}
100000.04,2.33,99997.71,USD,IDEALPRO-001,MARGIN,,"[{'type': 'MarginBalance', 'initial': '0.00', 'maintenance': '2.33', 'currency': 'USD', 'instrument_id': 'EUR/USD.IDEALPRO'}]",False,{}
100000.00,0.00,100000.00,EUR,IDEALPRO-001,MARGIN,,"[{'type': 'MarginBalance', 'initial': '0.00', 'maintenance': '2.33', 'currency': 'USD', 'instrument_id': 'EUR/USD.IDEALPRO'}]",False,{}
100000.04,2.33,99997.71,USD,IDEALPRO-001,MARGIN,,"[{'type': 'MarginBalance', 'initial': '0.00', 'maintenance': '2.33', 'currency': 'USD', 'instrument_id': 'EUR/USD.IDEALPRO'}]",False,{}
100000.00,0.00,100000.00,EUR,IDEALPRO-001,MARGIN,,"[{'type': 'MarginBalance', 'initial': '0.00', 'maintenance': '2.33', 'currency': 'USD', 'instrument_id': 'EUR/USD.IDEALPRO'}]",False,{}
100000.07,0.00,100000.07,USD,IDEALPRO-001,MARGIN,,[],False,{}
100000.00,0.00,100000.00,EUR,IDEALPRO-001,MARGIN,,[],False,{}
100000.07,0.00,100000.07,USD,IDEALPRO-001,MARGIN,,[],False,{}
100000.00,0.00,100000.00,EUR,IDEALPRO-001,MARGIN,,[],False,{}
100000.07,0.00,100000.07,USD,IDEALPRO-001,MARGIN,,[],False,{}
100000.00,0.00,100000.00,EUR,IDEALPRO-001,MARGIN,,[],False,{}
100000.07,0.00,100000.07,USD,IDEALPRO-001,MARGIN,,[],False,{}
100000.00,0.00,100000.00,EUR,IDEALPRO-001,MARGIN,,[],False,{}
100000.07,0.00,100000.07,USD,IDEALPRO-001,MARGIN,,[],False,{}
100000.00,0.00,100000.00,EUR,IDEALPRO-001,MARGIN,,[],False,{}
100000.07,0.00,100000.07,USD,IDEALPRO-001,MARGIN,,[],False,{}
100000.00,0.00,100000.00,EUR,IDEALPRO-001,MARGIN,,[],False,{}
100000.07,2.33,99997.74,USD,IDEALPRO-001,MARGIN,,"[{'type': 'MarginBalance', 'initial': '0.00', 'maintenance': '2.33', 'currency': 'USD', 'instrument_id': 'EUR/USD.IDEALPRO'}]",False,{}
100000.00,0.00,100000.00,EUR,IDEALPRO-001,MARGIN,,"[{'type': 'MarginBalance', 'initial': '0.00', 'maintenance': '2.33', 'currency': 'USD', 'instrument_id': 'EUR/USD.IDEALPRO'}]",False,{}
100000.07,2.33,99997.74,USD,IDEALPRO-001,MARGIN,,"[{'type': 'MarginBalance', 'initial': '0.00', 'maintenance': '2.33', 'currency': 'USD', 'instrument_id': 'EUR/USD.IDEALPRO'}]",False,{}
100000.00,0.00,100000.00,EUR,IDEALPRO-001,MARGIN,,"[{'type': 'MarginBalance', 'initial': '0.00', 'maintenance': '2.33', 'currency': 'USD', 'instrument_id': 'EUR/USD.IDEALPRO'}]",False,{}
100000.07,2.33,99997.74,USD,IDEALPRO-001,MARGIN,,"[{'type': 'MarginBalance', 'initial': '0.00', 'maintenance': '2.33', 'currency': 'USD', 'instrument_id': 'EUR/USD.IDEALPRO'}]",False,{}
100000.00,0.00,100000.00,EUR,IDEALPRO-001,MARGIN,,"[{'type': 'MarginBalance', 'initial': '0.00', 'maintenance': '2.33', 'currency': 'USD', 'instrument_id': 'EUR/USD.IDEALPRO'}]",False,{}
100000.07,2.33,99997.74,USD,IDEALPRO-001,MARGIN,,"[{'type': 'MarginBalance', 'initial': '0.00', 'maintenance': '2.33', 'currency': 'USD', 'instrument_id': 'EUR/USD.IDEALPRO'}]",False,{}
100000.00,0.00,100000.00,EUR,IDEALPRO-001,MARGIN,,"[{'type': 'MarginBalance', 'initial': '0.00', 'maintenance': '2.33', 'currency': 'USD', 'instrument_id': 'EUR/USD.IDEALPRO'}]",False,{}
100000.04,0.00,100000.04,USD,IDEALPRO-001,MARGIN,,[],False,{}
100000.00,0.00,100000.00,EUR,IDEALPRO-001,MARGIN,,[],False,{}
100000.04,0.00,100000.04,USD,IDEALPRO-001,MARGIN,,[],False,{}
100000.00,0.00,100000.00,EUR,IDEALPRO-001,MARGIN,,[],False,{}
100000.04,0.00,100000.04,USD,IDEALPRO-001,MARGIN,,[],False,{}
100000.00,0.00,100000.00,EUR,IDEALPRO-001,MARGIN,,[],False,{}
100000.04,0.00,100000.04,USD,IDEALPRO-001,MARGIN,,[],False,{}
100000.00,0.00,100000.00,EUR,IDEALPRO-001,MARGIN,,[],False,{}
100000.04,0.00,100000.04,USD,IDEALPRO-001,MARGIN,,[],False,{}
100000.00,0.00,100000.00,EUR,IDEALPRO-001,MARGIN,,[],False,{}
100000.04,0.00,100000.04,USD,IDEALPRO-001,MARGIN,,[],False,{}
100000.00,0.00,100000.00,EUR,IDEALPRO-001,MARGIN,,[],False,{}
100000.04,2.33,99997.71,USD,IDEALPRO-001,MARGIN,,"[{'type': 'MarginBalance', 'initial': '0.00', 'maintenance': '2.33', 'currency': 'USD', 'instrument_id': 'EUR/USD.IDEALPRO'}]",False,{}
100000.00,0.00,100000.00,EUR,IDEALPRO-001,MARGIN,,"[{'type': 'MarginBalance', 'initial': '0.00', 'maintenance': '2.33', 'currency': 'USD', 'instrument_id': 'EUR/USD.IDEALPRO'}]",False,{}
100000.04,2.33,99997.71,USD,IDEALPRO-001,MARGIN,,"[{'type': 'MarginBalance', 'initial': '0.00', 'maintenance': '2.33', 'currency': 'USD', 'instrument_id': 'EUR/USD.IDEALPRO'}]",False,{}
100000.00,0.00,100000.00,EUR,IDEALPRO-001,MARGIN,,"[{'type': 'MarginBalance', 'initial': '0.00', 'maintenance': '2.33', 'currency': 'USD', 'instrument_id': 'EUR/USD.IDEALPRO'}]",False,{}
100000.04,2.33,99997.71,USD,IDEALPRO-001,MARGIN,,"[{'type': 'MarginBalance', 'initial': '0.00', 'maintenance': '2.33', 'currency': 'USD', 'instrument_id': 'EUR/USD.IDEALPRO'}]",False,{}
100000.00,0.00,100000.00,EUR,IDEALPRO-001,MARGIN,,"[{'type': 'MarginBalance', 'initial': '0.00', 'maintenance': '2.33', 'currency': 'USD', 'instrument_id': 'EUR/USD.IDEALPRO'}]",False,{}
100000.04,2.33,99997.71,USD,IDEALPRO-001,MARGIN,,"[{'type': 'MarginBalance', 'initial': '0.00', 'maintenance': '2.33', 'currency': 'USD', 'instrument_id': 'EUR/USD.IDEALPRO'}]",False,{}
100000.00,0.00,100000.00,EUR,IDEALPRO-001,MARGIN,,"[{'type': 'MarginBalance', 'initial': '0.00', 'maintenance': '2.33', 'currency': 'USD', 'instrument_id': 'EUR/USD.IDEALPRO'}]",False,{}
100000.03,0.00,100000.03,USD,IDEALPRO-001,MARGIN,,[],False,{}
100000.00,0.00,100000.00,EUR,IDEALPRO-001,MARGIN,,[],False,{}
100000.03,0.00,100000.03,USD,IDEALPRO-001,MARGIN,,[],False,{}
100000.00,0.00,100000.00,EUR,IDEALPRO-001,MARGIN,,[],False,{}
100000.03,0.00,100000.03,USD,IDEALPRO-001,MARGIN,,[],False,{}
100000.00,0.00,100000.00,EUR,IDEALPRO-001,MARGIN,,[],False,{}
100000.03,0.00,100000.03,USD,IDEALPRO-001,MARGIN,,[],False,{}
100000.00,0.00,100000.00,EUR,IDEALPRO-001,MARGIN,,[],False,{}
100000.03,0.00,100000.03,USD,IDEALPRO-001,MARGIN,,[],False,{}
100000.00,0.00,100000.00,EUR,IDEALPRO-001,MARGIN,,[],False,{}
100000.03,0.00,100000.03,USD,IDEALPRO-001,MARGIN,,[],False,{}
100000.00,0.00,100000.00,EUR,IDEALPRO-001,MARGIN,,[],False,{}
100000.03,2.33,99997.70,USD,IDEALPRO-001,MARGIN,,"[{'type': 'MarginBalance', 'initial': '0.00', 'maintenance': '2.33', 'currency': 'USD', 'instrument_id': 'EUR/USD.IDEALPRO'}]",False,{}
100000.00,0.00,100000.00,EUR,IDEALPRO-001,MARGIN,,"[{'type': 'MarginBalance', 'initial': '0.00', 'maintenance': '2.33', 'currency': 'USD', 'instrument_id': 'EUR/USD.IDEALPRO'}]",False,{}
100000.03,2.33,99997.70,USD,IDEALPRO-001,MARGIN,,"[{'type': 'MarginBalance', 'initial': '0.00', 'maintenance': '2.33', 'currency': 'USD', 'instrument_id': 'EUR/USD.IDEALPRO'}]",False,{}
100000.00,0.00,100000.00,EUR,IDEALPRO-001,MARGIN,,"[{'type': 'MarginBalance', 'initial': '0.00', 'maintenance': '2.33', 'currency': 'USD', 'instrument_id': 'EUR/USD.IDEALPRO'}]",False,{}
100000.03,2.33,99997.70,USD,IDEALPRO-001,MARGIN,,"[{'type': 'MarginBalance', 'initial': '0.00', 'maintenance': '2.33', 'currency': 'USD', 'instrument_id': 'EUR/USD.IDEALPRO'}]",False,{}
100000.00,0.00,100000.00,EUR,IDEALPRO-001,MARGIN,,"[{'type': 'MarginBalance', 'initial': '0.00', 'maintenance': '2.33', 'currency': 'USD', 'instrument_id': 'EUR/USD.IDEALPRO'}]",False,{}
100000.03,2.33,99997.70,USD,IDEALPRO-001,MARGIN,,"[{'type': 'MarginBalance', 'initial': '0.00', 'maintenance': '2.33', 'currency': 'USD', 'instrument_id': 'EUR/USD.IDEALPRO'}]",False,{}
100000.00,0.00,100000.00,EUR,IDEALPRO-001,MARGIN,,"[{'type': 'MarginBalance', 'initial': '0.00', 'maintenance': '2.33', 'currency': 'USD', 'instrument_id': 'EUR/USD.IDEALPRO'}]",False,{}
100000.00,0.00,100000.00,USD,IDEALPRO-001,MARGIN,,[],False,{}
100000.00,0.00,100000.00,EUR,IDEALPRO-001,MARGIN,,[],False,{}
100000.00,0.00,100000.00,USD,IDEALPRO-001,MARGIN,,[],False,{}
100000.00,0.00,100000.00,EUR,IDEALPRO-001,MARGIN,,[],False,{}
100000.00,0.00,100000.00,USD,IDEALPRO-001,MARGIN,,[],False,{}
100000.00,0.00,100000.00,EUR,IDEALPRO-001,MARGIN,,[],False,{}
100000.00,0.00,100000.00,USD,IDEALPRO-001,MARGIN,,[],False,{}
100000.00,0.00,100000.00,EUR,IDEALPRO-001,MARGIN,,[],False,{}
100000.00,0.00,100000.00,USD,IDEALPRO-001,MARGIN,,[],False,{}
100000.00,0.00,100000.00,EUR,IDEALPRO-001,MARGIN,,[],False,{}
100000.00,0.00,100000.00,USD,IDEALPRO-001,MARGIN,,[],False,{}
100000.00,0.00,100000.00,EUR,IDEALPRO-001,MARGIN,,[],False,{}
100000.00,2.33,99997.67,USD,IDEALPRO-001,MARGIN,,"[{'type': 'MarginBalance', 'initial': '0.00', 'maintenance': '2.33', 'currency': 'USD', 'instrument_id': 'EUR/USD.IDEALPRO'}]",False,{}
100000.00,0.00,100000.00,EUR,IDEALPRO-001,MARGIN,,"[{'type': 'MarginBalance', 'initial': '0.00', 'maintenance': '2.33', 'currency': 'USD', 'instrument_id': 'EUR/USD.IDEALPRO'}]",False,{}
100000.00,2.33,99997.67,USD,IDEALPRO-001,MARGIN,,"[{'type': 'MarginBalance', 'initial': '0.00', 'maintenance': '2.33', 'currency': 'USD', 'instrument_id': 'EUR/USD.IDEALPRO'}]",False,{}
100000.00,0.00,100000.00,EUR,IDEALPRO-001,MARGIN,,"[{'type': 'MarginBalance', 'initial': '0.00', 'maintenance': '2.33', 'currency': 'USD', 'instrument_id': 'EUR/USD.IDEALPRO'}]",False,{}
100000.00,2.33,99997.67,USD,IDEALPRO-001,MARGIN,,"[{'type': 'MarginBalance', 'initial': '0.00', 'maintenance': '2.33', 'currency': 'USD', 'instrument_id': 'EUR/USD.IDEALPRO'}]",False,{}
100000.00,0.00,100000.00,EUR,IDEALPRO-001,MARGIN,,"[{'type': 'MarginBalance', 'initial': '0.00', 'maintenance': '2.33', 'currency': 'USD', 'instrument_id': 'EUR/USD.IDEALPRO'}]",False,{}
100000.00,2.33,99997.67,USD,IDEALPRO-001,MARGIN,,"[{'type': 'MarginBalance', 'initial': '0.00', 'maintenance': '2.33', 'currency': 'USD', 'instrument_id': 'EUR/USD.IDEALPRO'}]",False,{}
100000.00,0.00,100000.00,EUR,IDEALPRO-001,MARGIN,,"[{'type': 'MarginBalance', 'initial': '0.00', 'maintenance': '2.33', 'currency': 'USD', 'instrument_id': 'EUR/USD.IDEALPRO'}]",False,{}
99999.99,0.00,99999.99,USD,IDEALPRO-001,MARGIN,,[],False,{}
100000.00,0.00,100000.00,EUR,IDEALPRO-001,MARGIN,,[],False,{}
99999.99,0.00,99999.99,USD,IDEALPRO-001,MARGIN,,[],False,{}
100000.00,0.00,100000.00,EUR,IDEALPRO-001,MARGIN,,[],False,{}
99999.99,0.00,99999.99,USD,IDEALPRO-001,MARGIN,,[],False,{}
100000.00,0.00,100000.00,EUR,IDEALPRO-001,MARGIN,,[],False,{}
99999.99,0.00,99999.99,USD,IDEALPRO-001,MARGIN,,[],False,{}
100000.00,0.00,100000.00,EUR,IDEALPRO-001,MARGIN,,[],False,{}
99999.99,0.00,99999.99,USD,IDEALPRO-001,MARGIN,,[],False,{}
100000.00,0.00,100000.00,EUR,IDEALPRO-001,MARGIN,,[],False,{}
99999.99,0.00,99999.99,USD,IDEALPRO-001,MARGIN,,[],False,{}
100000.00,0.00,100000.00,EUR,IDEALPRO-001,MARGIN,,[],False,{}
99999.99,2.33,99997.66,USD,IDEALPRO-001,MARGIN,,"[{'type': 'MarginBalance', 'initial': '0.00', 'maintenance': '2.33', 'currency': 'USD', 'instrument_id': 'EUR/USD.IDEALPRO'}]",False,{}
100000.00,0.00,100000.00,EUR,IDEALPRO-001,MARGIN,,"[{'type': 'MarginBalance', 'initial': '0.00', 'maintenance': '2.33', 'currency': 'USD', 'instrument_id': 'EUR/USD.IDEALPRO'}]",False,{}
99999.99,2.33,99997.66,USD,IDEALPRO-001,MARGIN,,"[{'type': 'MarginBalance', 'initial': '0.00', 'maintenance': '2.33', 'currency': 'USD', 'instrument_id': 'EUR/USD.IDEALPRO'}]",False,{}
100000.00,0.00,100000.00,EUR,IDEALPRO-001,MARGIN,,"[{'type': 'MarginBalance', 'initial': '0.00', 'maintenance': '2.33', 'currency': 'USD', 'instrument_id': 'EUR/USD.IDEALPRO'}]",False,{}
99999.99,2.33,99997.66,USD,IDEALPRO-001,MARGIN,,"[{'type': 'MarginBalance', 'initial': '0.00', 'maintenance': '2.33', 'currency': 'USD', 'instrument_id': 'EUR/USD.IDEALPRO'}]",False,{}
100000.00,0.00,100000.00,EUR,IDEALPRO-001,MARGIN,,"[{'type': 'MarginBalance', 'initial': '0.00', 'maintenance': '2.33', 'currency': 'USD', 'instrument_id': 'EUR/USD.IDEALPRO'}]",False,{}
99999.99,2.33,99997.66,USD,IDEALPRO-001,MARGIN,,"[{'type': 'MarginBalance', 'initial': '0.00', 'maintenance': '2.33', 'currency': 'USD', 'instrument_id': 'EUR/USD.IDEALPRO'}]",False,{}
100000.00,0.00,100000.00,EUR,IDEALPRO-001,MARGIN,,"[{'type': 'MarginBalance', 'initial': '0.00', 'maintenance': '2.33', 'currency': 'USD', 'instrument_id': 'EUR/USD.IDEALPRO'}]",False,{}
100000.02,0.00,100000.02,USD,IDEALPRO-001,MARGIN,,[],False,{}
100000.00,0.00,100000.00,EUR,IDEALPRO-001,MARGIN,,[],False,{}
100000.02,0.00,100000.02,USD,IDEALPRO-001,MARGIN,,[],False,{}
100000.00,0.00,100000.00,EUR,IDEALPRO-001,MARGIN,,[],False,{}
100000.02,0.00,100000.02,USD,IDEALPRO-001,MARGIN,,[],False,{}
100000.00,0.00,100000.00,EUR,IDEALPRO-001,MARGIN,,[],False,{}
100000.02,0.00,100000.02,USD,IDEALPRO-001,MARGIN,,[],False,{}
100000.00,0.00,100000.00,EUR,IDEALPRO-001,MARGIN,,[],False,{}
100000.02,0.00,100000.02,USD,IDEALPRO-001,MARGIN,,[],False,{}
100000.00,0.00,100000.00,EUR,IDEALPRO-001,MARGIN,,[],False,{}
100000.02,0.00,100000.02,USD,IDEALPRO-001,MARGIN,,[],False,{}
100000.00,0.00,100000.00,EUR,IDEALPRO-001,MARGIN,,[],False,{}
100000.02,2.33,99997.69,USD,IDEALPRO-001,MARGIN,,"[{'type': 'MarginBalance', 'initial': '0.00', 'maintenance': '2.33', 'currency': 'USD', 'instrument_id': 'EUR/USD.IDEALPRO'}]",False,{}
100000.00,0.00,100000.00,EUR,IDEALPRO-001,MARGIN,,"[{'type': 'MarginBalance', 'initial': '0.00', 'maintenance': '2.33', 'currency': 'USD', 'instrument_id': 'EUR/USD.IDEALPRO'}]",False,{}
100000.02,2.33,99997.69,USD,IDEALPRO-001,MARGIN,,"[{'type': 'MarginBalance', 'initial': '0.00', 'maintenance': '2.33', 'currency': 'USD', 'instrument_id': 'EUR/USD.IDEALPRO'}]",False,{}
100000.00,0.00,100000.00,EUR,IDEALPRO-001,MARGIN,,"[{'type': 'MarginBalance', 'initial': '0.00', 'maintenance': '2.33', 'currency': 'USD', 'instrument_id': 'EUR/USD.IDEALPRO'}]",False,{}
100000.02,2.33,99997.69,USD,IDEALPRO-001,MARGIN,,"[{'type': 'MarginBalance', 'initial': '0.00', 'maintenance': '2.33', 'currency': 'USD', 'instrument_id': 'EUR/USD.IDEALPRO'}]",False,{}
100000.00,0.00,100000.00,EUR,IDEALPRO-001,MARGIN,,"[{'type': 'MarginBalance', 'initial': '0.00', 'maintenance': '2.33', 'currency': 'USD', 'instrument_id': 'EUR/USD.IDEALPRO'}]",False,{}
100000.02,2.33,99997.69,USD,IDEALPRO-001,MARGIN,,"[{'type': 'MarginBalance', 'initial': '0.00', 'maintenance': '2.33', 'currency': 'USD', 'instrument_id': 'EUR/USD.IDEALPRO'}]",False,{}
100000.00,0.00,100000.00,EUR,IDEALPRO-001,MARGIN,,"[{'type': 'MarginBalance', 'initial': '0.00', 'maintenance': '2.33', 'currency': 'USD', 'instrument_id': 'EUR/USD.IDEALPRO'}]",False,{}
100000.00,0.00,100000.00,USD,IDEALPRO-001,MARGIN,,[],False,{}
100000.00,0.00,100000.00,EUR,IDEALPRO-001,MARGIN,,[],False,{}
100000.00,0.00,100000.00,USD,IDEALPRO-001,MARGIN,,[],False,{}
100000.00,0.00,100000.00,EUR,IDEALPRO-001,MARGIN,,[],False,{}
100000.00,0.00,100000.00,USD,IDEALPRO-001,MARGIN,,[],False,{}
100000.00,0.00,100000.00,EUR,IDEALPRO-001,MARGIN,,[],False,{}
100000.00,0.00,100000.00,USD,IDEALPRO-001,MARGIN,,[],False,{}
100000.00,0.00,100000.00,EUR,IDEALPRO-001,MARGIN,,[],False,{}
100000.00,0.00,100000.00,USD,IDEALPRO-001,MARGIN,,[],False,{}
100000.00,0.00,100000.00,EUR,IDEALPRO-001,MARGIN,,[],False,{}
100000.00,0.00,100000.00,USD,IDEALPRO-001,MARGIN,,[],False,{}
100000.00,0.00,100000.00,EUR,IDEALPRO-001,MARGIN,,[],False,{}
100000.00,2.33,99997.67,USD,IDEALPRO-001,MARGIN,,"[{'type': 'MarginBalance', 'initial': '0.00', 'maintenance': '2.33', 'currency': 'USD', 'instrument_id': 'EUR/USD.IDEALPRO'}]",False,{}
100000.00,0.00,100000.00,EUR,IDEALPRO-001,MARGIN,,"[{'type': 'MarginBalance', 'initial': '0.00', 'maintenance': '2.33', 'currency': 'USD', 'instrument_id': 'EUR/USD.IDEALPRO'}]",False,{}
100000.00,2.33,99997.67,USD,IDEALPRO-001,MARGIN,,"[{'type': 'MarginBalance', 'initial': '0.00', 'maintenance': '2.33', 'currency': 'USD', 'instrument_id': 'EUR/USD.IDEALPRO'}]",False,{}
100000.00,0.00,100000.00,EUR,IDEALPRO-001,MARGIN,,"[{'type': 'MarginBalance', 'initial': '0.00', 'maintenance': '2.33', 'currency': 'USD', 'instrument_id': 'EUR/USD.IDEALPRO'}]",False,{}
100000.00,2.33,99997.67,USD,IDEALPRO-001,MARGIN,,"[{'type': 'MarginBalance', 'initial': '0.00', 'maintenance': '2.33', 'currency': 'USD', 'instrument_id': 'EUR/USD.IDEALPRO'}]",False,{}
100000.00,0.00,100000.00,EUR,IDEALPRO-001,MARGIN,,"[{'type': 'MarginBalance', 'initial': '0.00', 'maintenance': '2.33', 'currency': 'USD', 'instrument_id': 'EUR/USD.IDEALPRO'}]",False,{}
100000.00,2.33,99997.67,USD,IDEALPRO-001,MARGIN,,"[{'type': 'MarginBalance', 'initial': '0.00', 'maintenance': '2.33', 'currency': 'USD', 'instrument_id': 'EUR/USD.IDEALPRO'}]",False,{}
100000.00,0.00,100000.00,EUR,IDEALPRO-001,MARGIN,,"[{'type': 'MarginBalance', 'initial': '0.00', 'maintenance': '2.33', 'currency': 'USD', 'instrument_id': 'EUR/USD.IDEALPRO'}]",False,{}
99999.95,0.00,99999.95,USD,IDEALPRO-001,MARGIN,,[],False,{}
100000.00,0.00,100000.00,EUR,IDEALPRO-001,MARGIN,,[],False,{}
99999.95,0.00,99999.95,USD,IDEALPRO-001,MARGIN,,[],False,{}
100000.00,0.00,100000.00,EUR,IDEALPRO-001,MARGIN,,[],False,{}
99999.95,0.00,99999.95,USD,IDEALPRO-001,MARGIN,,[],False,{}
100000.00,0.00,100000.00,EUR,IDEALPRO-001,MARGIN,,[],False,{}
99999.95,0.00,99999.95,USD,IDEALPRO-001,MARGIN,,[],False,{}
100000.00,0.00,100000.00,EUR,IDEALPRO-001,MARGIN,,[],False,{}
99999.95,0.00,99999.95,USD,IDEALPRO-001,MARGIN,,[],False,{}
100000.00,0.00,100000.00,EUR,IDEALPRO-001,MARGIN,,[],False,{}
99999.95,0.00,99999.95,USD,IDEALPRO-001,MARGIN,,[],False,{}
100000.00,0.00,100000.00,EUR,IDEALPRO-001,MARGIN,,[],False,{}
99999.95,2.33,99997.62,USD,IDEALPRO-001,MARGIN,,"[{'type': 'MarginBalance', 'initial': '0.00', 'maintenance': '2.33', 'currency': 'USD', 'instrument_id': 'EUR/USD.IDEALPRO'}]",False,{}
100000.00,0.00,100000.00,EUR,IDEALPRO-001,MARGIN,,"[{'type': 'MarginBalance', 'initial': '0.00', 'maintenance': '2.33', 'currency': 'USD', 'instrument_id': 'EUR/USD.IDEALPRO'}]",False,{}
99999.95,2.33,99997.62,USD,IDEALPRO-001,MARGIN,,"[{'type': 'MarginBalance', 'initial': '0.00', 'maintenance': '2.33', 'currency': 'USD', 'instrument_id': 'EUR/USD.IDEALPRO'}]",False,{}
100000.00,0.00,100000.00,EUR,IDEALPRO-001,MARGIN,,"[{'type': 'MarginBalance', 'initial': '0.00', 'maintenance': '2.33', 'currency': 'USD', 'instrument_id': 'EUR/USD.IDEALPRO'}]",False,{}
99999.95,2.33,99997.62,USD,IDEALPRO-001,MARGIN,,"[{'type': 'MarginBalance', 'initial': '0.00', 'maintenance': '2.33', 'currency': 'USD', 'instrument_id': 'EUR/USD.IDEALPRO'}]",False,{}
100000.00,0.00,100000.00,EUR,IDEALPRO-001,MARGIN,,"[{'type': 'MarginBalance', 'initial': '0.00', 'maintenance': '2.33', 'currency': 'USD', 'instrument_id': 'EUR/USD.IDEALPRO'}]",False,{}
99999.95,2.33,99997.62,USD,IDEALPRO-001,MARGIN,,"[{'type': 'MarginBalance', 'initial': '0.00', 'maintenance': '2.33', 'currency': 'USD', 'instrument_id': 'EUR/USD.IDEALPRO'}]",False,{}
100000.00,0.00,100000.00,EUR,IDEALPRO-001,MARGIN,,"[{'type': 'MarginBalance', 'initial': '0.00', 'maintenance': '2.33', 'currency': 'USD', 'instrument_id': 'EUR/USD.IDEALPRO'}]",False,{}
99999.93,0.00,99999.93,USD,IDEALPRO-001,MARGIN,,[],False,{}
100000.00,0.00,100000.00,EUR,IDEALPRO-001,MARGIN,,[],False,{}
99999.93,0.00,99999.93,USD,IDEALPRO-001,MARGIN,,[],False,{}
100000.00,0.00,100000.00,EUR,IDEALPRO-001,MARGIN,,[],False,{}
99999.93,0.00,99999.93,USD,IDEALPRO-001,MARGIN,,[],False,{}
100000.00,0.00,100000.00,EUR,IDEALPRO-001,MARGIN,,[],False,{}
99999.93,0.00,99999.93,USD,IDEALPRO-001,MARGIN,,[],False,{}
100000.00,0.00,100000.00,EUR,IDEALPRO-001,MARGIN,,[],False,{}
99999.93,0.00,99999.93,USD,IDEALPRO-001,MARGIN,,[],False,{}
100000.00,0.00,100000.00,EUR,IDEALPRO-001,MARGIN,,[],False,{}
99999.93,0.00,99999.93,USD,IDEALPRO-001,MARGIN,,[],False,{}
100000.00,0.00,100000.00,EUR,IDEALPRO-001,MARGIN,,[],False,{}
99999.93,2.33,99997.60,USD,IDEALPRO-001,MARGIN,,"[{'type': 'MarginBalance', 'initial': '0.00', 'maintenance': '2.33', 'currency': 'USD', 'instrument_id': 'EUR/USD.IDEALPRO'}]",False,{}
100000.00,0.00,100000.00,EUR,IDEALPRO-001,MARGIN,,"[{'type': 'MarginBalance', 'initial': '0.00', 'maintenance': '2.33', 'currency': 'USD', 'instrument_id': 'EUR/USD.IDEALPRO'}]",False,{}
99999.93,2.33,99997.60,USD,IDEALPRO-001,MARGIN,,"[{'type': 'MarginBalance', 'initial': '0.00', 'maintenance': '2.33', 'currency': 'USD', 'instrument_id': 'EUR/USD.IDEALPRO'}]",False,{}
100000.00,0.00,100000.00,EUR,IDEALPRO-001,MARGIN,,"[{'type': 'MarginBalance', 'initial': '0.00', 'maintenance': '2.33', 'currency': 'USD', 'instrument_id': 'EUR/USD.IDEALPRO'}]",False,{}
99999.93,2.33,99997.60,USD,IDEALPRO-001,MARGIN,,"[{'type': 'MarginBalance', 'initial': '0.00', 'maintenance': '2.33', 'currency': 'USD', 'instrument_id': 'EUR/USD.IDEALPRO'}]",False,{}
100000.00,0.00,100000.00,EUR,IDEALPRO-001,MARGIN,,"[{'type': 'MarginBalance', 'initial': '0.00', 'maintenance': '2.33', 'currency': 'USD', 'instrument_id': 'EUR/USD.IDEALPRO'}]",False,{}
99999.93,2.33,99997.60,USD,IDEALPRO-001,MARGIN,,"[{'type': 'MarginBalance', 'initial': '0.00', 'maintenance': '2.33', 'currency': 'USD', 'instrument_id': 'EUR/USD.IDEALPRO'}]",False,{}
100000.00,0.00,100000.00,EUR,IDEALPRO-001,MARGIN,,"[{'type': 'MarginBalance', 'initial': '0.00', 'maintenance': '2.33', 'currency': 'USD', 'instrument_id': 'EUR/USD.IDEALPRO'}]",False,{}
99999.92,0.00,99999.92,USD,IDEALPRO-001,MARGIN,,[],False,{}
100000.00,0.00,100000.00,EUR,IDEALPRO-001,MARGIN,,[],False,{}
99999.92,0.00,99999.92,USD,IDEALPRO-001,MARGIN,,[],False,{}
100000.00,0.00,100000.00,EUR,IDEALPRO-001,MARGIN,,[],False,{}
99999.92,0.00,99999.92,USD,IDEALPRO-001,MARGIN,,[],False,{}
100000.00,0.00,100000.00,EUR,IDEALPRO-001,MARGIN,,[],False,{}
99999.92,0.00,99999.92,USD,IDEALPRO-001,MARGIN,,[],False,{}
100000.00,0.00,100000.00,EUR,IDEALPRO-001,MARGIN,,[],False,{}
99999.92,0.00,99999.92,USD,IDEALPRO-001,MARGIN,,[],False,{}
100000.00,0.00,100000.00,EUR,IDEALPRO-001,MARGIN,,[],False,{}
99999.92,0.00,99999.92,USD,IDEALPRO-001,MARGIN,,[],False,{}
100000.00,0.00,100000.00,EUR,IDEALPRO-001,MARGIN,,[],False,{}
99999.92,2.33,99997.59,USD,IDEALPRO-001,MARGIN,,"[{'type': 'MarginBalance', 'initial': '0.00', 'maintenance': '2.33', 'currency': 'USD', 'instrument_id': 'EUR/USD.IDEALPRO'}]",False,{}
100000.00,0.00,100000.00,EUR,IDEALPRO-001,MARGIN,,"[{'type': 'MarginBalance', 'initial': '0.00', 'maintenance': '2.33', 'currency': 'USD', 'instrument_id': 'EUR/USD.IDEALPRO'}]",False,{}
99999.92,2.33,99997.59,USD,IDEALPRO-001,MARGIN,,"[{'type': 'MarginBalance', 'initial': '0.00', 'maintenance': '2.33', 'currency': 'USD', 'instrument_id': 'EUR/USD.IDEALPRO'}]",False,{}
100000.00,0.00,100000.00,EUR,IDEALPRO-001,MARGIN,,"[{'type': 'MarginBalance', 'initial': '0.00', 'maintenance': '2.33', 'currency': 'USD', 'instrument_id': 'EUR/USD.IDEALPRO'}]",False,{}
99999.92,2.33,99997.59,USD,IDEALPRO-001,MARGIN,,"[{'type': 'MarginBalance', 'initial': '0.00', 'maintenance': '2.33', 'currency': 'USD', 'instrument_id': 'EUR/USD.IDEALPRO'}]",False,{}
100000.00,0.00,100000.00,EUR,IDEALPRO-001,MARGIN,,"[{'type': 'MarginBalance', 'initial': '0.00', 'maintenance': '2.33', 'currency': 'USD', 'instrument_id': 'EUR/USD.IDEALPRO'}]",False,{}
99999.92,2.33,99997.59,USD,IDEALPRO-001,MARGIN,,"[{'type': 'MarginBalance', 'initial': '0.00', 'maintenance': '2.33', 'currency': 'USD', 'instrument_id': 'EUR/USD.IDEALPRO'}]",False,{}
100000.00,0.00,100000.00,EUR,IDEALPRO-001,MARGIN,,"[{'type': 'MarginBalance', 'initial': '0.00', 'maintenance': '2.33', 'currency': 'USD', 'instrument_id': 'EUR/USD.IDEALPRO'}]",False,{}
99999.94,0.00,99999.94,USD,IDEALPRO-001,MARGIN,,[],False,{}
100000.00,0.00,100000.00,EUR,IDEALPRO-001,MARGIN,,[],False,{}
99999.94,0.00,99999.94,USD,IDEALPRO-001,MARGIN,,[],False,{}
100000.00,0.00,100000.00,EUR,IDEALPRO-001,MARGIN,,[],False,{}
99999.94,0.00,99999.94,USD,IDEALPRO-001,MARGIN,,[],False,{}
100000.00,0.00,100000.00,EUR,IDEALPRO-001,MARGIN,,[],False,{}
99999.94,0.00,99999.94,USD,IDEALPRO-001,MARGIN,,[],False,{}
100000.00,0.00,100000.00,EUR,IDEALPRO-001,MARGIN,,[],False,{}
99999.94,0.00,99999.94,USD,IDEALPRO-001,MARGIN,,[],False,{}
100000.00,0.00,100000.00,EUR,IDEALPRO-001,MARGIN,,[],False,{}
99999.94,0.00,99999.94,USD,IDEALPRO-001,MARGIN,,[],False,{}
100000.00,0.00,100000.00,EUR,IDEALPRO-001,MARGIN,,[],False,{}
99999.94,2.33,99997.61,USD,IDEALPRO-001,MARGIN,,"[{'type': 'MarginBalance', 'initial': '0.00', 'maintenance': '2.33', 'currency': 'USD', 'instrument_id': 'EUR/USD.IDEALPRO'}]",False,{}
100000.00,0.00,100000.00,EUR,IDEALPRO-001,MARGIN,,"[{'type': 'MarginBalance', 'initial': '0.00', 'maintenance': '2.33', 'currency': 'USD', 'instrument_id': 'EUR/USD.IDEALPRO'}]",False,{}
99999.94,2.33,99997.61,USD,IDEALPRO-001,MARGIN,,"[{'type': 'MarginBalance', 'initial': '0.00', 'maintenance': '2.33', 'currency': 'USD', 'instrument_id': 'EUR/USD.IDEALPRO'}]",False,{}
100000.00,0.00,100000.00,EUR,IDEALPRO-001,MARGIN,,"[{'type': 'MarginBalance', 'initial': '0.00', 'maintenance': '2.33', 'currency': 'USD', 'instrument_id': 'EUR/USD.IDEALPRO'}]",False,{}
99999.94,2.33,99997.61,USD,IDEALPRO-001,MARGIN,,"[{'type': 'MarginBalance', 'initial': '0.00', 'maintenance': '2.33', 'currency': 'USD', 'instrument_id': 'EUR/USD.IDEALPRO'}]",False,{}
100000.00,0.00,100000.00,EUR,IDEALPRO-001,MARGIN,,"[{'type': 'MarginBalance', 'initial': '0.00', 'maintenance': '2.33', 'currency': 'USD', 'instrument_id': 'EUR/USD.IDEALPRO'}]",False,{}
99999.94,2.33,99997.61,USD,IDEALPRO-001,MARGIN,,"[{'type': 'MarginBalance', 'initial': '0.00', 'maintenance': '2.33', 'currency': 'USD', 'instrument_id': 'EUR/USD.IDEALPRO'}]",False,{}
100000.00,0.00,100000.00,EUR,IDEALPRO-001,MARGIN,,"[{'type': 'MarginBalance', 'initial': '0.00', 'maintenance': '2.33', 'currency': 'USD', 'instrument_id': 'EUR/USD.IDEALPRO'}]",False,{}
99999.94,0.00,99999.94,USD,IDEALPRO-001,MARGIN,,[],False,{}
100000.00,0.00,100000.00,EUR,IDEALPRO-001,MARGIN,,[],False,{}
99999.94,0.00,99999.94,USD,IDEALPRO-001,MARGIN,,[],False,{}
100000.00,0.00,100000.00,EUR,IDEALPRO-001,MARGIN,,[],False,{}
99999.94,0.00,99999.94,USD,IDEALPRO-001,MARGIN,,[],False,{}
100000.00,0.00,100000.00,EUR,IDEALPRO-001,MARGIN,,[],False,{}
99999.94,0.00,99999.94,USD,IDEALPRO-001,MARGIN,,[],False,{}
100000.00,0.00,100000.00,EUR,IDEALPRO-001,MARGIN,,[],False,{}
99999.94,0.00,99999.94,USD,IDEALPRO-001,MARGIN,,[],False,{}
100000.00,0.00,100000.00,EUR,IDEALPRO-001,MARGIN,,[],False,{}
99999.94,0.00,99999.94,USD,IDEALPRO-001,MARGIN,,[],False,{}
100000.00,0.00,100000.00,EUR,IDEALPRO-001,MARGIN,,[],False,{}
99999.94,2.33,99997.61,USD,IDEALPRO-001,MARGIN,,"[{'type': 'MarginBalance', 'initial': '0.00', 'maintenance': '2.33', 'currency': 'USD', 'instrument_id': 'EUR/USD.IDEALPRO'}]",False,{}
100000.00,0.00,100000.00,EUR,IDEALPRO-001,MARGIN,,"[{'type': 'MarginBalance', 'initial': '0.00', 'maintenance': '2.33', 'currency': 'USD', 'instrument_id': 'EUR/USD.IDEALPRO'}]",False,{}
99999.94,2.33,99997.61,USD,IDEALPRO-001,MARGIN,,"[{'type': 'MarginBalance', 'initial': '0.00', 'maintenance': '2.33', 'currency': 'USD', 'instrument_id': 'EUR/USD.IDEALPRO'}]",False,{}
100000.00,0.00,100000.00,EUR,IDEALPRO-001,MARGIN,,"[{'type': 'MarginBalance', 'initial': '0.00', 'maintenance': '2.33', 'currency': 'USD', 'instrument_id': 'EUR/USD.IDEALPRO'}]",False,{}
99999.94,2.33,99997.61,USD,IDEALPRO-001,MARGIN,,"[{'type': 'MarginBalance', 'initial': '0.00', 'maintenance': '2.33', 'currency': 'USD', 'instrument_id': 'EUR/USD.IDEALPRO'}]",False,{}
100000.00,0.00,100000.00,EUR,IDEALPRO-001,MARGIN,,"[{'type': 'MarginBalance', 'initial': '0.00', 'maintenance': '2.33', 'currency': 'USD', 'instrument_id': 'EUR/USD.IDEALPRO'}]",False,{}
99999.94,2.33,99997.61,USD,IDEALPRO-001,MARGIN,,"[{'type': 'MarginBalance', 'initial': '0.00', 'maintenance': '2.33', 'currency': 'USD', 'instrument_id': 'EUR/USD.IDEALPRO'}]",False,{}
100000.00,0.00,100000.00,EUR,IDEALPRO-001,MARGIN,,"[{'type': 'MarginBalance', 'initial': '0.00', 'maintenance': '2.33', 'currency': 'USD', 'instrument_id': 'EUR/USD.IDEALPRO'}]",False,{}
99999.90,0.00,99999.90,USD,IDEALPRO-001,MARGIN,,[],False,{}
100000.00,0.00,100000.00,EUR,IDEALPRO-001,MARGIN,,[],False,{}
99999.90,0.00,99999.90,USD,IDEALPRO-001,MARGIN,,[],False,{}
100000.00,0.00,100000.00,EUR,IDEALPRO-001,MARGIN,,[],False,{}
99999.90,0.00,99999.90,USD,IDEALPRO-001,MARGIN,,[],False,{}
100000.00,0.00,100000.00,EUR,IDEALPRO-001,MARGIN,,[],False,{}
99999.90,0.00,99999.90,USD,IDEALPRO-001,MARGIN,,[],False,{}
100000.00,0.00,100000.00,EUR,IDEALPRO-001,MARGIN,,[],False,{}
99999.90,0.00,99999.90,USD,IDEALPRO-001,MARGIN,,[],False,{}
100000.00,0.00,100000.00,EUR,IDEALPRO-001,MARGIN,,[],False,{}
99999.90,0.00,99999.90,USD,IDEALPRO-001,MARGIN,,[],False,{}
100000.00,0.00,100000.00,EUR,IDEALPRO-001,MARGIN,,[],False,{}
99999.90,2.33,99997.57,USD,IDEALPRO-001,MARGIN,,"[{'type': 'MarginBalance', 'initial': '0.00', 'maintenance': '2.33', 'currency': 'USD', 'instrument_id': 'EUR/USD.IDEALPRO'}]",False,{}
100000.00,0.00,100000.00,EUR,IDEALPRO-001,MARGIN,,"[{'type': 'MarginBalance', 'initial': '0.00', 'maintenance': '2.33', 'currency': 'USD', 'instrument_id': 'EUR/USD.IDEALPRO'}]",False,{}
99999.90,2.33,99997.57,USD,IDEALPRO-001,MARGIN,,"[{'type': 'MarginBalance', 'initial': '0.00', 'maintenance': '2.33', 'currency': 'USD', 'instrument_id': 'EUR/USD.IDEALPRO'}]",False,{}
100000.00,0.00,100000.00,EUR,IDEALPRO-001,MARGIN,,"[{'type': 'MarginBalance', 'initial': '0.00', 'maintenance': '2.33', 'currency': 'USD', 'instrument_id': 'EUR/USD.IDEALPRO'}]",False,{}
99999.90,2.33,99997.57,USD,IDEALPRO-001,MARGIN,,"[{'type': 'MarginBalance', 'initial': '0.00', 'maintenance': '2.33', 'currency': 'USD', 'instrument_id': 'EUR/USD.IDEALPRO'}]",False,{}
100000.00,0.00,100000.00,EUR,IDEALPRO-001,MARGIN,,"[{'type': 'MarginBalance', 'initial': '0.00', 'maintenance': '2.33', 'currency': 'USD', 'instrument_id': 'EUR/USD.IDEALPRO'}]",False,{}
99999.90,2.33,99997.57,USD,IDEALPRO-001,MARGIN,,"[{'type': 'MarginBalance', 'initial': '0.00', 'maintenance': '2.33', 'currency': 'USD', 'instrument_id': 'EUR/USD.IDEALPRO'}]",False,{}
100000.00,0.00,100000.00,EUR,IDEALPRO-001,MARGIN,,"[{'type': 'MarginBalance', 'initial': '0.00', 'maintenance': '2.33', 'currency': 'USD', 'instrument_id': 'EUR/USD.IDEALPRO'}]",False,{}
99999.87,0.00,99999.87,USD,IDEALPRO-001,MARGIN,,[],False,{}
100000.00,0.00,100000.00,EUR,IDEALPRO-001,MARGIN,,[],False,{}
99999.87,0.00,99999.87,USD,IDEALPRO-001,MARGIN,,[],False,{}
100000.00,0.00,100000.00,EUR,IDEALPRO-001,MARGIN,,[],False,{}
99999.87,0.00,99999.87,USD,IDEALPRO-001,MARGIN,,[],False,{}
100000.00,0.00,100000.00,EUR,IDEALPRO-001,MARGIN,,[],False,{}
99999.87,0.00,99999.87,USD,IDEALPRO-001,MARGIN,,[],False,{}
100000.00,0.00,100000.00,EUR,IDEALPRO-001,MARGIN,,[],False,{}
99999.87,0.00,99999.87,USD,IDEALPRO-001,MARGIN,,[],False,{}
100000.00,0.00,100000.00,EUR,IDEALPRO-001,MARGIN,,[],False,{}
99999.87,0.00,99999.87,USD,IDEALPRO-001,MARGIN,,[],False,{}
100000.00,0.00,100000.00,EUR,IDEALPRO-001,MARGIN,,[],False,{}
99999.87,2.33,99997.54,USD,IDEALPRO-001,MARGIN,,"[{'type': 'MarginBalance', 'initial': '0.00', 'maintenance': '2.33', 'currency': 'USD', 'instrument_id': 'EUR/USD.IDEALPRO'}]",False,{}
100000.00,0.00,100000.00,EUR,IDEALPRO-001,MARGIN,,"[{'type': 'MarginBalance', 'initial': '0.00', 'maintenance': '2.33', 'currency': 'USD', 'instrument_id': 'EUR/USD.IDEALPRO'}]",False,{}
99999.87,2.33,99997.54,USD,IDEALPRO-001,MARGIN,,"[{'type': 'MarginBalance', 'initial': '0.00', 'maintenance': '2.33', 'currency': 'USD', 'instrument_id': 'EUR/USD.IDEALPRO'}]",False,{}
100000.00,0.00,100000.00,EUR,IDEALPRO-001,MARGIN,,"[{'type': 'MarginBalance', 'initial': '0.00', 'maintenance': '2.33', 'currency': 'USD', 'instrument_id': 'EUR/USD.IDEALPRO'}]",False,{}
99999.87,2.33,99997.54,USD,IDEALPRO-001,MARGIN,,"[{'type': 'MarginBalance', 'initial': '0.00', 'maintenance': '2.33', 'currency': 'USD', 'instrument_id': 'EUR/USD.IDEALPRO'}]",False,{}
100000.00,0.00,100000.00,EUR,IDEALPRO-001,MARGIN,,"[{'type': 'MarginBalance', 'initial': '0.00', 'maintenance': '2.33', 'currency': 'USD', 'instrument_id': 'EUR/USD.IDEALPRO'}]",False,{}
99999.87,2.33,99997.54,USD,IDEALPRO-001,MARGIN,,"[{'type': 'MarginBalance', 'initial': '0.00', 'maintenance': '2.33', 'currency': 'USD', 'instrument_id': 'EUR/USD.IDEALPRO'}]",False,{}
100000.00,0.00,100000.00,EUR,IDEALPRO-001,MARGIN,,"[{'type': 'MarginBalance', 'initial': '0.00', 'maintenance': '2.33', 'currency': 'USD', 'instrument_id': 'EUR/USD.IDEALPRO'}]",False,{}
99999.84,0.00,99999.84,USD,IDEALPRO-001,MARGIN,,[],False,{}
100000.00,0.00,100000.00,EUR,IDEALPRO-001,MARGIN,,[],False,{}
99999.84,0.00,99999.84,USD,IDEALPRO-001,MARGIN,,[],False,{}
100000.00,0.00,100000.00,EUR,IDEALPRO-001,MARGIN,,[],False,{}
99999.84,0.00,99999.84,USD,IDEALPRO-001,MARGIN,,[],False,{}
100000.00,0.00,100000.00,EUR,IDEALPRO-001,MARGIN,,[],False,{}
99999.84,0.00,99999.84,USD,IDEALPRO-001,MARGIN,,[],False,{}
100000.00,0.00,100000.00,EUR,IDEALPRO-001,MARGIN,,[],False,{}
99999.84,0.00,99999.84,USD,IDEALPRO-001,MARGIN,,[],False,{}
100000.00,0.00,100000.00,EUR,IDEALPRO-001,MARGIN,,[],False,{}
99999.84,0.00,99999.84,USD,IDEALPRO-001,MARGIN,,[],False,{}
100000.00,0.00,100000.00,EUR,IDEALPRO-001,MARGIN,,[],False,{}
99999.84,2.33,99997.51,USD,IDEALPRO-001,MARGIN,,"[{'type': 'MarginBalance', 'initial': '0.00', 'maintenance': '2.33', 'currency': 'USD', 'instrument_id': 'EUR/USD.IDEALPRO'}]",False,{}
100000.00,0.00,100000.00,EUR,IDEALPRO-001,MARGIN,,"[{'type': 'MarginBalance', 'initial': '0.00', 'maintenance': '2.33', 'currency': 'USD', 'instrument_id': 'EUR/USD.IDEALPRO'}]",False,{}
99999.84,2.33,99997.51,USD,IDEALPRO-001,MARGIN,,"[{'type': 'MarginBalance', 'initial': '0.00', 'maintenance': '2.33', 'currency': 'USD', 'instrument_id': 'EUR/USD.IDEALPRO'}]",False,{}
100000.00,0.00,100000.00,EUR,IDEALPRO-001,MARGIN,,"[{'type': 'MarginBalance', 'initial': '0.00', 'maintenance': '2.33', 'currency': 'USD', 'instrument_id': 'EUR/USD.IDEALPRO'}]",False,{}
99999.84,2.33,99997.51,USD,IDEALPRO-001,MARGIN,,"[{'type': 'MarginBalance', 'initial': '0.00', 'maintenance': '2.33', 'currency': 'USD', 'instrument_id': 'EUR/USD.IDEALPRO'}]",False,{}
100000.00,0.00,100000.00,EUR,IDEALPRO-001,MARGIN,,"[{'type': 'MarginBalance', 'initial': '0.00', 'maintenance': '2.33', 'currency': 'USD', 'instrument_id': 'EUR/USD.IDEALPRO'}]",False,{}
99999.84,2.33,99997.51,USD,IDEALPRO-001,MARGIN,,"[{'type': 'MarginBalance', 'initial': '0.00', 'maintenance': '2.33', 'currency': 'USD', 'instrument_id': 'EUR/USD.IDEALPRO'}]",False,{}
100000.00,0.00,100000.00,EUR,IDEALPRO-001,MARGIN,,"[{'type': 'MarginBalance', 'initial': '0.00', 'maintenance': '2.33', 'currency': 'USD', 'instrument_id': 'EUR/USD.IDEALPRO'}]",False,{}
99999.84,0.00,99999.84,USD,IDEALPRO-001,MARGIN,,[],False,{}
100000.00,0.00,100000.00,EUR,IDEALPRO-001,MARGIN,,[],False,{}
99999.84,0.00,99999.84,USD,IDEALPRO-001,MARGIN,,[],False,{}
100000.00,0.00,100000.00,EUR,IDEALPRO-001,MARGIN,,[],False,{}
99999.84,0.00,99999.84,USD,IDEALPRO-001,MARGIN,,[],False,{}
100000.00,0.00,100000.00,EUR,IDEALPRO-001,MARGIN,,[],False,{}
99999.84,0.00,99999.84,USD,IDEALPRO-001,MARGIN,,[],False,{}
100000.00,0.00,100000.00,EUR,IDEALPRO-001,MARGIN,,[],False,{}
99999.84,0.00,99999.84,USD,IDEALPRO-001,MARGIN,,[],False,{}
100000.00,0.00,100000.00,EUR,IDEALPRO-001,MARGIN,,[],False,{}
99999.84,0.00,99999.84,USD,IDEALPRO-001,MARGIN,,[],False,{}
100000.00,0.00,100000.00,EUR,IDEALPRO-001,MARGIN,,[],False,{}
99999.84,2.33,99997.51,USD,IDEALPRO-001,MARGIN,,"[{'type': 'MarginBalance', 'initial': '0.00', 'maintenance': '2.33', 'currency': 'USD', 'instrument_id': 'EUR/USD.IDEALPRO'}]",False,{}
100000.00,0.00,100000.00,EUR,IDEALPRO-001,MARGIN,,"[{'type': 'MarginBalance', 'initial': '0.00', 'maintenance': '2.33', 'currency': 'USD', 'instrument_id': 'EUR/USD.IDEALPRO'}]",False,{}
99999.84,2.33,99997.51,USD,IDEALPRO-001,MARGIN,,"[{'type': 'MarginBalance', 'initial': '0.00', 'maintenance': '2.33', 'currency': 'USD', 'instrument_id': 'EUR/USD.IDEALPRO'}]",False,{}
100000.00,0.00,100000.00,EUR,IDEALPRO-001,MARGIN,,"[{'type': 'MarginBalance', 'initial': '0.00', 'maintenance': '2.33', 'currency': 'USD', 'instrument_id': 'EUR/USD.IDEALPRO'}]",False,{}
99999.84,2.33,99997.51,USD,IDEALPRO-001,MARGIN,,"[{'type': 'MarginBalance', 'initial': '0.00', 'maintenance': '2.33', 'currency': 'USD', 'instrument_id': 'EUR/USD.IDEALPRO'}]",False,{}
100000.00,0.00,100000.00,EUR,IDEALPRO-001,MARGIN,,"[{'type': 'MarginBalance', 'initial': '0.00', 'maintenance': '2.33', 'currency': 'USD', 'instrument_id': 'EUR/USD.IDEALPRO'}]",False,{}
99999.84,2.33,99997.51,USD,IDEALPRO-001,MARGIN,,"[{'type': 'MarginBalance', 'initial': '0.00', 'maintenance': '2.33', 'currency': 'USD', 'instrument_id': 'EUR/USD.IDEALPRO'}]",False,{}
100000.00,0.00,100000.00,EUR,IDEALPRO-001,MARGIN,,"[{'type': 'MarginBalance', 'initial': '0.00', 'maintenance': '2.33', 'currency': 'USD', 'instrument_id': 'EUR/USD.IDEALPRO'}]",False,{}
99999.83,0.00,99999.83,USD,IDEALPRO-001,MARGIN,,[],False,{}
100000.00,0.00,100000.00,EUR,IDEALPRO-001,MARGIN,,[],False,{}
99999.83,0.00,99999.83,USD,IDEALPRO-001,MARGIN,,[],False,{}
100000.00,0.00,100000.00,EUR,IDEALPRO-001,MARGIN,,[],False,{}
99999.83,0.00,99999.83,USD,IDEALPRO-001,MARGIN,,[],False,{}
100000.00,0.00,100000.00,EUR,IDEALPRO-001,MARGIN,,[],False,{}
99999.83,0.00,99999.83,USD,IDEALPRO-001,MARGIN,,[],False,{}
100000.00,0.00,100000.00,EUR,IDEALPRO-001,MARGIN,,[],False,{}
99999.83,0.00,99999.83,USD,IDEALPRO-001,MARGIN,,[],False,{}
100000.00,0.00,100000.00,EUR,IDEALPRO-001,MARGIN,,[],False,{}
99999.83,0.00,99999.83,USD,IDEALPRO-001,MARGIN,,[],False,{}
100000.00,0.00,100000.00,EUR,IDEALPRO-001,MARGIN,,[],False,{}
99999.83,2.33,99997.50,USD,IDEALPRO-001,MARGIN,,"[{'type': 'MarginBalance', 'initial': '0.00', 'maintenance': '2.33', 'currency': 'USD', 'instrument_id': 'EUR/USD.IDEALPRO'}]",False,{}
100000.00,0.00,100000.00,EUR,IDEALPRO-001,MARGIN,,"[{'type': 'MarginBalance', 'initial': '0.00', 'maintenance': '2.33', 'currency': 'USD', 'instrument_id': 'EUR/USD.IDEALPRO'}]",False,{}
99999.83,2.33,99997.50,USD,IDEALPRO-001,MARGIN,,"[{'type': 'MarginBalance', 'initial': '0.00', 'maintenance': '2.33', 'currency': 'USD', 'instrument_id': 'EUR/USD.IDEALPRO'}]",False,{}
100000.00,0.00,100000.00,EUR,IDEALPRO-001,MARGIN,,"[{'type': 'MarginBalance', 'initial': '0.00', 'maintenance': '2.33', 'currency': 'USD', 'instrument_id': 'EUR/USD.IDEALPRO'}]",False,{}
99999.83,2.33,99997.50,USD,IDEALPRO-001,MARGIN,,"[{'type': 'MarginBalance', 'initial': '0.00', 'maintenance': '2.33', 'currency': 'USD', 'instrument_id': 'EUR/USD.IDEALPRO'}]",False,{}
100000.00,0.00,100000.00,EUR,IDEALPRO-001,MARGIN,,"[{'type': 'MarginBalance', 'initial': '0.00', 'maintenance': '2.33', 'currency': 'USD', 'instrument_id': 'EUR/USD.IDEALPRO'}]",False,{}
99999.83,2.33,99997.50,USD,IDEALPRO-001,MARGIN,,"[{'type': 'MarginBalance', 'initial': '0.00', 'maintenance': '2.33', 'currency': 'USD', 'instrument_id': 'EUR/USD.IDEALPRO'}]",False,{}
100000.00,0.00,100000.00,EUR,IDEALPRO-001,MARGIN,,"[{'type': 'MarginBalance', 'initial': '0.00', 'maintenance': '2.33', 'currency': 'USD', 'instrument_id': 'EUR/USD.IDEALPRO'}]",False,{}
99999.79,0.00,99999.79,USD,IDEALPRO-001,MARGIN,,[],False,{}
100000.00,0.00,100000.00,EUR,IDEALPRO-001,MARGIN,,[],False,{}
99999.79,0.00,99999.79,USD,IDEALPRO-001,MARGIN,,[],False,{}
100000.00,0.00,100000.00,EUR,IDEALPRO-001,MARGIN,,[],False,{}
99999.79,0.00,99999.79,USD,IDEALPRO-001,MARGIN,,[],False,{}
100000.00,0.00,100000.00,EUR,IDEALPRO-001,MARGIN,,[],False,{}
99999.79,0.00,99999.79,USD,IDEALPRO-001,MARGIN,,[],False,{}
100000.00,0.00,100000.00,EUR,IDEALPRO-001,MARGIN,,[],False,{}
99999.79,0.00,99999.79,USD,IDEALPRO-001,MARGIN,,[],False,{}
100000.00,0.00,100000.00,EUR,IDEALPRO-001,MARGIN,,[],False,{}
99999.79,0.00,99999.79,USD,IDEALPRO-001,MARGIN,,[],False,{}
100000.00,0.00,100000.00,EUR,IDEALPRO-001,MARGIN,,[],False,{}
99999.79,2.33,99997.46,USD,IDEALPRO-001,MARGIN,,"[{'type': 'MarginBalance', 'initial': '0.00', 'maintenance': '2.33', 'currency': 'USD', 'instrument_id': 'EUR/USD.IDEALPRO'}]",False,{}
100000.00,0.00,100000.00,EUR,IDEALPRO-001,MARGIN,,"[{'type': 'MarginBalance', 'initial': '0.00', 'maintenance': '2.33', 'currency': 'USD', 'instrument_id': 'EUR/USD.IDEALPRO'}]",False,{}
99999.79,2.33,99997.46,USD,IDEALPRO-001,MARGIN,,"[{'type': 'MarginBalance', 'initial': '0.00', 'maintenance': '2.33', 'currency': 'USD', 'instrument_id': 'EUR/USD.IDEALPRO'}]",False,{}
100000.00,0.00,100000.00,EUR,IDEALPRO-001,MARGIN,,"[{'type': 'MarginBalance', 'initial': '0.00', 'maintenance': '2.33', 'currency': 'USD', 'instrument_id': 'EUR/USD.IDEALPRO'}]",False,{}
99999.79,2.33,99997.46,USD,IDEALPRO-001,MARGIN,,"[{'type': 'MarginBalance', 'initial': '0.00', 'maintenance': '2.33', 'currency': 'USD', 'instrument_id': 'EUR/USD.IDEALPRO'}]",False,{}
100000.00,0.00,100000.00,EUR,IDEALPRO-001,MARGIN,,"[{'type': 'MarginBalance', 'initial': '0.00', 'maintenance': '2.33', 'currency': 'USD', 'instrument_id': 'EUR/USD.IDEALPRO'}]",False,{}
99999.79,2.33,99997.46,USD,IDEALPRO-001,MARGIN,,"[{'type': 'MarginBalance', 'initial': '0.00', 'maintenance': '2.33', 'currency': 'USD', 'instrument_id': 'EUR/USD.IDEALPRO'}]",False,{}
100000.00,0.00,100000.00,EUR,IDEALPRO-001,MARGIN,,"[{'type': 'MarginBalance', 'initial': '0.00', 'maintenance': '2.33', 'currency': 'USD', 'instrument_id': 'EUR/USD.IDEALPRO'}]",False,{}
99999.75,0.00,99999.75,USD,IDEALPRO-001,MARGIN,,[],False,{}
100000.00,0.00,100000.00,EUR,IDEALPRO-001,MARGIN,,[],False,{}
99999.75,0.00,99999.75,USD,IDEALPRO-001,MARGIN,,[],False,{}
100000.00,0.00,100000.00,EUR,IDEALPRO-001,MARGIN,,[],False,{}
99999.75,0.00,99999.75,USD,IDEALPRO-001,MARGIN,,[],False,{}
100000.00,0.00,100000.00,EUR,IDEALPRO-001,MARGIN,,[],False,{}
99999.75,0.00,99999.75,USD,IDEALPRO-001,MARGIN,,[],False,{}
100000.00,0.00,100000.00,EUR,IDEALPRO-001,MARGIN,,[],False,{}
99999.75,0.00,99999.75,USD,IDEALPRO-001,MARGIN,,[],False,{}
100000.00,0.00,100000.00,EUR,IDEALPRO-001,MARGIN,,[],False,{}
99999.75,0.00,99999.75,USD,IDEALPRO-001,MARGIN,,[],False,{}
100000.00,0.00,100000.00,EUR,IDEALPRO-001,MARGIN,,[],False,{}
99999.75,2.34,99997.41,USD,IDEALPRO-001,MARGIN,,"[{'type': 'MarginBalance', 'initial': '0.00', 'maintenance': '2.34', 'currency': 'USD', 'instrument_id': 'EUR/USD.IDEALPRO'}]",False,{}
100000.00,0.00,100000.00,EUR,IDEALPRO-001,MARGIN,,"[{'type': 'MarginBalance', 'initial': '0.00', 'maintenance': '2.34', 'currency': 'USD', 'instrument_id': 'EUR/USD.IDEALPRO'}]",False,{}
99999.75,2.34,99997.41,USD,IDEALPRO-001,MARGIN,,"[{'type': 'MarginBalance', 'initial': '0.00', 'maintenance': '2.34', 'currency': 'USD', 'instrument_id': 'EUR/USD.IDEALPRO'}]",False,{}
100000.00,0.00,100000.00,EUR,IDEALPRO-001,MARGIN,,"[{'type': 'MarginBalance', 'initial': '0.00', 'maintenance': '2.34', 'currency': 'USD', 'instrument_id': 'EUR/USD.IDEALPRO'}]",False,{}
99999.75,2.34,99997.41,USD,IDEALPRO-001,MARGIN,,"[{'type': 'MarginBalance', 'initial': '0.00', 'maintenance': '2.34', 'currency': 'USD', 'instrument_id': 'EUR/USD.IDEALPRO'}]",False,{}
100000.00,0.00,100000.00,EUR,IDEALPRO-001,MARGIN,,"[{'type': 'MarginBalance', 'initial': '0.00', 'maintenance': '2.34', 'currency': 'USD', 'instrument_id': 'EUR/USD.IDEALPRO'}]",False,{}
99999.75,2.34,99997.41,USD,IDEALPRO-001,MARGIN,,"[{'type': 'MarginBalance', 'initial': '0.00', 'maintenance': '2.34', 'currency': 'USD', 'instrument_id': 'EUR/USD.IDEALPRO'}]",False,{}
100000.00,0.00,100000.00,EUR,IDEALPRO-001,MARGIN,,"[{'type': 'MarginBalance', 'initial': '0.00', 'maintenance': '2.34', 'currency': 'USD', 'instrument_id': 'EUR/USD.IDEALPRO'}]",False,{}
99999.75,0.00,99999.75,USD,IDEALPRO-001,MARGIN,,[],False,{}
100000.00,0.00,100000.00,EUR,IDEALPRO-001,MARGIN,,[],False,{}
99999.75,0.00,99999.75,USD,IDEALPRO-001,MARGIN,,[],False,{}
100000.00,0.00,100000.00,EUR,IDEALPRO-001,MARGIN,,[],False,{}
99999.75,0.00,99999.75,USD,IDEALPRO-001,MARGIN,,[],False,{}
100000.00,0.00,100000.00,EUR,IDEALPRO-001,MARGIN,,[],False,{}
99999.75,0.00,99999.75,USD,IDEALPRO-001,MARGIN,,[],False,{}
100000.00,0.00,100000.00,EUR,IDEALPRO-001,MARGIN,,[],False,{}
99999.75,0.00,99999.75,USD,IDEALPRO-001,MARGIN,,[],False,{}
100000.00,0.00,100000.00,EUR,IDEALPRO-001,MARGIN,,[],False,{}
99999.75,0.00,99999.75,USD,IDEALPRO-001,MARGIN,,[],False,{}
100000.00,0.00,100000.00,EUR,IDEALPRO-001,MARGIN,,[],False,{}
99999.75,2.34,99997.41,USD,IDEALPRO-001,MARGIN,,"[{'type': 'MarginBalance', 'initial': '0.00', 'maintenance': '2.34', 'currency': 'USD', 'instrument_id': 'EUR/USD.IDEALPRO'}]",False,{}
100000.00,0.00,100000.00,EUR,IDEALPRO-001,MARGIN,,"[{'type': 'MarginBalance', 'initial': '0.00', 'maintenance': '2.34', 'currency': 'USD', 'instrument_id': 'EUR/USD.IDEALPRO'}]",False,{}
99999.75,2.34,99997.41,USD,IDEALPRO-001,MARGIN,,"[{'type': 'MarginBalance', 'initial': '0.00', 'maintenance': '2.34', 'currency': 'USD', 'instrument_id': 'EUR/USD.IDEALPRO'}]",False,{}
100000.00,0.00,100000.00,EUR,IDEALPRO-001,MARGIN,,"[{'type': 'MarginBalance', 'initial': '0.00', 'maintenance': '2.34', 'currency': 'USD', 'instrument_id': 'EUR/USD.IDEALPRO'}]",False,{}
99999.75,2.34,99997.41,USD,IDEALPRO-001,MARGIN,,"[{'type': 'MarginBalance', 'initial': '0.00', 'maintenance': '2.34', 'currency': 'USD', 'instrument_id': 'EUR/USD.IDEALPRO'}]",False,{}
100000.00,0.00,100000.00,EUR,IDEALPRO-001,MARGIN,,"[{'type': 'MarginBalance', 'initial': '0.00', 'maintenance': '2.34', 'currency': 'USD', 'instrument_id': 'EUR/USD.IDEALPRO'}]",False,{}
99999.75,2.34,99997.41,USD,IDEALPRO-001,MARGIN,,"[{'type': 'MarginBalance', 'initial': '0.00', 'maintenance': '2.34', 'currency': 'USD', 'instrument_id': 'EUR/USD.IDEALPRO'}]",False,{}
100000.00,0.00,100000.00,EUR,IDEALPRO-001,MARGIN,,"[{'type': 'MarginBalance', 'initial': '0.00', 'maintenance': '2.34', 'currency': 'USD', 'instrument_id': 'EUR/USD.IDEALPRO'}]",False,{}
99999.73,0.00,99999.73,USD,IDEALPRO-001,MARGIN,,[],False,{}
100000.00,0.00,100000.00,EUR,IDEALPRO-001,MARGIN,,[],False,{}
99999.73,0.00,99999.73,USD,IDEALPRO-001,MARGIN,,[],False,{}
100000.00,0.00,100000.00,EUR,IDEALPRO-001,MARGIN,,[],False,{}
99999.73,0.00,99999.73,USD,IDEALPRO-001,MARGIN,,[],False,{}
100000.00,0.00,100000.00,EUR,IDEALPRO-001,MARGIN,,[],False,{}
99999.73,0.00,99999.73,USD,IDEALPRO-001,MARGIN,,[],False,{}
100000.00,0.00,100000.00,EUR,IDEALPRO-001,MARGIN,,[],False,{}
99999.73,0.00,99999.73,USD,IDEALPRO-001,MARGIN,,[],False,{}
100000.00,0.00,100000.00,EUR,IDEALPRO-001,MARGIN,,[],False,{}
99999.73,0.00,99999.73,USD,IDEALPRO-001,MARGIN,,[],False,{}
100000.00,0.00,100000.00,EUR,IDEALPRO-001,MARGIN,,[],False,{}
99999.73,2.34,99997.39,USD,IDEALPRO-001,MARGIN,,"[{'type': 'MarginBalance', 'initial': '0.00', 'maintenance': '2.34', 'currency': 'USD', 'instrument_id': 'EUR/USD.IDEALPRO'}]",False,{}
100000.00,0.00,100000.00,EUR,IDEALPRO-001,MARGIN,,"[{'type': 'MarginBalance', 'initial': '0.00', 'maintenance': '2.34', 'currency': 'USD', 'instrument_id': 'EUR/USD.IDEALPRO'}]",False,{}
99999.73,2.34,99997.39,USD,IDEALPRO-001,MARGIN,,"[{'type': 'MarginBalance', 'initial': '0.00', 'maintenance': '2.34', 'currency': 'USD', 'instrument_id': 'EUR/USD.IDEALPRO'}]",False,{}
100000.00,0.00,100000.00,EUR,IDEALPRO-001,MARGIN,,"[{'type': 'MarginBalance', 'initial': '0.00', 'maintenance': '2.34', 'currency': 'USD', 'instrument_id': 'EUR/USD.IDEALPRO'}]",False,{}
99999.73,2.34,99997.39,USD,IDEALPRO-001,MARGIN,,"[{'type': 'MarginBalance', 'initial': '0.00', 'maintenance': '2.34', 'currency': 'USD', 'instrument_id': 'EUR/USD.IDEALPRO'}]",False,{}
100000.00,0.00,100000.00,EUR,IDEALPRO-001,MARGIN,,"[{'type': 'MarginBalance', 'initial': '0.00', 'maintenance': '2.34', 'currency': 'USD', 'instrument_id': 'EUR/USD.IDEALPRO'}]",False,{}
99999.73,2.34,99997.39,USD,IDEALPRO-001,MARGIN,,"[{'type': 'MarginBalance', 'initial': '0.00', 'maintenance': '2.34', 'currency': 'USD', 'instrument_id': 'EUR/USD.IDEALPRO'}]",False,{}
100000.00,0.00,100000.00,EUR,IDEALPRO-001,MARGIN,,"[{'type': 'MarginBalance', 'initial': '0.00', 'maintenance': '2.34', 'currency': 'USD', 'instrument_id': 'EUR/USD.IDEALPRO'}]",False,{}
99999.72,0.00,99999.72,USD,IDEALPRO-001,MARGIN,,[],False,{}
100000.00,0.00,100000.00,EUR,IDEALPRO-001,MARGIN,,[],False,{}
99999.72,0.00,99999.72,USD,IDEALPRO-001,MARGIN,,[],False,{}
100000.00,0.00,100000.00,EUR,IDEALPRO-001,MARGIN,,[],False,{}
99999.72,0.00,99999.72,USD,IDEALPRO-001,MARGIN,,[],False,{}
100000.00,0.00,100000.00,EUR,IDEALPRO-001,MARGIN,,[],False,{}
99999.72,0.00,99999.72,USD,IDEALPRO-001,MARGIN,,[],False,{}
100000.00,0.00,100000.00,EUR,IDEALPRO-001,MARGIN,,[],False,{}
99999.72,0.00,99999.72,USD,IDEALPRO-001,MARGIN,,[],False,{}
100000.00,0.00,100000.00,EUR,IDEALPRO-001,MARGIN,,[],False,{}
99999.72,0.00,99999.72,USD,IDEALPRO-001,MARGIN,,[],False,{}
100000.00,0.00,100000.00,EUR,IDEALPRO-001,MARGIN,,[],False,{}
99999.72,2.34,99997.38,USD,IDEALPRO-001,MARGIN,,"[{'type': 'MarginBalance', 'initial': '0.00', 'maintenance': '2.34', 'currency': 'USD', 'instrument_id': 'EUR/USD.IDEALPRO'}]",False,{}
100000.00,0.00,100000.00,EUR,IDEALPRO-001,MARGIN,,"[{'type': 'MarginBalance', 'initial': '0.00', 'maintenance': '2.34', 'currency': 'USD', 'instrument_id': 'EUR/USD.IDEALPRO'}]",False,{}
99999.72,2.34,99997.38,USD,IDEALPRO-001,MARGIN,,"[{'type': 'MarginBalance', 'initial': '0.00', 'maintenance': '2.34', 'currency': 'USD', 'instrument_id': 'EUR/USD.IDEALPRO'}]",False,{}
100000.00,0.00,100000.00,EUR,IDEALPRO-001,MARGIN,,"[{'type': 'MarginBalance', 'initial': '0.00', 'maintenance': '2.34', 'currency': 'USD', 'instrument_id': 'EUR/USD.IDEALPRO'}]",False,{}
99999.72,2.34,99997.38,USD,IDEALPRO-001,MARGIN,,"[{'type': 'MarginBalance', 'initial': '0.00', 'maintenance': '2.34', 'currency': 'USD', 'instrument_id': 'EUR/USD.IDEALPRO'}]",False,{}
100000.00,0.00,100000.00,EUR,IDEALPRO-001,MARGIN,,"[{'type': 'MarginBalance', 'initial': '0.00', 'maintenance': '2.34', 'currency': 'USD', 'instrument_id': 'EUR/USD.IDEALPRO'}]",False,{}
99999.72,2.34,99997.38,USD,IDEALPRO-001,MARGIN,,"[{'type': 'MarginBalance', 'initial': '0.00', 'maintenance': '2.34', 'currency': 'USD', 'instrument_id': 'EUR/USD.IDEALPRO'}]",False,{}
100000.00,0.00,100000.00,EUR,IDEALPRO-001,MARGIN,,"[{'type': 'MarginBalance', 'initial': '0.00', 'maintenance': '2.34', 'currency': 'USD', 'instrument_id': 'EUR/USD.IDEALPRO'}]",False,{}
99999.73,0.00,99999.73,USD,IDEALPRO-001,MARGIN,,[],False,{}
100000.00,0.00,100000.00,EUR,IDEALPRO-001,MARGIN,,[],False,{}
99999.73,0.00,99999.73,USD,IDEALPRO-001,MARGIN,,[],False,{}
100000.00,0.00,100000.00,EUR,IDEALPRO-001,MARGIN,,[],False,{}
99999.73,0.00,99999.73,USD,IDEALPRO-001,MARGIN,,[],False,{}
100000.00,0.00,100000.00,EUR,IDEALPRO-001,MARGIN,,[],False,{}
99999.73,0.00,99999.73,USD,IDEALPRO-001,MARGIN,,[],False,{}
100000.00,0.00,100000.00,EUR,IDEALPRO-001,MARGIN,,[],False,{}
99999.73,0.00,99999.73,USD,IDEALPRO-001,MARGIN,,[],False,{}
100000.00,0.00,100000.00,EUR,IDEALPRO-001,MARGIN,,[],False,{}
99999.73,0.00,99999.73,USD,IDEALPRO-001,MARGIN,,[],False,{}
100000.00,0.00,100000.00,EUR,IDEALPRO-001,MARGIN,,[],False,{}
99999.73,2.34,99997.39,USD,IDEALPRO-001,MARGIN,,"[{'type': 'MarginBalance', 'initial': '0.00', 'maintenance': '2.34', 'currency': 'USD', 'instrument_id': 'EUR/USD.IDEALPRO'}]",False,{}
100000.00,0.00,100000.00,EUR,IDEALPRO-001,MARGIN,,"[{'type': 'MarginBalance', 'initial': '0.00', 'maintenance': '2.34', 'currency': 'USD', 'instrument_id': 'EUR/USD.IDEALPRO'}]",False,{}
99999.73,2.34,99997.39,USD,IDEALPRO-001,MARGIN,,"[{'type': 'MarginBalance', 'initial': '0.00', 'maintenance': '2.34', 'currency': 'USD', 'instrument_id': 'EUR/USD.IDEALPRO'}]",False,{}
100000.00,0.00,100000.00,EUR,IDEALPRO-001,MARGIN,,"[{'type': 'MarginBalance', 'initial': '0.00', 'maintenance': '2.34', 'currency': 'USD', 'instrument_id': 'EUR/USD.IDEALPRO'}]",False,{}
99999.73,2.34,99997.39,USD,IDEALPRO-001,MARGIN,,"[{'type': 'MarginBalance', 'initial': '0.00', 'maintenance': '2.34', 'currency': 'USD', 'instrument_id': 'EUR/USD.IDEALPRO'}]",False,{}
100000.00,0.00,100000.00,EUR,IDEALPRO-001,MARGIN,,"[{'type': 'MarginBalance', 'initial': '0.00', 'maintenance': '2.34', 'currency': 'USD', 'instrument_id': 'EUR/USD.IDEALPRO'}]",False,{}
99999.73,2.34,99997.39,USD,IDEALPRO-001,MARGIN,,"[{'type': 'MarginBalance', 'initial': '0.00', 'maintenance': '2.34', 'currency': 'USD', 'instrument_id': 'EUR/USD.IDEALPRO'}]",False,{}
100000.00,0.00,100000.00,EUR,IDEALPRO-001,MARGIN,,"[{'type': 'MarginBalance', 'initial': '0.00', 'maintenance': '2.34', 'currency': 'USD', 'instrument_id': 'EUR/USD.IDEALPRO'}]",False,{}
99999.68,0.00,99999.68,USD,IDEALPRO-001,MARGIN,,[],False,{}
100000.00,0.00,100000.00,EUR,IDEALPRO-001,MARGIN,,[],False,{}
99999.68,0.00,99999.68,USD,IDEALPRO-001,MARGIN,,[],False,{}
100000.00,0.00,100000.00,EUR,IDEALPRO-001,MARGIN,,[],False,{}
99999.68,0.00,99999.68,USD,IDEALPRO-001,MARGIN,,[],False,{}
100000.00,0.00,100000.00,EUR,IDEALPRO-001,MARGIN,,[],False,{}
99999.68,0.00,99999.68,USD,IDEALPRO-001,MARGIN,,[],False,{}
100000.00,0.00,100000.00,EUR,IDEALPRO-001,MARGIN,,[],False,{}
99999.68,0.00,99999.68,USD,IDEALPRO-001,MARGIN,,[],False,{}
100000.00,0.00,100000.00,EUR,IDEALPRO-001,MARGIN,,[],False,{}
99999.68,0.00,99999.68,USD,IDEALPRO-001,MARGIN,,[],False,{}
100000.00,0.00,100000.00,EUR,IDEALPRO-001,MARGIN,,[],False,{}
99999.68,2.34,99997.34,USD,IDEALPRO-001,MARGIN,,"[{'type': 'MarginBalance', 'initial': '0.00', 'maintenance': '2.34', 'currency': 'USD', 'instrument_id': 'EUR/USD.IDEALPRO'}]",False,{}
100000.00,0.00,100000.00,EUR,IDEALPRO-001,MARGIN,,"[{'type': 'MarginBalance', 'initial': '0.00', 'maintenance': '2.34', 'currency': 'USD', 'instrument_id': 'EUR/USD.IDEALPRO'}]",False,{}
99999.68,2.34,99997.34,USD,IDEALPRO-001,MARGIN,,"[{'type': 'MarginBalance', 'initial': '0.00', 'maintenance': '2.34', 'currency': 'USD', 'instrument_id': 'EUR/USD.IDEALPRO'}]",False,{}
100000.00,0.00,100000.00,EUR,IDEALPRO-001,MARGIN,,"[{'type': 'MarginBalance', 'initial': '0.00', 'maintenance': '2.34', 'currency': 'USD', 'instrument_id': 'EUR/USD.IDEALPRO'}]",False,{}
99999.68,2.34,99997.34,USD,IDEALPRO-001,MARGIN,,"[{'type': 'MarginBalance', 'initial': '0.00', 'maintenance': '2.34', 'currency': 'USD', 'instrument_id': 'EUR/USD.IDEALPRO'}]",False,{}
100000.00,0.00,100000.00,EUR,IDEALPRO-001,MARGIN,,"[{'type': 'MarginBalance', 'initial': '0.00', 'maintenance': '2.34', 'currency': 'USD', 'instrument_id': 'EUR/USD.IDEALPRO'}]",False,{}
99999.62,0.00,99999.62,USD,IDEALPRO-001,MARGIN,,[],False,{}
100000.00,0.00,100000.00,EUR,IDEALPRO-001,MARGIN,,[],False,{}
99999.62,0.00,99999.62,USD,IDEALPRO-001,MARGIN,,[],False,{}
100000.00,0.00,100000.00,EUR,IDEALPRO-001,MARGIN,,[],False,{}
99999.62,0.00,99999.62,USD,IDEALPRO-001,MARGIN,,[],False,{}
100000.00,0.00,100000.00,EUR,IDEALPRO-001,MARGIN,,[],False,{}
99999.62,0.00,99999.62,USD,IDEALPRO-001,MARGIN,,[],False,{}
100000.00,0.00,100000.00,EUR,IDEALPRO-001,MARGIN,,[],False,{}
99999.62,0.00,99999.62,USD,IDEALPRO-001,MARGIN,,[],False,{}
100000.00,0.00,100000.00,EUR,IDEALPRO-001,MARGIN,,[],False,{}
99999.62,2.34,99997.28,USD,IDEALPRO-001,MARGIN,,"[{'type': 'MarginBalance', 'initial': '0.00', 'maintenance': '2.34', 'currency': 'USD', 'instrument_id': 'EUR/USD.IDEALPRO'}]",False,{}
100000.00,0.00,100000.00,EUR,IDEALPRO-001,MARGIN,,"[{'type': 'MarginBalance', 'initial': '0.00', 'maintenance': '2.34', 'currency': 'USD', 'instrument_id': 'EUR/USD.IDEALPRO'}]",False,{}
99999.62,2.34,99997.28,USD,IDEALPRO-001,MARGIN,,"[{'type': 'MarginBalance', 'initial': '0.00', 'maintenance': '2.34', 'currency': 'USD', 'instrument_id': 'EUR/USD.IDEALPRO'}]",False,{}
100000.00,0.00,100000.00,EUR,IDEALPRO-001,MARGIN,,"[{'type': 'MarginBalance', 'initial': '0.00', 'maintenance': '2.34', 'currency': 'USD', 'instrument_id': 'EUR/USD.IDEALPRO'}]",False,{}
99999.62,2.34,99997.28,USD,IDEALPRO-001,MARGIN,,"[{'type': 'MarginBalance', 'initial': '0.00', 'maintenance': '2.34', 'currency': 'USD', 'instrument_id': 'EUR/USD.IDEALPRO'}]",False,{}
100000.00,0.00,100000.00,EUR,IDEALPRO-001,MARGIN,,"[{'type': 'MarginBalance', 'initial': '0.00', 'maintenance': '2.34', 'currency': 'USD', 'instrument_id': 'EUR/USD.IDEALPRO'}]",False,{}
99999.62,2.34,99997.28,USD,IDEALPRO-001,MARGIN,,"[{'type': 'MarginBalance', 'initial': '0.00', 'maintenance': '2.34', 'currency': 'USD', 'instrument_id': 'EUR/USD.IDEALPRO'}]",False,{}
100000.00,0.00,100000.00,EUR,IDEALPRO-001,MARGIN,,"[{'type': 'MarginBalance', 'initial': '0.00', 'maintenance': '2.34', 'currency': 'USD', 'instrument_id': 'EUR/USD.IDEALPRO'}]",False,{}
99999.58,0.00,99999.58,USD,IDEALPRO-001,MARGIN,,[],False,{}
100000.00,0.00,100000.00,EUR,IDEALPRO-001,MARGIN,,[],False,{}
99999.58,0.00,99999.58,USD,IDEALPRO-001,MARGIN,,[],False,{}
100000.00,0.00,100000.00,EUR,IDEALPRO-001,MARGIN,,[],False,{}
99999.58,0.00,99999.58,USD,IDEALPRO-001,MARGIN,,[],False,{}
100000.00,0.00,100000.00,EUR,IDEALPRO-001,MARGIN,,[],False,{}
99999.58,0.00,99999.58,USD,IDEALPRO-001,MARGIN,,[],False,{}
100000.00,0.00,100000.00,EUR,IDEALPRO-001,MARGIN,,[],False,{}
99999.58,0.00,99999.58,USD,IDEALPRO-001,MARGIN,,[],False,{}
100000.00,0.00,100000.00,EUR,IDEALPRO-001,MARGIN,,[],False,{}
99999.58,0.00,99999.58,USD,IDEALPRO-001,MARGIN,,[],False,{}
100000.00,0.00,100000.00,EUR,IDEALPRO-001,MARGIN,,[],False,{}
99999.58,2.34,99997.24,USD,IDEALPRO-001,MARGIN,,"[{'type': 'MarginBalance', 'initial': '0.00', 'maintenance': '2.34', 'currency': 'USD', 'instrument_id': 'EUR/USD.IDEALPRO'}]",False,{}
100000.00,0.00,100000.00,EUR,IDEALPRO-001,MARGIN,,"[{'type': 'MarginBalance', 'initial': '0.00', 'maintenance': '2.34', 'currency': 'USD', 'instrument_id': 'EUR/USD.IDEALPRO'}]",False,{}
99999.58,2.34,99997.24,USD,IDEALPRO-001,MARGIN,,"[{'type': 'MarginBalance', 'initial': '0.00', 'maintenance': '2.34', 'currency': 'USD', 'instrument_id': 'EUR/USD.IDEALPRO'}]",False,{}
100000.00,0.00,100000.00,EUR,IDEALPRO-001,MARGIN,,"[{'type': 'MarginBalance', 'initial': '0.00', 'maintenance': '2.34', 'currency': 'USD', 'instrument_id': 'EUR/USD.IDEALPRO'}]",False,{}
99999.58,2.34,99997.24,USD,IDEALPRO-001,MARGIN,,"[{'type': 'MarginBalance', 'initial': '0.00', 'maintenance': '2.34', 'currency': 'USD', 'instrument_id': 'EUR/USD.IDEALPRO'}]",False,{}
100000.00,0.00,100000.00,EUR,IDEALPRO-001,MARGIN,,"[{'type': 'MarginBalance', 'initial': '0.00', 'maintenance': '2.34', 'currency': 'USD', 'instrument_id': 'EUR/USD.IDEALPRO'}]",False,{}
99999.58,2.34,99997.24,USD,IDEALPRO-001,MARGIN,,"[{'type': 'MarginBalance', 'initial': '0.00', 'maintenance': '2.34', 'currency': 'USD', 'instrument_id': 'EUR/USD.IDEALPRO'}]",False,{}
100000.00,0.00,100000.00,EUR,IDEALPRO-001,MARGIN,,"[{'type': 'MarginBalance', 'initial': '0.00', 'maintenance': '2.34', 'currency': 'USD', 'instrument_id': 'EUR/USD.IDEALPRO'}]",False,{}
99999.57,0.00,99999.57,USD,IDEALPRO-001,MARGIN,,[],False,{}
100000.00,0.00,100000.00,EUR,IDEALPRO-001,MARGIN,,[],False,{}
99999.57,0.00,99999.57,USD,IDEALPRO-001,MARGIN,,[],False,{}
100000.00,0.00,100000.00,EUR,IDEALPRO-001,MARGIN,,[],False,{}
99999.57,0.00,99999.57,USD,IDEALPRO-001,MARGIN,,[],False,{}
100000.00,0.00,100000.00,EUR,IDEALPRO-001,MARGIN,,[],False,{}
99999.57,0.00,99999.57,USD,IDEALPRO-001,MARGIN,,[],False,{}
100000.00,0.00,100000.00,EUR,IDEALPRO-001,MARGIN,,[],False,{}
99999.57,0.00,99999.57,USD,IDEALPRO-001,MARGIN,,[],False,{}
100000.00,0.00,100000.00,EUR,IDEALPRO-001,MARGIN,,[],False,{}
99999.57,0.00,99999.57,USD,IDEALPRO-001,MARGIN,,[],False,{}
100000.00,0.00,100000.00,EUR,IDEALPRO-001,MARGIN,,[],False,{}
99999.57,2.34,99997.23,USD,IDEALPRO-001,MARGIN,,"[{'type': 'MarginBalance', 'initial': '0.00', 'maintenance': '2.34', 'currency': 'USD', 'instrument_id': 'EUR/USD.IDEALPRO'}]",False,{}
100000.00,0.00,100000.00,EUR,IDEALPRO-001,MARGIN,,"[{'type': 'MarginBalance', 'initial': '0.00', 'maintenance': '2.34', 'currency': 'USD', 'instrument_id': 'EUR/USD.IDEALPRO'}]",False,{}
99999.57,2.34,99997.23,USD,IDEALPRO-001,MARGIN,,"[{'type': 'MarginBalance', 'initial': '0.00', 'maintenance': '2.34', 'currency': 'USD', 'instrument_id': 'EUR/USD.IDEALPRO'}]",False,{}
100000.00,0.00,100000.00,EUR,IDEALPRO-001,MARGIN,,"[{'type': 'MarginBalance', 'initial': '0.00', 'maintenance': '2.34', 'currency': 'USD', 'instrument_id': 'EUR/USD.IDEALPRO'}]",False,{}
99999.57,2.34,99997.23,USD,IDEALPRO-001,MARGIN,,"[{'type': 'MarginBalance', 'initial': '0.00', 'maintenance': '2.34', 'currency': 'USD', 'instrument_id': 'EUR/USD.IDEALPRO'}]",False,{}
100000.00,0.00,100000.00,EUR,IDEALPRO-001,MARGIN,,"[{'type': 'MarginBalance', 'initial': '0.00', 'maintenance': '2.34', 'currency': 'USD', 'instrument_id': 'EUR/USD.IDEALPRO'}]",False,{}
99999.57,2.34,99997.23,USD,IDEALPRO-001,MARGIN,,"[{'type': 'MarginBalance', 'initial': '0.00', 'maintenance': '2.34', 'currency': 'USD', 'instrument_id': 'EUR/USD.IDEALPRO'}]",False,{}
100000.00,0.00,100000.00,EUR,IDEALPRO-001,MARGIN,,"[{'type': 'MarginBalance', 'initial': '0.00', 'maintenance': '2.34', 'currency': 'USD', 'instrument_id': 'EUR/USD.IDEALPRO'}]",False,{}
99999.72,0.00,99999.72,USD,IDEALPRO-001,MARGIN,,[],False,{}
100000.00,0.00,100000.00,EUR,IDEALPRO-001,MARGIN,,[],False,{}
99999.72,0.00,99999.72,USD,IDEALPRO-001,MARGIN,,[],False,{}
100000.00,0.00,100000.00,EUR,IDEALPRO-001,MARGIN,,[],False,{}
99999.72,0.00,99999.72,USD,IDEALPRO-001,MARGIN,,[],False,{}
100000.00,0.00,100000.00,EUR,IDEALPRO-001,MARGIN,,[],False,{}
99999.72,0.00,99999.72,USD,IDEALPRO-001,MARGIN,,[],False,{}
100000.00,0.00,100000.00,EUR,IDEALPRO-001,MARGIN,,[],False,{}
99999.72,0.00,99999.72,USD,IDEALPRO-001,MARGIN,,[],False,{}
100000.00,0.00,100000.00,EUR,IDEALPRO-001,MARGIN,,[],False,{}
99999.72,0.00,99999.72,USD,IDEALPRO-001,MARGIN,,[],False,{}
100000.00,0.00,100000.00,EUR,IDEALPRO-001,MARGIN,,[],False,{}
99999.72,2.34,99997.38,USD,IDEALPRO-001,MARGIN,,"[{'type': 'MarginBalance', 'initial': '0.00', 'maintenance': '2.34', 'currency': 'USD', 'instrument_id': 'EUR/USD.IDEALPRO'}]",False,{}
100000.00,0.00,100000.00,EUR,IDEALPRO-001,MARGIN,,"[{'type': 'MarginBalance', 'initial': '0.00', 'maintenance': '2.34', 'currency': 'USD', 'instrument_id': 'EUR/USD.IDEALPRO'}]",False,{}
99999.72,2.34,99997.38,USD,IDEALPRO-001,MARGIN,,"[{'type': 'MarginBalance', 'initial': '0.00', 'maintenance': '2.34', 'currency': 'USD', 'instrument_id': 'EUR/USD.IDEALPRO'}]",False,{}
100000.00,0.00,100000.00,EUR,IDEALPRO-001,MARGIN,,"[{'type': 'MarginBalance', 'initial': '0.00', 'maintenance': '2.34', 'currency': 'USD', 'instrument_id': 'EUR/USD.IDEALPRO'}]",False,{}
99999.72,2.34,99997.38,USD,IDEALPRO-001,MARGIN,,"[{'type': 'MarginBalance', 'initial': '0.00', 'maintenance': '2.34', 'currency': 'USD', 'instrument_id': 'EUR/USD.IDEALPRO'}]",False,{}
100000.00,0.00,100000.00,EUR,IDEALPRO-001,MARGIN,,"[{'type': 'MarginBalance', 'initial': '0.00', 'maintenance': '2.34', 'currency': 'USD', 'instrument_id': 'EUR/USD.IDEALPRO'}]",False,{}
99999.72,2.34,99997.38,USD,IDEALPRO-001,MARGIN,,"[{'type': 'MarginBalance', 'initial': '0.00', 'maintenance': '2.34', 'currency': 'USD', 'instrument_id': 'EUR/USD.IDEALPRO'}]",False,{}
100000.00,0.00,100000.00,EUR,IDEALPRO-001,MARGIN,,"[{'type': 'MarginBalance', 'initial': '0.00', 'maintenance': '2.34', 'currency': 'USD', 'instrument_id': 'EUR/USD.IDEALPRO'}]",False,{}
99999.69,0.00,99999.69,USD,IDEALPRO-001,MARGIN,,[],False,{}
100000.00,0.00,100000.00,EUR,IDEALPRO-001,MARGIN,,[],False,{}
99999.69,0.00,99999.69,USD,IDEALPRO-001,MARGIN,,[],False,{}
100000.00,0.00,100000.00,EUR,IDEALPRO-001,MARGIN,,[],False,{}
99999.69,0.00,99999.69,USD,IDEALPRO-001,MARGIN,,[],False,{}
100000.00,0.00,100000.00,EUR,IDEALPRO-001,MARGIN,,[],False,{}
99999.69,0.00,99999.69,USD,IDEALPRO-001,MARGIN,,[],False,{}
100000.00,0.00,100000.00,EUR,IDEALPRO-001,MARGIN,,[],False,{}
99999.69,0.00,99999.69,USD,IDEALPRO-001,MARGIN,,[],False,{}
100000.00,0.00,100000.00,EUR,IDEALPRO-001,MARGIN,,[],False,{}
99999.69,0.00,99999.69,USD,IDEALPRO-001,MARGIN,,[],False,{}
100000.00,0.00,100000.00,EUR,IDEALPRO-001,MARGIN,,[],False,{}
99999.69,2.34,99997.35,USD,IDEALPRO-001,MARGIN,,"[{'type': 'MarginBalance', 'initial': '0.00', 'maintenance': '2.34', 'currency': 'USD', 'instrument_id': 'EUR/USD.IDEALPRO'}]",False,{}
100000.00,0.00,100000.00,EUR,IDEALPRO-001,MARGIN,,"[{'type': 'MarginBalance', 'initial': '0.00', 'maintenance': '2.34', 'currency': 'USD', 'instrument_id': 'EUR/USD.IDEALPRO'}]",False,{}
99999.69,2.34,99997.35,USD,IDEALPRO-001,MARGIN,,"[{'type': 'MarginBalance', 'initial': '0.00', 'maintenance': '2.34', 'currency': 'USD', 'instrument_id': 'EUR/USD.IDEALPRO'}]",False,{}
100000.00,0.00,100000.00,EUR,IDEALPRO-001,MARGIN,,"[{'type': 'MarginBalance', 'initial': '0.00', 'maintenance': '2.34', 'currency': 'USD', 'instrument_id': 'EUR/USD.IDEALPRO'}]",False,{}
99999.69,2.34,99997.35,USD,IDEALPRO-001,MARGIN,,"[{'type': 'MarginBalance', 'initial': '0.00', 'maintenance': '2.34', 'currency': 'USD', 'instrument_id': 'EUR/USD.IDEALPRO'}]",False,{}
100000.00,0.00,100000.00,EUR,IDEALPRO-001,MARGIN,,"[{'type': 'MarginBalance', 'initial': '0.00', 'maintenance': '2.34', 'currency': 'USD', 'instrument_id': 'EUR/USD.IDEALPRO'}]",False,{}
99999.63,0.00,99999.63,USD,IDEALPRO-001,MARGIN,,[],False,{}
100000.00,0.00,100000.00,EUR,IDEALPRO-001,MARGIN,,[],False,{}
99999.63,0.00,99999.63,USD,IDEALPRO-001,MARGIN,,[],False,{}
100000.00,0.00,100000.00,EUR,IDEALPRO-001,MARGIN,,[],False,{}
99999.63,0.00,99999.63,USD,IDEALPRO-001,MARGIN,,[],False,{}
100000.00,0.00,100000.00,EUR,IDEALPRO-001,MARGIN,,[],False,{}
99999.63,0.00,99999.63,USD,IDEALPRO-001,MARGIN,,[],False,{}
100000.00,0.00,100000.00,EUR,IDEALPRO-001,MARGIN,,[],False,{}
99999.63,0.00,99999.63,USD,IDEALPRO-001,MARGIN,,[],False,{}
100000.00,0.00,100000.00,EUR,IDEALPRO-001,MARGIN,,[],False,{}
99999.63,2.34,99997.29,USD,IDEALPRO-001,MARGIN,,"[{'type': 'MarginBalance', 'initial': '0.00', 'maintenance': '2.34', 'currency': 'USD', 'instrument_id': 'EUR/USD.IDEALPRO'}]",False,{}
100000.00,0.00,100000.00,EUR,IDEALPRO-001,MARGIN,,"[{'type': 'MarginBalance', 'initial': '0.00', 'maintenance': '2.34', 'currency': 'USD', 'instrument_id': 'EUR/USD.IDEALPRO'}]",False,{}
99999.63,2.34,99997.29,USD,IDEALPRO-001,MARGIN,,"[{'type': 'MarginBalance', 'initial': '0.00', 'maintenance': '2.34', 'currency': 'USD', 'instrument_id': 'EUR/USD.IDEALPRO'}]",False,{}
100000.00,0.00,100000.00,EUR,IDEALPRO-001,MARGIN,,"[{'type': 'MarginBalance', 'initial': '0.00', 'maintenance': '2.34', 'currency': 'USD', 'instrument_id': 'EUR/USD.IDEALPRO'}]",False,{}
99999.63,2.34,99997.29,USD,IDEALPRO-001,MARGIN,,"[{'type': 'MarginBalance', 'initial': '0.00', 'maintenance': '2.34', 'currency': 'USD', 'instrument_id': 'EUR/USD.IDEALPRO'}]",False,{}
100000.00,0.00,100000.00,EUR,IDEALPRO-001,MARGIN,,"[{'type': 'MarginBalance', 'initial': '0.00', 'maintenance': '2.34', 'currency': 'USD', 'instrument_id': 'EUR/USD.IDEALPRO'}]",False,{}
99999.63,2.34,99997.29,USD,IDEALPRO-001,MARGIN,,"[{'type': 'MarginBalance', 'initial': '0.00', 'maintenance': '2.34', 'currency': 'USD', 'instrument_id': 'EUR/USD.IDEALPRO'}]",False,{}
100000.00,0.00,100000.00,EUR,IDEALPRO-001,MARGIN,,"[{'type': 'MarginBalance', 'initial': '0.00', 'maintenance': '2.34', 'currency': 'USD', 'instrument_id': 'EUR/USD.IDEALPRO'}]",False,{}
99999.61,0.00,99999.61,USD,IDEALPRO-001,MARGIN,,[],False,{}
100000.00,0.00,100000.00,EUR,IDEALPRO-001,MARGIN,,[],False,{}
99999.61,0.00,99999.61,USD,IDEALPRO-001,MARGIN,,[],False,{}
100000.00,0.00,100000.00,EUR,IDEALPRO-001,MARGIN,,[],False,{}
99999.61,0.00,99999.61,USD,IDEALPRO-001,MARGIN,,[],False,{}
100000.00,0.00,100000.00,EUR,IDEALPRO-001,MARGIN,,[],False,{}
99999.61,0.00,99999.61,USD,IDEALPRO-001,MARGIN,,[],False,{}
100000.00,0.00,100000.00,EUR,IDEALPRO-001,MARGIN,,[],False,{}
99999.61,0.00,99999.61,USD,IDEALPRO-001,MARGIN,,[],False,{}
100000.00,0.00,100000.00,EUR,IDEALPRO-001,MARGIN,,[],False,{}
99999.61,0.00,99999.61,USD,IDEALPRO-001,MARGIN,,[],False,{}
100000.00,0.00,100000.00,EUR,IDEALPRO-001,MARGIN,,[],False,{}
99999.61,2.34,99997.27,USD,IDEALPRO-001,MARGIN,,"[{'type': 'MarginBalance', 'initial': '0.00', 'maintenance': '2.34', 'currency': 'USD', 'instrument_id': 'EUR/USD.IDEALPRO'}]",False,{}
100000.00,0.00,100000.00,EUR,IDEALPRO-001,MARGIN,,"[{'type': 'MarginBalance', 'initial': '0.00', 'maintenance': '2.34', 'currency': 'USD', 'instrument_id': 'EUR/USD.IDEALPRO'}]",False,{}
99999.61,2.34,99997.27,USD,IDEALPRO-001,MARGIN,,"[{'type': 'MarginBalance', 'initial': '0.00', 'maintenance': '2.34', 'currency': 'USD', 'instrument_id': 'EUR/USD.IDEALPRO'}]",False,{}
100000.00,0.00,100000.00,EUR,IDEALPRO-001,MARGIN,,"[{'type': 'MarginBalance', 'initial': '0.00', 'maintenance': '2.34', 'currency': 'USD', 'instrument_id': 'EUR/USD.IDEALPRO'}]",False,{}
99999.61,2.34,99997.27,USD,IDEALPRO-001,MARGIN,,"[{'type': 'MarginBalance', 'initial': '0.00', 'maintenance': '2.34', 'currency': 'USD', 'instrument_id': 'EUR/USD.IDEALPRO'}]",False,{}
100000.00,0.00,100000.00,EUR,IDEALPRO-001,MARGIN,,"[{'type': 'MarginBalance', 'initial': '0.00', 'maintenance': '2.34', 'currency': 'USD', 'instrument_id': 'EUR/USD.IDEALPRO'}]",False,{}
99999.61,2.34,99997.27,USD,IDEALPRO-001,MARGIN,,"[{'type': 'MarginBalance', 'initial': '0.00', 'maintenance': '2.34', 'currency': 'USD', 'instrument_id': 'EUR/USD.IDEALPRO'}]",False,{}
100000.00,0.00,100000.00,EUR,IDEALPRO-001,MARGIN,,"[{'type': 'MarginBalance', 'initial': '0.00', 'maintenance': '2.34', 'currency': 'USD', 'instrument_id': 'EUR/USD.IDEALPRO'}]",False,{}
99999.66,0.00,99999.66,USD,IDEALPRO-001,MARGIN,,[],False,{}
100000.00,0.00,100000.00,EUR,IDEALPRO-001,MARGIN,,[],False,{}
99999.66,0.00,99999.66,USD,IDEALPRO-001,MARGIN,,[],False,{}
100000.00,0.00,100000.00,EUR,IDEALPRO-001,MARGIN,,[],False,{}
99999.66,0.00,99999.66,USD,IDEALPRO-001,MARGIN,,[],False,{}
100000.00,0.00,100000.00,EUR,IDEALPRO-001,MARGIN,,[],False,{}
99999.66,0.00,99999.66,USD,IDEALPRO-001,MARGIN,,[],False,{}
100000.00,0.00,100000.00,EUR,IDEALPRO-001,MARGIN,,[],False,{}
99999.66,0.00,99999.66,USD,IDEALPRO-001,MARGIN,,[],False,{}
100000.00,0.00,100000.00,EUR,IDEALPRO-001,MARGIN,,[],False,{}
99999.66,0.00,99999.66,USD,IDEALPRO-001,MARGIN,,[],False,{}
100000.00,0.00,100000.00,EUR,IDEALPRO-001,MARGIN,,[],False,{}
99999.66,2.34,99997.32,USD,IDEALPRO-001,MARGIN,,"[{'type': 'MarginBalance', 'initial': '0.00', 'maintenance': '2.34', 'currency': 'USD', 'instrument_id': 'EUR/USD.IDEALPRO'}]",False,{}
100000.00,0.00,100000.00,EUR,IDEALPRO-001,MARGIN,,"[{'type': 'MarginBalance', 'initial': '0.00', 'maintenance': '2.34', 'currency': 'USD', 'instrument_id': 'EUR/USD.IDEALPRO'}]",False,{}
99999.66,2.34,99997.32,USD,IDEALPRO-001,MARGIN,,"[{'type': 'MarginBalance', 'initial': '0.00', 'maintenance': '2.34', 'currency': 'USD', 'instrument_id': 'EUR/USD.IDEALPRO'}]",False,{}
100000.00,0.00,100000.00,EUR,IDEALPRO-001,MARGIN,,"[{'type': 'MarginBalance', 'initial': '0.00', 'maintenance': '2.34', 'currency': 'USD', 'instrument_id': 'EUR/USD.IDEALPRO'}]",False,{}
99999.66,2.34,99997.32,USD,IDEALPRO-001,MARGIN,,"[{'type': 'MarginBalance', 'initial': '0.00', 'maintenance': '2.34', 'currency': 'USD', 'instrument_id': 'EUR/USD.IDEALPRO'}]",False,{}
100000.00,0.00,100000.00,EUR,IDEALPRO-001,MARGIN,,"[{'type': 'MarginBalance', 'initial': '0.00', 'maintenance': '2.34', 'currency': 'USD', 'instrument_id': 'EUR/USD.IDEALPRO'}]",False,{}
99999.66,2.34,99997.32,USD,IDEALPRO-001,MARGIN,,"[{'type': 'MarginBalance', 'initial': '0.00', 'maintenance': '2.34', 'currency': 'USD', 'instrument_id': 'EUR/USD.IDEALPRO'}]",False,{}
100000.00,0.00,100000.00,EUR,IDEALPRO-001,MARGIN,,"[{'type': 'MarginBalance', 'initial': '0.00', 'maintenance': '2.34', 'currency': 'USD', 'instrument_id': 'EUR/USD.IDEALPRO'}]",False,{}
99999.63,0.00,99999.63,USD,IDEALPRO-001,MARGIN,,[],False,{}
100000.00,0.00,100000.00,EUR,IDEALPRO-001,MARGIN,,[],False,{}
99999.63,0.00,99999.63,USD,IDEALPRO-001,MARGIN,,[],False,{}
100000.00,0.00,100000.00,EUR,IDEALPRO-001,MARGIN,,[],False,{}
99999.63,0.00,99999.63,USD,IDEALPRO-001,MARGIN,,[],False,{}
100000.00,0.00,100000.00,EUR,IDEALPRO-001,MARGIN,,[],False,{}
99999.63,0.00,99999.63,USD,IDEALPRO-001,MARGIN,,[],False,{}
100000.00,0.00,100000.00,EUR,IDEALPRO-001,MARGIN,,[],False,{}
99999.63,0.00,99999.63,USD,IDEALPRO-001,MARGIN,,[],False,{}
100000.00,0.00,100000.00,EUR,IDEALPRO-001,MARGIN,,[],False,{}
99999.63,0.00,99999.63,USD,IDEALPRO-001,MARGIN,,[],False,{}
100000.00,0.00,100000.00,EUR,IDEALPRO-001,MARGIN,,[],False,{}
99999.63,2.34,99997.29,USD,IDEALPRO-001,MARGIN,,"[{'type': 'MarginBalance', 'initial': '0.00', 'maintenance': '2.34', 'currency': 'USD', 'instrument_id': 'EUR/USD.IDEALPRO'}]",False,{}
100000.00,0.00,100000.00,EUR,IDEALPRO-001,MARGIN,,"[{'type': 'MarginBalance', 'initial': '0.00', 'maintenance': '2.34', 'currency': 'USD', 'instrument_id': 'EUR/USD.IDEALPRO'}]",False,{}
99999.63,2.34,99997.29,USD,IDEALPRO-001,MARGIN,,"[{'type': 'MarginBalance', 'initial': '0.00', 'maintenance': '2.34', 'currency': 'USD', 'instrument_id': 'EUR/USD.IDEALPRO'}]",False,{}
100000.00,0.00,100000.00,EUR,IDEALPRO-001,MARGIN,,"[{'type': 'MarginBalance', 'initial': '0.00', 'maintenance': '2.34', 'currency': 'USD', 'instrument_id': 'EUR/USD.IDEALPRO'}]",False,{}
99999.63,2.34,99997.29,USD,IDEALPRO-001,MARGIN,,"[{'type': 'MarginBalance', 'initial': '0.00', 'maintenance': '2.34', 'currency': 'USD', 'instrument_id': 'EUR/USD.IDEALPRO'}]",False,{}
100000.00,0.00,100000.00,EUR,IDEALPRO-001,MARGIN,,"[{'type': 'MarginBalance', 'initial': '0.00', 'maintenance': '2.34', 'currency': 'USD', 'instrument_id': 'EUR/USD.IDEALPRO'}]",False,{}
99999.63,2.34,99997.29,USD,IDEALPRO-001,MARGIN,,"[{'type': 'MarginBalance', 'initial': '0.00', 'maintenance': '2.34', 'currency': 'USD', 'instrument_id': 'EUR/USD.IDEALPRO'}]",False,{}
100000.00,0.00,100000.00,EUR,IDEALPRO-001,MARGIN,,"[{'type': 'MarginBalance', 'initial': '0.00', 'maintenance': '2.34', 'currency': 'USD', 'instrument_id': 'EUR/USD.IDEALPRO'}]",False,{}
99999.58,0.00,99999.58,USD,IDEALPRO-001,MARGIN,,[],False,{}
100000.00,0.00,100000.00,EUR,IDEALPRO-001,MARGIN,,[],False,{}
99999.58,0.00,99999.58,USD,IDEALPRO-001,MARGIN,,[],False,{}
100000.00,0.00,100000.00,EUR,IDEALPRO-001,MARGIN,,[],False,{}
99999.58,0.00,99999.58,USD,IDEALPRO-001,MARGIN,,[],False,{}
100000.00,0.00,100000.00,EUR,IDEALPRO-001,MARGIN,,[],False,{}
99999.58,0.00,99999.58,USD,IDEALPRO-001,MARGIN,,[],False,{}
100000.00,0.00,100000.00,EUR,IDEALPRO-001,MARGIN,,[],False,{}
99999.58,0.00,99999.58,USD,IDEALPRO-001,MARGIN,,[],False,{}
100000.00,0.00,100000.00,EUR,IDEALPRO-001,MARGIN,,[],False,{}
99999.58,0.00,99999.58,USD,IDEALPRO-001,MARGIN,,[],False,{}
100000.00,0.00,100000.00,EUR,IDEALPRO-001,MARGIN,,[],False,{}
99999.58,2.34,99997.24,USD,IDEALPRO-001,MARGIN,,"[{'type': 'MarginBalance', 'initial': '0.00', 'maintenance': '2.34', 'currency': 'USD', 'instrument_id': 'EUR/USD.IDEALPRO'}]",False,{}
100000.00,0.00,100000.00,EUR,IDEALPRO-001,MARGIN,,"[{'type': 'MarginBalance', 'initial': '0.00', 'maintenance': '2.34', 'currency': 'USD', 'instrument_id': 'EUR/USD.IDEALPRO'}]",False,{}
99999.58,2.34,99997.24,USD,IDEALPRO-001,MARGIN,,"[{'type': 'MarginBalance', 'initial': '0.00', 'maintenance': '2.34', 'currency': 'USD', 'instrument_id': 'EUR/USD.IDEALPRO'}]",False,{}
100000.00,0.00,100000.00,EUR,IDEALPRO-001,MARGIN,,"[{'type': 'MarginBalance', 'initial': '0.00', 'maintenance': '2.34', 'currency': 'USD', 'instrument_id': 'EUR/USD.IDEALPRO'}]",False,{}
99999.58,2.34,99997.24,USD,IDEALPRO-001,MARGIN,,"[{'type': 'MarginBalance', 'initial': '0.00', 'maintenance': '2.34', 'currency': 'USD', 'instrument_id': 'EUR/USD.IDEALPRO'}]",False,{}
100000.00,0.00,100000.00,EUR,IDEALPRO-001,MARGIN,,"[{'type': 'MarginBalance', 'initial': '0.00', 'maintenance': '2.34', 'currency': 'USD', 'instrument_id': 'EUR/USD.IDEALPRO'}]",False,{}
99999.58,2.34,99997.24,USD,IDEALPRO-001,MARGIN,,"[{'type': 'MarginBalance', 'initial': '0.00', 'maintenance': '2.34', 'currency': 'USD', 'instrument_id': 'EUR/USD.IDEALPRO'}]",False,{}
100000.00,0.00,100000.00,EUR,IDEALPRO-001,MARGIN,,"[{'type': 'MarginBalance', 'initial': '0.00', 'maintenance': '2.34', 'currency': 'USD', 'instrument_id': 'EUR/USD.IDEALPRO'}]",False,{}
99999.56,0.00,99999.56,USD,IDEALPRO-001,MARGIN,,[],False,{}
100000.00,0.00,100000.00,EUR,IDEALPRO-001,MARGIN,,[],False,{}
99999.56,0.00,99999.56,USD,IDEALPRO-001,MARGIN,,[],False,{}
100000.00,0.00,100000.00,EUR,IDEALPRO-001,MARGIN,,[],False,{}
99999.56,0.00,99999.56,USD,IDEALPRO-001,MARGIN,,[],False,{}
100000.00,0.00,100000.00,EUR,IDEALPRO-001,MARGIN,,[],False,{}
99999.56,0.00,99999.56,USD,IDEALPRO-001,MARGIN,,[],False,{}
100000.00,0.00,100000.00,EUR,IDEALPRO-001,MARGIN,,[],False,{}
99999.56,0.00,99999.56,USD,IDEALPRO-001,MARGIN,,[],False,{}
100000.00,0.00,100000.00,EUR,IDEALPRO-001,MARGIN,,[],False,{}
99999.56,0.00,99999.56,USD,IDEALPRO-001,MARGIN,,[],False,{}
100000.00,0.00,100000.00,EUR,IDEALPRO-001,MARGIN,,[],False,{}
99999.56,2.34,99997.22,USD,IDEALPRO-001,MARGIN,,"[{'type': 'MarginBalance', 'initial': '0.00', 'maintenance': '2.34', 'currency': 'USD', 'instrument_id': 'EUR/USD.IDEALPRO'}]",False,{}
100000.00,0.00,100000.00,EUR,IDEALPRO-001,MARGIN,,"[{'type': 'MarginBalance', 'initial': '0.00', 'maintenance': '2.34', 'currency': 'USD', 'instrument_id': 'EUR/USD.IDEALPRO'}]",False,{}
99999.56,2.34,99997.22,USD,IDEALPRO-001,MARGIN,,"[{'type': 'MarginBalance', 'initial': '0.00', 'maintenance': '2.34', 'currency': 'USD', 'instrument_id': 'EUR/USD.IDEALPRO'}]",False,{}
100000.00,0.00,100000.00,EUR,IDEALPRO-001,MARGIN,,"[{'type': 'MarginBalance', 'initial': '0.00', 'maintenance': '2.34', 'currency': 'USD', 'instrument_id': 'EUR/USD.IDEALPRO'}]",False,{}
99999.56,2.34,99997.22,USD,IDEALPRO-001,MARGIN,,"[{'type': 'MarginBalance', 'initial': '0.00', 'maintenance': '2.34', 'currency': 'USD', 'instrument_id': 'EUR/USD.IDEALPRO'}]",False,{}
100000.00,0.00,100000.00,EUR,IDEALPRO-001,MARGIN,,"[{'type': 'MarginBalance', 'initial': '0.00', 'maintenance': '2.34', 'currency': 'USD', 'instrument_id': 'EUR/USD.IDEALPRO'}]",False,{}
99999.56,2.34,99997.22,USD,IDEALPRO-001,MARGIN,,"[{'type': 'MarginBalance', 'initial': '0.00', 'maintenance': '2.34', 'currency': 'USD', 'instrument_id': 'EUR/USD.IDEALPRO'}]",False,{}
100000.00,0.00,100000.00,EUR,IDEALPRO-001,MARGIN,,"[{'type': 'MarginBalance', 'initial': '0.00', 'maintenance': '2.34', 'currency': 'USD', 'instrument_id': 'EUR/USD.IDEALPRO'}]",False,{}
99999.54,0.00,99999.54,USD,IDEALPRO-001,MARGIN,,[],False,{}
100000.00,0.00,100000.00,EUR,IDEALPRO-001,MARGIN,,[],False,{}
99999.54,0.00,99999.54,USD,IDEALPRO-001,MARGIN,,[],False,{}
100000.00,0.00,100000.00,EUR,IDEALPRO-001,MARGIN,,[],False,{}
99999.54,0.00,99999.54,USD,IDEALPRO-001,MARGIN,,[],False,{}
100000.00,0.00,100000.00,EUR,IDEALPRO-001,MARGIN,,[],False,{}
99999.54,0.00,99999.54,USD,IDEALPRO-001,MARGIN,,[],False,{}
100000.00,0.00,100000.00,EUR,IDEALPRO-001,MARGIN,,[],False,{}
99999.54,0.00,99999.54,USD,IDEALPRO-001,MARGIN,,[],False,{}
100000.00,0.00,100000.00,EUR,IDEALPRO-001,MARGIN,,[],False,{}
99999.54,0.00,99999.54,USD,IDEALPRO-001,MARGIN,,[],False,{}
100000.00,0.00,100000.00,EUR,IDEALPRO-001,MARGIN,,[],False,{}
99999.54,2.34,99997.20,USD,IDEALPRO-001,MARGIN,,"[{'type': 'MarginBalance', 'initial': '0.00', 'maintenance': '2.34', 'currency': 'USD', 'instrument_id': 'EUR/USD.IDEALPRO'}]",False,{}
100000.00,0.00,100000.00,EUR,IDEALPRO-001,MARGIN,,"[{'type': 'MarginBalance', 'initial': '0.00', 'maintenance': '2.34', 'currency': 'USD', 'instrument_id': 'EUR/USD.IDEALPRO'}]",False,{}
99999.54,2.34,99997.20,USD,IDEALPRO-001,MARGIN,,"[{'type': 'MarginBalance', 'initial': '0.00', 'maintenance': '2.34', 'currency': 'USD', 'instrument_id': 'EUR/USD.IDEALPRO'}]",False,{}
100000.00,0.00,100000.00,EUR,IDEALPRO-001,MARGIN,,"[{'type': 'MarginBalance', 'initial': '0.00', 'maintenance': '2.34', 'currency': 'USD', 'instrument_id': 'EUR/USD.IDEALPRO'}]",False,{}
99999.54,2.34,99997.20,USD,IDEALPRO-001,MARGIN,,"[{'type': 'MarginBalance', 'initial': '0.00', 'maintenance': '2.34', 'currency': 'USD', 'instrument_id': 'EUR/USD.IDEALPRO'}]",False,{}
100000.00,0.00,100000.00,EUR,IDEALPRO-001,MARGIN,,"[{'type': 'MarginBalance', 'initial': '0.00', 'maintenance': '2.34', 'currency': 'USD', 'instrument_id': 'EUR/USD.IDEALPRO'}]",False,{}
99999.54,2.34,99997.20,USD,IDEALPRO-001,MARGIN,,"[{'type': 'MarginBalance', 'initial': '0.00', 'maintenance': '2.34', 'currency': 'USD', 'instrument_id': 'EUR/USD.IDEALPRO'}]",False,{}
100000.00,0.00,100000.00,EUR,IDEALPRO-001,MARGIN,,"[{'type': 'MarginBalance', 'initial': '0.00', 'maintenance': '2.34', 'currency': 'USD', 'instrument_id': 'EUR/USD.IDEALPRO'}]",False,{}
99999.51,0.00,99999.51,USD,IDEALPRO-001,MARGIN,,[],False,{}
100000.00,0.00,100000.00,EUR,IDEALPRO-001,MARGIN,,[],False,{}
99999.51,0.00,99999.51,USD,IDEALPRO-001,MARGIN,,[],False,{}
100000.00,0.00,100000.00,EUR,IDEALPRO-001,MARGIN,,[],False,{}
99999.51,0.00,99999.51,USD,IDEALPRO-001,MARGIN,,[],False,{}
100000.00,0.00,100000.00,EUR,IDEALPRO-001,MARGIN,,[],False,{}
99999.51,0.00,99999.51,USD,IDEALPRO-001,MARGIN,,[],False,{}
100000.00,0.00,100000.00,EUR,IDEALPRO-001,MARGIN,,[],False,{}
99999.51,0.00,99999.51,USD,IDEALPRO-001,MARGIN,,[],False,{}
100000.00,0.00,100000.00,EUR,IDEALPRO-001,MARGIN,,[],False,{}
99999.51,0.00,99999.51,USD,IDEALPRO-001,MARGIN,,[],False,{}
100000.00,0.00,100000.00,EUR,IDEALPRO-001,MARGIN,,[],False,{}
99999.51,2.34,99997.17,USD,IDEALPRO-001,MARGIN,,"[{'type': 'MarginBalance', 'initial': '0.00', 'maintenance': '2.34', 'currency': 'USD', 'instrument_id': 'EUR/USD.IDEALPRO'}]",False,{}
100000.00,0.00,100000.00,EUR,IDEALPRO-001,MARGIN,,"[{'type': 'MarginBalance', 'initial': '0.00', 'maintenance': '2.34', 'currency': 'USD', 'instrument_id': 'EUR/USD.IDEALPRO'}]",False,{}
99999.51,2.34,99997.17,USD,IDEALPRO-001,MARGIN,,"[{'type': 'MarginBalance', 'initial': '0.00', 'maintenance': '2.34', 'currency': 'USD', 'instrument_id': 'EUR/USD.IDEALPRO'}]",False,{}
100000.00,0.00,100000.00,EUR,IDEALPRO-001,MARGIN,,"[{'type': 'MarginBalance', 'initial': '0.00', 'maintenance': '2.34', 'currency': 'USD', 'instrument_id': 'EUR/USD.IDEALPRO'}]",False,{}
99999.51,2.34,99997.17,USD,IDEALPRO-001,MARGIN,,"[{'type': 'MarginBalance', 'initial': '0.00', 'maintenance': '2.34', 'currency': 'USD', 'instrument_id': 'EUR/USD.IDEALPRO'}]",False,{}
100000.00,0.00,100000.00,EUR,IDEALPRO-001,MARGIN,,"[{'type': 'MarginBalance', 'initial': '0.00', 'maintenance': '2.34', 'currency': 'USD', 'instrument_id': 'EUR/USD.IDEALPRO'}]",False,{}
99999.51,2.34,99997.17,USD,IDEALPRO-001,MARGIN,,"[{'type': 'MarginBalance', 'initial': '0.00', 'maintenance': '2.34', 'currency': 'USD', 'instrument_id': 'EUR/USD.IDEALPRO'}]",False,{}
100000.00,0.00,100000.00,EUR,IDEALPRO-001,MARGIN,,"[{'type': 'MarginBalance', 'initial': '0.00', 'maintenance': '2.34', 'currency': 'USD', 'instrument_id': 'EUR/USD.IDEALPRO'}]",False,{}
99999.53,0.00,99999.53,USD,IDEALPRO-001,MARGIN,,[],False,{}
100000.00,0.00,100000.00,EUR,IDEALPRO-001,MARGIN,,[],False,{}
99999.53,0.00,99999.53,USD,IDEALPRO-001,MARGIN,,[],False,{}
100000.00,0.00,100000.00,EUR,IDEALPRO-001,MARGIN,,[],False,{}
99999.53,0.00,99999.53,USD,IDEALPRO-001,MARGIN,,[],False,{}
100000.00,0.00,100000.00,EUR,IDEALPRO-001,MARGIN,,[],False,{}
99999.53,0.00,99999.53,USD,IDEALPRO-001,MARGIN,,[],False,{}
100000.00,0.00,100000.00,EUR,IDEALPRO-001,MARGIN,,[],False,{}
99999.53,0.00,99999.53,USD,IDEALPRO-001,MARGIN,,[],False,{}
100000.00,0.00,100000.00,EUR,IDEALPRO-001,MARGIN,,[],False,{}
99999.53,0.00,99999.53,USD,IDEALPRO-001,MARGIN,,[],False,{}
100000.00,0.00,100000.00,EUR,IDEALPRO-001,MARGIN,,[],False,{}
99999.53,2.34,99997.19,USD,IDEALPRO-001,MARGIN,,"[{'type': 'MarginBalance', 'initial': '0.00', 'maintenance': '2.34', 'currency': 'USD', 'instrument_id': 'EUR/USD.IDEALPRO'}]",False,{}
100000.00,0.00,100000.00,EUR,IDEALPRO-001,MARGIN,,"[{'type': 'MarginBalance', 'initial': '0.00', 'maintenance': '2.34', 'currency': 'USD', 'instrument_id': 'EUR/USD.IDEALPRO'}]",False,{}
99999.53,2.34,99997.19,USD,IDEALPRO-001,MARGIN,,"[{'type': 'MarginBalance', 'initial': '0.00', 'maintenance': '2.34', 'currency': 'USD', 'instrument_id': 'EUR/USD.IDEALPRO'}]",False,{}
100000.00,0.00,100000.00,EUR,IDEALPRO-001,MARGIN,,"[{'type': 'MarginBalance', 'initial': '0.00', 'maintenance': '2.34', 'currency': 'USD', 'instrument_id': 'EUR/USD.IDEALPRO'}]",False,{}
99999.53,2.34,99997.19,USD,IDEALPRO-001,MARGIN,,"[{'type': 'MarginBalance', 'initial': '0.00', 'maintenance': '2.34', 'currency': 'USD', 'instrument_id': 'EUR/USD.IDEALPRO'}]",False,{}
100000.00,0.00,100000.00,EUR,IDEALPRO-001,MARGIN,,"[{'type': 'MarginBalance', 'initial': '0.00', 'maintenance': '2.34', 'currency': 'USD', 'instrument_id': 'EUR/USD.IDEALPRO'}]",False,{}
99999.53,2.34,99997.19,USD,IDEALPRO-001,MARGIN,,"[{'type': 'MarginBalance', 'initial': '0.00', 'maintenance': '2.34', 'currency': 'USD', 'instrument_id': 'EUR/USD.IDEALPRO'}]",False,{}
100000.00,0.00,100000.00,EUR,IDEALPRO-001,MARGIN,,"[{'type': 'MarginBalance', 'initial': '0.00', 'maintenance': '2.34', 'currency': 'USD', 'instrument_id': 'EUR/USD.IDEALPRO'}]",False,{}
99999.55,0.00,99999.55,USD,IDEALPRO-001,MARGIN,,[],False,{}
100000.00,0.00,100000.00,EUR,IDEALPRO-001,MARGIN,,[],False,{}
99999.55,0.00,99999.55,USD,IDEALPRO-001,MARGIN,,[],False,{}
100000.00,0.00,100000.00,EUR,IDEALPRO-001,MARGIN,,[],False,{}
99999.55,0.00,99999.55,USD,IDEALPRO-001,MARGIN,,[],False,{}
100000.00,0.00,100000.00,EUR,IDEALPRO-001,MARGIN,,[],False,{}
99999.55,0.00,99999.55,USD,IDEALPRO-001,MARGIN,,[],False,{}
100000.00,0.00,100000.00,EUR,IDEALPRO-001,MARGIN,,[],False,{}
99999.55,0.00,99999.55,USD,IDEALPRO-001,MARGIN,,[],False,{}
100000.00,0.00,100000.00,EUR,IDEALPRO-001,MARGIN,,[],False,{}
99999.55,0.00,99999.55,USD,IDEALPRO-001,MARGIN,,[],False,{}
100000.00,0.00,100000.00,EUR,IDEALPRO-001,MARGIN,,[],False,{}
99999.55,2.34,99997.21,USD,IDEALPRO-001,MARGIN,,"[{'type': 'MarginBalance', 'initial': '0.00', 'maintenance': '2.34', 'currency': 'USD', 'instrument_id': 'EUR/USD.IDEALPRO'}]",False,{}
100000.00,0.00,100000.00,EUR,IDEALPRO-001,MARGIN,,"[{'type': 'MarginBalance', 'initial': '0.00', 'maintenance': '2.34', 'currency': 'USD', 'instrument_id': 'EUR/USD.IDEALPRO'}]",False,{}
99999.55,2.34,99997.21,USD,IDEALPRO-001,MARGIN,,"[{'type': 'MarginBalance', 'initial': '0.00', 'maintenance': '2.34', 'currency': 'USD', 'instrument_id': 'EUR/USD.IDEALPRO'}]",False,{}
100000.00,0.00,100000.00,EUR,IDEALPRO-001,MARGIN,,"[{'type': 'MarginBalance', 'initial': '0.00', 'maintenance': '2.34', 'currency': 'USD', 'instrument_id': 'EUR/USD.IDEALPRO'}]",False,{}
99999.55,2.34,99997.21,USD,IDEALPRO-001,MARGIN,,"[{'type': 'MarginBalance', 'initial': '0.00', 'maintenance': '2.34', 'currency': 'USD', 'instrument_id': 'EUR/USD.IDEALPRO'}]",False,{}
100000.00,0.00,100000.00,EUR,IDEALPRO-001,MARGIN,,"[{'type': 'MarginBalance', 'initial': '0.00', 'maintenance': '2.34', 'currency': 'USD', 'instrument_id': 'EUR/USD.IDEALPRO'}]",False,{}
99999.55,2.34,99997.21,USD,IDEALPRO-001,MARGIN,,"[{'type': 'MarginBalance', 'initial': '0.00', 'maintenance': '2.34', 'currency': 'USD', 'instrument_id': 'EUR/USD.IDEALPRO'}]",False,{}
100000.00,0.00,100000.00,EUR,IDEALPRO-001,MARGIN,,"[{'type': 'MarginBalance', 'initial': '0.00', 'maintenance': '2.34', 'currency': 'USD', 'instrument_id': 'EUR/USD.IDEALPRO'}]",False,{}
99999.60,0.00,99999.60,USD,IDEALPRO-001,MARGIN,,[],False,{}
100000.00,0.00,100000.00,EUR,IDEALPRO-001,MARGIN,,[],False,{}
99999.60,0.00,99999.60,USD,IDEALPRO-001,MARGIN,,[],False,{}
100000.00,0.00,100000.00,EUR,IDEALPRO-001,MARGIN,,[],False,{}
99999.60,0.00,99999.60,USD,IDEALPRO-001,MARGIN,,[],False,{}
100000.00,0.00,100000.00,EUR,IDEALPRO-001,MARGIN,,[],False,{}
99999.60,0.00,99999.60,USD,IDEALPRO-001,MARGIN,,[],False,{}
100000.00,0.00,100000.00,EUR,IDEALPRO-001,MARGIN,,[],False,{}
99999.60,0.00,99999.60,USD,IDEALPRO-001,MARGIN,,[],False,{}
100000.00,0.00,100000.00,EUR,IDEALPRO-001,MARGIN,,[],False,{}
99999.60,0.00,99999.60,USD,IDEALPRO-001,MARGIN,,[],False,{}
100000.00,0.00,100000.00,EUR,IDEALPRO-001,MARGIN,,[],False,{}
99999.60,2.34,99997.26,USD,IDEALPRO-001,MARGIN,,"[{'type': 'MarginBalance', 'initial': '0.00', 'maintenance': '2.34', 'currency': 'USD', 'instrument_id': 'EUR/USD.IDEALPRO'}]",False,{}
100000.00,0.00,100000.00,EUR,IDEALPRO-001,MARGIN,,"[{'type': 'MarginBalance', 'initial': '0.00', 'maintenance': '2.34', 'currency': 'USD', 'instrument_id': 'EUR/USD.IDEALPRO'}]",False,{}
99999.60,2.34,99997.26,USD,IDEALPRO-001,MARGIN,,"[{'type': 'MarginBalance', 'initial': '0.00', 'maintenance': '2.34', 'currency': 'USD', 'instrument_id': 'EUR/USD.IDEALPRO'}]",False,{}
100000.00,0.00,100000.00,EUR,IDEALPRO-001,MARGIN,,"[{'type': 'MarginBalance', 'initial': '0.00', 'maintenance': '2.34', 'currency': 'USD', 'instrument_id': 'EUR/USD.IDEALPRO'}]",False,{}
99999.60,2.34,99997.26,USD,IDEALPRO-001,MARGIN,,"[{'type': 'MarginBalance', 'initial': '0.00', 'maintenance': '2.34', 'currency': 'USD', 'instrument_id': 'EUR/USD.IDEALPRO'}]",False,{}
100000.00,0.00,100000.00,EUR,IDEALPRO-001,MARGIN,,"[{'type': 'MarginBalance', 'initial': '0.00', 'maintenance': '2.34', 'currency': 'USD', 'instrument_id': 'EUR/USD.IDEALPRO'}]",False,{}
99999.60,2.34,99997.26,USD,IDEALPRO-001,MARGIN,,"[{'type': 'MarginBalance', 'initial': '0.00', 'maintenance': '2.34', 'currency': 'USD', 'instrument_id': 'EUR/USD.IDEALPRO'}]",False,{}
100000.00,0.00,100000.00,EUR,IDEALPRO-001,MARGIN,,"[{'type': 'MarginBalance', 'initial': '0.00', 'maintenance': '2.34', 'currency': 'USD', 'instrument_id': 'EUR/USD.IDEALPRO'}]",False,{}
99999.57,0.00,99999.57,USD,IDEALPRO-001,MARGIN,,[],False,{}
100000.00,0.00,100000.00,EUR,IDEALPRO-001,MARGIN,,[],False,{}
99999.57,0.00,99999.57,USD,IDEALPRO-001,MARGIN,,[],False,{}
100000.00,0.00,100000.00,EUR,IDEALPRO-001,MARGIN,,[],False,{}
99999.57,0.00,99999.57,USD,IDEALPRO-001,MARGIN,,[],False,{}
100000.00,0.00,100000.00,EUR,IDEALPRO-001,MARGIN,,[],False,{}
99999.57,0.00,99999.57,USD,IDEALPRO-001,MARGIN,,[],False,{}
100000.00,0.00,100000.00,EUR,IDEALPRO-001,MARGIN,,[],False,{}
99999.57,0.00,99999.57,USD,IDEALPRO-001,MARGIN,,[],False,{}
100000.00,0.00,100000.00,EUR,IDEALPRO-001,MARGIN,,[],False,{}
99999.57,0.00,99999.57,USD,IDEALPRO-001,MARGIN,,[],False,{}
100000.00,0.00,100000.00,EUR,IDEALPRO-001,MARGIN,,[],False,{}
99999.57,2.34,99997.23,USD,IDEALPRO-001,MARGIN,,"[{'type': 'MarginBalance', 'initial': '0.00', 'maintenance': '2.34', 'currency': 'USD', 'instrument_id': 'EUR/USD.IDEALPRO'}]",False,{}
100000.00,0.00,100000.00,EUR,IDEALPRO-001,MARGIN,,"[{'type': 'MarginBalance', 'initial': '0.00', 'maintenance': '2.34', 'currency': 'USD', 'instrument_id': 'EUR/USD.IDEALPRO'}]",False,{}
99999.57,2.34,99997.23,USD,IDEALPRO-001,MARGIN,,"[{'type': 'MarginBalance', 'initial': '0.00', 'maintenance': '2.34', 'currency': 'USD', 'instrument_id': 'EUR/USD.IDEALPRO'}]",False,{}
100000.00,0.00,100000.00,EUR,IDEALPRO-001,MARGIN,,"[{'type': 'MarginBalance', 'initial': '0.00', 'maintenance': '2.34', 'currency': 'USD', 'instrument_id': 'EUR/USD.IDEALPRO'}]",False,{}
99999.57,2.34,99997.23,USD,IDEALPRO-001,MARGIN,,"[{'type': 'MarginBalance', 'initial': '0.00', 'maintenance': '2.34', 'currency': 'USD', 'instrument_id': 'EUR/USD.IDEALPRO'}]",False,{}
100000.00,0.00,100000.00,EUR,IDEALPRO-001,MARGIN,,"[{'type': 'MarginBalance', 'initial': '0.00', 'maintenance': '2.34', 'currency': 'USD', 'instrument_id': 'EUR/USD.IDEALPRO'}]",False,{}
99999.57,2.34,99997.23,USD,IDEALPRO-001,MARGIN,,"[{'type': 'MarginBalance', 'initial': '0.00', 'maintenance': '2.34', 'currency': 'USD', 'instrument_id': 'EUR/USD.IDEALPRO'}]",False,{}
100000.00,0.00,100000.00,EUR,IDEALPRO-001,MARGIN,,"[{'type': 'MarginBalance', 'initial': '0.00', 'maintenance': '2.34', 'currency': 'USD', 'instrument_id': 'EUR/USD.IDEALPRO'}]",False,{}
99999.56,0.00,99999.56,USD,IDEALPRO-001,MARGIN,,[],False,{}
100000.00,0.00,100000.00,EUR,IDEALPRO-001,MARGIN,,[],False,{}
99999.56,0.00,99999.56,USD,IDEALPRO-001,MARGIN,,[],False,{}
100000.00,0.00,100000.00,EUR,IDEALPRO-001,MARGIN,,[],False,{}
99999.56,0.00,99999.56,USD,IDEALPRO-001,MARGIN,,[],False,{}
100000.00,0.00,100000.00,EUR,IDEALPRO-001,MARGIN,,[],False,{}
99999.56,0.00,99999.56,USD,IDEALPRO-001,MARGIN,,[],False,{}
100000.00,0.00,100000.00,EUR,IDEALPRO-001,MARGIN,,[],False,{}
99999.56,0.00,99999.56,USD,IDEALPRO-001,MARGIN,,[],False,{}
100000.00,0.00,100000.00,EUR,IDEALPRO-001,MARGIN,,[],False,{}
99999.56,0.00,99999.56,USD,IDEALPRO-001,MARGIN,,[],False,{}
100000.00,0.00,100000.00,EUR,IDEALPRO-001,MARGIN,,[],False,{}
99999.56,2.34,99997.22,USD,IDEALPRO-001,MARGIN,,"[{'type': 'MarginBalance', 'initial': '0.00', 'maintenance': '2.34', 'currency': 'USD', 'instrument_id': 'EUR/USD.IDEALPRO'}]",False,{}
100000.00,0.00,100000.00,EUR,IDEALPRO-001,MARGIN,,"[{'type': 'MarginBalance', 'initial': '0.00', 'maintenance': '2.34', 'currency': 'USD', 'instrument_id': 'EUR/USD.IDEALPRO'}]",False,{}
99999.56,2.34,99997.22,USD,IDEALPRO-001,MARGIN,,"[{'type': 'MarginBalance', 'initial': '0.00', 'maintenance': '2.34', 'currency': 'USD', 'instrument_id': 'EUR/USD.IDEALPRO'}]",False,{}
100000.00,0.00,100000.00,EUR,IDEALPRO-001,MARGIN,,"[{'type': 'MarginBalance', 'initial': '0.00', 'maintenance': '2.34', 'currency': 'USD', 'instrument_id': 'EUR/USD.IDEALPRO'}]",False,{}
99999.56,2.34,99997.22,USD,IDEALPRO-001,MARGIN,,"[{'type': 'MarginBalance', 'initial': '0.00', 'maintenance': '2.34', 'currency': 'USD', 'instrument_id': 'EUR/USD.IDEALPRO'}]",False,{}
100000.00,0.00,100000.00,EUR,IDEALPRO-001,MARGIN,,"[{'type': 'MarginBalance', 'initial': '0.00', 'maintenance': '2.34', 'currency': 'USD', 'instrument_id': 'EUR/USD.IDEALPRO'}]",False,{}
99999.56,2.34,99997.22,USD,IDEALPRO-001,MARGIN,,"[{'type': 'MarginBalance', 'initial': '0.00', 'maintenance': '2.34', 'currency': 'USD', 'instrument_id': 'EUR/USD.IDEALPRO'}]",False,{}
100000.00,0.00,100000.00,EUR,IDEALPRO-001,MARGIN,,"[{'type': 'MarginBalance', 'initial': '0.00', 'maintenance': '2.34', 'currency': 'USD', 'instrument_id': 'EUR/USD.IDEALPRO'}]",False,{}
99999.53,0.00,99999.53,USD,IDEALPRO-001,MARGIN,,[],False,{}
100000.00,0.00,100000.00,EUR,IDEALPRO-001,MARGIN,,[],False,{}
99999.53,0.00,99999.53,USD,IDEALPRO-001,MARGIN,,[],False,{}
100000.00,0.00,100000.00,EUR,IDEALPRO-001,MARGIN,,[],False,{}
99999.53,0.00,99999.53,USD,IDEALPRO-001,MARGIN,,[],False,{}
100000.00,0.00,100000.00,EUR,IDEALPRO-001,MARGIN,,[],False,{}
99999.53,0.00,99999.53,USD,IDEALPRO-001,MARGIN,,[],False,{}
100000.00,0.00,100000.00,EUR,IDEALPRO-001,MARGIN,,[],False,{}
99999.53,0.00,99999.53,USD,IDEALPRO-001,MARGIN,,[],False,{}
100000.00,0.00,100000.00,EUR,IDEALPRO-001,MARGIN,,[],False,{}
99999.53,0.00,99999.53,USD,IDEALPRO-001,MARGIN,,[],False,{}
100000.00,0.00,100000.00,EUR,IDEALPRO-001,MARGIN,,[],False,{}
99999.53,2.34,99997.19,USD,IDEALPRO-001,MARGIN,,"[{'type': 'MarginBalance', 'initial': '0.00', 'maintenance': '2.34', 'currency': 'USD', 'instrument_id': 'EUR/USD.IDEALPRO'}]",False,{}
100000.00,0.00,100000.00,EUR,IDEALPRO-001,MARGIN,,"[{'type': 'MarginBalance', 'initial': '0.00', 'maintenance': '2.34', 'currency': 'USD', 'instrument_id': 'EUR/USD.IDEALPRO'}]",False,{}
99999.53,2.34,99997.19,USD,IDEALPRO-001,MARGIN,,"[{'type': 'MarginBalance', 'initial': '0.00', 'maintenance': '2.34', 'currency': 'USD', 'instrument_id': 'EUR/USD.IDEALPRO'}]",False,{}
100000.00,0.00,100000.00,EUR,IDEALPRO-001,MARGIN,,"[{'type': 'MarginBalance', 'initial': '0.00', 'maintenance': '2.34', 'currency': 'USD', 'instrument_id': 'EUR/USD.IDEALPRO'}]",False,{}
99999.53,2.34,99997.19,USD,IDEALPRO-001,MARGIN,,"[{'type': 'MarginBalance', 'initial': '0.00', 'maintenance': '2.34', 'currency': 'USD', 'instrument_id': 'EUR/USD.IDEALPRO'}]",False,{}
100000.00,0.00,100000.00,EUR,IDEALPRO-001,MARGIN,,"[{'type': 'MarginBalance', 'initial': '0.00', 'maintenance': '2.34', 'currency': 'USD', 'instrument_id': 'EUR/USD.IDEALPRO'}]",False,{}
99999.53,2.34,99997.19,USD,IDEALPRO-001,MARGIN,,"[{'type': 'MarginBalance', 'initial': '0.00', 'maintenance': '2.34', 'currency': 'USD', 'instrument_id': 'EUR/USD.IDEALPRO'}]",False,{}
100000.00,0.00,100000.00,EUR,IDEALPRO-001,MARGIN,,"[{'type': 'MarginBalance', 'initial': '0.00', 'maintenance': '2.34', 'currency': 'USD', 'instrument_id': 'EUR/USD.IDEALPRO'}]",False,{}
99999.52,0.00,99999.52,USD,IDEALPRO-001,MARGIN,,[],False,{}
100000.00,0.00,100000.00,EUR,IDEALPRO-001,MARGIN,,[],False,{}
99999.52,0.00,99999.52,USD,IDEALPRO-001,MARGIN,,[],False,{}
100000.00,0.00,100000.00,EUR,IDEALPRO-001,MARGIN,,[],False,{}
99999.52,0.00,99999.52,USD,IDEALPRO-001,MARGIN,,[],False,{}
100000.00,0.00,100000.00,EUR,IDEALPRO-001,MARGIN,,[],False,{}
99999.52,0.00,99999.52,USD,IDEALPRO-001,MARGIN,,[],False,{}
100000.00,0.00,100000.00,EUR,IDEALPRO-001,MARGIN,,[],False,{}
99999.52,0.00,99999.52,USD,IDEALPRO-001,MARGIN,,[],False,{}
100000.00,0.00,100000.00,EUR,IDEALPRO-001,MARGIN,,[],False,{}
99999.52,0.00,99999.52,USD,IDEALPRO-001,MARGIN,,[],False,{}
100000.00,0.00,100000.00,EUR,IDEALPRO-001,MARGIN,,[],False,{}
99999.52,2.34,99997.18,USD,IDEALPRO-001,MARGIN,,"[{'type': 'MarginBalance', 'initial': '0.00', 'maintenance': '2.34', 'currency': 'USD', 'instrument_id': 'EUR/USD.IDEALPRO'}]",False,{}
100000.00,0.00,100000.00,EUR,IDEALPRO-001,MARGIN,,"[{'type': 'MarginBalance', 'initial': '0.00', 'maintenance': '2.34', 'currency': 'USD', 'instrument_id': 'EUR/USD.IDEALPRO'}]",False,{}
99999.52,2.34,99997.18,USD,IDEALPRO-001,MARGIN,,"[{'type': 'MarginBalance', 'initial': '0.00', 'maintenance': '2.34', 'currency': 'USD', 'instrument_id': 'EUR/USD.IDEALPRO'}]",False,{}
100000.00,0.00,100000.00,EUR,IDEALPRO-001,MARGIN,,"[{'type': 'MarginBalance', 'initial': '0.00', 'maintenance': '2.34', 'currency': 'USD', 'instrument_id': 'EUR/USD.IDEALPRO'}]",False,{}
99999.52,2.34,99997.18,USD,IDEALPRO-001,MARGIN,,"[{'type': 'MarginBalance', 'initial': '0.00', 'maintenance': '2.34', 'currency': 'USD', 'instrument_id': 'EUR/USD.IDEALPRO'}]",False,{}
100000.00,0.00,100000.00,EUR,IDEALPRO-001,MARGIN,,"[{'type': 'MarginBalance', 'initial': '0.00', 'maintenance': '2.34', 'currency': 'USD', 'instrument_id': 'EUR/USD.IDEALPRO'}]",False,{}
99999.52,2.34,99997.18,USD,IDEALPRO-001,MARGIN,,"[{'type': 'MarginBalance', 'initial': '0.00', 'maintenance': '2.34', 'currency': 'USD', 'instrument_id': 'EUR/USD.IDEALPRO'}]",False,{}
100000.00,0.00,100000.00,EUR,IDEALPRO-001,MARGIN,,"[{'type': 'MarginBalance', 'initial': '0.00', 'maintenance': '2.34', 'currency': 'USD', 'instrument_id': 'EUR/USD.IDEALPRO'}]",False,{}
99999.54,0.00,99999.54,USD,IDEALPRO-001,MARGIN,,[],False,{}
100000.00,0.00,100000.00,EUR,IDEALPRO-001,MARGIN,,[],False,{}
99999.54,0.00,99999.54,USD,IDEALPRO-001,MARGIN,,[],False,{}
100000.00,0.00,100000.00,EUR,IDEALPRO-001,MARGIN,,[],False,{}
99999.54,0.00,99999.54,USD,IDEALPRO-001,MARGIN,,[],False,{}
100000.00,0.00,100000.00,EUR,IDEALPRO-001,MARGIN,,[],False,{}
99999.54,0.00,99999.54,USD,IDEALPRO-001,MARGIN,,[],False,{}
100000.00,0.00,100000.00,EUR,IDEALPRO-001,MARGIN,,[],False,{}
99999.54,0.00,99999.54,USD,IDEALPRO-001,MARGIN,,[],False,{}
100000.00,0.00,100000.00,EUR,IDEALPRO-001,MARGIN,,[],False,{}
99999.54,0.00,99999.54,USD,IDEALPRO-001,MARGIN,,[],False,{}
100000.00,0.00,100000.00,EUR,IDEALPRO-001,MARGIN,,[],False,{}
99999.54,2.34,99997.20,USD,IDEALPRO-001,MARGIN,,"[{'type': 'MarginBalance', 'initial': '0.00', 'maintenance': '2.34', 'currency': 'USD', 'instrument_id': 'EUR/USD.IDEALPRO'}]",False,{}
100000.00,0.00,100000.00,EUR,IDEALPRO-001,MARGIN,,"[{'type': 'MarginBalance', 'initial': '0.00', 'maintenance': '2.34', 'currency': 'USD', 'instrument_id': 'EUR/USD.IDEALPRO'}]",False,{}
99999.54,2.34,99997.20,USD,IDEALPRO-001,MARGIN,,"[{'type': 'MarginBalance', 'initial': '0.00', 'maintenance': '2.34', 'currency': 'USD', 'instrument_id': 'EUR/USD.IDEALPRO'}]",False,{}
100000.00,0.00,100000.00,EUR,IDEALPRO-001,MARGIN,,"[{'type': 'MarginBalance', 'initial': '0.00', 'maintenance': '2.34', 'currency': 'USD', 'instrument_id': 'EUR/USD.IDEALPRO'}]",False,{}
99999.54,2.34,99997.20,USD,IDEALPRO-001,MARGIN,,"[{'type': 'MarginBalance', 'initial': '0.00', 'maintenance': '2.34', 'currency': 'USD', 'instrument_id': 'EUR/USD.IDEALPRO'}]",False,{}
100000.00,0.00,100000.00,EUR,IDEALPRO-001,MARGIN,,"[{'type': 'MarginBalance', 'initial': '0.00', 'maintenance': '2.34', 'currency': 'USD', 'instrument_id': 'EUR/USD.IDEALPRO'}]",False,{}
99999.54,2.34,99997.20,USD,IDEALPRO-001,MARGIN,,"[{'type': 'MarginBalance', 'initial': '0.00', 'maintenance': '2.34', 'currency': 'USD', 'instrument_id': 'EUR/USD.IDEALPRO'}]",False,{}
100000.00,0.00,100000.00,EUR,IDEALPRO-001,MARGIN,,"[{'type': 'MarginBalance', 'initial': '0.00', 'maintenance': '2.34', 'currency': 'USD', 'instrument_id': 'EUR/USD.IDEALPRO'}]",False,{}
99999.68,0.00,99999.68,USD,IDEALPRO-001,MARGIN,,[],False,{}
100000.00,0.00,100000.00,EUR,IDEALPRO-001,MARGIN,,[],False,{}
99999.68,0.00,99999.68,USD,IDEALPRO-001,MARGIN,,[],False,{}
100000.00,0.00,100000.00,EUR,IDEALPRO-001,MARGIN,,[],False,{}
99999.68,0.00,99999.68,USD,IDEALPRO-001,MARGIN,,[],False,{}
100000.00,0.00,100000.00,EUR,IDEALPRO-001,MARGIN,,[],False,{}
99999.68,0.00,99999.68,USD,IDEALPRO-001,MARGIN,,[],False,{}
100000.00,0.00,100000.00,EUR,IDEALPRO-001,MARGIN,,[],False,{}
99999.68,0.00,99999.68,USD,IDEALPRO-001,MARGIN,,[],False,{}
100000.00,0.00,100000.00,EUR,IDEALPRO-001,MARGIN,,[],False,{}
99999.68,0.00,99999.68,USD,IDEALPRO-001,MARGIN,,[],False,{}
100000.00,0.00,100000.00,EUR,IDEALPRO-001,MARGIN,,[],False,{}
99999.68,2.34,99997.34,USD,IDEALPRO-001,MARGIN,,"[{'type': 'MarginBalance', 'initial': '0.00', 'maintenance': '2.34', 'currency': 'USD', 'instrument_id': 'EUR/USD.IDEALPRO'}]",False,{}
100000.00,0.00,100000.00,EUR,IDEALPRO-001,MARGIN,,"[{'type': 'MarginBalance', 'initial': '0.00', 'maintenance': '2.34', 'currency': 'USD', 'instrument_id': 'EUR/USD.IDEALPRO'}]",False,{}
99999.68,2.34,99997.34,USD,IDEALPRO-001,MARGIN,,"[{'type': 'MarginBalance', 'initial': '0.00', 'maintenance': '2.34', 'currency': 'USD', 'instrument_id': 'EUR/USD.IDEALPRO'}]",False,{}
100000.00,0.00,100000.00,EUR,IDEALPRO-001,MARGIN,,"[{'type': 'MarginBalance', 'initial': '0.00', 'maintenance': '2.34', 'currency': 'USD', 'instrument_id': 'EUR/USD.IDEALPRO'}]",False,{}
99999.68,2.34,99997.34,USD,IDEALPRO-001,MARGIN,,"[{'type': 'MarginBalance', 'initial': '0.00', 'maintenance': '2.34', 'currency': 'USD', 'instrument_id': 'EUR/USD.IDEALPRO'}]",False,{}
100000.00,0.00,100000.00,EUR,IDEALPRO-001,MARGIN,,"[{'type': 'MarginBalance', 'initial': '0.00', 'maintenance': '2.34', 'currency': 'USD', 'instrument_id': 'EUR/USD.IDEALPRO'}]",False,{}
99999.62,0.00,99999.62,USD,IDEALPRO-001,MARGIN,,[],False,{}
100000.00,0.00,100000.00,EUR,IDEALPRO-001,MARGIN,,[],False,{}
99999.62,0.00,99999.62,USD,IDEALPRO-001,MARGIN,,[],False,{}
100000.00,0.00,100000.00,EUR,IDEALPRO-001,MARGIN,,[],False,{}
99999.62,0.00,99999.62,USD,IDEALPRO-001,MARGIN,,[],False,{}
100000.00,0.00,100000.00,EUR,IDEALPRO-001,MARGIN,,[],False,{}
99999.62,0.00,99999.62,USD,IDEALPRO-001,MARGIN,,[],False,{}
100000.00,0.00,100000.00,EUR,IDEALPRO-001,MARGIN,,[],False,{}
99999.62,0.00,99999.62,USD,IDEALPRO-001,MARGIN,,[],False,{}
100000.00,0.00,100000.00,EUR,IDEALPRO-001,MARGIN,,[],False,{}
99999.62,2.34,99997.28,USD,IDEALPRO-001,MARGIN,,"[{'type': 'MarginBalance', 'initial': '0.00', 'maintenance': '2.34', 'currency': 'USD', 'instrument_id': 'EUR/USD.IDEALPRO'}]",False,{}
100000.00,0.00,100000.00,EUR,IDEALPRO-001,MARGIN,,"[{'type': 'MarginBalance', 'initial': '0.00', 'maintenance': '2.34', 'currency': 'USD', 'instrument_id': 'EUR/USD.IDEALPRO'}]",False,{}
99999.62,2.34,99997.28,USD,IDEALPRO-001,MARGIN,,"[{'type': 'MarginBalance', 'initial': '0.00', 'maintenance': '2.34', 'currency': 'USD', 'instrument_id': 'EUR/USD.IDEALPRO'}]",False,{}
100000.00,0.00,100000.00,EUR,IDEALPRO-001,MARGIN,,"[{'type': 'MarginBalance', 'initial': '0.00', 'maintenance': '2.34', 'currency': 'USD', 'instrument_id': 'EUR/USD.IDEALPRO'}]",False,{}
99999.62,2.34,99997.28,USD,IDEALPRO-001,MARGIN,,"[{'type': 'MarginBalance', 'initial': '0.00', 'maintenance': '2.34', 'currency': 'USD', 'instrument_id': 'EUR/USD.IDEALPRO'}]",False,{}
100000.00,0.00,100000.00,EUR,IDEALPRO-001,MARGIN,,"[{'type': 'MarginBalance', 'initial': '0.00', 'maintenance': '2.34', 'currency': 'USD', 'instrument_id': 'EUR/USD.IDEALPRO'}]",False,{}
99999.62,2.34,99997.28,USD,IDEALPRO-001,MARGIN,,"[{'type': 'MarginBalance', 'initial': '0.00', 'maintenance': '2.34', 'currency': 'USD', 'instrument_id': 'EUR/USD.IDEALPRO'}]",False,{}
100000.00,0.00,100000.00,EUR,IDEALPRO-001,MARGIN,,"[{'type': 'MarginBalance', 'initial': '0.00', 'maintenance': '2.34', 'currency': 'USD', 'instrument_id': 'EUR/USD.IDEALPRO'}]",False,{}
99999.58,0.00,99999.58,USD,IDEALPRO-001,MARGIN,,[],False,{}
100000.00,0.00,100000.00,EUR,IDEALPRO-001,MARGIN,,[],False,{}
99999.58,0.00,99999.58,USD,IDEALPRO-001,MARGIN,,[],False,{}
100000.00,0.00,100000.00,EUR,IDEALPRO-001,MARGIN,,[],False,{}
99999.58,0.00,99999.58,USD,IDEALPRO-001,MARGIN,,[],False,{}
100000.00,0.00,100000.00,EUR,IDEALPRO-001,MARGIN,,[],False,{}
99999.58,0.00,99999.58,USD,IDEALPRO-001,MARGIN,,[],False,{}
100000.00,0.00,100000.00,EUR,IDEALPRO-001,MARGIN,,[],False,{}
99999.58,0.00,99999.58,USD,IDEALPRO-001,MARGIN,,[],False,{}
100000.00,0.00,100000.00,EUR,IDEALPRO-001,MARGIN,,[],False,{}
99999.58,0.00,99999.58,USD,IDEALPRO-001,MARGIN,,[],False,{}
100000.00,0.00,100000.00,EUR,IDEALPRO-001,MARGIN,,[],False,{}
99999.58,2.34,99997.24,USD,IDEALPRO-001,MARGIN,,"[{'type': 'MarginBalance', 'initial': '0.00', 'maintenance': '2.34', 'currency': 'USD', 'instrument_id': 'EUR/USD.IDEALPRO'}]",False,{}
100000.00,0.00,100000.00,EUR,IDEALPRO-001,MARGIN,,"[{'type': 'MarginBalance', 'initial': '0.00', 'maintenance': '2.34', 'currency': 'USD', 'instrument_id': 'EUR/USD.IDEALPRO'}]",False,{}
99999.58,2.34,99997.24,USD,IDEALPRO-001,MARGIN,,"[{'type': 'MarginBalance', 'initial': '0.00', 'maintenance': '2.34', 'currency': 'USD', 'instrument_id': 'EUR/USD.IDEALPRO'}]",False,{}
100000.00,0.00,100000.00,EUR,IDEALPRO-001,MARGIN,,"[{'type': 'MarginBalance', 'initial': '0.00', 'maintenance': '2.34', 'currency': 'USD', 'instrument_id': 'EUR/USD.IDEALPRO'}]",False,{}
99999.58,2.34,99997.24,USD,IDEALPRO-001,MARGIN,,"[{'type': 'MarginBalance', 'initial': '0.00', 'maintenance': '2.34', 'currency': 'USD', 'instrument_id': 'EUR/USD.IDEALPRO'}]",False,{}
100000.00,0.00,100000.00,EUR,IDEALPRO-001,MARGIN,,"[{'type': 'MarginBalance', 'initial': '0.00', 'maintenance': '2.34', 'currency': 'USD', 'instrument_id': 'EUR/USD.IDEALPRO'}]",False,{}
99999.58,2.34,99997.24,USD,IDEALPRO-001,MARGIN,,"[{'type': 'MarginBalance', 'initial': '0.00', 'maintenance': '2.34', 'currency': 'USD', 'instrument_id': 'EUR/USD.IDEALPRO'}]",False,{}
100000.00,0.00,100000.00,EUR,IDEALPRO-001,MARGIN,,"[{'type': 'MarginBalance', 'initial': '0.00', 'maintenance': '2.34', 'currency': 'USD', 'instrument_id': 'EUR/USD.IDEALPRO'}]",False,{}
99999.57,0.00,99999.57,USD,IDEALPRO-001,MARGIN,,[],False,{}
100000.00,0.00,100000.00,EUR,IDEALPRO-001,MARGIN,,[],False,{}
99999.57,0.00,99999.57,USD,IDEALPRO-001,MARGIN,,[],False,{}
100000.00,0.00,100000.00,EUR,IDEALPRO-001,MARGIN,,[],False,{}
99999.57,0.00,99999.57,USD,IDEALPRO-001,MARGIN,,[],False,{}
100000.00,0.00,100000.00,EUR,IDEALPRO-001,MARGIN,,[],False,{}
99999.57,0.00,99999.57,USD,IDEALPRO-001,MARGIN,,[],False,{}
100000.00,0.00,100000.00,EUR,IDEALPRO-001,MARGIN,,[],False,{}
99999.57,0.00,99999.57,USD,IDEALPRO-001,MARGIN,,[],False,{}
100000.00,0.00,100000.00,EUR,IDEALPRO-001,MARGIN,,[],False,{}
99999.57,0.00,99999.57,USD,IDEALPRO-001,MARGIN,,[],False,{}
100000.00,0.00,100000.00,EUR,IDEALPRO-001,MARGIN,,[],False,{}
99999.57,2.34,99997.23,USD,IDEALPRO-001,MARGIN,,"[{'type': 'MarginBalance', 'initial': '0.00', 'maintenance': '2.34', 'currency': 'USD', 'instrument_id': 'EUR/USD.IDEALPRO'}]",False,{}
100000.00,0.00,100000.00,EUR,IDEALPRO-001,MARGIN,,"[{'type': 'MarginBalance', 'initial': '0.00', 'maintenance': '2.34', 'currency': 'USD', 'instrument_id': 'EUR/USD.IDEALPRO'}]",False,{}
99999.57,2.34,99997.23,USD,IDEALPRO-001,MARGIN,,"[{'type': 'MarginBalance', 'initial': '0.00', 'maintenance': '2.34', 'currency': 'USD', 'instrument_id': 'EUR/USD.IDEALPRO'}]",False,{}
100000.00,0.00,100000.00,EUR,IDEALPRO-001,MARGIN,,"[{'type': 'MarginBalance', 'initial': '0.00', 'maintenance': '2.34', 'currency': 'USD', 'instrument_id': 'EUR/USD.IDEALPRO'}]",False,{}
99999.57,2.34,99997.23,USD,IDEALPRO-001,MARGIN,,"[{'type': 'MarginBalance', 'initial': '0.00', 'maintenance': '2.34', 'currency': 'USD', 'instrument_id': 'EUR/USD.IDEALPRO'}]",False,{}
100000.00,0.00,100000.00,EUR,IDEALPRO-001,MARGIN,,"[{'type': 'MarginBalance', 'initial': '0.00', 'maintenance': '2.34', 'currency': 'USD', 'instrument_id': 'EUR/USD.IDEALPRO'}]",False,{}
99999.57,2.34,99997.23,USD,IDEALPRO-001,MARGIN,,"[{'type': 'MarginBalance', 'initial': '0.00', 'maintenance': '2.34', 'currency': 'USD', 'instrument_id': 'EUR/USD.IDEALPRO'}]",False,{}
100000.00,0.00,100000.00,EUR,IDEALPRO-001,MARGIN,,"[{'type': 'MarginBalance', 'initial': '0.00', 'maintenance': '2.34', 'currency': 'USD', 'instrument_id': 'EUR/USD.IDEALPRO'}]",False,{}
99999.58,0.00,99999.58,USD,IDEALPRO-001,MARGIN,,[],False,{}
100000.00,0.00,100000.00,EUR,IDEALPRO-001,MARGIN,,[],False,{}
99999.58,0.00,99999.58,USD,IDEALPRO-001,MARGIN,,[],False,{}
100000.00,0.00,100000.00,EUR,IDEALPRO-001,MARGIN,,[],False,{}
99999.58,0.00,99999.58,USD,IDEALPRO-001,MARGIN,,[],False,{}
100000.00,0.00,100000.00,EUR,IDEALPRO-001,MARGIN,,[],False,{}
99999.58,0.00,99999.58,USD,IDEALPRO-001,MARGIN,,[],False,{}
100000.00,0.00,100000.00,EUR,IDEALPRO-001,MARGIN,,[],False,{}
99999.58,0.00,99999.58,USD,IDEALPRO-001,MARGIN,,[],False,{}
100000.00,0.00,100000.00,EUR,IDEALPRO-001,MARGIN,,[],False,{}
99999.58,0.00,99999.58,USD,IDEALPRO-001,MARGIN,,[],False,{}
100000.00,0.00,100000.00,EUR,IDEALPRO-001,MARGIN,,[],False,{}
99999.58,2.34,99997.24,USD,IDEALPRO-001,MARGIN,,"[{'type': 'MarginBalance', 'initial': '0.00', 'maintenance': '2.34', 'currency': 'USD', 'instrument_id': 'EUR/USD.IDEALPRO'}]",False,{}
100000.00,0.00,100000.00,EUR,IDEALPRO-001,MARGIN,,"[{'type': 'MarginBalance', 'initial': '0.00', 'maintenance': '2.34', 'currency': 'USD', 'instrument_id': 'EUR/USD.IDEALPRO'}]",False,{}
99999.58,2.34,99997.24,USD,IDEALPRO-001,MARGIN,,"[{'type': 'MarginBalance', 'initial': '0.00', 'maintenance': '2.34', 'currency': 'USD', 'instrument_id': 'EUR/USD.IDEALPRO'}]",False,{}
100000.00,0.00,100000.00,EUR,IDEALPRO-001,MARGIN,,"[{'type': 'MarginBalance', 'initial': '0.00', 'maintenance': '2.34', 'currency': 'USD', 'instrument_id': 'EUR/USD.IDEALPRO'}]",False,{}
99999.58,2.34,99997.24,USD,IDEALPRO-001,MARGIN,,"[{'type': 'MarginBalance', 'initial': '0.00', 'maintenance': '2.34', 'currency': 'USD', 'instrument_id': 'EUR/USD.IDEALPRO'}]",False,{}
100000.00,0.00,100000.00,EUR,IDEALPRO-001,MARGIN,,"[{'type': 'MarginBalance', 'initial': '0.00', 'maintenance': '2.34', 'currency': 'USD', 'instrument_id': 'EUR/USD.IDEALPRO'}]",False,{}
99999.52,0.00,99999.52,USD,IDEALPRO-001,MARGIN,,[],False,{}
100000.00,0.00,100000.00,EUR,IDEALPRO-001,MARGIN,,[],False,{}
99999.52,0.00,99999.52,USD,IDEALPRO-001,MARGIN,,[],False,{}
100000.00,0.00,100000.00,EUR,IDEALPRO-001,MARGIN,,[],False,{}
99999.52,0.00,99999.52,USD,IDEALPRO-001,MARGIN,,[],False,{}
100000.00,0.00,100000.00,EUR,IDEALPRO-001,MARGIN,,[],False,{}
99999.52,0.00,99999.52,USD,IDEALPRO-001,MARGIN,,[],False,{}
100000.00,0.00,100000.00,EUR,IDEALPRO-001,MARGIN,,[],False,{}
99999.52,0.00,99999.52,USD,IDEALPRO-001,MARGIN,,[],False,{}
100000.00,0.00,100000.00,EUR,IDEALPRO-001,MARGIN,,[],False,{}
99999.52,2.33,99997.19,USD,IDEALPRO-001,MARGIN,,"[{'type': 'MarginBalance', 'initial': '0.00', 'maintenance': '2.33', 'currency': 'USD', 'instrument_id': 'EUR/USD.IDEALPRO'}]",False,{}
100000.00,0.00,100000.00,EUR,IDEALPRO-001,MARGIN,,"[{'type': 'MarginBalance', 'initial': '0.00', 'maintenance': '2.33', 'currency': 'USD', 'instrument_id': 'EUR/USD.IDEALPRO'}]",False,{}
99999.52,2.33,99997.19,USD,IDEALPRO-001,MARGIN,,"[{'type': 'MarginBalance', 'initial': '0.00', 'maintenance': '2.33', 'currency': 'USD', 'instrument_id': 'EUR/USD.IDEALPRO'}]",False,{}
100000.00,0.00,100000.00,EUR,IDEALPRO-001,MARGIN,,"[{'type': 'MarginBalance', 'initial': '0.00', 'maintenance': '2.33', 'currency': 'USD', 'instrument_id': 'EUR/USD.IDEALPRO'}]",False,{}
99999.52,2.33,99997.19,USD,IDEALPRO-001,MARGIN,,"[{'type': 'MarginBalance', 'initial': '0.00', 'maintenance': '2.33', 'currency': 'USD', 'instrument_id': 'EUR/USD.IDEALPRO'}]",False,{}
100000.00,0.00,100000.00,EUR,IDEALPRO-001,MARGIN,,"[{'type': 'MarginBalance', 'initial': '0.00', 'maintenance': '2.33', 'currency': 'USD', 'instrument_id': 'EUR/USD.IDEALPRO'}]",False,{}
99999.52,2.33,99997.19,USD,IDEALPRO-001,MARGIN,,"[{'type': 'MarginBalance', 'initial': '0.00', 'maintenance': '2.33', 'currency': 'USD', 'instrument_id': 'EUR/USD.IDEALPRO'}]",False,{}
100000.00,0.00,100000.00,EUR,IDEALPRO-001,MARGIN,,"[{'type': 'MarginBalance', 'initial': '0.00', 'maintenance': '2.33', 'currency': 'USD', 'instrument_id': 'EUR/USD.IDEALPRO'}]",False,{}
99999.57,0.00,99999.57,USD,IDEALPRO-001,MARGIN,,[],False,{}
100000.00,0.00,100000.00,EUR,IDEALPRO-001,MARGIN,,[],False,{}
99999.57,0.00,99999.57,USD,IDEALPRO-001,MARGIN,,[],False,{}
100000.00,0.00,100000.00,EUR,IDEALPRO-001,MARGIN,,[],False,{}
99999.57,0.00,99999.57,USD,IDEALPRO-001,MARGIN,,[],False,{}
100000.00,0.00,100000.00,EUR,IDEALPRO-001,MARGIN,,[],False,{}
99999.57,0.00,99999.57,USD,IDEALPRO-001,MARGIN,,[],False,{}
100000.00,0.00,100000.00,EUR,IDEALPRO-001,MARGIN,,[],False,{}
99999.57,0.00,99999.57,USD,IDEALPRO-001,MARGIN,,[],False,{}
100000.00,0.00,100000.00,EUR,IDEALPRO-001,MARGIN,,[],False,{}
99999.57,0.00,99999.57,USD,IDEALPRO-001,MARGIN,,[],False,{}
100000.00,0.00,100000.00,EUR,IDEALPRO-001,MARGIN,,[],False,{}
99999.57,2.33,99997.24,USD,IDEALPRO-001,MARGIN,,"[{'type': 'MarginBalance', 'initial': '0.00', 'maintenance': '2.33', 'currency': 'USD', 'instrument_id': 'EUR/USD.IDEALPRO'}]",False,{}
100000.00,0.00,100000.00,EUR,IDEALPRO-001,MARGIN,,"[{'type': 'MarginBalance', 'initial': '0.00', 'maintenance': '2.33', 'currency': 'USD', 'instrument_id': 'EUR/USD.IDEALPRO'}]",False,{}
99999.57,2.33,99997.24,USD,IDEALPRO-001,MARGIN,,"[{'type': 'MarginBalance', 'initial': '0.00', 'maintenance': '2.33', 'currency': 'USD', 'instrument_id': 'EUR/USD.IDEALPRO'}]",False,{}
100000.00,0.00,100000.00,EUR,IDEALPRO-001,MARGIN,,"[{'type': 'MarginBalance', 'initial': '0.00', 'maintenance': '2.33', 'currency': 'USD', 'instrument_id': 'EUR/USD.IDEALPRO'}]",False,{}
99999.57,2.33,99997.24,USD,IDEALPRO-001,MARGIN,,"[{'type': 'MarginBalance', 'initial': '0.00', 'maintenance': '2.33', 'currency': 'USD', 'instrument_id': 'EUR/USD.IDEALPRO'}]",False,{}
100000.00,0.00,100000.00,EUR,IDEALPRO-001,MARGIN,,"[{'type': 'MarginBalance', 'initial': '0.00', 'maintenance': '2.33', 'currency': 'USD', 'instrument_id': 'EUR/USD.IDEALPRO'}]",False,{}
99999.57,2.33,99997.24,USD,IDEALPRO-001,MARGIN,,"[{'type': 'MarginBalance', 'initial': '0.00', 'maintenance': '2.33', 'currency': 'USD', 'instrument_id': 'EUR/USD.IDEALPRO'}]",False,{}
100000.00,0.00,100000.00,EUR,IDEALPRO-001,MARGIN,,"[{'type': 'MarginBalance', 'initial': '0.00', 'maintenance': '2.33', 'currency': 'USD', 'instrument_id': 'EUR/USD.IDEALPRO'}]",False,{}
99999.61,0.00,99999.61,USD,IDEALPRO-001,MARGIN,,[],False,{}
100000.00,0.00,100000.00,EUR,IDEALPRO-001,MARGIN,,[],False,{}
99999.61,0.00,99999.61,USD,IDEALPRO-001,MARGIN,,[],False,{}
100000.00,0.00,100000.00,EUR,IDEALPRO-001,MARGIN,,[],False,{}
99999.61,0.00,99999.61,USD,IDEALPRO-001,MARGIN,,[],False,{}
100000.00,0.00,100000.00,EUR,IDEALPRO-001,MARGIN,,[],False,{}
99999.61,0.00,99999.61,USD,IDEALPRO-001,MARGIN,,[],False,{}
100000.00,0.00,100000.00,EUR,IDEALPRO-001,MARGIN,,[],False,{}
99999.61,0.00,99999.61,USD,IDEALPRO-001,MARGIN,,[],False,{}
100000.00,0.00,100000.00,EUR,IDEALPRO-001,MARGIN,,[],False,{}
99999.61,0.00,99999.61,USD,IDEALPRO-001,MARGIN,,[],False,{}
100000.00,0.00,100000.00,EUR,IDEALPRO-001,MARGIN,,[],False,{}
99999.61,2.33,99997.28,USD,IDEALPRO-001,MARGIN,,"[{'type': 'MarginBalance', 'initial': '0.00', 'maintenance': '2.33', 'currency': 'USD', 'instrument_id': 'EUR/USD.IDEALPRO'}]",False,{}
100000.00,0.00,100000.00,EUR,IDEALPRO-001,MARGIN,,"[{'type': 'MarginBalance', 'initial': '0.00', 'maintenance': '2.33', 'currency': 'USD', 'instrument_id': 'EUR/USD.IDEALPRO'}]",False,{}
99999.61,2.33,99997.28,USD,IDEALPRO-001,MARGIN,,"[{'type': 'MarginBalance', 'initial': '0.00', 'maintenance': '2.33', 'currency': 'USD', 'instrument_id': 'EUR/USD.IDEALPRO'}]",False,{}
100000.00,0.00,100000.00,EUR,IDEALPRO-001,MARGIN,,"[{'type': 'MarginBalance', 'initial': '0.00', 'maintenance': '2.33', 'currency': 'USD', 'instrument_id': 'EUR/USD.IDEALPRO'}]",False,{}
99999.61,2.33,99997.28,USD,IDEALPRO-001,MARGIN,,"[{'type': 'MarginBalance', 'initial': '0.00', 'maintenance': '2.33', 'currency': 'USD', 'instrument_id': 'EUR/USD.IDEALPRO'}]",False,{}
100000.00,0.00,100000.00,EUR,IDEALPRO-001,MARGIN,,"[{'type': 'MarginBalance', 'initial': '0.00', 'maintenance': '2.33', 'currency': 'USD', 'instrument_id': 'EUR/USD.IDEALPRO'}]",False,{}
99999.61,2.33,99997.28,USD,IDEALPRO-001,MARGIN,,"[{'type': 'MarginBalance', 'initial': '0.00', 'maintenance': '2.33', 'currency': 'USD', 'instrument_id': 'EUR/USD.IDEALPRO'}]",False,{}
100000.00,0.00,100000.00,EUR,IDEALPRO-001,MARGIN,,"[{'type': 'MarginBalance', 'initial': '0.00', 'maintenance': '2.33', 'currency': 'USD', 'instrument_id': 'EUR/USD.IDEALPRO'}]",False,{}
99999.57,0.00,99999.57,USD,IDEALPRO-001,MARGIN,,[],False,{}
100000.00,0.00,100000.00,EUR,IDEALPRO-001,MARGIN,,[],False,{}
99999.57,0.00,99999.57,USD,IDEALPRO-001,MARGIN,,[],False,{}
100000.00,0.00,100000.00,EUR,IDEALPRO-001,MARGIN,,[],False,{}
99999.57,0.00,99999.57,USD,IDEALPRO-001,MARGIN,,[],False,{}
100000.00,0.00,100000.00,EUR,IDEALPRO-001,MARGIN,,[],False,{}
99999.57,0.00,99999.57,USD,IDEALPRO-001,MARGIN,,[],False,{}
100000.00,0.00,100000.00,EUR,IDEALPRO-001,MARGIN,,[],False,{}
99999.57,0.00,99999.57,USD,IDEALPRO-001,MARGIN,,[],False,{}
100000.00,0.00,100000.00,EUR,IDEALPRO-001,MARGIN,,[],False,{}
99999.57,0.00,99999.57,USD,IDEALPRO-001,MARGIN,,[],False,{}
100000.00,0.00,100000.00,EUR,IDEALPRO-001,MARGIN,,[],False,{}
99999.57,2.33,99997.24,USD,IDEALPRO-001,MARGIN,,"[{'type': 'MarginBalance', 'initial': '0.00', 'maintenance': '2.33', 'currency': 'USD', 'instrument_id': 'EUR/USD.IDEALPRO'}]",False,{}
100000.00,0.00,100000.00,EUR,IDEALPRO-001,MARGIN,,"[{'type': 'MarginBalance', 'initial': '0.00', 'maintenance': '2.33', 'currency': 'USD', 'instrument_id': 'EUR/USD.IDEALPRO'}]",False,{}
99999.57,2.33,99997.24,USD,IDEALPRO-001,MARGIN,,"[{'type': 'MarginBalance', 'initial': '0.00', 'maintenance': '2.33', 'currency': 'USD', 'instrument_id': 'EUR/USD.IDEALPRO'}]",False,{}
100000.00,0.00,100000.00,EUR,IDEALPRO-001,MARGIN,,"[{'type': 'MarginBalance', 'initial': '0.00', 'maintenance': '2.33', 'currency': 'USD', 'instrument_id': 'EUR/USD.IDEALPRO'}]",False,{}
99999.57,2.33,99997.24,USD,IDEALPRO-001,MARGIN,,"[{'type': 'MarginBalance', 'initial': '0.00', 'maintenance': '2.33', 'currency': 'USD', 'instrument_id': 'EUR/USD.IDEALPRO'}]",False,{}
100000.00,0.00,100000.00,EUR,IDEALPRO-001,MARGIN,,"[{'type': 'MarginBalance', 'initial': '0.00', 'maintenance': '2.33', 'currency': 'USD', 'instrument_id': 'EUR/USD.IDEALPRO'}]",False,{}
99999.57,2.33,99997.24,USD,IDEALPRO-001,MARGIN,,"[{'type': 'MarginBalance', 'initial': '0.00', 'maintenance': '2.33', 'currency': 'USD', 'instrument_id': 'EUR/USD.IDEALPRO'}]",False,{}
100000.00,0.00,100000.00,EUR,IDEALPRO-001,MARGIN,,"[{'type': 'MarginBalance', 'initial': '0.00', 'maintenance': '2.33', 'currency': 'USD', 'instrument_id': 'EUR/USD.IDEALPRO'}]",False,{}
99999.55,0.00,99999.55,USD,IDEALPRO-001,MARGIN,,[],False,{}
100000.00,0.00,100000.00,EUR,IDEALPRO-001,MARGIN,,[],False,{}
99999.55,0.00,99999.55,USD,IDEALPRO-001,MARGIN,,[],False,{}
100000.00,0.00,100000.00,EUR,IDEALPRO-001,MARGIN,,[],False,{}
99999.55,0.00,99999.55,USD,IDEALPRO-001,MARGIN,,[],False,{}
100000.00,0.00,100000.00,EUR,IDEALPRO-001,MARGIN,,[],False,{}
99999.55,0.00,99999.55,USD,IDEALPRO-001,MARGIN,,[],False,{}
100000.00,0.00,100000.00,EUR,IDEALPRO-001,MARGIN,,[],False,{}
99999.55,0.00,99999.55,USD,IDEALPRO-001,MARGIN,,[],False,{}
100000.00,0.00,100000.00,EUR,IDEALPRO-001,MARGIN,,[],False,{}
99999.55,0.00,99999.55,USD,IDEALPRO-001,MARGIN,,[],False,{}
100000.00,0.00,100000.00,EUR,IDEALPRO-001,MARGIN,,[],False,{}
99999.55,2.33,99997.22,USD,IDEALPRO-001,MARGIN,,"[{'type': 'MarginBalance', 'initial': '0.00', 'maintenance': '2.33', 'currency': 'USD', 'instrument_id': 'EUR/USD.IDEALPRO'}]",False,{}
100000.00,0.00,100000.00,EUR,IDEALPRO-001,MARGIN,,"[{'type': 'MarginBalance', 'initial': '0.00', 'maintenance': '2.33', 'currency': 'USD', 'instrument_id': 'EUR/USD.IDEALPRO'}]",False,{}
99999.55,2.33,99997.22,USD,IDEALPRO-001,MARGIN,,"[{'type': 'MarginBalance', 'initial': '0.00', 'maintenance': '2.33', 'currency': 'USD', 'instrument_id': 'EUR/USD.IDEALPRO'}]",False,{}
100000.00,0.00,100000.00,EUR,IDEALPRO-001,MARGIN,,"[{'type': 'MarginBalance', 'initial': '0.00', 'maintenance': '2.33', 'currency': 'USD', 'instrument_id': 'EUR/USD.IDEALPRO'}]",False,{}
99999.55,2.33,99997.22,USD,IDEALPRO-001,MARGIN,,"[{'type': 'MarginBalance', 'initial': '0.00', 'maintenance': '2.33', 'currency': 'USD', 'instrument_id': 'EUR/USD.IDEALPRO'}]",False,{}
100000.00,0.00,100000.00,EUR,IDEALPRO-001,MARGIN,,"[{'type': 'MarginBalance', 'initial': '0.00', 'maintenance': '2.33', 'currency': 'USD', 'instrument_id': 'EUR/USD.IDEALPRO'}]",False,{}
99999.55,2.33,99997.22,USD,IDEALPRO-001,MARGIN,,"[{'type': 'MarginBalance', 'initial': '0.00', 'maintenance': '2.33', 'currency': 'USD', 'instrument_id': 'EUR/USD.IDEALPRO'}]",False,{}
100000.00,0.00,100000.00,EUR,IDEALPRO-001,MARGIN,,"[{'type': 'MarginBalance', 'initial': '0.00', 'maintenance': '2.33', 'currency': 'USD', 'instrument_id': 'EUR/USD.IDEALPRO'}]",False,{}
99999.56,0.00,99999.56,USD,IDEALPRO-001,MARGIN,,[],False,{}
100000.00,0.00,100000.00,EUR,IDEALPRO-001,MARGIN,,[],False,{}
99999.56,0.00,99999.56,USD,IDEALPRO-001,MARGIN,,[],False,{}
100000.00,0.00,100000.00,EUR,IDEALPRO-001,MARGIN,,[],False,{}
99999.56,0.00,99999.56,USD,IDEALPRO-001,MARGIN,,[],False,{}
100000.00,0.00,100000.00,EUR,IDEALPRO-001,MARGIN,,[],False,{}
99999.56,0.00,99999.56,USD,IDEALPRO-001,MARGIN,,[],False,{}
100000.00,0.00,100000.00,EUR,IDEALPRO-001,MARGIN,,[],False,{}
99999.56,0.00,99999.56,USD,IDEALPRO-001,MARGIN,,[],False,{}
100000.00,0.00,100000.00,EUR,IDEALPRO-001,MARGIN,,[],False,{}
99999.56,0.00,99999.56,USD,IDEALPRO-001,MARGIN,,[],False,{}
100000.00,0.00,100000.00,EUR,IDEALPRO-001,MARGIN,,[],False,{}
99999.56,2.33,99997.23,USD,IDEALPRO-001,MARGIN,,"[{'type': 'MarginBalance', 'initial': '0.00', 'maintenance': '2.33', 'currency': 'USD', 'instrument_id': 'EUR/USD.IDEALPRO'}]",False,{}
100000.00,0.00,100000.00,EUR,IDEALPRO-001,MARGIN,,"[{'type': 'MarginBalance', 'initial': '0.00', 'maintenance': '2.33', 'currency': 'USD', 'instrument_id': 'EUR/USD.IDEALPRO'}]",False,{}
99999.56,2.33,99997.23,USD,IDEALPRO-001,MARGIN,,"[{'type': 'MarginBalance', 'initial': '0.00', 'maintenance': '2.33', 'currency': 'USD', 'instrument_id': 'EUR/USD.IDEALPRO'}]",False,{}
100000.00,0.00,100000.00,EUR,IDEALPRO-001,MARGIN,,"[{'type': 'MarginBalance', 'initial': '0.00', 'maintenance': '2.33', 'currency': 'USD', 'instrument_id': 'EUR/USD.IDEALPRO'}]",False,{}
99999.56,2.33,99997.23,USD,IDEALPRO-001,MARGIN,,"[{'type': 'MarginBalance', 'initial': '0.00', 'maintenance': '2.33', 'currency': 'USD', 'instrument_id': 'EUR/USD.IDEALPRO'}]",False,{}
100000.00,0.00,100000.00,EUR,IDEALPRO-001,MARGIN,,"[{'type': 'MarginBalance', 'initial': '0.00', 'maintenance': '2.33', 'currency': 'USD', 'instrument_id': 'EUR/USD.IDEALPRO'}]",False,{}
99999.56,2.33,99997.23,USD,IDEALPRO-001,MARGIN,,"[{'type': 'MarginBalance', 'initial': '0.00', 'maintenance': '2.33', 'currency': 'USD', 'instrument_id': 'EUR/USD.IDEALPRO'}]",False,{}
100000.00,0.00,100000.00,EUR,IDEALPRO-001,MARGIN,,"[{'type': 'MarginBalance', 'initial': '0.00', 'maintenance': '2.33', 'currency': 'USD', 'instrument_id': 'EUR/USD.IDEALPRO'}]",False,{}
99999.55,0.00,99999.55,USD,IDEALPRO-001,MARGIN,,[],False,{}
100000.00,0.00,100000.00,EUR,IDEALPRO-001,MARGIN,,[],False,{}
99999.55,0.00,99999.55,USD,IDEALPRO-001,MARGIN,,[],False,{}
100000.00,0.00,100000.00,EUR,IDEALPRO-001,MARGIN,,[],False,{}
99999.55,0.00,99999.55,USD,IDEALPRO-001,MARGIN,,[],False,{}
100000.00,0.00,100000.00,EUR,IDEALPRO-001,MARGIN,,[],False,{}
99999.55,0.00,99999.55,USD,IDEALPRO-001,MARGIN,,[],False,{}
100000.00,0.00,100000.00,EUR,IDEALPRO-001,MARGIN,,[],False,{}
99999.55,0.00,99999.55,USD,IDEALPRO-001,MARGIN,,[],False,{}
100000.00,0.00,100000.00,EUR,IDEALPRO-001,MARGIN,,[],False,{}
99999.55,0.00,99999.55,USD,IDEALPRO-001,MARGIN,,[],False,{}
100000.00,0.00,100000.00,EUR,IDEALPRO-001,MARGIN,,[],False,{}
99999.55,2.33,99997.22,USD,IDEALPRO-001,MARGIN,,"[{'type': 'MarginBalance', 'initial': '0.00', 'maintenance': '2.33', 'currency': 'USD', 'instrument_id': 'EUR/USD.IDEALPRO'}]",False,{}
100000.00,0.00,100000.00,EUR,IDEALPRO-001,MARGIN,,"[{'type': 'MarginBalance', 'initial': '0.00', 'maintenance': '2.33', 'currency': 'USD', 'instrument_id': 'EUR/USD.IDEALPRO'}]",False,{}
99999.55,2.33,99997.22,USD,IDEALPRO-001,MARGIN,,"[{'type': 'MarginBalance', 'initial': '0.00', 'maintenance': '2.33', 'currency': 'USD', 'instrument_id': 'EUR/USD.IDEALPRO'}]",False,{}
100000.00,0.00,100000.00,EUR,IDEALPRO-001,MARGIN,,"[{'type': 'MarginBalance', 'initial': '0.00', 'maintenance': '2.33', 'currency': 'USD', 'instrument_id': 'EUR/USD.IDEALPRO'}]",False,{}
99999.55,2.33,99997.22,USD,IDEALPRO-001,MARGIN,,"[{'type': 'MarginBalance', 'initial': '0.00', 'maintenance': '2.33', 'currency': 'USD', 'instrument_id': 'EUR/USD.IDEALPRO'}]",False,{}
100000.00,0.00,100000.00,EUR,IDEALPRO-001,MARGIN,,"[{'type': 'MarginBalance', 'initial': '0.00', 'maintenance': '2.33', 'currency': 'USD', 'instrument_id': 'EUR/USD.IDEALPRO'}]",False,{}
99999.55,2.33,99997.22,USD,IDEALPRO-001,MARGIN,,"[{'type': 'MarginBalance', 'initial': '0.00', 'maintenance': '2.33', 'currency': 'USD', 'instrument_id': 'EUR/USD.IDEALPRO'}]",False,{}
100000.00,0.00,100000.00,EUR,IDEALPRO-001,MARGIN,,"[{'type': 'MarginBalance', 'initial': '0.00', 'maintenance': '2.33', 'currency': 'USD', 'instrument_id': 'EUR/USD.IDEALPRO'}]",False,{}
99999.59,0.00,99999.59,USD,IDEALPRO-001,MARGIN,,[],False,{}
100000.00,0.00,100000.00,EUR,IDEALPRO-001,MARGIN,,[],False,{}
99999.59,0.00,99999.59,USD,IDEALPRO-001,MARGIN,,[],False,{}
100000.00,0.00,100000.00,EUR,IDEALPRO-001,MARGIN,,[],False,{}
99999.59,0.00,99999.59,USD,IDEALPRO-001,MARGIN,,[],False,{}
100000.00,0.00,100000.00,EUR,IDEALPRO-001,MARGIN,,[],False,{}
99999.59,0.00,99999.59,USD,IDEALPRO-001,MARGIN,,[],False,{}
100000.00,0.00,100000.00,EUR,IDEALPRO-001,MARGIN,,[],False,{}
99999.59,0.00,99999.59,USD,IDEALPRO-001,MARGIN,,[],False,{}
100000.00,0.00,100000.00,EUR,IDEALPRO-001,MARGIN,,[],False,{}
99999.59,0.00,99999.59,USD,IDEALPRO-001,MARGIN,,[],False,{}
100000.00,0.00,100000.00,EUR,IDEALPRO-001,MARGIN,,[],False,{}
99999.59,2.33,99997.26,USD,IDEALPRO-001,MARGIN,,"[{'type': 'MarginBalance', 'initial': '0.00', 'maintenance': '2.33', 'currency': 'USD', 'instrument_id': 'EUR/USD.IDEALPRO'}]",False,{}
100000.00,0.00,100000.00,EUR,IDEALPRO-001,MARGIN,,"[{'type': 'MarginBalance', 'initial': '0.00', 'maintenance': '2.33', 'currency': 'USD', 'instrument_id': 'EUR/USD.IDEALPRO'}]",False,{}
99999.59,2.33,99997.26,USD,IDEALPRO-001,MARGIN,,"[{'type': 'MarginBalance', 'initial': '0.00', 'maintenance': '2.33', 'currency': 'USD', 'instrument_id': 'EUR/USD.IDEALPRO'}]",False,{}
100000.00,0.00,100000.00,EUR,IDEALPRO-001,MARGIN,,"[{'type': 'MarginBalance', 'initial': '0.00', 'maintenance': '2.33', 'currency': 'USD', 'instrument_id': 'EUR/USD.IDEALPRO'}]",False,{}
99999.59,2.33,99997.26,USD,IDEALPRO-001,MARGIN,,"[{'type': 'MarginBalance', 'initial': '0.00', 'maintenance': '2.33', 'currency': 'USD', 'instrument_id': 'EUR/USD.IDEALPRO'}]",False,{}
100000.00,0.00,100000.00,EUR,IDEALPRO-001,MARGIN,,"[{'type': 'MarginBalance', 'initial': '0.00', 'maintenance': '2.33', 'currency': 'USD', 'instrument_id': 'EUR/USD.IDEALPRO'}]",False,{}
99999.59,2.33,99997.26,USD,IDEALPRO-001,MARGIN,,"[{'type': 'MarginBalance', 'initial': '0.00', 'maintenance': '2.33', 'currency': 'USD', 'instrument_id': 'EUR/USD.IDEALPRO'}]",False,{}
100000.00,0.00,100000.00,EUR,IDEALPRO-001,MARGIN,,"[{'type': 'MarginBalance', 'initial': '0.00', 'maintenance': '2.33', 'currency': 'USD', 'instrument_id': 'EUR/USD.IDEALPRO'}]",False,{}
99999.63,0.00,99999.63,USD,IDEALPRO-001,MARGIN,,[],False,{}
100000.00,0.00,100000.00,EUR,IDEALPRO-001,MARGIN,,[],False,{}
99999.63,0.00,99999.63,USD,IDEALPRO-001,MARGIN,,[],False,{}
100000.00,0.00,100000.00,EUR,IDEALPRO-001,MARGIN,,[],False,{}
99999.63,0.00,99999.63,USD,IDEALPRO-001,MARGIN,,[],False,{}
100000.00,0.00,100000.00,EUR,IDEALPRO-001,MARGIN,,[],False,{}
99999.63,0.00,99999.63,USD,IDEALPRO-001,MARGIN,,[],False,{}
100000.00,0.00,100000.00,EUR,IDEALPRO-001,MARGIN,,[],False,{}
99999.63,0.00,99999.63,USD,IDEALPRO-001,MARGIN,,[],False,{}
100000.00,0.00,100000.00,EUR,IDEALPRO-001,MARGIN,,[],False,{}
99999.63,0.00,99999.63,USD,IDEALPRO-001,MARGIN,,[],False,{}
100000.00,0.00,100000.00,EUR,IDEALPRO-001,MARGIN,,[],False,{}
99999.63,2.33,99997.30,USD,IDEALPRO-001,MARGIN,,"[{'type': 'MarginBalance', 'initial': '0.00', 'maintenance': '2.33', 'currency': 'USD', 'instrument_id': 'EUR/USD.IDEALPRO'}]",False,{}
100000.00,0.00,100000.00,EUR,IDEALPRO-001,MARGIN,,"[{'type': 'MarginBalance', 'initial': '0.00', 'maintenance': '2.33', 'currency': 'USD', 'instrument_id': 'EUR/USD.IDEALPRO'}]",False,{}
99999.63,2.33,99997.30,USD,IDEALPRO-001,MARGIN,,"[{'type': 'MarginBalance', 'initial': '0.00', 'maintenance': '2.33', 'currency': 'USD', 'instrument_id': 'EUR/USD.IDEALPRO'}]",False,{}
100000.00,0.00,100000.00,EUR,IDEALPRO-001,MARGIN,,"[{'type': 'MarginBalance', 'initial': '0.00', 'maintenance': '2.33', 'currency': 'USD', 'instrument_id': 'EUR/USD.IDEALPRO'}]",False,{}
99999.63,2.33,99997.30,USD,IDEALPRO-001,MARGIN,,"[{'type': 'MarginBalance', 'initial': '0.00', 'maintenance': '2.33', 'currency': 'USD', 'instrument_id': 'EUR/USD.IDEALPRO'}]",False,{}
100000.00,0.00,100000.00,EUR,IDEALPRO-001,MARGIN,,"[{'type': 'MarginBalance', 'initial': '0.00', 'maintenance': '2.33', 'currency': 'USD', 'instrument_id': 'EUR/USD.IDEALPRO'}]",False,{}
99999.63,2.33,99997.30,USD,IDEALPRO-001,MARGIN,,"[{'type': 'MarginBalance', 'initial': '0.00', 'maintenance': '2.33', 'currency': 'USD', 'instrument_id': 'EUR/USD.IDEALPRO'}]",False,{}
100000.00,0.00,100000.00,EUR,IDEALPRO-001,MARGIN,,"[{'type': 'MarginBalance', 'initial': '0.00', 'maintenance': '2.33', 'currency': 'USD', 'instrument_id': 'EUR/USD.IDEALPRO'}]",False,{}
99999.58,0.00,99999.58,USD,IDEALPRO-001,MARGIN,,[],False,{}
100000.00,0.00,100000.00,EUR,IDEALPRO-001,MARGIN,,[],False,{}
99999.58,0.00,99999.58,USD,IDEALPRO-001,MARGIN,,[],False,{}
100000.00,0.00,100000.00,EUR,IDEALPRO-001,MARGIN,,[],False,{}
99999.58,0.00,99999.58,USD,IDEALPRO-001,MARGIN,,[],False,{}
100000.00,0.00,100000.00,EUR,IDEALPRO-001,MARGIN,,[],False,{}
99999.58,0.00,99999.58,USD,IDEALPRO-001,MARGIN,,[],False,{}
100000.00,0.00,100000.00,EUR,IDEALPRO-001,MARGIN,,[],False,{}
99999.58,0.00,99999.58,USD,IDEALPRO-001,MARGIN,,[],False,{}
100000.00,0.00,100000.00,EUR,IDEALPRO-001,MARGIN,,[],False,{}
99999.58,0.00,99999.58,USD,IDEALPRO-001,MARGIN,,[],False,{}
100000.00,0.00,100000.00,EUR,IDEALPRO-001,MARGIN,,[],False,{}
99999.58,2.33,99997.25,USD,IDEALPRO-001,MARGIN,,"[{'type': 'MarginBalance', 'initial': '0.00', 'maintenance': '2.33', 'currency': 'USD', 'instrument_id': 'EUR/USD.IDEALPRO'}]",False,{}
100000.00,0.00,100000.00,EUR,IDEALPRO-001,MARGIN,,"[{'type': 'MarginBalance', 'initial': '0.00', 'maintenance': '2.33', 'currency': 'USD', 'instrument_id': 'EUR/USD.IDEALPRO'}]",False,{}
99999.58,2.33,99997.25,USD,IDEALPRO-001,MARGIN,,"[{'type': 'MarginBalance', 'initial': '0.00', 'maintenance': '2.33', 'currency': 'USD', 'instrument_id': 'EUR/USD.IDEALPRO'}]",False,{}
100000.00,0.00,100000.00,EUR,IDEALPRO-001,MARGIN,,"[{'type': 'MarginBalance', 'initial': '0.00', 'maintenance': '2.33', 'currency': 'USD', 'instrument_id': 'EUR/USD.IDEALPRO'}]",False,{}
99999.58,2.33,99997.25,USD,IDEALPRO-001,MARGIN,,"[{'type': 'MarginBalance', 'initial': '0.00', 'maintenance': '2.33', 'currency': 'USD', 'instrument_id': 'EUR/USD.IDEALPRO'}]",False,{}
100000.00,0.00,100000.00,EUR,IDEALPRO-001,MARGIN,,"[{'type': 'MarginBalance', 'initial': '0.00', 'maintenance': '2.33', 'currency': 'USD', 'instrument_id': 'EUR/USD.IDEALPRO'}]",False,{}
99999.58,2.33,99997.25,USD,IDEALPRO-001,MARGIN,,"[{'type': 'MarginBalance', 'initial': '0.00', 'maintenance': '2.33', 'currency': 'USD', 'instrument_id': 'EUR/USD.IDEALPRO'}]",False,{}
100000.00,0.00,100000.00,EUR,IDEALPRO-001,MARGIN,,"[{'type': 'MarginBalance', 'initial': '0.00', 'maintenance': '2.33', 'currency': 'USD', 'instrument_id': 'EUR/USD.IDEALPRO'}]",False,{}
99999.55,0.00,99999.55,USD,IDEALPRO-001,MARGIN,,[],False,{}
100000.00,0.00,100000.00,EUR,IDEALPRO-001,MARGIN,,[],False,{}
99999.55,0.00,99999.55,USD,IDEALPRO-001,MARGIN,,[],False,{}
100000.00,0.00,100000.00,EUR,IDEALPRO-001,MARGIN,,[],False,{}
99999.55,0.00,99999.55,USD,IDEALPRO-001,MARGIN,,[],False,{}
100000.00,0.00,100000.00,EUR,IDEALPRO-001,MARGIN,,[],False,{}
99999.55,0.00,99999.55,USD,IDEALPRO-001,MARGIN,,[],False,{}
100000.00,0.00,100000.00,EUR,IDEALPRO-001,MARGIN,,[],False,{}
99999.55,0.00,99999.55,USD,IDEALPRO-001,MARGIN,,[],False,{}
100000.00,0.00,100000.00,EUR,IDEALPRO-001,MARGIN,,[],False,{}
99999.55,0.00,99999.55,USD,IDEALPRO-001,MARGIN,,[],False,{}
100000.00,0.00,100000.00,EUR,IDEALPRO-001,MARGIN,,[],False,{}
99999.55,2.33,99997.22,USD,IDEALPRO-001,MARGIN,,"[{'type': 'MarginBalance', 'initial': '0.00', 'maintenance': '2.33', 'currency': 'USD', 'instrument_id': 'EUR/USD.IDEALPRO'}]",False,{}
100000.00,0.00,100000.00,EUR,IDEALPRO-001,MARGIN,,"[{'type': 'MarginBalance', 'initial': '0.00', 'maintenance': '2.33', 'currency': 'USD', 'instrument_id': 'EUR/USD.IDEALPRO'}]",False,{}
99999.55,2.33,99997.22,USD,IDEALPRO-001,MARGIN,,"[{'type': 'MarginBalance', 'initial': '0.00', 'maintenance': '2.33', 'currency': 'USD', 'instrument_id': 'EUR/USD.IDEALPRO'}]",False,{}
100000.00,0.00,100000.00,EUR,IDEALPRO-001,MARGIN,,"[{'type': 'MarginBalance', 'initial': '0.00', 'maintenance': '2.33', 'currency': 'USD', 'instrument_id': 'EUR/USD.IDEALPRO'}]",False,{}
99999.55,2.33,99997.22,USD,IDEALPRO-001,MARGIN,,"[{'type': 'MarginBalance', 'initial': '0.00', 'maintenance': '2.33', 'currency': 'USD', 'instrument_id': 'EUR/USD.IDEALPRO'}]",False,{}
100000.00,0.00,100000.00,EUR,IDEALPRO-001,MARGIN,,"[{'type': 'MarginBalance', 'initial': '0.00', 'maintenance': '2.33', 'currency': 'USD', 'instrument_id': 'EUR/USD.IDEALPRO'}]",False,{}
99999.55,2.33,99997.22,USD,IDEALPRO-001,MARGIN,,"[{'type': 'MarginBalance', 'initial': '0.00', 'maintenance': '2.33', 'currency': 'USD', 'instrument_id': 'EUR/USD.IDEALPRO'}]",False,{}
100000.00,0.00,100000.00,EUR,IDEALPRO-001,MARGIN,,"[{'type': 'MarginBalance', 'initial': '0.00', 'maintenance': '2.33', 'currency': 'USD', 'instrument_id': 'EUR/USD.IDEALPRO'}]",False,{}
99999.52,0.00,99999.52,USD,IDEALPRO-001,MARGIN,,[],False,{}
100000.00,0.00,100000.00,EUR,IDEALPRO-001,MARGIN,,[],False,{}
99999.52,0.00,99999.52,USD,IDEALPRO-001,MARGIN,,[],False,{}
100000.00,0.00,100000.00,EUR,IDEALPRO-001,MARGIN,,[],False,{}
99999.52,0.00,99999.52,USD,IDEALPRO-001,MARGIN,,[],False,{}
100000.00,0.00,100000.00,EUR,IDEALPRO-001,MARGIN,,[],False,{}
99999.52,0.00,99999.52,USD,IDEALPRO-001,MARGIN,,[],False,{}
100000.00,0.00,100000.00,EUR,IDEALPRO-001,MARGIN,,[],False,{}
99999.52,0.00,99999.52,USD,IDEALPRO-001,MARGIN,,[],False,{}
100000.00,0.00,100000.00,EUR,IDEALPRO-001,MARGIN,,[],False,{}
99999.52,0.00,99999.52,USD,IDEALPRO-001,MARGIN,,[],False,{}
100000.00,0.00,100000.00,EUR,IDEALPRO-001,MARGIN,,[],False,{}
99999.52,2.33,99997.19,USD,IDEALPRO-001,MARGIN,,"[{'type': 'MarginBalance', 'initial': '0.00', 'maintenance': '2.33', 'currency': 'USD', 'instrument_id': 'EUR/USD.IDEALPRO'}]",False,{}
100000.00,0.00,100000.00,EUR,IDEALPRO-001,MARGIN,,"[{'type': 'MarginBalance', 'initial': '0.00', 'maintenance': '2.33', 'currency': 'USD', 'instrument_id': 'EUR/USD.IDEALPRO'}]",False,{}
99999.52,2.33,99997.19,USD,IDEALPRO-001,MARGIN,,"[{'type': 'MarginBalance', 'initial': '0.00', 'maintenance': '2.33', 'currency': 'USD', 'instrument_id': 'EUR/USD.IDEALPRO'}]",False,{}
100000.00,0.00,100000.00,EUR,IDEALPRO-001,MARGIN,,"[{'type': 'MarginBalance', 'initial': '0.00', 'maintenance': '2.33', 'currency': 'USD', 'instrument_id': 'EUR/USD.IDEALPRO'}]",False,{}
99999.52,2.33,99997.19,USD,IDEALPRO-001,MARGIN,,"[{'type': 'MarginBalance', 'initial': '0.00', 'maintenance': '2.33', 'currency': 'USD', 'instrument_id': 'EUR/USD.IDEALPRO'}]",False,{}
100000.00,0.00,100000.00,EUR,IDEALPRO-001,MARGIN,,"[{'type': 'MarginBalance', 'initial': '0.00', 'maintenance': '2.33', 'currency': 'USD', 'instrument_id': 'EUR/USD.IDEALPRO'}]",False,{}
99999.52,2.33,99997.19,USD,IDEALPRO-001,MARGIN,,"[{'type': 'MarginBalance', 'initial': '0.00', 'maintenance': '2.33', 'currency': 'USD', 'instrument_id': 'EUR/USD.IDEALPRO'}]",False,{}
100000.00,0.00,100000.00,EUR,IDEALPRO-001,MARGIN,,"[{'type': 'MarginBalance', 'initial': '0.00', 'maintenance': '2.33', 'currency': 'USD', 'instrument_id': 'EUR/USD.IDEALPRO'}]",False,{}
99999.50,0.00,99999.50,USD,IDEALPRO-001,MARGIN,,[],False,{}
100000.00,0.00,100000.00,EUR,IDEALPRO-001,MARGIN,,[],False,{}
99999.50,0.00,99999.50,USD,IDEALPRO-001,MARGIN,,[],False,{}
100000.00,0.00,100000.00,EUR,IDEALPRO-001,MARGIN,,[],False,{}
99999.50,0.00,99999.50,USD,IDEALPRO-001,MARGIN,,[],False,{}
100000.00,0.00,100000.00,EUR,IDEALPRO-001,MARGIN,,[],False,{}
99999.50,0.00,99999.50,USD,IDEALPRO-001,MARGIN,,[],False,{}
100000.00,0.00,100000.00,EUR,IDEALPRO-001,MARGIN,,[],False,{}
99999.50,0.00,99999.50,USD,IDEALPRO-001,MARGIN,,[],False,{}
100000.00,0.00,100000.00,EUR,IDEALPRO-001,MARGIN,,[],False,{}
99999.50,0.00,99999.50,USD,IDEALPRO-001,MARGIN,,[],False,{}
100000.00,0.00,100000.00,EUR,IDEALPRO-001,MARGIN,,[],False,{}
99999.50,2.34,99997.16,USD,IDEALPRO-001,MARGIN,,"[{'type': 'MarginBalance', 'initial': '0.00', 'maintenance': '2.34', 'currency': 'USD', 'instrument_id': 'EUR/USD.IDEALPRO'}]",False,{}
100000.00,0.00,100000.00,EUR,IDEALPRO-001,MARGIN,,"[{'type': 'MarginBalance', 'initial': '0.00', 'maintenance': '2.34', 'currency': 'USD', 'instrument_id': 'EUR/USD.IDEALPRO'}]",False,{}
99999.50,2.34,99997.16,USD,IDEALPRO-001,MARGIN,,"[{'type': 'MarginBalance', 'initial': '0.00', 'maintenance': '2.34', 'currency': 'USD', 'instrument_id': 'EUR/USD.IDEALPRO'}]",False,{}
100000.00,0.00,100000.00,EUR,IDEALPRO-001,MARGIN,,"[{'type': 'MarginBalance', 'initial': '0.00', 'maintenance': '2.34', 'currency': 'USD', 'instrument_id': 'EUR/USD.IDEALPRO'}]",False,{}
99999.50,2.34,99997.16,USD,IDEALPRO-001,MARGIN,,"[{'type': 'MarginBalance', 'initial': '0.00', 'maintenance': '2.34', 'currency': 'USD', 'instrument_id': 'EUR/USD.IDEALPRO'}]",False,{}
100000.00,0.00,100000.00,EUR,IDEALPRO-001,MARGIN,,"[{'type': 'MarginBalance', 'initial': '0.00', 'maintenance': '2.34', 'currency': 'USD', 'instrument_id': 'EUR/USD.IDEALPRO'}]",False,{}
99999.50,2.34,99997.16,USD,IDEALPRO-001,MARGIN,,"[{'type': 'MarginBalance', 'initial': '0.00', 'maintenance': '2.34', 'currency': 'USD', 'instrument_id': 'EUR/USD.IDEALPRO'}]",False,{}
100000.00,0.00,100000.00,EUR,IDEALPRO-001,MARGIN,,"[{'type': 'MarginBalance', 'initial': '0.00', 'maintenance': '2.34', 'currency': 'USD', 'instrument_id': 'EUR/USD.IDEALPRO'}]",False,{}
99999.51,0.00,99999.51,USD,IDEALPRO-001,MARGIN,,[],False,{}
100000.00,0.00,100000.00,EUR,IDEALPRO-001,MARGIN,,[],False,{}
99999.51,0.00,99999.51,USD,IDEALPRO-001,MARGIN,,[],False,{}
100000.00,0.00,100000.00,EUR,IDEALPRO-001,MARGIN,,[],False,{}
99999.51,0.00,99999.51,USD,IDEALPRO-001,MARGIN,,[],False,{}
100000.00,0.00,100000.00,EUR,IDEALPRO-001,MARGIN,,[],False,{}
99999.51,0.00,99999.51,USD,IDEALPRO-001,MARGIN,,[],False,{}
100000.00,0.00,100000.00,EUR,IDEALPRO-001,MARGIN,,[],False,{}
99999.51,0.00,99999.51,USD,IDEALPRO-001,MARGIN,,[],False,{}
100000.00,0.00,100000.00,EUR,IDEALPRO-001,MARGIN,,[],False,{}
99999.51,0.00,99999.51,USD,IDEALPRO-001,MARGIN,,[],False,{}
100000.00,0.00,100000.00,EUR,IDEALPRO-001,MARGIN,,[],False,{}
99999.51,2.34,99997.17,USD,IDEALPRO-001,MARGIN,,"[{'type': 'MarginBalance', 'initial': '0.00', 'maintenance': '2.34', 'currency': 'USD', 'instrument_id': 'EUR/USD.IDEALPRO'}]",False,{}
100000.00,0.00,100000.00,EUR,IDEALPRO-001,MARGIN,,"[{'type': 'MarginBalance', 'initial': '0.00', 'maintenance': '2.34', 'currency': 'USD', 'instrument_id': 'EUR/USD.IDEALPRO'}]",False,{}
99999.51,2.34,99997.17,USD,IDEALPRO-001,MARGIN,,"[{'type': 'MarginBalance', 'initial': '0.00', 'maintenance': '2.34', 'currency': 'USD', 'instrument_id': 'EUR/USD.IDEALPRO'}]",False,{}
100000.00,0.00,100000.00,EUR,IDEALPRO-001,MARGIN,,"[{'type': 'MarginBalance', 'initial': '0.00', 'maintenance': '2.34', 'currency': 'USD', 'instrument_id': 'EUR/USD.IDEALPRO'}]",False,{}
99999.51,2.34,99997.17,USD,IDEALPRO-001,MARGIN,,"[{'type': 'MarginBalance', 'initial': '0.00', 'maintenance': '2.34', 'currency': 'USD', 'instrument_id': 'EUR/USD.IDEALPRO'}]",False,{}
100000.00,0.00,100000.00,EUR,IDEALPRO-001,MARGIN,,"[{'type': 'MarginBalance', 'initial': '0.00', 'maintenance': '2.34', 'currency': 'USD', 'instrument_id': 'EUR/USD.IDEALPRO'}]",False,{}
99999.51,2.34,99997.17,USD,IDEALPRO-001,MARGIN,,"[{'type': 'MarginBalance', 'initial': '0.00', 'maintenance': '2.34', 'currency': 'USD', 'instrument_id': 'EUR/USD.IDEALPRO'}]",False,{}
100000.00,0.00,100000.00,EUR,IDEALPRO-001,MARGIN,,"[{'type': 'MarginBalance', 'initial': '0.00', 'maintenance': '2.34', 'currency': 'USD', 'instrument_id': 'EUR/USD.IDEALPRO'}]",False,{}
99999.47,0.00,99999.47,USD,IDEALPRO-001,MARGIN,,[],False,{}
100000.00,0.00,100000.00,EUR,IDEALPRO-001,MARGIN,,[],False,{}
99999.47,0.00,99999.47,USD,IDEALPRO-001,MARGIN,,[],False,{}
100000.00,0.00,100000.00,EUR,IDEALPRO-001,MARGIN,,[],False,{}
99999.47,0.00,99999.47,USD,IDEALPRO-001,MARGIN,,[],False,{}
100000.00,0.00,100000.00,EUR,IDEALPRO-001,MARGIN,,[],False,{}
99999.47,0.00,99999.47,USD,IDEALPRO-001,MARGIN,,[],False,{}
100000.00,0.00,100000.00,EUR,IDEALPRO-001,MARGIN,,[],False,{}
99999.47,0.00,99999.47,USD,IDEALPRO-001,MARGIN,,[],False,{}
100000.00,0.00,100000.00,EUR,IDEALPRO-001,MARGIN,,[],False,{}
99999.47,0.00,99999.47,USD,IDEALPRO-001,MARGIN,,[],False,{}
100000.00,0.00,100000.00,EUR,IDEALPRO-001,MARGIN,,[],False,{}
99999.47,2.34,99997.13,USD,IDEALPRO-001,MARGIN,,"[{'type': 'MarginBalance', 'initial': '0.00', 'maintenance': '2.34', 'currency': 'USD', 'instrument_id': 'EUR/USD.IDEALPRO'}]",False,{}
100000.00,0.00,100000.00,EUR,IDEALPRO-001,MARGIN,,"[{'type': 'MarginBalance', 'initial': '0.00', 'maintenance': '2.34', 'currency': 'USD', 'instrument_id': 'EUR/USD.IDEALPRO'}]",False,{}
99999.47,2.34,99997.13,USD,IDEALPRO-001,MARGIN,,"[{'type': 'MarginBalance', 'initial': '0.00', 'maintenance': '2.34', 'currency': 'USD', 'instrument_id': 'EUR/USD.IDEALPRO'}]",False,{}
100000.00,0.00,100000.00,EUR,IDEALPRO-001,MARGIN,,"[{'type': 'MarginBalance', 'initial': '0.00', 'maintenance': '2.34', 'currency': 'USD', 'instrument_id': 'EUR/USD.IDEALPRO'}]",False,{}
99999.47,2.34,99997.13,USD,IDEALPRO-001,MARGIN,,"[{'type': 'MarginBalance', 'initial': '0.00', 'maintenance': '2.34', 'currency': 'USD', 'instrument_id': 'EUR/USD.IDEALPRO'}]",False,{}
100000.00,0.00,100000.00,EUR,IDEALPRO-001,MARGIN,,"[{'type': 'MarginBalance', 'initial': '0.00', 'maintenance': '2.34', 'currency': 'USD', 'instrument_id': 'EUR/USD.IDEALPRO'}]",False,{}
99999.47,2.34,99997.13,USD,IDEALPRO-001,MARGIN,,"[{'type': 'MarginBalance', 'initial': '0.00', 'maintenance': '2.34', 'currency': 'USD', 'instrument_id': 'EUR/USD.IDEALPRO'}]",False,{}
100000.00,0.00,100000.00,EUR,IDEALPRO-001,MARGIN,,"[{'type': 'MarginBalance', 'initial': '0.00', 'maintenance': '2.34', 'currency': 'USD', 'instrument_id': 'EUR/USD.IDEALPRO'}]",False,{}
99999.49,0.00,99999.49,USD,IDEALPRO-001,MARGIN,,[],False,{}
100000.00,0.00,100000.00,EUR,IDEALPRO-001,MARGIN,,[],False,{}
99999.49,0.00,99999.49,USD,IDEALPRO-001,MARGIN,,[],False,{}
100000.00,0.00,100000.00,EUR,IDEALPRO-001,MARGIN,,[],False,{}
99999.49,0.00,99999.49,USD,IDEALPRO-001,MARGIN,,[],False,{}
100000.00,0.00,100000.00,EUR,IDEALPRO-001,MARGIN,,[],False,{}
99999.49,0.00,99999.49,USD,IDEALPRO-001,MARGIN,,[],False,{}
100000.00,0.00,100000.00,EUR,IDEALPRO-001,MARGIN,,[],False,{}
99999.49,0.00,99999.49,USD,IDEALPRO-001,MARGIN,,[],False,{}
100000.00,0.00,100000.00,EUR,IDEALPRO-001,MARGIN,,[],False,{}
99999.49,0.00,99999.49,USD,IDEALPRO-001,MARGIN,,[],False,{}
100000.00,0.00,100000.00,EUR,IDEALPRO-001,MARGIN,,[],False,{}
99999.49,2.34,99997.15,USD,IDEALPRO-001,MARGIN,,"[{'type': 'MarginBalance', 'initial': '0.00', 'maintenance': '2.34', 'currency': 'USD', 'instrument_id': 'EUR/USD.IDEALPRO'}]",False,{}
100000.00,0.00,100000.00,EUR,IDEALPRO-001,MARGIN,,"[{'type': 'MarginBalance', 'initial': '0.00', 'maintenance': '2.34', 'currency': 'USD', 'instrument_id': 'EUR/USD.IDEALPRO'}]",False,{}
99999.49,2.34,99997.15,USD,IDEALPRO-001,MARGIN,,"[{'type': 'MarginBalance', 'initial': '0.00', 'maintenance': '2.34', 'currency': 'USD', 'instrument_id': 'EUR/USD.IDEALPRO'}]",False,{}
100000.00,0.00,100000.00,EUR,IDEALPRO-001,MARGIN,,"[{'type': 'MarginBalance', 'initial': '0.00', 'maintenance': '2.34', 'currency': 'USD', 'instrument_id': 'EUR/USD.IDEALPRO'}]",False,{}
99999.49,2.34,99997.15,USD,IDEALPRO-001,MARGIN,,"[{'type': 'MarginBalance', 'initial': '0.00', 'maintenance': '2.34', 'currency': 'USD', 'instrument_id': 'EUR/USD.IDEALPRO'}]",False,{}
100000.00,0.00,100000.00,EUR,IDEALPRO-001,MARGIN,,"[{'type': 'MarginBalance', 'initial': '0.00', 'maintenance': '2.34', 'currency': 'USD', 'instrument_id': 'EUR/USD.IDEALPRO'}]",False,{}
99999.49,2.34,99997.15,USD,IDEALPRO-001,MARGIN,,"[{'type': 'MarginBalance', 'initial': '0.00', 'maintenance': '2.34', 'currency': 'USD', 'instrument_id': 'EUR/USD.IDEALPRO'}]",False,{}
100000.00,0.00,100000.00,EUR,IDEALPRO-001,MARGIN,,"[{'type': 'MarginBalance', 'initial': '0.00', 'maintenance': '2.34', 'currency': 'USD', 'instrument_id': 'EUR/USD.IDEALPRO'}]",False,{}
99999.45,0.00,99999.45,USD,IDEALPRO-001,MARGIN,,[],False,{}
100000.00,0.00,100000.00,EUR,IDEALPRO-001,MARGIN,,[],False,{}
99999.45,0.00,99999.45,USD,IDEALPRO-001,MARGIN,,[],False,{}
100000.00,0.00,100000.00,EUR,IDEALPRO-001,MARGIN,,[],False,{}
99999.45,0.00,99999.45,USD,IDEALPRO-001,MARGIN,,[],False,{}
100000.00,0.00,100000.00,EUR,IDEALPRO-001,MARGIN,,[],False,{}
99999.45,0.00,99999.45,USD,IDEALPRO-001,MARGIN,,[],False,{}
100000.00,0.00,100000.00,EUR,IDEALPRO-001,MARGIN,,[],False,{}
99999.45,0.00,99999.45,USD,IDEALPRO-001,MARGIN,,[],False,{}
100000.00,0.00,100000.00,EUR,IDEALPRO-001,MARGIN,,[],False,{}
99999.45,0.00,99999.45,USD,IDEALPRO-001,MARGIN,,[],False,{}
100000.00,0.00,100000.00,EUR,IDEALPRO-001,MARGIN,,[],False,{}
99999.45,2.34,99997.11,USD,IDEALPRO-001,MARGIN,,"[{'type': 'MarginBalance', 'initial': '0.00', 'maintenance': '2.34', 'currency': 'USD', 'instrument_id': 'EUR/USD.IDEALPRO'}]",False,{}
100000.00,0.00,100000.00,EUR,IDEALPRO-001,MARGIN,,"[{'type': 'MarginBalance', 'initial': '0.00', 'maintenance': '2.34', 'currency': 'USD', 'instrument_id': 'EUR/USD.IDEALPRO'}]",False,{}
99999.45,2.34,99997.11,USD,IDEALPRO-001,MARGIN,,"[{'type': 'MarginBalance', 'initial': '0.00', 'maintenance': '2.34', 'currency': 'USD', 'instrument_id': 'EUR/USD.IDEALPRO'}]",False,{}
100000.00,0.00,100000.00,EUR,IDEALPRO-001,MARGIN,,"[{'type': 'MarginBalance', 'initial': '0.00', 'maintenance': '2.34', 'currency': 'USD', 'instrument_id': 'EUR/USD.IDEALPRO'}]",False,{}
99999.45,2.34,99997.11,USD,IDEALPRO-001,MARGIN,,"[{'type': 'MarginBalance', 'initial': '0.00', 'maintenance': '2.34', 'currency': 'USD', 'instrument_id': 'EUR/USD.IDEALPRO'}]",False,{}
100000.00,0.00,100000.00,EUR,IDEALPRO-001,MARGIN,,"[{'type': 'MarginBalance', 'initial': '0.00', 'maintenance': '2.34', 'currency': 'USD', 'instrument_id': 'EUR/USD.IDEALPRO'}]",False,{}
99999.45,2.34,99997.11,USD,IDEALPRO-001,MARGIN,,"[{'type': 'MarginBalance', 'initial': '0.00', 'maintenance': '2.34', 'currency': 'USD', 'instrument_id': 'EUR/USD.IDEALPRO'}]",False,{}
100000.00,0.00,100000.00,EUR,IDEALPRO-001,MARGIN,,"[{'type': 'MarginBalance', 'initial': '0.00', 'maintenance': '2.34', 'currency': 'USD', 'instrument_id': 'EUR/USD.IDEALPRO'}]",False,{}
99999.45,0.00,99999.45,USD,IDEALPRO-001,MARGIN,,[],False,{}
100000.00,0.00,100000.00,EUR,IDEALPRO-001,MARGIN,,[],False,{}
99999.45,0.00,99999.45,USD,IDEALPRO-001,MARGIN,,[],False,{}
100000.00,0.00,100000.00,EUR,IDEALPRO-001,MARGIN,,[],False,{}
99999.45,0.00,99999.45,USD,IDEALPRO-001,MARGIN,,[],False,{}
100000.00,0.00,100000.00,EUR,IDEALPRO-001,MARGIN,,[],False,{}
99999.45,0.00,99999.45,USD,IDEALPRO-001,MARGIN,,[],False,{}
100000.00,0.00,100000.00,EUR,IDEALPRO-001,MARGIN,,[],False,{}
99999.45,0.00,99999.45,USD,IDEALPRO-001,MARGIN,,[],False,{}
100000.00,0.00,100000.00,EUR,IDEALPRO-001,MARGIN,,[],False,{}
99999.45,0.00,99999.45,USD,IDEALPRO-001,MARGIN,,[],False,{}
100000.00,0.00,100000.00,EUR,IDEALPRO-001,MARGIN,,[],False,{}
99999.45,2.33,99997.12,USD,IDEALPRO-001,MARGIN,,"[{'type': 'MarginBalance', 'initial': '0.00', 'maintenance': '2.33', 'currency': 'USD', 'instrument_id': 'EUR/USD.IDEALPRO'}]",False,{}
100000.00,0.00,100000.00,EUR,IDEALPRO-001,MARGIN,,"[{'type': 'MarginBalance', 'initial': '0.00', 'maintenance': '2.33', 'currency': 'USD', 'instrument_id': 'EUR/USD.IDEALPRO'}]",False,{}
99999.45,2.33,99997.12,USD,IDEALPRO-001,MARGIN,,"[{'type': 'MarginBalance', 'initial': '0.00', 'maintenance': '2.33', 'currency': 'USD', 'instrument_id': 'EUR/USD.IDEALPRO'}]",False,{}
100000.00,0.00,100000.00,EUR,IDEALPRO-001,MARGIN,,"[{'type': 'MarginBalance', 'initial': '0.00', 'maintenance': '2.33', 'currency': 'USD', 'instrument_id': 'EUR/USD.IDEALPRO'}]",False,{}
99999.45,2.33,99997.12,USD,IDEALPRO-001,MARGIN,,"[{'type': 'MarginBalance', 'initial': '0.00', 'maintenance': '2.33', 'currency': 'USD', 'instrument_id': 'EUR/USD.IDEALPRO'}]",False,{}
100000.00,0.00,100000.00,EUR,IDEALPRO-001,MARGIN,,"[{'type': 'MarginBalance', 'initial': '0.00', 'maintenance': '2.33', 'currency': 'USD', 'instrument_id': 'EUR/USD.IDEALPRO'}]",False,{}
99999.45,2.33,99997.12,USD,IDEALPRO-001,MARGIN,,"[{'type': 'MarginBalance', 'initial': '0.00', 'maintenance': '2.33', 'currency': 'USD', 'instrument_id': 'EUR/USD.IDEALPRO'}]",False,{}
100000.00,0.00,100000.00,EUR,IDEALPRO-001,MARGIN,,"[{'type': 'MarginBalance', 'initial': '0.00', 'maintenance': '2.33', 'currency': 'USD', 'instrument_id': 'EUR/USD.IDEALPRO'}]",False,{}
99999.48,0.00,99999.48,USD,IDEALPRO-001,MARGIN,,[],False,{}
100000.00,0.00,100000.00,EUR,IDEALPRO-001,MARGIN,,[],False,{}
99999.48,0.00,99999.48,USD,IDEALPRO-001,MARGIN,,[],False,{}
100000.00,0.00,100000.00,EUR,IDEALPRO-001,MARGIN,,[],False,{}
99999.48,0.00,99999.48,USD,IDEALPRO-001,MARGIN,,[],False,{}
100000.00,0.00,100000.00,EUR,IDEALPRO-001,MARGIN,,[],False,{}
99999.48,0.00,99999.48,USD,IDEALPRO-001,MARGIN,,[],False,{}
100000.00,0.00,100000.00,EUR,IDEALPRO-001,MARGIN,,[],False,{}
99999.48,0.00,99999.48,USD,IDEALPRO-001,MARGIN,,[],False,{}
100000.00,0.00,100000.00,EUR,IDEALPRO-001,MARGIN,,[],False,{}
99999.48,0.00,99999.48,USD,IDEALPRO-001,MARGIN,,[],False,{}
100000.00,0.00,100000.00,EUR,IDEALPRO-001,MARGIN,,[],False,{}
99999.48,2.33,99997.15,USD,IDEALPRO-001,MARGIN,,"[{'type': 'MarginBalance', 'initial': '0.00', 'maintenance': '2.33', 'currency': 'USD', 'instrument_id': 'EUR/USD.IDEALPRO'}]",False,{}
100000.00,0.00,100000.00,EUR,IDEALPRO-001,MARGIN,,"[{'type': 'MarginBalance', 'initial': '0.00', 'maintenance': '2.33', 'currency': 'USD', 'instrument_id': 'EUR/USD.IDEALPRO'}]",False,{}
99999.48,2.33,99997.15,USD,IDEALPRO-001,MARGIN,,"[{'type': 'MarginBalance', 'initial': '0.00', 'maintenance': '2.33', 'currency': 'USD', 'instrument_id': 'EUR/USD.IDEALPRO'}]",False,{}
100000.00,0.00,100000.00,EUR,IDEALPRO-001,MARGIN,,"[{'type': 'MarginBalance', 'initial': '0.00', 'maintenance': '2.33', 'currency': 'USD', 'instrument_id': 'EUR/USD.IDEALPRO'}]",False,{}
99999.48,2.33,99997.15,USD,IDEALPRO-001,MARGIN,,"[{'type': 'MarginBalance', 'initial': '0.00', 'maintenance': '2.33', 'currency': 'USD', 'instrument_id': 'EUR/USD.IDEALPRO'}]",False,{}
100000.00,0.00,100000.00,EUR,IDEALPRO-001,MARGIN,,"[{'type': 'MarginBalance', 'initial': '0.00', 'maintenance': '2.33', 'currency': 'USD', 'instrument_id': 'EUR/USD.IDEALPRO'}]",False,{}
99999.48,2.33,99997.15,USD,IDEALPRO-001,MARGIN,,"[{'type': 'MarginBalance', 'initial': '0.00', 'maintenance': '2.33', 'currency': 'USD', 'instrument_id': 'EUR/USD.IDEALPRO'}]",False,{}
100000.00,0.00,100000.00,EUR,IDEALPRO-001,MARGIN,,"[{'type': 'MarginBalance', 'initial': '0.00', 'maintenance': '2.33', 'currency': 'USD', 'instrument_id': 'EUR/USD.IDEALPRO'}]",False,{}
99999.56,0.00,99999.56,USD,IDEALPRO-001,MARGIN,,[],False,{}
100000.00,0.00,100000.00,EUR,IDEALPRO-001,MARGIN,,[],False,{}
99999.56,0.00,99999.56,USD,IDEALPRO-001,MARGIN,,[],False,{}
100000.00,0.00,100000.00,EUR,IDEALPRO-001,MARGIN,,[],False,{}
99999.56,0.00,99999.56,USD,IDEALPRO-001,MARGIN,,[],False,{}
100000.00,0.00,100000.00,EUR,IDEALPRO-001,MARGIN,,[],False,{}
99999.56,0.00,99999.56,USD,IDEALPRO-001,MARGIN,,[],False,{}
100000.00,0.00,100000.00,EUR,IDEALPRO-001,MARGIN,,[],False,{}
99999.56,0.00,99999.56,USD,IDEALPRO-001,MARGIN,,[],False,{}
100000.00,0.00,100000.00,EUR,IDEALPRO-001,MARGIN,,[],False,{}
99999.56,0.00,99999.56,USD,IDEALPRO-001,MARGIN,,[],False,{}
100000.00,0.00,100000.00,EUR,IDEALPRO-001,MARGIN,,[],False,{}
99999.56,2.33,99997.23,USD,IDEALPRO-001,MARGIN,,"[{'type': 'MarginBalance', 'initial': '0.00', 'maintenance': '2.33', 'currency': 'USD', 'instrument_id': 'EUR/USD.IDEALPRO'}]",False,{}
100000.00,0.00,100000.00,EUR,IDEALPRO-001,MARGIN,,"[{'type': 'MarginBalance', 'initial': '0.00', 'maintenance': '2.33', 'currency': 'USD', 'instrument_id': 'EUR/USD.IDEALPRO'}]",False,{}
99999.56,2.33,99997.23,USD,IDEALPRO-001,MARGIN,,"[{'type': 'MarginBalance', 'initial': '0.00', 'maintenance': '2.33', 'currency': 'USD', 'instrument_id': 'EUR/USD.IDEALPRO'}]",False,{}
100000.00,0.00,100000.00,EUR,IDEALPRO-001,MARGIN,,"[{'type': 'MarginBalance', 'initial': '0.00', 'maintenance': '2.33', 'currency': 'USD', 'instrument_id': 'EUR/USD.IDEALPRO'}]",False,{}
99999.56,2.33,99997.23,USD,IDEALPRO-001,MARGIN,,"[{'type': 'MarginBalance', 'initial': '0.00', 'maintenance': '2.33', 'currency': 'USD', 'instrument_id': 'EUR/USD.IDEALPRO'}]",False,{}
100000.00,0.00,100000.00,EUR,IDEALPRO-001,MARGIN,,"[{'type': 'MarginBalance', 'initial': '0.00', 'maintenance': '2.33', 'currency': 'USD', 'instrument_id': 'EUR/USD.IDEALPRO'}]",False,{}
99999.56,2.33,99997.23,USD,IDEALPRO-001,MARGIN,,"[{'type': 'MarginBalance', 'initial': '0.00', 'maintenance': '2.33', 'currency': 'USD', 'instrument_id': 'EUR/USD.IDEALPRO'}]",False,{}
100000.00,0.00,100000.00,EUR,IDEALPRO-001,MARGIN,,"[{'type': 'MarginBalance', 'initial': '0.00', 'maintenance': '2.33', 'currency': 'USD', 'instrument_id': 'EUR/USD.IDEALPRO'}]",False,{}
99999.56,0.00,99999.56,USD,IDEALPRO-001,MARGIN,,[],False,{}
100000.00,0.00,100000.00,EUR,IDEALPRO-001,MARGIN,,[],False,{}
99999.56,0.00,99999.56,USD,IDEALPRO-001,MARGIN,,[],False,{}
100000.00,0.00,100000.00,EUR,IDEALPRO-001,MARGIN,,[],False,{}
99999.56,0.00,99999.56,USD,IDEALPRO-001,MARGIN,,[],False,{}
100000.00,0.00,100000.00,EUR,IDEALPRO-001,MARGIN,,[],False,{}
99999.56,0.00,99999.56,USD,IDEALPRO-001,MARGIN,,[],False,{}
100000.00,0.00,100000.00,EUR,IDEALPRO-001,MARGIN,,[],False,{}
99999.56,0.00,99999.56,USD,IDEALPRO-001,MARGIN,,[],False,{}
100000.00,0.00,100000.00,EUR,IDEALPRO-001,MARGIN,,[],False,{}
99999.56,0.00,99999.56,USD,IDEALPRO-001,MARGIN,,[],False,{}
100000.00,0.00,100000.00,EUR,IDEALPRO-001,MARGIN,,[],False,{}
99999.56,2.33,99997.23,USD,IDEALPRO-001,MARGIN,,"[{'type': 'MarginBalance', 'initial': '0.00', 'maintenance': '2.33', 'currency': 'USD', 'instrument_id': 'EUR/USD.IDEALPRO'}]",False,{}
100000.00,0.00,100000.00,EUR,IDEALPRO-001,MARGIN,,"[{'type': 'MarginBalance', 'initial': '0.00', 'maintenance': '2.33', 'currency': 'USD', 'instrument_id': 'EUR/USD.IDEALPRO'}]",False,{}
99999.56,2.33,99997.23,USD,IDEALPRO-001,MARGIN,,"[{'type': 'MarginBalance', 'initial': '0.00', 'maintenance': '2.33', 'currency': 'USD', 'instrument_id': 'EUR/USD.IDEALPRO'}]",False,{}
100000.00,0.00,100000.00,EUR,IDEALPRO-001,MARGIN,,"[{'type': 'MarginBalance', 'initial': '0.00', 'maintenance': '2.33', 'currency': 'USD', 'instrument_id': 'EUR/USD.IDEALPRO'}]",False,{}
99999.56,2.33,99997.23,USD,IDEALPRO-001,MARGIN,,"[{'type': 'MarginBalance', 'initial': '0.00', 'maintenance': '2.33', 'currency': 'USD', 'instrument_id': 'EUR/USD.IDEALPRO'}]",False,{}
100000.00,0.00,100000.00,EUR,IDEALPRO-001,MARGIN,,"[{'type': 'MarginBalance', 'initial': '0.00', 'maintenance': '2.33', 'currency': 'USD', 'instrument_id': 'EUR/USD.IDEALPRO'}]",False,{}
99999.56,2.33,99997.23,USD,IDEALPRO-001,MARGIN,,"[{'type': 'MarginBalance', 'initial': '0.00', 'maintenance': '2.33', 'currency': 'USD', 'instrument_id': 'EUR/USD.IDEALPRO'}]",False,{}
100000.00,0.00,100000.00,EUR,IDEALPRO-001,MARGIN,,"[{'type': 'MarginBalance', 'initial': '0.00', 'maintenance': '2.33', 'currency': 'USD', 'instrument_id': 'EUR/USD.IDEALPRO'}]",False,{}
99999.66,0.00,99999.66,USD,IDEALPRO-001,MARGIN,,[],False,{}
100000.00,0.00,100000.00,EUR,IDEALPRO-001,MARGIN,,[],False,{}
99999.66,0.00,99999.66,USD,IDEALPRO-001,MARGIN,,[],False,{}
100000.00,0.00,100000.00,EUR,IDEALPRO-001,MARGIN,,[],False,{}
99999.66,0.00,99999.66,USD,IDEALPRO-001,MARGIN,,[],False,{}
100000.00,0.00,100000.00,EUR,IDEALPRO-001,MARGIN,,[],False,{}
99999.66,0.00,99999.66,USD,IDEALPRO-001,MARGIN,,[],False,{}
100000.00,0.00,100000.00,EUR,IDEALPRO-001,MARGIN,,[],False,{}
99999.66,0.00,99999.66,USD,IDEALPRO-001,MARGIN,,[],False,{}
100000.00,0.00,100000.00,EUR,IDEALPRO-001,MARGIN,,[],False,{}
99999.66,0.00,99999.66,USD,IDEALPRO-001,MARGIN,,[],False,{}
100000.00,0.00,100000.00,EUR,IDEALPRO-001,MARGIN,,[],False,{}
99999.66,2.33,99997.33,USD,IDEALPRO-001,MARGIN,,"[{'type': 'MarginBalance', 'initial': '0.00', 'maintenance': '2.33', 'currency': 'USD', 'instrument_id': 'EUR/USD.IDEALPRO'}]",False,{}
100000.00,0.00,100000.00,EUR,IDEALPRO-001,MARGIN,,"[{'type': 'MarginBalance', 'initial': '0.00', 'maintenance': '2.33', 'currency': 'USD', 'instrument_id': 'EUR/USD.IDEALPRO'}]",False,{}
99999.66,2.33,99997.33,USD,IDEALPRO-001,MARGIN,,"[{'type': 'MarginBalance', 'initial': '0.00', 'maintenance': '2.33', 'currency': 'USD', 'instrument_id': 'EUR/USD.IDEALPRO'}]",False,{}
100000.00,0.00,100000.00,EUR,IDEALPRO-001,MARGIN,,"[{'type': 'MarginBalance', 'initial': '0.00', 'maintenance': '2.33', 'currency': 'USD', 'instrument_id': 'EUR/USD.IDEALPRO'}]",False,{}
99999.66,2.33,99997.33,USD,IDEALPRO-001,MARGIN,,"[{'type': 'MarginBalance', 'initial': '0.00', 'maintenance': '2.33', 'currency': 'USD', 'instrument_id': 'EUR/USD.IDEALPRO'}]",False,{}
100000.00,0.00,100000.00,EUR,IDEALPRO-001,MARGIN,,"[{'type': 'MarginBalance', 'initial': '0.00', 'maintenance': '2.33', 'currency': 'USD', 'instrument_id': 'EUR/USD.IDEALPRO'}]",False,{}
99999.66,2.33,99997.33,USD,IDEALPRO-001,MARGIN,,"[{'type': 'MarginBalance', 'initial': '0.00', 'maintenance': '2.33', 'currency': 'USD', 'instrument_id': 'EUR/USD.IDEALPRO'}]",False,{}
100000.00,0.00,100000.00,EUR,IDEALPRO-001,MARGIN,,"[{'type': 'MarginBalance', 'initial': '0.00', 'maintenance': '2.33', 'currency': 'USD', 'instrument_id': 'EUR/USD.IDEALPRO'}]",False,{}
99999.62,0.00,99999.62,USD,IDEALPRO-001,MARGIN,,[],False,{}
100000.00,0.00,100000.00,EUR,IDEALPRO-001,MARGIN,,[],False,{}
99999.62,0.00,99999.62,USD,IDEALPRO-001,MARGIN,,[],False,{}
100000.00,0.00,100000.00,EUR,IDEALPRO-001,MARGIN,,[],False,{}
99999.62,0.00,99999.62,USD,IDEALPRO-001,MARGIN,,[],False,{}
100000.00,0.00,100000.00,EUR,IDEALPRO-001,MARGIN,,[],False,{}
99999.62,0.00,99999.62,USD,IDEALPRO-001,MARGIN,,[],False,{}
100000.00,0.00,100000.00,EUR,IDEALPRO-001,MARGIN,,[],False,{}
99999.62,0.00,99999.62,USD,IDEALPRO-001,MARGIN,,[],False,{}
100000.00,0.00,100000.00,EUR,IDEALPRO-001,MARGIN,,[],False,{}
99999.62,0.00,99999.62,USD,IDEALPRO-001,MARGIN,,[],False,{}
100000.00,0.00,100000.00,EUR,IDEALPRO-001,MARGIN,,[],False,{}
99999.62,2.33,99997.29,USD,IDEALPRO-001,MARGIN,,"[{'type': 'MarginBalance', 'initial': '0.00', 'maintenance': '2.33', 'currency': 'USD', 'instrument_id': 'EUR/USD.IDEALPRO'}]",False,{}
100000.00,0.00,100000.00,EUR,IDEALPRO-001,MARGIN,,"[{'type': 'MarginBalance', 'initial': '0.00', 'maintenance': '2.33', 'currency': 'USD', 'instrument_id': 'EUR/USD.IDEALPRO'}]",False,{}
99999.62,2.33,99997.29,USD,IDEALPRO-001,MARGIN,,"[{'type': 'MarginBalance', 'initial': '0.00', 'maintenance': '2.33', 'currency': 'USD', 'instrument_id': 'EUR/USD.IDEALPRO'}]",False,{}
100000.00,0.00,100000.00,EUR,IDEALPRO-001,MARGIN,,"[{'type': 'MarginBalance', 'initial': '0.00', 'maintenance': '2.33', 'currency': 'USD', 'instrument_id': 'EUR/USD.IDEALPRO'}]",False,{}
99999.62,2.33,99997.29,USD,IDEALPRO-001,MARGIN,,"[{'type': 'MarginBalance', 'initial': '0.00', 'maintenance': '2.33', 'currency': 'USD', 'instrument_id': 'EUR/USD.IDEALPRO'}]",False,{}
100000.00,0.00,100000.00,EUR,IDEALPRO-001,MARGIN,,"[{'type': 'MarginBalance', 'initial': '0.00', 'maintenance': '2.33', 'currency': 'USD', 'instrument_id': 'EUR/USD.IDEALPRO'}]",False,{}
99999.62,2.33,99997.29,USD,IDEALPRO-001,MARGIN,,"[{'type': 'MarginBalance', 'initial': '0.00', 'maintenance': '2.33', 'currency': 'USD', 'instrument_id': 'EUR/USD.IDEALPRO'}]",False,{}
100000.00,0.00,100000.00,EUR,IDEALPRO-001,MARGIN,,"[{'type': 'MarginBalance', 'initial': '0.00', 'maintenance': '2.33', 'currency': 'USD', 'instrument_id': 'EUR/USD.IDEALPRO'}]",False,{}
99999.60,0.00,99999.60,USD,IDEALPRO-001,MARGIN,,[],False,{}
100000.00,0.00,100000.00,EUR,IDEALPRO-001,MARGIN,,[],False,{}
99999.60,0.00,99999.60,USD,IDEALPRO-001,MARGIN,,[],False,{}
100000.00,0.00,100000.00,EUR,IDEALPRO-001,MARGIN,,[],False,{}
99999.60,0.00,99999.60,USD,IDEALPRO-001,MARGIN,,[],False,{}
100000.00,0.00,100000.00,EUR,IDEALPRO-001,MARGIN,,[],False,{}
99999.60,0.00,99999.60,USD,IDEALPRO-001,MARGIN,,[],False,{}
100000.00,0.00,100000.00,EUR,IDEALPRO-001,MARGIN,,[],False,{}
99999.60,0.00,99999.60,USD,IDEALPRO-001,MARGIN,,[],False,{}
100000.00,0.00,100000.00,EUR,IDEALPRO-001,MARGIN,,[],False,{}
99999.60,0.00,99999.60,USD,IDEALPRO-001,MARGIN,,[],False,{}
100000.00,0.00,100000.00,EUR,IDEALPRO-001,MARGIN,,[],False,{}
99999.60,2.33,99997.27,USD,IDEALPRO-001,MARGIN,,"[{'type': 'MarginBalance', 'initial': '0.00', 'maintenance': '2.33', 'currency': 'USD', 'instrument_id': 'EUR/USD.IDEALPRO'}]",False,{}
100000.00,0.00,100000.00,EUR,IDEALPRO-001,MARGIN,,"[{'type': 'MarginBalance', 'initial': '0.00', 'maintenance': '2.33', 'currency': 'USD', 'instrument_id': 'EUR/USD.IDEALPRO'}]",False,{}
99999.60,2.33,99997.27,USD,IDEALPRO-001,MARGIN,,"[{'type': 'MarginBalance', 'initial': '0.00', 'maintenance': '2.33', 'currency': 'USD', 'instrument_id': 'EUR/USD.IDEALPRO'}]",False,{}
100000.00,0.00,100000.00,EUR,IDEALPRO-001,MARGIN,,"[{'type': 'MarginBalance', 'initial': '0.00', 'maintenance': '2.33', 'currency': 'USD', 'instrument_id': 'EUR/USD.IDEALPRO'}]",False,{}
99999.60,2.33,99997.27,USD,IDEALPRO-001,MARGIN,,"[{'type': 'MarginBalance', 'initial': '0.00', 'maintenance': '2.33', 'currency': 'USD', 'instrument_id': 'EUR/USD.IDEALPRO'}]",False,{}
100000.00,0.00,100000.00,EUR,IDEALPRO-001,MARGIN,,"[{'type': 'MarginBalance', 'initial': '0.00', 'maintenance': '2.33', 'currency': 'USD', 'instrument_id': 'EUR/USD.IDEALPRO'}]",False,{}
99999.60,2.33,99997.27,USD,IDEALPRO-001,MARGIN,,"[{'type': 'MarginBalance', 'initial': '0.00', 'maintenance': '2.33', 'currency': 'USD', 'instrument_id': 'EUR/USD.IDEALPRO'}]",False,{}
100000.00,0.00,100000.00,EUR,IDEALPRO-001,MARGIN,,"[{'type': 'MarginBalance', 'initial': '0.00', 'maintenance': '2.33', 'currency': 'USD', 'instrument_id': 'EUR/USD.IDEALPRO'}]",False,{}
99999.57,0.00,99999.57,USD,IDEALPRO-001,MARGIN,,[],False,{}
100000.00,0.00,100000.00,EUR,IDEALPRO-001,MARGIN,,[],False,{}
99999.57,0.00,99999.57,USD,IDEALPRO-001,MARGIN,,[],False,{}
100000.00,0.00,100000.00,EUR,IDEALPRO-001,MARGIN,,[],False,{}
99999.57,0.00,99999.57,USD,IDEALPRO-001,MARGIN,,[],False,{}
100000.00,0.00,100000.00,EUR,IDEALPRO-001,MARGIN,,[],False,{}
99999.57,0.00,99999.57,USD,IDEALPRO-001,MARGIN,,[],False,{}
100000.00,0.00,100000.00,EUR,IDEALPRO-001,MARGIN,,[],False,{}
99999.57,0.00,99999.57,USD,IDEALPRO-001,MARGIN,,[],False,{}
100000.00,0.00,100000.00,EUR,IDEALPRO-001,MARGIN,,[],False,{}
99999.57,0.00,99999.57,USD,IDEALPRO-001,MARGIN,,[],False,{}
100000.00,0.00,100000.00,EUR,IDEALPRO-001,MARGIN,,[],False,{}
99999.57,2.33,99997.24,USD,IDEALPRO-001,MARGIN,,"[{'type': 'MarginBalance', 'initial': '0.00', 'maintenance': '2.33', 'currency': 'USD', 'instrument_id': 'EUR/USD.IDEALPRO'}]",False,{}
100000.00,0.00,100000.00,EUR,IDEALPRO-001,MARGIN,,"[{'type': 'MarginBalance', 'initial': '0.00', 'maintenance': '2.33', 'currency': 'USD', 'instrument_id': 'EUR/USD.IDEALPRO'}]",False,{}
99999.57,2.33,99997.24,USD,IDEALPRO-001,MARGIN,,"[{'type': 'MarginBalance', 'initial': '0.00', 'maintenance': '2.33', 'currency': 'USD', 'instrument_id': 'EUR/USD.IDEALPRO'}]",False,{}
100000.00,0.00,100000.00,EUR,IDEALPRO-001,MARGIN,,"[{'type': 'MarginBalance', 'initial': '0.00', 'maintenance': '2.33', 'currency': 'USD', 'instrument_id': 'EUR/USD.IDEALPRO'}]",False,{}
99999.57,2.33,99997.24,USD,IDEALPRO-001,MARGIN,,"[{'type': 'MarginBalance', 'initial': '0.00', 'maintenance': '2.33', 'currency': 'USD', 'instrument_id': 'EUR/USD.IDEALPRO'}]",False,{}
100000.00,0.00,100000.00,EUR,IDEALPRO-001,MARGIN,,"[{'type': 'MarginBalance', 'initial': '0.00', 'maintenance': '2.33', 'currency': 'USD', 'instrument_id': 'EUR/USD.IDEALPRO'}]",False,{}
99999.57,2.33,99997.24,USD,IDEALPRO-001,MARGIN,,"[{'type': 'MarginBalance', 'initial': '0.00', 'maintenance': '2.33', 'currency': 'USD', 'instrument_id': 'EUR/USD.IDEALPRO'}]",False,{}
100000.00,0.00,100000.00,EUR,IDEALPRO-001,MARGIN,,"[{'type': 'MarginBalance', 'initial': '0.00', 'maintenance': '2.33', 'currency': 'USD', 'instrument_id': 'EUR/USD.IDEALPRO'}]",False,{}
99999.66,0.00,99999.66,USD,IDEALPRO-001,MARGIN,,[],False,{}
100000.00,0.00,100000.00,EUR,IDEALPRO-001,MARGIN,,[],False,{}
99999.66,0.00,99999.66,USD,IDEALPRO-001,MARGIN,,[],False,{}
100000.00,0.00,100000.00,EUR,IDEALPRO-001,MARGIN,,[],False,{}
99999.66,0.00,99999.66,USD,IDEALPRO-001,MARGIN,,[],False,{}
100000.00,0.00,100000.00,EUR,IDEALPRO-001,MARGIN,,[],False,{}
99999.66,0.00,99999.66,USD,IDEALPRO-001,MARGIN,,[],False,{}
100000.00,0.00,100000.00,EUR,IDEALPRO-001,MARGIN,,[],False,{}
99999.66,0.00,99999.66,USD,IDEALPRO-001,MARGIN,,[],False,{}
100000.00,0.00,100000.00,EUR,IDEALPRO-001,MARGIN,,[],False,{}
99999.66,0.00,99999.66,USD,IDEALPRO-001,MARGIN,,[],False,{}
100000.00,0.00,100000.00,EUR,IDEALPRO-001,MARGIN,,[],False,{}
99999.66,2.33,99997.33,USD,IDEALPRO-001,MARGIN,,"[{'type': 'MarginBalance', 'initial': '0.00', 'maintenance': '2.33', 'currency': 'USD', 'instrument_id': 'EUR/USD.IDEALPRO'}]",False,{}
100000.00,0.00,100000.00,EUR,IDEALPRO-001,MARGIN,,"[{'type': 'MarginBalance', 'initial': '0.00', 'maintenance': '2.33', 'currency': 'USD', 'instrument_id': 'EUR/USD.IDEALPRO'}]",False,{}
99999.66,2.33,99997.33,USD,IDEALPRO-001,MARGIN,,"[{'type': 'MarginBalance', 'initial': '0.00', 'maintenance': '2.33', 'currency': 'USD', 'instrument_id': 'EUR/USD.IDEALPRO'}]",False,{}
100000.00,0.00,100000.00,EUR,IDEALPRO-001,MARGIN,,"[{'type': 'MarginBalance', 'initial': '0.00', 'maintenance': '2.33', 'currency': 'USD', 'instrument_id': 'EUR/USD.IDEALPRO'}]",False,{}
99999.66,2.33,99997.33,USD,IDEALPRO-001,MARGIN,,"[{'type': 'MarginBalance', 'initial': '0.00', 'maintenance': '2.33', 'currency': 'USD', 'instrument_id': 'EUR/USD.IDEALPRO'}]",False,{}
100000.00,0.00,100000.00,EUR,IDEALPRO-001,MARGIN,,"[{'type': 'MarginBalance', 'initial': '0.00', 'maintenance': '2.33', 'currency': 'USD', 'instrument_id': 'EUR/USD.IDEALPRO'}]",False,{}
99999.66,2.33,99997.33,USD,IDEALPRO-001,MARGIN,,"[{'type': 'MarginBalance', 'initial': '0.00', 'maintenance': '2.33', 'currency': 'USD', 'instrument_id': 'EUR/USD.IDEALPRO'}]",False,{}
100000.00,0.00,100000.00,EUR,IDEALPRO-001,MARGIN,,"[{'type': 'MarginBalance', 'initial': '0.00', 'maintenance': '2.33', 'currency': 'USD', 'instrument_id': 'EUR/USD.IDEALPRO'}]",False,{}
99999.74,0.00,99999.74,USD,IDEALPRO-001,MARGIN,,[],False,{}
100000.00,0.00,100000.00,EUR,IDEALPRO-001,MARGIN,,[],False,{}
99999.74,0.00,99999.74,USD,IDEALPRO-001,MARGIN,,[],False,{}
100000.00,0.00,100000.00,EUR,IDEALPRO-001,MARGIN,,[],False,{}
99999.74,0.00,99999.74,USD,IDEALPRO-001,MARGIN,,[],False,{}
100000.00,0.00,100000.00,EUR,IDEALPRO-001,MARGIN,,[],False,{}
99999.74,0.00,99999.74,USD,IDEALPRO-001,MARGIN,,[],False,{}
100000.00,0.00,100000.00,EUR,IDEALPRO-001,MARGIN,,[],False,{}
99999.74,0.00,99999.74,USD,IDEALPRO-001,MARGIN,,[],False,{}
100000.00,0.00,100000.00,EUR,IDEALPRO-001,MARGIN,,[],False,{}
99999.74,0.00,99999.74,USD,IDEALPRO-001,MARGIN,,[],False,{}
100000.00,0.00,100000.00,EUR,IDEALPRO-001,MARGIN,,[],False,{}
99999.74,2.32,99997.42,USD,IDEALPRO-001,MARGIN,,"[{'type': 'MarginBalance', 'initial': '0.00', 'maintenance': '2.32', 'currency': 'USD', 'instrument_id': 'EUR/USD.IDEALPRO'}]",False,{}
100000.00,0.00,100000.00,EUR,IDEALPRO-001,MARGIN,,"[{'type': 'MarginBalance', 'initial': '0.00', 'maintenance': '2.32', 'currency': 'USD', 'instrument_id': 'EUR/USD.IDEALPRO'}]",False,{}
99999.74,2.32,99997.42,USD,IDEALPRO-001,MARGIN,,"[{'type': 'MarginBalance', 'initial': '0.00', 'maintenance': '2.32', 'currency': 'USD', 'instrument_id': 'EUR/USD.IDEALPRO'}]",False,{}
100000.00,0.00,100000.00,EUR,IDEALPRO-001,MARGIN,,"[{'type': 'MarginBalance', 'initial': '0.00', 'maintenance': '2.32', 'currency': 'USD', 'instrument_id': 'EUR/USD.IDEALPRO'}]",False,{}
99999.74,2.32,99997.42,USD,IDEALPRO-001,MARGIN,,"[{'type': 'MarginBalance', 'initial': '0.00', 'maintenance': '2.32', 'currency': 'USD', 'instrument_id': 'EUR/USD.IDEALPRO'}]",False,{}
100000.00,0.00,100000.00,EUR,IDEALPRO-001,MARGIN,,"[{'type': 'MarginBalance', 'initial': '0.00', 'maintenance': '2.32', 'currency': 'USD', 'instrument_id': 'EUR/USD.IDEALPRO'}]",False,{}
99999.68,0.00,99999.68,USD,IDEALPRO-001,MARGIN,,[],False,{}
100000.00,0.00,100000.00,EUR,IDEALPRO-001,MARGIN,,[],False,{}
99999.68,0.00,99999.68,USD,IDEALPRO-001,MARGIN,,[],False,{}
100000.00,0.00,100000.00,EUR,IDEALPRO-001,MARGIN,,[],False,{}
99999.68,0.00,99999.68,USD,IDEALPRO-001,MARGIN,,[],False,{}
100000.00,0.00,100000.00,EUR,IDEALPRO-001,MARGIN,,[],False,{}
99999.68,0.00,99999.68,USD,IDEALPRO-001,MARGIN,,[],False,{}
100000.00,0.00,100000.00,EUR,IDEALPRO-001,MARGIN,,[],False,{}
99999.68,0.00,99999.68,USD,IDEALPRO-001,MARGIN,,[],False,{}
100000.00,0.00,100000.00,EUR,IDEALPRO-001,MARGIN,,[],False,{}
99999.68,2.33,99997.35,USD,IDEALPRO-001,MARGIN,,"[{'type': 'MarginBalance', 'initial': '0.00', 'maintenance': '2.33', 'currency': 'USD', 'instrument_id': 'EUR/USD.IDEALPRO'}]",False,{}
100000.00,0.00,100000.00,EUR,IDEALPRO-001,MARGIN,,"[{'type': 'MarginBalance', 'initial': '0.00', 'maintenance': '2.33', 'currency': 'USD', 'instrument_id': 'EUR/USD.IDEALPRO'}]",False,{}
99999.68,2.33,99997.35,USD,IDEALPRO-001,MARGIN,,"[{'type': 'MarginBalance', 'initial': '0.00', 'maintenance': '2.33', 'currency': 'USD', 'instrument_id': 'EUR/USD.IDEALPRO'}]",False,{}
100000.00,0.00,100000.00,EUR,IDEALPRO-001,MARGIN,,"[{'type': 'MarginBalance', 'initial': '0.00', 'maintenance': '2.33', 'currency': 'USD', 'instrument_id': 'EUR/USD.IDEALPRO'}]",False,{}
99999.68,2.33,99997.35,USD,IDEALPRO-001,MARGIN,,"[{'type': 'MarginBalance', 'initial': '0.00', 'maintenance': '2.33', 'currency': 'USD', 'instrument_id': 'EUR/USD.IDEALPRO'}]",False,{}
100000.00,0.00,100000.00,EUR,IDEALPRO-001,MARGIN,,"[{'type': 'MarginBalance', 'initial': '0.00', 'maintenance': '2.33', 'currency': 'USD', 'instrument_id': 'EUR/USD.IDEALPRO'}]",False,{}
99999.68,2.33,99997.35,USD,IDEALPRO-001,MARGIN,,"[{'type': 'MarginBalance', 'initial': '0.00', 'maintenance': '2.33', 'currency': 'USD', 'instrument_id': 'EUR/USD.IDEALPRO'}]",False,{}
100000.00,0.00,100000.00,EUR,IDEALPRO-001,MARGIN,,"[{'type': 'MarginBalance', 'initial': '0.00', 'maintenance': '2.33', 'currency': 'USD', 'instrument_id': 'EUR/USD.IDEALPRO'}]",False,{}
99999.69,0.00,99999.69,USD,IDEALPRO-001,MARGIN,,[],False,{}
100000.00,0.00,100000.00,EUR,IDEALPRO-001,MARGIN,,[],False,{}
99999.69,0.00,99999.69,USD,IDEALPRO-001,MARGIN,,[],False,{}
100000.00,0.00,100000.00,EUR,IDEALPRO-001,MARGIN,,[],False,{}
99999.69,0.00,99999.69,USD,IDEALPRO-001,MARGIN,,[],False,{}
100000.00,0.00,100000.00,EUR,IDEALPRO-001,MARGIN,,[],False,{}
99999.69,0.00,99999.69,USD,IDEALPRO-001,MARGIN,,[],False,{}
100000.00,0.00,100000.00,EUR,IDEALPRO-001,MARGIN,,[],False,{}
99999.69,0.00,99999.69,USD,IDEALPRO-001,MARGIN,,[],False,{}
100000.00,0.00,100000.00,EUR,IDEALPRO-001,MARGIN,,[],False,{}
99999.69,0.00,99999.69,USD,IDEALPRO-001,MARGIN,,[],False,{}
100000.00,0.00,100000.00,EUR,IDEALPRO-001,MARGIN,,[],False,{}
99999.69,2.33,99997.36,USD,IDEALPRO-001,MARGIN,,"[{'type': 'MarginBalance', 'initial': '0.00', 'maintenance': '2.33', 'currency': 'USD', 'instrument_id': 'EUR/USD.IDEALPRO'}]",False,{}
100000.00,0.00,100000.00,EUR,IDEALPRO-001,MARGIN,,"[{'type': 'MarginBalance', 'initial': '0.00', 'maintenance': '2.33', 'currency': 'USD', 'instrument_id': 'EUR/USD.IDEALPRO'}]",False,{}
99999.69,2.33,99997.36,USD,IDEALPRO-001,MARGIN,,"[{'type': 'MarginBalance', 'initial': '0.00', 'maintenance': '2.33', 'currency': 'USD', 'instrument_id': 'EUR/USD.IDEALPRO'}]",False,{}
100000.00,0.00,100000.00,EUR,IDEALPRO-001,MARGIN,,"[{'type': 'MarginBalance', 'initial': '0.00', 'maintenance': '2.33', 'currency': 'USD', 'instrument_id': 'EUR/USD.IDEALPRO'}]",False,{}
99999.69,2.33,99997.36,USD,IDEALPRO-001,MARGIN,,"[{'type': 'MarginBalance', 'initial': '0.00', 'maintenance': '2.33', 'currency': 'USD', 'instrument_id': 'EUR/USD.IDEALPRO'}]",False,{}
100000.00,0.00,100000.00,EUR,IDEALPRO-001,MARGIN,,"[{'type': 'MarginBalance', 'initial': '0.00', 'maintenance': '2.33', 'currency': 'USD', 'instrument_id': 'EUR/USD.IDEALPRO'}]",False,{}
99999.63,0.00,99999.63,USD,IDEALPRO-001,MARGIN,,[],False,{}
100000.00,0.00,100000.00,EUR,IDEALPRO-001,MARGIN,,[],False,{}
99999.63,0.00,99999.63,USD,IDEALPRO-001,MARGIN,,[],False,{}
100000.00,0.00,100000.00,EUR,IDEALPRO-001,MARGIN,,[],False,{}
99999.63,0.00,99999.63,USD,IDEALPRO-001,MARGIN,,[],False,{}
100000.00,0.00,100000.00,EUR,IDEALPRO-001,MARGIN,,[],False,{}
99999.63,0.00,99999.63,USD,IDEALPRO-001,MARGIN,,[],False,{}
100000.00,0.00,100000.00,EUR,IDEALPRO-001,MARGIN,,[],False,{}
99999.63,0.00,99999.63,USD,IDEALPRO-001,MARGIN,,[],False,{}
100000.00,0.00,100000.00,EUR,IDEALPRO-001,MARGIN,,[],False,{}
99999.63,2.33,99997.30,USD,IDEALPRO-001,MARGIN,,"[{'type': 'MarginBalance', 'initial': '0.00', 'maintenance': '2.33', 'currency': 'USD', 'instrument_id': 'EUR/USD.IDEALPRO'}]",False,{}
100000.00,0.00,100000.00,EUR,IDEALPRO-001,MARGIN,,"[{'type': 'MarginBalance', 'initial': '0.00', 'maintenance': '2.33', 'currency': 'USD', 'instrument_id': 'EUR/USD.IDEALPRO'}]",False,{}
99999.63,2.33,99997.30,USD,IDEALPRO-001,MARGIN,,"[{'type': 'MarginBalance', 'initial': '0.00', 'maintenance': '2.33', 'currency': 'USD', 'instrument_id': 'EUR/USD.IDEALPRO'}]",False,{}
100000.00,0.00,100000.00,EUR,IDEALPRO-001,MARGIN,,"[{'type': 'MarginBalance', 'initial': '0.00', 'maintenance': '2.33', 'currency': 'USD', 'instrument_id': 'EUR/USD.IDEALPRO'}]",False,{}
99999.63,2.33,99997.30,USD,IDEALPRO-001,MARGIN,,"[{'type': 'MarginBalance', 'initial': '0.00', 'maintenance': '2.33', 'currency': 'USD', 'instrument_id': 'EUR/USD.IDEALPRO'}]",False,{}
100000.00,0.00,100000.00,EUR,IDEALPRO-001,MARGIN,,"[{'type': 'MarginBalance', 'initial': '0.00', 'maintenance': '2.33', 'currency': 'USD', 'instrument_id': 'EUR/USD.IDEALPRO'}]",False,{}
99999.63,2.33,99997.30,USD,IDEALPRO-001,MARGIN,,"[{'type': 'MarginBalance', 'initial': '0.00', 'maintenance': '2.33', 'currency': 'USD', 'instrument_id': 'EUR/USD.IDEALPRO'}]",False,{}
100000.00,0.00,100000.00,EUR,IDEALPRO-001,MARGIN,,"[{'type': 'MarginBalance', 'initial': '0.00', 'maintenance': '2.33', 'currency': 'USD', 'instrument_id': 'EUR/USD.IDEALPRO'}]",False,{}
99999.61,0.00,99999.61,USD,IDEALPRO-001,MARGIN,,[],False,{}
100000.00,0.00,100000.00,EUR,IDEALPRO-001,MARGIN,,[],False,{}
99999.61,0.00,99999.61,USD,IDEALPRO-001,MARGIN,,[],False,{}
100000.00,0.00,100000.00,EUR,IDEALPRO-001,MARGIN,,[],False,{}
99999.61,0.00,99999.61,USD,IDEALPRO-001,MARGIN,,[],False,{}
100000.00,0.00,100000.00,EUR,IDEALPRO-001,MARGIN,,[],False,{}
99999.61,0.00,99999.61,USD,IDEALPRO-001,MARGIN,,[],False,{}
100000.00,0.00,100000.00,EUR,IDEALPRO-001,MARGIN,,[],False,{}
99999.61,0.00,99999.61,USD,IDEALPRO-001,MARGIN,,[],False,{}
100000.00,0.00,100000.00,EUR,IDEALPRO-001,MARGIN,,[],False,{}
99999.61,0.00,99999.61,USD,IDEALPRO-001,MARGIN,,[],False,{}
100000.00,0.00,100000.00,EUR,IDEALPRO-001,MARGIN,,[],False,{}
99999.61,2.33,99997.28,USD,IDEALPRO-001,MARGIN,,"[{'type': 'MarginBalance', 'initial': '0.00', 'maintenance': '2.33', 'currency': 'USD', 'instrument_id': 'EUR/USD.IDEALPRO'}]",False,{}
100000.00,0.00,100000.00,EUR,IDEALPRO-001,MARGIN,,"[{'type': 'MarginBalance', 'initial': '0.00', 'maintenance': '2.33', 'currency': 'USD', 'instrument_id': 'EUR/USD.IDEALPRO'}]",False,{}
99999.61,2.33,99997.28,USD,IDEALPRO-001,MARGIN,,"[{'type': 'MarginBalance', 'initial': '0.00', 'maintenance': '2.33', 'currency': 'USD', 'instrument_id': 'EUR/USD.IDEALPRO'}]",False,{}
100000.00,0.00,100000.00,EUR,IDEALPRO-001,MARGIN,,"[{'type': 'MarginBalance', 'initial': '0.00', 'maintenance': '2.33', 'currency': 'USD', 'instrument_id': 'EUR/USD.IDEALPRO'}]",False,{}
99999.61,2.33,99997.28,USD,IDEALPRO-001,MARGIN,,"[{'type': 'MarginBalance', 'initial': '0.00', 'maintenance': '2.33', 'currency': 'USD', 'instrument_id': 'EUR/USD.IDEALPRO'}]",False,{}
100000.00,0.00,100000.00,EUR,IDEALPRO-001,MARGIN,,"[{'type': 'MarginBalance', 'initial': '0.00', 'maintenance': '2.33', 'currency': 'USD', 'instrument_id': 'EUR/USD.IDEALPRO'}]",False,{}
99999.55,0.00,99999.55,USD,IDEALPRO-001,MARGIN,,[],False,{}
100000.00,0.00,100000.00,EUR,IDEALPRO-001,MARGIN,,[],False,{}
99999.55,0.00,99999.55,USD,IDEALPRO-001,MARGIN,,[],False,{}
100000.00,0.00,100000.00,EUR,IDEALPRO-001,MARGIN,,[],False,{}
99999.55,0.00,99999.55,USD,IDEALPRO-001,MARGIN,,[],False,{}
100000.00,0.00,100000.00,EUR,IDEALPRO-001,MARGIN,,[],False,{}
99999.55,0.00,99999.55,USD,IDEALPRO-001,MARGIN,,[],False,{}
100000.00,0.00,100000.00,EUR,IDEALPRO-001,MARGIN,,[],False,{}
99999.55,0.00,99999.55,USD,IDEALPRO-001,MARGIN,,[],False,{}
100000.00,0.00,100000.00,EUR,IDEALPRO-001,MARGIN,,[],False,{}
99999.55,2.33,99997.22,USD,IDEALPRO-001,MARGIN,,"[{'type': 'MarginBalance', 'initial': '0.00', 'maintenance': '2.33', 'currency': 'USD', 'instrument_id': 'EUR/USD.IDEALPRO'}]",False,{}
100000.00,0.00,100000.00,EUR,IDEALPRO-001,MARGIN,,"[{'type': 'MarginBalance', 'initial': '0.00', 'maintenance': '2.33', 'currency': 'USD', 'instrument_id': 'EUR/USD.IDEALPRO'}]",False,{}
99999.55,2.33,99997.22,USD,IDEALPRO-001,MARGIN,,"[{'type': 'MarginBalance', 'initial': '0.00', 'maintenance': '2.33', 'currency': 'USD', 'instrument_id': 'EUR/USD.IDEALPRO'}]",False,{}
100000.00,0.00,100000.00,EUR,IDEALPRO-001,MARGIN,,"[{'type': 'MarginBalance', 'initial': '0.00', 'maintenance': '2.33', 'currency': 'USD', 'instrument_id': 'EUR/USD.IDEALPRO'}]",False,{}
99999.55,2.33,99997.22,USD,IDEALPRO-001,MARGIN,,"[{'type': 'MarginBalance', 'initial': '0.00', 'maintenance': '2.33', 'currency': 'USD', 'instrument_id': 'EUR/USD.IDEALPRO'}]",False,{}
100000.00,0.00,100000.00,EUR,IDEALPRO-001,MARGIN,,"[{'type': 'MarginBalance', 'initial': '0.00', 'maintenance': '2.33', 'currency': 'USD', 'instrument_id': 'EUR/USD.IDEALPRO'}]",False,{}
99999.55,2.33,99997.22,USD,IDEALPRO-001,MARGIN,,"[{'type': 'MarginBalance', 'initial': '0.00', 'maintenance': '2.33', 'currency': 'USD', 'instrument_id': 'EUR/USD.IDEALPRO'}]",False,{}
100000.00,0.00,100000.00,EUR,IDEALPRO-001,MARGIN,,"[{'type': 'MarginBalance', 'initial': '0.00', 'maintenance': '2.33', 'currency': 'USD', 'instrument_id': 'EUR/USD.IDEALPRO'}]",False,{}
99999.52,0.00,99999.52,USD,IDEALPRO-001,MARGIN,,[],False,{}
100000.00,0.00,100000.00,EUR,IDEALPRO-001,MARGIN,,[],False,{}
99999.52,0.00,99999.52,USD,IDEALPRO-001,MARGIN,,[],False,{}
100000.00,0.00,100000.00,EUR,IDEALPRO-001,MARGIN,,[],False,{}
99999.52,0.00,99999.52,USD,IDEALPRO-001,MARGIN,,[],False,{}
100000.00,0.00,100000.00,EUR,IDEALPRO-001,MARGIN,,[],False,{}
99999.52,0.00,99999.52,USD,IDEALPRO-001,MARGIN,,[],False,{}
100000.00,0.00,100000.00,EUR,IDEALPRO-001,MARGIN,,[],False,{}
99999.52,0.00,99999.52,USD,IDEALPRO-001,MARGIN,,[],False,{}
100000.00,0.00,100000.00,EUR,IDEALPRO-001,MARGIN,,[],False,{}
99999.52,0.00,99999.52,USD,IDEALPRO-001,MARGIN,,[],False,{}
100000.00,0.00,100000.00,EUR,IDEALPRO-001,MARGIN,,[],False,{}
99999.52,2.33,99997.19,USD,IDEALPRO-001,MARGIN,,"[{'type': 'MarginBalance', 'initial': '0.00', 'maintenance': '2.33', 'currency': 'USD', 'instrument_id': 'EUR/USD.IDEALPRO'}]",False,{}
100000.00,0.00,100000.00,EUR,IDEALPRO-001,MARGIN,,"[{'type': 'MarginBalance', 'initial': '0.00', 'maintenance': '2.33', 'currency': 'USD', 'instrument_id': 'EUR/USD.IDEALPRO'}]",False,{}
99999.52,2.33,99997.19,USD,IDEALPRO-001,MARGIN,,"[{'type': 'MarginBalance', 'initial': '0.00', 'maintenance': '2.33', 'currency': 'USD', 'instrument_id': 'EUR/USD.IDEALPRO'}]",False,{}
100000.00,0.00,100000.00,EUR,IDEALPRO-001,MARGIN,,"[{'type': 'MarginBalance', 'initial': '0.00', 'maintenance': '2.33', 'currency': 'USD', 'instrument_id': 'EUR/USD.IDEALPRO'}]",False,{}
99999.52,2.33,99997.19,USD,IDEALPRO-001,MARGIN,,"[{'type': 'MarginBalance', 'initial': '0.00', 'maintenance': '2.33', 'currency': 'USD', 'instrument_id': 'EUR/USD.IDEALPRO'}]",False,{}
100000.00,0.00,100000.00,EUR,IDEALPRO-001,MARGIN,,"[{'type': 'MarginBalance', 'initial': '0.00', 'maintenance': '2.33', 'currency': 'USD', 'instrument_id': 'EUR/USD.IDEALPRO'}]",False,{}
99999.52,2.33,99997.19,USD,IDEALPRO-001,MARGIN,,"[{'type': 'MarginBalance', 'initial': '0.00', 'maintenance': '2.33', 'currency': 'USD', 'instrument_id': 'EUR/USD.IDEALPRO'}]",False,{}
100000.00,0.00,100000.00,EUR,IDEALPRO-001,MARGIN,,"[{'type': 'MarginBalance', 'initial': '0.00', 'maintenance': '2.33', 'currency': 'USD', 'instrument_id': 'EUR/USD.IDEALPRO'}]",False,{}
99999.58,0.00,99999.58,USD,IDEALPRO-001,MARGIN,,[],False,{}
100000.00,0.00,100000.00,EUR,IDEALPRO-001,MARGIN,,[],False,{}
99999.58,0.00,99999.58,USD,IDEALPRO-001,MARGIN,,[],False,{}
100000.00,0.00,100000.00,EUR,IDEALPRO-001,MARGIN,,[],False,{}
99999.58,0.00,99999.58,USD,IDEALPRO-001,MARGIN,,[],False,{}
100000.00,0.00,100000.00,EUR,IDEALPRO-001,MARGIN,,[],False,{}
99999.58,0.00,99999.58,USD,IDEALPRO-001,MARGIN,,[],False,{}
100000.00,0.00,100000.00,EUR,IDEALPRO-001,MARGIN,,[],False,{}
99999.58,0.00,99999.58,USD,IDEALPRO-001,MARGIN,,[],False,{}
100000.00,0.00,100000.00,EUR,IDEALPRO-001,MARGIN,,[],False,{}
99999.58,0.00,99999.58,USD,IDEALPRO-001,MARGIN,,[],False,{}
100000.00,0.00,100000.00,EUR,IDEALPRO-001,MARGIN,,[],False,{}
99999.58,2.33,99997.25,USD,IDEALPRO-001,MARGIN,,"[{'type': 'MarginBalance', 'initial': '0.00', 'maintenance': '2.33', 'currency': 'USD', 'instrument_id': 'EUR/USD.IDEALPRO'}]",False,{}
100000.00,0.00,100000.00,EUR,IDEALPRO-001,MARGIN,,"[{'type': 'MarginBalance', 'initial': '0.00', 'maintenance': '2.33', 'currency': 'USD', 'instrument_id': 'EUR/USD.IDEALPRO'}]",False,{}
99999.58,2.33,99997.25,USD,IDEALPRO-001,MARGIN,,"[{'type': 'MarginBalance', 'initial': '0.00', 'maintenance': '2.33', 'currency': 'USD', 'instrument_id': 'EUR/USD.IDEALPRO'}]",False,{}
100000.00,0.00,100000.00,EUR,IDEALPRO-001,MARGIN,,"[{'type': 'MarginBalance', 'initial': '0.00', 'maintenance': '2.33', 'currency': 'USD', 'instrument_id': 'EUR/USD.IDEALPRO'}]",False,{}
99999.58,2.33,99997.25,USD,IDEALPRO-001,MARGIN,,"[{'type': 'MarginBalance', 'initial': '0.00', 'maintenance': '2.33', 'currency': 'USD', 'instrument_id': 'EUR/USD.IDEALPRO'}]",False,{}
100000.00,0.00,100000.00,EUR,IDEALPRO-001,MARGIN,,"[{'type': 'MarginBalance', 'initial': '0.00', 'maintenance': '2.33', 'currency': 'USD', 'instrument_id': 'EUR/USD.IDEALPRO'}]",False,{}
99999.58,2.33,99997.25,USD,IDEALPRO-001,MARGIN,,"[{'type': 'MarginBalance', 'initial': '0.00', 'maintenance': '2.33', 'currency': 'USD', 'instrument_id': 'EUR/USD.IDEALPRO'}]",False,{}
100000.00,0.00,100000.00,EUR,IDEALPRO-001,MARGIN,,"[{'type': 'MarginBalance', 'initial': '0.00', 'maintenance': '2.33', 'currency': 'USD', 'instrument_id': 'EUR/USD.IDEALPRO'}]",False,{}
99999.73,0.00,99999.73,USD,IDEALPRO-001,MARGIN,,[],False,{}
100000.00,0.00,100000.00,EUR,IDEALPRO-001,MARGIN,,[],False,{}
99999.73,0.00,99999.73,USD,IDEALPRO-001,MARGIN,,[],False,{}
100000.00,0.00,100000.00,EUR,IDEALPRO-001,MARGIN,,[],False,{}
99999.73,0.00,99999.73,USD,IDEALPRO-001,MARGIN,,[],False,{}
100000.00,0.00,100000.00,EUR,IDEALPRO-001,MARGIN,,[],False,{}
99999.73,0.00,99999.73,USD,IDEALPRO-001,MARGIN,,[],False,{}
100000.00,0.00,100000.00,EUR,IDEALPRO-001,MARGIN,,[],False,{}
99999.73,0.00,99999.73,USD,IDEALPRO-001,MARGIN,,[],False,{}
100000.00,0.00,100000.00,EUR,IDEALPRO-001,MARGIN,,[],False,{}
99999.73,0.00,99999.73,USD,IDEALPRO-001,MARGIN,,[],False,{}
100000.00,0.00,100000.00,EUR,IDEALPRO-001,MARGIN,,[],False,{}
99999.73,2.33,99997.40,USD,IDEALPRO-001,MARGIN,,"[{'type': 'MarginBalance', 'initial': '0.00', 'maintenance': '2.33', 'currency': 'USD', 'instrument_id': 'EUR/USD.IDEALPRO'}]",False,{}
100000.00,0.00,100000.00,EUR,IDEALPRO-001,MARGIN,,"[{'type': 'MarginBalance', 'initial': '0.00', 'maintenance': '2.33', 'currency': 'USD', 'instrument_id': 'EUR/USD.IDEALPRO'}]",False,{}
99999.73,2.33,99997.40,USD,IDEALPRO-001,MARGIN,,"[{'type': 'MarginBalance', 'initial': '0.00', 'maintenance': '2.33', 'currency': 'USD', 'instrument_id': 'EUR/USD.IDEALPRO'}]",False,{}
100000.00,0.00,100000.00,EUR,IDEALPRO-001,MARGIN,,"[{'type': 'MarginBalance', 'initial': '0.00', 'maintenance': '2.33', 'currency': 'USD', 'instrument_id': 'EUR/USD.IDEALPRO'}]",False,{}
99999.73,2.33,99997.40,USD,IDEALPRO-001,MARGIN,,"[{'type': 'MarginBalance', 'initial': '0.00', 'maintenance': '2.33', 'currency': 'USD', 'instrument_id': 'EUR/USD.IDEALPRO'}]",False,{}
100000.00,0.00,100000.00,EUR,IDEALPRO-001,MARGIN,,"[{'type': 'MarginBalance', 'initial': '0.00', 'maintenance': '2.33', 'currency': 'USD', 'instrument_id': 'EUR/USD.IDEALPRO'}]",False,{}
99999.67,0.00,99999.67,USD,IDEALPRO-001,MARGIN,,[],False,{}
100000.00,0.00,100000.00,EUR,IDEALPRO-001,MARGIN,,[],False,{}
99999.67,0.00,99999.67,USD,IDEALPRO-001,MARGIN,,[],False,{}
100000.00,0.00,100000.00,EUR,IDEALPRO-001,MARGIN,,[],False,{}
99999.67,0.00,99999.67,USD,IDEALPRO-001,MARGIN,,[],False,{}
100000.00,0.00,100000.00,EUR,IDEALPRO-001,MARGIN,,[],False,{}
99999.67,0.00,99999.67,USD,IDEALPRO-001,MARGIN,,[],False,{}
100000.00,0.00,100000.00,EUR,IDEALPRO-001,MARGIN,,[],False,{}
99999.67,0.00,99999.67,USD,IDEALPRO-001,MARGIN,,[],False,{}
100000.00,0.00,100000.00,EUR,IDEALPRO-001,MARGIN,,[],False,{}
99999.67,2.33,99997.34,USD,IDEALPRO-001,MARGIN,,"[{'type': 'MarginBalance', 'initial': '0.00', 'maintenance': '2.33', 'currency': 'USD', 'instrument_id': 'EUR/USD.IDEALPRO'}]",False,{}
100000.00,0.00,100000.00,EUR,IDEALPRO-001,MARGIN,,"[{'type': 'MarginBalance', 'initial': '0.00', 'maintenance': '2.33', 'currency': 'USD', 'instrument_id': 'EUR/USD.IDEALPRO'}]",False,{}
99999.67,2.33,99997.34,USD,IDEALPRO-001,MARGIN,,"[{'type': 'MarginBalance', 'initial': '0.00', 'maintenance': '2.33', 'currency': 'USD', 'instrument_id': 'EUR/USD.IDEALPRO'}]",False,{}
100000.00,0.00,100000.00,EUR,IDEALPRO-001,MARGIN,,"[{'type': 'MarginBalance', 'initial': '0.00', 'maintenance': '2.33', 'currency': 'USD', 'instrument_id': 'EUR/USD.IDEALPRO'}]",False,{}
99999.67,2.33,99997.34,USD,IDEALPRO-001,MARGIN,,"[{'type': 'MarginBalance', 'initial': '0.00', 'maintenance': '2.33', 'currency': 'USD', 'instrument_id': 'EUR/USD.IDEALPRO'}]",False,{}
100000.00,0.00,100000.00,EUR,IDEALPRO-001,MARGIN,,"[{'type': 'MarginBalance', 'initial': '0.00', 'maintenance': '2.33', 'currency': 'USD', 'instrument_id': 'EUR/USD.IDEALPRO'}]",False,{}
99999.61,0.00,99999.61,USD,IDEALPRO-001,MARGIN,,[],False,{}
100000.00,0.00,100000.00,EUR,IDEALPRO-001,MARGIN,,[],False,{}
99999.61,0.00,99999.61,USD,IDEALPRO-001,MARGIN,,[],False,{}
100000.00,0.00,100000.00,EUR,IDEALPRO-001,MARGIN,,[],False,{}
99999.61,0.00,99999.61,USD,IDEALPRO-001,MARGIN,,[],False,{}
100000.00,0.00,100000.00,EUR,IDEALPRO-001,MARGIN,,[],False,{}
99999.61,0.00,99999.61,USD,IDEALPRO-001,MARGIN,,[],False,{}
100000.00,0.00,100000.00,EUR,IDEALPRO-001,MARGIN,,[],False,{}
99999.61,0.00,99999.61,USD,IDEALPRO-001,MARGIN,,[],False,{}
100000.00,0.00,100000.00,EUR,IDEALPRO-001,MARGIN,,[],False,{}
99999.61,2.33,99997.28,USD,IDEALPRO-001,MARGIN,,"[{'type': 'MarginBalance', 'initial': '0.00', 'maintenance': '2.33', 'currency': 'USD', 'instrument_id': 'EUR/USD.IDEALPRO'}]",False,{}
100000.00,0.00,100000.00,EUR,IDEALPRO-001,MARGIN,,"[{'type': 'MarginBalance', 'initial': '0.00', 'maintenance': '2.33', 'currency': 'USD', 'instrument_id': 'EUR/USD.IDEALPRO'}]",False,{}
99999.61,2.33,99997.28,USD,IDEALPRO-001,MARGIN,,"[{'type': 'MarginBalance', 'initial': '0.00', 'maintenance': '2.33', 'currency': 'USD', 'instrument_id': 'EUR/USD.IDEALPRO'}]",False,{}
100000.00,0.00,100000.00,EUR,IDEALPRO-001,MARGIN,,"[{'type': 'MarginBalance', 'initial': '0.00', 'maintenance': '2.33', 'currency': 'USD', 'instrument_id': 'EUR/USD.IDEALPRO'}]",False,{}
99999.61,2.33,99997.28,USD,IDEALPRO-001,MARGIN,,"[{'type': 'MarginBalance', 'initial': '0.00', 'maintenance': '2.33', 'currency': 'USD', 'instrument_id': 'EUR/USD.IDEALPRO'}]",False,{}
100000.00,0.00,100000.00,EUR,IDEALPRO-001,MARGIN,,"[{'type': 'MarginBalance', 'initial': '0.00', 'maintenance': '2.33', 'currency': 'USD', 'instrument_id': 'EUR/USD.IDEALPRO'}]",False,{}
99999.61,2.33,99997.28,USD,IDEALPRO-001,MARGIN,,"[{'type': 'MarginBalance', 'initial': '0.00', 'maintenance': '2.33', 'currency': 'USD', 'instrument_id': 'EUR/USD.IDEALPRO'}]",False,{}
100000.00,0.00,100000.00,EUR,IDEALPRO-001,MARGIN,,"[{'type': 'MarginBalance', 'initial': '0.00', 'maintenance': '2.33', 'currency': 'USD', 'instrument_id': 'EUR/USD.IDEALPRO'}]",False,{}
99999.62,0.00,99999.62,USD,IDEALPRO-001,MARGIN,,[],False,{}
100000.00,0.00,100000.00,EUR,IDEALPRO-001,MARGIN,,[],False,{}
99999.62,0.00,99999.62,USD,IDEALPRO-001,MARGIN,,[],False,{}
100000.00,0.00,100000.00,EUR,IDEALPRO-001,MARGIN,,[],False,{}
99999.62,0.00,99999.62,USD,IDEALPRO-001,MARGIN,,[],False,{}
100000.00,0.00,100000.00,EUR,IDEALPRO-001,MARGIN,,[],False,{}
99999.62,0.00,99999.62,USD,IDEALPRO-001,MARGIN,,[],False,{}
100000.00,0.00,100000.00,EUR,IDEALPRO-001,MARGIN,,[],False,{}
99999.62,0.00,99999.62,USD,IDEALPRO-001,MARGIN,,[],False,{}
100000.00,0.00,100000.00,EUR,IDEALPRO-001,MARGIN,,[],False,{}
99999.62,0.00,99999.62,USD,IDEALPRO-001,MARGIN,,[],False,{}
100000.00,0.00,100000.00,EUR,IDEALPRO-001,MARGIN,,[],False,{}
99999.62,2.33,99997.29,USD,IDEALPRO-001,MARGIN,,"[{'type': 'MarginBalance', 'initial': '0.00', 'maintenance': '2.33', 'currency': 'USD', 'instrument_id': 'EUR/USD.IDEALPRO'}]",False,{}
100000.00,0.00,100000.00,EUR,IDEALPRO-001,MARGIN,,"[{'type': 'MarginBalance', 'initial': '0.00', 'maintenance': '2.33', 'currency': 'USD', 'instrument_id': 'EUR/USD.IDEALPRO'}]",False,{}
99999.62,2.33,99997.29,USD,IDEALPRO-001,MARGIN,,"[{'type': 'MarginBalance', 'initial': '0.00', 'maintenance': '2.33', 'currency': 'USD', 'instrument_id': 'EUR/USD.IDEALPRO'}]",False,{}
100000.00,0.00,100000.00,EUR,IDEALPRO-001,MARGIN,,"[{'type': 'MarginBalance', 'initial': '0.00', 'maintenance': '2.33', 'currency': 'USD', 'instrument_id': 'EUR/USD.IDEALPRO'}]",False,{}
99999.62,2.33,99997.29,USD,IDEALPRO-001,MARGIN,,"[{'type': 'MarginBalance', 'initial': '0.00', 'maintenance': '2.33', 'currency': 'USD', 'instrument_id': 'EUR/USD.IDEALPRO'}]",False,{}
100000.00,0.00,100000.00,EUR,IDEALPRO-001,MARGIN,,"[{'type': 'MarginBalance', 'initial': '0.00', 'maintenance': '2.33', 'currency': 'USD', 'instrument_id': 'EUR/USD.IDEALPRO'}]",False,{}
99999.62,2.33,99997.29,USD,IDEALPRO-001,MARGIN,,"[{'type': 'MarginBalance', 'initial': '0.00', 'maintenance': '2.33', 'currency': 'USD', 'instrument_id': 'EUR/USD.IDEALPRO'}]",False,{}
100000.00,0.00,100000.00,EUR,IDEALPRO-001,MARGIN,,"[{'type': 'MarginBalance', 'initial': '0.00', 'maintenance': '2.33', 'currency': 'USD', 'instrument_id': 'EUR/USD.IDEALPRO'}]",False,{}
99999.64,0.00,99999.64,USD,IDEALPRO-001,MARGIN,,[],False,{}
100000.00,0.00,100000.00,EUR,IDEALPRO-001,MARGIN,,[],False,{}
99999.64,0.00,99999.64,USD,IDEALPRO-001,MARGIN,,[],False,{}
100000.00,0.00,100000.00,EUR,IDEALPRO-001,MARGIN,,[],False,{}
99999.64,0.00,99999.64,USD,IDEALPRO-001,MARGIN,,[],False,{}
100000.00,0.00,100000.00,EUR,IDEALPRO-001,MARGIN,,[],False,{}
99999.64,0.00,99999.64,USD,IDEALPRO-001,MARGIN,,[],False,{}
100000.00,0.00,100000.00,EUR,IDEALPRO-001,MARGIN,,[],False,{}
99999.64,0.00,99999.64,USD,IDEALPRO-001,MARGIN,,[],False,{}
100000.00,0.00,100000.00,EUR,IDEALPRO-001,MARGIN,,[],False,{}
99999.64,0.00,99999.64,USD,IDEALPRO-001,MARGIN,,[],False,{}
100000.00,0.00,100000.00,EUR,IDEALPRO-001,MARGIN,,[],False,{}
99999.64,2.33,99997.31,USD,IDEALPRO-001,MARGIN,,"[{'type': 'MarginBalance', 'initial': '0.00', 'maintenance': '2.33', 'currency': 'USD', 'instrument_id': 'EUR/USD.IDEALPRO'}]",False,{}
100000.00,0.00,100000.00,EUR,IDEALPRO-001,MARGIN,,"[{'type': 'MarginBalance', 'initial': '0.00', 'maintenance': '2.33', 'currency': 'USD', 'instrument_id': 'EUR/USD.IDEALPRO'}]",False,{}
99999.64,2.33,99997.31,USD,IDEALPRO-001,MARGIN,,"[{'type': 'MarginBalance', 'initial': '0.00', 'maintenance': '2.33', 'currency': 'USD', 'instrument_id': 'EUR/USD.IDEALPRO'}]",False,{}
100000.00,0.00,100000.00,EUR,IDEALPRO-001,MARGIN,,"[{'type': 'MarginBalance', 'initial': '0.00', 'maintenance': '2.33', 'currency': 'USD', 'instrument_id': 'EUR/USD.IDEALPRO'}]",False,{}
99999.64,2.33,99997.31,USD,IDEALPRO-001,MARGIN,,"[{'type': 'MarginBalance', 'initial': '0.00', 'maintenance': '2.33', 'currency': 'USD', 'instrument_id': 'EUR/USD.IDEALPRO'}]",False,{}
100000.00,0.00,100000.00,EUR,IDEALPRO-001,MARGIN,,"[{'type': 'MarginBalance', 'initial': '0.00', 'maintenance': '2.33', 'currency': 'USD', 'instrument_id': 'EUR/USD.IDEALPRO'}]",False,{}
99999.64,2.33,99997.31,USD,IDEALPRO-001,MARGIN,,"[{'type': 'MarginBalance', 'initial': '0.00', 'maintenance': '2.33', 'currency': 'USD', 'instrument_id': 'EUR/USD.IDEALPRO'}]",False,{}
100000.00,0.00,100000.00,EUR,IDEALPRO-001,MARGIN,,"[{'type': 'MarginBalance', 'initial': '0.00', 'maintenance': '2.33', 'currency': 'USD', 'instrument_id': 'EUR/USD.IDEALPRO'}]",False,{}
99999.61,0.00,99999.61,USD,IDEALPRO-001,MARGIN,,[],False,{}
100000.00,0.00,100000.00,EUR,IDEALPRO-001,MARGIN,,[],False,{}
99999.61,0.00,99999.61,USD,IDEALPRO-001,MARGIN,,[],False,{}
100000.00,0.00,100000.00,EUR,IDEALPRO-001,MARGIN,,[],False,{}
99999.61,0.00,99999.61,USD,IDEALPRO-001,MARGIN,,[],False,{}
100000.00,0.00,100000.00,EUR,IDEALPRO-001,MARGIN,,[],False,{}
99999.61,0.00,99999.61,USD,IDEALPRO-001,MARGIN,,[],False,{}
100000.00,0.00,100000.00,EUR,IDEALPRO-001,MARGIN,,[],False,{}
99999.61,0.00,99999.61,USD,IDEALPRO-001,MARGIN,,[],False,{}
100000.00,0.00,100000.00,EUR,IDEALPRO-001,MARGIN,,[],False,{}
99999.61,0.00,99999.61,USD,IDEALPRO-001,MARGIN,,[],False,{}
100000.00,0.00,100000.00,EUR,IDEALPRO-001,MARGIN,,[],False,{}
99999.61,2.33,99997.28,USD,IDEALPRO-001,MARGIN,,"[{'type': 'MarginBalance', 'initial': '0.00', 'maintenance': '2.33', 'currency': 'USD', 'instrument_id': 'EUR/USD.IDEALPRO'}]",False,{}
100000.00,0.00,100000.00,EUR,IDEALPRO-001,MARGIN,,"[{'type': 'MarginBalance', 'initial': '0.00', 'maintenance': '2.33', 'currency': 'USD', 'instrument_id': 'EUR/USD.IDEALPRO'}]",False,{}
99999.61,2.33,99997.28,USD,IDEALPRO-001,MARGIN,,"[{'type': 'MarginBalance', 'initial': '0.00', 'maintenance': '2.33', 'currency': 'USD', 'instrument_id': 'EUR/USD.IDEALPRO'}]",False,{}
100000.00,0.00,100000.00,EUR,IDEALPRO-001,MARGIN,,"[{'type': 'MarginBalance', 'initial': '0.00', 'maintenance': '2.33', 'currency': 'USD', 'instrument_id': 'EUR/USD.IDEALPRO'}]",False,{}
99999.61,2.33,99997.28,USD,IDEALPRO-001,MARGIN,,"[{'type': 'MarginBalance', 'initial': '0.00', 'maintenance': '2.33', 'currency': 'USD', 'instrument_id': 'EUR/USD.IDEALPRO'}]",False,{}
100000.00,0.00,100000.00,EUR,IDEALPRO-001,MARGIN,,"[{'type': 'MarginBalance', 'initial': '0.00', 'maintenance': '2.33', 'currency': 'USD', 'instrument_id': 'EUR/USD.IDEALPRO'}]",False,{}
99999.55,0.00,99999.55,USD,IDEALPRO-001,MARGIN,,[],False,{}
100000.00,0.00,100000.00,EUR,IDEALPRO-001,MARGIN,,[],False,{}
99999.55,0.00,99999.55,USD,IDEALPRO-001,MARGIN,,[],False,{}
100000.00,0.00,100000.00,EUR,IDEALPRO-001,MARGIN,,[],False,{}
99999.55,0.00,99999.55,USD,IDEALPRO-001,MARGIN,,[],False,{}
100000.00,0.00,100000.00,EUR,IDEALPRO-001,MARGIN,,[],False,{}
99999.55,0.00,99999.55,USD,IDEALPRO-001,MARGIN,,[],False,{}
100000.00,0.00,100000.00,EUR,IDEALPRO-001,MARGIN,,[],False,{}
99999.55,0.00,99999.55,USD,IDEALPRO-001,MARGIN,,[],False,{}
100000.00,0.00,100000.00,EUR,IDEALPRO-001,MARGIN,,[],False,{}
99999.55,2.33,99997.22,USD,IDEALPRO-001,MARGIN,,"[{'type': 'MarginBalance', 'initial': '0.00', 'maintenance': '2.33', 'currency': 'USD', 'instrument_id': 'EUR/USD.IDEALPRO'}]",False,{}
100000.00,0.00,100000.00,EUR,IDEALPRO-001,MARGIN,,"[{'type': 'MarginBalance', 'initial': '0.00', 'maintenance': '2.33', 'currency': 'USD', 'instrument_id': 'EUR/USD.IDEALPRO'}]",False,{}
99999.55,2.33,99997.22,USD,IDEALPRO-001,MARGIN,,"[{'type': 'MarginBalance', 'initial': '0.00', 'maintenance': '2.33', 'currency': 'USD', 'instrument_id': 'EUR/USD.IDEALPRO'}]",False,{}
100000.00,0.00,100000.00,EUR,IDEALPRO-001,MARGIN,,"[{'type': 'MarginBalance', 'initial': '0.00', 'maintenance': '2.33', 'currency': 'USD', 'instrument_id': 'EUR/USD.IDEALPRO'}]",False,{}
99999.55,2.33,99997.22,USD,IDEALPRO-001,MARGIN,,"[{'type': 'MarginBalance', 'initial': '0.00', 'maintenance': '2.33', 'currency': 'USD', 'instrument_id': 'EUR/USD.IDEALPRO'}]",False,{}
100000.00,0.00,100000.00,EUR,IDEALPRO-001,MARGIN,,"[{'type': 'MarginBalance', 'initial': '0.00', 'maintenance': '2.33', 'currency': 'USD', 'instrument_id': 'EUR/USD.IDEALPRO'}]",False,{}
99999.55,2.33,99997.22,USD,IDEALPRO-001,MARGIN,,"[{'type': 'MarginBalance', 'initial': '0.00', 'maintenance': '2.33', 'currency': 'USD', 'instrument_id': 'EUR/USD.IDEALPRO'}]",False,{}
100000.00,0.00,100000.00,EUR,IDEALPRO-001,MARGIN,,"[{'type': 'MarginBalance', 'initial': '0.00', 'maintenance': '2.33', 'currency': 'USD', 'instrument_id': 'EUR/USD.IDEALPRO'}]",False,{}
99999.57,0.00,99999.57,USD,IDEALPRO-001,MARGIN,,[],False,{}
100000.00,0.00,100000.00,EUR,IDEALPRO-001,MARGIN,,[],False,{}
99999.57,0.00,99999.57,USD,IDEALPRO-001,MARGIN,,[],False,{}
100000.00,0.00,100000.00,EUR,IDEALPRO-001,MARGIN,,[],False,{}
99999.57,0.00,99999.57,USD,IDEALPRO-001,MARGIN,,[],False,{}
100000.00,0.00,100000.00,EUR,IDEALPRO-001,MARGIN,,[],False,{}
99999.57,0.00,99999.57,USD,IDEALPRO-001,MARGIN,,[],False,{}
100000.00,0.00,100000.00,EUR,IDEALPRO-001,MARGIN,,[],False,{}
99999.57,0.00,99999.57,USD,IDEALPRO-001,MARGIN,,[],False,{}
100000.00,0.00,100000.00,EUR,IDEALPRO-001,MARGIN,,[],False,{}
99999.57,0.00,99999.57,USD,IDEALPRO-001,MARGIN,,[],False,{}
100000.00,0.00,100000.00,EUR,IDEALPRO-001,MARGIN,,[],False,{}
99999.57,2.33,99997.24,USD,IDEALPRO-001,MARGIN,,"[{'type': 'MarginBalance', 'initial': '0.00', 'maintenance': '2.33', 'currency': 'USD', 'instrument_id': 'EUR/USD.IDEALPRO'}]",False,{}
100000.00,0.00,100000.00,EUR,IDEALPRO-001,MARGIN,,"[{'type': 'MarginBalance', 'initial': '0.00', 'maintenance': '2.33', 'currency': 'USD', 'instrument_id': 'EUR/USD.IDEALPRO'}]",False,{}
99999.57,2.33,99997.24,USD,IDEALPRO-001,MARGIN,,"[{'type': 'MarginBalance', 'initial': '0.00', 'maintenance': '2.33', 'currency': 'USD', 'instrument_id': 'EUR/USD.IDEALPRO'}]",False,{}
100000.00,0.00,100000.00,EUR,IDEALPRO-001,MARGIN,,"[{'type': 'MarginBalance', 'initial': '0.00', 'maintenance': '2.33', 'currency': 'USD', 'instrument_id': 'EUR/USD.IDEALPRO'}]",False,{}
99999.57,2.33,99997.24,USD,IDEALPRO-001,MARGIN,,"[{'type': 'MarginBalance', 'initial': '0.00', 'maintenance': '2.33', 'currency': 'USD', 'instrument_id': 'EUR/USD.IDEALPRO'}]",False,{}
100000.00,0.00,100000.00,EUR,IDEALPRO-001,MARGIN,,"[{'type': 'MarginBalance', 'initial': '0.00', 'maintenance': '2.33', 'currency': 'USD', 'instrument_id': 'EUR/USD.IDEALPRO'}]",False,{}
99999.57,2.33,99997.24,USD,IDEALPRO-001,MARGIN,,"[{'type': 'MarginBalance', 'initial': '0.00', 'maintenance': '2.33', 'currency': 'USD', 'instrument_id': 'EUR/USD.IDEALPRO'}]",False,{}
100000.00,0.00,100000.00,EUR,IDEALPRO-001,MARGIN,,"[{'type': 'MarginBalance', 'initial': '0.00', 'maintenance': '2.33', 'currency': 'USD', 'instrument_id': 'EUR/USD.IDEALPRO'}]",False,{}
99999.57,0.00,99999.57,USD,IDEALPRO-001,MARGIN,,[],False,{}
100000.00,0.00,100000.00,EUR,IDEALPRO-001,MARGIN,,[],False,{}
99999.57,0.00,99999.57,USD,IDEALPRO-001,MARGIN,,[],False,{}
100000.00,0.00,100000.00,EUR,IDEALPRO-001,MARGIN,,[],False,{}
99999.57,0.00,99999.57,USD,IDEALPRO-001,MARGIN,,[],False,{}
100000.00,0.00,100000.00,EUR,IDEALPRO-001,MARGIN,,[],False,{}
99999.57,0.00,99999.57,USD,IDEALPRO-001,MARGIN,,[],False,{}
100000.00,0.00,100000.00,EUR,IDEALPRO-001,MARGIN,,[],False,{}
99999.57,0.00,99999.57,USD,IDEALPRO-001,MARGIN,,[],False,{}
100000.00,0.00,100000.00,EUR,IDEALPRO-001,MARGIN,,[],False,{}
99999.57,0.00,99999.57,USD,IDEALPRO-001,MARGIN,,[],False,{}
100000.00,0.00,100000.00,EUR,IDEALPRO-001,MARGIN,,[],False,{}
99999.57,2.33,99997.24,USD,IDEALPRO-001,MARGIN,,"[{'type': 'MarginBalance', 'initial': '0.00', 'maintenance': '2.33', 'currency': 'USD', 'instrument_id': 'EUR/USD.IDEALPRO'}]",False,{}
100000.00,0.00,100000.00,EUR,IDEALPRO-001,MARGIN,,"[{'type': 'MarginBalance', 'initial': '0.00', 'maintenance': '2.33', 'currency': 'USD', 'instrument_id': 'EUR/USD.IDEALPRO'}]",False,{}
99999.57,2.33,99997.24,USD,IDEALPRO-001,MARGIN,,"[{'type': 'MarginBalance', 'initial': '0.00', 'maintenance': '2.33', 'currency': 'USD', 'instrument_id': 'EUR/USD.IDEALPRO'}]",False,{}
100000.00,0.00,100000.00,EUR,IDEALPRO-001,MARGIN,,"[{'type': 'MarginBalance', 'initial': '0.00', 'maintenance': '2.33', 'currency': 'USD', 'instrument_id': 'EUR/USD.IDEALPRO'}]",False,{}
99999.57,2.33,99997.24,USD,IDEALPRO-001,MARGIN,,"[{'type': 'MarginBalance', 'initial': '0.00', 'maintenance': '2.33', 'currency': 'USD', 'instrument_id': 'EUR/USD.IDEALPRO'}]",False,{}
100000.00,0.00,100000.00,EUR,IDEALPRO-001,MARGIN,,"[{'type': 'MarginBalance', 'initial': '0.00', 'maintenance': '2.33', 'currency': 'USD', 'instrument_id': 'EUR/USD.IDEALPRO'}]",False,{}
99999.57,2.33,99997.24,USD,IDEALPRO-001,MARGIN,,"[{'type': 'MarginBalance', 'initial': '0.00', 'maintenance': '2.33', 'currency': 'USD', 'instrument_id': 'EUR/USD.IDEALPRO'}]",False,{}
100000.00,0.00,100000.00,EUR,IDEALPRO-001,MARGIN,,"[{'type': 'MarginBalance', 'initial': '0.00', 'maintenance': '2.33', 'currency': 'USD', 'instrument_id': 'EUR/USD.IDEALPRO'}]",False,{}
99999.61,0.00,99999.61,USD,IDEALPRO-001,MARGIN,,[],False,{}
100000.00,0.00,100000.00,EUR,IDEALPRO-001,MARGIN,,[],False,{}
99999.61,0.00,99999.61,USD,IDEALPRO-001,MARGIN,,[],False,{}
100000.00,0.00,100000.00,EUR,IDEALPRO-001,MARGIN,,[],False,{}
99999.61,0.00,99999.61,USD,IDEALPRO-001,MARGIN,,[],False,{}
100000.00,0.00,100000.00,EUR,IDEALPRO-001,MARGIN,,[],False,{}
99999.61,0.00,99999.61,USD,IDEALPRO-001,MARGIN,,[],False,{}
100000.00,0.00,100000.00,EUR,IDEALPRO-001,MARGIN,,[],False,{}
99999.61,0.00,99999.61,USD,IDEALPRO-001,MARGIN,,[],False,{}
100000.00,0.00,100000.00,EUR,IDEALPRO-001,MARGIN,,[],False,{}
99999.61,0.00,99999.61,USD,IDEALPRO-001,MARGIN,,[],False,{}
100000.00,0.00,100000.00,EUR,IDEALPRO-001,MARGIN,,[],False,{}
99999.61,2.33,99997.28,USD,IDEALPRO-001,MARGIN,,"[{'type': 'MarginBalance', 'initial': '0.00', 'maintenance': '2.33', 'currency': 'USD', 'instrument_id': 'EUR/USD.IDEALPRO'}]",False,{}
100000.00,0.00,100000.00,EUR,IDEALPRO-001,MARGIN,,"[{'type': 'MarginBalance', 'initial': '0.00', 'maintenance': '2.33', 'currency': 'USD', 'instrument_id': 'EUR/USD.IDEALPRO'}]",False,{}
99999.61,2.33,99997.28,USD,IDEALPRO-001,MARGIN,,"[{'type': 'MarginBalance', 'initial': '0.00', 'maintenance': '2.33', 'currency': 'USD', 'instrument_id': 'EUR/USD.IDEALPRO'}]",False,{}
100000.00,0.00,100000.00,EUR,IDEALPRO-001,MARGIN,,"[{'type': 'MarginBalance', 'initial': '0.00', 'maintenance': '2.33', 'currency': 'USD', 'instrument_id': 'EUR/USD.IDEALPRO'}]",False,{}
99999.61,2.33,99997.28,USD,IDEALPRO-001,MARGIN,,"[{'type': 'MarginBalance', 'initial': '0.00', 'maintenance': '2.33', 'currency': 'USD', 'instrument_id': 'EUR/USD.IDEALPRO'}]",False,{}
100000.00,0.00,100000.00,EUR,IDEALPRO-001,MARGIN,,"[{'type': 'MarginBalance', 'initial': '0.00', 'maintenance': '2.33', 'currency': 'USD', 'instrument_id': 'EUR/USD.IDEALPRO'}]",False,{}
99999.61,2.33,99997.28,USD,IDEALPRO-001,MARGIN,,"[{'type': 'MarginBalance', 'initial': '0.00', 'maintenance': '2.33', 'currency': 'USD', 'instrument_id': 'EUR/USD.IDEALPRO'}]",False,{}
100000.00,0.00,100000.00,EUR,IDEALPRO-001,MARGIN,,"[{'type': 'MarginBalance', 'initial': '0.00', 'maintenance': '2.33', 'currency': 'USD', 'instrument_id': 'EUR/USD.IDEALPRO'}]",False,{}
99999.57,0.00,99999.57,USD,IDEALPRO-001,MARGIN,,[],False,{}
100000.00,0.00,100000.00,EUR,IDEALPRO-001,MARGIN,,[],False,{}
99999.57,0.00,99999.57,USD,IDEALPRO-001,MARGIN,,[],False,{}
100000.00,0.00,100000.00,EUR,IDEALPRO-001,MARGIN,,[],False,{}
99999.57,0.00,99999.57,USD,IDEALPRO-001,MARGIN,,[],False,{}
100000.00,0.00,100000.00,EUR,IDEALPRO-001,MARGIN,,[],False,{}
99999.57,0.00,99999.57,USD,IDEALPRO-001,MARGIN,,[],False,{}
100000.00,0.00,100000.00,EUR,IDEALPRO-001,MARGIN,,[],False,{}
99999.57,0.00,99999.57,USD,IDEALPRO-001,MARGIN,,[],False,{}
100000.00,0.00,100000.00,EUR,IDEALPRO-001,MARGIN,,[],False,{}
99999.57,0.00,99999.57,USD,IDEALPRO-001,MARGIN,,[],False,{}
100000.00,0.00,100000.00,EUR,IDEALPRO-001,MARGIN,,[],False,{}
99999.57,2.33,99997.24,USD,IDEALPRO-001,MARGIN,,"[{'type': 'MarginBalance', 'initial': '0.00', 'maintenance': '2.33', 'currency': 'USD', 'instrument_id': 'EUR/USD.IDEALPRO'}]",False,{}
100000.00,0.00,100000.00,EUR,IDEALPRO-001,MARGIN,,"[{'type': 'MarginBalance', 'initial': '0.00', 'maintenance': '2.33', 'currency': 'USD', 'instrument_id': 'EUR/USD.IDEALPRO'}]",False,{}
99999.57,2.33,99997.24,USD,IDEALPRO-001,MARGIN,,"[{'type': 'MarginBalance', 'initial': '0.00', 'maintenance': '2.33', 'currency': 'USD', 'instrument_id': 'EUR/USD.IDEALPRO'}]",False,{}
100000.00,0.00,100000.00,EUR,IDEALPRO-001,MARGIN,,"[{'type': 'MarginBalance', 'initial': '0.00', 'maintenance': '2.33', 'currency': 'USD', 'instrument_id': 'EUR/USD.IDEALPRO'}]",False,{}
99999.57,2.33,99997.24,USD,IDEALPRO-001,MARGIN,,"[{'type': 'MarginBalance', 'initial': '0.00', 'maintenance': '2.33', 'currency': 'USD', 'instrument_id': 'EUR/USD.IDEALPRO'}]",False,{}
100000.00,0.00,100000.00,EUR,IDEALPRO-001,MARGIN,,"[{'type': 'MarginBalance', 'initial': '0.00', 'maintenance': '2.33', 'currency': 'USD', 'instrument_id': 'EUR/USD.IDEALPRO'}]",False,{}
99999.57,2.33,99997.24,USD,IDEALPRO-001,MARGIN,,"[{'type': 'MarginBalance', 'initial': '0.00', 'maintenance': '2.33', 'currency': 'USD', 'instrument_id': 'EUR/USD.IDEALPRO'}]",False,{}
100000.00,0.00,100000.00,EUR,IDEALPRO-001,MARGIN,,"[{'type': 'MarginBalance', 'initial': '0.00', 'maintenance': '2.33', 'currency': 'USD', 'instrument_id': 'EUR/USD.IDEALPRO'}]",False,{}
99999.57,0.00,99999.57,USD,IDEALPRO-001,MARGIN,,[],False,{}
100000.00,0.00,100000.00,EUR,IDEALPRO-001,MARGIN,,[],False,{}
99999.57,0.00,99999.57,USD,IDEALPRO-001,MARGIN,,[],False,{}
100000.00,0.00,100000.00,EUR,IDEALPRO-001,MARGIN,,[],False,{}
99999.57,0.00,99999.57,USD,IDEALPRO-001,MARGIN,,[],False,{}
100000.00,0.00,100000.00,EUR,IDEALPRO-001,MARGIN,,[],False,{}
99999.57,0.00,99999.57,USD,IDEALPRO-001,MARGIN,,[],False,{}
100000.00,0.00,100000.00,EUR,IDEALPRO-001,MARGIN,,[],False,{}
99999.57,0.00,99999.57,USD,IDEALPRO-001,MARGIN,,[],False,{}
100000.00,0.00,100000.00,EUR,IDEALPRO-001,MARGIN,,[],False,{}
99999.57,0.00,99999.57,USD,IDEALPRO-001,MARGIN,,[],False,{}
100000.00,0.00,100000.00,EUR,IDEALPRO-001,MARGIN,,[],False,{}
99999.57,2.33,99997.24,USD,IDEALPRO-001,MARGIN,,"[{'type': 'MarginBalance', 'initial': '0.00', 'maintenance': '2.33', 'currency': 'USD', 'instrument_id': 'EUR/USD.IDEALPRO'}]",False,{}
100000.00,0.00,100000.00,EUR,IDEALPRO-001,MARGIN,,"[{'type': 'MarginBalance', 'initial': '0.00', 'maintenance': '2.33', 'currency': 'USD', 'instrument_id': 'EUR/USD.IDEALPRO'}]",False,{}
99999.57,2.33,99997.24,USD,IDEALPRO-001,MARGIN,,"[{'type': 'MarginBalance', 'initial': '0.00', 'maintenance': '2.33', 'currency': 'USD', 'instrument_id': 'EUR/USD.IDEALPRO'}]",False,{}
100000.00,0.00,100000.00,EUR,IDEALPRO-001,MARGIN,,"[{'type': 'MarginBalance', 'initial': '0.00', 'maintenance': '2.33', 'currency': 'USD', 'instrument_id': 'EUR/USD.IDEALPRO'}]",False,{}
99999.57,2.33,99997.24,USD,IDEALPRO-001,MARGIN,,"[{'type': 'MarginBalance', 'initial': '0.00', 'maintenance': '2.33', 'currency': 'USD', 'instrument_id': 'EUR/USD.IDEALPRO'}]",False,{}
100000.00,0.00,100000.00,EUR,IDEALPRO-001,MARGIN,,"[{'type': 'MarginBalance', 'initial': '0.00', 'maintenance': '2.33', 'currency': 'USD', 'instrument_id': 'EUR/USD.IDEALPRO'}]",False,{}
99999.57,2.33,99997.24,USD,IDEALPRO-001,MARGIN,,"[{'type': 'MarginBalance', 'initial': '0.00', 'maintenance': '2.33', 'currency': 'USD', 'instrument_id': 'EUR/USD.IDEALPRO'}]",False,{}
100000.00,0.00,100000.00,EUR,IDEALPRO-001,MARGIN,,"[{'type': 'MarginBalance', 'initial': '0.00', 'maintenance': '2.33', 'currency': 'USD', 'instrument_id': 'EUR/USD.IDEALPRO'}]",False,{}
99999.55,0.00,99999.55,USD,IDEALPRO-001,MARGIN,,[],False,{}
100000.00,0.00,100000.00,EUR,IDEALPRO-001,MARGIN,,[],False,{}
99999.55,0.00,99999.55,USD,IDEALPRO-001,MARGIN,,[],False,{}
100000.00,0.00,100000.00,EUR,IDEALPRO-001,MARGIN,,[],False,{}
99999.55,0.00,99999.55,USD,IDEALPRO-001,MARGIN,,[],False,{}
100000.00,0.00,100000.00,EUR,IDEALPRO-001,MARGIN,,[],False,{}
99999.55,0.00,99999.55,USD,IDEALPRO-001,MARGIN,,[],False,{}
100000.00,0.00,100000.00,EUR,IDEALPRO-001,MARGIN,,[],False,{}
99999.55,0.00,99999.55,USD,IDEALPRO-001,MARGIN,,[],False,{}
100000.00,0.00,100000.00,EUR,IDEALPRO-001,MARGIN,,[],False,{}
99999.55,0.00,99999.55,USD,IDEALPRO-001,MARGIN,,[],False,{}
100000.00,0.00,100000.00,EUR,IDEALPRO-001,MARGIN,,[],False,{}
99999.55,2.33,99997.22,USD,IDEALPRO-001,MARGIN,,"[{'type': 'MarginBalance', 'initial': '0.00', 'maintenance': '2.33', 'currency': 'USD', 'instrument_id': 'EUR/USD.IDEALPRO'}]",False,{}
100000.00,0.00,100000.00,EUR,IDEALPRO-001,MARGIN,,"[{'type': 'MarginBalance', 'initial': '0.00', 'maintenance': '2.33', 'currency': 'USD', 'instrument_id': 'EUR/USD.IDEALPRO'}]",False,{}
99999.55,2.33,99997.22,USD,IDEALPRO-001,MARGIN,,"[{'type': 'MarginBalance', 'initial': '0.00', 'maintenance': '2.33', 'currency': 'USD', 'instrument_id': 'EUR/USD.IDEALPRO'}]",False,{}
100000.00,0.00,100000.00,EUR,IDEALPRO-001,MARGIN,,"[{'type': 'MarginBalance', 'initial': '0.00', 'maintenance': '2.33', 'currency': 'USD', 'instrument_id': 'EUR/USD.IDEALPRO'}]",False,{}
99999.55,2.33,99997.22,USD,IDEALPRO-001,MARGIN,,"[{'type': 'MarginBalance', 'initial': '0.00', 'maintenance': '2.33', 'currency': 'USD', 'instrument_id': 'EUR/USD.IDEALPRO'}]",False,{}
100000.00,0.00,100000.00,EUR,IDEALPRO-001,MARGIN,,"[{'type': 'MarginBalance', 'initial': '0.00', 'maintenance': '2.33', 'currency': 'USD', 'instrument_id': 'EUR/USD.IDEALPRO'}]",False,{}
99999.55,2.33,99997.22,USD,IDEALPRO-001,MARGIN,,"[{'type': 'MarginBalance', 'initial': '0.00', 'maintenance': '2.33', 'currency': 'USD', 'instrument_id': 'EUR/USD.IDEALPRO'}]",False,{}
100000.00,0.00,100000.00,EUR,IDEALPRO-001,MARGIN,,"[{'type': 'MarginBalance', 'initial': '0.00', 'maintenance': '2.33', 'currency': 'USD', 'instrument_id': 'EUR/USD.IDEALPRO'}]",False,{}
99999.53,0.00,99999.53,USD,IDEALPRO-001,MARGIN,,[],False,{}
100000.00,0.00,100000.00,EUR,IDEALPRO-001,MARGIN,,[],False,{}
99999.53,0.00,99999.53,USD,IDEALPRO-001,MARGIN,,[],False,{}
100000.00,0.00,100000.00,EUR,IDEALPRO-001,MARGIN,,[],False,{}
99999.53,0.00,99999.53,USD,IDEALPRO-001,MARGIN,,[],False,{}
100000.00,0.00,100000.00,EUR,IDEALPRO-001,MARGIN,,[],False,{}
99999.53,0.00,99999.53,USD,IDEALPRO-001,MARGIN,,[],False,{}
100000.00,0.00,100000.00,EUR,IDEALPRO-001,MARGIN,,[],False,{}
99999.53,0.00,99999.53,USD,IDEALPRO-001,MARGIN,,[],False,{}
100000.00,0.00,100000.00,EUR,IDEALPRO-001,MARGIN,,[],False,{}
99999.53,0.00,99999.53,USD,IDEALPRO-001,MARGIN,,[],False,{}
100000.00,0.00,100000.00,EUR,IDEALPRO-001,MARGIN,,[],False,{}
99999.53,2.33,99997.20,USD,IDEALPRO-001,MARGIN,,"[{'type': 'MarginBalance', 'initial': '0.00', 'maintenance': '2.33', 'currency': 'USD', 'instrument_id': 'EUR/USD.IDEALPRO'}]",False,{}
100000.00,0.00,100000.00,EUR,IDEALPRO-001,MARGIN,,"[{'type': 'MarginBalance', 'initial': '0.00', 'maintenance': '2.33', 'currency': 'USD', 'instrument_id': 'EUR/USD.IDEALPRO'}]",False,{}
99999.53,2.33,99997.20,USD,IDEALPRO-001,MARGIN,,"[{'type': 'MarginBalance', 'initial': '0.00', 'maintenance': '2.33', 'currency': 'USD', 'instrument_id': 'EUR/USD.IDEALPRO'}]",False,{}
100000.00,0.00,100000.00,EUR,IDEALPRO-001,MARGIN,,"[{'type': 'MarginBalance', 'initial': '0.00', 'maintenance': '2.33', 'currency': 'USD', 'instrument_id': 'EUR/USD.IDEALPRO'}]",False,{}
99999.53,2.33,99997.20,USD,IDEALPRO-001,MARGIN,,"[{'type': 'MarginBalance', 'initial': '0.00', 'maintenance': '2.33', 'currency': 'USD', 'instrument_id': 'EUR/USD.IDEALPRO'}]",False,{}
100000.00,0.00,100000.00,EUR,IDEALPRO-001,MARGIN,,"[{'type': 'MarginBalance', 'initial': '0.00', 'maintenance': '2.33', 'currency': 'USD', 'instrument_id': 'EUR/USD.IDEALPRO'}]",False,{}
99999.53,2.33,99997.20,USD,IDEALPRO-001,MARGIN,,"[{'type': 'MarginBalance', 'initial': '0.00', 'maintenance': '2.33', 'currency': 'USD', 'instrument_id': 'EUR/USD.IDEALPRO'}]",False,{}
100000.00,0.00,100000.00,EUR,IDEALPRO-001,MARGIN,,"[{'type': 'MarginBalance', 'initial': '0.00', 'maintenance': '2.33', 'currency': 'USD', 'instrument_id': 'EUR/USD.IDEALPRO'}]",False,{}
99999.54,0.00,99999.54,USD,IDEALPRO-001,MARGIN,,[],False,{}
100000.00,0.00,100000.00,EUR,IDEALPRO-001,MARGIN,,[],False,{}
99999.54,0.00,99999.54,USD,IDEALPRO-001,MARGIN,,[],False,{}
100000.00,0.00,100000.00,EUR,IDEALPRO-001,MARGIN,,[],False,{}
99999.54,0.00,99999.54,USD,IDEALPRO-001,MARGIN,,[],False,{}
100000.00,0.00,100000.00,EUR,IDEALPRO-001,MARGIN,,[],False,{}
99999.54,0.00,99999.54,USD,IDEALPRO-001,MARGIN,,[],False,{}
100000.00,0.00,100000.00,EUR,IDEALPRO-001,MARGIN,,[],False,{}
99999.54,0.00,99999.54,USD,IDEALPRO-001,MARGIN,,[],False,{}
100000.00,0.00,100000.00,EUR,IDEALPRO-001,MARGIN,,[],False,{}
99999.54,0.00,99999.54,USD,IDEALPRO-001,MARGIN,,[],False,{}
100000.00,0.00,100000.00,EUR,IDEALPRO-001,MARGIN,,[],False,{}
99999.54,2.33,99997.21,USD,IDEALPRO-001,MARGIN,,"[{'type': 'MarginBalance', 'initial': '0.00', 'maintenance': '2.33', 'currency': 'USD', 'instrument_id': 'EUR/USD.IDEALPRO'}]",False,{}
100000.00,0.00,100000.00,EUR,IDEALPRO-001,MARGIN,,"[{'type': 'MarginBalance', 'initial': '0.00', 'maintenance': '2.33', 'currency': 'USD', 'instrument_id': 'EUR/USD.IDEALPRO'}]",False,{}
99999.54,2.33,99997.21,USD,IDEALPRO-001,MARGIN,,"[{'type': 'MarginBalance', 'initial': '0.00', 'maintenance': '2.33', 'currency': 'USD', 'instrument_id': 'EUR/USD.IDEALPRO'}]",False,{}
100000.00,0.00,100000.00,EUR,IDEALPRO-001,MARGIN,,"[{'type': 'MarginBalance', 'initial': '0.00', 'maintenance': '2.33', 'currency': 'USD', 'instrument_id': 'EUR/USD.IDEALPRO'}]",False,{}
99999.54,2.33,99997.21,USD,IDEALPRO-001,MARGIN,,"[{'type': 'MarginBalance', 'initial': '0.00', 'maintenance': '2.33', 'currency': 'USD', 'instrument_id': 'EUR/USD.IDEALPRO'}]",False,{}
100000.00,0.00,100000.00,EUR,IDEALPRO-001,MARGIN,,"[{'type': 'MarginBalance', 'initial': '0.00', 'maintenance': '2.33', 'currency': 'USD', 'instrument_id': 'EUR/USD.IDEALPRO'}]",False,{}
99999.54,2.33,99997.21,USD,IDEALPRO-001,MARGIN,,"[{'type': 'MarginBalance', 'initial': '0.00', 'maintenance': '2.33', 'currency': 'USD', 'instrument_id': 'EUR/USD.IDEALPRO'}]",False,{}
100000.00,0.00,100000.00,EUR,IDEALPRO-001,MARGIN,,"[{'type': 'MarginBalance', 'initial': '0.00', 'maintenance': '2.33', 'currency': 'USD', 'instrument_id': 'EUR/USD.IDEALPRO'}]",False,{}
99999.52,0.00,99999.52,USD,IDEALPRO-001,MARGIN,,[],False,{}
100000.00,0.00,100000.00,EUR,IDEALPRO-001,MARGIN,,[],False,{}
99999.52,0.00,99999.52,USD,IDEALPRO-001,MARGIN,,[],False,{}
100000.00,0.00,100000.00,EUR,IDEALPRO-001,MARGIN,,[],False,{}
99999.52,0.00,99999.52,USD,IDEALPRO-001,MARGIN,,[],False,{}
100000.00,0.00,100000.00,EUR,IDEALPRO-001,MARGIN,,[],False,{}
99999.52,0.00,99999.52,USD,IDEALPRO-001,MARGIN,,[],False,{}
100000.00,0.00,100000.00,EUR,IDEALPRO-001,MARGIN,,[],False,{}
99999.52,0.00,99999.52,USD,IDEALPRO-001,MARGIN,,[],False,{}
100000.00,0.00,100000.00,EUR,IDEALPRO-001,MARGIN,,[],False,{}
99999.52,0.00,99999.52,USD,IDEALPRO-001,MARGIN,,[],False,{}
100000.00,0.00,100000.00,EUR,IDEALPRO-001,MARGIN,,[],False,{}
99999.52,2.33,99997.19,USD,IDEALPRO-001,MARGIN,,"[{'type': 'MarginBalance', 'initial': '0.00', 'maintenance': '2.33', 'currency': 'USD', 'instrument_id': 'EUR/USD.IDEALPRO'}]",False,{}
100000.00,0.00,100000.00,EUR,IDEALPRO-001,MARGIN,,"[{'type': 'MarginBalance', 'initial': '0.00', 'maintenance': '2.33', 'currency': 'USD', 'instrument_id': 'EUR/USD.IDEALPRO'}]",False,{}
99999.52,2.33,99997.19,USD,IDEALPRO-001,MARGIN,,"[{'type': 'MarginBalance', 'initial': '0.00', 'maintenance': '2.33', 'currency': 'USD', 'instrument_id': 'EUR/USD.IDEALPRO'}]",False,{}
100000.00,0.00,100000.00,EUR,IDEALPRO-001,MARGIN,,"[{'type': 'MarginBalance', 'initial': '0.00', 'maintenance': '2.33', 'currency': 'USD', 'instrument_id': 'EUR/USD.IDEALPRO'}]",False,{}
99999.52,2.33,99997.19,USD,IDEALPRO-001,MARGIN,,"[{'type': 'MarginBalance', 'initial': '0.00', 'maintenance': '2.33', 'currency': 'USD', 'instrument_id': 'EUR/USD.IDEALPRO'}]",False,{}
100000.00,0.00,100000.00,EUR,IDEALPRO-001,MARGIN,,"[{'type': 'MarginBalance', 'initial': '0.00', 'maintenance': '2.33', 'currency': 'USD', 'instrument_id': 'EUR/USD.IDEALPRO'}]",False,{}
99999.52,2.33,99997.19,USD,IDEALPRO-001,MARGIN,,"[{'type': 'MarginBalance', 'initial': '0.00', 'maintenance': '2.33', 'currency': 'USD', 'instrument_id': 'EUR/USD.IDEALPRO'}]",False,{}
100000.00,0.00,100000.00,EUR,IDEALPRO-001,MARGIN,,"[{'type': 'MarginBalance', 'initial': '0.00', 'maintenance': '2.33', 'currency': 'USD', 'instrument_id': 'EUR/USD.IDEALPRO'}]",False,{}
99999.49,0.00,99999.49,USD,IDEALPRO-001,MARGIN,,[],False,{}
100000.00,0.00,100000.00,EUR,IDEALPRO-001,MARGIN,,[],False,{}
99999.49,0.00,99999.49,USD,IDEALPRO-001,MARGIN,,[],False,{}
100000.00,0.00,100000.00,EUR,IDEALPRO-001,MARGIN,,[],False,{}
99999.49,0.00,99999.49,USD,IDEALPRO-001,MARGIN,,[],False,{}
100000.00,0.00,100000.00,EUR,IDEALPRO-001,MARGIN,,[],False,{}
99999.49,0.00,99999.49,USD,IDEALPRO-001,MARGIN,,[],False,{}
100000.00,0.00,100000.00,EUR,IDEALPRO-001,MARGIN,,[],False,{}
99999.49,0.00,99999.49,USD,IDEALPRO-001,MARGIN,,[],False,{}
100000.00,0.00,100000.00,EUR,IDEALPRO-001,MARGIN,,[],False,{}
99999.49,0.00,99999.49,USD,IDEALPRO-001,MARGIN,,[],False,{}
100000.00,0.00,100000.00,EUR,IDEALPRO-001,MARGIN,,[],False,{}
99999.49,2.33,99997.16,USD,IDEALPRO-001,MARGIN,,"[{'type': 'MarginBalance', 'initial': '0.00', 'maintenance': '2.33', 'currency': 'USD', 'instrument_id': 'EUR/USD.IDEALPRO'}]",False,{}
100000.00,0.00,100000.00,EUR,IDEALPRO-001,MARGIN,,"[{'type': 'MarginBalance', 'initial': '0.00', 'maintenance': '2.33', 'currency': 'USD', 'instrument_id': 'EUR/USD.IDEALPRO'}]",False,{}
99999.49,2.33,99997.16,USD,IDEALPRO-001,MARGIN,,"[{'type': 'MarginBalance', 'initial': '0.00', 'maintenance': '2.33', 'currency': 'USD', 'instrument_id': 'EUR/USD.IDEALPRO'}]",False,{}
100000.00,0.00,100000.00,EUR,IDEALPRO-001,MARGIN,,"[{'type': 'MarginBalance', 'initial': '0.00', 'maintenance': '2.33', 'currency': 'USD', 'instrument_id': 'EUR/USD.IDEALPRO'}]",False,{}
99999.49,2.33,99997.16,USD,IDEALPRO-001,MARGIN,,"[{'type': 'MarginBalance', 'initial': '0.00', 'maintenance': '2.33', 'currency': 'USD', 'instrument_id': 'EUR/USD.IDEALPRO'}]",False,{}
100000.00,0.00,100000.00,EUR,IDEALPRO-001,MARGIN,,"[{'type': 'MarginBalance', 'initial': '0.00', 'maintenance': '2.33', 'currency': 'USD', 'instrument_id': 'EUR/USD.IDEALPRO'}]",False,{}
99999.49,2.33,99997.16,USD,IDEALPRO-001,MARGIN,,"[{'type': 'MarginBalance', 'initial': '0.00', 'maintenance': '2.33', 'currency': 'USD', 'instrument_id': 'EUR/USD.IDEALPRO'}]",False,{}
100000.00,0.00,100000.00,EUR,IDEALPRO-001,MARGIN,,"[{'type': 'MarginBalance', 'initial': '0.00', 'maintenance': '2.33', 'currency': 'USD', 'instrument_id': 'EUR/USD.IDEALPRO'}]",False,{}
99999.49,0.00,99999.49,USD,IDEALPRO-001,MARGIN,,[],False,{}
100000.00,0.00,100000.00,EUR,IDEALPRO-001,MARGIN,,[],False,{}
99999.49,0.00,99999.49,USD,IDEALPRO-001,MARGIN,,[],False,{}
100000.00,0.00,100000.00,EUR,IDEALPRO-001,MARGIN,,[],False,{}
99999.49,0.00,99999.49,USD,IDEALPRO-001,MARGIN,,[],False,{}
100000.00,0.00,100000.00,EUR,IDEALPRO-001,MARGIN,,[],False,{}
99999.49,0.00,99999.49,USD,IDEALPRO-001,MARGIN,,[],False,{}
100000.00,0.00,100000.00,EUR,IDEALPRO-001,MARGIN,,[],False,{}
99999.49,0.00,99999.49,USD,IDEALPRO-001,MARGIN,,[],False,{}
100000.00,0.00,100000.00,EUR,IDEALPRO-001,MARGIN,,[],False,{}
99999.49,0.00,99999.49,USD,IDEALPRO-001,MARGIN,,[],False,{}
100000.00,0.00,100000.00,EUR,IDEALPRO-001,MARGIN,,[],False,{}
99999.49,2.33,99997.16,USD,IDEALPRO-001,MARGIN,,"[{'type': 'MarginBalance', 'initial': '0.00', 'maintenance': '2.33', 'currency': 'USD', 'instrument_id': 'EUR/USD.IDEALPRO'}]",False,{}
100000.00,0.00,100000.00,EUR,IDEALPRO-001,MARGIN,,"[{'type': 'MarginBalance', 'initial': '0.00', 'maintenance': '2.33', 'currency': 'USD', 'instrument_id': 'EUR/USD.IDEALPRO'}]",False,{}
99999.49,2.33,99997.16,USD,IDEALPRO-001,MARGIN,,"[{'type': 'MarginBalance', 'initial': '0.00', 'maintenance': '2.33', 'currency': 'USD', 'instrument_id': 'EUR/USD.IDEALPRO'}]",False,{}
100000.00,0.00,100000.00,EUR,IDEALPRO-001,MARGIN,,"[{'type': 'MarginBalance', 'initial': '0.00', 'maintenance': '2.33', 'currency': 'USD', 'instrument_id': 'EUR/USD.IDEALPRO'}]",False,{}
99999.49,2.33,99997.16,USD,IDEALPRO-001,MARGIN,,"[{'type': 'MarginBalance', 'initial': '0.00', 'maintenance': '2.33', 'currency': 'USD', 'instrument_id': 'EUR/USD.IDEALPRO'}]",False,{}
100000.00,0.00,100000.00,EUR,IDEALPRO-001,MARGIN,,"[{'type': 'MarginBalance', 'initial': '0.00', 'maintenance': '2.33', 'currency': 'USD', 'instrument_id': 'EUR/USD.IDEALPRO'}]",False,{}
99999.49,2.33,99997.16,USD,IDEALPRO-001,MARGIN,,"[{'type': 'MarginBalance', 'initial': '0.00', 'maintenance': '2.33', 'currency': 'USD', 'instrument_id': 'EUR/USD.IDEALPRO'}]",False,{}
100000.00,0.00,100000.00,EUR,IDEALPRO-001,MARGIN,,"[{'type': 'MarginBalance', 'initial': '0.00', 'maintenance': '2.33', 'currency': 'USD', 'instrument_id': 'EUR/USD.IDEALPRO'}]",False,{}
99999.50,0.00,99999.50,USD,IDEALPRO-001,MARGIN,,[],False,{}
100000.00,0.00,100000.00,EUR,IDEALPRO-001,MARGIN,,[],False,{}
99999.50,0.00,99999.50,USD,IDEALPRO-001,MARGIN,,[],False,{}
100000.00,0.00,100000.00,EUR,IDEALPRO-001,MARGIN,,[],False,{}
99999.50,0.00,99999.50,USD,IDEALPRO-001,MARGIN,,[],False,{}
100000.00,0.00,100000.00,EUR,IDEALPRO-001,MARGIN,,[],False,{}
99999.50,0.00,99999.50,USD,IDEALPRO-001,MARGIN,,[],False,{}
100000.00,0.00,100000.00,EUR,IDEALPRO-001,MARGIN,,[],False,{}
99999.50,0.00,99999.50,USD,IDEALPRO-001,MARGIN,,[],False,{}
100000.00,0.00,100000.00,EUR,IDEALPRO-001,MARGIN,,[],False,{}
99999.50,0.00,99999.50,USD,IDEALPRO-001,MARGIN,,[],False,{}
100000.00,0.00,100000.00,EUR,IDEALPRO-001,MARGIN,,[],False,{}
99999.50,2.33,99997.17,USD,IDEALPRO-001,MARGIN,,"[{'type': 'MarginBalance', 'initial': '0.00', 'maintenance': '2.33', 'currency': 'USD', 'instrument_id': 'EUR/USD.IDEALPRO'}]",False,{}
100000.00,0.00,100000.00,EUR,IDEALPRO-001,MARGIN,,"[{'type': 'MarginBalance', 'initial': '0.00', 'maintenance': '2.33', 'currency': 'USD', 'instrument_id': 'EUR/USD.IDEALPRO'}]",False,{}
99999.50,2.33,99997.17,USD,IDEALPRO-001,MARGIN,,"[{'type': 'MarginBalance', 'initial': '0.00', 'maintenance': '2.33', 'currency': 'USD', 'instrument_id': 'EUR/USD.IDEALPRO'}]",False,{}
100000.00,0.00,100000.00,EUR,IDEALPRO-001,MARGIN,,"[{'type': 'MarginBalance', 'initial': '0.00', 'maintenance': '2.33', 'currency': 'USD', 'instrument_id': 'EUR/USD.IDEALPRO'}]",False,{}
99999.50,2.33,99997.17,USD,IDEALPRO-001,MARGIN,,"[{'type': 'MarginBalance', 'initial': '0.00', 'maintenance': '2.33', 'currency': 'USD', 'instrument_id': 'EUR/USD.IDEALPRO'}]",False,{}
100000.00,0.00,100000.00,EUR,IDEALPRO-001,MARGIN,,"[{'type': 'MarginBalance', 'initial': '0.00', 'maintenance': '2.33', 'currency': 'USD', 'instrument_id': 'EUR/USD.IDEALPRO'}]",False,{}
99999.50,2.33,99997.17,USD,IDEALPRO-001,MARGIN,,"[{'type': 'MarginBalance', 'initial': '0.00', 'maintenance': '2.33', 'currency': 'USD', 'instrument_id': 'EUR/USD.IDEALPRO'}]",False,{}
100000.00,0.00,100000.00,EUR,IDEALPRO-001,MARGIN,,"[{'type': 'MarginBalance', 'initial': '0.00', 'maintenance': '2.33', 'currency': 'USD', 'instrument_id': 'EUR/USD.IDEALPRO'}]",False,{}
99999.45,0.00,99999.45,USD,IDEALPRO-001,MARGIN,,[],False,{}
100000.00,0.00,100000.00,EUR,IDEALPRO-001,MARGIN,,[],False,{}
99999.45,0.00,99999.45,USD,IDEALPRO-001,MARGIN,,[],False,{}
100000.00,0.00,100000.00,EUR,IDEALPRO-001,MARGIN,,[],False,{}
99999.45,0.00,99999.45,USD,IDEALPRO-001,MARGIN,,[],False,{}
100000.00,0.00,100000.00,EUR,IDEALPRO-001,MARGIN,,[],False,{}
99999.45,0.00,99999.45,USD,IDEALPRO-001,MARGIN,,[],False,{}
100000.00,0.00,100000.00,EUR,IDEALPRO-001,MARGIN,,[],False,{}
99999.45,0.00,99999.45,USD,IDEALPRO-001,MARGIN,,[],False,{}
100000.00,0.00,100000.00,EUR,IDEALPRO-001,MARGIN,,[],False,{}
99999.45,0.00,99999.45,USD,IDEALPRO-001,MARGIN,,[],False,{}
100000.00,0.00,100000.00,EUR,IDEALPRO-001,MARGIN,,[],False,{}
99999.45,2.33,99997.12,USD,IDEALPRO-001,MARGIN,,"[{'type': 'MarginBalance', 'initial': '0.00', 'maintenance': '2.33', 'currency': 'USD', 'instrument_id': 'EUR/USD.IDEALPRO'}]",False,{}
100000.00,0.00,100000.00,EUR,IDEALPRO-001,MARGIN,,"[{'type': 'MarginBalance', 'initial': '0.00', 'maintenance': '2.33', 'currency': 'USD', 'instrument_id': 'EUR/USD.IDEALPRO'}]",False,{}
99999.45,2.33,99997.12,USD,IDEALPRO-001,MARGIN,,"[{'type': 'MarginBalance', 'initial': '0.00', 'maintenance': '2.33', 'currency': 'USD', 'instrument_id': 'EUR/USD.IDEALPRO'}]",False,{}
100000.00,0.00,100000.00,EUR,IDEALPRO-001,MARGIN,,"[{'type': 'MarginBalance', 'initial': '0.00', 'maintenance': '2.33', 'currency': 'USD', 'instrument_id': 'EUR/USD.IDEALPRO'}]",False,{}
99999.45,2.33,99997.12,USD,IDEALPRO-001,MARGIN,,"[{'type': 'MarginBalance', 'initial': '0.00', 'maintenance': '2.33', 'currency': 'USD', 'instrument_id': 'EUR/USD.IDEALPRO'}]",False,{}
100000.00,0.00,100000.00,EUR,IDEALPRO-001,MARGIN,,"[{'type': 'MarginBalance', 'initial': '0.00', 'maintenance': '2.33', 'currency': 'USD', 'instrument_id': 'EUR/USD.IDEALPRO'}]",False,{}
99999.45,2.33,99997.12,USD,IDEALPRO-001,MARGIN,,"[{'type': 'MarginBalance', 'initial': '0.00', 'maintenance': '2.33', 'currency': 'USD', 'instrument_id': 'EUR/USD.IDEALPRO'}]",False,{}
100000.00,0.00,100000.00,EUR,IDEALPRO-001,MARGIN,,"[{'type': 'MarginBalance', 'initial': '0.00', 'maintenance': '2.33', 'currency': 'USD', 'instrument_id': 'EUR/USD.IDEALPRO'}]",False,{}
99999.44,0.00,99999.44,USD,IDEALPRO-001,MARGIN,,[],False,{}
100000.00,0.00,100000.00,EUR,IDEALPRO-001,MARGIN,,[],False,{}
99999.44,0.00,99999.44,USD,IDEALPRO-001,MARGIN,,[],False,{}
100000.00,0.00,100000.00,EUR,IDEALPRO-001,MARGIN,,[],False,{}
99999.44,0.00,99999.44,USD,IDEALPRO-001,MARGIN,,[],False,{}
100000.00,0.00,100000.00,EUR,IDEALPRO-001,MARGIN,,[],False,{}
99999.44,0.00,99999.44,USD,IDEALPRO-001,MARGIN,,[],False,{}
100000.00,0.00,100000.00,EUR,IDEALPRO-001,MARGIN,,[],False,{}
99999.44,0.00,99999.44,USD,IDEALPRO-001,MARGIN,,[],False,{}
100000.00,0.00,100000.00,EUR,IDEALPRO-001,MARGIN,,[],False,{}
99999.44,0.00,99999.44,USD,IDEALPRO-001,MARGIN,,[],False,{}
100000.00,0.00,100000.00,EUR,IDEALPRO-001,MARGIN,,[],False,{}
99999.44,2.33,99997.11,USD,IDEALPRO-001,MARGIN,,"[{'type': 'MarginBalance', 'initial': '0.00', 'maintenance': '2.33', 'currency': 'USD', 'instrument_id': 'EUR/USD.IDEALPRO'}]",False,{}
100000.00,0.00,100000.00,EUR,IDEALPRO-001,MARGIN,,"[{'type': 'MarginBalance', 'initial': '0.00', 'maintenance': '2.33', 'currency': 'USD', 'instrument_id': 'EUR/USD.IDEALPRO'}]",False,{}
99999.44,2.33,99997.11,USD,IDEALPRO-001,MARGIN,,"[{'type': 'MarginBalance', 'initial': '0.00', 'maintenance': '2.33', 'currency': 'USD', 'instrument_id': 'EUR/USD.IDEALPRO'}]",False,{}
100000.00,0.00,100000.00,EUR,IDEALPRO-001,MARGIN,,"[{'type': 'MarginBalance', 'initial': '0.00', 'maintenance': '2.33', 'currency': 'USD', 'instrument_id': 'EUR/USD.IDEALPRO'}]",False,{}
99999.44,2.33,99997.11,USD,IDEALPRO-001,MARGIN,,"[{'type': 'MarginBalance', 'initial': '0.00', 'maintenance': '2.33', 'currency': 'USD', 'instrument_id': 'EUR/USD.IDEALPRO'}]",False,{}
100000.00,0.00,100000.00,EUR,IDEALPRO-001,MARGIN,,"[{'type': 'MarginBalance', 'initial': '0.00', 'maintenance': '2.33', 'currency': 'USD', 'instrument_id': 'EUR/USD.IDEALPRO'}]",False,{}
99999.44,2.33,99997.11,USD,IDEALPRO-001,MARGIN,,"[{'type': 'MarginBalance', 'initial': '0.00', 'maintenance': '2.33', 'currency': 'USD', 'instrument_id': 'EUR/USD.IDEALPRO'}]",False,{}
100000.00,0.00,100000.00,EUR,IDEALPRO-001,MARGIN,,"[{'type': 'MarginBalance', 'initial': '0.00', 'maintenance': '2.33', 'currency': 'USD', 'instrument_id': 'EUR/USD.IDEALPRO'}]",False,{}
99999.56,0.00,99999.56,USD,IDEALPRO-001,MARGIN,,[],False,{}
100000.00,0.00,100000.00,EUR,IDEALPRO-001,MARGIN,,[],False,{}
99999.56,0.00,99999.56,USD,IDEALPRO-001,MARGIN,,[],False,{}
100000.00,0.00,100000.00,EUR,IDEALPRO-001,MARGIN,,[],False,{}
99999.56,0.00,99999.56,USD,IDEALPRO-001,MARGIN,,[],False,{}
100000.00,0.00,100000.00,EUR,IDEALPRO-001,MARGIN,,[],False,{}
99999.56,0.00,99999.56,USD,IDEALPRO-001,MARGIN,,[],False,{}
100000.00,0.00,100000.00,EUR,IDEALPRO-001,MARGIN,,[],False,{}
99999.56,0.00,99999.56,USD,IDEALPRO-001,MARGIN,,[],False,{}
100000.00,0.00,100000.00,EUR,IDEALPRO-001,MARGIN,,[],False,{}
99999.56,0.00,99999.56,USD,IDEALPRO-001,MARGIN,,[],False,{}
100000.00,0.00,100000.00,EUR,IDEALPRO-001,MARGIN,,[],False,{}
99999.56,2.33,99997.23,USD,IDEALPRO-001,MARGIN,,"[{'type': 'MarginBalance', 'initial': '0.00', 'maintenance': '2.33', 'currency': 'USD', 'instrument_id': 'EUR/USD.IDEALPRO'}]",False,{}
100000.00,0.00,100000.00,EUR,IDEALPRO-001,MARGIN,,"[{'type': 'MarginBalance', 'initial': '0.00', 'maintenance': '2.33', 'currency': 'USD', 'instrument_id': 'EUR/USD.IDEALPRO'}]",False,{}
99999.56,2.33,99997.23,USD,IDEALPRO-001,MARGIN,,"[{'type': 'MarginBalance', 'initial': '0.00', 'maintenance': '2.33', 'currency': 'USD', 'instrument_id': 'EUR/USD.IDEALPRO'}]",False,{}
100000.00,0.00,100000.00,EUR,IDEALPRO-001,MARGIN,,"[{'type': 'MarginBalance', 'initial': '0.00', 'maintenance': '2.33', 'currency': 'USD', 'instrument_id': 'EUR/USD.IDEALPRO'}]",False,{}
99999.56,2.33,99997.23,USD,IDEALPRO-001,MARGIN,,"[{'type': 'MarginBalance', 'initial': '0.00', 'maintenance': '2.33', 'currency': 'USD', 'instrument_id': 'EUR/USD.IDEALPRO'}]",False,{}
100000.00,0.00,100000.00,EUR,IDEALPRO-001,MARGIN,,"[{'type': 'MarginBalance', 'initial': '0.00', 'maintenance': '2.33', 'currency': 'USD', 'instrument_id': 'EUR/USD.IDEALPRO'}]",False,{}
99999.56,2.33,99997.23,USD,IDEALPRO-001,MARGIN,,"[{'type': 'MarginBalance', 'initial': '0.00', 'maintenance': '2.33', 'currency': 'USD', 'instrument_id': 'EUR/USD.IDEALPRO'}]",False,{}
100000.00,0.00,100000.00,EUR,IDEALPRO-001,MARGIN,,"[{'type': 'MarginBalance', 'initial': '0.00', 'maintenance': '2.33', 'currency': 'USD', 'instrument_id': 'EUR/USD.IDEALPRO'}]",False,{}
99999.57,0.00,99999.57,USD,IDEALPRO-001,MARGIN,,[],False,{}
100000.00,0.00,100000.00,EUR,IDEALPRO-001,MARGIN,,[],False,{}
99999.57,0.00,99999.57,USD,IDEALPRO-001,MARGIN,,[],False,{}
100000.00,0.00,100000.00,EUR,IDEALPRO-001,MARGIN,,[],False,{}
99999.57,0.00,99999.57,USD,IDEALPRO-001,MARGIN,,[],False,{}
100000.00,0.00,100000.00,EUR,IDEALPRO-001,MARGIN,,[],False,{}
99999.57,0.00,99999.57,USD,IDEALPRO-001,MARGIN,,[],False,{}
100000.00,0.00,100000.00,EUR,IDEALPRO-001,MARGIN,,[],False,{}
99999.57,0.00,99999.57,USD,IDEALPRO-001,MARGIN,,[],False,{}
100000.00,0.00,100000.00,EUR,IDEALPRO-001,MARGIN,,[],False,{}
99999.57,0.00,99999.57,USD,IDEALPRO-001,MARGIN,,[],False,{}
100000.00,0.00,100000.00,EUR,IDEALPRO-001,MARGIN,,[],False,{}
99999.57,2.33,99997.24,USD,IDEALPRO-001,MARGIN,,"[{'type': 'MarginBalance', 'initial': '0.00', 'maintenance': '2.33', 'currency': 'USD', 'instrument_id': 'EUR/USD.IDEALPRO'}]",False,{}
100000.00,0.00,100000.00,EUR,IDEALPRO-001,MARGIN,,"[{'type': 'MarginBalance', 'initial': '0.00', 'maintenance': '2.33', 'currency': 'USD', 'instrument_id': 'EUR/USD.IDEALPRO'}]",False,{}
99999.57,2.33,99997.24,USD,IDEALPRO-001,MARGIN,,"[{'type': 'MarginBalance', 'initial': '0.00', 'maintenance': '2.33', 'currency': 'USD', 'instrument_id': 'EUR/USD.IDEALPRO'}]",False,{}
100000.00,0.00,100000.00,EUR,IDEALPRO-001,MARGIN,,"[{'type': 'MarginBalance', 'initial': '0.00', 'maintenance': '2.33', 'currency': 'USD', 'instrument_id': 'EUR/USD.IDEALPRO'}]",False,{}
99999.57,2.33,99997.24,USD,IDEALPRO-001,MARGIN,,"[{'type': 'MarginBalance', 'initial': '0.00', 'maintenance': '2.33', 'currency': 'USD', 'instrument_id': 'EUR/USD.IDEALPRO'}]",False,{}
100000.00,0.00,100000.00,EUR,IDEALPRO-001,MARGIN,,"[{'type': 'MarginBalance', 'initial': '0.00', 'maintenance': '2.33', 'currency': 'USD', 'instrument_id': 'EUR/USD.IDEALPRO'}]",False,{}
99999.57,2.33,99997.24,USD,IDEALPRO-001,MARGIN,,"[{'type': 'MarginBalance', 'initial': '0.00', 'maintenance': '2.33', 'currency': 'USD', 'instrument_id': 'EUR/USD.IDEALPRO'}]",False,{}
100000.00,0.00,100000.00,EUR,IDEALPRO-001,MARGIN,,"[{'type': 'MarginBalance', 'initial': '0.00', 'maintenance': '2.33', 'currency': 'USD', 'instrument_id': 'EUR/USD.IDEALPRO'}]",False,{}
99999.54,0.00,99999.54,USD,IDEALPRO-001,MARGIN,,[],False,{}
100000.00,0.00,100000.00,EUR,IDEALPRO-001,MARGIN,,[],False,{}
99999.54,0.00,99999.54,USD,IDEALPRO-001,MARGIN,,[],False,{}
100000.00,0.00,100000.00,EUR,IDEALPRO-001,MARGIN,,[],False,{}
99999.54,0.00,99999.54,USD,IDEALPRO-001,MARGIN,,[],False,{}
100000.00,0.00,100000.00,EUR,IDEALPRO-001,MARGIN,,[],False,{}
99999.54,0.00,99999.54,USD,IDEALPRO-001,MARGIN,,[],False,{}
100000.00,0.00,100000.00,EUR,IDEALPRO-001,MARGIN,,[],False,{}
99999.54,0.00,99999.54,USD,IDEALPRO-001,MARGIN,,[],False,{}
100000.00,0.00,100000.00,EUR,IDEALPRO-001,MARGIN,,[],False,{}
99999.54,0.00,99999.54,USD,IDEALPRO-001,MARGIN,,[],False,{}
100000.00,0.00,100000.00,EUR,IDEALPRO-001,MARGIN,,[],False,{}
99999.54,2.33,99997.21,USD,IDEALPRO-001,MARGIN,,"[{'type': 'MarginBalance', 'initial': '0.00', 'maintenance': '2.33', 'currency': 'USD', 'instrument_id': 'EUR/USD.IDEALPRO'}]",False,{}
100000.00,0.00,100000.00,EUR,IDEALPRO-001,MARGIN,,"[{'type': 'MarginBalance', 'initial': '0.00', 'maintenance': '2.33', 'currency': 'USD', 'instrument_id': 'EUR/USD.IDEALPRO'}]",False,{}
99999.54,2.33,99997.21,USD,IDEALPRO-001,MARGIN,,"[{'type': 'MarginBalance', 'initial': '0.00', 'maintenance': '2.33', 'currency': 'USD', 'instrument_id': 'EUR/USD.IDEALPRO'}]",False,{}
100000.00,0.00,100000.00,EUR,IDEALPRO-001,MARGIN,,"[{'type': 'MarginBalance', 'initial': '0.00', 'maintenance': '2.33', 'currency': 'USD', 'instrument_id': 'EUR/USD.IDEALPRO'}]",False,{}
99999.54,2.33,99997.21,USD,IDEALPRO-001,MARGIN,,"[{'type': 'MarginBalance', 'initial': '0.00', 'maintenance': '2.33', 'currency': 'USD', 'instrument_id': 'EUR/USD.IDEALPRO'}]",False,{}
100000.00,0.00,100000.00,EUR,IDEALPRO-001,MARGIN,,"[{'type': 'MarginBalance', 'initial': '0.00', 'maintenance': '2.33', 'currency': 'USD', 'instrument_id': 'EUR/USD.IDEALPRO'}]",False,{}
99999.54,2.33,99997.21,USD,IDEALPRO-001,MARGIN,,"[{'type': 'MarginBalance', 'initial': '0.00', 'maintenance': '2.33', 'currency': 'USD', 'instrument_id': 'EUR/USD.IDEALPRO'}]",False,{}
100000.00,0.00,100000.00,EUR,IDEALPRO-001,MARGIN,,"[{'type': 'MarginBalance', 'initial': '0.00', 'maintenance': '2.33', 'currency': 'USD', 'instrument_id': 'EUR/USD.IDEALPRO'}]",False,{}
99999.50,0.00,99999.50,USD,IDEALPRO-001,MARGIN,,[],False,{}
100000.00,0.00,100000.00,EUR,IDEALPRO-001,MARGIN,,[],False,{}
99999.50,0.00,99999.50,USD,IDEALPRO-001,MARGIN,,[],False,{}
100000.00,0.00,100000.00,EUR,IDEALPRO-001,MARGIN,,[],False,{}
99999.50,0.00,99999.50,USD,IDEALPRO-001,MARGIN,,[],False,{}
100000.00,0.00,100000.00,EUR,IDEALPRO-001,MARGIN,,[],False,{}
99999.50,0.00,99999.50,USD,IDEALPRO-001,MARGIN,,[],False,{}
100000.00,0.00,100000.00,EUR,IDEALPRO-001,MARGIN,,[],False,{}
99999.50,0.00,99999.50,USD,IDEALPRO-001,MARGIN,,[],False,{}
100000.00,0.00,100000.00,EUR,IDEALPRO-001,MARGIN,,[],False,{}
99999.50,0.00,99999.50,USD,IDEALPRO-001,MARGIN,,[],False,{}
100000.00,0.00,100000.00,EUR,IDEALPRO-001,MARGIN,,[],False,{}
99999.50,2.33,99997.17,USD,IDEALPRO-001,MARGIN,,"[{'type': 'MarginBalance', 'initial': '0.00', 'maintenance': '2.33', 'currency': 'USD', 'instrument_id': 'EUR/USD.IDEALPRO'}]",False,{}
100000.00,0.00,100000.00,EUR,IDEALPRO-001,MARGIN,,"[{'type': 'MarginBalance', 'initial': '0.00', 'maintenance': '2.33', 'currency': 'USD', 'instrument_id': 'EUR/USD.IDEALPRO'}]",False,{}
99999.50,2.33,99997.17,USD,IDEALPRO-001,MARGIN,,"[{'type': 'MarginBalance', 'initial': '0.00', 'maintenance': '2.33', 'currency': 'USD', 'instrument_id': 'EUR/USD.IDEALPRO'}]",False,{}
100000.00,0.00,100000.00,EUR,IDEALPRO-001,MARGIN,,"[{'type': 'MarginBalance', 'initial': '0.00', 'maintenance': '2.33', 'currency': 'USD', 'instrument_id': 'EUR/USD.IDEALPRO'}]",False,{}
99999.50,2.33,99997.17,USD,IDEALPRO-001,MARGIN,,"[{'type': 'MarginBalance', 'initial': '0.00', 'maintenance': '2.33', 'currency': 'USD', 'instrument_id': 'EUR/USD.IDEALPRO'}]",False,{}
100000.00,0.00,100000.00,EUR,IDEALPRO-001,MARGIN,,"[{'type': 'MarginBalance', 'initial': '0.00', 'maintenance': '2.33', 'currency': 'USD', 'instrument_id': 'EUR/USD.IDEALPRO'}]",False,{}
99999.50,2.33,99997.17,USD,IDEALPRO-001,MARGIN,,"[{'type': 'MarginBalance', 'initial': '0.00', 'maintenance': '2.33', 'currency': 'USD', 'instrument_id': 'EUR/USD.IDEALPRO'}]",False,{}
100000.00,0.00,100000.00,EUR,IDEALPRO-001,MARGIN,,"[{'type': 'MarginBalance', 'initial': '0.00', 'maintenance': '2.33', 'currency': 'USD', 'instrument_id': 'EUR/USD.IDEALPRO'}]",False,{}
99999.55,0.00,99999.55,USD,IDEALPRO-001,MARGIN,,[],False,{}
100000.00,0.00,100000.00,EUR,IDEALPRO-001,MARGIN,,[],False,{}
99999.55,0.00,99999.55,USD,IDEALPRO-001,MARGIN,,[],False,{}
100000.00,0.00,100000.00,EUR,IDEALPRO-001,MARGIN,,[],False,{}
99999.55,0.00,99999.55,USD,IDEALPRO-001,MARGIN,,[],False,{}
100000.00,0.00,100000.00,EUR,IDEALPRO-001,MARGIN,,[],False,{}
99999.55,0.00,99999.55,USD,IDEALPRO-001,MARGIN,,[],False,{}
100000.00,0.00,100000.00,EUR,IDEALPRO-001,MARGIN,,[],False,{}
99999.55,0.00,99999.55,USD,IDEALPRO-001,MARGIN,,[],False,{}
100000.00,0.00,100000.00,EUR,IDEALPRO-001,MARGIN,,[],False,{}
99999.55,0.00,99999.55,USD,IDEALPRO-001,MARGIN,,[],False,{}
100000.00,0.00,100000.00,EUR,IDEALPRO-001,MARGIN,,[],False,{}
99999.55,2.33,99997.22,USD,IDEALPRO-001,MARGIN,,"[{'type': 'MarginBalance', 'initial': '0.00', 'maintenance': '2.33', 'currency': 'USD', 'instrument_id': 'EUR/USD.IDEALPRO'}]",False,{}
100000.00,0.00,100000.00,EUR,IDEALPRO-001,MARGIN,,"[{'type': 'MarginBalance', 'initial': '0.00', 'maintenance': '2.33', 'currency': 'USD', 'instrument_id': 'EUR/USD.IDEALPRO'}]",False,{}
99999.55,2.33,99997.22,USD,IDEALPRO-001,MARGIN,,"[{'type': 'MarginBalance', 'initial': '0.00', 'maintenance': '2.33', 'currency': 'USD', 'instrument_id': 'EUR/USD.IDEALPRO'}]",False,{}
100000.00,0.00,100000.00,EUR,IDEALPRO-001,MARGIN,,"[{'type': 'MarginBalance', 'initial': '0.00', 'maintenance': '2.33', 'currency': 'USD', 'instrument_id': 'EUR/USD.IDEALPRO'}]",False,{}
99999.55,2.33,99997.22,USD,IDEALPRO-001,MARGIN,,"[{'type': 'MarginBalance', 'initial': '0.00', 'maintenance': '2.33', 'currency': 'USD', 'instrument_id': 'EUR/USD.IDEALPRO'}]",False,{}
100000.00,0.00,100000.00,EUR,IDEALPRO-001,MARGIN,,"[{'type': 'MarginBalance', 'initial': '0.00', 'maintenance': '2.33', 'currency': 'USD', 'instrument_id': 'EUR/USD.IDEALPRO'}]",False,{}
99999.55,2.33,99997.22,USD,IDEALPRO-001,MARGIN,,"[{'type': 'MarginBalance', 'initial': '0.00', 'maintenance': '2.33', 'currency': 'USD', 'instrument_id': 'EUR/USD.IDEALPRO'}]",False,{}
100000.00,0.00,100000.00,EUR,IDEALPRO-001,MARGIN,,"[{'type': 'MarginBalance', 'initial': '0.00', 'maintenance': '2.33', 'currency': 'USD', 'instrument_id': 'EUR/USD.IDEALPRO'}]",False,{}
99999.52,0.00,99999.52,USD,IDEALPRO-001,MARGIN,,[],False,{}
100000.00,0.00,100000.00,EUR,IDEALPRO-001,MARGIN,,[],False,{}
99999.52,0.00,99999.52,USD,IDEALPRO-001,MARGIN,,[],False,{}
100000.00,0.00,100000.00,EUR,IDEALPRO-001,MARGIN,,[],False,{}
99999.52,0.00,99999.52,USD,IDEALPRO-001,MARGIN,,[],False,{}
100000.00,0.00,100000.00,EUR,IDEALPRO-001,MARGIN,,[],False,{}
99999.52,0.00,99999.52,USD,IDEALPRO-001,MARGIN,,[],False,{}
100000.00,0.00,100000.00,EUR,IDEALPRO-001,MARGIN,,[],False,{}
99999.52,0.00,99999.52,USD,IDEALPRO-001,MARGIN,,[],False,{}
100000.00,0.00,100000.00,EUR,IDEALPRO-001,MARGIN,,[],False,{}
99999.52,0.00,99999.52,USD,IDEALPRO-001,MARGIN,,[],False,{}
100000.00,0.00,100000.00,EUR,IDEALPRO-001,MARGIN,,[],False,{}
99999.52,2.33,99997.19,USD,IDEALPRO-001,MARGIN,,"[{'type': 'MarginBalance', 'initial': '0.00', 'maintenance': '2.33', 'currency': 'USD', 'instrument_id': 'EUR/USD.IDEALPRO'}]",False,{}
100000.00,0.00,100000.00,EUR,IDEALPRO-001,MARGIN,,"[{'type': 'MarginBalance', 'initial': '0.00', 'maintenance': '2.33', 'currency': 'USD', 'instrument_id': 'EUR/USD.IDEALPRO'}]",False,{}
99999.52,2.33,99997.19,USD,IDEALPRO-001,MARGIN,,"[{'type': 'MarginBalance', 'initial': '0.00', 'maintenance': '2.33', 'currency': 'USD', 'instrument_id': 'EUR/USD.IDEALPRO'}]",False,{}
100000.00,0.00,100000.00,EUR,IDEALPRO-001,MARGIN,,"[{'type': 'MarginBalance', 'initial': '0.00', 'maintenance': '2.33', 'currency': 'USD', 'instrument_id': 'EUR/USD.IDEALPRO'}]",False,{}
99999.52,2.33,99997.19,USD,IDEALPRO-001,MARGIN,,"[{'type': 'MarginBalance', 'initial': '0.00', 'maintenance': '2.33', 'currency': 'USD', 'instrument_id': 'EUR/USD.IDEALPRO'}]",False,{}
100000.00,0.00,100000.00,EUR,IDEALPRO-001,MARGIN,,"[{'type': 'MarginBalance', 'initial': '0.00', 'maintenance': '2.33', 'currency': 'USD', 'instrument_id': 'EUR/USD.IDEALPRO'}]",False,{}
99999.52,2.33,99997.19,USD,IDEALPRO-001,MARGIN,,"[{'type': 'MarginBalance', 'initial': '0.00', 'maintenance': '2.33', 'currency': 'USD', 'instrument_id': 'EUR/USD.IDEALPRO'}]",False,{}
100000.00,0.00,100000.00,EUR,IDEALPRO-001,MARGIN,,"[{'type': 'MarginBalance', 'initial': '0.00', 'maintenance': '2.33', 'currency': 'USD', 'instrument_id': 'EUR/USD.IDEALPRO'}]",False,{}
99999.62,0.00,99999.62,USD,IDEALPRO-001,MARGIN,,[],False,{}
100000.00,0.00,100000.00,EUR,IDEALPRO-001,MARGIN,,[],False,{}
99999.62,0.00,99999.62,USD,IDEALPRO-001,MARGIN,,[],False,{}
100000.00,0.00,100000.00,EUR,IDEALPRO-001,MARGIN,,[],False,{}
99999.62,0.00,99999.62,USD,IDEALPRO-001,MARGIN,,[],False,{}
100000.00,0.00,100000.00,EUR,IDEALPRO-001,MARGIN,,[],False,{}
99999.62,0.00,99999.62,USD,IDEALPRO-001,MARGIN,,[],False,{}
100000.00,0.00,100000.00,EUR,IDEALPRO-001,MARGIN,,[],False,{}
99999.62,0.00,99999.62,USD,IDEALPRO-001,MARGIN,,[],False,{}
100000.00,0.00,100000.00,EUR,IDEALPRO-001,MARGIN,,[],False,{}
99999.62,0.00,99999.62,USD,IDEALPRO-001,MARGIN,,[],False,{}
100000.00,0.00,100000.00,EUR,IDEALPRO-001,MARGIN,,[],False,{}
99999.62,2.33,99997.29,USD,IDEALPRO-001,MARGIN,,"[{'type': 'MarginBalance', 'initial': '0.00', 'maintenance': '2.33', 'currency': 'USD', 'instrument_id': 'EUR/USD.IDEALPRO'}]",False,{}
100000.00,0.00,100000.00,EUR,IDEALPRO-001,MARGIN,,"[{'type': 'MarginBalance', 'initial': '0.00', 'maintenance': '2.33', 'currency': 'USD', 'instrument_id': 'EUR/USD.IDEALPRO'}]",False,{}
99999.62,2.33,99997.29,USD,IDEALPRO-001,MARGIN,,"[{'type': 'MarginBalance', 'initial': '0.00', 'maintenance': '2.33', 'currency': 'USD', 'instrument_id': 'EUR/USD.IDEALPRO'}]",False,{}
100000.00,0.00,100000.00,EUR,IDEALPRO-001,MARGIN,,"[{'type': 'MarginBalance', 'initial': '0.00', 'maintenance': '2.33', 'currency': 'USD', 'instrument_id': 'EUR/USD.IDEALPRO'}]",False,{}
99999.62,2.33,99997.29,USD,IDEALPRO-001,MARGIN,,"[{'type': 'MarginBalance', 'initial': '0.00', 'maintenance': '2.33', 'currency': 'USD', 'instrument_id': 'EUR/USD.IDEALPRO'}]",False,{}
100000.00,0.00,100000.00,EUR,IDEALPRO-001,MARGIN,,"[{'type': 'MarginBalance', 'initial': '0.00', 'maintenance': '2.33', 'currency': 'USD', 'instrument_id': 'EUR/USD.IDEALPRO'}]",False,{}
99999.56,0.00,99999.56,USD,IDEALPRO-001,MARGIN,,[],False,{}
100000.00,0.00,100000.00,EUR,IDEALPRO-001,MARGIN,,[],False,{}
99999.56,0.00,99999.56,USD,IDEALPRO-001,MARGIN,,[],False,{}
100000.00,0.00,100000.00,EUR,IDEALPRO-001,MARGIN,,[],False,{}
99999.56,0.00,99999.56,USD,IDEALPRO-001,MARGIN,,[],False,{}
100000.00,0.00,100000.00,EUR,IDEALPRO-001,MARGIN,,[],False,{}
99999.56,0.00,99999.56,USD,IDEALPRO-001,MARGIN,,[],False,{}
100000.00,0.00,100000.00,EUR,IDEALPRO-001,MARGIN,,[],False,{}
99999.56,0.00,99999.56,USD,IDEALPRO-001,MARGIN,,[],False,{}
100000.00,0.00,100000.00,EUR,IDEALPRO-001,MARGIN,,[],False,{}
99999.56,2.33,99997.23,USD,IDEALPRO-001,MARGIN,,"[{'type': 'MarginBalance', 'initial': '0.00', 'maintenance': '2.33', 'currency': 'USD', 'instrument_id': 'EUR/USD.IDEALPRO'}]",False,{}
100000.00,0.00,100000.00,EUR,IDEALPRO-001,MARGIN,,"[{'type': 'MarginBalance', 'initial': '0.00', 'maintenance': '2.33', 'currency': 'USD', 'instrument_id': 'EUR/USD.IDEALPRO'}]",False,{}
99999.56,2.33,99997.23,USD,IDEALPRO-001,MARGIN,,"[{'type': 'MarginBalance', 'initial': '0.00', 'maintenance': '2.33', 'currency': 'USD', 'instrument_id': 'EUR/USD.IDEALPRO'}]",False,{}
100000.00,0.00,100000.00,EUR,IDEALPRO-001,MARGIN,,"[{'type': 'MarginBalance', 'initial': '0.00', 'maintenance': '2.33', 'currency': 'USD', 'instrument_id': 'EUR/USD.IDEALPRO'}]",False,{}
99999.56,2.33,99997.23,USD,IDEALPRO-001,MARGIN,,"[{'type': 'MarginBalance', 'initial': '0.00', 'maintenance': '2.33', 'currency': 'USD', 'instrument_id': 'EUR/USD.IDEALPRO'}]",False,{}
100000.00,0.00,100000.00,EUR,IDEALPRO-001,MARGIN,,"[{'type': 'MarginBalance', 'initial': '0.00', 'maintenance': '2.33', 'currency': 'USD', 'instrument_id': 'EUR/USD.IDEALPRO'}]",False,{}
99999.56,2.33,99997.23,USD,IDEALPRO-001,MARGIN,,"[{'type': 'MarginBalance', 'initial': '0.00', 'maintenance': '2.33', 'currency': 'USD', 'instrument_id': 'EUR/USD.IDEALPRO'}]",False,{}
100000.00,0.00,100000.00,EUR,IDEALPRO-001,MARGIN,,"[{'type': 'MarginBalance', 'initial': '0.00', 'maintenance': '2.33', 'currency': 'USD', 'instrument_id': 'EUR/USD.IDEALPRO'}]",False,{}
99999.55,0.00,99999.55,USD,IDEALPRO-001,MARGIN,,[],False,{}
100000.00,0.00,100000.00,EUR,IDEALPRO-001,MARGIN,,[],False,{}
99999.55,0.00,99999.55,USD,IDEALPRO-001,MARGIN,,[],False,{}
100000.00,0.00,100000.00,EUR,IDEALPRO-001,MARGIN,,[],False,{}
99999.55,0.00,99999.55,USD,IDEALPRO-001,MARGIN,,[],False,{}
100000.00,0.00,100000.00,EUR,IDEALPRO-001,MARGIN,,[],False,{}
99999.55,0.00,99999.55,USD,IDEALPRO-001,MARGIN,,[],False,{}
100000.00,0.00,100000.00,EUR,IDEALPRO-001,MARGIN,,[],False,{}
99999.55,0.00,99999.55,USD,IDEALPRO-001,MARGIN,,[],False,{}
100000.00,0.00,100000.00,EUR,IDEALPRO-001,MARGIN,,[],False,{}
99999.55,0.00,99999.55,USD,IDEALPRO-001,MARGIN,,[],False,{}
100000.00,0.00,100000.00,EUR,IDEALPRO-001,MARGIN,,[],False,{}
99999.55,2.32,99997.23,USD,IDEALPRO-001,MARGIN,,"[{'type': 'MarginBalance', 'initial': '0.00', 'maintenance': '2.32', 'currency': 'USD', 'instrument_id': 'EUR/USD.IDEALPRO'}]",False,{}
100000.00,0.00,100000.00,EUR,IDEALPRO-001,MARGIN,,"[{'type': 'MarginBalance', 'initial': '0.00', 'maintenance': '2.32', 'currency': 'USD', 'instrument_id': 'EUR/USD.IDEALPRO'}]",False,{}
99999.55,2.32,99997.23,USD,IDEALPRO-001,MARGIN,,"[{'type': 'MarginBalance', 'initial': '0.00', 'maintenance': '2.32', 'currency': 'USD', 'instrument_id': 'EUR/USD.IDEALPRO'}]",False,{}
100000.00,0.00,100000.00,EUR,IDEALPRO-001,MARGIN,,"[{'type': 'MarginBalance', 'initial': '0.00', 'maintenance': '2.32', 'currency': 'USD', 'instrument_id': 'EUR/USD.IDEALPRO'}]",False,{}
99999.55,2.32,99997.23,USD,IDEALPRO-001,MARGIN,,"[{'type': 'MarginBalance', 'initial': '0.00', 'maintenance': '2.32', 'currency': 'USD', 'instrument_id': 'EUR/USD.IDEALPRO'}]",False,{}
100000.00,0.00,100000.00,EUR,IDEALPRO-001,MARGIN,,"[{'type': 'MarginBalance', 'initial': '0.00', 'maintenance': '2.32', 'currency': 'USD', 'instrument_id': 'EUR/USD.IDEALPRO'}]",False,{}
99999.55,2.32,99997.23,USD,IDEALPRO-001,MARGIN,,"[{'type': 'MarginBalance', 'initial': '0.00', 'maintenance': '2.32', 'currency': 'USD', 'instrument_id': 'EUR/USD.IDEALPRO'}]",False,{}
100000.00,0.00,100000.00,EUR,IDEALPRO-001,MARGIN,,"[{'type': 'MarginBalance', 'initial': '0.00', 'maintenance': '2.32', 'currency': 'USD', 'instrument_id': 'EUR/USD.IDEALPRO'}]",False,{}
99999.58,0.00,99999.58,USD,IDEALPRO-001,MARGIN,,[],False,{}
100000.00,0.00,100000.00,EUR,IDEALPRO-001,MARGIN,,[],False,{}
99999.58,0.00,99999.58,USD,IDEALPRO-001,MARGIN,,[],False,{}
100000.00,0.00,100000.00,EUR,IDEALPRO-001,MARGIN,,[],False,{}
99999.58,0.00,99999.58,USD,IDEALPRO-001,MARGIN,,[],False,{}
100000.00,0.00,100000.00,EUR,IDEALPRO-001,MARGIN,,[],False,{}
99999.58,0.00,99999.58,USD,IDEALPRO-001,MARGIN,,[],False,{}
100000.00,0.00,100000.00,EUR,IDEALPRO-001,MARGIN,,[],False,{}
99999.58,0.00,99999.58,USD,IDEALPRO-001,MARGIN,,[],False,{}
100000.00,0.00,100000.00,EUR,IDEALPRO-001,MARGIN,,[],False,{}
99999.58,0.00,99999.58,USD,IDEALPRO-001,MARGIN,,[],False,{}
100000.00,0.00,100000.00,EUR,IDEALPRO-001,MARGIN,,[],False,{}
99999.58,2.32,99997.26,USD,IDEALPRO-001,MARGIN,,"[{'type': 'MarginBalance', 'initial': '0.00', 'maintenance': '2.32', 'currency': 'USD', 'instrument_id': 'EUR/USD.IDEALPRO'}]",False,{}
100000.00,0.00,100000.00,EUR,IDEALPRO-001,MARGIN,,"[{'type': 'MarginBalance', 'initial': '0.00', 'maintenance': '2.32', 'currency': 'USD', 'instrument_id': 'EUR/USD.IDEALPRO'}]",False,{}
99999.58,2.32,99997.26,USD,IDEALPRO-001,MARGIN,,"[{'type': 'MarginBalance', 'initial': '0.00', 'maintenance': '2.32', 'currency': 'USD', 'instrument_id': 'EUR/USD.IDEALPRO'}]",False,{}
100000.00,0.00,100000.00,EUR,IDEALPRO-001,MARGIN,,"[{'type': 'MarginBalance', 'initial': '0.00', 'maintenance': '2.32', 'currency': 'USD', 'instrument_id': 'EUR/USD.IDEALPRO'}]",False,{}
99999.58,2.32,99997.26,USD,IDEALPRO-001,MARGIN,,"[{'type': 'MarginBalance', 'initial': '0.00', 'maintenance': '2.32', 'currency': 'USD', 'instrument_id': 'EUR/USD.IDEALPRO'}]",False,{}
100000.00,0.00,100000.00,EUR,IDEALPRO-001,MARGIN,,"[{'type': 'MarginBalance', 'initial': '0.00', 'maintenance': '2.32', 'currency': 'USD', 'instrument_id': 'EUR/USD.IDEALPRO'}]",False,{}
99999.58,2.32,99997.26,USD,IDEALPRO-001,MARGIN,,"[{'type': 'MarginBalance', 'initial': '0.00', 'maintenance': '2.32', 'currency': 'USD', 'instrument_id': 'EUR/USD.IDEALPRO'}]",False,{}
100000.00,0.00,100000.00,EUR,IDEALPRO-001,MARGIN,,"[{'type': 'MarginBalance', 'initial': '0.00', 'maintenance': '2.32', 'currency': 'USD', 'instrument_id': 'EUR/USD.IDEALPRO'}]",False,{}
99999.54,0.00,99999.54,USD,IDEALPRO-001,MARGIN,,[],False,{}
100000.00,0.00,100000.00,EUR,IDEALPRO-001,MARGIN,,[],False,{}
99999.54,0.00,99999.54,USD,IDEALPRO-001,MARGIN,,[],False,{}
100000.00,0.00,100000.00,EUR,IDEALPRO-001,MARGIN,,[],False,{}
99999.54,0.00,99999.54,USD,IDEALPRO-001,MARGIN,,[],False,{}
100000.00,0.00,100000.00,EUR,IDEALPRO-001,MARGIN,,[],False,{}
99999.54,0.00,99999.54,USD,IDEALPRO-001,MARGIN,,[],False,{}
100000.00,0.00,100000.00,EUR,IDEALPRO-001,MARGIN,,[],False,{}
99999.54,0.00,99999.54,USD,IDEALPRO-001,MARGIN,,[],False,{}
100000.00,0.00,100000.00,EUR,IDEALPRO-001,MARGIN,,[],False,{}
99999.54,0.00,99999.54,USD,IDEALPRO-001,MARGIN,,[],False,{}
100000.00,0.00,100000.00,EUR,IDEALPRO-001,MARGIN,,[],False,{}
99999.54,2.32,99997.22,USD,IDEALPRO-001,MARGIN,,"[{'type': 'MarginBalance', 'initial': '0.00', 'maintenance': '2.32', 'currency': 'USD', 'instrument_id': 'EUR/USD.IDEALPRO'}]",False,{}
100000.00,0.00,100000.00,EUR,IDEALPRO-001,MARGIN,,"[{'type': 'MarginBalance', 'initial': '0.00', 'maintenance': '2.32', 'currency': 'USD', 'instrument_id': 'EUR/USD.IDEALPRO'}]",False,{}
99999.54,2.32,99997.22,USD,IDEALPRO-001,MARGIN,,"[{'type': 'MarginBalance', 'initial': '0.00', 'maintenance': '2.32', 'currency': 'USD', 'instrument_id': 'EUR/USD.IDEALPRO'}]",False,{}
100000.00,0.00,100000.00,EUR,IDEALPRO-001,MARGIN,,"[{'type': 'MarginBalance', 'initial': '0.00', 'maintenance': '2.32', 'currency': 'USD', 'instrument_id': 'EUR/USD.IDEALPRO'}]",False,{}
99999.54,2.32,99997.22,USD,IDEALPRO-001,MARGIN,,"[{'type': 'MarginBalance', 'initial': '0.00', 'maintenance': '2.32', 'currency': 'USD', 'instrument_id': 'EUR/USD.IDEALPRO'}]",False,{}
100000.00,0.00,100000.00,EUR,IDEALPRO-001,MARGIN,,"[{'type': 'MarginBalance', 'initial': '0.00', 'maintenance': '2.32', 'currency': 'USD', 'instrument_id': 'EUR/USD.IDEALPRO'}]",False,{}
99999.54,2.32,99997.22,USD,IDEALPRO-001,MARGIN,,"[{'type': 'MarginBalance', 'initial': '0.00', 'maintenance': '2.32', 'currency': 'USD', 'instrument_id': 'EUR/USD.IDEALPRO'}]",False,{}
100000.00,0.00,100000.00,EUR,IDEALPRO-001,MARGIN,,"[{'type': 'MarginBalance', 'initial': '0.00', 'maintenance': '2.32', 'currency': 'USD', 'instrument_id': 'EUR/USD.IDEALPRO'}]",False,{}
99999.54,0.00,99999.54,USD,IDEALPRO-001,MARGIN,,[],False,{}
100000.00,0.00,100000.00,EUR,IDEALPRO-001,MARGIN,,[],False,{}
99999.54,0.00,99999.54,USD,IDEALPRO-001,MARGIN,,[],False,{}
100000.00,0.00,100000.00,EUR,IDEALPRO-001,MARGIN,,[],False,{}
99999.54,0.00,99999.54,USD,IDEALPRO-001,MARGIN,,[],False,{}
100000.00,0.00,100000.00,EUR,IDEALPRO-001,MARGIN,,[],False,{}
99999.54,0.00,99999.54,USD,IDEALPRO-001,MARGIN,,[],False,{}
100000.00,0.00,100000.00,EUR,IDEALPRO-001,MARGIN,,[],False,{}
99999.54,0.00,99999.54,USD,IDEALPRO-001,MARGIN,,[],False,{}
100000.00,0.00,100000.00,EUR,IDEALPRO-001,MARGIN,,[],False,{}
99999.54,0.00,99999.54,USD,IDEALPRO-001,MARGIN,,[],False,{}
100000.00,0.00,100000.00,EUR,IDEALPRO-001,MARGIN,,[],False,{}
99999.54,2.32,99997.22,USD,IDEALPRO-001,MARGIN,,"[{'type': 'MarginBalance', 'initial': '0.00', 'maintenance': '2.32', 'currency': 'USD', 'instrument_id': 'EUR/USD.IDEALPRO'}]",False,{}
100000.00,0.00,100000.00,EUR,IDEALPRO-001,MARGIN,,"[{'type': 'MarginBalance', 'initial': '0.00', 'maintenance': '2.32', 'currency': 'USD', 'instrument_id': 'EUR/USD.IDEALPRO'}]",False,{}
99999.54,2.32,99997.22,USD,IDEALPRO-001,MARGIN,,"[{'type': 'MarginBalance', 'initial': '0.00', 'maintenance': '2.32', 'currency': 'USD', 'instrument_id': 'EUR/USD.IDEALPRO'}]",False,{}
100000.00,0.00,100000.00,EUR,IDEALPRO-001,MARGIN,,"[{'type': 'MarginBalance', 'initial': '0.00', 'maintenance': '2.32', 'currency': 'USD', 'instrument_id': 'EUR/USD.IDEALPRO'}]",False,{}
99999.54,2.32,99997.22,USD,IDEALPRO-001,MARGIN,,"[{'type': 'MarginBalance', 'initial': '0.00', 'maintenance': '2.32', 'currency': 'USD', 'instrument_id': 'EUR/USD.IDEALPRO'}]",False,{}
100000.00,0.00,100000.00,EUR,IDEALPRO-001,MARGIN,,"[{'type': 'MarginBalance', 'initial': '0.00', 'maintenance': '2.32', 'currency': 'USD', 'instrument_id': 'EUR/USD.IDEALPRO'}]",False,{}
99999.54,2.32,99997.22,USD,IDEALPRO-001,MARGIN,,"[{'type': 'MarginBalance', 'initial': '0.00', 'maintenance': '2.32', 'currency': 'USD', 'instrument_id': 'EUR/USD.IDEALPRO'}]",False,{}
100000.00,0.00,100000.00,EUR,IDEALPRO-001,MARGIN,,"[{'type': 'MarginBalance', 'initial': '0.00', 'maintenance': '2.32', 'currency': 'USD', 'instrument_id': 'EUR/USD.IDEALPRO'}]",False,{}
99999.52,0.00,99999.52,USD,IDEALPRO-001,MARGIN,,[],False,{}
100000.00,0.00,100000.00,EUR,IDEALPRO-001,MARGIN,,[],False,{}
99999.52,0.00,99999.52,USD,IDEALPRO-001,MARGIN,,[],False,{}
100000.00,0.00,100000.00,EUR,IDEALPRO-001,MARGIN,,[],False,{}
99999.52,0.00,99999.52,USD,IDEALPRO-001,MARGIN,,[],False,{}
100000.00,0.00,100000.00,EUR,IDEALPRO-001,MARGIN,,[],False,{}
99999.52,0.00,99999.52,USD,IDEALPRO-001,MARGIN,,[],False,{}
100000.00,0.00,100000.00,EUR,IDEALPRO-001,MARGIN,,[],False,{}
99999.52,0.00,99999.52,USD,IDEALPRO-001,MARGIN,,[],False,{}
100000.00,0.00,100000.00,EUR,IDEALPRO-001,MARGIN,,[],False,{}
99999.52,0.00,99999.52,USD,IDEALPRO-001,MARGIN,,[],False,{}
100000.00,0.00,100000.00,EUR,IDEALPRO-001,MARGIN,,[],False,{}
99999.52,2.32,99997.20,USD,IDEALPRO-001,MARGIN,,"[{'type': 'MarginBalance', 'initial': '0.00', 'maintenance': '2.32', 'currency': 'USD', 'instrument_id': 'EUR/USD.IDEALPRO'}]",False,{}
100000.00,0.00,100000.00,EUR,IDEALPRO-001,MARGIN,,"[{'type': 'MarginBalance', 'initial': '0.00', 'maintenance': '2.32', 'currency': 'USD', 'instrument_id': 'EUR/USD.IDEALPRO'}]",False,{}
99999.52,2.32,99997.20,USD,IDEALPRO-001,MARGIN,,"[{'type': 'MarginBalance', 'initial': '0.00', 'maintenance': '2.32', 'currency': 'USD', 'instrument_id': 'EUR/USD.IDEALPRO'}]",False,{}
100000.00,0.00,100000.00,EUR,IDEALPRO-001,MARGIN,,"[{'type': 'MarginBalance', 'initial': '0.00', 'maintenance': '2.32', 'currency': 'USD', 'instrument_id': 'EUR/USD.IDEALPRO'}]",False,{}
99999.52,2.32,99997.20,USD,IDEALPRO-001,MARGIN,,"[{'type': 'MarginBalance', 'initial': '0.00', 'maintenance': '2.32', 'currency': 'USD', 'instrument_id': 'EUR/USD.IDEALPRO'}]",False,{}
100000.00,0.00,100000.00,EUR,IDEALPRO-001,MARGIN,,"[{'type': 'MarginBalance', 'initial': '0.00', 'maintenance': '2.32', 'currency': 'USD', 'instrument_id': 'EUR/USD.IDEALPRO'}]",False,{}
99999.52,2.32,99997.20,USD,IDEALPRO-001,MARGIN,,"[{'type': 'MarginBalance', 'initial': '0.00', 'maintenance': '2.32', 'currency': 'USD', 'instrument_id': 'EUR/USD.IDEALPRO'}]",False,{}
100000.00,0.00,100000.00,EUR,IDEALPRO-001,MARGIN,,"[{'type': 'MarginBalance', 'initial': '0.00', 'maintenance': '2.32', 'currency': 'USD', 'instrument_id': 'EUR/USD.IDEALPRO'}]",False,{}
99999.57,0.00,99999.57,USD,IDEALPRO-001,MARGIN,,[],False,{}
100000.00,0.00,100000.00,EUR,IDEALPRO-001,MARGIN,,[],False,{}
99999.57,0.00,99999.57,USD,IDEALPRO-001,MARGIN,,[],False,{}
100000.00,0.00,100000.00,EUR,IDEALPRO-001,MARGIN,,[],False,{}
99999.57,0.00,99999.57,USD,IDEALPRO-001,MARGIN,,[],False,{}
100000.00,0.00,100000.00,EUR,IDEALPRO-001,MARGIN,,[],False,{}
99999.57,0.00,99999.57,USD,IDEALPRO-001,MARGIN,,[],False,{}
100000.00,0.00,100000.00,EUR,IDEALPRO-001,MARGIN,,[],False,{}
99999.57,0.00,99999.57,USD,IDEALPRO-001,MARGIN,,[],False,{}
100000.00,0.00,100000.00,EUR,IDEALPRO-001,MARGIN,,[],False,{}
99999.57,0.00,99999.57,USD,IDEALPRO-001,MARGIN,,[],False,{}
100000.00,0.00,100000.00,EUR,IDEALPRO-001,MARGIN,,[],False,{}
99999.57,2.32,99997.25,USD,IDEALPRO-001,MARGIN,,"[{'type': 'MarginBalance', 'initial': '0.00', 'maintenance': '2.32', 'currency': 'USD', 'instrument_id': 'EUR/USD.IDEALPRO'}]",False,{}
100000.00,0.00,100000.00,EUR,IDEALPRO-001,MARGIN,,"[{'type': 'MarginBalance', 'initial': '0.00', 'maintenance': '2.32', 'currency': 'USD', 'instrument_id': 'EUR/USD.IDEALPRO'}]",False,{}
99999.57,2.32,99997.25,USD,IDEALPRO-001,MARGIN,,"[{'type': 'MarginBalance', 'initial': '0.00', 'maintenance': '2.32', 'currency': 'USD', 'instrument_id': 'EUR/USD.IDEALPRO'}]",False,{}
100000.00,0.00,100000.00,EUR,IDEALPRO-001,MARGIN,,"[{'type': 'MarginBalance', 'initial': '0.00', 'maintenance': '2.32', 'currency': 'USD', 'instrument_id': 'EUR/USD.IDEALPRO'}]",False,{}
99999.57,2.32,99997.25,USD,IDEALPRO-001,MARGIN,,"[{'type': 'MarginBalance', 'initial': '0.00', 'maintenance': '2.32', 'currency': 'USD', 'instrument_id': 'EUR/USD.IDEALPRO'}]",False,{}
100000.00,0.00,100000.00,EUR,IDEALPRO-001,MARGIN,,"[{'type': 'MarginBalance', 'initial': '0.00', 'maintenance': '2.32', 'currency': 'USD', 'instrument_id': 'EUR/USD.IDEALPRO'}]",False,{}
99999.57,2.32,99997.25,USD,IDEALPRO-001,MARGIN,,"[{'type': 'MarginBalance', 'initial': '0.00', 'maintenance': '2.32', 'currency': 'USD', 'instrument_id': 'EUR/USD.IDEALPRO'}]",False,{}
100000.00,0.00,100000.00,EUR,IDEALPRO-001,MARGIN,,"[{'type': 'MarginBalance', 'initial': '0.00', 'maintenance': '2.32', 'currency': 'USD', 'instrument_id': 'EUR/USD.IDEALPRO'}]",False,{}
99999.55,0.00,99999.55,USD,IDEALPRO-001,MARGIN,,[],False,{}
100000.00,0.00,100000.00,EUR,IDEALPRO-001,MARGIN,,[],False,{}
99999.55,0.00,99999.55,USD,IDEALPRO-001,MARGIN,,[],False,{}
100000.00,0.00,100000.00,EUR,IDEALPRO-001,MARGIN,,[],False,{}
99999.55,0.00,99999.55,USD,IDEALPRO-001,MARGIN,,[],False,{}
100000.00,0.00,100000.00,EUR,IDEALPRO-001,MARGIN,,[],False,{}
99999.55,0.00,99999.55,USD,IDEALPRO-001,MARGIN,,[],False,{}
100000.00,0.00,100000.00,EUR,IDEALPRO-001,MARGIN,,[],False,{}
99999.55,0.00,99999.55,USD,IDEALPRO-001,MARGIN,,[],False,{}
100000.00,0.00,100000.00,EUR,IDEALPRO-001,MARGIN,,[],False,{}
99999.55,0.00,99999.55,USD,IDEALPRO-001,MARGIN,,[],False,{}
100000.00,0.00,100000.00,EUR,IDEALPRO-001,MARGIN,,[],False,{}
99999.55,2.32,99997.23,USD,IDEALPRO-001,MARGIN,,"[{'type': 'MarginBalance', 'initial': '0.00', 'maintenance': '2.32', 'currency': 'USD', 'instrument_id': 'EUR/USD.IDEALPRO'}]",False,{}
100000.00,0.00,100000.00,EUR,IDEALPRO-001,MARGIN,,"[{'type': 'MarginBalance', 'initial': '0.00', 'maintenance': '2.32', 'currency': 'USD', 'instrument_id': 'EUR/USD.IDEALPRO'}]",False,{}
99999.55,2.32,99997.23,USD,IDEALPRO-001,MARGIN,,"[{'type': 'MarginBalance', 'initial': '0.00', 'maintenance': '2.32', 'currency': 'USD', 'instrument_id': 'EUR/USD.IDEALPRO'}]",False,{}
100000.00,0.00,100000.00,EUR,IDEALPRO-001,MARGIN,,"[{'type': 'MarginBalance', 'initial': '0.00', 'maintenance': '2.32', 'currency': 'USD', 'instrument_id': 'EUR/USD.IDEALPRO'}]",False,{}
99999.55,2.32,99997.23,USD,IDEALPRO-001,MARGIN,,"[{'type': 'MarginBalance', 'initial': '0.00', 'maintenance': '2.32', 'currency': 'USD', 'instrument_id': 'EUR/USD.IDEALPRO'}]",False,{}
100000.00,0.00,100000.00,EUR,IDEALPRO-001,MARGIN,,"[{'type': 'MarginBalance', 'initial': '0.00', 'maintenance': '2.32', 'currency': 'USD', 'instrument_id': 'EUR/USD.IDEALPRO'}]",False,{}
99999.55,2.32,99997.23,USD,IDEALPRO-001,MARGIN,,"[{'type': 'MarginBalance', 'initial': '0.00', 'maintenance': '2.32', 'currency': 'USD', 'instrument_id': 'EUR/USD.IDEALPRO'}]",False,{}
100000.00,0.00,100000.00,EUR,IDEALPRO-001,MARGIN,,"[{'type': 'MarginBalance', 'initial': '0.00', 'maintenance': '2.32', 'currency': 'USD', 'instrument_id': 'EUR/USD.IDEALPRO'}]",False,{}
99999.50,0.00,99999.50,USD,IDEALPRO-001,MARGIN,,[],False,{}
100000.00,0.00,100000.00,EUR,IDEALPRO-001,MARGIN,,[],False,{}
99999.50,0.00,99999.50,USD,IDEALPRO-001,MARGIN,,[],False,{}
100000.00,0.00,100000.00,EUR,IDEALPRO-001,MARGIN,,[],False,{}
99999.50,0.00,99999.50,USD,IDEALPRO-001,MARGIN,,[],False,{}
100000.00,0.00,100000.00,EUR,IDEALPRO-001,MARGIN,,[],False,{}
99999.50,0.00,99999.50,USD,IDEALPRO-001,MARGIN,,[],False,{}
100000.00,0.00,100000.00,EUR,IDEALPRO-001,MARGIN,,[],False,{}
99999.50,0.00,99999.50,USD,IDEALPRO-001,MARGIN,,[],False,{}
100000.00,0.00,100000.00,EUR,IDEALPRO-001,MARGIN,,[],False,{}
99999.50,0.00,99999.50,USD,IDEALPRO-001,MARGIN,,[],False,{}
100000.00,0.00,100000.00,EUR,IDEALPRO-001,MARGIN,,[],False,{}
99999.50,2.32,99997.18,USD,IDEALPRO-001,MARGIN,,"[{'type': 'MarginBalance', 'initial': '0.00', 'maintenance': '2.32', 'currency': 'USD', 'instrument_id': 'EUR/USD.IDEALPRO'}]",False,{}
100000.00,0.00,100000.00,EUR,IDEALPRO-001,MARGIN,,"[{'type': 'MarginBalance', 'initial': '0.00', 'maintenance': '2.32', 'currency': 'USD', 'instrument_id': 'EUR/USD.IDEALPRO'}]",False,{}
99999.50,2.32,99997.18,USD,IDEALPRO-001,MARGIN,,"[{'type': 'MarginBalance', 'initial': '0.00', 'maintenance': '2.32', 'currency': 'USD', 'instrument_id': 'EUR/USD.IDEALPRO'}]",False,{}
100000.00,0.00,100000.00,EUR,IDEALPRO-001,MARGIN,,"[{'type': 'MarginBalance', 'initial': '0.00', 'maintenance': '2.32', 'currency': 'USD', 'instrument_id': 'EUR/USD.IDEALPRO'}]",False,{}
99999.50,2.32,99997.18,USD,IDEALPRO-001,MARGIN,,"[{'type': 'MarginBalance', 'initial': '0.00', 'maintenance': '2.32', 'currency': 'USD', 'instrument_id': 'EUR/USD.IDEALPRO'}]",False,{}
100000.00,0.00,100000.00,EUR,IDEALPRO-001,MARGIN,,"[{'type': 'MarginBalance', 'initial': '0.00', 'maintenance': '2.32', 'currency': 'USD', 'instrument_id': 'EUR/USD.IDEALPRO'}]",False,{}
99999.50,2.32,99997.18,USD,IDEALPRO-001,MARGIN,,"[{'type': 'MarginBalance', 'initial': '0.00', 'maintenance': '2.32', 'currency': 'USD', 'instrument_id': 'EUR/USD.IDEALPRO'}]",False,{}
100000.00,0.00,100000.00,EUR,IDEALPRO-001,MARGIN,,"[{'type': 'MarginBalance', 'initial': '0.00', 'maintenance': '2.32', 'currency': 'USD', 'instrument_id': 'EUR/USD.IDEALPRO'}]",False,{}
99999.48,0.00,99999.48,USD,IDEALPRO-001,MARGIN,,[],False,{}
100000.00,0.00,100000.00,EUR,IDEALPRO-001,MARGIN,,[],False,{}
99999.48,0.00,99999.48,USD,IDEALPRO-001,MARGIN,,[],False,{}
100000.00,0.00,100000.00,EUR,IDEALPRO-001,MARGIN,,[],False,{}
99999.48,0.00,99999.48,USD,IDEALPRO-001,MARGIN,,[],False,{}
100000.00,0.00,100000.00,EUR,IDEALPRO-001,MARGIN,,[],False,{}
99999.48,0.00,99999.48,USD,IDEALPRO-001,MARGIN,,[],False,{}
100000.00,0.00,100000.00,EUR,IDEALPRO-001,MARGIN,,[],False,{}
99999.48,0.00,99999.48,USD,IDEALPRO-001,MARGIN,,[],False,{}
100000.00,0.00,100000.00,EUR,IDEALPRO-001,MARGIN,,[],False,{}
99999.48,0.00,99999.48,USD,IDEALPRO-001,MARGIN,,[],False,{}
100000.00,0.00,100000.00,EUR,IDEALPRO-001,MARGIN,,[],False,{}
99999.48,2.32,99997.16,USD,IDEALPRO-001,MARGIN,,"[{'type': 'MarginBalance', 'initial': '0.00', 'maintenance': '2.32', 'currency': 'USD', 'instrument_id': 'EUR/USD.IDEALPRO'}]",False,{}
100000.00,0.00,100000.00,EUR,IDEALPRO-001,MARGIN,,"[{'type': 'MarginBalance', 'initial': '0.00', 'maintenance': '2.32', 'currency': 'USD', 'instrument_id': 'EUR/USD.IDEALPRO'}]",False,{}
99999.48,2.32,99997.16,USD,IDEALPRO-001,MARGIN,,"[{'type': 'MarginBalance', 'initial': '0.00', 'maintenance': '2.32', 'currency': 'USD', 'instrument_id': 'EUR/USD.IDEALPRO'}]",False,{}
100000.00,0.00,100000.00,EUR,IDEALPRO-001,MARGIN,,"[{'type': 'MarginBalance', 'initial': '0.00', 'maintenance': '2.32', 'currency': 'USD', 'instrument_id': 'EUR/USD.IDEALPRO'}]",False,{}
99999.48,2.32,99997.16,USD,IDEALPRO-001,MARGIN,,"[{'type': 'MarginBalance', 'initial': '0.00', 'maintenance': '2.32', 'currency': 'USD', 'instrument_id': 'EUR/USD.IDEALPRO'}]",False,{}
100000.00,0.00,100000.00,EUR,IDEALPRO-001,MARGIN,,"[{'type': 'MarginBalance', 'initial': '0.00', 'maintenance': '2.32', 'currency': 'USD', 'instrument_id': 'EUR/USD.IDEALPRO'}]",False,{}
99999.48,2.32,99997.16,USD,IDEALPRO-001,MARGIN,,"[{'type': 'MarginBalance', 'initial': '0.00', 'maintenance': '2.32', 'currency': 'USD', 'instrument_id': 'EUR/USD.IDEALPRO'}]",False,{}
100000.00,0.00,100000.00,EUR,IDEALPRO-001,MARGIN,,"[{'type': 'MarginBalance', 'initial': '0.00', 'maintenance': '2.32', 'currency': 'USD', 'instrument_id': 'EUR/USD.IDEALPRO'}]",False,{}
99999.47,0.00,99999.47,USD,IDEALPRO-001,MARGIN,,[],False,{}
100000.00,0.00,100000.00,EUR,IDEALPRO-001,MARGIN,,[],False,{}
99999.47,0.00,99999.47,USD,IDEALPRO-001,MARGIN,,[],False,{}
100000.00,0.00,100000.00,EUR,IDEALPRO-001,MARGIN,,[],False,{}
99999.47,0.00,99999.47,USD,IDEALPRO-001,MARGIN,,[],False,{}
100000.00,0.00,100000.00,EUR,IDEALPRO-001,MARGIN,,[],False,{}
99999.47,0.00,99999.47,USD,IDEALPRO-001,MARGIN,,[],False,{}
100000.00,0.00,100000.00,EUR,IDEALPRO-001,MARGIN,,[],False,{}
99999.47,0.00,99999.47,USD,IDEALPRO-001,MARGIN,,[],False,{}
100000.00,0.00,100000.00,EUR,IDEALPRO-001,MARGIN,,[],False,{}
99999.47,0.00,99999.47,USD,IDEALPRO-001,MARGIN,,[],False,{}
100000.00,0.00,100000.00,EUR,IDEALPRO-001,MARGIN,,[],False,{}
99999.47,2.32,99997.15,USD,IDEALPRO-001,MARGIN,,"[{'type': 'MarginBalance', 'initial': '0.00', 'maintenance': '2.32', 'currency': 'USD', 'instrument_id': 'EUR/USD.IDEALPRO'}]",False,{}
100000.00,0.00,100000.00,EUR,IDEALPRO-001,MARGIN,,"[{'type': 'MarginBalance', 'initial': '0.00', 'maintenance': '2.32', 'currency': 'USD', 'instrument_id': 'EUR/USD.IDEALPRO'}]",False,{}
99999.47,2.32,99997.15,USD,IDEALPRO-001,MARGIN,,"[{'type': 'MarginBalance', 'initial': '0.00', 'maintenance': '2.32', 'currency': 'USD', 'instrument_id': 'EUR/USD.IDEALPRO'}]",False,{}
100000.00,0.00,100000.00,EUR,IDEALPRO-001,MARGIN,,"[{'type': 'MarginBalance', 'initial': '0.00', 'maintenance': '2.32', 'currency': 'USD', 'instrument_id': 'EUR/USD.IDEALPRO'}]",False,{}
99999.47,2.32,99997.15,USD,IDEALPRO-001,MARGIN,,"[{'type': 'MarginBalance', 'initial': '0.00', 'maintenance': '2.32', 'currency': 'USD', 'instrument_id': 'EUR/USD.IDEALPRO'}]",False,{}
100000.00,0.00,100000.00,EUR,IDEALPRO-001,MARGIN,,"[{'type': 'MarginBalance', 'initial': '0.00', 'maintenance': '2.32', 'currency': 'USD', 'instrument_id': 'EUR/USD.IDEALPRO'}]",False,{}
99999.47,2.32,99997.15,USD,IDEALPRO-001,MARGIN,,"[{'type': 'MarginBalance', 'initial': '0.00', 'maintenance': '2.32', 'currency': 'USD', 'instrument_id': 'EUR/USD.IDEALPRO'}]",False,{}
100000.00,0.00,100000.00,EUR,IDEALPRO-001,MARGIN,,"[{'type': 'MarginBalance', 'initial': '0.00', 'maintenance': '2.32', 'currency': 'USD', 'instrument_id': 'EUR/USD.IDEALPRO'}]",False,{}
99999.49,0.00,99999.49,USD,IDEALPRO-001,MARGIN,,[],False,{}
100000.00,0.00,100000.00,EUR,IDEALPRO-001,MARGIN,,[],False,{}
99999.49,0.00,99999.49,USD,IDEALPRO-001,MARGIN,,[],False,{}
100000.00,0.00,100000.00,EUR,IDEALPRO-001,MARGIN,,[],False,{}
99999.49,0.00,99999.49,USD,IDEALPRO-001,MARGIN,,[],False,{}
100000.00,0.00,100000.00,EUR,IDEALPRO-001,MARGIN,,[],False,{}
99999.49,0.00,99999.49,USD,IDEALPRO-001,MARGIN,,[],False,{}
100000.00,0.00,100000.00,EUR,IDEALPRO-001,MARGIN,,[],False,{}
99999.49,0.00,99999.49,USD,IDEALPRO-001,MARGIN,,[],False,{}
100000.00,0.00,100000.00,EUR,IDEALPRO-001,MARGIN,,[],False,{}
99999.49,0.00,99999.49,USD,IDEALPRO-001,MARGIN,,[],False,{}
100000.00,0.00,100000.00,EUR,IDEALPRO-001,MARGIN,,[],False,{}
99999.49,2.32,99997.17,USD,IDEALPRO-001,MARGIN,,"[{'type': 'MarginBalance', 'initial': '0.00', 'maintenance': '2.32', 'currency': 'USD', 'instrument_id': 'EUR/USD.IDEALPRO'}]",False,{}
100000.00,0.00,100000.00,EUR,IDEALPRO-001,MARGIN,,"[{'type': 'MarginBalance', 'initial': '0.00', 'maintenance': '2.32', 'currency': 'USD', 'instrument_id': 'EUR/USD.IDEALPRO'}]",False,{}
99999.49,2.32,99997.17,USD,IDEALPRO-001,MARGIN,,"[{'type': 'MarginBalance', 'initial': '0.00', 'maintenance': '2.32', 'currency': 'USD', 'instrument_id': 'EUR/USD.IDEALPRO'}]",False,{}
100000.00,0.00,100000.00,EUR,IDEALPRO-001,MARGIN,,"[{'type': 'MarginBalance', 'initial': '0.00', 'maintenance': '2.32', 'currency': 'USD', 'instrument_id': 'EUR/USD.IDEALPRO'}]",False,{}
99999.49,2.32,99997.17,USD,IDEALPRO-001,MARGIN,,"[{'type': 'MarginBalance', 'initial': '0.00', 'maintenance': '2.32', 'currency': 'USD', 'instrument_id': 'EUR/USD.IDEALPRO'}]",False,{}
100000.00,0.00,100000.00,EUR,IDEALPRO-001,MARGIN,,"[{'type': 'MarginBalance', 'initial': '0.00', 'maintenance': '2.32', 'currency': 'USD', 'instrument_id': 'EUR/USD.IDEALPRO'}]",False,{}
99999.49,2.32,99997.17,USD,IDEALPRO-001,MARGIN,,"[{'type': 'MarginBalance', 'initial': '0.00', 'maintenance': '2.32', 'currency': 'USD', 'instrument_id': 'EUR/USD.IDEALPRO'}]",False,{}
100000.00,0.00,100000.00,EUR,IDEALPRO-001,MARGIN,,"[{'type': 'MarginBalance', 'initial': '0.00', 'maintenance': '2.32', 'currency': 'USD', 'instrument_id': 'EUR/USD.IDEALPRO'}]",False,{}
99999.51,0.00,99999.51,USD,IDEALPRO-001,MARGIN,,[],False,{}
100000.00,0.00,100000.00,EUR,IDEALPRO-001,MARGIN,,[],False,{}
99999.51,0.00,99999.51,USD,IDEALPRO-001,MARGIN,,[],False,{}
100000.00,0.00,100000.00,EUR,IDEALPRO-001,MARGIN,,[],False,{}
99999.51,0.00,99999.51,USD,IDEALPRO-001,MARGIN,,[],False,{}
100000.00,0.00,100000.00,EUR,IDEALPRO-001,MARGIN,,[],False,{}
99999.51,0.00,99999.51,USD,IDEALPRO-001,MARGIN,,[],False,{}
100000.00,0.00,100000.00,EUR,IDEALPRO-001,MARGIN,,[],False,{}
99999.51,0.00,99999.51,USD,IDEALPRO-001,MARGIN,,[],False,{}
100000.00,0.00,100000.00,EUR,IDEALPRO-001,MARGIN,,[],False,{}
99999.51,0.00,99999.51,USD,IDEALPRO-001,MARGIN,,[],False,{}
100000.00,0.00,100000.00,EUR,IDEALPRO-001,MARGIN,,[],False,{}
99999.51,2.32,99997.19,USD,IDEALPRO-001,MARGIN,,"[{'type': 'MarginBalance', 'initial': '0.00', 'maintenance': '2.32', 'currency': 'USD', 'instrument_id': 'EUR/USD.IDEALPRO'}]",False,{}
100000.00,0.00,100000.00,EUR,IDEALPRO-001,MARGIN,,"[{'type': 'MarginBalance', 'initial': '0.00', 'maintenance': '2.32', 'currency': 'USD', 'instrument_id': 'EUR/USD.IDEALPRO'}]",False,{}
99999.51,2.32,99997.19,USD,IDEALPRO-001,MARGIN,,"[{'type': 'MarginBalance', 'initial': '0.00', 'maintenance': '2.32', 'currency': 'USD', 'instrument_id': 'EUR/USD.IDEALPRO'}]",False,{}
100000.00,0.00,100000.00,EUR,IDEALPRO-001,MARGIN,,"[{'type': 'MarginBalance', 'initial': '0.00', 'maintenance': '2.32', 'currency': 'USD', 'instrument_id': 'EUR/USD.IDEALPRO'}]",False,{}
99999.51,2.32,99997.19,USD,IDEALPRO-001,MARGIN,,"[{'type': 'MarginBalance', 'initial': '0.00', 'maintenance': '2.32', 'currency': 'USD', 'instrument_id': 'EUR/USD.IDEALPRO'}]",False,{}
100000.00,0.00,100000.00,EUR,IDEALPRO-001,MARGIN,,"[{'type': 'MarginBalance', 'initial': '0.00', 'maintenance': '2.32', 'currency': 'USD', 'instrument_id': 'EUR/USD.IDEALPRO'}]",False,{}
99999.51,2.32,99997.19,USD,IDEALPRO-001,MARGIN,,"[{'type': 'MarginBalance', 'initial': '0.00', 'maintenance': '2.32', 'currency': 'USD', 'instrument_id': 'EUR/USD.IDEALPRO'}]",False,{}
100000.00,0.00,100000.00,EUR,IDEALPRO-001,MARGIN,,"[{'type': 'MarginBalance', 'initial': '0.00', 'maintenance': '2.32', 'currency': 'USD', 'instrument_id': 'EUR/USD.IDEALPRO'}]",False,{}
99999.51,0.00,99999.51,USD,IDEALPRO-001,MARGIN,,[],False,{}
100000.00,0.00,100000.00,EUR,IDEALPRO-001,MARGIN,,[],False,{}
99999.51,0.00,99999.51,USD,IDEALPRO-001,MARGIN,,[],False,{}
100000.00,0.00,100000.00,EUR,IDEALPRO-001,MARGIN,,[],False,{}
99999.51,0.00,99999.51,USD,IDEALPRO-001,MARGIN,,[],False,{}
100000.00,0.00,100000.00,EUR,IDEALPRO-001,MARGIN,,[],False,{}
99999.51,0.00,99999.51,USD,IDEALPRO-001,MARGIN,,[],False,{}
100000.00,0.00,100000.00,EUR,IDEALPRO-001,MARGIN,,[],False,{}
99999.51,0.00,99999.51,USD,IDEALPRO-001,MARGIN,,[],False,{}
100000.00,0.00,100000.00,EUR,IDEALPRO-001,MARGIN,,[],False,{}
99999.51,0.00,99999.51,USD,IDEALPRO-001,MARGIN,,[],False,{}
100000.00,0.00,100000.00,EUR,IDEALPRO-001,MARGIN,,[],False,{}
99999.51,2.32,99997.19,USD,IDEALPRO-001,MARGIN,,"[{'type': 'MarginBalance', 'initial': '0.00', 'maintenance': '2.32', 'currency': 'USD', 'instrument_id': 'EUR/USD.IDEALPRO'}]",False,{}
100000.00,0.00,100000.00,EUR,IDEALPRO-001,MARGIN,,"[{'type': 'MarginBalance', 'initial': '0.00', 'maintenance': '2.32', 'currency': 'USD', 'instrument_id': 'EUR/USD.IDEALPRO'}]",False,{}
99999.51,2.32,99997.19,USD,IDEALPRO-001,MARGIN,,"[{'type': 'MarginBalance', 'initial': '0.00', 'maintenance': '2.32', 'currency': 'USD', 'instrument_id': 'EUR/USD.IDEALPRO'}]",False,{}
100000.00,0.00,100000.00,EUR,IDEALPRO-001,MARGIN,,"[{'type': 'MarginBalance', 'initial': '0.00', 'maintenance': '2.32', 'currency': 'USD', 'instrument_id': 'EUR/USD.IDEALPRO'}]",False,{}
99999.51,2.32,99997.19,USD,IDEALPRO-001,MARGIN,,"[{'type': 'MarginBalance', 'initial': '0.00', 'maintenance': '2.32', 'currency': 'USD', 'instrument_id': 'EUR/USD.IDEALPRO'}]",False,{}
100000.00,0.00,100000.00,EUR,IDEALPRO-001,MARGIN,,"[{'type': 'MarginBalance', 'initial': '0.00', 'maintenance': '2.32', 'currency': 'USD', 'instrument_id': 'EUR/USD.IDEALPRO'}]",False,{}
99999.51,2.32,99997.19,USD,IDEALPRO-001,MARGIN,,"[{'type': 'MarginBalance', 'initial': '0.00', 'maintenance': '2.32', 'currency': 'USD', 'instrument_id': 'EUR/USD.IDEALPRO'}]",False,{}
100000.00,0.00,100000.00,EUR,IDEALPRO-001,MARGIN,,"[{'type': 'MarginBalance', 'initial': '0.00', 'maintenance': '2.32', 'currency': 'USD', 'instrument_id': 'EUR/USD.IDEALPRO'}]",False,{}
99999.49,0.00,99999.49,USD,IDEALPRO-001,MARGIN,,[],False,{}
100000.00,0.00,100000.00,EUR,IDEALPRO-001,MARGIN,,[],False,{}
99999.49,0.00,99999.49,USD,IDEALPRO-001,MARGIN,,[],False,{}
100000.00,0.00,100000.00,EUR,IDEALPRO-001,MARGIN,,[],False,{}
99999.49,0.00,99999.49,USD,IDEALPRO-001,MARGIN,,[],False,{}
100000.00,0.00,100000.00,EUR,IDEALPRO-001,MARGIN,,[],False,{}
99999.49,0.00,99999.49,USD,IDEALPRO-001,MARGIN,,[],False,{}
100000.00,0.00,100000.00,EUR,IDEALPRO-001,MARGIN,,[],False,{}
99999.49,0.00,99999.49,USD,IDEALPRO-001,MARGIN,,[],False,{}
100000.00,0.00,100000.00,EUR,IDEALPRO-001,MARGIN,,[],False,{}
99999.49,0.00,99999.49,USD,IDEALPRO-001,MARGIN,,[],False,{}
100000.00,0.00,100000.00,EUR,IDEALPRO-001,MARGIN,,[],False,{}
99999.49,2.32,99997.17,USD,IDEALPRO-001,MARGIN,,"[{'type': 'MarginBalance', 'initial': '0.00', 'maintenance': '2.32', 'currency': 'USD', 'instrument_id': 'EUR/USD.IDEALPRO'}]",False,{}
100000.00,0.00,100000.00,EUR,IDEALPRO-001,MARGIN,,"[{'type': 'MarginBalance', 'initial': '0.00', 'maintenance': '2.32', 'currency': 'USD', 'instrument_id': 'EUR/USD.IDEALPRO'}]",False,{}
99999.49,2.32,99997.17,USD,IDEALPRO-001,MARGIN,,"[{'type': 'MarginBalance', 'initial': '0.00', 'maintenance': '2.32', 'currency': 'USD', 'instrument_id': 'EUR/USD.IDEALPRO'}]",False,{}
100000.00,0.00,100000.00,EUR,IDEALPRO-001,MARGIN,,"[{'type': 'MarginBalance', 'initial': '0.00', 'maintenance': '2.32', 'currency': 'USD', 'instrument_id': 'EUR/USD.IDEALPRO'}]",False,{}
99999.49,2.32,99997.17,USD,IDEALPRO-001,MARGIN,,"[{'type': 'MarginBalance', 'initial': '0.00', 'maintenance': '2.32', 'currency': 'USD', 'instrument_id': 'EUR/USD.IDEALPRO'}]",False,{}
100000.00,0.00,100000.00,EUR,IDEALPRO-001,MARGIN,,"[{'type': 'MarginBalance', 'initial': '0.00', 'maintenance': '2.32', 'currency': 'USD', 'instrument_id': 'EUR/USD.IDEALPRO'}]",False,{}
99999.49,2.32,99997.17,USD,IDEALPRO-001,MARGIN,,"[{'type': 'MarginBalance', 'initial': '0.00', 'maintenance': '2.32', 'currency': 'USD', 'instrument_id': 'EUR/USD.IDEALPRO'}]",False,{}
100000.00,0.00,100000.00,EUR,IDEALPRO-001,MARGIN,,"[{'type': 'MarginBalance', 'initial': '0.00', 'maintenance': '2.32', 'currency': 'USD', 'instrument_id': 'EUR/USD.IDEALPRO'}]",False,{}
99999.45,0.00,99999.45,USD,IDEALPRO-001,MARGIN,,[],False,{}
100000.00,0.00,100000.00,EUR,IDEALPRO-001,MARGIN,,[],False,{}
99999.45,0.00,99999.45,USD,IDEALPRO-001,MARGIN,,[],False,{}
100000.00,0.00,100000.00,EUR,IDEALPRO-001,MARGIN,,[],False,{}
99999.45,0.00,99999.45,USD,IDEALPRO-001,MARGIN,,[],False,{}
100000.00,0.00,100000.00,EUR,IDEALPRO-001,MARGIN,,[],False,{}
99999.45,0.00,99999.45,USD,IDEALPRO-001,MARGIN,,[],False,{}
100000.00,0.00,100000.00,EUR,IDEALPRO-001,MARGIN,,[],False,{}
99999.45,0.00,99999.45,USD,IDEALPRO-001,MARGIN,,[],False,{}
100000.00,0.00,100000.00,EUR,IDEALPRO-001,MARGIN,,[],False,{}
99999.45,0.00,99999.45,USD,IDEALPRO-001,MARGIN,,[],False,{}
100000.00,0.00,100000.00,EUR,IDEALPRO-001,MARGIN,,[],False,{}
99999.45,2.32,99997.13,USD,IDEALPRO-001,MARGIN,,"[{'type': 'MarginBalance', 'initial': '0.00', 'maintenance': '2.32', 'currency': 'USD', 'instrument_id': 'EUR/USD.IDEALPRO'}]",False,{}
100000.00,0.00,100000.00,EUR,IDEALPRO-001,MARGIN,,"[{'type': 'MarginBalance', 'initial': '0.00', 'maintenance': '2.32', 'currency': 'USD', 'instrument_id': 'EUR/USD.IDEALPRO'}]",False,{}
99999.45,2.32,99997.13,USD,IDEALPRO-001,MARGIN,,"[{'type': 'MarginBalance', 'initial': '0.00', 'maintenance': '2.32', 'currency': 'USD', 'instrument_id': 'EUR/USD.IDEALPRO'}]",False,{}
100000.00,0.00,100000.00,EUR,IDEALPRO-001,MARGIN,,"[{'type': 'MarginBalance', 'initial': '0.00', 'maintenance': '2.32', 'currency': 'USD', 'instrument_id': 'EUR/USD.IDEALPRO'}]",False,{}
99999.45,2.32,99997.13,USD,IDEALPRO-001,MARGIN,,"[{'type': 'MarginBalance', 'initial': '0.00', 'maintenance': '2.32', 'currency': 'USD', 'instrument_id': 'EUR/USD.IDEALPRO'}]",False,{}
100000.00,0.00,100000.00,EUR,IDEALPRO-001,MARGIN,,"[{'type': 'MarginBalance', 'initial': '0.00', 'maintenance': '2.32', 'currency': 'USD', 'instrument_id': 'EUR/USD.IDEALPRO'}]",False,{}
99999.45,2.32,99997.13,USD,IDEALPRO-001,MARGIN,,"[{'type': 'MarginBalance', 'initial': '0.00', 'maintenance': '2.32', 'currency': 'USD', 'instrument_id': 'EUR/USD.IDEALPRO'}]",False,{}
100000.00,0.00,100000.00,EUR,IDEALPRO-001,MARGIN,,"[{'type': 'MarginBalance', 'initial': '0.00', 'maintenance': '2.32', 'currency': 'USD', 'instrument_id': 'EUR/USD.IDEALPRO'}]",False,{}
99999.42,0.00,99999.42,USD,IDEALPRO-001,MARGIN,,[],False,{}
100000.00,0.00,100000.00,EUR,IDEALPRO-001,MARGIN,,[],False,{}
99999.42,0.00,99999.42,USD,IDEALPRO-001,MARGIN,,[],False,{}
100000.00,0.00,100000.00,EUR,IDEALPRO-001,MARGIN,,[],False,{}
99999.42,0.00,99999.42,USD,IDEALPRO-001,MARGIN,,[],False,{}
100000.00,0.00,100000.00,EUR,IDEALPRO-001,MARGIN,,[],False,{}
99999.42,0.00,99999.42,USD,IDEALPRO-001,MARGIN,,[],False,{}
100000.00,0.00,100000.00,EUR,IDEALPRO-001,MARGIN,,[],False,{}
99999.42,0.00,99999.42,USD,IDEALPRO-001,MARGIN,,[],False,{}
100000.00,0.00,100000.00,EUR,IDEALPRO-001,MARGIN,,[],False,{}
99999.42,0.00,99999.42,USD,IDEALPRO-001,MARGIN,,[],False,{}
100000.00,0.00,100000.00,EUR,IDEALPRO-001,MARGIN,,[],False,{}
99999.42,2.32,99997.10,USD,IDEALPRO-001,MARGIN,,"[{'type': 'MarginBalance', 'initial': '0.00', 'maintenance': '2.32', 'currency': 'USD', 'instrument_id': 'EUR/USD.IDEALPRO'}]",False,{}
100000.00,0.00,100000.00,EUR,IDEALPRO-001,MARGIN,,"[{'type': 'MarginBalance', 'initial': '0.00', 'maintenance': '2.32', 'currency': 'USD', 'instrument_id': 'EUR/USD.IDEALPRO'}]",False,{}
99999.42,2.32,99997.10,USD,IDEALPRO-001,MARGIN,,"[{'type': 'MarginBalance', 'initial': '0.00', 'maintenance': '2.32', 'currency': 'USD', 'instrument_id': 'EUR/USD.IDEALPRO'}]",False,{}
100000.00,0.00,100000.00,EUR,IDEALPRO-001,MARGIN,,"[{'type': 'MarginBalance', 'initial': '0.00', 'maintenance': '2.32', 'currency': 'USD', 'instrument_id': 'EUR/USD.IDEALPRO'}]",False,{}
99999.42,2.32,99997.10,USD,IDEALPRO-001,MARGIN,,"[{'type': 'MarginBalance', 'initial': '0.00', 'maintenance': '2.32', 'currency': 'USD', 'instrument_id': 'EUR/USD.IDEALPRO'}]",False,{}
100000.00,0.00,100000.00,EUR,IDEALPRO-001,MARGIN,,"[{'type': 'MarginBalance', 'initial': '0.00', 'maintenance': '2.32', 'currency': 'USD', 'instrument_id': 'EUR/USD.IDEALPRO'}]",False,{}
99999.42,2.32,99997.10,USD,IDEALPRO-001,MARGIN,,"[{'type': 'MarginBalance', 'initial': '0.00', 'maintenance': '2.32', 'currency': 'USD', 'instrument_id': 'EUR/USD.IDEALPRO'}]",False,{}
100000.00,0.00,100000.00,EUR,IDEALPRO-001,MARGIN,,"[{'type': 'MarginBalance', 'initial': '0.00', 'maintenance': '2.32', 'currency': 'USD', 'instrument_id': 'EUR/USD.IDEALPRO'}]",False,{}
99999.38,0.00,99999.38,USD,IDEALPRO-001,MARGIN,,[],False,{}
100000.00,0.00,100000.00,EUR,IDEALPRO-001,MARGIN,,[],False,{}
99999.38,0.00,99999.38,USD,IDEALPRO-001,MARGIN,,[],False,{}
100000.00,0.00,100000.00,EUR,IDEALPRO-001,MARGIN,,[],False,{}
99999.38,0.00,99999.38,USD,IDEALPRO-001,MARGIN,,[],False,{}
100000.00,0.00,100000.00,EUR,IDEALPRO-001,MARGIN,,[],False,{}
99999.38,0.00,99999.38,USD,IDEALPRO-001,MARGIN,,[],False,{}
100000.00,0.00,100000.00,EUR,IDEALPRO-001,MARGIN,,[],False,{}
99999.38,0.00,99999.38,USD,IDEALPRO-001,MARGIN,,[],False,{}
100000.00,0.00,100000.00,EUR,IDEALPRO-001,MARGIN,,[],False,{}
99999.38,0.00,99999.38,USD,IDEALPRO-001,MARGIN,,[],False,{}
100000.00,0.00,100000.00,EUR,IDEALPRO-001,MARGIN,,[],False,{}
99999.38,2.32,99997.06,USD,IDEALPRO-001,MARGIN,,"[{'type': 'MarginBalance', 'initial': '0.00', 'maintenance': '2.32', 'currency': 'USD', 'instrument_id': 'EUR/USD.IDEALPRO'}]",False,{}
100000.00,0.00,100000.00,EUR,IDEALPRO-001,MARGIN,,"[{'type': 'MarginBalance', 'initial': '0.00', 'maintenance': '2.32', 'currency': 'USD', 'instrument_id': 'EUR/USD.IDEALPRO'}]",False,{}
99999.38,2.32,99997.06,USD,IDEALPRO-001,MARGIN,,"[{'type': 'MarginBalance', 'initial': '0.00', 'maintenance': '2.32', 'currency': 'USD', 'instrument_id': 'EUR/USD.IDEALPRO'}]",False,{}
100000.00,0.00,100000.00,EUR,IDEALPRO-001,MARGIN,,"[{'type': 'MarginBalance', 'initial': '0.00', 'maintenance': '2.32', 'currency': 'USD', 'instrument_id': 'EUR/USD.IDEALPRO'}]",False,{}
99999.38,2.32,99997.06,USD,IDEALPRO-001,MARGIN,,"[{'type': 'MarginBalance', 'initial': '0.00', 'maintenance': '2.32', 'currency': 'USD', 'instrument_id': 'EUR/USD.IDEALPRO'}]",False,{}
100000.00,0.00,100000.00,EUR,IDEALPRO-001,MARGIN,,"[{'type': 'MarginBalance', 'initial': '0.00', 'maintenance': '2.32', 'currency': 'USD', 'instrument_id': 'EUR/USD.IDEALPRO'}]",False,{}
99999.38,2.32,99997.06,USD,IDEALPRO-001,MARGIN,,"[{'type': 'MarginBalance', 'initial': '0.00', 'maintenance': '2.32', 'currency': 'USD', 'instrument_id': 'EUR/USD.IDEALPRO'}]",False,{}
100000.00,0.00,100000.00,EUR,IDEALPRO-001,MARGIN,,"[{'type': 'MarginBalance', 'initial': '0.00', 'maintenance': '2.32', 'currency': 'USD', 'instrument_id': 'EUR/USD.IDEALPRO'}]",False,{}
99999.35,0.00,99999.35,USD,IDEALPRO-001,MARGIN,,[],False,{}
100000.00,0.00,100000.00,EUR,IDEALPRO-001,MARGIN,,[],False,{}
99999.35,0.00,99999.35,USD,IDEALPRO-001,MARGIN,,[],False,{}
100000.00,0.00,100000.00,EUR,IDEALPRO-001,MARGIN,,[],False,{}
99999.35,0.00,99999.35,USD,IDEALPRO-001,MARGIN,,[],False,{}
100000.00,0.00,100000.00,EUR,IDEALPRO-001,MARGIN,,[],False,{}
99999.35,0.00,99999.35,USD,IDEALPRO-001,MARGIN,,[],False,{}
100000.00,0.00,100000.00,EUR,IDEALPRO-001,MARGIN,,[],False,{}
99999.35,0.00,99999.35,USD,IDEALPRO-001,MARGIN,,[],False,{}
100000.00,0.00,100000.00,EUR,IDEALPRO-001,MARGIN,,[],False,{}
99999.35,0.00,99999.35,USD,IDEALPRO-001,MARGIN,,[],False,{}
100000.00,0.00,100000.00,EUR,IDEALPRO-001,MARGIN,,[],False,{}
99999.35,2.32,99997.03,USD,IDEALPRO-001,MARGIN,,"[{'type': 'MarginBalance', 'initial': '0.00', 'maintenance': '2.32', 'currency': 'USD', 'instrument_id': 'EUR/USD.IDEALPRO'}]",False,{}
100000.00,0.00,100000.00,EUR,IDEALPRO-001,MARGIN,,"[{'type': 'MarginBalance', 'initial': '0.00', 'maintenance': '2.32', 'currency': 'USD', 'instrument_id': 'EUR/USD.IDEALPRO'}]",False,{}
99999.35,2.32,99997.03,USD,IDEALPRO-001,MARGIN,,"[{'type': 'MarginBalance', 'initial': '0.00', 'maintenance': '2.32', 'currency': 'USD', 'instrument_id': 'EUR/USD.IDEALPRO'}]",False,{}
100000.00,0.00,100000.00,EUR,IDEALPRO-001,MARGIN,,"[{'type': 'MarginBalance', 'initial': '0.00', 'maintenance': '2.32', 'currency': 'USD', 'instrument_id': 'EUR/USD.IDEALPRO'}]",False,{}
99999.35,2.32,99997.03,USD,IDEALPRO-001,MARGIN,,"[{'type': 'MarginBalance', 'initial': '0.00', 'maintenance': '2.32', 'currency': 'USD', 'instrument_id': 'EUR/USD.IDEALPRO'}]",False,{}
100000.00,0.00,100000.00,EUR,IDEALPRO-001,MARGIN,,"[{'type': 'MarginBalance', 'initial': '0.00', 'maintenance': '2.32', 'currency': 'USD', 'instrument_id': 'EUR/USD.IDEALPRO'}]",False,{}
99999.35,2.32,99997.03,USD,IDEALPRO-001,MARGIN,,"[{'type': 'MarginBalance', 'initial': '0.00', 'maintenance': '2.32', 'currency': 'USD', 'instrument_id': 'EUR/USD.IDEALPRO'}]",False,{}
100000.00,0.00,100000.00,EUR,IDEALPRO-001,MARGIN,,"[{'type': 'MarginBalance', 'initial': '0.00', 'maintenance': '2.32', 'currency': 'USD', 'instrument_id': 'EUR/USD.IDEALPRO'}]",False,{}
99999.32,0.00,99999.32,USD,IDEALPRO-001,MARGIN,,[],False,{}
100000.00,0.00,100000.00,EUR,IDEALPRO-001,MARGIN,,[],False,{}
99999.32,0.00,99999.32,USD,IDEALPRO-001,MARGIN,,[],False,{}
100000.00,0.00,100000.00,EUR,IDEALPRO-001,MARGIN,,[],False,{}
99999.32,0.00,99999.32,USD,IDEALPRO-001,MARGIN,,[],False,{}
100000.00,0.00,100000.00,EUR,IDEALPRO-001,MARGIN,,[],False,{}
99999.32,0.00,99999.32,USD,IDEALPRO-001,MARGIN,,[],False,{}
100000.00,0.00,100000.00,EUR,IDEALPRO-001,MARGIN,,[],False,{}
99999.32,0.00,99999.32,USD,IDEALPRO-001,MARGIN,,[],False,{}
100000.00,0.00,100000.00,EUR,IDEALPRO-001,MARGIN,,[],False,{}
99999.32,0.00,99999.32,USD,IDEALPRO-001,MARGIN,,[],False,{}
100000.00,0.00,100000.00,EUR,IDEALPRO-001,MARGIN,,[],False,{}
99999.32,2.32,99997.00,USD,IDEALPRO-001,MARGIN,,"[{'type': 'MarginBalance', 'initial': '0.00', 'maintenance': '2.32', 'currency': 'USD', 'instrument_id': 'EUR/USD.IDEALPRO'}]",False,{}
100000.00,0.00,100000.00,EUR,IDEALPRO-001,MARGIN,,"[{'type': 'MarginBalance', 'initial': '0.00', 'maintenance': '2.32', 'currency': 'USD', 'instrument_id': 'EUR/USD.IDEALPRO'}]",False,{}
99999.32,2.32,99997.00,USD,IDEALPRO-001,MARGIN,,"[{'type': 'MarginBalance', 'initial': '0.00', 'maintenance': '2.32', 'currency': 'USD', 'instrument_id': 'EUR/USD.IDEALPRO'}]",False,{}
100000.00,0.00,100000.00,EUR,IDEALPRO-001,MARGIN,,"[{'type': 'MarginBalance', 'initial': '0.00', 'maintenance': '2.32', 'currency': 'USD', 'instrument_id': 'EUR/USD.IDEALPRO'}]",False,{}
99999.32,2.32,99997.00,USD,IDEALPRO-001,MARGIN,,"[{'type': 'MarginBalance', 'initial': '0.00', 'maintenance': '2.32', 'currency': 'USD', 'instrument_id': 'EUR/USD.IDEALPRO'}]",False,{}
100000.00,0.00,100000.00,EUR,IDEALPRO-001,MARGIN,,"[{'type': 'MarginBalance', 'initial': '0.00', 'maintenance': '2.32', 'currency': 'USD', 'instrument_id': 'EUR/USD.IDEALPRO'}]",False,{}
99999.32,2.32,99997.00,USD,IDEALPRO-001,MARGIN,,"[{'type': 'MarginBalance', 'initial': '0.00', 'maintenance': '2.32', 'currency': 'USD', 'instrument_id': 'EUR/USD.IDEALPRO'}]",False,{}
100000.00,0.00,100000.00,EUR,IDEALPRO-001,MARGIN,,"[{'type': 'MarginBalance', 'initial': '0.00', 'maintenance': '2.32', 'currency': 'USD', 'instrument_id': 'EUR/USD.IDEALPRO'}]",False,{}
99999.29,0.00,99999.29,USD,IDEALPRO-001,MARGIN,,[],False,{}
100000.00,0.00,100000.00,EUR,IDEALPRO-001,MARGIN,,[],False,{}
99999.29,0.00,99999.29,USD,IDEALPRO-001,MARGIN,,[],False,{}
100000.00,0.00,100000.00,EUR,IDEALPRO-001,MARGIN,,[],False,{}
99999.29,0.00,99999.29,USD,IDEALPRO-001,MARGIN,,[],False,{}
100000.00,0.00,100000.00,EUR,IDEALPRO-001,MARGIN,,[],False,{}
99999.29,0.00,99999.29,USD,IDEALPRO-001,MARGIN,,[],False,{}
100000.00,0.00,100000.00,EUR,IDEALPRO-001,MARGIN,,[],False,{}
99999.29,0.00,99999.29,USD,IDEALPRO-001,MARGIN,,[],False,{}
100000.00,0.00,100000.00,EUR,IDEALPRO-001,MARGIN,,[],False,{}
99999.29,0.00,99999.29,USD,IDEALPRO-001,MARGIN,,[],False,{}
100000.00,0.00,100000.00,EUR,IDEALPRO-001,MARGIN,,[],False,{}
99999.29,2.32,99996.97,USD,IDEALPRO-001,MARGIN,,"[{'type': 'MarginBalance', 'initial': '0.00', 'maintenance': '2.32', 'currency': 'USD', 'instrument_id': 'EUR/USD.IDEALPRO'}]",False,{}
100000.00,0.00,100000.00,EUR,IDEALPRO-001,MARGIN,,"[{'type': 'MarginBalance', 'initial': '0.00', 'maintenance': '2.32', 'currency': 'USD', 'instrument_id': 'EUR/USD.IDEALPRO'}]",False,{}
99999.29,2.32,99996.97,USD,IDEALPRO-001,MARGIN,,"[{'type': 'MarginBalance', 'initial': '0.00', 'maintenance': '2.32', 'currency': 'USD', 'instrument_id': 'EUR/USD.IDEALPRO'}]",False,{}
100000.00,0.00,100000.00,EUR,IDEALPRO-001,MARGIN,,"[{'type': 'MarginBalance', 'initial': '0.00', 'maintenance': '2.32', 'currency': 'USD', 'instrument_id': 'EUR/USD.IDEALPRO'}]",False,{}
99999.29,2.32,99996.97,USD,IDEALPRO-001,MARGIN,,"[{'type': 'MarginBalance', 'initial': '0.00', 'maintenance': '2.32', 'currency': 'USD', 'instrument_id': 'EUR/USD.IDEALPRO'}]",False,{}
100000.00,0.00,100000.00,EUR,IDEALPRO-001,MARGIN,,"[{'type': 'MarginBalance', 'initial': '0.00', 'maintenance': '2.32', 'currency': 'USD', 'instrument_id': 'EUR/USD.IDEALPRO'}]",False,{}
99999.29,2.32,99996.97,USD,IDEALPRO-001,MARGIN,,"[{'type': 'MarginBalance', 'initial': '0.00', 'maintenance': '2.32', 'currency': 'USD', 'instrument_id': 'EUR/USD.IDEALPRO'}]",False,{}
100000.00,0.00,100000.00,EUR,IDEALPRO-001,MARGIN,,"[{'type': 'MarginBalance', 'initial': '0.00', 'maintenance': '2.32', 'currency': 'USD', 'instrument_id': 'EUR/USD.IDEALPRO'}]",False,{}
99999.27,0.00,99999.27,USD,IDEALPRO-001,MARGIN,,[],False,{}
100000.00,0.00,100000.00,EUR,IDEALPRO-001,MARGIN,,[],False,{}
99999.27,0.00,99999.27,USD,IDEALPRO-001,MARGIN,,[],False,{}
100000.00,0.00,100000.00,EUR,IDEALPRO-001,MARGIN,,[],False,{}
99999.27,0.00,99999.27,USD,IDEALPRO-001,MARGIN,,[],False,{}
100000.00,0.00,100000.00,EUR,IDEALPRO-001,MARGIN,,[],False,{}
99999.27,0.00,99999.27,USD,IDEALPRO-001,MARGIN,,[],False,{}
100000.00,0.00,100000.00,EUR,IDEALPRO-001,MARGIN,,[],False,{}
99999.27,0.00,99999.27,USD,IDEALPRO-001,MARGIN,,[],False,{}
100000.00,0.00,100000.00,EUR,IDEALPRO-001,MARGIN,,[],False,{}
99999.27,0.00,99999.27,USD,IDEALPRO-001,MARGIN,,[],False,{}
100000.00,0.00,100000.00,EUR,IDEALPRO-001,MARGIN,,[],False,{}
99999.27,2.32,99996.95,USD,IDEALPRO-001,MARGIN,,"[{'type': 'MarginBalance', 'initial': '0.00', 'maintenance': '2.32', 'currency': 'USD', 'instrument_id': 'EUR/USD.IDEALPRO'}]",False,{}
100000.00,0.00,100000.00,EUR,IDEALPRO-001,MARGIN,,"[{'type': 'MarginBalance', 'initial': '0.00', 'maintenance': '2.32', 'currency': 'USD', 'instrument_id': 'EUR/USD.IDEALPRO'}]",False,{}
99999.27,2.32,99996.95,USD,IDEALPRO-001,MARGIN,,"[{'type': 'MarginBalance', 'initial': '0.00', 'maintenance': '2.32', 'currency': 'USD', 'instrument_id': 'EUR/USD.IDEALPRO'}]",False,{}
100000.00,0.00,100000.00,EUR,IDEALPRO-001,MARGIN,,"[{'type': 'MarginBalance', 'initial': '0.00', 'maintenance': '2.32', 'currency': 'USD', 'instrument_id': 'EUR/USD.IDEALPRO'}]",False,{}
99999.27,2.32,99996.95,USD,IDEALPRO-001,MARGIN,,"[{'type': 'MarginBalance', 'initial': '0.00', 'maintenance': '2.32', 'currency': 'USD', 'instrument_id': 'EUR/USD.IDEALPRO'}]",False,{}
100000.00,0.00,100000.00,EUR,IDEALPRO-001,MARGIN,,"[{'type': 'MarginBalance', 'initial': '0.00', 'maintenance': '2.32', 'currency': 'USD', 'instrument_id': 'EUR/USD.IDEALPRO'}]",False,{}
99999.27,2.32,99996.95,USD,IDEALPRO-001,MARGIN,,"[{'type': 'MarginBalance', 'initial': '0.00', 'maintenance': '2.32', 'currency': 'USD', 'instrument_id': 'EUR/USD.IDEALPRO'}]",False,{}
100000.00,0.00,100000.00,EUR,IDEALPRO-001,MARGIN,,"[{'type': 'MarginBalance', 'initial': '0.00', 'maintenance': '2.32', 'currency': 'USD', 'instrument_id': 'EUR/USD.IDEALPRO'}]",False,{}
99999.25,0.00,99999.25,USD,IDEALPRO-001,MARGIN,,[],False,{}
100000.00,0.00,100000.00,EUR,IDEALPRO-001,MARGIN,,[],False,{}
99999.25,0.00,99999.25,USD,IDEALPRO-001,MARGIN,,[],False,{}
100000.00,0.00,100000.00,EUR,IDEALPRO-001,MARGIN,,[],False,{}
99999.25,0.00,99999.25,USD,IDEALPRO-001,MARGIN,,[],False,{}
100000.00,0.00,100000.00,EUR,IDEALPRO-001,MARGIN,,[],False,{}
99999.25,0.00,99999.25,USD,IDEALPRO-001,MARGIN,,[],False,{}
100000.00,0.00,100000.00,EUR,IDEALPRO-001,MARGIN,,[],False,{}
99999.25,0.00,99999.25,USD,IDEALPRO-001,MARGIN,,[],False,{}
100000.00,0.00,100000.00,EUR,IDEALPRO-001,MARGIN,,[],False,{}
99999.25,0.00,99999.25,USD,IDEALPRO-001,MARGIN,,[],False,{}
100000.00,0.00,100000.00,EUR,IDEALPRO-001,MARGIN,,[],False,{}
99999.25,2.32,99996.93,USD,IDEALPRO-001,MARGIN,,"[{'type': 'MarginBalance', 'initial': '0.00', 'maintenance': '2.32', 'currency': 'USD', 'instrument_id': 'EUR/USD.IDEALPRO'}]",False,{}
100000.00,0.00,100000.00,EUR,IDEALPRO-001,MARGIN,,"[{'type': 'MarginBalance', 'initial': '0.00', 'maintenance': '2.32', 'currency': 'USD', 'instrument_id': 'EUR/USD.IDEALPRO'}]",False,{}
99999.25,2.32,99996.93,USD,IDEALPRO-001,MARGIN,,"[{'type': 'MarginBalance', 'initial': '0.00', 'maintenance': '2.32', 'currency': 'USD', 'instrument_id': 'EUR/USD.IDEALPRO'}]",False,{}
100000.00,0.00,100000.00,EUR,IDEALPRO-001,MARGIN,,"[{'type': 'MarginBalance', 'initial': '0.00', 'maintenance': '2.32', 'currency': 'USD', 'instrument_id': 'EUR/USD.IDEALPRO'}]",False,{}
99999.25,2.32,99996.93,USD,IDEALPRO-001,MARGIN,,"[{'type': 'MarginBalance', 'initial': '0.00', 'maintenance': '2.32', 'currency': 'USD', 'instrument_id': 'EUR/USD.IDEALPRO'}]",False,{}
100000.00,0.00,100000.00,EUR,IDEALPRO-001,MARGIN,,"[{'type': 'MarginBalance', 'initial': '0.00', 'maintenance': '2.32', 'currency': 'USD', 'instrument_id': 'EUR/USD.IDEALPRO'}]",False,{}
99999.25,2.32,99996.93,USD,IDEALPRO-001,MARGIN,,"[{'type': 'MarginBalance', 'initial': '0.00', 'maintenance': '2.32', 'currency': 'USD', 'instrument_id': 'EUR/USD.IDEALPRO'}]",False,{}
100000.00,0.00,100000.00,EUR,IDEALPRO-001,MARGIN,,"[{'type': 'MarginBalance', 'initial': '0.00', 'maintenance': '2.32', 'currency': 'USD', 'instrument_id': 'EUR/USD.IDEALPRO'}]",False,{}
99999.26,0.00,99999.26,USD,IDEALPRO-001,MARGIN,,[],False,{}
100000.00,0.00,100000.00,EUR,IDEALPRO-001,MARGIN,,[],False,{}
99999.26,0.00,99999.26,USD,IDEALPRO-001,MARGIN,,[],False,{}
100000.00,0.00,100000.00,EUR,IDEALPRO-001,MARGIN,,[],False,{}
99999.26,0.00,99999.26,USD,IDEALPRO-001,MARGIN,,[],False,{}
100000.00,0.00,100000.00,EUR,IDEALPRO-001,MARGIN,,[],False,{}
99999.26,0.00,99999.26,USD,IDEALPRO-001,MARGIN,,[],False,{}
100000.00,0.00,100000.00,EUR,IDEALPRO-001,MARGIN,,[],False,{}
99999.26,0.00,99999.26,USD,IDEALPRO-001,MARGIN,,[],False,{}
100000.00,0.00,100000.00,EUR,IDEALPRO-001,MARGIN,,[],False,{}
99999.26,0.00,99999.26,USD,IDEALPRO-001,MARGIN,,[],False,{}
100000.00,0.00,100000.00,EUR,IDEALPRO-001,MARGIN,,[],False,{}
99999.26,2.32,99996.94,USD,IDEALPRO-001,MARGIN,,"[{'type': 'MarginBalance', 'initial': '0.00', 'maintenance': '2.32', 'currency': 'USD', 'instrument_id': 'EUR/USD.IDEALPRO'}]",False,{}
100000.00,0.00,100000.00,EUR,IDEALPRO-001,MARGIN,,"[{'type': 'MarginBalance', 'initial': '0.00', 'maintenance': '2.32', 'currency': 'USD', 'instrument_id': 'EUR/USD.IDEALPRO'}]",False,{}
99999.26,2.32,99996.94,USD,IDEALPRO-001,MARGIN,,"[{'type': 'MarginBalance', 'initial': '0.00', 'maintenance': '2.32', 'currency': 'USD', 'instrument_id': 'EUR/USD.IDEALPRO'}]",False,{}
100000.00,0.00,100000.00,EUR,IDEALPRO-001,MARGIN,,"[{'type': 'MarginBalance', 'initial': '0.00', 'maintenance': '2.32', 'currency': 'USD', 'instrument_id': 'EUR/USD.IDEALPRO'}]",False,{}
99999.26,2.32,99996.94,USD,IDEALPRO-001,MARGIN,,"[{'type': 'MarginBalance', 'initial': '0.00', 'maintenance': '2.32', 'currency': 'USD', 'instrument_id': 'EUR/USD.IDEALPRO'}]",False,{}
100000.00,0.00,100000.00,EUR,IDEALPRO-001,MARGIN,,"[{'type': 'MarginBalance', 'initial': '0.00', 'maintenance': '2.32', 'currency': 'USD', 'instrument_id': 'EUR/USD.IDEALPRO'}]",False,{}
99999.26,2.32,99996.94,USD,IDEALPRO-001,MARGIN,,"[{'type': 'MarginBalance', 'initial': '0.00', 'maintenance': '2.32', 'currency': 'USD', 'instrument_id': 'EUR/USD.IDEALPRO'}]",False,{}
100000.00,0.00,100000.00,EUR,IDEALPRO-001,MARGIN,,"[{'type': 'MarginBalance', 'initial': '0.00', 'maintenance': '2.32', 'currency': 'USD', 'instrument_id': 'EUR/USD.IDEALPRO'}]",False,{}
99999.23,0.00,99999.23,USD,IDEALPRO-001,MARGIN,,[],False,{}
100000.00,0.00,100000.00,EUR,IDEALPRO-001,MARGIN,,[],False,{}
99999.23,0.00,99999.23,USD,IDEALPRO-001,MARGIN,,[],False,{}
100000.00,0.00,100000.00,EUR,IDEALPRO-001,MARGIN,,[],False,{}
99999.23,0.00,99999.23,USD,IDEALPRO-001,MARGIN,,[],False,{}
100000.00,0.00,100000.00,EUR,IDEALPRO-001,MARGIN,,[],False,{}
99999.23,0.00,99999.23,USD,IDEALPRO-001,MARGIN,,[],False,{}
100000.00,0.00,100000.00,EUR,IDEALPRO-001,MARGIN,,[],False,{}
99999.23,0.00,99999.23,USD,IDEALPRO-001,MARGIN,,[],False,{}
100000.00,0.00,100000.00,EUR,IDEALPRO-001,MARGIN,,[],False,{}
99999.23,0.00,99999.23,USD,IDEALPRO-001,MARGIN,,[],False,{}
100000.00,0.00,100000.00,EUR,IDEALPRO-001,MARGIN,,[],False,{}
99999.23,2.32,99996.91,USD,IDEALPRO-001,MARGIN,,"[{'type': 'MarginBalance', 'initial': '0.00', 'maintenance': '2.32', 'currency': 'USD', 'instrument_id': 'EUR/USD.IDEALPRO'}]",False,{}
100000.00,0.00,100000.00,EUR,IDEALPRO-001,MARGIN,,"[{'type': 'MarginBalance', 'initial': '0.00', 'maintenance': '2.32', 'currency': 'USD', 'instrument_id': 'EUR/USD.IDEALPRO'}]",False,{}
99999.23,2.32,99996.91,USD,IDEALPRO-001,MARGIN,,"[{'type': 'MarginBalance', 'initial': '0.00', 'maintenance': '2.32', 'currency': 'USD', 'instrument_id': 'EUR/USD.IDEALPRO'}]",False,{}
100000.00,0.00,100000.00,EUR,IDEALPRO-001,MARGIN,,"[{'type': 'MarginBalance', 'initial': '0.00', 'maintenance': '2.32', 'currency': 'USD', 'instrument_id': 'EUR/USD.IDEALPRO'}]",False,{}
99999.23,2.32,99996.91,USD,IDEALPRO-001,MARGIN,,"[{'type': 'MarginBalance', 'initial': '0.00', 'maintenance': '2.32', 'currency': 'USD', 'instrument_id': 'EUR/USD.IDEALPRO'}]",False,{}
100000.00,0.00,100000.00,EUR,IDEALPRO-001,MARGIN,,"[{'type': 'MarginBalance', 'initial': '0.00', 'maintenance': '2.32', 'currency': 'USD', 'instrument_id': 'EUR/USD.IDEALPRO'}]",False,{}
99999.23,2.32,99996.91,USD,IDEALPRO-001,MARGIN,,"[{'type': 'MarginBalance', 'initial': '0.00', 'maintenance': '2.32', 'currency': 'USD', 'instrument_id': 'EUR/USD.IDEALPRO'}]",False,{}
100000.00,0.00,100000.00,EUR,IDEALPRO-001,MARGIN,,"[{'type': 'MarginBalance', 'initial': '0.00', 'maintenance': '2.32', 'currency': 'USD', 'instrument_id': 'EUR/USD.IDEALPRO'}]",False,{}
99999.23,0.00,99999.23,USD,IDEALPRO-001,MARGIN,,[],False,{}
100000.00,0.00,100000.00,EUR,IDEALPRO-001,MARGIN,,[],False,{}
99999.23,0.00,99999.23,USD,IDEALPRO-001,MARGIN,,[],False,{}
100000.00,0.00,100000.00,EUR,IDEALPRO-001,MARGIN,,[],False,{}
99999.23,0.00,99999.23,USD,IDEALPRO-001,MARGIN,,[],False,{}
100000.00,0.00,100000.00,EUR,IDEALPRO-001,MARGIN,,[],False,{}
99999.23,0.00,99999.23,USD,IDEALPRO-001,MARGIN,,[],False,{}
100000.00,0.00,100000.00,EUR,IDEALPRO-001,MARGIN,,[],False,{}
99999.23,0.00,99999.23,USD,IDEALPRO-001,MARGIN,,[],False,{}
100000.00,0.00,100000.00,EUR,IDEALPRO-001,MARGIN,,[],False,{}
99999.23,0.00,99999.23,USD,IDEALPRO-001,MARGIN,,[],False,{}
100000.00,0.00,100000.00,EUR,IDEALPRO-001,MARGIN,,[],False,{}
99999.23,2.32,99996.91,USD,IDEALPRO-001,MARGIN,,"[{'type': 'MarginBalance', 'initial': '0.00', 'maintenance': '2.32', 'currency': 'USD', 'instrument_id': 'EUR/USD.IDEALPRO'}]",False,{}
100000.00,0.00,100000.00,EUR,IDEALPRO-001,MARGIN,,"[{'type': 'MarginBalance', 'initial': '0.00', 'maintenance': '2.32', 'currency': 'USD', 'instrument_id': 'EUR/USD.IDEALPRO'}]",False,{}
99999.23,2.32,99996.91,USD,IDEALPRO-001,MARGIN,,"[{'type': 'MarginBalance', 'initial': '0.00', 'maintenance': '2.32', 'currency': 'USD', 'instrument_id': 'EUR/USD.IDEALPRO'}]",False,{}
100000.00,0.00,100000.00,EUR,IDEALPRO-001,MARGIN,,"[{'type': 'MarginBalance', 'initial': '0.00', 'maintenance': '2.32', 'currency': 'USD', 'instrument_id': 'EUR/USD.IDEALPRO'}]",False,{}
99999.23,2.32,99996.91,USD,IDEALPRO-001,MARGIN,,"[{'type': 'MarginBalance', 'initial': '0.00', 'maintenance': '2.32', 'currency': 'USD', 'instrument_id': 'EUR/USD.IDEALPRO'}]",False,{}
100000.00,0.00,100000.00,EUR,IDEALPRO-001,MARGIN,,"[{'type': 'MarginBalance', 'initial': '0.00', 'maintenance': '2.32', 'currency': 'USD', 'instrument_id': 'EUR/USD.IDEALPRO'}]",False,{}
99999.23,2.32,99996.91,USD,IDEALPRO-001,MARGIN,,"[{'type': 'MarginBalance', 'initial': '0.00', 'maintenance': '2.32', 'currency': 'USD', 'instrument_id': 'EUR/USD.IDEALPRO'}]",False,{}
100000.00,0.00,100000.00,EUR,IDEALPRO-001,MARGIN,,"[{'type': 'MarginBalance', 'initial': '0.00', 'maintenance': '2.32', 'currency': 'USD', 'instrument_id': 'EUR/USD.IDEALPRO'}]",False,{}
99999.22,0.00,99999.22,USD,IDEALPRO-001,MARGIN,,[],False,{}
100000.00,0.00,100000.00,EUR,IDEALPRO-001,MARGIN,,[],False,{}
99999.22,0.00,99999.22,USD,IDEALPRO-001,MARGIN,,[],False,{}
100000.00,0.00,100000.00,EUR,IDEALPRO-001,MARGIN,,[],False,{}
99999.22,0.00,99999.22,USD,IDEALPRO-001,MARGIN,,[],False,{}
100000.00,0.00,100000.00,EUR,IDEALPRO-001,MARGIN,,[],False,{}
99999.22,0.00,99999.22,USD,IDEALPRO-001,MARGIN,,[],False,{}
100000.00,0.00,100000.00,EUR,IDEALPRO-001,MARGIN,,[],False,{}
99999.22,0.00,99999.22,USD,IDEALPRO-001,MARGIN,,[],False,{}
100000.00,0.00,100000.00,EUR,IDEALPRO-001,MARGIN,,[],False,{}
99999.22,0.00,99999.22,USD,IDEALPRO-001,MARGIN,,[],False,{}
100000.00,0.00,100000.00,EUR,IDEALPRO-001,MARGIN,,[],False,{}
99999.22,2.32,99996.90,USD,IDEALPRO-001,MARGIN,,"[{'type': 'MarginBalance', 'initial': '0.00', 'maintenance': '2.32', 'currency': 'USD', 'instrument_id': 'EUR/USD.IDEALPRO'}]",False,{}
100000.00,0.00,100000.00,EUR,IDEALPRO-001,MARGIN,,"[{'type': 'MarginBalance', 'initial': '0.00', 'maintenance': '2.32', 'currency': 'USD', 'instrument_id': 'EUR/USD.IDEALPRO'}]",False,{}
99999.22,2.32,99996.90,USD,IDEALPRO-001,MARGIN,,"[{'type': 'MarginBalance', 'initial': '0.00', 'maintenance': '2.32', 'currency': 'USD', 'instrument_id': 'EUR/USD.IDEALPRO'}]",False,{}
100000.00,0.00,100000.00,EUR,IDEALPRO-001,MARGIN,,"[{'type': 'MarginBalance', 'initial': '0.00', 'maintenance': '2.32', 'currency': 'USD', 'instrument_id': 'EUR/USD.IDEALPRO'}]",False,{}
99999.22,2.32,99996.90,USD,IDEALPRO-001,MARGIN,,"[{'type': 'MarginBalance', 'initial': '0.00', 'maintenance': '2.32', 'currency': 'USD', 'instrument_id': 'EUR/USD.IDEALPRO'}]",False,{}
100000.00,0.00,100000.00,EUR,IDEALPRO-001,MARGIN,,"[{'type': 'MarginBalance', 'initial': '0.00', 'maintenance': '2.32', 'currency': 'USD', 'instrument_id': 'EUR/USD.IDEALPRO'}]",False,{}
99999.22,2.32,99996.90,USD,IDEALPRO-001,MARGIN,,"[{'type': 'MarginBalance', 'initial': '0.00', 'maintenance': '2.32', 'currency': 'USD', 'instrument_id': 'EUR/USD.IDEALPRO'}]",False,{}
100000.00,0.00,100000.00,EUR,IDEALPRO-001,MARGIN,,"[{'type': 'MarginBalance', 'initial': '0.00', 'maintenance': '2.32', 'currency': 'USD', 'instrument_id': 'EUR/USD.IDEALPRO'}]",False,{}
99999.26,0.00,99999.26,USD,IDEALPRO-001,MARGIN,,[],False,{}
100000.00,0.00,100000.00,EUR,IDEALPRO-001,MARGIN,,[],False,{}
99999.26,0.00,99999.26,USD,IDEALPRO-001,MARGIN,,[],False,{}
100000.00,0.00,100000.00,EUR,IDEALPRO-001,MARGIN,,[],False,{}
99999.26,0.00,99999.26,USD,IDEALPRO-001,MARGIN,,[],False,{}
100000.00,0.00,100000.00,EUR,IDEALPRO-001,MARGIN,,[],False,{}
99999.26,0.00,99999.26,USD,IDEALPRO-001,MARGIN,,[],False,{}
100000.00,0.00,100000.00,EUR,IDEALPRO-001,MARGIN,,[],False,{}
99999.26,0.00,99999.26,USD,IDEALPRO-001,MARGIN,,[],False,{}
100000.00,0.00,100000.00,EUR,IDEALPRO-001,MARGIN,,[],False,{}
99999.26,0.00,99999.26,USD,IDEALPRO-001,MARGIN,,[],False,{}
100000.00,0.00,100000.00,EUR,IDEALPRO-001,MARGIN,,[],False,{}
99999.26,2.32,99996.94,USD,IDEALPRO-001,MARGIN,,"[{'type': 'MarginBalance', 'initial': '0.00', 'maintenance': '2.32', 'currency': 'USD', 'instrument_id': 'EUR/USD.IDEALPRO'}]",False,{}
100000.00,0.00,100000.00,EUR,IDEALPRO-001,MARGIN,,"[{'type': 'MarginBalance', 'initial': '0.00', 'maintenance': '2.32', 'currency': 'USD', 'instrument_id': 'EUR/USD.IDEALPRO'}]",False,{}
99999.26,2.32,99996.94,USD,IDEALPRO-001,MARGIN,,"[{'type': 'MarginBalance', 'initial': '0.00', 'maintenance': '2.32', 'currency': 'USD', 'instrument_id': 'EUR/USD.IDEALPRO'}]",False,{}
100000.00,0.00,100000.00,EUR,IDEALPRO-001,MARGIN,,"[{'type': 'MarginBalance', 'initial': '0.00', 'maintenance': '2.32', 'currency': 'USD', 'instrument_id': 'EUR/USD.IDEALPRO'}]",False,{}
99999.26,2.32,99996.94,USD,IDEALPRO-001,MARGIN,,"[{'type': 'MarginBalance', 'initial': '0.00', 'maintenance': '2.32', 'currency': 'USD', 'instrument_id': 'EUR/USD.IDEALPRO'}]",False,{}
100000.00,0.00,100000.00,EUR,IDEALPRO-001,MARGIN,,"[{'type': 'MarginBalance', 'initial': '0.00', 'maintenance': '2.32', 'currency': 'USD', 'instrument_id': 'EUR/USD.IDEALPRO'}]",False,{}
99999.26,2.32,99996.94,USD,IDEALPRO-001,MARGIN,,"[{'type': 'MarginBalance', 'initial': '0.00', 'maintenance': '2.32', 'currency': 'USD', 'instrument_id': 'EUR/USD.IDEALPRO'}]",False,{}
100000.00,0.00,100000.00,EUR,IDEALPRO-001,MARGIN,,"[{'type': 'MarginBalance', 'initial': '0.00', 'maintenance': '2.32', 'currency': 'USD', 'instrument_id': 'EUR/USD.IDEALPRO'}]",False,{}
99999.25,0.00,99999.25,USD,IDEALPRO-001,MARGIN,,[],False,{}
100000.00,0.00,100000.00,EUR,IDEALPRO-001,MARGIN,,[],False,{}
99999.25,0.00,99999.25,USD,IDEALPRO-001,MARGIN,,[],False,{}
100000.00,0.00,100000.00,EUR,IDEALPRO-001,MARGIN,,[],False,{}
99999.25,0.00,99999.25,USD,IDEALPRO-001,MARGIN,,[],False,{}
100000.00,0.00,100000.00,EUR,IDEALPRO-001,MARGIN,,[],False,{}
99999.25,0.00,99999.25,USD,IDEALPRO-001,MARGIN,,[],False,{}
100000.00,0.00,100000.00,EUR,IDEALPRO-001,MARGIN,,[],False,{}
99999.25,0.00,99999.25,USD,IDEALPRO-001,MARGIN,,[],False,{}
100000.00,0.00,100000.00,EUR,IDEALPRO-001,MARGIN,,[],False,{}
99999.25,0.00,99999.25,USD,IDEALPRO-001,MARGIN,,[],False,{}
100000.00,0.00,100000.00,EUR,IDEALPRO-001,MARGIN,,[],False,{}
99999.25,2.32,99996.93,USD,IDEALPRO-001,MARGIN,,"[{'type': 'MarginBalance', 'initial': '0.00', 'maintenance': '2.32', 'currency': 'USD', 'instrument_id': 'EUR/USD.IDEALPRO'}]",False,{}
100000.00,0.00,100000.00,EUR,IDEALPRO-001,MARGIN,,"[{'type': 'MarginBalance', 'initial': '0.00', 'maintenance': '2.32', 'currency': 'USD', 'instrument_id': 'EUR/USD.IDEALPRO'}]",False,{}
99999.25,2.32,99996.93,USD,IDEALPRO-001,MARGIN,,"[{'type': 'MarginBalance', 'initial': '0.00', 'maintenance': '2.32', 'currency': 'USD', 'instrument_id': 'EUR/USD.IDEALPRO'}]",False,{}
100000.00,0.00,100000.00,EUR,IDEALPRO-001,MARGIN,,"[{'type': 'MarginBalance', 'initial': '0.00', 'maintenance': '2.32', 'currency': 'USD', 'instrument_id': 'EUR/USD.IDEALPRO'}]",False,{}
99999.25,2.32,99996.93,USD,IDEALPRO-001,MARGIN,,"[{'type': 'MarginBalance', 'initial': '0.00', 'maintenance': '2.32', 'currency': 'USD', 'instrument_id': 'EUR/USD.IDEALPRO'}]",False,{}
100000.00,0.00,100000.00,EUR,IDEALPRO-001,MARGIN,,"[{'type': 'MarginBalance', 'initial': '0.00', 'maintenance': '2.32', 'currency': 'USD', 'instrument_id': 'EUR/USD.IDEALPRO'}]",False,{}
99999.25,2.32,99996.93,USD,IDEALPRO-001,MARGIN,,"[{'type': 'MarginBalance', 'initial': '0.00', 'maintenance': '2.32', 'currency': 'USD', 'instrument_id': 'EUR/USD.IDEALPRO'}]",False,{}
100000.00,0.00,100000.00,EUR,IDEALPRO-001,MARGIN,,"[{'type': 'MarginBalance', 'initial': '0.00', 'maintenance': '2.32', 'currency': 'USD', 'instrument_id': 'EUR/USD.IDEALPRO'}]",False,{}
99999.22,0.00,99999.22,USD,IDEALPRO-001,MARGIN,,[],False,{}
100000.00,0.00,100000.00,EUR,IDEALPRO-001,MARGIN,,[],False,{}
99999.22,0.00,99999.22,USD,IDEALPRO-001,MARGIN,,[],False,{}
100000.00,0.00,100000.00,EUR,IDEALPRO-001,MARGIN,,[],False,{}
99999.22,0.00,99999.22,USD,IDEALPRO-001,MARGIN,,[],False,{}
100000.00,0.00,100000.00,EUR,IDEALPRO-001,MARGIN,,[],False,{}
99999.22,0.00,99999.22,USD,IDEALPRO-001,MARGIN,,[],False,{}
100000.00,0.00,100000.00,EUR,IDEALPRO-001,MARGIN,,[],False,{}
99999.22,0.00,99999.22,USD,IDEALPRO-001,MARGIN,,[],False,{}
100000.00,0.00,100000.00,EUR,IDEALPRO-001,MARGIN,,[],False,{}
99999.22,0.00,99999.22,USD,IDEALPRO-001,MARGIN,,[],False,{}
100000.00,0.00,100000.00,EUR,IDEALPRO-001,MARGIN,,[],False,{}
99999.22,2.32,99996.90,USD,IDEALPRO-001,MARGIN,,"[{'type': 'MarginBalance', 'initial': '0.00', 'maintenance': '2.32', 'currency': 'USD', 'instrument_id': 'EUR/USD.IDEALPRO'}]",False,{}
100000.00,0.00,100000.00,EUR,IDEALPRO-001,MARGIN,,"[{'type': 'MarginBalance', 'initial': '0.00', 'maintenance': '2.32', 'currency': 'USD', 'instrument_id': 'EUR/USD.IDEALPRO'}]",False,{}
99999.22,2.32,99996.90,USD,IDEALPRO-001,MARGIN,,"[{'type': 'MarginBalance', 'initial': '0.00', 'maintenance': '2.32', 'currency': 'USD', 'instrument_id': 'EUR/USD.IDEALPRO'}]",False,{}
100000.00,0.00,100000.00,EUR,IDEALPRO-001,MARGIN,,"[{'type': 'MarginBalance', 'initial': '0.00', 'maintenance': '2.32', 'currency': 'USD', 'instrument_id': 'EUR/USD.IDEALPRO'}]",False,{}
99999.22,2.32,99996.90,USD,IDEALPRO-001,MARGIN,,"[{'type': 'MarginBalance', 'initial': '0.00', 'maintenance': '2.32', 'currency': 'USD', 'instrument_id': 'EUR/USD.IDEALPRO'}]",False,{}
100000.00,0.00,100000.00,EUR,IDEALPRO-001,MARGIN,,"[{'type': 'MarginBalance', 'initial': '0.00', 'maintenance': '2.32', 'currency': 'USD', 'instrument_id': 'EUR/USD.IDEALPRO'}]",False,{}
99999.22,2.32,99996.90,USD,IDEALPRO-001,MARGIN,,"[{'type': 'MarginBalance', 'initial': '0.00', 'maintenance': '2.32', 'currency': 'USD', 'instrument_id': 'EUR/USD.IDEALPRO'}]",False,{}
100000.00,0.00,100000.00,EUR,IDEALPRO-001,MARGIN,,"[{'type': 'MarginBalance', 'initial': '0.00', 'maintenance': '2.32', 'currency': 'USD', 'instrument_id': 'EUR/USD.IDEALPRO'}]",False,{}
99999.22,0.00,99999.22,USD,IDEALPRO-001,MARGIN,,[],False,{}
100000.00,0.00,100000.00,EUR,IDEALPRO-001,MARGIN,,[],False,{}
99999.22,0.00,99999.22,USD,IDEALPRO-001,MARGIN,,[],False,{}
100000.00,0.00,100000.00,EUR,IDEALPRO-001,MARGIN,,[],False,{}
99999.22,0.00,99999.22,USD,IDEALPRO-001,MARGIN,,[],False,{}
100000.00,0.00,100000.00,EUR,IDEALPRO-001,MARGIN,,[],False,{}
99999.22,0.00,99999.22,USD,IDEALPRO-001,MARGIN,,[],False,{}
100000.00,0.00,100000.00,EUR,IDEALPRO-001,MARGIN,,[],False,{}
99999.22,0.00,99999.22,USD,IDEALPRO-001,MARGIN,,[],False,{}
100000.00,0.00,100000.00,EUR,IDEALPRO-001,MARGIN,,[],False,{}
99999.22,0.00,99999.22,USD,IDEALPRO-001,MARGIN,,[],False,{}
100000.00,0.00,100000.00,EUR,IDEALPRO-001,MARGIN,,[],False,{}
99999.22,2.32,99996.90,USD,IDEALPRO-001,MARGIN,,"[{'type': 'MarginBalance', 'initial': '0.00', 'maintenance': '2.32', 'currency': 'USD', 'instrument_id': 'EUR/USD.IDEALPRO'}]",False,{}
100000.00,0.00,100000.00,EUR,IDEALPRO-001,MARGIN,,"[{'type': 'MarginBalance', 'initial': '0.00', 'maintenance': '2.32', 'currency': 'USD', 'instrument_id': 'EUR/USD.IDEALPRO'}]",False,{}
99999.22,2.32,99996.90,USD,IDEALPRO-001,MARGIN,,"[{'type': 'MarginBalance', 'initial': '0.00', 'maintenance': '2.32', 'currency': 'USD', 'instrument_id': 'EUR/USD.IDEALPRO'}]",False,{}
100000.00,0.00,100000.00,EUR,IDEALPRO-001,MARGIN,,"[{'type': 'MarginBalance', 'initial': '0.00', 'maintenance': '2.32', 'currency': 'USD', 'instrument_id': 'EUR/USD.IDEALPRO'}]",False,{}
99999.22,2.32,99996.90,USD,IDEALPRO-001,MARGIN,,"[{'type': 'MarginBalance', 'initial': '0.00', 'maintenance': '2.32', 'currency': 'USD', 'instrument_id': 'EUR/USD.IDEALPRO'}]",False,{}
100000.00,0.00,100000.00,EUR,IDEALPRO-001,MARGIN,,"[{'type': 'MarginBalance', 'initial': '0.00', 'maintenance': '2.32', 'currency': 'USD', 'instrument_id': 'EUR/USD.IDEALPRO'}]",False,{}
99999.22,2.32,99996.90,USD,IDEALPRO-001,MARGIN,,"[{'type': 'MarginBalance', 'initial': '0.00', 'maintenance': '2.32', 'currency': 'USD', 'instrument_id': 'EUR/USD.IDEALPRO'}]",False,{}
100000.00,0.00,100000.00,EUR,IDEALPRO-001,MARGIN,,"[{'type': 'MarginBalance', 'initial': '0.00', 'maintenance': '2.32', 'currency': 'USD', 'instrument_id': 'EUR/USD.IDEALPRO'}]",False,{}
99999.21,0.00,99999.21,USD,IDEALPRO-001,MARGIN,,[],False,{}
100000.00,0.00,100000.00,EUR,IDEALPRO-001,MARGIN,,[],False,{}
99999.21,0.00,99999.21,USD,IDEALPRO-001,MARGIN,,[],False,{}
100000.00,0.00,100000.00,EUR,IDEALPRO-001,MARGIN,,[],False,{}
99999.21,0.00,99999.21,USD,IDEALPRO-001,MARGIN,,[],False,{}
100000.00,0.00,100000.00,EUR,IDEALPRO-001,MARGIN,,[],False,{}
99999.21,0.00,99999.21,USD,IDEALPRO-001,MARGIN,,[],False,{}
100000.00,0.00,100000.00,EUR,IDEALPRO-001,MARGIN,,[],False,{}
99999.21,0.00,99999.21,USD,IDEALPRO-001,MARGIN,,[],False,{}
100000.00,0.00,100000.00,EUR,IDEALPRO-001,MARGIN,,[],False,{}
99999.21,0.00,99999.21,USD,IDEALPRO-001,MARGIN,,[],False,{}
100000.00,0.00,100000.00,EUR,IDEALPRO-001,MARGIN,,[],False,{}
99999.21,2.32,99996.89,USD,IDEALPRO-001,MARGIN,,"[{'type': 'MarginBalance', 'initial': '0.00', 'maintenance': '2.32', 'currency': 'USD', 'instrument_id': 'EUR/USD.IDEALPRO'}]",False,{}
100000.00,0.00,100000.00,EUR,IDEALPRO-001,MARGIN,,"[{'type': 'MarginBalance', 'initial': '0.00', 'maintenance': '2.32', 'currency': 'USD', 'instrument_id': 'EUR/USD.IDEALPRO'}]",False,{}
99999.21,2.32,99996.89,USD,IDEALPRO-001,MARGIN,,"[{'type': 'MarginBalance', 'initial': '0.00', 'maintenance': '2.32', 'currency': 'USD', 'instrument_id': 'EUR/USD.IDEALPRO'}]",False,{}
100000.00,0.00,100000.00,EUR,IDEALPRO-001,MARGIN,,"[{'type': 'MarginBalance', 'initial': '0.00', 'maintenance': '2.32', 'currency': 'USD', 'instrument_id': 'EUR/USD.IDEALPRO'}]",False,{}
99999.21,2.32,99996.89,USD,IDEALPRO-001,MARGIN,,"[{'type': 'MarginBalance', 'initial': '0.00', 'maintenance': '2.32', 'currency': 'USD', 'instrument_id': 'EUR/USD.IDEALPRO'}]",False,{}
100000.00,0.00,100000.00,EUR,IDEALPRO-001,MARGIN,,"[{'type': 'MarginBalance', 'initial': '0.00', 'maintenance': '2.32', 'currency': 'USD', 'instrument_id': 'EUR/USD.IDEALPRO'}]",False,{}
99999.21,2.32,99996.89,USD,IDEALPRO-001,MARGIN,,"[{'type': 'MarginBalance', 'initial': '0.00', 'maintenance': '2.32', 'currency': 'USD', 'instrument_id': 'EUR/USD.IDEALPRO'}]",False,{}
100000.00,0.00,100000.00,EUR,IDEALPRO-001,MARGIN,,"[{'type': 'MarginBalance', 'initial': '0.00', 'maintenance': '2.32', 'currency': 'USD', 'instrument_id': 'EUR/USD.IDEALPRO'}]",False,{}
99999.22,0.00,99999.22,USD,IDEALPRO-001,MARGIN,,[],False,{}
100000.00,0.00,100000.00,EUR,IDEALPRO-001,MARGIN,,[],False,{}
99999.22,0.00,99999.22,USD,IDEALPRO-001,MARGIN,,[],False,{}
100000.00,0.00,100000.00,EUR,IDEALPRO-001,MARGIN,,[],False,{}
99999.22,0.00,99999.22,USD,IDEALPRO-001,MARGIN,,[],False,{}
100000.00,0.00,100000.00,EUR,IDEALPRO-001,MARGIN,,[],False,{}
99999.22,0.00,99999.22,USD,IDEALPRO-001,MARGIN,,[],False,{}
100000.00,0.00,100000.00,EUR,IDEALPRO-001,MARGIN,,[],False,{}
99999.22,0.00,99999.22,USD,IDEALPRO-001,MARGIN,,[],False,{}
100000.00,0.00,100000.00,EUR,IDEALPRO-001,MARGIN,,[],False,{}
99999.22,0.00,99999.22,USD,IDEALPRO-001,MARGIN,,[],False,{}
100000.00,0.00,100000.00,EUR,IDEALPRO-001,MARGIN,,[],False,{}
99999.22,2.32,99996.90,USD,IDEALPRO-001,MARGIN,,"[{'type': 'MarginBalance', 'initial': '0.00', 'maintenance': '2.32', 'currency': 'USD', 'instrument_id': 'EUR/USD.IDEALPRO'}]",False,{}
100000.00,0.00,100000.00,EUR,IDEALPRO-001,MARGIN,,"[{'type': 'MarginBalance', 'initial': '0.00', 'maintenance': '2.32', 'currency': 'USD', 'instrument_id': 'EUR/USD.IDEALPRO'}]",False,{}
99999.22,2.32,99996.90,USD,IDEALPRO-001,MARGIN,,"[{'type': 'MarginBalance', 'initial': '0.00', 'maintenance': '2.32', 'currency': 'USD', 'instrument_id': 'EUR/USD.IDEALPRO'}]",False,{}
100000.00,0.00,100000.00,EUR,IDEALPRO-001,MARGIN,,"[{'type': 'MarginBalance', 'initial': '0.00', 'maintenance': '2.32', 'currency': 'USD', 'instrument_id': 'EUR/USD.IDEALPRO'}]",False,{}
99999.22,2.32,99996.90,USD,IDEALPRO-001,MARGIN,,"[{'type': 'MarginBalance', 'initial': '0.00', 'maintenance': '2.32', 'currency': 'USD', 'instrument_id': 'EUR/USD.IDEALPRO'}]",False,{}
100000.00,0.00,100000.00,EUR,IDEALPRO-001,MARGIN,,"[{'type': 'MarginBalance', 'initial': '0.00', 'maintenance': '2.32', 'currency': 'USD', 'instrument_id': 'EUR/USD.IDEALPRO'}]",False,{}
99999.16,0.00,99999.16,USD,IDEALPRO-001,MARGIN,,[],False,{}
100000.00,0.00,100000.00,EUR,IDEALPRO-001,MARGIN,,[],False,{}
99999.16,0.00,99999.16,USD,IDEALPRO-001,MARGIN,,[],False,{}
100000.00,0.00,100000.00,EUR,IDEALPRO-001,MARGIN,,[],False,{}
99999.16,0.00,99999.16,USD,IDEALPRO-001,MARGIN,,[],False,{}
100000.00,0.00,100000.00,EUR,IDEALPRO-001,MARGIN,,[],False,{}
99999.16,0.00,99999.16,USD,IDEALPRO-001,MARGIN,,[],False,{}
100000.00,0.00,100000.00,EUR,IDEALPRO-001,MARGIN,,[],False,{}
99999.16,0.00,99999.16,USD,IDEALPRO-001,MARGIN,,[],False,{}
100000.00,0.00,100000.00,EUR,IDEALPRO-001,MARGIN,,[],False,{}
99999.16,2.33,99996.83,USD,IDEALPRO-001,MARGIN,,"[{'type': 'MarginBalance', 'initial': '0.00', 'maintenance': '2.33', 'currency': 'USD', 'instrument_id': 'EUR/USD.IDEALPRO'}]",False,{}
100000.00,0.00,100000.00,EUR,IDEALPRO-001,MARGIN,,"[{'type': 'MarginBalance', 'initial': '0.00', 'maintenance': '2.33', 'currency': 'USD', 'instrument_id': 'EUR/USD.IDEALPRO'}]",False,{}
99999.16,2.33,99996.83,USD,IDEALPRO-001,MARGIN,,"[{'type': 'MarginBalance', 'initial': '0.00', 'maintenance': '2.33', 'currency': 'USD', 'instrument_id': 'EUR/USD.IDEALPRO'}]",False,{}
100000.00,0.00,100000.00,EUR,IDEALPRO-001,MARGIN,,"[{'type': 'MarginBalance', 'initial': '0.00', 'maintenance': '2.33', 'currency': 'USD', 'instrument_id': 'EUR/USD.IDEALPRO'}]",False,{}
99999.16,2.33,99996.83,USD,IDEALPRO-001,MARGIN,,"[{'type': 'MarginBalance', 'initial': '0.00', 'maintenance': '2.33', 'currency': 'USD', 'instrument_id': 'EUR/USD.IDEALPRO'}]",False,{}
100000.00,0.00,100000.00,EUR,IDEALPRO-001,MARGIN,,"[{'type': 'MarginBalance', 'initial': '0.00', 'maintenance': '2.33', 'currency': 'USD', 'instrument_id': 'EUR/USD.IDEALPRO'}]",False,{}
99999.10,0.00,99999.10,USD,IDEALPRO-001,MARGIN,,[],False,{}
100000.00,0.00,100000.00,EUR,IDEALPRO-001,MARGIN,,[],False,{}
99999.10,0.00,99999.10,USD,IDEALPRO-001,MARGIN,,[],False,{}
100000.00,0.00,100000.00,EUR,IDEALPRO-001,MARGIN,,[],False,{}
99999.10,0.00,99999.10,USD,IDEALPRO-001,MARGIN,,[],False,{}
100000.00,0.00,100000.00,EUR,IDEALPRO-001,MARGIN,,[],False,{}
99999.10,0.00,99999.10,USD,IDEALPRO-001,MARGIN,,[],False,{}
100000.00,0.00,100000.00,EUR,IDEALPRO-001,MARGIN,,[],False,{}
99999.10,0.00,99999.10,USD,IDEALPRO-001,MARGIN,,[],False,{}
100000.00,0.00,100000.00,EUR,IDEALPRO-001,MARGIN,,[],False,{}
99999.10,2.34,99996.76,USD,IDEALPRO-001,MARGIN,,"[{'type': 'MarginBalance', 'initial': '0.00', 'maintenance': '2.34', 'currency': 'USD', 'instrument_id': 'EUR/USD.IDEALPRO'}]",False,{}
100000.00,0.00,100000.00,EUR,IDEALPRO-001,MARGIN,,"[{'type': 'MarginBalance', 'initial': '0.00', 'maintenance': '2.34', 'currency': 'USD', 'instrument_id': 'EUR/USD.IDEALPRO'}]",False,{}
99999.10,2.34,99996.76,USD,IDEALPRO-001,MARGIN,,"[{'type': 'MarginBalance', 'initial': '0.00', 'maintenance': '2.34', 'currency': 'USD', 'instrument_id': 'EUR/USD.IDEALPRO'}]",False,{}
100000.00,0.00,100000.00,EUR,IDEALPRO-001,MARGIN,,"[{'type': 'MarginBalance', 'initial': '0.00', 'maintenance': '2.34', 'currency': 'USD', 'instrument_id': 'EUR/USD.IDEALPRO'}]",False,{}
99999.10,2.34,99996.76,USD,IDEALPRO-001,MARGIN,,"[{'type': 'MarginBalance', 'initial': '0.00', 'maintenance': '2.34', 'currency': 'USD', 'instrument_id': 'EUR/USD.IDEALPRO'}]",False,{}
100000.00,0.00,100000.00,EUR,IDEALPRO-001,MARGIN,,"[{'type': 'MarginBalance', 'initial': '0.00', 'maintenance': '2.34', 'currency': 'USD', 'instrument_id': 'EUR/USD.IDEALPRO'}]",False,{}
99999.04,0.00,99999.04,USD,IDEALPRO-001,MARGIN,,[],False,{}
100000.00,0.00,100000.00,EUR,IDEALPRO-001,MARGIN,,[],False,{}
99999.04,0.00,99999.04,USD,IDEALPRO-001,MARGIN,,[],False,{}
100000.00,0.00,100000.00,EUR,IDEALPRO-001,MARGIN,,[],False,{}
99999.04,0.00,99999.04,USD,IDEALPRO-001,MARGIN,,[],False,{}
100000.00,0.00,100000.00,EUR,IDEALPRO-001,MARGIN,,[],False,{}
99999.04,0.00,99999.04,USD,IDEALPRO-001,MARGIN,,[],False,{}
100000.00,0.00,100000.00,EUR,IDEALPRO-001,MARGIN,,[],False,{}
99999.04,0.00,99999.04,USD,IDEALPRO-001,MARGIN,,[],False,{}
100000.00,0.00,100000.00,EUR,IDEALPRO-001,MARGIN,,[],False,{}
99999.04,2.34,99996.70,USD,IDEALPRO-001,MARGIN,,"[{'type': 'MarginBalance', 'initial': '0.00', 'maintenance': '2.34', 'currency': 'USD', 'instrument_id': 'EUR/USD.IDEALPRO'}]",False,{}
100000.00,0.00,100000.00,EUR,IDEALPRO-001,MARGIN,,"[{'type': 'MarginBalance', 'initial': '0.00', 'maintenance': '2.34', 'currency': 'USD', 'instrument_id': 'EUR/USD.IDEALPRO'}]",False,{}
99999.04,2.34,99996.70,USD,IDEALPRO-001,MARGIN,,"[{'type': 'MarginBalance', 'initial': '0.00', 'maintenance': '2.34', 'currency': 'USD', 'instrument_id': 'EUR/USD.IDEALPRO'}]",False,{}
100000.00,0.00,100000.00,EUR,IDEALPRO-001,MARGIN,,"[{'type': 'MarginBalance', 'initial': '0.00', 'maintenance': '2.34', 'currency': 'USD', 'instrument_id': 'EUR/USD.IDEALPRO'}]",False,{}
99999.04,2.34,99996.70,USD,IDEALPRO-001,MARGIN,,"[{'type': 'MarginBalance', 'initial': '0.00', 'maintenance': '2.34', 'currency': 'USD', 'instrument_id': 'EUR/USD.IDEALPRO'}]",False,{}
100000.00,0.00,100000.00,EUR,IDEALPRO-001,MARGIN,,"[{'type': 'MarginBalance', 'initial': '0.00', 'maintenance': '2.34', 'currency': 'USD', 'instrument_id': 'EUR/USD.IDEALPRO'}]",False,{}
99999.34,0.00,99999.34,USD,IDEALPRO-001,MARGIN,,[],False,{}
100000.00,0.00,100000.00,EUR,IDEALPRO-001,MARGIN,,[],False,{}
99999.34,0.00,99999.34,USD,IDEALPRO-001,MARGIN,,[],False,{}
100000.00,0.00,100000.00,EUR,IDEALPRO-001,MARGIN,,[],False,{}
99999.34,0.00,99999.34,USD,IDEALPRO-001,MARGIN,,[],False,{}
100000.00,0.00,100000.00,EUR,IDEALPRO-001,MARGIN,,[],False,{}
99999.34,0.00,99999.34,USD,IDEALPRO-001,MARGIN,,[],False,{}
100000.00,0.00,100000.00,EUR,IDEALPRO-001,MARGIN,,[],False,{}
99999.34,0.00,99999.34,USD,IDEALPRO-001,MARGIN,,[],False,{}
100000.00,0.00,100000.00,EUR,IDEALPRO-001,MARGIN,,[],False,{}
99999.34,2.34,99997.00,USD,IDEALPRO-001,MARGIN,,"[{'type': 'MarginBalance', 'initial': '0.00', 'maintenance': '2.34', 'currency': 'USD', 'instrument_id': 'EUR/USD.IDEALPRO'}]",False,{}
100000.00,0.00,100000.00,EUR,IDEALPRO-001,MARGIN,,"[{'type': 'MarginBalance', 'initial': '0.00', 'maintenance': '2.34', 'currency': 'USD', 'instrument_id': 'EUR/USD.IDEALPRO'}]",False,{}
99999.34,2.34,99997.00,USD,IDEALPRO-001,MARGIN,,"[{'type': 'MarginBalance', 'initial': '0.00', 'maintenance': '2.34', 'currency': 'USD', 'instrument_id': 'EUR/USD.IDEALPRO'}]",False,{}
100000.00,0.00,100000.00,EUR,IDEALPRO-001,MARGIN,,"[{'type': 'MarginBalance', 'initial': '0.00', 'maintenance': '2.34', 'currency': 'USD', 'instrument_id': 'EUR/USD.IDEALPRO'}]",False,{}
99999.34,2.34,99997.00,USD,IDEALPRO-001,MARGIN,,"[{'type': 'MarginBalance', 'initial': '0.00', 'maintenance': '2.34', 'currency': 'USD', 'instrument_id': 'EUR/USD.IDEALPRO'}]",False,{}
100000.00,0.00,100000.00,EUR,IDEALPRO-001,MARGIN,,"[{'type': 'MarginBalance', 'initial': '0.00', 'maintenance': '2.34', 'currency': 'USD', 'instrument_id': 'EUR/USD.IDEALPRO'}]",False,{}
99999.28,0.00,99999.28,USD,IDEALPRO-001,MARGIN,,[],False,{}
100000.00,0.00,100000.00,EUR,IDEALPRO-001,MARGIN,,[],False,{}
99999.28,0.00,99999.28,USD,IDEALPRO-001,MARGIN,,[],False,{}
100000.00,0.00,100000.00,EUR,IDEALPRO-001,MARGIN,,[],False,{}
99999.28,0.00,99999.28,USD,IDEALPRO-001,MARGIN,,[],False,{}
100000.00,0.00,100000.00,EUR,IDEALPRO-001,MARGIN,,[],False,{}
99999.28,0.00,99999.28,USD,IDEALPRO-001,MARGIN,,[],False,{}
100000.00,0.00,100000.00,EUR,IDEALPRO-001,MARGIN,,[],False,{}
99999.28,0.00,99999.28,USD,IDEALPRO-001,MARGIN,,[],False,{}
100000.00,0.00,100000.00,EUR,IDEALPRO-001,MARGIN,,[],False,{}
99999.28,2.35,99996.93,USD,IDEALPRO-001,MARGIN,,"[{'type': 'MarginBalance', 'initial': '0.00', 'maintenance': '2.35', 'currency': 'USD', 'instrument_id': 'EUR/USD.IDEALPRO'}]",False,{}
100000.00,0.00,100000.00,EUR,IDEALPRO-001,MARGIN,,"[{'type': 'MarginBalance', 'initial': '0.00', 'maintenance': '2.35', 'currency': 'USD', 'instrument_id': 'EUR/USD.IDEALPRO'}]",False,{}
99999.28,2.35,99996.93,USD,IDEALPRO-001,MARGIN,,"[{'type': 'MarginBalance', 'initial': '0.00', 'maintenance': '2.35', 'currency': 'USD', 'instrument_id': 'EUR/USD.IDEALPRO'}]",False,{}
100000.00,0.00,100000.00,EUR,IDEALPRO-001,MARGIN,,"[{'type': 'MarginBalance', 'initial': '0.00', 'maintenance': '2.35', 'currency': 'USD', 'instrument_id': 'EUR/USD.IDEALPRO'}]",False,{}
99999.28,2.35,99996.93,USD,IDEALPRO-001,MARGIN,,"[{'type': 'MarginBalance', 'initial': '0.00', 'maintenance': '2.35', 'currency': 'USD', 'instrument_id': 'EUR/USD.IDEALPRO'}]",False,{}
100000.00,0.00,100000.00,EUR,IDEALPRO-001,MARGIN,,"[{'type': 'MarginBalance', 'initial': '0.00', 'maintenance': '2.35', 'currency': 'USD', 'instrument_id': 'EUR/USD.IDEALPRO'}]",False,{}
99999.22,0.00,99999.22,USD,IDEALPRO-001,MARGIN,,[],False,{}
100000.00,0.00,100000.00,EUR,IDEALPRO-001,MARGIN,,[],False,{}
99999.22,0.00,99999.22,USD,IDEALPRO-001,MARGIN,,[],False,{}
100000.00,0.00,100000.00,EUR,IDEALPRO-001,MARGIN,,[],False,{}
99999.22,0.00,99999.22,USD,IDEALPRO-001,MARGIN,,[],False,{}
100000.00,0.00,100000.00,EUR,IDEALPRO-001,MARGIN,,[],False,{}
99999.22,0.00,99999.22,USD,IDEALPRO-001,MARGIN,,[],False,{}
100000.00,0.00,100000.00,EUR,IDEALPRO-001,MARGIN,,[],False,{}
99999.22,0.00,99999.22,USD,IDEALPRO-001,MARGIN,,[],False,{}
100000.00,0.00,100000.00,EUR,IDEALPRO-001,MARGIN,,[],False,{}
99999.22,2.34,99996.88,USD,IDEALPRO-001,MARGIN,,"[{'type': 'MarginBalance', 'initial': '0.00', 'maintenance': '2.34', 'currency': 'USD', 'instrument_id': 'EUR/USD.IDEALPRO'}]",False,{}
100000.00,0.00,100000.00,EUR,IDEALPRO-001,MARGIN,,"[{'type': 'MarginBalance', 'initial': '0.00', 'maintenance': '2.34', 'currency': 'USD', 'instrument_id': 'EUR/USD.IDEALPRO'}]",False,{}
99999.22,2.34,99996.88,USD,IDEALPRO-001,MARGIN,,"[{'type': 'MarginBalance', 'initial': '0.00', 'maintenance': '2.34', 'currency': 'USD', 'instrument_id': 'EUR/USD.IDEALPRO'}]",False,{}
100000.00,0.00,100000.00,EUR,IDEALPRO-001,MARGIN,,"[{'type': 'MarginBalance', 'initial': '0.00', 'maintenance': '2.34', 'currency': 'USD', 'instrument_id': 'EUR/USD.IDEALPRO'}]",False,{}
99999.22,2.34,99996.88,USD,IDEALPRO-001,MARGIN,,"[{'type': 'MarginBalance', 'initial': '0.00', 'maintenance': '2.34', 'currency': 'USD', 'instrument_id': 'EUR/USD.IDEALPRO'}]",False,{}
100000.00,0.00,100000.00,EUR,IDEALPRO-001,MARGIN,,"[{'type': 'MarginBalance', 'initial': '0.00', 'maintenance': '2.34', 'currency': 'USD', 'instrument_id': 'EUR/USD.IDEALPRO'}]",False,{}
99999.22,2.34,99996.88,USD,IDEALPRO-001,MARGIN,,"[{'type': 'MarginBalance', 'initial': '0.00', 'maintenance': '2.34', 'currency': 'USD', 'instrument_id': 'EUR/USD.IDEALPRO'}]",False,{}
100000.00,0.00,100000.00,EUR,IDEALPRO-001,MARGIN,,"[{'type': 'MarginBalance', 'initial': '0.00', 'maintenance': '2.34', 'currency': 'USD', 'instrument_id': 'EUR/USD.IDEALPRO'}]",False,{}
99999.27,0.00,99999.27,USD,IDEALPRO-001,MARGIN,,[],False,{}
100000.00,0.00,100000.00,EUR,IDEALPRO-001,MARGIN,,[],False,{}
99999.27,0.00,99999.27,USD,IDEALPRO-001,MARGIN,,[],False,{}
100000.00,0.00,100000.00,EUR,IDEALPRO-001,MARGIN,,[],False,{}
99999.27,0.00,99999.27,USD,IDEALPRO-001,MARGIN,,[],False,{}
100000.00,0.00,100000.00,EUR,IDEALPRO-001,MARGIN,,[],False,{}
99999.27,0.00,99999.27,USD,IDEALPRO-001,MARGIN,,[],False,{}
100000.00,0.00,100000.00,EUR,IDEALPRO-001,MARGIN,,[],False,{}
99999.27,0.00,99999.27,USD,IDEALPRO-001,MARGIN,,[],False,{}
100000.00,0.00,100000.00,EUR,IDEALPRO-001,MARGIN,,[],False,{}
99999.27,0.00,99999.27,USD,IDEALPRO-001,MARGIN,,[],False,{}
100000.00,0.00,100000.00,EUR,IDEALPRO-001,MARGIN,,[],False,{}
99999.27,2.34,99996.93,USD,IDEALPRO-001,MARGIN,,"[{'type': 'MarginBalance', 'initial': '0.00', 'maintenance': '2.34', 'currency': 'USD', 'instrument_id': 'EUR/USD.IDEALPRO'}]",False,{}
100000.00,0.00,100000.00,EUR,IDEALPRO-001,MARGIN,,"[{'type': 'MarginBalance', 'initial': '0.00', 'maintenance': '2.34', 'currency': 'USD', 'instrument_id': 'EUR/USD.IDEALPRO'}]",False,{}
99999.27,2.34,99996.93,USD,IDEALPRO-001,MARGIN,,"[{'type': 'MarginBalance', 'initial': '0.00', 'maintenance': '2.34', 'currency': 'USD', 'instrument_id': 'EUR/USD.IDEALPRO'}]",False,{}
100000.00,0.00,100000.00,EUR,IDEALPRO-001,MARGIN,,"[{'type': 'MarginBalance', 'initial': '0.00', 'maintenance': '2.34', 'currency': 'USD', 'instrument_id': 'EUR/USD.IDEALPRO'}]",False,{}
99999.27,2.34,99996.93,USD,IDEALPRO-001,MARGIN,,"[{'type': 'MarginBalance', 'initial': '0.00', 'maintenance': '2.34', 'currency': 'USD', 'instrument_id': 'EUR/USD.IDEALPRO'}]",False,{}
100000.00,0.00,100000.00,EUR,IDEALPRO-001,MARGIN,,"[{'type': 'MarginBalance', 'initial': '0.00', 'maintenance': '2.34', 'currency': 'USD', 'instrument_id': 'EUR/USD.IDEALPRO'}]",False,{}
99999.21,0.00,99999.21,USD,IDEALPRO-001,MARGIN,,[],False,{}
100000.00,0.00,100000.00,EUR,IDEALPRO-001,MARGIN,,[],False,{}
99999.21,0.00,99999.21,USD,IDEALPRO-001,MARGIN,,[],False,{}
100000.00,0.00,100000.00,EUR,IDEALPRO-001,MARGIN,,[],False,{}
99999.21,0.00,99999.21,USD,IDEALPRO-001,MARGIN,,[],False,{}
100000.00,0.00,100000.00,EUR,IDEALPRO-001,MARGIN,,[],False,{}
99999.21,0.00,99999.21,USD,IDEALPRO-001,MARGIN,,[],False,{}
100000.00,0.00,100000.00,EUR,IDEALPRO-001,MARGIN,,[],False,{}
99999.21,0.00,99999.21,USD,IDEALPRO-001,MARGIN,,[],False,{}
100000.00,0.00,100000.00,EUR,IDEALPRO-001,MARGIN,,[],False,{}
99999.21,2.34,99996.87,USD,IDEALPRO-001,MARGIN,,"[{'type': 'MarginBalance', 'initial': '0.00', 'maintenance': '2.34', 'currency': 'USD', 'instrument_id': 'EUR/USD.IDEALPRO'}]",False,{}
100000.00,0.00,100000.00,EUR,IDEALPRO-001,MARGIN,,"[{'type': 'MarginBalance', 'initial': '0.00', 'maintenance': '2.34', 'currency': 'USD', 'instrument_id': 'EUR/USD.IDEALPRO'}]",False,{}
99999.21,2.34,99996.87,USD,IDEALPRO-001,MARGIN,,"[{'type': 'MarginBalance', 'initial': '0.00', 'maintenance': '2.34', 'currency': 'USD', 'instrument_id': 'EUR/USD.IDEALPRO'}]",False,{}
100000.00,0.00,100000.00,EUR,IDEALPRO-001,MARGIN,,"[{'type': 'MarginBalance', 'initial': '0.00', 'maintenance': '2.34', 'currency': 'USD', 'instrument_id': 'EUR/USD.IDEALPRO'}]",False,{}
99999.21,2.34,99996.87,USD,IDEALPRO-001,MARGIN,,"[{'type': 'MarginBalance', 'initial': '0.00', 'maintenance': '2.34', 'currency': 'USD', 'instrument_id': 'EUR/USD.IDEALPRO'}]",False,{}
100000.00,0.00,100000.00,EUR,IDEALPRO-001,MARGIN,,"[{'type': 'MarginBalance', 'initial': '0.00', 'maintenance': '2.34', 'currency': 'USD', 'instrument_id': 'EUR/USD.IDEALPRO'}]",False,{}
99999.21,2.34,99996.87,USD,IDEALPRO-001,MARGIN,,"[{'type': 'MarginBalance', 'initial': '0.00', 'maintenance': '2.34', 'currency': 'USD', 'instrument_id': 'EUR/USD.IDEALPRO'}]",False,{}
100000.00,0.00,100000.00,EUR,IDEALPRO-001,MARGIN,,"[{'type': 'MarginBalance', 'initial': '0.00', 'maintenance': '2.34', 'currency': 'USD', 'instrument_id': 'EUR/USD.IDEALPRO'}]",False,{}
99999.19,0.00,99999.19,USD,IDEALPRO-001,MARGIN,,[],False,{}
100000.00,0.00,100000.00,EUR,IDEALPRO-001,MARGIN,,[],False,{}
99999.19,0.00,99999.19,USD,IDEALPRO-001,MARGIN,,[],False,{}
100000.00,0.00,100000.00,EUR,IDEALPRO-001,MARGIN,,[],False,{}
99999.19,0.00,99999.19,USD,IDEALPRO-001,MARGIN,,[],False,{}
100000.00,0.00,100000.00,EUR,IDEALPRO-001,MARGIN,,[],False,{}
99999.19,0.00,99999.19,USD,IDEALPRO-001,MARGIN,,[],False,{}
100000.00,0.00,100000.00,EUR,IDEALPRO-001,MARGIN,,[],False,{}
99999.19,0.00,99999.19,USD,IDEALPRO-001,MARGIN,,[],False,{}
100000.00,0.00,100000.00,EUR,IDEALPRO-001,MARGIN,,[],False,{}
99999.19,0.00,99999.19,USD,IDEALPRO-001,MARGIN,,[],False,{}
100000.00,0.00,100000.00,EUR,IDEALPRO-001,MARGIN,,[],False,{}
99999.19,2.35,99996.84,USD,IDEALPRO-001,MARGIN,,"[{'type': 'MarginBalance', 'initial': '0.00', 'maintenance': '2.35', 'currency': 'USD', 'instrument_id': 'EUR/USD.IDEALPRO'}]",False,{}
100000.00,0.00,100000.00,EUR,IDEALPRO-001,MARGIN,,"[{'type': 'MarginBalance', 'initial': '0.00', 'maintenance': '2.35', 'currency': 'USD', 'instrument_id': 'EUR/USD.IDEALPRO'}]",False,{}
99999.19,2.34,99996.85,USD,IDEALPRO-001,MARGIN,,"[{'type': 'MarginBalance', 'initial': '0.00', 'maintenance': '2.34', 'currency': 'USD', 'instrument_id': 'EUR/USD.IDEALPRO'}]",False,{}
100000.00,0.00,100000.00,EUR,IDEALPRO-001,MARGIN,,"[{'type': 'MarginBalance', 'initial': '0.00', 'maintenance': '2.34', 'currency': 'USD', 'instrument_id': 'EUR/USD.IDEALPRO'}]",False,{}
99999.19,2.34,99996.85,USD,IDEALPRO-001,MARGIN,,"[{'type': 'MarginBalance', 'initial': '0.00', 'maintenance': '2.34', 'currency': 'USD', 'instrument_id': 'EUR/USD.IDEALPRO'}]",False,{}
100000.00,0.00,100000.00,EUR,IDEALPRO-001,MARGIN,,"[{'type': 'MarginBalance', 'initial': '0.00', 'maintenance': '2.34', 'currency': 'USD', 'instrument_id': 'EUR/USD.IDEALPRO'}]",False,{}
99999.13,0.00,99999.13,USD,IDEALPRO-001,MARGIN,,[],False,{}
100000.00,0.00,100000.00,EUR,IDEALPRO-001,MARGIN,,[],False,{}
99999.13,0.00,99999.13,USD,IDEALPRO-001,MARGIN,,[],False,{}
100000.00,0.00,100000.00,EUR,IDEALPRO-001,MARGIN,,[],False,{}
99999.13,0.00,99999.13,USD,IDEALPRO-001,MARGIN,,[],False,{}
100000.00,0.00,100000.00,EUR,IDEALPRO-001,MARGIN,,[],False,{}
99999.13,0.00,99999.13,USD,IDEALPRO-001,MARGIN,,[],False,{}
100000.00,0.00,100000.00,EUR,IDEALPRO-001,MARGIN,,[],False,{}
99999.13,0.00,99999.13,USD,IDEALPRO-001,MARGIN,,[],False,{}
100000.00,0.00,100000.00,EUR,IDEALPRO-001,MARGIN,,[],False,{}
99999.13,2.34,99996.79,USD,IDEALPRO-001,MARGIN,,"[{'type': 'MarginBalance', 'initial': '0.00', 'maintenance': '2.34', 'currency': 'USD', 'instrument_id': 'EUR/USD.IDEALPRO'}]",False,{}
100000.00,0.00,100000.00,EUR,IDEALPRO-001,MARGIN,,"[{'type': 'MarginBalance', 'initial': '0.00', 'maintenance': '2.34', 'currency': 'USD', 'instrument_id': 'EUR/USD.IDEALPRO'}]",False,{}
99999.13,2.34,99996.79,USD,IDEALPRO-001,MARGIN,,"[{'type': 'MarginBalance', 'initial': '0.00', 'maintenance': '2.34', 'currency': 'USD', 'instrument_id': 'EUR/USD.IDEALPRO'}]",False,{}
100000.00,0.00,100000.00,EUR,IDEALPRO-001,MARGIN,,"[{'type': 'MarginBalance', 'initial': '0.00', 'maintenance': '2.34', 'currency': 'USD', 'instrument_id': 'EUR/USD.IDEALPRO'}]",False,{}
99999.13,2.34,99996.79,USD,IDEALPRO-001,MARGIN,,"[{'type': 'MarginBalance', 'initial': '0.00', 'maintenance': '2.34', 'currency': 'USD', 'instrument_id': 'EUR/USD.IDEALPRO'}]",False,{}
100000.00,0.00,100000.00,EUR,IDEALPRO-001,MARGIN,,"[{'type': 'MarginBalance', 'initial': '0.00', 'maintenance': '2.34', 'currency': 'USD', 'instrument_id': 'EUR/USD.IDEALPRO'}]",False,{}
99999.07,0.00,99999.07,USD,IDEALPRO-001,MARGIN,,[],False,{}
100000.00,0.00,100000.00,EUR,IDEALPRO-001,MARGIN,,[],False,{}
99999.07,0.00,99999.07,USD,IDEALPRO-001,MARGIN,,[],False,{}
100000.00,0.00,100000.00,EUR,IDEALPRO-001,MARGIN,,[],False,{}
99999.07,0.00,99999.07,USD,IDEALPRO-001,MARGIN,,[],False,{}
100000.00,0.00,100000.00,EUR,IDEALPRO-001,MARGIN,,[],False,{}
99999.07,0.00,99999.07,USD,IDEALPRO-001,MARGIN,,[],False,{}
100000.00,0.00,100000.00,EUR,IDEALPRO-001,MARGIN,,[],False,{}
99999.07,0.00,99999.07,USD,IDEALPRO-001,MARGIN,,[],False,{}
100000.00,0.00,100000.00,EUR,IDEALPRO-001,MARGIN,,[],False,{}
99999.07,2.34,99996.73,USD,IDEALPRO-001,MARGIN,,"[{'type': 'MarginBalance', 'initial': '0.00', 'maintenance': '2.34', 'currency': 'USD', 'instrument_id': 'EUR/USD.IDEALPRO'}]",False,{}
100000.00,0.00,100000.00,EUR,IDEALPRO-001,MARGIN,,"[{'type': 'MarginBalance', 'initial': '0.00', 'maintenance': '2.34', 'currency': 'USD', 'instrument_id': 'EUR/USD.IDEALPRO'}]",False,{}
99999.07,2.34,99996.73,USD,IDEALPRO-001,MARGIN,,"[{'type': 'MarginBalance', 'initial': '0.00', 'maintenance': '2.34', 'currency': 'USD', 'instrument_id': 'EUR/USD.IDEALPRO'}]",False,{}
100000.00,0.00,100000.00,EUR,IDEALPRO-001,MARGIN,,"[{'type': 'MarginBalance', 'initial': '0.00', 'maintenance': '2.34', 'currency': 'USD', 'instrument_id': 'EUR/USD.IDEALPRO'}]",False,{}
99999.07,2.34,99996.73,USD,IDEALPRO-001,MARGIN,,"[{'type': 'MarginBalance', 'initial': '0.00', 'maintenance': '2.34', 'currency': 'USD', 'instrument_id': 'EUR/USD.IDEALPRO'}]",False,{}
100000.00,0.00,100000.00,EUR,IDEALPRO-001,MARGIN,,"[{'type': 'MarginBalance', 'initial': '0.00', 'maintenance': '2.34', 'currency': 'USD', 'instrument_id': 'EUR/USD.IDEALPRO'}]",False,{}
99999.07,2.34,99996.73,USD,IDEALPRO-001,MARGIN,,"[{'type': 'MarginBalance', 'initial': '0.00', 'maintenance': '2.34', 'currency': 'USD', 'instrument_id': 'EUR/USD.IDEALPRO'}]",False,{}
100000.00,0.00,100000.00,EUR,IDEALPRO-001,MARGIN,,"[{'type': 'MarginBalance', 'initial': '0.00', 'maintenance': '2.34', 'currency': 'USD', 'instrument_id': 'EUR/USD.IDEALPRO'}]",False,{}
99999.20,0.00,99999.20,USD,IDEALPRO-001,MARGIN,,[],False,{}
100000.00,0.00,100000.00,EUR,IDEALPRO-001,MARGIN,,[],False,{}
99999.20,0.00,99999.20,USD,IDEALPRO-001,MARGIN,,[],False,{}
100000.00,0.00,100000.00,EUR,IDEALPRO-001,MARGIN,,[],False,{}
99999.20,0.00,99999.20,USD,IDEALPRO-001,MARGIN,,[],False,{}
100000.00,0.00,100000.00,EUR,IDEALPRO-001,MARGIN,,[],False,{}
99999.20,0.00,99999.20,USD,IDEALPRO-001,MARGIN,,[],False,{}
100000.00,0.00,100000.00,EUR,IDEALPRO-001,MARGIN,,[],False,{}
99999.20,0.00,99999.20,USD,IDEALPRO-001,MARGIN,,[],False,{}
100000.00,0.00,100000.00,EUR,IDEALPRO-001,MARGIN,,[],False,{}
99999.20,0.00,99999.20,USD,IDEALPRO-001,MARGIN,,[],False,{}
100000.00,0.00,100000.00,EUR,IDEALPRO-001,MARGIN,,[],False,{}
99999.20,2.34,99996.86,USD,IDEALPRO-001,MARGIN,,"[{'type': 'MarginBalance', 'initial': '0.00', 'maintenance': '2.34', 'currency': 'USD', 'instrument_id': 'EUR/USD.IDEALPRO'}]",False,{}
100000.00,0.00,100000.00,EUR,IDEALPRO-001,MARGIN,,"[{'type': 'MarginBalance', 'initial': '0.00', 'maintenance': '2.34', 'currency': 'USD', 'instrument_id': 'EUR/USD.IDEALPRO'}]",False,{}
99999.20,2.34,99996.86,USD,IDEALPRO-001,MARGIN,,"[{'type': 'MarginBalance', 'initial': '0.00', 'maintenance': '2.34', 'currency': 'USD', 'instrument_id': 'EUR/USD.IDEALPRO'}]",False,{}
100000.00,0.00,100000.00,EUR,IDEALPRO-001,MARGIN,,"[{'type': 'MarginBalance', 'initial': '0.00', 'maintenance': '2.34', 'currency': 'USD', 'instrument_id': 'EUR/USD.IDEALPRO'}]",False,{}
99999.20,2.34,99996.86,USD,IDEALPRO-001,MARGIN,,"[{'type': 'MarginBalance', 'initial': '0.00', 'maintenance': '2.34', 'currency': 'USD', 'instrument_id': 'EUR/USD.IDEALPRO'}]",False,{}
100000.00,0.00,100000.00,EUR,IDEALPRO-001,MARGIN,,"[{'type': 'MarginBalance', 'initial': '0.00', 'maintenance': '2.34', 'currency': 'USD', 'instrument_id': 'EUR/USD.IDEALPRO'}]",False,{}
99999.20,2.34,99996.86,USD,IDEALPRO-001,MARGIN,,"[{'type': 'MarginBalance', 'initial': '0.00', 'maintenance': '2.34', 'currency': 'USD', 'instrument_id': 'EUR/USD.IDEALPRO'}]",False,{}
100000.00,0.00,100000.00,EUR,IDEALPRO-001,MARGIN,,"[{'type': 'MarginBalance', 'initial': '0.00', 'maintenance': '2.34', 'currency': 'USD', 'instrument_id': 'EUR/USD.IDEALPRO'}]",False,{}
99999.19,0.00,99999.19,USD,IDEALPRO-001,MARGIN,,[],False,{}
100000.00,0.00,100000.00,EUR,IDEALPRO-001,MARGIN,,[],False,{}
99999.19,0.00,99999.19,USD,IDEALPRO-001,MARGIN,,[],False,{}
100000.00,0.00,100000.00,EUR,IDEALPRO-001,MARGIN,,[],False,{}
99999.19,0.00,99999.19,USD,IDEALPRO-001,MARGIN,,[],False,{}
100000.00,0.00,100000.00,EUR,IDEALPRO-001,MARGIN,,[],False,{}
99999.19,0.00,99999.19,USD,IDEALPRO-001,MARGIN,,[],False,{}
100000.00,0.00,100000.00,EUR,IDEALPRO-001,MARGIN,,[],False,{}
99999.19,0.00,99999.19,USD,IDEALPRO-001,MARGIN,,[],False,{}
100000.00,0.00,100000.00,EUR,IDEALPRO-001,MARGIN,,[],False,{}
99999.19,0.00,99999.19,USD,IDEALPRO-001,MARGIN,,[],False,{}
100000.00,0.00,100000.00,EUR,IDEALPRO-001,MARGIN,,[],False,{}
99999.19,2.34,99996.85,USD,IDEALPRO-001,MARGIN,,"[{'type': 'MarginBalance', 'initial': '0.00', 'maintenance': '2.34', 'currency': 'USD', 'instrument_id': 'EUR/USD.IDEALPRO'}]",False,{}
100000.00,0.00,100000.00,EUR,IDEALPRO-001,MARGIN,,"[{'type': 'MarginBalance', 'initial': '0.00', 'maintenance': '2.34', 'currency': 'USD', 'instrument_id': 'EUR/USD.IDEALPRO'}]",False,{}
99999.19,2.34,99996.85,USD,IDEALPRO-001,MARGIN,,"[{'type': 'MarginBalance', 'initial': '0.00', 'maintenance': '2.34', 'currency': 'USD', 'instrument_id': 'EUR/USD.IDEALPRO'}]",False,{}
100000.00,0.00,100000.00,EUR,IDEALPRO-001,MARGIN,,"[{'type': 'MarginBalance', 'initial': '0.00', 'maintenance': '2.34', 'currency': 'USD', 'instrument_id': 'EUR/USD.IDEALPRO'}]",False,{}
99999.19,2.34,99996.85,USD,IDEALPRO-001,MARGIN,,"[{'type': 'MarginBalance', 'initial': '0.00', 'maintenance': '2.34', 'currency': 'USD', 'instrument_id': 'EUR/USD.IDEALPRO'}]",False,{}
100000.00,0.00,100000.00,EUR,IDEALPRO-001,MARGIN,,"[{'type': 'MarginBalance', 'initial': '0.00', 'maintenance': '2.34', 'currency': 'USD', 'instrument_id': 'EUR/USD.IDEALPRO'}]",False,{}
99999.19,2.34,99996.85,USD,IDEALPRO-001,MARGIN,,"[{'type': 'MarginBalance', 'initial': '0.00', 'maintenance': '2.34', 'currency': 'USD', 'instrument_id': 'EUR/USD.IDEALPRO'}]",False,{}
100000.00,0.00,100000.00,EUR,IDEALPRO-001,MARGIN,,"[{'type': 'MarginBalance', 'initial': '0.00', 'maintenance': '2.34', 'currency': 'USD', 'instrument_id': 'EUR/USD.IDEALPRO'}]",False,{}
99999.18,0.00,99999.18,USD,IDEALPRO-001,MARGIN,,[],False,{}
100000.00,0.00,100000.00,EUR,IDEALPRO-001,MARGIN,,[],False,{}
99999.18,0.00,99999.18,USD,IDEALPRO-001,MARGIN,,[],False,{}
100000.00,0.00,100000.00,EUR,IDEALPRO-001,MARGIN,,[],False,{}
99999.18,0.00,99999.18,USD,IDEALPRO-001,MARGIN,,[],False,{}
100000.00,0.00,100000.00,EUR,IDEALPRO-001,MARGIN,,[],False,{}
99999.18,0.00,99999.18,USD,IDEALPRO-001,MARGIN,,[],False,{}
100000.00,0.00,100000.00,EUR,IDEALPRO-001,MARGIN,,[],False,{}
99999.18,0.00,99999.18,USD,IDEALPRO-001,MARGIN,,[],False,{}
100000.00,0.00,100000.00,EUR,IDEALPRO-001,MARGIN,,[],False,{}
99999.18,0.00,99999.18,USD,IDEALPRO-001,MARGIN,,[],False,{}
100000.00,0.00,100000.00,EUR,IDEALPRO-001,MARGIN,,[],False,{}
99999.18,2.34,99996.84,USD,IDEALPRO-001,MARGIN,,"[{'type': 'MarginBalance', 'initial': '0.00', 'maintenance': '2.34', 'currency': 'USD', 'instrument_id': 'EUR/USD.IDEALPRO'}]",False,{}
100000.00,0.00,100000.00,EUR,IDEALPRO-001,MARGIN,,"[{'type': 'MarginBalance', 'initial': '0.00', 'maintenance': '2.34', 'currency': 'USD', 'instrument_id': 'EUR/USD.IDEALPRO'}]",False,{}
99999.18,2.34,99996.84,USD,IDEALPRO-001,MARGIN,,"[{'type': 'MarginBalance', 'initial': '0.00', 'maintenance': '2.34', 'currency': 'USD', 'instrument_id': 'EUR/USD.IDEALPRO'}]",False,{}
100000.00,0.00,100000.00,EUR,IDEALPRO-001,MARGIN,,"[{'type': 'MarginBalance', 'initial': '0.00', 'maintenance': '2.34', 'currency': 'USD', 'instrument_id': 'EUR/USD.IDEALPRO'}]",False,{}
99999.18,2.34,99996.84,USD,IDEALPRO-001,MARGIN,,"[{'type': 'MarginBalance', 'initial': '0.00', 'maintenance': '2.34', 'currency': 'USD', 'instrument_id': 'EUR/USD.IDEALPRO'}]",False,{}
100000.00,0.00,100000.00,EUR,IDEALPRO-001,MARGIN,,"[{'type': 'MarginBalance', 'initial': '0.00', 'maintenance': '2.34', 'currency': 'USD', 'instrument_id': 'EUR/USD.IDEALPRO'}]",False,{}
99999.18,2.34,99996.84,USD,IDEALPRO-001,MARGIN,,"[{'type': 'MarginBalance', 'initial': '0.00', 'maintenance': '2.34', 'currency': 'USD', 'instrument_id': 'EUR/USD.IDEALPRO'}]",False,{}
100000.00,0.00,100000.00,EUR,IDEALPRO-001,MARGIN,,"[{'type': 'MarginBalance', 'initial': '0.00', 'maintenance': '2.34', 'currency': 'USD', 'instrument_id': 'EUR/USD.IDEALPRO'}]",False,{}
99999.18,0.00,99999.18,USD,IDEALPRO-001,MARGIN,,[],False,{}
100000.00,0.00,100000.00,EUR,IDEALPRO-001,MARGIN,,[],False,{}
99999.18,0.00,99999.18,USD,IDEALPRO-001,MARGIN,,[],False,{}
100000.00,0.00,100000.00,EUR,IDEALPRO-001,MARGIN,,[],False,{}
99999.18,0.00,99999.18,USD,IDEALPRO-001,MARGIN,,[],False,{}
100000.00,0.00,100000.00,EUR,IDEALPRO-001,MARGIN,,[],False,{}
99999.18,0.00,99999.18,USD,IDEALPRO-001,MARGIN,,[],False,{}
100000.00,0.00,100000.00,EUR,IDEALPRO-001,MARGIN,,[],False,{}
99999.18,0.00,99999.18,USD,IDEALPRO-001,MARGIN,,[],False,{}
100000.00,0.00,100000.00,EUR,IDEALPRO-001,MARGIN,,[],False,{}
99999.18,0.00,99999.18,USD,IDEALPRO-001,MARGIN,,[],False,{}
100000.00,0.00,100000.00,EUR,IDEALPRO-001,MARGIN,,[],False,{}
99999.18,2.35,99996.83,USD,IDEALPRO-001,MARGIN,,"[{'type': 'MarginBalance', 'initial': '0.00', 'maintenance': '2.35', 'currency': 'USD', 'instrument_id': 'EUR/USD.IDEALPRO'}]",False,{}
100000.00,0.00,100000.00,EUR,IDEALPRO-001,MARGIN,,"[{'type': 'MarginBalance', 'initial': '0.00', 'maintenance': '2.35', 'currency': 'USD', 'instrument_id': 'EUR/USD.IDEALPRO'}]",False,{}
99999.18,2.35,99996.83,USD,IDEALPRO-001,MARGIN,,"[{'type': 'MarginBalance', 'initial': '0.00', 'maintenance': '2.35', 'currency': 'USD', 'instrument_id': 'EUR/USD.IDEALPRO'}]",False,{}
100000.00,0.00,100000.00,EUR,IDEALPRO-001,MARGIN,,"[{'type': 'MarginBalance', 'initial': '0.00', 'maintenance': '2.35', 'currency': 'USD', 'instrument_id': 'EUR/USD.IDEALPRO'}]",False,{}
99999.18,2.35,99996.83,USD,IDEALPRO-001,MARGIN,,"[{'type': 'MarginBalance', 'initial': '0.00', 'maintenance': '2.35', 'currency': 'USD', 'instrument_id': 'EUR/USD.IDEALPRO'}]",False,{}
100000.00,0.00,100000.00,EUR,IDEALPRO-001,MARGIN,,"[{'type': 'MarginBalance', 'initial': '0.00', 'maintenance': '2.35', 'currency': 'USD', 'instrument_id': 'EUR/USD.IDEALPRO'}]",False,{}
99999.18,2.35,99996.83,USD,IDEALPRO-001,MARGIN,,"[{'type': 'MarginBalance', 'initial': '0.00', 'maintenance': '2.35', 'currency': 'USD', 'instrument_id': 'EUR/USD.IDEALPRO'}]",False,{}
100000.00,0.00,100000.00,EUR,IDEALPRO-001,MARGIN,,"[{'type': 'MarginBalance', 'initial': '0.00', 'maintenance': '2.35', 'currency': 'USD', 'instrument_id': 'EUR/USD.IDEALPRO'}]",False,{}
99999.15,0.00,99999.15,USD,IDEALPRO-001,MARGIN,,[],False,{}
100000.00,0.00,100000.00,EUR,IDEALPRO-001,MARGIN,,[],False,{}
99999.15,0.00,99999.15,USD,IDEALPRO-001,MARGIN,,[],False,{}
100000.00,0.00,100000.00,EUR,IDEALPRO-001,MARGIN,,[],False,{}
99999.15,0.00,99999.15,USD,IDEALPRO-001,MARGIN,,[],False,{}
100000.00,0.00,100000.00,EUR,IDEALPRO-001,MARGIN,,[],False,{}
99999.15,0.00,99999.15,USD,IDEALPRO-001,MARGIN,,[],False,{}
100000.00,0.00,100000.00,EUR,IDEALPRO-001,MARGIN,,[],False,{}
99999.15,0.00,99999.15,USD,IDEALPRO-001,MARGIN,,[],False,{}
100000.00,0.00,100000.00,EUR,IDEALPRO-001,MARGIN,,[],False,{}
99999.15,0.00,99999.15,USD,IDEALPRO-001,MARGIN,,[],False,{}
100000.00,0.00,100000.00,EUR,IDEALPRO-001,MARGIN,,[],False,{}
99999.15,2.34,99996.81,USD,IDEALPRO-001,MARGIN,,"[{'type': 'MarginBalance', 'initial': '0.00', 'maintenance': '2.34', 'currency': 'USD', 'instrument_id': 'EUR/USD.IDEALPRO'}]",False,{}
100000.00,0.00,100000.00,EUR,IDEALPRO-001,MARGIN,,"[{'type': 'MarginBalance', 'initial': '0.00', 'maintenance': '2.34', 'currency': 'USD', 'instrument_id': 'EUR/USD.IDEALPRO'}]",False,{}
99999.15,2.34,99996.81,USD,IDEALPRO-001,MARGIN,,"[{'type': 'MarginBalance', 'initial': '0.00', 'maintenance': '2.34', 'currency': 'USD', 'instrument_id': 'EUR/USD.IDEALPRO'}]",False,{}
100000.00,0.00,100000.00,EUR,IDEALPRO-001,MARGIN,,"[{'type': 'MarginBalance', 'initial': '0.00', 'maintenance': '2.34', 'currency': 'USD', 'instrument_id': 'EUR/USD.IDEALPRO'}]",False,{}
99999.15,2.34,99996.81,USD,IDEALPRO-001,MARGIN,,"[{'type': 'MarginBalance', 'initial': '0.00', 'maintenance': '2.34', 'currency': 'USD', 'instrument_id': 'EUR/USD.IDEALPRO'}]",False,{}
100000.00,0.00,100000.00,EUR,IDEALPRO-001,MARGIN,,"[{'type': 'MarginBalance', 'initial': '0.00', 'maintenance': '2.34', 'currency': 'USD', 'instrument_id': 'EUR/USD.IDEALPRO'}]",False,{}
99999.09,0.00,99999.09,USD,IDEALPRO-001,MARGIN,,[],False,{}
100000.00,0.00,100000.00,EUR,IDEALPRO-001,MARGIN,,[],False,{}
99999.09,0.00,99999.09,USD,IDEALPRO-001,MARGIN,,[],False,{}
100000.00,0.00,100000.00,EUR,IDEALPRO-001,MARGIN,,[],False,{}
99999.09,0.00,99999.09,USD,IDEALPRO-001,MARGIN,,[],False,{}
100000.00,0.00,100000.00,EUR,IDEALPRO-001,MARGIN,,[],False,{}
99999.09,0.00,99999.09,USD,IDEALPRO-001,MARGIN,,[],False,{}
100000.00,0.00,100000.00,EUR,IDEALPRO-001,MARGIN,,[],False,{}
99999.09,0.00,99999.09,USD,IDEALPRO-001,MARGIN,,[],False,{}
100000.00,0.00,100000.00,EUR,IDEALPRO-001,MARGIN,,[],False,{}
99999.09,2.34,99996.75,USD,IDEALPRO-001,MARGIN,,"[{'type': 'MarginBalance', 'initial': '0.00', 'maintenance': '2.34', 'currency': 'USD', 'instrument_id': 'EUR/USD.IDEALPRO'}]",False,{}
100000.00,0.00,100000.00,EUR,IDEALPRO-001,MARGIN,,"[{'type': 'MarginBalance', 'initial': '0.00', 'maintenance': '2.34', 'currency': 'USD', 'instrument_id': 'EUR/USD.IDEALPRO'}]",False,{}
99999.09,2.34,99996.75,USD,IDEALPRO-001,MARGIN,,"[{'type': 'MarginBalance', 'initial': '0.00', 'maintenance': '2.34', 'currency': 'USD', 'instrument_id': 'EUR/USD.IDEALPRO'}]",False,{}
100000.00,0.00,100000.00,EUR,IDEALPRO-001,MARGIN,,"[{'type': 'MarginBalance', 'initial': '0.00', 'maintenance': '2.34', 'currency': 'USD', 'instrument_id': 'EUR/USD.IDEALPRO'}]",False,{}
99999.09,2.34,99996.75,USD,IDEALPRO-001,MARGIN,,"[{'type': 'MarginBalance', 'initial': '0.00', 'maintenance': '2.34', 'currency': 'USD', 'instrument_id': 'EUR/USD.IDEALPRO'}]",False,{}
100000.00,0.00,100000.00,EUR,IDEALPRO-001,MARGIN,,"[{'type': 'MarginBalance', 'initial': '0.00', 'maintenance': '2.34', 'currency': 'USD', 'instrument_id': 'EUR/USD.IDEALPRO'}]",False,{}
99999.09,2.34,99996.75,USD,IDEALPRO-001,MARGIN,,"[{'type': 'MarginBalance', 'initial': '0.00', 'maintenance': '2.34', 'currency': 'USD', 'instrument_id': 'EUR/USD.IDEALPRO'}]",False,{}
100000.00,0.00,100000.00,EUR,IDEALPRO-001,MARGIN,,"[{'type': 'MarginBalance', 'initial': '0.00', 'maintenance': '2.34', 'currency': 'USD', 'instrument_id': 'EUR/USD.IDEALPRO'}]",False,{}
99999.09,0.00,99999.09,USD,IDEALPRO-001,MARGIN,,[],False,{}
100000.00,0.00,100000.00,EUR,IDEALPRO-001,MARGIN,,[],False,{}
99999.09,0.00,99999.09,USD,IDEALPRO-001,MARGIN,,[],False,{}
100000.00,0.00,100000.00,EUR,IDEALPRO-001,MARGIN,,[],False,{}
99999.09,0.00,99999.09,USD,IDEALPRO-001,MARGIN,,[],False,{}
100000.00,0.00,100000.00,EUR,IDEALPRO-001,MARGIN,,[],False,{}
99999.09,0.00,99999.09,USD,IDEALPRO-001,MARGIN,,[],False,{}
100000.00,0.00,100000.00,EUR,IDEALPRO-001,MARGIN,,[],False,{}
99999.09,0.00,99999.09,USD,IDEALPRO-001,MARGIN,,[],False,{}
100000.00,0.00,100000.00,EUR,IDEALPRO-001,MARGIN,,[],False,{}
99999.09,0.00,99999.09,USD,IDEALPRO-001,MARGIN,,[],False,{}
100000.00,0.00,100000.00,EUR,IDEALPRO-001,MARGIN,,[],False,{}
99999.09,2.34,99996.75,USD,IDEALPRO-001,MARGIN,,"[{'type': 'MarginBalance', 'initial': '0.00', 'maintenance': '2.34', 'currency': 'USD', 'instrument_id': 'EUR/USD.IDEALPRO'}]",False,{}
100000.00,0.00,100000.00,EUR,IDEALPRO-001,MARGIN,,"[{'type': 'MarginBalance', 'initial': '0.00', 'maintenance': '2.34', 'currency': 'USD', 'instrument_id': 'EUR/USD.IDEALPRO'}]",False,{}
99999.09,2.34,99996.75,USD,IDEALPRO-001,MARGIN,,"[{'type': 'MarginBalance', 'initial': '0.00', 'maintenance': '2.34', 'currency': 'USD', 'instrument_id': 'EUR/USD.IDEALPRO'}]",False,{}
100000.00,0.00,100000.00,EUR,IDEALPRO-001,MARGIN,,"[{'type': 'MarginBalance', 'initial': '0.00', 'maintenance': '2.34', 'currency': 'USD', 'instrument_id': 'EUR/USD.IDEALPRO'}]",False,{}
99999.09,2.34,99996.75,USD,IDEALPRO-001,MARGIN,,"[{'type': 'MarginBalance', 'initial': '0.00', 'maintenance': '2.34', 'currency': 'USD', 'instrument_id': 'EUR/USD.IDEALPRO'}]",False,{}
100000.00,0.00,100000.00,EUR,IDEALPRO-001,MARGIN,,"[{'type': 'MarginBalance', 'initial': '0.00', 'maintenance': '2.34', 'currency': 'USD', 'instrument_id': 'EUR/USD.IDEALPRO'}]",False,{}
99999.09,2.34,99996.75,USD,IDEALPRO-001,MARGIN,,"[{'type': 'MarginBalance', 'initial': '0.00', 'maintenance': '2.34', 'currency': 'USD', 'instrument_id': 'EUR/USD.IDEALPRO'}]",False,{}
100000.00,0.00,100000.00,EUR,IDEALPRO-001,MARGIN,,"[{'type': 'MarginBalance', 'initial': '0.00', 'maintenance': '2.34', 'currency': 'USD', 'instrument_id': 'EUR/USD.IDEALPRO'}]",False,{}
99999.08,0.00,99999.08,USD,IDEALPRO-001,MARGIN,,[],False,{}
100000.00,0.00,100000.00,EUR,IDEALPRO-001,MARGIN,,[],False,{}
99999.08,0.00,99999.08,USD,IDEALPRO-001,MARGIN,,[],False,{}
100000.00,0.00,100000.00,EUR,IDEALPRO-001,MARGIN,,[],False,{}
99999.08,0.00,99999.08,USD,IDEALPRO-001,MARGIN,,[],False,{}
100000.00,0.00,100000.00,EUR,IDEALPRO-001,MARGIN,,[],False,{}
99999.08,0.00,99999.08,USD,IDEALPRO-001,MARGIN,,[],False,{}
100000.00,0.00,100000.00,EUR,IDEALPRO-001,MARGIN,,[],False,{}
99999.08,0.00,99999.08,USD,IDEALPRO-001,MARGIN,,[],False,{}
100000.00,0.00,100000.00,EUR,IDEALPRO-001,MARGIN,,[],False,{}
99999.08,0.00,99999.08,USD,IDEALPRO-001,MARGIN,,[],False,{}
100000.00,0.00,100000.00,EUR,IDEALPRO-001,MARGIN,,[],False,{}
99999.08,2.34,99996.74,USD,IDEALPRO-001,MARGIN,,"[{'type': 'MarginBalance', 'initial': '0.00', 'maintenance': '2.34', 'currency': 'USD', 'instrument_id': 'EUR/USD.IDEALPRO'}]",False,{}
100000.00,0.00,100000.00,EUR,IDEALPRO-001,MARGIN,,"[{'type': 'MarginBalance', 'initial': '0.00', 'maintenance': '2.34', 'currency': 'USD', 'instrument_id': 'EUR/USD.IDEALPRO'}]",False,{}
99999.08,2.34,99996.74,USD,IDEALPRO-001,MARGIN,,"[{'type': 'MarginBalance', 'initial': '0.00', 'maintenance': '2.34', 'currency': 'USD', 'instrument_id': 'EUR/USD.IDEALPRO'}]",False,{}
100000.00,0.00,100000.00,EUR,IDEALPRO-001,MARGIN,,"[{'type': 'MarginBalance', 'initial': '0.00', 'maintenance': '2.34', 'currency': 'USD', 'instrument_id': 'EUR/USD.IDEALPRO'}]",False,{}
99999.08,2.34,99996.74,USD,IDEALPRO-001,MARGIN,,"[{'type': 'MarginBalance', 'initial': '0.00', 'maintenance': '2.34', 'currency': 'USD', 'instrument_id': 'EUR/USD.IDEALPRO'}]",False,{}
100000.00,0.00,100000.00,EUR,IDEALPRO-001,MARGIN,,"[{'type': 'MarginBalance', 'initial': '0.00', 'maintenance': '2.34', 'currency': 'USD', 'instrument_id': 'EUR/USD.IDEALPRO'}]",False,{}
99999.08,2.34,99996.74,USD,IDEALPRO-001,MARGIN,,"[{'type': 'MarginBalance', 'initial': '0.00', 'maintenance': '2.34', 'currency': 'USD', 'instrument_id': 'EUR/USD.IDEALPRO'}]",False,{}
100000.00,0.00,100000.00,EUR,IDEALPRO-001,MARGIN,,"[{'type': 'MarginBalance', 'initial': '0.00', 'maintenance': '2.34', 'currency': 'USD', 'instrument_id': 'EUR/USD.IDEALPRO'}]",False,{}
99999.07,0.00,99999.07,USD,IDEALPRO-001,MARGIN,,[],False,{}
100000.00,0.00,100000.00,EUR,IDEALPRO-001,MARGIN,,[],False,{}
99999.07,0.00,99999.07,USD,IDEALPRO-001,MARGIN,,[],False,{}
100000.00,0.00,100000.00,EUR,IDEALPRO-001,MARGIN,,[],False,{}
99999.07,0.00,99999.07,USD,IDEALPRO-001,MARGIN,,[],False,{}
100000.00,0.00,100000.00,EUR,IDEALPRO-001,MARGIN,,[],False,{}
99999.07,0.00,99999.07,USD,IDEALPRO-001,MARGIN,,[],False,{}
100000.00,0.00,100000.00,EUR,IDEALPRO-001,MARGIN,,[],False,{}
99999.07,0.00,99999.07,USD,IDEALPRO-001,MARGIN,,[],False,{}
100000.00,0.00,100000.00,EUR,IDEALPRO-001,MARGIN,,[],False,{}
99999.07,0.00,99999.07,USD,IDEALPRO-001,MARGIN,,[],False,{}
100000.00,0.00,100000.00,EUR,IDEALPRO-001,MARGIN,,[],False,{}
99999.07,2.34,99996.73,USD,IDEALPRO-001,MARGIN,,"[{'type': 'MarginBalance', 'initial': '0.00', 'maintenance': '2.34', 'currency': 'USD', 'instrument_id': 'EUR/USD.IDEALPRO'}]",False,{}
100000.00,0.00,100000.00,EUR,IDEALPRO-001,MARGIN,,"[{'type': 'MarginBalance', 'initial': '0.00', 'maintenance': '2.34', 'currency': 'USD', 'instrument_id': 'EUR/USD.IDEALPRO'}]",False,{}
99999.07,2.34,99996.73,USD,IDEALPRO-001,MARGIN,,"[{'type': 'MarginBalance', 'initial': '0.00', 'maintenance': '2.34', 'currency': 'USD', 'instrument_id': 'EUR/USD.IDEALPRO'}]",False,{}
100000.00,0.00,100000.00,EUR,IDEALPRO-001,MARGIN,,"[{'type': 'MarginBalance', 'initial': '0.00', 'maintenance': '2.34', 'currency': 'USD', 'instrument_id': 'EUR/USD.IDEALPRO'}]",False,{}
99999.07,2.34,99996.73,USD,IDEALPRO-001,MARGIN,,"[{'type': 'MarginBalance', 'initial': '0.00', 'maintenance': '2.34', 'currency': 'USD', 'instrument_id': 'EUR/USD.IDEALPRO'}]",False,{}
100000.00,0.00,100000.00,EUR,IDEALPRO-001,MARGIN,,"[{'type': 'MarginBalance', 'initial': '0.00', 'maintenance': '2.34', 'currency': 'USD', 'instrument_id': 'EUR/USD.IDEALPRO'}]",False,{}
99999.07,2.34,99996.73,USD,IDEALPRO-001,MARGIN,,"[{'type': 'MarginBalance', 'initial': '0.00', 'maintenance': '2.34', 'currency': 'USD', 'instrument_id': 'EUR/USD.IDEALPRO'}]",False,{}
100000.00,0.00,100000.00,EUR,IDEALPRO-001,MARGIN,,"[{'type': 'MarginBalance', 'initial': '0.00', 'maintenance': '2.34', 'currency': 'USD', 'instrument_id': 'EUR/USD.IDEALPRO'}]",False,{}
99999.08,0.00,99999.08,USD,IDEALPRO-001,MARGIN,,[],False,{}
100000.00,0.00,100000.00,EUR,IDEALPRO-001,MARGIN,,[],False,{}
99999.08,0.00,99999.08,USD,IDEALPRO-001,MARGIN,,[],False,{}
100000.00,0.00,100000.00,EUR,IDEALPRO-001,MARGIN,,[],False,{}
99999.08,0.00,99999.08,USD,IDEALPRO-001,MARGIN,,[],False,{}
100000.00,0.00,100000.00,EUR,IDEALPRO-001,MARGIN,,[],False,{}
99999.08,0.00,99999.08,USD,IDEALPRO-001,MARGIN,,[],False,{}
100000.00,0.00,100000.00,EUR,IDEALPRO-001,MARGIN,,[],False,{}
99999.08,0.00,99999.08,USD,IDEALPRO-001,MARGIN,,[],False,{}
100000.00,0.00,100000.00,EUR,IDEALPRO-001,MARGIN,,[],False,{}
99999.08,0.00,99999.08,USD,IDEALPRO-001,MARGIN,,[],False,{}
100000.00,0.00,100000.00,EUR,IDEALPRO-001,MARGIN,,[],False,{}
99999.08,2.34,99996.74,USD,IDEALPRO-001,MARGIN,,"[{'type': 'MarginBalance', 'initial': '0.00', 'maintenance': '2.34', 'currency': 'USD', 'instrument_id': 'EUR/USD.IDEALPRO'}]",False,{}
100000.00,0.00,100000.00,EUR,IDEALPRO-001,MARGIN,,"[{'type': 'MarginBalance', 'initial': '0.00', 'maintenance': '2.34', 'currency': 'USD', 'instrument_id': 'EUR/USD.IDEALPRO'}]",False,{}
99999.08,2.34,99996.74,USD,IDEALPRO-001,MARGIN,,"[{'type': 'MarginBalance', 'initial': '0.00', 'maintenance': '2.34', 'currency': 'USD', 'instrument_id': 'EUR/USD.IDEALPRO'}]",False,{}
100000.00,0.00,100000.00,EUR,IDEALPRO-001,MARGIN,,"[{'type': 'MarginBalance', 'initial': '0.00', 'maintenance': '2.34', 'currency': 'USD', 'instrument_id': 'EUR/USD.IDEALPRO'}]",False,{}
99999.08,2.34,99996.74,USD,IDEALPRO-001,MARGIN,,"[{'type': 'MarginBalance', 'initial': '0.00', 'maintenance': '2.34', 'currency': 'USD', 'instrument_id': 'EUR/USD.IDEALPRO'}]",False,{}
100000.00,0.00,100000.00,EUR,IDEALPRO-001,MARGIN,,"[{'type': 'MarginBalance', 'initial': '0.00', 'maintenance': '2.34', 'currency': 'USD', 'instrument_id': 'EUR/USD.IDEALPRO'}]",False,{}
99999.02,0.00,99999.02,USD,IDEALPRO-001,MARGIN,,[],False,{}
100000.00,0.00,100000.00,EUR,IDEALPRO-001,MARGIN,,[],False,{}
99999.02,0.00,99999.02,USD,IDEALPRO-001,MARGIN,,[],False,{}
100000.00,0.00,100000.00,EUR,IDEALPRO-001,MARGIN,,[],False,{}
99999.02,0.00,99999.02,USD,IDEALPRO-001,MARGIN,,[],False,{}
100000.00,0.00,100000.00,EUR,IDEALPRO-001,MARGIN,,[],False,{}
99999.02,0.00,99999.02,USD,IDEALPRO-001,MARGIN,,[],False,{}
100000.00,0.00,100000.00,EUR,IDEALPRO-001,MARGIN,,[],False,{}
99999.02,0.00,99999.02,USD,IDEALPRO-001,MARGIN,,[],False,{}
100000.00,0.00,100000.00,EUR,IDEALPRO-001,MARGIN,,[],False,{}
99999.02,2.34,99996.68,USD,IDEALPRO-001,MARGIN,,"[{'type': 'MarginBalance', 'initial': '0.00', 'maintenance': '2.34', 'currency': 'USD', 'instrument_id': 'EUR/USD.IDEALPRO'}]",False,{}
100000.00,0.00,100000.00,EUR,IDEALPRO-001,MARGIN,,"[{'type': 'MarginBalance', 'initial': '0.00', 'maintenance': '2.34', 'currency': 'USD', 'instrument_id': 'EUR/USD.IDEALPRO'}]",False,{}
99999.02,2.34,99996.68,USD,IDEALPRO-001,MARGIN,,"[{'type': 'MarginBalance', 'initial': '0.00', 'maintenance': '2.34', 'currency': 'USD', 'instrument_id': 'EUR/USD.IDEALPRO'}]",False,{}
100000.00,0.00,100000.00,EUR,IDEALPRO-001,MARGIN,,"[{'type': 'MarginBalance', 'initial': '0.00', 'maintenance': '2.34', 'currency': 'USD', 'instrument_id': 'EUR/USD.IDEALPRO'}]",False,{}
99999.02,2.34,99996.68,USD,IDEALPRO-001,MARGIN,,"[{'type': 'MarginBalance', 'initial': '0.00', 'maintenance': '2.34', 'currency': 'USD', 'instrument_id': 'EUR/USD.IDEALPRO'}]",False,{}
100000.00,0.00,100000.00,EUR,IDEALPRO-001,MARGIN,,"[{'type': 'MarginBalance', 'initial': '0.00', 'maintenance': '2.34', 'currency': 'USD', 'instrument_id': 'EUR/USD.IDEALPRO'}]",False,{}
99999.02,2.34,99996.68,USD,IDEALPRO-001,MARGIN,,"[{'type': 'MarginBalance', 'initial': '0.00', 'maintenance': '2.34', 'currency': 'USD', 'instrument_id': 'EUR/USD.IDEALPRO'}]",False,{}
100000.00,0.00,100000.00,EUR,IDEALPRO-001,MARGIN,,"[{'type': 'MarginBalance', 'initial': '0.00', 'maintenance': '2.34', 'currency': 'USD', 'instrument_id': 'EUR/USD.IDEALPRO'}]",False,{}
99999.02,0.00,99999.02,USD,IDEALPRO-001,MARGIN,,[],False,{}
100000.00,0.00,100000.00,EUR,IDEALPRO-001,MARGIN,,[],False,{}
99999.02,0.00,99999.02,USD,IDEALPRO-001,MARGIN,,[],False,{}
100000.00,0.00,100000.00,EUR,IDEALPRO-001,MARGIN,,[],False,{}
99999.02,0.00,99999.02,USD,IDEALPRO-001,MARGIN,,[],False,{}
100000.00,0.00,100000.00,EUR,IDEALPRO-001,MARGIN,,[],False,{}
99999.02,0.00,99999.02,USD,IDEALPRO-001,MARGIN,,[],False,{}
100000.00,0.00,100000.00,EUR,IDEALPRO-001,MARGIN,,[],False,{}
99999.02,0.00,99999.02,USD,IDEALPRO-001,MARGIN,,[],False,{}
100000.00,0.00,100000.00,EUR,IDEALPRO-001,MARGIN,,[],False,{}
99999.02,0.00,99999.02,USD,IDEALPRO-001,MARGIN,,[],False,{}
100000.00,0.00,100000.00,EUR,IDEALPRO-001,MARGIN,,[],False,{}
99999.02,2.34,99996.68,USD,IDEALPRO-001,MARGIN,,"[{'type': 'MarginBalance', 'initial': '0.00', 'maintenance': '2.34', 'currency': 'USD', 'instrument_id': 'EUR/USD.IDEALPRO'}]",False,{}
100000.00,0.00,100000.00,EUR,IDEALPRO-001,MARGIN,,"[{'type': 'MarginBalance', 'initial': '0.00', 'maintenance': '2.34', 'currency': 'USD', 'instrument_id': 'EUR/USD.IDEALPRO'}]",False,{}
99999.02,2.34,99996.68,USD,IDEALPRO-001,MARGIN,,"[{'type': 'MarginBalance', 'initial': '0.00', 'maintenance': '2.34', 'currency': 'USD', 'instrument_id': 'EUR/USD.IDEALPRO'}]",False,{}
100000.00,0.00,100000.00,EUR,IDEALPRO-001,MARGIN,,"[{'type': 'MarginBalance', 'initial': '0.00', 'maintenance': '2.34', 'currency': 'USD', 'instrument_id': 'EUR/USD.IDEALPRO'}]",False,{}
99999.02,2.34,99996.68,USD,IDEALPRO-001,MARGIN,,"[{'type': 'MarginBalance', 'initial': '0.00', 'maintenance': '2.34', 'currency': 'USD', 'instrument_id': 'EUR/USD.IDEALPRO'}]",False,{}
100000.00,0.00,100000.00,EUR,IDEALPRO-001,MARGIN,,"[{'type': 'MarginBalance', 'initial': '0.00', 'maintenance': '2.34', 'currency': 'USD', 'instrument_id': 'EUR/USD.IDEALPRO'}]",False,{}
99998.96,0.00,99998.96,USD,IDEALPRO-001,MARGIN,,[],False,{}
100000.00,0.00,100000.00,EUR,IDEALPRO-001,MARGIN,,[],False,{}
99998.96,0.00,99998.96,USD,IDEALPRO-001,MARGIN,,[],False,{}
100000.00,0.00,100000.00,EUR,IDEALPRO-001,MARGIN,,[],False,{}
99998.96,0.00,99998.96,USD,IDEALPRO-001,MARGIN,,[],False,{}
100000.00,0.00,100000.00,EUR,IDEALPRO-001,MARGIN,,[],False,{}
99998.96,0.00,99998.96,USD,IDEALPRO-001,MARGIN,,[],False,{}
100000.00,0.00,100000.00,EUR,IDEALPRO-001,MARGIN,,[],False,{}
99998.96,0.00,99998.96,USD,IDEALPRO-001,MARGIN,,[],False,{}
100000.00,0.00,100000.00,EUR,IDEALPRO-001,MARGIN,,[],False,{}
99998.96,2.34,99996.62,USD,IDEALPRO-001,MARGIN,,"[{'type': 'MarginBalance', 'initial': '0.00', 'maintenance': '2.34', 'currency': 'USD', 'instrument_id': 'EUR/USD.IDEALPRO'}]",False,{}
100000.00,0.00,100000.00,EUR,IDEALPRO-001,MARGIN,,"[{'type': 'MarginBalance', 'initial': '0.00', 'maintenance': '2.34', 'currency': 'USD', 'instrument_id': 'EUR/USD.IDEALPRO'}]",False,{}
99998.96,2.34,99996.62,USD,IDEALPRO-001,MARGIN,,"[{'type': 'MarginBalance', 'initial': '0.00', 'maintenance': '2.34', 'currency': 'USD', 'instrument_id': 'EUR/USD.IDEALPRO'}]",False,{}
100000.00,0.00,100000.00,EUR,IDEALPRO-001,MARGIN,,"[{'type': 'MarginBalance', 'initial': '0.00', 'maintenance': '2.34', 'currency': 'USD', 'instrument_id': 'EUR/USD.IDEALPRO'}]",False,{}
99998.96,2.34,99996.62,USD,IDEALPRO-001,MARGIN,,"[{'type': 'MarginBalance', 'initial': '0.00', 'maintenance': '2.34', 'currency': 'USD', 'instrument_id': 'EUR/USD.IDEALPRO'}]",False,{}
100000.00,0.00,100000.00,EUR,IDEALPRO-001,MARGIN,,"[{'type': 'MarginBalance', 'initial': '0.00', 'maintenance': '2.34', 'currency': 'USD', 'instrument_id': 'EUR/USD.IDEALPRO'}]",False,{}
99998.96,2.34,99996.62,USD,IDEALPRO-001,MARGIN,,"[{'type': 'MarginBalance', 'initial': '0.00', 'maintenance': '2.34', 'currency': 'USD', 'instrument_id': 'EUR/USD.IDEALPRO'}]",False,{}
100000.00,0.00,100000.00,EUR,IDEALPRO-001,MARGIN,,"[{'type': 'MarginBalance', 'initial': '0.00', 'maintenance': '2.34', 'currency': 'USD', 'instrument_id': 'EUR/USD.IDEALPRO'}]",False,{}
99998.93,0.00,99998.93,USD,IDEALPRO-001,MARGIN,,[],False,{}
100000.00,0.00,100000.00,EUR,IDEALPRO-001,MARGIN,,[],False,{}
99998.93,0.00,99998.93,USD,IDEALPRO-001,MARGIN,,[],False,{}
100000.00,0.00,100000.00,EUR,IDEALPRO-001,MARGIN,,[],False,{}
99998.93,0.00,99998.93,USD,IDEALPRO-001,MARGIN,,[],False,{}
100000.00,0.00,100000.00,EUR,IDEALPRO-001,MARGIN,,[],False,{}
99998.93,0.00,99998.93,USD,IDEALPRO-001,MARGIN,,[],False,{}
100000.00,0.00,100000.00,EUR,IDEALPRO-001,MARGIN,,[],False,{}
99998.93,0.00,99998.93,USD,IDEALPRO-001,MARGIN,,[],False,{}
100000.00,0.00,100000.00,EUR,IDEALPRO-001,MARGIN,,[],False,{}
99998.93,0.00,99998.93,USD,IDEALPRO-001,MARGIN,,[],False,{}
100000.00,0.00,100000.00,EUR,IDEALPRO-001,MARGIN,,[],False,{}
99998.93,2.34,99996.59,USD,IDEALPRO-001,MARGIN,,"[{'type': 'MarginBalance', 'initial': '0.00', 'maintenance': '2.34', 'currency': 'USD', 'instrument_id': 'EUR/USD.IDEALPRO'}]",False,{}
100000.00,0.00,100000.00,EUR,IDEALPRO-001,MARGIN,,"[{'type': 'MarginBalance', 'initial': '0.00', 'maintenance': '2.34', 'currency': 'USD', 'instrument_id': 'EUR/USD.IDEALPRO'}]",False,{}
99998.93,2.34,99996.59,USD,IDEALPRO-001,MARGIN,,"[{'type': 'MarginBalance', 'initial': '0.00', 'maintenance': '2.34', 'currency': 'USD', 'instrument_id': 'EUR/USD.IDEALPRO'}]",False,{}
100000.00,0.00,100000.00,EUR,IDEALPRO-001,MARGIN,,"[{'type': 'MarginBalance', 'initial': '0.00', 'maintenance': '2.34', 'currency': 'USD', 'instrument_id': 'EUR/USD.IDEALPRO'}]",False,{}
99998.93,2.34,99996.59,USD,IDEALPRO-001,MARGIN,,"[{'type': 'MarginBalance', 'initial': '0.00', 'maintenance': '2.34', 'currency': 'USD', 'instrument_id': 'EUR/USD.IDEALPRO'}]",False,{}
100000.00,0.00,100000.00,EUR,IDEALPRO-001,MARGIN,,"[{'type': 'MarginBalance', 'initial': '0.00', 'maintenance': '2.34', 'currency': 'USD', 'instrument_id': 'EUR/USD.IDEALPRO'}]",False,{}
99998.93,2.34,99996.59,USD,IDEALPRO-001,MARGIN,,"[{'type': 'MarginBalance', 'initial': '0.00', 'maintenance': '2.34', 'currency': 'USD', 'instrument_id': 'EUR/USD.IDEALPRO'}]",False,{}
100000.00,0.00,100000.00,EUR,IDEALPRO-001,MARGIN,,"[{'type': 'MarginBalance', 'initial': '0.00', 'maintenance': '2.34', 'currency': 'USD', 'instrument_id': 'EUR/USD.IDEALPRO'}]",False,{}
99998.87,0.00,99998.87,USD,IDEALPRO-001,MARGIN,,[],False,{}
100000.00,0.00,100000.00,EUR,IDEALPRO-001,MARGIN,,[],False,{}
99998.87,0.00,99998.87,USD,IDEALPRO-001,MARGIN,,[],False,{}
100000.00,0.00,100000.00,EUR,IDEALPRO-001,MARGIN,,[],False,{}
99998.87,0.00,99998.87,USD,IDEALPRO-001,MARGIN,,[],False,{}
100000.00,0.00,100000.00,EUR,IDEALPRO-001,MARGIN,,[],False,{}
99998.87,0.00,99998.87,USD,IDEALPRO-001,MARGIN,,[],False,{}
100000.00,0.00,100000.00,EUR,IDEALPRO-001,MARGIN,,[],False,{}
99998.87,0.00,99998.87,USD,IDEALPRO-001,MARGIN,,[],False,{}
100000.00,0.00,100000.00,EUR,IDEALPRO-001,MARGIN,,[],False,{}
99998.87,0.00,99998.87,USD,IDEALPRO-001,MARGIN,,[],False,{}
100000.00,0.00,100000.00,EUR,IDEALPRO-001,MARGIN,,[],False,{}
99998.87,2.34,99996.53,USD,IDEALPRO-001,MARGIN,,"[{'type': 'MarginBalance', 'initial': '0.00', 'maintenance': '2.34', 'currency': 'USD', 'instrument_id': 'EUR/USD.IDEALPRO'}]",False,{}
100000.00,0.00,100000.00,EUR,IDEALPRO-001,MARGIN,,"[{'type': 'MarginBalance', 'initial': '0.00', 'maintenance': '2.34', 'currency': 'USD', 'instrument_id': 'EUR/USD.IDEALPRO'}]",False,{}
99998.87,2.34,99996.53,USD,IDEALPRO-001,MARGIN,,"[{'type': 'MarginBalance', 'initial': '0.00', 'maintenance': '2.34', 'currency': 'USD', 'instrument_id': 'EUR/USD.IDEALPRO'}]",False,{}
100000.00,0.00,100000.00,EUR,IDEALPRO-001,MARGIN,,"[{'type': 'MarginBalance', 'initial': '0.00', 'maintenance': '2.34', 'currency': 'USD', 'instrument_id': 'EUR/USD.IDEALPRO'}]",False,{}
99998.87,2.34,99996.53,USD,IDEALPRO-001,MARGIN,,"[{'type': 'MarginBalance', 'initial': '0.00', 'maintenance': '2.34', 'currency': 'USD', 'instrument_id': 'EUR/USD.IDEALPRO'}]",False,{}
100000.00,0.00,100000.00,EUR,IDEALPRO-001,MARGIN,,"[{'type': 'MarginBalance', 'initial': '0.00', 'maintenance': '2.34', 'currency': 'USD', 'instrument_id': 'EUR/USD.IDEALPRO'}]",False,{}
99998.87,2.34,99996.53,USD,IDEALPRO-001,MARGIN,,"[{'type': 'MarginBalance', 'initial': '0.00', 'maintenance': '2.34', 'currency': 'USD', 'instrument_id': 'EUR/USD.IDEALPRO'}]",False,{}
100000.00,0.00,100000.00,EUR,IDEALPRO-001,MARGIN,,"[{'type': 'MarginBalance', 'initial': '0.00', 'maintenance': '2.34', 'currency': 'USD', 'instrument_id': 'EUR/USD.IDEALPRO'}]",False,{}
99998.82,0.00,99998.82,USD,IDEALPRO-001,MARGIN,,[],False,{}
100000.00,0.00,100000.00,EUR,IDEALPRO-001,MARGIN,,[],False,{}
99998.82,0.00,99998.82,USD,IDEALPRO-001,MARGIN,,[],False,{}
100000.00,0.00,100000.00,EUR,IDEALPRO-001,MARGIN,,[],False,{}
99998.82,0.00,99998.82,USD,IDEALPRO-001,MARGIN,,[],False,{}
100000.00,0.00,100000.00,EUR,IDEALPRO-001,MARGIN,,[],False,{}
99998.82,0.00,99998.82,USD,IDEALPRO-001,MARGIN,,[],False,{}
100000.00,0.00,100000.00,EUR,IDEALPRO-001,MARGIN,,[],False,{}
99998.82,0.00,99998.82,USD,IDEALPRO-001,MARGIN,,[],False,{}
100000.00,0.00,100000.00,EUR,IDEALPRO-001,MARGIN,,[],False,{}
99998.82,0.00,99998.82,USD,IDEALPRO-001,MARGIN,,[],False,{}
100000.00,0.00,100000.00,EUR,IDEALPRO-001,MARGIN,,[],False,{}
99998.82,2.34,99996.48,USD,IDEALPRO-001,MARGIN,,"[{'type': 'MarginBalance', 'initial': '0.00', 'maintenance': '2.34', 'currency': 'USD', 'instrument_id': 'EUR/USD.IDEALPRO'}]",False,{}
100000.00,0.00,100000.00,EUR,IDEALPRO-001,MARGIN,,"[{'type': 'MarginBalance', 'initial': '0.00', 'maintenance': '2.34', 'currency': 'USD', 'instrument_id': 'EUR/USD.IDEALPRO'}]",False,{}
99998.82,2.34,99996.48,USD,IDEALPRO-001,MARGIN,,"[{'type': 'MarginBalance', 'initial': '0.00', 'maintenance': '2.34', 'currency': 'USD', 'instrument_id': 'EUR/USD.IDEALPRO'}]",False,{}
100000.00,0.00,100000.00,EUR,IDEALPRO-001,MARGIN,,"[{'type': 'MarginBalance', 'initial': '0.00', 'maintenance': '2.34', 'currency': 'USD', 'instrument_id': 'EUR/USD.IDEALPRO'}]",False,{}
99998.82,2.34,99996.48,USD,IDEALPRO-001,MARGIN,,"[{'type': 'MarginBalance', 'initial': '0.00', 'maintenance': '2.34', 'currency': 'USD', 'instrument_id': 'EUR/USD.IDEALPRO'}]",False,{}
100000.00,0.00,100000.00,EUR,IDEALPRO-001,MARGIN,,"[{'type': 'MarginBalance', 'initial': '0.00', 'maintenance': '2.34', 'currency': 'USD', 'instrument_id': 'EUR/USD.IDEALPRO'}]",False,{}
99998.76,0.00,99998.76,USD,IDEALPRO-001,MARGIN,,[],False,{}
100000.00,0.00,100000.00,EUR,IDEALPRO-001,MARGIN,,[],False,{}
99998.76,0.00,99998.76,USD,IDEALPRO-001,MARGIN,,[],False,{}
100000.00,0.00,100000.00,EUR,IDEALPRO-001,MARGIN,,[],False,{}
99998.76,0.00,99998.76,USD,IDEALPRO-001,MARGIN,,[],False,{}
100000.00,0.00,100000.00,EUR,IDEALPRO-001,MARGIN,,[],False,{}
99998.76,0.00,99998.76,USD,IDEALPRO-001,MARGIN,,[],False,{}
100000.00,0.00,100000.00,EUR,IDEALPRO-001,MARGIN,,[],False,{}
99998.76,0.00,99998.76,USD,IDEALPRO-001,MARGIN,,[],False,{}
100000.00,0.00,100000.00,EUR,IDEALPRO-001,MARGIN,,[],False,{}
99998.76,2.34,99996.42,USD,IDEALPRO-001,MARGIN,,"[{'type': 'MarginBalance', 'initial': '0.00', 'maintenance': '2.34', 'currency': 'USD', 'instrument_id': 'EUR/USD.IDEALPRO'}]",False,{}
100000.00,0.00,100000.00,EUR,IDEALPRO-001,MARGIN,,"[{'type': 'MarginBalance', 'initial': '0.00', 'maintenance': '2.34', 'currency': 'USD', 'instrument_id': 'EUR/USD.IDEALPRO'}]",False,{}
99998.76,2.34,99996.42,USD,IDEALPRO-001,MARGIN,,"[{'type': 'MarginBalance', 'initial': '0.00', 'maintenance': '2.34', 'currency': 'USD', 'instrument_id': 'EUR/USD.IDEALPRO'}]",False,{}
100000.00,0.00,100000.00,EUR,IDEALPRO-001,MARGIN,,"[{'type': 'MarginBalance', 'initial': '0.00', 'maintenance': '2.34', 'currency': 'USD', 'instrument_id': 'EUR/USD.IDEALPRO'}]",False,{}
99998.76,2.34,99996.42,USD,IDEALPRO-001,MARGIN,,"[{'type': 'MarginBalance', 'initial': '0.00', 'maintenance': '2.34', 'currency': 'USD', 'instrument_id': 'EUR/USD.IDEALPRO'}]",False,{}
100000.00,0.00,100000.00,EUR,IDEALPRO-001,MARGIN,,"[{'type': 'MarginBalance', 'initial': '0.00', 'maintenance': '2.34', 'currency': 'USD', 'instrument_id': 'EUR/USD.IDEALPRO'}]",False,{}
99998.70,0.00,99998.70,USD,IDEALPRO-001,MARGIN,,[],False,{}
100000.00,0.00,100000.00,EUR,IDEALPRO-001,MARGIN,,[],False,{}
99998.70,0.00,99998.70,USD,IDEALPRO-001,MARGIN,,[],False,{}
100000.00,0.00,100000.00,EUR,IDEALPRO-001,MARGIN,,[],False,{}
99998.70,0.00,99998.70,USD,IDEALPRO-001,MARGIN,,[],False,{}
100000.00,0.00,100000.00,EUR,IDEALPRO-001,MARGIN,,[],False,{}
99998.70,0.00,99998.70,USD,IDEALPRO-001,MARGIN,,[],False,{}
100000.00,0.00,100000.00,EUR,IDEALPRO-001,MARGIN,,[],False,{}
99998.70,0.00,99998.70,USD,IDEALPRO-001,MARGIN,,[],False,{}
100000.00,0.00,100000.00,EUR,IDEALPRO-001,MARGIN,,[],False,{}
99998.70,2.34,99996.36,USD,IDEALPRO-001,MARGIN,,"[{'type': 'MarginBalance', 'initial': '0.00', 'maintenance': '2.34', 'currency': 'USD', 'instrument_id': 'EUR/USD.IDEALPRO'}]",False,{}
100000.00,0.00,100000.00,EUR,IDEALPRO-001,MARGIN,,"[{'type': 'MarginBalance', 'initial': '0.00', 'maintenance': '2.34', 'currency': 'USD', 'instrument_id': 'EUR/USD.IDEALPRO'}]",False,{}
99998.70,2.34,99996.36,USD,IDEALPRO-001,MARGIN,,"[{'type': 'MarginBalance', 'initial': '0.00', 'maintenance': '2.34', 'currency': 'USD', 'instrument_id': 'EUR/USD.IDEALPRO'}]",False,{}
100000.00,0.00,100000.00,EUR,IDEALPRO-001,MARGIN,,"[{'type': 'MarginBalance', 'initial': '0.00', 'maintenance': '2.34', 'currency': 'USD', 'instrument_id': 'EUR/USD.IDEALPRO'}]",False,{}
99998.70,2.34,99996.36,USD,IDEALPRO-001,MARGIN,,"[{'type': 'MarginBalance', 'initial': '0.00', 'maintenance': '2.34', 'currency': 'USD', 'instrument_id': 'EUR/USD.IDEALPRO'}]",False,{}
100000.00,0.00,100000.00,EUR,IDEALPRO-001,MARGIN,,"[{'type': 'MarginBalance', 'initial': '0.00', 'maintenance': '2.34', 'currency': 'USD', 'instrument_id': 'EUR/USD.IDEALPRO'}]",False,{}
99998.70,2.34,99996.36,USD,IDEALPRO-001,MARGIN,,"[{'type': 'MarginBalance', 'initial': '0.00', 'maintenance': '2.34', 'currency': 'USD', 'instrument_id': 'EUR/USD.IDEALPRO'}]",False,{}
100000.00,0.00,100000.00,EUR,IDEALPRO-001,MARGIN,,"[{'type': 'MarginBalance', 'initial': '0.00', 'maintenance': '2.34', 'currency': 'USD', 'instrument_id': 'EUR/USD.IDEALPRO'}]",False,{}
99998.65,0.00,99998.65,USD,IDEALPRO-001,MARGIN,,[],False,{}
100000.00,0.00,100000.00,EUR,IDEALPRO-001,MARGIN,,[],False,{}
99998.65,0.00,99998.65,USD,IDEALPRO-001,MARGIN,,[],False,{}
100000.00,0.00,100000.00,EUR,IDEALPRO-001,MARGIN,,[],False,{}
99998.65,0.00,99998.65,USD,IDEALPRO-001,MARGIN,,[],False,{}
100000.00,0.00,100000.00,EUR,IDEALPRO-001,MARGIN,,[],False,{}
99998.65,0.00,99998.65,USD,IDEALPRO-001,MARGIN,,[],False,{}
100000.00,0.00,100000.00,EUR,IDEALPRO-001,MARGIN,,[],False,{}
99998.65,0.00,99998.65,USD,IDEALPRO-001,MARGIN,,[],False,{}
100000.00,0.00,100000.00,EUR,IDEALPRO-001,MARGIN,,[],False,{}
99998.65,0.00,99998.65,USD,IDEALPRO-001,MARGIN,,[],False,{}
100000.00,0.00,100000.00,EUR,IDEALPRO-001,MARGIN,,[],False,{}
99998.65,2.34,99996.31,USD,IDEALPRO-001,MARGIN,,"[{'type': 'MarginBalance', 'initial': '0.00', 'maintenance': '2.34', 'currency': 'USD', 'instrument_id': 'EUR/USD.IDEALPRO'}]",False,{}
100000.00,0.00,100000.00,EUR,IDEALPRO-001,MARGIN,,"[{'type': 'MarginBalance', 'initial': '0.00', 'maintenance': '2.34', 'currency': 'USD', 'instrument_id': 'EUR/USD.IDEALPRO'}]",False,{}
99998.65,2.34,99996.31,USD,IDEALPRO-001,MARGIN,,"[{'type': 'MarginBalance', 'initial': '0.00', 'maintenance': '2.34', 'currency': 'USD', 'instrument_id': 'EUR/USD.IDEALPRO'}]",False,{}
100000.00,0.00,100000.00,EUR,IDEALPRO-001,MARGIN,,"[{'type': 'MarginBalance', 'initial': '0.00', 'maintenance': '2.34', 'currency': 'USD', 'instrument_id': 'EUR/USD.IDEALPRO'}]",False,{}
99998.65,2.34,99996.31,USD,IDEALPRO-001,MARGIN,,"[{'type': 'MarginBalance', 'initial': '0.00', 'maintenance': '2.34', 'currency': 'USD', 'instrument_id': 'EUR/USD.IDEALPRO'}]",False,{}
100000.00,0.00,100000.00,EUR,IDEALPRO-001,MARGIN,,"[{'type': 'MarginBalance', 'initial': '0.00', 'maintenance': '2.34', 'currency': 'USD', 'instrument_id': 'EUR/USD.IDEALPRO'}]",False,{}
99998.65,2.34,99996.31,USD,IDEALPRO-001,MARGIN,,"[{'type': 'MarginBalance', 'initial': '0.00', 'maintenance': '2.34', 'currency': 'USD', 'instrument_id': 'EUR/USD.IDEALPRO'}]",False,{}
100000.00,0.00,100000.00,EUR,IDEALPRO-001,MARGIN,,"[{'type': 'MarginBalance', 'initial': '0.00', 'maintenance': '2.34', 'currency': 'USD', 'instrument_id': 'EUR/USD.IDEALPRO'}]",False,{}
99998.65,0.00,99998.65,USD,IDEALPRO-001,MARGIN,,[],False,{}
100000.00,0.00,100000.00,EUR,IDEALPRO-001,MARGIN,,[],False,{}
99998.65,0.00,99998.65,USD,IDEALPRO-001,MARGIN,,[],False,{}
100000.00,0.00,100000.00,EUR,IDEALPRO-001,MARGIN,,[],False,{}
99998.65,0.00,99998.65,USD,IDEALPRO-001,MARGIN,,[],False,{}
100000.00,0.00,100000.00,EUR,IDEALPRO-001,MARGIN,,[],False,{}
99998.65,0.00,99998.65,USD,IDEALPRO-001,MARGIN,,[],False,{}
100000.00,0.00,100000.00,EUR,IDEALPRO-001,MARGIN,,[],False,{}
99998.65,0.00,99998.65,USD,IDEALPRO-001,MARGIN,,[],False,{}
100000.00,0.00,100000.00,EUR,IDEALPRO-001,MARGIN,,[],False,{}
99998.65,0.00,99998.65,USD,IDEALPRO-001,MARGIN,,[],False,{}
100000.00,0.00,100000.00,EUR,IDEALPRO-001,MARGIN,,[],False,{}
99998.65,2.34,99996.31,USD,IDEALPRO-001,MARGIN,,"[{'type': 'MarginBalance', 'initial': '0.00', 'maintenance': '2.34', 'currency': 'USD', 'instrument_id': 'EUR/USD.IDEALPRO'}]",False,{}
100000.00,0.00,100000.00,EUR,IDEALPRO-001,MARGIN,,"[{'type': 'MarginBalance', 'initial': '0.00', 'maintenance': '2.34', 'currency': 'USD', 'instrument_id': 'EUR/USD.IDEALPRO'}]",False,{}
99998.65,2.34,99996.31,USD,IDEALPRO-001,MARGIN,,"[{'type': 'MarginBalance', 'initial': '0.00', 'maintenance': '2.34', 'currency': 'USD', 'instrument_id': 'EUR/USD.IDEALPRO'}]",False,{}
100000.00,0.00,100000.00,EUR,IDEALPRO-001,MARGIN,,"[{'type': 'MarginBalance', 'initial': '0.00', 'maintenance': '2.34', 'currency': 'USD', 'instrument_id': 'EUR/USD.IDEALPRO'}]",False,{}
99998.65,2.34,99996.31,USD,IDEALPRO-001,MARGIN,,"[{'type': 'MarginBalance', 'initial': '0.00', 'maintenance': '2.34', 'currency': 'USD', 'instrument_id': 'EUR/USD.IDEALPRO'}]",False,{}
100000.00,0.00,100000.00,EUR,IDEALPRO-001,MARGIN,,"[{'type': 'MarginBalance', 'initial': '0.00', 'maintenance': '2.34', 'currency': 'USD', 'instrument_id': 'EUR/USD.IDEALPRO'}]",False,{}
99998.95,0.00,99998.95,USD,IDEALPRO-001,MARGIN,,[],False,{}
100000.00,0.00,100000.00,EUR,IDEALPRO-001,MARGIN,,[],False,{}
99998.95,0.00,99998.95,USD,IDEALPRO-001,MARGIN,,[],False,{}
100000.00,0.00,100000.00,EUR,IDEALPRO-001,MARGIN,,[],False,{}
99998.95,0.00,99998.95,USD,IDEALPRO-001,MARGIN,,[],False,{}
100000.00,0.00,100000.00,EUR,IDEALPRO-001,MARGIN,,[],False,{}
99998.95,0.00,99998.95,USD,IDEALPRO-001,MARGIN,,[],False,{}
100000.00,0.00,100000.00,EUR,IDEALPRO-001,MARGIN,,[],False,{}
99998.95,0.00,99998.95,USD,IDEALPRO-001,MARGIN,,[],False,{}
100000.00,0.00,100000.00,EUR,IDEALPRO-001,MARGIN,,[],False,{}
99998.95,2.33,99996.62,USD,IDEALPRO-001,MARGIN,,"[{'type': 'MarginBalance', 'initial': '0.00', 'maintenance': '2.33', 'currency': 'USD', 'instrument_id': 'EUR/USD.IDEALPRO'}]",False,{}
100000.00,0.00,100000.00,EUR,IDEALPRO-001,MARGIN,,"[{'type': 'MarginBalance', 'initial': '0.00', 'maintenance': '2.33', 'currency': 'USD', 'instrument_id': 'EUR/USD.IDEALPRO'}]",False,{}
99998.95,2.33,99996.62,USD,IDEALPRO-001,MARGIN,,"[{'type': 'MarginBalance', 'initial': '0.00', 'maintenance': '2.33', 'currency': 'USD', 'instrument_id': 'EUR/USD.IDEALPRO'}]",False,{}
100000.00,0.00,100000.00,EUR,IDEALPRO-001,MARGIN,,"[{'type': 'MarginBalance', 'initial': '0.00', 'maintenance': '2.33', 'currency': 'USD', 'instrument_id': 'EUR/USD.IDEALPRO'}]",False,{}
99998.95,2.33,99996.62,USD,IDEALPRO-001,MARGIN,,"[{'type': 'MarginBalance', 'initial': '0.00', 'maintenance': '2.33', 'currency': 'USD', 'instrument_id': 'EUR/USD.IDEALPRO'}]",False,{}
100000.00,0.00,100000.00,EUR,IDEALPRO-001,MARGIN,,"[{'type': 'MarginBalance', 'initial': '0.00', 'maintenance': '2.33', 'currency': 'USD', 'instrument_id': 'EUR/USD.IDEALPRO'}]",False,{}
99998.89,0.00,99998.89,USD,IDEALPRO-001,MARGIN,,[],False,{}
100000.00,0.00,100000.00,EUR,IDEALPRO-001,MARGIN,,[],False,{}
99998.89,0.00,99998.89,USD,IDEALPRO-001,MARGIN,,[],False,{}
100000.00,0.00,100000.00,EUR,IDEALPRO-001,MARGIN,,[],False,{}
99998.89,0.00,99998.89,USD,IDEALPRO-001,MARGIN,,[],False,{}
100000.00,0.00,100000.00,EUR,IDEALPRO-001,MARGIN,,[],False,{}
99998.89,0.00,99998.89,USD,IDEALPRO-001,MARGIN,,[],False,{}
100000.00,0.00,100000.00,EUR,IDEALPRO-001,MARGIN,,[],False,{}
99998.89,0.00,99998.89,USD,IDEALPRO-001,MARGIN,,[],False,{}
100000.00,0.00,100000.00,EUR,IDEALPRO-001,MARGIN,,[],False,{}
99998.89,2.33,99996.56,USD,IDEALPRO-001,MARGIN,,"[{'type': 'MarginBalance', 'initial': '0.00', 'maintenance': '2.33', 'currency': 'USD', 'instrument_id': 'EUR/USD.IDEALPRO'}]",False,{}
100000.00,0.00,100000.00,EUR,IDEALPRO-001,MARGIN,,"[{'type': 'MarginBalance', 'initial': '0.00', 'maintenance': '2.33', 'currency': 'USD', 'instrument_id': 'EUR/USD.IDEALPRO'}]",False,{}
99998.89,2.33,99996.56,USD,IDEALPRO-001,MARGIN,,"[{'type': 'MarginBalance', 'initial': '0.00', 'maintenance': '2.33', 'currency': 'USD', 'instrument_id': 'EUR/USD.IDEALPRO'}]",False,{}
100000.00,0.00,100000.00,EUR,IDEALPRO-001,MARGIN,,"[{'type': 'MarginBalance', 'initial': '0.00', 'maintenance': '2.33', 'currency': 'USD', 'instrument_id': 'EUR/USD.IDEALPRO'}]",False,{}
99998.89,2.33,99996.56,USD,IDEALPRO-001,MARGIN,,"[{'type': 'MarginBalance', 'initial': '0.00', 'maintenance': '2.33', 'currency': 'USD', 'instrument_id': 'EUR/USD.IDEALPRO'}]",False,{}
100000.00,0.00,100000.00,EUR,IDEALPRO-001,MARGIN,,"[{'type': 'MarginBalance', 'initial': '0.00', 'maintenance': '2.33', 'currency': 'USD', 'instrument_id': 'EUR/USD.IDEALPRO'}]",False,{}
99999.19,0.00,99999.19,USD,IDEALPRO-001,MARGIN,,[],False,{}
100000.00,0.00,100000.00,EUR,IDEALPRO-001,MARGIN,,[],False,{}
99999.19,0.00,99999.19,USD,IDEALPRO-001,MARGIN,,[],False,{}
100000.00,0.00,100000.00,EUR,IDEALPRO-001,MARGIN,,[],False,{}
99999.19,0.00,99999.19,USD,IDEALPRO-001,MARGIN,,[],False,{}
100000.00,0.00,100000.00,EUR,IDEALPRO-001,MARGIN,,[],False,{}
99999.19,0.00,99999.19,USD,IDEALPRO-001,MARGIN,,[],False,{}
100000.00,0.00,100000.00,EUR,IDEALPRO-001,MARGIN,,[],False,{}
99999.19,0.00,99999.19,USD,IDEALPRO-001,MARGIN,,[],False,{}
100000.00,0.00,100000.00,EUR,IDEALPRO-001,MARGIN,,[],False,{}
99999.19,2.32,99996.87,USD,IDEALPRO-001,MARGIN,,"[{'type': 'MarginBalance', 'initial': '0.00', 'maintenance': '2.32', 'currency': 'USD', 'instrument_id': 'EUR/USD.IDEALPRO'}]",False,{}
100000.00,0.00,100000.00,EUR,IDEALPRO-001,MARGIN,,"[{'type': 'MarginBalance', 'initial': '0.00', 'maintenance': '2.32', 'currency': 'USD', 'instrument_id': 'EUR/USD.IDEALPRO'}]",False,{}
99999.19,2.32,99996.87,USD,IDEALPRO-001,MARGIN,,"[{'type': 'MarginBalance', 'initial': '0.00', 'maintenance': '2.32', 'currency': 'USD', 'instrument_id': 'EUR/USD.IDEALPRO'}]",False,{}
100000.00,0.00,100000.00,EUR,IDEALPRO-001,MARGIN,,"[{'type': 'MarginBalance', 'initial': '0.00', 'maintenance': '2.32', 'currency': 'USD', 'instrument_id': 'EUR/USD.IDEALPRO'}]",False,{}
99999.19,2.32,99996.87,USD,IDEALPRO-001,MARGIN,,"[{'type': 'MarginBalance', 'initial': '0.00', 'maintenance': '2.32', 'currency': 'USD', 'instrument_id': 'EUR/USD.IDEALPRO'}]",False,{}
100000.00,0.00,100000.00,EUR,IDEALPRO-001,MARGIN,,"[{'type': 'MarginBalance', 'initial': '0.00', 'maintenance': '2.32', 'currency': 'USD', 'instrument_id': 'EUR/USD.IDEALPRO'}]",False,{}
99999.19,2.32,99996.87,USD,IDEALPRO-001,MARGIN,,"[{'type': 'MarginBalance', 'initial': '0.00', 'maintenance': '2.32', 'currency': 'USD', 'instrument_id': 'EUR/USD.IDEALPRO'}]",False,{}
100000.00,0.00,100000.00,EUR,IDEALPRO-001,MARGIN,,"[{'type': 'MarginBalance', 'initial': '0.00', 'maintenance': '2.32', 'currency': 'USD', 'instrument_id': 'EUR/USD.IDEALPRO'}]",False,{}
99999.32,0.00,99999.32,USD,IDEALPRO-001,MARGIN,,[],False,{}
100000.00,0.00,100000.00,EUR,IDEALPRO-001,MARGIN,,[],False,{}
99999.32,0.00,99999.32,USD,IDEALPRO-001,MARGIN,,[],False,{}
100000.00,0.00,100000.00,EUR,IDEALPRO-001,MARGIN,,[],False,{}
99999.32,0.00,99999.32,USD,IDEALPRO-001,MARGIN,,[],False,{}
100000.00,0.00,100000.00,EUR,IDEALPRO-001,MARGIN,,[],False,{}
99999.32,0.00,99999.32,USD,IDEALPRO-001,MARGIN,,[],False,{}
100000.00,0.00,100000.00,EUR,IDEALPRO-001,MARGIN,,[],False,{}
99999.32,0.00,99999.32,USD,IDEALPRO-001,MARGIN,,[],False,{}
100000.00,0.00,100000.00,EUR,IDEALPRO-001,MARGIN,,[],False,{}
99999.32,0.00,99999.32,USD,IDEALPRO-001,MARGIN,,[],False,{}
100000.00,0.00,100000.00,EUR,IDEALPRO-001,MARGIN,,[],False,{}
99999.32,2.32,99997.00,USD,IDEALPRO-001,MARGIN,,"[{'type': 'MarginBalance', 'initial': '0.00', 'maintenance': '2.32', 'currency': 'USD', 'instrument_id': 'EUR/USD.IDEALPRO'}]",False,{}
100000.00,0.00,100000.00,EUR,IDEALPRO-001,MARGIN,,"[{'type': 'MarginBalance', 'initial': '0.00', 'maintenance': '2.32', 'currency': 'USD', 'instrument_id': 'EUR/USD.IDEALPRO'}]",False,{}
99999.32,2.32,99997.00,USD,IDEALPRO-001,MARGIN,,"[{'type': 'MarginBalance', 'initial': '0.00', 'maintenance': '2.32', 'currency': 'USD', 'instrument_id': 'EUR/USD.IDEALPRO'}]",False,{}
100000.00,0.00,100000.00,EUR,IDEALPRO-001,MARGIN,,"[{'type': 'MarginBalance', 'initial': '0.00', 'maintenance': '2.32', 'currency': 'USD', 'instrument_id': 'EUR/USD.IDEALPRO'}]",False,{}
99999.32,2.32,99997.00,USD,IDEALPRO-001,MARGIN,,"[{'type': 'MarginBalance', 'initial': '0.00', 'maintenance': '2.32', 'currency': 'USD', 'instrument_id': 'EUR/USD.IDEALPRO'}]",False,{}
100000.00,0.00,100000.00,EUR,IDEALPRO-001,MARGIN,,"[{'type': 'MarginBalance', 'initial': '0.00', 'maintenance': '2.32', 'currency': 'USD', 'instrument_id': 'EUR/USD.IDEALPRO'}]",False,{}
99999.32,2.32,99997.00,USD,IDEALPRO-001,MARGIN,,"[{'type': 'MarginBalance', 'initial': '0.00', 'maintenance': '2.32', 'currency': 'USD', 'instrument_id': 'EUR/USD.IDEALPRO'}]",False,{}
100000.00,0.00,100000.00,EUR,IDEALPRO-001,MARGIN,,"[{'type': 'MarginBalance', 'initial': '0.00', 'maintenance': '2.32', 'currency': 'USD', 'instrument_id': 'EUR/USD.IDEALPRO'}]",False,{}
99999.31,0.00,99999.31,USD,IDEALPRO-001,MARGIN,,[],False,{}
100000.00,0.00,100000.00,EUR,IDEALPRO-001,MARGIN,,[],False,{}
99999.31,0.00,99999.31,USD,IDEALPRO-001,MARGIN,,[],False,{}
100000.00,0.00,100000.00,EUR,IDEALPRO-001,MARGIN,,[],False,{}
99999.31,0.00,99999.31,USD,IDEALPRO-001,MARGIN,,[],False,{}
100000.00,0.00,100000.00,EUR,IDEALPRO-001,MARGIN,,[],False,{}
99999.31,0.00,99999.31,USD,IDEALPRO-001,MARGIN,,[],False,{}
100000.00,0.00,100000.00,EUR,IDEALPRO-001,MARGIN,,[],False,{}
99999.31,0.00,99999.31,USD,IDEALPRO-001,MARGIN,,[],False,{}
100000.00,0.00,100000.00,EUR,IDEALPRO-001,MARGIN,,[],False,{}
99999.31,0.00,99999.31,USD,IDEALPRO-001,MARGIN,,[],False,{}
100000.00,0.00,100000.00,EUR,IDEALPRO-001,MARGIN,,[],False,{}
99999.31,2.32,99996.99,USD,IDEALPRO-001,MARGIN,,"[{'type': 'MarginBalance', 'initial': '0.00', 'maintenance': '2.32', 'currency': 'USD', 'instrument_id': 'EUR/USD.IDEALPRO'}]",False,{}
100000.00,0.00,100000.00,EUR,IDEALPRO-001,MARGIN,,"[{'type': 'MarginBalance', 'initial': '0.00', 'maintenance': '2.32', 'currency': 'USD', 'instrument_id': 'EUR/USD.IDEALPRO'}]",False,{}
99999.31,2.32,99996.99,USD,IDEALPRO-001,MARGIN,,"[{'type': 'MarginBalance', 'initial': '0.00', 'maintenance': '2.32', 'currency': 'USD', 'instrument_id': 'EUR/USD.IDEALPRO'}]",False,{}
100000.00,0.00,100000.00,EUR,IDEALPRO-001,MARGIN,,"[{'type': 'MarginBalance', 'initial': '0.00', 'maintenance': '2.32', 'currency': 'USD', 'instrument_id': 'EUR/USD.IDEALPRO'}]",False,{}
99999.31,2.32,99996.99,USD,IDEALPRO-001,MARGIN,,"[{'type': 'MarginBalance', 'initial': '0.00', 'maintenance': '2.32', 'currency': 'USD', 'instrument_id': 'EUR/USD.IDEALPRO'}]",False,{}
100000.00,0.00,100000.00,EUR,IDEALPRO-001,MARGIN,,"[{'type': 'MarginBalance', 'initial': '0.00', 'maintenance': '2.32', 'currency': 'USD', 'instrument_id': 'EUR/USD.IDEALPRO'}]",False,{}
99999.31,2.32,99996.99,USD,IDEALPRO-001,MARGIN,,"[{'type': 'MarginBalance', 'initial': '0.00', 'maintenance': '2.32', 'currency': 'USD', 'instrument_id': 'EUR/USD.IDEALPRO'}]",False,{}
100000.00,0.00,100000.00,EUR,IDEALPRO-001,MARGIN,,"[{'type': 'MarginBalance', 'initial': '0.00', 'maintenance': '2.32', 'currency': 'USD', 'instrument_id': 'EUR/USD.IDEALPRO'}]",False,{}
99999.28,0.00,99999.28,USD,IDEALPRO-001,MARGIN,,[],False,{}
100000.00,0.00,100000.00,EUR,IDEALPRO-001,MARGIN,,[],False,{}
99999.28,0.00,99999.28,USD,IDEALPRO-001,MARGIN,,[],False,{}
100000.00,0.00,100000.00,EUR,IDEALPRO-001,MARGIN,,[],False,{}
99999.28,0.00,99999.28,USD,IDEALPRO-001,MARGIN,,[],False,{}
100000.00,0.00,100000.00,EUR,IDEALPRO-001,MARGIN,,[],False,{}
99999.28,0.00,99999.28,USD,IDEALPRO-001,MARGIN,,[],False,{}
100000.00,0.00,100000.00,EUR,IDEALPRO-001,MARGIN,,[],False,{}
99999.28,0.00,99999.28,USD,IDEALPRO-001,MARGIN,,[],False,{}
100000.00,0.00,100000.00,EUR,IDEALPRO-001,MARGIN,,[],False,{}
99999.28,0.00,99999.28,USD,IDEALPRO-001,MARGIN,,[],False,{}
100000.00,0.00,100000.00,EUR,IDEALPRO-001,MARGIN,,[],False,{}
99999.28,2.33,99996.95,USD,IDEALPRO-001,MARGIN,,"[{'type': 'MarginBalance', 'initial': '0.00', 'maintenance': '2.33', 'currency': 'USD', 'instrument_id': 'EUR/USD.IDEALPRO'}]",False,{}
100000.00,0.00,100000.00,EUR,IDEALPRO-001,MARGIN,,"[{'type': 'MarginBalance', 'initial': '0.00', 'maintenance': '2.33', 'currency': 'USD', 'instrument_id': 'EUR/USD.IDEALPRO'}]",False,{}
99999.28,2.33,99996.95,USD,IDEALPRO-001,MARGIN,,"[{'type': 'MarginBalance', 'initial': '0.00', 'maintenance': '2.33', 'currency': 'USD', 'instrument_id': 'EUR/USD.IDEALPRO'}]",False,{}
100000.00,0.00,100000.00,EUR,IDEALPRO-001,MARGIN,,"[{'type': 'MarginBalance', 'initial': '0.00', 'maintenance': '2.33', 'currency': 'USD', 'instrument_id': 'EUR/USD.IDEALPRO'}]",False,{}
99999.28,2.33,99996.95,USD,IDEALPRO-001,MARGIN,,"[{'type': 'MarginBalance', 'initial': '0.00', 'maintenance': '2.33', 'currency': 'USD', 'instrument_id': 'EUR/USD.IDEALPRO'}]",False,{}
100000.00,0.00,100000.00,EUR,IDEALPRO-001,MARGIN,,"[{'type': 'MarginBalance', 'initial': '0.00', 'maintenance': '2.33', 'currency': 'USD', 'instrument_id': 'EUR/USD.IDEALPRO'}]",False,{}
99999.28,2.33,99996.95,USD,IDEALPRO-001,MARGIN,,"[{'type': 'MarginBalance', 'initial': '0.00', 'maintenance': '2.33', 'currency': 'USD', 'instrument_id': 'EUR/USD.IDEALPRO'}]",False,{}
100000.00,0.00,100000.00,EUR,IDEALPRO-001,MARGIN,,"[{'type': 'MarginBalance', 'initial': '0.00', 'maintenance': '2.33', 'currency': 'USD', 'instrument_id': 'EUR/USD.IDEALPRO'}]",False,{}
99999.46,0.00,99999.46,USD,IDEALPRO-001,MARGIN,,[],False,{}
100000.00,0.00,100000.00,EUR,IDEALPRO-001,MARGIN,,[],False,{}
99999.46,0.00,99999.46,USD,IDEALPRO-001,MARGIN,,[],False,{}
100000.00,0.00,100000.00,EUR,IDEALPRO-001,MARGIN,,[],False,{}
99999.46,0.00,99999.46,USD,IDEALPRO-001,MARGIN,,[],False,{}
100000.00,0.00,100000.00,EUR,IDEALPRO-001,MARGIN,,[],False,{}
99999.46,0.00,99999.46,USD,IDEALPRO-001,MARGIN,,[],False,{}
100000.00,0.00,100000.00,EUR,IDEALPRO-001,MARGIN,,[],False,{}
99999.46,0.00,99999.46,USD,IDEALPRO-001,MARGIN,,[],False,{}
100000.00,0.00,100000.00,EUR,IDEALPRO-001,MARGIN,,[],False,{}
99999.46,0.00,99999.46,USD,IDEALPRO-001,MARGIN,,[],False,{}
100000.00,0.00,100000.00,EUR,IDEALPRO-001,MARGIN,,[],False,{}
99999.46,2.33,99997.13,USD,IDEALPRO-001,MARGIN,,"[{'type': 'MarginBalance', 'initial': '0.00', 'maintenance': '2.33', 'currency': 'USD', 'instrument_id': 'EUR/USD.IDEALPRO'}]",False,{}
100000.00,0.00,100000.00,EUR,IDEALPRO-001,MARGIN,,"[{'type': 'MarginBalance', 'initial': '0.00', 'maintenance': '2.33', 'currency': 'USD', 'instrument_id': 'EUR/USD.IDEALPRO'}]",False,{}
99999.46,2.33,99997.13,USD,IDEALPRO-001,MARGIN,,"[{'type': 'MarginBalance', 'initial': '0.00', 'maintenance': '2.33', 'currency': 'USD', 'instrument_id': 'EUR/USD.IDEALPRO'}]",False,{}
100000.00,0.00,100000.00,EUR,IDEALPRO-001,MARGIN,,"[{'type': 'MarginBalance', 'initial': '0.00', 'maintenance': '2.33', 'currency': 'USD', 'instrument_id': 'EUR/USD.IDEALPRO'}]",False,{}
99999.46,2.33,99997.13,USD,IDEALPRO-001,MARGIN,,"[{'type': 'MarginBalance', 'initial': '0.00', 'maintenance': '2.33', 'currency': 'USD', 'instrument_id': 'EUR/USD.IDEALPRO'}]",False,{}
100000.00,0.00,100000.00,EUR,IDEALPRO-001,MARGIN,,"[{'type': 'MarginBalance', 'initial': '0.00', 'maintenance': '2.33', 'currency': 'USD', 'instrument_id': 'EUR/USD.IDEALPRO'}]",False,{}
99999.46,2.33,99997.13,USD,IDEALPRO-001,MARGIN,,"[{'type': 'MarginBalance', 'initial': '0.00', 'maintenance': '2.33', 'currency': 'USD', 'instrument_id': 'EUR/USD.IDEALPRO'}]",False,{}
100000.00,0.00,100000.00,EUR,IDEALPRO-001,MARGIN,,"[{'type': 'MarginBalance', 'initial': '0.00', 'maintenance': '2.33', 'currency': 'USD', 'instrument_id': 'EUR/USD.IDEALPRO'}]",False,{}
99999.41,0.00,99999.41,USD,IDEALPRO-001,MARGIN,,[],False,{}
100000.00,0.00,100000.00,EUR,IDEALPRO-001,MARGIN,,[],False,{}
99999.41,0.00,99999.41,USD,IDEALPRO-001,MARGIN,,[],False,{}
100000.00,0.00,100000.00,EUR,IDEALPRO-001,MARGIN,,[],False,{}
99999.41,0.00,99999.41,USD,IDEALPRO-001,MARGIN,,[],False,{}
100000.00,0.00,100000.00,EUR,IDEALPRO-001,MARGIN,,[],False,{}
99999.41,0.00,99999.41,USD,IDEALPRO-001,MARGIN,,[],False,{}
100000.00,0.00,100000.00,EUR,IDEALPRO-001,MARGIN,,[],False,{}
99999.41,0.00,99999.41,USD,IDEALPRO-001,MARGIN,,[],False,{}
100000.00,0.00,100000.00,EUR,IDEALPRO-001,MARGIN,,[],False,{}
99999.41,0.00,99999.41,USD,IDEALPRO-001,MARGIN,,[],False,{}
100000.00,0.00,100000.00,EUR,IDEALPRO-001,MARGIN,,[],False,{}
99999.41,2.33,99997.08,USD,IDEALPRO-001,MARGIN,,"[{'type': 'MarginBalance', 'initial': '0.00', 'maintenance': '2.33', 'currency': 'USD', 'instrument_id': 'EUR/USD.IDEALPRO'}]",False,{}
100000.00,0.00,100000.00,EUR,IDEALPRO-001,MARGIN,,"[{'type': 'MarginBalance', 'initial': '0.00', 'maintenance': '2.33', 'currency': 'USD', 'instrument_id': 'EUR/USD.IDEALPRO'}]",False,{}
99999.41,2.33,99997.08,USD,IDEALPRO-001,MARGIN,,"[{'type': 'MarginBalance', 'initial': '0.00', 'maintenance': '2.33', 'currency': 'USD', 'instrument_id': 'EUR/USD.IDEALPRO'}]",False,{}
100000.00,0.00,100000.00,EUR,IDEALPRO-001,MARGIN,,"[{'type': 'MarginBalance', 'initial': '0.00', 'maintenance': '2.33', 'currency': 'USD', 'instrument_id': 'EUR/USD.IDEALPRO'}]",False,{}
99999.41,2.33,99997.08,USD,IDEALPRO-001,MARGIN,,"[{'type': 'MarginBalance', 'initial': '0.00', 'maintenance': '2.33', 'currency': 'USD', 'instrument_id': 'EUR/USD.IDEALPRO'}]",False,{}
100000.00,0.00,100000.00,EUR,IDEALPRO-001,MARGIN,,"[{'type': 'MarginBalance', 'initial': '0.00', 'maintenance': '2.33', 'currency': 'USD', 'instrument_id': 'EUR/USD.IDEALPRO'}]",False,{}
99999.41,2.33,99997.08,USD,IDEALPRO-001,MARGIN,,"[{'type': 'MarginBalance', 'initial': '0.00', 'maintenance': '2.33', 'currency': 'USD', 'instrument_id': 'EUR/USD.IDEALPRO'}]",False,{}
100000.00,0.00,100000.00,EUR,IDEALPRO-001,MARGIN,,"[{'type': 'MarginBalance', 'initial': '0.00', 'maintenance': '2.33', 'currency': 'USD', 'instrument_id': 'EUR/USD.IDEALPRO'}]",False,{}
99999.38,0.00,99999.38,USD,IDEALPRO-001,MARGIN,,[],False,{}
100000.00,0.00,100000.00,EUR,IDEALPRO-001,MARGIN,,[],False,{}
99999.38,0.00,99999.38,USD,IDEALPRO-001,MARGIN,,[],False,{}
100000.00,0.00,100000.00,EUR,IDEALPRO-001,MARGIN,,[],False,{}
99999.38,0.00,99999.38,USD,IDEALPRO-001,MARGIN,,[],False,{}
100000.00,0.00,100000.00,EUR,IDEALPRO-001,MARGIN,,[],False,{}
99999.38,0.00,99999.38,USD,IDEALPRO-001,MARGIN,,[],False,{}
100000.00,0.00,100000.00,EUR,IDEALPRO-001,MARGIN,,[],False,{}
99999.38,0.00,99999.38,USD,IDEALPRO-001,MARGIN,,[],False,{}
100000.00,0.00,100000.00,EUR,IDEALPRO-001,MARGIN,,[],False,{}
99999.38,0.00,99999.38,USD,IDEALPRO-001,MARGIN,,[],False,{}
100000.00,0.00,100000.00,EUR,IDEALPRO-001,MARGIN,,[],False,{}
99999.38,2.33,99997.05,USD,IDEALPRO-001,MARGIN,,"[{'type': 'MarginBalance', 'initial': '0.00', 'maintenance': '2.33', 'currency': 'USD', 'instrument_id': 'EUR/USD.IDEALPRO'}]",False,{}
100000.00,0.00,100000.00,EUR,IDEALPRO-001,MARGIN,,"[{'type': 'MarginBalance', 'initial': '0.00', 'maintenance': '2.33', 'currency': 'USD', 'instrument_id': 'EUR/USD.IDEALPRO'}]",False,{}
99999.38,2.33,99997.05,USD,IDEALPRO-001,MARGIN,,"[{'type': 'MarginBalance', 'initial': '0.00', 'maintenance': '2.33', 'currency': 'USD', 'instrument_id': 'EUR/USD.IDEALPRO'}]",False,{}
100000.00,0.00,100000.00,EUR,IDEALPRO-001,MARGIN,,"[{'type': 'MarginBalance', 'initial': '0.00', 'maintenance': '2.33', 'currency': 'USD', 'instrument_id': 'EUR/USD.IDEALPRO'}]",False,{}
99999.38,2.33,99997.05,USD,IDEALPRO-001,MARGIN,,"[{'type': 'MarginBalance', 'initial': '0.00', 'maintenance': '2.33', 'currency': 'USD', 'instrument_id': 'EUR/USD.IDEALPRO'}]",False,{}
100000.00,0.00,100000.00,EUR,IDEALPRO-001,MARGIN,,"[{'type': 'MarginBalance', 'initial': '0.00', 'maintenance': '2.33', 'currency': 'USD', 'instrument_id': 'EUR/USD.IDEALPRO'}]",False,{}
99999.38,2.33,99997.05,USD,IDEALPRO-001,MARGIN,,"[{'type': 'MarginBalance', 'initial': '0.00', 'maintenance': '2.33', 'currency': 'USD', 'instrument_id': 'EUR/USD.IDEALPRO'}]",False,{}
100000.00,0.00,100000.00,EUR,IDEALPRO-001,MARGIN,,"[{'type': 'MarginBalance', 'initial': '0.00', 'maintenance': '2.33', 'currency': 'USD', 'instrument_id': 'EUR/USD.IDEALPRO'}]",False,{}
99999.36,0.00,99999.36,USD,IDEALPRO-001,MARGIN,,[],False,{}
100000.00,0.00,100000.00,EUR,IDEALPRO-001,MARGIN,,[],False,{}
99999.36,0.00,99999.36,USD,IDEALPRO-001,MARGIN,,[],False,{}
100000.00,0.00,100000.00,EUR,IDEALPRO-001,MARGIN,,[],False,{}
99999.36,0.00,99999.36,USD,IDEALPRO-001,MARGIN,,[],False,{}
100000.00,0.00,100000.00,EUR,IDEALPRO-001,MARGIN,,[],False,{}
99999.36,0.00,99999.36,USD,IDEALPRO-001,MARGIN,,[],False,{}
100000.00,0.00,100000.00,EUR,IDEALPRO-001,MARGIN,,[],False,{}
99999.36,0.00,99999.36,USD,IDEALPRO-001,MARGIN,,[],False,{}
100000.00,0.00,100000.00,EUR,IDEALPRO-001,MARGIN,,[],False,{}
99999.36,0.00,99999.36,USD,IDEALPRO-001,MARGIN,,[],False,{}
100000.00,0.00,100000.00,EUR,IDEALPRO-001,MARGIN,,[],False,{}
99999.36,2.33,99997.03,USD,IDEALPRO-001,MARGIN,,"[{'type': 'MarginBalance', 'initial': '0.00', 'maintenance': '2.33', 'currency': 'USD', 'instrument_id': 'EUR/USD.IDEALPRO'}]",False,{}
100000.00,0.00,100000.00,EUR,IDEALPRO-001,MARGIN,,"[{'type': 'MarginBalance', 'initial': '0.00', 'maintenance': '2.33', 'currency': 'USD', 'instrument_id': 'EUR/USD.IDEALPRO'}]",False,{}
99999.36,2.33,99997.03,USD,IDEALPRO-001,MARGIN,,"[{'type': 'MarginBalance', 'initial': '0.00', 'maintenance': '2.33', 'currency': 'USD', 'instrument_id': 'EUR/USD.IDEALPRO'}]",False,{}
100000.00,0.00,100000.00,EUR,IDEALPRO-001,MARGIN,,"[{'type': 'MarginBalance', 'initial': '0.00', 'maintenance': '2.33', 'currency': 'USD', 'instrument_id': 'EUR/USD.IDEALPRO'}]",False,{}
99999.36,2.33,99997.03,USD,IDEALPRO-001,MARGIN,,"[{'type': 'MarginBalance', 'initial': '0.00', 'maintenance': '2.33', 'currency': 'USD', 'instrument_id': 'EUR/USD.IDEALPRO'}]",False,{}
100000.00,0.00,100000.00,EUR,IDEALPRO-001,MARGIN,,"[{'type': 'MarginBalance', 'initial': '0.00', 'maintenance': '2.33', 'currency': 'USD', 'instrument_id': 'EUR/USD.IDEALPRO'}]",False,{}
99999.36,2.33,99997.03,USD,IDEALPRO-001,MARGIN,,"[{'type': 'MarginBalance', 'initial': '0.00', 'maintenance': '2.33', 'currency': 'USD', 'instrument_id': 'EUR/USD.IDEALPRO'}]",False,{}
100000.00,0.00,100000.00,EUR,IDEALPRO-001,MARGIN,,"[{'type': 'MarginBalance', 'initial': '0.00', 'maintenance': '2.33', 'currency': 'USD', 'instrument_id': 'EUR/USD.IDEALPRO'}]",False,{}
99999.37,0.00,99999.37,USD,IDEALPRO-001,MARGIN,,[],False,{}
100000.00,0.00,100000.00,EUR,IDEALPRO-001,MARGIN,,[],False,{}
99999.37,0.00,99999.37,USD,IDEALPRO-001,MARGIN,,[],False,{}
100000.00,0.00,100000.00,EUR,IDEALPRO-001,MARGIN,,[],False,{}
99999.37,0.00,99999.37,USD,IDEALPRO-001,MARGIN,,[],False,{}
100000.00,0.00,100000.00,EUR,IDEALPRO-001,MARGIN,,[],False,{}
99999.37,0.00,99999.37,USD,IDEALPRO-001,MARGIN,,[],False,{}
100000.00,0.00,100000.00,EUR,IDEALPRO-001,MARGIN,,[],False,{}
99999.37,0.00,99999.37,USD,IDEALPRO-001,MARGIN,,[],False,{}
100000.00,0.00,100000.00,EUR,IDEALPRO-001,MARGIN,,[],False,{}
99999.37,0.00,99999.37,USD,IDEALPRO-001,MARGIN,,[],False,{}
100000.00,0.00,100000.00,EUR,IDEALPRO-001,MARGIN,,[],False,{}
99999.37,2.33,99997.04,USD,IDEALPRO-001,MARGIN,,"[{'type': 'MarginBalance', 'initial': '0.00', 'maintenance': '2.33', 'currency': 'USD', 'instrument_id': 'EUR/USD.IDEALPRO'}]",False,{}
100000.00,0.00,100000.00,EUR,IDEALPRO-001,MARGIN,,"[{'type': 'MarginBalance', 'initial': '0.00', 'maintenance': '2.33', 'currency': 'USD', 'instrument_id': 'EUR/USD.IDEALPRO'}]",False,{}
99999.37,2.33,99997.04,USD,IDEALPRO-001,MARGIN,,"[{'type': 'MarginBalance', 'initial': '0.00', 'maintenance': '2.33', 'currency': 'USD', 'instrument_id': 'EUR/USD.IDEALPRO'}]",False,{}
100000.00,0.00,100000.00,EUR,IDEALPRO-001,MARGIN,,"[{'type': 'MarginBalance', 'initial': '0.00', 'maintenance': '2.33', 'currency': 'USD', 'instrument_id': 'EUR/USD.IDEALPRO'}]",False,{}
99999.37,2.33,99997.04,USD,IDEALPRO-001,MARGIN,,"[{'type': 'MarginBalance', 'initial': '0.00', 'maintenance': '2.33', 'currency': 'USD', 'instrument_id': 'EUR/USD.IDEALPRO'}]",False,{}
100000.00,0.00,100000.00,EUR,IDEALPRO-001,MARGIN,,"[{'type': 'MarginBalance', 'initial': '0.00', 'maintenance': '2.33', 'currency': 'USD', 'instrument_id': 'EUR/USD.IDEALPRO'}]",False,{}
99999.37,2.33,99997.04,USD,IDEALPRO-001,MARGIN,,"[{'type': 'MarginBalance', 'initial': '0.00', 'maintenance': '2.33', 'currency': 'USD', 'instrument_id': 'EUR/USD.IDEALPRO'}]",False,{}
100000.00,0.00,100000.00,EUR,IDEALPRO-001,MARGIN,,"[{'type': 'MarginBalance', 'initial': '0.00', 'maintenance': '2.33', 'currency': 'USD', 'instrument_id': 'EUR/USD.IDEALPRO'}]",False,{}
99999.33,0.00,99999.33,USD,IDEALPRO-001,MARGIN,,[],False,{}
100000.00,0.00,100000.00,EUR,IDEALPRO-001,MARGIN,,[],False,{}
99999.33,0.00,99999.33,USD,IDEALPRO-001,MARGIN,,[],False,{}
100000.00,0.00,100000.00,EUR,IDEALPRO-001,MARGIN,,[],False,{}
99999.33,0.00,99999.33,USD,IDEALPRO-001,MARGIN,,[],False,{}
100000.00,0.00,100000.00,EUR,IDEALPRO-001,MARGIN,,[],False,{}
99999.33,0.00,99999.33,USD,IDEALPRO-001,MARGIN,,[],False,{}
100000.00,0.00,100000.00,EUR,IDEALPRO-001,MARGIN,,[],False,{}
99999.33,0.00,99999.33,USD,IDEALPRO-001,MARGIN,,[],False,{}
100000.00,0.00,100000.00,EUR,IDEALPRO-001,MARGIN,,[],False,{}
99999.33,0.00,99999.33,USD,IDEALPRO-001,MARGIN,,[],False,{}
100000.00,0.00,100000.00,EUR,IDEALPRO-001,MARGIN,,[],False,{}
99999.33,2.32,99997.01,USD,IDEALPRO-001,MARGIN,,"[{'type': 'MarginBalance', 'initial': '0.00', 'maintenance': '2.32', 'currency': 'USD', 'instrument_id': 'EUR/USD.IDEALPRO'}]",False,{}
100000.00,0.00,100000.00,EUR,IDEALPRO-001,MARGIN,,"[{'type': 'MarginBalance', 'initial': '0.00', 'maintenance': '2.32', 'currency': 'USD', 'instrument_id': 'EUR/USD.IDEALPRO'}]",False,{}
99999.33,2.32,99997.01,USD,IDEALPRO-001,MARGIN,,"[{'type': 'MarginBalance', 'initial': '0.00', 'maintenance': '2.32', 'currency': 'USD', 'instrument_id': 'EUR/USD.IDEALPRO'}]",False,{}
100000.00,0.00,100000.00,EUR,IDEALPRO-001,MARGIN,,"[{'type': 'MarginBalance', 'initial': '0.00', 'maintenance': '2.32', 'currency': 'USD', 'instrument_id': 'EUR/USD.IDEALPRO'}]",False,{}
99999.33,2.32,99997.01,USD,IDEALPRO-001,MARGIN,,"[{'type': 'MarginBalance', 'initial': '0.00', 'maintenance': '2.32', 'currency': 'USD', 'instrument_id': 'EUR/USD.IDEALPRO'}]",False,{}
100000.00,0.00,100000.00,EUR,IDEALPRO-001,MARGIN,,"[{'type': 'MarginBalance', 'initial': '0.00', 'maintenance': '2.32', 'currency': 'USD', 'instrument_id': 'EUR/USD.IDEALPRO'}]",False,{}
99999.33,2.32,99997.01,USD,IDEALPRO-001,MARGIN,,"[{'type': 'MarginBalance', 'initial': '0.00', 'maintenance': '2.32', 'currency': 'USD', 'instrument_id': 'EUR/USD.IDEALPRO'}]",False,{}
100000.00,0.00,100000.00,EUR,IDEALPRO-001,MARGIN,,"[{'type': 'MarginBalance', 'initial': '0.00', 'maintenance': '2.32', 'currency': 'USD', 'instrument_id': 'EUR/USD.IDEALPRO'}]",False,{}
99999.31,0.00,99999.31,USD,IDEALPRO-001,MARGIN,,[],False,{}
100000.00,0.00,100000.00,EUR,IDEALPRO-001,MARGIN,,[],False,{}
99999.31,0.00,99999.31,USD,IDEALPRO-001,MARGIN,,[],False,{}
100000.00,0.00,100000.00,EUR,IDEALPRO-001,MARGIN,,[],False,{}
99999.31,0.00,99999.31,USD,IDEALPRO-001,MARGIN,,[],False,{}
100000.00,0.00,100000.00,EUR,IDEALPRO-001,MARGIN,,[],False,{}
99999.31,0.00,99999.31,USD,IDEALPRO-001,MARGIN,,[],False,{}
100000.00,0.00,100000.00,EUR,IDEALPRO-001,MARGIN,,[],False,{}
99999.31,0.00,99999.31,USD,IDEALPRO-001,MARGIN,,[],False,{}
100000.00,0.00,100000.00,EUR,IDEALPRO-001,MARGIN,,[],False,{}
99999.31,0.00,99999.31,USD,IDEALPRO-001,MARGIN,,[],False,{}
100000.00,0.00,100000.00,EUR,IDEALPRO-001,MARGIN,,[],False,{}
99999.31,2.32,99996.99,USD,IDEALPRO-001,MARGIN,,"[{'type': 'MarginBalance', 'initial': '0.00', 'maintenance': '2.32', 'currency': 'USD', 'instrument_id': 'EUR/USD.IDEALPRO'}]",False,{}
100000.00,0.00,100000.00,EUR,IDEALPRO-001,MARGIN,,"[{'type': 'MarginBalance', 'initial': '0.00', 'maintenance': '2.32', 'currency': 'USD', 'instrument_id': 'EUR/USD.IDEALPRO'}]",False,{}
99999.31,2.32,99996.99,USD,IDEALPRO-001,MARGIN,,"[{'type': 'MarginBalance', 'initial': '0.00', 'maintenance': '2.32', 'currency': 'USD', 'instrument_id': 'EUR/USD.IDEALPRO'}]",False,{}
100000.00,0.00,100000.00,EUR,IDEALPRO-001,MARGIN,,"[{'type': 'MarginBalance', 'initial': '0.00', 'maintenance': '2.32', 'currency': 'USD', 'instrument_id': 'EUR/USD.IDEALPRO'}]",False,{}
99999.31,2.32,99996.99,USD,IDEALPRO-001,MARGIN,,"[{'type': 'MarginBalance', 'initial': '0.00', 'maintenance': '2.32', 'currency': 'USD', 'instrument_id': 'EUR/USD.IDEALPRO'}]",False,{}
100000.00,0.00,100000.00,EUR,IDEALPRO-001,MARGIN,,"[{'type': 'MarginBalance', 'initial': '0.00', 'maintenance': '2.32', 'currency': 'USD', 'instrument_id': 'EUR/USD.IDEALPRO'}]",False,{}
99999.25,0.00,99999.25,USD,IDEALPRO-001,MARGIN,,[],False,{}
100000.00,0.00,100000.00,EUR,IDEALPRO-001,MARGIN,,[],False,{}
99999.25,0.00,99999.25,USD,IDEALPRO-001,MARGIN,,[],False,{}
100000.00,0.00,100000.00,EUR,IDEALPRO-001,MARGIN,,[],False,{}
99999.25,0.00,99999.25,USD,IDEALPRO-001,MARGIN,,[],False,{}
100000.00,0.00,100000.00,EUR,IDEALPRO-001,MARGIN,,[],False,{}
99999.25,0.00,99999.25,USD,IDEALPRO-001,MARGIN,,[],False,{}
100000.00,0.00,100000.00,EUR,IDEALPRO-001,MARGIN,,[],False,{}
99999.25,0.00,99999.25,USD,IDEALPRO-001,MARGIN,,[],False,{}
100000.00,0.00,100000.00,EUR,IDEALPRO-001,MARGIN,,[],False,{}
99999.25,2.33,99996.92,USD,IDEALPRO-001,MARGIN,,"[{'type': 'MarginBalance', 'initial': '0.00', 'maintenance': '2.33', 'currency': 'USD', 'instrument_id': 'EUR/USD.IDEALPRO'}]",False,{}
100000.00,0.00,100000.00,EUR,IDEALPRO-001,MARGIN,,"[{'type': 'MarginBalance', 'initial': '0.00', 'maintenance': '2.33', 'currency': 'USD', 'instrument_id': 'EUR/USD.IDEALPRO'}]",False,{}
99999.25,2.33,99996.92,USD,IDEALPRO-001,MARGIN,,"[{'type': 'MarginBalance', 'initial': '0.00', 'maintenance': '2.33', 'currency': 'USD', 'instrument_id': 'EUR/USD.IDEALPRO'}]",False,{}
100000.00,0.00,100000.00,EUR,IDEALPRO-001,MARGIN,,"[{'type': 'MarginBalance', 'initial': '0.00', 'maintenance': '2.33', 'currency': 'USD', 'instrument_id': 'EUR/USD.IDEALPRO'}]",False,{}
99999.25,2.33,99996.92,USD,IDEALPRO-001,MARGIN,,"[{'type': 'MarginBalance', 'initial': '0.00', 'maintenance': '2.33', 'currency': 'USD', 'instrument_id': 'EUR/USD.IDEALPRO'}]",False,{}
100000.00,0.00,100000.00,EUR,IDEALPRO-001,MARGIN,,"[{'type': 'MarginBalance', 'initial': '0.00', 'maintenance': '2.33', 'currency': 'USD', 'instrument_id': 'EUR/USD.IDEALPRO'}]",False,{}
99999.19,0.00,99999.19,USD,IDEALPRO-001,MARGIN,,[],False,{}
100000.00,0.00,100000.00,EUR,IDEALPRO-001,MARGIN,,[],False,{}
99999.19,0.00,99999.19,USD,IDEALPRO-001,MARGIN,,[],False,{}
100000.00,0.00,100000.00,EUR,IDEALPRO-001,MARGIN,,[],False,{}
99999.19,0.00,99999.19,USD,IDEALPRO-001,MARGIN,,[],False,{}
100000.00,0.00,100000.00,EUR,IDEALPRO-001,MARGIN,,[],False,{}
99999.19,0.00,99999.19,USD,IDEALPRO-001,MARGIN,,[],False,{}
100000.00,0.00,100000.00,EUR,IDEALPRO-001,MARGIN,,[],False,{}
99999.19,0.00,99999.19,USD,IDEALPRO-001,MARGIN,,[],False,{}
100000.00,0.00,100000.00,EUR,IDEALPRO-001,MARGIN,,[],False,{}
99999.19,2.33,99996.86,USD,IDEALPRO-001,MARGIN,,"[{'type': 'MarginBalance', 'initial': '0.00', 'maintenance': '2.33', 'currency': 'USD', 'instrument_id': 'EUR/USD.IDEALPRO'}]",False,{}
100000.00,0.00,100000.00,EUR,IDEALPRO-001,MARGIN,,"[{'type': 'MarginBalance', 'initial': '0.00', 'maintenance': '2.33', 'currency': 'USD', 'instrument_id': 'EUR/USD.IDEALPRO'}]",False,{}
99999.19,2.33,99996.86,USD,IDEALPRO-001,MARGIN,,"[{'type': 'MarginBalance', 'initial': '0.00', 'maintenance': '2.33', 'currency': 'USD', 'instrument_id': 'EUR/USD.IDEALPRO'}]",False,{}
100000.00,0.00,100000.00,EUR,IDEALPRO-001,MARGIN,,"[{'type': 'MarginBalance', 'initial': '0.00', 'maintenance': '2.33', 'currency': 'USD', 'instrument_id': 'EUR/USD.IDEALPRO'}]",False,{}
99999.19,2.33,99996.86,USD,IDEALPRO-001,MARGIN,,"[{'type': 'MarginBalance', 'initial': '0.00', 'maintenance': '2.33', 'currency': 'USD', 'instrument_id': 'EUR/USD.IDEALPRO'}]",False,{}
100000.00,0.00,100000.00,EUR,IDEALPRO-001,MARGIN,,"[{'type': 'MarginBalance', 'initial': '0.00', 'maintenance': '2.33', 'currency': 'USD', 'instrument_id': 'EUR/USD.IDEALPRO'}]",False,{}
99999.19,2.33,99996.86,USD,IDEALPRO-001,MARGIN,,"[{'type': 'MarginBalance', 'initial': '0.00', 'maintenance': '2.33', 'currency': 'USD', 'instrument_id': 'EUR/USD.IDEALPRO'}]",False,{}
100000.00,0.00,100000.00,EUR,IDEALPRO-001,MARGIN,,"[{'type': 'MarginBalance', 'initial': '0.00', 'maintenance': '2.33', 'currency': 'USD', 'instrument_id': 'EUR/USD.IDEALPRO'}]",False,{}
99999.20,0.00,99999.20,USD,IDEALPRO-001,MARGIN,,[],False,{}
100000.00,0.00,100000.00,EUR,IDEALPRO-001,MARGIN,,[],False,{}
99999.20,0.00,99999.20,USD,IDEALPRO-001,MARGIN,,[],False,{}
100000.00,0.00,100000.00,EUR,IDEALPRO-001,MARGIN,,[],False,{}
99999.20,0.00,99999.20,USD,IDEALPRO-001,MARGIN,,[],False,{}
100000.00,0.00,100000.00,EUR,IDEALPRO-001,MARGIN,,[],False,{}
99999.20,0.00,99999.20,USD,IDEALPRO-001,MARGIN,,[],False,{}
100000.00,0.00,100000.00,EUR,IDEALPRO-001,MARGIN,,[],False,{}
99999.20,0.00,99999.20,USD,IDEALPRO-001,MARGIN,,[],False,{}
100000.00,0.00,100000.00,EUR,IDEALPRO-001,MARGIN,,[],False,{}
99999.20,0.00,99999.20,USD,IDEALPRO-001,MARGIN,,[],False,{}
100000.00,0.00,100000.00,EUR,IDEALPRO-001,MARGIN,,[],False,{}
99999.20,2.33,99996.87,USD,IDEALPRO-001,MARGIN,,"[{'type': 'MarginBalance', 'initial': '0.00', 'maintenance': '2.33', 'currency': 'USD', 'instrument_id': 'EUR/USD.IDEALPRO'}]",False,{}
100000.00,0.00,100000.00,EUR,IDEALPRO-001,MARGIN,,"[{'type': 'MarginBalance', 'initial': '0.00', 'maintenance': '2.33', 'currency': 'USD', 'instrument_id': 'EUR/USD.IDEALPRO'}]",False,{}
99999.20,2.33,99996.87,USD,IDEALPRO-001,MARGIN,,"[{'type': 'MarginBalance', 'initial': '0.00', 'maintenance': '2.33', 'currency': 'USD', 'instrument_id': 'EUR/USD.IDEALPRO'}]",False,{}
100000.00,0.00,100000.00,EUR,IDEALPRO-001,MARGIN,,"[{'type': 'MarginBalance', 'initial': '0.00', 'maintenance': '2.33', 'currency': 'USD', 'instrument_id': 'EUR/USD.IDEALPRO'}]",False,{}
99999.20,2.33,99996.87,USD,IDEALPRO-001,MARGIN,,"[{'type': 'MarginBalance', 'initial': '0.00', 'maintenance': '2.33', 'currency': 'USD', 'instrument_id': 'EUR/USD.IDEALPRO'}]",False,{}
100000.00,0.00,100000.00,EUR,IDEALPRO-001,MARGIN,,"[{'type': 'MarginBalance', 'initial': '0.00', 'maintenance': '2.33', 'currency': 'USD', 'instrument_id': 'EUR/USD.IDEALPRO'}]",False,{}
99999.20,2.33,99996.87,USD,IDEALPRO-001,MARGIN,,"[{'type': 'MarginBalance', 'initial': '0.00', 'maintenance': '2.33', 'currency': 'USD', 'instrument_id': 'EUR/USD.IDEALPRO'}]",False,{}
100000.00,0.00,100000.00,EUR,IDEALPRO-001,MARGIN,,"[{'type': 'MarginBalance', 'initial': '0.00', 'maintenance': '2.33', 'currency': 'USD', 'instrument_id': 'EUR/USD.IDEALPRO'}]",False,{}
99999.20,0.00,99999.20,USD,IDEALPRO-001,MARGIN,,[],False,{}
100000.00,0.00,100000.00,EUR,IDEALPRO-001,MARGIN,,[],False,{}
99999.20,0.00,99999.20,USD,IDEALPRO-001,MARGIN,,[],False,{}
100000.00,0.00,100000.00,EUR,IDEALPRO-001,MARGIN,,[],False,{}
99999.20,0.00,99999.20,USD,IDEALPRO-001,MARGIN,,[],False,{}
100000.00,0.00,100000.00,EUR,IDEALPRO-001,MARGIN,,[],False,{}
99999.20,0.00,99999.20,USD,IDEALPRO-001,MARGIN,,[],False,{}
100000.00,0.00,100000.00,EUR,IDEALPRO-001,MARGIN,,[],False,{}
99999.20,0.00,99999.20,USD,IDEALPRO-001,MARGIN,,[],False,{}
100000.00,0.00,100000.00,EUR,IDEALPRO-001,MARGIN,,[],False,{}
99999.20,0.00,99999.20,USD,IDEALPRO-001,MARGIN,,[],False,{}
100000.00,0.00,100000.00,EUR,IDEALPRO-001,MARGIN,,[],False,{}
99999.20,2.33,99996.87,USD,IDEALPRO-001,MARGIN,,"[{'type': 'MarginBalance', 'initial': '0.00', 'maintenance': '2.33', 'currency': 'USD', 'instrument_id': 'EUR/USD.IDEALPRO'}]",False,{}
100000.00,0.00,100000.00,EUR,IDEALPRO-001,MARGIN,,"[{'type': 'MarginBalance', 'initial': '0.00', 'maintenance': '2.33', 'currency': 'USD', 'instrument_id': 'EUR/USD.IDEALPRO'}]",False,{}
99999.20,2.33,99996.87,USD,IDEALPRO-001,MARGIN,,"[{'type': 'MarginBalance', 'initial': '0.00', 'maintenance': '2.33', 'currency': 'USD', 'instrument_id': 'EUR/USD.IDEALPRO'}]",False,{}
100000.00,0.00,100000.00,EUR,IDEALPRO-001,MARGIN,,"[{'type': 'MarginBalance', 'initial': '0.00', 'maintenance': '2.33', 'currency': 'USD', 'instrument_id': 'EUR/USD.IDEALPRO'}]",False,{}
99999.20,2.33,99996.87,USD,IDEALPRO-001,MARGIN,,"[{'type': 'MarginBalance', 'initial': '0.00', 'maintenance': '2.33', 'currency': 'USD', 'instrument_id': 'EUR/USD.IDEALPRO'}]",False,{}
100000.00,0.00,100000.00,EUR,IDEALPRO-001,MARGIN,,"[{'type': 'MarginBalance', 'initial': '0.00', 'maintenance': '2.33', 'currency': 'USD', 'instrument_id': 'EUR/USD.IDEALPRO'}]",False,{}
99999.20,2.33,99996.87,USD,IDEALPRO-001,MARGIN,,"[{'type': 'MarginBalance', 'initial': '0.00', 'maintenance': '2.33', 'currency': 'USD', 'instrument_id': 'EUR/USD.IDEALPRO'}]",False,{}
100000.00,0.00,100000.00,EUR,IDEALPRO-001,MARGIN,,"[{'type': 'MarginBalance', 'initial': '0.00', 'maintenance': '2.33', 'currency': 'USD', 'instrument_id': 'EUR/USD.IDEALPRO'}]",False,{}
99999.15,0.00,99999.15,USD,IDEALPRO-001,MARGIN,,[],False,{}
100000.00,0.00,100000.00,EUR,IDEALPRO-001,MARGIN,,[],False,{}
99999.15,0.00,99999.15,USD,IDEALPRO-001,MARGIN,,[],False,{}
100000.00,0.00,100000.00,EUR,IDEALPRO-001,MARGIN,,[],False,{}
99999.15,0.00,99999.15,USD,IDEALPRO-001,MARGIN,,[],False,{}
100000.00,0.00,100000.00,EUR,IDEALPRO-001,MARGIN,,[],False,{}
99999.15,0.00,99999.15,USD,IDEALPRO-001,MARGIN,,[],False,{}
100000.00,0.00,100000.00,EUR,IDEALPRO-001,MARGIN,,[],False,{}
99999.15,0.00,99999.15,USD,IDEALPRO-001,MARGIN,,[],False,{}
100000.00,0.00,100000.00,EUR,IDEALPRO-001,MARGIN,,[],False,{}
99999.15,0.00,99999.15,USD,IDEALPRO-001,MARGIN,,[],False,{}
100000.00,0.00,100000.00,EUR,IDEALPRO-001,MARGIN,,[],False,{}
99999.15,2.33,99996.82,USD,IDEALPRO-001,MARGIN,,"[{'type': 'MarginBalance', 'initial': '0.00', 'maintenance': '2.33', 'currency': 'USD', 'instrument_id': 'EUR/USD.IDEALPRO'}]",False,{}
100000.00,0.00,100000.00,EUR,IDEALPRO-001,MARGIN,,"[{'type': 'MarginBalance', 'initial': '0.00', 'maintenance': '2.33', 'currency': 'USD', 'instrument_id': 'EUR/USD.IDEALPRO'}]",False,{}
99999.15,2.33,99996.82,USD,IDEALPRO-001,MARGIN,,"[{'type': 'MarginBalance', 'initial': '0.00', 'maintenance': '2.33', 'currency': 'USD', 'instrument_id': 'EUR/USD.IDEALPRO'}]",False,{}
100000.00,0.00,100000.00,EUR,IDEALPRO-001,MARGIN,,"[{'type': 'MarginBalance', 'initial': '0.00', 'maintenance': '2.33', 'currency': 'USD', 'instrument_id': 'EUR/USD.IDEALPRO'}]",False,{}
99999.15,2.33,99996.82,USD,IDEALPRO-001,MARGIN,,"[{'type': 'MarginBalance', 'initial': '0.00', 'maintenance': '2.33', 'currency': 'USD', 'instrument_id': 'EUR/USD.IDEALPRO'}]",False,{}
100000.00,0.00,100000.00,EUR,IDEALPRO-001,MARGIN,,"[{'type': 'MarginBalance', 'initial': '0.00', 'maintenance': '2.33', 'currency': 'USD', 'instrument_id': 'EUR/USD.IDEALPRO'}]",False,{}
99999.15,2.33,99996.82,USD,IDEALPRO-001,MARGIN,,"[{'type': 'MarginBalance', 'initial': '0.00', 'maintenance': '2.33', 'currency': 'USD', 'instrument_id': 'EUR/USD.IDEALPRO'}]",False,{}
100000.00,0.00,100000.00,EUR,IDEALPRO-001,MARGIN,,"[{'type': 'MarginBalance', 'initial': '0.00', 'maintenance': '2.33', 'currency': 'USD', 'instrument_id': 'EUR/USD.IDEALPRO'}]",False,{}
99999.18,0.00,99999.18,USD,IDEALPRO-001,MARGIN,,[],False,{}
100000.00,0.00,100000.00,EUR,IDEALPRO-001,MARGIN,,[],False,{}
99999.18,0.00,99999.18,USD,IDEALPRO-001,MARGIN,,[],False,{}
100000.00,0.00,100000.00,EUR,IDEALPRO-001,MARGIN,,[],False,{}
99999.18,0.00,99999.18,USD,IDEALPRO-001,MARGIN,,[],False,{}
100000.00,0.00,100000.00,EUR,IDEALPRO-001,MARGIN,,[],False,{}
99999.18,0.00,99999.18,USD,IDEALPRO-001,MARGIN,,[],False,{}
100000.00,0.00,100000.00,EUR,IDEALPRO-001,MARGIN,,[],False,{}
99999.18,0.00,99999.18,USD,IDEALPRO-001,MARGIN,,[],False,{}
100000.00,0.00,100000.00,EUR,IDEALPRO-001,MARGIN,,[],False,{}
99999.18,0.00,99999.18,USD,IDEALPRO-001,MARGIN,,[],False,{}
100000.00,0.00,100000.00,EUR,IDEALPRO-001,MARGIN,,[],False,{}
99999.18,2.33,99996.85,USD,IDEALPRO-001,MARGIN,,"[{'type': 'MarginBalance', 'initial': '0.00', 'maintenance': '2.33', 'currency': 'USD', 'instrument_id': 'EUR/USD.IDEALPRO'}]",False,{}
100000.00,0.00,100000.00,EUR,IDEALPRO-001,MARGIN,,"[{'type': 'MarginBalance', 'initial': '0.00', 'maintenance': '2.33', 'currency': 'USD', 'instrument_id': 'EUR/USD.IDEALPRO'}]",False,{}
99999.18,2.33,99996.85,USD,IDEALPRO-001,MARGIN,,"[{'type': 'MarginBalance', 'initial': '0.00', 'maintenance': '2.33', 'currency': 'USD', 'instrument_id': 'EUR/USD.IDEALPRO'}]",False,{}
100000.00,0.00,100000.00,EUR,IDEALPRO-001,MARGIN,,"[{'type': 'MarginBalance', 'initial': '0.00', 'maintenance': '2.33', 'currency': 'USD', 'instrument_id': 'EUR/USD.IDEALPRO'}]",False,{}
99999.18,2.33,99996.85,USD,IDEALPRO-001,MARGIN,,"[{'type': 'MarginBalance', 'initial': '0.00', 'maintenance': '2.33', 'currency': 'USD', 'instrument_id': 'EUR/USD.IDEALPRO'}]",False,{}
100000.00,0.00,100000.00,EUR,IDEALPRO-001,MARGIN,,"[{'type': 'MarginBalance', 'initial': '0.00', 'maintenance': '2.33', 'currency': 'USD', 'instrument_id': 'EUR/USD.IDEALPRO'}]",False,{}
99999.18,2.33,99996.85,USD,IDEALPRO-001,MARGIN,,"[{'type': 'MarginBalance', 'initial': '0.00', 'maintenance': '2.33', 'currency': 'USD', 'instrument_id': 'EUR/USD.IDEALPRO'}]",False,{}
100000.00,0.00,100000.00,EUR,IDEALPRO-001,MARGIN,,"[{'type': 'MarginBalance', 'initial': '0.00', 'maintenance': '2.33', 'currency': 'USD', 'instrument_id': 'EUR/USD.IDEALPRO'}]",False,{}
99999.16,0.00,99999.16,USD,IDEALPRO-001,MARGIN,,[],False,{}
100000.00,0.00,100000.00,EUR,IDEALPRO-001,MARGIN,,[],False,{}
99999.16,0.00,99999.16,USD,IDEALPRO-001,MARGIN,,[],False,{}
100000.00,0.00,100000.00,EUR,IDEALPRO-001,MARGIN,,[],False,{}
99999.16,0.00,99999.16,USD,IDEALPRO-001,MARGIN,,[],False,{}
100000.00,0.00,100000.00,EUR,IDEALPRO-001,MARGIN,,[],False,{}
99999.16,0.00,99999.16,USD,IDEALPRO-001,MARGIN,,[],False,{}
100000.00,0.00,100000.00,EUR,IDEALPRO-001,MARGIN,,[],False,{}
99999.16,0.00,99999.16,USD,IDEALPRO-001,MARGIN,,[],False,{}
100000.00,0.00,100000.00,EUR,IDEALPRO-001,MARGIN,,[],False,{}
99999.16,0.00,99999.16,USD,IDEALPRO-001,MARGIN,,[],False,{}
100000.00,0.00,100000.00,EUR,IDEALPRO-001,MARGIN,,[],False,{}
99999.16,2.33,99996.83,USD,IDEALPRO-001,MARGIN,,"[{'type': 'MarginBalance', 'initial': '0.00', 'maintenance': '2.33', 'currency': 'USD', 'instrument_id': 'EUR/USD.IDEALPRO'}]",False,{}
100000.00,0.00,100000.00,EUR,IDEALPRO-001,MARGIN,,"[{'type': 'MarginBalance', 'initial': '0.00', 'maintenance': '2.33', 'currency': 'USD', 'instrument_id': 'EUR/USD.IDEALPRO'}]",False,{}
99999.16,2.33,99996.83,USD,IDEALPRO-001,MARGIN,,"[{'type': 'MarginBalance', 'initial': '0.00', 'maintenance': '2.33', 'currency': 'USD', 'instrument_id': 'EUR/USD.IDEALPRO'}]",False,{}
100000.00,0.00,100000.00,EUR,IDEALPRO-001,MARGIN,,"[{'type': 'MarginBalance', 'initial': '0.00', 'maintenance': '2.33', 'currency': 'USD', 'instrument_id': 'EUR/USD.IDEALPRO'}]",False,{}
99999.16,2.33,99996.83,USD,IDEALPRO-001,MARGIN,,"[{'type': 'MarginBalance', 'initial': '0.00', 'maintenance': '2.33', 'currency': 'USD', 'instrument_id': 'EUR/USD.IDEALPRO'}]",False,{}
100000.00,0.00,100000.00,EUR,IDEALPRO-001,MARGIN,,"[{'type': 'MarginBalance', 'initial': '0.00', 'maintenance': '2.33', 'currency': 'USD', 'instrument_id': 'EUR/USD.IDEALPRO'}]",False,{}
99999.10,0.00,99999.10,USD,IDEALPRO-001,MARGIN,,[],False,{}
100000.00,0.00,100000.00,EUR,IDEALPRO-001,MARGIN,,[],False,{}
99999.10,0.00,99999.10,USD,IDEALPRO-001,MARGIN,,[],False,{}
100000.00,0.00,100000.00,EUR,IDEALPRO-001,MARGIN,,[],False,{}
99999.10,0.00,99999.10,USD,IDEALPRO-001,MARGIN,,[],False,{}
100000.00,0.00,100000.00,EUR,IDEALPRO-001,MARGIN,,[],False,{}
99999.10,0.00,99999.10,USD,IDEALPRO-001,MARGIN,,[],False,{}
100000.00,0.00,100000.00,EUR,IDEALPRO-001,MARGIN,,[],False,{}
99999.10,0.00,99999.10,USD,IDEALPRO-001,MARGIN,,[],False,{}
100000.00,0.00,100000.00,EUR,IDEALPRO-001,MARGIN,,[],False,{}
99999.10,2.33,99996.77,USD,IDEALPRO-001,MARGIN,,"[{'type': 'MarginBalance', 'initial': '0.00', 'maintenance': '2.33', 'currency': 'USD', 'instrument_id': 'EUR/USD.IDEALPRO'}]",False,{}
100000.00,0.00,100000.00,EUR,IDEALPRO-001,MARGIN,,"[{'type': 'MarginBalance', 'initial': '0.00', 'maintenance': '2.33', 'currency': 'USD', 'instrument_id': 'EUR/USD.IDEALPRO'}]",False,{}
99999.10,2.33,99996.77,USD,IDEALPRO-001,MARGIN,,"[{'type': 'MarginBalance', 'initial': '0.00', 'maintenance': '2.33', 'currency': 'USD', 'instrument_id': 'EUR/USD.IDEALPRO'}]",False,{}
100000.00,0.00,100000.00,EUR,IDEALPRO-001,MARGIN,,"[{'type': 'MarginBalance', 'initial': '0.00', 'maintenance': '2.33', 'currency': 'USD', 'instrument_id': 'EUR/USD.IDEALPRO'}]",False,{}
99999.10,2.33,99996.77,USD,IDEALPRO-001,MARGIN,,"[{'type': 'MarginBalance', 'initial': '0.00', 'maintenance': '2.33', 'currency': 'USD', 'instrument_id': 'EUR/USD.IDEALPRO'}]",False,{}
100000.00,0.00,100000.00,EUR,IDEALPRO-001,MARGIN,,"[{'type': 'MarginBalance', 'initial': '0.00', 'maintenance': '2.33', 'currency': 'USD', 'instrument_id': 'EUR/USD.IDEALPRO'}]",False,{}
99999.10,2.33,99996.77,USD,IDEALPRO-001,MARGIN,,"[{'type': 'MarginBalance', 'initial': '0.00', 'maintenance': '2.33', 'currency': 'USD', 'instrument_id': 'EUR/USD.IDEALPRO'}]",False,{}
100000.00,0.00,100000.00,EUR,IDEALPRO-001,MARGIN,,"[{'type': 'MarginBalance', 'initial': '0.00', 'maintenance': '2.33', 'currency': 'USD', 'instrument_id': 'EUR/USD.IDEALPRO'}]",False,{}
99999.09,0.00,99999.09,USD,IDEALPRO-001,MARGIN,,[],False,{}
100000.00,0.00,100000.00,EUR,IDEALPRO-001,MARGIN,,[],False,{}
99999.09,0.00,99999.09,USD,IDEALPRO-001,MARGIN,,[],False,{}
100000.00,0.00,100000.00,EUR,IDEALPRO-001,MARGIN,,[],False,{}
99999.09,0.00,99999.09,USD,IDEALPRO-001,MARGIN,,[],False,{}
100000.00,0.00,100000.00,EUR,IDEALPRO-001,MARGIN,,[],False,{}
99999.09,0.00,99999.09,USD,IDEALPRO-001,MARGIN,,[],False,{}
100000.00,0.00,100000.00,EUR,IDEALPRO-001,MARGIN,,[],False,{}
99999.09,0.00,99999.09,USD,IDEALPRO-001,MARGIN,,[],False,{}
100000.00,0.00,100000.00,EUR,IDEALPRO-001,MARGIN,,[],False,{}
99999.09,0.00,99999.09,USD,IDEALPRO-001,MARGIN,,[],False,{}
100000.00,0.00,100000.00,EUR,IDEALPRO-001,MARGIN,,[],False,{}
99999.09,2.33,99996.76,USD,IDEALPRO-001,MARGIN,,"[{'type': 'MarginBalance', 'initial': '0.00', 'maintenance': '2.33', 'currency': 'USD', 'instrument_id': 'EUR/USD.IDEALPRO'}]",False,{}
100000.00,0.00,100000.00,EUR,IDEALPRO-001,MARGIN,,"[{'type': 'MarginBalance', 'initial': '0.00', 'maintenance': '2.33', 'currency': 'USD', 'instrument_id': 'EUR/USD.IDEALPRO'}]",False,{}
99999.09,2.33,99996.76,USD,IDEALPRO-001,MARGIN,,"[{'type': 'MarginBalance', 'initial': '0.00', 'maintenance': '2.33', 'currency': 'USD', 'instrument_id': 'EUR/USD.IDEALPRO'}]",False,{}
100000.00,0.00,100000.00,EUR,IDEALPRO-001,MARGIN,,"[{'type': 'MarginBalance', 'initial': '0.00', 'maintenance': '2.33', 'currency': 'USD', 'instrument_id': 'EUR/USD.IDEALPRO'}]",False,{}
99999.09,2.33,99996.76,USD,IDEALPRO-001,MARGIN,,"[{'type': 'MarginBalance', 'initial': '0.00', 'maintenance': '2.33', 'currency': 'USD', 'instrument_id': 'EUR/USD.IDEALPRO'}]",False,{}
100000.00,0.00,100000.00,EUR,IDEALPRO-001,MARGIN,,"[{'type': 'MarginBalance', 'initial': '0.00', 'maintenance': '2.33', 'currency': 'USD', 'instrument_id': 'EUR/USD.IDEALPRO'}]",False,{}
99999.09,2.33,99996.76,USD,IDEALPRO-001,MARGIN,,"[{'type': 'MarginBalance', 'initial': '0.00', 'maintenance': '2.33', 'currency': 'USD', 'instrument_id': 'EUR/USD.IDEALPRO'}]",False,{}
100000.00,0.00,100000.00,EUR,IDEALPRO-001,MARGIN,,"[{'type': 'MarginBalance', 'initial': '0.00', 'maintenance': '2.33', 'currency': 'USD', 'instrument_id': 'EUR/USD.IDEALPRO'}]",False,{}
99999.23,0.00,99999.23,USD,IDEALPRO-001,MARGIN,,[],False,{}
100000.00,0.00,100000.00,EUR,IDEALPRO-001,MARGIN,,[],False,{}
99999.23,0.00,99999.23,USD,IDEALPRO-001,MARGIN,,[],False,{}
100000.00,0.00,100000.00,EUR,IDEALPRO-001,MARGIN,,[],False,{}
99999.23,0.00,99999.23,USD,IDEALPRO-001,MARGIN,,[],False,{}
100000.00,0.00,100000.00,EUR,IDEALPRO-001,MARGIN,,[],False,{}
99999.23,0.00,99999.23,USD,IDEALPRO-001,MARGIN,,[],False,{}
100000.00,0.00,100000.00,EUR,IDEALPRO-001,MARGIN,,[],False,{}
99999.23,0.00,99999.23,USD,IDEALPRO-001,MARGIN,,[],False,{}
100000.00,0.00,100000.00,EUR,IDEALPRO-001,MARGIN,,[],False,{}
99999.23,0.00,99999.23,USD,IDEALPRO-001,MARGIN,,[],False,{}
100000.00,0.00,100000.00,EUR,IDEALPRO-001,MARGIN,,[],False,{}
99999.23,2.33,99996.90,USD,IDEALPRO-001,MARGIN,,"[{'type': 'MarginBalance', 'initial': '0.00', 'maintenance': '2.33', 'currency': 'USD', 'instrument_id': 'EUR/USD.IDEALPRO'}]",False,{}
100000.00,0.00,100000.00,EUR,IDEALPRO-001,MARGIN,,"[{'type': 'MarginBalance', 'initial': '0.00', 'maintenance': '2.33', 'currency': 'USD', 'instrument_id': 'EUR/USD.IDEALPRO'}]",False,{}
99999.23,2.33,99996.90,USD,IDEALPRO-001,MARGIN,,"[{'type': 'MarginBalance', 'initial': '0.00', 'maintenance': '2.33', 'currency': 'USD', 'instrument_id': 'EUR/USD.IDEALPRO'}]",False,{}
100000.00,0.00,100000.00,EUR,IDEALPRO-001,MARGIN,,"[{'type': 'MarginBalance', 'initial': '0.00', 'maintenance': '2.33', 'currency': 'USD', 'instrument_id': 'EUR/USD.IDEALPRO'}]",False,{}
99999.23,2.33,99996.90,USD,IDEALPRO-001,MARGIN,,"[{'type': 'MarginBalance', 'initial': '0.00', 'maintenance': '2.33', 'currency': 'USD', 'instrument_id': 'EUR/USD.IDEALPRO'}]",False,{}
100000.00,0.00,100000.00,EUR,IDEALPRO-001,MARGIN,,"[{'type': 'MarginBalance', 'initial': '0.00', 'maintenance': '2.33', 'currency': 'USD', 'instrument_id': 'EUR/USD.IDEALPRO'}]",False,{}
99999.23,2.33,99996.90,USD,IDEALPRO-001,MARGIN,,"[{'type': 'MarginBalance', 'initial': '0.00', 'maintenance': '2.33', 'currency': 'USD', 'instrument_id': 'EUR/USD.IDEALPRO'}]",False,{}
100000.00,0.00,100000.00,EUR,IDEALPRO-001,MARGIN,,"[{'type': 'MarginBalance', 'initial': '0.00', 'maintenance': '2.33', 'currency': 'USD', 'instrument_id': 'EUR/USD.IDEALPRO'}]",False,{}
99999.30,0.00,99999.30,USD,IDEALPRO-001,MARGIN,,[],False,{}
100000.00,0.00,100000.00,EUR,IDEALPRO-001,MARGIN,,[],False,{}
99999.30,0.00,99999.30,USD,IDEALPRO-001,MARGIN,,[],False,{}
100000.00,0.00,100000.00,EUR,IDEALPRO-001,MARGIN,,[],False,{}
99999.30,0.00,99999.30,USD,IDEALPRO-001,MARGIN,,[],False,{}
100000.00,0.00,100000.00,EUR,IDEALPRO-001,MARGIN,,[],False,{}
99999.30,0.00,99999.30,USD,IDEALPRO-001,MARGIN,,[],False,{}
100000.00,0.00,100000.00,EUR,IDEALPRO-001,MARGIN,,[],False,{}
99999.30,0.00,99999.30,USD,IDEALPRO-001,MARGIN,,[],False,{}
100000.00,0.00,100000.00,EUR,IDEALPRO-001,MARGIN,,[],False,{}
99999.30,0.00,99999.30,USD,IDEALPRO-001,MARGIN,,[],False,{}
100000.00,0.00,100000.00,EUR,IDEALPRO-001,MARGIN,,[],False,{}
99999.30,2.33,99996.97,USD,IDEALPRO-001,MARGIN,,"[{'type': 'MarginBalance', 'initial': '0.00', 'maintenance': '2.33', 'currency': 'USD', 'instrument_id': 'EUR/USD.IDEALPRO'}]",False,{}
100000.00,0.00,100000.00,EUR,IDEALPRO-001,MARGIN,,"[{'type': 'MarginBalance', 'initial': '0.00', 'maintenance': '2.33', 'currency': 'USD', 'instrument_id': 'EUR/USD.IDEALPRO'}]",False,{}
99999.30,2.33,99996.97,USD,IDEALPRO-001,MARGIN,,"[{'type': 'MarginBalance', 'initial': '0.00', 'maintenance': '2.33', 'currency': 'USD', 'instrument_id': 'EUR/USD.IDEALPRO'}]",False,{}
100000.00,0.00,100000.00,EUR,IDEALPRO-001,MARGIN,,"[{'type': 'MarginBalance', 'initial': '0.00', 'maintenance': '2.33', 'currency': 'USD', 'instrument_id': 'EUR/USD.IDEALPRO'}]",False,{}
99999.30,2.33,99996.97,USD,IDEALPRO-001,MARGIN,,"[{'type': 'MarginBalance', 'initial': '0.00', 'maintenance': '2.33', 'currency': 'USD', 'instrument_id': 'EUR/USD.IDEALPRO'}]",False,{}
100000.00,0.00,100000.00,EUR,IDEALPRO-001,MARGIN,,"[{'type': 'MarginBalance', 'initial': '0.00', 'maintenance': '2.33', 'currency': 'USD', 'instrument_id': 'EUR/USD.IDEALPRO'}]",False,{}
99999.30,2.33,99996.97,USD,IDEALPRO-001,MARGIN,,"[{'type': 'MarginBalance', 'initial': '0.00', 'maintenance': '2.33', 'currency': 'USD', 'instrument_id': 'EUR/USD.IDEALPRO'}]",False,{}
100000.00,0.00,100000.00,EUR,IDEALPRO-001,MARGIN,,"[{'type': 'MarginBalance', 'initial': '0.00', 'maintenance': '2.33', 'currency': 'USD', 'instrument_id': 'EUR/USD.IDEALPRO'}]",False,{}
99999.28,0.00,99999.28,USD,IDEALPRO-001,MARGIN,,[],False,{}
100000.00,0.00,100000.00,EUR,IDEALPRO-001,MARGIN,,[],False,{}
99999.28,0.00,99999.28,USD,IDEALPRO-001,MARGIN,,[],False,{}
100000.00,0.00,100000.00,EUR,IDEALPRO-001,MARGIN,,[],False,{}
99999.28,0.00,99999.28,USD,IDEALPRO-001,MARGIN,,[],False,{}
100000.00,0.00,100000.00,EUR,IDEALPRO-001,MARGIN,,[],False,{}
99999.28,0.00,99999.28,USD,IDEALPRO-001,MARGIN,,[],False,{}
100000.00,0.00,100000.00,EUR,IDEALPRO-001,MARGIN,,[],False,{}
99999.28,0.00,99999.28,USD,IDEALPRO-001,MARGIN,,[],False,{}
100000.00,0.00,100000.00,EUR,IDEALPRO-001,MARGIN,,[],False,{}
99999.28,0.00,99999.28,USD,IDEALPRO-001,MARGIN,,[],False,{}
100000.00,0.00,100000.00,EUR,IDEALPRO-001,MARGIN,,[],False,{}
99999.28,2.33,99996.95,USD,IDEALPRO-001,MARGIN,,"[{'type': 'MarginBalance', 'initial': '0.00', 'maintenance': '2.33', 'currency': 'USD', 'instrument_id': 'EUR/USD.IDEALPRO'}]",False,{}
100000.00,0.00,100000.00,EUR,IDEALPRO-001,MARGIN,,"[{'type': 'MarginBalance', 'initial': '0.00', 'maintenance': '2.33', 'currency': 'USD', 'instrument_id': 'EUR/USD.IDEALPRO'}]",False,{}
99999.28,2.33,99996.95,USD,IDEALPRO-001,MARGIN,,"[{'type': 'MarginBalance', 'initial': '0.00', 'maintenance': '2.33', 'currency': 'USD', 'instrument_id': 'EUR/USD.IDEALPRO'}]",False,{}
100000.00,0.00,100000.00,EUR,IDEALPRO-001,MARGIN,,"[{'type': 'MarginBalance', 'initial': '0.00', 'maintenance': '2.33', 'currency': 'USD', 'instrument_id': 'EUR/USD.IDEALPRO'}]",False,{}
99999.28,2.33,99996.95,USD,IDEALPRO-001,MARGIN,,"[{'type': 'MarginBalance', 'initial': '0.00', 'maintenance': '2.33', 'currency': 'USD', 'instrument_id': 'EUR/USD.IDEALPRO'}]",False,{}
100000.00,0.00,100000.00,EUR,IDEALPRO-001,MARGIN,,"[{'type': 'MarginBalance', 'initial': '0.00', 'maintenance': '2.33', 'currency': 'USD', 'instrument_id': 'EUR/USD.IDEALPRO'}]",False,{}
99999.28,2.33,99996.95,USD,IDEALPRO-001,MARGIN,,"[{'type': 'MarginBalance', 'initial': '0.00', 'maintenance': '2.33', 'currency': 'USD', 'instrument_id': 'EUR/USD.IDEALPRO'}]",False,{}
100000.00,0.00,100000.00,EUR,IDEALPRO-001,MARGIN,,"[{'type': 'MarginBalance', 'initial': '0.00', 'maintenance': '2.33', 'currency': 'USD', 'instrument_id': 'EUR/USD.IDEALPRO'}]",False,{}
99999.32,0.00,99999.32,USD,IDEALPRO-001,MARGIN,,[],False,{}
100000.00,0.00,100000.00,EUR,IDEALPRO-001,MARGIN,,[],False,{}
99999.32,0.00,99999.32,USD,IDEALPRO-001,MARGIN,,[],False,{}
100000.00,0.00,100000.00,EUR,IDEALPRO-001,MARGIN,,[],False,{}
99999.32,0.00,99999.32,USD,IDEALPRO-001,MARGIN,,[],False,{}
100000.00,0.00,100000.00,EUR,IDEALPRO-001,MARGIN,,[],False,{}
99999.32,0.00,99999.32,USD,IDEALPRO-001,MARGIN,,[],False,{}
100000.00,0.00,100000.00,EUR,IDEALPRO-001,MARGIN,,[],False,{}
99999.32,0.00,99999.32,USD,IDEALPRO-001,MARGIN,,[],False,{}
100000.00,0.00,100000.00,EUR,IDEALPRO-001,MARGIN,,[],False,{}
99999.32,0.00,99999.32,USD,IDEALPRO-001,MARGIN,,[],False,{}
100000.00,0.00,100000.00,EUR,IDEALPRO-001,MARGIN,,[],False,{}
99999.32,2.33,99996.99,USD,IDEALPRO-001,MARGIN,,"[{'type': 'MarginBalance', 'initial': '0.00', 'maintenance': '2.33', 'currency': 'USD', 'instrument_id': 'EUR/USD.IDEALPRO'}]",False,{}
100000.00,0.00,100000.00,EUR,IDEALPRO-001,MARGIN,,"[{'type': 'MarginBalance', 'initial': '0.00', 'maintenance': '2.33', 'currency': 'USD', 'instrument_id': 'EUR/USD.IDEALPRO'}]",False,{}
99999.32,2.33,99996.99,USD,IDEALPRO-001,MARGIN,,"[{'type': 'MarginBalance', 'initial': '0.00', 'maintenance': '2.33', 'currency': 'USD', 'instrument_id': 'EUR/USD.IDEALPRO'}]",False,{}
100000.00,0.00,100000.00,EUR,IDEALPRO-001,MARGIN,,"[{'type': 'MarginBalance', 'initial': '0.00', 'maintenance': '2.33', 'currency': 'USD', 'instrument_id': 'EUR/USD.IDEALPRO'}]",False,{}
99999.32,2.33,99996.99,USD,IDEALPRO-001,MARGIN,,"[{'type': 'MarginBalance', 'initial': '0.00', 'maintenance': '2.33', 'currency': 'USD', 'instrument_id': 'EUR/USD.IDEALPRO'}]",False,{}
100000.00,0.00,100000.00,EUR,IDEALPRO-001,MARGIN,,"[{'type': 'MarginBalance', 'initial': '0.00', 'maintenance': '2.33', 'currency': 'USD', 'instrument_id': 'EUR/USD.IDEALPRO'}]",False,{}
99999.32,2.33,99996.99,USD,IDEALPRO-001,MARGIN,,"[{'type': 'MarginBalance', 'initial': '0.00', 'maintenance': '2.33', 'currency': 'USD', 'instrument_id': 'EUR/USD.IDEALPRO'}]",False,{}
100000.00,0.00,100000.00,EUR,IDEALPRO-001,MARGIN,,"[{'type': 'MarginBalance', 'initial': '0.00', 'maintenance': '2.33', 'currency': 'USD', 'instrument_id': 'EUR/USD.IDEALPRO'}]",False,{}
99999.31,0.00,99999.31,USD,IDEALPRO-001,MARGIN,,[],False,{}
100000.00,0.00,100000.00,EUR,IDEALPRO-001,MARGIN,,[],False,{}
99999.31,0.00,99999.31,USD,IDEALPRO-001,MARGIN,,[],False,{}
100000.00,0.00,100000.00,EUR,IDEALPRO-001,MARGIN,,[],False,{}
99999.31,0.00,99999.31,USD,IDEALPRO-001,MARGIN,,[],False,{}
100000.00,0.00,100000.00,EUR,IDEALPRO-001,MARGIN,,[],False,{}
99999.31,0.00,99999.31,USD,IDEALPRO-001,MARGIN,,[],False,{}
100000.00,0.00,100000.00,EUR,IDEALPRO-001,MARGIN,,[],False,{}
99999.31,0.00,99999.31,USD,IDEALPRO-001,MARGIN,,[],False,{}
100000.00,0.00,100000.00,EUR,IDEALPRO-001,MARGIN,,[],False,{}
99999.31,0.00,99999.31,USD,IDEALPRO-001,MARGIN,,[],False,{}
100000.00,0.00,100000.00,EUR,IDEALPRO-001,MARGIN,,[],False,{}
99999.31,2.33,99996.98,USD,IDEALPRO-001,MARGIN,,"[{'type': 'MarginBalance', 'initial': '0.00', 'maintenance': '2.33', 'currency': 'USD', 'instrument_id': 'EUR/USD.IDEALPRO'}]",False,{}
100000.00,0.00,100000.00,EUR,IDEALPRO-001,MARGIN,,"[{'type': 'MarginBalance', 'initial': '0.00', 'maintenance': '2.33', 'currency': 'USD', 'instrument_id': 'EUR/USD.IDEALPRO'}]",False,{}
99999.31,2.33,99996.98,USD,IDEALPRO-001,MARGIN,,"[{'type': 'MarginBalance', 'initial': '0.00', 'maintenance': '2.33', 'currency': 'USD', 'instrument_id': 'EUR/USD.IDEALPRO'}]",False,{}
100000.00,0.00,100000.00,EUR,IDEALPRO-001,MARGIN,,"[{'type': 'MarginBalance', 'initial': '0.00', 'maintenance': '2.33', 'currency': 'USD', 'instrument_id': 'EUR/USD.IDEALPRO'}]",False,{}
99999.31,2.33,99996.98,USD,IDEALPRO-001,MARGIN,,"[{'type': 'MarginBalance', 'initial': '0.00', 'maintenance': '2.33', 'currency': 'USD', 'instrument_id': 'EUR/USD.IDEALPRO'}]",False,{}
100000.00,0.00,100000.00,EUR,IDEALPRO-001,MARGIN,,"[{'type': 'MarginBalance', 'initial': '0.00', 'maintenance': '2.33', 'currency': 'USD', 'instrument_id': 'EUR/USD.IDEALPRO'}]",False,{}
99999.31,2.33,99996.98,USD,IDEALPRO-001,MARGIN,,"[{'type': 'MarginBalance', 'initial': '0.00', 'maintenance': '2.33', 'currency': 'USD', 'instrument_id': 'EUR/USD.IDEALPRO'}]",False,{}
100000.00,0.00,100000.00,EUR,IDEALPRO-001,MARGIN,,"[{'type': 'MarginBalance', 'initial': '0.00', 'maintenance': '2.33', 'currency': 'USD', 'instrument_id': 'EUR/USD.IDEALPRO'}]",False,{}
99999.39,0.00,99999.39,USD,IDEALPRO-001,MARGIN,,[],False,{}
100000.00,0.00,100000.00,EUR,IDEALPRO-001,MARGIN,,[],False,{}
99999.39,0.00,99999.39,USD,IDEALPRO-001,MARGIN,,[],False,{}
100000.00,0.00,100000.00,EUR,IDEALPRO-001,MARGIN,,[],False,{}
99999.39,0.00,99999.39,USD,IDEALPRO-001,MARGIN,,[],False,{}
100000.00,0.00,100000.00,EUR,IDEALPRO-001,MARGIN,,[],False,{}
99999.39,0.00,99999.39,USD,IDEALPRO-001,MARGIN,,[],False,{}
100000.00,0.00,100000.00,EUR,IDEALPRO-001,MARGIN,,[],False,{}
99999.39,0.00,99999.39,USD,IDEALPRO-001,MARGIN,,[],False,{}
100000.00,0.00,100000.00,EUR,IDEALPRO-001,MARGIN,,[],False,{}
99999.39,0.00,99999.39,USD,IDEALPRO-001,MARGIN,,[],False,{}
100000.00,0.00,100000.00,EUR,IDEALPRO-001,MARGIN,,[],False,{}
99999.39,2.33,99997.06,USD,IDEALPRO-001,MARGIN,,"[{'type': 'MarginBalance', 'initial': '0.00', 'maintenance': '2.33', 'currency': 'USD', 'instrument_id': 'EUR/USD.IDEALPRO'}]",False,{}
100000.00,0.00,100000.00,EUR,IDEALPRO-001,MARGIN,,"[{'type': 'MarginBalance', 'initial': '0.00', 'maintenance': '2.33', 'currency': 'USD', 'instrument_id': 'EUR/USD.IDEALPRO'}]",False,{}
99999.39,2.33,99997.06,USD,IDEALPRO-001,MARGIN,,"[{'type': 'MarginBalance', 'initial': '0.00', 'maintenance': '2.33', 'currency': 'USD', 'instrument_id': 'EUR/USD.IDEALPRO'}]",False,{}
100000.00,0.00,100000.00,EUR,IDEALPRO-001,MARGIN,,"[{'type': 'MarginBalance', 'initial': '0.00', 'maintenance': '2.33', 'currency': 'USD', 'instrument_id': 'EUR/USD.IDEALPRO'}]",False,{}
99999.39,2.33,99997.06,USD,IDEALPRO-001,MARGIN,,"[{'type': 'MarginBalance', 'initial': '0.00', 'maintenance': '2.33', 'currency': 'USD', 'instrument_id': 'EUR/USD.IDEALPRO'}]",False,{}
100000.00,0.00,100000.00,EUR,IDEALPRO-001,MARGIN,,"[{'type': 'MarginBalance', 'initial': '0.00', 'maintenance': '2.33', 'currency': 'USD', 'instrument_id': 'EUR/USD.IDEALPRO'}]",False,{}
99999.39,2.33,99997.06,USD,IDEALPRO-001,MARGIN,,"[{'type': 'MarginBalance', 'initial': '0.00', 'maintenance': '2.33', 'currency': 'USD', 'instrument_id': 'EUR/USD.IDEALPRO'}]",False,{}
100000.00,0.00,100000.00,EUR,IDEALPRO-001,MARGIN,,"[{'type': 'MarginBalance', 'initial': '0.00', 'maintenance': '2.33', 'currency': 'USD', 'instrument_id': 'EUR/USD.IDEALPRO'}]",False,{}
99999.51,0.00,99999.51,USD,IDEALPRO-001,MARGIN,,[],False,{}
100000.00,0.00,100000.00,EUR,IDEALPRO-001,MARGIN,,[],False,{}
99999.51,0.00,99999.51,USD,IDEALPRO-001,MARGIN,,[],False,{}
100000.00,0.00,100000.00,EUR,IDEALPRO-001,MARGIN,,[],False,{}
99999.51,0.00,99999.51,USD,IDEALPRO-001,MARGIN,,[],False,{}
100000.00,0.00,100000.00,EUR,IDEALPRO-001,MARGIN,,[],False,{}
99999.51,0.00,99999.51,USD,IDEALPRO-001,MARGIN,,[],False,{}
100000.00,0.00,100000.00,EUR,IDEALPRO-001,MARGIN,,[],False,{}
99999.51,0.00,99999.51,USD,IDEALPRO-001,MARGIN,,[],False,{}
100000.00,0.00,100000.00,EUR,IDEALPRO-001,MARGIN,,[],False,{}
99999.51,0.00,99999.51,USD,IDEALPRO-001,MARGIN,,[],False,{}
100000.00,0.00,100000.00,EUR,IDEALPRO-001,MARGIN,,[],False,{}
99999.51,2.32,99997.19,USD,IDEALPRO-001,MARGIN,,"[{'type': 'MarginBalance', 'initial': '0.00', 'maintenance': '2.32', 'currency': 'USD', 'instrument_id': 'EUR/USD.IDEALPRO'}]",False,{}
100000.00,0.00,100000.00,EUR,IDEALPRO-001,MARGIN,,"[{'type': 'MarginBalance', 'initial': '0.00', 'maintenance': '2.32', 'currency': 'USD', 'instrument_id': 'EUR/USD.IDEALPRO'}]",False,{}
99999.51,2.32,99997.19,USD,IDEALPRO-001,MARGIN,,"[{'type': 'MarginBalance', 'initial': '0.00', 'maintenance': '2.32', 'currency': 'USD', 'instrument_id': 'EUR/USD.IDEALPRO'}]",False,{}
100000.00,0.00,100000.00,EUR,IDEALPRO-001,MARGIN,,"[{'type': 'MarginBalance', 'initial': '0.00', 'maintenance': '2.32', 'currency': 'USD', 'instrument_id': 'EUR/USD.IDEALPRO'}]",False,{}
99999.51,2.32,99997.19,USD,IDEALPRO-001,MARGIN,,"[{'type': 'MarginBalance', 'initial': '0.00', 'maintenance': '2.32', 'currency': 'USD', 'instrument_id': 'EUR/USD.IDEALPRO'}]",False,{}
100000.00,0.00,100000.00,EUR,IDEALPRO-001,MARGIN,,"[{'type': 'MarginBalance', 'initial': '0.00', 'maintenance': '2.32', 'currency': 'USD', 'instrument_id': 'EUR/USD.IDEALPRO'}]",False,{}
99999.51,2.32,99997.19,USD,IDEALPRO-001,MARGIN,,"[{'type': 'MarginBalance', 'initial': '0.00', 'maintenance': '2.32', 'currency': 'USD', 'instrument_id': 'EUR/USD.IDEALPRO'}]",False,{}
100000.00,0.00,100000.00,EUR,IDEALPRO-001,MARGIN,,"[{'type': 'MarginBalance', 'initial': '0.00', 'maintenance': '2.32', 'currency': 'USD', 'instrument_id': 'EUR/USD.IDEALPRO'}]",False,{}
99999.48,0.00,99999.48,USD,IDEALPRO-001,MARGIN,,[],False,{}
100000.00,0.00,100000.00,EUR,IDEALPRO-001,MARGIN,,[],False,{}
99999.48,0.00,99999.48,USD,IDEALPRO-001,MARGIN,,[],False,{}
100000.00,0.00,100000.00,EUR,IDEALPRO-001,MARGIN,,[],False,{}
99999.48,0.00,99999.48,USD,IDEALPRO-001,MARGIN,,[],False,{}
100000.00,0.00,100000.00,EUR,IDEALPRO-001,MARGIN,,[],False,{}
99999.48,0.00,99999.48,USD,IDEALPRO-001,MARGIN,,[],False,{}
100000.00,0.00,100000.00,EUR,IDEALPRO-001,MARGIN,,[],False,{}
99999.48,0.00,99999.48,USD,IDEALPRO-001,MARGIN,,[],False,{}
100000.00,0.00,100000.00,EUR,IDEALPRO-001,MARGIN,,[],False,{}
99999.48,0.00,99999.48,USD,IDEALPRO-001,MARGIN,,[],False,{}
100000.00,0.00,100000.00,EUR,IDEALPRO-001,MARGIN,,[],False,{}
99999.48,2.32,99997.16,USD,IDEALPRO-001,MARGIN,,"[{'type': 'MarginBalance', 'initial': '0.00', 'maintenance': '2.32', 'currency': 'USD', 'instrument_id': 'EUR/USD.IDEALPRO'}]",False,{}
100000.00,0.00,100000.00,EUR,IDEALPRO-001,MARGIN,,"[{'type': 'MarginBalance', 'initial': '0.00', 'maintenance': '2.32', 'currency': 'USD', 'instrument_id': 'EUR/USD.IDEALPRO'}]",False,{}
99999.48,2.32,99997.16,USD,IDEALPRO-001,MARGIN,,"[{'type': 'MarginBalance', 'initial': '0.00', 'maintenance': '2.32', 'currency': 'USD', 'instrument_id': 'EUR/USD.IDEALPRO'}]",False,{}
100000.00,0.00,100000.00,EUR,IDEALPRO-001,MARGIN,,"[{'type': 'MarginBalance', 'initial': '0.00', 'maintenance': '2.32', 'currency': 'USD', 'instrument_id': 'EUR/USD.IDEALPRO'}]",False,{}
99999.48,2.32,99997.16,USD,IDEALPRO-001,MARGIN,,"[{'type': 'MarginBalance', 'initial': '0.00', 'maintenance': '2.32', 'currency': 'USD', 'instrument_id': 'EUR/USD.IDEALPRO'}]",False,{}
100000.00,0.00,100000.00,EUR,IDEALPRO-001,MARGIN,,"[{'type': 'MarginBalance', 'initial': '0.00', 'maintenance': '2.32', 'currency': 'USD', 'instrument_id': 'EUR/USD.IDEALPRO'}]",False,{}
99999.48,2.32,99997.16,USD,IDEALPRO-001,MARGIN,,"[{'type': 'MarginBalance', 'initial': '0.00', 'maintenance': '2.32', 'currency': 'USD', 'instrument_id': 'EUR/USD.IDEALPRO'}]",False,{}
100000.00,0.00,100000.00,EUR,IDEALPRO-001,MARGIN,,"[{'type': 'MarginBalance', 'initial': '0.00', 'maintenance': '2.32', 'currency': 'USD', 'instrument_id': 'EUR/USD.IDEALPRO'}]",False,{}
99999.62,0.00,99999.62,USD,IDEALPRO-001,MARGIN,,[],False,{}
100000.00,0.00,100000.00,EUR,IDEALPRO-001,MARGIN,,[],False,{}
99999.62,0.00,99999.62,USD,IDEALPRO-001,MARGIN,,[],False,{}
100000.00,0.00,100000.00,EUR,IDEALPRO-001,MARGIN,,[],False,{}
99999.62,0.00,99999.62,USD,IDEALPRO-001,MARGIN,,[],False,{}
100000.00,0.00,100000.00,EUR,IDEALPRO-001,MARGIN,,[],False,{}
99999.62,0.00,99999.62,USD,IDEALPRO-001,MARGIN,,[],False,{}
100000.00,0.00,100000.00,EUR,IDEALPRO-001,MARGIN,,[],False,{}
99999.62,0.00,99999.62,USD,IDEALPRO-001,MARGIN,,[],False,{}
100000.00,0.00,100000.00,EUR,IDEALPRO-001,MARGIN,,[],False,{}
99999.62,0.00,99999.62,USD,IDEALPRO-001,MARGIN,,[],False,{}
100000.00,0.00,100000.00,EUR,IDEALPRO-001,MARGIN,,[],False,{}
99999.62,2.32,99997.30,USD,IDEALPRO-001,MARGIN,,"[{'type': 'MarginBalance', 'initial': '0.00', 'maintenance': '2.32', 'currency': 'USD', 'instrument_id': 'EUR/USD.IDEALPRO'}]",False,{}
100000.00,0.00,100000.00,EUR,IDEALPRO-001,MARGIN,,"[{'type': 'MarginBalance', 'initial': '0.00', 'maintenance': '2.32', 'currency': 'USD', 'instrument_id': 'EUR/USD.IDEALPRO'}]",False,{}
99999.62,2.32,99997.30,USD,IDEALPRO-001,MARGIN,,"[{'type': 'MarginBalance', 'initial': '0.00', 'maintenance': '2.32', 'currency': 'USD', 'instrument_id': 'EUR/USD.IDEALPRO'}]",False,{}
100000.00,0.00,100000.00,EUR,IDEALPRO-001,MARGIN,,"[{'type': 'MarginBalance', 'initial': '0.00', 'maintenance': '2.32', 'currency': 'USD', 'instrument_id': 'EUR/USD.IDEALPRO'}]",False,{}
99999.62,2.32,99997.30,USD,IDEALPRO-001,MARGIN,,"[{'type': 'MarginBalance', 'initial': '0.00', 'maintenance': '2.32', 'currency': 'USD', 'instrument_id': 'EUR/USD.IDEALPRO'}]",False,{}
100000.00,0.00,100000.00,EUR,IDEALPRO-001,MARGIN,,"[{'type': 'MarginBalance', 'initial': '0.00', 'maintenance': '2.32', 'currency': 'USD', 'instrument_id': 'EUR/USD.IDEALPRO'}]",False,{}
99999.62,2.32,99997.30,USD,IDEALPRO-001,MARGIN,,"[{'type': 'MarginBalance', 'initial': '0.00', 'maintenance': '2.32', 'currency': 'USD', 'instrument_id': 'EUR/USD.IDEALPRO'}]",False,{}
100000.00,0.00,100000.00,EUR,IDEALPRO-001,MARGIN,,"[{'type': 'MarginBalance', 'initial': '0.00', 'maintenance': '2.32', 'currency': 'USD', 'instrument_id': 'EUR/USD.IDEALPRO'}]",False,{}
99999.71,0.00,99999.71,USD,IDEALPRO-001,MARGIN,,[],False,{}
100000.00,0.00,100000.00,EUR,IDEALPRO-001,MARGIN,,[],False,{}
99999.71,0.00,99999.71,USD,IDEALPRO-001,MARGIN,,[],False,{}
100000.00,0.00,100000.00,EUR,IDEALPRO-001,MARGIN,,[],False,{}
99999.71,0.00,99999.71,USD,IDEALPRO-001,MARGIN,,[],False,{}
100000.00,0.00,100000.00,EUR,IDEALPRO-001,MARGIN,,[],False,{}
99999.71,0.00,99999.71,USD,IDEALPRO-001,MARGIN,,[],False,{}
100000.00,0.00,100000.00,EUR,IDEALPRO-001,MARGIN,,[],False,{}
99999.71,0.00,99999.71,USD,IDEALPRO-001,MARGIN,,[],False,{}
100000.00,0.00,100000.00,EUR,IDEALPRO-001,MARGIN,,[],False,{}
99999.71,0.00,99999.71,USD,IDEALPRO-001,MARGIN,,[],False,{}
100000.00,0.00,100000.00,EUR,IDEALPRO-001,MARGIN,,[],False,{}
99999.71,2.32,99997.39,USD,IDEALPRO-001,MARGIN,,"[{'type': 'MarginBalance', 'initial': '0.00', 'maintenance': '2.32', 'currency': 'USD', 'instrument_id': 'EUR/USD.IDEALPRO'}]",False,{}
100000.00,0.00,100000.00,EUR,IDEALPRO-001,MARGIN,,"[{'type': 'MarginBalance', 'initial': '0.00', 'maintenance': '2.32', 'currency': 'USD', 'instrument_id': 'EUR/USD.IDEALPRO'}]",False,{}
99999.71,2.32,99997.39,USD,IDEALPRO-001,MARGIN,,"[{'type': 'MarginBalance', 'initial': '0.00', 'maintenance': '2.32', 'currency': 'USD', 'instrument_id': 'EUR/USD.IDEALPRO'}]",False,{}
100000.00,0.00,100000.00,EUR,IDEALPRO-001,MARGIN,,"[{'type': 'MarginBalance', 'initial': '0.00', 'maintenance': '2.32', 'currency': 'USD', 'instrument_id': 'EUR/USD.IDEALPRO'}]",False,{}
99999.71,2.32,99997.39,USD,IDEALPRO-001,MARGIN,,"[{'type': 'MarginBalance', 'initial': '0.00', 'maintenance': '2.32', 'currency': 'USD', 'instrument_id': 'EUR/USD.IDEALPRO'}]",False,{}
100000.00,0.00,100000.00,EUR,IDEALPRO-001,MARGIN,,"[{'type': 'MarginBalance', 'initial': '0.00', 'maintenance': '2.32', 'currency': 'USD', 'instrument_id': 'EUR/USD.IDEALPRO'}]",False,{}
99999.71,2.32,99997.39,USD,IDEALPRO-001,MARGIN,,"[{'type': 'MarginBalance', 'initial': '0.00', 'maintenance': '2.32', 'currency': 'USD', 'instrument_id': 'EUR/USD.IDEALPRO'}]",False,{}
100000.00,0.00,100000.00,EUR,IDEALPRO-001,MARGIN,,"[{'type': 'MarginBalance', 'initial': '0.00', 'maintenance': '2.32', 'currency': 'USD', 'instrument_id': 'EUR/USD.IDEALPRO'}]",False,{}
99999.76,0.00,99999.76,USD,IDEALPRO-001,MARGIN,,[],False,{}
100000.00,0.00,100000.00,EUR,IDEALPRO-001,MARGIN,,[],False,{}
99999.76,0.00,99999.76,USD,IDEALPRO-001,MARGIN,,[],False,{}
100000.00,0.00,100000.00,EUR,IDEALPRO-001,MARGIN,,[],False,{}
99999.76,0.00,99999.76,USD,IDEALPRO-001,MARGIN,,[],False,{}
100000.00,0.00,100000.00,EUR,IDEALPRO-001,MARGIN,,[],False,{}
99999.76,0.00,99999.76,USD,IDEALPRO-001,MARGIN,,[],False,{}
100000.00,0.00,100000.00,EUR,IDEALPRO-001,MARGIN,,[],False,{}
99999.76,0.00,99999.76,USD,IDEALPRO-001,MARGIN,,[],False,{}
100000.00,0.00,100000.00,EUR,IDEALPRO-001,MARGIN,,[],False,{}
99999.76,0.00,99999.76,USD,IDEALPRO-001,MARGIN,,[],False,{}
100000.00,0.00,100000.00,EUR,IDEALPRO-001,MARGIN,,[],False,{}
99999.76,2.32,99997.44,USD,IDEALPRO-001,MARGIN,,"[{'type': 'MarginBalance', 'initial': '0.00', 'maintenance': '2.32', 'currency': 'USD', 'instrument_id': 'EUR/USD.IDEALPRO'}]",False,{}
100000.00,0.00,100000.00,EUR,IDEALPRO-001,MARGIN,,"[{'type': 'MarginBalance', 'initial': '0.00', 'maintenance': '2.32', 'currency': 'USD', 'instrument_id': 'EUR/USD.IDEALPRO'}]",False,{}
99999.76,2.32,99997.44,USD,IDEALPRO-001,MARGIN,,"[{'type': 'MarginBalance', 'initial': '0.00', 'maintenance': '2.32', 'currency': 'USD', 'instrument_id': 'EUR/USD.IDEALPRO'}]",False,{}
100000.00,0.00,100000.00,EUR,IDEALPRO-001,MARGIN,,"[{'type': 'MarginBalance', 'initial': '0.00', 'maintenance': '2.32', 'currency': 'USD', 'instrument_id': 'EUR/USD.IDEALPRO'}]",False,{}
99999.76,2.32,99997.44,USD,IDEALPRO-001,MARGIN,,"[{'type': 'MarginBalance', 'initial': '0.00', 'maintenance': '2.32', 'currency': 'USD', 'instrument_id': 'EUR/USD.IDEALPRO'}]",False,{}
100000.00,0.00,100000.00,EUR,IDEALPRO-001,MARGIN,,"[{'type': 'MarginBalance', 'initial': '0.00', 'maintenance': '2.32', 'currency': 'USD', 'instrument_id': 'EUR/USD.IDEALPRO'}]",False,{}
99999.70,0.00,99999.70,USD,IDEALPRO-001,MARGIN,,[],False,{}
100000.00,0.00,100000.00,EUR,IDEALPRO-001,MARGIN,,[],False,{}
99999.70,0.00,99999.70,USD,IDEALPRO-001,MARGIN,,[],False,{}
100000.00,0.00,100000.00,EUR,IDEALPRO-001,MARGIN,,[],False,{}
99999.70,0.00,99999.70,USD,IDEALPRO-001,MARGIN,,[],False,{}
100000.00,0.00,100000.00,EUR,IDEALPRO-001,MARGIN,,[],False,{}
99999.70,0.00,99999.70,USD,IDEALPRO-001,MARGIN,,[],False,{}
100000.00,0.00,100000.00,EUR,IDEALPRO-001,MARGIN,,[],False,{}
99999.70,0.00,99999.70,USD,IDEALPRO-001,MARGIN,,[],False,{}
100000.00,0.00,100000.00,EUR,IDEALPRO-001,MARGIN,,[],False,{}
99999.70,2.32,99997.38,USD,IDEALPRO-001,MARGIN,,"[{'type': 'MarginBalance', 'initial': '0.00', 'maintenance': '2.32', 'currency': 'USD', 'instrument_id': 'EUR/USD.IDEALPRO'}]",False,{}
100000.00,0.00,100000.00,EUR,IDEALPRO-001,MARGIN,,"[{'type': 'MarginBalance', 'initial': '0.00', 'maintenance': '2.32', 'currency': 'USD', 'instrument_id': 'EUR/USD.IDEALPRO'}]",False,{}
99999.70,2.32,99997.38,USD,IDEALPRO-001,MARGIN,,"[{'type': 'MarginBalance', 'initial': '0.00', 'maintenance': '2.32', 'currency': 'USD', 'instrument_id': 'EUR/USD.IDEALPRO'}]",False,{}
100000.00,0.00,100000.00,EUR,IDEALPRO-001,MARGIN,,"[{'type': 'MarginBalance', 'initial': '0.00', 'maintenance': '2.32', 'currency': 'USD', 'instrument_id': 'EUR/USD.IDEALPRO'}]",False,{}
99999.70,2.32,99997.38,USD,IDEALPRO-001,MARGIN,,"[{'type': 'MarginBalance', 'initial': '0.00', 'maintenance': '2.32', 'currency': 'USD', 'instrument_id': 'EUR/USD.IDEALPRO'}]",False,{}
100000.00,0.00,100000.00,EUR,IDEALPRO-001,MARGIN,,"[{'type': 'MarginBalance', 'initial': '0.00', 'maintenance': '2.32', 'currency': 'USD', 'instrument_id': 'EUR/USD.IDEALPRO'}]",False,{}
99999.70,2.32,99997.38,USD,IDEALPRO-001,MARGIN,,"[{'type': 'MarginBalance', 'initial': '0.00', 'maintenance': '2.32', 'currency': 'USD', 'instrument_id': 'EUR/USD.IDEALPRO'}]",False,{}
100000.00,0.00,100000.00,EUR,IDEALPRO-001,MARGIN,,"[{'type': 'MarginBalance', 'initial': '0.00', 'maintenance': '2.32', 'currency': 'USD', 'instrument_id': 'EUR/USD.IDEALPRO'}]",False,{}
99999.71,0.00,99999.71,USD,IDEALPRO-001,MARGIN,,[],False,{}
100000.00,0.00,100000.00,EUR,IDEALPRO-001,MARGIN,,[],False,{}
99999.71,0.00,99999.71,USD,IDEALPRO-001,MARGIN,,[],False,{}
100000.00,0.00,100000.00,EUR,IDEALPRO-001,MARGIN,,[],False,{}
99999.71,0.00,99999.71,USD,IDEALPRO-001,MARGIN,,[],False,{}
100000.00,0.00,100000.00,EUR,IDEALPRO-001,MARGIN,,[],False,{}
99999.71,0.00,99999.71,USD,IDEALPRO-001,MARGIN,,[],False,{}
100000.00,0.00,100000.00,EUR,IDEALPRO-001,MARGIN,,[],False,{}
99999.71,0.00,99999.71,USD,IDEALPRO-001,MARGIN,,[],False,{}
100000.00,0.00,100000.00,EUR,IDEALPRO-001,MARGIN,,[],False,{}
99999.71,0.00,99999.71,USD,IDEALPRO-001,MARGIN,,[],False,{}
100000.00,0.00,100000.00,EUR,IDEALPRO-001,MARGIN,,[],False,{}
99999.71,2.32,99997.39,USD,IDEALPRO-001,MARGIN,,"[{'type': 'MarginBalance', 'initial': '0.00', 'maintenance': '2.32', 'currency': 'USD', 'instrument_id': 'EUR/USD.IDEALPRO'}]",False,{}
100000.00,0.00,100000.00,EUR,IDEALPRO-001,MARGIN,,"[{'type': 'MarginBalance', 'initial': '0.00', 'maintenance': '2.32', 'currency': 'USD', 'instrument_id': 'EUR/USD.IDEALPRO'}]",False,{}
99999.71,2.32,99997.39,USD,IDEALPRO-001,MARGIN,,"[{'type': 'MarginBalance', 'initial': '0.00', 'maintenance': '2.32', 'currency': 'USD', 'instrument_id': 'EUR/USD.IDEALPRO'}]",False,{}
100000.00,0.00,100000.00,EUR,IDEALPRO-001,MARGIN,,"[{'type': 'MarginBalance', 'initial': '0.00', 'maintenance': '2.32', 'currency': 'USD', 'instrument_id': 'EUR/USD.IDEALPRO'}]",False,{}
99999.71,2.32,99997.39,USD,IDEALPRO-001,MARGIN,,"[{'type': 'MarginBalance', 'initial': '0.00', 'maintenance': '2.32', 'currency': 'USD', 'instrument_id': 'EUR/USD.IDEALPRO'}]",False,{}
100000.00,0.00,100000.00,EUR,IDEALPRO-001,MARGIN,,"[{'type': 'MarginBalance', 'initial': '0.00', 'maintenance': '2.32', 'currency': 'USD', 'instrument_id': 'EUR/USD.IDEALPRO'}]",False,{}
99999.65,0.00,99999.65,USD,IDEALPRO-001,MARGIN,,[],False,{}
100000.00,0.00,100000.00,EUR,IDEALPRO-001,MARGIN,,[],False,{}
99999.65,0.00,99999.65,USD,IDEALPRO-001,MARGIN,,[],False,{}
100000.00,0.00,100000.00,EUR,IDEALPRO-001,MARGIN,,[],False,{}
99999.65,0.00,99999.65,USD,IDEALPRO-001,MARGIN,,[],False,{}
100000.00,0.00,100000.00,EUR,IDEALPRO-001,MARGIN,,[],False,{}
99999.65,0.00,99999.65,USD,IDEALPRO-001,MARGIN,,[],False,{}
100000.00,0.00,100000.00,EUR,IDEALPRO-001,MARGIN,,[],False,{}
99999.65,0.00,99999.65,USD,IDEALPRO-001,MARGIN,,[],False,{}
100000.00,0.00,100000.00,EUR,IDEALPRO-001,MARGIN,,[],False,{}
99999.65,2.32,99997.33,USD,IDEALPRO-001,MARGIN,,"[{'type': 'MarginBalance', 'initial': '0.00', 'maintenance': '2.32', 'currency': 'USD', 'instrument_id': 'EUR/USD.IDEALPRO'}]",False,{}
100000.00,0.00,100000.00,EUR,IDEALPRO-001,MARGIN,,"[{'type': 'MarginBalance', 'initial': '0.00', 'maintenance': '2.32', 'currency': 'USD', 'instrument_id': 'EUR/USD.IDEALPRO'}]",False,{}
99999.65,2.32,99997.33,USD,IDEALPRO-001,MARGIN,,"[{'type': 'MarginBalance', 'initial': '0.00', 'maintenance': '2.32', 'currency': 'USD', 'instrument_id': 'EUR/USD.IDEALPRO'}]",False,{}
100000.00,0.00,100000.00,EUR,IDEALPRO-001,MARGIN,,"[{'type': 'MarginBalance', 'initial': '0.00', 'maintenance': '2.32', 'currency': 'USD', 'instrument_id': 'EUR/USD.IDEALPRO'}]",False,{}
99999.65,2.32,99997.33,USD,IDEALPRO-001,MARGIN,,"[{'type': 'MarginBalance', 'initial': '0.00', 'maintenance': '2.32', 'currency': 'USD', 'instrument_id': 'EUR/USD.IDEALPRO'}]",False,{}
100000.00,0.00,100000.00,EUR,IDEALPRO-001,MARGIN,,"[{'type': 'MarginBalance', 'initial': '0.00', 'maintenance': '2.32', 'currency': 'USD', 'instrument_id': 'EUR/USD.IDEALPRO'}]",False,{}
99999.59,0.00,99999.59,USD,IDEALPRO-001,MARGIN,,[],False,{}
100000.00,0.00,100000.00,EUR,IDEALPRO-001,MARGIN,,[],False,{}
99999.59,0.00,99999.59,USD,IDEALPRO-001,MARGIN,,[],False,{}
100000.00,0.00,100000.00,EUR,IDEALPRO-001,MARGIN,,[],False,{}
99999.59,0.00,99999.59,USD,IDEALPRO-001,MARGIN,,[],False,{}
100000.00,0.00,100000.00,EUR,IDEALPRO-001,MARGIN,,[],False,{}
99999.59,0.00,99999.59,USD,IDEALPRO-001,MARGIN,,[],False,{}
100000.00,0.00,100000.00,EUR,IDEALPRO-001,MARGIN,,[],False,{}
99999.59,0.00,99999.59,USD,IDEALPRO-001,MARGIN,,[],False,{}
100000.00,0.00,100000.00,EUR,IDEALPRO-001,MARGIN,,[],False,{}
99999.59,2.32,99997.27,USD,IDEALPRO-001,MARGIN,,"[{'type': 'MarginBalance', 'initial': '0.00', 'maintenance': '2.32', 'currency': 'USD', 'instrument_id': 'EUR/USD.IDEALPRO'}]",False,{}
100000.00,0.00,100000.00,EUR,IDEALPRO-001,MARGIN,,"[{'type': 'MarginBalance', 'initial': '0.00', 'maintenance': '2.32', 'currency': 'USD', 'instrument_id': 'EUR/USD.IDEALPRO'}]",False,{}
99999.59,2.32,99997.27,USD,IDEALPRO-001,MARGIN,,"[{'type': 'MarginBalance', 'initial': '0.00', 'maintenance': '2.32', 'currency': 'USD', 'instrument_id': 'EUR/USD.IDEALPRO'}]",False,{}
100000.00,0.00,100000.00,EUR,IDEALPRO-001,MARGIN,,"[{'type': 'MarginBalance', 'initial': '0.00', 'maintenance': '2.32', 'currency': 'USD', 'instrument_id': 'EUR/USD.IDEALPRO'}]",False,{}
99999.59,2.32,99997.27,USD,IDEALPRO-001,MARGIN,,"[{'type': 'MarginBalance', 'initial': '0.00', 'maintenance': '2.32', 'currency': 'USD', 'instrument_id': 'EUR/USD.IDEALPRO'}]",False,{}
100000.00,0.00,100000.00,EUR,IDEALPRO-001,MARGIN,,"[{'type': 'MarginBalance', 'initial': '0.00', 'maintenance': '2.32', 'currency': 'USD', 'instrument_id': 'EUR/USD.IDEALPRO'}]",False,{}
99999.53,0.00,99999.53,USD,IDEALPRO-001,MARGIN,,[],False,{}
100000.00,0.00,100000.00,EUR,IDEALPRO-001,MARGIN,,[],False,{}
99999.53,0.00,99999.53,USD,IDEALPRO-001,MARGIN,,[],False,{}
100000.00,0.00,100000.00,EUR,IDEALPRO-001,MARGIN,,[],False,{}
99999.53,0.00,99999.53,USD,IDEALPRO-001,MARGIN,,[],False,{}
100000.00,0.00,100000.00,EUR,IDEALPRO-001,MARGIN,,[],False,{}
99999.53,0.00,99999.53,USD,IDEALPRO-001,MARGIN,,[],False,{}
100000.00,0.00,100000.00,EUR,IDEALPRO-001,MARGIN,,[],False,{}
99999.53,0.00,99999.53,USD,IDEALPRO-001,MARGIN,,[],False,{}
100000.00,0.00,100000.00,EUR,IDEALPRO-001,MARGIN,,[],False,{}
99999.53,2.32,99997.21,USD,IDEALPRO-001,MARGIN,,"[{'type': 'MarginBalance', 'initial': '0.00', 'maintenance': '2.32', 'currency': 'USD', 'instrument_id': 'EUR/USD.IDEALPRO'}]",False,{}
100000.00,0.00,100000.00,EUR,IDEALPRO-001,MARGIN,,"[{'type': 'MarginBalance', 'initial': '0.00', 'maintenance': '2.32', 'currency': 'USD', 'instrument_id': 'EUR/USD.IDEALPRO'}]",False,{}
99999.53,2.32,99997.21,USD,IDEALPRO-001,MARGIN,,"[{'type': 'MarginBalance', 'initial': '0.00', 'maintenance': '2.32', 'currency': 'USD', 'instrument_id': 'EUR/USD.IDEALPRO'}]",False,{}
100000.00,0.00,100000.00,EUR,IDEALPRO-001,MARGIN,,"[{'type': 'MarginBalance', 'initial': '0.00', 'maintenance': '2.32', 'currency': 'USD', 'instrument_id': 'EUR/USD.IDEALPRO'}]",False,{}
99999.53,2.32,99997.21,USD,IDEALPRO-001,MARGIN,,"[{'type': 'MarginBalance', 'initial': '0.00', 'maintenance': '2.32', 'currency': 'USD', 'instrument_id': 'EUR/USD.IDEALPRO'}]",False,{}
100000.00,0.00,100000.00,EUR,IDEALPRO-001,MARGIN,,"[{'type': 'MarginBalance', 'initial': '0.00', 'maintenance': '2.32', 'currency': 'USD', 'instrument_id': 'EUR/USD.IDEALPRO'}]",False,{}
99999.53,2.32,99997.21,USD,IDEALPRO-001,MARGIN,,"[{'type': 'MarginBalance', 'initial': '0.00', 'maintenance': '2.32', 'currency': 'USD', 'instrument_id': 'EUR/USD.IDEALPRO'}]",False,{}
100000.00,0.00,100000.00,EUR,IDEALPRO-001,MARGIN,,"[{'type': 'MarginBalance', 'initial': '0.00', 'maintenance': '2.32', 'currency': 'USD', 'instrument_id': 'EUR/USD.IDEALPRO'}]",False,{}
99999.57,0.00,99999.57,USD,IDEALPRO-001,MARGIN,,[],False,{}
100000.00,0.00,100000.00,EUR,IDEALPRO-001,MARGIN,,[],False,{}
99999.57,0.00,99999.57,USD,IDEALPRO-001,MARGIN,,[],False,{}
100000.00,0.00,100000.00,EUR,IDEALPRO-001,MARGIN,,[],False,{}
99999.57,0.00,99999.57,USD,IDEALPRO-001,MARGIN,,[],False,{}
100000.00,0.00,100000.00,EUR,IDEALPRO-001,MARGIN,,[],False,{}
99999.57,0.00,99999.57,USD,IDEALPRO-001,MARGIN,,[],False,{}
100000.00,0.00,100000.00,EUR,IDEALPRO-001,MARGIN,,[],False,{}
99999.57,0.00,99999.57,USD,IDEALPRO-001,MARGIN,,[],False,{}
100000.00,0.00,100000.00,EUR,IDEALPRO-001,MARGIN,,[],False,{}
99999.57,0.00,99999.57,USD,IDEALPRO-001,MARGIN,,[],False,{}
100000.00,0.00,100000.00,EUR,IDEALPRO-001,MARGIN,,[],False,{}
99999.57,2.33,99997.24,USD,IDEALPRO-001,MARGIN,,"[{'type': 'MarginBalance', 'initial': '0.00', 'maintenance': '2.33', 'currency': 'USD', 'instrument_id': 'EUR/USD.IDEALPRO'}]",False,{}
100000.00,0.00,100000.00,EUR,IDEALPRO-001,MARGIN,,"[{'type': 'MarginBalance', 'initial': '0.00', 'maintenance': '2.33', 'currency': 'USD', 'instrument_id': 'EUR/USD.IDEALPRO'}]",False,{}
99999.57,2.33,99997.24,USD,IDEALPRO-001,MARGIN,,"[{'type': 'MarginBalance', 'initial': '0.00', 'maintenance': '2.33', 'currency': 'USD', 'instrument_id': 'EUR/USD.IDEALPRO'}]",False,{}
100000.00,0.00,100000.00,EUR,IDEALPRO-001,MARGIN,,"[{'type': 'MarginBalance', 'initial': '0.00', 'maintenance': '2.33', 'currency': 'USD', 'instrument_id': 'EUR/USD.IDEALPRO'}]",False,{}
99999.57,2.33,99997.24,USD,IDEALPRO-001,MARGIN,,"[{'type': 'MarginBalance', 'initial': '0.00', 'maintenance': '2.33', 'currency': 'USD', 'instrument_id': 'EUR/USD.IDEALPRO'}]",False,{}
100000.00,0.00,100000.00,EUR,IDEALPRO-001,MARGIN,,"[{'type': 'MarginBalance', 'initial': '0.00', 'maintenance': '2.33', 'currency': 'USD', 'instrument_id': 'EUR/USD.IDEALPRO'}]",False,{}
99999.57,2.33,99997.24,USD,IDEALPRO-001,MARGIN,,"[{'type': 'MarginBalance', 'initial': '0.00', 'maintenance': '2.33', 'currency': 'USD', 'instrument_id': 'EUR/USD.IDEALPRO'}]",False,{}
100000.00,0.00,100000.00,EUR,IDEALPRO-001,MARGIN,,"[{'type': 'MarginBalance', 'initial': '0.00', 'maintenance': '2.33', 'currency': 'USD', 'instrument_id': 'EUR/USD.IDEALPRO'}]",False,{}
99999.57,0.00,99999.57,USD,IDEALPRO-001,MARGIN,,[],False,{}
100000.00,0.00,100000.00,EUR,IDEALPRO-001,MARGIN,,[],False,{}
99999.57,0.00,99999.57,USD,IDEALPRO-001,MARGIN,,[],False,{}
100000.00,0.00,100000.00,EUR,IDEALPRO-001,MARGIN,,[],False,{}
99999.57,0.00,99999.57,USD,IDEALPRO-001,MARGIN,,[],False,{}
100000.00,0.00,100000.00,EUR,IDEALPRO-001,MARGIN,,[],False,{}
99999.57,0.00,99999.57,USD,IDEALPRO-001,MARGIN,,[],False,{}
100000.00,0.00,100000.00,EUR,IDEALPRO-001,MARGIN,,[],False,{}
99999.57,0.00,99999.57,USD,IDEALPRO-001,MARGIN,,[],False,{}
100000.00,0.00,100000.00,EUR,IDEALPRO-001,MARGIN,,[],False,{}
99999.57,0.00,99999.57,USD,IDEALPRO-001,MARGIN,,[],False,{}
100000.00,0.00,100000.00,EUR,IDEALPRO-001,MARGIN,,[],False,{}
99999.57,2.33,99997.24,USD,IDEALPRO-001,MARGIN,,"[{'type': 'MarginBalance', 'initial': '0.00', 'maintenance': '2.33', 'currency': 'USD', 'instrument_id': 'EUR/USD.IDEALPRO'}]",False,{}
100000.00,0.00,100000.00,EUR,IDEALPRO-001,MARGIN,,"[{'type': 'MarginBalance', 'initial': '0.00', 'maintenance': '2.33', 'currency': 'USD', 'instrument_id': 'EUR/USD.IDEALPRO'}]",False,{}
99999.57,2.33,99997.24,USD,IDEALPRO-001,MARGIN,,"[{'type': 'MarginBalance', 'initial': '0.00', 'maintenance': '2.33', 'currency': 'USD', 'instrument_id': 'EUR/USD.IDEALPRO'}]",False,{}
100000.00,0.00,100000.00,EUR,IDEALPRO-001,MARGIN,,"[{'type': 'MarginBalance', 'initial': '0.00', 'maintenance': '2.33', 'currency': 'USD', 'instrument_id': 'EUR/USD.IDEALPRO'}]",False,{}
99999.57,2.33,99997.24,USD,IDEALPRO-001,MARGIN,,"[{'type': 'MarginBalance', 'initial': '0.00', 'maintenance': '2.33', 'currency': 'USD', 'instrument_id': 'EUR/USD.IDEALPRO'}]",False,{}
100000.00,0.00,100000.00,EUR,IDEALPRO-001,MARGIN,,"[{'type': 'MarginBalance', 'initial': '0.00', 'maintenance': '2.33', 'currency': 'USD', 'instrument_id': 'EUR/USD.IDEALPRO'}]",False,{}
99999.57,2.33,99997.24,USD,IDEALPRO-001,MARGIN,,"[{'type': 'MarginBalance', 'initial': '0.00', 'maintenance': '2.33', 'currency': 'USD', 'instrument_id': 'EUR/USD.IDEALPRO'}]",False,{}
100000.00,0.00,100000.00,EUR,IDEALPRO-001,MARGIN,,"[{'type': 'MarginBalance', 'initial': '0.00', 'maintenance': '2.33', 'currency': 'USD', 'instrument_id': 'EUR/USD.IDEALPRO'}]",False,{}
99999.54,0.00,99999.54,USD,IDEALPRO-001,MARGIN,,[],False,{}
100000.00,0.00,100000.00,EUR,IDEALPRO-001,MARGIN,,[],False,{}
99999.54,0.00,99999.54,USD,IDEALPRO-001,MARGIN,,[],False,{}
100000.00,0.00,100000.00,EUR,IDEALPRO-001,MARGIN,,[],False,{}
99999.54,0.00,99999.54,USD,IDEALPRO-001,MARGIN,,[],False,{}
100000.00,0.00,100000.00,EUR,IDEALPRO-001,MARGIN,,[],False,{}
99999.54,0.00,99999.54,USD,IDEALPRO-001,MARGIN,,[],False,{}
100000.00,0.00,100000.00,EUR,IDEALPRO-001,MARGIN,,[],False,{}
99999.54,0.00,99999.54,USD,IDEALPRO-001,MARGIN,,[],False,{}
100000.00,0.00,100000.00,EUR,IDEALPRO-001,MARGIN,,[],False,{}
99999.54,0.00,99999.54,USD,IDEALPRO-001,MARGIN,,[],False,{}
100000.00,0.00,100000.00,EUR,IDEALPRO-001,MARGIN,,[],False,{}
99999.54,2.33,99997.21,USD,IDEALPRO-001,MARGIN,,"[{'type': 'MarginBalance', 'initial': '0.00', 'maintenance': '2.33', 'currency': 'USD', 'instrument_id': 'EUR/USD.IDEALPRO'}]",False,{}
100000.00,0.00,100000.00,EUR,IDEALPRO-001,MARGIN,,"[{'type': 'MarginBalance', 'initial': '0.00', 'maintenance': '2.33', 'currency': 'USD', 'instrument_id': 'EUR/USD.IDEALPRO'}]",False,{}
99999.54,2.33,99997.21,USD,IDEALPRO-001,MARGIN,,"[{'type': 'MarginBalance', 'initial': '0.00', 'maintenance': '2.33', 'currency': 'USD', 'instrument_id': 'EUR/USD.IDEALPRO'}]",False,{}
100000.00,0.00,100000.00,EUR,IDEALPRO-001,MARGIN,,"[{'type': 'MarginBalance', 'initial': '0.00', 'maintenance': '2.33', 'currency': 'USD', 'instrument_id': 'EUR/USD.IDEALPRO'}]",False,{}
99999.54,2.33,99997.21,USD,IDEALPRO-001,MARGIN,,"[{'type': 'MarginBalance', 'initial': '0.00', 'maintenance': '2.33', 'currency': 'USD', 'instrument_id': 'EUR/USD.IDEALPRO'}]",False,{}
100000.00,0.00,100000.00,EUR,IDEALPRO-001,MARGIN,,"[{'type': 'MarginBalance', 'initial': '0.00', 'maintenance': '2.33', 'currency': 'USD', 'instrument_id': 'EUR/USD.IDEALPRO'}]",False,{}
99999.54,2.33,99997.21,USD,IDEALPRO-001,MARGIN,,"[{'type': 'MarginBalance', 'initial': '0.00', 'maintenance': '2.33', 'currency': 'USD', 'instrument_id': 'EUR/USD.IDEALPRO'}]",False,{}
100000.00,0.00,100000.00,EUR,IDEALPRO-001,MARGIN,,"[{'type': 'MarginBalance', 'initial': '0.00', 'maintenance': '2.33', 'currency': 'USD', 'instrument_id': 'EUR/USD.IDEALPRO'}]",False,{}
99999.51,0.00,99999.51,USD,IDEALPRO-001,MARGIN,,[],False,{}
100000.00,0.00,100000.00,EUR,IDEALPRO-001,MARGIN,,[],False,{}
99999.51,0.00,99999.51,USD,IDEALPRO-001,MARGIN,,[],False,{}
100000.00,0.00,100000.00,EUR,IDEALPRO-001,MARGIN,,[],False,{}
99999.51,0.00,99999.51,USD,IDEALPRO-001,MARGIN,,[],False,{}
100000.00,0.00,100000.00,EUR,IDEALPRO-001,MARGIN,,[],False,{}
99999.51,0.00,99999.51,USD,IDEALPRO-001,MARGIN,,[],False,{}
100000.00,0.00,100000.00,EUR,IDEALPRO-001,MARGIN,,[],False,{}
99999.51,0.00,99999.51,USD,IDEALPRO-001,MARGIN,,[],False,{}
100000.00,0.00,100000.00,EUR,IDEALPRO-001,MARGIN,,[],False,{}
99999.51,0.00,99999.51,USD,IDEALPRO-001,MARGIN,,[],False,{}
100000.00,0.00,100000.00,EUR,IDEALPRO-001,MARGIN,,[],False,{}
99999.51,2.33,99997.18,USD,IDEALPRO-001,MARGIN,,"[{'type': 'MarginBalance', 'initial': '0.00', 'maintenance': '2.33', 'currency': 'USD', 'instrument_id': 'EUR/USD.IDEALPRO'}]",False,{}
100000.00,0.00,100000.00,EUR,IDEALPRO-001,MARGIN,,"[{'type': 'MarginBalance', 'initial': '0.00', 'maintenance': '2.33', 'currency': 'USD', 'instrument_id': 'EUR/USD.IDEALPRO'}]",False,{}
99999.51,2.33,99997.18,USD,IDEALPRO-001,MARGIN,,"[{'type': 'MarginBalance', 'initial': '0.00', 'maintenance': '2.33', 'currency': 'USD', 'instrument_id': 'EUR/USD.IDEALPRO'}]",False,{}
100000.00,0.00,100000.00,EUR,IDEALPRO-001,MARGIN,,"[{'type': 'MarginBalance', 'initial': '0.00', 'maintenance': '2.33', 'currency': 'USD', 'instrument_id': 'EUR/USD.IDEALPRO'}]",False,{}
99999.51,2.33,99997.18,USD,IDEALPRO-001,MARGIN,,"[{'type': 'MarginBalance', 'initial': '0.00', 'maintenance': '2.33', 'currency': 'USD', 'instrument_id': 'EUR/USD.IDEALPRO'}]",False,{}
100000.00,0.00,100000.00,EUR,IDEALPRO-001,MARGIN,,"[{'type': 'MarginBalance', 'initial': '0.00', 'maintenance': '2.33', 'currency': 'USD', 'instrument_id': 'EUR/USD.IDEALPRO'}]",False,{}
99999.51,2.33,99997.18,USD,IDEALPRO-001,MARGIN,,"[{'type': 'MarginBalance', 'initial': '0.00', 'maintenance': '2.33', 'currency': 'USD', 'instrument_id': 'EUR/USD.IDEALPRO'}]",False,{}
100000.00,0.00,100000.00,EUR,IDEALPRO-001,MARGIN,,"[{'type': 'MarginBalance', 'initial': '0.00', 'maintenance': '2.33', 'currency': 'USD', 'instrument_id': 'EUR/USD.IDEALPRO'}]",False,{}
99999.47,0.00,99999.47,USD,IDEALPRO-001,MARGIN,,[],False,{}
100000.00,0.00,100000.00,EUR,IDEALPRO-001,MARGIN,,[],False,{}
99999.47,0.00,99999.47,USD,IDEALPRO-001,MARGIN,,[],False,{}
100000.00,0.00,100000.00,EUR,IDEALPRO-001,MARGIN,,[],False,{}
99999.47,0.00,99999.47,USD,IDEALPRO-001,MARGIN,,[],False,{}
100000.00,0.00,100000.00,EUR,IDEALPRO-001,MARGIN,,[],False,{}
99999.47,0.00,99999.47,USD,IDEALPRO-001,MARGIN,,[],False,{}
100000.00,0.00,100000.00,EUR,IDEALPRO-001,MARGIN,,[],False,{}
99999.47,0.00,99999.47,USD,IDEALPRO-001,MARGIN,,[],False,{}
100000.00,0.00,100000.00,EUR,IDEALPRO-001,MARGIN,,[],False,{}
99999.47,0.00,99999.47,USD,IDEALPRO-001,MARGIN,,[],False,{}
100000.00,0.00,100000.00,EUR,IDEALPRO-001,MARGIN,,[],False,{}
99999.47,2.33,99997.14,USD,IDEALPRO-001,MARGIN,,"[{'type': 'MarginBalance', 'initial': '0.00', 'maintenance': '2.33', 'currency': 'USD', 'instrument_id': 'EUR/USD.IDEALPRO'}]",False,{}
100000.00,0.00,100000.00,EUR,IDEALPRO-001,MARGIN,,"[{'type': 'MarginBalance', 'initial': '0.00', 'maintenance': '2.33', 'currency': 'USD', 'instrument_id': 'EUR/USD.IDEALPRO'}]",False,{}
99999.47,2.33,99997.14,USD,IDEALPRO-001,MARGIN,,"[{'type': 'MarginBalance', 'initial': '0.00', 'maintenance': '2.33', 'currency': 'USD', 'instrument_id': 'EUR/USD.IDEALPRO'}]",False,{}
100000.00,0.00,100000.00,EUR,IDEALPRO-001,MARGIN,,"[{'type': 'MarginBalance', 'initial': '0.00', 'maintenance': '2.33', 'currency': 'USD', 'instrument_id': 'EUR/USD.IDEALPRO'}]",False,{}
99999.47,2.33,99997.14,USD,IDEALPRO-001,MARGIN,,"[{'type': 'MarginBalance', 'initial': '0.00', 'maintenance': '2.33', 'currency': 'USD', 'instrument_id': 'EUR/USD.IDEALPRO'}]",False,{}
100000.00,0.00,100000.00,EUR,IDEALPRO-001,MARGIN,,"[{'type': 'MarginBalance', 'initial': '0.00', 'maintenance': '2.33', 'currency': 'USD', 'instrument_id': 'EUR/USD.IDEALPRO'}]",False,{}
99999.47,2.33,99997.14,USD,IDEALPRO-001,MARGIN,,"[{'type': 'MarginBalance', 'initial': '0.00', 'maintenance': '2.33', 'currency': 'USD', 'instrument_id': 'EUR/USD.IDEALPRO'}]",False,{}
100000.00,0.00,100000.00,EUR,IDEALPRO-001,MARGIN,,"[{'type': 'MarginBalance', 'initial': '0.00', 'maintenance': '2.33', 'currency': 'USD', 'instrument_id': 'EUR/USD.IDEALPRO'}]",False,{}
99999.49,0.00,99999.49,USD,IDEALPRO-001,MARGIN,,[],False,{}
100000.00,0.00,100000.00,EUR,IDEALPRO-001,MARGIN,,[],False,{}
99999.49,0.00,99999.49,USD,IDEALPRO-001,MARGIN,,[],False,{}
100000.00,0.00,100000.00,EUR,IDEALPRO-001,MARGIN,,[],False,{}
99999.49,0.00,99999.49,USD,IDEALPRO-001,MARGIN,,[],False,{}
100000.00,0.00,100000.00,EUR,IDEALPRO-001,MARGIN,,[],False,{}
99999.49,0.00,99999.49,USD,IDEALPRO-001,MARGIN,,[],False,{}
100000.00,0.00,100000.00,EUR,IDEALPRO-001,MARGIN,,[],False,{}
99999.49,0.00,99999.49,USD,IDEALPRO-001,MARGIN,,[],False,{}
100000.00,0.00,100000.00,EUR,IDEALPRO-001,MARGIN,,[],False,{}
99999.49,0.00,99999.49,USD,IDEALPRO-001,MARGIN,,[],False,{}
100000.00,0.00,100000.00,EUR,IDEALPRO-001,MARGIN,,[],False,{}
99999.49,2.33,99997.16,USD,IDEALPRO-001,MARGIN,,"[{'type': 'MarginBalance', 'initial': '0.00', 'maintenance': '2.33', 'currency': 'USD', 'instrument_id': 'EUR/USD.IDEALPRO'}]",False,{}
100000.00,0.00,100000.00,EUR,IDEALPRO-001,MARGIN,,"[{'type': 'MarginBalance', 'initial': '0.00', 'maintenance': '2.33', 'currency': 'USD', 'instrument_id': 'EUR/USD.IDEALPRO'}]",False,{}
99999.49,2.33,99997.16,USD,IDEALPRO-001,MARGIN,,"[{'type': 'MarginBalance', 'initial': '0.00', 'maintenance': '2.33', 'currency': 'USD', 'instrument_id': 'EUR/USD.IDEALPRO'}]",False,{}
100000.00,0.00,100000.00,EUR,IDEALPRO-001,MARGIN,,"[{'type': 'MarginBalance', 'initial': '0.00', 'maintenance': '2.33', 'currency': 'USD', 'instrument_id': 'EUR/USD.IDEALPRO'}]",False,{}
99999.49,2.33,99997.16,USD,IDEALPRO-001,MARGIN,,"[{'type': 'MarginBalance', 'initial': '0.00', 'maintenance': '2.33', 'currency': 'USD', 'instrument_id': 'EUR/USD.IDEALPRO'}]",False,{}
100000.00,0.00,100000.00,EUR,IDEALPRO-001,MARGIN,,"[{'type': 'MarginBalance', 'initial': '0.00', 'maintenance': '2.33', 'currency': 'USD', 'instrument_id': 'EUR/USD.IDEALPRO'}]",False,{}
99999.49,2.33,99997.16,USD,IDEALPRO-001,MARGIN,,"[{'type': 'MarginBalance', 'initial': '0.00', 'maintenance': '2.33', 'currency': 'USD', 'instrument_id': 'EUR/USD.IDEALPRO'}]",False,{}
100000.00,0.00,100000.00,EUR,IDEALPRO-001,MARGIN,,"[{'type': 'MarginBalance', 'initial': '0.00', 'maintenance': '2.33', 'currency': 'USD', 'instrument_id': 'EUR/USD.IDEALPRO'}]",False,{}
99999.50,0.00,99999.50,USD,IDEALPRO-001,MARGIN,,[],False,{}
100000.00,0.00,100000.00,EUR,IDEALPRO-001,MARGIN,,[],False,{}
99999.50,0.00,99999.50,USD,IDEALPRO-001,MARGIN,,[],False,{}
100000.00,0.00,100000.00,EUR,IDEALPRO-001,MARGIN,,[],False,{}
99999.50,0.00,99999.50,USD,IDEALPRO-001,MARGIN,,[],False,{}
100000.00,0.00,100000.00,EUR,IDEALPRO-001,MARGIN,,[],False,{}
99999.50,0.00,99999.50,USD,IDEALPRO-001,MARGIN,,[],False,{}
100000.00,0.00,100000.00,EUR,IDEALPRO-001,MARGIN,,[],False,{}
99999.50,0.00,99999.50,USD,IDEALPRO-001,MARGIN,,[],False,{}
100000.00,0.00,100000.00,EUR,IDEALPRO-001,MARGIN,,[],False,{}
99999.50,0.00,99999.50,USD,IDEALPRO-001,MARGIN,,[],False,{}
100000.00,0.00,100000.00,EUR,IDEALPRO-001,MARGIN,,[],False,{}
99999.50,2.33,99997.17,USD,IDEALPRO-001,MARGIN,,"[{'type': 'MarginBalance', 'initial': '0.00', 'maintenance': '2.33', 'currency': 'USD', 'instrument_id': 'EUR/USD.IDEALPRO'}]",False,{}
100000.00,0.00,100000.00,EUR,IDEALPRO-001,MARGIN,,"[{'type': 'MarginBalance', 'initial': '0.00', 'maintenance': '2.33', 'currency': 'USD', 'instrument_id': 'EUR/USD.IDEALPRO'}]",False,{}
99999.50,2.33,99997.17,USD,IDEALPRO-001,MARGIN,,"[{'type': 'MarginBalance', 'initial': '0.00', 'maintenance': '2.33', 'currency': 'USD', 'instrument_id': 'EUR/USD.IDEALPRO'}]",False,{}
100000.00,0.00,100000.00,EUR,IDEALPRO-001,MARGIN,,"[{'type': 'MarginBalance', 'initial': '0.00', 'maintenance': '2.33', 'currency': 'USD', 'instrument_id': 'EUR/USD.IDEALPRO'}]",False,{}
99999.50,2.33,99997.17,USD,IDEALPRO-001,MARGIN,,"[{'type': 'MarginBalance', 'initial': '0.00', 'maintenance': '2.33', 'currency': 'USD', 'instrument_id': 'EUR/USD.IDEALPRO'}]",False,{}
100000.00,0.00,100000.00,EUR,IDEALPRO-001,MARGIN,,"[{'type': 'MarginBalance', 'initial': '0.00', 'maintenance': '2.33', 'currency': 'USD', 'instrument_id': 'EUR/USD.IDEALPRO'}]",False,{}
99999.50,2.33,99997.17,USD,IDEALPRO-001,MARGIN,,"[{'type': 'MarginBalance', 'initial': '0.00', 'maintenance': '2.33', 'currency': 'USD', 'instrument_id': 'EUR/USD.IDEALPRO'}]",False,{}
100000.00,0.00,100000.00,EUR,IDEALPRO-001,MARGIN,,"[{'type': 'MarginBalance', 'initial': '0.00', 'maintenance': '2.33', 'currency': 'USD', 'instrument_id': 'EUR/USD.IDEALPRO'}]",False,{}
99999.49,0.00,99999.49,USD,IDEALPRO-001,MARGIN,,[],False,{}
100000.00,0.00,100000.00,EUR,IDEALPRO-001,MARGIN,,[],False,{}
99999.49,0.00,99999.49,USD,IDEALPRO-001,MARGIN,,[],False,{}
100000.00,0.00,100000.00,EUR,IDEALPRO-001,MARGIN,,[],False,{}
99999.49,0.00,99999.49,USD,IDEALPRO-001,MARGIN,,[],False,{}
100000.00,0.00,100000.00,EUR,IDEALPRO-001,MARGIN,,[],False,{}
99999.49,0.00,99999.49,USD,IDEALPRO-001,MARGIN,,[],False,{}
100000.00,0.00,100000.00,EUR,IDEALPRO-001,MARGIN,,[],False,{}
99999.49,0.00,99999.49,USD,IDEALPRO-001,MARGIN,,[],False,{}
100000.00,0.00,100000.00,EUR,IDEALPRO-001,MARGIN,,[],False,{}
99999.49,0.00,99999.49,USD,IDEALPRO-001,MARGIN,,[],False,{}
100000.00,0.00,100000.00,EUR,IDEALPRO-001,MARGIN,,[],False,{}
99999.49,2.33,99997.16,USD,IDEALPRO-001,MARGIN,,"[{'type': 'MarginBalance', 'initial': '0.00', 'maintenance': '2.33', 'currency': 'USD', 'instrument_id': 'EUR/USD.IDEALPRO'}]",False,{}
100000.00,0.00,100000.00,EUR,IDEALPRO-001,MARGIN,,"[{'type': 'MarginBalance', 'initial': '0.00', 'maintenance': '2.33', 'currency': 'USD', 'instrument_id': 'EUR/USD.IDEALPRO'}]",False,{}
99999.49,2.33,99997.16,USD,IDEALPRO-001,MARGIN,,"[{'type': 'MarginBalance', 'initial': '0.00', 'maintenance': '2.33', 'currency': 'USD', 'instrument_id': 'EUR/USD.IDEALPRO'}]",False,{}
100000.00,0.00,100000.00,EUR,IDEALPRO-001,MARGIN,,"[{'type': 'MarginBalance', 'initial': '0.00', 'maintenance': '2.33', 'currency': 'USD', 'instrument_id': 'EUR/USD.IDEALPRO'}]",False,{}
99999.49,2.33,99997.16,USD,IDEALPRO-001,MARGIN,,"[{'type': 'MarginBalance', 'initial': '0.00', 'maintenance': '2.33', 'currency': 'USD', 'instrument_id': 'EUR/USD.IDEALPRO'}]",False,{}
100000.00,0.00,100000.00,EUR,IDEALPRO-001,MARGIN,,"[{'type': 'MarginBalance', 'initial': '0.00', 'maintenance': '2.33', 'currency': 'USD', 'instrument_id': 'EUR/USD.IDEALPRO'}]",False,{}
99999.49,2.33,99997.16,USD,IDEALPRO-001,MARGIN,,"[{'type': 'MarginBalance', 'initial': '0.00', 'maintenance': '2.33', 'currency': 'USD', 'instrument_id': 'EUR/USD.IDEALPRO'}]",False,{}
100000.00,0.00,100000.00,EUR,IDEALPRO-001,MARGIN,,"[{'type': 'MarginBalance', 'initial': '0.00', 'maintenance': '2.33', 'currency': 'USD', 'instrument_id': 'EUR/USD.IDEALPRO'}]",False,{}
99999.55,0.00,99999.55,USD,IDEALPRO-001,MARGIN,,[],False,{}
100000.00,0.00,100000.00,EUR,IDEALPRO-001,MARGIN,,[],False,{}
99999.55,0.00,99999.55,USD,IDEALPRO-001,MARGIN,,[],False,{}
100000.00,0.00,100000.00,EUR,IDEALPRO-001,MARGIN,,[],False,{}
99999.55,0.00,99999.55,USD,IDEALPRO-001,MARGIN,,[],False,{}
100000.00,0.00,100000.00,EUR,IDEALPRO-001,MARGIN,,[],False,{}
99999.55,0.00,99999.55,USD,IDEALPRO-001,MARGIN,,[],False,{}
100000.00,0.00,100000.00,EUR,IDEALPRO-001,MARGIN,,[],False,{}
99999.55,0.00,99999.55,USD,IDEALPRO-001,MARGIN,,[],False,{}
100000.00,0.00,100000.00,EUR,IDEALPRO-001,MARGIN,,[],False,{}
99999.55,0.00,99999.55,USD,IDEALPRO-001,MARGIN,,[],False,{}
100000.00,0.00,100000.00,EUR,IDEALPRO-001,MARGIN,,[],False,{}
99999.55,2.33,99997.22,USD,IDEALPRO-001,MARGIN,,"[{'type': 'MarginBalance', 'initial': '0.00', 'maintenance': '2.33', 'currency': 'USD', 'instrument_id': 'EUR/USD.IDEALPRO'}]",False,{}
100000.00,0.00,100000.00,EUR,IDEALPRO-001,MARGIN,,"[{'type': 'MarginBalance', 'initial': '0.00', 'maintenance': '2.33', 'currency': 'USD', 'instrument_id': 'EUR/USD.IDEALPRO'}]",False,{}
99999.55,2.33,99997.22,USD,IDEALPRO-001,MARGIN,,"[{'type': 'MarginBalance', 'initial': '0.00', 'maintenance': '2.33', 'currency': 'USD', 'instrument_id': 'EUR/USD.IDEALPRO'}]",False,{}
100000.00,0.00,100000.00,EUR,IDEALPRO-001,MARGIN,,"[{'type': 'MarginBalance', 'initial': '0.00', 'maintenance': '2.33', 'currency': 'USD', 'instrument_id': 'EUR/USD.IDEALPRO'}]",False,{}
99999.55,2.33,99997.22,USD,IDEALPRO-001,MARGIN,,"[{'type': 'MarginBalance', 'initial': '0.00', 'maintenance': '2.33', 'currency': 'USD', 'instrument_id': 'EUR/USD.IDEALPRO'}]",False,{}
100000.00,0.00,100000.00,EUR,IDEALPRO-001,MARGIN,,"[{'type': 'MarginBalance', 'initial': '0.00', 'maintenance': '2.33', 'currency': 'USD', 'instrument_id': 'EUR/USD.IDEALPRO'}]",False,{}
99999.55,2.33,99997.22,USD,IDEALPRO-001,MARGIN,,"[{'type': 'MarginBalance', 'initial': '0.00', 'maintenance': '2.33', 'currency': 'USD', 'instrument_id': 'EUR/USD.IDEALPRO'}]",False,{}
100000.00,0.00,100000.00,EUR,IDEALPRO-001,MARGIN,,"[{'type': 'MarginBalance', 'initial': '0.00', 'maintenance': '2.33', 'currency': 'USD', 'instrument_id': 'EUR/USD.IDEALPRO'}]",False,{}
99999.54,0.00,99999.54,USD,IDEALPRO-001,MARGIN,,[],False,{}
100000.00,0.00,100000.00,EUR,IDEALPRO-001,MARGIN,,[],False,{}
99999.54,0.00,99999.54,USD,IDEALPRO-001,MARGIN,,[],False,{}
100000.00,0.00,100000.00,EUR,IDEALPRO-001,MARGIN,,[],False,{}
99999.54,0.00,99999.54,USD,IDEALPRO-001,MARGIN,,[],False,{}
100000.00,0.00,100000.00,EUR,IDEALPRO-001,MARGIN,,[],False,{}
99999.54,0.00,99999.54,USD,IDEALPRO-001,MARGIN,,[],False,{}
100000.00,0.00,100000.00,EUR,IDEALPRO-001,MARGIN,,[],False,{}
99999.54,0.00,99999.54,USD,IDEALPRO-001,MARGIN,,[],False,{}
100000.00,0.00,100000.00,EUR,IDEALPRO-001,MARGIN,,[],False,{}
99999.54,0.00,99999.54,USD,IDEALPRO-001,MARGIN,,[],False,{}
100000.00,0.00,100000.00,EUR,IDEALPRO-001,MARGIN,,[],False,{}
99999.54,2.33,99997.21,USD,IDEALPRO-001,MARGIN,,"[{'type': 'MarginBalance', 'initial': '0.00', 'maintenance': '2.33', 'currency': 'USD', 'instrument_id': 'EUR/USD.IDEALPRO'}]",False,{}
100000.00,0.00,100000.00,EUR,IDEALPRO-001,MARGIN,,"[{'type': 'MarginBalance', 'initial': '0.00', 'maintenance': '2.33', 'currency': 'USD', 'instrument_id': 'EUR/USD.IDEALPRO'}]",False,{}
99999.54,2.33,99997.21,USD,IDEALPRO-001,MARGIN,,"[{'type': 'MarginBalance', 'initial': '0.00', 'maintenance': '2.33', 'currency': 'USD', 'instrument_id': 'EUR/USD.IDEALPRO'}]",False,{}
100000.00,0.00,100000.00,EUR,IDEALPRO-001,MARGIN,,"[{'type': 'MarginBalance', 'initial': '0.00', 'maintenance': '2.33', 'currency': 'USD', 'instrument_id': 'EUR/USD.IDEALPRO'}]",False,{}
99999.54,2.33,99997.21,USD,IDEALPRO-001,MARGIN,,"[{'type': 'MarginBalance', 'initial': '0.00', 'maintenance': '2.33', 'currency': 'USD', 'instrument_id': 'EUR/USD.IDEALPRO'}]",False,{}
100000.00,0.00,100000.00,EUR,IDEALPRO-001,MARGIN,,"[{'type': 'MarginBalance', 'initial': '0.00', 'maintenance': '2.33', 'currency': 'USD', 'instrument_id': 'EUR/USD.IDEALPRO'}]",False,{}
99999.54,2.33,99997.21,USD,IDEALPRO-001,MARGIN,,"[{'type': 'MarginBalance', 'initial': '0.00', 'maintenance': '2.33', 'currency': 'USD', 'instrument_id': 'EUR/USD.IDEALPRO'}]",False,{}
100000.00,0.00,100000.00,EUR,IDEALPRO-001,MARGIN,,"[{'type': 'MarginBalance', 'initial': '0.00', 'maintenance': '2.33', 'currency': 'USD', 'instrument_id': 'EUR/USD.IDEALPRO'}]",False,{}
99999.51,0.00,99999.51,USD,IDEALPRO-001,MARGIN,,[],False,{}
100000.00,0.00,100000.00,EUR,IDEALPRO-001,MARGIN,,[],False,{}
99999.51,0.00,99999.51,USD,IDEALPRO-001,MARGIN,,[],False,{}
100000.00,0.00,100000.00,EUR,IDEALPRO-001,MARGIN,,[],False,{}
99999.51,0.00,99999.51,USD,IDEALPRO-001,MARGIN,,[],False,{}
100000.00,0.00,100000.00,EUR,IDEALPRO-001,MARGIN,,[],False,{}
99999.51,0.00,99999.51,USD,IDEALPRO-001,MARGIN,,[],False,{}
100000.00,0.00,100000.00,EUR,IDEALPRO-001,MARGIN,,[],False,{}
99999.51,0.00,99999.51,USD,IDEALPRO-001,MARGIN,,[],False,{}
100000.00,0.00,100000.00,EUR,IDEALPRO-001,MARGIN,,[],False,{}
99999.51,0.00,99999.51,USD,IDEALPRO-001,MARGIN,,[],False,{}
100000.00,0.00,100000.00,EUR,IDEALPRO-001,MARGIN,,[],False,{}
99999.51,2.33,99997.18,USD,IDEALPRO-001,MARGIN,,"[{'type': 'MarginBalance', 'initial': '0.00', 'maintenance': '2.33', 'currency': 'USD', 'instrument_id': 'EUR/USD.IDEALPRO'}]",False,{}
100000.00,0.00,100000.00,EUR,IDEALPRO-001,MARGIN,,"[{'type': 'MarginBalance', 'initial': '0.00', 'maintenance': '2.33', 'currency': 'USD', 'instrument_id': 'EUR/USD.IDEALPRO'}]",False,{}
99999.51,2.33,99997.18,USD,IDEALPRO-001,MARGIN,,"[{'type': 'MarginBalance', 'initial': '0.00', 'maintenance': '2.33', 'currency': 'USD', 'instrument_id': 'EUR/USD.IDEALPRO'}]",False,{}
100000.00,0.00,100000.00,EUR,IDEALPRO-001,MARGIN,,"[{'type': 'MarginBalance', 'initial': '0.00', 'maintenance': '2.33', 'currency': 'USD', 'instrument_id': 'EUR/USD.IDEALPRO'}]",False,{}
99999.51,2.33,99997.18,USD,IDEALPRO-001,MARGIN,,"[{'type': 'MarginBalance', 'initial': '0.00', 'maintenance': '2.33', 'currency': 'USD', 'instrument_id': 'EUR/USD.IDEALPRO'}]",False,{}
100000.00,0.00,100000.00,EUR,IDEALPRO-001,MARGIN,,"[{'type': 'MarginBalance', 'initial': '0.00', 'maintenance': '2.33', 'currency': 'USD', 'instrument_id': 'EUR/USD.IDEALPRO'}]",False,{}
99999.51,2.33,99997.18,USD,IDEALPRO-001,MARGIN,,"[{'type': 'MarginBalance', 'initial': '0.00', 'maintenance': '2.33', 'currency': 'USD', 'instrument_id': 'EUR/USD.IDEALPRO'}]",False,{}
100000.00,0.00,100000.00,EUR,IDEALPRO-001,MARGIN,,"[{'type': 'MarginBalance', 'initial': '0.00', 'maintenance': '2.33', 'currency': 'USD', 'instrument_id': 'EUR/USD.IDEALPRO'}]",False,{}
99999.51,0.00,99999.51,USD,IDEALPRO-001,MARGIN,,[],False,{}
100000.00,0.00,100000.00,EUR,IDEALPRO-001,MARGIN,,[],False,{}
99999.51,0.00,99999.51,USD,IDEALPRO-001,MARGIN,,[],False,{}
100000.00,0.00,100000.00,EUR,IDEALPRO-001,MARGIN,,[],False,{}
99999.51,0.00,99999.51,USD,IDEALPRO-001,MARGIN,,[],False,{}
100000.00,0.00,100000.00,EUR,IDEALPRO-001,MARGIN,,[],False,{}
99999.51,0.00,99999.51,USD,IDEALPRO-001,MARGIN,,[],False,{}
100000.00,0.00,100000.00,EUR,IDEALPRO-001,MARGIN,,[],False,{}
99999.51,0.00,99999.51,USD,IDEALPRO-001,MARGIN,,[],False,{}
100000.00,0.00,100000.00,EUR,IDEALPRO-001,MARGIN,,[],False,{}
99999.51,0.00,99999.51,USD,IDEALPRO-001,MARGIN,,[],False,{}
100000.00,0.00,100000.00,EUR,IDEALPRO-001,MARGIN,,[],False,{}
99999.51,2.33,99997.18,USD,IDEALPRO-001,MARGIN,,"[{'type': 'MarginBalance', 'initial': '0.00', 'maintenance': '2.33', 'currency': 'USD', 'instrument_id': 'EUR/USD.IDEALPRO'}]",False,{}
100000.00,0.00,100000.00,EUR,IDEALPRO-001,MARGIN,,"[{'type': 'MarginBalance', 'initial': '0.00', 'maintenance': '2.33', 'currency': 'USD', 'instrument_id': 'EUR/USD.IDEALPRO'}]",False,{}
99999.51,2.33,99997.18,USD,IDEALPRO-001,MARGIN,,"[{'type': 'MarginBalance', 'initial': '0.00', 'maintenance': '2.33', 'currency': 'USD', 'instrument_id': 'EUR/USD.IDEALPRO'}]",False,{}
100000.00,0.00,100000.00,EUR,IDEALPRO-001,MARGIN,,"[{'type': 'MarginBalance', 'initial': '0.00', 'maintenance': '2.33', 'currency': 'USD', 'instrument_id': 'EUR/USD.IDEALPRO'}]",False,{}
99999.51,2.33,99997.18,USD,IDEALPRO-001,MARGIN,,"[{'type': 'MarginBalance', 'initial': '0.00', 'maintenance': '2.33', 'currency': 'USD', 'instrument_id': 'EUR/USD.IDEALPRO'}]",False,{}
100000.00,0.00,100000.00,EUR,IDEALPRO-001,MARGIN,,"[{'type': 'MarginBalance', 'initial': '0.00', 'maintenance': '2.33', 'currency': 'USD', 'instrument_id': 'EUR/USD.IDEALPRO'}]",False,{}
99999.51,2.33,99997.18,USD,IDEALPRO-001,MARGIN,,"[{'type': 'MarginBalance', 'initial': '0.00', 'maintenance': '2.33', 'currency': 'USD', 'instrument_id': 'EUR/USD.IDEALPRO'}]",False,{}
100000.00,0.00,100000.00,EUR,IDEALPRO-001,MARGIN,,"[{'type': 'MarginBalance', 'initial': '0.00', 'maintenance': '2.33', 'currency': 'USD', 'instrument_id': 'EUR/USD.IDEALPRO'}]",False,{}
99999.55,0.00,99999.55,USD,IDEALPRO-001,MARGIN,,[],False,{}
100000.00,0.00,100000.00,EUR,IDEALPRO-001,MARGIN,,[],False,{}
99999.55,0.00,99999.55,USD,IDEALPRO-001,MARGIN,,[],False,{}
100000.00,0.00,100000.00,EUR,IDEALPRO-001,MARGIN,,[],False,{}
99999.55,0.00,99999.55,USD,IDEALPRO-001,MARGIN,,[],False,{}
100000.00,0.00,100000.00,EUR,IDEALPRO-001,MARGIN,,[],False,{}
99999.55,0.00,99999.55,USD,IDEALPRO-001,MARGIN,,[],False,{}
100000.00,0.00,100000.00,EUR,IDEALPRO-001,MARGIN,,[],False,{}
99999.55,0.00,99999.55,USD,IDEALPRO-001,MARGIN,,[],False,{}
100000.00,0.00,100000.00,EUR,IDEALPRO-001,MARGIN,,[],False,{}
99999.55,0.00,99999.55,USD,IDEALPRO-001,MARGIN,,[],False,{}
100000.00,0.00,100000.00,EUR,IDEALPRO-001,MARGIN,,[],False,{}
99999.55,2.33,99997.22,USD,IDEALPRO-001,MARGIN,,"[{'type': 'MarginBalance', 'initial': '0.00', 'maintenance': '2.33', 'currency': 'USD', 'instrument_id': 'EUR/USD.IDEALPRO'}]",False,{}
100000.00,0.00,100000.00,EUR,IDEALPRO-001,MARGIN,,"[{'type': 'MarginBalance', 'initial': '0.00', 'maintenance': '2.33', 'currency': 'USD', 'instrument_id': 'EUR/USD.IDEALPRO'}]",False,{}
99999.55,2.33,99997.22,USD,IDEALPRO-001,MARGIN,,"[{'type': 'MarginBalance', 'initial': '0.00', 'maintenance': '2.33', 'currency': 'USD', 'instrument_id': 'EUR/USD.IDEALPRO'}]",False,{}
100000.00,0.00,100000.00,EUR,IDEALPRO-001,MARGIN,,"[{'type': 'MarginBalance', 'initial': '0.00', 'maintenance': '2.33', 'currency': 'USD', 'instrument_id': 'EUR/USD.IDEALPRO'}]",False,{}
99999.55,2.33,99997.22,USD,IDEALPRO-001,MARGIN,,"[{'type': 'MarginBalance', 'initial': '0.00', 'maintenance': '2.33', 'currency': 'USD', 'instrument_id': 'EUR/USD.IDEALPRO'}]",False,{}
100000.00,0.00,100000.00,EUR,IDEALPRO-001,MARGIN,,"[{'type': 'MarginBalance', 'initial': '0.00', 'maintenance': '2.33', 'currency': 'USD', 'instrument_id': 'EUR/USD.IDEALPRO'}]",False,{}
99999.55,2.33,99997.22,USD,IDEALPRO-001,MARGIN,,"[{'type': 'MarginBalance', 'initial': '0.00', 'maintenance': '2.33', 'currency': 'USD', 'instrument_id': 'EUR/USD.IDEALPRO'}]",False,{}
100000.00,0.00,100000.00,EUR,IDEALPRO-001,MARGIN,,"[{'type': 'MarginBalance', 'initial': '0.00', 'maintenance': '2.33', 'currency': 'USD', 'instrument_id': 'EUR/USD.IDEALPRO'}]",False,{}
99999.54,0.00,99999.54,USD,IDEALPRO-001,MARGIN,,[],False,{}
100000.00,0.00,100000.00,EUR,IDEALPRO-001,MARGIN,,[],False,{}
99999.54,0.00,99999.54,USD,IDEALPRO-001,MARGIN,,[],False,{}
100000.00,0.00,100000.00,EUR,IDEALPRO-001,MARGIN,,[],False,{}
99999.54,0.00,99999.54,USD,IDEALPRO-001,MARGIN,,[],False,{}
100000.00,0.00,100000.00,EUR,IDEALPRO-001,MARGIN,,[],False,{}
99999.54,0.00,99999.54,USD,IDEALPRO-001,MARGIN,,[],False,{}
100000.00,0.00,100000.00,EUR,IDEALPRO-001,MARGIN,,[],False,{}
99999.54,0.00,99999.54,USD,IDEALPRO-001,MARGIN,,[],False,{}
100000.00,0.00,100000.00,EUR,IDEALPRO-001,MARGIN,,[],False,{}
99999.54,0.00,99999.54,USD,IDEALPRO-001,MARGIN,,[],False,{}
100000.00,0.00,100000.00,EUR,IDEALPRO-001,MARGIN,,[],False,{}
99999.54,2.33,99997.21,USD,IDEALPRO-001,MARGIN,,"[{'type': 'MarginBalance', 'initial': '0.00', 'maintenance': '2.33', 'currency': 'USD', 'instrument_id': 'EUR/USD.IDEALPRO'}]",False,{}
100000.00,0.00,100000.00,EUR,IDEALPRO-001,MARGIN,,"[{'type': 'MarginBalance', 'initial': '0.00', 'maintenance': '2.33', 'currency': 'USD', 'instrument_id': 'EUR/USD.IDEALPRO'}]",False,{}
99999.54,2.33,99997.21,USD,IDEALPRO-001,MARGIN,,"[{'type': 'MarginBalance', 'initial': '0.00', 'maintenance': '2.33', 'currency': 'USD', 'instrument_id': 'EUR/USD.IDEALPRO'}]",False,{}
100000.00,0.00,100000.00,EUR,IDEALPRO-001,MARGIN,,"[{'type': 'MarginBalance', 'initial': '0.00', 'maintenance': '2.33', 'currency': 'USD', 'instrument_id': 'EUR/USD.IDEALPRO'}]",False,{}
99999.54,2.33,99997.21,USD,IDEALPRO-001,MARGIN,,"[{'type': 'MarginBalance', 'initial': '0.00', 'maintenance': '2.33', 'currency': 'USD', 'instrument_id': 'EUR/USD.IDEALPRO'}]",False,{}
100000.00,0.00,100000.00,EUR,IDEALPRO-001,MARGIN,,"[{'type': 'MarginBalance', 'initial': '0.00', 'maintenance': '2.33', 'currency': 'USD', 'instrument_id': 'EUR/USD.IDEALPRO'}]",False,{}
99999.48,0.00,99999.48,USD,IDEALPRO-001,MARGIN,,[],False,{}
100000.00,0.00,100000.00,EUR,IDEALPRO-001,MARGIN,,[],False,{}
99999.48,0.00,99999.48,USD,IDEALPRO-001,MARGIN,,[],False,{}
100000.00,0.00,100000.00,EUR,IDEALPRO-001,MARGIN,,[],False,{}
99999.48,0.00,99999.48,USD,IDEALPRO-001,MARGIN,,[],False,{}
100000.00,0.00,100000.00,EUR,IDEALPRO-001,MARGIN,,[],False,{}
99999.48,0.00,99999.48,USD,IDEALPRO-001,MARGIN,,[],False,{}
100000.00,0.00,100000.00,EUR,IDEALPRO-001,MARGIN,,[],False,{}
99999.48,0.00,99999.48,USD,IDEALPRO-001,MARGIN,,[],False,{}
100000.00,0.00,100000.00,EUR,IDEALPRO-001,MARGIN,,[],False,{}
99999.48,2.33,99997.15,USD,IDEALPRO-001,MARGIN,,"[{'type': 'MarginBalance', 'initial': '0.00', 'maintenance': '2.33', 'currency': 'USD', 'instrument_id': 'EUR/USD.IDEALPRO'}]",False,{}
100000.00,0.00,100000.00,EUR,IDEALPRO-001,MARGIN,,"[{'type': 'MarginBalance', 'initial': '0.00', 'maintenance': '2.33', 'currency': 'USD', 'instrument_id': 'EUR/USD.IDEALPRO'}]",False,{}
99999.48,2.33,99997.15,USD,IDEALPRO-001,MARGIN,,"[{'type': 'MarginBalance', 'initial': '0.00', 'maintenance': '2.33', 'currency': 'USD', 'instrument_id': 'EUR/USD.IDEALPRO'}]",False,{}
100000.00,0.00,100000.00,EUR,IDEALPRO-001,MARGIN,,"[{'type': 'MarginBalance', 'initial': '0.00', 'maintenance': '2.33', 'currency': 'USD', 'instrument_id': 'EUR/USD.IDEALPRO'}]",False,{}
99999.48,2.33,99997.15,USD,IDEALPRO-001,MARGIN,,"[{'type': 'MarginBalance', 'initial': '0.00', 'maintenance': '2.33', 'currency': 'USD', 'instrument_id': 'EUR/USD.IDEALPRO'}]",False,{}
100000.00,0.00,100000.00,EUR,IDEALPRO-001,MARGIN,,"[{'type': 'MarginBalance', 'initial': '0.00', 'maintenance': '2.33', 'currency': 'USD', 'instrument_id': 'EUR/USD.IDEALPRO'}]",False,{}
99999.42,0.00,99999.42,USD,IDEALPRO-001,MARGIN,,[],False,{}
100000.00,0.00,100000.00,EUR,IDEALPRO-001,MARGIN,,[],False,{}
99999.42,0.00,99999.42,USD,IDEALPRO-001,MARGIN,,[],False,{}
100000.00,0.00,100000.00,EUR,IDEALPRO-001,MARGIN,,[],False,{}
99999.42,0.00,99999.42,USD,IDEALPRO-001,MARGIN,,[],False,{}
100000.00,0.00,100000.00,EUR,IDEALPRO-001,MARGIN,,[],False,{}
99999.42,0.00,99999.42,USD,IDEALPRO-001,MARGIN,,[],False,{}
100000.00,0.00,100000.00,EUR,IDEALPRO-001,MARGIN,,[],False,{}
99999.42,0.00,99999.42,USD,IDEALPRO-001,MARGIN,,[],False,{}
100000.00,0.00,100000.00,EUR,IDEALPRO-001,MARGIN,,[],False,{}
99999.42,2.33,99997.09,USD,IDEALPRO-001,MARGIN,,"[{'type': 'MarginBalance', 'initial': '0.00', 'maintenance': '2.33', 'currency': 'USD', 'instrument_id': 'EUR/USD.IDEALPRO'}]",False,{}
100000.00,0.00,100000.00,EUR,IDEALPRO-001,MARGIN,,"[{'type': 'MarginBalance', 'initial': '0.00', 'maintenance': '2.33', 'currency': 'USD', 'instrument_id': 'EUR/USD.IDEALPRO'}]",False,{}
99999.42,2.33,99997.09,USD,IDEALPRO-001,MARGIN,,"[{'type': 'MarginBalance', 'initial': '0.00', 'maintenance': '2.33', 'currency': 'USD', 'instrument_id': 'EUR/USD.IDEALPRO'}]",False,{}
100000.00,0.00,100000.00,EUR,IDEALPRO-001,MARGIN,,"[{'type': 'MarginBalance', 'initial': '0.00', 'maintenance': '2.33', 'currency': 'USD', 'instrument_id': 'EUR/USD.IDEALPRO'}]",False,{}
99999.42,2.33,99997.09,USD,IDEALPRO-001,MARGIN,,"[{'type': 'MarginBalance', 'initial': '0.00', 'maintenance': '2.33', 'currency': 'USD', 'instrument_id': 'EUR/USD.IDEALPRO'}]",False,{}
100000.00,0.00,100000.00,EUR,IDEALPRO-001,MARGIN,,"[{'type': 'MarginBalance', 'initial': '0.00', 'maintenance': '2.33', 'currency': 'USD', 'instrument_id': 'EUR/USD.IDEALPRO'}]",False,{}
99999.42,2.33,99997.09,USD,IDEALPRO-001,MARGIN,,"[{'type': 'MarginBalance', 'initial': '0.00', 'maintenance': '2.33', 'currency': 'USD', 'instrument_id': 'EUR/USD.IDEALPRO'}]",False,{}
100000.00,0.00,100000.00,EUR,IDEALPRO-001,MARGIN,,"[{'type': 'MarginBalance', 'initial': '0.00', 'maintenance': '2.33', 'currency': 'USD', 'instrument_id': 'EUR/USD.IDEALPRO'}]",False,{}
99999.51,0.00,99999.51,USD,IDEALPRO-001,MARGIN,,[],False,{}
100000.00,0.00,100000.00,EUR,IDEALPRO-001,MARGIN,,[],False,{}
99999.51,0.00,99999.51,USD,IDEALPRO-001,MARGIN,,[],False,{}
100000.00,0.00,100000.00,EUR,IDEALPRO-001,MARGIN,,[],False,{}
99999.51,0.00,99999.51,USD,IDEALPRO-001,MARGIN,,[],False,{}
100000.00,0.00,100000.00,EUR,IDEALPRO-001,MARGIN,,[],False,{}
99999.51,0.00,99999.51,USD,IDEALPRO-001,MARGIN,,[],False,{}
100000.00,0.00,100000.00,EUR,IDEALPRO-001,MARGIN,,[],False,{}
99999.51,0.00,99999.51,USD,IDEALPRO-001,MARGIN,,[],False,{}
100000.00,0.00,100000.00,EUR,IDEALPRO-001,MARGIN,,[],False,{}
99999.51,0.00,99999.51,USD,IDEALPRO-001,MARGIN,,[],False,{}
100000.00,0.00,100000.00,EUR,IDEALPRO-001,MARGIN,,[],False,{}
99999.51,2.33,99997.18,USD,IDEALPRO-001,MARGIN,,"[{'type': 'MarginBalance', 'initial': '0.00', 'maintenance': '2.33', 'currency': 'USD', 'instrument_id': 'EUR/USD.IDEALPRO'}]",False,{}
100000.00,0.00,100000.00,EUR,IDEALPRO-001,MARGIN,,"[{'type': 'MarginBalance', 'initial': '0.00', 'maintenance': '2.33', 'currency': 'USD', 'instrument_id': 'EUR/USD.IDEALPRO'}]",False,{}
99999.51,2.33,99997.18,USD,IDEALPRO-001,MARGIN,,"[{'type': 'MarginBalance', 'initial': '0.00', 'maintenance': '2.33', 'currency': 'USD', 'instrument_id': 'EUR/USD.IDEALPRO'}]",False,{}
100000.00,0.00,100000.00,EUR,IDEALPRO-001,MARGIN,,"[{'type': 'MarginBalance', 'initial': '0.00', 'maintenance': '2.33', 'currency': 'USD', 'instrument_id': 'EUR/USD.IDEALPRO'}]",False,{}
99999.51,2.33,99997.18,USD,IDEALPRO-001,MARGIN,,"[{'type': 'MarginBalance', 'initial': '0.00', 'maintenance': '2.33', 'currency': 'USD', 'instrument_id': 'EUR/USD.IDEALPRO'}]",False,{}
100000.00,0.00,100000.00,EUR,IDEALPRO-001,MARGIN,,"[{'type': 'MarginBalance', 'initial': '0.00', 'maintenance': '2.33', 'currency': 'USD', 'instrument_id': 'EUR/USD.IDEALPRO'}]",False,{}
99999.51,2.33,99997.18,USD,IDEALPRO-001,MARGIN,,"[{'type': 'MarginBalance', 'initial': '0.00', 'maintenance': '2.33', 'currency': 'USD', 'instrument_id': 'EUR/USD.IDEALPRO'}]",False,{}
100000.00,0.00,100000.00,EUR,IDEALPRO-001,MARGIN,,"[{'type': 'MarginBalance', 'initial': '0.00', 'maintenance': '2.33', 'currency': 'USD', 'instrument_id': 'EUR/USD.IDEALPRO'}]",False,{}
99999.71,0.00,99999.71,USD,IDEALPRO-001,MARGIN,,[],False,{}
100000.00,0.00,100000.00,EUR,IDEALPRO-001,MARGIN,,[],False,{}
99999.71,0.00,99999.71,USD,IDEALPRO-001,MARGIN,,[],False,{}
100000.00,0.00,100000.00,EUR,IDEALPRO-001,MARGIN,,[],False,{}
99999.71,0.00,99999.71,USD,IDEALPRO-001,MARGIN,,[],False,{}
100000.00,0.00,100000.00,EUR,IDEALPRO-001,MARGIN,,[],False,{}
99999.71,0.00,99999.71,USD,IDEALPRO-001,MARGIN,,[],False,{}
100000.00,0.00,100000.00,EUR,IDEALPRO-001,MARGIN,,[],False,{}
99999.71,0.00,99999.71,USD,IDEALPRO-001,MARGIN,,[],False,{}
100000.00,0.00,100000.00,EUR,IDEALPRO-001,MARGIN,,[],False,{}
99999.71,0.00,99999.71,USD,IDEALPRO-001,MARGIN,,[],False,{}
100000.00,0.00,100000.00,EUR,IDEALPRO-001,MARGIN,,[],False,{}
99999.71,2.33,99997.38,USD,IDEALPRO-001,MARGIN,,"[{'type': 'MarginBalance', 'initial': '0.00', 'maintenance': '2.33', 'currency': 'USD', 'instrument_id': 'EUR/USD.IDEALPRO'}]",False,{}
100000.00,0.00,100000.00,EUR,IDEALPRO-001,MARGIN,,"[{'type': 'MarginBalance', 'initial': '0.00', 'maintenance': '2.33', 'currency': 'USD', 'instrument_id': 'EUR/USD.IDEALPRO'}]",False,{}
99999.71,2.33,99997.38,USD,IDEALPRO-001,MARGIN,,"[{'type': 'MarginBalance', 'initial': '0.00', 'maintenance': '2.33', 'currency': 'USD', 'instrument_id': 'EUR/USD.IDEALPRO'}]",False,{}
100000.00,0.00,100000.00,EUR,IDEALPRO-001,MARGIN,,"[{'type': 'MarginBalance', 'initial': '0.00', 'maintenance': '2.33', 'currency': 'USD', 'instrument_id': 'EUR/USD.IDEALPRO'}]",False,{}
99999.71,2.33,99997.38,USD,IDEALPRO-001,MARGIN,,"[{'type': 'MarginBalance', 'initial': '0.00', 'maintenance': '2.33', 'currency': 'USD', 'instrument_id': 'EUR/USD.IDEALPRO'}]",False,{}
100000.00,0.00,100000.00,EUR,IDEALPRO-001,MARGIN,,"[{'type': 'MarginBalance', 'initial': '0.00', 'maintenance': '2.33', 'currency': 'USD', 'instrument_id': 'EUR/USD.IDEALPRO'}]",False,{}
99999.71,2.33,99997.38,USD,IDEALPRO-001,MARGIN,,"[{'type': 'MarginBalance', 'initial': '0.00', 'maintenance': '2.33', 'currency': 'USD', 'instrument_id': 'EUR/USD.IDEALPRO'}]",False,{}
100000.00,0.00,100000.00,EUR,IDEALPRO-001,MARGIN,,"[{'type': 'MarginBalance', 'initial': '0.00', 'maintenance': '2.33', 'currency': 'USD', 'instrument_id': 'EUR/USD.IDEALPRO'}]",False,{}
99999.69,0.00,99999.69,USD,IDEALPRO-001,MARGIN,,[],False,{}
100000.00,0.00,100000.00,EUR,IDEALPRO-001,MARGIN,,[],False,{}
99999.69,0.00,99999.69,USD,IDEALPRO-001,MARGIN,,[],False,{}
100000.00,0.00,100000.00,EUR,IDEALPRO-001,MARGIN,,[],False,{}
99999.69,0.00,99999.69,USD,IDEALPRO-001,MARGIN,,[],False,{}
100000.00,0.00,100000.00,EUR,IDEALPRO-001,MARGIN,,[],False,{}
99999.69,0.00,99999.69,USD,IDEALPRO-001,MARGIN,,[],False,{}
100000.00,0.00,100000.00,EUR,IDEALPRO-001,MARGIN,,[],False,{}
99999.69,0.00,99999.69,USD,IDEALPRO-001,MARGIN,,[],False,{}
100000.00,0.00,100000.00,EUR,IDEALPRO-001,MARGIN,,[],False,{}
99999.69,0.00,99999.69,USD,IDEALPRO-001,MARGIN,,[],False,{}
100000.00,0.00,100000.00,EUR,IDEALPRO-001,MARGIN,,[],False,{}
99999.69,2.33,99997.36,USD,IDEALPRO-001,MARGIN,,"[{'type': 'MarginBalance', 'initial': '0.00', 'maintenance': '2.33', 'currency': 'USD', 'instrument_id': 'EUR/USD.IDEALPRO'}]",False,{}
100000.00,0.00,100000.00,EUR,IDEALPRO-001,MARGIN,,"[{'type': 'MarginBalance', 'initial': '0.00', 'maintenance': '2.33', 'currency': 'USD', 'instrument_id': 'EUR/USD.IDEALPRO'}]",False,{}
99999.69,2.33,99997.36,USD,IDEALPRO-001,MARGIN,,"[{'type': 'MarginBalance', 'initial': '0.00', 'maintenance': '2.33', 'currency': 'USD', 'instrument_id': 'EUR/USD.IDEALPRO'}]",False,{}
100000.00,0.00,100000.00,EUR,IDEALPRO-001,MARGIN,,"[{'type': 'MarginBalance', 'initial': '0.00', 'maintenance': '2.33', 'currency': 'USD', 'instrument_id': 'EUR/USD.IDEALPRO'}]",False,{}
99999.69,2.33,99997.36,USD,IDEALPRO-001,MARGIN,,"[{'type': 'MarginBalance', 'initial': '0.00', 'maintenance': '2.33', 'currency': 'USD', 'instrument_id': 'EUR/USD.IDEALPRO'}]",False,{}
100000.00,0.00,100000.00,EUR,IDEALPRO-001,MARGIN,,"[{'type': 'MarginBalance', 'initial': '0.00', 'maintenance': '2.33', 'currency': 'USD', 'instrument_id': 'EUR/USD.IDEALPRO'}]",False,{}
99999.69,2.33,99997.36,USD,IDEALPRO-001,MARGIN,,"[{'type': 'MarginBalance', 'initial': '0.00', 'maintenance': '2.33', 'currency': 'USD', 'instrument_id': 'EUR/USD.IDEALPRO'}]",False,{}
100000.00,0.00,100000.00,EUR,IDEALPRO-001,MARGIN,,"[{'type': 'MarginBalance', 'initial': '0.00', 'maintenance': '2.33', 'currency': 'USD', 'instrument_id': 'EUR/USD.IDEALPRO'}]",False,{}
99999.73,0.00,99999.73,USD,IDEALPRO-001,MARGIN,,[],False,{}
100000.00,0.00,100000.00,EUR,IDEALPRO-001,MARGIN,,[],False,{}
99999.73,0.00,99999.73,USD,IDEALPRO-001,MARGIN,,[],False,{}
100000.00,0.00,100000.00,EUR,IDEALPRO-001,MARGIN,,[],False,{}
99999.73,0.00,99999.73,USD,IDEALPRO-001,MARGIN,,[],False,{}
100000.00,0.00,100000.00,EUR,IDEALPRO-001,MARGIN,,[],False,{}
99999.73,0.00,99999.73,USD,IDEALPRO-001,MARGIN,,[],False,{}
100000.00,0.00,100000.00,EUR,IDEALPRO-001,MARGIN,,[],False,{}
99999.73,0.00,99999.73,USD,IDEALPRO-001,MARGIN,,[],False,{}
100000.00,0.00,100000.00,EUR,IDEALPRO-001,MARGIN,,[],False,{}
99999.73,0.00,99999.73,USD,IDEALPRO-001,MARGIN,,[],False,{}
100000.00,0.00,100000.00,EUR,IDEALPRO-001,MARGIN,,[],False,{}
99999.73,2.34,99997.39,USD,IDEALPRO-001,MARGIN,,"[{'type': 'MarginBalance', 'initial': '0.00', 'maintenance': '2.34', 'currency': 'USD', 'instrument_id': 'EUR/USD.IDEALPRO'}]",False,{}
100000.00,0.00,100000.00,EUR,IDEALPRO-001,MARGIN,,"[{'type': 'MarginBalance', 'initial': '0.00', 'maintenance': '2.34', 'currency': 'USD', 'instrument_id': 'EUR/USD.IDEALPRO'}]",False,{}
99999.73,2.34,99997.39,USD,IDEALPRO-001,MARGIN,,"[{'type': 'MarginBalance', 'initial': '0.00', 'maintenance': '2.34', 'currency': 'USD', 'instrument_id': 'EUR/USD.IDEALPRO'}]",False,{}
100000.00,0.00,100000.00,EUR,IDEALPRO-001,MARGIN,,"[{'type': 'MarginBalance', 'initial': '0.00', 'maintenance': '2.34', 'currency': 'USD', 'instrument_id': 'EUR/USD.IDEALPRO'}]",False,{}
99999.73,2.34,99997.39,USD,IDEALPRO-001,MARGIN,,"[{'type': 'MarginBalance', 'initial': '0.00', 'maintenance': '2.34', 'currency': 'USD', 'instrument_id': 'EUR/USD.IDEALPRO'}]",False,{}
100000.00,0.00,100000.00,EUR,IDEALPRO-001,MARGIN,,"[{'type': 'MarginBalance', 'initial': '0.00', 'maintenance': '2.34', 'currency': 'USD', 'instrument_id': 'EUR/USD.IDEALPRO'}]",False,{}
99999.67,0.00,99999.67,USD,IDEALPRO-001,MARGIN,,[],False,{}
100000.00,0.00,100000.00,EUR,IDEALPRO-001,MARGIN,,[],False,{}
99999.67,0.00,99999.67,USD,IDEALPRO-001,MARGIN,,[],False,{}
100000.00,0.00,100000.00,EUR,IDEALPRO-001,MARGIN,,[],False,{}
99999.67,0.00,99999.67,USD,IDEALPRO-001,MARGIN,,[],False,{}
100000.00,0.00,100000.00,EUR,IDEALPRO-001,MARGIN,,[],False,{}
99999.67,0.00,99999.67,USD,IDEALPRO-001,MARGIN,,[],False,{}
100000.00,0.00,100000.00,EUR,IDEALPRO-001,MARGIN,,[],False,{}
99999.67,0.00,99999.67,USD,IDEALPRO-001,MARGIN,,[],False,{}
100000.00,0.00,100000.00,EUR,IDEALPRO-001,MARGIN,,[],False,{}
99999.67,2.33,99997.34,USD,IDEALPRO-001,MARGIN,,"[{'type': 'MarginBalance', 'initial': '0.00', 'maintenance': '2.33', 'currency': 'USD', 'instrument_id': 'EUR/USD.IDEALPRO'}]",False,{}
100000.00,0.00,100000.00,EUR,IDEALPRO-001,MARGIN,,"[{'type': 'MarginBalance', 'initial': '0.00', 'maintenance': '2.33', 'currency': 'USD', 'instrument_id': 'EUR/USD.IDEALPRO'}]",False,{}
99999.67,2.33,99997.34,USD,IDEALPRO-001,MARGIN,,"[{'type': 'MarginBalance', 'initial': '0.00', 'maintenance': '2.33', 'currency': 'USD', 'instrument_id': 'EUR/USD.IDEALPRO'}]",False,{}
100000.00,0.00,100000.00,EUR,IDEALPRO-001,MARGIN,,"[{'type': 'MarginBalance', 'initial': '0.00', 'maintenance': '2.33', 'currency': 'USD', 'instrument_id': 'EUR/USD.IDEALPRO'}]",False,{}
99999.67,2.33,99997.34,USD,IDEALPRO-001,MARGIN,,"[{'type': 'MarginBalance', 'initial': '0.00', 'maintenance': '2.33', 'currency': 'USD', 'instrument_id': 'EUR/USD.IDEALPRO'}]",False,{}
100000.00,0.00,100000.00,EUR,IDEALPRO-001,MARGIN,,"[{'type': 'MarginBalance', 'initial': '0.00', 'maintenance': '2.33', 'currency': 'USD', 'instrument_id': 'EUR/USD.IDEALPRO'}]",False,{}
99999.67,2.33,99997.34,USD,IDEALPRO-001,MARGIN,,"[{'type': 'MarginBalance', 'initial': '0.00', 'maintenance': '2.33', 'currency': 'USD', 'instrument_id': 'EUR/USD.IDEALPRO'}]",False,{}
100000.00,0.00,100000.00,EUR,IDEALPRO-001,MARGIN,,"[{'type': 'MarginBalance', 'initial': '0.00', 'maintenance': '2.33', 'currency': 'USD', 'instrument_id': 'EUR/USD.IDEALPRO'}]",False,{}
99999.75,0.00,99999.75,USD,IDEALPRO-001,MARGIN,,[],False,{}
100000.00,0.00,100000.00,EUR,IDEALPRO-001,MARGIN,,[],False,{}
99999.75,0.00,99999.75,USD,IDEALPRO-001,MARGIN,,[],False,{}
100000.00,0.00,100000.00,EUR,IDEALPRO-001,MARGIN,,[],False,{}
99999.75,0.00,99999.75,USD,IDEALPRO-001,MARGIN,,[],False,{}
100000.00,0.00,100000.00,EUR,IDEALPRO-001,MARGIN,,[],False,{}
99999.75,0.00,99999.75,USD,IDEALPRO-001,MARGIN,,[],False,{}
100000.00,0.00,100000.00,EUR,IDEALPRO-001,MARGIN,,[],False,{}
99999.75,0.00,99999.75,USD,IDEALPRO-001,MARGIN,,[],False,{}
100000.00,0.00,100000.00,EUR,IDEALPRO-001,MARGIN,,[],False,{}
99999.75,0.00,99999.75,USD,IDEALPRO-001,MARGIN,,[],False,{}
100000.00,0.00,100000.00,EUR,IDEALPRO-001,MARGIN,,[],False,{}
99999.75,2.34,99997.41,USD,IDEALPRO-001,MARGIN,,"[{'type': 'MarginBalance', 'initial': '0.00', 'maintenance': '2.34', 'currency': 'USD', 'instrument_id': 'EUR/USD.IDEALPRO'}]",False,{}
100000.00,0.00,100000.00,EUR,IDEALPRO-001,MARGIN,,"[{'type': 'MarginBalance', 'initial': '0.00', 'maintenance': '2.34', 'currency': 'USD', 'instrument_id': 'EUR/USD.IDEALPRO'}]",False,{}
99999.75,2.34,99997.41,USD,IDEALPRO-001,MARGIN,,"[{'type': 'MarginBalance', 'initial': '0.00', 'maintenance': '2.34', 'currency': 'USD', 'instrument_id': 'EUR/USD.IDEALPRO'}]",False,{}
100000.00,0.00,100000.00,EUR,IDEALPRO-001,MARGIN,,"[{'type': 'MarginBalance', 'initial': '0.00', 'maintenance': '2.34', 'currency': 'USD', 'instrument_id': 'EUR/USD.IDEALPRO'}]",False,{}
99999.75,2.34,99997.41,USD,IDEALPRO-001,MARGIN,,"[{'type': 'MarginBalance', 'initial': '0.00', 'maintenance': '2.34', 'currency': 'USD', 'instrument_id': 'EUR/USD.IDEALPRO'}]",False,{}
100000.00,0.00,100000.00,EUR,IDEALPRO-001,MARGIN,,"[{'type': 'MarginBalance', 'initial': '0.00', 'maintenance': '2.34', 'currency': 'USD', 'instrument_id': 'EUR/USD.IDEALPRO'}]",False,{}
99999.75,2.34,99997.41,USD,IDEALPRO-001,MARGIN,,"[{'type': 'MarginBalance', 'initial': '0.00', 'maintenance': '2.34', 'currency': 'USD', 'instrument_id': 'EUR/USD.IDEALPRO'}]",False,{}
100000.00,0.00,100000.00,EUR,IDEALPRO-001,MARGIN,,"[{'type': 'MarginBalance', 'initial': '0.00', 'maintenance': '2.34', 'currency': 'USD', 'instrument_id': 'EUR/USD.IDEALPRO'}]",False,{}
99999.90,0.00,99999.90,USD,IDEALPRO-001,MARGIN,,[],False,{}
100000.00,0.00,100000.00,EUR,IDEALPRO-001,MARGIN,,[],False,{}
99999.90,0.00,99999.90,USD,IDEALPRO-001,MARGIN,,[],False,{}
100000.00,0.00,100000.00,EUR,IDEALPRO-001,MARGIN,,[],False,{}
99999.90,0.00,99999.90,USD,IDEALPRO-001,MARGIN,,[],False,{}
100000.00,0.00,100000.00,EUR,IDEALPRO-001,MARGIN,,[],False,{}
99999.90,0.00,99999.90,USD,IDEALPRO-001,MARGIN,,[],False,{}
100000.00,0.00,100000.00,EUR,IDEALPRO-001,MARGIN,,[],False,{}
99999.90,0.00,99999.90,USD,IDEALPRO-001,MARGIN,,[],False,{}
100000.00,0.00,100000.00,EUR,IDEALPRO-001,MARGIN,,[],False,{}
99999.90,0.00,99999.90,USD,IDEALPRO-001,MARGIN,,[],False,{}
100000.00,0.00,100000.00,EUR,IDEALPRO-001,MARGIN,,[],False,{}
99999.90,2.34,99997.56,USD,IDEALPRO-001,MARGIN,,"[{'type': 'MarginBalance', 'initial': '0.00', 'maintenance': '2.34', 'currency': 'USD', 'instrument_id': 'EUR/USD.IDEALPRO'}]",False,{}
100000.00,0.00,100000.00,EUR,IDEALPRO-001,MARGIN,,"[{'type': 'MarginBalance', 'initial': '0.00', 'maintenance': '2.34', 'currency': 'USD', 'instrument_id': 'EUR/USD.IDEALPRO'}]",False,{}
99999.90,2.34,99997.56,USD,IDEALPRO-001,MARGIN,,"[{'type': 'MarginBalance', 'initial': '0.00', 'maintenance': '2.34', 'currency': 'USD', 'instrument_id': 'EUR/USD.IDEALPRO'}]",False,{}
100000.00,0.00,100000.00,EUR,IDEALPRO-001,MARGIN,,"[{'type': 'MarginBalance', 'initial': '0.00', 'maintenance': '2.34', 'currency': 'USD', 'instrument_id': 'EUR/USD.IDEALPRO'}]",False,{}
99999.90,2.34,99997.56,USD,IDEALPRO-001,MARGIN,,"[{'type': 'MarginBalance', 'initial': '0.00', 'maintenance': '2.34', 'currency': 'USD', 'instrument_id': 'EUR/USD.IDEALPRO'}]",False,{}
100000.00,0.00,100000.00,EUR,IDEALPRO-001,MARGIN,,"[{'type': 'MarginBalance', 'initial': '0.00', 'maintenance': '2.34', 'currency': 'USD', 'instrument_id': 'EUR/USD.IDEALPRO'}]",False,{}
99999.90,2.34,99997.56,USD,IDEALPRO-001,MARGIN,,"[{'type': 'MarginBalance', 'initial': '0.00', 'maintenance': '2.34', 'currency': 'USD', 'instrument_id': 'EUR/USD.IDEALPRO'}]",False,{}
100000.00,0.00,100000.00,EUR,IDEALPRO-001,MARGIN,,"[{'type': 'MarginBalance', 'initial': '0.00', 'maintenance': '2.34', 'currency': 'USD', 'instrument_id': 'EUR/USD.IDEALPRO'}]",False,{}
99999.85,0.00,99999.85,USD,IDEALPRO-001,MARGIN,,[],False,{}
100000.00,0.00,100000.00,EUR,IDEALPRO-001,MARGIN,,[],False,{}
99999.85,0.00,99999.85,USD,IDEALPRO-001,MARGIN,,[],False,{}
100000.00,0.00,100000.00,EUR,IDEALPRO-001,MARGIN,,[],False,{}
99999.85,0.00,99999.85,USD,IDEALPRO-001,MARGIN,,[],False,{}
100000.00,0.00,100000.00,EUR,IDEALPRO-001,MARGIN,,[],False,{}
99999.85,0.00,99999.85,USD,IDEALPRO-001,MARGIN,,[],False,{}
100000.00,0.00,100000.00,EUR,IDEALPRO-001,MARGIN,,[],False,{}
99999.85,0.00,99999.85,USD,IDEALPRO-001,MARGIN,,[],False,{}
100000.00,0.00,100000.00,EUR,IDEALPRO-001,MARGIN,,[],False,{}
99999.85,0.00,99999.85,USD,IDEALPRO-001,MARGIN,,[],False,{}
100000.00,0.00,100000.00,EUR,IDEALPRO-001,MARGIN,,[],False,{}
99999.85,2.34,99997.51,USD,IDEALPRO-001,MARGIN,,"[{'type': 'MarginBalance', 'initial': '0.00', 'maintenance': '2.34', 'currency': 'USD', 'instrument_id': 'EUR/USD.IDEALPRO'}]",False,{}
100000.00,0.00,100000.00,EUR,IDEALPRO-001,MARGIN,,"[{'type': 'MarginBalance', 'initial': '0.00', 'maintenance': '2.34', 'currency': 'USD', 'instrument_id': 'EUR/USD.IDEALPRO'}]",False,{}
99999.85,2.34,99997.51,USD,IDEALPRO-001,MARGIN,,"[{'type': 'MarginBalance', 'initial': '0.00', 'maintenance': '2.34', 'currency': 'USD', 'instrument_id': 'EUR/USD.IDEALPRO'}]",False,{}
100000.00,0.00,100000.00,EUR,IDEALPRO-001,MARGIN,,"[{'type': 'MarginBalance', 'initial': '0.00', 'maintenance': '2.34', 'currency': 'USD', 'instrument_id': 'EUR/USD.IDEALPRO'}]",False,{}
99999.85,2.34,99997.51,USD,IDEALPRO-001,MARGIN,,"[{'type': 'MarginBalance', 'initial': '0.00', 'maintenance': '2.34', 'currency': 'USD', 'instrument_id': 'EUR/USD.IDEALPRO'}]",False,{}
100000.00,0.00,100000.00,EUR,IDEALPRO-001,MARGIN,,"[{'type': 'MarginBalance', 'initial': '0.00', 'maintenance': '2.34', 'currency': 'USD', 'instrument_id': 'EUR/USD.IDEALPRO'}]",False,{}
99999.85,2.34,99997.51,USD,IDEALPRO-001,MARGIN,,"[{'type': 'MarginBalance', 'initial': '0.00', 'maintenance': '2.34', 'currency': 'USD', 'instrument_id': 'EUR/USD.IDEALPRO'}]",False,{}
100000.00,0.00,100000.00,EUR,IDEALPRO-001,MARGIN,,"[{'type': 'MarginBalance', 'initial': '0.00', 'maintenance': '2.34', 'currency': 'USD', 'instrument_id': 'EUR/USD.IDEALPRO'}]",False,{}
99999.84,0.00,99999.84,USD,IDEALPRO-001,MARGIN,,[],False,{}
100000.00,0.00,100000.00,EUR,IDEALPRO-001,MARGIN,,[],False,{}
99999.84,0.00,99999.84,USD,IDEALPRO-001,MARGIN,,[],False,{}
100000.00,0.00,100000.00,EUR,IDEALPRO-001,MARGIN,,[],False,{}
99999.84,0.00,99999.84,USD,IDEALPRO-001,MARGIN,,[],False,{}
100000.00,0.00,100000.00,EUR,IDEALPRO-001,MARGIN,,[],False,{}
99999.84,0.00,99999.84,USD,IDEALPRO-001,MARGIN,,[],False,{}
100000.00,0.00,100000.00,EUR,IDEALPRO-001,MARGIN,,[],False,{}
99999.84,0.00,99999.84,USD,IDEALPRO-001,MARGIN,,[],False,{}
100000.00,0.00,100000.00,EUR,IDEALPRO-001,MARGIN,,[],False,{}
99999.84,0.00,99999.84,USD,IDEALPRO-001,MARGIN,,[],False,{}
100000.00,0.00,100000.00,EUR,IDEALPRO-001,MARGIN,,[],False,{}
99999.84,2.34,99997.50,USD,IDEALPRO-001,MARGIN,,"[{'type': 'MarginBalance', 'initial': '0.00', 'maintenance': '2.34', 'currency': 'USD', 'instrument_id': 'EUR/USD.IDEALPRO'}]",False,{}
100000.00,0.00,100000.00,EUR,IDEALPRO-001,MARGIN,,"[{'type': 'MarginBalance', 'initial': '0.00', 'maintenance': '2.34', 'currency': 'USD', 'instrument_id': 'EUR/USD.IDEALPRO'}]",False,{}
99999.84,2.34,99997.50,USD,IDEALPRO-001,MARGIN,,"[{'type': 'MarginBalance', 'initial': '0.00', 'maintenance': '2.34', 'currency': 'USD', 'instrument_id': 'EUR/USD.IDEALPRO'}]",False,{}
100000.00,0.00,100000.00,EUR,IDEALPRO-001,MARGIN,,"[{'type': 'MarginBalance', 'initial': '0.00', 'maintenance': '2.34', 'currency': 'USD', 'instrument_id': 'EUR/USD.IDEALPRO'}]",False,{}
99999.84,2.34,99997.50,USD,IDEALPRO-001,MARGIN,,"[{'type': 'MarginBalance', 'initial': '0.00', 'maintenance': '2.34', 'currency': 'USD', 'instrument_id': 'EUR/USD.IDEALPRO'}]",False,{}
100000.00,0.00,100000.00,EUR,IDEALPRO-001,MARGIN,,"[{'type': 'MarginBalance', 'initial': '0.00', 'maintenance': '2.34', 'currency': 'USD', 'instrument_id': 'EUR/USD.IDEALPRO'}]",False,{}
99999.84,2.34,99997.50,USD,IDEALPRO-001,MARGIN,,"[{'type': 'MarginBalance', 'initial': '0.00', 'maintenance': '2.34', 'currency': 'USD', 'instrument_id': 'EUR/USD.IDEALPRO'}]",False,{}
100000.00,0.00,100000.00,EUR,IDEALPRO-001,MARGIN,,"[{'type': 'MarginBalance', 'initial': '0.00', 'maintenance': '2.34', 'currency': 'USD', 'instrument_id': 'EUR/USD.IDEALPRO'}]",False,{}
99999.86,0.00,99999.86,USD,IDEALPRO-001,MARGIN,,[],False,{}
100000.00,0.00,100000.00,EUR,IDEALPRO-001,MARGIN,,[],False,{}
99999.86,0.00,99999.86,USD,IDEALPRO-001,MARGIN,,[],False,{}
100000.00,0.00,100000.00,EUR,IDEALPRO-001,MARGIN,,[],False,{}
99999.86,0.00,99999.86,USD,IDEALPRO-001,MARGIN,,[],False,{}
100000.00,0.00,100000.00,EUR,IDEALPRO-001,MARGIN,,[],False,{}
99999.86,0.00,99999.86,USD,IDEALPRO-001,MARGIN,,[],False,{}
100000.00,0.00,100000.00,EUR,IDEALPRO-001,MARGIN,,[],False,{}
99999.86,0.00,99999.86,USD,IDEALPRO-001,MARGIN,,[],False,{}
100000.00,0.00,100000.00,EUR,IDEALPRO-001,MARGIN,,[],False,{}
99999.86,0.00,99999.86,USD,IDEALPRO-001,MARGIN,,[],False,{}
100000.00,0.00,100000.00,EUR,IDEALPRO-001,MARGIN,,[],False,{}
99999.86,2.34,99997.52,USD,IDEALPRO-001,MARGIN,,"[{'type': 'MarginBalance', 'initial': '0.00', 'maintenance': '2.34', 'currency': 'USD', 'instrument_id': 'EUR/USD.IDEALPRO'}]",False,{}
100000.00,0.00,100000.00,EUR,IDEALPRO-001,MARGIN,,"[{'type': 'MarginBalance', 'initial': '0.00', 'maintenance': '2.34', 'currency': 'USD', 'instrument_id': 'EUR/USD.IDEALPRO'}]",False,{}
99999.86,2.34,99997.52,USD,IDEALPRO-001,MARGIN,,"[{'type': 'MarginBalance', 'initial': '0.00', 'maintenance': '2.34', 'currency': 'USD', 'instrument_id': 'EUR/USD.IDEALPRO'}]",False,{}
100000.00,0.00,100000.00,EUR,IDEALPRO-001,MARGIN,,"[{'type': 'MarginBalance', 'initial': '0.00', 'maintenance': '2.34', 'currency': 'USD', 'instrument_id': 'EUR/USD.IDEALPRO'}]",False,{}
99999.86,2.34,99997.52,USD,IDEALPRO-001,MARGIN,,"[{'type': 'MarginBalance', 'initial': '0.00', 'maintenance': '2.34', 'currency': 'USD', 'instrument_id': 'EUR/USD.IDEALPRO'}]",False,{}
100000.00,0.00,100000.00,EUR,IDEALPRO-001,MARGIN,,"[{'type': 'MarginBalance', 'initial': '0.00', 'maintenance': '2.34', 'currency': 'USD', 'instrument_id': 'EUR/USD.IDEALPRO'}]",False,{}
99999.86,2.34,99997.52,USD,IDEALPRO-001,MARGIN,,"[{'type': 'MarginBalance', 'initial': '0.00', 'maintenance': '2.34', 'currency': 'USD', 'instrument_id': 'EUR/USD.IDEALPRO'}]",False,{}
100000.00,0.00,100000.00,EUR,IDEALPRO-001,MARGIN,,"[{'type': 'MarginBalance', 'initial': '0.00', 'maintenance': '2.34', 'currency': 'USD', 'instrument_id': 'EUR/USD.IDEALPRO'}]",False,{}
99999.85,0.00,99999.85,USD,IDEALPRO-001,MARGIN,,[],False,{}
100000.00,0.00,100000.00,EUR,IDEALPRO-001,MARGIN,,[],False,{}
99999.85,0.00,99999.85,USD,IDEALPRO-001,MARGIN,,[],False,{}
100000.00,0.00,100000.00,EUR,IDEALPRO-001,MARGIN,,[],False,{}
99999.85,0.00,99999.85,USD,IDEALPRO-001,MARGIN,,[],False,{}
100000.00,0.00,100000.00,EUR,IDEALPRO-001,MARGIN,,[],False,{}
99999.85,0.00,99999.85,USD,IDEALPRO-001,MARGIN,,[],False,{}
100000.00,0.00,100000.00,EUR,IDEALPRO-001,MARGIN,,[],False,{}
99999.85,0.00,99999.85,USD,IDEALPRO-001,MARGIN,,[],False,{}
100000.00,0.00,100000.00,EUR,IDEALPRO-001,MARGIN,,[],False,{}
99999.85,0.00,99999.85,USD,IDEALPRO-001,MARGIN,,[],False,{}
100000.00,0.00,100000.00,EUR,IDEALPRO-001,MARGIN,,[],False,{}
99999.85,2.34,99997.51,USD,IDEALPRO-001,MARGIN,,"[{'type': 'MarginBalance', 'initial': '0.00', 'maintenance': '2.34', 'currency': 'USD', 'instrument_id': 'EUR/USD.IDEALPRO'}]",False,{}
100000.00,0.00,100000.00,EUR,IDEALPRO-001,MARGIN,,"[{'type': 'MarginBalance', 'initial': '0.00', 'maintenance': '2.34', 'currency': 'USD', 'instrument_id': 'EUR/USD.IDEALPRO'}]",False,{}
99999.85,2.34,99997.51,USD,IDEALPRO-001,MARGIN,,"[{'type': 'MarginBalance', 'initial': '0.00', 'maintenance': '2.34', 'currency': 'USD', 'instrument_id': 'EUR/USD.IDEALPRO'}]",False,{}
100000.00,0.00,100000.00,EUR,IDEALPRO-001,MARGIN,,"[{'type': 'MarginBalance', 'initial': '0.00', 'maintenance': '2.34', 'currency': 'USD', 'instrument_id': 'EUR/USD.IDEALPRO'}]",False,{}
99999.85,2.34,99997.51,USD,IDEALPRO-001,MARGIN,,"[{'type': 'MarginBalance', 'initial': '0.00', 'maintenance': '2.34', 'currency': 'USD', 'instrument_id': 'EUR/USD.IDEALPRO'}]",False,{}
100000.00,0.00,100000.00,EUR,IDEALPRO-001,MARGIN,,"[{'type': 'MarginBalance', 'initial': '0.00', 'maintenance': '2.34', 'currency': 'USD', 'instrument_id': 'EUR/USD.IDEALPRO'}]",False,{}
99999.85,2.34,99997.51,USD,IDEALPRO-001,MARGIN,,"[{'type': 'MarginBalance', 'initial': '0.00', 'maintenance': '2.34', 'currency': 'USD', 'instrument_id': 'EUR/USD.IDEALPRO'}]",False,{}
100000.00,0.00,100000.00,EUR,IDEALPRO-001,MARGIN,,"[{'type': 'MarginBalance', 'initial': '0.00', 'maintenance': '2.34', 'currency': 'USD', 'instrument_id': 'EUR/USD.IDEALPRO'}]",False,{}
99999.83,0.00,99999.83,USD,IDEALPRO-001,MARGIN,,[],False,{}
100000.00,0.00,100000.00,EUR,IDEALPRO-001,MARGIN,,[],False,{}
99999.83,0.00,99999.83,USD,IDEALPRO-001,MARGIN,,[],False,{}
100000.00,0.00,100000.00,EUR,IDEALPRO-001,MARGIN,,[],False,{}
99999.83,0.00,99999.83,USD,IDEALPRO-001,MARGIN,,[],False,{}
100000.00,0.00,100000.00,EUR,IDEALPRO-001,MARGIN,,[],False,{}
99999.83,0.00,99999.83,USD,IDEALPRO-001,MARGIN,,[],False,{}
100000.00,0.00,100000.00,EUR,IDEALPRO-001,MARGIN,,[],False,{}
99999.83,0.00,99999.83,USD,IDEALPRO-001,MARGIN,,[],False,{}
100000.00,0.00,100000.00,EUR,IDEALPRO-001,MARGIN,,[],False,{}
99999.83,0.00,99999.83,USD,IDEALPRO-001,MARGIN,,[],False,{}
100000.00,0.00,100000.00,EUR,IDEALPRO-001,MARGIN,,[],False,{}
99999.83,2.34,99997.49,USD,IDEALPRO-001,MARGIN,,"[{'type': 'MarginBalance', 'initial': '0.00', 'maintenance': '2.34', 'currency': 'USD', 'instrument_id': 'EUR/USD.IDEALPRO'}]",False,{}
100000.00,0.00,100000.00,EUR,IDEALPRO-001,MARGIN,,"[{'type': 'MarginBalance', 'initial': '0.00', 'maintenance': '2.34', 'currency': 'USD', 'instrument_id': 'EUR/USD.IDEALPRO'}]",False,{}
99999.83,2.34,99997.49,USD,IDEALPRO-001,MARGIN,,"[{'type': 'MarginBalance', 'initial': '0.00', 'maintenance': '2.34', 'currency': 'USD', 'instrument_id': 'EUR/USD.IDEALPRO'}]",False,{}
100000.00,0.00,100000.00,EUR,IDEALPRO-001,MARGIN,,"[{'type': 'MarginBalance', 'initial': '0.00', 'maintenance': '2.34', 'currency': 'USD', 'instrument_id': 'EUR/USD.IDEALPRO'}]",False,{}
99999.83,2.34,99997.49,USD,IDEALPRO-001,MARGIN,,"[{'type': 'MarginBalance', 'initial': '0.00', 'maintenance': '2.34', 'currency': 'USD', 'instrument_id': 'EUR/USD.IDEALPRO'}]",False,{}
100000.00,0.00,100000.00,EUR,IDEALPRO-001,MARGIN,,"[{'type': 'MarginBalance', 'initial': '0.00', 'maintenance': '2.34', 'currency': 'USD', 'instrument_id': 'EUR/USD.IDEALPRO'}]",False,{}
99999.83,2.34,99997.49,USD,IDEALPRO-001,MARGIN,,"[{'type': 'MarginBalance', 'initial': '0.00', 'maintenance': '2.34', 'currency': 'USD', 'instrument_id': 'EUR/USD.IDEALPRO'}]",False,{}
100000.00,0.00,100000.00,EUR,IDEALPRO-001,MARGIN,,"[{'type': 'MarginBalance', 'initial': '0.00', 'maintenance': '2.34', 'currency': 'USD', 'instrument_id': 'EUR/USD.IDEALPRO'}]",False,{}
99999.85,0.00,99999.85,USD,IDEALPRO-001,MARGIN,,[],False,{}
100000.00,0.00,100000.00,EUR,IDEALPRO-001,MARGIN,,[],False,{}
99999.85,0.00,99999.85,USD,IDEALPRO-001,MARGIN,,[],False,{}
100000.00,0.00,100000.00,EUR,IDEALPRO-001,MARGIN,,[],False,{}
99999.85,0.00,99999.85,USD,IDEALPRO-001,MARGIN,,[],False,{}
100000.00,0.00,100000.00,EUR,IDEALPRO-001,MARGIN,,[],False,{}
99999.85,0.00,99999.85,USD,IDEALPRO-001,MARGIN,,[],False,{}
100000.00,0.00,100000.00,EUR,IDEALPRO-001,MARGIN,,[],False,{}
99999.85,0.00,99999.85,USD,IDEALPRO-001,MARGIN,,[],False,{}
100000.00,0.00,100000.00,EUR,IDEALPRO-001,MARGIN,,[],False,{}
99999.85,0.00,99999.85,USD,IDEALPRO-001,MARGIN,,[],False,{}
100000.00,0.00,100000.00,EUR,IDEALPRO-001,MARGIN,,[],False,{}
99999.85,2.34,99997.51,USD,IDEALPRO-001,MARGIN,,"[{'type': 'MarginBalance', 'initial': '0.00', 'maintenance': '2.34', 'currency': 'USD', 'instrument_id': 'EUR/USD.IDEALPRO'}]",False,{}
100000.00,0.00,100000.00,EUR,IDEALPRO-001,MARGIN,,"[{'type': 'MarginBalance', 'initial': '0.00', 'maintenance': '2.34', 'currency': 'USD', 'instrument_id': 'EUR/USD.IDEALPRO'}]",False,{}
99999.85,2.34,99997.51,USD,IDEALPRO-001,MARGIN,,"[{'type': 'MarginBalance', 'initial': '0.00', 'maintenance': '2.34', 'currency': 'USD', 'instrument_id': 'EUR/USD.IDEALPRO'}]",False,{}
100000.00,0.00,100000.00,EUR,IDEALPRO-001,MARGIN,,"[{'type': 'MarginBalance', 'initial': '0.00', 'maintenance': '2.34', 'currency': 'USD', 'instrument_id': 'EUR/USD.IDEALPRO'}]",False,{}
99999.85,2.34,99997.51,USD,IDEALPRO-001,MARGIN,,"[{'type': 'MarginBalance', 'initial': '0.00', 'maintenance': '2.34', 'currency': 'USD', 'instrument_id': 'EUR/USD.IDEALPRO'}]",False,{}
100000.00,0.00,100000.00,EUR,IDEALPRO-001,MARGIN,,"[{'type': 'MarginBalance', 'initial': '0.00', 'maintenance': '2.34', 'currency': 'USD', 'instrument_id': 'EUR/USD.IDEALPRO'}]",False,{}
99999.85,2.34,99997.51,USD,IDEALPRO-001,MARGIN,,"[{'type': 'MarginBalance', 'initial': '0.00', 'maintenance': '2.34', 'currency': 'USD', 'instrument_id': 'EUR/USD.IDEALPRO'}]",False,{}
100000.00,0.00,100000.00,EUR,IDEALPRO-001,MARGIN,,"[{'type': 'MarginBalance', 'initial': '0.00', 'maintenance': '2.34', 'currency': 'USD', 'instrument_id': 'EUR/USD.IDEALPRO'}]",False,{}
99999.83,0.00,99999.83,USD,IDEALPRO-001,MARGIN,,[],False,{}
100000.00,0.00,100000.00,EUR,IDEALPRO-001,MARGIN,,[],False,{}
99999.83,0.00,99999.83,USD,IDEALPRO-001,MARGIN,,[],False,{}
100000.00,0.00,100000.00,EUR,IDEALPRO-001,MARGIN,,[],False,{}
99999.83,0.00,99999.83,USD,IDEALPRO-001,MARGIN,,[],False,{}
100000.00,0.00,100000.00,EUR,IDEALPRO-001,MARGIN,,[],False,{}
99999.83,0.00,99999.83,USD,IDEALPRO-001,MARGIN,,[],False,{}
100000.00,0.00,100000.00,EUR,IDEALPRO-001,MARGIN,,[],False,{}
99999.83,0.00,99999.83,USD,IDEALPRO-001,MARGIN,,[],False,{}
100000.00,0.00,100000.00,EUR,IDEALPRO-001,MARGIN,,[],False,{}
99999.83,0.00,99999.83,USD,IDEALPRO-001,MARGIN,,[],False,{}
100000.00,0.00,100000.00,EUR,IDEALPRO-001,MARGIN,,[],False,{}
99999.83,2.34,99997.49,USD,IDEALPRO-001,MARGIN,,"[{'type': 'MarginBalance', 'initial': '0.00', 'maintenance': '2.34', 'currency': 'USD', 'instrument_id': 'EUR/USD.IDEALPRO'}]",False,{}
100000.00,0.00,100000.00,EUR,IDEALPRO-001,MARGIN,,"[{'type': 'MarginBalance', 'initial': '0.00', 'maintenance': '2.34', 'currency': 'USD', 'instrument_id': 'EUR/USD.IDEALPRO'}]",False,{}
99999.83,2.34,99997.49,USD,IDEALPRO-001,MARGIN,,"[{'type': 'MarginBalance', 'initial': '0.00', 'maintenance': '2.34', 'currency': 'USD', 'instrument_id': 'EUR/USD.IDEALPRO'}]",False,{}
100000.00,0.00,100000.00,EUR,IDEALPRO-001,MARGIN,,"[{'type': 'MarginBalance', 'initial': '0.00', 'maintenance': '2.34', 'currency': 'USD', 'instrument_id': 'EUR/USD.IDEALPRO'}]",False,{}
99999.83,2.34,99997.49,USD,IDEALPRO-001,MARGIN,,"[{'type': 'MarginBalance', 'initial': '0.00', 'maintenance': '2.34', 'currency': 'USD', 'instrument_id': 'EUR/USD.IDEALPRO'}]",False,{}
100000.00,0.00,100000.00,EUR,IDEALPRO-001,MARGIN,,"[{'type': 'MarginBalance', 'initial': '0.00', 'maintenance': '2.34', 'currency': 'USD', 'instrument_id': 'EUR/USD.IDEALPRO'}]",False,{}
99999.83,2.34,99997.49,USD,IDEALPRO-001,MARGIN,,"[{'type': 'MarginBalance', 'initial': '0.00', 'maintenance': '2.34', 'currency': 'USD', 'instrument_id': 'EUR/USD.IDEALPRO'}]",False,{}
100000.00,0.00,100000.00,EUR,IDEALPRO-001,MARGIN,,"[{'type': 'MarginBalance', 'initial': '0.00', 'maintenance': '2.34', 'currency': 'USD', 'instrument_id': 'EUR/USD.IDEALPRO'}]",False,{}
99999.84,0.00,99999.84,USD,IDEALPRO-001,MARGIN,,[],False,{}
100000.00,0.00,100000.00,EUR,IDEALPRO-001,MARGIN,,[],False,{}
99999.84,0.00,99999.84,USD,IDEALPRO-001,MARGIN,,[],False,{}
100000.00,0.00,100000.00,EUR,IDEALPRO-001,MARGIN,,[],False,{}
99999.84,0.00,99999.84,USD,IDEALPRO-001,MARGIN,,[],False,{}
100000.00,0.00,100000.00,EUR,IDEALPRO-001,MARGIN,,[],False,{}
99999.84,0.00,99999.84,USD,IDEALPRO-001,MARGIN,,[],False,{}
100000.00,0.00,100000.00,EUR,IDEALPRO-001,MARGIN,,[],False,{}
99999.84,0.00,99999.84,USD,IDEALPRO-001,MARGIN,,[],False,{}
100000.00,0.00,100000.00,EUR,IDEALPRO-001,MARGIN,,[],False,{}
99999.84,0.00,99999.84,USD,IDEALPRO-001,MARGIN,,[],False,{}
100000.00,0.00,100000.00,EUR,IDEALPRO-001,MARGIN,,[],False,{}
99999.84,2.34,99997.50,USD,IDEALPRO-001,MARGIN,,"[{'type': 'MarginBalance', 'initial': '0.00', 'maintenance': '2.34', 'currency': 'USD', 'instrument_id': 'EUR/USD.IDEALPRO'}]",False,{}
100000.00,0.00,100000.00,EUR,IDEALPRO-001,MARGIN,,"[{'type': 'MarginBalance', 'initial': '0.00', 'maintenance': '2.34', 'currency': 'USD', 'instrument_id': 'EUR/USD.IDEALPRO'}]",False,{}
99999.84,2.34,99997.50,USD,IDEALPRO-001,MARGIN,,"[{'type': 'MarginBalance', 'initial': '0.00', 'maintenance': '2.34', 'currency': 'USD', 'instrument_id': 'EUR/USD.IDEALPRO'}]",False,{}
100000.00,0.00,100000.00,EUR,IDEALPRO-001,MARGIN,,"[{'type': 'MarginBalance', 'initial': '0.00', 'maintenance': '2.34', 'currency': 'USD', 'instrument_id': 'EUR/USD.IDEALPRO'}]",False,{}
99999.84,2.34,99997.50,USD,IDEALPRO-001,MARGIN,,"[{'type': 'MarginBalance', 'initial': '0.00', 'maintenance': '2.34', 'currency': 'USD', 'instrument_id': 'EUR/USD.IDEALPRO'}]",False,{}
100000.00,0.00,100000.00,EUR,IDEALPRO-001,MARGIN,,"[{'type': 'MarginBalance', 'initial': '0.00', 'maintenance': '2.34', 'currency': 'USD', 'instrument_id': 'EUR/USD.IDEALPRO'}]",False,{}
99999.84,2.34,99997.50,USD,IDEALPRO-001,MARGIN,,"[{'type': 'MarginBalance', 'initial': '0.00', 'maintenance': '2.34', 'currency': 'USD', 'instrument_id': 'EUR/USD.IDEALPRO'}]",False,{}
100000.00,0.00,100000.00,EUR,IDEALPRO-001,MARGIN,,"[{'type': 'MarginBalance', 'initial': '0.00', 'maintenance': '2.34', 'currency': 'USD', 'instrument_id': 'EUR/USD.IDEALPRO'}]",False,{}
99999.86,0.00,99999.86,USD,IDEALPRO-001,MARGIN,,[],False,{}
100000.00,0.00,100000.00,EUR,IDEALPRO-001,MARGIN,,[],False,{}
99999.86,0.00,99999.86,USD,IDEALPRO-001,MARGIN,,[],False,{}
100000.00,0.00,100000.00,EUR,IDEALPRO-001,MARGIN,,[],False,{}
99999.86,0.00,99999.86,USD,IDEALPRO-001,MARGIN,,[],False,{}
100000.00,0.00,100000.00,EUR,IDEALPRO-001,MARGIN,,[],False,{}
99999.86,0.00,99999.86,USD,IDEALPRO-001,MARGIN,,[],False,{}
100000.00,0.00,100000.00,EUR,IDEALPRO-001,MARGIN,,[],False,{}
99999.86,0.00,99999.86,USD,IDEALPRO-001,MARGIN,,[],False,{}
100000.00,0.00,100000.00,EUR,IDEALPRO-001,MARGIN,,[],False,{}
99999.86,0.00,99999.86,USD,IDEALPRO-001,MARGIN,,[],False,{}
100000.00,0.00,100000.00,EUR,IDEALPRO-001,MARGIN,,[],False,{}
99999.86,2.34,99997.52,USD,IDEALPRO-001,MARGIN,,"[{'type': 'MarginBalance', 'initial': '0.00', 'maintenance': '2.34', 'currency': 'USD', 'instrument_id': 'EUR/USD.IDEALPRO'}]",False,{}
100000.00,0.00,100000.00,EUR,IDEALPRO-001,MARGIN,,"[{'type': 'MarginBalance', 'initial': '0.00', 'maintenance': '2.34', 'currency': 'USD', 'instrument_id': 'EUR/USD.IDEALPRO'}]",False,{}
99999.86,2.33,99997.53,USD,IDEALPRO-001,MARGIN,,"[{'type': 'MarginBalance', 'initial': '0.00', 'maintenance': '2.33', 'currency': 'USD', 'instrument_id': 'EUR/USD.IDEALPRO'}]",False,{}
100000.00,0.00,100000.00,EUR,IDEALPRO-001,MARGIN,,"[{'type': 'MarginBalance', 'initial': '0.00', 'maintenance': '2.33', 'currency': 'USD', 'instrument_id': 'EUR/USD.IDEALPRO'}]",False,{}
99999.86,2.33,99997.53,USD,IDEALPRO-001,MARGIN,,"[{'type': 'MarginBalance', 'initial': '0.00', 'maintenance': '2.33', 'currency': 'USD', 'instrument_id': 'EUR/USD.IDEALPRO'}]",False,{}
100000.00,0.00,100000.00,EUR,IDEALPRO-001,MARGIN,,"[{'type': 'MarginBalance', 'initial': '0.00', 'maintenance': '2.33', 'currency': 'USD', 'instrument_id': 'EUR/USD.IDEALPRO'}]",False,{}
99999.86,2.33,99997.53,USD,IDEALPRO-001,MARGIN,,"[{'type': 'MarginBalance', 'initial': '0.00', 'maintenance': '2.33', 'currency': 'USD', 'instrument_id': 'EUR/USD.IDEALPRO'}]",False,{}
100000.00,0.00,100000.00,EUR,IDEALPRO-001,MARGIN,,"[{'type': 'MarginBalance', 'initial': '0.00', 'maintenance': '2.33', 'currency': 'USD', 'instrument_id': 'EUR/USD.IDEALPRO'}]",False,{}
99999.99,0.00,99999.99,USD,IDEALPRO-001,MARGIN,,[],False,{}
100000.00,0.00,100000.00,EUR,IDEALPRO-001,MARGIN,,[],False,{}
99999.99,0.00,99999.99,USD,IDEALPRO-001,MARGIN,,[],False,{}
100000.00,0.00,100000.00,EUR,IDEALPRO-001,MARGIN,,[],False,{}
99999.99,0.00,99999.99,USD,IDEALPRO-001,MARGIN,,[],False,{}
100000.00,0.00,100000.00,EUR,IDEALPRO-001,MARGIN,,[],False,{}
99999.99,0.00,99999.99,USD,IDEALPRO-001,MARGIN,,[],False,{}
100000.00,0.00,100000.00,EUR,IDEALPRO-001,MARGIN,,[],False,{}
99999.99,0.00,99999.99,USD,IDEALPRO-001,MARGIN,,[],False,{}
100000.00,0.00,100000.00,EUR,IDEALPRO-001,MARGIN,,[],False,{}
99999.99,0.00,99999.99,USD,IDEALPRO-001,MARGIN,,[],False,{}
100000.00,0.00,100000.00,EUR,IDEALPRO-001,MARGIN,,[],False,{}
99999.99,2.33,99997.66,USD,IDEALPRO-001,MARGIN,,"[{'type': 'MarginBalance', 'initial': '0.00', 'maintenance': '2.33', 'currency': 'USD', 'instrument_id': 'EUR/USD.IDEALPRO'}]",False,{}
100000.00,0.00,100000.00,EUR,IDEALPRO-001,MARGIN,,"[{'type': 'MarginBalance', 'initial': '0.00', 'maintenance': '2.33', 'currency': 'USD', 'instrument_id': 'EUR/USD.IDEALPRO'}]",False,{}
99999.99,2.33,99997.66,USD,IDEALPRO-001,MARGIN,,"[{'type': 'MarginBalance', 'initial': '0.00', 'maintenance': '2.33', 'currency': 'USD', 'instrument_id': 'EUR/USD.IDEALPRO'}]",False,{}
100000.00,0.00,100000.00,EUR,IDEALPRO-001,MARGIN,,"[{'type': 'MarginBalance', 'initial': '0.00', 'maintenance': '2.33', 'currency': 'USD', 'instrument_id': 'EUR/USD.IDEALPRO'}]",False,{}
99999.99,2.33,99997.66,USD,IDEALPRO-001,MARGIN,,"[{'type': 'MarginBalance', 'initial': '0.00', 'maintenance': '2.33', 'currency': 'USD', 'instrument_id': 'EUR/USD.IDEALPRO'}]",False,{}
100000.00,0.00,100000.00,EUR,IDEALPRO-001,MARGIN,,"[{'type': 'MarginBalance', 'initial': '0.00', 'maintenance': '2.33', 'currency': 'USD', 'instrument_id': 'EUR/USD.IDEALPRO'}]",False,{}
99999.99,2.33,99997.66,USD,IDEALPRO-001,MARGIN,,"[{'type': 'MarginBalance', 'initial': '0.00', 'maintenance': '2.33', 'currency': 'USD', 'instrument_id': 'EUR/USD.IDEALPRO'}]",False,{}
100000.00,0.00,100000.00,EUR,IDEALPRO-001,MARGIN,,"[{'type': 'MarginBalance', 'initial': '0.00', 'maintenance': '2.33', 'currency': 'USD', 'instrument_id': 'EUR/USD.IDEALPRO'}]",False,{}
99999.97,0.00,99999.97,USD,IDEALPRO-001,MARGIN,,[],False,{}
100000.00,0.00,100000.00,EUR,IDEALPRO-001,MARGIN,,[],False,{}
99999.97,0.00,99999.97,USD,IDEALPRO-001,MARGIN,,[],False,{}
100000.00,0.00,100000.00,EUR,IDEALPRO-001,MARGIN,,[],False,{}
99999.97,0.00,99999.97,USD,IDEALPRO-001,MARGIN,,[],False,{}
100000.00,0.00,100000.00,EUR,IDEALPRO-001,MARGIN,,[],False,{}
99999.97,0.00,99999.97,USD,IDEALPRO-001,MARGIN,,[],False,{}
100000.00,0.00,100000.00,EUR,IDEALPRO-001,MARGIN,,[],False,{}
99999.97,0.00,99999.97,USD,IDEALPRO-001,MARGIN,,[],False,{}
100000.00,0.00,100000.00,EUR,IDEALPRO-001,MARGIN,,[],False,{}
99999.97,0.00,99999.97,USD,IDEALPRO-001,MARGIN,,[],False,{}
100000.00,0.00,100000.00,EUR,IDEALPRO-001,MARGIN,,[],False,{}
99999.97,2.33,99997.64,USD,IDEALPRO-001,MARGIN,,"[{'type': 'MarginBalance', 'initial': '0.00', 'maintenance': '2.33', 'currency': 'USD', 'instrument_id': 'EUR/USD.IDEALPRO'}]",False,{}
100000.00,0.00,100000.00,EUR,IDEALPRO-001,MARGIN,,"[{'type': 'MarginBalance', 'initial': '0.00', 'maintenance': '2.33', 'currency': 'USD', 'instrument_id': 'EUR/USD.IDEALPRO'}]",False,{}
99999.97,2.33,99997.64,USD,IDEALPRO-001,MARGIN,,"[{'type': 'MarginBalance', 'initial': '0.00', 'maintenance': '2.33', 'currency': 'USD', 'instrument_id': 'EUR/USD.IDEALPRO'}]",False,{}
100000.00,0.00,100000.00,EUR,IDEALPRO-001,MARGIN,,"[{'type': 'MarginBalance', 'initial': '0.00', 'maintenance': '2.33', 'currency': 'USD', 'instrument_id': 'EUR/USD.IDEALPRO'}]",False,{}
99999.97,2.33,99997.64,USD,IDEALPRO-001,MARGIN,,"[{'type': 'MarginBalance', 'initial': '0.00', 'maintenance': '2.33', 'currency': 'USD', 'instrument_id': 'EUR/USD.IDEALPRO'}]",False,{}
100000.00,0.00,100000.00,EUR,IDEALPRO-001,MARGIN,,"[{'type': 'MarginBalance', 'initial': '0.00', 'maintenance': '2.33', 'currency': 'USD', 'instrument_id': 'EUR/USD.IDEALPRO'}]",False,{}
99999.97,2.33,99997.64,USD,IDEALPRO-001,MARGIN,,"[{'type': 'MarginBalance', 'initial': '0.00', 'maintenance': '2.33', 'currency': 'USD', 'instrument_id': 'EUR/USD.IDEALPRO'}]",False,{}
100000.00,0.00,100000.00,EUR,IDEALPRO-001,MARGIN,,"[{'type': 'MarginBalance', 'initial': '0.00', 'maintenance': '2.33', 'currency': 'USD', 'instrument_id': 'EUR/USD.IDEALPRO'}]",False,{}
99999.98,0.00,99999.98,USD,IDEALPRO-001,MARGIN,,[],False,{}
100000.00,0.00,100000.00,EUR,IDEALPRO-001,MARGIN,,[],False,{}
99999.98,0.00,99999.98,USD,IDEALPRO-001,MARGIN,,[],False,{}
100000.00,0.00,100000.00,EUR,IDEALPRO-001,MARGIN,,[],False,{}
99999.98,0.00,99999.98,USD,IDEALPRO-001,MARGIN,,[],False,{}
100000.00,0.00,100000.00,EUR,IDEALPRO-001,MARGIN,,[],False,{}
99999.98,0.00,99999.98,USD,IDEALPRO-001,MARGIN,,[],False,{}
100000.00,0.00,100000.00,EUR,IDEALPRO-001,MARGIN,,[],False,{}
99999.98,0.00,99999.98,USD,IDEALPRO-001,MARGIN,,[],False,{}
100000.00,0.00,100000.00,EUR,IDEALPRO-001,MARGIN,,[],False,{}
99999.98,0.00,99999.98,USD,IDEALPRO-001,MARGIN,,[],False,{}
100000.00,0.00,100000.00,EUR,IDEALPRO-001,MARGIN,,[],False,{}
99999.98,2.33,99997.65,USD,IDEALPRO-001,MARGIN,,"[{'type': 'MarginBalance', 'initial': '0.00', 'maintenance': '2.33', 'currency': 'USD', 'instrument_id': 'EUR/USD.IDEALPRO'}]",False,{}
100000.00,0.00,100000.00,EUR,IDEALPRO-001,MARGIN,,"[{'type': 'MarginBalance', 'initial': '0.00', 'maintenance': '2.33', 'currency': 'USD', 'instrument_id': 'EUR/USD.IDEALPRO'}]",False,{}
99999.98,2.33,99997.65,USD,IDEALPRO-001,MARGIN,,"[{'type': 'MarginBalance', 'initial': '0.00', 'maintenance': '2.33', 'currency': 'USD', 'instrument_id': 'EUR/USD.IDEALPRO'}]",False,{}
100000.00,0.00,100000.00,EUR,IDEALPRO-001,MARGIN,,"[{'type': 'MarginBalance', 'initial': '0.00', 'maintenance': '2.33', 'currency': 'USD', 'instrument_id': 'EUR/USD.IDEALPRO'}]",False,{}
99999.98,2.33,99997.65,USD,IDEALPRO-001,MARGIN,,"[{'type': 'MarginBalance', 'initial': '0.00', 'maintenance': '2.33', 'currency': 'USD', 'instrument_id': 'EUR/USD.IDEALPRO'}]",False,{}
100000.00,0.00,100000.00,EUR,IDEALPRO-001,MARGIN,,"[{'type': 'MarginBalance', 'initial': '0.00', 'maintenance': '2.33', 'currency': 'USD', 'instrument_id': 'EUR/USD.IDEALPRO'}]",False,{}
99999.98,2.33,99997.65,USD,IDEALPRO-001,MARGIN,,"[{'type': 'MarginBalance', 'initial': '0.00', 'maintenance': '2.33', 'currency': 'USD', 'instrument_id': 'EUR/USD.IDEALPRO'}]",False,{}
100000.00,0.00,100000.00,EUR,IDEALPRO-001,MARGIN,,"[{'type': 'MarginBalance', 'initial': '0.00', 'maintenance': '2.33', 'currency': 'USD', 'instrument_id': 'EUR/USD.IDEALPRO'}]",False,{}
99999.96,0.00,99999.96,USD,IDEALPRO-001,MARGIN,,[],False,{}
100000.00,0.00,100000.00,EUR,IDEALPRO-001,MARGIN,,[],False,{}
99999.96,0.00,99999.96,USD,IDEALPRO-001,MARGIN,,[],False,{}
100000.00,0.00,100000.00,EUR,IDEALPRO-001,MARGIN,,[],False,{}
99999.96,0.00,99999.96,USD,IDEALPRO-001,MARGIN,,[],False,{}
100000.00,0.00,100000.00,EUR,IDEALPRO-001,MARGIN,,[],False,{}
99999.96,0.00,99999.96,USD,IDEALPRO-001,MARGIN,,[],False,{}
100000.00,0.00,100000.00,EUR,IDEALPRO-001,MARGIN,,[],False,{}
99999.96,0.00,99999.96,USD,IDEALPRO-001,MARGIN,,[],False,{}
100000.00,0.00,100000.00,EUR,IDEALPRO-001,MARGIN,,[],False,{}
99999.96,0.00,99999.96,USD,IDEALPRO-001,MARGIN,,[],False,{}
100000.00,0.00,100000.00,EUR,IDEALPRO-001,MARGIN,,[],False,{}
99999.96,2.33,99997.63,USD,IDEALPRO-001,MARGIN,,"[{'type': 'MarginBalance', 'initial': '0.00', 'maintenance': '2.33', 'currency': 'USD', 'instrument_id': 'EUR/USD.IDEALPRO'}]",False,{}
100000.00,0.00,100000.00,EUR,IDEALPRO-001,MARGIN,,"[{'type': 'MarginBalance', 'initial': '0.00', 'maintenance': '2.33', 'currency': 'USD', 'instrument_id': 'EUR/USD.IDEALPRO'}]",False,{}
99999.96,2.33,99997.63,USD,IDEALPRO-001,MARGIN,,"[{'type': 'MarginBalance', 'initial': '0.00', 'maintenance': '2.33', 'currency': 'USD', 'instrument_id': 'EUR/USD.IDEALPRO'}]",False,{}
100000.00,0.00,100000.00,EUR,IDEALPRO-001,MARGIN,,"[{'type': 'MarginBalance', 'initial': '0.00', 'maintenance': '2.33', 'currency': 'USD', 'instrument_id': 'EUR/USD.IDEALPRO'}]",False,{}
99999.96,2.33,99997.63,USD,IDEALPRO-001,MARGIN,,"[{'type': 'MarginBalance', 'initial': '0.00', 'maintenance': '2.33', 'currency': 'USD', 'instrument_id': 'EUR/USD.IDEALPRO'}]",False,{}
100000.00,0.00,100000.00,EUR,IDEALPRO-001,MARGIN,,"[{'type': 'MarginBalance', 'initial': '0.00', 'maintenance': '2.33', 'currency': 'USD', 'instrument_id': 'EUR/USD.IDEALPRO'}]",False,{}
99999.96,2.33,99997.63,USD,IDEALPRO-001,MARGIN,,"[{'type': 'MarginBalance', 'initial': '0.00', 'maintenance': '2.33', 'currency': 'USD', 'instrument_id': 'EUR/USD.IDEALPRO'}]",False,{}
100000.00,0.00,100000.00,EUR,IDEALPRO-001,MARGIN,,"[{'type': 'MarginBalance', 'initial': '0.00', 'maintenance': '2.33', 'currency': 'USD', 'instrument_id': 'EUR/USD.IDEALPRO'}]",False,{}
99999.93,0.00,99999.93,USD,IDEALPRO-001,MARGIN,,[],False,{}
100000.00,0.00,100000.00,EUR,IDEALPRO-001,MARGIN,,[],False,{}
99999.93,0.00,99999.93,USD,IDEALPRO-001,MARGIN,,[],False,{}
100000.00,0.00,100000.00,EUR,IDEALPRO-001,MARGIN,,[],False,{}
99999.93,0.00,99999.93,USD,IDEALPRO-001,MARGIN,,[],False,{}
100000.00,0.00,100000.00,EUR,IDEALPRO-001,MARGIN,,[],False,{}
99999.93,0.00,99999.93,USD,IDEALPRO-001,MARGIN,,[],False,{}
100000.00,0.00,100000.00,EUR,IDEALPRO-001,MARGIN,,[],False,{}
99999.93,0.00,99999.93,USD,IDEALPRO-001,MARGIN,,[],False,{}
100000.00,0.00,100000.00,EUR,IDEALPRO-001,MARGIN,,[],False,{}
99999.93,0.00,99999.93,USD,IDEALPRO-001,MARGIN,,[],False,{}
100000.00,0.00,100000.00,EUR,IDEALPRO-001,MARGIN,,[],False,{}
99999.93,2.33,99997.60,USD,IDEALPRO-001,MARGIN,,"[{'type': 'MarginBalance', 'initial': '0.00', 'maintenance': '2.33', 'currency': 'USD', 'instrument_id': 'EUR/USD.IDEALPRO'}]",False,{}
100000.00,0.00,100000.00,EUR,IDEALPRO-001,MARGIN,,"[{'type': 'MarginBalance', 'initial': '0.00', 'maintenance': '2.33', 'currency': 'USD', 'instrument_id': 'EUR/USD.IDEALPRO'}]",False,{}
99999.93,2.33,99997.60,USD,IDEALPRO-001,MARGIN,,"[{'type': 'MarginBalance', 'initial': '0.00', 'maintenance': '2.33', 'currency': 'USD', 'instrument_id': 'EUR/USD.IDEALPRO'}]",False,{}
100000.00,0.00,100000.00,EUR,IDEALPRO-001,MARGIN,,"[{'type': 'MarginBalance', 'initial': '0.00', 'maintenance': '2.33', 'currency': 'USD', 'instrument_id': 'EUR/USD.IDEALPRO'}]",False,{}
99999.93,2.33,99997.60,USD,IDEALPRO-001,MARGIN,,"[{'type': 'MarginBalance', 'initial': '0.00', 'maintenance': '2.33', 'currency': 'USD', 'instrument_id': 'EUR/USD.IDEALPRO'}]",False,{}
100000.00,0.00,100000.00,EUR,IDEALPRO-001,MARGIN,,"[{'type': 'MarginBalance', 'initial': '0.00', 'maintenance': '2.33', 'currency': 'USD', 'instrument_id': 'EUR/USD.IDEALPRO'}]",False,{}
99999.93,2.33,99997.60,USD,IDEALPRO-001,MARGIN,,"[{'type': 'MarginBalance', 'initial': '0.00', 'maintenance': '2.33', 'currency': 'USD', 'instrument_id': 'EUR/USD.IDEALPRO'}]",False,{}
100000.00,0.00,100000.00,EUR,IDEALPRO-001,MARGIN,,"[{'type': 'MarginBalance', 'initial': '0.00', 'maintenance': '2.33', 'currency': 'USD', 'instrument_id': 'EUR/USD.IDEALPRO'}]",False,{}
99999.92,0.00,99999.92,USD,IDEALPRO-001,MARGIN,,[],False,{}
100000.00,0.00,100000.00,EUR,IDEALPRO-001,MARGIN,,[],False,{}
99999.92,0.00,99999.92,USD,IDEALPRO-001,MARGIN,,[],False,{}
100000.00,0.00,100000.00,EUR,IDEALPRO-001,MARGIN,,[],False,{}
99999.92,0.00,99999.92,USD,IDEALPRO-001,MARGIN,,[],False,{}
100000.00,0.00,100000.00,EUR,IDEALPRO-001,MARGIN,,[],False,{}
99999.92,0.00,99999.92,USD,IDEALPRO-001,MARGIN,,[],False,{}
100000.00,0.00,100000.00,EUR,IDEALPRO-001,MARGIN,,[],False,{}
99999.92,0.00,99999.92,USD,IDEALPRO-001,MARGIN,,[],False,{}
100000.00,0.00,100000.00,EUR,IDEALPRO-001,MARGIN,,[],False,{}
99999.92,0.00,99999.92,USD,IDEALPRO-001,MARGIN,,[],False,{}
100000.00,0.00,100000.00,EUR,IDEALPRO-001,MARGIN,,[],False,{}
99999.92,2.33,99997.59,USD,IDEALPRO-001,MARGIN,,"[{'type': 'MarginBalance', 'initial': '0.00', 'maintenance': '2.33', 'currency': 'USD', 'instrument_id': 'EUR/USD.IDEALPRO'}]",False,{}
100000.00,0.00,100000.00,EUR,IDEALPRO-001,MARGIN,,"[{'type': 'MarginBalance', 'initial': '0.00', 'maintenance': '2.33', 'currency': 'USD', 'instrument_id': 'EUR/USD.IDEALPRO'}]",False,{}
99999.92,2.33,99997.59,USD,IDEALPRO-001,MARGIN,,"[{'type': 'MarginBalance', 'initial': '0.00', 'maintenance': '2.33', 'currency': 'USD', 'instrument_id': 'EUR/USD.IDEALPRO'}]",False,{}
100000.00,0.00,100000.00,EUR,IDEALPRO-001,MARGIN,,"[{'type': 'MarginBalance', 'initial': '0.00', 'maintenance': '2.33', 'currency': 'USD', 'instrument_id': 'EUR/USD.IDEALPRO'}]",False,{}
99999.92,2.33,99997.59,USD,IDEALPRO-001,MARGIN,,"[{'type': 'MarginBalance', 'initial': '0.00', 'maintenance': '2.33', 'currency': 'USD', 'instrument_id': 'EUR/USD.IDEALPRO'}]",False,{}
100000.00,0.00,100000.00,EUR,IDEALPRO-001,MARGIN,,"[{'type': 'MarginBalance', 'initial': '0.00', 'maintenance': '2.33', 'currency': 'USD', 'instrument_id': 'EUR/USD.IDEALPRO'}]",False,{}
99999.92,2.33,99997.59,USD,IDEALPRO-001,MARGIN,,"[{'type': 'MarginBalance', 'initial': '0.00', 'maintenance': '2.33', 'currency': 'USD', 'instrument_id': 'EUR/USD.IDEALPRO'}]",False,{}
100000.00,0.00,100000.00,EUR,IDEALPRO-001,MARGIN,,"[{'type': 'MarginBalance', 'initial': '0.00', 'maintenance': '2.33', 'currency': 'USD', 'instrument_id': 'EUR/USD.IDEALPRO'}]",False,{}
99999.90,0.00,99999.90,USD,IDEALPRO-001,MARGIN,,[],False,{}
100000.00,0.00,100000.00,EUR,IDEALPRO-001,MARGIN,,[],False,{}
99999.90,0.00,99999.90,USD,IDEALPRO-001,MARGIN,,[],False,{}
100000.00,0.00,100000.00,EUR,IDEALPRO-001,MARGIN,,[],False,{}
99999.90,0.00,99999.90,USD,IDEALPRO-001,MARGIN,,[],False,{}
100000.00,0.00,100000.00,EUR,IDEALPRO-001,MARGIN,,[],False,{}
99999.90,0.00,99999.90,USD,IDEALPRO-001,MARGIN,,[],False,{}
100000.00,0.00,100000.00,EUR,IDEALPRO-001,MARGIN,,[],False,{}
99999.90,0.00,99999.90,USD,IDEALPRO-001,MARGIN,,[],False,{}
100000.00,0.00,100000.00,EUR,IDEALPRO-001,MARGIN,,[],False,{}
99999.90,0.00,99999.90,USD,IDEALPRO-001,MARGIN,,[],False,{}
100000.00,0.00,100000.00,EUR,IDEALPRO-001,MARGIN,,[],False,{}
99999.90,2.33,99997.57,USD,IDEALPRO-001,MARGIN,,"[{'type': 'MarginBalance', 'initial': '0.00', 'maintenance': '2.33', 'currency': 'USD', 'instrument_id': 'EUR/USD.IDEALPRO'}]",False,{}
100000.00,0.00,100000.00,EUR,IDEALPRO-001,MARGIN,,"[{'type': 'MarginBalance', 'initial': '0.00', 'maintenance': '2.33', 'currency': 'USD', 'instrument_id': 'EUR/USD.IDEALPRO'}]",False,{}
99999.90,2.33,99997.57,USD,IDEALPRO-001,MARGIN,,"[{'type': 'MarginBalance', 'initial': '0.00', 'maintenance': '2.33', 'currency': 'USD', 'instrument_id': 'EUR/USD.IDEALPRO'}]",False,{}
100000.00,0.00,100000.00,EUR,IDEALPRO-001,MARGIN,,"[{'type': 'MarginBalance', 'initial': '0.00', 'maintenance': '2.33', 'currency': 'USD', 'instrument_id': 'EUR/USD.IDEALPRO'}]",False,{}
99999.90,2.33,99997.57,USD,IDEALPRO-001,MARGIN,,"[{'type': 'MarginBalance', 'initial': '0.00', 'maintenance': '2.33', 'currency': 'USD', 'instrument_id': 'EUR/USD.IDEALPRO'}]",False,{}
100000.00,0.00,100000.00,EUR,IDEALPRO-001,MARGIN,,"[{'type': 'MarginBalance', 'initial': '0.00', 'maintenance': '2.33', 'currency': 'USD', 'instrument_id': 'EUR/USD.IDEALPRO'}]",False,{}
99999.84,0.00,99999.84,USD,IDEALPRO-001,MARGIN,,[],False,{}
100000.00,0.00,100000.00,EUR,IDEALPRO-001,MARGIN,,[],False,{}
99999.84,0.00,99999.84,USD,IDEALPRO-001,MARGIN,,[],False,{}
100000.00,0.00,100000.00,EUR,IDEALPRO-001,MARGIN,,[],False,{}
99999.84,0.00,99999.84,USD,IDEALPRO-001,MARGIN,,[],False,{}
100000.00,0.00,100000.00,EUR,IDEALPRO-001,MARGIN,,[],False,{}
99999.84,0.00,99999.84,USD,IDEALPRO-001,MARGIN,,[],False,{}
100000.00,0.00,100000.00,EUR,IDEALPRO-001,MARGIN,,[],False,{}
99999.84,0.00,99999.84,USD,IDEALPRO-001,MARGIN,,[],False,{}
100000.00,0.00,100000.00,EUR,IDEALPRO-001,MARGIN,,[],False,{}
99999.84,2.33,99997.51,USD,IDEALPRO-001,MARGIN,,"[{'type': 'MarginBalance', 'initial': '0.00', 'maintenance': '2.33', 'currency': 'USD', 'instrument_id': 'EUR/USD.IDEALPRO'}]",False,{}
100000.00,0.00,100000.00,EUR,IDEALPRO-001,MARGIN,,"[{'type': 'MarginBalance', 'initial': '0.00', 'maintenance': '2.33', 'currency': 'USD', 'instrument_id': 'EUR/USD.IDEALPRO'}]",False,{}
99999.84,2.33,99997.51,USD,IDEALPRO-001,MARGIN,,"[{'type': 'MarginBalance', 'initial': '0.00', 'maintenance': '2.33', 'currency': 'USD', 'instrument_id': 'EUR/USD.IDEALPRO'}]",False,{}
100000.00,0.00,100000.00,EUR,IDEALPRO-001,MARGIN,,"[{'type': 'MarginBalance', 'initial': '0.00', 'maintenance': '2.33', 'currency': 'USD', 'instrument_id': 'EUR/USD.IDEALPRO'}]",False,{}
99999.84,2.33,99997.51,USD,IDEALPRO-001,MARGIN,,"[{'type': 'MarginBalance', 'initial': '0.00', 'maintenance': '2.33', 'currency': 'USD', 'instrument_id': 'EUR/USD.IDEALPRO'}]",False,{}
100000.00,0.00,100000.00,EUR,IDEALPRO-001,MARGIN,,"[{'type': 'MarginBalance', 'initial': '0.00', 'maintenance': '2.33', 'currency': 'USD', 'instrument_id': 'EUR/USD.IDEALPRO'}]",False,{}
99999.84,2.33,99997.51,USD,IDEALPRO-001,MARGIN,,"[{'type': 'MarginBalance', 'initial': '0.00', 'maintenance': '2.33', 'currency': 'USD', 'instrument_id': 'EUR/USD.IDEALPRO'}]",False,{}
100000.00,0.00,100000.00,EUR,IDEALPRO-001,MARGIN,,"[{'type': 'MarginBalance', 'initial': '0.00', 'maintenance': '2.33', 'currency': 'USD', 'instrument_id': 'EUR/USD.IDEALPRO'}]",False,{}
99999.84,0.00,99999.84,USD,IDEALPRO-001,MARGIN,,[],False,{}
100000.00,0.00,100000.00,EUR,IDEALPRO-001,MARGIN,,[],False,{}
99999.84,0.00,99999.84,USD,IDEALPRO-001,MARGIN,,[],False,{}
100000.00,0.00,100000.00,EUR,IDEALPRO-001,MARGIN,,[],False,{}
99999.84,0.00,99999.84,USD,IDEALPRO-001,MARGIN,,[],False,{}
100000.00,0.00,100000.00,EUR,IDEALPRO-001,MARGIN,,[],False,{}
99999.84,0.00,99999.84,USD,IDEALPRO-001,MARGIN,,[],False,{}
100000.00,0.00,100000.00,EUR,IDEALPRO-001,MARGIN,,[],False,{}
99999.84,0.00,99999.84,USD,IDEALPRO-001,MARGIN,,[],False,{}
100000.00,0.00,100000.00,EUR,IDEALPRO-001,MARGIN,,[],False,{}
99999.84,0.00,99999.84,USD,IDEALPRO-001,MARGIN,,[],False,{}
100000.00,0.00,100000.00,EUR,IDEALPRO-001,MARGIN,,[],False,{}
99999.84,2.34,99997.50,USD,IDEALPRO-001,MARGIN,,"[{'type': 'MarginBalance', 'initial': '0.00', 'maintenance': '2.34', 'currency': 'USD', 'instrument_id': 'EUR/USD.IDEALPRO'}]",False,{}
100000.00,0.00,100000.00,EUR,IDEALPRO-001,MARGIN,,"[{'type': 'MarginBalance', 'initial': '0.00', 'maintenance': '2.34', 'currency': 'USD', 'instrument_id': 'EUR/USD.IDEALPRO'}]",False,{}
99999.84,2.34,99997.50,USD,IDEALPRO-001,MARGIN,,"[{'type': 'MarginBalance', 'initial': '0.00', 'maintenance': '2.34', 'currency': 'USD', 'instrument_id': 'EUR/USD.IDEALPRO'}]",False,{}
100000.00,0.00,100000.00,EUR,IDEALPRO-001,MARGIN,,"[{'type': 'MarginBalance', 'initial': '0.00', 'maintenance': '2.34', 'currency': 'USD', 'instrument_id': 'EUR/USD.IDEALPRO'}]",False,{}
99999.84,2.34,99997.50,USD,IDEALPRO-001,MARGIN,,"[{'type': 'MarginBalance', 'initial': '0.00', 'maintenance': '2.34', 'currency': 'USD', 'instrument_id': 'EUR/USD.IDEALPRO'}]",False,{}
100000.00,0.00,100000.00,EUR,IDEALPRO-001,MARGIN,,"[{'type': 'MarginBalance', 'initial': '0.00', 'maintenance': '2.34', 'currency': 'USD', 'instrument_id': 'EUR/USD.IDEALPRO'}]",False,{}
99999.84,2.34,99997.50,USD,IDEALPRO-001,MARGIN,,"[{'type': 'MarginBalance', 'initial': '0.00', 'maintenance': '2.34', 'currency': 'USD', 'instrument_id': 'EUR/USD.IDEALPRO'}]",False,{}
100000.00,0.00,100000.00,EUR,IDEALPRO-001,MARGIN,,"[{'type': 'MarginBalance', 'initial': '0.00', 'maintenance': '2.34', 'currency': 'USD', 'instrument_id': 'EUR/USD.IDEALPRO'}]",False,{}
99999.94,0.00,99999.94,USD,IDEALPRO-001,MARGIN,,[],False,{}
100000.00,0.00,100000.00,EUR,IDEALPRO-001,MARGIN,,[],False,{}
99999.94,0.00,99999.94,USD,IDEALPRO-001,MARGIN,,[],False,{}
100000.00,0.00,100000.00,EUR,IDEALPRO-001,MARGIN,,[],False,{}
99999.94,0.00,99999.94,USD,IDEALPRO-001,MARGIN,,[],False,{}
100000.00,0.00,100000.00,EUR,IDEALPRO-001,MARGIN,,[],False,{}
99999.94,0.00,99999.94,USD,IDEALPRO-001,MARGIN,,[],False,{}
100000.00,0.00,100000.00,EUR,IDEALPRO-001,MARGIN,,[],False,{}
99999.94,0.00,99999.94,USD,IDEALPRO-001,MARGIN,,[],False,{}
100000.00,0.00,100000.00,EUR,IDEALPRO-001,MARGIN,,[],False,{}
99999.94,0.00,99999.94,USD,IDEALPRO-001,MARGIN,,[],False,{}
100000.00,0.00,100000.00,EUR,IDEALPRO-001,MARGIN,,[],False,{}
99999.94,2.34,99997.60,USD,IDEALPRO-001,MARGIN,,"[{'type': 'MarginBalance', 'initial': '0.00', 'maintenance': '2.34', 'currency': 'USD', 'instrument_id': 'EUR/USD.IDEALPRO'}]",False,{}
100000.00,0.00,100000.00,EUR,IDEALPRO-001,MARGIN,,"[{'type': 'MarginBalance', 'initial': '0.00', 'maintenance': '2.34', 'currency': 'USD', 'instrument_id': 'EUR/USD.IDEALPRO'}]",False,{}
99999.94,2.34,99997.60,USD,IDEALPRO-001,MARGIN,,"[{'type': 'MarginBalance', 'initial': '0.00', 'maintenance': '2.34', 'currency': 'USD', 'instrument_id': 'EUR/USD.IDEALPRO'}]",False,{}
100000.00,0.00,100000.00,EUR,IDEALPRO-001,MARGIN,,"[{'type': 'MarginBalance', 'initial': '0.00', 'maintenance': '2.34', 'currency': 'USD', 'instrument_id': 'EUR/USD.IDEALPRO'}]",False,{}
99999.94,2.34,99997.60,USD,IDEALPRO-001,MARGIN,,"[{'type': 'MarginBalance', 'initial': '0.00', 'maintenance': '2.34', 'currency': 'USD', 'instrument_id': 'EUR/USD.IDEALPRO'}]",False,{}
100000.00,0.00,100000.00,EUR,IDEALPRO-001,MARGIN,,"[{'type': 'MarginBalance', 'initial': '0.00', 'maintenance': '2.34', 'currency': 'USD', 'instrument_id': 'EUR/USD.IDEALPRO'}]",False,{}
99999.94,2.34,99997.60,USD,IDEALPRO-001,MARGIN,,"[{'type': 'MarginBalance', 'initial': '0.00', 'maintenance': '2.34', 'currency': 'USD', 'instrument_id': 'EUR/USD.IDEALPRO'}]",False,{}
100000.00,0.00,100000.00,EUR,IDEALPRO-001,MARGIN,,"[{'type': 'MarginBalance', 'initial': '0.00', 'maintenance': '2.34', 'currency': 'USD', 'instrument_id': 'EUR/USD.IDEALPRO'}]",False,{}
99999.94,0.00,99999.94,USD,IDEALPRO-001,MARGIN,,[],False,{}
100000.00,0.00,100000.00,EUR,IDEALPRO-001,MARGIN,,[],False,{}
99999.94,0.00,99999.94,USD,IDEALPRO-001,MARGIN,,[],False,{}
100000.00,0.00,100000.00,EUR,IDEALPRO-001,MARGIN,,[],False,{}
99999.94,0.00,99999.94,USD,IDEALPRO-001,MARGIN,,[],False,{}
100000.00,0.00,100000.00,EUR,IDEALPRO-001,MARGIN,,[],False,{}
99999.94,0.00,99999.94,USD,IDEALPRO-001,MARGIN,,[],False,{}
100000.00,0.00,100000.00,EUR,IDEALPRO-001,MARGIN,,[],False,{}
99999.94,0.00,99999.94,USD,IDEALPRO-001,MARGIN,,[],False,{}
100000.00,0.00,100000.00,EUR,IDEALPRO-001,MARGIN,,[],False,{}
99999.94,0.00,99999.94,USD,IDEALPRO-001,MARGIN,,[],False,{}
100000.00,0.00,100000.00,EUR,IDEALPRO-001,MARGIN,,[],False,{}
99999.94,2.34,99997.60,USD,IDEALPRO-001,MARGIN,,"[{'type': 'MarginBalance', 'initial': '0.00', 'maintenance': '2.34', 'currency': 'USD', 'instrument_id': 'EUR/USD.IDEALPRO'}]",False,{}
100000.00,0.00,100000.00,EUR,IDEALPRO-001,MARGIN,,"[{'type': 'MarginBalance', 'initial': '0.00', 'maintenance': '2.34', 'currency': 'USD', 'instrument_id': 'EUR/USD.IDEALPRO'}]",False,{}
99999.94,2.33,99997.61,USD,IDEALPRO-001,MARGIN,,"[{'type': 'MarginBalance', 'initial': '0.00', 'maintenance': '2.33', 'currency': 'USD', 'instrument_id': 'EUR/USD.IDEALPRO'}]",False,{}
100000.00,0.00,100000.00,EUR,IDEALPRO-001,MARGIN,,"[{'type': 'MarginBalance', 'initial': '0.00', 'maintenance': '2.33', 'currency': 'USD', 'instrument_id': 'EUR/USD.IDEALPRO'}]",False,{}
99999.94,2.33,99997.61,USD,IDEALPRO-001,MARGIN,,"[{'type': 'MarginBalance', 'initial': '0.00', 'maintenance': '2.33', 'currency': 'USD', 'instrument_id': 'EUR/USD.IDEALPRO'}]",False,{}
100000.00,0.00,100000.00,EUR,IDEALPRO-001,MARGIN,,"[{'type': 'MarginBalance', 'initial': '0.00', 'maintenance': '2.33', 'currency': 'USD', 'instrument_id': 'EUR/USD.IDEALPRO'}]",False,{}
99999.94,2.33,99997.61,USD,IDEALPRO-001,MARGIN,,"[{'type': 'MarginBalance', 'initial': '0.00', 'maintenance': '2.33', 'currency': 'USD', 'instrument_id': 'EUR/USD.IDEALPRO'}]",False,{}
100000.00,0.00,100000.00,EUR,IDEALPRO-001,MARGIN,,"[{'type': 'MarginBalance', 'initial': '0.00', 'maintenance': '2.33', 'currency': 'USD', 'instrument_id': 'EUR/USD.IDEALPRO'}]",False,{}
99999.93,0.00,99999.93,USD,IDEALPRO-001,MARGIN,,[],False,{}
100000.00,0.00,100000.00,EUR,IDEALPRO-001,MARGIN,,[],False,{}
99999.93,0.00,99999.93,USD,IDEALPRO-001,MARGIN,,[],False,{}
100000.00,0.00,100000.00,EUR,IDEALPRO-001,MARGIN,,[],False,{}
99999.93,0.00,99999.93,USD,IDEALPRO-001,MARGIN,,[],False,{}
100000.00,0.00,100000.00,EUR,IDEALPRO-001,MARGIN,,[],False,{}
99999.93,0.00,99999.93,USD,IDEALPRO-001,MARGIN,,[],False,{}
100000.00,0.00,100000.00,EUR,IDEALPRO-001,MARGIN,,[],False,{}
99999.93,0.00,99999.93,USD,IDEALPRO-001,MARGIN,,[],False,{}
100000.00,0.00,100000.00,EUR,IDEALPRO-001,MARGIN,,[],False,{}
99999.93,0.00,99999.93,USD,IDEALPRO-001,MARGIN,,[],False,{}
100000.00,0.00,100000.00,EUR,IDEALPRO-001,MARGIN,,[],False,{}
99999.93,2.33,99997.60,USD,IDEALPRO-001,MARGIN,,"[{'type': 'MarginBalance', 'initial': '0.00', 'maintenance': '2.33', 'currency': 'USD', 'instrument_id': 'EUR/USD.IDEALPRO'}]",False,{}
100000.00,0.00,100000.00,EUR,IDEALPRO-001,MARGIN,,"[{'type': 'MarginBalance', 'initial': '0.00', 'maintenance': '2.33', 'currency': 'USD', 'instrument_id': 'EUR/USD.IDEALPRO'}]",False,{}
99999.93,2.33,99997.60,USD,IDEALPRO-001,MARGIN,,"[{'type': 'MarginBalance', 'initial': '0.00', 'maintenance': '2.33', 'currency': 'USD', 'instrument_id': 'EUR/USD.IDEALPRO'}]",False,{}
100000.00,0.00,100000.00,EUR,IDEALPRO-001,MARGIN,,"[{'type': 'MarginBalance', 'initial': '0.00', 'maintenance': '2.33', 'currency': 'USD', 'instrument_id': 'EUR/USD.IDEALPRO'}]",False,{}
99999.93,2.33,99997.60,USD,IDEALPRO-001,MARGIN,,"[{'type': 'MarginBalance', 'initial': '0.00', 'maintenance': '2.33', 'currency': 'USD', 'instrument_id': 'EUR/USD.IDEALPRO'}]",False,{}
100000.00,0.00,100000.00,EUR,IDEALPRO-001,MARGIN,,"[{'type': 'MarginBalance', 'initial': '0.00', 'maintenance': '2.33', 'currency': 'USD', 'instrument_id': 'EUR/USD.IDEALPRO'}]",False,{}
99999.93,2.33,99997.60,USD,IDEALPRO-001,MARGIN,,"[{'type': 'MarginBalance', 'initial': '0.00', 'maintenance': '2.33', 'currency': 'USD', 'instrument_id': 'EUR/USD.IDEALPRO'}]",False,{}
100000.00,0.00,100000.00,EUR,IDEALPRO-001,MARGIN,,"[{'type': 'MarginBalance', 'initial': '0.00', 'maintenance': '2.33', 'currency': 'USD', 'instrument_id': 'EUR/USD.IDEALPRO'}]",False,{}
99999.91,0.00,99999.91,USD,IDEALPRO-001,MARGIN,,[],False,{}
100000.00,0.00,100000.00,EUR,IDEALPRO-001,MARGIN,,[],False,{}
99999.91,0.00,99999.91,USD,IDEALPRO-001,MARGIN,,[],False,{}
100000.00,0.00,100000.00,EUR,IDEALPRO-001,MARGIN,,[],False,{}
99999.91,0.00,99999.91,USD,IDEALPRO-001,MARGIN,,[],False,{}
100000.00,0.00,100000.00,EUR,IDEALPRO-001,MARGIN,,[],False,{}
99999.91,0.00,99999.91,USD,IDEALPRO-001,MARGIN,,[],False,{}
100000.00,0.00,100000.00,EUR,IDEALPRO-001,MARGIN,,[],False,{}
99999.91,0.00,99999.91,USD,IDEALPRO-001,MARGIN,,[],False,{}
100000.00,0.00,100000.00,EUR,IDEALPRO-001,MARGIN,,[],False,{}
99999.91,0.00,99999.91,USD,IDEALPRO-001,MARGIN,,[],False,{}
100000.00,0.00,100000.00,EUR,IDEALPRO-001,MARGIN,,[],False,{}
99999.91,2.33,99997.58,USD,IDEALPRO-001,MARGIN,,"[{'type': 'MarginBalance', 'initial': '0.00', 'maintenance': '2.33', 'currency': 'USD', 'instrument_id': 'EUR/USD.IDEALPRO'}]",False,{}
100000.00,0.00,100000.00,EUR,IDEALPRO-001,MARGIN,,"[{'type': 'MarginBalance', 'initial': '0.00', 'maintenance': '2.33', 'currency': 'USD', 'instrument_id': 'EUR/USD.IDEALPRO'}]",False,{}
99999.91,2.33,99997.58,USD,IDEALPRO-001,MARGIN,,"[{'type': 'MarginBalance', 'initial': '0.00', 'maintenance': '2.33', 'currency': 'USD', 'instrument_id': 'EUR/USD.IDEALPRO'}]",False,{}
100000.00,0.00,100000.00,EUR,IDEALPRO-001,MARGIN,,"[{'type': 'MarginBalance', 'initial': '0.00', 'maintenance': '2.33', 'currency': 'USD', 'instrument_id': 'EUR/USD.IDEALPRO'}]",False,{}
99999.91,2.33,99997.58,USD,IDEALPRO-001,MARGIN,,"[{'type': 'MarginBalance', 'initial': '0.00', 'maintenance': '2.33', 'currency': 'USD', 'instrument_id': 'EUR/USD.IDEALPRO'}]",False,{}
100000.00,0.00,100000.00,EUR,IDEALPRO-001,MARGIN,,"[{'type': 'MarginBalance', 'initial': '0.00', 'maintenance': '2.33', 'currency': 'USD', 'instrument_id': 'EUR/USD.IDEALPRO'}]",False,{}
99999.85,0.00,99999.85,USD,IDEALPRO-001,MARGIN,,[],False,{}
100000.00,0.00,100000.00,EUR,IDEALPRO-001,MARGIN,,[],False,{}
99999.85,0.00,99999.85,USD,IDEALPRO-001,MARGIN,,[],False,{}
100000.00,0.00,100000.00,EUR,IDEALPRO-001,MARGIN,,[],False,{}
99999.85,0.00,99999.85,USD,IDEALPRO-001,MARGIN,,[],False,{}
100000.00,0.00,100000.00,EUR,IDEALPRO-001,MARGIN,,[],False,{}
99999.85,0.00,99999.85,USD,IDEALPRO-001,MARGIN,,[],False,{}
100000.00,0.00,100000.00,EUR,IDEALPRO-001,MARGIN,,[],False,{}
99999.85,0.00,99999.85,USD,IDEALPRO-001,MARGIN,,[],False,{}
100000.00,0.00,100000.00,EUR,IDEALPRO-001,MARGIN,,[],False,{}
99999.85,2.33,99997.52,USD,IDEALPRO-001,MARGIN,,"[{'type': 'MarginBalance', 'initial': '0.00', 'maintenance': '2.33', 'currency': 'USD', 'instrument_id': 'EUR/USD.IDEALPRO'}]",False,{}
100000.00,0.00,100000.00,EUR,IDEALPRO-001,MARGIN,,"[{'type': 'MarginBalance', 'initial': '0.00', 'maintenance': '2.33', 'currency': 'USD', 'instrument_id': 'EUR/USD.IDEALPRO'}]",False,{}
99999.85,2.33,99997.52,USD,IDEALPRO-001,MARGIN,,"[{'type': 'MarginBalance', 'initial': '0.00', 'maintenance': '2.33', 'currency': 'USD', 'instrument_id': 'EUR/USD.IDEALPRO'}]",False,{}
100000.00,0.00,100000.00,EUR,IDEALPRO-001,MARGIN,,"[{'type': 'MarginBalance', 'initial': '0.00', 'maintenance': '2.33', 'currency': 'USD', 'instrument_id': 'EUR/USD.IDEALPRO'}]",False,{}
99999.85,2.33,99997.52,USD,IDEALPRO-001,MARGIN,,"[{'type': 'MarginBalance', 'initial': '0.00', 'maintenance': '2.33', 'currency': 'USD', 'instrument_id': 'EUR/USD.IDEALPRO'}]",False,{}
100000.00,0.00,100000.00,EUR,IDEALPRO-001,MARGIN,,"[{'type': 'MarginBalance', 'initial': '0.00', 'maintenance': '2.33', 'currency': 'USD', 'instrument_id': 'EUR/USD.IDEALPRO'}]",False,{}
99999.79,0.00,99999.79,USD,IDEALPRO-001,MARGIN,,[],False,{}
100000.00,0.00,100000.00,EUR,IDEALPRO-001,MARGIN,,[],False,{}
99999.79,0.00,99999.79,USD,IDEALPRO-001,MARGIN,,[],False,{}
100000.00,0.00,100000.00,EUR,IDEALPRO-001,MARGIN,,[],False,{}
99999.79,0.00,99999.79,USD,IDEALPRO-001,MARGIN,,[],False,{}
100000.00,0.00,100000.00,EUR,IDEALPRO-001,MARGIN,,[],False,{}
99999.79,0.00,99999.79,USD,IDEALPRO-001,MARGIN,,[],False,{}
100000.00,0.00,100000.00,EUR,IDEALPRO-001,MARGIN,,[],False,{}
99999.79,0.00,99999.79,USD,IDEALPRO-001,MARGIN,,[],False,{}
100000.00,0.00,100000.00,EUR,IDEALPRO-001,MARGIN,,[],False,{}
99999.79,2.33,99997.46,USD,IDEALPRO-001,MARGIN,,"[{'type': 'MarginBalance', 'initial': '0.00', 'maintenance': '2.33', 'currency': 'USD', 'instrument_id': 'EUR/USD.IDEALPRO'}]",False,{}
100000.00,0.00,100000.00,EUR,IDEALPRO-001,MARGIN,,"[{'type': 'MarginBalance', 'initial': '0.00', 'maintenance': '2.33', 'currency': 'USD', 'instrument_id': 'EUR/USD.IDEALPRO'}]",False,{}
99999.79,2.33,99997.46,USD,IDEALPRO-001,MARGIN,,"[{'type': 'MarginBalance', 'initial': '0.00', 'maintenance': '2.33', 'currency': 'USD', 'instrument_id': 'EUR/USD.IDEALPRO'}]",False,{}
100000.00,0.00,100000.00,EUR,IDEALPRO-001,MARGIN,,"[{'type': 'MarginBalance', 'initial': '0.00', 'maintenance': '2.33', 'currency': 'USD', 'instrument_id': 'EUR/USD.IDEALPRO'}]",False,{}
99999.79,2.33,99997.46,USD,IDEALPRO-001,MARGIN,,"[{'type': 'MarginBalance', 'initial': '0.00', 'maintenance': '2.33', 'currency': 'USD', 'instrument_id': 'EUR/USD.IDEALPRO'}]",False,{}
100000.00,0.00,100000.00,EUR,IDEALPRO-001,MARGIN,,"[{'type': 'MarginBalance', 'initial': '0.00', 'maintenance': '2.33', 'currency': 'USD', 'instrument_id': 'EUR/USD.IDEALPRO'}]",False,{}
99999.73,0.00,99999.73,USD,IDEALPRO-001,MARGIN,,[],False,{}
100000.00,0.00,100000.00,EUR,IDEALPRO-001,MARGIN,,[],False,{}
99999.73,0.00,99999.73,USD,IDEALPRO-001,MARGIN,,[],False,{}
100000.00,0.00,100000.00,EUR,IDEALPRO-001,MARGIN,,[],False,{}
99999.73,0.00,99999.73,USD,IDEALPRO-001,MARGIN,,[],False,{}
100000.00,0.00,100000.00,EUR,IDEALPRO-001,MARGIN,,[],False,{}
99999.73,0.00,99999.73,USD,IDEALPRO-001,MARGIN,,[],False,{}
100000.00,0.00,100000.00,EUR,IDEALPRO-001,MARGIN,,[],False,{}
99999.73,0.00,99999.73,USD,IDEALPRO-001,MARGIN,,[],False,{}
100000.00,0.00,100000.00,EUR,IDEALPRO-001,MARGIN,,[],False,{}
99999.73,2.33,99997.40,USD,IDEALPRO-001,MARGIN,,"[{'type': 'MarginBalance', 'initial': '0.00', 'maintenance': '2.33', 'currency': 'USD', 'instrument_id': 'EUR/USD.IDEALPRO'}]",False,{}
100000.00,0.00,100000.00,EUR,IDEALPRO-001,MARGIN,,"[{'type': 'MarginBalance', 'initial': '0.00', 'maintenance': '2.33', 'currency': 'USD', 'instrument_id': 'EUR/USD.IDEALPRO'}]",False,{}
99999.73,2.33,99997.40,USD,IDEALPRO-001,MARGIN,,"[{'type': 'MarginBalance', 'initial': '0.00', 'maintenance': '2.33', 'currency': 'USD', 'instrument_id': 'EUR/USD.IDEALPRO'}]",False,{}
100000.00,0.00,100000.00,EUR,IDEALPRO-001,MARGIN,,"[{'type': 'MarginBalance', 'initial': '0.00', 'maintenance': '2.33', 'currency': 'USD', 'instrument_id': 'EUR/USD.IDEALPRO'}]",False,{}
99999.73,2.33,99997.40,USD,IDEALPRO-001,MARGIN,,"[{'type': 'MarginBalance', 'initial': '0.00', 'maintenance': '2.33', 'currency': 'USD', 'instrument_id': 'EUR/USD.IDEALPRO'}]",False,{}
100000.00,0.00,100000.00,EUR,IDEALPRO-001,MARGIN,,"[{'type': 'MarginBalance', 'initial': '0.00', 'maintenance': '2.33', 'currency': 'USD', 'instrument_id': 'EUR/USD.IDEALPRO'}]",False,{}
99999.67,0.00,99999.67,USD,IDEALPRO-001,MARGIN,,[],False,{}
100000.00,0.00,100000.00,EUR,IDEALPRO-001,MARGIN,,[],False,{}
99999.67,0.00,99999.67,USD,IDEALPRO-001,MARGIN,,[],False,{}
100000.00,0.00,100000.00,EUR,IDEALPRO-001,MARGIN,,[],False,{}
99999.67,0.00,99999.67,USD,IDEALPRO-001,MARGIN,,[],False,{}
100000.00,0.00,100000.00,EUR,IDEALPRO-001,MARGIN,,[],False,{}
99999.67,0.00,99999.67,USD,IDEALPRO-001,MARGIN,,[],False,{}
100000.00,0.00,100000.00,EUR,IDEALPRO-001,MARGIN,,[],False,{}
99999.67,0.00,99999.67,USD,IDEALPRO-001,MARGIN,,[],False,{}
100000.00,0.00,100000.00,EUR,IDEALPRO-001,MARGIN,,[],False,{}
99999.67,2.33,99997.34,USD,IDEALPRO-001,MARGIN,,"[{'type': 'MarginBalance', 'initial': '0.00', 'maintenance': '2.33', 'currency': 'USD', 'instrument_id': 'EUR/USD.IDEALPRO'}]",False,{}
100000.00,0.00,100000.00,EUR,IDEALPRO-001,MARGIN,,"[{'type': 'MarginBalance', 'initial': '0.00', 'maintenance': '2.33', 'currency': 'USD', 'instrument_id': 'EUR/USD.IDEALPRO'}]",False,{}
99999.67,2.33,99997.34,USD,IDEALPRO-001,MARGIN,,"[{'type': 'MarginBalance', 'initial': '0.00', 'maintenance': '2.33', 'currency': 'USD', 'instrument_id': 'EUR/USD.IDEALPRO'}]",False,{}
100000.00,0.00,100000.00,EUR,IDEALPRO-001,MARGIN,,"[{'type': 'MarginBalance', 'initial': '0.00', 'maintenance': '2.33', 'currency': 'USD', 'instrument_id': 'EUR/USD.IDEALPRO'}]",False,{}
99999.67,2.33,99997.34,USD,IDEALPRO-001,MARGIN,,"[{'type': 'MarginBalance', 'initial': '0.00', 'maintenance': '2.33', 'currency': 'USD', 'instrument_id': 'EUR/USD.IDEALPRO'}]",False,{}
100000.00,0.00,100000.00,EUR,IDEALPRO-001,MARGIN,,"[{'type': 'MarginBalance', 'initial': '0.00', 'maintenance': '2.33', 'currency': 'USD', 'instrument_id': 'EUR/USD.IDEALPRO'}]",False,{}
99999.67,2.33,99997.34,USD,IDEALPRO-001,MARGIN,,"[{'type': 'MarginBalance', 'initial': '0.00', 'maintenance': '2.33', 'currency': 'USD', 'instrument_id': 'EUR/USD.IDEALPRO'}]",False,{}
100000.00,0.00,100000.00,EUR,IDEALPRO-001,MARGIN,,"[{'type': 'MarginBalance', 'initial': '0.00', 'maintenance': '2.33', 'currency': 'USD', 'instrument_id': 'EUR/USD.IDEALPRO'}]",False,{}
99999.62,0.00,99999.62,USD,IDEALPRO-001,MARGIN,,[],False,{}
100000.00,0.00,100000.00,EUR,IDEALPRO-001,MARGIN,,[],False,{}
99999.62,0.00,99999.62,USD,IDEALPRO-001,MARGIN,,[],False,{}
100000.00,0.00,100000.00,EUR,IDEALPRO-001,MARGIN,,[],False,{}
99999.62,0.00,99999.62,USD,IDEALPRO-001,MARGIN,,[],False,{}
100000.00,0.00,100000.00,EUR,IDEALPRO-001,MARGIN,,[],False,{}
99999.62,0.00,99999.62,USD,IDEALPRO-001,MARGIN,,[],False,{}
100000.00,0.00,100000.00,EUR,IDEALPRO-001,MARGIN,,[],False,{}
99999.62,0.00,99999.62,USD,IDEALPRO-001,MARGIN,,[],False,{}
100000.00,0.00,100000.00,EUR,IDEALPRO-001,MARGIN,,[],False,{}
99999.62,0.00,99999.62,USD,IDEALPRO-001,MARGIN,,[],False,{}
100000.00,0.00,100000.00,EUR,IDEALPRO-001,MARGIN,,[],False,{}
99999.62,2.33,99997.29,USD,IDEALPRO-001,MARGIN,,"[{'type': 'MarginBalance', 'initial': '0.00', 'maintenance': '2.33', 'currency': 'USD', 'instrument_id': 'EUR/USD.IDEALPRO'}]",False,{}
100000.00,0.00,100000.00,EUR,IDEALPRO-001,MARGIN,,"[{'type': 'MarginBalance', 'initial': '0.00', 'maintenance': '2.33', 'currency': 'USD', 'instrument_id': 'EUR/USD.IDEALPRO'}]",False,{}
99999.62,2.33,99997.29,USD,IDEALPRO-001,MARGIN,,"[{'type': 'MarginBalance', 'initial': '0.00', 'maintenance': '2.33', 'currency': 'USD', 'instrument_id': 'EUR/USD.IDEALPRO'}]",False,{}
100000.00,0.00,100000.00,EUR,IDEALPRO-001,MARGIN,,"[{'type': 'MarginBalance', 'initial': '0.00', 'maintenance': '2.33', 'currency': 'USD', 'instrument_id': 'EUR/USD.IDEALPRO'}]",False,{}
99999.62,2.33,99997.29,USD,IDEALPRO-001,MARGIN,,"[{'type': 'MarginBalance', 'initial': '0.00', 'maintenance': '2.33', 'currency': 'USD', 'instrument_id': 'EUR/USD.IDEALPRO'}]",False,{}
100000.00,0.00,100000.00,EUR,IDEALPRO-001,MARGIN,,"[{'type': 'MarginBalance', 'initial': '0.00', 'maintenance': '2.33', 'currency': 'USD', 'instrument_id': 'EUR/USD.IDEALPRO'}]",False,{}
99999.92,0.00,99999.92,USD,IDEALPRO-001,MARGIN,,[],False,{}
100000.00,0.00,100000.00,EUR,IDEALPRO-001,MARGIN,,[],False,{}
99999.92,0.00,99999.92,USD,IDEALPRO-001,MARGIN,,[],False,{}
100000.00,0.00,100000.00,EUR,IDEALPRO-001,MARGIN,,[],False,{}
99999.92,0.00,99999.92,USD,IDEALPRO-001,MARGIN,,[],False,{}
100000.00,0.00,100000.00,EUR,IDEALPRO-001,MARGIN,,[],False,{}
99999.92,0.00,99999.92,USD,IDEALPRO-001,MARGIN,,[],False,{}
100000.00,0.00,100000.00,EUR,IDEALPRO-001,MARGIN,,[],False,{}
99999.92,0.00,99999.92,USD,IDEALPRO-001,MARGIN,,[],False,{}
100000.00,0.00,100000.00,EUR,IDEALPRO-001,MARGIN,,[],False,{}
99999.92,2.34,99997.58,USD,IDEALPRO-001,MARGIN,,"[{'type': 'MarginBalance', 'initial': '0.00', 'maintenance': '2.34', 'currency': 'USD', 'instrument_id': 'EUR/USD.IDEALPRO'}]",False,{}
100000.00,0.00,100000.00,EUR,IDEALPRO-001,MARGIN,,"[{'type': 'MarginBalance', 'initial': '0.00', 'maintenance': '2.34', 'currency': 'USD', 'instrument_id': 'EUR/USD.IDEALPRO'}]",False,{}
99999.92,2.34,99997.58,USD,IDEALPRO-001,MARGIN,,"[{'type': 'MarginBalance', 'initial': '0.00', 'maintenance': '2.34', 'currency': 'USD', 'instrument_id': 'EUR/USD.IDEALPRO'}]",False,{}
100000.00,0.00,100000.00,EUR,IDEALPRO-001,MARGIN,,"[{'type': 'MarginBalance', 'initial': '0.00', 'maintenance': '2.34', 'currency': 'USD', 'instrument_id': 'EUR/USD.IDEALPRO'}]",False,{}
99999.92,2.34,99997.58,USD,IDEALPRO-001,MARGIN,,"[{'type': 'MarginBalance', 'initial': '0.00', 'maintenance': '2.34', 'currency': 'USD', 'instrument_id': 'EUR/USD.IDEALPRO'}]",False,{}
100000.00,0.00,100000.00,EUR,IDEALPRO-001,MARGIN,,"[{'type': 'MarginBalance', 'initial': '0.00', 'maintenance': '2.34', 'currency': 'USD', 'instrument_id': 'EUR/USD.IDEALPRO'}]",False,{}
99999.86,0.00,99999.86,USD,IDEALPRO-001,MARGIN,,[],False,{}
100000.00,0.00,100000.00,EUR,IDEALPRO-001,MARGIN,,[],False,{}
99999.86,0.00,99999.86,USD,IDEALPRO-001,MARGIN,,[],False,{}
100000.00,0.00,100000.00,EUR,IDEALPRO-001,MARGIN,,[],False,{}
99999.86,0.00,99999.86,USD,IDEALPRO-001,MARGIN,,[],False,{}
100000.00,0.00,100000.00,EUR,IDEALPRO-001,MARGIN,,[],False,{}
99999.86,0.00,99999.86,USD,IDEALPRO-001,MARGIN,,[],False,{}
100000.00,0.00,100000.00,EUR,IDEALPRO-001,MARGIN,,[],False,{}
99999.86,0.00,99999.86,USD,IDEALPRO-001,MARGIN,,[],False,{}
100000.00,0.00,100000.00,EUR,IDEALPRO-001,MARGIN,,[],False,{}
99999.86,2.34,99997.52,USD,IDEALPRO-001,MARGIN,,"[{'type': 'MarginBalance', 'initial': '0.00', 'maintenance': '2.34', 'currency': 'USD', 'instrument_id': 'EUR/USD.IDEALPRO'}]",False,{}
100000.00,0.00,100000.00,EUR,IDEALPRO-001,MARGIN,,"[{'type': 'MarginBalance', 'initial': '0.00', 'maintenance': '2.34', 'currency': 'USD', 'instrument_id': 'EUR/USD.IDEALPRO'}]",False,{}
99999.86,2.34,99997.52,USD,IDEALPRO-001,MARGIN,,"[{'type': 'MarginBalance', 'initial': '0.00', 'maintenance': '2.34', 'currency': 'USD', 'instrument_id': 'EUR/USD.IDEALPRO'}]",False,{}
100000.00,0.00,100000.00,EUR,IDEALPRO-001,MARGIN,,"[{'type': 'MarginBalance', 'initial': '0.00', 'maintenance': '2.34', 'currency': 'USD', 'instrument_id': 'EUR/USD.IDEALPRO'}]",False,{}
99999.86,2.34,99997.52,USD,IDEALPRO-001,MARGIN,,"[{'type': 'MarginBalance', 'initial': '0.00', 'maintenance': '2.34', 'currency': 'USD', 'instrument_id': 'EUR/USD.IDEALPRO'}]",False,{}
100000.00,0.00,100000.00,EUR,IDEALPRO-001,MARGIN,,"[{'type': 'MarginBalance', 'initial': '0.00', 'maintenance': '2.34', 'currency': 'USD', 'instrument_id': 'EUR/USD.IDEALPRO'}]",False,{}
99999.80,0.00,99999.80,USD,IDEALPRO-001,MARGIN,,[],False,{}
100000.00,0.00,100000.00,EUR,IDEALPRO-001,MARGIN,,[],False,{}
99999.80,0.00,99999.80,USD,IDEALPRO-001,MARGIN,,[],False,{}
100000.00,0.00,100000.00,EUR,IDEALPRO-001,MARGIN,,[],False,{}
99999.80,0.00,99999.80,USD,IDEALPRO-001,MARGIN,,[],False,{}
100000.00,0.00,100000.00,EUR,IDEALPRO-001,MARGIN,,[],False,{}
99999.80,0.00,99999.80,USD,IDEALPRO-001,MARGIN,,[],False,{}
100000.00,0.00,100000.00,EUR,IDEALPRO-001,MARGIN,,[],False,{}
99999.80,0.00,99999.80,USD,IDEALPRO-001,MARGIN,,[],False,{}
100000.00,0.00,100000.00,EUR,IDEALPRO-001,MARGIN,,[],False,{}
99999.80,2.34,99997.46,USD,IDEALPRO-001,MARGIN,,"[{'type': 'MarginBalance', 'initial': '0.00', 'maintenance': '2.34', 'currency': 'USD', 'instrument_id': 'EUR/USD.IDEALPRO'}]",False,{}
100000.00,0.00,100000.00,EUR,IDEALPRO-001,MARGIN,,"[{'type': 'MarginBalance', 'initial': '0.00', 'maintenance': '2.34', 'currency': 'USD', 'instrument_id': 'EUR/USD.IDEALPRO'}]",False,{}
99999.80,2.34,99997.46,USD,IDEALPRO-001,MARGIN,,"[{'type': 'MarginBalance', 'initial': '0.00', 'maintenance': '2.34', 'currency': 'USD', 'instrument_id': 'EUR/USD.IDEALPRO'}]",False,{}
100000.00,0.00,100000.00,EUR,IDEALPRO-001,MARGIN,,"[{'type': 'MarginBalance', 'initial': '0.00', 'maintenance': '2.34', 'currency': 'USD', 'instrument_id': 'EUR/USD.IDEALPRO'}]",False,{}
99999.80,2.34,99997.46,USD,IDEALPRO-001,MARGIN,,"[{'type': 'MarginBalance', 'initial': '0.00', 'maintenance': '2.34', 'currency': 'USD', 'instrument_id': 'EUR/USD.IDEALPRO'}]",False,{}
100000.00,0.00,100000.00,EUR,IDEALPRO-001,MARGIN,,"[{'type': 'MarginBalance', 'initial': '0.00', 'maintenance': '2.34', 'currency': 'USD', 'instrument_id': 'EUR/USD.IDEALPRO'}]",False,{}
99999.80,2.34,99997.46,USD,IDEALPRO-001,MARGIN,,"[{'type': 'MarginBalance', 'initial': '0.00', 'maintenance': '2.34', 'currency': 'USD', 'instrument_id': 'EUR/USD.IDEALPRO'}]",False,{}
100000.00,0.00,100000.00,EUR,IDEALPRO-001,MARGIN,,"[{'type': 'MarginBalance', 'initial': '0.00', 'maintenance': '2.34', 'currency': 'USD', 'instrument_id': 'EUR/USD.IDEALPRO'}]",False,{}
99999.80,0.00,99999.80,USD,IDEALPRO-001,MARGIN,,[],False,{}
100000.00,0.00,100000.00,EUR,IDEALPRO-001,MARGIN,,[],False,{}
99999.80,0.00,99999.80,USD,IDEALPRO-001,MARGIN,,[],False,{}
100000.00,0.00,100000.00,EUR,IDEALPRO-001,MARGIN,,[],False,{}
99999.80,0.00,99999.80,USD,IDEALPRO-001,MARGIN,,[],False,{}
100000.00,0.00,100000.00,EUR,IDEALPRO-001,MARGIN,,[],False,{}
99999.80,0.00,99999.80,USD,IDEALPRO-001,MARGIN,,[],False,{}
100000.00,0.00,100000.00,EUR,IDEALPRO-001,MARGIN,,[],False,{}
99999.80,0.00,99999.80,USD,IDEALPRO-001,MARGIN,,[],False,{}
100000.00,0.00,100000.00,EUR,IDEALPRO-001,MARGIN,,[],False,{}
99999.80,0.00,99999.80,USD,IDEALPRO-001,MARGIN,,[],False,{}
100000.00,0.00,100000.00,EUR,IDEALPRO-001,MARGIN,,[],False,{}
99999.80,2.34,99997.46,USD,IDEALPRO-001,MARGIN,,"[{'type': 'MarginBalance', 'initial': '0.00', 'maintenance': '2.34', 'currency': 'USD', 'instrument_id': 'EUR/USD.IDEALPRO'}]",False,{}
100000.00,0.00,100000.00,EUR,IDEALPRO-001,MARGIN,,"[{'type': 'MarginBalance', 'initial': '0.00', 'maintenance': '2.34', 'currency': 'USD', 'instrument_id': 'EUR/USD.IDEALPRO'}]",False,{}
99999.80,2.34,99997.46,USD,IDEALPRO-001,MARGIN,,"[{'type': 'MarginBalance', 'initial': '0.00', 'maintenance': '2.34', 'currency': 'USD', 'instrument_id': 'EUR/USD.IDEALPRO'}]",False,{}
100000.00,0.00,100000.00,EUR,IDEALPRO-001,MARGIN,,"[{'type': 'MarginBalance', 'initial': '0.00', 'maintenance': '2.34', 'currency': 'USD', 'instrument_id': 'EUR/USD.IDEALPRO'}]",False,{}
99999.80,2.34,99997.46,USD,IDEALPRO-001,MARGIN,,"[{'type': 'MarginBalance', 'initial': '0.00', 'maintenance': '2.34', 'currency': 'USD', 'instrument_id': 'EUR/USD.IDEALPRO'}]",False,{}
100000.00,0.00,100000.00,EUR,IDEALPRO-001,MARGIN,,"[{'type': 'MarginBalance', 'initial': '0.00', 'maintenance': '2.34', 'currency': 'USD', 'instrument_id': 'EUR/USD.IDEALPRO'}]",False,{}
99999.80,2.34,99997.46,USD,IDEALPRO-001,MARGIN,,"[{'type': 'MarginBalance', 'initial': '0.00', 'maintenance': '2.34', 'currency': 'USD', 'instrument_id': 'EUR/USD.IDEALPRO'}]",False,{}
100000.00,0.00,100000.00,EUR,IDEALPRO-001,MARGIN,,"[{'type': 'MarginBalance', 'initial': '0.00', 'maintenance': '2.34', 'currency': 'USD', 'instrument_id': 'EUR/USD.IDEALPRO'}]",False,{}
99999.74,0.00,99999.74,USD,IDEALPRO-001,MARGIN,,[],False,{}
100000.00,0.00,100000.00,EUR,IDEALPRO-001,MARGIN,,[],False,{}
99999.74,0.00,99999.74,USD,IDEALPRO-001,MARGIN,,[],False,{}
100000.00,0.00,100000.00,EUR,IDEALPRO-001,MARGIN,,[],False,{}
99999.74,0.00,99999.74,USD,IDEALPRO-001,MARGIN,,[],False,{}
100000.00,0.00,100000.00,EUR,IDEALPRO-001,MARGIN,,[],False,{}
99999.74,0.00,99999.74,USD,IDEALPRO-001,MARGIN,,[],False,{}
100000.00,0.00,100000.00,EUR,IDEALPRO-001,MARGIN,,[],False,{}
99999.74,0.00,99999.74,USD,IDEALPRO-001,MARGIN,,[],False,{}
100000.00,0.00,100000.00,EUR,IDEALPRO-001,MARGIN,,[],False,{}
99999.74,0.00,99999.74,USD,IDEALPRO-001,MARGIN,,[],False,{}
100000.00,0.00,100000.00,EUR,IDEALPRO-001,MARGIN,,[],False,{}
99999.74,2.34,99997.40,USD,IDEALPRO-001,MARGIN,,"[{'type': 'MarginBalance', 'initial': '0.00', 'maintenance': '2.34', 'currency': 'USD', 'instrument_id': 'EUR/USD.IDEALPRO'}]",False,{}
100000.00,0.00,100000.00,EUR,IDEALPRO-001,MARGIN,,"[{'type': 'MarginBalance', 'initial': '0.00', 'maintenance': '2.34', 'currency': 'USD', 'instrument_id': 'EUR/USD.IDEALPRO'}]",False,{}
99999.74,2.34,99997.40,USD,IDEALPRO-001,MARGIN,,"[{'type': 'MarginBalance', 'initial': '0.00', 'maintenance': '2.34', 'currency': 'USD', 'instrument_id': 'EUR/USD.IDEALPRO'}]",False,{}
100000.00,0.00,100000.00,EUR,IDEALPRO-001,MARGIN,,"[{'type': 'MarginBalance', 'initial': '0.00', 'maintenance': '2.34', 'currency': 'USD', 'instrument_id': 'EUR/USD.IDEALPRO'}]",False,{}
99999.74,2.34,99997.40,USD,IDEALPRO-001,MARGIN,,"[{'type': 'MarginBalance', 'initial': '0.00', 'maintenance': '2.34', 'currency': 'USD', 'instrument_id': 'EUR/USD.IDEALPRO'}]",False,{}
100000.00,0.00,100000.00,EUR,IDEALPRO-001,MARGIN,,"[{'type': 'MarginBalance', 'initial': '0.00', 'maintenance': '2.34', 'currency': 'USD', 'instrument_id': 'EUR/USD.IDEALPRO'}]",False,{}
99999.74,2.34,99997.40,USD,IDEALPRO-001,MARGIN,,"[{'type': 'MarginBalance', 'initial': '0.00', 'maintenance': '2.34', 'currency': 'USD', 'instrument_id': 'EUR/USD.IDEALPRO'}]",False,{}
100000.00,0.00,100000.00,EUR,IDEALPRO-001,MARGIN,,"[{'type': 'MarginBalance', 'initial': '0.00', 'maintenance': '2.34', 'currency': 'USD', 'instrument_id': 'EUR/USD.IDEALPRO'}]",False,{}
99999.74,0.00,99999.74,USD,IDEALPRO-001,MARGIN,,[],False,{}
100000.00,0.00,100000.00,EUR,IDEALPRO-001,MARGIN,,[],False,{}
99999.74,0.00,99999.74,USD,IDEALPRO-001,MARGIN,,[],False,{}
100000.00,0.00,100000.00,EUR,IDEALPRO-001,MARGIN,,[],False,{}
99999.74,0.00,99999.74,USD,IDEALPRO-001,MARGIN,,[],False,{}
100000.00,0.00,100000.00,EUR,IDEALPRO-001,MARGIN,,[],False,{}
99999.74,0.00,99999.74,USD,IDEALPRO-001,MARGIN,,[],False,{}
100000.00,0.00,100000.00,EUR,IDEALPRO-001,MARGIN,,[],False,{}
99999.74,0.00,99999.74,USD,IDEALPRO-001,MARGIN,,[],False,{}
100000.00,0.00,100000.00,EUR,IDEALPRO-001,MARGIN,,[],False,{}
99999.74,0.00,99999.74,USD,IDEALPRO-001,MARGIN,,[],False,{}
100000.00,0.00,100000.00,EUR,IDEALPRO-001,MARGIN,,[],False,{}
99999.74,2.34,99997.40,USD,IDEALPRO-001,MARGIN,,"[{'type': 'MarginBalance', 'initial': '0.00', 'maintenance': '2.34', 'currency': 'USD', 'instrument_id': 'EUR/USD.IDEALPRO'}]",False,{}
100000.00,0.00,100000.00,EUR,IDEALPRO-001,MARGIN,,"[{'type': 'MarginBalance', 'initial': '0.00', 'maintenance': '2.34', 'currency': 'USD', 'instrument_id': 'EUR/USD.IDEALPRO'}]",False,{}
99999.74,2.34,99997.40,USD,IDEALPRO-001,MARGIN,,"[{'type': 'MarginBalance', 'initial': '0.00', 'maintenance': '2.34', 'currency': 'USD', 'instrument_id': 'EUR/USD.IDEALPRO'}]",False,{}
100000.00,0.00,100000.00,EUR,IDEALPRO-001,MARGIN,,"[{'type': 'MarginBalance', 'initial': '0.00', 'maintenance': '2.34', 'currency': 'USD', 'instrument_id': 'EUR/USD.IDEALPRO'}]",False,{}
99999.74,2.34,99997.40,USD,IDEALPRO-001,MARGIN,,"[{'type': 'MarginBalance', 'initial': '0.00', 'maintenance': '2.34', 'currency': 'USD', 'instrument_id': 'EUR/USD.IDEALPRO'}]",False,{}
100000.00,0.00,100000.00,EUR,IDEALPRO-001,MARGIN,,"[{'type': 'MarginBalance', 'initial': '0.00', 'maintenance': '2.34', 'currency': 'USD', 'instrument_id': 'EUR/USD.IDEALPRO'}]",False,{}
99999.74,2.34,99997.40,USD,IDEALPRO-001,MARGIN,,"[{'type': 'MarginBalance', 'initial': '0.00', 'maintenance': '2.34', 'currency': 'USD', 'instrument_id': 'EUR/USD.IDEALPRO'}]",False,{}
100000.00,0.00,100000.00,EUR,IDEALPRO-001,MARGIN,,"[{'type': 'MarginBalance', 'initial': '0.00', 'maintenance': '2.34', 'currency': 'USD', 'instrument_id': 'EUR/USD.IDEALPRO'}]",False,{}
99999.70,0.00,99999.70,USD,IDEALPRO-001,MARGIN,,[],False,{}
100000.00,0.00,100000.00,EUR,IDEALPRO-001,MARGIN,,[],False,{}
99999.70,0.00,99999.70,USD,IDEALPRO-001,MARGIN,,[],False,{}
100000.00,0.00,100000.00,EUR,IDEALPRO-001,MARGIN,,[],False,{}
99999.70,0.00,99999.70,USD,IDEALPRO-001,MARGIN,,[],False,{}
100000.00,0.00,100000.00,EUR,IDEALPRO-001,MARGIN,,[],False,{}
99999.70,0.00,99999.70,USD,IDEALPRO-001,MARGIN,,[],False,{}
100000.00,0.00,100000.00,EUR,IDEALPRO-001,MARGIN,,[],False,{}
99999.70,0.00,99999.70,USD,IDEALPRO-001,MARGIN,,[],False,{}
100000.00,0.00,100000.00,EUR,IDEALPRO-001,MARGIN,,[],False,{}
99999.70,0.00,99999.70,USD,IDEALPRO-001,MARGIN,,[],False,{}
100000.00,0.00,100000.00,EUR,IDEALPRO-001,MARGIN,,[],False,{}
99999.70,2.34,99997.36,USD,IDEALPRO-001,MARGIN,,"[{'type': 'MarginBalance', 'initial': '0.00', 'maintenance': '2.34', 'currency': 'USD', 'instrument_id': 'EUR/USD.IDEALPRO'}]",False,{}
100000.00,0.00,100000.00,EUR,IDEALPRO-001,MARGIN,,"[{'type': 'MarginBalance', 'initial': '0.00', 'maintenance': '2.34', 'currency': 'USD', 'instrument_id': 'EUR/USD.IDEALPRO'}]",False,{}
99999.70,2.34,99997.36,USD,IDEALPRO-001,MARGIN,,"[{'type': 'MarginBalance', 'initial': '0.00', 'maintenance': '2.34', 'currency': 'USD', 'instrument_id': 'EUR/USD.IDEALPRO'}]",False,{}
100000.00,0.00,100000.00,EUR,IDEALPRO-001,MARGIN,,"[{'type': 'MarginBalance', 'initial': '0.00', 'maintenance': '2.34', 'currency': 'USD', 'instrument_id': 'EUR/USD.IDEALPRO'}]",False,{}
99999.70,2.34,99997.36,USD,IDEALPRO-001,MARGIN,,"[{'type': 'MarginBalance', 'initial': '0.00', 'maintenance': '2.34', 'currency': 'USD', 'instrument_id': 'EUR/USD.IDEALPRO'}]",False,{}
100000.00,0.00,100000.00,EUR,IDEALPRO-001,MARGIN,,"[{'type': 'MarginBalance', 'initial': '0.00', 'maintenance': '2.34', 'currency': 'USD', 'instrument_id': 'EUR/USD.IDEALPRO'}]",False,{}
99999.70,2.34,99997.36,USD,IDEALPRO-001,MARGIN,,"[{'type': 'MarginBalance', 'initial': '0.00', 'maintenance': '2.34', 'currency': 'USD', 'instrument_id': 'EUR/USD.IDEALPRO'}]",False,{}
100000.00,0.00,100000.00,EUR,IDEALPRO-001,MARGIN,,"[{'type': 'MarginBalance', 'initial': '0.00', 'maintenance': '2.34', 'currency': 'USD', 'instrument_id': 'EUR/USD.IDEALPRO'}]",False,{}
99999.68,0.00,99999.68,USD,IDEALPRO-001,MARGIN,,[],False,{}
100000.00,0.00,100000.00,EUR,IDEALPRO-001,MARGIN,,[],False,{}
99999.68,0.00,99999.68,USD,IDEALPRO-001,MARGIN,,[],False,{}
100000.00,0.00,100000.00,EUR,IDEALPRO-001,MARGIN,,[],False,{}
99999.68,0.00,99999.68,USD,IDEALPRO-001,MARGIN,,[],False,{}
100000.00,0.00,100000.00,EUR,IDEALPRO-001,MARGIN,,[],False,{}
99999.68,0.00,99999.68,USD,IDEALPRO-001,MARGIN,,[],False,{}
100000.00,0.00,100000.00,EUR,IDEALPRO-001,MARGIN,,[],False,{}
99999.68,0.00,99999.68,USD,IDEALPRO-001,MARGIN,,[],False,{}
100000.00,0.00,100000.00,EUR,IDEALPRO-001,MARGIN,,[],False,{}
99999.68,0.00,99999.68,USD,IDEALPRO-001,MARGIN,,[],False,{}
100000.00,0.00,100000.00,EUR,IDEALPRO-001,MARGIN,,[],False,{}
99999.68,2.34,99997.34,USD,IDEALPRO-001,MARGIN,,"[{'type': 'MarginBalance', 'initial': '0.00', 'maintenance': '2.34', 'currency': 'USD', 'instrument_id': 'EUR/USD.IDEALPRO'}]",False,{}
100000.00,0.00,100000.00,EUR,IDEALPRO-001,MARGIN,,"[{'type': 'MarginBalance', 'initial': '0.00', 'maintenance': '2.34', 'currency': 'USD', 'instrument_id': 'EUR/USD.IDEALPRO'}]",False,{}
99999.68,2.34,99997.34,USD,IDEALPRO-001,MARGIN,,"[{'type': 'MarginBalance', 'initial': '0.00', 'maintenance': '2.34', 'currency': 'USD', 'instrument_id': 'EUR/USD.IDEALPRO'}]",False,{}
100000.00,0.00,100000.00,EUR,IDEALPRO-001,MARGIN,,"[{'type': 'MarginBalance', 'initial': '0.00', 'maintenance': '2.34', 'currency': 'USD', 'instrument_id': 'EUR/USD.IDEALPRO'}]",False,{}
99999.68,2.34,99997.34,USD,IDEALPRO-001,MARGIN,,"[{'type': 'MarginBalance', 'initial': '0.00', 'maintenance': '2.34', 'currency': 'USD', 'instrument_id': 'EUR/USD.IDEALPRO'}]",False,{}
100000.00,0.00,100000.00,EUR,IDEALPRO-001,MARGIN,,"[{'type': 'MarginBalance', 'initial': '0.00', 'maintenance': '2.34', 'currency': 'USD', 'instrument_id': 'EUR/USD.IDEALPRO'}]",False,{}
99999.68,2.34,99997.34,USD,IDEALPRO-001,MARGIN,,"[{'type': 'MarginBalance', 'initial': '0.00', 'maintenance': '2.34', 'currency': 'USD', 'instrument_id': 'EUR/USD.IDEALPRO'}]",False,{}
100000.00,0.00,100000.00,EUR,IDEALPRO-001,MARGIN,,"[{'type': 'MarginBalance', 'initial': '0.00', 'maintenance': '2.34', 'currency': 'USD', 'instrument_id': 'EUR/USD.IDEALPRO'}]",False,{}
99999.70,0.00,99999.70,USD,IDEALPRO-001,MARGIN,,[],False,{}
100000.00,0.00,100000.00,EUR,IDEALPRO-001,MARGIN,,[],False,{}
99999.70,0.00,99999.70,USD,IDEALPRO-001,MARGIN,,[],False,{}
100000.00,0.00,100000.00,EUR,IDEALPRO-001,MARGIN,,[],False,{}
99999.70,0.00,99999.70,USD,IDEALPRO-001,MARGIN,,[],False,{}
100000.00,0.00,100000.00,EUR,IDEALPRO-001,MARGIN,,[],False,{}
99999.70,0.00,99999.70,USD,IDEALPRO-001,MARGIN,,[],False,{}
100000.00,0.00,100000.00,EUR,IDEALPRO-001,MARGIN,,[],False,{}
99999.70,0.00,99999.70,USD,IDEALPRO-001,MARGIN,,[],False,{}
100000.00,0.00,100000.00,EUR,IDEALPRO-001,MARGIN,,[],False,{}
99999.70,0.00,99999.70,USD,IDEALPRO-001,MARGIN,,[],False,{}
100000.00,0.00,100000.00,EUR,IDEALPRO-001,MARGIN,,[],False,{}
99999.70,2.34,99997.36,USD,IDEALPRO-001,MARGIN,,"[{'type': 'MarginBalance', 'initial': '0.00', 'maintenance': '2.34', 'currency': 'USD', 'instrument_id': 'EUR/USD.IDEALPRO'}]",False,{}
100000.00,0.00,100000.00,EUR,IDEALPRO-001,MARGIN,,"[{'type': 'MarginBalance', 'initial': '0.00', 'maintenance': '2.34', 'currency': 'USD', 'instrument_id': 'EUR/USD.IDEALPRO'}]",False,{}
99999.70,2.34,99997.36,USD,IDEALPRO-001,MARGIN,,"[{'type': 'MarginBalance', 'initial': '0.00', 'maintenance': '2.34', 'currency': 'USD', 'instrument_id': 'EUR/USD.IDEALPRO'}]",False,{}
100000.00,0.00,100000.00,EUR,IDEALPRO-001,MARGIN,,"[{'type': 'MarginBalance', 'initial': '0.00', 'maintenance': '2.34', 'currency': 'USD', 'instrument_id': 'EUR/USD.IDEALPRO'}]",False,{}
99999.70,2.34,99997.36,USD,IDEALPRO-001,MARGIN,,"[{'type': 'MarginBalance', 'initial': '0.00', 'maintenance': '2.34', 'currency': 'USD', 'instrument_id': 'EUR/USD.IDEALPRO'}]",False,{}
100000.00,0.00,100000.00,EUR,IDEALPRO-001,MARGIN,,"[{'type': 'MarginBalance', 'initial': '0.00', 'maintenance': '2.34', 'currency': 'USD', 'instrument_id': 'EUR/USD.IDEALPRO'}]",False,{}
99999.70,2.34,99997.36,USD,IDEALPRO-001,MARGIN,,"[{'type': 'MarginBalance', 'initial': '0.00', 'maintenance': '2.34', 'currency': 'USD', 'instrument_id': 'EUR/USD.IDEALPRO'}]",False,{}
100000.00,0.00,100000.00,EUR,IDEALPRO-001,MARGIN,,"[{'type': 'MarginBalance', 'initial': '0.00', 'maintenance': '2.34', 'currency': 'USD', 'instrument_id': 'EUR/USD.IDEALPRO'}]",False,{}
99999.69,0.00,99999.69,USD,IDEALPRO-001,MARGIN,,[],False,{}
100000.00,0.00,100000.00,EUR,IDEALPRO-001,MARGIN,,[],False,{}
99999.69,0.00,99999.69,USD,IDEALPRO-001,MARGIN,,[],False,{}
100000.00,0.00,100000.00,EUR,IDEALPRO-001,MARGIN,,[],False,{}
99999.69,0.00,99999.69,USD,IDEALPRO-001,MARGIN,,[],False,{}
100000.00,0.00,100000.00,EUR,IDEALPRO-001,MARGIN,,[],False,{}
99999.69,0.00,99999.69,USD,IDEALPRO-001,MARGIN,,[],False,{}
100000.00,0.00,100000.00,EUR,IDEALPRO-001,MARGIN,,[],False,{}
99999.69,0.00,99999.69,USD,IDEALPRO-001,MARGIN,,[],False,{}
100000.00,0.00,100000.00,EUR,IDEALPRO-001,MARGIN,,[],False,{}
99999.69,0.00,99999.69,USD,IDEALPRO-001,MARGIN,,[],False,{}
100000.00,0.00,100000.00,EUR,IDEALPRO-001,MARGIN,,[],False,{}
99999.69,2.34,99997.35,USD,IDEALPRO-001,MARGIN,,"[{'type': 'MarginBalance', 'initial': '0.00', 'maintenance': '2.34', 'currency': 'USD', 'instrument_id': 'EUR/USD.IDEALPRO'}]",False,{}
100000.00,0.00,100000.00,EUR,IDEALPRO-001,MARGIN,,"[{'type': 'MarginBalance', 'initial': '0.00', 'maintenance': '2.34', 'currency': 'USD', 'instrument_id': 'EUR/USD.IDEALPRO'}]",False,{}
99999.69,2.34,99997.35,USD,IDEALPRO-001,MARGIN,,"[{'type': 'MarginBalance', 'initial': '0.00', 'maintenance': '2.34', 'currency': 'USD', 'instrument_id': 'EUR/USD.IDEALPRO'}]",False,{}
100000.00,0.00,100000.00,EUR,IDEALPRO-001,MARGIN,,"[{'type': 'MarginBalance', 'initial': '0.00', 'maintenance': '2.34', 'currency': 'USD', 'instrument_id': 'EUR/USD.IDEALPRO'}]",False,{}
99999.69,2.34,99997.35,USD,IDEALPRO-001,MARGIN,,"[{'type': 'MarginBalance', 'initial': '0.00', 'maintenance': '2.34', 'currency': 'USD', 'instrument_id': 'EUR/USD.IDEALPRO'}]",False,{}
100000.00,0.00,100000.00,EUR,IDEALPRO-001,MARGIN,,"[{'type': 'MarginBalance', 'initial': '0.00', 'maintenance': '2.34', 'currency': 'USD', 'instrument_id': 'EUR/USD.IDEALPRO'}]",False,{}
99999.69,2.34,99997.35,USD,IDEALPRO-001,MARGIN,,"[{'type': 'MarginBalance', 'initial': '0.00', 'maintenance': '2.34', 'currency': 'USD', 'instrument_id': 'EUR/USD.IDEALPRO'}]",False,{}
100000.00,0.00,100000.00,EUR,IDEALPRO-001,MARGIN,,"[{'type': 'MarginBalance', 'initial': '0.00', 'maintenance': '2.34', 'currency': 'USD', 'instrument_id': 'EUR/USD.IDEALPRO'}]",False,{}
99999.70,0.00,99999.70,USD,IDEALPRO-001,MARGIN,,[],False,{}
100000.00,0.00,100000.00,EUR,IDEALPRO-001,MARGIN,,[],False,{}
99999.70,0.00,99999.70,USD,IDEALPRO-001,MARGIN,,[],False,{}
100000.00,0.00,100000.00,EUR,IDEALPRO-001,MARGIN,,[],False,{}
99999.70,0.00,99999.70,USD,IDEALPRO-001,MARGIN,,[],False,{}
100000.00,0.00,100000.00,EUR,IDEALPRO-001,MARGIN,,[],False,{}
99999.70,0.00,99999.70,USD,IDEALPRO-001,MARGIN,,[],False,{}
100000.00,0.00,100000.00,EUR,IDEALPRO-001,MARGIN,,[],False,{}
99999.70,0.00,99999.70,USD,IDEALPRO-001,MARGIN,,[],False,{}
100000.00,0.00,100000.00,EUR,IDEALPRO-001,MARGIN,,[],False,{}
99999.70,0.00,99999.70,USD,IDEALPRO-001,MARGIN,,[],False,{}
100000.00,0.00,100000.00,EUR,IDEALPRO-001,MARGIN,,[],False,{}
99999.70,2.34,99997.36,USD,IDEALPRO-001,MARGIN,,"[{'type': 'MarginBalance', 'initial': '0.00', 'maintenance': '2.34', 'currency': 'USD', 'instrument_id': 'EUR/USD.IDEALPRO'}]",False,{}
100000.00,0.00,100000.00,EUR,IDEALPRO-001,MARGIN,,"[{'type': 'MarginBalance', 'initial': '0.00', 'maintenance': '2.34', 'currency': 'USD', 'instrument_id': 'EUR/USD.IDEALPRO'}]",False,{}
99999.70,2.34,99997.36,USD,IDEALPRO-001,MARGIN,,"[{'type': 'MarginBalance', 'initial': '0.00', 'maintenance': '2.34', 'currency': 'USD', 'instrument_id': 'EUR/USD.IDEALPRO'}]",False,{}
100000.00,0.00,100000.00,EUR,IDEALPRO-001,MARGIN,,"[{'type': 'MarginBalance', 'initial': '0.00', 'maintenance': '2.34', 'currency': 'USD', 'instrument_id': 'EUR/USD.IDEALPRO'}]",False,{}
99999.70,2.34,99997.36,USD,IDEALPRO-001,MARGIN,,"[{'type': 'MarginBalance', 'initial': '0.00', 'maintenance': '2.34', 'currency': 'USD', 'instrument_id': 'EUR/USD.IDEALPRO'}]",False,{}
100000.00,0.00,100000.00,EUR,IDEALPRO-001,MARGIN,,"[{'type': 'MarginBalance', 'initial': '0.00', 'maintenance': '2.34', 'currency': 'USD', 'instrument_id': 'EUR/USD.IDEALPRO'}]",False,{}
99999.70,2.34,99997.36,USD,IDEALPRO-001,MARGIN,,"[{'type': 'MarginBalance', 'initial': '0.00', 'maintenance': '2.34', 'currency': 'USD', 'instrument_id': 'EUR/USD.IDEALPRO'}]",False,{}
100000.00,0.00,100000.00,EUR,IDEALPRO-001,MARGIN,,"[{'type': 'MarginBalance', 'initial': '0.00', 'maintenance': '2.34', 'currency': 'USD', 'instrument_id': 'EUR/USD.IDEALPRO'}]",False,{}
99999.71,0.00,99999.71,USD,IDEALPRO-001,MARGIN,,[],False,{}
100000.00,0.00,100000.00,EUR,IDEALPRO-001,MARGIN,,[],False,{}
99999.71,0.00,99999.71,USD,IDEALPRO-001,MARGIN,,[],False,{}
100000.00,0.00,100000.00,EUR,IDEALPRO-001,MARGIN,,[],False,{}
99999.71,0.00,99999.71,USD,IDEALPRO-001,MARGIN,,[],False,{}
100000.00,0.00,100000.00,EUR,IDEALPRO-001,MARGIN,,[],False,{}
99999.71,0.00,99999.71,USD,IDEALPRO-001,MARGIN,,[],False,{}
100000.00,0.00,100000.00,EUR,IDEALPRO-001,MARGIN,,[],False,{}
99999.71,0.00,99999.71,USD,IDEALPRO-001,MARGIN,,[],False,{}
100000.00,0.00,100000.00,EUR,IDEALPRO-001,MARGIN,,[],False,{}
99999.71,0.00,99999.71,USD,IDEALPRO-001,MARGIN,,[],False,{}
100000.00,0.00,100000.00,EUR,IDEALPRO-001,MARGIN,,[],False,{}
99999.71,2.34,99997.37,USD,IDEALPRO-001,MARGIN,,"[{'type': 'MarginBalance', 'initial': '0.00', 'maintenance': '2.34', 'currency': 'USD', 'instrument_id': 'EUR/USD.IDEALPRO'}]",False,{}
100000.00,0.00,100000.00,EUR,IDEALPRO-001,MARGIN,,"[{'type': 'MarginBalance', 'initial': '0.00', 'maintenance': '2.34', 'currency': 'USD', 'instrument_id': 'EUR/USD.IDEALPRO'}]",False,{}
99999.71,2.34,99997.37,USD,IDEALPRO-001,MARGIN,,"[{'type': 'MarginBalance', 'initial': '0.00', 'maintenance': '2.34', 'currency': 'USD', 'instrument_id': 'EUR/USD.IDEALPRO'}]",False,{}
100000.00,0.00,100000.00,EUR,IDEALPRO-001,MARGIN,,"[{'type': 'MarginBalance', 'initial': '0.00', 'maintenance': '2.34', 'currency': 'USD', 'instrument_id': 'EUR/USD.IDEALPRO'}]",False,{}
99999.71,2.34,99997.37,USD,IDEALPRO-001,MARGIN,,"[{'type': 'MarginBalance', 'initial': '0.00', 'maintenance': '2.34', 'currency': 'USD', 'instrument_id': 'EUR/USD.IDEALPRO'}]",False,{}
100000.00,0.00,100000.00,EUR,IDEALPRO-001,MARGIN,,"[{'type': 'MarginBalance', 'initial': '0.00', 'maintenance': '2.34', 'currency': 'USD', 'instrument_id': 'EUR/USD.IDEALPRO'}]",False,{}
99999.71,2.34,99997.37,USD,IDEALPRO-001,MARGIN,,"[{'type': 'MarginBalance', 'initial': '0.00', 'maintenance': '2.34', 'currency': 'USD', 'instrument_id': 'EUR/USD.IDEALPRO'}]",False,{}
100000.00,0.00,100000.00,EUR,IDEALPRO-001,MARGIN,,"[{'type': 'MarginBalance', 'initial': '0.00', 'maintenance': '2.34', 'currency': 'USD', 'instrument_id': 'EUR/USD.IDEALPRO'}]",False,{}
99999.67,0.00,99999.67,USD,IDEALPRO-001,MARGIN,,[],False,{}
100000.00,0.00,100000.00,EUR,IDEALPRO-001,MARGIN,,[],False,{}
99999.67,0.00,99999.67,USD,IDEALPRO-001,MARGIN,,[],False,{}
100000.00,0.00,100000.00,EUR,IDEALPRO-001,MARGIN,,[],False,{}
99999.67,0.00,99999.67,USD,IDEALPRO-001,MARGIN,,[],False,{}
100000.00,0.00,100000.00,EUR,IDEALPRO-001,MARGIN,,[],False,{}
99999.67,0.00,99999.67,USD,IDEALPRO-001,MARGIN,,[],False,{}
100000.00,0.00,100000.00,EUR,IDEALPRO-001,MARGIN,,[],False,{}
99999.67,0.00,99999.67,USD,IDEALPRO-001,MARGIN,,[],False,{}
100000.00,0.00,100000.00,EUR,IDEALPRO-001,MARGIN,,[],False,{}
99999.67,0.00,99999.67,USD,IDEALPRO-001,MARGIN,,[],False,{}
100000.00,0.00,100000.00,EUR,IDEALPRO-001,MARGIN,,[],False,{}
99999.67,2.34,99997.33,USD,IDEALPRO-001,MARGIN,,"[{'type': 'MarginBalance', 'initial': '0.00', 'maintenance': '2.34', 'currency': 'USD', 'instrument_id': 'EUR/USD.IDEALPRO'}]",False,{}
100000.00,0.00,100000.00,EUR,IDEALPRO-001,MARGIN,,"[{'type': 'MarginBalance', 'initial': '0.00', 'maintenance': '2.34', 'currency': 'USD', 'instrument_id': 'EUR/USD.IDEALPRO'}]",False,{}
99999.67,2.34,99997.33,USD,IDEALPRO-001,MARGIN,,"[{'type': 'MarginBalance', 'initial': '0.00', 'maintenance': '2.34', 'currency': 'USD', 'instrument_id': 'EUR/USD.IDEALPRO'}]",False,{}
100000.00,0.00,100000.00,EUR,IDEALPRO-001,MARGIN,,"[{'type': 'MarginBalance', 'initial': '0.00', 'maintenance': '2.34', 'currency': 'USD', 'instrument_id': 'EUR/USD.IDEALPRO'}]",False,{}
99999.67,2.34,99997.33,USD,IDEALPRO-001,MARGIN,,"[{'type': 'MarginBalance', 'initial': '0.00', 'maintenance': '2.34', 'currency': 'USD', 'instrument_id': 'EUR/USD.IDEALPRO'}]",False,{}
100000.00,0.00,100000.00,EUR,IDEALPRO-001,MARGIN,,"[{'type': 'MarginBalance', 'initial': '0.00', 'maintenance': '2.34', 'currency': 'USD', 'instrument_id': 'EUR/USD.IDEALPRO'}]",False,{}
99999.67,2.34,99997.33,USD,IDEALPRO-001,MARGIN,,"[{'type': 'MarginBalance', 'initial': '0.00', 'maintenance': '2.34', 'currency': 'USD', 'instrument_id': 'EUR/USD.IDEALPRO'}]",False,{}
100000.00,0.00,100000.00,EUR,IDEALPRO-001,MARGIN,,"[{'type': 'MarginBalance', 'initial': '0.00', 'maintenance': '2.34', 'currency': 'USD', 'instrument_id': 'EUR/USD.IDEALPRO'}]",False,{}
99999.66,0.00,99999.66,USD,IDEALPRO-001,MARGIN,,[],False,{}
100000.00,0.00,100000.00,EUR,IDEALPRO-001,MARGIN,,[],False,{}
99999.66,0.00,99999.66,USD,IDEALPRO-001,MARGIN,,[],False,{}
100000.00,0.00,100000.00,EUR,IDEALPRO-001,MARGIN,,[],False,{}
99999.66,0.00,99999.66,USD,IDEALPRO-001,MARGIN,,[],False,{}
100000.00,0.00,100000.00,EUR,IDEALPRO-001,MARGIN,,[],False,{}
99999.66,0.00,99999.66,USD,IDEALPRO-001,MARGIN,,[],False,{}
100000.00,0.00,100000.00,EUR,IDEALPRO-001,MARGIN,,[],False,{}
99999.66,0.00,99999.66,USD,IDEALPRO-001,MARGIN,,[],False,{}
100000.00,0.00,100000.00,EUR,IDEALPRO-001,MARGIN,,[],False,{}
99999.66,0.00,99999.66,USD,IDEALPRO-001,MARGIN,,[],False,{}
100000.00,0.00,100000.00,EUR,IDEALPRO-001,MARGIN,,[],False,{}
99999.66,2.34,99997.32,USD,IDEALPRO-001,MARGIN,,"[{'type': 'MarginBalance', 'initial': '0.00', 'maintenance': '2.34', 'currency': 'USD', 'instrument_id': 'EUR/USD.IDEALPRO'}]",False,{}
100000.00,0.00,100000.00,EUR,IDEALPRO-001,MARGIN,,"[{'type': 'MarginBalance', 'initial': '0.00', 'maintenance': '2.34', 'currency': 'USD', 'instrument_id': 'EUR/USD.IDEALPRO'}]",False,{}
99999.66,2.34,99997.32,USD,IDEALPRO-001,MARGIN,,"[{'type': 'MarginBalance', 'initial': '0.00', 'maintenance': '2.34', 'currency': 'USD', 'instrument_id': 'EUR/USD.IDEALPRO'}]",False,{}
100000.00,0.00,100000.00,EUR,IDEALPRO-001,MARGIN,,"[{'type': 'MarginBalance', 'initial': '0.00', 'maintenance': '2.34', 'currency': 'USD', 'instrument_id': 'EUR/USD.IDEALPRO'}]",False,{}
99999.66,2.34,99997.32,USD,IDEALPRO-001,MARGIN,,"[{'type': 'MarginBalance', 'initial': '0.00', 'maintenance': '2.34', 'currency': 'USD', 'instrument_id': 'EUR/USD.IDEALPRO'}]",False,{}
100000.00,0.00,100000.00,EUR,IDEALPRO-001,MARGIN,,"[{'type': 'MarginBalance', 'initial': '0.00', 'maintenance': '2.34', 'currency': 'USD', 'instrument_id': 'EUR/USD.IDEALPRO'}]",False,{}
99999.66,2.34,99997.32,USD,IDEALPRO-001,MARGIN,,"[{'type': 'MarginBalance', 'initial': '0.00', 'maintenance': '2.34', 'currency': 'USD', 'instrument_id': 'EUR/USD.IDEALPRO'}]",False,{}
100000.00,0.00,100000.00,EUR,IDEALPRO-001,MARGIN,,"[{'type': 'MarginBalance', 'initial': '0.00', 'maintenance': '2.34', 'currency': 'USD', 'instrument_id': 'EUR/USD.IDEALPRO'}]",False,{}
99999.67,0.00,99999.67,USD,IDEALPRO-001,MARGIN,,[],False,{}
100000.00,0.00,100000.00,EUR,IDEALPRO-001,MARGIN,,[],False,{}
99999.67,0.00,99999.67,USD,IDEALPRO-001,MARGIN,,[],False,{}
100000.00,0.00,100000.00,EUR,IDEALPRO-001,MARGIN,,[],False,{}
99999.67,0.00,99999.67,USD,IDEALPRO-001,MARGIN,,[],False,{}
100000.00,0.00,100000.00,EUR,IDEALPRO-001,MARGIN,,[],False,{}
99999.67,0.00,99999.67,USD,IDEALPRO-001,MARGIN,,[],False,{}
100000.00,0.00,100000.00,EUR,IDEALPRO-001,MARGIN,,[],False,{}
99999.67,0.00,99999.67,USD,IDEALPRO-001,MARGIN,,[],False,{}
100000.00,0.00,100000.00,EUR,IDEALPRO-001,MARGIN,,[],False,{}
99999.67,0.00,99999.67,USD,IDEALPRO-001,MARGIN,,[],False,{}
100000.00,0.00,100000.00,EUR,IDEALPRO-001,MARGIN,,[],False,{}
99999.67,2.35,99997.32,USD,IDEALPRO-001,MARGIN,,"[{'type': 'MarginBalance', 'initial': '0.00', 'maintenance': '2.35', 'currency': 'USD', 'instrument_id': 'EUR/USD.IDEALPRO'}]",False,{}
100000.00,0.00,100000.00,EUR,IDEALPRO-001,MARGIN,,"[{'type': 'MarginBalance', 'initial': '0.00', 'maintenance': '2.35', 'currency': 'USD', 'instrument_id': 'EUR/USD.IDEALPRO'}]",False,{}
99999.67,2.34,99997.33,USD,IDEALPRO-001,MARGIN,,"[{'type': 'MarginBalance', 'initial': '0.00', 'maintenance': '2.34', 'currency': 'USD', 'instrument_id': 'EUR/USD.IDEALPRO'}]",False,{}
100000.00,0.00,100000.00,EUR,IDEALPRO-001,MARGIN,,"[{'type': 'MarginBalance', 'initial': '0.00', 'maintenance': '2.34', 'currency': 'USD', 'instrument_id': 'EUR/USD.IDEALPRO'}]",False,{}
99999.67,2.34,99997.33,USD,IDEALPRO-001,MARGIN,,"[{'type': 'MarginBalance', 'initial': '0.00', 'maintenance': '2.34', 'currency': 'USD', 'instrument_id': 'EUR/USD.IDEALPRO'}]",False,{}
100000.00,0.00,100000.00,EUR,IDEALPRO-001,MARGIN,,"[{'type': 'MarginBalance', 'initial': '0.00', 'maintenance': '2.34', 'currency': 'USD', 'instrument_id': 'EUR/USD.IDEALPRO'}]",False,{}
99999.67,2.34,99997.33,USD,IDEALPRO-001,MARGIN,,"[{'type': 'MarginBalance', 'initial': '0.00', 'maintenance': '2.34', 'currency': 'USD', 'instrument_id': 'EUR/USD.IDEALPRO'}]",False,{}
100000.00,0.00,100000.00,EUR,IDEALPRO-001,MARGIN,,"[{'type': 'MarginBalance', 'initial': '0.00', 'maintenance': '2.34', 'currency': 'USD', 'instrument_id': 'EUR/USD.IDEALPRO'}]",False,{}
99999.69,0.00,99999.69,USD,IDEALPRO-001,MARGIN,,[],False,{}
100000.00,0.00,100000.00,EUR,IDEALPRO-001,MARGIN,,[],False,{}
99999.69,0.00,99999.69,USD,IDEALPRO-001,MARGIN,,[],False,{}
100000.00,0.00,100000.00,EUR,IDEALPRO-001,MARGIN,,[],False,{}
99999.69,0.00,99999.69,USD,IDEALPRO-001,MARGIN,,[],False,{}
100000.00,0.00,100000.00,EUR,IDEALPRO-001,MARGIN,,[],False,{}
99999.69,0.00,99999.69,USD,IDEALPRO-001,MARGIN,,[],False,{}
100000.00,0.00,100000.00,EUR,IDEALPRO-001,MARGIN,,[],False,{}
99999.69,0.00,99999.69,USD,IDEALPRO-001,MARGIN,,[],False,{}
100000.00,0.00,100000.00,EUR,IDEALPRO-001,MARGIN,,[],False,{}
99999.69,0.00,99999.69,USD,IDEALPRO-001,MARGIN,,[],False,{}
100000.00,0.00,100000.00,EUR,IDEALPRO-001,MARGIN,,[],False,{}
99999.69,2.34,99997.35,USD,IDEALPRO-001,MARGIN,,"[{'type': 'MarginBalance', 'initial': '0.00', 'maintenance': '2.34', 'currency': 'USD', 'instrument_id': 'EUR/USD.IDEALPRO'}]",False,{}
100000.00,0.00,100000.00,EUR,IDEALPRO-001,MARGIN,,"[{'type': 'MarginBalance', 'initial': '0.00', 'maintenance': '2.34', 'currency': 'USD', 'instrument_id': 'EUR/USD.IDEALPRO'}]",False,{}
99999.69,2.34,99997.35,USD,IDEALPRO-001,MARGIN,,"[{'type': 'MarginBalance', 'initial': '0.00', 'maintenance': '2.34', 'currency': 'USD', 'instrument_id': 'EUR/USD.IDEALPRO'}]",False,{}
100000.00,0.00,100000.00,EUR,IDEALPRO-001,MARGIN,,"[{'type': 'MarginBalance', 'initial': '0.00', 'maintenance': '2.34', 'currency': 'USD', 'instrument_id': 'EUR/USD.IDEALPRO'}]",False,{}
99999.69,2.34,99997.35,USD,IDEALPRO-001,MARGIN,,"[{'type': 'MarginBalance', 'initial': '0.00', 'maintenance': '2.34', 'currency': 'USD', 'instrument_id': 'EUR/USD.IDEALPRO'}]",False,{}
100000.00,0.00,100000.00,EUR,IDEALPRO-001,MARGIN,,"[{'type': 'MarginBalance', 'initial': '0.00', 'maintenance': '2.34', 'currency': 'USD', 'instrument_id': 'EUR/USD.IDEALPRO'}]",False,{}
99999.69,2.34,99997.35,USD,IDEALPRO-001,MARGIN,,"[{'type': 'MarginBalance', 'initial': '0.00', 'maintenance': '2.34', 'currency': 'USD', 'instrument_id': 'EUR/USD.IDEALPRO'}]",False,{}
100000.00,0.00,100000.00,EUR,IDEALPRO-001,MARGIN,,"[{'type': 'MarginBalance', 'initial': '0.00', 'maintenance': '2.34', 'currency': 'USD', 'instrument_id': 'EUR/USD.IDEALPRO'}]",False,{}
99999.65,0.00,99999.65,USD,IDEALPRO-001,MARGIN,,[],False,{}
100000.00,0.00,100000.00,EUR,IDEALPRO-001,MARGIN,,[],False,{}
99999.65,0.00,99999.65,USD,IDEALPRO-001,MARGIN,,[],False,{}
100000.00,0.00,100000.00,EUR,IDEALPRO-001,MARGIN,,[],False,{}
99999.65,0.00,99999.65,USD,IDEALPRO-001,MARGIN,,[],False,{}
100000.00,0.00,100000.00,EUR,IDEALPRO-001,MARGIN,,[],False,{}
99999.65,0.00,99999.65,USD,IDEALPRO-001,MARGIN,,[],False,{}
100000.00,0.00,100000.00,EUR,IDEALPRO-001,MARGIN,,[],False,{}
99999.65,0.00,99999.65,USD,IDEALPRO-001,MARGIN,,[],False,{}
100000.00,0.00,100000.00,EUR,IDEALPRO-001,MARGIN,,[],False,{}
99999.65,0.00,99999.65,USD,IDEALPRO-001,MARGIN,,[],False,{}
100000.00,0.00,100000.00,EUR,IDEALPRO-001,MARGIN,,[],False,{}
99999.65,2.35,99997.30,USD,IDEALPRO-001,MARGIN,,"[{'type': 'MarginBalance', 'initial': '0.00', 'maintenance': '2.35', 'currency': 'USD', 'instrument_id': 'EUR/USD.IDEALPRO'}]",False,{}
100000.00,0.00,100000.00,EUR,IDEALPRO-001,MARGIN,,"[{'type': 'MarginBalance', 'initial': '0.00', 'maintenance': '2.35', 'currency': 'USD', 'instrument_id': 'EUR/USD.IDEALPRO'}]",False,{}
99999.65,2.35,99997.30,USD,IDEALPRO-001,MARGIN,,"[{'type': 'MarginBalance', 'initial': '0.00', 'maintenance': '2.35', 'currency': 'USD', 'instrument_id': 'EUR/USD.IDEALPRO'}]",False,{}
100000.00,0.00,100000.00,EUR,IDEALPRO-001,MARGIN,,"[{'type': 'MarginBalance', 'initial': '0.00', 'maintenance': '2.35', 'currency': 'USD', 'instrument_id': 'EUR/USD.IDEALPRO'}]",False,{}
99999.65,2.35,99997.30,USD,IDEALPRO-001,MARGIN,,"[{'type': 'MarginBalance', 'initial': '0.00', 'maintenance': '2.35', 'currency': 'USD', 'instrument_id': 'EUR/USD.IDEALPRO'}]",False,{}
100000.00,0.00,100000.00,EUR,IDEALPRO-001,MARGIN,,"[{'type': 'MarginBalance', 'initial': '0.00', 'maintenance': '2.35', 'currency': 'USD', 'instrument_id': 'EUR/USD.IDEALPRO'}]",False,{}
99999.65,2.35,99997.30,USD,IDEALPRO-001,MARGIN,,"[{'type': 'MarginBalance', 'initial': '0.00', 'maintenance': '2.35', 'currency': 'USD', 'instrument_id': 'EUR/USD.IDEALPRO'}]",False,{}
100000.00,0.00,100000.00,EUR,IDEALPRO-001,MARGIN,,"[{'type': 'MarginBalance', 'initial': '0.00', 'maintenance': '2.35', 'currency': 'USD', 'instrument_id': 'EUR/USD.IDEALPRO'}]",False,{}
99999.69,0.00,99999.69,USD,IDEALPRO-001,MARGIN,,[],False,{}
100000.00,0.00,100000.00,EUR,IDEALPRO-001,MARGIN,,[],False,{}
99999.69,0.00,99999.69,USD,IDEALPRO-001,MARGIN,,[],False,{}
100000.00,0.00,100000.00,EUR,IDEALPRO-001,MARGIN,,[],False,{}
99999.69,0.00,99999.69,USD,IDEALPRO-001,MARGIN,,[],False,{}
100000.00,0.00,100000.00,EUR,IDEALPRO-001,MARGIN,,[],False,{}
99999.69,0.00,99999.69,USD,IDEALPRO-001,MARGIN,,[],False,{}
100000.00,0.00,100000.00,EUR,IDEALPRO-001,MARGIN,,[],False,{}
99999.69,0.00,99999.69,USD,IDEALPRO-001,MARGIN,,[],False,{}
100000.00,0.00,100000.00,EUR,IDEALPRO-001,MARGIN,,[],False,{}
99999.69,0.00,99999.69,USD,IDEALPRO-001,MARGIN,,[],False,{}
100000.00,0.00,100000.00,EUR,IDEALPRO-001,MARGIN,,[],False,{}
99999.69,2.34,99997.35,USD,IDEALPRO-001,MARGIN,,"[{'type': 'MarginBalance', 'initial': '0.00', 'maintenance': '2.34', 'currency': 'USD', 'instrument_id': 'EUR/USD.IDEALPRO'}]",False,{}
100000.00,0.00,100000.00,EUR,IDEALPRO-001,MARGIN,,"[{'type': 'MarginBalance', 'initial': '0.00', 'maintenance': '2.34', 'currency': 'USD', 'instrument_id': 'EUR/USD.IDEALPRO'}]",False,{}
99999.69,2.34,99997.35,USD,IDEALPRO-001,MARGIN,,"[{'type': 'MarginBalance', 'initial': '0.00', 'maintenance': '2.34', 'currency': 'USD', 'instrument_id': 'EUR/USD.IDEALPRO'}]",False,{}
100000.00,0.00,100000.00,EUR,IDEALPRO-001,MARGIN,,"[{'type': 'MarginBalance', 'initial': '0.00', 'maintenance': '2.34', 'currency': 'USD', 'instrument_id': 'EUR/USD.IDEALPRO'}]",False,{}
99999.69,2.34,99997.35,USD,IDEALPRO-001,MARGIN,,"[{'type': 'MarginBalance', 'initial': '0.00', 'maintenance': '2.34', 'currency': 'USD', 'instrument_id': 'EUR/USD.IDEALPRO'}]",False,{}
100000.00,0.00,100000.00,EUR,IDEALPRO-001,MARGIN,,"[{'type': 'MarginBalance', 'initial': '0.00', 'maintenance': '2.34', 'currency': 'USD', 'instrument_id': 'EUR/USD.IDEALPRO'}]",False,{}
99999.63,0.00,99999.63,USD,IDEALPRO-001,MARGIN,,[],False,{}
100000.00,0.00,100000.00,EUR,IDEALPRO-001,MARGIN,,[],False,{}
99999.63,0.00,99999.63,USD,IDEALPRO-001,MARGIN,,[],False,{}
100000.00,0.00,100000.00,EUR,IDEALPRO-001,MARGIN,,[],False,{}
99999.63,0.00,99999.63,USD,IDEALPRO-001,MARGIN,,[],False,{}
100000.00,0.00,100000.00,EUR,IDEALPRO-001,MARGIN,,[],False,{}
99999.63,0.00,99999.63,USD,IDEALPRO-001,MARGIN,,[],False,{}
100000.00,0.00,100000.00,EUR,IDEALPRO-001,MARGIN,,[],False,{}
99999.63,0.00,99999.63,USD,IDEALPRO-001,MARGIN,,[],False,{}
100000.00,0.00,100000.00,EUR,IDEALPRO-001,MARGIN,,[],False,{}
99999.63,2.35,99997.28,USD,IDEALPRO-001,MARGIN,,"[{'type': 'MarginBalance', 'initial': '0.00', 'maintenance': '2.35', 'currency': 'USD', 'instrument_id': 'EUR/USD.IDEALPRO'}]",False,{}
100000.00,0.00,100000.00,EUR,IDEALPRO-001,MARGIN,,"[{'type': 'MarginBalance', 'initial': '0.00', 'maintenance': '2.35', 'currency': 'USD', 'instrument_id': 'EUR/USD.IDEALPRO'}]",False,{}
99999.63,2.35,99997.28,USD,IDEALPRO-001,MARGIN,,"[{'type': 'MarginBalance', 'initial': '0.00', 'maintenance': '2.35', 'currency': 'USD', 'instrument_id': 'EUR/USD.IDEALPRO'}]",False,{}
100000.00,0.00,100000.00,EUR,IDEALPRO-001,MARGIN,,"[{'type': 'MarginBalance', 'initial': '0.00', 'maintenance': '2.35', 'currency': 'USD', 'instrument_id': 'EUR/USD.IDEALPRO'}]",False,{}
99999.63,2.35,99997.28,USD,IDEALPRO-001,MARGIN,,"[{'type': 'MarginBalance', 'initial': '0.00', 'maintenance': '2.35', 'currency': 'USD', 'instrument_id': 'EUR/USD.IDEALPRO'}]",False,{}
100000.00,0.00,100000.00,EUR,IDEALPRO-001,MARGIN,,"[{'type': 'MarginBalance', 'initial': '0.00', 'maintenance': '2.35', 'currency': 'USD', 'instrument_id': 'EUR/USD.IDEALPRO'}]",False,{}
99999.57,0.00,99999.57,USD,IDEALPRO-001,MARGIN,,[],False,{}
100000.00,0.00,100000.00,EUR,IDEALPRO-001,MARGIN,,[],False,{}
99999.57,0.00,99999.57,USD,IDEALPRO-001,MARGIN,,[],False,{}
100000.00,0.00,100000.00,EUR,IDEALPRO-001,MARGIN,,[],False,{}
99999.57,0.00,99999.57,USD,IDEALPRO-001,MARGIN,,[],False,{}
100000.00,0.00,100000.00,EUR,IDEALPRO-001,MARGIN,,[],False,{}
99999.57,0.00,99999.57,USD,IDEALPRO-001,MARGIN,,[],False,{}
100000.00,0.00,100000.00,EUR,IDEALPRO-001,MARGIN,,[],False,{}
99999.57,0.00,99999.57,USD,IDEALPRO-001,MARGIN,,[],False,{}
100000.00,0.00,100000.00,EUR,IDEALPRO-001,MARGIN,,[],False,{}
99999.57,2.34,99997.23,USD,IDEALPRO-001,MARGIN,,"[{'type': 'MarginBalance', 'initial': '0.00', 'maintenance': '2.34', 'currency': 'USD', 'instrument_id': 'EUR/USD.IDEALPRO'}]",False,{}
100000.00,0.00,100000.00,EUR,IDEALPRO-001,MARGIN,,"[{'type': 'MarginBalance', 'initial': '0.00', 'maintenance': '2.34', 'currency': 'USD', 'instrument_id': 'EUR/USD.IDEALPRO'}]",False,{}
99999.57,2.34,99997.23,USD,IDEALPRO-001,MARGIN,,"[{'type': 'MarginBalance', 'initial': '0.00', 'maintenance': '2.34', 'currency': 'USD', 'instrument_id': 'EUR/USD.IDEALPRO'}]",False,{}
100000.00,0.00,100000.00,EUR,IDEALPRO-001,MARGIN,,"[{'type': 'MarginBalance', 'initial': '0.00', 'maintenance': '2.34', 'currency': 'USD', 'instrument_id': 'EUR/USD.IDEALPRO'}]",False,{}
99999.57,2.34,99997.23,USD,IDEALPRO-001,MARGIN,,"[{'type': 'MarginBalance', 'initial': '0.00', 'maintenance': '2.34', 'currency': 'USD', 'instrument_id': 'EUR/USD.IDEALPRO'}]",False,{}
100000.00,0.00,100000.00,EUR,IDEALPRO-001,MARGIN,,"[{'type': 'MarginBalance', 'initial': '0.00', 'maintenance': '2.34', 'currency': 'USD', 'instrument_id': 'EUR/USD.IDEALPRO'}]",False,{}
99999.57,2.34,99997.23,USD,IDEALPRO-001,MARGIN,,"[{'type': 'MarginBalance', 'initial': '0.00', 'maintenance': '2.34', 'currency': 'USD', 'instrument_id': 'EUR/USD.IDEALPRO'}]",False,{}
100000.00,0.00,100000.00,EUR,IDEALPRO-001,MARGIN,,"[{'type': 'MarginBalance', 'initial': '0.00', 'maintenance': '2.34', 'currency': 'USD', 'instrument_id': 'EUR/USD.IDEALPRO'}]",False,{}
99999.67,0.00,99999.67,USD,IDEALPRO-001,MARGIN,,[],False,{}
100000.00,0.00,100000.00,EUR,IDEALPRO-001,MARGIN,,[],False,{}
99999.67,0.00,99999.67,USD,IDEALPRO-001,MARGIN,,[],False,{}
100000.00,0.00,100000.00,EUR,IDEALPRO-001,MARGIN,,[],False,{}
99999.67,0.00,99999.67,USD,IDEALPRO-001,MARGIN,,[],False,{}
100000.00,0.00,100000.00,EUR,IDEALPRO-001,MARGIN,,[],False,{}
99999.67,0.00,99999.67,USD,IDEALPRO-001,MARGIN,,[],False,{}
100000.00,0.00,100000.00,EUR,IDEALPRO-001,MARGIN,,[],False,{}
99999.67,0.00,99999.67,USD,IDEALPRO-001,MARGIN,,[],False,{}
100000.00,0.00,100000.00,EUR,IDEALPRO-001,MARGIN,,[],False,{}
99999.67,0.00,99999.67,USD,IDEALPRO-001,MARGIN,,[],False,{}
100000.00,0.00,100000.00,EUR,IDEALPRO-001,MARGIN,,[],False,{}
99999.67,2.34,99997.33,USD,IDEALPRO-001,MARGIN,,"[{'type': 'MarginBalance', 'initial': '0.00', 'maintenance': '2.34', 'currency': 'USD', 'instrument_id': 'EUR/USD.IDEALPRO'}]",False,{}
100000.00,0.00,100000.00,EUR,IDEALPRO-001,MARGIN,,"[{'type': 'MarginBalance', 'initial': '0.00', 'maintenance': '2.34', 'currency': 'USD', 'instrument_id': 'EUR/USD.IDEALPRO'}]",False,{}
99999.67,2.34,99997.33,USD,IDEALPRO-001,MARGIN,,"[{'type': 'MarginBalance', 'initial': '0.00', 'maintenance': '2.34', 'currency': 'USD', 'instrument_id': 'EUR/USD.IDEALPRO'}]",False,{}
100000.00,0.00,100000.00,EUR,IDEALPRO-001,MARGIN,,"[{'type': 'MarginBalance', 'initial': '0.00', 'maintenance': '2.34', 'currency': 'USD', 'instrument_id': 'EUR/USD.IDEALPRO'}]",False,{}
99999.67,2.34,99997.33,USD,IDEALPRO-001,MARGIN,,"[{'type': 'MarginBalance', 'initial': '0.00', 'maintenance': '2.34', 'currency': 'USD', 'instrument_id': 'EUR/USD.IDEALPRO'}]",False,{}
100000.00,0.00,100000.00,EUR,IDEALPRO-001,MARGIN,,"[{'type': 'MarginBalance', 'initial': '0.00', 'maintenance': '2.34', 'currency': 'USD', 'instrument_id': 'EUR/USD.IDEALPRO'}]",False,{}
99999.67,2.34,99997.33,USD,IDEALPRO-001,MARGIN,,"[{'type': 'MarginBalance', 'initial': '0.00', 'maintenance': '2.34', 'currency': 'USD', 'instrument_id': 'EUR/USD.IDEALPRO'}]",False,{}
100000.00,0.00,100000.00,EUR,IDEALPRO-001,MARGIN,,"[{'type': 'MarginBalance', 'initial': '0.00', 'maintenance': '2.34', 'currency': 'USD', 'instrument_id': 'EUR/USD.IDEALPRO'}]",False,{}
99999.65,0.00,99999.65,USD,IDEALPRO-001,MARGIN,,[],False,{}
100000.00,0.00,100000.00,EUR,IDEALPRO-001,MARGIN,,[],False,{}
99999.65,0.00,99999.65,USD,IDEALPRO-001,MARGIN,,[],False,{}
100000.00,0.00,100000.00,EUR,IDEALPRO-001,MARGIN,,[],False,{}
99999.65,0.00,99999.65,USD,IDEALPRO-001,MARGIN,,[],False,{}
100000.00,0.00,100000.00,EUR,IDEALPRO-001,MARGIN,,[],False,{}
99999.65,0.00,99999.65,USD,IDEALPRO-001,MARGIN,,[],False,{}
100000.00,0.00,100000.00,EUR,IDEALPRO-001,MARGIN,,[],False,{}
99999.65,0.00,99999.65,USD,IDEALPRO-001,MARGIN,,[],False,{}
100000.00,0.00,100000.00,EUR,IDEALPRO-001,MARGIN,,[],False,{}
99999.65,0.00,99999.65,USD,IDEALPRO-001,MARGIN,,[],False,{}
100000.00,0.00,100000.00,EUR,IDEALPRO-001,MARGIN,,[],False,{}
99999.65,2.34,99997.31,USD,IDEALPRO-001,MARGIN,,"[{'type': 'MarginBalance', 'initial': '0.00', 'maintenance': '2.34', 'currency': 'USD', 'instrument_id': 'EUR/USD.IDEALPRO'}]",False,{}
100000.00,0.00,100000.00,EUR,IDEALPRO-001,MARGIN,,"[{'type': 'MarginBalance', 'initial': '0.00', 'maintenance': '2.34', 'currency': 'USD', 'instrument_id': 'EUR/USD.IDEALPRO'}]",False,{}
99999.65,2.34,99997.31,USD,IDEALPRO-001,MARGIN,,"[{'type': 'MarginBalance', 'initial': '0.00', 'maintenance': '2.34', 'currency': 'USD', 'instrument_id': 'EUR/USD.IDEALPRO'}]",False,{}
100000.00,0.00,100000.00,EUR,IDEALPRO-001,MARGIN,,"[{'type': 'MarginBalance', 'initial': '0.00', 'maintenance': '2.34', 'currency': 'USD', 'instrument_id': 'EUR/USD.IDEALPRO'}]",False,{}
99999.65,2.34,99997.31,USD,IDEALPRO-001,MARGIN,,"[{'type': 'MarginBalance', 'initial': '0.00', 'maintenance': '2.34', 'currency': 'USD', 'instrument_id': 'EUR/USD.IDEALPRO'}]",False,{}
100000.00,0.00,100000.00,EUR,IDEALPRO-001,MARGIN,,"[{'type': 'MarginBalance', 'initial': '0.00', 'maintenance': '2.34', 'currency': 'USD', 'instrument_id': 'EUR/USD.IDEALPRO'}]",False,{}
99999.65,2.34,99997.31,USD,IDEALPRO-001,MARGIN,,"[{'type': 'MarginBalance', 'initial': '0.00', 'maintenance': '2.34', 'currency': 'USD', 'instrument_id': 'EUR/USD.IDEALPRO'}]",False,{}
100000.00,0.00,100000.00,EUR,IDEALPRO-001,MARGIN,,"[{'type': 'MarginBalance', 'initial': '0.00', 'maintenance': '2.34', 'currency': 'USD', 'instrument_id': 'EUR/USD.IDEALPRO'}]",False,{}
99999.74,0.00,99999.74,USD,IDEALPRO-001,MARGIN,,[],False,{}
100000.00,0.00,100000.00,EUR,IDEALPRO-001,MARGIN,,[],False,{}
99999.74,0.00,99999.74,USD,IDEALPRO-001,MARGIN,,[],False,{}
100000.00,0.00,100000.00,EUR,IDEALPRO-001,MARGIN,,[],False,{}
99999.74,0.00,99999.74,USD,IDEALPRO-001,MARGIN,,[],False,{}
100000.00,0.00,100000.00,EUR,IDEALPRO-001,MARGIN,,[],False,{}
99999.74,0.00,99999.74,USD,IDEALPRO-001,MARGIN,,[],False,{}
100000.00,0.00,100000.00,EUR,IDEALPRO-001,MARGIN,,[],False,{}
99999.74,0.00,99999.74,USD,IDEALPRO-001,MARGIN,,[],False,{}
100000.00,0.00,100000.00,EUR,IDEALPRO-001,MARGIN,,[],False,{}
99999.74,0.00,99999.74,USD,IDEALPRO-001,MARGIN,,[],False,{}
100000.00,0.00,100000.00,EUR,IDEALPRO-001,MARGIN,,[],False,{}
99999.74,2.34,99997.40,USD,IDEALPRO-001,MARGIN,,"[{'type': 'MarginBalance', 'initial': '0.00', 'maintenance': '2.34', 'currency': 'USD', 'instrument_id': 'EUR/USD.IDEALPRO'}]",False,{}
100000.00,0.00,100000.00,EUR,IDEALPRO-001,MARGIN,,"[{'type': 'MarginBalance', 'initial': '0.00', 'maintenance': '2.34', 'currency': 'USD', 'instrument_id': 'EUR/USD.IDEALPRO'}]",False,{}
99999.74,2.34,99997.40,USD,IDEALPRO-001,MARGIN,,"[{'type': 'MarginBalance', 'initial': '0.00', 'maintenance': '2.34', 'currency': 'USD', 'instrument_id': 'EUR/USD.IDEALPRO'}]",False,{}
100000.00,0.00,100000.00,EUR,IDEALPRO-001,MARGIN,,"[{'type': 'MarginBalance', 'initial': '0.00', 'maintenance': '2.34', 'currency': 'USD', 'instrument_id': 'EUR/USD.IDEALPRO'}]",False,{}
99999.74,2.34,99997.40,USD,IDEALPRO-001,MARGIN,,"[{'type': 'MarginBalance', 'initial': '0.00', 'maintenance': '2.34', 'currency': 'USD', 'instrument_id': 'EUR/USD.IDEALPRO'}]",False,{}
100000.00,0.00,100000.00,EUR,IDEALPRO-001,MARGIN,,"[{'type': 'MarginBalance', 'initial': '0.00', 'maintenance': '2.34', 'currency': 'USD', 'instrument_id': 'EUR/USD.IDEALPRO'}]",False,{}
99999.74,2.34,99997.40,USD,IDEALPRO-001,MARGIN,,"[{'type': 'MarginBalance', 'initial': '0.00', 'maintenance': '2.34', 'currency': 'USD', 'instrument_id': 'EUR/USD.IDEALPRO'}]",False,{}
100000.00,0.00,100000.00,EUR,IDEALPRO-001,MARGIN,,"[{'type': 'MarginBalance', 'initial': '0.00', 'maintenance': '2.34', 'currency': 'USD', 'instrument_id': 'EUR/USD.IDEALPRO'}]",False,{}
99999.72,0.00,99999.72,USD,IDEALPRO-001,MARGIN,,[],False,{}
100000.00,0.00,100000.00,EUR,IDEALPRO-001,MARGIN,,[],False,{}
99999.72,0.00,99999.72,USD,IDEALPRO-001,MARGIN,,[],False,{}
100000.00,0.00,100000.00,EUR,IDEALPRO-001,MARGIN,,[],False,{}
99999.72,0.00,99999.72,USD,IDEALPRO-001,MARGIN,,[],False,{}
100000.00,0.00,100000.00,EUR,IDEALPRO-001,MARGIN,,[],False,{}
99999.72,0.00,99999.72,USD,IDEALPRO-001,MARGIN,,[],False,{}
100000.00,0.00,100000.00,EUR,IDEALPRO-001,MARGIN,,[],False,{}
99999.72,0.00,99999.72,USD,IDEALPRO-001,MARGIN,,[],False,{}
100000.00,0.00,100000.00,EUR,IDEALPRO-001,MARGIN,,[],False,{}
99999.72,0.00,99999.72,USD,IDEALPRO-001,MARGIN,,[],False,{}
100000.00,0.00,100000.00,EUR,IDEALPRO-001,MARGIN,,[],False,{}
99999.72,2.34,99997.38,USD,IDEALPRO-001,MARGIN,,"[{'type': 'MarginBalance', 'initial': '0.00', 'maintenance': '2.34', 'currency': 'USD', 'instrument_id': 'EUR/USD.IDEALPRO'}]",False,{}
100000.00,0.00,100000.00,EUR,IDEALPRO-001,MARGIN,,"[{'type': 'MarginBalance', 'initial': '0.00', 'maintenance': '2.34', 'currency': 'USD', 'instrument_id': 'EUR/USD.IDEALPRO'}]",False,{}
99999.72,2.34,99997.38,USD,IDEALPRO-001,MARGIN,,"[{'type': 'MarginBalance', 'initial': '0.00', 'maintenance': '2.34', 'currency': 'USD', 'instrument_id': 'EUR/USD.IDEALPRO'}]",False,{}
100000.00,0.00,100000.00,EUR,IDEALPRO-001,MARGIN,,"[{'type': 'MarginBalance', 'initial': '0.00', 'maintenance': '2.34', 'currency': 'USD', 'instrument_id': 'EUR/USD.IDEALPRO'}]",False,{}
99999.72,2.34,99997.38,USD,IDEALPRO-001,MARGIN,,"[{'type': 'MarginBalance', 'initial': '0.00', 'maintenance': '2.34', 'currency': 'USD', 'instrument_id': 'EUR/USD.IDEALPRO'}]",False,{}
100000.00,0.00,100000.00,EUR,IDEALPRO-001,MARGIN,,"[{'type': 'MarginBalance', 'initial': '0.00', 'maintenance': '2.34', 'currency': 'USD', 'instrument_id': 'EUR/USD.IDEALPRO'}]",False,{}
99999.72,2.34,99997.38,USD,IDEALPRO-001,MARGIN,,"[{'type': 'MarginBalance', 'initial': '0.00', 'maintenance': '2.34', 'currency': 'USD', 'instrument_id': 'EUR/USD.IDEALPRO'}]",False,{}
100000.00,0.00,100000.00,EUR,IDEALPRO-001,MARGIN,,"[{'type': 'MarginBalance', 'initial': '0.00', 'maintenance': '2.34', 'currency': 'USD', 'instrument_id': 'EUR/USD.IDEALPRO'}]",False,{}
99999.68,0.00,99999.68,USD,IDEALPRO-001,MARGIN,,[],False,{}
100000.00,0.00,100000.00,EUR,IDEALPRO-001,MARGIN,,[],False,{}
99999.68,0.00,99999.68,USD,IDEALPRO-001,MARGIN,,[],False,{}
100000.00,0.00,100000.00,EUR,IDEALPRO-001,MARGIN,,[],False,{}
99999.68,0.00,99999.68,USD,IDEALPRO-001,MARGIN,,[],False,{}
100000.00,0.00,100000.00,EUR,IDEALPRO-001,MARGIN,,[],False,{}
99999.68,0.00,99999.68,USD,IDEALPRO-001,MARGIN,,[],False,{}
100000.00,0.00,100000.00,EUR,IDEALPRO-001,MARGIN,,[],False,{}
99999.68,0.00,99999.68,USD,IDEALPRO-001,MARGIN,,[],False,{}
100000.00,0.00,100000.00,EUR,IDEALPRO-001,MARGIN,,[],False,{}
99999.68,0.00,99999.68,USD,IDEALPRO-001,MARGIN,,[],False,{}
100000.00,0.00,100000.00,EUR,IDEALPRO-001,MARGIN,,[],False,{}
99999.68,2.34,99997.34,USD,IDEALPRO-001,MARGIN,,"[{'type': 'MarginBalance', 'initial': '0.00', 'maintenance': '2.34', 'currency': 'USD', 'instrument_id': 'EUR/USD.IDEALPRO'}]",False,{}
100000.00,0.00,100000.00,EUR,IDEALPRO-001,MARGIN,,"[{'type': 'MarginBalance', 'initial': '0.00', 'maintenance': '2.34', 'currency': 'USD', 'instrument_id': 'EUR/USD.IDEALPRO'}]",False,{}
99999.68,2.34,99997.34,USD,IDEALPRO-001,MARGIN,,"[{'type': 'MarginBalance', 'initial': '0.00', 'maintenance': '2.34', 'currency': 'USD', 'instrument_id': 'EUR/USD.IDEALPRO'}]",False,{}
100000.00,0.00,100000.00,EUR,IDEALPRO-001,MARGIN,,"[{'type': 'MarginBalance', 'initial': '0.00', 'maintenance': '2.34', 'currency': 'USD', 'instrument_id': 'EUR/USD.IDEALPRO'}]",False,{}
99999.68,2.34,99997.34,USD,IDEALPRO-001,MARGIN,,"[{'type': 'MarginBalance', 'initial': '0.00', 'maintenance': '2.34', 'currency': 'USD', 'instrument_id': 'EUR/USD.IDEALPRO'}]",False,{}
100000.00,0.00,100000.00,EUR,IDEALPRO-001,MARGIN,,"[{'type': 'MarginBalance', 'initial': '0.00', 'maintenance': '2.34', 'currency': 'USD', 'instrument_id': 'EUR/USD.IDEALPRO'}]",False,{}
99999.68,2.34,99997.34,USD,IDEALPRO-001,MARGIN,,"[{'type': 'MarginBalance', 'initial': '0.00', 'maintenance': '2.34', 'currency': 'USD', 'instrument_id': 'EUR/USD.IDEALPRO'}]",False,{}
100000.00,0.00,100000.00,EUR,IDEALPRO-001,MARGIN,,"[{'type': 'MarginBalance', 'initial': '0.00', 'maintenance': '2.34', 'currency': 'USD', 'instrument_id': 'EUR/USD.IDEALPRO'}]",False,{}
99999.65,0.00,99999.65,USD,IDEALPRO-001,MARGIN,,[],False,{}
100000.00,0.00,100000.00,EUR,IDEALPRO-001,MARGIN,,[],False,{}
99999.65,0.00,99999.65,USD,IDEALPRO-001,MARGIN,,[],False,{}
100000.00,0.00,100000.00,EUR,IDEALPRO-001,MARGIN,,[],False,{}
99999.65,0.00,99999.65,USD,IDEALPRO-001,MARGIN,,[],False,{}
100000.00,0.00,100000.00,EUR,IDEALPRO-001,MARGIN,,[],False,{}
99999.65,0.00,99999.65,USD,IDEALPRO-001,MARGIN,,[],False,{}
100000.00,0.00,100000.00,EUR,IDEALPRO-001,MARGIN,,[],False,{}
99999.65,0.00,99999.65,USD,IDEALPRO-001,MARGIN,,[],False,{}
100000.00,0.00,100000.00,EUR,IDEALPRO-001,MARGIN,,[],False,{}
99999.65,0.00,99999.65,USD,IDEALPRO-001,MARGIN,,[],False,{}
100000.00,0.00,100000.00,EUR,IDEALPRO-001,MARGIN,,[],False,{}
99999.65,2.34,99997.31,USD,IDEALPRO-001,MARGIN,,"[{'type': 'MarginBalance', 'initial': '0.00', 'maintenance': '2.34', 'currency': 'USD', 'instrument_id': 'EUR/USD.IDEALPRO'}]",False,{}
100000.00,0.00,100000.00,EUR,IDEALPRO-001,MARGIN,,"[{'type': 'MarginBalance', 'initial': '0.00', 'maintenance': '2.34', 'currency': 'USD', 'instrument_id': 'EUR/USD.IDEALPRO'}]",False,{}
99999.65,2.34,99997.31,USD,IDEALPRO-001,MARGIN,,"[{'type': 'MarginBalance', 'initial': '0.00', 'maintenance': '2.34', 'currency': 'USD', 'instrument_id': 'EUR/USD.IDEALPRO'}]",False,{}
100000.00,0.00,100000.00,EUR,IDEALPRO-001,MARGIN,,"[{'type': 'MarginBalance', 'initial': '0.00', 'maintenance': '2.34', 'currency': 'USD', 'instrument_id': 'EUR/USD.IDEALPRO'}]",False,{}
99999.65,2.34,99997.31,USD,IDEALPRO-001,MARGIN,,"[{'type': 'MarginBalance', 'initial': '0.00', 'maintenance': '2.34', 'currency': 'USD', 'instrument_id': 'EUR/USD.IDEALPRO'}]",False,{}
100000.00,0.00,100000.00,EUR,IDEALPRO-001,MARGIN,,"[{'type': 'MarginBalance', 'initial': '0.00', 'maintenance': '2.34', 'currency': 'USD', 'instrument_id': 'EUR/USD.IDEALPRO'}]",False,{}
99999.65,2.34,99997.31,USD,IDEALPRO-001,MARGIN,,"[{'type': 'MarginBalance', 'initial': '0.00', 'maintenance': '2.34', 'currency': 'USD', 'instrument_id': 'EUR/USD.IDEALPRO'}]",False,{}
100000.00,0.00,100000.00,EUR,IDEALPRO-001,MARGIN,,"[{'type': 'MarginBalance', 'initial': '0.00', 'maintenance': '2.34', 'currency': 'USD', 'instrument_id': 'EUR/USD.IDEALPRO'}]",False,{}
99999.72,0.00,99999.72,USD,IDEALPRO-001,MARGIN,,[],False,{}
100000.00,0.00,100000.00,EUR,IDEALPRO-001,MARGIN,,[],False,{}
99999.72,0.00,99999.72,USD,IDEALPRO-001,MARGIN,,[],False,{}
100000.00,0.00,100000.00,EUR,IDEALPRO-001,MARGIN,,[],False,{}
99999.72,0.00,99999.72,USD,IDEALPRO-001,MARGIN,,[],False,{}
100000.00,0.00,100000.00,EUR,IDEALPRO-001,MARGIN,,[],False,{}
99999.72,0.00,99999.72,USD,IDEALPRO-001,MARGIN,,[],False,{}
100000.00,0.00,100000.00,EUR,IDEALPRO-001,MARGIN,,[],False,{}
99999.72,0.00,99999.72,USD,IDEALPRO-001,MARGIN,,[],False,{}
100000.00,0.00,100000.00,EUR,IDEALPRO-001,MARGIN,,[],False,{}
99999.72,0.00,99999.72,USD,IDEALPRO-001,MARGIN,,[],False,{}
100000.00,0.00,100000.00,EUR,IDEALPRO-001,MARGIN,,[],False,{}
99999.72,2.34,99997.38,USD,IDEALPRO-001,MARGIN,,"[{'type': 'MarginBalance', 'initial': '0.00', 'maintenance': '2.34', 'currency': 'USD', 'instrument_id': 'EUR/USD.IDEALPRO'}]",False,{}
100000.00,0.00,100000.00,EUR,IDEALPRO-001,MARGIN,,"[{'type': 'MarginBalance', 'initial': '0.00', 'maintenance': '2.34', 'currency': 'USD', 'instrument_id': 'EUR/USD.IDEALPRO'}]",False,{}
99999.72,2.34,99997.38,USD,IDEALPRO-001,MARGIN,,"[{'type': 'MarginBalance', 'initial': '0.00', 'maintenance': '2.34', 'currency': 'USD', 'instrument_id': 'EUR/USD.IDEALPRO'}]",False,{}
100000.00,0.00,100000.00,EUR,IDEALPRO-001,MARGIN,,"[{'type': 'MarginBalance', 'initial': '0.00', 'maintenance': '2.34', 'currency': 'USD', 'instrument_id': 'EUR/USD.IDEALPRO'}]",False,{}
99999.72,2.34,99997.38,USD,IDEALPRO-001,MARGIN,,"[{'type': 'MarginBalance', 'initial': '0.00', 'maintenance': '2.34', 'currency': 'USD', 'instrument_id': 'EUR/USD.IDEALPRO'}]",False,{}
100000.00,0.00,100000.00,EUR,IDEALPRO-001,MARGIN,,"[{'type': 'MarginBalance', 'initial': '0.00', 'maintenance': '2.34', 'currency': 'USD', 'instrument_id': 'EUR/USD.IDEALPRO'}]",False,{}
99999.72,2.34,99997.38,USD,IDEALPRO-001,MARGIN,,"[{'type': 'MarginBalance', 'initial': '0.00', 'maintenance': '2.34', 'currency': 'USD', 'instrument_id': 'EUR/USD.IDEALPRO'}]",False,{}
100000.00,0.00,100000.00,EUR,IDEALPRO-001,MARGIN,,"[{'type': 'MarginBalance', 'initial': '0.00', 'maintenance': '2.34', 'currency': 'USD', 'instrument_id': 'EUR/USD.IDEALPRO'}]",False,{}
99999.77,0.00,99999.77,USD,IDEALPRO-001,MARGIN,,[],False,{}
100000.00,0.00,100000.00,EUR,IDEALPRO-001,MARGIN,,[],False,{}
99999.77,0.00,99999.77,USD,IDEALPRO-001,MARGIN,,[],False,{}
100000.00,0.00,100000.00,EUR,IDEALPRO-001,MARGIN,,[],False,{}
99999.77,0.00,99999.77,USD,IDEALPRO-001,MARGIN,,[],False,{}
100000.00,0.00,100000.00,EUR,IDEALPRO-001,MARGIN,,[],False,{}
99999.77,0.00,99999.77,USD,IDEALPRO-001,MARGIN,,[],False,{}
100000.00,0.00,100000.00,EUR,IDEALPRO-001,MARGIN,,[],False,{}
99999.77,0.00,99999.77,USD,IDEALPRO-001,MARGIN,,[],False,{}
100000.00,0.00,100000.00,EUR,IDEALPRO-001,MARGIN,,[],False,{}
99999.77,0.00,99999.77,USD,IDEALPRO-001,MARGIN,,[],False,{}
100000.00,0.00,100000.00,EUR,IDEALPRO-001,MARGIN,,[],False,{}
99999.77,2.34,99997.43,USD,IDEALPRO-001,MARGIN,,"[{'type': 'MarginBalance', 'initial': '0.00', 'maintenance': '2.34', 'currency': 'USD', 'instrument_id': 'EUR/USD.IDEALPRO'}]",False,{}
100000.00,0.00,100000.00,EUR,IDEALPRO-001,MARGIN,,"[{'type': 'MarginBalance', 'initial': '0.00', 'maintenance': '2.34', 'currency': 'USD', 'instrument_id': 'EUR/USD.IDEALPRO'}]",False,{}
99999.77,2.34,99997.43,USD,IDEALPRO-001,MARGIN,,"[{'type': 'MarginBalance', 'initial': '0.00', 'maintenance': '2.34', 'currency': 'USD', 'instrument_id': 'EUR/USD.IDEALPRO'}]",False,{}
100000.00,0.00,100000.00,EUR,IDEALPRO-001,MARGIN,,"[{'type': 'MarginBalance', 'initial': '0.00', 'maintenance': '2.34', 'currency': 'USD', 'instrument_id': 'EUR/USD.IDEALPRO'}]",False,{}
99999.77,2.34,99997.43,USD,IDEALPRO-001,MARGIN,,"[{'type': 'MarginBalance', 'initial': '0.00', 'maintenance': '2.34', 'currency': 'USD', 'instrument_id': 'EUR/USD.IDEALPRO'}]",False,{}
100000.00,0.00,100000.00,EUR,IDEALPRO-001,MARGIN,,"[{'type': 'MarginBalance', 'initial': '0.00', 'maintenance': '2.34', 'currency': 'USD', 'instrument_id': 'EUR/USD.IDEALPRO'}]",False,{}
99999.77,2.34,99997.43,USD,IDEALPRO-001,MARGIN,,"[{'type': 'MarginBalance', 'initial': '0.00', 'maintenance': '2.34', 'currency': 'USD', 'instrument_id': 'EUR/USD.IDEALPRO'}]",False,{}
100000.00,0.00,100000.00,EUR,IDEALPRO-001,MARGIN,,"[{'type': 'MarginBalance', 'initial': '0.00', 'maintenance': '2.34', 'currency': 'USD', 'instrument_id': 'EUR/USD.IDEALPRO'}]",False,{}
99999.79,0.00,99999.79,USD,IDEALPRO-001,MARGIN,,[],False,{}
100000.00,0.00,100000.00,EUR,IDEALPRO-001,MARGIN,,[],False,{}
99999.79,0.00,99999.79,USD,IDEALPRO-001,MARGIN,,[],False,{}
100000.00,0.00,100000.00,EUR,IDEALPRO-001,MARGIN,,[],False,{}
99999.79,0.00,99999.79,USD,IDEALPRO-001,MARGIN,,[],False,{}
100000.00,0.00,100000.00,EUR,IDEALPRO-001,MARGIN,,[],False,{}
99999.79,0.00,99999.79,USD,IDEALPRO-001,MARGIN,,[],False,{}
100000.00,0.00,100000.00,EUR,IDEALPRO-001,MARGIN,,[],False,{}
99999.79,0.00,99999.79,USD,IDEALPRO-001,MARGIN,,[],False,{}
100000.00,0.00,100000.00,EUR,IDEALPRO-001,MARGIN,,[],False,{}
99999.79,0.00,99999.79,USD,IDEALPRO-001,MARGIN,,[],False,{}
100000.00,0.00,100000.00,EUR,IDEALPRO-001,MARGIN,,[],False,{}
99999.79,2.34,99997.45,USD,IDEALPRO-001,MARGIN,,"[{'type': 'MarginBalance', 'initial': '0.00', 'maintenance': '2.34', 'currency': 'USD', 'instrument_id': 'EUR/USD.IDEALPRO'}]",False,{}
100000.00,0.00,100000.00,EUR,IDEALPRO-001,MARGIN,,"[{'type': 'MarginBalance', 'initial': '0.00', 'maintenance': '2.34', 'currency': 'USD', 'instrument_id': 'EUR/USD.IDEALPRO'}]",False,{}
99999.79,2.34,99997.45,USD,IDEALPRO-001,MARGIN,,"[{'type': 'MarginBalance', 'initial': '0.00', 'maintenance': '2.34', 'currency': 'USD', 'instrument_id': 'EUR/USD.IDEALPRO'}]",False,{}
100000.00,0.00,100000.00,EUR,IDEALPRO-001,MARGIN,,"[{'type': 'MarginBalance', 'initial': '0.00', 'maintenance': '2.34', 'currency': 'USD', 'instrument_id': 'EUR/USD.IDEALPRO'}]",False,{}
99999.79,2.34,99997.45,USD,IDEALPRO-001,MARGIN,,"[{'type': 'MarginBalance', 'initial': '0.00', 'maintenance': '2.34', 'currency': 'USD', 'instrument_id': 'EUR/USD.IDEALPRO'}]",False,{}
100000.00,0.00,100000.00,EUR,IDEALPRO-001,MARGIN,,"[{'type': 'MarginBalance', 'initial': '0.00', 'maintenance': '2.34', 'currency': 'USD', 'instrument_id': 'EUR/USD.IDEALPRO'}]",False,{}
99999.79,2.34,99997.45,USD,IDEALPRO-001,MARGIN,,"[{'type': 'MarginBalance', 'initial': '0.00', 'maintenance': '2.34', 'currency': 'USD', 'instrument_id': 'EUR/USD.IDEALPRO'}]",False,{}
100000.00,0.00,100000.00,EUR,IDEALPRO-001,MARGIN,,"[{'type': 'MarginBalance', 'initial': '0.00', 'maintenance': '2.34', 'currency': 'USD', 'instrument_id': 'EUR/USD.IDEALPRO'}]",False,{}
99999.74,0.00,99999.74,USD,IDEALPRO-001,MARGIN,,[],False,{}
100000.00,0.00,100000.00,EUR,IDEALPRO-001,MARGIN,,[],False,{}
99999.74,0.00,99999.74,USD,IDEALPRO-001,MARGIN,,[],False,{}
100000.00,0.00,100000.00,EUR,IDEALPRO-001,MARGIN,,[],False,{}
99999.74,0.00,99999.74,USD,IDEALPRO-001,MARGIN,,[],False,{}
100000.00,0.00,100000.00,EUR,IDEALPRO-001,MARGIN,,[],False,{}
99999.74,0.00,99999.74,USD,IDEALPRO-001,MARGIN,,[],False,{}
100000.00,0.00,100000.00,EUR,IDEALPRO-001,MARGIN,,[],False,{}
99999.74,0.00,99999.74,USD,IDEALPRO-001,MARGIN,,[],False,{}
100000.00,0.00,100000.00,EUR,IDEALPRO-001,MARGIN,,[],False,{}
99999.74,0.00,99999.74,USD,IDEALPRO-001,MARGIN,,[],False,{}
100000.00,0.00,100000.00,EUR,IDEALPRO-001,MARGIN,,[],False,{}
99999.74,2.34,99997.40,USD,IDEALPRO-001,MARGIN,,"[{'type': 'MarginBalance', 'initial': '0.00', 'maintenance': '2.34', 'currency': 'USD', 'instrument_id': 'EUR/USD.IDEALPRO'}]",False,{}
100000.00,0.00,100000.00,EUR,IDEALPRO-001,MARGIN,,"[{'type': 'MarginBalance', 'initial': '0.00', 'maintenance': '2.34', 'currency': 'USD', 'instrument_id': 'EUR/USD.IDEALPRO'}]",False,{}
99999.74,2.34,99997.40,USD,IDEALPRO-001,MARGIN,,"[{'type': 'MarginBalance', 'initial': '0.00', 'maintenance': '2.34', 'currency': 'USD', 'instrument_id': 'EUR/USD.IDEALPRO'}]",False,{}
100000.00,0.00,100000.00,EUR,IDEALPRO-001,MARGIN,,"[{'type': 'MarginBalance', 'initial': '0.00', 'maintenance': '2.34', 'currency': 'USD', 'instrument_id': 'EUR/USD.IDEALPRO'}]",False,{}
99999.74,2.34,99997.40,USD,IDEALPRO-001,MARGIN,,"[{'type': 'MarginBalance', 'initial': '0.00', 'maintenance': '2.34', 'currency': 'USD', 'instrument_id': 'EUR/USD.IDEALPRO'}]",False,{}
100000.00,0.00,100000.00,EUR,IDEALPRO-001,MARGIN,,"[{'type': 'MarginBalance', 'initial': '0.00', 'maintenance': '2.34', 'currency': 'USD', 'instrument_id': 'EUR/USD.IDEALPRO'}]",False,{}
100000.04,0.00,100000.04,USD,IDEALPRO-001,MARGIN,,[],False,{}
100000.00,0.00,100000.00,EUR,IDEALPRO-001,MARGIN,,[],False,{}
100000.04,0.00,100000.04,USD,IDEALPRO-001,MARGIN,,[],False,{}
100000.00,0.00,100000.00,EUR,IDEALPRO-001,MARGIN,,[],False,{}
100000.04,0.00,100000.04,USD,IDEALPRO-001,MARGIN,,[],False,{}
100000.00,0.00,100000.00,EUR,IDEALPRO-001,MARGIN,,[],False,{}
100000.04,0.00,100000.04,USD,IDEALPRO-001,MARGIN,,[],False,{}
100000.00,0.00,100000.00,EUR,IDEALPRO-001,MARGIN,,[],False,{}
100000.04,0.00,100000.04,USD,IDEALPRO-001,MARGIN,,[],False,{}
100000.00,0.00,100000.00,EUR,IDEALPRO-001,MARGIN,,[],False,{}
100000.04,2.33,99997.71,USD,IDEALPRO-001,MARGIN,,"[{'type': 'MarginBalance', 'initial': '0.00', 'maintenance': '2.33', 'currency': 'USD', 'instrument_id': 'EUR/USD.IDEALPRO'}]",False,{}
100000.00,0.00,100000.00,EUR,IDEALPRO-001,MARGIN,,"[{'type': 'MarginBalance', 'initial': '0.00', 'maintenance': '2.33', 'currency': 'USD', 'instrument_id': 'EUR/USD.IDEALPRO'}]",False,{}
100000.04,2.33,99997.71,USD,IDEALPRO-001,MARGIN,,"[{'type': 'MarginBalance', 'initial': '0.00', 'maintenance': '2.33', 'currency': 'USD', 'instrument_id': 'EUR/USD.IDEALPRO'}]",False,{}
100000.00,0.00,100000.00,EUR,IDEALPRO-001,MARGIN,,"[{'type': 'MarginBalance', 'initial': '0.00', 'maintenance': '2.33', 'currency': 'USD', 'instrument_id': 'EUR/USD.IDEALPRO'}]",False,{}
100000.04,2.33,99997.71,USD,IDEALPRO-001,MARGIN,,"[{'type': 'MarginBalance', 'initial': '0.00', 'maintenance': '2.33', 'currency': 'USD', 'instrument_id': 'EUR/USD.IDEALPRO'}]",False,{}
100000.00,0.00,100000.00,EUR,IDEALPRO-001,MARGIN,,"[{'type': 'MarginBalance', 'initial': '0.00', 'maintenance': '2.33', 'currency': 'USD', 'instrument_id': 'EUR/USD.IDEALPRO'}]",False,{}
99999.98,0.00,99999.98,USD,IDEALPRO-001,MARGIN,,[],False,{}
100000.00,0.00,100000.00,EUR,IDEALPRO-001,MARGIN,,[],False,{}
99999.98,0.00,99999.98,USD,IDEALPRO-001,MARGIN,,[],False,{}
100000.00,0.00,100000.00,EUR,IDEALPRO-001,MARGIN,,[],False,{}
99999.98,0.00,99999.98,USD,IDEALPRO-001,MARGIN,,[],False,{}
100000.00,0.00,100000.00,EUR,IDEALPRO-001,MARGIN,,[],False,{}
99999.98,0.00,99999.98,USD,IDEALPRO-001,MARGIN,,[],False,{}
100000.00,0.00,100000.00,EUR,IDEALPRO-001,MARGIN,,[],False,{}
99999.98,0.00,99999.98,USD,IDEALPRO-001,MARGIN,,[],False,{}
100000.00,0.00,100000.00,EUR,IDEALPRO-001,MARGIN,,[],False,{}
99999.98,2.33,99997.65,USD,IDEALPRO-001,MARGIN,,"[{'type': 'MarginBalance', 'initial': '0.00', 'maintenance': '2.33', 'currency': 'USD', 'instrument_id': 'EUR/USD.IDEALPRO'}]",False,{}
100000.00,0.00,100000.00,EUR,IDEALPRO-001,MARGIN,,"[{'type': 'MarginBalance', 'initial': '0.00', 'maintenance': '2.33', 'currency': 'USD', 'instrument_id': 'EUR/USD.IDEALPRO'}]",False,{}
99999.98,2.33,99997.65,USD,IDEALPRO-001,MARGIN,,"[{'type': 'MarginBalance', 'initial': '0.00', 'maintenance': '2.33', 'currency': 'USD', 'instrument_id': 'EUR/USD.IDEALPRO'}]",False,{}
100000.00,0.00,100000.00,EUR,IDEALPRO-001,MARGIN,,"[{'type': 'MarginBalance', 'initial': '0.00', 'maintenance': '2.33', 'currency': 'USD', 'instrument_id': 'EUR/USD.IDEALPRO'}]",False,{}
99999.98,2.33,99997.65,USD,IDEALPRO-001,MARGIN,,"[{'type': 'MarginBalance', 'initial': '0.00', 'maintenance': '2.33', 'currency': 'USD', 'instrument_id': 'EUR/USD.IDEALPRO'}]",False,{}
100000.00,0.00,100000.00,EUR,IDEALPRO-001,MARGIN,,"[{'type': 'MarginBalance', 'initial': '0.00', 'maintenance': '2.33', 'currency': 'USD', 'instrument_id': 'EUR/USD.IDEALPRO'}]",False,{}
99999.98,2.33,99997.65,USD,IDEALPRO-001,MARGIN,,"[{'type': 'MarginBalance', 'initial': '0.00', 'maintenance': '2.33', 'currency': 'USD', 'instrument_id': 'EUR/USD.IDEALPRO'}]",False,{}
100000.00,0.00,100000.00,EUR,IDEALPRO-001,MARGIN,,"[{'type': 'MarginBalance', 'initial': '0.00', 'maintenance': '2.33', 'currency': 'USD', 'instrument_id': 'EUR/USD.IDEALPRO'}]",False,{}
100000.09,0.00,100000.09,USD,IDEALPRO-001,MARGIN,,[],False,{}
100000.00,0.00,100000.00,EUR,IDEALPRO-001,MARGIN,,[],False,{}
100000.09,0.00,100000.09,USD,IDEALPRO-001,MARGIN,,[],False,{}
100000.00,0.00,100000.00,EUR,IDEALPRO-001,MARGIN,,[],False,{}
100000.09,0.00,100000.09,USD,IDEALPRO-001,MARGIN,,[],False,{}
100000.00,0.00,100000.00,EUR,IDEALPRO-001,MARGIN,,[],False,{}
100000.09,0.00,100000.09,USD,IDEALPRO-001,MARGIN,,[],False,{}
100000.00,0.00,100000.00,EUR,IDEALPRO-001,MARGIN,,[],False,{}
100000.09,0.00,100000.09,USD,IDEALPRO-001,MARGIN,,[],False,{}
100000.00,0.00,100000.00,EUR,IDEALPRO-001,MARGIN,,[],False,{}
100000.09,0.00,100000.09,USD,IDEALPRO-001,MARGIN,,[],False,{}
100000.00,0.00,100000.00,EUR,IDEALPRO-001,MARGIN,,[],False,{}
100000.09,2.33,99997.76,USD,IDEALPRO-001,MARGIN,,"[{'type': 'MarginBalance', 'initial': '0.00', 'maintenance': '2.33', 'currency': 'USD', 'instrument_id': 'EUR/USD.IDEALPRO'}]",False,{}
100000.00,0.00,100000.00,EUR,IDEALPRO-001,MARGIN,,"[{'type': 'MarginBalance', 'initial': '0.00', 'maintenance': '2.33', 'currency': 'USD', 'instrument_id': 'EUR/USD.IDEALPRO'}]",False,{}
100000.09,2.33,99997.76,USD,IDEALPRO-001,MARGIN,,"[{'type': 'MarginBalance', 'initial': '0.00', 'maintenance': '2.33', 'currency': 'USD', 'instrument_id': 'EUR/USD.IDEALPRO'}]",False,{}
100000.00,0.00,100000.00,EUR,IDEALPRO-001,MARGIN,,"[{'type': 'MarginBalance', 'initial': '0.00', 'maintenance': '2.33', 'currency': 'USD', 'instrument_id': 'EUR/USD.IDEALPRO'}]",False,{}
100000.09,2.33,99997.76,USD,IDEALPRO-001,MARGIN,,"[{'type': 'MarginBalance', 'initial': '0.00', 'maintenance': '2.33', 'currency': 'USD', 'instrument_id': 'EUR/USD.IDEALPRO'}]",False,{}
100000.00,0.00,100000.00,EUR,IDEALPRO-001,MARGIN,,"[{'type': 'MarginBalance', 'initial': '0.00', 'maintenance': '2.33', 'currency': 'USD', 'instrument_id': 'EUR/USD.IDEALPRO'}]",False,{}
100000.03,0.00,100000.03,USD,IDEALPRO-001,MARGIN,,[],False,{}
100000.00,0.00,100000.00,EUR,IDEALPRO-001,MARGIN,,[],False,{}
100000.03,0.00,100000.03,USD,IDEALPRO-001,MARGIN,,[],False,{}
100000.00,0.00,100000.00,EUR,IDEALPRO-001,MARGIN,,[],False,{}
100000.03,0.00,100000.03,USD,IDEALPRO-001,MARGIN,,[],False,{}
100000.00,0.00,100000.00,EUR,IDEALPRO-001,MARGIN,,[],False,{}
100000.03,0.00,100000.03,USD,IDEALPRO-001,MARGIN,,[],False,{}
100000.00,0.00,100000.00,EUR,IDEALPRO-001,MARGIN,,[],False,{}
100000.03,0.00,100000.03,USD,IDEALPRO-001,MARGIN,,[],False,{}
100000.00,0.00,100000.00,EUR,IDEALPRO-001,MARGIN,,[],False,{}
100000.03,2.33,99997.70,USD,IDEALPRO-001,MARGIN,,"[{'type': 'MarginBalance', 'initial': '0.00', 'maintenance': '2.33', 'currency': 'USD', 'instrument_id': 'EUR/USD.IDEALPRO'}]",False,{}
100000.00,0.00,100000.00,EUR,IDEALPRO-001,MARGIN,,"[{'type': 'MarginBalance', 'initial': '0.00', 'maintenance': '2.33', 'currency': 'USD', 'instrument_id': 'EUR/USD.IDEALPRO'}]",False,{}
100000.03,2.33,99997.70,USD,IDEALPRO-001,MARGIN,,"[{'type': 'MarginBalance', 'initial': '0.00', 'maintenance': '2.33', 'currency': 'USD', 'instrument_id': 'EUR/USD.IDEALPRO'}]",False,{}
100000.00,0.00,100000.00,EUR,IDEALPRO-001,MARGIN,,"[{'type': 'MarginBalance', 'initial': '0.00', 'maintenance': '2.33', 'currency': 'USD', 'instrument_id': 'EUR/USD.IDEALPRO'}]",False,{}
100000.03,2.33,99997.70,USD,IDEALPRO-001,MARGIN,,"[{'type': 'MarginBalance', 'initial': '0.00', 'maintenance': '2.33', 'currency': 'USD', 'instrument_id': 'EUR/USD.IDEALPRO'}]",False,{}
100000.00,0.00,100000.00,EUR,IDEALPRO-001,MARGIN,,"[{'type': 'MarginBalance', 'initial': '0.00', 'maintenance': '2.33', 'currency': 'USD', 'instrument_id': 'EUR/USD.IDEALPRO'}]",False,{}
100000.03,2.33,99997.70,USD,IDEALPRO-001,MARGIN,,"[{'type': 'MarginBalance', 'initial': '0.00', 'maintenance': '2.33', 'currency': 'USD', 'instrument_id': 'EUR/USD.IDEALPRO'}]",False,{}
100000.00,0.00,100000.00,EUR,IDEALPRO-001,MARGIN,,"[{'type': 'MarginBalance', 'initial': '0.00', 'maintenance': '2.33', 'currency': 'USD', 'instrument_id': 'EUR/USD.IDEALPRO'}]",False,{}
100000.02,0.00,100000.02,USD,IDEALPRO-001,MARGIN,,[],False,{}
100000.00,0.00,100000.00,EUR,IDEALPRO-001,MARGIN,,[],False,{}
100000.02,0.00,100000.02,USD,IDEALPRO-001,MARGIN,,[],False,{}
100000.00,0.00,100000.00,EUR,IDEALPRO-001,MARGIN,,[],False,{}
100000.02,0.00,100000.02,USD,IDEALPRO-001,MARGIN,,[],False,{}
100000.00,0.00,100000.00,EUR,IDEALPRO-001,MARGIN,,[],False,{}
100000.02,0.00,100000.02,USD,IDEALPRO-001,MARGIN,,[],False,{}
100000.00,0.00,100000.00,EUR,IDEALPRO-001,MARGIN,,[],False,{}
100000.02,0.00,100000.02,USD,IDEALPRO-001,MARGIN,,[],False,{}
100000.00,0.00,100000.00,EUR,IDEALPRO-001,MARGIN,,[],False,{}
100000.02,0.00,100000.02,USD,IDEALPRO-001,MARGIN,,[],False,{}
100000.00,0.00,100000.00,EUR,IDEALPRO-001,MARGIN,,[],False,{}
100000.02,2.33,99997.69,USD,IDEALPRO-001,MARGIN,,"[{'type': 'MarginBalance', 'initial': '0.00', 'maintenance': '2.33', 'currency': 'USD', 'instrument_id': 'EUR/USD.IDEALPRO'}]",False,{}
100000.00,0.00,100000.00,EUR,IDEALPRO-001,MARGIN,,"[{'type': 'MarginBalance', 'initial': '0.00', 'maintenance': '2.33', 'currency': 'USD', 'instrument_id': 'EUR/USD.IDEALPRO'}]",False,{}
100000.02,2.33,99997.69,USD,IDEALPRO-001,MARGIN,,"[{'type': 'MarginBalance', 'initial': '0.00', 'maintenance': '2.33', 'currency': 'USD', 'instrument_id': 'EUR/USD.IDEALPRO'}]",False,{}
100000.00,0.00,100000.00,EUR,IDEALPRO-001,MARGIN,,"[{'type': 'MarginBalance', 'initial': '0.00', 'maintenance': '2.33', 'currency': 'USD', 'instrument_id': 'EUR/USD.IDEALPRO'}]",False,{}
100000.02,2.33,99997.69,USD,IDEALPRO-001,MARGIN,,"[{'type': 'MarginBalance', 'initial': '0.00', 'maintenance': '2.33', 'currency': 'USD', 'instrument_id': 'EUR/USD.IDEALPRO'}]",False,{}
100000.00,0.00,100000.00,EUR,IDEALPRO-001,MARGIN,,"[{'type': 'MarginBalance', 'initial': '0.00', 'maintenance': '2.33', 'currency': 'USD', 'instrument_id': 'EUR/USD.IDEALPRO'}]",False,{}
100000.02,2.33,99997.69,USD,IDEALPRO-001,MARGIN,,"[{'type': 'MarginBalance', 'initial': '0.00', 'maintenance': '2.33', 'currency': 'USD', 'instrument_id': 'EUR/USD.IDEALPRO'}]",False,{}
100000.00,0.00,100000.00,EUR,IDEALPRO-001,MARGIN,,"[{'type': 'MarginBalance', 'initial': '0.00', 'maintenance': '2.33', 'currency': 'USD', 'instrument_id': 'EUR/USD.IDEALPRO'}]",False,{}
100000.04,0.00,100000.04,USD,IDEALPRO-001,MARGIN,,[],False,{}
100000.00,0.00,100000.00,EUR,IDEALPRO-001,MARGIN,,[],False,{}
100000.04,0.00,100000.04,USD,IDEALPRO-001,MARGIN,,[],False,{}
100000.00,0.00,100000.00,EUR,IDEALPRO-001,MARGIN,,[],False,{}
100000.04,0.00,100000.04,USD,IDEALPRO-001,MARGIN,,[],False,{}
100000.00,0.00,100000.00,EUR,IDEALPRO-001,MARGIN,,[],False,{}
100000.04,0.00,100000.04,USD,IDEALPRO-001,MARGIN,,[],False,{}
100000.00,0.00,100000.00,EUR,IDEALPRO-001,MARGIN,,[],False,{}
100000.04,0.00,100000.04,USD,IDEALPRO-001,MARGIN,,[],False,{}
100000.00,0.00,100000.00,EUR,IDEALPRO-001,MARGIN,,[],False,{}
100000.04,0.00,100000.04,USD,IDEALPRO-001,MARGIN,,[],False,{}
100000.00,0.00,100000.00,EUR,IDEALPRO-001,MARGIN,,[],False,{}
100000.04,2.33,99997.71,USD,IDEALPRO-001,MARGIN,,"[{'type': 'MarginBalance', 'initial': '0.00', 'maintenance': '2.33', 'currency': 'USD', 'instrument_id': 'EUR/USD.IDEALPRO'}]",False,{}
100000.00,0.00,100000.00,EUR,IDEALPRO-001,MARGIN,,"[{'type': 'MarginBalance', 'initial': '0.00', 'maintenance': '2.33', 'currency': 'USD', 'instrument_id': 'EUR/USD.IDEALPRO'}]",False,{}
100000.04,2.33,99997.71,USD,IDEALPRO-001,MARGIN,,"[{'type': 'MarginBalance', 'initial': '0.00', 'maintenance': '2.33', 'currency': 'USD', 'instrument_id': 'EUR/USD.IDEALPRO'}]",False,{}
100000.00,0.00,100000.00,EUR,IDEALPRO-001,MARGIN,,"[{'type': 'MarginBalance', 'initial': '0.00', 'maintenance': '2.33', 'currency': 'USD', 'instrument_id': 'EUR/USD.IDEALPRO'}]",False,{}
100000.04,2.33,99997.71,USD,IDEALPRO-001,MARGIN,,"[{'type': 'MarginBalance', 'initial': '0.00', 'maintenance': '2.33', 'currency': 'USD', 'instrument_id': 'EUR/USD.IDEALPRO'}]",False,{}
100000.00,0.00,100000.00,EUR,IDEALPRO-001,MARGIN,,"[{'type': 'MarginBalance', 'initial': '0.00', 'maintenance': '2.33', 'currency': 'USD', 'instrument_id': 'EUR/USD.IDEALPRO'}]",False,{}
100000.34,0.00,100000.34,USD,IDEALPRO-001,MARGIN,,[],False,{}
100000.00,0.00,100000.00,EUR,IDEALPRO-001,MARGIN,,[],False,{}
100000.34,0.00,100000.34,USD,IDEALPRO-001,MARGIN,,[],False,{}
100000.00,0.00,100000.00,EUR,IDEALPRO-001,MARGIN,,[],False,{}
100000.34,0.00,100000.34,USD,IDEALPRO-001,MARGIN,,[],False,{}
100000.00,0.00,100000.00,EUR,IDEALPRO-001,MARGIN,,[],False,{}
100000.34,0.00,100000.34,USD,IDEALPRO-001,MARGIN,,[],False,{}
100000.00,0.00,100000.00,EUR,IDEALPRO-001,MARGIN,,[],False,{}
100000.34,0.00,100000.34,USD,IDEALPRO-001,MARGIN,,[],False,{}
100000.00,0.00,100000.00,EUR,IDEALPRO-001,MARGIN,,[],False,{}
100000.34,2.33,99998.01,USD,IDEALPRO-001,MARGIN,,"[{'type': 'MarginBalance', 'initial': '0.00', 'maintenance': '2.33', 'currency': 'USD', 'instrument_id': 'EUR/USD.IDEALPRO'}]",False,{}
100000.00,0.00,100000.00,EUR,IDEALPRO-001,MARGIN,,"[{'type': 'MarginBalance', 'initial': '0.00', 'maintenance': '2.33', 'currency': 'USD', 'instrument_id': 'EUR/USD.IDEALPRO'}]",False,{}
100000.34,2.33,99998.01,USD,IDEALPRO-001,MARGIN,,"[{'type': 'MarginBalance', 'initial': '0.00', 'maintenance': '2.33', 'currency': 'USD', 'instrument_id': 'EUR/USD.IDEALPRO'}]",False,{}
100000.00,0.00,100000.00,EUR,IDEALPRO-001,MARGIN,,"[{'type': 'MarginBalance', 'initial': '0.00', 'maintenance': '2.33', 'currency': 'USD', 'instrument_id': 'EUR/USD.IDEALPRO'}]",False,{}
100000.34,2.33,99998.01,USD,IDEALPRO-001,MARGIN,,"[{'type': 'MarginBalance', 'initial': '0.00', 'maintenance': '2.33', 'currency': 'USD', 'instrument_id': 'EUR/USD.IDEALPRO'}]",False,{}
100000.00,0.00,100000.00,EUR,IDEALPRO-001,MARGIN,,"[{'type': 'MarginBalance', 'initial': '0.00', 'maintenance': '2.33', 'currency': 'USD', 'instrument_id': 'EUR/USD.IDEALPRO'}]",False,{}
100000.28,0.00,100000.28,USD,IDEALPRO-001,MARGIN,,[],False,{}
100000.00,0.00,100000.00,EUR,IDEALPRO-001,MARGIN,,[],False,{}
100000.28,0.00,100000.28,USD,IDEALPRO-001,MARGIN,,[],False,{}
100000.00,0.00,100000.00,EUR,IDEALPRO-001,MARGIN,,[],False,{}
100000.28,0.00,100000.28,USD,IDEALPRO-001,MARGIN,,[],False,{}
100000.00,0.00,100000.00,EUR,IDEALPRO-001,MARGIN,,[],False,{}
100000.28,0.00,100000.28,USD,IDEALPRO-001,MARGIN,,[],False,{}
100000.00,0.00,100000.00,EUR,IDEALPRO-001,MARGIN,,[],False,{}
100000.28,0.00,100000.28,USD,IDEALPRO-001,MARGIN,,[],False,{}
100000.00,0.00,100000.00,EUR,IDEALPRO-001,MARGIN,,[],False,{}
100000.28,2.33,99997.95,USD,IDEALPRO-001,MARGIN,,"[{'type': 'MarginBalance', 'initial': '0.00', 'maintenance': '2.33', 'currency': 'USD', 'instrument_id': 'EUR/USD.IDEALPRO'}]",False,{}
100000.00,0.00,100000.00,EUR,IDEALPRO-001,MARGIN,,"[{'type': 'MarginBalance', 'initial': '0.00', 'maintenance': '2.33', 'currency': 'USD', 'instrument_id': 'EUR/USD.IDEALPRO'}]",False,{}
100000.28,2.33,99997.95,USD,IDEALPRO-001,MARGIN,,"[{'type': 'MarginBalance', 'initial': '0.00', 'maintenance': '2.33', 'currency': 'USD', 'instrument_id': 'EUR/USD.IDEALPRO'}]",False,{}
100000.00,0.00,100000.00,EUR,IDEALPRO-001,MARGIN,,"[{'type': 'MarginBalance', 'initial': '0.00', 'maintenance': '2.33', 'currency': 'USD', 'instrument_id': 'EUR/USD.IDEALPRO'}]",False,{}
100000.28,2.33,99997.95,USD,IDEALPRO-001,MARGIN,,"[{'type': 'MarginBalance', 'initial': '0.00', 'maintenance': '2.33', 'currency': 'USD', 'instrument_id': 'EUR/USD.IDEALPRO'}]",False,{}
100000.00,0.00,100000.00,EUR,IDEALPRO-001,MARGIN,,"[{'type': 'MarginBalance', 'initial': '0.00', 'maintenance': '2.33', 'currency': 'USD', 'instrument_id': 'EUR/USD.IDEALPRO'}]",False,{}
100000.28,2.33,99997.95,USD,IDEALPRO-001,MARGIN,,"[{'type': 'MarginBalance', 'initial': '0.00', 'maintenance': '2.33', 'currency': 'USD', 'instrument_id': 'EUR/USD.IDEALPRO'}]",False,{}
100000.00,0.00,100000.00,EUR,IDEALPRO-001,MARGIN,,"[{'type': 'MarginBalance', 'initial': '0.00', 'maintenance': '2.33', 'currency': 'USD', 'instrument_id': 'EUR/USD.IDEALPRO'}]",False,{}
100000.24,0.00,100000.24,USD,IDEALPRO-001,MARGIN,,[],False,{}
100000.00,0.00,100000.00,EUR,IDEALPRO-001,MARGIN,,[],False,{}
100000.24,0.00,100000.24,USD,IDEALPRO-001,MARGIN,,[],False,{}
100000.00,0.00,100000.00,EUR,IDEALPRO-001,MARGIN,,[],False,{}
100000.24,0.00,100000.24,USD,IDEALPRO-001,MARGIN,,[],False,{}
100000.00,0.00,100000.00,EUR,IDEALPRO-001,MARGIN,,[],False,{}
100000.24,0.00,100000.24,USD,IDEALPRO-001,MARGIN,,[],False,{}
100000.00,0.00,100000.00,EUR,IDEALPRO-001,MARGIN,,[],False,{}
100000.24,0.00,100000.24,USD,IDEALPRO-001,MARGIN,,[],False,{}
100000.00,0.00,100000.00,EUR,IDEALPRO-001,MARGIN,,[],False,{}
100000.24,0.00,100000.24,USD,IDEALPRO-001,MARGIN,,[],False,{}
100000.00,0.00,100000.00,EUR,IDEALPRO-001,MARGIN,,[],False,{}
100000.24,2.33,99997.91,USD,IDEALPRO-001,MARGIN,,"[{'type': 'MarginBalance', 'initial': '0.00', 'maintenance': '2.33', 'currency': 'USD', 'instrument_id': 'EUR/USD.IDEALPRO'}]",False,{}
100000.00,0.00,100000.00,EUR,IDEALPRO-001,MARGIN,,"[{'type': 'MarginBalance', 'initial': '0.00', 'maintenance': '2.33', 'currency': 'USD', 'instrument_id': 'EUR/USD.IDEALPRO'}]",False,{}
100000.24,2.33,99997.91,USD,IDEALPRO-001,MARGIN,,"[{'type': 'MarginBalance', 'initial': '0.00', 'maintenance': '2.33', 'currency': 'USD', 'instrument_id': 'EUR/USD.IDEALPRO'}]",False,{}
100000.00,0.00,100000.00,EUR,IDEALPRO-001,MARGIN,,"[{'type': 'MarginBalance', 'initial': '0.00', 'maintenance': '2.33', 'currency': 'USD', 'instrument_id': 'EUR/USD.IDEALPRO'}]",False,{}
100000.24,2.33,99997.91,USD,IDEALPRO-001,MARGIN,,"[{'type': 'MarginBalance', 'initial': '0.00', 'maintenance': '2.33', 'currency': 'USD', 'instrument_id': 'EUR/USD.IDEALPRO'}]",False,{}
100000.00,0.00,100000.00,EUR,IDEALPRO-001,MARGIN,,"[{'type': 'MarginBalance', 'initial': '0.00', 'maintenance': '2.33', 'currency': 'USD', 'instrument_id': 'EUR/USD.IDEALPRO'}]",False,{}
100000.24,2.33,99997.91,USD,IDEALPRO-001,MARGIN,,"[{'type': 'MarginBalance', 'initial': '0.00', 'maintenance': '2.33', 'currency': 'USD', 'instrument_id': 'EUR/USD.IDEALPRO'}]",False,{}
100000.00,0.00,100000.00,EUR,IDEALPRO-001,MARGIN,,"[{'type': 'MarginBalance', 'initial': '0.00', 'maintenance': '2.33', 'currency': 'USD', 'instrument_id': 'EUR/USD.IDEALPRO'}]",False,{}
100000.31,0.00,100000.31,USD,IDEALPRO-001,MARGIN,,[],False,{}
100000.00,0.00,100000.00,EUR,IDEALPRO-001,MARGIN,,[],False,{}
100000.31,0.00,100000.31,USD,IDEALPRO-001,MARGIN,,[],False,{}
100000.00,0.00,100000.00,EUR,IDEALPRO-001,MARGIN,,[],False,{}
100000.31,0.00,100000.31,USD,IDEALPRO-001,MARGIN,,[],False,{}
100000.00,0.00,100000.00,EUR,IDEALPRO-001,MARGIN,,[],False,{}
100000.31,0.00,100000.31,USD,IDEALPRO-001,MARGIN,,[],False,{}
100000.00,0.00,100000.00,EUR,IDEALPRO-001,MARGIN,,[],False,{}
100000.31,0.00,100000.31,USD,IDEALPRO-001,MARGIN,,[],False,{}
100000.00,0.00,100000.00,EUR,IDEALPRO-001,MARGIN,,[],False,{}
100000.31,0.00,100000.31,USD,IDEALPRO-001,MARGIN,,[],False,{}
100000.00,0.00,100000.00,EUR,IDEALPRO-001,MARGIN,,[],False,{}
100000.31,2.33,99997.98,USD,IDEALPRO-001,MARGIN,,"[{'type': 'MarginBalance', 'initial': '0.00', 'maintenance': '2.33', 'currency': 'USD', 'instrument_id': 'EUR/USD.IDEALPRO'}]",False,{}
100000.00,0.00,100000.00,EUR,IDEALPRO-001,MARGIN,,"[{'type': 'MarginBalance', 'initial': '0.00', 'maintenance': '2.33', 'currency': 'USD', 'instrument_id': 'EUR/USD.IDEALPRO'}]",False,{}
100000.31,2.33,99997.98,USD,IDEALPRO-001,MARGIN,,"[{'type': 'MarginBalance', 'initial': '0.00', 'maintenance': '2.33', 'currency': 'USD', 'instrument_id': 'EUR/USD.IDEALPRO'}]",False,{}
100000.00,0.00,100000.00,EUR,IDEALPRO-001,MARGIN,,"[{'type': 'MarginBalance', 'initial': '0.00', 'maintenance': '2.33', 'currency': 'USD', 'instrument_id': 'EUR/USD.IDEALPRO'}]",False,{}
100000.31,2.33,99997.98,USD,IDEALPRO-001,MARGIN,,"[{'type': 'MarginBalance', 'initial': '0.00', 'maintenance': '2.33', 'currency': 'USD', 'instrument_id': 'EUR/USD.IDEALPRO'}]",False,{}
100000.00,0.00,100000.00,EUR,IDEALPRO-001,MARGIN,,"[{'type': 'MarginBalance', 'initial': '0.00', 'maintenance': '2.33', 'currency': 'USD', 'instrument_id': 'EUR/USD.IDEALPRO'}]",False,{}
100000.31,2.33,99997.98,USD,IDEALPRO-001,MARGIN,,"[{'type': 'MarginBalance', 'initial': '0.00', 'maintenance': '2.33', 'currency': 'USD', 'instrument_id': 'EUR/USD.IDEALPRO'}]",False,{}
100000.00,0.00,100000.00,EUR,IDEALPRO-001,MARGIN,,"[{'type': 'MarginBalance', 'initial': '0.00', 'maintenance': '2.33', 'currency': 'USD', 'instrument_id': 'EUR/USD.IDEALPRO'}]",False,{}
100000.29,0.00,100000.29,USD,IDEALPRO-001,MARGIN,,[],False,{}
100000.00,0.00,100000.00,EUR,IDEALPRO-001,MARGIN,,[],False,{}
100000.29,0.00,100000.29,USD,IDEALPRO-001,MARGIN,,[],False,{}
100000.00,0.00,100000.00,EUR,IDEALPRO-001,MARGIN,,[],False,{}
100000.29,0.00,100000.29,USD,IDEALPRO-001,MARGIN,,[],False,{}
100000.00,0.00,100000.00,EUR,IDEALPRO-001,MARGIN,,[],False,{}
100000.29,0.00,100000.29,USD,IDEALPRO-001,MARGIN,,[],False,{}
100000.00,0.00,100000.00,EUR,IDEALPRO-001,MARGIN,,[],False,{}
100000.29,0.00,100000.29,USD,IDEALPRO-001,MARGIN,,[],False,{}
100000.00,0.00,100000.00,EUR,IDEALPRO-001,MARGIN,,[],False,{}
100000.29,0.00,100000.29,USD,IDEALPRO-001,MARGIN,,[],False,{}
100000.00,0.00,100000.00,EUR,IDEALPRO-001,MARGIN,,[],False,{}
100000.29,2.33,99997.96,USD,IDEALPRO-001,MARGIN,,"[{'type': 'MarginBalance', 'initial': '0.00', 'maintenance': '2.33', 'currency': 'USD', 'instrument_id': 'EUR/USD.IDEALPRO'}]",False,{}
100000.00,0.00,100000.00,EUR,IDEALPRO-001,MARGIN,,"[{'type': 'MarginBalance', 'initial': '0.00', 'maintenance': '2.33', 'currency': 'USD', 'instrument_id': 'EUR/USD.IDEALPRO'}]",False,{}
100000.29,2.33,99997.96,USD,IDEALPRO-001,MARGIN,,"[{'type': 'MarginBalance', 'initial': '0.00', 'maintenance': '2.33', 'currency': 'USD', 'instrument_id': 'EUR/USD.IDEALPRO'}]",False,{}
100000.00,0.00,100000.00,EUR,IDEALPRO-001,MARGIN,,"[{'type': 'MarginBalance', 'initial': '0.00', 'maintenance': '2.33', 'currency': 'USD', 'instrument_id': 'EUR/USD.IDEALPRO'}]",False,{}
100000.29,2.33,99997.96,USD,IDEALPRO-001,MARGIN,,"[{'type': 'MarginBalance', 'initial': '0.00', 'maintenance': '2.33', 'currency': 'USD', 'instrument_id': 'EUR/USD.IDEALPRO'}]",False,{}
100000.00,0.00,100000.00,EUR,IDEALPRO-001,MARGIN,,"[{'type': 'MarginBalance', 'initial': '0.00', 'maintenance': '2.33', 'currency': 'USD', 'instrument_id': 'EUR/USD.IDEALPRO'}]",False,{}
100000.29,2.33,99997.96,USD,IDEALPRO-001,MARGIN,,"[{'type': 'MarginBalance', 'initial': '0.00', 'maintenance': '2.33', 'currency': 'USD', 'instrument_id': 'EUR/USD.IDEALPRO'}]",False,{}
100000.00,0.00,100000.00,EUR,IDEALPRO-001,MARGIN,,"[{'type': 'MarginBalance', 'initial': '0.00', 'maintenance': '2.33', 'currency': 'USD', 'instrument_id': 'EUR/USD.IDEALPRO'}]",False,{}
100000.26,0.00,100000.26,USD,IDEALPRO-001,MARGIN,,[],False,{}
100000.00,0.00,100000.00,EUR,IDEALPRO-001,MARGIN,,[],False,{}
100000.26,0.00,100000.26,USD,IDEALPRO-001,MARGIN,,[],False,{}
100000.00,0.00,100000.00,EUR,IDEALPRO-001,MARGIN,,[],False,{}
100000.26,0.00,100000.26,USD,IDEALPRO-001,MARGIN,,[],False,{}
100000.00,0.00,100000.00,EUR,IDEALPRO-001,MARGIN,,[],False,{}
100000.26,0.00,100000.26,USD,IDEALPRO-001,MARGIN,,[],False,{}
100000.00,0.00,100000.00,EUR,IDEALPRO-001,MARGIN,,[],False,{}
100000.26,0.00,100000.26,USD,IDEALPRO-001,MARGIN,,[],False,{}
100000.00,0.00,100000.00,EUR,IDEALPRO-001,MARGIN,,[],False,{}
100000.26,0.00,100000.26,USD,IDEALPRO-001,MARGIN,,[],False,{}
100000.00,0.00,100000.00,EUR,IDEALPRO-001,MARGIN,,[],False,{}
100000.26,2.33,99997.93,USD,IDEALPRO-001,MARGIN,,"[{'type': 'MarginBalance', 'initial': '0.00', 'maintenance': '2.33', 'currency': 'USD', 'instrument_id': 'EUR/USD.IDEALPRO'}]",False,{}
100000.00,0.00,100000.00,EUR,IDEALPRO-001,MARGIN,,"[{'type': 'MarginBalance', 'initial': '0.00', 'maintenance': '2.33', 'currency': 'USD', 'instrument_id': 'EUR/USD.IDEALPRO'}]",False,{}
100000.26,2.33,99997.93,USD,IDEALPRO-001,MARGIN,,"[{'type': 'MarginBalance', 'initial': '0.00', 'maintenance': '2.33', 'currency': 'USD', 'instrument_id': 'EUR/USD.IDEALPRO'}]",False,{}
100000.00,0.00,100000.00,EUR,IDEALPRO-001,MARGIN,,"[{'type': 'MarginBalance', 'initial': '0.00', 'maintenance': '2.33', 'currency': 'USD', 'instrument_id': 'EUR/USD.IDEALPRO'}]",False,{}
100000.26,2.33,99997.93,USD,IDEALPRO-001,MARGIN,,"[{'type': 'MarginBalance', 'initial': '0.00', 'maintenance': '2.33', 'currency': 'USD', 'instrument_id': 'EUR/USD.IDEALPRO'}]",False,{}
100000.00,0.00,100000.00,EUR,IDEALPRO-001,MARGIN,,"[{'type': 'MarginBalance', 'initial': '0.00', 'maintenance': '2.33', 'currency': 'USD', 'instrument_id': 'EUR/USD.IDEALPRO'}]",False,{}
100000.26,2.33,99997.93,USD,IDEALPRO-001,MARGIN,,"[{'type': 'MarginBalance', 'initial': '0.00', 'maintenance': '2.33', 'currency': 'USD', 'instrument_id': 'EUR/USD.IDEALPRO'}]",False,{}
100000.00,0.00,100000.00,EUR,IDEALPRO-001,MARGIN,,"[{'type': 'MarginBalance', 'initial': '0.00', 'maintenance': '2.33', 'currency': 'USD', 'instrument_id': 'EUR/USD.IDEALPRO'}]",False,{}
100000.22,0.00,100000.22,USD,IDEALPRO-001,MARGIN,,[],False,{}
100000.00,0.00,100000.00,EUR,IDEALPRO-001,MARGIN,,[],False,{}
100000.22,0.00,100000.22,USD,IDEALPRO-001,MARGIN,,[],False,{}
100000.00,0.00,100000.00,EUR,IDEALPRO-001,MARGIN,,[],False,{}
100000.22,0.00,100000.22,USD,IDEALPRO-001,MARGIN,,[],False,{}
100000.00,0.00,100000.00,EUR,IDEALPRO-001,MARGIN,,[],False,{}
100000.22,0.00,100000.22,USD,IDEALPRO-001,MARGIN,,[],False,{}
100000.00,0.00,100000.00,EUR,IDEALPRO-001,MARGIN,,[],False,{}
100000.22,0.00,100000.22,USD,IDEALPRO-001,MARGIN,,[],False,{}
100000.00,0.00,100000.00,EUR,IDEALPRO-001,MARGIN,,[],False,{}
100000.22,0.00,100000.22,USD,IDEALPRO-001,MARGIN,,[],False,{}
100000.00,0.00,100000.00,EUR,IDEALPRO-001,MARGIN,,[],False,{}
100000.22,2.33,99997.89,USD,IDEALPRO-001,MARGIN,,"[{'type': 'MarginBalance', 'initial': '0.00', 'maintenance': '2.33', 'currency': 'USD', 'instrument_id': 'EUR/USD.IDEALPRO'}]",False,{}
100000.00,0.00,100000.00,EUR,IDEALPRO-001,MARGIN,,"[{'type': 'MarginBalance', 'initial': '0.00', 'maintenance': '2.33', 'currency': 'USD', 'instrument_id': 'EUR/USD.IDEALPRO'}]",False,{}
100000.22,2.33,99997.89,USD,IDEALPRO-001,MARGIN,,"[{'type': 'MarginBalance', 'initial': '0.00', 'maintenance': '2.33', 'currency': 'USD', 'instrument_id': 'EUR/USD.IDEALPRO'}]",False,{}
100000.00,0.00,100000.00,EUR,IDEALPRO-001,MARGIN,,"[{'type': 'MarginBalance', 'initial': '0.00', 'maintenance': '2.33', 'currency': 'USD', 'instrument_id': 'EUR/USD.IDEALPRO'}]",False,{}
100000.22,2.33,99997.89,USD,IDEALPRO-001,MARGIN,,"[{'type': 'MarginBalance', 'initial': '0.00', 'maintenance': '2.33', 'currency': 'USD', 'instrument_id': 'EUR/USD.IDEALPRO'}]",False,{}
100000.00,0.00,100000.00,EUR,IDEALPRO-001,MARGIN,,"[{'type': 'MarginBalance', 'initial': '0.00', 'maintenance': '2.33', 'currency': 'USD', 'instrument_id': 'EUR/USD.IDEALPRO'}]",False,{}
100000.22,2.33,99997.89,USD,IDEALPRO-001,MARGIN,,"[{'type': 'MarginBalance', 'initial': '0.00', 'maintenance': '2.33', 'currency': 'USD', 'instrument_id': 'EUR/USD.IDEALPRO'}]",False,{}
100000.00,0.00,100000.00,EUR,IDEALPRO-001,MARGIN,,"[{'type': 'MarginBalance', 'initial': '0.00', 'maintenance': '2.33', 'currency': 'USD', 'instrument_id': 'EUR/USD.IDEALPRO'}]",False,{}
100000.19,0.00,100000.19,USD,IDEALPRO-001,MARGIN,,[],False,{}
100000.00,0.00,100000.00,EUR,IDEALPRO-001,MARGIN,,[],False,{}
100000.19,0.00,100000.19,USD,IDEALPRO-001,MARGIN,,[],False,{}
100000.00,0.00,100000.00,EUR,IDEALPRO-001,MARGIN,,[],False,{}
100000.19,0.00,100000.19,USD,IDEALPRO-001,MARGIN,,[],False,{}
100000.00,0.00,100000.00,EUR,IDEALPRO-001,MARGIN,,[],False,{}
100000.19,0.00,100000.19,USD,IDEALPRO-001,MARGIN,,[],False,{}
100000.00,0.00,100000.00,EUR,IDEALPRO-001,MARGIN,,[],False,{}
100000.19,0.00,100000.19,USD,IDEALPRO-001,MARGIN,,[],False,{}
100000.00,0.00,100000.00,EUR,IDEALPRO-001,MARGIN,,[],False,{}
100000.19,0.00,100000.19,USD,IDEALPRO-001,MARGIN,,[],False,{}
100000.00,0.00,100000.00,EUR,IDEALPRO-001,MARGIN,,[],False,{}
100000.19,2.33,99997.86,USD,IDEALPRO-001,MARGIN,,"[{'type': 'MarginBalance', 'initial': '0.00', 'maintenance': '2.33', 'currency': 'USD', 'instrument_id': 'EUR/USD.IDEALPRO'}]",False,{}
100000.00,0.00,100000.00,EUR,IDEALPRO-001,MARGIN,,"[{'type': 'MarginBalance', 'initial': '0.00', 'maintenance': '2.33', 'currency': 'USD', 'instrument_id': 'EUR/USD.IDEALPRO'}]",False,{}
100000.19,2.33,99997.86,USD,IDEALPRO-001,MARGIN,,"[{'type': 'MarginBalance', 'initial': '0.00', 'maintenance': '2.33', 'currency': 'USD', 'instrument_id': 'EUR/USD.IDEALPRO'}]",False,{}
100000.00,0.00,100000.00,EUR,IDEALPRO-001,MARGIN,,"[{'type': 'MarginBalance', 'initial': '0.00', 'maintenance': '2.33', 'currency': 'USD', 'instrument_id': 'EUR/USD.IDEALPRO'}]",False,{}
100000.19,2.33,99997.86,USD,IDEALPRO-001,MARGIN,,"[{'type': 'MarginBalance', 'initial': '0.00', 'maintenance': '2.33', 'currency': 'USD', 'instrument_id': 'EUR/USD.IDEALPRO'}]",False,{}
100000.00,0.00,100000.00,EUR,IDEALPRO-001,MARGIN,,"[{'type': 'MarginBalance', 'initial': '0.00', 'maintenance': '2.33', 'currency': 'USD', 'instrument_id': 'EUR/USD.IDEALPRO'}]",False,{}
100000.19,2.33,99997.86,USD,IDEALPRO-001,MARGIN,,"[{'type': 'MarginBalance', 'initial': '0.00', 'maintenance': '2.33', 'currency': 'USD', 'instrument_id': 'EUR/USD.IDEALPRO'}]",False,{}
100000.00,0.00,100000.00,EUR,IDEALPRO-001,MARGIN,,"[{'type': 'MarginBalance', 'initial': '0.00', 'maintenance': '2.33', 'currency': 'USD', 'instrument_id': 'EUR/USD.IDEALPRO'}]",False,{}
100000.15,0.00,100000.15,USD,IDEALPRO-001,MARGIN,,[],False,{}
100000.00,0.00,100000.00,EUR,IDEALPRO-001,MARGIN,,[],False,{}
100000.15,0.00,100000.15,USD,IDEALPRO-001,MARGIN,,[],False,{}
100000.00,0.00,100000.00,EUR,IDEALPRO-001,MARGIN,,[],False,{}
100000.15,0.00,100000.15,USD,IDEALPRO-001,MARGIN,,[],False,{}
100000.00,0.00,100000.00,EUR,IDEALPRO-001,MARGIN,,[],False,{}
100000.15,0.00,100000.15,USD,IDEALPRO-001,MARGIN,,[],False,{}
100000.00,0.00,100000.00,EUR,IDEALPRO-001,MARGIN,,[],False,{}
100000.15,0.00,100000.15,USD,IDEALPRO-001,MARGIN,,[],False,{}
100000.00,0.00,100000.00,EUR,IDEALPRO-001,MARGIN,,[],False,{}
100000.15,0.00,100000.15,USD,IDEALPRO-001,MARGIN,,[],False,{}
100000.00,0.00,100000.00,EUR,IDEALPRO-001,MARGIN,,[],False,{}
100000.15,2.33,99997.82,USD,IDEALPRO-001,MARGIN,,"[{'type': 'MarginBalance', 'initial': '0.00', 'maintenance': '2.33', 'currency': 'USD', 'instrument_id': 'EUR/USD.IDEALPRO'}]",False,{}
100000.00,0.00,100000.00,EUR,IDEALPRO-001,MARGIN,,"[{'type': 'MarginBalance', 'initial': '0.00', 'maintenance': '2.33', 'currency': 'USD', 'instrument_id': 'EUR/USD.IDEALPRO'}]",False,{}
100000.15,2.33,99997.82,USD,IDEALPRO-001,MARGIN,,"[{'type': 'MarginBalance', 'initial': '0.00', 'maintenance': '2.33', 'currency': 'USD', 'instrument_id': 'EUR/USD.IDEALPRO'}]",False,{}
100000.00,0.00,100000.00,EUR,IDEALPRO-001,MARGIN,,"[{'type': 'MarginBalance', 'initial': '0.00', 'maintenance': '2.33', 'currency': 'USD', 'instrument_id': 'EUR/USD.IDEALPRO'}]",False,{}
100000.15,2.33,99997.82,USD,IDEALPRO-001,MARGIN,,"[{'type': 'MarginBalance', 'initial': '0.00', 'maintenance': '2.33', 'currency': 'USD', 'instrument_id': 'EUR/USD.IDEALPRO'}]",False,{}
100000.00,0.00,100000.00,EUR,IDEALPRO-001,MARGIN,,"[{'type': 'MarginBalance', 'initial': '0.00', 'maintenance': '2.33', 'currency': 'USD', 'instrument_id': 'EUR/USD.IDEALPRO'}]",False,{}
100000.15,2.33,99997.82,USD,IDEALPRO-001,MARGIN,,"[{'type': 'MarginBalance', 'initial': '0.00', 'maintenance': '2.33', 'currency': 'USD', 'instrument_id': 'EUR/USD.IDEALPRO'}]",False,{}
100000.00,0.00,100000.00,EUR,IDEALPRO-001,MARGIN,,"[{'type': 'MarginBalance', 'initial': '0.00', 'maintenance': '2.33', 'currency': 'USD', 'instrument_id': 'EUR/USD.IDEALPRO'}]",False,{}
100000.12,0.00,100000.12,USD,IDEALPRO-001,MARGIN,,[],False,{}
100000.00,0.00,100000.00,EUR,IDEALPRO-001,MARGIN,,[],False,{}
100000.12,0.00,100000.12,USD,IDEALPRO-001,MARGIN,,[],False,{}
100000.00,0.00,100000.00,EUR,IDEALPRO-001,MARGIN,,[],False,{}
100000.12,0.00,100000.12,USD,IDEALPRO-001,MARGIN,,[],False,{}
100000.00,0.00,100000.00,EUR,IDEALPRO-001,MARGIN,,[],False,{}
100000.12,0.00,100000.12,USD,IDEALPRO-001,MARGIN,,[],False,{}
100000.00,0.00,100000.00,EUR,IDEALPRO-001,MARGIN,,[],False,{}
100000.12,0.00,100000.12,USD,IDEALPRO-001,MARGIN,,[],False,{}
100000.00,0.00,100000.00,EUR,IDEALPRO-001,MARGIN,,[],False,{}
100000.12,0.00,100000.12,USD,IDEALPRO-001,MARGIN,,[],False,{}
100000.00,0.00,100000.00,EUR,IDEALPRO-001,MARGIN,,[],False,{}
100000.12,2.33,99997.79,USD,IDEALPRO-001,MARGIN,,"[{'type': 'MarginBalance', 'initial': '0.00', 'maintenance': '2.33', 'currency': 'USD', 'instrument_id': 'EUR/USD.IDEALPRO'}]",False,{}
100000.00,0.00,100000.00,EUR,IDEALPRO-001,MARGIN,,"[{'type': 'MarginBalance', 'initial': '0.00', 'maintenance': '2.33', 'currency': 'USD', 'instrument_id': 'EUR/USD.IDEALPRO'}]",False,{}
100000.12,2.33,99997.79,USD,IDEALPRO-001,MARGIN,,"[{'type': 'MarginBalance', 'initial': '0.00', 'maintenance': '2.33', 'currency': 'USD', 'instrument_id': 'EUR/USD.IDEALPRO'}]",False,{}
100000.00,0.00,100000.00,EUR,IDEALPRO-001,MARGIN,,"[{'type': 'MarginBalance', 'initial': '0.00', 'maintenance': '2.33', 'currency': 'USD', 'instrument_id': 'EUR/USD.IDEALPRO'}]",False,{}
100000.12,2.33,99997.79,USD,IDEALPRO-001,MARGIN,,"[{'type': 'MarginBalance', 'initial': '0.00', 'maintenance': '2.33', 'currency': 'USD', 'instrument_id': 'EUR/USD.IDEALPRO'}]",False,{}
100000.00,0.00,100000.00,EUR,IDEALPRO-001,MARGIN,,"[{'type': 'MarginBalance', 'initial': '0.00', 'maintenance': '2.33', 'currency': 'USD', 'instrument_id': 'EUR/USD.IDEALPRO'}]",False,{}
100000.12,2.33,99997.79,USD,IDEALPRO-001,MARGIN,,"[{'type': 'MarginBalance', 'initial': '0.00', 'maintenance': '2.33', 'currency': 'USD', 'instrument_id': 'EUR/USD.IDEALPRO'}]",False,{}
100000.00,0.00,100000.00,EUR,IDEALPRO-001,MARGIN,,"[{'type': 'MarginBalance', 'initial': '0.00', 'maintenance': '2.33', 'currency': 'USD', 'instrument_id': 'EUR/USD.IDEALPRO'}]",False,{}
100000.14,0.00,100000.14,USD,IDEALPRO-001,MARGIN,,[],False,{}
100000.00,0.00,100000.00,EUR,IDEALPRO-001,MARGIN,,[],False,{}
100000.14,0.00,100000.14,USD,IDEALPRO-001,MARGIN,,[],False,{}
100000.00,0.00,100000.00,EUR,IDEALPRO-001,MARGIN,,[],False,{}
100000.14,0.00,100000.14,USD,IDEALPRO-001,MARGIN,,[],False,{}
100000.00,0.00,100000.00,EUR,IDEALPRO-001,MARGIN,,[],False,{}
100000.14,0.00,100000.14,USD,IDEALPRO-001,MARGIN,,[],False,{}
100000.00,0.00,100000.00,EUR,IDEALPRO-001,MARGIN,,[],False,{}
100000.14,0.00,100000.14,USD,IDEALPRO-001,MARGIN,,[],False,{}
100000.00,0.00,100000.00,EUR,IDEALPRO-001,MARGIN,,[],False,{}
100000.14,0.00,100000.14,USD,IDEALPRO-001,MARGIN,,[],False,{}
100000.00,0.00,100000.00,EUR,IDEALPRO-001,MARGIN,,[],False,{}
100000.14,2.33,99997.81,USD,IDEALPRO-001,MARGIN,,"[{'type': 'MarginBalance', 'initial': '0.00', 'maintenance': '2.33', 'currency': 'USD', 'instrument_id': 'EUR/USD.IDEALPRO'}]",False,{}
100000.00,0.00,100000.00,EUR,IDEALPRO-001,MARGIN,,"[{'type': 'MarginBalance', 'initial': '0.00', 'maintenance': '2.33', 'currency': 'USD', 'instrument_id': 'EUR/USD.IDEALPRO'}]",False,{}
100000.14,2.33,99997.81,USD,IDEALPRO-001,MARGIN,,"[{'type': 'MarginBalance', 'initial': '0.00', 'maintenance': '2.33', 'currency': 'USD', 'instrument_id': 'EUR/USD.IDEALPRO'}]",False,{}
100000.00,0.00,100000.00,EUR,IDEALPRO-001,MARGIN,,"[{'type': 'MarginBalance', 'initial': '0.00', 'maintenance': '2.33', 'currency': 'USD', 'instrument_id': 'EUR/USD.IDEALPRO'}]",False,{}
100000.14,2.33,99997.81,USD,IDEALPRO-001,MARGIN,,"[{'type': 'MarginBalance', 'initial': '0.00', 'maintenance': '2.33', 'currency': 'USD', 'instrument_id': 'EUR/USD.IDEALPRO'}]",False,{}
100000.00,0.00,100000.00,EUR,IDEALPRO-001,MARGIN,,"[{'type': 'MarginBalance', 'initial': '0.00', 'maintenance': '2.33', 'currency': 'USD', 'instrument_id': 'EUR/USD.IDEALPRO'}]",False,{}
100000.14,2.33,99997.81,USD,IDEALPRO-001,MARGIN,,"[{'type': 'MarginBalance', 'initial': '0.00', 'maintenance': '2.33', 'currency': 'USD', 'instrument_id': 'EUR/USD.IDEALPRO'}]",False,{}
100000.00,0.00,100000.00,EUR,IDEALPRO-001,MARGIN,,"[{'type': 'MarginBalance', 'initial': '0.00', 'maintenance': '2.33', 'currency': 'USD', 'instrument_id': 'EUR/USD.IDEALPRO'}]",False,{}
100000.17,0.00,100000.17,USD,IDEALPRO-001,MARGIN,,[],False,{}
100000.00,0.00,100000.00,EUR,IDEALPRO-001,MARGIN,,[],False,{}
100000.17,0.00,100000.17,USD,IDEALPRO-001,MARGIN,,[],False,{}
100000.00,0.00,100000.00,EUR,IDEALPRO-001,MARGIN,,[],False,{}
100000.17,0.00,100000.17,USD,IDEALPRO-001,MARGIN,,[],False,{}
100000.00,0.00,100000.00,EUR,IDEALPRO-001,MARGIN,,[],False,{}
100000.17,0.00,100000.17,USD,IDEALPRO-001,MARGIN,,[],False,{}
100000.00,0.00,100000.00,EUR,IDEALPRO-001,MARGIN,,[],False,{}
100000.17,0.00,100000.17,USD,IDEALPRO-001,MARGIN,,[],False,{}
100000.00,0.00,100000.00,EUR,IDEALPRO-001,MARGIN,,[],False,{}
100000.17,0.00,100000.17,USD,IDEALPRO-001,MARGIN,,[],False,{}
100000.00,0.00,100000.00,EUR,IDEALPRO-001,MARGIN,,[],False,{}
100000.17,2.33,99997.84,USD,IDEALPRO-001,MARGIN,,"[{'type': 'MarginBalance', 'initial': '0.00', 'maintenance': '2.33', 'currency': 'USD', 'instrument_id': 'EUR/USD.IDEALPRO'}]",False,{}
100000.00,0.00,100000.00,EUR,IDEALPRO-001,MARGIN,,"[{'type': 'MarginBalance', 'initial': '0.00', 'maintenance': '2.33', 'currency': 'USD', 'instrument_id': 'EUR/USD.IDEALPRO'}]",False,{}
100000.17,2.33,99997.84,USD,IDEALPRO-001,MARGIN,,"[{'type': 'MarginBalance', 'initial': '0.00', 'maintenance': '2.33', 'currency': 'USD', 'instrument_id': 'EUR/USD.IDEALPRO'}]",False,{}
100000.00,0.00,100000.00,EUR,IDEALPRO-001,MARGIN,,"[{'type': 'MarginBalance', 'initial': '0.00', 'maintenance': '2.33', 'currency': 'USD', 'instrument_id': 'EUR/USD.IDEALPRO'}]",False,{}
100000.17,2.33,99997.84,USD,IDEALPRO-001,MARGIN,,"[{'type': 'MarginBalance', 'initial': '0.00', 'maintenance': '2.33', 'currency': 'USD', 'instrument_id': 'EUR/USD.IDEALPRO'}]",False,{}
100000.00,0.00,100000.00,EUR,IDEALPRO-001,MARGIN,,"[{'type': 'MarginBalance', 'initial': '0.00', 'maintenance': '2.33', 'currency': 'USD', 'instrument_id': 'EUR/USD.IDEALPRO'}]",False,{}
100000.47,0.00,100000.47,USD,IDEALPRO-001,MARGIN,,[],False,{}
100000.00,0.00,100000.00,EUR,IDEALPRO-001,MARGIN,,[],False,{}
100000.47,0.00,100000.47,USD,IDEALPRO-001,MARGIN,,[],False,{}
100000.00,0.00,100000.00,EUR,IDEALPRO-001,MARGIN,,[],False,{}
100000.47,0.00,100000.47,USD,IDEALPRO-001,MARGIN,,[],False,{}
100000.00,0.00,100000.00,EUR,IDEALPRO-001,MARGIN,,[],False,{}
100000.47,0.00,100000.47,USD,IDEALPRO-001,MARGIN,,[],False,{}
100000.00,0.00,100000.00,EUR,IDEALPRO-001,MARGIN,,[],False,{}
100000.47,0.00,100000.47,USD,IDEALPRO-001,MARGIN,,[],False,{}
100000.00,0.00,100000.00,EUR,IDEALPRO-001,MARGIN,,[],False,{}
100000.47,2.33,99998.14,USD,IDEALPRO-001,MARGIN,,"[{'type': 'MarginBalance', 'initial': '0.00', 'maintenance': '2.33', 'currency': 'USD', 'instrument_id': 'EUR/USD.IDEALPRO'}]",False,{}
100000.00,0.00,100000.00,EUR,IDEALPRO-001,MARGIN,,"[{'type': 'MarginBalance', 'initial': '0.00', 'maintenance': '2.33', 'currency': 'USD', 'instrument_id': 'EUR/USD.IDEALPRO'}]",False,{}
100000.47,2.33,99998.14,USD,IDEALPRO-001,MARGIN,,"[{'type': 'MarginBalance', 'initial': '0.00', 'maintenance': '2.33', 'currency': 'USD', 'instrument_id': 'EUR/USD.IDEALPRO'}]",False,{}
100000.00,0.00,100000.00,EUR,IDEALPRO-001,MARGIN,,"[{'type': 'MarginBalance', 'initial': '0.00', 'maintenance': '2.33', 'currency': 'USD', 'instrument_id': 'EUR/USD.IDEALPRO'}]",False,{}
100000.47,2.33,99998.14,USD,IDEALPRO-001,MARGIN,,"[{'type': 'MarginBalance', 'initial': '0.00', 'maintenance': '2.33', 'currency': 'USD', 'instrument_id': 'EUR/USD.IDEALPRO'}]",False,{}
100000.00,0.00,100000.00,EUR,IDEALPRO-001,MARGIN,,"[{'type': 'MarginBalance', 'initial': '0.00', 'maintenance': '2.33', 'currency': 'USD', 'instrument_id': 'EUR/USD.IDEALPRO'}]",False,{}
100000.41,0.00,100000.41,USD,IDEALPRO-001,MARGIN,,[],False,{}
100000.00,0.00,100000.00,EUR,IDEALPRO-001,MARGIN,,[],False,{}
100000.41,0.00,100000.41,USD,IDEALPRO-001,MARGIN,,[],False,{}
100000.00,0.00,100000.00,EUR,IDEALPRO-001,MARGIN,,[],False,{}
100000.41,0.00,100000.41,USD,IDEALPRO-001,MARGIN,,[],False,{}
100000.00,0.00,100000.00,EUR,IDEALPRO-001,MARGIN,,[],False,{}
100000.41,0.00,100000.41,USD,IDEALPRO-001,MARGIN,,[],False,{}
100000.00,0.00,100000.00,EUR,IDEALPRO-001,MARGIN,,[],False,{}
100000.41,0.00,100000.41,USD,IDEALPRO-001,MARGIN,,[],False,{}
100000.00,0.00,100000.00,EUR,IDEALPRO-001,MARGIN,,[],False,{}
100000.41,2.33,99998.08,USD,IDEALPRO-001,MARGIN,,"[{'type': 'MarginBalance', 'initial': '0.00', 'maintenance': '2.33', 'currency': 'USD', 'instrument_id': 'EUR/USD.IDEALPRO'}]",False,{}
100000.00,0.00,100000.00,EUR,IDEALPRO-001,MARGIN,,"[{'type': 'MarginBalance', 'initial': '0.00', 'maintenance': '2.33', 'currency': 'USD', 'instrument_id': 'EUR/USD.IDEALPRO'}]",False,{}
100000.41,2.33,99998.08,USD,IDEALPRO-001,MARGIN,,"[{'type': 'MarginBalance', 'initial': '0.00', 'maintenance': '2.33', 'currency': 'USD', 'instrument_id': 'EUR/USD.IDEALPRO'}]",False,{}
100000.00,0.00,100000.00,EUR,IDEALPRO-001,MARGIN,,"[{'type': 'MarginBalance', 'initial': '0.00', 'maintenance': '2.33', 'currency': 'USD', 'instrument_id': 'EUR/USD.IDEALPRO'}]",False,{}
100000.41,2.33,99998.08,USD,IDEALPRO-001,MARGIN,,"[{'type': 'MarginBalance', 'initial': '0.00', 'maintenance': '2.33', 'currency': 'USD', 'instrument_id': 'EUR/USD.IDEALPRO'}]",False,{}
100000.00,0.00,100000.00,EUR,IDEALPRO-001,MARGIN,,"[{'type': 'MarginBalance', 'initial': '0.00', 'maintenance': '2.33', 'currency': 'USD', 'instrument_id': 'EUR/USD.IDEALPRO'}]",False,{}
100000.41,2.33,99998.08,USD,IDEALPRO-001,MARGIN,,"[{'type': 'MarginBalance', 'initial': '0.00', 'maintenance': '2.33', 'currency': 'USD', 'instrument_id': 'EUR/USD.IDEALPRO'}]",False,{}
100000.00,0.00,100000.00,EUR,IDEALPRO-001,MARGIN,,"[{'type': 'MarginBalance', 'initial': '0.00', 'maintenance': '2.33', 'currency': 'USD', 'instrument_id': 'EUR/USD.IDEALPRO'}]",False,{}
100000.45,0.00,100000.45,USD,IDEALPRO-001,MARGIN,,[],False,{}
100000.00,0.00,100000.00,EUR,IDEALPRO-001,MARGIN,,[],False,{}
100000.45,0.00,100000.45,USD,IDEALPRO-001,MARGIN,,[],False,{}
100000.00,0.00,100000.00,EUR,IDEALPRO-001,MARGIN,,[],False,{}
100000.45,0.00,100000.45,USD,IDEALPRO-001,MARGIN,,[],False,{}
100000.00,0.00,100000.00,EUR,IDEALPRO-001,MARGIN,,[],False,{}
100000.45,0.00,100000.45,USD,IDEALPRO-001,MARGIN,,[],False,{}
100000.00,0.00,100000.00,EUR,IDEALPRO-001,MARGIN,,[],False,{}
100000.45,0.00,100000.45,USD,IDEALPRO-001,MARGIN,,[],False,{}
100000.00,0.00,100000.00,EUR,IDEALPRO-001,MARGIN,,[],False,{}
100000.45,0.00,100000.45,USD,IDEALPRO-001,MARGIN,,[],False,{}
100000.00,0.00,100000.00,EUR,IDEALPRO-001,MARGIN,,[],False,{}
100000.45,2.33,99998.12,USD,IDEALPRO-001,MARGIN,,"[{'type': 'MarginBalance', 'initial': '0.00', 'maintenance': '2.33', 'currency': 'USD', 'instrument_id': 'EUR/USD.IDEALPRO'}]",False,{}
100000.00,0.00,100000.00,EUR,IDEALPRO-001,MARGIN,,"[{'type': 'MarginBalance', 'initial': '0.00', 'maintenance': '2.33', 'currency': 'USD', 'instrument_id': 'EUR/USD.IDEALPRO'}]",False,{}
100000.45,2.33,99998.12,USD,IDEALPRO-001,MARGIN,,"[{'type': 'MarginBalance', 'initial': '0.00', 'maintenance': '2.33', 'currency': 'USD', 'instrument_id': 'EUR/USD.IDEALPRO'}]",False,{}
100000.00,0.00,100000.00,EUR,IDEALPRO-001,MARGIN,,"[{'type': 'MarginBalance', 'initial': '0.00', 'maintenance': '2.33', 'currency': 'USD', 'instrument_id': 'EUR/USD.IDEALPRO'}]",False,{}
100000.45,2.33,99998.12,USD,IDEALPRO-001,MARGIN,,"[{'type': 'MarginBalance', 'initial': '0.00', 'maintenance': '2.33', 'currency': 'USD', 'instrument_id': 'EUR/USD.IDEALPRO'}]",False,{}
100000.00,0.00,100000.00,EUR,IDEALPRO-001,MARGIN,,"[{'type': 'MarginBalance', 'initial': '0.00', 'maintenance': '2.33', 'currency': 'USD', 'instrument_id': 'EUR/USD.IDEALPRO'}]",False,{}
100000.45,2.33,99998.12,USD,IDEALPRO-001,MARGIN,,"[{'type': 'MarginBalance', 'initial': '0.00', 'maintenance': '2.33', 'currency': 'USD', 'instrument_id': 'EUR/USD.IDEALPRO'}]",False,{}
100000.00,0.00,100000.00,EUR,IDEALPRO-001,MARGIN,,"[{'type': 'MarginBalance', 'initial': '0.00', 'maintenance': '2.33', 'currency': 'USD', 'instrument_id': 'EUR/USD.IDEALPRO'}]",False,{}
100000.42,0.00,100000.42,USD,IDEALPRO-001,MARGIN,,[],False,{}
100000.00,0.00,100000.00,EUR,IDEALPRO-001,MARGIN,,[],False,{}
100000.42,0.00,100000.42,USD,IDEALPRO-001,MARGIN,,[],False,{}
100000.00,0.00,100000.00,EUR,IDEALPRO-001,MARGIN,,[],False,{}
100000.42,0.00,100000.42,USD,IDEALPRO-001,MARGIN,,[],False,{}
100000.00,0.00,100000.00,EUR,IDEALPRO-001,MARGIN,,[],False,{}
100000.42,0.00,100000.42,USD,IDEALPRO-001,MARGIN,,[],False,{}
100000.00,0.00,100000.00,EUR,IDEALPRO-001,MARGIN,,[],False,{}
100000.42,0.00,100000.42,USD,IDEALPRO-001,MARGIN,,[],False,{}
100000.00,0.00,100000.00,EUR,IDEALPRO-001,MARGIN,,[],False,{}
100000.42,0.00,100000.42,USD,IDEALPRO-001,MARGIN,,[],False,{}
100000.00,0.00,100000.00,EUR,IDEALPRO-001,MARGIN,,[],False,{}
100000.42,2.33,99998.09,USD,IDEALPRO-001,MARGIN,,"[{'type': 'MarginBalance', 'initial': '0.00', 'maintenance': '2.33', 'currency': 'USD', 'instrument_id': 'EUR/USD.IDEALPRO'}]",False,{}
100000.00,0.00,100000.00,EUR,IDEALPRO-001,MARGIN,,"[{'type': 'MarginBalance', 'initial': '0.00', 'maintenance': '2.33', 'currency': 'USD', 'instrument_id': 'EUR/USD.IDEALPRO'}]",False,{}
100000.42,2.33,99998.09,USD,IDEALPRO-001,MARGIN,,"[{'type': 'MarginBalance', 'initial': '0.00', 'maintenance': '2.33', 'currency': 'USD', 'instrument_id': 'EUR/USD.IDEALPRO'}]",False,{}
100000.00,0.00,100000.00,EUR,IDEALPRO-001,MARGIN,,"[{'type': 'MarginBalance', 'initial': '0.00', 'maintenance': '2.33', 'currency': 'USD', 'instrument_id': 'EUR/USD.IDEALPRO'}]",False,{}
100000.42,2.33,99998.09,USD,IDEALPRO-001,MARGIN,,"[{'type': 'MarginBalance', 'initial': '0.00', 'maintenance': '2.33', 'currency': 'USD', 'instrument_id': 'EUR/USD.IDEALPRO'}]",False,{}
100000.00,0.00,100000.00,EUR,IDEALPRO-001,MARGIN,,"[{'type': 'MarginBalance', 'initial': '0.00', 'maintenance': '2.33', 'currency': 'USD', 'instrument_id': 'EUR/USD.IDEALPRO'}]",False,{}
100000.42,2.33,99998.09,USD,IDEALPRO-001,MARGIN,,"[{'type': 'MarginBalance', 'initial': '0.00', 'maintenance': '2.33', 'currency': 'USD', 'instrument_id': 'EUR/USD.IDEALPRO'}]",False,{}
100000.00,0.00,100000.00,EUR,IDEALPRO-001,MARGIN,,"[{'type': 'MarginBalance', 'initial': '0.00', 'maintenance': '2.33', 'currency': 'USD', 'instrument_id': 'EUR/USD.IDEALPRO'}]",False,{}
100000.40,0.00,100000.40,USD,IDEALPRO-001,MARGIN,,[],False,{}
100000.00,0.00,100000.00,EUR,IDEALPRO-001,MARGIN,,[],False,{}
100000.40,0.00,100000.40,USD,IDEALPRO-001,MARGIN,,[],False,{}
100000.00,0.00,100000.00,EUR,IDEALPRO-001,MARGIN,,[],False,{}
100000.40,0.00,100000.40,USD,IDEALPRO-001,MARGIN,,[],False,{}
100000.00,0.00,100000.00,EUR,IDEALPRO-001,MARGIN,,[],False,{}
100000.40,0.00,100000.40,USD,IDEALPRO-001,MARGIN,,[],False,{}
100000.00,0.00,100000.00,EUR,IDEALPRO-001,MARGIN,,[],False,{}
100000.40,0.00,100000.40,USD,IDEALPRO-001,MARGIN,,[],False,{}
100000.00,0.00,100000.00,EUR,IDEALPRO-001,MARGIN,,[],False,{}
100000.40,0.00,100000.40,USD,IDEALPRO-001,MARGIN,,[],False,{}
100000.00,0.00,100000.00,EUR,IDEALPRO-001,MARGIN,,[],False,{}
100000.40,2.33,99998.07,USD,IDEALPRO-001,MARGIN,,"[{'type': 'MarginBalance', 'initial': '0.00', 'maintenance': '2.33', 'currency': 'USD', 'instrument_id': 'EUR/USD.IDEALPRO'}]",False,{}
100000.00,0.00,100000.00,EUR,IDEALPRO-001,MARGIN,,"[{'type': 'MarginBalance', 'initial': '0.00', 'maintenance': '2.33', 'currency': 'USD', 'instrument_id': 'EUR/USD.IDEALPRO'}]",False,{}
100000.40,2.33,99998.07,USD,IDEALPRO-001,MARGIN,,"[{'type': 'MarginBalance', 'initial': '0.00', 'maintenance': '2.33', 'currency': 'USD', 'instrument_id': 'EUR/USD.IDEALPRO'}]",False,{}
100000.00,0.00,100000.00,EUR,IDEALPRO-001,MARGIN,,"[{'type': 'MarginBalance', 'initial': '0.00', 'maintenance': '2.33', 'currency': 'USD', 'instrument_id': 'EUR/USD.IDEALPRO'}]",False,{}
100000.40,2.33,99998.07,USD,IDEALPRO-001,MARGIN,,"[{'type': 'MarginBalance', 'initial': '0.00', 'maintenance': '2.33', 'currency': 'USD', 'instrument_id': 'EUR/USD.IDEALPRO'}]",False,{}
100000.00,0.00,100000.00,EUR,IDEALPRO-001,MARGIN,,"[{'type': 'MarginBalance', 'initial': '0.00', 'maintenance': '2.33', 'currency': 'USD', 'instrument_id': 'EUR/USD.IDEALPRO'}]",False,{}
100000.40,2.33,99998.07,USD,IDEALPRO-001,MARGIN,,"[{'type': 'MarginBalance', 'initial': '0.00', 'maintenance': '2.33', 'currency': 'USD', 'instrument_id': 'EUR/USD.IDEALPRO'}]",False,{}
100000.00,0.00,100000.00,EUR,IDEALPRO-001,MARGIN,,"[{'type': 'MarginBalance', 'initial': '0.00', 'maintenance': '2.33', 'currency': 'USD', 'instrument_id': 'EUR/USD.IDEALPRO'}]",False,{}
100000.49,0.00,100000.49,USD,IDEALPRO-001,MARGIN,,[],False,{}
100000.00,0.00,100000.00,EUR,IDEALPRO-001,MARGIN,,[],False,{}
100000.49,0.00,100000.49,USD,IDEALPRO-001,MARGIN,,[],False,{}
100000.00,0.00,100000.00,EUR,IDEALPRO-001,MARGIN,,[],False,{}
100000.49,0.00,100000.49,USD,IDEALPRO-001,MARGIN,,[],False,{}
100000.00,0.00,100000.00,EUR,IDEALPRO-001,MARGIN,,[],False,{}
100000.49,0.00,100000.49,USD,IDEALPRO-001,MARGIN,,[],False,{}
100000.00,0.00,100000.00,EUR,IDEALPRO-001,MARGIN,,[],False,{}
100000.49,0.00,100000.49,USD,IDEALPRO-001,MARGIN,,[],False,{}
100000.00,0.00,100000.00,EUR,IDEALPRO-001,MARGIN,,[],False,{}
100000.49,0.00,100000.49,USD,IDEALPRO-001,MARGIN,,[],False,{}
100000.00,0.00,100000.00,EUR,IDEALPRO-001,MARGIN,,[],False,{}
100000.49,2.33,99998.16,USD,IDEALPRO-001,MARGIN,,"[{'type': 'MarginBalance', 'initial': '0.00', 'maintenance': '2.33', 'currency': 'USD', 'instrument_id': 'EUR/USD.IDEALPRO'}]",False,{}
100000.00,0.00,100000.00,EUR,IDEALPRO-001,MARGIN,,"[{'type': 'MarginBalance', 'initial': '0.00', 'maintenance': '2.33', 'currency': 'USD', 'instrument_id': 'EUR/USD.IDEALPRO'}]",False,{}
100000.49,2.33,99998.16,USD,IDEALPRO-001,MARGIN,,"[{'type': 'MarginBalance', 'initial': '0.00', 'maintenance': '2.33', 'currency': 'USD', 'instrument_id': 'EUR/USD.IDEALPRO'}]",False,{}
100000.00,0.00,100000.00,EUR,IDEALPRO-001,MARGIN,,"[{'type': 'MarginBalance', 'initial': '0.00', 'maintenance': '2.33', 'currency': 'USD', 'instrument_id': 'EUR/USD.IDEALPRO'}]",False,{}
100000.49,2.33,99998.16,USD,IDEALPRO-001,MARGIN,,"[{'type': 'MarginBalance', 'initial': '0.00', 'maintenance': '2.33', 'currency': 'USD', 'instrument_id': 'EUR/USD.IDEALPRO'}]",False,{}
100000.00,0.00,100000.00,EUR,IDEALPRO-001,MARGIN,,"[{'type': 'MarginBalance', 'initial': '0.00', 'maintenance': '2.33', 'currency': 'USD', 'instrument_id': 'EUR/USD.IDEALPRO'}]",False,{}
100000.43,0.00,100000.43,USD,IDEALPRO-001,MARGIN,,[],False,{}
100000.00,0.00,100000.00,EUR,IDEALPRO-001,MARGIN,,[],False,{}
100000.43,0.00,100000.43,USD,IDEALPRO-001,MARGIN,,[],False,{}
100000.00,0.00,100000.00,EUR,IDEALPRO-001,MARGIN,,[],False,{}
100000.43,0.00,100000.43,USD,IDEALPRO-001,MARGIN,,[],False,{}
100000.00,0.00,100000.00,EUR,IDEALPRO-001,MARGIN,,[],False,{}
100000.43,0.00,100000.43,USD,IDEALPRO-001,MARGIN,,[],False,{}
100000.00,0.00,100000.00,EUR,IDEALPRO-001,MARGIN,,[],False,{}
100000.43,0.00,100000.43,USD,IDEALPRO-001,MARGIN,,[],False,{}
100000.00,0.00,100000.00,EUR,IDEALPRO-001,MARGIN,,[],False,{}
100000.43,2.33,99998.10,USD,IDEALPRO-001,MARGIN,,"[{'type': 'MarginBalance', 'initial': '0.00', 'maintenance': '2.33', 'currency': 'USD', 'instrument_id': 'EUR/USD.IDEALPRO'}]",False,{}
100000.00,0.00,100000.00,EUR,IDEALPRO-001,MARGIN,,"[{'type': 'MarginBalance', 'initial': '0.00', 'maintenance': '2.33', 'currency': 'USD', 'instrument_id': 'EUR/USD.IDEALPRO'}]",False,{}
100000.43,2.33,99998.10,USD,IDEALPRO-001,MARGIN,,"[{'type': 'MarginBalance', 'initial': '0.00', 'maintenance': '2.33', 'currency': 'USD', 'instrument_id': 'EUR/USD.IDEALPRO'}]",False,{}
100000.00,0.00,100000.00,EUR,IDEALPRO-001,MARGIN,,"[{'type': 'MarginBalance', 'initial': '0.00', 'maintenance': '2.33', 'currency': 'USD', 'instrument_id': 'EUR/USD.IDEALPRO'}]",False,{}
100000.43,2.33,99998.10,USD,IDEALPRO-001,MARGIN,,"[{'type': 'MarginBalance', 'initial': '0.00', 'maintenance': '2.33', 'currency': 'USD', 'instrument_id': 'EUR/USD.IDEALPRO'}]",False,{}
100000.00,0.00,100000.00,EUR,IDEALPRO-001,MARGIN,,"[{'type': 'MarginBalance', 'initial': '0.00', 'maintenance': '2.33', 'currency': 'USD', 'instrument_id': 'EUR/USD.IDEALPRO'}]",False,{}
100000.37,0.00,100000.37,USD,IDEALPRO-001,MARGIN,,[],False,{}
100000.00,0.00,100000.00,EUR,IDEALPRO-001,MARGIN,,[],False,{}
100000.37,0.00,100000.37,USD,IDEALPRO-001,MARGIN,,[],False,{}
100000.00,0.00,100000.00,EUR,IDEALPRO-001,MARGIN,,[],False,{}
100000.37,0.00,100000.37,USD,IDEALPRO-001,MARGIN,,[],False,{}
100000.00,0.00,100000.00,EUR,IDEALPRO-001,MARGIN,,[],False,{}
100000.37,0.00,100000.37,USD,IDEALPRO-001,MARGIN,,[],False,{}
100000.00,0.00,100000.00,EUR,IDEALPRO-001,MARGIN,,[],False,{}
100000.37,0.00,100000.37,USD,IDEALPRO-001,MARGIN,,[],False,{}
100000.00,0.00,100000.00,EUR,IDEALPRO-001,MARGIN,,[],False,{}
100000.37,2.33,99998.04,USD,IDEALPRO-001,MARGIN,,"[{'type': 'MarginBalance', 'initial': '0.00', 'maintenance': '2.33', 'currency': 'USD', 'instrument_id': 'EUR/USD.IDEALPRO'}]",False,{}
100000.00,0.00,100000.00,EUR,IDEALPRO-001,MARGIN,,"[{'type': 'MarginBalance', 'initial': '0.00', 'maintenance': '2.33', 'currency': 'USD', 'instrument_id': 'EUR/USD.IDEALPRO'}]",False,{}
100000.37,2.33,99998.04,USD,IDEALPRO-001,MARGIN,,"[{'type': 'MarginBalance', 'initial': '0.00', 'maintenance': '2.33', 'currency': 'USD', 'instrument_id': 'EUR/USD.IDEALPRO'}]",False,{}
100000.00,0.00,100000.00,EUR,IDEALPRO-001,MARGIN,,"[{'type': 'MarginBalance', 'initial': '0.00', 'maintenance': '2.33', 'currency': 'USD', 'instrument_id': 'EUR/USD.IDEALPRO'}]",False,{}
100000.37,2.33,99998.04,USD,IDEALPRO-001,MARGIN,,"[{'type': 'MarginBalance', 'initial': '0.00', 'maintenance': '2.33', 'currency': 'USD', 'instrument_id': 'EUR/USD.IDEALPRO'}]",False,{}
100000.00,0.00,100000.00,EUR,IDEALPRO-001,MARGIN,,"[{'type': 'MarginBalance', 'initial': '0.00', 'maintenance': '2.33', 'currency': 'USD', 'instrument_id': 'EUR/USD.IDEALPRO'}]",False,{}
100000.37,2.33,99998.04,USD,IDEALPRO-001,MARGIN,,"[{'type': 'MarginBalance', 'initial': '0.00', 'maintenance': '2.33', 'currency': 'USD', 'instrument_id': 'EUR/USD.IDEALPRO'}]",False,{}
100000.00,0.00,100000.00,EUR,IDEALPRO-001,MARGIN,,"[{'type': 'MarginBalance', 'initial': '0.00', 'maintenance': '2.33', 'currency': 'USD', 'instrument_id': 'EUR/USD.IDEALPRO'}]",False,{}
100000.47,0.00,100000.47,USD,IDEALPRO-001,MARGIN,,[],False,{}
100000.00,0.00,100000.00,EUR,IDEALPRO-001,MARGIN,,[],False,{}
100000.47,0.00,100000.47,USD,IDEALPRO-001,MARGIN,,[],False,{}
100000.00,0.00,100000.00,EUR,IDEALPRO-001,MARGIN,,[],False,{}
100000.47,0.00,100000.47,USD,IDEALPRO-001,MARGIN,,[],False,{}
100000.00,0.00,100000.00,EUR,IDEALPRO-001,MARGIN,,[],False,{}
100000.47,0.00,100000.47,USD,IDEALPRO-001,MARGIN,,[],False,{}
100000.00,0.00,100000.00,EUR,IDEALPRO-001,MARGIN,,[],False,{}
100000.47,0.00,100000.47,USD,IDEALPRO-001,MARGIN,,[],False,{}
100000.00,0.00,100000.00,EUR,IDEALPRO-001,MARGIN,,[],False,{}
100000.47,0.00,100000.47,USD,IDEALPRO-001,MARGIN,,[],False,{}
100000.00,0.00,100000.00,EUR,IDEALPRO-001,MARGIN,,[],False,{}
100000.47,2.34,99998.13,USD,IDEALPRO-001,MARGIN,,"[{'type': 'MarginBalance', 'initial': '0.00', 'maintenance': '2.34', 'currency': 'USD', 'instrument_id': 'EUR/USD.IDEALPRO'}]",False,{}
100000.00,0.00,100000.00,EUR,IDEALPRO-001,MARGIN,,"[{'type': 'MarginBalance', 'initial': '0.00', 'maintenance': '2.34', 'currency': 'USD', 'instrument_id': 'EUR/USD.IDEALPRO'}]",False,{}
100000.47,2.34,99998.13,USD,IDEALPRO-001,MARGIN,,"[{'type': 'MarginBalance', 'initial': '0.00', 'maintenance': '2.34', 'currency': 'USD', 'instrument_id': 'EUR/USD.IDEALPRO'}]",False,{}
100000.00,0.00,100000.00,EUR,IDEALPRO-001,MARGIN,,"[{'type': 'MarginBalance', 'initial': '0.00', 'maintenance': '2.34', 'currency': 'USD', 'instrument_id': 'EUR/USD.IDEALPRO'}]",False,{}
100000.47,2.34,99998.13,USD,IDEALPRO-001,MARGIN,,"[{'type': 'MarginBalance', 'initial': '0.00', 'maintenance': '2.34', 'currency': 'USD', 'instrument_id': 'EUR/USD.IDEALPRO'}]",False,{}
100000.00,0.00,100000.00,EUR,IDEALPRO-001,MARGIN,,"[{'type': 'MarginBalance', 'initial': '0.00', 'maintenance': '2.34', 'currency': 'USD', 'instrument_id': 'EUR/USD.IDEALPRO'}]",False,{}
100000.47,2.34,99998.13,USD,IDEALPRO-001,MARGIN,,"[{'type': 'MarginBalance', 'initial': '0.00', 'maintenance': '2.34', 'currency': 'USD', 'instrument_id': 'EUR/USD.IDEALPRO'}]",False,{}
100000.00,0.00,100000.00,EUR,IDEALPRO-001,MARGIN,,"[{'type': 'MarginBalance', 'initial': '0.00', 'maintenance': '2.34', 'currency': 'USD', 'instrument_id': 'EUR/USD.IDEALPRO'}]",False,{}
100000.46,0.00,100000.46,USD,IDEALPRO-001,MARGIN,,[],False,{}
100000.00,0.00,100000.00,EUR,IDEALPRO-001,MARGIN,,[],False,{}
100000.46,0.00,100000.46,USD,IDEALPRO-001,MARGIN,,[],False,{}
100000.00,0.00,100000.00,EUR,IDEALPRO-001,MARGIN,,[],False,{}
100000.46,0.00,100000.46,USD,IDEALPRO-001,MARGIN,,[],False,{}
100000.00,0.00,100000.00,EUR,IDEALPRO-001,MARGIN,,[],False,{}
100000.46,0.00,100000.46,USD,IDEALPRO-001,MARGIN,,[],False,{}
100000.00,0.00,100000.00,EUR,IDEALPRO-001,MARGIN,,[],False,{}
100000.46,0.00,100000.46,USD,IDEALPRO-001,MARGIN,,[],False,{}
100000.00,0.00,100000.00,EUR,IDEALPRO-001,MARGIN,,[],False,{}
100000.46,0.00,100000.46,USD,IDEALPRO-001,MARGIN,,[],False,{}
100000.00,0.00,100000.00,EUR,IDEALPRO-001,MARGIN,,[],False,{}
100000.46,2.33,99998.13,USD,IDEALPRO-001,MARGIN,,"[{'type': 'MarginBalance', 'initial': '0.00', 'maintenance': '2.33', 'currency': 'USD', 'instrument_id': 'EUR/USD.IDEALPRO'}]",False,{}
100000.00,0.00,100000.00,EUR,IDEALPRO-001,MARGIN,,"[{'type': 'MarginBalance', 'initial': '0.00', 'maintenance': '2.33', 'currency': 'USD', 'instrument_id': 'EUR/USD.IDEALPRO'}]",False,{}
100000.46,2.33,99998.13,USD,IDEALPRO-001,MARGIN,,"[{'type': 'MarginBalance', 'initial': '0.00', 'maintenance': '2.33', 'currency': 'USD', 'instrument_id': 'EUR/USD.IDEALPRO'}]",False,{}
100000.00,0.00,100000.00,EUR,IDEALPRO-001,MARGIN,,"[{'type': 'MarginBalance', 'initial': '0.00', 'maintenance': '2.33', 'currency': 'USD', 'instrument_id': 'EUR/USD.IDEALPRO'}]",False,{}
100000.46,2.33,99998.13,USD,IDEALPRO-001,MARGIN,,"[{'type': 'MarginBalance', 'initial': '0.00', 'maintenance': '2.33', 'currency': 'USD', 'instrument_id': 'EUR/USD.IDEALPRO'}]",False,{}
100000.00,0.00,100000.00,EUR,IDEALPRO-001,MARGIN,,"[{'type': 'MarginBalance', 'initial': '0.00', 'maintenance': '2.33', 'currency': 'USD', 'instrument_id': 'EUR/USD.IDEALPRO'}]",False,{}
100000.46,2.33,99998.13,USD,IDEALPRO-001,MARGIN,,"[{'type': 'MarginBalance', 'initial': '0.00', 'maintenance': '2.33', 'currency': 'USD', 'instrument_id': 'EUR/USD.IDEALPRO'}]",False,{}
100000.00,0.00,100000.00,EUR,IDEALPRO-001,MARGIN,,"[{'type': 'MarginBalance', 'initial': '0.00', 'maintenance': '2.33', 'currency': 'USD', 'instrument_id': 'EUR/USD.IDEALPRO'}]",False,{}
100000.48,0.00,100000.48,USD,IDEALPRO-001,MARGIN,,[],False,{}
100000.00,0.00,100000.00,EUR,IDEALPRO-001,MARGIN,,[],False,{}
100000.48,0.00,100000.48,USD,IDEALPRO-001,MARGIN,,[],False,{}
100000.00,0.00,100000.00,EUR,IDEALPRO-001,MARGIN,,[],False,{}
100000.48,0.00,100000.48,USD,IDEALPRO-001,MARGIN,,[],False,{}
100000.00,0.00,100000.00,EUR,IDEALPRO-001,MARGIN,,[],False,{}
100000.48,0.00,100000.48,USD,IDEALPRO-001,MARGIN,,[],False,{}
100000.00,0.00,100000.00,EUR,IDEALPRO-001,MARGIN,,[],False,{}
100000.48,0.00,100000.48,USD,IDEALPRO-001,MARGIN,,[],False,{}
100000.00,0.00,100000.00,EUR,IDEALPRO-001,MARGIN,,[],False,{}
100000.48,0.00,100000.48,USD,IDEALPRO-001,MARGIN,,[],False,{}
100000.00,0.00,100000.00,EUR,IDEALPRO-001,MARGIN,,[],False,{}
100000.48,2.33,99998.15,USD,IDEALPRO-001,MARGIN,,"[{'type': 'MarginBalance', 'initial': '0.00', 'maintenance': '2.33', 'currency': 'USD', 'instrument_id': 'EUR/USD.IDEALPRO'}]",False,{}
100000.00,0.00,100000.00,EUR,IDEALPRO-001,MARGIN,,"[{'type': 'MarginBalance', 'initial': '0.00', 'maintenance': '2.33', 'currency': 'USD', 'instrument_id': 'EUR/USD.IDEALPRO'}]",False,{}
100000.48,2.33,99998.15,USD,IDEALPRO-001,MARGIN,,"[{'type': 'MarginBalance', 'initial': '0.00', 'maintenance': '2.33', 'currency': 'USD', 'instrument_id': 'EUR/USD.IDEALPRO'}]",False,{}
100000.00,0.00,100000.00,EUR,IDEALPRO-001,MARGIN,,"[{'type': 'MarginBalance', 'initial': '0.00', 'maintenance': '2.33', 'currency': 'USD', 'instrument_id': 'EUR/USD.IDEALPRO'}]",False,{}
100000.48,2.33,99998.15,USD,IDEALPRO-001,MARGIN,,"[{'type': 'MarginBalance', 'initial': '0.00', 'maintenance': '2.33', 'currency': 'USD', 'instrument_id': 'EUR/USD.IDEALPRO'}]",False,{}
100000.00,0.00,100000.00,EUR,IDEALPRO-001,MARGIN,,"[{'type': 'MarginBalance', 'initial': '0.00', 'maintenance': '2.33', 'currency': 'USD', 'instrument_id': 'EUR/USD.IDEALPRO'}]",False,{}
100000.48,2.33,99998.15,USD,IDEALPRO-001,MARGIN,,"[{'type': 'MarginBalance', 'initial': '0.00', 'maintenance': '2.33', 'currency': 'USD', 'instrument_id': 'EUR/USD.IDEALPRO'}]",False,{}
100000.00,0.00,100000.00,EUR,IDEALPRO-001,MARGIN,,"[{'type': 'MarginBalance', 'initial': '0.00', 'maintenance': '2.33', 'currency': 'USD', 'instrument_id': 'EUR/USD.IDEALPRO'}]",False,{}
100000.45,0.00,100000.45,USD,IDEALPRO-001,MARGIN,,[],False,{}
100000.00,0.00,100000.00,EUR,IDEALPRO-001,MARGIN,,[],False,{}
100000.45,0.00,100000.45,USD,IDEALPRO-001,MARGIN,,[],False,{}
100000.00,0.00,100000.00,EUR,IDEALPRO-001,MARGIN,,[],False,{}
100000.45,0.00,100000.45,USD,IDEALPRO-001,MARGIN,,[],False,{}
100000.00,0.00,100000.00,EUR,IDEALPRO-001,MARGIN,,[],False,{}
100000.45,0.00,100000.45,USD,IDEALPRO-001,MARGIN,,[],False,{}
100000.00,0.00,100000.00,EUR,IDEALPRO-001,MARGIN,,[],False,{}
100000.45,0.00,100000.45,USD,IDEALPRO-001,MARGIN,,[],False,{}
100000.00,0.00,100000.00,EUR,IDEALPRO-001,MARGIN,,[],False,{}
100000.45,0.00,100000.45,USD,IDEALPRO-001,MARGIN,,[],False,{}
100000.00,0.00,100000.00,EUR,IDEALPRO-001,MARGIN,,[],False,{}
100000.45,2.33,99998.12,USD,IDEALPRO-001,MARGIN,,"[{'type': 'MarginBalance', 'initial': '0.00', 'maintenance': '2.33', 'currency': 'USD', 'instrument_id': 'EUR/USD.IDEALPRO'}]",False,{}
100000.00,0.00,100000.00,EUR,IDEALPRO-001,MARGIN,,"[{'type': 'MarginBalance', 'initial': '0.00', 'maintenance': '2.33', 'currency': 'USD', 'instrument_id': 'EUR/USD.IDEALPRO'}]",False,{}
100000.45,2.33,99998.12,USD,IDEALPRO-001,MARGIN,,"[{'type': 'MarginBalance', 'initial': '0.00', 'maintenance': '2.33', 'currency': 'USD', 'instrument_id': 'EUR/USD.IDEALPRO'}]",False,{}
100000.00,0.00,100000.00,EUR,IDEALPRO-001,MARGIN,,"[{'type': 'MarginBalance', 'initial': '0.00', 'maintenance': '2.33', 'currency': 'USD', 'instrument_id': 'EUR/USD.IDEALPRO'}]",False,{}
100000.45,2.33,99998.12,USD,IDEALPRO-001,MARGIN,,"[{'type': 'MarginBalance', 'initial': '0.00', 'maintenance': '2.33', 'currency': 'USD', 'instrument_id': 'EUR/USD.IDEALPRO'}]",False,{}
100000.00,0.00,100000.00,EUR,IDEALPRO-001,MARGIN,,"[{'type': 'MarginBalance', 'initial': '0.00', 'maintenance': '2.33', 'currency': 'USD', 'instrument_id': 'EUR/USD.IDEALPRO'}]",False,{}
100000.45,2.33,99998.12,USD,IDEALPRO-001,MARGIN,,"[{'type': 'MarginBalance', 'initial': '0.00', 'maintenance': '2.33', 'currency': 'USD', 'instrument_id': 'EUR/USD.IDEALPRO'}]",False,{}
100000.00,0.00,100000.00,EUR,IDEALPRO-001,MARGIN,,"[{'type': 'MarginBalance', 'initial': '0.00', 'maintenance': '2.33', 'currency': 'USD', 'instrument_id': 'EUR/USD.IDEALPRO'}]",False,{}
100000.42,0.00,100000.42,USD,IDEALPRO-001,MARGIN,,[],False,{}
100000.00,0.00,100000.00,EUR,IDEALPRO-001,MARGIN,,[],False,{}
100000.42,0.00,100000.42,USD,IDEALPRO-001,MARGIN,,[],False,{}
100000.00,0.00,100000.00,EUR,IDEALPRO-001,MARGIN,,[],False,{}
100000.42,0.00,100000.42,USD,IDEALPRO-001,MARGIN,,[],False,{}
100000.00,0.00,100000.00,EUR,IDEALPRO-001,MARGIN,,[],False,{}
100000.42,0.00,100000.42,USD,IDEALPRO-001,MARGIN,,[],False,{}
100000.00,0.00,100000.00,EUR,IDEALPRO-001,MARGIN,,[],False,{}
100000.42,0.00,100000.42,USD,IDEALPRO-001,MARGIN,,[],False,{}
100000.00,0.00,100000.00,EUR,IDEALPRO-001,MARGIN,,[],False,{}
100000.42,0.00,100000.42,USD,IDEALPRO-001,MARGIN,,[],False,{}
100000.00,0.00,100000.00,EUR,IDEALPRO-001,MARGIN,,[],False,{}
100000.42,2.33,99998.09,USD,IDEALPRO-001,MARGIN,,"[{'type': 'MarginBalance', 'initial': '0.00', 'maintenance': '2.33', 'currency': 'USD', 'instrument_id': 'EUR/USD.IDEALPRO'}]",False,{}
100000.00,0.00,100000.00,EUR,IDEALPRO-001,MARGIN,,"[{'type': 'MarginBalance', 'initial': '0.00', 'maintenance': '2.33', 'currency': 'USD', 'instrument_id': 'EUR/USD.IDEALPRO'}]",False,{}
100000.42,2.33,99998.09,USD,IDEALPRO-001,MARGIN,,"[{'type': 'MarginBalance', 'initial': '0.00', 'maintenance': '2.33', 'currency': 'USD', 'instrument_id': 'EUR/USD.IDEALPRO'}]",False,{}
100000.00,0.00,100000.00,EUR,IDEALPRO-001,MARGIN,,"[{'type': 'MarginBalance', 'initial': '0.00', 'maintenance': '2.33', 'currency': 'USD', 'instrument_id': 'EUR/USD.IDEALPRO'}]",False,{}
100000.42,2.33,99998.09,USD,IDEALPRO-001,MARGIN,,"[{'type': 'MarginBalance', 'initial': '0.00', 'maintenance': '2.33', 'currency': 'USD', 'instrument_id': 'EUR/USD.IDEALPRO'}]",False,{}
100000.00,0.00,100000.00,EUR,IDEALPRO-001,MARGIN,,"[{'type': 'MarginBalance', 'initial': '0.00', 'maintenance': '2.33', 'currency': 'USD', 'instrument_id': 'EUR/USD.IDEALPRO'}]",False,{}
100000.42,2.33,99998.09,USD,IDEALPRO-001,MARGIN,,"[{'type': 'MarginBalance', 'initial': '0.00', 'maintenance': '2.33', 'currency': 'USD', 'instrument_id': 'EUR/USD.IDEALPRO'}]",False,{}
100000.00,0.00,100000.00,EUR,IDEALPRO-001,MARGIN,,"[{'type': 'MarginBalance', 'initial': '0.00', 'maintenance': '2.33', 'currency': 'USD', 'instrument_id': 'EUR/USD.IDEALPRO'}]",False,{}
100000.43,0.00,100000.43,USD,IDEALPRO-001,MARGIN,,[],False,{}
100000.00,0.00,100000.00,EUR,IDEALPRO-001,MARGIN,,[],False,{}
100000.43,0.00,100000.43,USD,IDEALPRO-001,MARGIN,,[],False,{}
100000.00,0.00,100000.00,EUR,IDEALPRO-001,MARGIN,,[],False,{}
100000.43,0.00,100000.43,USD,IDEALPRO-001,MARGIN,,[],False,{}
100000.00,0.00,100000.00,EUR,IDEALPRO-001,MARGIN,,[],False,{}
100000.43,0.00,100000.43,USD,IDEALPRO-001,MARGIN,,[],False,{}
100000.00,0.00,100000.00,EUR,IDEALPRO-001,MARGIN,,[],False,{}
100000.43,0.00,100000.43,USD,IDEALPRO-001,MARGIN,,[],False,{}
100000.00,0.00,100000.00,EUR,IDEALPRO-001,MARGIN,,[],False,{}
100000.43,0.00,100000.43,USD,IDEALPRO-001,MARGIN,,[],False,{}
100000.00,0.00,100000.00,EUR,IDEALPRO-001,MARGIN,,[],False,{}
100000.43,2.33,99998.10,USD,IDEALPRO-001,MARGIN,,"[{'type': 'MarginBalance', 'initial': '0.00', 'maintenance': '2.33', 'currency': 'USD', 'instrument_id': 'EUR/USD.IDEALPRO'}]",False,{}
100000.00,0.00,100000.00,EUR,IDEALPRO-001,MARGIN,,"[{'type': 'MarginBalance', 'initial': '0.00', 'maintenance': '2.33', 'currency': 'USD', 'instrument_id': 'EUR/USD.IDEALPRO'}]",False,{}
100000.43,2.33,99998.10,USD,IDEALPRO-001,MARGIN,,"[{'type': 'MarginBalance', 'initial': '0.00', 'maintenance': '2.33', 'currency': 'USD', 'instrument_id': 'EUR/USD.IDEALPRO'}]",False,{}
100000.00,0.00,100000.00,EUR,IDEALPRO-001,MARGIN,,"[{'type': 'MarginBalance', 'initial': '0.00', 'maintenance': '2.33', 'currency': 'USD', 'instrument_id': 'EUR/USD.IDEALPRO'}]",False,{}
100000.43,2.33,99998.10,USD,IDEALPRO-001,MARGIN,,"[{'type': 'MarginBalance', 'initial': '0.00', 'maintenance': '2.33', 'currency': 'USD', 'instrument_id': 'EUR/USD.IDEALPRO'}]",False,{}
100000.00,0.00,100000.00,EUR,IDEALPRO-001,MARGIN,,"[{'type': 'MarginBalance', 'initial': '0.00', 'maintenance': '2.33', 'currency': 'USD', 'instrument_id': 'EUR/USD.IDEALPRO'}]",False,{}
100000.43,2.33,99998.10,USD,IDEALPRO-001,MARGIN,,"[{'type': 'MarginBalance', 'initial': '0.00', 'maintenance': '2.33', 'currency': 'USD', 'instrument_id': 'EUR/USD.IDEALPRO'}]",False,{}
100000.00,0.00,100000.00,EUR,IDEALPRO-001,MARGIN,,"[{'type': 'MarginBalance', 'initial': '0.00', 'maintenance': '2.33', 'currency': 'USD', 'instrument_id': 'EUR/USD.IDEALPRO'}]",False,{}
100000.42,0.00,100000.42,USD,IDEALPRO-001,MARGIN,,[],False,{}
100000.00,0.00,100000.00,EUR,IDEALPRO-001,MARGIN,,[],False,{}
100000.42,0.00,100000.42,USD,IDEALPRO-001,MARGIN,,[],False,{}
100000.00,0.00,100000.00,EUR,IDEALPRO-001,MARGIN,,[],False,{}
100000.42,0.00,100000.42,USD,IDEALPRO-001,MARGIN,,[],False,{}
100000.00,0.00,100000.00,EUR,IDEALPRO-001,MARGIN,,[],False,{}
100000.42,0.00,100000.42,USD,IDEALPRO-001,MARGIN,,[],False,{}
100000.00,0.00,100000.00,EUR,IDEALPRO-001,MARGIN,,[],False,{}
100000.42,0.00,100000.42,USD,IDEALPRO-001,MARGIN,,[],False,{}
100000.00,0.00,100000.00,EUR,IDEALPRO-001,MARGIN,,[],False,{}
100000.42,0.00,100000.42,USD,IDEALPRO-001,MARGIN,,[],False,{}
100000.00,0.00,100000.00,EUR,IDEALPRO-001,MARGIN,,[],False,{}
100000.42,2.33,99998.09,USD,IDEALPRO-001,MARGIN,,"[{'type': 'MarginBalance', 'initial': '0.00', 'maintenance': '2.33', 'currency': 'USD', 'instrument_id': 'EUR/USD.IDEALPRO'}]",False,{}
100000.00,0.00,100000.00,EUR,IDEALPRO-001,MARGIN,,"[{'type': 'MarginBalance', 'initial': '0.00', 'maintenance': '2.33', 'currency': 'USD', 'instrument_id': 'EUR/USD.IDEALPRO'}]",False,{}
100000.42,2.33,99998.09,USD,IDEALPRO-001,MARGIN,,"[{'type': 'MarginBalance', 'initial': '0.00', 'maintenance': '2.33', 'currency': 'USD', 'instrument_id': 'EUR/USD.IDEALPRO'}]",False,{}
100000.00,0.00,100000.00,EUR,IDEALPRO-001,MARGIN,,"[{'type': 'MarginBalance', 'initial': '0.00', 'maintenance': '2.33', 'currency': 'USD', 'instrument_id': 'EUR/USD.IDEALPRO'}]",False,{}
100000.42,2.33,99998.09,USD,IDEALPRO-001,MARGIN,,"[{'type': 'MarginBalance', 'initial': '0.00', 'maintenance': '2.33', 'currency': 'USD', 'instrument_id': 'EUR/USD.IDEALPRO'}]",False,{}
100000.00,0.00,100000.00,EUR,IDEALPRO-001,MARGIN,,"[{'type': 'MarginBalance', 'initial': '0.00', 'maintenance': '2.33', 'currency': 'USD', 'instrument_id': 'EUR/USD.IDEALPRO'}]",False,{}
100000.42,2.33,99998.09,USD,IDEALPRO-001,MARGIN,,"[{'type': 'MarginBalance', 'initial': '0.00', 'maintenance': '2.33', 'currency': 'USD', 'instrument_id': 'EUR/USD.IDEALPRO'}]",False,{}
100000.00,0.00,100000.00,EUR,IDEALPRO-001,MARGIN,,"[{'type': 'MarginBalance', 'initial': '0.00', 'maintenance': '2.33', 'currency': 'USD', 'instrument_id': 'EUR/USD.IDEALPRO'}]",False,{}
100000.39,0.00,100000.39,USD,IDEALPRO-001,MARGIN,,[],False,{}
100000.00,0.00,100000.00,EUR,IDEALPRO-001,MARGIN,,[],False,{}
100000.39,0.00,100000.39,USD,IDEALPRO-001,MARGIN,,[],False,{}
100000.00,0.00,100000.00,EUR,IDEALPRO-001,MARGIN,,[],False,{}
100000.39,0.00,100000.39,USD,IDEALPRO-001,MARGIN,,[],False,{}
100000.00,0.00,100000.00,EUR,IDEALPRO-001,MARGIN,,[],False,{}
100000.39,0.00,100000.39,USD,IDEALPRO-001,MARGIN,,[],False,{}
100000.00,0.00,100000.00,EUR,IDEALPRO-001,MARGIN,,[],False,{}
100000.39,0.00,100000.39,USD,IDEALPRO-001,MARGIN,,[],False,{}
100000.00,0.00,100000.00,EUR,IDEALPRO-001,MARGIN,,[],False,{}
100000.39,0.00,100000.39,USD,IDEALPRO-001,MARGIN,,[],False,{}
100000.00,0.00,100000.00,EUR,IDEALPRO-001,MARGIN,,[],False,{}
100000.39,2.33,99998.06,USD,IDEALPRO-001,MARGIN,,"[{'type': 'MarginBalance', 'initial': '0.00', 'maintenance': '2.33', 'currency': 'USD', 'instrument_id': 'EUR/USD.IDEALPRO'}]",False,{}
100000.00,0.00,100000.00,EUR,IDEALPRO-001,MARGIN,,"[{'type': 'MarginBalance', 'initial': '0.00', 'maintenance': '2.33', 'currency': 'USD', 'instrument_id': 'EUR/USD.IDEALPRO'}]",False,{}
100000.39,2.33,99998.06,USD,IDEALPRO-001,MARGIN,,"[{'type': 'MarginBalance', 'initial': '0.00', 'maintenance': '2.33', 'currency': 'USD', 'instrument_id': 'EUR/USD.IDEALPRO'}]",False,{}
100000.00,0.00,100000.00,EUR,IDEALPRO-001,MARGIN,,"[{'type': 'MarginBalance', 'initial': '0.00', 'maintenance': '2.33', 'currency': 'USD', 'instrument_id': 'EUR/USD.IDEALPRO'}]",False,{}
100000.39,2.33,99998.06,USD,IDEALPRO-001,MARGIN,,"[{'type': 'MarginBalance', 'initial': '0.00', 'maintenance': '2.33', 'currency': 'USD', 'instrument_id': 'EUR/USD.IDEALPRO'}]",False,{}
100000.00,0.00,100000.00,EUR,IDEALPRO-001,MARGIN,,"[{'type': 'MarginBalance', 'initial': '0.00', 'maintenance': '2.33', 'currency': 'USD', 'instrument_id': 'EUR/USD.IDEALPRO'}]",False,{}
100000.39,2.33,99998.06,USD,IDEALPRO-001,MARGIN,,"[{'type': 'MarginBalance', 'initial': '0.00', 'maintenance': '2.33', 'currency': 'USD', 'instrument_id': 'EUR/USD.IDEALPRO'}]",False,{}
100000.00,0.00,100000.00,EUR,IDEALPRO-001,MARGIN,,"[{'type': 'MarginBalance', 'initial': '0.00', 'maintenance': '2.33', 'currency': 'USD', 'instrument_id': 'EUR/USD.IDEALPRO'}]",False,{}
100000.37,0.00,100000.37,USD,IDEALPRO-001,MARGIN,,[],False,{}
100000.00,0.00,100000.00,EUR,IDEALPRO-001,MARGIN,,[],False,{}
100000.37,0.00,100000.37,USD,IDEALPRO-001,MARGIN,,[],False,{}
100000.00,0.00,100000.00,EUR,IDEALPRO-001,MARGIN,,[],False,{}
100000.37,0.00,100000.37,USD,IDEALPRO-001,MARGIN,,[],False,{}
100000.00,0.00,100000.00,EUR,IDEALPRO-001,MARGIN,,[],False,{}
100000.37,0.00,100000.37,USD,IDEALPRO-001,MARGIN,,[],False,{}
100000.00,0.00,100000.00,EUR,IDEALPRO-001,MARGIN,,[],False,{}
100000.37,0.00,100000.37,USD,IDEALPRO-001,MARGIN,,[],False,{}
100000.00,0.00,100000.00,EUR,IDEALPRO-001,MARGIN,,[],False,{}
100000.37,0.00,100000.37,USD,IDEALPRO-001,MARGIN,,[],False,{}
100000.00,0.00,100000.00,EUR,IDEALPRO-001,MARGIN,,[],False,{}
100000.37,2.33,99998.04,USD,IDEALPRO-001,MARGIN,,"[{'type': 'MarginBalance', 'initial': '0.00', 'maintenance': '2.33', 'currency': 'USD', 'instrument_id': 'EUR/USD.IDEALPRO'}]",False,{}
100000.00,0.00,100000.00,EUR,IDEALPRO-001,MARGIN,,"[{'type': 'MarginBalance', 'initial': '0.00', 'maintenance': '2.33', 'currency': 'USD', 'instrument_id': 'EUR/USD.IDEALPRO'}]",False,{}
100000.37,2.33,99998.04,USD,IDEALPRO-001,MARGIN,,"[{'type': 'MarginBalance', 'initial': '0.00', 'maintenance': '2.33', 'currency': 'USD', 'instrument_id': 'EUR/USD.IDEALPRO'}]",False,{}
100000.00,0.00,100000.00,EUR,IDEALPRO-001,MARGIN,,"[{'type': 'MarginBalance', 'initial': '0.00', 'maintenance': '2.33', 'currency': 'USD', 'instrument_id': 'EUR/USD.IDEALPRO'}]",False,{}
100000.37,2.33,99998.04,USD,IDEALPRO-001,MARGIN,,"[{'type': 'MarginBalance', 'initial': '0.00', 'maintenance': '2.33', 'currency': 'USD', 'instrument_id': 'EUR/USD.IDEALPRO'}]",False,{}
100000.00,0.00,100000.00,EUR,IDEALPRO-001,MARGIN,,"[{'type': 'MarginBalance', 'initial': '0.00', 'maintenance': '2.33', 'currency': 'USD', 'instrument_id': 'EUR/USD.IDEALPRO'}]",False,{}
100000.37,2.33,99998.04,USD,IDEALPRO-001,MARGIN,,"[{'type': 'MarginBalance', 'initial': '0.00', 'maintenance': '2.33', 'currency': 'USD', 'instrument_id': 'EUR/USD.IDEALPRO'}]",False,{}
100000.00,0.00,100000.00,EUR,IDEALPRO-001,MARGIN,,"[{'type': 'MarginBalance', 'initial': '0.00', 'maintenance': '2.33', 'currency': 'USD', 'instrument_id': 'EUR/USD.IDEALPRO'}]",False,{}
100000.34,0.00,100000.34,USD,IDEALPRO-001,MARGIN,,[],False,{}
100000.00,0.00,100000.00,EUR,IDEALPRO-001,MARGIN,,[],False,{}
100000.34,0.00,100000.34,USD,IDEALPRO-001,MARGIN,,[],False,{}
100000.00,0.00,100000.00,EUR,IDEALPRO-001,MARGIN,,[],False,{}
100000.34,0.00,100000.34,USD,IDEALPRO-001,MARGIN,,[],False,{}
100000.00,0.00,100000.00,EUR,IDEALPRO-001,MARGIN,,[],False,{}
100000.34,0.00,100000.34,USD,IDEALPRO-001,MARGIN,,[],False,{}
100000.00,0.00,100000.00,EUR,IDEALPRO-001,MARGIN,,[],False,{}
100000.34,0.00,100000.34,USD,IDEALPRO-001,MARGIN,,[],False,{}
100000.00,0.00,100000.00,EUR,IDEALPRO-001,MARGIN,,[],False,{}
100000.34,0.00,100000.34,USD,IDEALPRO-001,MARGIN,,[],False,{}
100000.00,0.00,100000.00,EUR,IDEALPRO-001,MARGIN,,[],False,{}
100000.34,2.33,99998.01,USD,IDEALPRO-001,MARGIN,,"[{'type': 'MarginBalance', 'initial': '0.00', 'maintenance': '2.33', 'currency': 'USD', 'instrument_id': 'EUR/USD.IDEALPRO'}]",False,{}
100000.00,0.00,100000.00,EUR,IDEALPRO-001,MARGIN,,"[{'type': 'MarginBalance', 'initial': '0.00', 'maintenance': '2.33', 'currency': 'USD', 'instrument_id': 'EUR/USD.IDEALPRO'}]",False,{}
100000.34,2.33,99998.01,USD,IDEALPRO-001,MARGIN,,"[{'type': 'MarginBalance', 'initial': '0.00', 'maintenance': '2.33', 'currency': 'USD', 'instrument_id': 'EUR/USD.IDEALPRO'}]",False,{}
100000.00,0.00,100000.00,EUR,IDEALPRO-001,MARGIN,,"[{'type': 'MarginBalance', 'initial': '0.00', 'maintenance': '2.33', 'currency': 'USD', 'instrument_id': 'EUR/USD.IDEALPRO'}]",False,{}
100000.34,2.33,99998.01,USD,IDEALPRO-001,MARGIN,,"[{'type': 'MarginBalance', 'initial': '0.00', 'maintenance': '2.33', 'currency': 'USD', 'instrument_id': 'EUR/USD.IDEALPRO'}]",False,{}
100000.00,0.00,100000.00,EUR,IDEALPRO-001,MARGIN,,"[{'type': 'MarginBalance', 'initial': '0.00', 'maintenance': '2.33', 'currency': 'USD', 'instrument_id': 'EUR/USD.IDEALPRO'}]",False,{}
100000.34,2.33,99998.01,USD,IDEALPRO-001,MARGIN,,"[{'type': 'MarginBalance', 'initial': '0.00', 'maintenance': '2.33', 'currency': 'USD', 'instrument_id': 'EUR/USD.IDEALPRO'}]",False,{}
100000.00,0.00,100000.00,EUR,IDEALPRO-001,MARGIN,,"[{'type': 'MarginBalance', 'initial': '0.00', 'maintenance': '2.33', 'currency': 'USD', 'instrument_id': 'EUR/USD.IDEALPRO'}]",False,{}
100000.32,0.00,100000.32,USD,IDEALPRO-001,MARGIN,,[],False,{}
100000.00,0.00,100000.00,EUR,IDEALPRO-001,MARGIN,,[],False,{}
100000.32,0.00,100000.32,USD,IDEALPRO-001,MARGIN,,[],False,{}
100000.00,0.00,100000.00,EUR,IDEALPRO-001,MARGIN,,[],False,{}
100000.32,0.00,100000.32,USD,IDEALPRO-001,MARGIN,,[],False,{}
100000.00,0.00,100000.00,EUR,IDEALPRO-001,MARGIN,,[],False,{}
100000.32,0.00,100000.32,USD,IDEALPRO-001,MARGIN,,[],False,{}
100000.00,0.00,100000.00,EUR,IDEALPRO-001,MARGIN,,[],False,{}
100000.32,0.00,100000.32,USD,IDEALPRO-001,MARGIN,,[],False,{}
100000.00,0.00,100000.00,EUR,IDEALPRO-001,MARGIN,,[],False,{}
100000.32,0.00,100000.32,USD,IDEALPRO-001,MARGIN,,[],False,{}
100000.00,0.00,100000.00,EUR,IDEALPRO-001,MARGIN,,[],False,{}
100000.32,2.33,99997.99,USD,IDEALPRO-001,MARGIN,,"[{'type': 'MarginBalance', 'initial': '0.00', 'maintenance': '2.33', 'currency': 'USD', 'instrument_id': 'EUR/USD.IDEALPRO'}]",False,{}
100000.00,0.00,100000.00,EUR,IDEALPRO-001,MARGIN,,"[{'type': 'MarginBalance', 'initial': '0.00', 'maintenance': '2.33', 'currency': 'USD', 'instrument_id': 'EUR/USD.IDEALPRO'}]",False,{}
100000.32,2.33,99997.99,USD,IDEALPRO-001,MARGIN,,"[{'type': 'MarginBalance', 'initial': '0.00', 'maintenance': '2.33', 'currency': 'USD', 'instrument_id': 'EUR/USD.IDEALPRO'}]",False,{}
100000.00,0.00,100000.00,EUR,IDEALPRO-001,MARGIN,,"[{'type': 'MarginBalance', 'initial': '0.00', 'maintenance': '2.33', 'currency': 'USD', 'instrument_id': 'EUR/USD.IDEALPRO'}]",False,{}
100000.32,2.33,99997.99,USD,IDEALPRO-001,MARGIN,,"[{'type': 'MarginBalance', 'initial': '0.00', 'maintenance': '2.33', 'currency': 'USD', 'instrument_id': 'EUR/USD.IDEALPRO'}]",False,{}
100000.00,0.00,100000.00,EUR,IDEALPRO-001,MARGIN,,"[{'type': 'MarginBalance', 'initial': '0.00', 'maintenance': '2.33', 'currency': 'USD', 'instrument_id': 'EUR/USD.IDEALPRO'}]",False,{}
100000.32,2.33,99997.99,USD,IDEALPRO-001,MARGIN,,"[{'type': 'MarginBalance', 'initial': '0.00', 'maintenance': '2.33', 'currency': 'USD', 'instrument_id': 'EUR/USD.IDEALPRO'}]",False,{}
100000.00,0.00,100000.00,EUR,IDEALPRO-001,MARGIN,,"[{'type': 'MarginBalance', 'initial': '0.00', 'maintenance': '2.33', 'currency': 'USD', 'instrument_id': 'EUR/USD.IDEALPRO'}]",False,{}
100000.36,0.00,100000.36,USD,IDEALPRO-001,MARGIN,,[],False,{}
100000.00,0.00,100000.00,EUR,IDEALPRO-001,MARGIN,,[],False,{}
100000.36,0.00,100000.36,USD,IDEALPRO-001,MARGIN,,[],False,{}
100000.00,0.00,100000.00,EUR,IDEALPRO-001,MARGIN,,[],False,{}
100000.36,0.00,100000.36,USD,IDEALPRO-001,MARGIN,,[],False,{}
100000.00,0.00,100000.00,EUR,IDEALPRO-001,MARGIN,,[],False,{}
100000.36,0.00,100000.36,USD,IDEALPRO-001,MARGIN,,[],False,{}
100000.00,0.00,100000.00,EUR,IDEALPRO-001,MARGIN,,[],False,{}
100000.36,0.00,100000.36,USD,IDEALPRO-001,MARGIN,,[],False,{}
100000.00,0.00,100000.00,EUR,IDEALPRO-001,MARGIN,,[],False,{}
100000.36,0.00,100000.36,USD,IDEALPRO-001,MARGIN,,[],False,{}
100000.00,0.00,100000.00,EUR,IDEALPRO-001,MARGIN,,[],False,{}
100000.36,2.33,99998.03,USD,IDEALPRO-001,MARGIN,,"[{'type': 'MarginBalance', 'initial': '0.00', 'maintenance': '2.33', 'currency': 'USD', 'instrument_id': 'EUR/USD.IDEALPRO'}]",False,{}
100000.00,0.00,100000.00,EUR,IDEALPRO-001,MARGIN,,"[{'type': 'MarginBalance', 'initial': '0.00', 'maintenance': '2.33', 'currency': 'USD', 'instrument_id': 'EUR/USD.IDEALPRO'}]",False,{}
100000.36,2.33,99998.03,USD,IDEALPRO-001,MARGIN,,"[{'type': 'MarginBalance', 'initial': '0.00', 'maintenance': '2.33', 'currency': 'USD', 'instrument_id': 'EUR/USD.IDEALPRO'}]",False,{}
100000.00,0.00,100000.00,EUR,IDEALPRO-001,MARGIN,,"[{'type': 'MarginBalance', 'initial': '0.00', 'maintenance': '2.33', 'currency': 'USD', 'instrument_id': 'EUR/USD.IDEALPRO'}]",False,{}
100000.36,2.33,99998.03,USD,IDEALPRO-001,MARGIN,,"[{'type': 'MarginBalance', 'initial': '0.00', 'maintenance': '2.33', 'currency': 'USD', 'instrument_id': 'EUR/USD.IDEALPRO'}]",False,{}
100000.00,0.00,100000.00,EUR,IDEALPRO-001,MARGIN,,"[{'type': 'MarginBalance', 'initial': '0.00', 'maintenance': '2.33', 'currency': 'USD', 'instrument_id': 'EUR/USD.IDEALPRO'}]",False,{}
100000.36,2.33,99998.03,USD,IDEALPRO-001,MARGIN,,"[{'type': 'MarginBalance', 'initial': '0.00', 'maintenance': '2.33', 'currency': 'USD', 'instrument_id': 'EUR/USD.IDEALPRO'}]",False,{}
100000.00,0.00,100000.00,EUR,IDEALPRO-001,MARGIN,,"[{'type': 'MarginBalance', 'initial': '0.00', 'maintenance': '2.33', 'currency': 'USD', 'instrument_id': 'EUR/USD.IDEALPRO'}]",False,{}
100000.34,0.00,100000.34,USD,IDEALPRO-001,MARGIN,,[],False,{}
100000.00,0.00,100000.00,EUR,IDEALPRO-001,MARGIN,,[],False,{}
100000.34,0.00,100000.34,USD,IDEALPRO-001,MARGIN,,[],False,{}
100000.00,0.00,100000.00,EUR,IDEALPRO-001,MARGIN,,[],False,{}
100000.34,0.00,100000.34,USD,IDEALPRO-001,MARGIN,,[],False,{}
100000.00,0.00,100000.00,EUR,IDEALPRO-001,MARGIN,,[],False,{}
100000.34,0.00,100000.34,USD,IDEALPRO-001,MARGIN,,[],False,{}
100000.00,0.00,100000.00,EUR,IDEALPRO-001,MARGIN,,[],False,{}
100000.34,0.00,100000.34,USD,IDEALPRO-001,MARGIN,,[],False,{}
100000.00,0.00,100000.00,EUR,IDEALPRO-001,MARGIN,,[],False,{}
100000.34,0.00,100000.34,USD,IDEALPRO-001,MARGIN,,[],False,{}
100000.00,0.00,100000.00,EUR,IDEALPRO-001,MARGIN,,[],False,{}
100000.34,2.33,99998.01,USD,IDEALPRO-001,MARGIN,,"[{'type': 'MarginBalance', 'initial': '0.00', 'maintenance': '2.33', 'currency': 'USD', 'instrument_id': 'EUR/USD.IDEALPRO'}]",False,{}
100000.00,0.00,100000.00,EUR,IDEALPRO-001,MARGIN,,"[{'type': 'MarginBalance', 'initial': '0.00', 'maintenance': '2.33', 'currency': 'USD', 'instrument_id': 'EUR/USD.IDEALPRO'}]",False,{}
100000.34,2.33,99998.01,USD,IDEALPRO-001,MARGIN,,"[{'type': 'MarginBalance', 'initial': '0.00', 'maintenance': '2.33', 'currency': 'USD', 'instrument_id': 'EUR/USD.IDEALPRO'}]",False,{}
100000.00,0.00,100000.00,EUR,IDEALPRO-001,MARGIN,,"[{'type': 'MarginBalance', 'initial': '0.00', 'maintenance': '2.33', 'currency': 'USD', 'instrument_id': 'EUR/USD.IDEALPRO'}]",False,{}
100000.34,2.33,99998.01,USD,IDEALPRO-001,MARGIN,,"[{'type': 'MarginBalance', 'initial': '0.00', 'maintenance': '2.33', 'currency': 'USD', 'instrument_id': 'EUR/USD.IDEALPRO'}]",False,{}
100000.00,0.00,100000.00,EUR,IDEALPRO-001,MARGIN,,"[{'type': 'MarginBalance', 'initial': '0.00', 'maintenance': '2.33', 'currency': 'USD', 'instrument_id': 'EUR/USD.IDEALPRO'}]",False,{}
100000.34,2.33,99998.01,USD,IDEALPRO-001,MARGIN,,"[{'type': 'MarginBalance', 'initial': '0.00', 'maintenance': '2.33', 'currency': 'USD', 'instrument_id': 'EUR/USD.IDEALPRO'}]",False,{}
100000.00,0.00,100000.00,EUR,IDEALPRO-001,MARGIN,,"[{'type': 'MarginBalance', 'initial': '0.00', 'maintenance': '2.33', 'currency': 'USD', 'instrument_id': 'EUR/USD.IDEALPRO'}]",False,{}
100000.33,0.00,100000.33,USD,IDEALPRO-001,MARGIN,,[],False,{}
100000.00,0.00,100000.00,EUR,IDEALPRO-001,MARGIN,,[],False,{}
100000.33,0.00,100000.33,USD,IDEALPRO-001,MARGIN,,[],False,{}
100000.00,0.00,100000.00,EUR,IDEALPRO-001,MARGIN,,[],False,{}
100000.33,0.00,100000.33,USD,IDEALPRO-001,MARGIN,,[],False,{}
100000.00,0.00,100000.00,EUR,IDEALPRO-001,MARGIN,,[],False,{}
100000.33,0.00,100000.33,USD,IDEALPRO-001,MARGIN,,[],False,{}
100000.00,0.00,100000.00,EUR,IDEALPRO-001,MARGIN,,[],False,{}
100000.33,0.00,100000.33,USD,IDEALPRO-001,MARGIN,,[],False,{}
100000.00,0.00,100000.00,EUR,IDEALPRO-001,MARGIN,,[],False,{}
100000.33,0.00,100000.33,USD,IDEALPRO-001,MARGIN,,[],False,{}
100000.00,0.00,100000.00,EUR,IDEALPRO-001,MARGIN,,[],False,{}
100000.33,2.33,99998.00,USD,IDEALPRO-001,MARGIN,,"[{'type': 'MarginBalance', 'initial': '0.00', 'maintenance': '2.33', 'currency': 'USD', 'instrument_id': 'EUR/USD.IDEALPRO'}]",False,{}
100000.00,0.00,100000.00,EUR,IDEALPRO-001,MARGIN,,"[{'type': 'MarginBalance', 'initial': '0.00', 'maintenance': '2.33', 'currency': 'USD', 'instrument_id': 'EUR/USD.IDEALPRO'}]",False,{}
100000.33,2.33,99998.00,USD,IDEALPRO-001,MARGIN,,"[{'type': 'MarginBalance', 'initial': '0.00', 'maintenance': '2.33', 'currency': 'USD', 'instrument_id': 'EUR/USD.IDEALPRO'}]",False,{}
100000.00,0.00,100000.00,EUR,IDEALPRO-001,MARGIN,,"[{'type': 'MarginBalance', 'initial': '0.00', 'maintenance': '2.33', 'currency': 'USD', 'instrument_id': 'EUR/USD.IDEALPRO'}]",False,{}
100000.33,2.33,99998.00,USD,IDEALPRO-001,MARGIN,,"[{'type': 'MarginBalance', 'initial': '0.00', 'maintenance': '2.33', 'currency': 'USD', 'instrument_id': 'EUR/USD.IDEALPRO'}]",False,{}
100000.00,0.00,100000.00,EUR,IDEALPRO-001,MARGIN,,"[{'type': 'MarginBalance', 'initial': '0.00', 'maintenance': '2.33', 'currency': 'USD', 'instrument_id': 'EUR/USD.IDEALPRO'}]",False,{}
100000.33,2.33,99998.00,USD,IDEALPRO-001,MARGIN,,"[{'type': 'MarginBalance', 'initial': '0.00', 'maintenance': '2.33', 'currency': 'USD', 'instrument_id': 'EUR/USD.IDEALPRO'}]",False,{}
100000.00,0.00,100000.00,EUR,IDEALPRO-001,MARGIN,,"[{'type': 'MarginBalance', 'initial': '0.00', 'maintenance': '2.33', 'currency': 'USD', 'instrument_id': 'EUR/USD.IDEALPRO'}]",False,{}
100000.32,0.00,100000.32,USD,IDEALPRO-001,MARGIN,,[],False,{}
100000.00,0.00,100000.00,EUR,IDEALPRO-001,MARGIN,,[],False,{}
100000.32,0.00,100000.32,USD,IDEALPRO-001,MARGIN,,[],False,{}
100000.00,0.00,100000.00,EUR,IDEALPRO-001,MARGIN,,[],False,{}
100000.32,0.00,100000.32,USD,IDEALPRO-001,MARGIN,,[],False,{}
100000.00,0.00,100000.00,EUR,IDEALPRO-001,MARGIN,,[],False,{}
100000.32,0.00,100000.32,USD,IDEALPRO-001,MARGIN,,[],False,{}
100000.00,0.00,100000.00,EUR,IDEALPRO-001,MARGIN,,[],False,{}
100000.32,0.00,100000.32,USD,IDEALPRO-001,MARGIN,,[],False,{}
100000.00,0.00,100000.00,EUR,IDEALPRO-001,MARGIN,,[],False,{}
100000.32,0.00,100000.32,USD,IDEALPRO-001,MARGIN,,[],False,{}
100000.00,0.00,100000.00,EUR,IDEALPRO-001,MARGIN,,[],False,{}
100000.32,2.33,99997.99,USD,IDEALPRO-001,MARGIN,,"[{'type': 'MarginBalance', 'initial': '0.00', 'maintenance': '2.33', 'currency': 'USD', 'instrument_id': 'EUR/USD.IDEALPRO'}]",False,{}
100000.00,0.00,100000.00,EUR,IDEALPRO-001,MARGIN,,"[{'type': 'MarginBalance', 'initial': '0.00', 'maintenance': '2.33', 'currency': 'USD', 'instrument_id': 'EUR/USD.IDEALPRO'}]",False,{}
100000.32,2.33,99997.99,USD,IDEALPRO-001,MARGIN,,"[{'type': 'MarginBalance', 'initial': '0.00', 'maintenance': '2.33', 'currency': 'USD', 'instrument_id': 'EUR/USD.IDEALPRO'}]",False,{}
100000.00,0.00,100000.00,EUR,IDEALPRO-001,MARGIN,,"[{'type': 'MarginBalance', 'initial': '0.00', 'maintenance': '2.33', 'currency': 'USD', 'instrument_id': 'EUR/USD.IDEALPRO'}]",False,{}
100000.32,2.33,99997.99,USD,IDEALPRO-001,MARGIN,,"[{'type': 'MarginBalance', 'initial': '0.00', 'maintenance': '2.33', 'currency': 'USD', 'instrument_id': 'EUR/USD.IDEALPRO'}]",False,{}
100000.00,0.00,100000.00,EUR,IDEALPRO-001,MARGIN,,"[{'type': 'MarginBalance', 'initial': '0.00', 'maintenance': '2.33', 'currency': 'USD', 'instrument_id': 'EUR/USD.IDEALPRO'}]",False,{}
100000.32,2.33,99997.99,USD,IDEALPRO-001,MARGIN,,"[{'type': 'MarginBalance', 'initial': '0.00', 'maintenance': '2.33', 'currency': 'USD', 'instrument_id': 'EUR/USD.IDEALPRO'}]",False,{}
100000.00,0.00,100000.00,EUR,IDEALPRO-001,MARGIN,,"[{'type': 'MarginBalance', 'initial': '0.00', 'maintenance': '2.33', 'currency': 'USD', 'instrument_id': 'EUR/USD.IDEALPRO'}]",False,{}
100000.31,0.00,100000.31,USD,IDEALPRO-001,MARGIN,,[],False,{}
100000.00,0.00,100000.00,EUR,IDEALPRO-001,MARGIN,,[],False,{}
100000.31,0.00,100000.31,USD,IDEALPRO-001,MARGIN,,[],False,{}
100000.00,0.00,100000.00,EUR,IDEALPRO-001,MARGIN,,[],False,{}
100000.31,0.00,100000.31,USD,IDEALPRO-001,MARGIN,,[],False,{}
100000.00,0.00,100000.00,EUR,IDEALPRO-001,MARGIN,,[],False,{}
100000.31,0.00,100000.31,USD,IDEALPRO-001,MARGIN,,[],False,{}
100000.00,0.00,100000.00,EUR,IDEALPRO-001,MARGIN,,[],False,{}
100000.31,0.00,100000.31,USD,IDEALPRO-001,MARGIN,,[],False,{}
100000.00,0.00,100000.00,EUR,IDEALPRO-001,MARGIN,,[],False,{}
100000.31,0.00,100000.31,USD,IDEALPRO-001,MARGIN,,[],False,{}
100000.00,0.00,100000.00,EUR,IDEALPRO-001,MARGIN,,[],False,{}
100000.31,2.33,99997.98,USD,IDEALPRO-001,MARGIN,,"[{'type': 'MarginBalance', 'initial': '0.00', 'maintenance': '2.33', 'currency': 'USD', 'instrument_id': 'EUR/USD.IDEALPRO'}]",False,{}
100000.00,0.00,100000.00,EUR,IDEALPRO-001,MARGIN,,"[{'type': 'MarginBalance', 'initial': '0.00', 'maintenance': '2.33', 'currency': 'USD', 'instrument_id': 'EUR/USD.IDEALPRO'}]",False,{}
100000.31,2.33,99997.98,USD,IDEALPRO-001,MARGIN,,"[{'type': 'MarginBalance', 'initial': '0.00', 'maintenance': '2.33', 'currency': 'USD', 'instrument_id': 'EUR/USD.IDEALPRO'}]",False,{}
100000.00,0.00,100000.00,EUR,IDEALPRO-001,MARGIN,,"[{'type': 'MarginBalance', 'initial': '0.00', 'maintenance': '2.33', 'currency': 'USD', 'instrument_id': 'EUR/USD.IDEALPRO'}]",False,{}
100000.31,2.33,99997.98,USD,IDEALPRO-001,MARGIN,,"[{'type': 'MarginBalance', 'initial': '0.00', 'maintenance': '2.33', 'currency': 'USD', 'instrument_id': 'EUR/USD.IDEALPRO'}]",False,{}
100000.00,0.00,100000.00,EUR,IDEALPRO-001,MARGIN,,"[{'type': 'MarginBalance', 'initial': '0.00', 'maintenance': '2.33', 'currency': 'USD', 'instrument_id': 'EUR/USD.IDEALPRO'}]",False,{}
100000.31,2.33,99997.98,USD,IDEALPRO-001,MARGIN,,"[{'type': 'MarginBalance', 'initial': '0.00', 'maintenance': '2.33', 'currency': 'USD', 'instrument_id': 'EUR/USD.IDEALPRO'}]",False,{}
100000.00,0.00,100000.00,EUR,IDEALPRO-001,MARGIN,,"[{'type': 'MarginBalance', 'initial': '0.00', 'maintenance': '2.33', 'currency': 'USD', 'instrument_id': 'EUR/USD.IDEALPRO'}]",False,{}
100000.33,0.00,100000.33,USD,IDEALPRO-001,MARGIN,,[],False,{}
100000.00,0.00,100000.00,EUR,IDEALPRO-001,MARGIN,,[],False,{}
100000.33,0.00,100000.33,USD,IDEALPRO-001,MARGIN,,[],False,{}
100000.00,0.00,100000.00,EUR,IDEALPRO-001,MARGIN,,[],False,{}
100000.33,0.00,100000.33,USD,IDEALPRO-001,MARGIN,,[],False,{}
100000.00,0.00,100000.00,EUR,IDEALPRO-001,MARGIN,,[],False,{}
100000.33,0.00,100000.33,USD,IDEALPRO-001,MARGIN,,[],False,{}
100000.00,0.00,100000.00,EUR,IDEALPRO-001,MARGIN,,[],False,{}
100000.33,0.00,100000.33,USD,IDEALPRO-001,MARGIN,,[],False,{}
100000.00,0.00,100000.00,EUR,IDEALPRO-001,MARGIN,,[],False,{}
100000.33,0.00,100000.33,USD,IDEALPRO-001,MARGIN,,[],False,{}
100000.00,0.00,100000.00,EUR,IDEALPRO-001,MARGIN,,[],False,{}
100000.33,2.33,99998.00,USD,IDEALPRO-001,MARGIN,,"[{'type': 'MarginBalance', 'initial': '0.00', 'maintenance': '2.33', 'currency': 'USD', 'instrument_id': 'EUR/USD.IDEALPRO'}]",False,{}
100000.00,0.00,100000.00,EUR,IDEALPRO-001,MARGIN,,"[{'type': 'MarginBalance', 'initial': '0.00', 'maintenance': '2.33', 'currency': 'USD', 'instrument_id': 'EUR/USD.IDEALPRO'}]",False,{}
100000.33,2.33,99998.00,USD,IDEALPRO-001,MARGIN,,"[{'type': 'MarginBalance', 'initial': '0.00', 'maintenance': '2.33', 'currency': 'USD', 'instrument_id': 'EUR/USD.IDEALPRO'}]",False,{}
100000.00,0.00,100000.00,EUR,IDEALPRO-001,MARGIN,,"[{'type': 'MarginBalance', 'initial': '0.00', 'maintenance': '2.33', 'currency': 'USD', 'instrument_id': 'EUR/USD.IDEALPRO'}]",False,{}
100000.33,2.33,99998.00,USD,IDEALPRO-001,MARGIN,,"[{'type': 'MarginBalance', 'initial': '0.00', 'maintenance': '2.33', 'currency': 'USD', 'instrument_id': 'EUR/USD.IDEALPRO'}]",False,{}
100000.00,0.00,100000.00,EUR,IDEALPRO-001,MARGIN,,"[{'type': 'MarginBalance', 'initial': '0.00', 'maintenance': '2.33', 'currency': 'USD', 'instrument_id': 'EUR/USD.IDEALPRO'}]",False,{}
100000.27,0.00,100000.27,USD,IDEALPRO-001,MARGIN,,[],False,{}
100000.00,0.00,100000.00,EUR,IDEALPRO-001,MARGIN,,[],False,{}
100000.27,0.00,100000.27,USD,IDEALPRO-001,MARGIN,,[],False,{}
100000.00,0.00,100000.00,EUR,IDEALPRO-001,MARGIN,,[],False,{}
100000.27,0.00,100000.27,USD,IDEALPRO-001,MARGIN,,[],False,{}
100000.00,0.00,100000.00,EUR,IDEALPRO-001,MARGIN,,[],False,{}
100000.27,0.00,100000.27,USD,IDEALPRO-001,MARGIN,,[],False,{}
100000.00,0.00,100000.00,EUR,IDEALPRO-001,MARGIN,,[],False,{}
100000.27,0.00,100000.27,USD,IDEALPRO-001,MARGIN,,[],False,{}
100000.00,0.00,100000.00,EUR,IDEALPRO-001,MARGIN,,[],False,{}
100000.27,2.33,99997.94,USD,IDEALPRO-001,MARGIN,,"[{'type': 'MarginBalance', 'initial': '0.00', 'maintenance': '2.33', 'currency': 'USD', 'instrument_id': 'EUR/USD.IDEALPRO'}]",False,{}
100000.00,0.00,100000.00,EUR,IDEALPRO-001,MARGIN,,"[{'type': 'MarginBalance', 'initial': '0.00', 'maintenance': '2.33', 'currency': 'USD', 'instrument_id': 'EUR/USD.IDEALPRO'}]",False,{}
100000.27,2.33,99997.94,USD,IDEALPRO-001,MARGIN,,"[{'type': 'MarginBalance', 'initial': '0.00', 'maintenance': '2.33', 'currency': 'USD', 'instrument_id': 'EUR/USD.IDEALPRO'}]",False,{}
100000.00,0.00,100000.00,EUR,IDEALPRO-001,MARGIN,,"[{'type': 'MarginBalance', 'initial': '0.00', 'maintenance': '2.33', 'currency': 'USD', 'instrument_id': 'EUR/USD.IDEALPRO'}]",False,{}
100000.27,2.33,99997.94,USD,IDEALPRO-001,MARGIN,,"[{'type': 'MarginBalance', 'initial': '0.00', 'maintenance': '2.33', 'currency': 'USD', 'instrument_id': 'EUR/USD.IDEALPRO'}]",False,{}
100000.00,0.00,100000.00,EUR,IDEALPRO-001,MARGIN,,"[{'type': 'MarginBalance', 'initial': '0.00', 'maintenance': '2.33', 'currency': 'USD', 'instrument_id': 'EUR/USD.IDEALPRO'}]",False,{}
100000.21,0.00,100000.21,USD,IDEALPRO-001,MARGIN,,[],False,{}
100000.00,0.00,100000.00,EUR,IDEALPRO-001,MARGIN,,[],False,{}
100000.21,0.00,100000.21,USD,IDEALPRO-001,MARGIN,,[],False,{}
100000.00,0.00,100000.00,EUR,IDEALPRO-001,MARGIN,,[],False,{}
100000.21,0.00,100000.21,USD,IDEALPRO-001,MARGIN,,[],False,{}
100000.00,0.00,100000.00,EUR,IDEALPRO-001,MARGIN,,[],False,{}
100000.21,0.00,100000.21,USD,IDEALPRO-001,MARGIN,,[],False,{}
100000.00,0.00,100000.00,EUR,IDEALPRO-001,MARGIN,,[],False,{}
100000.21,0.00,100000.21,USD,IDEALPRO-001,MARGIN,,[],False,{}
100000.00,0.00,100000.00,EUR,IDEALPRO-001,MARGIN,,[],False,{}
100000.21,2.33,99997.88,USD,IDEALPRO-001,MARGIN,,"[{'type': 'MarginBalance', 'initial': '0.00', 'maintenance': '2.33', 'currency': 'USD', 'instrument_id': 'EUR/USD.IDEALPRO'}]",False,{}
100000.00,0.00,100000.00,EUR,IDEALPRO-001,MARGIN,,"[{'type': 'MarginBalance', 'initial': '0.00', 'maintenance': '2.33', 'currency': 'USD', 'instrument_id': 'EUR/USD.IDEALPRO'}]",False,{}
100000.21,2.33,99997.88,USD,IDEALPRO-001,MARGIN,,"[{'type': 'MarginBalance', 'initial': '0.00', 'maintenance': '2.33', 'currency': 'USD', 'instrument_id': 'EUR/USD.IDEALPRO'}]",False,{}
100000.00,0.00,100000.00,EUR,IDEALPRO-001,MARGIN,,"[{'type': 'MarginBalance', 'initial': '0.00', 'maintenance': '2.33', 'currency': 'USD', 'instrument_id': 'EUR/USD.IDEALPRO'}]",False,{}
100000.21,2.33,99997.88,USD,IDEALPRO-001,MARGIN,,"[{'type': 'MarginBalance', 'initial': '0.00', 'maintenance': '2.33', 'currency': 'USD', 'instrument_id': 'EUR/USD.IDEALPRO'}]",False,{}
100000.00,0.00,100000.00,EUR,IDEALPRO-001,MARGIN,,"[{'type': 'MarginBalance', 'initial': '0.00', 'maintenance': '2.33', 'currency': 'USD', 'instrument_id': 'EUR/USD.IDEALPRO'}]",False,{}
100000.21,2.33,99997.88,USD,IDEALPRO-001,MARGIN,,"[{'type': 'MarginBalance', 'initial': '0.00', 'maintenance': '2.33', 'currency': 'USD', 'instrument_id': 'EUR/USD.IDEALPRO'}]",False,{}
100000.00,0.00,100000.00,EUR,IDEALPRO-001,MARGIN,,"[{'type': 'MarginBalance', 'initial': '0.00', 'maintenance': '2.33', 'currency': 'USD', 'instrument_id': 'EUR/USD.IDEALPRO'}]",False,{}
100000.18,0.00,100000.18,USD,IDEALPRO-001,MARGIN,,[],False,{}
100000.00,0.00,100000.00,EUR,IDEALPRO-001,MARGIN,,[],False,{}
100000.18,0.00,100000.18,USD,IDEALPRO-001,MARGIN,,[],False,{}
100000.00,0.00,100000.00,EUR,IDEALPRO-001,MARGIN,,[],False,{}
100000.18,0.00,100000.18,USD,IDEALPRO-001,MARGIN,,[],False,{}
100000.00,0.00,100000.00,EUR,IDEALPRO-001,MARGIN,,[],False,{}
100000.18,0.00,100000.18,USD,IDEALPRO-001,MARGIN,,[],False,{}
100000.00,0.00,100000.00,EUR,IDEALPRO-001,MARGIN,,[],False,{}
100000.18,0.00,100000.18,USD,IDEALPRO-001,MARGIN,,[],False,{}
100000.00,0.00,100000.00,EUR,IDEALPRO-001,MARGIN,,[],False,{}
100000.18,0.00,100000.18,USD,IDEALPRO-001,MARGIN,,[],False,{}
100000.00,0.00,100000.00,EUR,IDEALPRO-001,MARGIN,,[],False,{}
100000.18,2.33,99997.85,USD,IDEALPRO-001,MARGIN,,"[{'type': 'MarginBalance', 'initial': '0.00', 'maintenance': '2.33', 'currency': 'USD', 'instrument_id': 'EUR/USD.IDEALPRO'}]",False,{}
100000.00,0.00,100000.00,EUR,IDEALPRO-001,MARGIN,,"[{'type': 'MarginBalance', 'initial': '0.00', 'maintenance': '2.33', 'currency': 'USD', 'instrument_id': 'EUR/USD.IDEALPRO'}]",False,{}
100000.18,2.33,99997.85,USD,IDEALPRO-001,MARGIN,,"[{'type': 'MarginBalance', 'initial': '0.00', 'maintenance': '2.33', 'currency': 'USD', 'instrument_id': 'EUR/USD.IDEALPRO'}]",False,{}
100000.00,0.00,100000.00,EUR,IDEALPRO-001,MARGIN,,"[{'type': 'MarginBalance', 'initial': '0.00', 'maintenance': '2.33', 'currency': 'USD', 'instrument_id': 'EUR/USD.IDEALPRO'}]",False,{}
100000.18,2.33,99997.85,USD,IDEALPRO-001,MARGIN,,"[{'type': 'MarginBalance', 'initial': '0.00', 'maintenance': '2.33', 'currency': 'USD', 'instrument_id': 'EUR/USD.IDEALPRO'}]",False,{}
100000.00,0.00,100000.00,EUR,IDEALPRO-001,MARGIN,,"[{'type': 'MarginBalance', 'initial': '0.00', 'maintenance': '2.33', 'currency': 'USD', 'instrument_id': 'EUR/USD.IDEALPRO'}]",False,{}
100000.18,2.33,99997.85,USD,IDEALPRO-001,MARGIN,,"[{'type': 'MarginBalance', 'initial': '0.00', 'maintenance': '2.33', 'currency': 'USD', 'instrument_id': 'EUR/USD.IDEALPRO'}]",False,{}
100000.00,0.00,100000.00,EUR,IDEALPRO-001,MARGIN,,"[{'type': 'MarginBalance', 'initial': '0.00', 'maintenance': '2.33', 'currency': 'USD', 'instrument_id': 'EUR/USD.IDEALPRO'}]",False,{}
100000.19,0.00,100000.19,USD,IDEALPRO-001,MARGIN,,[],False,{}
100000.00,0.00,100000.00,EUR,IDEALPRO-001,MARGIN,,[],False,{}
100000.19,0.00,100000.19,USD,IDEALPRO-001,MARGIN,,[],False,{}
100000.00,0.00,100000.00,EUR,IDEALPRO-001,MARGIN,,[],False,{}
100000.19,0.00,100000.19,USD,IDEALPRO-001,MARGIN,,[],False,{}
100000.00,0.00,100000.00,EUR,IDEALPRO-001,MARGIN,,[],False,{}
100000.19,0.00,100000.19,USD,IDEALPRO-001,MARGIN,,[],False,{}
100000.00,0.00,100000.00,EUR,IDEALPRO-001,MARGIN,,[],False,{}
100000.19,0.00,100000.19,USD,IDEALPRO-001,MARGIN,,[],False,{}
100000.00,0.00,100000.00,EUR,IDEALPRO-001,MARGIN,,[],False,{}
100000.19,0.00,100000.19,USD,IDEALPRO-001,MARGIN,,[],False,{}
100000.00,0.00,100000.00,EUR,IDEALPRO-001,MARGIN,,[],False,{}
100000.19,2.33,99997.86,USD,IDEALPRO-001,MARGIN,,"[{'type': 'MarginBalance', 'initial': '0.00', 'maintenance': '2.33', 'currency': 'USD', 'instrument_id': 'EUR/USD.IDEALPRO'}]",False,{}
100000.00,0.00,100000.00,EUR,IDEALPRO-001,MARGIN,,"[{'type': 'MarginBalance', 'initial': '0.00', 'maintenance': '2.33', 'currency': 'USD', 'instrument_id': 'EUR/USD.IDEALPRO'}]",False,{}
100000.19,2.33,99997.86,USD,IDEALPRO-001,MARGIN,,"[{'type': 'MarginBalance', 'initial': '0.00', 'maintenance': '2.33', 'currency': 'USD', 'instrument_id': 'EUR/USD.IDEALPRO'}]",False,{}
100000.00,0.00,100000.00,EUR,IDEALPRO-001,MARGIN,,"[{'type': 'MarginBalance', 'initial': '0.00', 'maintenance': '2.33', 'currency': 'USD', 'instrument_id': 'EUR/USD.IDEALPRO'}]",False,{}
100000.19,2.33,99997.86,USD,IDEALPRO-001,MARGIN,,"[{'type': 'MarginBalance', 'initial': '0.00', 'maintenance': '2.33', 'currency': 'USD', 'instrument_id': 'EUR/USD.IDEALPRO'}]",False,{}
100000.00,0.00,100000.00,EUR,IDEALPRO-001,MARGIN,,"[{'type': 'MarginBalance', 'initial': '0.00', 'maintenance': '2.33', 'currency': 'USD', 'instrument_id': 'EUR/USD.IDEALPRO'}]",False,{}
100000.19,2.33,99997.86,USD,IDEALPRO-001,MARGIN,,"[{'type': 'MarginBalance', 'initial': '0.00', 'maintenance': '2.33', 'currency': 'USD', 'instrument_id': 'EUR/USD.IDEALPRO'}]",False,{}
100000.00,0.00,100000.00,EUR,IDEALPRO-001,MARGIN,,"[{'type': 'MarginBalance', 'initial': '0.00', 'maintenance': '2.33', 'currency': 'USD', 'instrument_id': 'EUR/USD.IDEALPRO'}]",False,{}
100000.20,0.00,100000.20,USD,IDEALPRO-001,MARGIN,,[],False,{}
100000.00,0.00,100000.00,EUR,IDEALPRO-001,MARGIN,,[],False,{}
100000.20,0.00,100000.20,USD,IDEALPRO-001,MARGIN,,[],False,{}
100000.00,0.00,100000.00,EUR,IDEALPRO-001,MARGIN,,[],False,{}
100000.20,0.00,100000.20,USD,IDEALPRO-001,MARGIN,,[],False,{}
100000.00,0.00,100000.00,EUR,IDEALPRO-001,MARGIN,,[],False,{}
100000.20,0.00,100000.20,USD,IDEALPRO-001,MARGIN,,[],False,{}
100000.00,0.00,100000.00,EUR,IDEALPRO-001,MARGIN,,[],False,{}
100000.20,0.00,100000.20,USD,IDEALPRO-001,MARGIN,,[],False,{}
100000.00,0.00,100000.00,EUR,IDEALPRO-001,MARGIN,,[],False,{}
100000.20,0.00,100000.20,USD,IDEALPRO-001,MARGIN,,[],False,{}
100000.00,0.00,100000.00,EUR,IDEALPRO-001,MARGIN,,[],False,{}
100000.20,2.33,99997.87,USD,IDEALPRO-001,MARGIN,,"[{'type': 'MarginBalance', 'initial': '0.00', 'maintenance': '2.33', 'currency': 'USD', 'instrument_id': 'EUR/USD.IDEALPRO'}]",False,{}
100000.00,0.00,100000.00,EUR,IDEALPRO-001,MARGIN,,"[{'type': 'MarginBalance', 'initial': '0.00', 'maintenance': '2.33', 'currency': 'USD', 'instrument_id': 'EUR/USD.IDEALPRO'}]",False,{}
100000.20,2.33,99997.87,USD,IDEALPRO-001,MARGIN,,"[{'type': 'MarginBalance', 'initial': '0.00', 'maintenance': '2.33', 'currency': 'USD', 'instrument_id': 'EUR/USD.IDEALPRO'}]",False,{}
100000.00,0.00,100000.00,EUR,IDEALPRO-001,MARGIN,,"[{'type': 'MarginBalance', 'initial': '0.00', 'maintenance': '2.33', 'currency': 'USD', 'instrument_id': 'EUR/USD.IDEALPRO'}]",False,{}
100000.20,2.33,99997.87,USD,IDEALPRO-001,MARGIN,,"[{'type': 'MarginBalance', 'initial': '0.00', 'maintenance': '2.33', 'currency': 'USD', 'instrument_id': 'EUR/USD.IDEALPRO'}]",False,{}
100000.00,0.00,100000.00,EUR,IDEALPRO-001,MARGIN,,"[{'type': 'MarginBalance', 'initial': '0.00', 'maintenance': '2.33', 'currency': 'USD', 'instrument_id': 'EUR/USD.IDEALPRO'}]",False,{}
100000.20,2.33,99997.87,USD,IDEALPRO-001,MARGIN,,"[{'type': 'MarginBalance', 'initial': '0.00', 'maintenance': '2.33', 'currency': 'USD', 'instrument_id': 'EUR/USD.IDEALPRO'}]",False,{}
100000.00,0.00,100000.00,EUR,IDEALPRO-001,MARGIN,,"[{'type': 'MarginBalance', 'initial': '0.00', 'maintenance': '2.33', 'currency': 'USD', 'instrument_id': 'EUR/USD.IDEALPRO'}]",False,{}
100000.19,0.00,100000.19,USD,IDEALPRO-001,MARGIN,,[],False,{}
100000.00,0.00,100000.00,EUR,IDEALPRO-001,MARGIN,,[],False,{}
100000.19,0.00,100000.19,USD,IDEALPRO-001,MARGIN,,[],False,{}
100000.00,0.00,100000.00,EUR,IDEALPRO-001,MARGIN,,[],False,{}
100000.19,0.00,100000.19,USD,IDEALPRO-001,MARGIN,,[],False,{}
100000.00,0.00,100000.00,EUR,IDEALPRO-001,MARGIN,,[],False,{}
100000.19,0.00,100000.19,USD,IDEALPRO-001,MARGIN,,[],False,{}
100000.00,0.00,100000.00,EUR,IDEALPRO-001,MARGIN,,[],False,{}
100000.19,0.00,100000.19,USD,IDEALPRO-001,MARGIN,,[],False,{}
100000.00,0.00,100000.00,EUR,IDEALPRO-001,MARGIN,,[],False,{}
100000.19,0.00,100000.19,USD,IDEALPRO-001,MARGIN,,[],False,{}
100000.00,0.00,100000.00,EUR,IDEALPRO-001,MARGIN,,[],False,{}
100000.19,2.33,99997.86,USD,IDEALPRO-001,MARGIN,,"[{'type': 'MarginBalance', 'initial': '0.00', 'maintenance': '2.33', 'currency': 'USD', 'instrument_id': 'EUR/USD.IDEALPRO'}]",False,{}
100000.00,0.00,100000.00,EUR,IDEALPRO-001,MARGIN,,"[{'type': 'MarginBalance', 'initial': '0.00', 'maintenance': '2.33', 'currency': 'USD', 'instrument_id': 'EUR/USD.IDEALPRO'}]",False,{}
100000.19,2.33,99997.86,USD,IDEALPRO-001,MARGIN,,"[{'type': 'MarginBalance', 'initial': '0.00', 'maintenance': '2.33', 'currency': 'USD', 'instrument_id': 'EUR/USD.IDEALPRO'}]",False,{}
100000.00,0.00,100000.00,EUR,IDEALPRO-001,MARGIN,,"[{'type': 'MarginBalance', 'initial': '0.00', 'maintenance': '2.33', 'currency': 'USD', 'instrument_id': 'EUR/USD.IDEALPRO'}]",False,{}
100000.19,2.33,99997.86,USD,IDEALPRO-001,MARGIN,,"[{'type': 'MarginBalance', 'initial': '0.00', 'maintenance': '2.33', 'currency': 'USD', 'instrument_id': 'EUR/USD.IDEALPRO'}]",False,{}
100000.00,0.00,100000.00,EUR,IDEALPRO-001,MARGIN,,"[{'type': 'MarginBalance', 'initial': '0.00', 'maintenance': '2.33', 'currency': 'USD', 'instrument_id': 'EUR/USD.IDEALPRO'}]",False,{}
100000.19,2.33,99997.86,USD,IDEALPRO-001,MARGIN,,"[{'type': 'MarginBalance', 'initial': '0.00', 'maintenance': '2.33', 'currency': 'USD', 'instrument_id': 'EUR/USD.IDEALPRO'}]",False,{}
100000.00,0.00,100000.00,EUR,IDEALPRO-001,MARGIN,,"[{'type': 'MarginBalance', 'initial': '0.00', 'maintenance': '2.33', 'currency': 'USD', 'instrument_id': 'EUR/USD.IDEALPRO'}]",False,{}
100000.15,0.00,100000.15,USD,IDEALPRO-001,MARGIN,,[],False,{}
100000.00,0.00,100000.00,EUR,IDEALPRO-001,MARGIN,,[],False,{}
100000.15,0.00,100000.15,USD,IDEALPRO-001,MARGIN,,[],False,{}
100000.00,0.00,100000.00,EUR,IDEALPRO-001,MARGIN,,[],False,{}
100000.15,0.00,100000.15,USD,IDEALPRO-001,MARGIN,,[],False,{}
100000.00,0.00,100000.00,EUR,IDEALPRO-001,MARGIN,,[],False,{}
100000.15,0.00,100000.15,USD,IDEALPRO-001,MARGIN,,[],False,{}
100000.00,0.00,100000.00,EUR,IDEALPRO-001,MARGIN,,[],False,{}
100000.15,0.00,100000.15,USD,IDEALPRO-001,MARGIN,,[],False,{}
100000.00,0.00,100000.00,EUR,IDEALPRO-001,MARGIN,,[],False,{}
100000.15,0.00,100000.15,USD,IDEALPRO-001,MARGIN,,[],False,{}
100000.00,0.00,100000.00,EUR,IDEALPRO-001,MARGIN,,[],False,{}
100000.15,2.33,99997.82,USD,IDEALPRO-001,MARGIN,,"[{'type': 'MarginBalance', 'initial': '0.00', 'maintenance': '2.33', 'currency': 'USD', 'instrument_id': 'EUR/USD.IDEALPRO'}]",False,{}
100000.00,0.00,100000.00,EUR,IDEALPRO-001,MARGIN,,"[{'type': 'MarginBalance', 'initial': '0.00', 'maintenance': '2.33', 'currency': 'USD', 'instrument_id': 'EUR/USD.IDEALPRO'}]",False,{}
100000.15,2.33,99997.82,USD,IDEALPRO-001,MARGIN,,"[{'type': 'MarginBalance', 'initial': '0.00', 'maintenance': '2.33', 'currency': 'USD', 'instrument_id': 'EUR/USD.IDEALPRO'}]",False,{}
100000.00,0.00,100000.00,EUR,IDEALPRO-001,MARGIN,,"[{'type': 'MarginBalance', 'initial': '0.00', 'maintenance': '2.33', 'currency': 'USD', 'instrument_id': 'EUR/USD.IDEALPRO'}]",False,{}
100000.15,2.33,99997.82,USD,IDEALPRO-001,MARGIN,,"[{'type': 'MarginBalance', 'initial': '0.00', 'maintenance': '2.33', 'currency': 'USD', 'instrument_id': 'EUR/USD.IDEALPRO'}]",False,{}
100000.00,0.00,100000.00,EUR,IDEALPRO-001,MARGIN,,"[{'type': 'MarginBalance', 'initial': '0.00', 'maintenance': '2.33', 'currency': 'USD', 'instrument_id': 'EUR/USD.IDEALPRO'}]",False,{}
100000.15,2.33,99997.82,USD,IDEALPRO-001,MARGIN,,"[{'type': 'MarginBalance', 'initial': '0.00', 'maintenance': '2.33', 'currency': 'USD', 'instrument_id': 'EUR/USD.IDEALPRO'}]",False,{}
100000.00,0.00,100000.00,EUR,IDEALPRO-001,MARGIN,,"[{'type': 'MarginBalance', 'initial': '0.00', 'maintenance': '2.33', 'currency': 'USD', 'instrument_id': 'EUR/USD.IDEALPRO'}]",False,{}
100000.11,0.00,100000.11,USD,IDEALPRO-001,MARGIN,,[],False,{}
100000.00,0.00,100000.00,EUR,IDEALPRO-001,MARGIN,,[],False,{}
100000.11,0.00,100000.11,USD,IDEALPRO-001,MARGIN,,[],False,{}
100000.00,0.00,100000.00,EUR,IDEALPRO-001,MARGIN,,[],False,{}
100000.11,0.00,100000.11,USD,IDEALPRO-001,MARGIN,,[],False,{}
100000.00,0.00,100000.00,EUR,IDEALPRO-001,MARGIN,,[],False,{}
100000.11,0.00,100000.11,USD,IDEALPRO-001,MARGIN,,[],False,{}
100000.00,0.00,100000.00,EUR,IDEALPRO-001,MARGIN,,[],False,{}
100000.11,0.00,100000.11,USD,IDEALPRO-001,MARGIN,,[],False,{}
100000.00,0.00,100000.00,EUR,IDEALPRO-001,MARGIN,,[],False,{}
100000.11,0.00,100000.11,USD,IDEALPRO-001,MARGIN,,[],False,{}
100000.00,0.00,100000.00,EUR,IDEALPRO-001,MARGIN,,[],False,{}
100000.11,2.33,99997.78,USD,IDEALPRO-001,MARGIN,,"[{'type': 'MarginBalance', 'initial': '0.00', 'maintenance': '2.33', 'currency': 'USD', 'instrument_id': 'EUR/USD.IDEALPRO'}]",False,{}
100000.00,0.00,100000.00,EUR,IDEALPRO-001,MARGIN,,"[{'type': 'MarginBalance', 'initial': '0.00', 'maintenance': '2.33', 'currency': 'USD', 'instrument_id': 'EUR/USD.IDEALPRO'}]",False,{}
100000.11,2.33,99997.78,USD,IDEALPRO-001,MARGIN,,"[{'type': 'MarginBalance', 'initial': '0.00', 'maintenance': '2.33', 'currency': 'USD', 'instrument_id': 'EUR/USD.IDEALPRO'}]",False,{}
100000.00,0.00,100000.00,EUR,IDEALPRO-001,MARGIN,,"[{'type': 'MarginBalance', 'initial': '0.00', 'maintenance': '2.33', 'currency': 'USD', 'instrument_id': 'EUR/USD.IDEALPRO'}]",False,{}
100000.11,2.33,99997.78,USD,IDEALPRO-001,MARGIN,,"[{'type': 'MarginBalance', 'initial': '0.00', 'maintenance': '2.33', 'currency': 'USD', 'instrument_id': 'EUR/USD.IDEALPRO'}]",False,{}
100000.00,0.00,100000.00,EUR,IDEALPRO-001,MARGIN,,"[{'type': 'MarginBalance', 'initial': '0.00', 'maintenance': '2.33', 'currency': 'USD', 'instrument_id': 'EUR/USD.IDEALPRO'}]",False,{}
100000.11,2.33,99997.78,USD,IDEALPRO-001,MARGIN,,"[{'type': 'MarginBalance', 'initial': '0.00', 'maintenance': '2.33', 'currency': 'USD', 'instrument_id': 'EUR/USD.IDEALPRO'}]",False,{}
100000.00,0.00,100000.00,EUR,IDEALPRO-001,MARGIN,,"[{'type': 'MarginBalance', 'initial': '0.00', 'maintenance': '2.33', 'currency': 'USD', 'instrument_id': 'EUR/USD.IDEALPRO'}]",False,{}
100000.22,0.00,100000.22,USD,IDEALPRO-001,MARGIN,,[],False,{}
100000.00,0.00,100000.00,EUR,IDEALPRO-001,MARGIN,,[],False,{}
100000.22,0.00,100000.22,USD,IDEALPRO-001,MARGIN,,[],False,{}
100000.00,0.00,100000.00,EUR,IDEALPRO-001,MARGIN,,[],False,{}
100000.22,0.00,100000.22,USD,IDEALPRO-001,MARGIN,,[],False,{}
100000.00,0.00,100000.00,EUR,IDEALPRO-001,MARGIN,,[],False,{}
100000.22,0.00,100000.22,USD,IDEALPRO-001,MARGIN,,[],False,{}
100000.00,0.00,100000.00,EUR,IDEALPRO-001,MARGIN,,[],False,{}
100000.22,0.00,100000.22,USD,IDEALPRO-001,MARGIN,,[],False,{}
100000.00,0.00,100000.00,EUR,IDEALPRO-001,MARGIN,,[],False,{}
100000.22,0.00,100000.22,USD,IDEALPRO-001,MARGIN,,[],False,{}
100000.00,0.00,100000.00,EUR,IDEALPRO-001,MARGIN,,[],False,{}
100000.22,2.33,99997.89,USD,IDEALPRO-001,MARGIN,,"[{'type': 'MarginBalance', 'initial': '0.00', 'maintenance': '2.33', 'currency': 'USD', 'instrument_id': 'EUR/USD.IDEALPRO'}]",False,{}
100000.00,0.00,100000.00,EUR,IDEALPRO-001,MARGIN,,"[{'type': 'MarginBalance', 'initial': '0.00', 'maintenance': '2.33', 'currency': 'USD', 'instrument_id': 'EUR/USD.IDEALPRO'}]",False,{}
100000.22,2.33,99997.89,USD,IDEALPRO-001,MARGIN,,"[{'type': 'MarginBalance', 'initial': '0.00', 'maintenance': '2.33', 'currency': 'USD', 'instrument_id': 'EUR/USD.IDEALPRO'}]",False,{}
100000.00,0.00,100000.00,EUR,IDEALPRO-001,MARGIN,,"[{'type': 'MarginBalance', 'initial': '0.00', 'maintenance': '2.33', 'currency': 'USD', 'instrument_id': 'EUR/USD.IDEALPRO'}]",False,{}
100000.22,2.33,99997.89,USD,IDEALPRO-001,MARGIN,,"[{'type': 'MarginBalance', 'initial': '0.00', 'maintenance': '2.33', 'currency': 'USD', 'instrument_id': 'EUR/USD.IDEALPRO'}]",False,{}
100000.00,0.00,100000.00,EUR,IDEALPRO-001,MARGIN,,"[{'type': 'MarginBalance', 'initial': '0.00', 'maintenance': '2.33', 'currency': 'USD', 'instrument_id': 'EUR/USD.IDEALPRO'}]",False,{}
100000.22,2.33,99997.89,USD,IDEALPRO-001,MARGIN,,"[{'type': 'MarginBalance', 'initial': '0.00', 'maintenance': '2.33', 'currency': 'USD', 'instrument_id': 'EUR/USD.IDEALPRO'}]",False,{}
100000.00,0.00,100000.00,EUR,IDEALPRO-001,MARGIN,,"[{'type': 'MarginBalance', 'initial': '0.00', 'maintenance': '2.33', 'currency': 'USD', 'instrument_id': 'EUR/USD.IDEALPRO'}]",False,{}
100000.19,0.00,100000.19,USD,IDEALPRO-001,MARGIN,,[],False,{}
100000.00,0.00,100000.00,EUR,IDEALPRO-001,MARGIN,,[],False,{}
100000.19,0.00,100000.19,USD,IDEALPRO-001,MARGIN,,[],False,{}
100000.00,0.00,100000.00,EUR,IDEALPRO-001,MARGIN,,[],False,{}
100000.19,0.00,100000.19,USD,IDEALPRO-001,MARGIN,,[],False,{}
100000.00,0.00,100000.00,EUR,IDEALPRO-001,MARGIN,,[],False,{}
100000.19,0.00,100000.19,USD,IDEALPRO-001,MARGIN,,[],False,{}
100000.00,0.00,100000.00,EUR,IDEALPRO-001,MARGIN,,[],False,{}
100000.19,0.00,100000.19,USD,IDEALPRO-001,MARGIN,,[],False,{}
100000.00,0.00,100000.00,EUR,IDEALPRO-001,MARGIN,,[],False,{}
100000.19,0.00,100000.19,USD,IDEALPRO-001,MARGIN,,[],False,{}
100000.00,0.00,100000.00,EUR,IDEALPRO-001,MARGIN,,[],False,{}
100000.19,2.33,99997.86,USD,IDEALPRO-001,MARGIN,,"[{'type': 'MarginBalance', 'initial': '0.00', 'maintenance': '2.33', 'currency': 'USD', 'instrument_id': 'EUR/USD.IDEALPRO'}]",False,{}
100000.00,0.00,100000.00,EUR,IDEALPRO-001,MARGIN,,"[{'type': 'MarginBalance', 'initial': '0.00', 'maintenance': '2.33', 'currency': 'USD', 'instrument_id': 'EUR/USD.IDEALPRO'}]",False,{}
100000.19,2.33,99997.86,USD,IDEALPRO-001,MARGIN,,"[{'type': 'MarginBalance', 'initial': '0.00', 'maintenance': '2.33', 'currency': 'USD', 'instrument_id': 'EUR/USD.IDEALPRO'}]",False,{}
100000.00,0.00,100000.00,EUR,IDEALPRO-001,MARGIN,,"[{'type': 'MarginBalance', 'initial': '0.00', 'maintenance': '2.33', 'currency': 'USD', 'instrument_id': 'EUR/USD.IDEALPRO'}]",False,{}
100000.19,2.33,99997.86,USD,IDEALPRO-001,MARGIN,,"[{'type': 'MarginBalance', 'initial': '0.00', 'maintenance': '2.33', 'currency': 'USD', 'instrument_id': 'EUR/USD.IDEALPRO'}]",False,{}
100000.00,0.00,100000.00,EUR,IDEALPRO-001,MARGIN,,"[{'type': 'MarginBalance', 'initial': '0.00', 'maintenance': '2.33', 'currency': 'USD', 'instrument_id': 'EUR/USD.IDEALPRO'}]",False,{}
100000.19,2.33,99997.86,USD,IDEALPRO-001,MARGIN,,"[{'type': 'MarginBalance', 'initial': '0.00', 'maintenance': '2.33', 'currency': 'USD', 'instrument_id': 'EUR/USD.IDEALPRO'}]",False,{}
100000.00,0.00,100000.00,EUR,IDEALPRO-001,MARGIN,,"[{'type': 'MarginBalance', 'initial': '0.00', 'maintenance': '2.33', 'currency': 'USD', 'instrument_id': 'EUR/USD.IDEALPRO'}]",False,{}
100000.17,0.00,100000.17,USD,IDEALPRO-001,MARGIN,,[],False,{}
100000.00,0.00,100000.00,EUR,IDEALPRO-001,MARGIN,,[],False,{}
100000.17,0.00,100000.17,USD,IDEALPRO-001,MARGIN,,[],False,{}
100000.00,0.00,100000.00,EUR,IDEALPRO-001,MARGIN,,[],False,{}
100000.17,0.00,100000.17,USD,IDEALPRO-001,MARGIN,,[],False,{}
100000.00,0.00,100000.00,EUR,IDEALPRO-001,MARGIN,,[],False,{}
100000.17,0.00,100000.17,USD,IDEALPRO-001,MARGIN,,[],False,{}
100000.00,0.00,100000.00,EUR,IDEALPRO-001,MARGIN,,[],False,{}
100000.17,0.00,100000.17,USD,IDEALPRO-001,MARGIN,,[],False,{}
100000.00,0.00,100000.00,EUR,IDEALPRO-001,MARGIN,,[],False,{}
100000.17,0.00,100000.17,USD,IDEALPRO-001,MARGIN,,[],False,{}
100000.00,0.00,100000.00,EUR,IDEALPRO-001,MARGIN,,[],False,{}
100000.17,2.33,99997.84,USD,IDEALPRO-001,MARGIN,,"[{'type': 'MarginBalance', 'initial': '0.00', 'maintenance': '2.33', 'currency': 'USD', 'instrument_id': 'EUR/USD.IDEALPRO'}]",False,{}
100000.00,0.00,100000.00,EUR,IDEALPRO-001,MARGIN,,"[{'type': 'MarginBalance', 'initial': '0.00', 'maintenance': '2.33', 'currency': 'USD', 'instrument_id': 'EUR/USD.IDEALPRO'}]",False,{}
100000.17,2.33,99997.84,USD,IDEALPRO-001,MARGIN,,"[{'type': 'MarginBalance', 'initial': '0.00', 'maintenance': '2.33', 'currency': 'USD', 'instrument_id': 'EUR/USD.IDEALPRO'}]",False,{}
100000.00,0.00,100000.00,EUR,IDEALPRO-001,MARGIN,,"[{'type': 'MarginBalance', 'initial': '0.00', 'maintenance': '2.33', 'currency': 'USD', 'instrument_id': 'EUR/USD.IDEALPRO'}]",False,{}
100000.17,2.33,99997.84,USD,IDEALPRO-001,MARGIN,,"[{'type': 'MarginBalance', 'initial': '0.00', 'maintenance': '2.33', 'currency': 'USD', 'instrument_id': 'EUR/USD.IDEALPRO'}]",False,{}
100000.00,0.00,100000.00,EUR,IDEALPRO-001,MARGIN,,"[{'type': 'MarginBalance', 'initial': '0.00', 'maintenance': '2.33', 'currency': 'USD', 'instrument_id': 'EUR/USD.IDEALPRO'}]",False,{}
100000.17,2.33,99997.84,USD,IDEALPRO-001,MARGIN,,"[{'type': 'MarginBalance', 'initial': '0.00', 'maintenance': '2.33', 'currency': 'USD', 'instrument_id': 'EUR/USD.IDEALPRO'}]",False,{}
100000.00,0.00,100000.00,EUR,IDEALPRO-001,MARGIN,,"[{'type': 'MarginBalance', 'initial': '0.00', 'maintenance': '2.33', 'currency': 'USD', 'instrument_id': 'EUR/USD.IDEALPRO'}]",False,{}
100000.12,0.00,100000.12,USD,IDEALPRO-001,MARGIN,,[],False,{}
100000.00,0.00,100000.00,EUR,IDEALPRO-001,MARGIN,,[],False,{}
100000.12,0.00,100000.12,USD,IDEALPRO-001,MARGIN,,[],False,{}
100000.00,0.00,100000.00,EUR,IDEALPRO-001,MARGIN,,[],False,{}
100000.12,0.00,100000.12,USD,IDEALPRO-001,MARGIN,,[],False,{}
100000.00,0.00,100000.00,EUR,IDEALPRO-001,MARGIN,,[],False,{}
100000.12,0.00,100000.12,USD,IDEALPRO-001,MARGIN,,[],False,{}
100000.00,0.00,100000.00,EUR,IDEALPRO-001,MARGIN,,[],False,{}
100000.12,0.00,100000.12,USD,IDEALPRO-001,MARGIN,,[],False,{}
100000.00,0.00,100000.00,EUR,IDEALPRO-001,MARGIN,,[],False,{}
100000.12,0.00,100000.12,USD,IDEALPRO-001,MARGIN,,[],False,{}
100000.00,0.00,100000.00,EUR,IDEALPRO-001,MARGIN,,[],False,{}
100000.12,2.33,99997.79,USD,IDEALPRO-001,MARGIN,,"[{'type': 'MarginBalance', 'initial': '0.00', 'maintenance': '2.33', 'currency': 'USD', 'instrument_id': 'EUR/USD.IDEALPRO'}]",False,{}
100000.00,0.00,100000.00,EUR,IDEALPRO-001,MARGIN,,"[{'type': 'MarginBalance', 'initial': '0.00', 'maintenance': '2.33', 'currency': 'USD', 'instrument_id': 'EUR/USD.IDEALPRO'}]",False,{}
100000.12,2.33,99997.79,USD,IDEALPRO-001,MARGIN,,"[{'type': 'MarginBalance', 'initial': '0.00', 'maintenance': '2.33', 'currency': 'USD', 'instrument_id': 'EUR/USD.IDEALPRO'}]",False,{}
100000.00,0.00,100000.00,EUR,IDEALPRO-001,MARGIN,,"[{'type': 'MarginBalance', 'initial': '0.00', 'maintenance': '2.33', 'currency': 'USD', 'instrument_id': 'EUR/USD.IDEALPRO'}]",False,{}
100000.12,2.33,99997.79,USD,IDEALPRO-001,MARGIN,,"[{'type': 'MarginBalance', 'initial': '0.00', 'maintenance': '2.33', 'currency': 'USD', 'instrument_id': 'EUR/USD.IDEALPRO'}]",False,{}
100000.00,0.00,100000.00,EUR,IDEALPRO-001,MARGIN,,"[{'type': 'MarginBalance', 'initial': '0.00', 'maintenance': '2.33', 'currency': 'USD', 'instrument_id': 'EUR/USD.IDEALPRO'}]",False,{}
100000.06,0.00,100000.06,USD,IDEALPRO-001,MARGIN,,[],False,{}
100000.00,0.00,100000.00,EUR,IDEALPRO-001,MARGIN,,[],False,{}
100000.06,0.00,100000.06,USD,IDEALPRO-001,MARGIN,,[],False,{}
100000.00,0.00,100000.00,EUR,IDEALPRO-001,MARGIN,,[],False,{}
100000.06,0.00,100000.06,USD,IDEALPRO-001,MARGIN,,[],False,{}
100000.00,0.00,100000.00,EUR,IDEALPRO-001,MARGIN,,[],False,{}
100000.06,0.00,100000.06,USD,IDEALPRO-001,MARGIN,,[],False,{}
100000.00,0.00,100000.00,EUR,IDEALPRO-001,MARGIN,,[],False,{}
100000.06,0.00,100000.06,USD,IDEALPRO-001,MARGIN,,[],False,{}
100000.00,0.00,100000.00,EUR,IDEALPRO-001,MARGIN,,[],False,{}
100000.06,2.33,99997.73,USD,IDEALPRO-001,MARGIN,,"[{'type': 'MarginBalance', 'initial': '0.00', 'maintenance': '2.33', 'currency': 'USD', 'instrument_id': 'EUR/USD.IDEALPRO'}]",False,{}
100000.00,0.00,100000.00,EUR,IDEALPRO-001,MARGIN,,"[{'type': 'MarginBalance', 'initial': '0.00', 'maintenance': '2.33', 'currency': 'USD', 'instrument_id': 'EUR/USD.IDEALPRO'}]",False,{}
100000.06,2.33,99997.73,USD,IDEALPRO-001,MARGIN,,"[{'type': 'MarginBalance', 'initial': '0.00', 'maintenance': '2.33', 'currency': 'USD', 'instrument_id': 'EUR/USD.IDEALPRO'}]",False,{}
100000.00,0.00,100000.00,EUR,IDEALPRO-001,MARGIN,,"[{'type': 'MarginBalance', 'initial': '0.00', 'maintenance': '2.33', 'currency': 'USD', 'instrument_id': 'EUR/USD.IDEALPRO'}]",False,{}
100000.06,2.33,99997.73,USD,IDEALPRO-001,MARGIN,,"[{'type': 'MarginBalance', 'initial': '0.00', 'maintenance': '2.33', 'currency': 'USD', 'instrument_id': 'EUR/USD.IDEALPRO'}]",False,{}
100000.00,0.00,100000.00,EUR,IDEALPRO-001,MARGIN,,"[{'type': 'MarginBalance', 'initial': '0.00', 'maintenance': '2.33', 'currency': 'USD', 'instrument_id': 'EUR/USD.IDEALPRO'}]",False,{}
100000.06,2.33,99997.73,USD,IDEALPRO-001,MARGIN,,"[{'type': 'MarginBalance', 'initial': '0.00', 'maintenance': '2.33', 'currency': 'USD', 'instrument_id': 'EUR/USD.IDEALPRO'}]",False,{}
100000.00,0.00,100000.00,EUR,IDEALPRO-001,MARGIN,,"[{'type': 'MarginBalance', 'initial': '0.00', 'maintenance': '2.33', 'currency': 'USD', 'instrument_id': 'EUR/USD.IDEALPRO'}]",False,{}
100000.08,0.00,100000.08,USD,IDEALPRO-001,MARGIN,,[],False,{}
100000.00,0.00,100000.00,EUR,IDEALPRO-001,MARGIN,,[],False,{}
100000.08,0.00,100000.08,USD,IDEALPRO-001,MARGIN,,[],False,{}
100000.00,0.00,100000.00,EUR,IDEALPRO-001,MARGIN,,[],False,{}
100000.08,0.00,100000.08,USD,IDEALPRO-001,MARGIN,,[],False,{}
100000.00,0.00,100000.00,EUR,IDEALPRO-001,MARGIN,,[],False,{}
100000.08,0.00,100000.08,USD,IDEALPRO-001,MARGIN,,[],False,{}
100000.00,0.00,100000.00,EUR,IDEALPRO-001,MARGIN,,[],False,{}
100000.08,0.00,100000.08,USD,IDEALPRO-001,MARGIN,,[],False,{}
100000.00,0.00,100000.00,EUR,IDEALPRO-001,MARGIN,,[],False,{}
100000.08,0.00,100000.08,USD,IDEALPRO-001,MARGIN,,[],False,{}
100000.00,0.00,100000.00,EUR,IDEALPRO-001,MARGIN,,[],False,{}
100000.08,2.33,99997.75,USD,IDEALPRO-001,MARGIN,,"[{'type': 'MarginBalance', 'initial': '0.00', 'maintenance': '2.33', 'currency': 'USD', 'instrument_id': 'EUR/USD.IDEALPRO'}]",False,{}
100000.00,0.00,100000.00,EUR,IDEALPRO-001,MARGIN,,"[{'type': 'MarginBalance', 'initial': '0.00', 'maintenance': '2.33', 'currency': 'USD', 'instrument_id': 'EUR/USD.IDEALPRO'}]",False,{}
100000.08,2.33,99997.75,USD,IDEALPRO-001,MARGIN,,"[{'type': 'MarginBalance', 'initial': '0.00', 'maintenance': '2.33', 'currency': 'USD', 'instrument_id': 'EUR/USD.IDEALPRO'}]",False,{}
100000.00,0.00,100000.00,EUR,IDEALPRO-001,MARGIN,,"[{'type': 'MarginBalance', 'initial': '0.00', 'maintenance': '2.33', 'currency': 'USD', 'instrument_id': 'EUR/USD.IDEALPRO'}]",False,{}
100000.08,2.33,99997.75,USD,IDEALPRO-001,MARGIN,,"[{'type': 'MarginBalance', 'initial': '0.00', 'maintenance': '2.33', 'currency': 'USD', 'instrument_id': 'EUR/USD.IDEALPRO'}]",False,{}
100000.00,0.00,100000.00,EUR,IDEALPRO-001,MARGIN,,"[{'type': 'MarginBalance', 'initial': '0.00', 'maintenance': '2.33', 'currency': 'USD', 'instrument_id': 'EUR/USD.IDEALPRO'}]",False,{}
100000.08,2.33,99997.75,USD,IDEALPRO-001,MARGIN,,"[{'type': 'MarginBalance', 'initial': '0.00', 'maintenance': '2.33', 'currency': 'USD', 'instrument_id': 'EUR/USD.IDEALPRO'}]",False,{}
100000.00,0.00,100000.00,EUR,IDEALPRO-001,MARGIN,,"[{'type': 'MarginBalance', 'initial': '0.00', 'maintenance': '2.33', 'currency': 'USD', 'instrument_id': 'EUR/USD.IDEALPRO'}]",False,{}
100000.13,0.00,100000.13,USD,IDEALPRO-001,MARGIN,,[],False,{}
100000.00,0.00,100000.00,EUR,IDEALPRO-001,MARGIN,,[],False,{}
100000.13,0.00,100000.13,USD,IDEALPRO-001,MARGIN,,[],False,{}
100000.00,0.00,100000.00,EUR,IDEALPRO-001,MARGIN,,[],False,{}
100000.13,0.00,100000.13,USD,IDEALPRO-001,MARGIN,,[],False,{}
100000.00,0.00,100000.00,EUR,IDEALPRO-001,MARGIN,,[],False,{}
100000.13,0.00,100000.13,USD,IDEALPRO-001,MARGIN,,[],False,{}
100000.00,0.00,100000.00,EUR,IDEALPRO-001,MARGIN,,[],False,{}
100000.13,0.00,100000.13,USD,IDEALPRO-001,MARGIN,,[],False,{}
100000.00,0.00,100000.00,EUR,IDEALPRO-001,MARGIN,,[],False,{}
100000.13,0.00,100000.13,USD,IDEALPRO-001,MARGIN,,[],False,{}
100000.00,0.00,100000.00,EUR,IDEALPRO-001,MARGIN,,[],False,{}
100000.13,2.33,99997.80,USD,IDEALPRO-001,MARGIN,,"[{'type': 'MarginBalance', 'initial': '0.00', 'maintenance': '2.33', 'currency': 'USD', 'instrument_id': 'EUR/USD.IDEALPRO'}]",False,{}
100000.00,0.00,100000.00,EUR,IDEALPRO-001,MARGIN,,"[{'type': 'MarginBalance', 'initial': '0.00', 'maintenance': '2.33', 'currency': 'USD', 'instrument_id': 'EUR/USD.IDEALPRO'}]",False,{}
100000.13,2.33,99997.80,USD,IDEALPRO-001,MARGIN,,"[{'type': 'MarginBalance', 'initial': '0.00', 'maintenance': '2.33', 'currency': 'USD', 'instrument_id': 'EUR/USD.IDEALPRO'}]",False,{}
100000.00,0.00,100000.00,EUR,IDEALPRO-001,MARGIN,,"[{'type': 'MarginBalance', 'initial': '0.00', 'maintenance': '2.33', 'currency': 'USD', 'instrument_id': 'EUR/USD.IDEALPRO'}]",False,{}
100000.13,2.33,99997.80,USD,IDEALPRO-001,MARGIN,,"[{'type': 'MarginBalance', 'initial': '0.00', 'maintenance': '2.33', 'currency': 'USD', 'instrument_id': 'EUR/USD.IDEALPRO'}]",False,{}
100000.00,0.00,100000.00,EUR,IDEALPRO-001,MARGIN,,"[{'type': 'MarginBalance', 'initial': '0.00', 'maintenance': '2.33', 'currency': 'USD', 'instrument_id': 'EUR/USD.IDEALPRO'}]",False,{}
100000.07,0.00,100000.07,USD,IDEALPRO-001,MARGIN,,[],False,{}
100000.00,0.00,100000.00,EUR,IDEALPRO-001,MARGIN,,[],False,{}
100000.07,0.00,100000.07,USD,IDEALPRO-001,MARGIN,,[],False,{}
100000.00,0.00,100000.00,EUR,IDEALPRO-001,MARGIN,,[],False,{}
100000.07,0.00,100000.07,USD,IDEALPRO-001,MARGIN,,[],False,{}
100000.00,0.00,100000.00,EUR,IDEALPRO-001,MARGIN,,[],False,{}
100000.07,0.00,100000.07,USD,IDEALPRO-001,MARGIN,,[],False,{}
100000.00,0.00,100000.00,EUR,IDEALPRO-001,MARGIN,,[],False,{}
100000.07,0.00,100000.07,USD,IDEALPRO-001,MARGIN,,[],False,{}
100000.00,0.00,100000.00,EUR,IDEALPRO-001,MARGIN,,[],False,{}
100000.07,2.33,99997.74,USD,IDEALPRO-001,MARGIN,,"[{'type': 'MarginBalance', 'initial': '0.00', 'maintenance': '2.33', 'currency': 'USD', 'instrument_id': 'EUR/USD.IDEALPRO'}]",False,{}
100000.00,0.00,100000.00,EUR,IDEALPRO-001,MARGIN,,"[{'type': 'MarginBalance', 'initial': '0.00', 'maintenance': '2.33', 'currency': 'USD', 'instrument_id': 'EUR/USD.IDEALPRO'}]",False,{}
100000.07,2.33,99997.74,USD,IDEALPRO-001,MARGIN,,"[{'type': 'MarginBalance', 'initial': '0.00', 'maintenance': '2.33', 'currency': 'USD', 'instrument_id': 'EUR/USD.IDEALPRO'}]",False,{}
100000.00,0.00,100000.00,EUR,IDEALPRO-001,MARGIN,,"[{'type': 'MarginBalance', 'initial': '0.00', 'maintenance': '2.33', 'currency': 'USD', 'instrument_id': 'EUR/USD.IDEALPRO'}]",False,{}
100000.07,2.33,99997.74,USD,IDEALPRO-001,MARGIN,,"[{'type': 'MarginBalance', 'initial': '0.00', 'maintenance': '2.33', 'currency': 'USD', 'instrument_id': 'EUR/USD.IDEALPRO'}]",False,{}
100000.00,0.00,100000.00,EUR,IDEALPRO-001,MARGIN,,"[{'type': 'MarginBalance', 'initial': '0.00', 'maintenance': '2.33', 'currency': 'USD', 'instrument_id': 'EUR/USD.IDEALPRO'}]",False,{}
100000.07,2.33,99997.74,USD,IDEALPRO-001,MARGIN,,"[{'type': 'MarginBalance', 'initial': '0.00', 'maintenance': '2.33', 'currency': 'USD', 'instrument_id': 'EUR/USD.IDEALPRO'}]",False,{}
100000.00,0.00,100000.00,EUR,IDEALPRO-001,MARGIN,,"[{'type': 'MarginBalance', 'initial': '0.00', 'maintenance': '2.33', 'currency': 'USD', 'instrument_id': 'EUR/USD.IDEALPRO'}]",False,{}
100000.11,0.00,100000.11,USD,IDEALPRO-001,MARGIN,,[],False,{}
100000.00,0.00,100000.00,EUR,IDEALPRO-001,MARGIN,,[],False,{}
100000.11,0.00,100000.11,USD,IDEALPRO-001,MARGIN,,[],False,{}
100000.00,0.00,100000.00,EUR,IDEALPRO-001,MARGIN,,[],False,{}
100000.11,0.00,100000.11,USD,IDEALPRO-001,MARGIN,,[],False,{}
100000.00,0.00,100000.00,EUR,IDEALPRO-001,MARGIN,,[],False,{}
100000.11,0.00,100000.11,USD,IDEALPRO-001,MARGIN,,[],False,{}
100000.00,0.00,100000.00,EUR,IDEALPRO-001,MARGIN,,[],False,{}
100000.11,0.00,100000.11,USD,IDEALPRO-001,MARGIN,,[],False,{}
100000.00,0.00,100000.00,EUR,IDEALPRO-001,MARGIN,,[],False,{}
100000.11,0.00,100000.11,USD,IDEALPRO-001,MARGIN,,[],False,{}
100000.00,0.00,100000.00,EUR,IDEALPRO-001,MARGIN,,[],False,{}
100000.11,2.33,99997.78,USD,IDEALPRO-001,MARGIN,,"[{'type': 'MarginBalance', 'initial': '0.00', 'maintenance': '2.33', 'currency': 'USD', 'instrument_id': 'EUR/USD.IDEALPRO'}]",False,{}
100000.00,0.00,100000.00,EUR,IDEALPRO-001,MARGIN,,"[{'type': 'MarginBalance', 'initial': '0.00', 'maintenance': '2.33', 'currency': 'USD', 'instrument_id': 'EUR/USD.IDEALPRO'}]",False,{}
100000.11,2.33,99997.78,USD,IDEALPRO-001,MARGIN,,"[{'type': 'MarginBalance', 'initial': '0.00', 'maintenance': '2.33', 'currency': 'USD', 'instrument_id': 'EUR/USD.IDEALPRO'}]",False,{}
100000.00,0.00,100000.00,EUR,IDEALPRO-001,MARGIN,,"[{'type': 'MarginBalance', 'initial': '0.00', 'maintenance': '2.33', 'currency': 'USD', 'instrument_id': 'EUR/USD.IDEALPRO'}]",False,{}
100000.11,2.33,99997.78,USD,IDEALPRO-001,MARGIN,,"[{'type': 'MarginBalance', 'initial': '0.00', 'maintenance': '2.33', 'currency': 'USD', 'instrument_id': 'EUR/USD.IDEALPRO'}]",False,{}
100000.00,0.00,100000.00,EUR,IDEALPRO-001,MARGIN,,"[{'type': 'MarginBalance', 'initial': '0.00', 'maintenance': '2.33', 'currency': 'USD', 'instrument_id': 'EUR/USD.IDEALPRO'}]",False,{}
100000.11,2.33,99997.78,USD,IDEALPRO-001,MARGIN,,"[{'type': 'MarginBalance', 'initial': '0.00', 'maintenance': '2.33', 'currency': 'USD', 'instrument_id': 'EUR/USD.IDEALPRO'}]",False,{}
100000.00,0.00,100000.00,EUR,IDEALPRO-001,MARGIN,,"[{'type': 'MarginBalance', 'initial': '0.00', 'maintenance': '2.33', 'currency': 'USD', 'instrument_id': 'EUR/USD.IDEALPRO'}]",False,{}
100000.08,0.00,100000.08,USD,IDEALPRO-001,MARGIN,,[],False,{}
100000.00,0.00,100000.00,EUR,IDEALPRO-001,MARGIN,,[],False,{}
100000.08,0.00,100000.08,USD,IDEALPRO-001,MARGIN,,[],False,{}
100000.00,0.00,100000.00,EUR,IDEALPRO-001,MARGIN,,[],False,{}
100000.08,0.00,100000.08,USD,IDEALPRO-001,MARGIN,,[],False,{}
100000.00,0.00,100000.00,EUR,IDEALPRO-001,MARGIN,,[],False,{}
100000.08,0.00,100000.08,USD,IDEALPRO-001,MARGIN,,[],False,{}
100000.00,0.00,100000.00,EUR,IDEALPRO-001,MARGIN,,[],False,{}
100000.08,0.00,100000.08,USD,IDEALPRO-001,MARGIN,,[],False,{}
100000.00,0.00,100000.00,EUR,IDEALPRO-001,MARGIN,,[],False,{}
100000.08,0.00,100000.08,USD,IDEALPRO-001,MARGIN,,[],False,{}
100000.00,0.00,100000.00,EUR,IDEALPRO-001,MARGIN,,[],False,{}
100000.08,2.33,99997.75,USD,IDEALPRO-001,MARGIN,,"[{'type': 'MarginBalance', 'initial': '0.00', 'maintenance': '2.33', 'currency': 'USD', 'instrument_id': 'EUR/USD.IDEALPRO'}]",False,{}
100000.00,0.00,100000.00,EUR,IDEALPRO-001,MARGIN,,"[{'type': 'MarginBalance', 'initial': '0.00', 'maintenance': '2.33', 'currency': 'USD', 'instrument_id': 'EUR/USD.IDEALPRO'}]",False,{}
100000.08,2.33,99997.75,USD,IDEALPRO-001,MARGIN,,"[{'type': 'MarginBalance', 'initial': '0.00', 'maintenance': '2.33', 'currency': 'USD', 'instrument_id': 'EUR/USD.IDEALPRO'}]",False,{}
100000.00,0.00,100000.00,EUR,IDEALPRO-001,MARGIN,,"[{'type': 'MarginBalance', 'initial': '0.00', 'maintenance': '2.33', 'currency': 'USD', 'instrument_id': 'EUR/USD.IDEALPRO'}]",False,{}
100000.08,2.33,99997.75,USD,IDEALPRO-001,MARGIN,,"[{'type': 'MarginBalance', 'initial': '0.00', 'maintenance': '2.33', 'currency': 'USD', 'instrument_id': 'EUR/USD.IDEALPRO'}]",False,{}
100000.00,0.00,100000.00,EUR,IDEALPRO-001,MARGIN,,"[{'type': 'MarginBalance', 'initial': '0.00', 'maintenance': '2.33', 'currency': 'USD', 'instrument_id': 'EUR/USD.IDEALPRO'}]",False,{}
100000.08,2.33,99997.75,USD,IDEALPRO-001,MARGIN,,"[{'type': 'MarginBalance', 'initial': '0.00', 'maintenance': '2.33', 'currency': 'USD', 'instrument_id': 'EUR/USD.IDEALPRO'}]",False,{}
100000.00,0.00,100000.00,EUR,IDEALPRO-001,MARGIN,,"[{'type': 'MarginBalance', 'initial': '0.00', 'maintenance': '2.33', 'currency': 'USD', 'instrument_id': 'EUR/USD.IDEALPRO'}]",False,{}
100000.06,0.00,100000.06,USD,IDEALPRO-001,MARGIN,,[],False,{}
100000.00,0.00,100000.00,EUR,IDEALPRO-001,MARGIN,,[],False,{}
100000.06,0.00,100000.06,USD,IDEALPRO-001,MARGIN,,[],False,{}
100000.00,0.00,100000.00,EUR,IDEALPRO-001,MARGIN,,[],False,{}
100000.06,0.00,100000.06,USD,IDEALPRO-001,MARGIN,,[],False,{}
100000.00,0.00,100000.00,EUR,IDEALPRO-001,MARGIN,,[],False,{}
100000.06,0.00,100000.06,USD,IDEALPRO-001,MARGIN,,[],False,{}
100000.00,0.00,100000.00,EUR,IDEALPRO-001,MARGIN,,[],False,{}
100000.06,0.00,100000.06,USD,IDEALPRO-001,MARGIN,,[],False,{}
100000.00,0.00,100000.00,EUR,IDEALPRO-001,MARGIN,,[],False,{}
100000.06,0.00,100000.06,USD,IDEALPRO-001,MARGIN,,[],False,{}
100000.00,0.00,100000.00,EUR,IDEALPRO-001,MARGIN,,[],False,{}
100000.06,2.33,99997.73,USD,IDEALPRO-001,MARGIN,,"[{'type': 'MarginBalance', 'initial': '0.00', 'maintenance': '2.33', 'currency': 'USD', 'instrument_id': 'EUR/USD.IDEALPRO'}]",False,{}
100000.00,0.00,100000.00,EUR,IDEALPRO-001,MARGIN,,"[{'type': 'MarginBalance', 'initial': '0.00', 'maintenance': '2.33', 'currency': 'USD', 'instrument_id': 'EUR/USD.IDEALPRO'}]",False,{}
100000.06,2.33,99997.73,USD,IDEALPRO-001,MARGIN,,"[{'type': 'MarginBalance', 'initial': '0.00', 'maintenance': '2.33', 'currency': 'USD', 'instrument_id': 'EUR/USD.IDEALPRO'}]",False,{}
100000.00,0.00,100000.00,EUR,IDEALPRO-001,MARGIN,,"[{'type': 'MarginBalance', 'initial': '0.00', 'maintenance': '2.33', 'currency': 'USD', 'instrument_id': 'EUR/USD.IDEALPRO'}]",False,{}
100000.06,2.33,99997.73,USD,IDEALPRO-001,MARGIN,,"[{'type': 'MarginBalance', 'initial': '0.00', 'maintenance': '2.33', 'currency': 'USD', 'instrument_id': 'EUR/USD.IDEALPRO'}]",False,{}
100000.00,0.00,100000.00,EUR,IDEALPRO-001,MARGIN,,"[{'type': 'MarginBalance', 'initial': '0.00', 'maintenance': '2.33', 'currency': 'USD', 'instrument_id': 'EUR/USD.IDEALPRO'}]",False,{}
100000.06,2.33,99997.73,USD,IDEALPRO-001,MARGIN,,"[{'type': 'MarginBalance', 'initial': '0.00', 'maintenance': '2.33', 'currency': 'USD', 'instrument_id': 'EUR/USD.IDEALPRO'}]",False,{}
100000.00,0.00,100000.00,EUR,IDEALPRO-001,MARGIN,,"[{'type': 'MarginBalance', 'initial': '0.00', 'maintenance': '2.33', 'currency': 'USD', 'instrument_id': 'EUR/USD.IDEALPRO'}]",False,{}
100000.01,0.00,100000.01,USD,IDEALPRO-001,MARGIN,,[],False,{}
100000.00,0.00,100000.00,EUR,IDEALPRO-001,MARGIN,,[],False,{}
100000.01,0.00,100000.01,USD,IDEALPRO-001,MARGIN,,[],False,{}
100000.00,0.00,100000.00,EUR,IDEALPRO-001,MARGIN,,[],False,{}
100000.01,0.00,100000.01,USD,IDEALPRO-001,MARGIN,,[],False,{}
100000.00,0.00,100000.00,EUR,IDEALPRO-001,MARGIN,,[],False,{}
100000.01,0.00,100000.01,USD,IDEALPRO-001,MARGIN,,[],False,{}
100000.00,0.00,100000.00,EUR,IDEALPRO-001,MARGIN,,[],False,{}
100000.01,0.00,100000.01,USD,IDEALPRO-001,MARGIN,,[],False,{}
100000.00,0.00,100000.00,EUR,IDEALPRO-001,MARGIN,,[],False,{}
100000.01,0.00,100000.01,USD,IDEALPRO-001,MARGIN,,[],False,{}
100000.00,0.00,100000.00,EUR,IDEALPRO-001,MARGIN,,[],False,{}
100000.01,2.33,99997.68,USD,IDEALPRO-001,MARGIN,,"[{'type': 'MarginBalance', 'initial': '0.00', 'maintenance': '2.33', 'currency': 'USD', 'instrument_id': 'EUR/USD.IDEALPRO'}]",False,{}
100000.00,0.00,100000.00,EUR,IDEALPRO-001,MARGIN,,"[{'type': 'MarginBalance', 'initial': '0.00', 'maintenance': '2.33', 'currency': 'USD', 'instrument_id': 'EUR/USD.IDEALPRO'}]",False,{}
100000.01,2.33,99997.68,USD,IDEALPRO-001,MARGIN,,"[{'type': 'MarginBalance', 'initial': '0.00', 'maintenance': '2.33', 'currency': 'USD', 'instrument_id': 'EUR/USD.IDEALPRO'}]",False,{}
100000.00,0.00,100000.00,EUR,IDEALPRO-001,MARGIN,,"[{'type': 'MarginBalance', 'initial': '0.00', 'maintenance': '2.33', 'currency': 'USD', 'instrument_id': 'EUR/USD.IDEALPRO'}]",False,{}
100000.01,2.33,99997.68,USD,IDEALPRO-001,MARGIN,,"[{'type': 'MarginBalance', 'initial': '0.00', 'maintenance': '2.33', 'currency': 'USD', 'instrument_id': 'EUR/USD.IDEALPRO'}]",False,{}
100000.00,0.00,100000.00,EUR,IDEALPRO-001,MARGIN,,"[{'type': 'MarginBalance', 'initial': '0.00', 'maintenance': '2.33', 'currency': 'USD', 'instrument_id': 'EUR/USD.IDEALPRO'}]",False,{}
100000.01,2.33,99997.68,USD,IDEALPRO-001,MARGIN,,"[{'type': 'MarginBalance', 'initial': '0.00', 'maintenance': '2.33', 'currency': 'USD', 'instrument_id': 'EUR/USD.IDEALPRO'}]",False,{}
100000.00,0.00,100000.00,EUR,IDEALPRO-001,MARGIN,,"[{'type': 'MarginBalance', 'initial': '0.00', 'maintenance': '2.33', 'currency': 'USD', 'instrument_id': 'EUR/USD.IDEALPRO'}]",False,{}
100000.03,0.00,100000.03,USD,IDEALPRO-001,MARGIN,,[],False,{}
100000.00,0.00,100000.00,EUR,IDEALPRO-001,MARGIN,,[],False,{}
100000.03,0.00,100000.03,USD,IDEALPRO-001,MARGIN,,[],False,{}
100000.00,0.00,100000.00,EUR,IDEALPRO-001,MARGIN,,[],False,{}
100000.03,0.00,100000.03,USD,IDEALPRO-001,MARGIN,,[],False,{}
100000.00,0.00,100000.00,EUR,IDEALPRO-001,MARGIN,,[],False,{}
100000.03,0.00,100000.03,USD,IDEALPRO-001,MARGIN,,[],False,{}
100000.00,0.00,100000.00,EUR,IDEALPRO-001,MARGIN,,[],False,{}
100000.03,0.00,100000.03,USD,IDEALPRO-001,MARGIN,,[],False,{}
100000.00,0.00,100000.00,EUR,IDEALPRO-001,MARGIN,,[],False,{}
100000.03,0.00,100000.03,USD,IDEALPRO-001,MARGIN,,[],False,{}
100000.00,0.00,100000.00,EUR,IDEALPRO-001,MARGIN,,[],False,{}
100000.03,2.33,99997.70,USD,IDEALPRO-001,MARGIN,,"[{'type': 'MarginBalance', 'initial': '0.00', 'maintenance': '2.33', 'currency': 'USD', 'instrument_id': 'EUR/USD.IDEALPRO'}]",False,{}
100000.00,0.00,100000.00,EUR,IDEALPRO-001,MARGIN,,"[{'type': 'MarginBalance', 'initial': '0.00', 'maintenance': '2.33', 'currency': 'USD', 'instrument_id': 'EUR/USD.IDEALPRO'}]",False,{}
100000.03,2.33,99997.70,USD,IDEALPRO-001,MARGIN,,"[{'type': 'MarginBalance', 'initial': '0.00', 'maintenance': '2.33', 'currency': 'USD', 'instrument_id': 'EUR/USD.IDEALPRO'}]",False,{}
100000.00,0.00,100000.00,EUR,IDEALPRO-001,MARGIN,,"[{'type': 'MarginBalance', 'initial': '0.00', 'maintenance': '2.33', 'currency': 'USD', 'instrument_id': 'EUR/USD.IDEALPRO'}]",False,{}
100000.03,2.33,99997.70,USD,IDEALPRO-001,MARGIN,,"[{'type': 'MarginBalance', 'initial': '0.00', 'maintenance': '2.33', 'currency': 'USD', 'instrument_id': 'EUR/USD.IDEALPRO'}]",False,{}
100000.00,0.00,100000.00,EUR,IDEALPRO-001,MARGIN,,"[{'type': 'MarginBalance', 'initial': '0.00', 'maintenance': '2.33', 'currency': 'USD', 'instrument_id': 'EUR/USD.IDEALPRO'}]",False,{}
100000.03,2.33,99997.70,USD,IDEALPRO-001,MARGIN,,"[{'type': 'MarginBalance', 'initial': '0.00', 'maintenance': '2.33', 'currency': 'USD', 'instrument_id': 'EUR/USD.IDEALPRO'}]",False,{}
100000.00,0.00,100000.00,EUR,IDEALPRO-001,MARGIN,,"[{'type': 'MarginBalance', 'initial': '0.00', 'maintenance': '2.33', 'currency': 'USD', 'instrument_id': 'EUR/USD.IDEALPRO'}]",False,{}
99999.99,0.00,99999.99,USD,IDEALPRO-001,MARGIN,,[],False,{}
100000.00,0.00,100000.00,EUR,IDEALPRO-001,MARGIN,,[],False,{}
99999.99,0.00,99999.99,USD,IDEALPRO-001,MARGIN,,[],False,{}
100000.00,0.00,100000.00,EUR,IDEALPRO-001,MARGIN,,[],False,{}
99999.99,0.00,99999.99,USD,IDEALPRO-001,MARGIN,,[],False,{}
100000.00,0.00,100000.00,EUR,IDEALPRO-001,MARGIN,,[],False,{}
99999.99,0.00,99999.99,USD,IDEALPRO-001,MARGIN,,[],False,{}
100000.00,0.00,100000.00,EUR,IDEALPRO-001,MARGIN,,[],False,{}
99999.99,0.00,99999.99,USD,IDEALPRO-001,MARGIN,,[],False,{}
100000.00,0.00,100000.00,EUR,IDEALPRO-001,MARGIN,,[],False,{}
99999.99,0.00,99999.99,USD,IDEALPRO-001,MARGIN,,[],False,{}
100000.00,0.00,100000.00,EUR,IDEALPRO-001,MARGIN,,[],False,{}
99999.99,2.33,99997.66,USD,IDEALPRO-001,MARGIN,,"[{'type': 'MarginBalance', 'initial': '0.00', 'maintenance': '2.33', 'currency': 'USD', 'instrument_id': 'EUR/USD.IDEALPRO'}]",False,{}
100000.00,0.00,100000.00,EUR,IDEALPRO-001,MARGIN,,"[{'type': 'MarginBalance', 'initial': '0.00', 'maintenance': '2.33', 'currency': 'USD', 'instrument_id': 'EUR/USD.IDEALPRO'}]",False,{}
99999.99,2.33,99997.66,USD,IDEALPRO-001,MARGIN,,"[{'type': 'MarginBalance', 'initial': '0.00', 'maintenance': '2.33', 'currency': 'USD', 'instrument_id': 'EUR/USD.IDEALPRO'}]",False,{}
100000.00,0.00,100000.00,EUR,IDEALPRO-001,MARGIN,,"[{'type': 'MarginBalance', 'initial': '0.00', 'maintenance': '2.33', 'currency': 'USD', 'instrument_id': 'EUR/USD.IDEALPRO'}]",False,{}
99999.99,2.33,99997.66,USD,IDEALPRO-001,MARGIN,,"[{'type': 'MarginBalance', 'initial': '0.00', 'maintenance': '2.33', 'currency': 'USD', 'instrument_id': 'EUR/USD.IDEALPRO'}]",False,{}
100000.00,0.00,100000.00,EUR,IDEALPRO-001,MARGIN,,"[{'type': 'MarginBalance', 'initial': '0.00', 'maintenance': '2.33', 'currency': 'USD', 'instrument_id': 'EUR/USD.IDEALPRO'}]",False,{}
99999.99,2.33,99997.66,USD,IDEALPRO-001,MARGIN,,"[{'type': 'MarginBalance', 'initial': '0.00', 'maintenance': '2.33', 'currency': 'USD', 'instrument_id': 'EUR/USD.IDEALPRO'}]",False,{}
100000.00,0.00,100000.00,EUR,IDEALPRO-001,MARGIN,,"[{'type': 'MarginBalance', 'initial': '0.00', 'maintenance': '2.33', 'currency': 'USD', 'instrument_id': 'EUR/USD.IDEALPRO'}]",False,{}
99999.97,0.00,99999.97,USD,IDEALPRO-001,MARGIN,,[],False,{}
100000.00,0.00,100000.00,EUR,IDEALPRO-001,MARGIN,,[],False,{}
99999.97,0.00,99999.97,USD,IDEALPRO-001,MARGIN,,[],False,{}
100000.00,0.00,100000.00,EUR,IDEALPRO-001,MARGIN,,[],False,{}
99999.97,0.00,99999.97,USD,IDEALPRO-001,MARGIN,,[],False,{}
100000.00,0.00,100000.00,EUR,IDEALPRO-001,MARGIN,,[],False,{}
99999.97,0.00,99999.97,USD,IDEALPRO-001,MARGIN,,[],False,{}
100000.00,0.00,100000.00,EUR,IDEALPRO-001,MARGIN,,[],False,{}
99999.97,0.00,99999.97,USD,IDEALPRO-001,MARGIN,,[],False,{}
100000.00,0.00,100000.00,EUR,IDEALPRO-001,MARGIN,,[],False,{}
99999.97,0.00,99999.97,USD,IDEALPRO-001,MARGIN,,[],False,{}
100000.00,0.00,100000.00,EUR,IDEALPRO-001,MARGIN,,[],False,{}
99999.97,2.33,99997.64,USD,IDEALPRO-001,MARGIN,,"[{'type': 'MarginBalance', 'initial': '0.00', 'maintenance': '2.33', 'currency': 'USD', 'instrument_id': 'EUR/USD.IDEALPRO'}]",False,{}
100000.00,0.00,100000.00,EUR,IDEALPRO-001,MARGIN,,"[{'type': 'MarginBalance', 'initial': '0.00', 'maintenance': '2.33', 'currency': 'USD', 'instrument_id': 'EUR/USD.IDEALPRO'}]",False,{}
99999.97,2.33,99997.64,USD,IDEALPRO-001,MARGIN,,"[{'type': 'MarginBalance', 'initial': '0.00', 'maintenance': '2.33', 'currency': 'USD', 'instrument_id': 'EUR/USD.IDEALPRO'}]",False,{}
100000.00,0.00,100000.00,EUR,IDEALPRO-001,MARGIN,,"[{'type': 'MarginBalance', 'initial': '0.00', 'maintenance': '2.33', 'currency': 'USD', 'instrument_id': 'EUR/USD.IDEALPRO'}]",False,{}
99999.97,2.33,99997.64,USD,IDEALPRO-001,MARGIN,,"[{'type': 'MarginBalance', 'initial': '0.00', 'maintenance': '2.33', 'currency': 'USD', 'instrument_id': 'EUR/USD.IDEALPRO'}]",False,{}
100000.00,0.00,100000.00,EUR,IDEALPRO-001,MARGIN,,"[{'type': 'MarginBalance', 'initial': '0.00', 'maintenance': '2.33', 'currency': 'USD', 'instrument_id': 'EUR/USD.IDEALPRO'}]",False,{}
99999.97,2.33,99997.64,USD,IDEALPRO-001,MARGIN,,"[{'type': 'MarginBalance', 'initial': '0.00', 'maintenance': '2.33', 'currency': 'USD', 'instrument_id': 'EUR/USD.IDEALPRO'}]",False,{}
100000.00,0.00,100000.00,EUR,IDEALPRO-001,MARGIN,,"[{'type': 'MarginBalance', 'initial': '0.00', 'maintenance': '2.33', 'currency': 'USD', 'instrument_id': 'EUR/USD.IDEALPRO'}]",False,{}
99999.94,0.00,99999.94,USD,IDEALPRO-001,MARGIN,,[],False,{}
100000.00,0.00,100000.00,EUR,IDEALPRO-001,MARGIN,,[],False,{}
99999.94,0.00,99999.94,USD,IDEALPRO-001,MARGIN,,[],False,{}
100000.00,0.00,100000.00,EUR,IDEALPRO-001,MARGIN,,[],False,{}
99999.94,0.00,99999.94,USD,IDEALPRO-001,MARGIN,,[],False,{}
100000.00,0.00,100000.00,EUR,IDEALPRO-001,MARGIN,,[],False,{}
99999.94,0.00,99999.94,USD,IDEALPRO-001,MARGIN,,[],False,{}
100000.00,0.00,100000.00,EUR,IDEALPRO-001,MARGIN,,[],False,{}
99999.94,0.00,99999.94,USD,IDEALPRO-001,MARGIN,,[],False,{}
100000.00,0.00,100000.00,EUR,IDEALPRO-001,MARGIN,,[],False,{}
99999.94,0.00,99999.94,USD,IDEALPRO-001,MARGIN,,[],False,{}
100000.00,0.00,100000.00,EUR,IDEALPRO-001,MARGIN,,[],False,{}
99999.94,2.33,99997.61,USD,IDEALPRO-001,MARGIN,,"[{'type': 'MarginBalance', 'initial': '0.00', 'maintenance': '2.33', 'currency': 'USD', 'instrument_id': 'EUR/USD.IDEALPRO'}]",False,{}
100000.00,0.00,100000.00,EUR,IDEALPRO-001,MARGIN,,"[{'type': 'MarginBalance', 'initial': '0.00', 'maintenance': '2.33', 'currency': 'USD', 'instrument_id': 'EUR/USD.IDEALPRO'}]",False,{}
99999.94,2.33,99997.61,USD,IDEALPRO-001,MARGIN,,"[{'type': 'MarginBalance', 'initial': '0.00', 'maintenance': '2.33', 'currency': 'USD', 'instrument_id': 'EUR/USD.IDEALPRO'}]",False,{}
100000.00,0.00,100000.00,EUR,IDEALPRO-001,MARGIN,,"[{'type': 'MarginBalance', 'initial': '0.00', 'maintenance': '2.33', 'currency': 'USD', 'instrument_id': 'EUR/USD.IDEALPRO'}]",False,{}
99999.94,2.33,99997.61,USD,IDEALPRO-001,MARGIN,,"[{'type': 'MarginBalance', 'initial': '0.00', 'maintenance': '2.33', 'currency': 'USD', 'instrument_id': 'EUR/USD.IDEALPRO'}]",False,{}
100000.00,0.00,100000.00,EUR,IDEALPRO-001,MARGIN,,"[{'type': 'MarginBalance', 'initial': '0.00', 'maintenance': '2.33', 'currency': 'USD', 'instrument_id': 'EUR/USD.IDEALPRO'}]",False,{}
99999.94,2.33,99997.61,USD,IDEALPRO-001,MARGIN,,"[{'type': 'MarginBalance', 'initial': '0.00', 'maintenance': '2.33', 'currency': 'USD', 'instrument_id': 'EUR/USD.IDEALPRO'}]",False,{}
100000.00,0.00,100000.00,EUR,IDEALPRO-001,MARGIN,,"[{'type': 'MarginBalance', 'initial': '0.00', 'maintenance': '2.33', 'currency': 'USD', 'instrument_id': 'EUR/USD.IDEALPRO'}]",False,{}
99999.92,0.00,99999.92,USD,IDEALPRO-001,MARGIN,,[],False,{}
100000.00,0.00,100000.00,EUR,IDEALPRO-001,MARGIN,,[],False,{}
99999.92,0.00,99999.92,USD,IDEALPRO-001,MARGIN,,[],False,{}
100000.00,0.00,100000.00,EUR,IDEALPRO-001,MARGIN,,[],False,{}
99999.92,0.00,99999.92,USD,IDEALPRO-001,MARGIN,,[],False,{}
100000.00,0.00,100000.00,EUR,IDEALPRO-001,MARGIN,,[],False,{}
99999.92,0.00,99999.92,USD,IDEALPRO-001,MARGIN,,[],False,{}
100000.00,0.00,100000.00,EUR,IDEALPRO-001,MARGIN,,[],False,{}
99999.92,0.00,99999.92,USD,IDEALPRO-001,MARGIN,,[],False,{}
100000.00,0.00,100000.00,EUR,IDEALPRO-001,MARGIN,,[],False,{}
99999.92,0.00,99999.92,USD,IDEALPRO-001,MARGIN,,[],False,{}
100000.00,0.00,100000.00,EUR,IDEALPRO-001,MARGIN,,[],False,{}
99999.92,2.33,99997.59,USD,IDEALPRO-001,MARGIN,,"[{'type': 'MarginBalance', 'initial': '0.00', 'maintenance': '2.33', 'currency': 'USD', 'instrument_id': 'EUR/USD.IDEALPRO'}]",False,{}
100000.00,0.00,100000.00,EUR,IDEALPRO-001,MARGIN,,"[{'type': 'MarginBalance', 'initial': '0.00', 'maintenance': '2.33', 'currency': 'USD', 'instrument_id': 'EUR/USD.IDEALPRO'}]",False,{}
99999.92,2.33,99997.59,USD,IDEALPRO-001,MARGIN,,"[{'type': 'MarginBalance', 'initial': '0.00', 'maintenance': '2.33', 'currency': 'USD', 'instrument_id': 'EUR/USD.IDEALPRO'}]",False,{}
100000.00,0.00,100000.00,EUR,IDEALPRO-001,MARGIN,,"[{'type': 'MarginBalance', 'initial': '0.00', 'maintenance': '2.33', 'currency': 'USD', 'instrument_id': 'EUR/USD.IDEALPRO'}]",False,{}
99999.92,2.33,99997.59,USD,IDEALPRO-001,MARGIN,,"[{'type': 'MarginBalance', 'initial': '0.00', 'maintenance': '2.33', 'currency': 'USD', 'instrument_id': 'EUR/USD.IDEALPRO'}]",False,{}
100000.00,0.00,100000.00,EUR,IDEALPRO-001,MARGIN,,"[{'type': 'MarginBalance', 'initial': '0.00', 'maintenance': '2.33', 'currency': 'USD', 'instrument_id': 'EUR/USD.IDEALPRO'}]",False,{}
99999.92,2.33,99997.59,USD,IDEALPRO-001,MARGIN,,"[{'type': 'MarginBalance', 'initial': '0.00', 'maintenance': '2.33', 'currency': 'USD', 'instrument_id': 'EUR/USD.IDEALPRO'}]",False,{}
100000.00,0.00,100000.00,EUR,IDEALPRO-001,MARGIN,,"[{'type': 'MarginBalance', 'initial': '0.00', 'maintenance': '2.33', 'currency': 'USD', 'instrument_id': 'EUR/USD.IDEALPRO'}]",False,{}
99999.90,0.00,99999.90,USD,IDEALPRO-001,MARGIN,,[],False,{}
100000.00,0.00,100000.00,EUR,IDEALPRO-001,MARGIN,,[],False,{}
99999.90,0.00,99999.90,USD,IDEALPRO-001,MARGIN,,[],False,{}
100000.00,0.00,100000.00,EUR,IDEALPRO-001,MARGIN,,[],False,{}
99999.90,0.00,99999.90,USD,IDEALPRO-001,MARGIN,,[],False,{}
100000.00,0.00,100000.00,EUR,IDEALPRO-001,MARGIN,,[],False,{}
99999.90,0.00,99999.90,USD,IDEALPRO-001,MARGIN,,[],False,{}
100000.00,0.00,100000.00,EUR,IDEALPRO-001,MARGIN,,[],False,{}
99999.90,0.00,99999.90,USD,IDEALPRO-001,MARGIN,,[],False,{}
100000.00,0.00,100000.00,EUR,IDEALPRO-001,MARGIN,,[],False,{}
99999.90,0.00,99999.90,USD,IDEALPRO-001,MARGIN,,[],False,{}
100000.00,0.00,100000.00,EUR,IDEALPRO-001,MARGIN,,[],False,{}
99999.90,2.33,99997.57,USD,IDEALPRO-001,MARGIN,,"[{'type': 'MarginBalance', 'initial': '0.00', 'maintenance': '2.33', 'currency': 'USD', 'instrument_id': 'EUR/USD.IDEALPRO'}]",False,{}
100000.00,0.00,100000.00,EUR,IDEALPRO-001,MARGIN,,"[{'type': 'MarginBalance', 'initial': '0.00', 'maintenance': '2.33', 'currency': 'USD', 'instrument_id': 'EUR/USD.IDEALPRO'}]",False,{}
99999.90,2.33,99997.57,USD,IDEALPRO-001,MARGIN,,"[{'type': 'MarginBalance', 'initial': '0.00', 'maintenance': '2.33', 'currency': 'USD', 'instrument_id': 'EUR/USD.IDEALPRO'}]",False,{}
100000.00,0.00,100000.00,EUR,IDEALPRO-001,MARGIN,,"[{'type': 'MarginBalance', 'initial': '0.00', 'maintenance': '2.33', 'currency': 'USD', 'instrument_id': 'EUR/USD.IDEALPRO'}]",False,{}
99999.90,2.33,99997.57,USD,IDEALPRO-001,MARGIN,,"[{'type': 'MarginBalance', 'initial': '0.00', 'maintenance': '2.33', 'currency': 'USD', 'instrument_id': 'EUR/USD.IDEALPRO'}]",False,{}
100000.00,0.00,100000.00,EUR,IDEALPRO-001,MARGIN,,"[{'type': 'MarginBalance', 'initial': '0.00', 'maintenance': '2.33', 'currency': 'USD', 'instrument_id': 'EUR/USD.IDEALPRO'}]",False,{}
99999.90,2.33,99997.57,USD,IDEALPRO-001,MARGIN,,"[{'type': 'MarginBalance', 'initial': '0.00', 'maintenance': '2.33', 'currency': 'USD', 'instrument_id': 'EUR/USD.IDEALPRO'}]",False,{}
100000.00,0.00,100000.00,EUR,IDEALPRO-001,MARGIN,,"[{'type': 'MarginBalance', 'initial': '0.00', 'maintenance': '2.33', 'currency': 'USD', 'instrument_id': 'EUR/USD.IDEALPRO'}]",False,{}
99999.87,0.00,99999.87,USD,IDEALPRO-001,MARGIN,,[],False,{}
100000.00,0.00,100000.00,EUR,IDEALPRO-001,MARGIN,,[],False,{}
99999.87,0.00,99999.87,USD,IDEALPRO-001,MARGIN,,[],False,{}
100000.00,0.00,100000.00,EUR,IDEALPRO-001,MARGIN,,[],False,{}
99999.87,0.00,99999.87,USD,IDEALPRO-001,MARGIN,,[],False,{}
100000.00,0.00,100000.00,EUR,IDEALPRO-001,MARGIN,,[],False,{}
99999.87,0.00,99999.87,USD,IDEALPRO-001,MARGIN,,[],False,{}
100000.00,0.00,100000.00,EUR,IDEALPRO-001,MARGIN,,[],False,{}
99999.87,0.00,99999.87,USD,IDEALPRO-001,MARGIN,,[],False,{}
100000.00,0.00,100000.00,EUR,IDEALPRO-001,MARGIN,,[],False,{}
99999.87,0.00,99999.87,USD,IDEALPRO-001,MARGIN,,[],False,{}
100000.00,0.00,100000.00,EUR,IDEALPRO-001,MARGIN,,[],False,{}
99999.87,2.33,99997.54,USD,IDEALPRO-001,MARGIN,,"[{'type': 'MarginBalance', 'initial': '0.00', 'maintenance': '2.33', 'currency': 'USD', 'instrument_id': 'EUR/USD.IDEALPRO'}]",False,{}
100000.00,0.00,100000.00,EUR,IDEALPRO-001,MARGIN,,"[{'type': 'MarginBalance', 'initial': '0.00', 'maintenance': '2.33', 'currency': 'USD', 'instrument_id': 'EUR/USD.IDEALPRO'}]",False,{}
99999.87,2.33,99997.54,USD,IDEALPRO-001,MARGIN,,"[{'type': 'MarginBalance', 'initial': '0.00', 'maintenance': '2.33', 'currency': 'USD', 'instrument_id': 'EUR/USD.IDEALPRO'}]",False,{}
100000.00,0.00,100000.00,EUR,IDEALPRO-001,MARGIN,,"[{'type': 'MarginBalance', 'initial': '0.00', 'maintenance': '2.33', 'currency': 'USD', 'instrument_id': 'EUR/USD.IDEALPRO'}]",False,{}
99999.87,2.33,99997.54,USD,IDEALPRO-001,MARGIN,,"[{'type': 'MarginBalance', 'initial': '0.00', 'maintenance': '2.33', 'currency': 'USD', 'instrument_id': 'EUR/USD.IDEALPRO'}]",False,{}
100000.00,0.00,100000.00,EUR,IDEALPRO-001,MARGIN,,"[{'type': 'MarginBalance', 'initial': '0.00', 'maintenance': '2.33', 'currency': 'USD', 'instrument_id': 'EUR/USD.IDEALPRO'}]",False,{}
99999.87,2.33,99997.54,USD,IDEALPRO-001,MARGIN,,"[{'type': 'MarginBalance', 'initial': '0.00', 'maintenance': '2.33', 'currency': 'USD', 'instrument_id': 'EUR/USD.IDEALPRO'}]",False,{}
100000.00,0.00,100000.00,EUR,IDEALPRO-001,MARGIN,,"[{'type': 'MarginBalance', 'initial': '0.00', 'maintenance': '2.33', 'currency': 'USD', 'instrument_id': 'EUR/USD.IDEALPRO'}]",False,{}
99999.84,0.00,99999.84,USD,IDEALPRO-001,MARGIN,,[],False,{}
100000.00,0.00,100000.00,EUR,IDEALPRO-001,MARGIN,,[],False,{}
99999.84,0.00,99999.84,USD,IDEALPRO-001,MARGIN,,[],False,{}
100000.00,0.00,100000.00,EUR,IDEALPRO-001,MARGIN,,[],False,{}
99999.84,0.00,99999.84,USD,IDEALPRO-001,MARGIN,,[],False,{}
100000.00,0.00,100000.00,EUR,IDEALPRO-001,MARGIN,,[],False,{}
99999.84,0.00,99999.84,USD,IDEALPRO-001,MARGIN,,[],False,{}
100000.00,0.00,100000.00,EUR,IDEALPRO-001,MARGIN,,[],False,{}
99999.84,0.00,99999.84,USD,IDEALPRO-001,MARGIN,,[],False,{}
100000.00,0.00,100000.00,EUR,IDEALPRO-001,MARGIN,,[],False,{}
99999.84,0.00,99999.84,USD,IDEALPRO-001,MARGIN,,[],False,{}
100000.00,0.00,100000.00,EUR,IDEALPRO-001,MARGIN,,[],False,{}
99999.84,2.33,99997.51,USD,IDEALPRO-001,MARGIN,,"[{'type': 'MarginBalance', 'initial': '0.00', 'maintenance': '2.33', 'currency': 'USD', 'instrument_id': 'EUR/USD.IDEALPRO'}]",False,{}
100000.00,0.00,100000.00,EUR,IDEALPRO-001,MARGIN,,"[{'type': 'MarginBalance', 'initial': '0.00', 'maintenance': '2.33', 'currency': 'USD', 'instrument_id': 'EUR/USD.IDEALPRO'}]",False,{}
99999.84,2.33,99997.51,USD,IDEALPRO-001,MARGIN,,"[{'type': 'MarginBalance', 'initial': '0.00', 'maintenance': '2.33', 'currency': 'USD', 'instrument_id': 'EUR/USD.IDEALPRO'}]",False,{}
100000.00,0.00,100000.00,EUR,IDEALPRO-001,MARGIN,,"[{'type': 'MarginBalance', 'initial': '0.00', 'maintenance': '2.33', 'currency': 'USD', 'instrument_id': 'EUR/USD.IDEALPRO'}]",False,{}
99999.84,2.33,99997.51,USD,IDEALPRO-001,MARGIN,,"[{'type': 'MarginBalance', 'initial': '0.00', 'maintenance': '2.33', 'currency': 'USD', 'instrument_id': 'EUR/USD.IDEALPRO'}]",False,{}
100000.00,0.00,100000.00,EUR,IDEALPRO-001,MARGIN,,"[{'type': 'MarginBalance', 'initial': '0.00', 'maintenance': '2.33', 'currency': 'USD', 'instrument_id': 'EUR/USD.IDEALPRO'}]",False,{}
99999.84,2.33,99997.51,USD,IDEALPRO-001,MARGIN,,"[{'type': 'MarginBalance', 'initial': '0.00', 'maintenance': '2.33', 'currency': 'USD', 'instrument_id': 'EUR/USD.IDEALPRO'}]",False,{}
100000.00,0.00,100000.00,EUR,IDEALPRO-001,MARGIN,,"[{'type': 'MarginBalance', 'initial': '0.00', 'maintenance': '2.33', 'currency': 'USD', 'instrument_id': 'EUR/USD.IDEALPRO'}]",False,{}
99999.85,0.00,99999.85,USD,IDEALPRO-001,MARGIN,,[],False,{}
100000.00,0.00,100000.00,EUR,IDEALPRO-001,MARGIN,,[],False,{}
99999.85,0.00,99999.85,USD,IDEALPRO-001,MARGIN,,[],False,{}
100000.00,0.00,100000.00,EUR,IDEALPRO-001,MARGIN,,[],False,{}
99999.85,0.00,99999.85,USD,IDEALPRO-001,MARGIN,,[],False,{}
100000.00,0.00,100000.00,EUR,IDEALPRO-001,MARGIN,,[],False,{}
99999.85,0.00,99999.85,USD,IDEALPRO-001,MARGIN,,[],False,{}
100000.00,0.00,100000.00,EUR,IDEALPRO-001,MARGIN,,[],False,{}
99999.85,0.00,99999.85,USD,IDEALPRO-001,MARGIN,,[],False,{}
100000.00,0.00,100000.00,EUR,IDEALPRO-001,MARGIN,,[],False,{}
99999.85,0.00,99999.85,USD,IDEALPRO-001,MARGIN,,[],False,{}
100000.00,0.00,100000.00,EUR,IDEALPRO-001,MARGIN,,[],False,{}
99999.85,2.33,99997.52,USD,IDEALPRO-001,MARGIN,,"[{'type': 'MarginBalance', 'initial': '0.00', 'maintenance': '2.33', 'currency': 'USD', 'instrument_id': 'EUR/USD.IDEALPRO'}]",False,{}
100000.00,0.00,100000.00,EUR,IDEALPRO-001,MARGIN,,"[{'type': 'MarginBalance', 'initial': '0.00', 'maintenance': '2.33', 'currency': 'USD', 'instrument_id': 'EUR/USD.IDEALPRO'}]",False,{}
99999.85,2.33,99997.52,USD,IDEALPRO-001,MARGIN,,"[{'type': 'MarginBalance', 'initial': '0.00', 'maintenance': '2.33', 'currency': 'USD', 'instrument_id': 'EUR/USD.IDEALPRO'}]",False,{}
100000.00,0.00,100000.00,EUR,IDEALPRO-001,MARGIN,,"[{'type': 'MarginBalance', 'initial': '0.00', 'maintenance': '2.33', 'currency': 'USD', 'instrument_id': 'EUR/USD.IDEALPRO'}]",False,{}
99999.85,2.33,99997.52,USD,IDEALPRO-001,MARGIN,,"[{'type': 'MarginBalance', 'initial': '0.00', 'maintenance': '2.33', 'currency': 'USD', 'instrument_id': 'EUR/USD.IDEALPRO'}]",False,{}
100000.00,0.00,100000.00,EUR,IDEALPRO-001,MARGIN,,"[{'type': 'MarginBalance', 'initial': '0.00', 'maintenance': '2.33', 'currency': 'USD', 'instrument_id': 'EUR/USD.IDEALPRO'}]",False,{}
99999.85,2.33,99997.52,USD,IDEALPRO-001,MARGIN,,"[{'type': 'MarginBalance', 'initial': '0.00', 'maintenance': '2.33', 'currency': 'USD', 'instrument_id': 'EUR/USD.IDEALPRO'}]",False,{}
100000.00,0.00,100000.00,EUR,IDEALPRO-001,MARGIN,,"[{'type': 'MarginBalance', 'initial': '0.00', 'maintenance': '2.33', 'currency': 'USD', 'instrument_id': 'EUR/USD.IDEALPRO'}]",False,{}
99999.87,0.00,99999.87,USD,IDEALPRO-001,MARGIN,,[],False,{}
100000.00,0.00,100000.00,EUR,IDEALPRO-001,MARGIN,,[],False,{}
99999.87,0.00,99999.87,USD,IDEALPRO-001,MARGIN,,[],False,{}
100000.00,0.00,100000.00,EUR,IDEALPRO-001,MARGIN,,[],False,{}
99999.87,0.00,99999.87,USD,IDEALPRO-001,MARGIN,,[],False,{}
100000.00,0.00,100000.00,EUR,IDEALPRO-001,MARGIN,,[],False,{}
99999.87,0.00,99999.87,USD,IDEALPRO-001,MARGIN,,[],False,{}
100000.00,0.00,100000.00,EUR,IDEALPRO-001,MARGIN,,[],False,{}
99999.87,0.00,99999.87,USD,IDEALPRO-001,MARGIN,,[],False,{}
100000.00,0.00,100000.00,EUR,IDEALPRO-001,MARGIN,,[],False,{}
99999.87,0.00,99999.87,USD,IDEALPRO-001,MARGIN,,[],False,{}
100000.00,0.00,100000.00,EUR,IDEALPRO-001,MARGIN,,[],False,{}
99999.87,2.34,99997.53,USD,IDEALPRO-001,MARGIN,,"[{'type': 'MarginBalance', 'initial': '0.00', 'maintenance': '2.34', 'currency': 'USD', 'instrument_id': 'EUR/USD.IDEALPRO'}]",False,{}
100000.00,0.00,100000.00,EUR,IDEALPRO-001,MARGIN,,"[{'type': 'MarginBalance', 'initial': '0.00', 'maintenance': '2.34', 'currency': 'USD', 'instrument_id': 'EUR/USD.IDEALPRO'}]",False,{}
99999.87,2.33,99997.54,USD,IDEALPRO-001,MARGIN,,"[{'type': 'MarginBalance', 'initial': '0.00', 'maintenance': '2.33', 'currency': 'USD', 'instrument_id': 'EUR/USD.IDEALPRO'}]",False,{}
100000.00,0.00,100000.00,EUR,IDEALPRO-001,MARGIN,,"[{'type': 'MarginBalance', 'initial': '0.00', 'maintenance': '2.33', 'currency': 'USD', 'instrument_id': 'EUR/USD.IDEALPRO'}]",False,{}
99999.87,2.33,99997.54,USD,IDEALPRO-001,MARGIN,,"[{'type': 'MarginBalance', 'initial': '0.00', 'maintenance': '2.33', 'currency': 'USD', 'instrument_id': 'EUR/USD.IDEALPRO'}]",False,{}
100000.00,0.00,100000.00,EUR,IDEALPRO-001,MARGIN,,"[{'type': 'MarginBalance', 'initial': '0.00', 'maintenance': '2.33', 'currency': 'USD', 'instrument_id': 'EUR/USD.IDEALPRO'}]",False,{}
99999.87,2.33,99997.54,USD,IDEALPRO-001,MARGIN,,"[{'type': 'MarginBalance', 'initial': '0.00', 'maintenance': '2.33', 'currency': 'USD', 'instrument_id': 'EUR/USD.IDEALPRO'}]",False,{}
100000.00,0.00,100000.00,EUR,IDEALPRO-001,MARGIN,,"[{'type': 'MarginBalance', 'initial': '0.00', 'maintenance': '2.33', 'currency': 'USD', 'instrument_id': 'EUR/USD.IDEALPRO'}]",False,{}
99999.89,0.00,99999.89,USD,IDEALPRO-001,MARGIN,,[],False,{}
100000.00,0.00,100000.00,EUR,IDEALPRO-001,MARGIN,,[],False,{}
99999.89,0.00,99999.89,USD,IDEALPRO-001,MARGIN,,[],False,{}
100000.00,0.00,100000.00,EUR,IDEALPRO-001,MARGIN,,[],False,{}
99999.89,0.00,99999.89,USD,IDEALPRO-001,MARGIN,,[],False,{}
100000.00,0.00,100000.00,EUR,IDEALPRO-001,MARGIN,,[],False,{}
99999.89,0.00,99999.89,USD,IDEALPRO-001,MARGIN,,[],False,{}
100000.00,0.00,100000.00,EUR,IDEALPRO-001,MARGIN,,[],False,{}
99999.89,0.00,99999.89,USD,IDEALPRO-001,MARGIN,,[],False,{}
100000.00,0.00,100000.00,EUR,IDEALPRO-001,MARGIN,,[],False,{}
99999.89,0.00,99999.89,USD,IDEALPRO-001,MARGIN,,[],False,{}
100000.00,0.00,100000.00,EUR,IDEALPRO-001,MARGIN,,[],False,{}
99999.89,2.33,99997.56,USD,IDEALPRO-001,MARGIN,,"[{'type': 'MarginBalance', 'initial': '0.00', 'maintenance': '2.33', 'currency': 'USD', 'instrument_id': 'EUR/USD.IDEALPRO'}]",False,{}
100000.00,0.00,100000.00,EUR,IDEALPRO-001,MARGIN,,"[{'type': 'MarginBalance', 'initial': '0.00', 'maintenance': '2.33', 'currency': 'USD', 'instrument_id': 'EUR/USD.IDEALPRO'}]",False,{}
99999.89,2.33,99997.56,USD,IDEALPRO-001,MARGIN,,"[{'type': 'MarginBalance', 'initial': '0.00', 'maintenance': '2.33', 'currency': 'USD', 'instrument_id': 'EUR/USD.IDEALPRO'}]",False,{}
100000.00,0.00,100000.00,EUR,IDEALPRO-001,MARGIN,,"[{'type': 'MarginBalance', 'initial': '0.00', 'maintenance': '2.33', 'currency': 'USD', 'instrument_id': 'EUR/USD.IDEALPRO'}]",False,{}
99999.89,2.33,99997.56,USD,IDEALPRO-001,MARGIN,,"[{'type': 'MarginBalance', 'initial': '0.00', 'maintenance': '2.33', 'currency': 'USD', 'instrument_id': 'EUR/USD.IDEALPRO'}]",False,{}
100000.00,0.00,100000.00,EUR,IDEALPRO-001,MARGIN,,"[{'type': 'MarginBalance', 'initial': '0.00', 'maintenance': '2.33', 'currency': 'USD', 'instrument_id': 'EUR/USD.IDEALPRO'}]",False,{}
99999.89,2.33,99997.56,USD,IDEALPRO-001,MARGIN,,"[{'type': 'MarginBalance', 'initial': '0.00', 'maintenance': '2.33', 'currency': 'USD', 'instrument_id': 'EUR/USD.IDEALPRO'}]",False,{}
100000.00,0.00,100000.00,EUR,IDEALPRO-001,MARGIN,,"[{'type': 'MarginBalance', 'initial': '0.00', 'maintenance': '2.33', 'currency': 'USD', 'instrument_id': 'EUR/USD.IDEALPRO'}]",False,{}
99999.86,0.00,99999.86,USD,IDEALPRO-001,MARGIN,,[],False,{}
100000.00,0.00,100000.00,EUR,IDEALPRO-001,MARGIN,,[],False,{}
99999.86,0.00,99999.86,USD,IDEALPRO-001,MARGIN,,[],False,{}
100000.00,0.00,100000.00,EUR,IDEALPRO-001,MARGIN,,[],False,{}
99999.86,0.00,99999.86,USD,IDEALPRO-001,MARGIN,,[],False,{}
100000.00,0.00,100000.00,EUR,IDEALPRO-001,MARGIN,,[],False,{}
99999.86,0.00,99999.86,USD,IDEALPRO-001,MARGIN,,[],False,{}
100000.00,0.00,100000.00,EUR,IDEALPRO-001,MARGIN,,[],False,{}
99999.86,0.00,99999.86,USD,IDEALPRO-001,MARGIN,,[],False,{}
100000.00,0.00,100000.00,EUR,IDEALPRO-001,MARGIN,,[],False,{}
99999.86,0.00,99999.86,USD,IDEALPRO-001,MARGIN,,[],False,{}
100000.00,0.00,100000.00,EUR,IDEALPRO-001,MARGIN,,[],False,{}
99999.86,2.34,99997.52,USD,IDEALPRO-001,MARGIN,,"[{'type': 'MarginBalance', 'initial': '0.00', 'maintenance': '2.34', 'currency': 'USD', 'instrument_id': 'EUR/USD.IDEALPRO'}]",False,{}
100000.00,0.00,100000.00,EUR,IDEALPRO-001,MARGIN,,"[{'type': 'MarginBalance', 'initial': '0.00', 'maintenance': '2.34', 'currency': 'USD', 'instrument_id': 'EUR/USD.IDEALPRO'}]",False,{}
99999.86,2.34,99997.52,USD,IDEALPRO-001,MARGIN,,"[{'type': 'MarginBalance', 'initial': '0.00', 'maintenance': '2.34', 'currency': 'USD', 'instrument_id': 'EUR/USD.IDEALPRO'}]",False,{}
100000.00,0.00,100000.00,EUR,IDEALPRO-001,MARGIN,,"[{'type': 'MarginBalance', 'initial': '0.00', 'maintenance': '2.34', 'currency': 'USD', 'instrument_id': 'EUR/USD.IDEALPRO'}]",False,{}
99999.86,2.34,99997.52,USD,IDEALPRO-001,MARGIN,,"[{'type': 'MarginBalance', 'initial': '0.00', 'maintenance': '2.34', 'currency': 'USD', 'instrument_id': 'EUR/USD.IDEALPRO'}]",False,{}
100000.00,0.00,100000.00,EUR,IDEALPRO-001,MARGIN,,"[{'type': 'MarginBalance', 'initial': '0.00', 'maintenance': '2.34', 'currency': 'USD', 'instrument_id': 'EUR/USD.IDEALPRO'}]",False,{}
99999.86,2.34,99997.52,USD,IDEALPRO-001,MARGIN,,"[{'type': 'MarginBalance', 'initial': '0.00', 'maintenance': '2.34', 'currency': 'USD', 'instrument_id': 'EUR/USD.IDEALPRO'}]",False,{}
100000.00,0.00,100000.00,EUR,IDEALPRO-001,MARGIN,,"[{'type': 'MarginBalance', 'initial': '0.00', 'maintenance': '2.34', 'currency': 'USD', 'instrument_id': 'EUR/USD.IDEALPRO'}]",False,{}
99999.87,0.00,99999.87,USD,IDEALPRO-001,MARGIN,,[],False,{}
100000.00,0.00,100000.00,EUR,IDEALPRO-001,MARGIN,,[],False,{}
99999.87,0.00,99999.87,USD,IDEALPRO-001,MARGIN,,[],False,{}
100000.00,0.00,100000.00,EUR,IDEALPRO-001,MARGIN,,[],False,{}
99999.87,0.00,99999.87,USD,IDEALPRO-001,MARGIN,,[],False,{}
100000.00,0.00,100000.00,EUR,IDEALPRO-001,MARGIN,,[],False,{}
99999.87,0.00,99999.87,USD,IDEALPRO-001,MARGIN,,[],False,{}
100000.00,0.00,100000.00,EUR,IDEALPRO-001,MARGIN,,[],False,{}
99999.87,0.00,99999.87,USD,IDEALPRO-001,MARGIN,,[],False,{}
100000.00,0.00,100000.00,EUR,IDEALPRO-001,MARGIN,,[],False,{}
99999.87,0.00,99999.87,USD,IDEALPRO-001,MARGIN,,[],False,{}
100000.00,0.00,100000.00,EUR,IDEALPRO-001,MARGIN,,[],False,{}
99999.87,2.34,99997.53,USD,IDEALPRO-001,MARGIN,,"[{'type': 'MarginBalance', 'initial': '0.00', 'maintenance': '2.34', 'currency': 'USD', 'instrument_id': 'EUR/USD.IDEALPRO'}]",False,{}
100000.00,0.00,100000.00,EUR,IDEALPRO-001,MARGIN,,"[{'type': 'MarginBalance', 'initial': '0.00', 'maintenance': '2.34', 'currency': 'USD', 'instrument_id': 'EUR/USD.IDEALPRO'}]",False,{}
99999.87,2.34,99997.53,USD,IDEALPRO-001,MARGIN,,"[{'type': 'MarginBalance', 'initial': '0.00', 'maintenance': '2.34', 'currency': 'USD', 'instrument_id': 'EUR/USD.IDEALPRO'}]",False,{}
100000.00,0.00,100000.00,EUR,IDEALPRO-001,MARGIN,,"[{'type': 'MarginBalance', 'initial': '0.00', 'maintenance': '2.34', 'currency': 'USD', 'instrument_id': 'EUR/USD.IDEALPRO'}]",False,{}
99999.87,2.34,99997.53,USD,IDEALPRO-001,MARGIN,,"[{'type': 'MarginBalance', 'initial': '0.00', 'maintenance': '2.34', 'currency': 'USD', 'instrument_id': 'EUR/USD.IDEALPRO'}]",False,{}
100000.00,0.00,100000.00,EUR,IDEALPRO-001,MARGIN,,"[{'type': 'MarginBalance', 'initial': '0.00', 'maintenance': '2.34', 'currency': 'USD', 'instrument_id': 'EUR/USD.IDEALPRO'}]",False,{}
99999.87,2.34,99997.53,USD,IDEALPRO-001,MARGIN,,"[{'type': 'MarginBalance', 'initial': '0.00', 'maintenance': '2.34', 'currency': 'USD', 'instrument_id': 'EUR/USD.IDEALPRO'}]",False,{}
100000.00,0.00,100000.00,EUR,IDEALPRO-001,MARGIN,,"[{'type': 'MarginBalance', 'initial': '0.00', 'maintenance': '2.34', 'currency': 'USD', 'instrument_id': 'EUR/USD.IDEALPRO'}]",False,{}
99999.96,0.00,99999.96,USD,IDEALPRO-001,MARGIN,,[],False,{}
100000.00,0.00,100000.00,EUR,IDEALPRO-001,MARGIN,,[],False,{}
99999.96,0.00,99999.96,USD,IDEALPRO-001,MARGIN,,[],False,{}
100000.00,0.00,100000.00,EUR,IDEALPRO-001,MARGIN,,[],False,{}
99999.96,0.00,99999.96,USD,IDEALPRO-001,MARGIN,,[],False,{}
100000.00,0.00,100000.00,EUR,IDEALPRO-001,MARGIN,,[],False,{}
99999.96,0.00,99999.96,USD,IDEALPRO-001,MARGIN,,[],False,{}
100000.00,0.00,100000.00,EUR,IDEALPRO-001,MARGIN,,[],False,{}
99999.96,0.00,99999.96,USD,IDEALPRO-001,MARGIN,,[],False,{}
100000.00,0.00,100000.00,EUR,IDEALPRO-001,MARGIN,,[],False,{}
99999.96,0.00,99999.96,USD,IDEALPRO-001,MARGIN,,[],False,{}
100000.00,0.00,100000.00,EUR,IDEALPRO-001,MARGIN,,[],False,{}
99999.96,2.34,99997.62,USD,IDEALPRO-001,MARGIN,,"[{'type': 'MarginBalance', 'initial': '0.00', 'maintenance': '2.34', 'currency': 'USD', 'instrument_id': 'EUR/USD.IDEALPRO'}]",False,{}
100000.00,0.00,100000.00,EUR,IDEALPRO-001,MARGIN,,"[{'type': 'MarginBalance', 'initial': '0.00', 'maintenance': '2.34', 'currency': 'USD', 'instrument_id': 'EUR/USD.IDEALPRO'}]",False,{}
99999.96,2.34,99997.62,USD,IDEALPRO-001,MARGIN,,"[{'type': 'MarginBalance', 'initial': '0.00', 'maintenance': '2.34', 'currency': 'USD', 'instrument_id': 'EUR/USD.IDEALPRO'}]",False,{}
100000.00,0.00,100000.00,EUR,IDEALPRO-001,MARGIN,,"[{'type': 'MarginBalance', 'initial': '0.00', 'maintenance': '2.34', 'currency': 'USD', 'instrument_id': 'EUR/USD.IDEALPRO'}]",False,{}
99999.96,2.34,99997.62,USD,IDEALPRO-001,MARGIN,,"[{'type': 'MarginBalance', 'initial': '0.00', 'maintenance': '2.34', 'currency': 'USD', 'instrument_id': 'EUR/USD.IDEALPRO'}]",False,{}
100000.00,0.00,100000.00,EUR,IDEALPRO-001,MARGIN,,"[{'type': 'MarginBalance', 'initial': '0.00', 'maintenance': '2.34', 'currency': 'USD', 'instrument_id': 'EUR/USD.IDEALPRO'}]",False,{}
99999.96,2.34,99997.62,USD,IDEALPRO-001,MARGIN,,"[{'type': 'MarginBalance', 'initial': '0.00', 'maintenance': '2.34', 'currency': 'USD', 'instrument_id': 'EUR/USD.IDEALPRO'}]",False,{}
100000.00,0.00,100000.00,EUR,IDEALPRO-001,MARGIN,,"[{'type': 'MarginBalance', 'initial': '0.00', 'maintenance': '2.34', 'currency': 'USD', 'instrument_id': 'EUR/USD.IDEALPRO'}]",False,{}
100000.01,0.00,100000.01,USD,IDEALPRO-001,MARGIN,,[],False,{}
100000.00,0.00,100000.00,EUR,IDEALPRO-001,MARGIN,,[],False,{}
100000.01,0.00,100000.01,USD,IDEALPRO-001,MARGIN,,[],False,{}
100000.00,0.00,100000.00,EUR,IDEALPRO-001,MARGIN,,[],False,{}
100000.01,0.00,100000.01,USD,IDEALPRO-001,MARGIN,,[],False,{}
100000.00,0.00,100000.00,EUR,IDEALPRO-001,MARGIN,,[],False,{}
100000.01,0.00,100000.01,USD,IDEALPRO-001,MARGIN,,[],False,{}
100000.00,0.00,100000.00,EUR,IDEALPRO-001,MARGIN,,[],False,{}
100000.01,0.00,100000.01,USD,IDEALPRO-001,MARGIN,,[],False,{}
100000.00,0.00,100000.00,EUR,IDEALPRO-001,MARGIN,,[],False,{}
100000.01,0.00,100000.01,USD,IDEALPRO-001,MARGIN,,[],False,{}
100000.00,0.00,100000.00,EUR,IDEALPRO-001,MARGIN,,[],False,{}
100000.01,2.34,99997.67,USD,IDEALPRO-001,MARGIN,,"[{'type': 'MarginBalance', 'initial': '0.00', 'maintenance': '2.34', 'currency': 'USD', 'instrument_id': 'EUR/USD.IDEALPRO'}]",False,{}
100000.00,0.00,100000.00,EUR,IDEALPRO-001,MARGIN,,"[{'type': 'MarginBalance', 'initial': '0.00', 'maintenance': '2.34', 'currency': 'USD', 'instrument_id': 'EUR/USD.IDEALPRO'}]",False,{}
100000.01,2.34,99997.67,USD,IDEALPRO-001,MARGIN,,"[{'type': 'MarginBalance', 'initial': '0.00', 'maintenance': '2.34', 'currency': 'USD', 'instrument_id': 'EUR/USD.IDEALPRO'}]",False,{}
100000.00,0.00,100000.00,EUR,IDEALPRO-001,MARGIN,,"[{'type': 'MarginBalance', 'initial': '0.00', 'maintenance': '2.34', 'currency': 'USD', 'instrument_id': 'EUR/USD.IDEALPRO'}]",False,{}
100000.01,2.34,99997.67,USD,IDEALPRO-001,MARGIN,,"[{'type': 'MarginBalance', 'initial': '0.00', 'maintenance': '2.34', 'currency': 'USD', 'instrument_id': 'EUR/USD.IDEALPRO'}]",False,{}
100000.00,0.00,100000.00,EUR,IDEALPRO-001,MARGIN,,"[{'type': 'MarginBalance', 'initial': '0.00', 'maintenance': '2.34', 'currency': 'USD', 'instrument_id': 'EUR/USD.IDEALPRO'}]",False,{}
100000.01,2.34,99997.67,USD,IDEALPRO-001,MARGIN,,"[{'type': 'MarginBalance', 'initial': '0.00', 'maintenance': '2.34', 'currency': 'USD', 'instrument_id': 'EUR/USD.IDEALPRO'}]",False,{}
100000.00,0.00,100000.00,EUR,IDEALPRO-001,MARGIN,,"[{'type': 'MarginBalance', 'initial': '0.00', 'maintenance': '2.34', 'currency': 'USD', 'instrument_id': 'EUR/USD.IDEALPRO'}]",False,{}
99999.97,0.00,99999.97,USD,IDEALPRO-001,MARGIN,,[],False,{}
100000.00,0.00,100000.00,EUR,IDEALPRO-001,MARGIN,,[],False,{}
99999.97,0.00,99999.97,USD,IDEALPRO-001,MARGIN,,[],False,{}
100000.00,0.00,100000.00,EUR,IDEALPRO-001,MARGIN,,[],False,{}
99999.97,0.00,99999.97,USD,IDEALPRO-001,MARGIN,,[],False,{}
100000.00,0.00,100000.00,EUR,IDEALPRO-001,MARGIN,,[],False,{}
99999.97,0.00,99999.97,USD,IDEALPRO-001,MARGIN,,[],False,{}
100000.00,0.00,100000.00,EUR,IDEALPRO-001,MARGIN,,[],False,{}
99999.97,0.00,99999.97,USD,IDEALPRO-001,MARGIN,,[],False,{}
100000.00,0.00,100000.00,EUR,IDEALPRO-001,MARGIN,,[],False,{}
99999.97,0.00,99999.97,USD,IDEALPRO-001,MARGIN,,[],False,{}
100000.00,0.00,100000.00,EUR,IDEALPRO-001,MARGIN,,[],False,{}
99999.97,2.34,99997.63,USD,IDEALPRO-001,MARGIN,,"[{'type': 'MarginBalance', 'initial': '0.00', 'maintenance': '2.34', 'currency': 'USD', 'instrument_id': 'EUR/USD.IDEALPRO'}]",False,{}
100000.00,0.00,100000.00,EUR,IDEALPRO-001,MARGIN,,"[{'type': 'MarginBalance', 'initial': '0.00', 'maintenance': '2.34', 'currency': 'USD', 'instrument_id': 'EUR/USD.IDEALPRO'}]",False,{}
99999.97,2.34,99997.63,USD,IDEALPRO-001,MARGIN,,"[{'type': 'MarginBalance', 'initial': '0.00', 'maintenance': '2.34', 'currency': 'USD', 'instrument_id': 'EUR/USD.IDEALPRO'}]",False,{}
100000.00,0.00,100000.00,EUR,IDEALPRO-001,MARGIN,,"[{'type': 'MarginBalance', 'initial': '0.00', 'maintenance': '2.34', 'currency': 'USD', 'instrument_id': 'EUR/USD.IDEALPRO'}]",False,{}
99999.97,2.34,99997.63,USD,IDEALPRO-001,MARGIN,,"[{'type': 'MarginBalance', 'initial': '0.00', 'maintenance': '2.34', 'currency': 'USD', 'instrument_id': 'EUR/USD.IDEALPRO'}]",False,{}
100000.00,0.00,100000.00,EUR,IDEALPRO-001,MARGIN,,"[{'type': 'MarginBalance', 'initial': '0.00', 'maintenance': '2.34', 'currency': 'USD', 'instrument_id': 'EUR/USD.IDEALPRO'}]",False,{}
99999.91,0.00,99999.91,USD,IDEALPRO-001,MARGIN,,[],False,{}
100000.00,0.00,100000.00,EUR,IDEALPRO-001,MARGIN,,[],False,{}
99999.91,0.00,99999.91,USD,IDEALPRO-001,MARGIN,,[],False,{}
100000.00,0.00,100000.00,EUR,IDEALPRO-001,MARGIN,,[],False,{}
99999.91,0.00,99999.91,USD,IDEALPRO-001,MARGIN,,[],False,{}
100000.00,0.00,100000.00,EUR,IDEALPRO-001,MARGIN,,[],False,{}
99999.91,0.00,99999.91,USD,IDEALPRO-001,MARGIN,,[],False,{}
100000.00,0.00,100000.00,EUR,IDEALPRO-001,MARGIN,,[],False,{}
99999.91,0.00,99999.91,USD,IDEALPRO-001,MARGIN,,[],False,{}
100000.00,0.00,100000.00,EUR,IDEALPRO-001,MARGIN,,[],False,{}
99999.91,2.34,99997.57,USD,IDEALPRO-001,MARGIN,,"[{'type': 'MarginBalance', 'initial': '0.00', 'maintenance': '2.34', 'currency': 'USD', 'instrument_id': 'EUR/USD.IDEALPRO'}]",False,{}
100000.00,0.00,100000.00,EUR,IDEALPRO-001,MARGIN,,"[{'type': 'MarginBalance', 'initial': '0.00', 'maintenance': '2.34', 'currency': 'USD', 'instrument_id': 'EUR/USD.IDEALPRO'}]",False,{}
99999.91,2.34,99997.57,USD,IDEALPRO-001,MARGIN,,"[{'type': 'MarginBalance', 'initial': '0.00', 'maintenance': '2.34', 'currency': 'USD', 'instrument_id': 'EUR/USD.IDEALPRO'}]",False,{}
100000.00,0.00,100000.00,EUR,IDEALPRO-001,MARGIN,,"[{'type': 'MarginBalance', 'initial': '0.00', 'maintenance': '2.34', 'currency': 'USD', 'instrument_id': 'EUR/USD.IDEALPRO'}]",False,{}
99999.91,2.34,99997.57,USD,IDEALPRO-001,MARGIN,,"[{'type': 'MarginBalance', 'initial': '0.00', 'maintenance': '2.34', 'currency': 'USD', 'instrument_id': 'EUR/USD.IDEALPRO'}]",False,{}
100000.00,0.00,100000.00,EUR,IDEALPRO-001,MARGIN,,"[{'type': 'MarginBalance', 'initial': '0.00', 'maintenance': '2.34', 'currency': 'USD', 'instrument_id': 'EUR/USD.IDEALPRO'}]",False,{}
99999.91,2.34,99997.57,USD,IDEALPRO-001,MARGIN,,"[{'type': 'MarginBalance', 'initial': '0.00', 'maintenance': '2.34', 'currency': 'USD', 'instrument_id': 'EUR/USD.IDEALPRO'}]",False,{}
100000.00,0.00,100000.00,EUR,IDEALPRO-001,MARGIN,,"[{'type': 'MarginBalance', 'initial': '0.00', 'maintenance': '2.34', 'currency': 'USD', 'instrument_id': 'EUR/USD.IDEALPRO'}]",False,{}
99999.91,0.00,99999.91,USD,IDEALPRO-001,MARGIN,,[],False,{}
100000.00,0.00,100000.00,EUR,IDEALPRO-001,MARGIN,,[],False,{}
99999.91,0.00,99999.91,USD,IDEALPRO-001,MARGIN,,[],False,{}
100000.00,0.00,100000.00,EUR,IDEALPRO-001,MARGIN,,[],False,{}
99999.91,0.00,99999.91,USD,IDEALPRO-001,MARGIN,,[],False,{}
100000.00,0.00,100000.00,EUR,IDEALPRO-001,MARGIN,,[],False,{}
99999.91,0.00,99999.91,USD,IDEALPRO-001,MARGIN,,[],False,{}
100000.00,0.00,100000.00,EUR,IDEALPRO-001,MARGIN,,[],False,{}
99999.91,0.00,99999.91,USD,IDEALPRO-001,MARGIN,,[],False,{}
100000.00,0.00,100000.00,EUR,IDEALPRO-001,MARGIN,,[],False,{}
99999.91,0.00,99999.91,USD,IDEALPRO-001,MARGIN,,[],False,{}
100000.00,0.00,100000.00,EUR,IDEALPRO-001,MARGIN,,[],False,{}
99999.91,2.34,99997.57,USD,IDEALPRO-001,MARGIN,,"[{'type': 'MarginBalance', 'initial': '0.00', 'maintenance': '2.34', 'currency': 'USD', 'instrument_id': 'EUR/USD.IDEALPRO'}]",False,{}
100000.00,0.00,100000.00,EUR,IDEALPRO-001,MARGIN,,"[{'type': 'MarginBalance', 'initial': '0.00', 'maintenance': '2.34', 'currency': 'USD', 'instrument_id': 'EUR/USD.IDEALPRO'}]",False,{}
99999.91,2.34,99997.57,USD,IDEALPRO-001,MARGIN,,"[{'type': 'MarginBalance', 'initial': '0.00', 'maintenance': '2.34', 'currency': 'USD', 'instrument_id': 'EUR/USD.IDEALPRO'}]",False,{}
100000.00,0.00,100000.00,EUR,IDEALPRO-001,MARGIN,,"[{'type': 'MarginBalance', 'initial': '0.00', 'maintenance': '2.34', 'currency': 'USD', 'instrument_id': 'EUR/USD.IDEALPRO'}]",False,{}
99999.91,2.34,99997.57,USD,IDEALPRO-001,MARGIN,,"[{'type': 'MarginBalance', 'initial': '0.00', 'maintenance': '2.34', 'currency': 'USD', 'instrument_id': 'EUR/USD.IDEALPRO'}]",False,{}
100000.00,0.00,100000.00,EUR,IDEALPRO-001,MARGIN,,"[{'type': 'MarginBalance', 'initial': '0.00', 'maintenance': '2.34', 'currency': 'USD', 'instrument_id': 'EUR/USD.IDEALPRO'}]",False,{}
99999.85,0.00,99999.85,USD,IDEALPRO-001,MARGIN,,[],False,{}
100000.00,0.00,100000.00,EUR,IDEALPRO-001,MARGIN,,[],False,{}
99999.85,0.00,99999.85,USD,IDEALPRO-001,MARGIN,,[],False,{}
100000.00,0.00,100000.00,EUR,IDEALPRO-001,MARGIN,,[],False,{}
99999.85,0.00,99999.85,USD,IDEALPRO-001,MARGIN,,[],False,{}
100000.00,0.00,100000.00,EUR,IDEALPRO-001,MARGIN,,[],False,{}
99999.85,0.00,99999.85,USD,IDEALPRO-001,MARGIN,,[],False,{}
100000.00,0.00,100000.00,EUR,IDEALPRO-001,MARGIN,,[],False,{}
99999.85,0.00,99999.85,USD,IDEALPRO-001,MARGIN,,[],False,{}
100000.00,0.00,100000.00,EUR,IDEALPRO-001,MARGIN,,[],False,{}
99999.85,2.34,99997.51,USD,IDEALPRO-001,MARGIN,,"[{'type': 'MarginBalance', 'initial': '0.00', 'maintenance': '2.34', 'currency': 'USD', 'instrument_id': 'EUR/USD.IDEALPRO'}]",False,{}
100000.00,0.00,100000.00,EUR,IDEALPRO-001,MARGIN,,"[{'type': 'MarginBalance', 'initial': '0.00', 'maintenance': '2.34', 'currency': 'USD', 'instrument_id': 'EUR/USD.IDEALPRO'}]",False,{}
99999.85,2.34,99997.51,USD,IDEALPRO-001,MARGIN,,"[{'type': 'MarginBalance', 'initial': '0.00', 'maintenance': '2.34', 'currency': 'USD', 'instrument_id': 'EUR/USD.IDEALPRO'}]",False,{}
100000.00,0.00,100000.00,EUR,IDEALPRO-001,MARGIN,,"[{'type': 'MarginBalance', 'initial': '0.00', 'maintenance': '2.34', 'currency': 'USD', 'instrument_id': 'EUR/USD.IDEALPRO'}]",False,{}
99999.85,2.34,99997.51,USD,IDEALPRO-001,MARGIN,,"[{'type': 'MarginBalance', 'initial': '0.00', 'maintenance': '2.34', 'currency': 'USD', 'instrument_id': 'EUR/USD.IDEALPRO'}]",False,{}
100000.00,0.00,100000.00,EUR,IDEALPRO-001,MARGIN,,"[{'type': 'MarginBalance', 'initial': '0.00', 'maintenance': '2.34', 'currency': 'USD', 'instrument_id': 'EUR/USD.IDEALPRO'}]",False,{}
99999.85,2.34,99997.51,USD,IDEALPRO-001,MARGIN,,"[{'type': 'MarginBalance', 'initial': '0.00', 'maintenance': '2.34', 'currency': 'USD', 'instrument_id': 'EUR/USD.IDEALPRO'}]",False,{}
100000.00,0.00,100000.00,EUR,IDEALPRO-001,MARGIN,,"[{'type': 'MarginBalance', 'initial': '0.00', 'maintenance': '2.34', 'currency': 'USD', 'instrument_id': 'EUR/USD.IDEALPRO'}]",False,{}
99999.94,0.00,99999.94,USD,IDEALPRO-001,MARGIN,,[],False,{}
100000.00,0.00,100000.00,EUR,IDEALPRO-001,MARGIN,,[],False,{}
99999.94,0.00,99999.94,USD,IDEALPRO-001,MARGIN,,[],False,{}
100000.00,0.00,100000.00,EUR,IDEALPRO-001,MARGIN,,[],False,{}
99999.94,0.00,99999.94,USD,IDEALPRO-001,MARGIN,,[],False,{}
100000.00,0.00,100000.00,EUR,IDEALPRO-001,MARGIN,,[],False,{}
99999.94,0.00,99999.94,USD,IDEALPRO-001,MARGIN,,[],False,{}
100000.00,0.00,100000.00,EUR,IDEALPRO-001,MARGIN,,[],False,{}
99999.94,0.00,99999.94,USD,IDEALPRO-001,MARGIN,,[],False,{}
100000.00,0.00,100000.00,EUR,IDEALPRO-001,MARGIN,,[],False,{}
99999.94,0.00,99999.94,USD,IDEALPRO-001,MARGIN,,[],False,{}
100000.00,0.00,100000.00,EUR,IDEALPRO-001,MARGIN,,[],False,{}
99999.94,2.35,99997.59,USD,IDEALPRO-001,MARGIN,,"[{'type': 'MarginBalance', 'initial': '0.00', 'maintenance': '2.35', 'currency': 'USD', 'instrument_id': 'EUR/USD.IDEALPRO'}]",False,{}
100000.00,0.00,100000.00,EUR,IDEALPRO-001,MARGIN,,"[{'type': 'MarginBalance', 'initial': '0.00', 'maintenance': '2.35', 'currency': 'USD', 'instrument_id': 'EUR/USD.IDEALPRO'}]",False,{}
99999.94,2.35,99997.59,USD,IDEALPRO-001,MARGIN,,"[{'type': 'MarginBalance', 'initial': '0.00', 'maintenance': '2.35', 'currency': 'USD', 'instrument_id': 'EUR/USD.IDEALPRO'}]",False,{}
100000.00,0.00,100000.00,EUR,IDEALPRO-001,MARGIN,,"[{'type': 'MarginBalance', 'initial': '0.00', 'maintenance': '2.35', 'currency': 'USD', 'instrument_id': 'EUR/USD.IDEALPRO'}]",False,{}
99999.94,2.35,99997.59,USD,IDEALPRO-001,MARGIN,,"[{'type': 'MarginBalance', 'initial': '0.00', 'maintenance': '2.35', 'currency': 'USD', 'instrument_id': 'EUR/USD.IDEALPRO'}]",False,{}
100000.00,0.00,100000.00,EUR,IDEALPRO-001,MARGIN,,"[{'type': 'MarginBalance', 'initial': '0.00', 'maintenance': '2.35', 'currency': 'USD', 'instrument_id': 'EUR/USD.IDEALPRO'}]",False,{}
99999.88,0.00,99999.88,USD,IDEALPRO-001,MARGIN,,[],False,{}
100000.00,0.00,100000.00,EUR,IDEALPRO-001,MARGIN,,[],False,{}
99999.88,0.00,99999.88,USD,IDEALPRO-001,MARGIN,,[],False,{}
100000.00,0.00,100000.00,EUR,IDEALPRO-001,MARGIN,,[],False,{}
99999.88,0.00,99999.88,USD,IDEALPRO-001,MARGIN,,[],False,{}
100000.00,0.00,100000.00,EUR,IDEALPRO-001,MARGIN,,[],False,{}
99999.88,0.00,99999.88,USD,IDEALPRO-001,MARGIN,,[],False,{}
100000.00,0.00,100000.00,EUR,IDEALPRO-001,MARGIN,,[],False,{}
99999.88,0.00,99999.88,USD,IDEALPRO-001,MARGIN,,[],False,{}
100000.00,0.00,100000.00,EUR,IDEALPRO-001,MARGIN,,[],False,{}
99999.88,2.35,99997.53,USD,IDEALPRO-001,MARGIN,,"[{'type': 'MarginBalance', 'initial': '0.00', 'maintenance': '2.35', 'currency': 'USD', 'instrument_id': 'EUR/USD.IDEALPRO'}]",False,{}
100000.00,0.00,100000.00,EUR,IDEALPRO-001,MARGIN,,"[{'type': 'MarginBalance', 'initial': '0.00', 'maintenance': '2.35', 'currency': 'USD', 'instrument_id': 'EUR/USD.IDEALPRO'}]",False,{}
99999.88,2.35,99997.53,USD,IDEALPRO-001,MARGIN,,"[{'type': 'MarginBalance', 'initial': '0.00', 'maintenance': '2.35', 'currency': 'USD', 'instrument_id': 'EUR/USD.IDEALPRO'}]",False,{}
100000.00,0.00,100000.00,EUR,IDEALPRO-001,MARGIN,,"[{'type': 'MarginBalance', 'initial': '0.00', 'maintenance': '2.35', 'currency': 'USD', 'instrument_id': 'EUR/USD.IDEALPRO'}]",False,{}
99999.88,2.35,99997.53,USD,IDEALPRO-001,MARGIN,,"[{'type': 'MarginBalance', 'initial': '0.00', 'maintenance': '2.35', 'currency': 'USD', 'instrument_id': 'EUR/USD.IDEALPRO'}]",False,{}
100000.00,0.00,100000.00,EUR,IDEALPRO-001,MARGIN,,"[{'type': 'MarginBalance', 'initial': '0.00', 'maintenance': '2.35', 'currency': 'USD', 'instrument_id': 'EUR/USD.IDEALPRO'}]",False,{}
99999.88,2.35,99997.53,USD,IDEALPRO-001,MARGIN,,"[{'type': 'MarginBalance', 'initial': '0.00', 'maintenance': '2.35', 'currency': 'USD', 'instrument_id': 'EUR/USD.IDEALPRO'}]",False,{}
100000.00,0.00,100000.00,EUR,IDEALPRO-001,MARGIN,,"[{'type': 'MarginBalance', 'initial': '0.00', 'maintenance': '2.35', 'currency': 'USD', 'instrument_id': 'EUR/USD.IDEALPRO'}]",False,{}
99999.88,0.00,99999.88,USD,IDEALPRO-001,MARGIN,,[],False,{}
100000.00,0.00,100000.00,EUR,IDEALPRO-001,MARGIN,,[],False,{}
99999.88,0.00,99999.88,USD,IDEALPRO-001,MARGIN,,[],False,{}
100000.00,0.00,100000.00,EUR,IDEALPRO-001,MARGIN,,[],False,{}
99999.88,0.00,99999.88,USD,IDEALPRO-001,MARGIN,,[],False,{}
100000.00,0.00,100000.00,EUR,IDEALPRO-001,MARGIN,,[],False,{}
99999.88,0.00,99999.88,USD,IDEALPRO-001,MARGIN,,[],False,{}
100000.00,0.00,100000.00,EUR,IDEALPRO-001,MARGIN,,[],False,{}
99999.88,0.00,99999.88,USD,IDEALPRO-001,MARGIN,,[],False,{}
100000.00,0.00,100000.00,EUR,IDEALPRO-001,MARGIN,,[],False,{}
99999.88,0.00,99999.88,USD,IDEALPRO-001,MARGIN,,[],False,{}
100000.00,0.00,100000.00,EUR,IDEALPRO-001,MARGIN,,[],False,{}
99999.88,2.34,99997.54,USD,IDEALPRO-001,MARGIN,,"[{'type': 'MarginBalance', 'initial': '0.00', 'maintenance': '2.34', 'currency': 'USD', 'instrument_id': 'EUR/USD.IDEALPRO'}]",False,{}
100000.00,0.00,100000.00,EUR,IDEALPRO-001,MARGIN,,"[{'type': 'MarginBalance', 'initial': '0.00', 'maintenance': '2.34', 'currency': 'USD', 'instrument_id': 'EUR/USD.IDEALPRO'}]",False,{}
99999.88,2.34,99997.54,USD,IDEALPRO-001,MARGIN,,"[{'type': 'MarginBalance', 'initial': '0.00', 'maintenance': '2.34', 'currency': 'USD', 'instrument_id': 'EUR/USD.IDEALPRO'}]",False,{}
100000.00,0.00,100000.00,EUR,IDEALPRO-001,MARGIN,,"[{'type': 'MarginBalance', 'initial': '0.00', 'maintenance': '2.34', 'currency': 'USD', 'instrument_id': 'EUR/USD.IDEALPRO'}]",False,{}
99999.88,2.34,99997.54,USD,IDEALPRO-001,MARGIN,,"[{'type': 'MarginBalance', 'initial': '0.00', 'maintenance': '2.34', 'currency': 'USD', 'instrument_id': 'EUR/USD.IDEALPRO'}]",False,{}
100000.00,0.00,100000.00,EUR,IDEALPRO-001,MARGIN,,"[{'type': 'MarginBalance', 'initial': '0.00', 'maintenance': '2.34', 'currency': 'USD', 'instrument_id': 'EUR/USD.IDEALPRO'}]",False,{}
99999.82,0.00,99999.82,USD,IDEALPRO-001,MARGIN,,[],False,{}
100000.00,0.00,100000.00,EUR,IDEALPRO-001,MARGIN,,[],False,{}
99999.82,0.00,99999.82,USD,IDEALPRO-001,MARGIN,,[],False,{}
100000.00,0.00,100000.00,EUR,IDEALPRO-001,MARGIN,,[],False,{}
99999.82,0.00,99999.82,USD,IDEALPRO-001,MARGIN,,[],False,{}
100000.00,0.00,100000.00,EUR,IDEALPRO-001,MARGIN,,[],False,{}
99999.82,0.00,99999.82,USD,IDEALPRO-001,MARGIN,,[],False,{}
100000.00,0.00,100000.00,EUR,IDEALPRO-001,MARGIN,,[],False,{}
99999.82,0.00,99999.82,USD,IDEALPRO-001,MARGIN,,[],False,{}
100000.00,0.00,100000.00,EUR,IDEALPRO-001,MARGIN,,[],False,{}
99999.82,2.35,99997.47,USD,IDEALPRO-001,MARGIN,,"[{'type': 'MarginBalance', 'initial': '0.00', 'maintenance': '2.35', 'currency': 'USD', 'instrument_id': 'EUR/USD.IDEALPRO'}]",False,{}
100000.00,0.00,100000.00,EUR,IDEALPRO-001,MARGIN,,"[{'type': 'MarginBalance', 'initial': '0.00', 'maintenance': '2.35', 'currency': 'USD', 'instrument_id': 'EUR/USD.IDEALPRO'}]",False,{}
99999.82,2.35,99997.47,USD,IDEALPRO-001,MARGIN,,"[{'type': 'MarginBalance', 'initial': '0.00', 'maintenance': '2.35', 'currency': 'USD', 'instrument_id': 'EUR/USD.IDEALPRO'}]",False,{}
100000.00,0.00,100000.00,EUR,IDEALPRO-001,MARGIN,,"[{'type': 'MarginBalance', 'initial': '0.00', 'maintenance': '2.35', 'currency': 'USD', 'instrument_id': 'EUR/USD.IDEALPRO'}]",False,{}
99999.82,2.35,99997.47,USD,IDEALPRO-001,MARGIN,,"[{'type': 'MarginBalance', 'initial': '0.00', 'maintenance': '2.35', 'currency': 'USD', 'instrument_id': 'EUR/USD.IDEALPRO'}]",False,{}
100000.00,0.00,100000.00,EUR,IDEALPRO-001,MARGIN,,"[{'type': 'MarginBalance', 'initial': '0.00', 'maintenance': '2.35', 'currency': 'USD', 'instrument_id': 'EUR/USD.IDEALPRO'}]",False,{}
99999.82,2.35,99997.47,USD,IDEALPRO-001,MARGIN,,"[{'type': 'MarginBalance', 'initial': '0.00', 'maintenance': '2.35', 'currency': 'USD', 'instrument_id': 'EUR/USD.IDEALPRO'}]",False,{}
100000.00,0.00,100000.00,EUR,IDEALPRO-001,MARGIN,,"[{'type': 'MarginBalance', 'initial': '0.00', 'maintenance': '2.35', 'currency': 'USD', 'instrument_id': 'EUR/USD.IDEALPRO'}]",False,{}
99999.80,0.00,99999.80,USD,IDEALPRO-001,MARGIN,,[],False,{}
100000.00,0.00,100000.00,EUR,IDEALPRO-001,MARGIN,,[],False,{}
99999.80,0.00,99999.80,USD,IDEALPRO-001,MARGIN,,[],False,{}
100000.00,0.00,100000.00,EUR,IDEALPRO-001,MARGIN,,[],False,{}
99999.80,0.00,99999.80,USD,IDEALPRO-001,MARGIN,,[],False,{}
100000.00,0.00,100000.00,EUR,IDEALPRO-001,MARGIN,,[],False,{}
99999.80,0.00,99999.80,USD,IDEALPRO-001,MARGIN,,[],False,{}
100000.00,0.00,100000.00,EUR,IDEALPRO-001,MARGIN,,[],False,{}
99999.80,0.00,99999.80,USD,IDEALPRO-001,MARGIN,,[],False,{}
100000.00,0.00,100000.00,EUR,IDEALPRO-001,MARGIN,,[],False,{}
99999.80,0.00,99999.80,USD,IDEALPRO-001,MARGIN,,[],False,{}
100000.00,0.00,100000.00,EUR,IDEALPRO-001,MARGIN,,[],False,{}
99999.80,2.35,99997.45,USD,IDEALPRO-001,MARGIN,,"[{'type': 'MarginBalance', 'initial': '0.00', 'maintenance': '2.35', 'currency': 'USD', 'instrument_id': 'EUR/USD.IDEALPRO'}]",False,{}
100000.00,0.00,100000.00,EUR,IDEALPRO-001,MARGIN,,"[{'type': 'MarginBalance', 'initial': '0.00', 'maintenance': '2.35', 'currency': 'USD', 'instrument_id': 'EUR/USD.IDEALPRO'}]",False,{}
99999.80,2.35,99997.45,USD,IDEALPRO-001,MARGIN,,"[{'type': 'MarginBalance', 'initial': '0.00', 'maintenance': '2.35', 'currency': 'USD', 'instrument_id': 'EUR/USD.IDEALPRO'}]",False,{}
100000.00,0.00,100000.00,EUR,IDEALPRO-001,MARGIN,,"[{'type': 'MarginBalance', 'initial': '0.00', 'maintenance': '2.35', 'currency': 'USD', 'instrument_id': 'EUR/USD.IDEALPRO'}]",False,{}
99999.80,2.35,99997.45,USD,IDEALPRO-001,MARGIN,,"[{'type': 'MarginBalance', 'initial': '0.00', 'maintenance': '2.35', 'currency': 'USD', 'instrument_id': 'EUR/USD.IDEALPRO'}]",False,{}
100000.00,0.00,100000.00,EUR,IDEALPRO-001,MARGIN,,"[{'type': 'MarginBalance', 'initial': '0.00', 'maintenance': '2.35', 'currency': 'USD', 'instrument_id': 'EUR/USD.IDEALPRO'}]",False,{}
100000.10,0.00,100000.10,USD,IDEALPRO-001,MARGIN,,[],False,{}
100000.00,0.00,100000.00,EUR,IDEALPRO-001,MARGIN,,[],False,{}
100000.10,0.00,100000.10,USD,IDEALPRO-001,MARGIN,,[],False,{}
100000.00,0.00,100000.00,EUR,IDEALPRO-001,MARGIN,,[],False,{}
100000.10,0.00,100000.10,USD,IDEALPRO-001,MARGIN,,[],False,{}
100000.00,0.00,100000.00,EUR,IDEALPRO-001,MARGIN,,[],False,{}
100000.10,0.00,100000.10,USD,IDEALPRO-001,MARGIN,,[],False,{}
100000.00,0.00,100000.00,EUR,IDEALPRO-001,MARGIN,,[],False,{}
100000.10,0.00,100000.10,USD,IDEALPRO-001,MARGIN,,[],False,{}
100000.00,0.00,100000.00,EUR,IDEALPRO-001,MARGIN,,[],False,{}
100000.10,2.35,99997.75,USD,IDEALPRO-001,MARGIN,,"[{'type': 'MarginBalance', 'initial': '0.00', 'maintenance': '2.35', 'currency': 'USD', 'instrument_id': 'EUR/USD.IDEALPRO'}]",False,{}
100000.00,0.00,100000.00,EUR,IDEALPRO-001,MARGIN,,"[{'type': 'MarginBalance', 'initial': '0.00', 'maintenance': '2.35', 'currency': 'USD', 'instrument_id': 'EUR/USD.IDEALPRO'}]",False,{}
100000.10,2.35,99997.75,USD,IDEALPRO-001,MARGIN,,"[{'type': 'MarginBalance', 'initial': '0.00', 'maintenance': '2.35', 'currency': 'USD', 'instrument_id': 'EUR/USD.IDEALPRO'}]",False,{}
100000.00,0.00,100000.00,EUR,IDEALPRO-001,MARGIN,,"[{'type': 'MarginBalance', 'initial': '0.00', 'maintenance': '2.35', 'currency': 'USD', 'instrument_id': 'EUR/USD.IDEALPRO'}]",False,{}
100000.10,2.35,99997.75,USD,IDEALPRO-001,MARGIN,,"[{'type': 'MarginBalance', 'initial': '0.00', 'maintenance': '2.35', 'currency': 'USD', 'instrument_id': 'EUR/USD.IDEALPRO'}]",False,{}
100000.00,0.00,100000.00,EUR,IDEALPRO-001,MARGIN,,"[{'type': 'MarginBalance', 'initial': '0.00', 'maintenance': '2.35', 'currency': 'USD', 'instrument_id': 'EUR/USD.IDEALPRO'}]",False,{}
100000.10,2.35,99997.75,USD,IDEALPRO-001,MARGIN,,"[{'type': 'MarginBalance', 'initial': '0.00', 'maintenance': '2.35', 'currency': 'USD', 'instrument_id': 'EUR/USD.IDEALPRO'}]",False,{}
100000.00,0.00,100000.00,EUR,IDEALPRO-001,MARGIN,,"[{'type': 'MarginBalance', 'initial': '0.00', 'maintenance': '2.35', 'currency': 'USD', 'instrument_id': 'EUR/USD.IDEALPRO'}]",False,{}
100000.24,0.00,100000.24,USD,IDEALPRO-001,MARGIN,,[],False,{}
100000.00,0.00,100000.00,EUR,IDEALPRO-001,MARGIN,,[],False,{}
100000.24,0.00,100000.24,USD,IDEALPRO-001,MARGIN,,[],False,{}
100000.00,0.00,100000.00,EUR,IDEALPRO-001,MARGIN,,[],False,{}
100000.24,0.00,100000.24,USD,IDEALPRO-001,MARGIN,,[],False,{}
100000.00,0.00,100000.00,EUR,IDEALPRO-001,MARGIN,,[],False,{}
100000.24,0.00,100000.24,USD,IDEALPRO-001,MARGIN,,[],False,{}
100000.00,0.00,100000.00,EUR,IDEALPRO-001,MARGIN,,[],False,{}
100000.24,0.00,100000.24,USD,IDEALPRO-001,MARGIN,,[],False,{}
100000.00,0.00,100000.00,EUR,IDEALPRO-001,MARGIN,,[],False,{}
100000.24,0.00,100000.24,USD,IDEALPRO-001,MARGIN,,[],False,{}
100000.00,0.00,100000.00,EUR,IDEALPRO-001,MARGIN,,[],False,{}
100000.24,2.35,99997.89,USD,IDEALPRO-001,MARGIN,,"[{'type': 'MarginBalance', 'initial': '0.00', 'maintenance': '2.35', 'currency': 'USD', 'instrument_id': 'EUR/USD.IDEALPRO'}]",False,{}
100000.00,0.00,100000.00,EUR,IDEALPRO-001,MARGIN,,"[{'type': 'MarginBalance', 'initial': '0.00', 'maintenance': '2.35', 'currency': 'USD', 'instrument_id': 'EUR/USD.IDEALPRO'}]",False,{}
100000.24,2.35,99997.89,USD,IDEALPRO-001,MARGIN,,"[{'type': 'MarginBalance', 'initial': '0.00', 'maintenance': '2.35', 'currency': 'USD', 'instrument_id': 'EUR/USD.IDEALPRO'}]",False,{}
100000.00,0.00,100000.00,EUR,IDEALPRO-001,MARGIN,,"[{'type': 'MarginBalance', 'initial': '0.00', 'maintenance': '2.35', 'currency': 'USD', 'instrument_id': 'EUR/USD.IDEALPRO'}]",False,{}
100000.24,2.35,99997.89,USD,IDEALPRO-001,MARGIN,,"[{'type': 'MarginBalance', 'initial': '0.00', 'maintenance': '2.35', 'currency': 'USD', 'instrument_id': 'EUR/USD.IDEALPRO'}]",False,{}
100000.00,0.00,100000.00,EUR,IDEALPRO-001,MARGIN,,"[{'type': 'MarginBalance', 'initial': '0.00', 'maintenance': '2.35', 'currency': 'USD', 'instrument_id': 'EUR/USD.IDEALPRO'}]",False,{}
100000.24,2.35,99997.89,USD,IDEALPRO-001,MARGIN,,"[{'type': 'MarginBalance', 'initial': '0.00', 'maintenance': '2.35', 'currency': 'USD', 'instrument_id': 'EUR/USD.IDEALPRO'}]",False,{}
100000.00,0.00,100000.00,EUR,IDEALPRO-001,MARGIN,,"[{'type': 'MarginBalance', 'initial': '0.00', 'maintenance': '2.35', 'currency': 'USD', 'instrument_id': 'EUR/USD.IDEALPRO'}]",False,{}
100000.23,0.00,100000.23,USD,IDEALPRO-001,MARGIN,,[],False,{}
100000.00,0.00,100000.00,EUR,IDEALPRO-001,MARGIN,,[],False,{}
100000.23,0.00,100000.23,USD,IDEALPRO-001,MARGIN,,[],False,{}
100000.00,0.00,100000.00,EUR,IDEALPRO-001,MARGIN,,[],False,{}
100000.23,0.00,100000.23,USD,IDEALPRO-001,MARGIN,,[],False,{}
100000.00,0.00,100000.00,EUR,IDEALPRO-001,MARGIN,,[],False,{}
100000.23,0.00,100000.23,USD,IDEALPRO-001,MARGIN,,[],False,{}
100000.00,0.00,100000.00,EUR,IDEALPRO-001,MARGIN,,[],False,{}
100000.23,0.00,100000.23,USD,IDEALPRO-001,MARGIN,,[],False,{}
100000.00,0.00,100000.00,EUR,IDEALPRO-001,MARGIN,,[],False,{}
100000.23,0.00,100000.23,USD,IDEALPRO-001,MARGIN,,[],False,{}
100000.00,0.00,100000.00,EUR,IDEALPRO-001,MARGIN,,[],False,{}
100000.23,2.35,99997.88,USD,IDEALPRO-001,MARGIN,,"[{'type': 'MarginBalance', 'initial': '0.00', 'maintenance': '2.35', 'currency': 'USD', 'instrument_id': 'EUR/USD.IDEALPRO'}]",False,{}
100000.00,0.00,100000.00,EUR,IDEALPRO-001,MARGIN,,"[{'type': 'MarginBalance', 'initial': '0.00', 'maintenance': '2.35', 'currency': 'USD', 'instrument_id': 'EUR/USD.IDEALPRO'}]",False,{}
100000.23,2.35,99997.88,USD,IDEALPRO-001,MARGIN,,"[{'type': 'MarginBalance', 'initial': '0.00', 'maintenance': '2.35', 'currency': 'USD', 'instrument_id': 'EUR/USD.IDEALPRO'}]",False,{}
100000.00,0.00,100000.00,EUR,IDEALPRO-001,MARGIN,,"[{'type': 'MarginBalance', 'initial': '0.00', 'maintenance': '2.35', 'currency': 'USD', 'instrument_id': 'EUR/USD.IDEALPRO'}]",False,{}
100000.23,2.35,99997.88,USD,IDEALPRO-001,MARGIN,,"[{'type': 'MarginBalance', 'initial': '0.00', 'maintenance': '2.35', 'currency': 'USD', 'instrument_id': 'EUR/USD.IDEALPRO'}]",False,{}
100000.00,0.00,100000.00,EUR,IDEALPRO-001,MARGIN,,"[{'type': 'MarginBalance', 'initial': '0.00', 'maintenance': '2.35', 'currency': 'USD', 'instrument_id': 'EUR/USD.IDEALPRO'}]",False,{}
100000.23,2.35,99997.88,USD,IDEALPRO-001,MARGIN,,"[{'type': 'MarginBalance', 'initial': '0.00', 'maintenance': '2.35', 'currency': 'USD', 'instrument_id': 'EUR/USD.IDEALPRO'}]",False,{}
100000.00,0.00,100000.00,EUR,IDEALPRO-001,MARGIN,,"[{'type': 'MarginBalance', 'initial': '0.00', 'maintenance': '2.35', 'currency': 'USD', 'instrument_id': 'EUR/USD.IDEALPRO'}]",False,{}
100000.19,0.00,100000.19,USD,IDEALPRO-001,MARGIN,,[],False,{}
100000.00,0.00,100000.00,EUR,IDEALPRO-001,MARGIN,,[],False,{}
100000.19,0.00,100000.19,USD,IDEALPRO-001,MARGIN,,[],False,{}
100000.00,0.00,100000.00,EUR,IDEALPRO-001,MARGIN,,[],False,{}
100000.19,0.00,100000.19,USD,IDEALPRO-001,MARGIN,,[],False,{}
100000.00,0.00,100000.00,EUR,IDEALPRO-001,MARGIN,,[],False,{}
100000.19,0.00,100000.19,USD,IDEALPRO-001,MARGIN,,[],False,{}
100000.00,0.00,100000.00,EUR,IDEALPRO-001,MARGIN,,[],False,{}
100000.19,0.00,100000.19,USD,IDEALPRO-001,MARGIN,,[],False,{}
100000.00,0.00,100000.00,EUR,IDEALPRO-001,MARGIN,,[],False,{}
100000.19,0.00,100000.19,USD,IDEALPRO-001,MARGIN,,[],False,{}
100000.00,0.00,100000.00,EUR,IDEALPRO-001,MARGIN,,[],False,{}
100000.19,2.35,99997.84,USD,IDEALPRO-001,MARGIN,,"[{'type': 'MarginBalance', 'initial': '0.00', 'maintenance': '2.35', 'currency': 'USD', 'instrument_id': 'EUR/USD.IDEALPRO'}]",False,{}
100000.00,0.00,100000.00,EUR,IDEALPRO-001,MARGIN,,"[{'type': 'MarginBalance', 'initial': '0.00', 'maintenance': '2.35', 'currency': 'USD', 'instrument_id': 'EUR/USD.IDEALPRO'}]",False,{}
100000.19,2.35,99997.84,USD,IDEALPRO-001,MARGIN,,"[{'type': 'MarginBalance', 'initial': '0.00', 'maintenance': '2.35', 'currency': 'USD', 'instrument_id': 'EUR/USD.IDEALPRO'}]",False,{}
100000.00,0.00,100000.00,EUR,IDEALPRO-001,MARGIN,,"[{'type': 'MarginBalance', 'initial': '0.00', 'maintenance': '2.35', 'currency': 'USD', 'instrument_id': 'EUR/USD.IDEALPRO'}]",False,{}
100000.19,2.35,99997.84,USD,IDEALPRO-001,MARGIN,,"[{'type': 'MarginBalance', 'initial': '0.00', 'maintenance': '2.35', 'currency': 'USD', 'instrument_id': 'EUR/USD.IDEALPRO'}]",False,{}
100000.00,0.00,100000.00,EUR,IDEALPRO-001,MARGIN,,"[{'type': 'MarginBalance', 'initial': '0.00', 'maintenance': '2.35', 'currency': 'USD', 'instrument_id': 'EUR/USD.IDEALPRO'}]",False,{}
100000.19,2.35,99997.84,USD,IDEALPRO-001,MARGIN,,"[{'type': 'MarginBalance', 'initial': '0.00', 'maintenance': '2.35', 'currency': 'USD', 'instrument_id': 'EUR/USD.IDEALPRO'}]",False,{}
100000.00,0.00,100000.00,EUR,IDEALPRO-001,MARGIN,,"[{'type': 'MarginBalance', 'initial': '0.00', 'maintenance': '2.35', 'currency': 'USD', 'instrument_id': 'EUR/USD.IDEALPRO'}]",False,{}
100000.39,0.00,100000.39,USD,IDEALPRO-001,MARGIN,,[],False,{}
100000.00,0.00,100000.00,EUR,IDEALPRO-001,MARGIN,,[],False,{}
100000.39,0.00,100000.39,USD,IDEALPRO-001,MARGIN,,[],False,{}
100000.00,0.00,100000.00,EUR,IDEALPRO-001,MARGIN,,[],False,{}
100000.39,0.00,100000.39,USD,IDEALPRO-001,MARGIN,,[],False,{}
100000.00,0.00,100000.00,EUR,IDEALPRO-001,MARGIN,,[],False,{}
100000.39,0.00,100000.39,USD,IDEALPRO-001,MARGIN,,[],False,{}
100000.00,0.00,100000.00,EUR,IDEALPRO-001,MARGIN,,[],False,{}
100000.39,0.00,100000.39,USD,IDEALPRO-001,MARGIN,,[],False,{}
100000.00,0.00,100000.00,EUR,IDEALPRO-001,MARGIN,,[],False,{}
100000.39,0.00,100000.39,USD,IDEALPRO-001,MARGIN,,[],False,{}
100000.00,0.00,100000.00,EUR,IDEALPRO-001,MARGIN,,[],False,{}
100000.39,2.35,99998.04,USD,IDEALPRO-001,MARGIN,,"[{'type': 'MarginBalance', 'initial': '0.00', 'maintenance': '2.35', 'currency': 'USD', 'instrument_id': 'EUR/USD.IDEALPRO'}]",False,{}
100000.00,0.00,100000.00,EUR,IDEALPRO-001,MARGIN,,"[{'type': 'MarginBalance', 'initial': '0.00', 'maintenance': '2.35', 'currency': 'USD', 'instrument_id': 'EUR/USD.IDEALPRO'}]",False,{}
100000.39,2.35,99998.04,USD,IDEALPRO-001,MARGIN,,"[{'type': 'MarginBalance', 'initial': '0.00', 'maintenance': '2.35', 'currency': 'USD', 'instrument_id': 'EUR/USD.IDEALPRO'}]",False,{}
100000.00,0.00,100000.00,EUR,IDEALPRO-001,MARGIN,,"[{'type': 'MarginBalance', 'initial': '0.00', 'maintenance': '2.35', 'currency': 'USD', 'instrument_id': 'EUR/USD.IDEALPRO'}]",False,{}
100000.39,2.35,99998.04,USD,IDEALPRO-001,MARGIN,,"[{'type': 'MarginBalance', 'initial': '0.00', 'maintenance': '2.35', 'currency': 'USD', 'instrument_id': 'EUR/USD.IDEALPRO'}]",False,{}
100000.00,0.00,100000.00,EUR,IDEALPRO-001,MARGIN,,"[{'type': 'MarginBalance', 'initial': '0.00', 'maintenance': '2.35', 'currency': 'USD', 'instrument_id': 'EUR/USD.IDEALPRO'}]",False,{}
100000.39,2.35,99998.04,USD,IDEALPRO-001,MARGIN,,"[{'type': 'MarginBalance', 'initial': '0.00', 'maintenance': '2.35', 'currency': 'USD', 'instrument_id': 'EUR/USD.IDEALPRO'}]",False,{}
100000.00,0.00,100000.00,EUR,IDEALPRO-001,MARGIN,,"[{'type': 'MarginBalance', 'initial': '0.00', 'maintenance': '2.35', 'currency': 'USD', 'instrument_id': 'EUR/USD.IDEALPRO'}]",False,{}
100000.54,0.00,100000.54,USD,IDEALPRO-001,MARGIN,,[],False,{}
100000.00,0.00,100000.00,EUR,IDEALPRO-001,MARGIN,,[],False,{}
100000.54,0.00,100000.54,USD,IDEALPRO-001,MARGIN,,[],False,{}
100000.00,0.00,100000.00,EUR,IDEALPRO-001,MARGIN,,[],False,{}
100000.54,0.00,100000.54,USD,IDEALPRO-001,MARGIN,,[],False,{}
100000.00,0.00,100000.00,EUR,IDEALPRO-001,MARGIN,,[],False,{}
100000.54,0.00,100000.54,USD,IDEALPRO-001,MARGIN,,[],False,{}
100000.00,0.00,100000.00,EUR,IDEALPRO-001,MARGIN,,[],False,{}
100000.54,0.00,100000.54,USD,IDEALPRO-001,MARGIN,,[],False,{}
100000.00,0.00,100000.00,EUR,IDEALPRO-001,MARGIN,,[],False,{}
100000.54,0.00,100000.54,USD,IDEALPRO-001,MARGIN,,[],False,{}
100000.00,0.00,100000.00,EUR,IDEALPRO-001,MARGIN,,[],False,{}
100000.54,2.34,99998.20,USD,IDEALPRO-001,MARGIN,,"[{'type': 'MarginBalance', 'initial': '0.00', 'maintenance': '2.34', 'currency': 'USD', 'instrument_id': 'EUR/USD.IDEALPRO'}]",False,{}
100000.00,0.00,100000.00,EUR,IDEALPRO-001,MARGIN,,"[{'type': 'MarginBalance', 'initial': '0.00', 'maintenance': '2.34', 'currency': 'USD', 'instrument_id': 'EUR/USD.IDEALPRO'}]",False,{}
100000.54,2.34,99998.20,USD,IDEALPRO-001,MARGIN,,"[{'type': 'MarginBalance', 'initial': '0.00', 'maintenance': '2.34', 'currency': 'USD', 'instrument_id': 'EUR/USD.IDEALPRO'}]",False,{}
100000.00,0.00,100000.00,EUR,IDEALPRO-001,MARGIN,,"[{'type': 'MarginBalance', 'initial': '0.00', 'maintenance': '2.34', 'currency': 'USD', 'instrument_id': 'EUR/USD.IDEALPRO'}]",False,{}
100000.54,2.34,99998.20,USD,IDEALPRO-001,MARGIN,,"[{'type': 'MarginBalance', 'initial': '0.00', 'maintenance': '2.34', 'currency': 'USD', 'instrument_id': 'EUR/USD.IDEALPRO'}]",False,{}
100000.00,0.00,100000.00,EUR,IDEALPRO-001,MARGIN,,"[{'type': 'MarginBalance', 'initial': '0.00', 'maintenance': '2.34', 'currency': 'USD', 'instrument_id': 'EUR/USD.IDEALPRO'}]",False,{}
100000.54,2.34,99998.20,USD,IDEALPRO-001,MARGIN,,"[{'type': 'MarginBalance', 'initial': '0.00', 'maintenance': '2.34', 'currency': 'USD', 'instrument_id': 'EUR/USD.IDEALPRO'}]",False,{}
100000.00,0.00,100000.00,EUR,IDEALPRO-001,MARGIN,,"[{'type': 'MarginBalance', 'initial': '0.00', 'maintenance': '2.34', 'currency': 'USD', 'instrument_id': 'EUR/USD.IDEALPRO'}]",False,{}
100000.55,0.00,100000.55,USD,IDEALPRO-001,MARGIN,,[],False,{}
100000.00,0.00,100000.00,EUR,IDEALPRO-001,MARGIN,,[],False,{}
100000.55,0.00,100000.55,USD,IDEALPRO-001,MARGIN,,[],False,{}
100000.00,0.00,100000.00,EUR,IDEALPRO-001,MARGIN,,[],False,{}
100000.55,0.00,100000.55,USD,IDEALPRO-001,MARGIN,,[],False,{}
100000.00,0.00,100000.00,EUR,IDEALPRO-001,MARGIN,,[],False,{}
100000.55,0.00,100000.55,USD,IDEALPRO-001,MARGIN,,[],False,{}
100000.00,0.00,100000.00,EUR,IDEALPRO-001,MARGIN,,[],False,{}
100000.55,0.00,100000.55,USD,IDEALPRO-001,MARGIN,,[],False,{}
100000.00,0.00,100000.00,EUR,IDEALPRO-001,MARGIN,,[],False,{}
100000.55,0.00,100000.55,USD,IDEALPRO-001,MARGIN,,[],False,{}
100000.00,0.00,100000.00,EUR,IDEALPRO-001,MARGIN,,[],False,{}
100000.55,2.34,99998.21,USD,IDEALPRO-001,MARGIN,,"[{'type': 'MarginBalance', 'initial': '0.00', 'maintenance': '2.34', 'currency': 'USD', 'instrument_id': 'EUR/USD.IDEALPRO'}]",False,{}
100000.00,0.00,100000.00,EUR,IDEALPRO-001,MARGIN,,"[{'type': 'MarginBalance', 'initial': '0.00', 'maintenance': '2.34', 'currency': 'USD', 'instrument_id': 'EUR/USD.IDEALPRO'}]",False,{}
100000.55,2.34,99998.21,USD,IDEALPRO-001,MARGIN,,"[{'type': 'MarginBalance', 'initial': '0.00', 'maintenance': '2.34', 'currency': 'USD', 'instrument_id': 'EUR/USD.IDEALPRO'}]",False,{}
100000.00,0.00,100000.00,EUR,IDEALPRO-001,MARGIN,,"[{'type': 'MarginBalance', 'initial': '0.00', 'maintenance': '2.34', 'currency': 'USD', 'instrument_id': 'EUR/USD.IDEALPRO'}]",False,{}
100000.55,2.34,99998.21,USD,IDEALPRO-001,MARGIN,,"[{'type': 'MarginBalance', 'initial': '0.00', 'maintenance': '2.34', 'currency': 'USD', 'instrument_id': 'EUR/USD.IDEALPRO'}]",False,{}
100000.00,0.00,100000.00,EUR,IDEALPRO-001,MARGIN,,"[{'type': 'MarginBalance', 'initial': '0.00', 'maintenance': '2.34', 'currency': 'USD', 'instrument_id': 'EUR/USD.IDEALPRO'}]",False,{}
100000.55,2.34,99998.21,USD,IDEALPRO-001,MARGIN,,"[{'type': 'MarginBalance', 'initial': '0.00', 'maintenance': '2.34', 'currency': 'USD', 'instrument_id': 'EUR/USD.IDEALPRO'}]",False,{}
100000.00,0.00,100000.00,EUR,IDEALPRO-001,MARGIN,,"[{'type': 'MarginBalance', 'initial': '0.00', 'maintenance': '2.34', 'currency': 'USD', 'instrument_id': 'EUR/USD.IDEALPRO'}]",False,{}
100000.53,0.00,100000.53,USD,IDEALPRO-001,MARGIN,,[],False,{}
100000.00,0.00,100000.00,EUR,IDEALPRO-001,MARGIN,,[],False,{}
100000.53,0.00,100000.53,USD,IDEALPRO-001,MARGIN,,[],False,{}
100000.00,0.00,100000.00,EUR,IDEALPRO-001,MARGIN,,[],False,{}
100000.53,0.00,100000.53,USD,IDEALPRO-001,MARGIN,,[],False,{}
100000.00,0.00,100000.00,EUR,IDEALPRO-001,MARGIN,,[],False,{}
100000.53,0.00,100000.53,USD,IDEALPRO-001,MARGIN,,[],False,{}
100000.00,0.00,100000.00,EUR,IDEALPRO-001,MARGIN,,[],False,{}
100000.53,0.00,100000.53,USD,IDEALPRO-001,MARGIN,,[],False,{}
100000.00,0.00,100000.00,EUR,IDEALPRO-001,MARGIN,,[],False,{}
100000.53,0.00,100000.53,USD,IDEALPRO-001,MARGIN,,[],False,{}
100000.00,0.00,100000.00,EUR,IDEALPRO-001,MARGIN,,[],False,{}
100000.53,2.34,99998.19,USD,IDEALPRO-001,MARGIN,,"[{'type': 'MarginBalance', 'initial': '0.00', 'maintenance': '2.34', 'currency': 'USD', 'instrument_id': 'EUR/USD.IDEALPRO'}]",False,{}
100000.00,0.00,100000.00,EUR,IDEALPRO-001,MARGIN,,"[{'type': 'MarginBalance', 'initial': '0.00', 'maintenance': '2.34', 'currency': 'USD', 'instrument_id': 'EUR/USD.IDEALPRO'}]",False,{}
100000.53,2.34,99998.19,USD,IDEALPRO-001,MARGIN,,"[{'type': 'MarginBalance', 'initial': '0.00', 'maintenance': '2.34', 'currency': 'USD', 'instrument_id': 'EUR/USD.IDEALPRO'}]",False,{}
100000.00,0.00,100000.00,EUR,IDEALPRO-001,MARGIN,,"[{'type': 'MarginBalance', 'initial': '0.00', 'maintenance': '2.34', 'currency': 'USD', 'instrument_id': 'EUR/USD.IDEALPRO'}]",False,{}
100000.53,2.34,99998.19,USD,IDEALPRO-001,MARGIN,,"[{'type': 'MarginBalance', 'initial': '0.00', 'maintenance': '2.34', 'currency': 'USD', 'instrument_id': 'EUR/USD.IDEALPRO'}]",False,{}
100000.00,0.00,100000.00,EUR,IDEALPRO-001,MARGIN,,"[{'type': 'MarginBalance', 'initial': '0.00', 'maintenance': '2.34', 'currency': 'USD', 'instrument_id': 'EUR/USD.IDEALPRO'}]",False,{}
100000.53,2.34,99998.19,USD,IDEALPRO-001,MARGIN,,"[{'type': 'MarginBalance', 'initial': '0.00', 'maintenance': '2.34', 'currency': 'USD', 'instrument_id': 'EUR/USD.IDEALPRO'}]",False,{}
100000.00,0.00,100000.00,EUR,IDEALPRO-001,MARGIN,,"[{'type': 'MarginBalance', 'initial': '0.00', 'maintenance': '2.34', 'currency': 'USD', 'instrument_id': 'EUR/USD.IDEALPRO'}]",False,{}
100000.50,0.00,100000.50,USD,IDEALPRO-001,MARGIN,,[],False,{}
100000.00,0.00,100000.00,EUR,IDEALPRO-001,MARGIN,,[],False,{}
100000.50,0.00,100000.50,USD,IDEALPRO-001,MARGIN,,[],False,{}
100000.00,0.00,100000.00,EUR,IDEALPRO-001,MARGIN,,[],False,{}
100000.50,0.00,100000.50,USD,IDEALPRO-001,MARGIN,,[],False,{}
100000.00,0.00,100000.00,EUR,IDEALPRO-001,MARGIN,,[],False,{}
100000.50,0.00,100000.50,USD,IDEALPRO-001,MARGIN,,[],False,{}
100000.00,0.00,100000.00,EUR,IDEALPRO-001,MARGIN,,[],False,{}
100000.50,0.00,100000.50,USD,IDEALPRO-001,MARGIN,,[],False,{}
100000.00,0.00,100000.00,EUR,IDEALPRO-001,MARGIN,,[],False,{}
100000.50,0.00,100000.50,USD,IDEALPRO-001,MARGIN,,[],False,{}
100000.00,0.00,100000.00,EUR,IDEALPRO-001,MARGIN,,[],False,{}
100000.50,2.34,99998.16,USD,IDEALPRO-001,MARGIN,,"[{'type': 'MarginBalance', 'initial': '0.00', 'maintenance': '2.34', 'currency': 'USD', 'instrument_id': 'EUR/USD.IDEALPRO'}]",False,{}
100000.00,0.00,100000.00,EUR,IDEALPRO-001,MARGIN,,"[{'type': 'MarginBalance', 'initial': '0.00', 'maintenance': '2.34', 'currency': 'USD', 'instrument_id': 'EUR/USD.IDEALPRO'}]",False,{}
100000.50,2.34,99998.16,USD,IDEALPRO-001,MARGIN,,"[{'type': 'MarginBalance', 'initial': '0.00', 'maintenance': '2.34', 'currency': 'USD', 'instrument_id': 'EUR/USD.IDEALPRO'}]",False,{}
100000.00,0.00,100000.00,EUR,IDEALPRO-001,MARGIN,,"[{'type': 'MarginBalance', 'initial': '0.00', 'maintenance': '2.34', 'currency': 'USD', 'instrument_id': 'EUR/USD.IDEALPRO'}]",False,{}
100000.50,2.34,99998.16,USD,IDEALPRO-001,MARGIN,,"[{'type': 'MarginBalance', 'initial': '0.00', 'maintenance': '2.34', 'currency': 'USD', 'instrument_id': 'EUR/USD.IDEALPRO'}]",False,{}
100000.00,0.00,100000.00,EUR,IDEALPRO-001,MARGIN,,"[{'type': 'MarginBalance', 'initial': '0.00', 'maintenance': '2.34', 'currency': 'USD', 'instrument_id': 'EUR/USD.IDEALPRO'}]",False,{}
100000.50,2.34,99998.16,USD,IDEALPRO-001,MARGIN,,"[{'type': 'MarginBalance', 'initial': '0.00', 'maintenance': '2.34', 'currency': 'USD', 'instrument_id': 'EUR/USD.IDEALPRO'}]",False,{}
100000.00,0.00,100000.00,EUR,IDEALPRO-001,MARGIN,,"[{'type': 'MarginBalance', 'initial': '0.00', 'maintenance': '2.34', 'currency': 'USD', 'instrument_id': 'EUR/USD.IDEALPRO'}]",False,{}
100000.51,0.00,100000.51,USD,IDEALPRO-001,MARGIN,,[],False,{}
100000.00,0.00,100000.00,EUR,IDEALPRO-001,MARGIN,,[],False,{}
100000.51,0.00,100000.51,USD,IDEALPRO-001,MARGIN,,[],False,{}
100000.00,0.00,100000.00,EUR,IDEALPRO-001,MARGIN,,[],False,{}
100000.51,0.00,100000.51,USD,IDEALPRO-001,MARGIN,,[],False,{}
100000.00,0.00,100000.00,EUR,IDEALPRO-001,MARGIN,,[],False,{}
100000.51,0.00,100000.51,USD,IDEALPRO-001,MARGIN,,[],False,{}
100000.00,0.00,100000.00,EUR,IDEALPRO-001,MARGIN,,[],False,{}
100000.51,0.00,100000.51,USD,IDEALPRO-001,MARGIN,,[],False,{}
100000.00,0.00,100000.00,EUR,IDEALPRO-001,MARGIN,,[],False,{}
100000.51,0.00,100000.51,USD,IDEALPRO-001,MARGIN,,[],False,{}
100000.00,0.00,100000.00,EUR,IDEALPRO-001,MARGIN,,[],False,{}
100000.51,2.34,99998.17,USD,IDEALPRO-001,MARGIN,,"[{'type': 'MarginBalance', 'initial': '0.00', 'maintenance': '2.34', 'currency': 'USD', 'instrument_id': 'EUR/USD.IDEALPRO'}]",False,{}
100000.00,0.00,100000.00,EUR,IDEALPRO-001,MARGIN,,"[{'type': 'MarginBalance', 'initial': '0.00', 'maintenance': '2.34', 'currency': 'USD', 'instrument_id': 'EUR/USD.IDEALPRO'}]",False,{}
100000.51,2.34,99998.17,USD,IDEALPRO-001,MARGIN,,"[{'type': 'MarginBalance', 'initial': '0.00', 'maintenance': '2.34', 'currency': 'USD', 'instrument_id': 'EUR/USD.IDEALPRO'}]",False,{}
100000.00,0.00,100000.00,EUR,IDEALPRO-001,MARGIN,,"[{'type': 'MarginBalance', 'initial': '0.00', 'maintenance': '2.34', 'currency': 'USD', 'instrument_id': 'EUR/USD.IDEALPRO'}]",False,{}
100000.51,2.34,99998.17,USD,IDEALPRO-001,MARGIN,,"[{'type': 'MarginBalance', 'initial': '0.00', 'maintenance': '2.34', 'currency': 'USD', 'instrument_id': 'EUR/USD.IDEALPRO'}]",False,{}
100000.00,0.00,100000.00,EUR,IDEALPRO-001,MARGIN,,"[{'type': 'MarginBalance', 'initial': '0.00', 'maintenance': '2.34', 'currency': 'USD', 'instrument_id': 'EUR/USD.IDEALPRO'}]",False,{}
100000.51,2.34,99998.17,USD,IDEALPRO-001,MARGIN,,"[{'type': 'MarginBalance', 'initial': '0.00', 'maintenance': '2.34', 'currency': 'USD', 'instrument_id': 'EUR/USD.IDEALPRO'}]",False,{}
100000.00,0.00,100000.00,EUR,IDEALPRO-001,MARGIN,,"[{'type': 'MarginBalance', 'initial': '0.00', 'maintenance': '2.34', 'currency': 'USD', 'instrument_id': 'EUR/USD.IDEALPRO'}]",False,{}
100000.56,0.00,100000.56,USD,IDEALPRO-001,MARGIN,,[],False,{}
100000.00,0.00,100000.00,EUR,IDEALPRO-001,MARGIN,,[],False,{}
100000.56,0.00,100000.56,USD,IDEALPRO-001,MARGIN,,[],False,{}
100000.00,0.00,100000.00,EUR,IDEALPRO-001,MARGIN,,[],False,{}
100000.56,0.00,100000.56,USD,IDEALPRO-001,MARGIN,,[],False,{}
100000.00,0.00,100000.00,EUR,IDEALPRO-001,MARGIN,,[],False,{}
100000.56,0.00,100000.56,USD,IDEALPRO-001,MARGIN,,[],False,{}
100000.00,0.00,100000.00,EUR,IDEALPRO-001,MARGIN,,[],False,{}
100000.56,0.00,100000.56,USD,IDEALPRO-001,MARGIN,,[],False,{}
100000.00,0.00,100000.00,EUR,IDEALPRO-001,MARGIN,,[],False,{}
100000.56,0.00,100000.56,USD,IDEALPRO-001,MARGIN,,[],False,{}
100000.00,0.00,100000.00,EUR,IDEALPRO-001,MARGIN,,[],False,{}
100000.56,2.34,99998.22,USD,IDEALPRO-001,MARGIN,,"[{'type': 'MarginBalance', 'initial': '0.00', 'maintenance': '2.34', 'currency': 'USD', 'instrument_id': 'EUR/USD.IDEALPRO'}]",False,{}
100000.00,0.00,100000.00,EUR,IDEALPRO-001,MARGIN,,"[{'type': 'MarginBalance', 'initial': '0.00', 'maintenance': '2.34', 'currency': 'USD', 'instrument_id': 'EUR/USD.IDEALPRO'}]",False,{}
100000.56,2.34,99998.22,USD,IDEALPRO-001,MARGIN,,"[{'type': 'MarginBalance', 'initial': '0.00', 'maintenance': '2.34', 'currency': 'USD', 'instrument_id': 'EUR/USD.IDEALPRO'}]",False,{}
100000.00,0.00,100000.00,EUR,IDEALPRO-001,MARGIN,,"[{'type': 'MarginBalance', 'initial': '0.00', 'maintenance': '2.34', 'currency': 'USD', 'instrument_id': 'EUR/USD.IDEALPRO'}]",False,{}
100000.56,2.34,99998.22,USD,IDEALPRO-001,MARGIN,,"[{'type': 'MarginBalance', 'initial': '0.00', 'maintenance': '2.34', 'currency': 'USD', 'instrument_id': 'EUR/USD.IDEALPRO'}]",False,{}
100000.00,0.00,100000.00,EUR,IDEALPRO-001,MARGIN,,"[{'type': 'MarginBalance', 'initial': '0.00', 'maintenance': '2.34', 'currency': 'USD', 'instrument_id': 'EUR/USD.IDEALPRO'}]",False,{}
100000.56,2.34,99998.22,USD,IDEALPRO-001,MARGIN,,"[{'type': 'MarginBalance', 'initial': '0.00', 'maintenance': '2.34', 'currency': 'USD', 'instrument_id': 'EUR/USD.IDEALPRO'}]",False,{}
100000.00,0.00,100000.00,EUR,IDEALPRO-001,MARGIN,,"[{'type': 'MarginBalance', 'initial': '0.00', 'maintenance': '2.34', 'currency': 'USD', 'instrument_id': 'EUR/USD.IDEALPRO'}]",False,{}
100000.52,0.00,100000.52,USD,IDEALPRO-001,MARGIN,,[],False,{}
100000.00,0.00,100000.00,EUR,IDEALPRO-001,MARGIN,,[],False,{}
100000.52,0.00,100000.52,USD,IDEALPRO-001,MARGIN,,[],False,{}
100000.00,0.00,100000.00,EUR,IDEALPRO-001,MARGIN,,[],False,{}
100000.52,0.00,100000.52,USD,IDEALPRO-001,MARGIN,,[],False,{}
100000.00,0.00,100000.00,EUR,IDEALPRO-001,MARGIN,,[],False,{}
100000.52,0.00,100000.52,USD,IDEALPRO-001,MARGIN,,[],False,{}
100000.00,0.00,100000.00,EUR,IDEALPRO-001,MARGIN,,[],False,{}
100000.52,0.00,100000.52,USD,IDEALPRO-001,MARGIN,,[],False,{}
100000.00,0.00,100000.00,EUR,IDEALPRO-001,MARGIN,,[],False,{}
100000.52,0.00,100000.52,USD,IDEALPRO-001,MARGIN,,[],False,{}
100000.00,0.00,100000.00,EUR,IDEALPRO-001,MARGIN,,[],False,{}
100000.52,2.34,99998.18,USD,IDEALPRO-001,MARGIN,,"[{'type': 'MarginBalance', 'initial': '0.00', 'maintenance': '2.34', 'currency': 'USD', 'instrument_id': 'EUR/USD.IDEALPRO'}]",False,{}
100000.00,0.00,100000.00,EUR,IDEALPRO-001,MARGIN,,"[{'type': 'MarginBalance', 'initial': '0.00', 'maintenance': '2.34', 'currency': 'USD', 'instrument_id': 'EUR/USD.IDEALPRO'}]",False,{}
100000.52,2.34,99998.18,USD,IDEALPRO-001,MARGIN,,"[{'type': 'MarginBalance', 'initial': '0.00', 'maintenance': '2.34', 'currency': 'USD', 'instrument_id': 'EUR/USD.IDEALPRO'}]",False,{}
100000.00,0.00,100000.00,EUR,IDEALPRO-001,MARGIN,,"[{'type': 'MarginBalance', 'initial': '0.00', 'maintenance': '2.34', 'currency': 'USD', 'instrument_id': 'EUR/USD.IDEALPRO'}]",False,{}
100000.52,2.34,99998.18,USD,IDEALPRO-001,MARGIN,,"[{'type': 'MarginBalance', 'initial': '0.00', 'maintenance': '2.34', 'currency': 'USD', 'instrument_id': 'EUR/USD.IDEALPRO'}]",False,{}
100000.00,0.00,100000.00,EUR,IDEALPRO-001,MARGIN,,"[{'type': 'MarginBalance', 'initial': '0.00', 'maintenance': '2.34', 'currency': 'USD', 'instrument_id': 'EUR/USD.IDEALPRO'}]",False,{}
100000.52,2.34,99998.18,USD,IDEALPRO-001,MARGIN,,"[{'type': 'MarginBalance', 'initial': '0.00', 'maintenance': '2.34', 'currency': 'USD', 'instrument_id': 'EUR/USD.IDEALPRO'}]",False,{}
100000.00,0.00,100000.00,EUR,IDEALPRO-001,MARGIN,,"[{'type': 'MarginBalance', 'initial': '0.00', 'maintenance': '2.34', 'currency': 'USD', 'instrument_id': 'EUR/USD.IDEALPRO'}]",False,{}
100000.46,0.00,100000.46,USD,IDEALPRO-001,MARGIN,,[],False,{}
100000.00,0.00,100000.00,EUR,IDEALPRO-001,MARGIN,,[],False,{}
100000.46,0.00,100000.46,USD,IDEALPRO-001,MARGIN,,[],False,{}
100000.00,0.00,100000.00,EUR,IDEALPRO-001,MARGIN,,[],False,{}
100000.46,0.00,100000.46,USD,IDEALPRO-001,MARGIN,,[],False,{}
100000.00,0.00,100000.00,EUR,IDEALPRO-001,MARGIN,,[],False,{}
100000.46,0.00,100000.46,USD,IDEALPRO-001,MARGIN,,[],False,{}
100000.00,0.00,100000.00,EUR,IDEALPRO-001,MARGIN,,[],False,{}
100000.46,0.00,100000.46,USD,IDEALPRO-001,MARGIN,,[],False,{}
100000.00,0.00,100000.00,EUR,IDEALPRO-001,MARGIN,,[],False,{}
100000.46,0.00,100000.46,USD,IDEALPRO-001,MARGIN,,[],False,{}
100000.00,0.00,100000.00,EUR,IDEALPRO-001,MARGIN,,[],False,{}
100000.46,2.34,99998.12,USD,IDEALPRO-001,MARGIN,,"[{'type': 'MarginBalance', 'initial': '0.00', 'maintenance': '2.34', 'currency': 'USD', 'instrument_id': 'EUR/USD.IDEALPRO'}]",False,{}
100000.00,0.00,100000.00,EUR,IDEALPRO-001,MARGIN,,"[{'type': 'MarginBalance', 'initial': '0.00', 'maintenance': '2.34', 'currency': 'USD', 'instrument_id': 'EUR/USD.IDEALPRO'}]",False,{}
100000.46,2.34,99998.12,USD,IDEALPRO-001,MARGIN,,"[{'type': 'MarginBalance', 'initial': '0.00', 'maintenance': '2.34', 'currency': 'USD', 'instrument_id': 'EUR/USD.IDEALPRO'}]",False,{}
100000.00,0.00,100000.00,EUR,IDEALPRO-001,MARGIN,,"[{'type': 'MarginBalance', 'initial': '0.00', 'maintenance': '2.34', 'currency': 'USD', 'instrument_id': 'EUR/USD.IDEALPRO'}]",False,{}
100000.46,2.34,99998.12,USD,IDEALPRO-001,MARGIN,,"[{'type': 'MarginBalance', 'initial': '0.00', 'maintenance': '2.34', 'currency': 'USD', 'instrument_id': 'EUR/USD.IDEALPRO'}]",False,{}
100000.00,0.00,100000.00,EUR,IDEALPRO-001,MARGIN,,"[{'type': 'MarginBalance', 'initial': '0.00', 'maintenance': '2.34', 'currency': 'USD', 'instrument_id': 'EUR/USD.IDEALPRO'}]",False,{}
100000.46,2.34,99998.12,USD,IDEALPRO-001,MARGIN,,"[{'type': 'MarginBalance', 'initial': '0.00', 'maintenance': '2.34', 'currency': 'USD', 'instrument_id': 'EUR/USD.IDEALPRO'}]",False,{}
100000.00,0.00,100000.00,EUR,IDEALPRO-001,MARGIN,,"[{'type': 'MarginBalance', 'initial': '0.00', 'maintenance': '2.34', 'currency': 'USD', 'instrument_id': 'EUR/USD.IDEALPRO'}]",False,{}
100000.43,0.00,100000.43,USD,IDEALPRO-001,MARGIN,,[],False,{}
100000.00,0.00,100000.00,EUR,IDEALPRO-001,MARGIN,,[],False,{}
100000.43,0.00,100000.43,USD,IDEALPRO-001,MARGIN,,[],False,{}
100000.00,0.00,100000.00,EUR,IDEALPRO-001,MARGIN,,[],False,{}
100000.43,0.00,100000.43,USD,IDEALPRO-001,MARGIN,,[],False,{}
100000.00,0.00,100000.00,EUR,IDEALPRO-001,MARGIN,,[],False,{}
100000.43,0.00,100000.43,USD,IDEALPRO-001,MARGIN,,[],False,{}
100000.00,0.00,100000.00,EUR,IDEALPRO-001,MARGIN,,[],False,{}
100000.43,0.00,100000.43,USD,IDEALPRO-001,MARGIN,,[],False,{}
100000.00,0.00,100000.00,EUR,IDEALPRO-001,MARGIN,,[],False,{}
100000.43,0.00,100000.43,USD,IDEALPRO-001,MARGIN,,[],False,{}
100000.00,0.00,100000.00,EUR,IDEALPRO-001,MARGIN,,[],False,{}
100000.43,2.34,99998.09,USD,IDEALPRO-001,MARGIN,,"[{'type': 'MarginBalance', 'initial': '0.00', 'maintenance': '2.34', 'currency': 'USD', 'instrument_id': 'EUR/USD.IDEALPRO'}]",False,{}
100000.00,0.00,100000.00,EUR,IDEALPRO-001,MARGIN,,"[{'type': 'MarginBalance', 'initial': '0.00', 'maintenance': '2.34', 'currency': 'USD', 'instrument_id': 'EUR/USD.IDEALPRO'}]",False,{}
100000.43,2.34,99998.09,USD,IDEALPRO-001,MARGIN,,"[{'type': 'MarginBalance', 'initial': '0.00', 'maintenance': '2.34', 'currency': 'USD', 'instrument_id': 'EUR/USD.IDEALPRO'}]",False,{}
100000.00,0.00,100000.00,EUR,IDEALPRO-001,MARGIN,,"[{'type': 'MarginBalance', 'initial': '0.00', 'maintenance': '2.34', 'currency': 'USD', 'instrument_id': 'EUR/USD.IDEALPRO'}]",False,{}
100000.43,2.34,99998.09,USD,IDEALPRO-001,MARGIN,,"[{'type': 'MarginBalance', 'initial': '0.00', 'maintenance': '2.34', 'currency': 'USD', 'instrument_id': 'EUR/USD.IDEALPRO'}]",False,{}
100000.00,0.00,100000.00,EUR,IDEALPRO-001,MARGIN,,"[{'type': 'MarginBalance', 'initial': '0.00', 'maintenance': '2.34', 'currency': 'USD', 'instrument_id': 'EUR/USD.IDEALPRO'}]",False,{}
100000.43,2.34,99998.09,USD,IDEALPRO-001,MARGIN,,"[{'type': 'MarginBalance', 'initial': '0.00', 'maintenance': '2.34', 'currency': 'USD', 'instrument_id': 'EUR/USD.IDEALPRO'}]",False,{}
100000.00,0.00,100000.00,EUR,IDEALPRO-001,MARGIN,,"[{'type': 'MarginBalance', 'initial': '0.00', 'maintenance': '2.34', 'currency': 'USD', 'instrument_id': 'EUR/USD.IDEALPRO'}]",False,{}
100000.39,0.00,100000.39,USD,IDEALPRO-001,MARGIN,,[],False,{}
100000.00,0.00,100000.00,EUR,IDEALPRO-001,MARGIN,,[],False,{}
100000.39,0.00,100000.39,USD,IDEALPRO-001,MARGIN,,[],False,{}
100000.00,0.00,100000.00,EUR,IDEALPRO-001,MARGIN,,[],False,{}
100000.39,0.00,100000.39,USD,IDEALPRO-001,MARGIN,,[],False,{}
100000.00,0.00,100000.00,EUR,IDEALPRO-001,MARGIN,,[],False,{}
100000.39,0.00,100000.39,USD,IDEALPRO-001,MARGIN,,[],False,{}
100000.00,0.00,100000.00,EUR,IDEALPRO-001,MARGIN,,[],False,{}
100000.39,0.00,100000.39,USD,IDEALPRO-001,MARGIN,,[],False,{}
100000.00,0.00,100000.00,EUR,IDEALPRO-001,MARGIN,,[],False,{}
100000.39,0.00,100000.39,USD,IDEALPRO-001,MARGIN,,[],False,{}
100000.00,0.00,100000.00,EUR,IDEALPRO-001,MARGIN,,[],False,{}
100000.39,2.34,99998.05,USD,IDEALPRO-001,MARGIN,,"[{'type': 'MarginBalance', 'initial': '0.00', 'maintenance': '2.34', 'currency': 'USD', 'instrument_id': 'EUR/USD.IDEALPRO'}]",False,{}
100000.00,0.00,100000.00,EUR,IDEALPRO-001,MARGIN,,"[{'type': 'MarginBalance', 'initial': '0.00', 'maintenance': '2.34', 'currency': 'USD', 'instrument_id': 'EUR/USD.IDEALPRO'}]",False,{}
100000.39,2.34,99998.05,USD,IDEALPRO-001,MARGIN,,"[{'type': 'MarginBalance', 'initial': '0.00', 'maintenance': '2.34', 'currency': 'USD', 'instrument_id': 'EUR/USD.IDEALPRO'}]",False,{}
100000.00,0.00,100000.00,EUR,IDEALPRO-001,MARGIN,,"[{'type': 'MarginBalance', 'initial': '0.00', 'maintenance': '2.34', 'currency': 'USD', 'instrument_id': 'EUR/USD.IDEALPRO'}]",False,{}
100000.39,2.34,99998.05,USD,IDEALPRO-001,MARGIN,,"[{'type': 'MarginBalance', 'initial': '0.00', 'maintenance': '2.34', 'currency': 'USD', 'instrument_id': 'EUR/USD.IDEALPRO'}]",False,{}
100000.00,0.00,100000.00,EUR,IDEALPRO-001,MARGIN,,"[{'type': 'MarginBalance', 'initial': '0.00', 'maintenance': '2.34', 'currency': 'USD', 'instrument_id': 'EUR/USD.IDEALPRO'}]",False,{}
100000.39,2.34,99998.05,USD,IDEALPRO-001,MARGIN,,"[{'type': 'MarginBalance', 'initial': '0.00', 'maintenance': '2.34', 'currency': 'USD', 'instrument_id': 'EUR/USD.IDEALPRO'}]",False,{}
100000.00,0.00,100000.00,EUR,IDEALPRO-001,MARGIN,,"[{'type': 'MarginBalance', 'initial': '0.00', 'maintenance': '2.34', 'currency': 'USD', 'instrument_id': 'EUR/USD.IDEALPRO'}]",False,{}
100000.42,0.00,100000.42,USD,IDEALPRO-001,MARGIN,,[],False,{}
100000.00,0.00,100000.00,EUR,IDEALPRO-001,MARGIN,,[],False,{}
100000.42,0.00,100000.42,USD,IDEALPRO-001,MARGIN,,[],False,{}
100000.00,0.00,100000.00,EUR,IDEALPRO-001,MARGIN,,[],False,{}
100000.42,0.00,100000.42,USD,IDEALPRO-001,MARGIN,,[],False,{}
100000.00,0.00,100000.00,EUR,IDEALPRO-001,MARGIN,,[],False,{}
100000.42,0.00,100000.42,USD,IDEALPRO-001,MARGIN,,[],False,{}
100000.00,0.00,100000.00,EUR,IDEALPRO-001,MARGIN,,[],False,{}
100000.42,0.00,100000.42,USD,IDEALPRO-001,MARGIN,,[],False,{}
100000.00,0.00,100000.00,EUR,IDEALPRO-001,MARGIN,,[],False,{}
100000.42,0.00,100000.42,USD,IDEALPRO-001,MARGIN,,[],False,{}
100000.00,0.00,100000.00,EUR,IDEALPRO-001,MARGIN,,[],False,{}
100000.42,2.34,99998.08,USD,IDEALPRO-001,MARGIN,,"[{'type': 'MarginBalance', 'initial': '0.00', 'maintenance': '2.34', 'currency': 'USD', 'instrument_id': 'EUR/USD.IDEALPRO'}]",False,{}
100000.00,0.00,100000.00,EUR,IDEALPRO-001,MARGIN,,"[{'type': 'MarginBalance', 'initial': '0.00', 'maintenance': '2.34', 'currency': 'USD', 'instrument_id': 'EUR/USD.IDEALPRO'}]",False,{}
100000.42,2.34,99998.08,USD,IDEALPRO-001,MARGIN,,"[{'type': 'MarginBalance', 'initial': '0.00', 'maintenance': '2.34', 'currency': 'USD', 'instrument_id': 'EUR/USD.IDEALPRO'}]",False,{}
100000.00,0.00,100000.00,EUR,IDEALPRO-001,MARGIN,,"[{'type': 'MarginBalance', 'initial': '0.00', 'maintenance': '2.34', 'currency': 'USD', 'instrument_id': 'EUR/USD.IDEALPRO'}]",False,{}
100000.42,2.34,99998.08,USD,IDEALPRO-001,MARGIN,,"[{'type': 'MarginBalance', 'initial': '0.00', 'maintenance': '2.34', 'currency': 'USD', 'instrument_id': 'EUR/USD.IDEALPRO'}]",False,{}
100000.00,0.00,100000.00,EUR,IDEALPRO-001,MARGIN,,"[{'type': 'MarginBalance', 'initial': '0.00', 'maintenance': '2.34', 'currency': 'USD', 'instrument_id': 'EUR/USD.IDEALPRO'}]",False,{}
100000.42,2.34,99998.08,USD,IDEALPRO-001,MARGIN,,"[{'type': 'MarginBalance', 'initial': '0.00', 'maintenance': '2.34', 'currency': 'USD', 'instrument_id': 'EUR/USD.IDEALPRO'}]",False,{}
100000.00,0.00,100000.00,EUR,IDEALPRO-001,MARGIN,,"[{'type': 'MarginBalance', 'initial': '0.00', 'maintenance': '2.34', 'currency': 'USD', 'instrument_id': 'EUR/USD.IDEALPRO'}]",False,{}
100000.37,0.00,100000.37,USD,IDEALPRO-001,MARGIN,,[],False,{}
100000.00,0.00,100000.00,EUR,IDEALPRO-001,MARGIN,,[],False,{}
100000.37,0.00,100000.37,USD,IDEALPRO-001,MARGIN,,[],False,{}
100000.00,0.00,100000.00,EUR,IDEALPRO-001,MARGIN,,[],False,{}
100000.37,0.00,100000.37,USD,IDEALPRO-001,MARGIN,,[],False,{}
100000.00,0.00,100000.00,EUR,IDEALPRO-001,MARGIN,,[],False,{}
100000.37,0.00,100000.37,USD,IDEALPRO-001,MARGIN,,[],False,{}
100000.00,0.00,100000.00,EUR,IDEALPRO-001,MARGIN,,[],False,{}
100000.37,0.00,100000.37,USD,IDEALPRO-001,MARGIN,,[],False,{}
100000.00,0.00,100000.00,EUR,IDEALPRO-001,MARGIN,,[],False,{}
100000.37,0.00,100000.37,USD,IDEALPRO-001,MARGIN,,[],False,{}
100000.00,0.00,100000.00,EUR,IDEALPRO-001,MARGIN,,[],False,{}
100000.37,2.34,99998.03,USD,IDEALPRO-001,MARGIN,,"[{'type': 'MarginBalance', 'initial': '0.00', 'maintenance': '2.34', 'currency': 'USD', 'instrument_id': 'EUR/USD.IDEALPRO'}]",False,{}
100000.00,0.00,100000.00,EUR,IDEALPRO-001,MARGIN,,"[{'type': 'MarginBalance', 'initial': '0.00', 'maintenance': '2.34', 'currency': 'USD', 'instrument_id': 'EUR/USD.IDEALPRO'}]",False,{}
100000.37,2.34,99998.03,USD,IDEALPRO-001,MARGIN,,"[{'type': 'MarginBalance', 'initial': '0.00', 'maintenance': '2.34', 'currency': 'USD', 'instrument_id': 'EUR/USD.IDEALPRO'}]",False,{}
100000.00,0.00,100000.00,EUR,IDEALPRO-001,MARGIN,,"[{'type': 'MarginBalance', 'initial': '0.00', 'maintenance': '2.34', 'currency': 'USD', 'instrument_id': 'EUR/USD.IDEALPRO'}]",False,{}
100000.37,2.34,99998.03,USD,IDEALPRO-001,MARGIN,,"[{'type': 'MarginBalance', 'initial': '0.00', 'maintenance': '2.34', 'currency': 'USD', 'instrument_id': 'EUR/USD.IDEALPRO'}]",False,{}
100000.00,0.00,100000.00,EUR,IDEALPRO-001,MARGIN,,"[{'type': 'MarginBalance', 'initial': '0.00', 'maintenance': '2.34', 'currency': 'USD', 'instrument_id': 'EUR/USD.IDEALPRO'}]",False,{}
100000.37,2.34,99998.03,USD,IDEALPRO-001,MARGIN,,"[{'type': 'MarginBalance', 'initial': '0.00', 'maintenance': '2.34', 'currency': 'USD', 'instrument_id': 'EUR/USD.IDEALPRO'}]",False,{}
100000.00,0.00,100000.00,EUR,IDEALPRO-001,MARGIN,,"[{'type': 'MarginBalance', 'initial': '0.00', 'maintenance': '2.34', 'currency': 'USD', 'instrument_id': 'EUR/USD.IDEALPRO'}]",False,{}
100000.34,0.00,100000.34,USD,IDEALPRO-001,MARGIN,,[],False,{}
100000.00,0.00,100000.00,EUR,IDEALPRO-001,MARGIN,,[],False,{}
100000.34,0.00,100000.34,USD,IDEALPRO-001,MARGIN,,[],False,{}
100000.00,0.00,100000.00,EUR,IDEALPRO-001,MARGIN,,[],False,{}
100000.34,0.00,100000.34,USD,IDEALPRO-001,MARGIN,,[],False,{}
100000.00,0.00,100000.00,EUR,IDEALPRO-001,MARGIN,,[],False,{}
100000.34,0.00,100000.34,USD,IDEALPRO-001,MARGIN,,[],False,{}
100000.00,0.00,100000.00,EUR,IDEALPRO-001,MARGIN,,[],False,{}
100000.34,0.00,100000.34,USD,IDEALPRO-001,MARGIN,,[],False,{}
100000.00,0.00,100000.00,EUR,IDEALPRO-001,MARGIN,,[],False,{}
100000.34,0.00,100000.34,USD,IDEALPRO-001,MARGIN,,[],False,{}
100000.00,0.00,100000.00,EUR,IDEALPRO-001,MARGIN,,[],False,{}
100000.34,2.35,99997.99,USD,IDEALPRO-001,MARGIN,,"[{'type': 'MarginBalance', 'initial': '0.00', 'maintenance': '2.35', 'currency': 'USD', 'instrument_id': 'EUR/USD.IDEALPRO'}]",False,{}
100000.00,0.00,100000.00,EUR,IDEALPRO-001,MARGIN,,"[{'type': 'MarginBalance', 'initial': '0.00', 'maintenance': '2.35', 'currency': 'USD', 'instrument_id': 'EUR/USD.IDEALPRO'}]",False,{}
100000.34,2.35,99997.99,USD,IDEALPRO-001,MARGIN,,"[{'type': 'MarginBalance', 'initial': '0.00', 'maintenance': '2.35', 'currency': 'USD', 'instrument_id': 'EUR/USD.IDEALPRO'}]",False,{}
100000.00,0.00,100000.00,EUR,IDEALPRO-001,MARGIN,,"[{'type': 'MarginBalance', 'initial': '0.00', 'maintenance': '2.35', 'currency': 'USD', 'instrument_id': 'EUR/USD.IDEALPRO'}]",False,{}
100000.34,2.35,99997.99,USD,IDEALPRO-001,MARGIN,,"[{'type': 'MarginBalance', 'initial': '0.00', 'maintenance': '2.35', 'currency': 'USD', 'instrument_id': 'EUR/USD.IDEALPRO'}]",False,{}
100000.00,0.00,100000.00,EUR,IDEALPRO-001,MARGIN,,"[{'type': 'MarginBalance', 'initial': '0.00', 'maintenance': '2.35', 'currency': 'USD', 'instrument_id': 'EUR/USD.IDEALPRO'}]",False,{}
100000.34,2.35,99997.99,USD,IDEALPRO-001,MARGIN,,"[{'type': 'MarginBalance', 'initial': '0.00', 'maintenance': '2.35', 'currency': 'USD', 'instrument_id': 'EUR/USD.IDEALPRO'}]",False,{}
100000.00,0.00,100000.00,EUR,IDEALPRO-001,MARGIN,,"[{'type': 'MarginBalance', 'initial': '0.00', 'maintenance': '2.35', 'currency': 'USD', 'instrument_id': 'EUR/USD.IDEALPRO'}]",False,{}
100000.40,0.00,100000.40,USD,IDEALPRO-001,MARGIN,,[],False,{}
100000.00,0.00,100000.00,EUR,IDEALPRO-001,MARGIN,,[],False,{}
100000.40,0.00,100000.40,USD,IDEALPRO-001,MARGIN,,[],False,{}
100000.00,0.00,100000.00,EUR,IDEALPRO-001,MARGIN,,[],False,{}
100000.40,0.00,100000.40,USD,IDEALPRO-001,MARGIN,,[],False,{}
100000.00,0.00,100000.00,EUR,IDEALPRO-001,MARGIN,,[],False,{}
100000.40,0.00,100000.40,USD,IDEALPRO-001,MARGIN,,[],False,{}
100000.00,0.00,100000.00,EUR,IDEALPRO-001,MARGIN,,[],False,{}
100000.40,0.00,100000.40,USD,IDEALPRO-001,MARGIN,,[],False,{}
100000.00,0.00,100000.00,EUR,IDEALPRO-001,MARGIN,,[],False,{}
100000.40,0.00,100000.40,USD,IDEALPRO-001,MARGIN,,[],False,{}
100000.00,0.00,100000.00,EUR,IDEALPRO-001,MARGIN,,[],False,{}
100000.40,2.34,99998.06,USD,IDEALPRO-001,MARGIN,,"[{'type': 'MarginBalance', 'initial': '0.00', 'maintenance': '2.34', 'currency': 'USD', 'instrument_id': 'EUR/USD.IDEALPRO'}]",False,{}
100000.00,0.00,100000.00,EUR,IDEALPRO-001,MARGIN,,"[{'type': 'MarginBalance', 'initial': '0.00', 'maintenance': '2.34', 'currency': 'USD', 'instrument_id': 'EUR/USD.IDEALPRO'}]",False,{}
100000.40,2.34,99998.06,USD,IDEALPRO-001,MARGIN,,"[{'type': 'MarginBalance', 'initial': '0.00', 'maintenance': '2.34', 'currency': 'USD', 'instrument_id': 'EUR/USD.IDEALPRO'}]",False,{}
100000.00,0.00,100000.00,EUR,IDEALPRO-001,MARGIN,,"[{'type': 'MarginBalance', 'initial': '0.00', 'maintenance': '2.34', 'currency': 'USD', 'instrument_id': 'EUR/USD.IDEALPRO'}]",False,{}
100000.40,2.34,99998.06,USD,IDEALPRO-001,MARGIN,,"[{'type': 'MarginBalance', 'initial': '0.00', 'maintenance': '2.34', 'currency': 'USD', 'instrument_id': 'EUR/USD.IDEALPRO'}]",False,{}
100000.00,0.00,100000.00,EUR,IDEALPRO-001,MARGIN,,"[{'type': 'MarginBalance', 'initial': '0.00', 'maintenance': '2.34', 'currency': 'USD', 'instrument_id': 'EUR/USD.IDEALPRO'}]",False,{}
100000.40,2.34,99998.06,USD,IDEALPRO-001,MARGIN,,"[{'type': 'MarginBalance', 'initial': '0.00', 'maintenance': '2.34', 'currency': 'USD', 'instrument_id': 'EUR/USD.IDEALPRO'}]",False,{}
100000.00,0.00,100000.00,EUR,IDEALPRO-001,MARGIN,,"[{'type': 'MarginBalance', 'initial': '0.00', 'maintenance': '2.34', 'currency': 'USD', 'instrument_id': 'EUR/USD.IDEALPRO'}]",False,{}
100000.39,0.00,100000.39,USD,IDEALPRO-001,MARGIN,,[],False,{}
100000.00,0.00,100000.00,EUR,IDEALPRO-001,MARGIN,,[],False,{}
100000.39,0.00,100000.39,USD,IDEALPRO-001,MARGIN,,[],False,{}
100000.00,0.00,100000.00,EUR,IDEALPRO-001,MARGIN,,[],False,{}
100000.39,0.00,100000.39,USD,IDEALPRO-001,MARGIN,,[],False,{}
100000.00,0.00,100000.00,EUR,IDEALPRO-001,MARGIN,,[],False,{}
100000.39,0.00,100000.39,USD,IDEALPRO-001,MARGIN,,[],False,{}
100000.00,0.00,100000.00,EUR,IDEALPRO-001,MARGIN,,[],False,{}
100000.39,0.00,100000.39,USD,IDEALPRO-001,MARGIN,,[],False,{}
100000.00,0.00,100000.00,EUR,IDEALPRO-001,MARGIN,,[],False,{}
100000.39,0.00,100000.39,USD,IDEALPRO-001,MARGIN,,[],False,{}
100000.00,0.00,100000.00,EUR,IDEALPRO-001,MARGIN,,[],False,{}
100000.39,2.35,99998.04,USD,IDEALPRO-001,MARGIN,,"[{'type': 'MarginBalance', 'initial': '0.00', 'maintenance': '2.35', 'currency': 'USD', 'instrument_id': 'EUR/USD.IDEALPRO'}]",False,{}
100000.00,0.00,100000.00,EUR,IDEALPRO-001,MARGIN,,"[{'type': 'MarginBalance', 'initial': '0.00', 'maintenance': '2.35', 'currency': 'USD', 'instrument_id': 'EUR/USD.IDEALPRO'}]",False,{}
100000.39,2.35,99998.04,USD,IDEALPRO-001,MARGIN,,"[{'type': 'MarginBalance', 'initial': '0.00', 'maintenance': '2.35', 'currency': 'USD', 'instrument_id': 'EUR/USD.IDEALPRO'}]",False,{}
100000.00,0.00,100000.00,EUR,IDEALPRO-001,MARGIN,,"[{'type': 'MarginBalance', 'initial': '0.00', 'maintenance': '2.35', 'currency': 'USD', 'instrument_id': 'EUR/USD.IDEALPRO'}]",False,{}
100000.39,2.35,99998.04,USD,IDEALPRO-001,MARGIN,,"[{'type': 'MarginBalance', 'initial': '0.00', 'maintenance': '2.35', 'currency': 'USD', 'instrument_id': 'EUR/USD.IDEALPRO'}]",False,{}
100000.00,0.00,100000.00,EUR,IDEALPRO-001,MARGIN,,"[{'type': 'MarginBalance', 'initial': '0.00', 'maintenance': '2.35', 'currency': 'USD', 'instrument_id': 'EUR/USD.IDEALPRO'}]",False,{}
100000.39,2.35,99998.04,USD,IDEALPRO-001,MARGIN,,"[{'type': 'MarginBalance', 'initial': '0.00', 'maintenance': '2.35', 'currency': 'USD', 'instrument_id': 'EUR/USD.IDEALPRO'}]",False,{}
100000.00,0.00,100000.00,EUR,IDEALPRO-001,MARGIN,,"[{'type': 'MarginBalance', 'initial': '0.00', 'maintenance': '2.35', 'currency': 'USD', 'instrument_id': 'EUR/USD.IDEALPRO'}]",False,{}
100000.35,0.00,100000.35,USD,IDEALPRO-001,MARGIN,,[],False,{}
100000.00,0.00,100000.00,EUR,IDEALPRO-001,MARGIN,,[],False,{}
100000.35,0.00,100000.35,USD,IDEALPRO-001,MARGIN,,[],False,{}
100000.00,0.00,100000.00,EUR,IDEALPRO-001,MARGIN,,[],False,{}
100000.35,0.00,100000.35,USD,IDEALPRO-001,MARGIN,,[],False,{}
100000.00,0.00,100000.00,EUR,IDEALPRO-001,MARGIN,,[],False,{}
100000.35,0.00,100000.35,USD,IDEALPRO-001,MARGIN,,[],False,{}
100000.00,0.00,100000.00,EUR,IDEALPRO-001,MARGIN,,[],False,{}
100000.35,0.00,100000.35,USD,IDEALPRO-001,MARGIN,,[],False,{}
100000.00,0.00,100000.00,EUR,IDEALPRO-001,MARGIN,,[],False,{}
100000.35,0.00,100000.35,USD,IDEALPRO-001,MARGIN,,[],False,{}
100000.00,0.00,100000.00,EUR,IDEALPRO-001,MARGIN,,[],False,{}
100000.35,2.35,99998.00,USD,IDEALPRO-001,MARGIN,,"[{'type': 'MarginBalance', 'initial': '0.00', 'maintenance': '2.35', 'currency': 'USD', 'instrument_id': 'EUR/USD.IDEALPRO'}]",False,{}
100000.00,0.00,100000.00,EUR,IDEALPRO-001,MARGIN,,"[{'type': 'MarginBalance', 'initial': '0.00', 'maintenance': '2.35', 'currency': 'USD', 'instrument_id': 'EUR/USD.IDEALPRO'}]",False,{}
100000.35,2.35,99998.00,USD,IDEALPRO-001,MARGIN,,"[{'type': 'MarginBalance', 'initial': '0.00', 'maintenance': '2.35', 'currency': 'USD', 'instrument_id': 'EUR/USD.IDEALPRO'}]",False,{}
100000.00,0.00,100000.00,EUR,IDEALPRO-001,MARGIN,,"[{'type': 'MarginBalance', 'initial': '0.00', 'maintenance': '2.35', 'currency': 'USD', 'instrument_id': 'EUR/USD.IDEALPRO'}]",False,{}
100000.35,2.35,99998.00,USD,IDEALPRO-001,MARGIN,,"[{'type': 'MarginBalance', 'initial': '0.00', 'maintenance': '2.35', 'currency': 'USD', 'instrument_id': 'EUR/USD.IDEALPRO'}]",False,{}
100000.00,0.00,100000.00,EUR,IDEALPRO-001,MARGIN,,"[{'type': 'MarginBalance', 'initial': '0.00', 'maintenance': '2.35', 'currency': 'USD', 'instrument_id': 'EUR/USD.IDEALPRO'}]",False,{}
100000.35,2.35,99998.00,USD,IDEALPRO-001,MARGIN,,"[{'type': 'MarginBalance', 'initial': '0.00', 'maintenance': '2.35', 'currency': 'USD', 'instrument_id': 'EUR/USD.IDEALPRO'}]",False,{}
100000.00,0.00,100000.00,EUR,IDEALPRO-001,MARGIN,,"[{'type': 'MarginBalance', 'initial': '0.00', 'maintenance': '2.35', 'currency': 'USD', 'instrument_id': 'EUR/USD.IDEALPRO'}]",False,{}
100000.31,0.00,100000.31,USD,IDEALPRO-001,MARGIN,,[],False,{}
100000.00,0.00,100000.00,EUR,IDEALPRO-001,MARGIN,,[],False,{}
100000.31,0.00,100000.31,USD,IDEALPRO-001,MARGIN,,[],False,{}
100000.00,0.00,100000.00,EUR,IDEALPRO-001,MARGIN,,[],False,{}
100000.31,0.00,100000.31,USD,IDEALPRO-001,MARGIN,,[],False,{}
100000.00,0.00,100000.00,EUR,IDEALPRO-001,MARGIN,,[],False,{}
100000.31,0.00,100000.31,USD,IDEALPRO-001,MARGIN,,[],False,{}
100000.00,0.00,100000.00,EUR,IDEALPRO-001,MARGIN,,[],False,{}
100000.31,0.00,100000.31,USD,IDEALPRO-001,MARGIN,,[],False,{}
100000.00,0.00,100000.00,EUR,IDEALPRO-001,MARGIN,,[],False,{}
100000.31,0.00,100000.31,USD,IDEALPRO-001,MARGIN,,[],False,{}
100000.00,0.00,100000.00,EUR,IDEALPRO-001,MARGIN,,[],False,{}
100000.31,2.35,99997.96,USD,IDEALPRO-001,MARGIN,,"[{'type': 'MarginBalance', 'initial': '0.00', 'maintenance': '2.35', 'currency': 'USD', 'instrument_id': 'EUR/USD.IDEALPRO'}]",False,{}
100000.00,0.00,100000.00,EUR,IDEALPRO-001,MARGIN,,"[{'type': 'MarginBalance', 'initial': '0.00', 'maintenance': '2.35', 'currency': 'USD', 'instrument_id': 'EUR/USD.IDEALPRO'}]",False,{}
100000.31,2.34,99997.97,USD,IDEALPRO-001,MARGIN,,"[{'type': 'MarginBalance', 'initial': '0.00', 'maintenance': '2.34', 'currency': 'USD', 'instrument_id': 'EUR/USD.IDEALPRO'}]",False,{}
100000.00,0.00,100000.00,EUR,IDEALPRO-001,MARGIN,,"[{'type': 'MarginBalance', 'initial': '0.00', 'maintenance': '2.34', 'currency': 'USD', 'instrument_id': 'EUR/USD.IDEALPRO'}]",False,{}
100000.31,2.34,99997.97,USD,IDEALPRO-001,MARGIN,,"[{'type': 'MarginBalance', 'initial': '0.00', 'maintenance': '2.34', 'currency': 'USD', 'instrument_id': 'EUR/USD.IDEALPRO'}]",False,{}
100000.00,0.00,100000.00,EUR,IDEALPRO-001,MARGIN,,"[{'type': 'MarginBalance', 'initial': '0.00', 'maintenance': '2.34', 'currency': 'USD', 'instrument_id': 'EUR/USD.IDEALPRO'}]",False,{}
100000.25,0.00,100000.25,USD,IDEALPRO-001,MARGIN,,[],False,{}
100000.00,0.00,100000.00,EUR,IDEALPRO-001,MARGIN,,[],False,{}
100000.25,0.00,100000.25,USD,IDEALPRO-001,MARGIN,,[],False,{}
100000.00,0.00,100000.00,EUR,IDEALPRO-001,MARGIN,,[],False,{}
100000.25,0.00,100000.25,USD,IDEALPRO-001,MARGIN,,[],False,{}
100000.00,0.00,100000.00,EUR,IDEALPRO-001,MARGIN,,[],False,{}
100000.25,0.00,100000.25,USD,IDEALPRO-001,MARGIN,,[],False,{}
100000.00,0.00,100000.00,EUR,IDEALPRO-001,MARGIN,,[],False,{}
100000.25,0.00,100000.25,USD,IDEALPRO-001,MARGIN,,[],False,{}
100000.00,0.00,100000.00,EUR,IDEALPRO-001,MARGIN,,[],False,{}
100000.25,2.35,99997.90,USD,IDEALPRO-001,MARGIN,,"[{'type': 'MarginBalance', 'initial': '0.00', 'maintenance': '2.35', 'currency': 'USD', 'instrument_id': 'EUR/USD.IDEALPRO'}]",False,{}
100000.00,0.00,100000.00,EUR,IDEALPRO-001,MARGIN,,"[{'type': 'MarginBalance', 'initial': '0.00', 'maintenance': '2.35', 'currency': 'USD', 'instrument_id': 'EUR/USD.IDEALPRO'}]",False,{}
100000.25,2.35,99997.90,USD,IDEALPRO-001,MARGIN,,"[{'type': 'MarginBalance', 'initial': '0.00', 'maintenance': '2.35', 'currency': 'USD', 'instrument_id': 'EUR/USD.IDEALPRO'}]",False,{}
100000.00,0.00,100000.00,EUR,IDEALPRO-001,MARGIN,,"[{'type': 'MarginBalance', 'initial': '0.00', 'maintenance': '2.35', 'currency': 'USD', 'instrument_id': 'EUR/USD.IDEALPRO'}]",False,{}
100000.25,2.35,99997.90,USD,IDEALPRO-001,MARGIN,,"[{'type': 'MarginBalance', 'initial': '0.00', 'maintenance': '2.35', 'currency': 'USD', 'instrument_id': 'EUR/USD.IDEALPRO'}]",False,{}
100000.00,0.00,100000.00,EUR,IDEALPRO-001,MARGIN,,"[{'type': 'MarginBalance', 'initial': '0.00', 'maintenance': '2.35', 'currency': 'USD', 'instrument_id': 'EUR/USD.IDEALPRO'}]",False,{}
100000.25,2.35,99997.90,USD,IDEALPRO-001,MARGIN,,"[{'type': 'MarginBalance', 'initial': '0.00', 'maintenance': '2.35', 'currency': 'USD', 'instrument_id': 'EUR/USD.IDEALPRO'}]",False,{}
100000.00,0.00,100000.00,EUR,IDEALPRO-001,MARGIN,,"[{'type': 'MarginBalance', 'initial': '0.00', 'maintenance': '2.35', 'currency': 'USD', 'instrument_id': 'EUR/USD.IDEALPRO'}]",False,{}
100000.42,0.00,100000.42,USD,IDEALPRO-001,MARGIN,,[],False,{}
100000.00,0.00,100000.00,EUR,IDEALPRO-001,MARGIN,,[],False,{}
100000.42,0.00,100000.42,USD,IDEALPRO-001,MARGIN,,[],False,{}
100000.00,0.00,100000.00,EUR,IDEALPRO-001,MARGIN,,[],False,{}
100000.42,0.00,100000.42,USD,IDEALPRO-001,MARGIN,,[],False,{}
100000.00,0.00,100000.00,EUR,IDEALPRO-001,MARGIN,,[],False,{}
100000.42,0.00,100000.42,USD,IDEALPRO-001,MARGIN,,[],False,{}
100000.00,0.00,100000.00,EUR,IDEALPRO-001,MARGIN,,[],False,{}
100000.42,0.00,100000.42,USD,IDEALPRO-001,MARGIN,,[],False,{}
100000.00,0.00,100000.00,EUR,IDEALPRO-001,MARGIN,,[],False,{}
100000.42,0.00,100000.42,USD,IDEALPRO-001,MARGIN,,[],False,{}
100000.00,0.00,100000.00,EUR,IDEALPRO-001,MARGIN,,[],False,{}
100000.42,2.35,99998.07,USD,IDEALPRO-001,MARGIN,,"[{'type': 'MarginBalance', 'initial': '0.00', 'maintenance': '2.35', 'currency': 'USD', 'instrument_id': 'EUR/USD.IDEALPRO'}]",False,{}
100000.00,0.00,100000.00,EUR,IDEALPRO-001,MARGIN,,"[{'type': 'MarginBalance', 'initial': '0.00', 'maintenance': '2.35', 'currency': 'USD', 'instrument_id': 'EUR/USD.IDEALPRO'}]",False,{}
100000.42,2.35,99998.07,USD,IDEALPRO-001,MARGIN,,"[{'type': 'MarginBalance', 'initial': '0.00', 'maintenance': '2.35', 'currency': 'USD', 'instrument_id': 'EUR/USD.IDEALPRO'}]",False,{}
100000.00,0.00,100000.00,EUR,IDEALPRO-001,MARGIN,,"[{'type': 'MarginBalance', 'initial': '0.00', 'maintenance': '2.35', 'currency': 'USD', 'instrument_id': 'EUR/USD.IDEALPRO'}]",False,{}
100000.42,2.35,99998.07,USD,IDEALPRO-001,MARGIN,,"[{'type': 'MarginBalance', 'initial': '0.00', 'maintenance': '2.35', 'currency': 'USD', 'instrument_id': 'EUR/USD.IDEALPRO'}]",False,{}
100000.00,0.00,100000.00,EUR,IDEALPRO-001,MARGIN,,"[{'type': 'MarginBalance', 'initial': '0.00', 'maintenance': '2.35', 'currency': 'USD', 'instrument_id': 'EUR/USD.IDEALPRO'}]",False,{}
100000.36,0.00,100000.36,USD,IDEALPRO-001,MARGIN,,[],False,{}
100000.00,0.00,100000.00,EUR,IDEALPRO-001,MARGIN,,[],False,{}
100000.36,0.00,100000.36,USD,IDEALPRO-001,MARGIN,,[],False,{}
100000.00,0.00,100000.00,EUR,IDEALPRO-001,MARGIN,,[],False,{}
100000.36,0.00,100000.36,USD,IDEALPRO-001,MARGIN,,[],False,{}
100000.00,0.00,100000.00,EUR,IDEALPRO-001,MARGIN,,[],False,{}
100000.36,0.00,100000.36,USD,IDEALPRO-001,MARGIN,,[],False,{}
100000.00,0.00,100000.00,EUR,IDEALPRO-001,MARGIN,,[],False,{}
100000.36,0.00,100000.36,USD,IDEALPRO-001,MARGIN,,[],False,{}
100000.00,0.00,100000.00,EUR,IDEALPRO-001,MARGIN,,[],False,{}
100000.36,2.35,99998.01,USD,IDEALPRO-001,MARGIN,,"[{'type': 'MarginBalance', 'initial': '0.00', 'maintenance': '2.35', 'currency': 'USD', 'instrument_id': 'EUR/USD.IDEALPRO'}]",False,{}
100000.00,0.00,100000.00,EUR,IDEALPRO-001,MARGIN,,"[{'type': 'MarginBalance', 'initial': '0.00', 'maintenance': '2.35', 'currency': 'USD', 'instrument_id': 'EUR/USD.IDEALPRO'}]",False,{}
100000.36,2.35,99998.01,USD,IDEALPRO-001,MARGIN,,"[{'type': 'MarginBalance', 'initial': '0.00', 'maintenance': '2.35', 'currency': 'USD', 'instrument_id': 'EUR/USD.IDEALPRO'}]",False,{}
100000.00,0.00,100000.00,EUR,IDEALPRO-001,MARGIN,,"[{'type': 'MarginBalance', 'initial': '0.00', 'maintenance': '2.35', 'currency': 'USD', 'instrument_id': 'EUR/USD.IDEALPRO'}]",False,{}
100000.36,2.35,99998.01,USD,IDEALPRO-001,MARGIN,,"[{'type': 'MarginBalance', 'initial': '0.00', 'maintenance': '2.35', 'currency': 'USD', 'instrument_id': 'EUR/USD.IDEALPRO'}]",False,{}
100000.00,0.00,100000.00,EUR,IDEALPRO-001,MARGIN,,"[{'type': 'MarginBalance', 'initial': '0.00', 'maintenance': '2.35', 'currency': 'USD', 'instrument_id': 'EUR/USD.IDEALPRO'}]",False,{}
100000.36,2.35,99998.01,USD,IDEALPRO-001,MARGIN,,"[{'type': 'MarginBalance', 'initial': '0.00', 'maintenance': '2.35', 'currency': 'USD', 'instrument_id': 'EUR/USD.IDEALPRO'}]",False,{}
100000.00,0.00,100000.00,EUR,IDEALPRO-001,MARGIN,,"[{'type': 'MarginBalance', 'initial': '0.00', 'maintenance': '2.35', 'currency': 'USD', 'instrument_id': 'EUR/USD.IDEALPRO'}]",False,{}
100000.36,0.00,100000.36,USD,IDEALPRO-001,MARGIN,,[],False,{}
100000.00,0.00,100000.00,EUR,IDEALPRO-001,MARGIN,,[],False,{}
100000.36,0.00,100000.36,USD,IDEALPRO-001,MARGIN,,[],False,{}
100000.00,0.00,100000.00,EUR,IDEALPRO-001,MARGIN,,[],False,{}
100000.36,0.00,100000.36,USD,IDEALPRO-001,MARGIN,,[],False,{}
100000.00,0.00,100000.00,EUR,IDEALPRO-001,MARGIN,,[],False,{}
100000.36,0.00,100000.36,USD,IDEALPRO-001,MARGIN,,[],False,{}
100000.00,0.00,100000.00,EUR,IDEALPRO-001,MARGIN,,[],False,{}
100000.36,0.00,100000.36,USD,IDEALPRO-001,MARGIN,,[],False,{}
100000.00,0.00,100000.00,EUR,IDEALPRO-001,MARGIN,,[],False,{}
100000.36,0.00,100000.36,USD,IDEALPRO-001,MARGIN,,[],False,{}
100000.00,0.00,100000.00,EUR,IDEALPRO-001,MARGIN,,[],False,{}
100000.36,2.35,99998.01,USD,IDEALPRO-001,MARGIN,,"[{'type': 'MarginBalance', 'initial': '0.00', 'maintenance': '2.35', 'currency': 'USD', 'instrument_id': 'EUR/USD.IDEALPRO'}]",False,{}
100000.00,0.00,100000.00,EUR,IDEALPRO-001,MARGIN,,"[{'type': 'MarginBalance', 'initial': '0.00', 'maintenance': '2.35', 'currency': 'USD', 'instrument_id': 'EUR/USD.IDEALPRO'}]",False,{}
100000.36,2.35,99998.01,USD,IDEALPRO-001,MARGIN,,"[{'type': 'MarginBalance', 'initial': '0.00', 'maintenance': '2.35', 'currency': 'USD', 'instrument_id': 'EUR/USD.IDEALPRO'}]",False,{}
100000.00,0.00,100000.00,EUR,IDEALPRO-001,MARGIN,,"[{'type': 'MarginBalance', 'initial': '0.00', 'maintenance': '2.35', 'currency': 'USD', 'instrument_id': 'EUR/USD.IDEALPRO'}]",False,{}
100000.36,2.35,99998.01,USD,IDEALPRO-001,MARGIN,,"[{'type': 'MarginBalance', 'initial': '0.00', 'maintenance': '2.35', 'currency': 'USD', 'instrument_id': 'EUR/USD.IDEALPRO'}]",False,{}
100000.00,0.00,100000.00,EUR,IDEALPRO-001,MARGIN,,"[{'type': 'MarginBalance', 'initial': '0.00', 'maintenance': '2.35', 'currency': 'USD', 'instrument_id': 'EUR/USD.IDEALPRO'}]",False,{}
100000.36,2.35,99998.01,USD,IDEALPRO-001,MARGIN,,"[{'type': 'MarginBalance', 'initial': '0.00', 'maintenance': '2.35', 'currency': 'USD', 'instrument_id': 'EUR/USD.IDEALPRO'}]",False,{}
100000.00,0.00,100000.00,EUR,IDEALPRO-001,MARGIN,,"[{'type': 'MarginBalance', 'initial': '0.00', 'maintenance': '2.35', 'currency': 'USD', 'instrument_id': 'EUR/USD.IDEALPRO'}]",False,{}
100000.33,0.00,100000.33,USD,IDEALPRO-001,MARGIN,,[],False,{}
100000.00,0.00,100000.00,EUR,IDEALPRO-001,MARGIN,,[],False,{}
100000.33,0.00,100000.33,USD,IDEALPRO-001,MARGIN,,[],False,{}
100000.00,0.00,100000.00,EUR,IDEALPRO-001,MARGIN,,[],False,{}
100000.33,0.00,100000.33,USD,IDEALPRO-001,MARGIN,,[],False,{}
100000.00,0.00,100000.00,EUR,IDEALPRO-001,MARGIN,,[],False,{}
100000.33,0.00,100000.33,USD,IDEALPRO-001,MARGIN,,[],False,{}
100000.00,0.00,100000.00,EUR,IDEALPRO-001,MARGIN,,[],False,{}
100000.33,0.00,100000.33,USD,IDEALPRO-001,MARGIN,,[],False,{}
100000.00,0.00,100000.00,EUR,IDEALPRO-001,MARGIN,,[],False,{}
100000.33,0.00,100000.33,USD,IDEALPRO-001,MARGIN,,[],False,{}
100000.00,0.00,100000.00,EUR,IDEALPRO-001,MARGIN,,[],False,{}
100000.33,2.35,99997.98,USD,IDEALPRO-001,MARGIN,,"[{'type': 'MarginBalance', 'initial': '0.00', 'maintenance': '2.35', 'currency': 'USD', 'instrument_id': 'EUR/USD.IDEALPRO'}]",False,{}
100000.00,0.00,100000.00,EUR,IDEALPRO-001,MARGIN,,"[{'type': 'MarginBalance', 'initial': '0.00', 'maintenance': '2.35', 'currency': 'USD', 'instrument_id': 'EUR/USD.IDEALPRO'}]",False,{}
100000.33,2.35,99997.98,USD,IDEALPRO-001,MARGIN,,"[{'type': 'MarginBalance', 'initial': '0.00', 'maintenance': '2.35', 'currency': 'USD', 'instrument_id': 'EUR/USD.IDEALPRO'}]",False,{}
100000.00,0.00,100000.00,EUR,IDEALPRO-001,MARGIN,,"[{'type': 'MarginBalance', 'initial': '0.00', 'maintenance': '2.35', 'currency': 'USD', 'instrument_id': 'EUR/USD.IDEALPRO'}]",False,{}
100000.33,2.35,99997.98,USD,IDEALPRO-001,MARGIN,,"[{'type': 'MarginBalance', 'initial': '0.00', 'maintenance': '2.35', 'currency': 'USD', 'instrument_id': 'EUR/USD.IDEALPRO'}]",False,{}
100000.00,0.00,100000.00,EUR,IDEALPRO-001,MARGIN,,"[{'type': 'MarginBalance', 'initial': '0.00', 'maintenance': '2.35', 'currency': 'USD', 'instrument_id': 'EUR/USD.IDEALPRO'}]",False,{}
100000.33,2.35,99997.98,USD,IDEALPRO-001,MARGIN,,"[{'type': 'MarginBalance', 'initial': '0.00', 'maintenance': '2.35', 'currency': 'USD', 'instrument_id': 'EUR/USD.IDEALPRO'}]",False,{}
100000.00,0.00,100000.00,EUR,IDEALPRO-001,MARGIN,,"[{'type': 'MarginBalance', 'initial': '0.00', 'maintenance': '2.35', 'currency': 'USD', 'instrument_id': 'EUR/USD.IDEALPRO'}]",False,{}
100000.40,0.00,100000.40,USD,IDEALPRO-001,MARGIN,,[],False,{}
100000.00,0.00,100000.00,EUR,IDEALPRO-001,MARGIN,,[],False,{}
100000.40,0.00,100000.40,USD,IDEALPRO-001,MARGIN,,[],False,{}
100000.00,0.00,100000.00,EUR,IDEALPRO-001,MARGIN,,[],False,{}
100000.40,0.00,100000.40,USD,IDEALPRO-001,MARGIN,,[],False,{}
100000.00,0.00,100000.00,EUR,IDEALPRO-001,MARGIN,,[],False,{}
100000.40,0.00,100000.40,USD,IDEALPRO-001,MARGIN,,[],False,{}
100000.00,0.00,100000.00,EUR,IDEALPRO-001,MARGIN,,[],False,{}
100000.40,0.00,100000.40,USD,IDEALPRO-001,MARGIN,,[],False,{}
100000.00,0.00,100000.00,EUR,IDEALPRO-001,MARGIN,,[],False,{}
100000.40,0.00,100000.40,USD,IDEALPRO-001,MARGIN,,[],False,{}
100000.00,0.00,100000.00,EUR,IDEALPRO-001,MARGIN,,[],False,{}
100000.40,2.35,99998.05,USD,IDEALPRO-001,MARGIN,,"[{'type': 'MarginBalance', 'initial': '0.00', 'maintenance': '2.35', 'currency': 'USD', 'instrument_id': 'EUR/USD.IDEALPRO'}]",False,{}
100000.00,0.00,100000.00,EUR,IDEALPRO-001,MARGIN,,"[{'type': 'MarginBalance', 'initial': '0.00', 'maintenance': '2.35', 'currency': 'USD', 'instrument_id': 'EUR/USD.IDEALPRO'}]",False,{}
100000.40,2.35,99998.05,USD,IDEALPRO-001,MARGIN,,"[{'type': 'MarginBalance', 'initial': '0.00', 'maintenance': '2.35', 'currency': 'USD', 'instrument_id': 'EUR/USD.IDEALPRO'}]",False,{}
100000.00,0.00,100000.00,EUR,IDEALPRO-001,MARGIN,,"[{'type': 'MarginBalance', 'initial': '0.00', 'maintenance': '2.35', 'currency': 'USD', 'instrument_id': 'EUR/USD.IDEALPRO'}]",False,{}
100000.40,2.35,99998.05,USD,IDEALPRO-001,MARGIN,,"[{'type': 'MarginBalance', 'initial': '0.00', 'maintenance': '2.35', 'currency': 'USD', 'instrument_id': 'EUR/USD.IDEALPRO'}]",False,{}
100000.00,0.00,100000.00,EUR,IDEALPRO-001,MARGIN,,"[{'type': 'MarginBalance', 'initial': '0.00', 'maintenance': '2.35', 'currency': 'USD', 'instrument_id': 'EUR/USD.IDEALPRO'}]",False,{}
100000.34,0.00,100000.34,USD,IDEALPRO-001,MARGIN,,[],False,{}
100000.00,0.00,100000.00,EUR,IDEALPRO-001,MARGIN,,[],False,{}
100000.34,0.00,100000.34,USD,IDEALPRO-001,MARGIN,,[],False,{}
100000.00,0.00,100000.00,EUR,IDEALPRO-001,MARGIN,,[],False,{}
100000.34,0.00,100000.34,USD,IDEALPRO-001,MARGIN,,[],False,{}
100000.00,0.00,100000.00,EUR,IDEALPRO-001,MARGIN,,[],False,{}
100000.34,0.00,100000.34,USD,IDEALPRO-001,MARGIN,,[],False,{}
100000.00,0.00,100000.00,EUR,IDEALPRO-001,MARGIN,,[],False,{}
100000.34,0.00,100000.34,USD,IDEALPRO-001,MARGIN,,[],False,{}
100000.00,0.00,100000.00,EUR,IDEALPRO-001,MARGIN,,[],False,{}
100000.34,2.35,99997.99,USD,IDEALPRO-001,MARGIN,,"[{'type': 'MarginBalance', 'initial': '0.00', 'maintenance': '2.35', 'currency': 'USD', 'instrument_id': 'EUR/USD.IDEALPRO'}]",False,{}
100000.00,0.00,100000.00,EUR,IDEALPRO-001,MARGIN,,"[{'type': 'MarginBalance', 'initial': '0.00', 'maintenance': '2.35', 'currency': 'USD', 'instrument_id': 'EUR/USD.IDEALPRO'}]",False,{}
100000.34,2.35,99997.99,USD,IDEALPRO-001,MARGIN,,"[{'type': 'MarginBalance', 'initial': '0.00', 'maintenance': '2.35', 'currency': 'USD', 'instrument_id': 'EUR/USD.IDEALPRO'}]",False,{}
100000.00,0.00,100000.00,EUR,IDEALPRO-001,MARGIN,,"[{'type': 'MarginBalance', 'initial': '0.00', 'maintenance': '2.35', 'currency': 'USD', 'instrument_id': 'EUR/USD.IDEALPRO'}]",False,{}
100000.34,2.35,99997.99,USD,IDEALPRO-001,MARGIN,,"[{'type': 'MarginBalance', 'initial': '0.00', 'maintenance': '2.35', 'currency': 'USD', 'instrument_id': 'EUR/USD.IDEALPRO'}]",False,{}
100000.00,0.00,100000.00,EUR,IDEALPRO-001,MARGIN,,"[{'type': 'MarginBalance', 'initial': '0.00', 'maintenance': '2.35', 'currency': 'USD', 'instrument_id': 'EUR/USD.IDEALPRO'}]",False,{}
100000.34,2.35,99997.99,USD,IDEALPRO-001,MARGIN,,"[{'type': 'MarginBalance', 'initial': '0.00', 'maintenance': '2.35', 'currency': 'USD', 'instrument_id': 'EUR/USD.IDEALPRO'}]",False,{}
100000.00,0.00,100000.00,EUR,IDEALPRO-001,MARGIN,,"[{'type': 'MarginBalance', 'initial': '0.00', 'maintenance': '2.35', 'currency': 'USD', 'instrument_id': 'EUR/USD.IDEALPRO'}]",False,{}
100000.34,0.00,100000.34,USD,IDEALPRO-001,MARGIN,,[],False,{}
100000.00,0.00,100000.00,EUR,IDEALPRO-001,MARGIN,,[],False,{}
100000.34,0.00,100000.34,USD,IDEALPRO-001,MARGIN,,[],False,{}
100000.00,0.00,100000.00,EUR,IDEALPRO-001,MARGIN,,[],False,{}
100000.34,0.00,100000.34,USD,IDEALPRO-001,MARGIN,,[],False,{}
100000.00,0.00,100000.00,EUR,IDEALPRO-001,MARGIN,,[],False,{}
100000.34,0.00,100000.34,USD,IDEALPRO-001,MARGIN,,[],False,{}
100000.00,0.00,100000.00,EUR,IDEALPRO-001,MARGIN,,[],False,{}
100000.34,0.00,100000.34,USD,IDEALPRO-001,MARGIN,,[],False,{}
100000.00,0.00,100000.00,EUR,IDEALPRO-001,MARGIN,,[],False,{}
100000.34,0.00,100000.34,USD,IDEALPRO-001,MARGIN,,[],False,{}
100000.00,0.00,100000.00,EUR,IDEALPRO-001,MARGIN,,[],False,{}
100000.34,2.35,99997.99,USD,IDEALPRO-001,MARGIN,,"[{'type': 'MarginBalance', 'initial': '0.00', 'maintenance': '2.35', 'currency': 'USD', 'instrument_id': 'EUR/USD.IDEALPRO'}]",False,{}
100000.00,0.00,100000.00,EUR,IDEALPRO-001,MARGIN,,"[{'type': 'MarginBalance', 'initial': '0.00', 'maintenance': '2.35', 'currency': 'USD', 'instrument_id': 'EUR/USD.IDEALPRO'}]",False,{}
100000.34,2.35,99997.99,USD,IDEALPRO-001,MARGIN,,"[{'type': 'MarginBalance', 'initial': '0.00', 'maintenance': '2.35', 'currency': 'USD', 'instrument_id': 'EUR/USD.IDEALPRO'}]",False,{}
100000.00,0.00,100000.00,EUR,IDEALPRO-001,MARGIN,,"[{'type': 'MarginBalance', 'initial': '0.00', 'maintenance': '2.35', 'currency': 'USD', 'instrument_id': 'EUR/USD.IDEALPRO'}]",False,{}
100000.34,2.35,99997.99,USD,IDEALPRO-001,MARGIN,,"[{'type': 'MarginBalance', 'initial': '0.00', 'maintenance': '2.35', 'currency': 'USD', 'instrument_id': 'EUR/USD.IDEALPRO'}]",False,{}
100000.00,0.00,100000.00,EUR,IDEALPRO-001,MARGIN,,"[{'type': 'MarginBalance', 'initial': '0.00', 'maintenance': '2.35', 'currency': 'USD', 'instrument_id': 'EUR/USD.IDEALPRO'}]",False,{}
100000.34,2.35,99997.99,USD,IDEALPRO-001,MARGIN,,"[{'type': 'MarginBalance', 'initial': '0.00', 'maintenance': '2.35', 'currency': 'USD', 'instrument_id': 'EUR/USD.IDEALPRO'}]",False,{}
100000.00,0.00,100000.00,EUR,IDEALPRO-001,MARGIN,,"[{'type': 'MarginBalance', 'initial': '0.00', 'maintenance': '2.35', 'currency': 'USD', 'instrument_id': 'EUR/USD.IDEALPRO'}]",False,{}
100000.48,0.00,100000.48,USD,IDEALPRO-001,MARGIN,,[],False,{}
100000.00,0.00,100000.00,EUR,IDEALPRO-001,MARGIN,,[],False,{}
100000.48,0.00,100000.48,USD,IDEALPRO-001,MARGIN,,[],False,{}
100000.00,0.00,100000.00,EUR,IDEALPRO-001,MARGIN,,[],False,{}
100000.48,0.00,100000.48,USD,IDEALPRO-001,MARGIN,,[],False,{}
100000.00,0.00,100000.00,EUR,IDEALPRO-001,MARGIN,,[],False,{}
100000.48,0.00,100000.48,USD,IDEALPRO-001,MARGIN,,[],False,{}
100000.00,0.00,100000.00,EUR,IDEALPRO-001,MARGIN,,[],False,{}
100000.48,0.00,100000.48,USD,IDEALPRO-001,MARGIN,,[],False,{}
100000.00,0.00,100000.00,EUR,IDEALPRO-001,MARGIN,,[],False,{}
100000.48,0.00,100000.48,USD,IDEALPRO-001,MARGIN,,[],False,{}
100000.00,0.00,100000.00,EUR,IDEALPRO-001,MARGIN,,[],False,{}
100000.48,2.35,99998.13,USD,IDEALPRO-001,MARGIN,,"[{'type': 'MarginBalance', 'initial': '0.00', 'maintenance': '2.35', 'currency': 'USD', 'instrument_id': 'EUR/USD.IDEALPRO'}]",False,{}
100000.00,0.00,100000.00,EUR,IDEALPRO-001,MARGIN,,"[{'type': 'MarginBalance', 'initial': '0.00', 'maintenance': '2.35', 'currency': 'USD', 'instrument_id': 'EUR/USD.IDEALPRO'}]",False,{}
100000.48,2.35,99998.13,USD,IDEALPRO-001,MARGIN,,"[{'type': 'MarginBalance', 'initial': '0.00', 'maintenance': '2.35', 'currency': 'USD', 'instrument_id': 'EUR/USD.IDEALPRO'}]",False,{}
100000.00,0.00,100000.00,EUR,IDEALPRO-001,MARGIN,,"[{'type': 'MarginBalance', 'initial': '0.00', 'maintenance': '2.35', 'currency': 'USD', 'instrument_id': 'EUR/USD.IDEALPRO'}]",False,{}
100000.48,2.35,99998.13,USD,IDEALPRO-001,MARGIN,,"[{'type': 'MarginBalance', 'initial': '0.00', 'maintenance': '2.35', 'currency': 'USD', 'instrument_id': 'EUR/USD.IDEALPRO'}]",False,{}
100000.00,0.00,100000.00,EUR,IDEALPRO-001,MARGIN,,"[{'type': 'MarginBalance', 'initial': '0.00', 'maintenance': '2.35', 'currency': 'USD', 'instrument_id': 'EUR/USD.IDEALPRO'}]",False,{}
100000.48,2.35,99998.13,USD,IDEALPRO-001,MARGIN,,"[{'type': 'MarginBalance', 'initial': '0.00', 'maintenance': '2.35', 'currency': 'USD', 'instrument_id': 'EUR/USD.IDEALPRO'}]",False,{}
100000.00,0.00,100000.00,EUR,IDEALPRO-001,MARGIN,,"[{'type': 'MarginBalance', 'initial': '0.00', 'maintenance': '2.35', 'currency': 'USD', 'instrument_id': 'EUR/USD.IDEALPRO'}]",False,{}
100000.45,0.00,100000.45,USD,IDEALPRO-001,MARGIN,,[],False,{}
100000.00,0.00,100000.00,EUR,IDEALPRO-001,MARGIN,,[],False,{}
100000.45,0.00,100000.45,USD,IDEALPRO-001,MARGIN,,[],False,{}
100000.00,0.00,100000.00,EUR,IDEALPRO-001,MARGIN,,[],False,{}
100000.45,0.00,100000.45,USD,IDEALPRO-001,MARGIN,,[],False,{}
100000.00,0.00,100000.00,EUR,IDEALPRO-001,MARGIN,,[],False,{}
100000.45,0.00,100000.45,USD,IDEALPRO-001,MARGIN,,[],False,{}
100000.00,0.00,100000.00,EUR,IDEALPRO-001,MARGIN,,[],False,{}
100000.45,0.00,100000.45,USD,IDEALPRO-001,MARGIN,,[],False,{}
100000.00,0.00,100000.00,EUR,IDEALPRO-001,MARGIN,,[],False,{}
100000.45,0.00,100000.45,USD,IDEALPRO-001,MARGIN,,[],False,{}
100000.00,0.00,100000.00,EUR,IDEALPRO-001,MARGIN,,[],False,{}
100000.45,2.35,99998.10,USD,IDEALPRO-001,MARGIN,,"[{'type': 'MarginBalance', 'initial': '0.00', 'maintenance': '2.35', 'currency': 'USD', 'instrument_id': 'EUR/USD.IDEALPRO'}]",False,{}
100000.00,0.00,100000.00,EUR,IDEALPRO-001,MARGIN,,"[{'type': 'MarginBalance', 'initial': '0.00', 'maintenance': '2.35', 'currency': 'USD', 'instrument_id': 'EUR/USD.IDEALPRO'}]",False,{}
100000.45,2.35,99998.10,USD,IDEALPRO-001,MARGIN,,"[{'type': 'MarginBalance', 'initial': '0.00', 'maintenance': '2.35', 'currency': 'USD', 'instrument_id': 'EUR/USD.IDEALPRO'}]",False,{}
100000.00,0.00,100000.00,EUR,IDEALPRO-001,MARGIN,,"[{'type': 'MarginBalance', 'initial': '0.00', 'maintenance': '2.35', 'currency': 'USD', 'instrument_id': 'EUR/USD.IDEALPRO'}]",False,{}
100000.45,2.35,99998.10,USD,IDEALPRO-001,MARGIN,,"[{'type': 'MarginBalance', 'initial': '0.00', 'maintenance': '2.35', 'currency': 'USD', 'instrument_id': 'EUR/USD.IDEALPRO'}]",False,{}
100000.00,0.00,100000.00,EUR,IDEALPRO-001,MARGIN,,"[{'type': 'MarginBalance', 'initial': '0.00', 'maintenance': '2.35', 'currency': 'USD', 'instrument_id': 'EUR/USD.IDEALPRO'}]",False,{}
100000.45,2.35,99998.10,USD,IDEALPRO-001,MARGIN,,"[{'type': 'MarginBalance', 'initial': '0.00', 'maintenance': '2.35', 'currency': 'USD', 'instrument_id': 'EUR/USD.IDEALPRO'}]",False,{}
100000.00,0.00,100000.00,EUR,IDEALPRO-001,MARGIN,,"[{'type': 'MarginBalance', 'initial': '0.00', 'maintenance': '2.35', 'currency': 'USD', 'instrument_id': 'EUR/USD.IDEALPRO'}]",False,{}
100000.41,0.00,100000.41,USD,IDEALPRO-001,MARGIN,,[],False,{}
100000.00,0.00,100000.00,EUR,IDEALPRO-001,MARGIN,,[],False,{}
100000.41,0.00,100000.41,USD,IDEALPRO-001,MARGIN,,[],False,{}
100000.00,0.00,100000.00,EUR,IDEALPRO-001,MARGIN,,[],False,{}
100000.41,0.00,100000.41,USD,IDEALPRO-001,MARGIN,,[],False,{}
100000.00,0.00,100000.00,EUR,IDEALPRO-001,MARGIN,,[],False,{}
100000.41,0.00,100000.41,USD,IDEALPRO-001,MARGIN,,[],False,{}
100000.00,0.00,100000.00,EUR,IDEALPRO-001,MARGIN,,[],False,{}
100000.41,0.00,100000.41,USD,IDEALPRO-001,MARGIN,,[],False,{}
100000.00,0.00,100000.00,EUR,IDEALPRO-001,MARGIN,,[],False,{}
100000.41,0.00,100000.41,USD,IDEALPRO-001,MARGIN,,[],False,{}
100000.00,0.00,100000.00,EUR,IDEALPRO-001,MARGIN,,[],False,{}
100000.41,2.35,99998.06,USD,IDEALPRO-001,MARGIN,,"[{'type': 'MarginBalance', 'initial': '0.00', 'maintenance': '2.35', 'currency': 'USD', 'instrument_id': 'EUR/USD.IDEALPRO'}]",False,{}
100000.00,0.00,100000.00,EUR,IDEALPRO-001,MARGIN,,"[{'type': 'MarginBalance', 'initial': '0.00', 'maintenance': '2.35', 'currency': 'USD', 'instrument_id': 'EUR/USD.IDEALPRO'}]",False,{}
100000.41,2.35,99998.06,USD,IDEALPRO-001,MARGIN,,"[{'type': 'MarginBalance', 'initial': '0.00', 'maintenance': '2.35', 'currency': 'USD', 'instrument_id': 'EUR/USD.IDEALPRO'}]",False,{}
100000.00,0.00,100000.00,EUR,IDEALPRO-001,MARGIN,,"[{'type': 'MarginBalance', 'initial': '0.00', 'maintenance': '2.35', 'currency': 'USD', 'instrument_id': 'EUR/USD.IDEALPRO'}]",False,{}
100000.41,2.35,99998.06,USD,IDEALPRO-001,MARGIN,,"[{'type': 'MarginBalance', 'initial': '0.00', 'maintenance': '2.35', 'currency': 'USD', 'instrument_id': 'EUR/USD.IDEALPRO'}]",False,{}
100000.00,0.00,100000.00,EUR,IDEALPRO-001,MARGIN,,"[{'type': 'MarginBalance', 'initial': '0.00', 'maintenance': '2.35', 'currency': 'USD', 'instrument_id': 'EUR/USD.IDEALPRO'}]",False,{}
100000.41,2.35,99998.06,USD,IDEALPRO-001,MARGIN,,"[{'type': 'MarginBalance', 'initial': '0.00', 'maintenance': '2.35', 'currency': 'USD', 'instrument_id': 'EUR/USD.IDEALPRO'}]",False,{}
100000.00,0.00,100000.00,EUR,IDEALPRO-001,MARGIN,,"[{'type': 'MarginBalance', 'initial': '0.00', 'maintenance': '2.35', 'currency': 'USD', 'instrument_id': 'EUR/USD.IDEALPRO'}]",False,{}
100000.46,0.00,100000.46,USD,IDEALPRO-001,MARGIN,,[],False,{}
100000.00,0.00,100000.00,EUR,IDEALPRO-001,MARGIN,,[],False,{}
100000.46,0.00,100000.46,USD,IDEALPRO-001,MARGIN,,[],False,{}
100000.00,0.00,100000.00,EUR,IDEALPRO-001,MARGIN,,[],False,{}
100000.46,0.00,100000.46,USD,IDEALPRO-001,MARGIN,,[],False,{}
100000.00,0.00,100000.00,EUR,IDEALPRO-001,MARGIN,,[],False,{}
100000.46,0.00,100000.46,USD,IDEALPRO-001,MARGIN,,[],False,{}
100000.00,0.00,100000.00,EUR,IDEALPRO-001,MARGIN,,[],False,{}
100000.46,0.00,100000.46,USD,IDEALPRO-001,MARGIN,,[],False,{}
100000.00,0.00,100000.00,EUR,IDEALPRO-001,MARGIN,,[],False,{}
100000.46,0.00,100000.46,USD,IDEALPRO-001,MARGIN,,[],False,{}
100000.00,0.00,100000.00,EUR,IDEALPRO-001,MARGIN,,[],False,{}
100000.46,2.35,99998.11,USD,IDEALPRO-001,MARGIN,,"[{'type': 'MarginBalance', 'initial': '0.00', 'maintenance': '2.35', 'currency': 'USD', 'instrument_id': 'EUR/USD.IDEALPRO'}]",False,{}
100000.00,0.00,100000.00,EUR,IDEALPRO-001,MARGIN,,"[{'type': 'MarginBalance', 'initial': '0.00', 'maintenance': '2.35', 'currency': 'USD', 'instrument_id': 'EUR/USD.IDEALPRO'}]",False,{}
100000.46,2.35,99998.11,USD,IDEALPRO-001,MARGIN,,"[{'type': 'MarginBalance', 'initial': '0.00', 'maintenance': '2.35', 'currency': 'USD', 'instrument_id': 'EUR/USD.IDEALPRO'}]",False,{}
100000.00,0.00,100000.00,EUR,IDEALPRO-001,MARGIN,,"[{'type': 'MarginBalance', 'initial': '0.00', 'maintenance': '2.35', 'currency': 'USD', 'instrument_id': 'EUR/USD.IDEALPRO'}]",False,{}
100000.46,2.35,99998.11,USD,IDEALPRO-001,MARGIN,,"[{'type': 'MarginBalance', 'initial': '0.00', 'maintenance': '2.35', 'currency': 'USD', 'instrument_id': 'EUR/USD.IDEALPRO'}]",False,{}
100000.00,0.00,100000.00,EUR,IDEALPRO-001,MARGIN,,"[{'type': 'MarginBalance', 'initial': '0.00', 'maintenance': '2.35', 'currency': 'USD', 'instrument_id': 'EUR/USD.IDEALPRO'}]",False,{}
100000.46,2.35,99998.11,USD,IDEALPRO-001,MARGIN,,"[{'type': 'MarginBalance', 'initial': '0.00', 'maintenance': '2.35', 'currency': 'USD', 'instrument_id': 'EUR/USD.IDEALPRO'}]",False,{}
100000.00,0.00,100000.00,EUR,IDEALPRO-001,MARGIN,,"[{'type': 'MarginBalance', 'initial': '0.00', 'maintenance': '2.35', 'currency': 'USD', 'instrument_id': 'EUR/USD.IDEALPRO'}]",False,{}
100000.46,0.00,100000.46,USD,IDEALPRO-001,MARGIN,,[],False,{}
100000.00,0.00,100000.00,EUR,IDEALPRO-001,MARGIN,,[],False,{}
100000.46,0.00,100000.46,USD,IDEALPRO-001,MARGIN,,[],False,{}
100000.00,0.00,100000.00,EUR,IDEALPRO-001,MARGIN,,[],False,{}
100000.46,0.00,100000.46,USD,IDEALPRO-001,MARGIN,,[],False,{}
100000.00,0.00,100000.00,EUR,IDEALPRO-001,MARGIN,,[],False,{}
100000.46,0.00,100000.46,USD,IDEALPRO-001,MARGIN,,[],False,{}
100000.00,0.00,100000.00,EUR,IDEALPRO-001,MARGIN,,[],False,{}
100000.46,0.00,100000.46,USD,IDEALPRO-001,MARGIN,,[],False,{}
100000.00,0.00,100000.00,EUR,IDEALPRO-001,MARGIN,,[],False,{}
100000.46,0.00,100000.46,USD,IDEALPRO-001,MARGIN,,[],False,{}
100000.00,0.00,100000.00,EUR,IDEALPRO-001,MARGIN,,[],False,{}
100000.46,2.35,99998.11,USD,IDEALPRO-001,MARGIN,,"[{'type': 'MarginBalance', 'initial': '0.00', 'maintenance': '2.35', 'currency': 'USD', 'instrument_id': 'EUR/USD.IDEALPRO'}]",False,{}
100000.00,0.00,100000.00,EUR,IDEALPRO-001,MARGIN,,"[{'type': 'MarginBalance', 'initial': '0.00', 'maintenance': '2.35', 'currency': 'USD', 'instrument_id': 'EUR/USD.IDEALPRO'}]",False,{}
100000.46,2.35,99998.11,USD,IDEALPRO-001,MARGIN,,"[{'type': 'MarginBalance', 'initial': '0.00', 'maintenance': '2.35', 'currency': 'USD', 'instrument_id': 'EUR/USD.IDEALPRO'}]",False,{}
100000.00,0.00,100000.00,EUR,IDEALPRO-001,MARGIN,,"[{'type': 'MarginBalance', 'initial': '0.00', 'maintenance': '2.35', 'currency': 'USD', 'instrument_id': 'EUR/USD.IDEALPRO'}]",False,{}
100000.46,2.35,99998.11,USD,IDEALPRO-001,MARGIN,,"[{'type': 'MarginBalance', 'initial': '0.00', 'maintenance': '2.35', 'currency': 'USD', 'instrument_id': 'EUR/USD.IDEALPRO'}]",False,{}
100000.00,0.00,100000.00,EUR,IDEALPRO-001,MARGIN,,"[{'type': 'MarginBalance', 'initial': '0.00', 'maintenance': '2.35', 'currency': 'USD', 'instrument_id': 'EUR/USD.IDEALPRO'}]",False,{}
100000.46,2.35,99998.11,USD,IDEALPRO-001,MARGIN,,"[{'type': 'MarginBalance', 'initial': '0.00', 'maintenance': '2.35', 'currency': 'USD', 'instrument_id': 'EUR/USD.IDEALPRO'}]",False,{}
100000.00,0.00,100000.00,EUR,IDEALPRO-001,MARGIN,,"[{'type': 'MarginBalance', 'initial': '0.00', 'maintenance': '2.35', 'currency': 'USD', 'instrument_id': 'EUR/USD.IDEALPRO'}]",False,{}
100000.46,0.00,100000.46,USD,IDEALPRO-001,MARGIN,,[],False,{}
100000.00,0.00,100000.00,EUR,IDEALPRO-001,MARGIN,,[],False,{}
100000.46,0.00,100000.46,USD,IDEALPRO-001,MARGIN,,[],False,{}
100000.00,0.00,100000.00,EUR,IDEALPRO-001,MARGIN,,[],False,{}
100000.46,0.00,100000.46,USD,IDEALPRO-001,MARGIN,,[],False,{}
100000.00,0.00,100000.00,EUR,IDEALPRO-001,MARGIN,,[],False,{}
100000.46,0.00,100000.46,USD,IDEALPRO-001,MARGIN,,[],False,{}
100000.00,0.00,100000.00,EUR,IDEALPRO-001,MARGIN,,[],False,{}
100000.46,0.00,100000.46,USD,IDEALPRO-001,MARGIN,,[],False,{}
100000.00,0.00,100000.00,EUR,IDEALPRO-001,MARGIN,,[],False,{}
100000.46,0.00,100000.46,USD,IDEALPRO-001,MARGIN,,[],False,{}
100000.00,0.00,100000.00,EUR,IDEALPRO-001,MARGIN,,[],False,{}
100000.46,2.35,99998.11,USD,IDEALPRO-001,MARGIN,,"[{'type': 'MarginBalance', 'initial': '0.00', 'maintenance': '2.35', 'currency': 'USD', 'instrument_id': 'EUR/USD.IDEALPRO'}]",False,{}
100000.00,0.00,100000.00,EUR,IDEALPRO-001,MARGIN,,"[{'type': 'MarginBalance', 'initial': '0.00', 'maintenance': '2.35', 'currency': 'USD', 'instrument_id': 'EUR/USD.IDEALPRO'}]",False,{}
100000.46,2.35,99998.11,USD,IDEALPRO-001,MARGIN,,"[{'type': 'MarginBalance', 'initial': '0.00', 'maintenance': '2.35', 'currency': 'USD', 'instrument_id': 'EUR/USD.IDEALPRO'}]",False,{}
100000.00,0.00,100000.00,EUR,IDEALPRO-001,MARGIN,,"[{'type': 'MarginBalance', 'initial': '0.00', 'maintenance': '2.35', 'currency': 'USD', 'instrument_id': 'EUR/USD.IDEALPRO'}]",False,{}
100000.46,2.35,99998.11,USD,IDEALPRO-001,MARGIN,,"[{'type': 'MarginBalance', 'initial': '0.00', 'maintenance': '2.35', 'currency': 'USD', 'instrument_id': 'EUR/USD.IDEALPRO'}]",False,{}
100000.00,0.00,100000.00,EUR,IDEALPRO-001,MARGIN,,"[{'type': 'MarginBalance', 'initial': '0.00', 'maintenance': '2.35', 'currency': 'USD', 'instrument_id': 'EUR/USD.IDEALPRO'}]",False,{}
100000.46,2.35,99998.11,USD,IDEALPRO-001,MARGIN,,"[{'type': 'MarginBalance', 'initial': '0.00', 'maintenance': '2.35', 'currency': 'USD', 'instrument_id': 'EUR/USD.IDEALPRO'}]",False,{}
100000.00,0.00,100000.00,EUR,IDEALPRO-001,MARGIN,,"[{'type': 'MarginBalance', 'initial': '0.00', 'maintenance': '2.35', 'currency': 'USD', 'instrument_id': 'EUR/USD.IDEALPRO'}]",False,{}
100000.52,0.00,100000.52,USD,IDEALPRO-001,MARGIN,,[],False,{}
100000.00,0.00,100000.00,EUR,IDEALPRO-001,MARGIN,,[],False,{}
100000.52,0.00,100000.52,USD,IDEALPRO-001,MARGIN,,[],False,{}
100000.00,0.00,100000.00,EUR,IDEALPRO-001,MARGIN,,[],False,{}
100000.52,0.00,100000.52,USD,IDEALPRO-001,MARGIN,,[],False,{}
100000.00,0.00,100000.00,EUR,IDEALPRO-001,MARGIN,,[],False,{}
100000.52,0.00,100000.52,USD,IDEALPRO-001,MARGIN,,[],False,{}
100000.00,0.00,100000.00,EUR,IDEALPRO-001,MARGIN,,[],False,{}
100000.52,0.00,100000.52,USD,IDEALPRO-001,MARGIN,,[],False,{}
100000.00,0.00,100000.00,EUR,IDEALPRO-001,MARGIN,,[],False,{}
100000.52,0.00,100000.52,USD,IDEALPRO-001,MARGIN,,[],False,{}
100000.00,0.00,100000.00,EUR,IDEALPRO-001,MARGIN,,[],False,{}
100000.52,2.36,99998.16,USD,IDEALPRO-001,MARGIN,,"[{'type': 'MarginBalance', 'initial': '0.00', 'maintenance': '2.36', 'currency': 'USD', 'instrument_id': 'EUR/USD.IDEALPRO'}]",False,{}
100000.00,0.00,100000.00,EUR,IDEALPRO-001,MARGIN,,"[{'type': 'MarginBalance', 'initial': '0.00', 'maintenance': '2.36', 'currency': 'USD', 'instrument_id': 'EUR/USD.IDEALPRO'}]",False,{}
100000.52,2.36,99998.16,USD,IDEALPRO-001,MARGIN,,"[{'type': 'MarginBalance', 'initial': '0.00', 'maintenance': '2.36', 'currency': 'USD', 'instrument_id': 'EUR/USD.IDEALPRO'}]",False,{}
100000.00,0.00,100000.00,EUR,IDEALPRO-001,MARGIN,,"[{'type': 'MarginBalance', 'initial': '0.00', 'maintenance': '2.36', 'currency': 'USD', 'instrument_id': 'EUR/USD.IDEALPRO'}]",False,{}
100000.52,2.36,99998.16,USD,IDEALPRO-001,MARGIN,,"[{'type': 'MarginBalance', 'initial': '0.00', 'maintenance': '2.36', 'currency': 'USD', 'instrument_id': 'EUR/USD.IDEALPRO'}]",False,{}
100000.00,0.00,100000.00,EUR,IDEALPRO-001,MARGIN,,"[{'type': 'MarginBalance', 'initial': '0.00', 'maintenance': '2.36', 'currency': 'USD', 'instrument_id': 'EUR/USD.IDEALPRO'}]",False,{}
100000.46,0.00,100000.46,USD,IDEALPRO-001,MARGIN,,[],False,{}
100000.00,0.00,100000.00,EUR,IDEALPRO-001,MARGIN,,[],False,{}
100000.46,0.00,100000.46,USD,IDEALPRO-001,MARGIN,,[],False,{}
100000.00,0.00,100000.00,EUR,IDEALPRO-001,MARGIN,,[],False,{}
100000.46,0.00,100000.46,USD,IDEALPRO-001,MARGIN,,[],False,{}
100000.00,0.00,100000.00,EUR,IDEALPRO-001,MARGIN,,[],False,{}
100000.46,0.00,100000.46,USD,IDEALPRO-001,MARGIN,,[],False,{}
100000.00,0.00,100000.00,EUR,IDEALPRO-001,MARGIN,,[],False,{}
100000.46,0.00,100000.46,USD,IDEALPRO-001,MARGIN,,[],False,{}
100000.00,0.00,100000.00,EUR,IDEALPRO-001,MARGIN,,[],False,{}
100000.46,2.36,99998.10,USD,IDEALPRO-001,MARGIN,,"[{'type': 'MarginBalance', 'initial': '0.00', 'maintenance': '2.36', 'currency': 'USD', 'instrument_id': 'EUR/USD.IDEALPRO'}]",False,{}
100000.00,0.00,100000.00,EUR,IDEALPRO-001,MARGIN,,"[{'type': 'MarginBalance', 'initial': '0.00', 'maintenance': '2.36', 'currency': 'USD', 'instrument_id': 'EUR/USD.IDEALPRO'}]",False,{}
100000.46,2.35,99998.11,USD,IDEALPRO-001,MARGIN,,"[{'type': 'MarginBalance', 'initial': '0.00', 'maintenance': '2.35', 'currency': 'USD', 'instrument_id': 'EUR/USD.IDEALPRO'}]",False,{}
100000.00,0.00,100000.00,EUR,IDEALPRO-001,MARGIN,,"[{'type': 'MarginBalance', 'initial': '0.00', 'maintenance': '2.35', 'currency': 'USD', 'instrument_id': 'EUR/USD.IDEALPRO'}]",False,{}
100000.46,2.35,99998.11,USD,IDEALPRO-001,MARGIN,,"[{'type': 'MarginBalance', 'initial': '0.00', 'maintenance': '2.35', 'currency': 'USD', 'instrument_id': 'EUR/USD.IDEALPRO'}]",False,{}
100000.00,0.00,100000.00,EUR,IDEALPRO-001,MARGIN,,"[{'type': 'MarginBalance', 'initial': '0.00', 'maintenance': '2.35', 'currency': 'USD', 'instrument_id': 'EUR/USD.IDEALPRO'}]",False,{}
100000.46,2.35,99998.11,USD,IDEALPRO-001,MARGIN,,"[{'type': 'MarginBalance', 'initial': '0.00', 'maintenance': '2.35', 'currency': 'USD', 'instrument_id': 'EUR/USD.IDEALPRO'}]",False,{}
100000.00,0.00,100000.00,EUR,IDEALPRO-001,MARGIN,,"[{'type': 'MarginBalance', 'initial': '0.00', 'maintenance': '2.35', 'currency': 'USD', 'instrument_id': 'EUR/USD.IDEALPRO'}]",False,{}
100000.53,0.00,100000.53,USD,IDEALPRO-001,MARGIN,,[],False,{}
100000.00,0.00,100000.00,EUR,IDEALPRO-001,MARGIN,,[],False,{}
100000.53,0.00,100000.53,USD,IDEALPRO-001,MARGIN,,[],False,{}
100000.00,0.00,100000.00,EUR,IDEALPRO-001,MARGIN,,[],False,{}
100000.53,0.00,100000.53,USD,IDEALPRO-001,MARGIN,,[],False,{}
100000.00,0.00,100000.00,EUR,IDEALPRO-001,MARGIN,,[],False,{}
100000.53,0.00,100000.53,USD,IDEALPRO-001,MARGIN,,[],False,{}
100000.00,0.00,100000.00,EUR,IDEALPRO-001,MARGIN,,[],False,{}
100000.53,0.00,100000.53,USD,IDEALPRO-001,MARGIN,,[],False,{}
100000.00,0.00,100000.00,EUR,IDEALPRO-001,MARGIN,,[],False,{}
100000.53,0.00,100000.53,USD,IDEALPRO-001,MARGIN,,[],False,{}
100000.00,0.00,100000.00,EUR,IDEALPRO-001,MARGIN,,[],False,{}
100000.53,2.35,99998.18,USD,IDEALPRO-001,MARGIN,,"[{'type': 'MarginBalance', 'initial': '0.00', 'maintenance': '2.35', 'currency': 'USD', 'instrument_id': 'EUR/USD.IDEALPRO'}]",False,{}
100000.00,0.00,100000.00,EUR,IDEALPRO-001,MARGIN,,"[{'type': 'MarginBalance', 'initial': '0.00', 'maintenance': '2.35', 'currency': 'USD', 'instrument_id': 'EUR/USD.IDEALPRO'}]",False,{}
100000.53,2.35,99998.18,USD,IDEALPRO-001,MARGIN,,"[{'type': 'MarginBalance', 'initial': '0.00', 'maintenance': '2.35', 'currency': 'USD', 'instrument_id': 'EUR/USD.IDEALPRO'}]",False,{}
100000.00,0.00,100000.00,EUR,IDEALPRO-001,MARGIN,,"[{'type': 'MarginBalance', 'initial': '0.00', 'maintenance': '2.35', 'currency': 'USD', 'instrument_id': 'EUR/USD.IDEALPRO'}]",False,{}
100000.53,2.35,99998.18,USD,IDEALPRO-001,MARGIN,,"[{'type': 'MarginBalance', 'initial': '0.00', 'maintenance': '2.35', 'currency': 'USD', 'instrument_id': 'EUR/USD.IDEALPRO'}]",False,{}
100000.00,0.00,100000.00,EUR,IDEALPRO-001,MARGIN,,"[{'type': 'MarginBalance', 'initial': '0.00', 'maintenance': '2.35', 'currency': 'USD', 'instrument_id': 'EUR/USD.IDEALPRO'}]",False,{}
100000.53,2.35,99998.18,USD,IDEALPRO-001,MARGIN,,"[{'type': 'MarginBalance', 'initial': '0.00', 'maintenance': '2.35', 'currency': 'USD', 'instrument_id': 'EUR/USD.IDEALPRO'}]",False,{}
100000.00,0.00,100000.00,EUR,IDEALPRO-001,MARGIN,,"[{'type': 'MarginBalance', 'initial': '0.00', 'maintenance': '2.35', 'currency': 'USD', 'instrument_id': 'EUR/USD.IDEALPRO'}]",False,{}
100000.61,0.00,100000.61,USD,IDEALPRO-001,MARGIN,,[],False,{}
100000.00,0.00,100000.00,EUR,IDEALPRO-001,MARGIN,,[],False,{}
100000.61,0.00,100000.61,USD,IDEALPRO-001,MARGIN,,[],False,{}
100000.00,0.00,100000.00,EUR,IDEALPRO-001,MARGIN,,[],False,{}
100000.61,0.00,100000.61,USD,IDEALPRO-001,MARGIN,,[],False,{}
100000.00,0.00,100000.00,EUR,IDEALPRO-001,MARGIN,,[],False,{}
100000.61,0.00,100000.61,USD,IDEALPRO-001,MARGIN,,[],False,{}
100000.00,0.00,100000.00,EUR,IDEALPRO-001,MARGIN,,[],False,{}
100000.61,0.00,100000.61,USD,IDEALPRO-001,MARGIN,,[],False,{}
100000.00,0.00,100000.00,EUR,IDEALPRO-001,MARGIN,,[],False,{}
100000.61,0.00,100000.61,USD,IDEALPRO-001,MARGIN,,[],False,{}
100000.00,0.00,100000.00,EUR,IDEALPRO-001,MARGIN,,[],False,{}
100000.61,2.35,99998.26,USD,IDEALPRO-001,MARGIN,,"[{'type': 'MarginBalance', 'initial': '0.00', 'maintenance': '2.35', 'currency': 'USD', 'instrument_id': 'EUR/USD.IDEALPRO'}]",False,{}
100000.00,0.00,100000.00,EUR,IDEALPRO-001,MARGIN,,"[{'type': 'MarginBalance', 'initial': '0.00', 'maintenance': '2.35', 'currency': 'USD', 'instrument_id': 'EUR/USD.IDEALPRO'}]",False,{}
100000.61,2.35,99998.26,USD,IDEALPRO-001,MARGIN,,"[{'type': 'MarginBalance', 'initial': '0.00', 'maintenance': '2.35', 'currency': 'USD', 'instrument_id': 'EUR/USD.IDEALPRO'}]",False,{}
100000.00,0.00,100000.00,EUR,IDEALPRO-001,MARGIN,,"[{'type': 'MarginBalance', 'initial': '0.00', 'maintenance': '2.35', 'currency': 'USD', 'instrument_id': 'EUR/USD.IDEALPRO'}]",False,{}
100000.61,2.35,99998.26,USD,IDEALPRO-001,MARGIN,,"[{'type': 'MarginBalance', 'initial': '0.00', 'maintenance': '2.35', 'currency': 'USD', 'instrument_id': 'EUR/USD.IDEALPRO'}]",False,{}
100000.00,0.00,100000.00,EUR,IDEALPRO-001,MARGIN,,"[{'type': 'MarginBalance', 'initial': '0.00', 'maintenance': '2.35', 'currency': 'USD', 'instrument_id': 'EUR/USD.IDEALPRO'}]",False,{}
100000.91,0.00,100000.91,USD,IDEALPRO-001,MARGIN,,[],False,{}
100000.00,0.00,100000.00,EUR,IDEALPRO-001,MARGIN,,[],False,{}
100000.91,0.00,100000.91,USD,IDEALPRO-001,MARGIN,,[],False,{}
100000.00,0.00,100000.00,EUR,IDEALPRO-001,MARGIN,,[],False,{}
100000.91,0.00,100000.91,USD,IDEALPRO-001,MARGIN,,[],False,{}
100000.00,0.00,100000.00,EUR,IDEALPRO-001,MARGIN,,[],False,{}
100000.91,0.00,100000.91,USD,IDEALPRO-001,MARGIN,,[],False,{}
100000.00,0.00,100000.00,EUR,IDEALPRO-001,MARGIN,,[],False,{}
100000.91,0.00,100000.91,USD,IDEALPRO-001,MARGIN,,[],False,{}
100000.00,0.00,100000.00,EUR,IDEALPRO-001,MARGIN,,[],False,{}
100000.91,2.35,99998.56,USD,IDEALPRO-001,MARGIN,,"[{'type': 'MarginBalance', 'initial': '0.00', 'maintenance': '2.35', 'currency': 'USD', 'instrument_id': 'EUR/USD.IDEALPRO'}]",False,{}
100000.00,0.00,100000.00,EUR,IDEALPRO-001,MARGIN,,"[{'type': 'MarginBalance', 'initial': '0.00', 'maintenance': '2.35', 'currency': 'USD', 'instrument_id': 'EUR/USD.IDEALPRO'}]",False,{}
100000.91,2.35,99998.56,USD,IDEALPRO-001,MARGIN,,"[{'type': 'MarginBalance', 'initial': '0.00', 'maintenance': '2.35', 'currency': 'USD', 'instrument_id': 'EUR/USD.IDEALPRO'}]",False,{}
100000.00,0.00,100000.00,EUR,IDEALPRO-001,MARGIN,,"[{'type': 'MarginBalance', 'initial': '0.00', 'maintenance': '2.35', 'currency': 'USD', 'instrument_id': 'EUR/USD.IDEALPRO'}]",False,{}
100000.91,2.35,99998.56,USD,IDEALPRO-001,MARGIN,,"[{'type': 'MarginBalance', 'initial': '0.00', 'maintenance': '2.35', 'currency': 'USD', 'instrument_id': 'EUR/USD.IDEALPRO'}]",False,{}
100000.00,0.00,100000.00,EUR,IDEALPRO-001,MARGIN,,"[{'type': 'MarginBalance', 'initial': '0.00', 'maintenance': '2.35', 'currency': 'USD', 'instrument_id': 'EUR/USD.IDEALPRO'}]",False,{}
100000.91,2.35,99998.56,USD,IDEALPRO-001,MARGIN,,"[{'type': 'MarginBalance', 'initial': '0.00', 'maintenance': '2.35', 'currency': 'USD', 'instrument_id': 'EUR/USD.IDEALPRO'}]",False,{}
100000.00,0.00,100000.00,EUR,IDEALPRO-001,MARGIN,,"[{'type': 'MarginBalance', 'initial': '0.00', 'maintenance': '2.35', 'currency': 'USD', 'instrument_id': 'EUR/USD.IDEALPRO'}]",False,{}
100000.86,0.00,100000.86,USD,IDEALPRO-001,MARGIN,,[],False,{}
100000.00,0.00,100000.00,EUR,IDEALPRO-001,MARGIN,,[],False,{}
100000.86,0.00,100000.86,USD,IDEALPRO-001,MARGIN,,[],False,{}
100000.00,0.00,100000.00,EUR,IDEALPRO-001,MARGIN,,[],False,{}
100000.86,0.00,100000.86,USD,IDEALPRO-001,MARGIN,,[],False,{}
100000.00,0.00,100000.00,EUR,IDEALPRO-001,MARGIN,,[],False,{}
100000.86,0.00,100000.86,USD,IDEALPRO-001,MARGIN,,[],False,{}
100000.00,0.00,100000.00,EUR,IDEALPRO-001,MARGIN,,[],False,{}
100000.86,0.00,100000.86,USD,IDEALPRO-001,MARGIN,,[],False,{}
100000.00,0.00,100000.00,EUR,IDEALPRO-001,MARGIN,,[],False,{}
100000.86,0.00,100000.86,USD,IDEALPRO-001,MARGIN,,[],False,{}
100000.00,0.00,100000.00,EUR,IDEALPRO-001,MARGIN,,[],False,{}
100000.86,2.35,99998.51,USD,IDEALPRO-001,MARGIN,,"[{'type': 'MarginBalance', 'initial': '0.00', 'maintenance': '2.35', 'currency': 'USD', 'instrument_id': 'EUR/USD.IDEALPRO'}]",False,{}
100000.00,0.00,100000.00,EUR,IDEALPRO-001,MARGIN,,"[{'type': 'MarginBalance', 'initial': '0.00', 'maintenance': '2.35', 'currency': 'USD', 'instrument_id': 'EUR/USD.IDEALPRO'}]",False,{}
100000.86,2.35,99998.51,USD,IDEALPRO-001,MARGIN,,"[{'type': 'MarginBalance', 'initial': '0.00', 'maintenance': '2.35', 'currency': 'USD', 'instrument_id': 'EUR/USD.IDEALPRO'}]",False,{}
100000.00,0.00,100000.00,EUR,IDEALPRO-001,MARGIN,,"[{'type': 'MarginBalance', 'initial': '0.00', 'maintenance': '2.35', 'currency': 'USD', 'instrument_id': 'EUR/USD.IDEALPRO'}]",False,{}
100000.86,2.35,99998.51,USD,IDEALPRO-001,MARGIN,,"[{'type': 'MarginBalance', 'initial': '0.00', 'maintenance': '2.35', 'currency': 'USD', 'instrument_id': 'EUR/USD.IDEALPRO'}]",False,{}
100000.00,0.00,100000.00,EUR,IDEALPRO-001,MARGIN,,"[{'type': 'MarginBalance', 'initial': '0.00', 'maintenance': '2.35', 'currency': 'USD', 'instrument_id': 'EUR/USD.IDEALPRO'}]",False,{}
100000.86,2.35,99998.51,USD,IDEALPRO-001,MARGIN,,"[{'type': 'MarginBalance', 'initial': '0.00', 'maintenance': '2.35', 'currency': 'USD', 'instrument_id': 'EUR/USD.IDEALPRO'}]",False,{}
100000.00,0.00,100000.00,EUR,IDEALPRO-001,MARGIN,,"[{'type': 'MarginBalance', 'initial': '0.00', 'maintenance': '2.35', 'currency': 'USD', 'instrument_id': 'EUR/USD.IDEALPRO'}]",False,{}
100000.90,0.00,100000.90,USD,IDEALPRO-001,MARGIN,,[],False,{}
100000.00,0.00,100000.00,EUR,IDEALPRO-001,MARGIN,,[],False,{}
100000.90,0.00,100000.90,USD,IDEALPRO-001,MARGIN,,[],False,{}
100000.00,0.00,100000.00,EUR,IDEALPRO-001,MARGIN,,[],False,{}
100000.90,0.00,100000.90,USD,IDEALPRO-001,MARGIN,,[],False,{}
100000.00,0.00,100000.00,EUR,IDEALPRO-001,MARGIN,,[],False,{}
100000.90,0.00,100000.90,USD,IDEALPRO-001,MARGIN,,[],False,{}
100000.00,0.00,100000.00,EUR,IDEALPRO-001,MARGIN,,[],False,{}
100000.90,0.00,100000.90,USD,IDEALPRO-001,MARGIN,,[],False,{}
100000.00,0.00,100000.00,EUR,IDEALPRO-001,MARGIN,,[],False,{}
100000.90,0.00,100000.90,USD,IDEALPRO-001,MARGIN,,[],False,{}
100000.00,0.00,100000.00,EUR,IDEALPRO-001,MARGIN,,[],False,{}
100000.90,2.35,99998.55,USD,IDEALPRO-001,MARGIN,,"[{'type': 'MarginBalance', 'initial': '0.00', 'maintenance': '2.35', 'currency': 'USD', 'instrument_id': 'EUR/USD.IDEALPRO'}]",False,{}
100000.00,0.00,100000.00,EUR,IDEALPRO-001,MARGIN,,"[{'type': 'MarginBalance', 'initial': '0.00', 'maintenance': '2.35', 'currency': 'USD', 'instrument_id': 'EUR/USD.IDEALPRO'}]",False,{}
100000.90,2.34,99998.56,USD,IDEALPRO-001,MARGIN,,"[{'type': 'MarginBalance', 'initial': '0.00', 'maintenance': '2.34', 'currency': 'USD', 'instrument_id': 'EUR/USD.IDEALPRO'}]",False,{}
100000.00,0.00,100000.00,EUR,IDEALPRO-001,MARGIN,,"[{'type': 'MarginBalance', 'initial': '0.00', 'maintenance': '2.34', 'currency': 'USD', 'instrument_id': 'EUR/USD.IDEALPRO'}]",False,{}
100000.90,2.34,99998.56,USD,IDEALPRO-001,MARGIN,,"[{'type': 'MarginBalance', 'initial': '0.00', 'maintenance': '2.34', 'currency': 'USD', 'instrument_id': 'EUR/USD.IDEALPRO'}]",False,{}
100000.00,0.00,100000.00,EUR,IDEALPRO-001,MARGIN,,"[{'type': 'MarginBalance', 'initial': '0.00', 'maintenance': '2.34', 'currency': 'USD', 'instrument_id': 'EUR/USD.IDEALPRO'}]",False,{}
100000.90,2.34,99998.56,USD,IDEALPRO-001,MARGIN,,"[{'type': 'MarginBalance', 'initial': '0.00', 'maintenance': '2.34', 'currency': 'USD', 'instrument_id': 'EUR/USD.IDEALPRO'}]",False,{}
100000.00,0.00,100000.00,EUR,IDEALPRO-001,MARGIN,,"[{'type': 'MarginBalance', 'initial': '0.00', 'maintenance': '2.34', 'currency': 'USD', 'instrument_id': 'EUR/USD.IDEALPRO'}]",False,{}
100000.88,0.00,100000.88,USD,IDEALPRO-001,MARGIN,,[],False,{}
100000.00,0.00,100000.00,EUR,IDEALPRO-001,MARGIN,,[],False,{}
100000.88,0.00,100000.88,USD,IDEALPRO-001,MARGIN,,[],False,{}
100000.00,0.00,100000.00,EUR,IDEALPRO-001,MARGIN,,[],False,{}
100000.88,0.00,100000.88,USD,IDEALPRO-001,MARGIN,,[],False,{}
100000.00,0.00,100000.00,EUR,IDEALPRO-001,MARGIN,,[],False,{}
100000.88,0.00,100000.88,USD,IDEALPRO-001,MARGIN,,[],False,{}
100000.00,0.00,100000.00,EUR,IDEALPRO-001,MARGIN,,[],False,{}
100000.88,0.00,100000.88,USD,IDEALPRO-001,MARGIN,,[],False,{}
100000.00,0.00,100000.00,EUR,IDEALPRO-001,MARGIN,,[],False,{}
100000.88,0.00,100000.88,USD,IDEALPRO-001,MARGIN,,[],False,{}
100000.00,0.00,100000.00,EUR,IDEALPRO-001,MARGIN,,[],False,{}
100000.88,2.35,99998.53,USD,IDEALPRO-001,MARGIN,,"[{'type': 'MarginBalance', 'initial': '0.00', 'maintenance': '2.35', 'currency': 'USD', 'instrument_id': 'EUR/USD.IDEALPRO'}]",False,{}
100000.00,0.00,100000.00,EUR,IDEALPRO-001,MARGIN,,"[{'type': 'MarginBalance', 'initial': '0.00', 'maintenance': '2.35', 'currency': 'USD', 'instrument_id': 'EUR/USD.IDEALPRO'}]",False,{}
100000.88,2.35,99998.53,USD,IDEALPRO-001,MARGIN,,"[{'type': 'MarginBalance', 'initial': '0.00', 'maintenance': '2.35', 'currency': 'USD', 'instrument_id': 'EUR/USD.IDEALPRO'}]",False,{}
100000.00,0.00,100000.00,EUR,IDEALPRO-001,MARGIN,,"[{'type': 'MarginBalance', 'initial': '0.00', 'maintenance': '2.35', 'currency': 'USD', 'instrument_id': 'EUR/USD.IDEALPRO'}]",False,{}
100000.88,2.35,99998.53,USD,IDEALPRO-001,MARGIN,,"[{'type': 'MarginBalance', 'initial': '0.00', 'maintenance': '2.35', 'currency': 'USD', 'instrument_id': 'EUR/USD.IDEALPRO'}]",False,{}
100000.00,0.00,100000.00,EUR,IDEALPRO-001,MARGIN,,"[{'type': 'MarginBalance', 'initial': '0.00', 'maintenance': '2.35', 'currency': 'USD', 'instrument_id': 'EUR/USD.IDEALPRO'}]",False,{}
100000.82,0.00,100000.82,USD,IDEALPRO-001,MARGIN,,[],False,{}
100000.00,0.00,100000.00,EUR,IDEALPRO-001,MARGIN,,[],False,{}
100000.82,0.00,100000.82,USD,IDEALPRO-001,MARGIN,,[],False,{}
100000.00,0.00,100000.00,EUR,IDEALPRO-001,MARGIN,,[],False,{}
100000.82,0.00,100000.82,USD,IDEALPRO-001,MARGIN,,[],False,{}
100000.00,0.00,100000.00,EUR,IDEALPRO-001,MARGIN,,[],False,{}
100000.82,0.00,100000.82,USD,IDEALPRO-001,MARGIN,,[],False,{}
100000.00,0.00,100000.00,EUR,IDEALPRO-001,MARGIN,,[],False,{}
100000.82,0.00,100000.82,USD,IDEALPRO-001,MARGIN,,[],False,{}
100000.00,0.00,100000.00,EUR,IDEALPRO-001,MARGIN,,[],False,{}
100000.82,2.34,99998.48,USD,IDEALPRO-001,MARGIN,,"[{'type': 'MarginBalance', 'initial': '0.00', 'maintenance': '2.34', 'currency': 'USD', 'instrument_id': 'EUR/USD.IDEALPRO'}]",False,{}
100000.00,0.00,100000.00,EUR,IDEALPRO-001,MARGIN,,"[{'type': 'MarginBalance', 'initial': '0.00', 'maintenance': '2.34', 'currency': 'USD', 'instrument_id': 'EUR/USD.IDEALPRO'}]",False,{}
100000.82,2.34,99998.48,USD,IDEALPRO-001,MARGIN,,"[{'type': 'MarginBalance', 'initial': '0.00', 'maintenance': '2.34', 'currency': 'USD', 'instrument_id': 'EUR/USD.IDEALPRO'}]",False,{}
100000.00,0.00,100000.00,EUR,IDEALPRO-001,MARGIN,,"[{'type': 'MarginBalance', 'initial': '0.00', 'maintenance': '2.34', 'currency': 'USD', 'instrument_id': 'EUR/USD.IDEALPRO'}]",False,{}
100000.82,2.34,99998.48,USD,IDEALPRO-001,MARGIN,,"[{'type': 'MarginBalance', 'initial': '0.00', 'maintenance': '2.34', 'currency': 'USD', 'instrument_id': 'EUR/USD.IDEALPRO'}]",False,{}
100000.00,0.00,100000.00,EUR,IDEALPRO-001,MARGIN,,"[{'type': 'MarginBalance', 'initial': '0.00', 'maintenance': '2.34', 'currency': 'USD', 'instrument_id': 'EUR/USD.IDEALPRO'}]",False,{}
100000.82,2.34,99998.48,USD,IDEALPRO-001,MARGIN,,"[{'type': 'MarginBalance', 'initial': '0.00', 'maintenance': '2.34', 'currency': 'USD', 'instrument_id': 'EUR/USD.IDEALPRO'}]",False,{}
100000.00,0.00,100000.00,EUR,IDEALPRO-001,MARGIN,,"[{'type': 'MarginBalance', 'initial': '0.00', 'maintenance': '2.34', 'currency': 'USD', 'instrument_id': 'EUR/USD.IDEALPRO'}]",False,{}
100000.95,0.00,100000.95,USD,IDEALPRO-001,MARGIN,,[],False,{}
100000.00,0.00,100000.00,EUR,IDEALPRO-001,MARGIN,,[],False,{}
100000.95,0.00,100000.95,USD,IDEALPRO-001,MARGIN,,[],False,{}
100000.00,0.00,100000.00,EUR,IDEALPRO-001,MARGIN,,[],False,{}
100000.95,0.00,100000.95,USD,IDEALPRO-001,MARGIN,,[],False,{}
100000.00,0.00,100000.00,EUR,IDEALPRO-001,MARGIN,,[],False,{}
100000.95,0.00,100000.95,USD,IDEALPRO-001,MARGIN,,[],False,{}
100000.00,0.00,100000.00,EUR,IDEALPRO-001,MARGIN,,[],False,{}
100000.95,0.00,100000.95,USD,IDEALPRO-001,MARGIN,,[],False,{}
100000.00,0.00,100000.00,EUR,IDEALPRO-001,MARGIN,,[],False,{}
100000.95,0.00,100000.95,USD,IDEALPRO-001,MARGIN,,[],False,{}
100000.00,0.00,100000.00,EUR,IDEALPRO-001,MARGIN,,[],False,{}
100000.95,2.34,99998.61,USD,IDEALPRO-001,MARGIN,,"[{'type': 'MarginBalance', 'initial': '0.00', 'maintenance': '2.34', 'currency': 'USD', 'instrument_id': 'EUR/USD.IDEALPRO'}]",False,{}
100000.00,0.00,100000.00,EUR,IDEALPRO-001,MARGIN,,"[{'type': 'MarginBalance', 'initial': '0.00', 'maintenance': '2.34', 'currency': 'USD', 'instrument_id': 'EUR/USD.IDEALPRO'}]",False,{}
100000.95,2.34,99998.61,USD,IDEALPRO-001,MARGIN,,"[{'type': 'MarginBalance', 'initial': '0.00', 'maintenance': '2.34', 'currency': 'USD', 'instrument_id': 'EUR/USD.IDEALPRO'}]",False,{}
100000.00,0.00,100000.00,EUR,IDEALPRO-001,MARGIN,,"[{'type': 'MarginBalance', 'initial': '0.00', 'maintenance': '2.34', 'currency': 'USD', 'instrument_id': 'EUR/USD.IDEALPRO'}]",False,{}
100000.95,2.34,99998.61,USD,IDEALPRO-001,MARGIN,,"[{'type': 'MarginBalance', 'initial': '0.00', 'maintenance': '2.34', 'currency': 'USD', 'instrument_id': 'EUR/USD.IDEALPRO'}]",False,{}
100000.00,0.00,100000.00,EUR,IDEALPRO-001,MARGIN,,"[{'type': 'MarginBalance', 'initial': '0.00', 'maintenance': '2.34', 'currency': 'USD', 'instrument_id': 'EUR/USD.IDEALPRO'}]",False,{}
100000.95,2.34,99998.61,USD,IDEALPRO-001,MARGIN,,"[{'type': 'MarginBalance', 'initial': '0.00', 'maintenance': '2.34', 'currency': 'USD', 'instrument_id': 'EUR/USD.IDEALPRO'}]",False,{}
100000.00,0.00,100000.00,EUR,IDEALPRO-001,MARGIN,,"[{'type': 'MarginBalance', 'initial': '0.00', 'maintenance': '2.34', 'currency': 'USD', 'instrument_id': 'EUR/USD.IDEALPRO'}]",False,{}
100000.92,0.00,100000.92,USD,IDEALPRO-001,MARGIN,,[],False,{}
100000.00,0.00,100000.00,EUR,IDEALPRO-001,MARGIN,,[],False,{}
100000.92,0.00,100000.92,USD,IDEALPRO-001,MARGIN,,[],False,{}
100000.00,0.00,100000.00,EUR,IDEALPRO-001,MARGIN,,[],False,{}
100000.92,0.00,100000.92,USD,IDEALPRO-001,MARGIN,,[],False,{}
100000.00,0.00,100000.00,EUR,IDEALPRO-001,MARGIN,,[],False,{}
100000.92,0.00,100000.92,USD,IDEALPRO-001,MARGIN,,[],False,{}
100000.00,0.00,100000.00,EUR,IDEALPRO-001,MARGIN,,[],False,{}
100000.92,0.00,100000.92,USD,IDEALPRO-001,MARGIN,,[],False,{}
100000.00,0.00,100000.00,EUR,IDEALPRO-001,MARGIN,,[],False,{}
100000.92,0.00,100000.92,USD,IDEALPRO-001,MARGIN,,[],False,{}
100000.00,0.00,100000.00,EUR,IDEALPRO-001,MARGIN,,[],False,{}
100000.92,2.34,99998.58,USD,IDEALPRO-001,MARGIN,,"[{'type': 'MarginBalance', 'initial': '0.00', 'maintenance': '2.34', 'currency': 'USD', 'instrument_id': 'EUR/USD.IDEALPRO'}]",False,{}
100000.00,0.00,100000.00,EUR,IDEALPRO-001,MARGIN,,"[{'type': 'MarginBalance', 'initial': '0.00', 'maintenance': '2.34', 'currency': 'USD', 'instrument_id': 'EUR/USD.IDEALPRO'}]",False,{}
100000.92,2.34,99998.58,USD,IDEALPRO-001,MARGIN,,"[{'type': 'MarginBalance', 'initial': '0.00', 'maintenance': '2.34', 'currency': 'USD', 'instrument_id': 'EUR/USD.IDEALPRO'}]",False,{}
100000.00,0.00,100000.00,EUR,IDEALPRO-001,MARGIN,,"[{'type': 'MarginBalance', 'initial': '0.00', 'maintenance': '2.34', 'currency': 'USD', 'instrument_id': 'EUR/USD.IDEALPRO'}]",False,{}
100000.92,2.34,99998.58,USD,IDEALPRO-001,MARGIN,,"[{'type': 'MarginBalance', 'initial': '0.00', 'maintenance': '2.34', 'currency': 'USD', 'instrument_id': 'EUR/USD.IDEALPRO'}]",False,{}
100000.00,0.00,100000.00,EUR,IDEALPRO-001,MARGIN,,"[{'type': 'MarginBalance', 'initial': '0.00', 'maintenance': '2.34', 'currency': 'USD', 'instrument_id': 'EUR/USD.IDEALPRO'}]",False,{}
100000.92,2.34,99998.58,USD,IDEALPRO-001,MARGIN,,"[{'type': 'MarginBalance', 'initial': '0.00', 'maintenance': '2.34', 'currency': 'USD', 'instrument_id': 'EUR/USD.IDEALPRO'}]",False,{}
100000.00,0.00,100000.00,EUR,IDEALPRO-001,MARGIN,,"[{'type': 'MarginBalance', 'initial': '0.00', 'maintenance': '2.34', 'currency': 'USD', 'instrument_id': 'EUR/USD.IDEALPRO'}]",False,{}
100000.91,0.00,100000.91,USD,IDEALPRO-001,MARGIN,,[],False,{}
100000.00,0.00,100000.00,EUR,IDEALPRO-001,MARGIN,,[],False,{}
100000.91,0.00,100000.91,USD,IDEALPRO-001,MARGIN,,[],False,{}
100000.00,0.00,100000.00,EUR,IDEALPRO-001,MARGIN,,[],False,{}
100000.91,0.00,100000.91,USD,IDEALPRO-001,MARGIN,,[],False,{}
100000.00,0.00,100000.00,EUR,IDEALPRO-001,MARGIN,,[],False,{}
100000.91,0.00,100000.91,USD,IDEALPRO-001,MARGIN,,[],False,{}
100000.00,0.00,100000.00,EUR,IDEALPRO-001,MARGIN,,[],False,{}
100000.91,0.00,100000.91,USD,IDEALPRO-001,MARGIN,,[],False,{}
100000.00,0.00,100000.00,EUR,IDEALPRO-001,MARGIN,,[],False,{}
100000.91,0.00,100000.91,USD,IDEALPRO-001,MARGIN,,[],False,{}
100000.00,0.00,100000.00,EUR,IDEALPRO-001,MARGIN,,[],False,{}
100000.91,2.34,99998.57,USD,IDEALPRO-001,MARGIN,,"[{'type': 'MarginBalance', 'initial': '0.00', 'maintenance': '2.34', 'currency': 'USD', 'instrument_id': 'EUR/USD.IDEALPRO'}]",False,{}
100000.00,0.00,100000.00,EUR,IDEALPRO-001,MARGIN,,"[{'type': 'MarginBalance', 'initial': '0.00', 'maintenance': '2.34', 'currency': 'USD', 'instrument_id': 'EUR/USD.IDEALPRO'}]",False,{}
100000.91,2.34,99998.57,USD,IDEALPRO-001,MARGIN,,"[{'type': 'MarginBalance', 'initial': '0.00', 'maintenance': '2.34', 'currency': 'USD', 'instrument_id': 'EUR/USD.IDEALPRO'}]",False,{}
100000.00,0.00,100000.00,EUR,IDEALPRO-001,MARGIN,,"[{'type': 'MarginBalance', 'initial': '0.00', 'maintenance': '2.34', 'currency': 'USD', 'instrument_id': 'EUR/USD.IDEALPRO'}]",False,{}
100000.91,2.34,99998.57,USD,IDEALPRO-001,MARGIN,,"[{'type': 'MarginBalance', 'initial': '0.00', 'maintenance': '2.34', 'currency': 'USD', 'instrument_id': 'EUR/USD.IDEALPRO'}]",False,{}
100000.00,0.00,100000.00,EUR,IDEALPRO-001,MARGIN,,"[{'type': 'MarginBalance', 'initial': '0.00', 'maintenance': '2.34', 'currency': 'USD', 'instrument_id': 'EUR/USD.IDEALPRO'}]",False,{}
100000.91,2.34,99998.57,USD,IDEALPRO-001,MARGIN,,"[{'type': 'MarginBalance', 'initial': '0.00', 'maintenance': '2.34', 'currency': 'USD', 'instrument_id': 'EUR/USD.IDEALPRO'}]",False,{}
100000.00,0.00,100000.00,EUR,IDEALPRO-001,MARGIN,,"[{'type': 'MarginBalance', 'initial': '0.00', 'maintenance': '2.34', 'currency': 'USD', 'instrument_id': 'EUR/USD.IDEALPRO'}]",False,{}
100001.01,0.00,100001.01,USD,IDEALPRO-001,MARGIN,,[],False,{}
100000.00,0.00,100000.00,EUR,IDEALPRO-001,MARGIN,,[],False,{}
100001.01,0.00,100001.01,USD,IDEALPRO-001,MARGIN,,[],False,{}
100000.00,0.00,100000.00,EUR,IDEALPRO-001,MARGIN,,[],False,{}
100001.01,0.00,100001.01,USD,IDEALPRO-001,MARGIN,,[],False,{}
100000.00,0.00,100000.00,EUR,IDEALPRO-001,MARGIN,,[],False,{}
100001.01,0.00,100001.01,USD,IDEALPRO-001,MARGIN,,[],False,{}
100000.00,0.00,100000.00,EUR,IDEALPRO-001,MARGIN,,[],False,{}
100001.01,0.00,100001.01,USD,IDEALPRO-001,MARGIN,,[],False,{}
100000.00,0.00,100000.00,EUR,IDEALPRO-001,MARGIN,,[],False,{}
100001.01,0.00,100001.01,USD,IDEALPRO-001,MARGIN,,[],False,{}
100000.00,0.00,100000.00,EUR,IDEALPRO-001,MARGIN,,[],False,{}
100001.01,2.34,99998.67,USD,IDEALPRO-001,MARGIN,,"[{'type': 'MarginBalance', 'initial': '0.00', 'maintenance': '2.34', 'currency': 'USD', 'instrument_id': 'EUR/USD.IDEALPRO'}]",False,{}
100000.00,0.00,100000.00,EUR,IDEALPRO-001,MARGIN,,"[{'type': 'MarginBalance', 'initial': '0.00', 'maintenance': '2.34', 'currency': 'USD', 'instrument_id': 'EUR/USD.IDEALPRO'}]",False,{}
100001.01,2.34,99998.67,USD,IDEALPRO-001,MARGIN,,"[{'type': 'MarginBalance', 'initial': '0.00', 'maintenance': '2.34', 'currency': 'USD', 'instrument_id': 'EUR/USD.IDEALPRO'}]",False,{}
100000.00,0.00,100000.00,EUR,IDEALPRO-001,MARGIN,,"[{'type': 'MarginBalance', 'initial': '0.00', 'maintenance': '2.34', 'currency': 'USD', 'instrument_id': 'EUR/USD.IDEALPRO'}]",False,{}
100001.01,2.34,99998.67,USD,IDEALPRO-001,MARGIN,,"[{'type': 'MarginBalance', 'initial': '0.00', 'maintenance': '2.34', 'currency': 'USD', 'instrument_id': 'EUR/USD.IDEALPRO'}]",False,{}
100000.00,0.00,100000.00,EUR,IDEALPRO-001,MARGIN,,"[{'type': 'MarginBalance', 'initial': '0.00', 'maintenance': '2.34', 'currency': 'USD', 'instrument_id': 'EUR/USD.IDEALPRO'}]",False,{}
100001.01,2.34,99998.67,USD,IDEALPRO-001,MARGIN,,"[{'type': 'MarginBalance', 'initial': '0.00', 'maintenance': '2.34', 'currency': 'USD', 'instrument_id': 'EUR/USD.IDEALPRO'}]",False,{}
100000.00,0.00,100000.00,EUR,IDEALPRO-001,MARGIN,,"[{'type': 'MarginBalance', 'initial': '0.00', 'maintenance': '2.34', 'currency': 'USD', 'instrument_id': 'EUR/USD.IDEALPRO'}]",False,{}
100000.99,0.00,100000.99,USD,IDEALPRO-001,MARGIN,,[],False,{}
100000.00,0.00,100000.00,EUR,IDEALPRO-001,MARGIN,,[],False,{}
100000.99,0.00,100000.99,USD,IDEALPRO-001,MARGIN,,[],False,{}
100000.00,0.00,100000.00,EUR,IDEALPRO-001,MARGIN,,[],False,{}
100000.99,0.00,100000.99,USD,IDEALPRO-001,MARGIN,,[],False,{}
100000.00,0.00,100000.00,EUR,IDEALPRO-001,MARGIN,,[],False,{}
100000.99,0.00,100000.99,USD,IDEALPRO-001,MARGIN,,[],False,{}
100000.00,0.00,100000.00,EUR,IDEALPRO-001,MARGIN,,[],False,{}
100000.99,0.00,100000.99,USD,IDEALPRO-001,MARGIN,,[],False,{}
100000.00,0.00,100000.00,EUR,IDEALPRO-001,MARGIN,,[],False,{}
100000.99,0.00,100000.99,USD,IDEALPRO-001,MARGIN,,[],False,{}
100000.00,0.00,100000.00,EUR,IDEALPRO-001,MARGIN,,[],False,{}
100000.99,2.34,99998.65,USD,IDEALPRO-001,MARGIN,,"[{'type': 'MarginBalance', 'initial': '0.00', 'maintenance': '2.34', 'currency': 'USD', 'instrument_id': 'EUR/USD.IDEALPRO'}]",False,{}
100000.00,0.00,100000.00,EUR,IDEALPRO-001,MARGIN,,"[{'type': 'MarginBalance', 'initial': '0.00', 'maintenance': '2.34', 'currency': 'USD', 'instrument_id': 'EUR/USD.IDEALPRO'}]",False,{}
100000.99,2.34,99998.65,USD,IDEALPRO-001,MARGIN,,"[{'type': 'MarginBalance', 'initial': '0.00', 'maintenance': '2.34', 'currency': 'USD', 'instrument_id': 'EUR/USD.IDEALPRO'}]",False,{}
100000.00,0.00,100000.00,EUR,IDEALPRO-001,MARGIN,,"[{'type': 'MarginBalance', 'initial': '0.00', 'maintenance': '2.34', 'currency': 'USD', 'instrument_id': 'EUR/USD.IDEALPRO'}]",False,{}
100000.99,2.34,99998.65,USD,IDEALPRO-001,MARGIN,,"[{'type': 'MarginBalance', 'initial': '0.00', 'maintenance': '2.34', 'currency': 'USD', 'instrument_id': 'EUR/USD.IDEALPRO'}]",False,{}
100000.00,0.00,100000.00,EUR,IDEALPRO-001,MARGIN,,"[{'type': 'MarginBalance', 'initial': '0.00', 'maintenance': '2.34', 'currency': 'USD', 'instrument_id': 'EUR/USD.IDEALPRO'}]",False,{}
100000.99,2.34,99998.65,USD,IDEALPRO-001,MARGIN,,"[{'type': 'MarginBalance', 'initial': '0.00', 'maintenance': '2.34', 'currency': 'USD', 'instrument_id': 'EUR/USD.IDEALPRO'}]",False,{}
100000.00,0.00,100000.00,EUR,IDEALPRO-001,MARGIN,,"[{'type': 'MarginBalance', 'initial': '0.00', 'maintenance': '2.34', 'currency': 'USD', 'instrument_id': 'EUR/USD.IDEALPRO'}]",False,{}
100000.94,0.00,100000.94,USD,IDEALPRO-001,MARGIN,,[],False,{}
100000.00,0.00,100000.00,EUR,IDEALPRO-001,MARGIN,,[],False,{}
100000.94,0.00,100000.94,USD,IDEALPRO-001,MARGIN,,[],False,{}
100000.00,0.00,100000.00,EUR,IDEALPRO-001,MARGIN,,[],False,{}
100000.94,0.00,100000.94,USD,IDEALPRO-001,MARGIN,,[],False,{}
100000.00,0.00,100000.00,EUR,IDEALPRO-001,MARGIN,,[],False,{}
100000.94,0.00,100000.94,USD,IDEALPRO-001,MARGIN,,[],False,{}
100000.00,0.00,100000.00,EUR,IDEALPRO-001,MARGIN,,[],False,{}
100000.94,0.00,100000.94,USD,IDEALPRO-001,MARGIN,,[],False,{}
100000.00,0.00,100000.00,EUR,IDEALPRO-001,MARGIN,,[],False,{}
100000.94,0.00,100000.94,USD,IDEALPRO-001,MARGIN,,[],False,{}
100000.00,0.00,100000.00,EUR,IDEALPRO-001,MARGIN,,[],False,{}
100000.94,2.34,99998.60,USD,IDEALPRO-001,MARGIN,,"[{'type': 'MarginBalance', 'initial': '0.00', 'maintenance': '2.34', 'currency': 'USD', 'instrument_id': 'EUR/USD.IDEALPRO'}]",False,{}
100000.00,0.00,100000.00,EUR,IDEALPRO-001,MARGIN,,"[{'type': 'MarginBalance', 'initial': '0.00', 'maintenance': '2.34', 'currency': 'USD', 'instrument_id': 'EUR/USD.IDEALPRO'}]",False,{}
100000.94,2.34,99998.60,USD,IDEALPRO-001,MARGIN,,"[{'type': 'MarginBalance', 'initial': '0.00', 'maintenance': '2.34', 'currency': 'USD', 'instrument_id': 'EUR/USD.IDEALPRO'}]",False,{}
100000.00,0.00,100000.00,EUR,IDEALPRO-001,MARGIN,,"[{'type': 'MarginBalance', 'initial': '0.00', 'maintenance': '2.34', 'currency': 'USD', 'instrument_id': 'EUR/USD.IDEALPRO'}]",False,{}
100000.94,2.34,99998.60,USD,IDEALPRO-001,MARGIN,,"[{'type': 'MarginBalance', 'initial': '0.00', 'maintenance': '2.34', 'currency': 'USD', 'instrument_id': 'EUR/USD.IDEALPRO'}]",False,{}
100000.00,0.00,100000.00,EUR,IDEALPRO-001,MARGIN,,"[{'type': 'MarginBalance', 'initial': '0.00', 'maintenance': '2.34', 'currency': 'USD', 'instrument_id': 'EUR/USD.IDEALPRO'}]",False,{}
100000.94,2.34,99998.60,USD,IDEALPRO-001,MARGIN,,"[{'type': 'MarginBalance', 'initial': '0.00', 'maintenance': '2.34', 'currency': 'USD', 'instrument_id': 'EUR/USD.IDEALPRO'}]",False,{}
100000.00,0.00,100000.00,EUR,IDEALPRO-001,MARGIN,,"[{'type': 'MarginBalance', 'initial': '0.00', 'maintenance': '2.34', 'currency': 'USD', 'instrument_id': 'EUR/USD.IDEALPRO'}]",False,{}
100000.92,0.00,100000.92,USD,IDEALPRO-001,MARGIN,,[],False,{}
100000.00,0.00,100000.00,EUR,IDEALPRO-001,MARGIN,,[],False,{}
100000.92,0.00,100000.92,USD,IDEALPRO-001,MARGIN,,[],False,{}
100000.00,0.00,100000.00,EUR,IDEALPRO-001,MARGIN,,[],False,{}
100000.92,0.00,100000.92,USD,IDEALPRO-001,MARGIN,,[],False,{}
100000.00,0.00,100000.00,EUR,IDEALPRO-001,MARGIN,,[],False,{}
100000.92,0.00,100000.92,USD,IDEALPRO-001,MARGIN,,[],False,{}
100000.00,0.00,100000.00,EUR,IDEALPRO-001,MARGIN,,[],False,{}
100000.92,0.00,100000.92,USD,IDEALPRO-001,MARGIN,,[],False,{}
100000.00,0.00,100000.00,EUR,IDEALPRO-001,MARGIN,,[],False,{}
100000.92,0.00,100000.92,USD,IDEALPRO-001,MARGIN,,[],False,{}
100000.00,0.00,100000.00,EUR,IDEALPRO-001,MARGIN,,[],False,{}
100000.92,2.34,99998.58,USD,IDEALPRO-001,MARGIN,,"[{'type': 'MarginBalance', 'initial': '0.00', 'maintenance': '2.34', 'currency': 'USD', 'instrument_id': 'EUR/USD.IDEALPRO'}]",False,{}
100000.00,0.00,100000.00,EUR,IDEALPRO-001,MARGIN,,"[{'type': 'MarginBalance', 'initial': '0.00', 'maintenance': '2.34', 'currency': 'USD', 'instrument_id': 'EUR/USD.IDEALPRO'}]",False,{}
100000.92,2.34,99998.58,USD,IDEALPRO-001,MARGIN,,"[{'type': 'MarginBalance', 'initial': '0.00', 'maintenance': '2.34', 'currency': 'USD', 'instrument_id': 'EUR/USD.IDEALPRO'}]",False,{}
100000.00,0.00,100000.00,EUR,IDEALPRO-001,MARGIN,,"[{'type': 'MarginBalance', 'initial': '0.00', 'maintenance': '2.34', 'currency': 'USD', 'instrument_id': 'EUR/USD.IDEALPRO'}]",False,{}
100000.92,2.34,99998.58,USD,IDEALPRO-001,MARGIN,,"[{'type': 'MarginBalance', 'initial': '0.00', 'maintenance': '2.34', 'currency': 'USD', 'instrument_id': 'EUR/USD.IDEALPRO'}]",False,{}
100000.00,0.00,100000.00,EUR,IDEALPRO-001,MARGIN,,"[{'type': 'MarginBalance', 'initial': '0.00', 'maintenance': '2.34', 'currency': 'USD', 'instrument_id': 'EUR/USD.IDEALPRO'}]",False,{}
100000.92,2.34,99998.58,USD,IDEALPRO-001,MARGIN,,"[{'type': 'MarginBalance', 'initial': '0.00', 'maintenance': '2.34', 'currency': 'USD', 'instrument_id': 'EUR/USD.IDEALPRO'}]",False,{}
100000.00,0.00,100000.00,EUR,IDEALPRO-001,MARGIN,,"[{'type': 'MarginBalance', 'initial': '0.00', 'maintenance': '2.34', 'currency': 'USD', 'instrument_id': 'EUR/USD.IDEALPRO'}]",False,{}
100000.91,0.00,100000.91,USD,IDEALPRO-001,MARGIN,,[],False,{}
100000.00,0.00,100000.00,EUR,IDEALPRO-001,MARGIN,,[],False,{}
100000.91,0.00,100000.91,USD,IDEALPRO-001,MARGIN,,[],False,{}
100000.00,0.00,100000.00,EUR,IDEALPRO-001,MARGIN,,[],False,{}
100000.91,0.00,100000.91,USD,IDEALPRO-001,MARGIN,,[],False,{}
100000.00,0.00,100000.00,EUR,IDEALPRO-001,MARGIN,,[],False,{}
100000.91,0.00,100000.91,USD,IDEALPRO-001,MARGIN,,[],False,{}
100000.00,0.00,100000.00,EUR,IDEALPRO-001,MARGIN,,[],False,{}
100000.91,0.00,100000.91,USD,IDEALPRO-001,MARGIN,,[],False,{}
100000.00,0.00,100000.00,EUR,IDEALPRO-001,MARGIN,,[],False,{}
100000.91,0.00,100000.91,USD,IDEALPRO-001,MARGIN,,[],False,{}
100000.00,0.00,100000.00,EUR,IDEALPRO-001,MARGIN,,[],False,{}
100000.91,2.34,99998.57,USD,IDEALPRO-001,MARGIN,,"[{'type': 'MarginBalance', 'initial': '0.00', 'maintenance': '2.34', 'currency': 'USD', 'instrument_id': 'EUR/USD.IDEALPRO'}]",False,{}
100000.00,0.00,100000.00,EUR,IDEALPRO-001,MARGIN,,"[{'type': 'MarginBalance', 'initial': '0.00', 'maintenance': '2.34', 'currency': 'USD', 'instrument_id': 'EUR/USD.IDEALPRO'}]",False,{}
100000.91,2.34,99998.57,USD,IDEALPRO-001,MARGIN,,"[{'type': 'MarginBalance', 'initial': '0.00', 'maintenance': '2.34', 'currency': 'USD', 'instrument_id': 'EUR/USD.IDEALPRO'}]",False,{}
100000.00,0.00,100000.00,EUR,IDEALPRO-001,MARGIN,,"[{'type': 'MarginBalance', 'initial': '0.00', 'maintenance': '2.34', 'currency': 'USD', 'instrument_id': 'EUR/USD.IDEALPRO'}]",False,{}
100000.91,2.34,99998.57,USD,IDEALPRO-001,MARGIN,,"[{'type': 'MarginBalance', 'initial': '0.00', 'maintenance': '2.34', 'currency': 'USD', 'instrument_id': 'EUR/USD.IDEALPRO'}]",False,{}
100000.00,0.00,100000.00,EUR,IDEALPRO-001,MARGIN,,"[{'type': 'MarginBalance', 'initial': '0.00', 'maintenance': '2.34', 'currency': 'USD', 'instrument_id': 'EUR/USD.IDEALPRO'}]",False,{}
100000.91,2.34,99998.57,USD,IDEALPRO-001,MARGIN,,"[{'type': 'MarginBalance', 'initial': '0.00', 'maintenance': '2.34', 'currency': 'USD', 'instrument_id': 'EUR/USD.IDEALPRO'}]",False,{}
100000.00,0.00,100000.00,EUR,IDEALPRO-001,MARGIN,,"[{'type': 'MarginBalance', 'initial': '0.00', 'maintenance': '2.34', 'currency': 'USD', 'instrument_id': 'EUR/USD.IDEALPRO'}]",False,{}
100000.88,0.00,100000.88,USD,IDEALPRO-001,MARGIN,,[],False,{}
100000.00,0.00,100000.00,EUR,IDEALPRO-001,MARGIN,,[],False,{}
100000.88,0.00,100000.88,USD,IDEALPRO-001,MARGIN,,[],False,{}
100000.00,0.00,100000.00,EUR,IDEALPRO-001,MARGIN,,[],False,{}
100000.88,0.00,100000.88,USD,IDEALPRO-001,MARGIN,,[],False,{}
100000.00,0.00,100000.00,EUR,IDEALPRO-001,MARGIN,,[],False,{}
100000.88,0.00,100000.88,USD,IDEALPRO-001,MARGIN,,[],False,{}
100000.00,0.00,100000.00,EUR,IDEALPRO-001,MARGIN,,[],False,{}
100000.88,0.00,100000.88,USD,IDEALPRO-001,MARGIN,,[],False,{}
100000.00,0.00,100000.00,EUR,IDEALPRO-001,MARGIN,,[],False,{}
100000.88,0.00,100000.88,USD,IDEALPRO-001,MARGIN,,[],False,{}
100000.00,0.00,100000.00,EUR,IDEALPRO-001,MARGIN,,[],False,{}
100000.88,2.34,99998.54,USD,IDEALPRO-001,MARGIN,,"[{'type': 'MarginBalance', 'initial': '0.00', 'maintenance': '2.34', 'currency': 'USD', 'instrument_id': 'EUR/USD.IDEALPRO'}]",False,{}
100000.00,0.00,100000.00,EUR,IDEALPRO-001,MARGIN,,"[{'type': 'MarginBalance', 'initial': '0.00', 'maintenance': '2.34', 'currency': 'USD', 'instrument_id': 'EUR/USD.IDEALPRO'}]",False,{}
100000.88,2.34,99998.54,USD,IDEALPRO-001,MARGIN,,"[{'type': 'MarginBalance', 'initial': '0.00', 'maintenance': '2.34', 'currency': 'USD', 'instrument_id': 'EUR/USD.IDEALPRO'}]",False,{}
100000.00,0.00,100000.00,EUR,IDEALPRO-001,MARGIN,,"[{'type': 'MarginBalance', 'initial': '0.00', 'maintenance': '2.34', 'currency': 'USD', 'instrument_id': 'EUR/USD.IDEALPRO'}]",False,{}
100000.88,2.34,99998.54,USD,IDEALPRO-001,MARGIN,,"[{'type': 'MarginBalance', 'initial': '0.00', 'maintenance': '2.34', 'currency': 'USD', 'instrument_id': 'EUR/USD.IDEALPRO'}]",False,{}
100000.00,0.00,100000.00,EUR,IDEALPRO-001,MARGIN,,"[{'type': 'MarginBalance', 'initial': '0.00', 'maintenance': '2.34', 'currency': 'USD', 'instrument_id': 'EUR/USD.IDEALPRO'}]",False,{}
100000.82,0.00,100000.82,USD,IDEALPRO-001,MARGIN,,[],False,{}
100000.00,0.00,100000.00,EUR,IDEALPRO-001,MARGIN,,[],False,{}
100000.82,0.00,100000.82,USD,IDEALPRO-001,MARGIN,,[],False,{}
100000.00,0.00,100000.00,EUR,IDEALPRO-001,MARGIN,,[],False,{}
100000.82,0.00,100000.82,USD,IDEALPRO-001,MARGIN,,[],False,{}
100000.00,0.00,100000.00,EUR,IDEALPRO-001,MARGIN,,[],False,{}
100000.82,0.00,100000.82,USD,IDEALPRO-001,MARGIN,,[],False,{}
100000.00,0.00,100000.00,EUR,IDEALPRO-001,MARGIN,,[],False,{}
100000.82,0.00,100000.82,USD,IDEALPRO-001,MARGIN,,[],False,{}
100000.00,0.00,100000.00,EUR,IDEALPRO-001,MARGIN,,[],False,{}
100000.82,2.34,99998.48,USD,IDEALPRO-001,MARGIN,,"[{'type': 'MarginBalance', 'initial': '0.00', 'maintenance': '2.34', 'currency': 'USD', 'instrument_id': 'EUR/USD.IDEALPRO'}]",False,{}
100000.00,0.00,100000.00,EUR,IDEALPRO-001,MARGIN,,"[{'type': 'MarginBalance', 'initial': '0.00', 'maintenance': '2.34', 'currency': 'USD', 'instrument_id': 'EUR/USD.IDEALPRO'}]",False,{}
100000.82,2.34,99998.48,USD,IDEALPRO-001,MARGIN,,"[{'type': 'MarginBalance', 'initial': '0.00', 'maintenance': '2.34', 'currency': 'USD', 'instrument_id': 'EUR/USD.IDEALPRO'}]",False,{}
100000.00,0.00,100000.00,EUR,IDEALPRO-001,MARGIN,,"[{'type': 'MarginBalance', 'initial': '0.00', 'maintenance': '2.34', 'currency': 'USD', 'instrument_id': 'EUR/USD.IDEALPRO'}]",False,{}
100000.82,2.34,99998.48,USD,IDEALPRO-001,MARGIN,,"[{'type': 'MarginBalance', 'initial': '0.00', 'maintenance': '2.34', 'currency': 'USD', 'instrument_id': 'EUR/USD.IDEALPRO'}]",False,{}
100000.00,0.00,100000.00,EUR,IDEALPRO-001,MARGIN,,"[{'type': 'MarginBalance', 'initial': '0.00', 'maintenance': '2.34', 'currency': 'USD', 'instrument_id': 'EUR/USD.IDEALPRO'}]",False,{}
100000.82,2.34,99998.48,USD,IDEALPRO-001,MARGIN,,"[{'type': 'MarginBalance', 'initial': '0.00', 'maintenance': '2.34', 'currency': 'USD', 'instrument_id': 'EUR/USD.IDEALPRO'}]",False,{}
100000.00,0.00,100000.00,EUR,IDEALPRO-001,MARGIN,,"[{'type': 'MarginBalance', 'initial': '0.00', 'maintenance': '2.34', 'currency': 'USD', 'instrument_id': 'EUR/USD.IDEALPRO'}]",False,{}
100000.78,0.00,100000.78,USD,IDEALPRO-001,MARGIN,,[],False,{}
100000.00,0.00,100000.00,EUR,IDEALPRO-001,MARGIN,,[],False,{}
100000.78,0.00,100000.78,USD,IDEALPRO-001,MARGIN,,[],False,{}
100000.00,0.00,100000.00,EUR,IDEALPRO-001,MARGIN,,[],False,{}
100000.78,0.00,100000.78,USD,IDEALPRO-001,MARGIN,,[],False,{}
100000.00,0.00,100000.00,EUR,IDEALPRO-001,MARGIN,,[],False,{}
100000.78,0.00,100000.78,USD,IDEALPRO-001,MARGIN,,[],False,{}
100000.00,0.00,100000.00,EUR,IDEALPRO-001,MARGIN,,[],False,{}
100000.78,0.00,100000.78,USD,IDEALPRO-001,MARGIN,,[],False,{}
100000.00,0.00,100000.00,EUR,IDEALPRO-001,MARGIN,,[],False,{}
100000.78,0.00,100000.78,USD,IDEALPRO-001,MARGIN,,[],False,{}
100000.00,0.00,100000.00,EUR,IDEALPRO-001,MARGIN,,[],False,{}
100000.78,2.34,99998.44,USD,IDEALPRO-001,MARGIN,,"[{'type': 'MarginBalance', 'initial': '0.00', 'maintenance': '2.34', 'currency': 'USD', 'instrument_id': 'EUR/USD.IDEALPRO'}]",False,{}
100000.00,0.00,100000.00,EUR,IDEALPRO-001,MARGIN,,"[{'type': 'MarginBalance', 'initial': '0.00', 'maintenance': '2.34', 'currency': 'USD', 'instrument_id': 'EUR/USD.IDEALPRO'}]",False,{}
100000.78,2.34,99998.44,USD,IDEALPRO-001,MARGIN,,"[{'type': 'MarginBalance', 'initial': '0.00', 'maintenance': '2.34', 'currency': 'USD', 'instrument_id': 'EUR/USD.IDEALPRO'}]",False,{}
100000.00,0.00,100000.00,EUR,IDEALPRO-001,MARGIN,,"[{'type': 'MarginBalance', 'initial': '0.00', 'maintenance': '2.34', 'currency': 'USD', 'instrument_id': 'EUR/USD.IDEALPRO'}]",False,{}
100000.78,2.34,99998.44,USD,IDEALPRO-001,MARGIN,,"[{'type': 'MarginBalance', 'initial': '0.00', 'maintenance': '2.34', 'currency': 'USD', 'instrument_id': 'EUR/USD.IDEALPRO'}]",False,{}
100000.00,0.00,100000.00,EUR,IDEALPRO-001,MARGIN,,"[{'type': 'MarginBalance', 'initial': '0.00', 'maintenance': '2.34', 'currency': 'USD', 'instrument_id': 'EUR/USD.IDEALPRO'}]",False,{}
100000.78,2.34,99998.44,USD,IDEALPRO-001,MARGIN,,"[{'type': 'MarginBalance', 'initial': '0.00', 'maintenance': '2.34', 'currency': 'USD', 'instrument_id': 'EUR/USD.IDEALPRO'}]",False,{}
100000.00,0.00,100000.00,EUR,IDEALPRO-001,MARGIN,,"[{'type': 'MarginBalance', 'initial': '0.00', 'maintenance': '2.34', 'currency': 'USD', 'instrument_id': 'EUR/USD.IDEALPRO'}]",False,{}
100000.88,0.00,100000.88,USD,IDEALPRO-001,MARGIN,,[],False,{}
100000.00,0.00,100000.00,EUR,IDEALPRO-001,MARGIN,,[],False,{}
100000.88,0.00,100000.88,USD,IDEALPRO-001,MARGIN,,[],False,{}
100000.00,0.00,100000.00,EUR,IDEALPRO-001,MARGIN,,[],False,{}
100000.88,0.00,100000.88,USD,IDEALPRO-001,MARGIN,,[],False,{}
100000.00,0.00,100000.00,EUR,IDEALPRO-001,MARGIN,,[],False,{}
100000.88,0.00,100000.88,USD,IDEALPRO-001,MARGIN,,[],False,{}
100000.00,0.00,100000.00,EUR,IDEALPRO-001,MARGIN,,[],False,{}
100000.88,0.00,100000.88,USD,IDEALPRO-001,MARGIN,,[],False,{}
100000.00,0.00,100000.00,EUR,IDEALPRO-001,MARGIN,,[],False,{}
100000.88,0.00,100000.88,USD,IDEALPRO-001,MARGIN,,[],False,{}
100000.00,0.00,100000.00,EUR,IDEALPRO-001,MARGIN,,[],False,{}
100000.88,2.34,99998.54,USD,IDEALPRO-001,MARGIN,,"[{'type': 'MarginBalance', 'initial': '0.00', 'maintenance': '2.34', 'currency': 'USD', 'instrument_id': 'EUR/USD.IDEALPRO'}]",False,{}
100000.00,0.00,100000.00,EUR,IDEALPRO-001,MARGIN,,"[{'type': 'MarginBalance', 'initial': '0.00', 'maintenance': '2.34', 'currency': 'USD', 'instrument_id': 'EUR/USD.IDEALPRO'}]",False,{}
100000.88,2.34,99998.54,USD,IDEALPRO-001,MARGIN,,"[{'type': 'MarginBalance', 'initial': '0.00', 'maintenance': '2.34', 'currency': 'USD', 'instrument_id': 'EUR/USD.IDEALPRO'}]",False,{}
100000.00,0.00,100000.00,EUR,IDEALPRO-001,MARGIN,,"[{'type': 'MarginBalance', 'initial': '0.00', 'maintenance': '2.34', 'currency': 'USD', 'instrument_id': 'EUR/USD.IDEALPRO'}]",False,{}
100000.88,2.34,99998.54,USD,IDEALPRO-001,MARGIN,,"[{'type': 'MarginBalance', 'initial': '0.00', 'maintenance': '2.34', 'currency': 'USD', 'instrument_id': 'EUR/USD.IDEALPRO'}]",False,{}
100000.00,0.00,100000.00,EUR,IDEALPRO-001,MARGIN,,"[{'type': 'MarginBalance', 'initial': '0.00', 'maintenance': '2.34', 'currency': 'USD', 'instrument_id': 'EUR/USD.IDEALPRO'}]",False,{}
100000.88,2.34,99998.54,USD,IDEALPRO-001,MARGIN,,"[{'type': 'MarginBalance', 'initial': '0.00', 'maintenance': '2.34', 'currency': 'USD', 'instrument_id': 'EUR/USD.IDEALPRO'}]",False,{}
100000.00,0.00,100000.00,EUR,IDEALPRO-001,MARGIN,,"[{'type': 'MarginBalance', 'initial': '0.00', 'maintenance': '2.34', 'currency': 'USD', 'instrument_id': 'EUR/USD.IDEALPRO'}]",False,{}
100000.83,0.00,100000.83,USD,IDEALPRO-001,MARGIN,,[],False,{}
100000.00,0.00,100000.00,EUR,IDEALPRO-001,MARGIN,,[],False,{}
100000.83,0.00,100000.83,USD,IDEALPRO-001,MARGIN,,[],False,{}
100000.00,0.00,100000.00,EUR,IDEALPRO-001,MARGIN,,[],False,{}
100000.83,0.00,100000.83,USD,IDEALPRO-001,MARGIN,,[],False,{}
100000.00,0.00,100000.00,EUR,IDEALPRO-001,MARGIN,,[],False,{}
100000.83,0.00,100000.83,USD,IDEALPRO-001,MARGIN,,[],False,{}
100000.00,0.00,100000.00,EUR,IDEALPRO-001,MARGIN,,[],False,{}
100000.83,0.00,100000.83,USD,IDEALPRO-001,MARGIN,,[],False,{}
100000.00,0.00,100000.00,EUR,IDEALPRO-001,MARGIN,,[],False,{}
100000.83,0.00,100000.83,USD,IDEALPRO-001,MARGIN,,[],False,{}
100000.00,0.00,100000.00,EUR,IDEALPRO-001,MARGIN,,[],False,{}
100000.83,2.34,99998.49,USD,IDEALPRO-001,MARGIN,,"[{'type': 'MarginBalance', 'initial': '0.00', 'maintenance': '2.34', 'currency': 'USD', 'instrument_id': 'EUR/USD.IDEALPRO'}]",False,{}
100000.00,0.00,100000.00,EUR,IDEALPRO-001,MARGIN,,"[{'type': 'MarginBalance', 'initial': '0.00', 'maintenance': '2.34', 'currency': 'USD', 'instrument_id': 'EUR/USD.IDEALPRO'}]",False,{}
100000.83,2.34,99998.49,USD,IDEALPRO-001,MARGIN,,"[{'type': 'MarginBalance', 'initial': '0.00', 'maintenance': '2.34', 'currency': 'USD', 'instrument_id': 'EUR/USD.IDEALPRO'}]",False,{}
100000.00,0.00,100000.00,EUR,IDEALPRO-001,MARGIN,,"[{'type': 'MarginBalance', 'initial': '0.00', 'maintenance': '2.34', 'currency': 'USD', 'instrument_id': 'EUR/USD.IDEALPRO'}]",False,{}
100000.83,2.34,99998.49,USD,IDEALPRO-001,MARGIN,,"[{'type': 'MarginBalance', 'initial': '0.00', 'maintenance': '2.34', 'currency': 'USD', 'instrument_id': 'EUR/USD.IDEALPRO'}]",False,{}
100000.00,0.00,100000.00,EUR,IDEALPRO-001,MARGIN,,"[{'type': 'MarginBalance', 'initial': '0.00', 'maintenance': '2.34', 'currency': 'USD', 'instrument_id': 'EUR/USD.IDEALPRO'}]",False,{}
100000.83,2.34,99998.49,USD,IDEALPRO-001,MARGIN,,"[{'type': 'MarginBalance', 'initial': '0.00', 'maintenance': '2.34', 'currency': 'USD', 'instrument_id': 'EUR/USD.IDEALPRO'}]",False,{}
100000.00,0.00,100000.00,EUR,IDEALPRO-001,MARGIN,,"[{'type': 'MarginBalance', 'initial': '0.00', 'maintenance': '2.34', 'currency': 'USD', 'instrument_id': 'EUR/USD.IDEALPRO'}]",False,{}
100000.79,0.00,100000.79,USD,IDEALPRO-001,MARGIN,,[],False,{}
100000.00,0.00,100000.00,EUR,IDEALPRO-001,MARGIN,,[],False,{}
100000.79,0.00,100000.79,USD,IDEALPRO-001,MARGIN,,[],False,{}
100000.00,0.00,100000.00,EUR,IDEALPRO-001,MARGIN,,[],False,{}
100000.79,0.00,100000.79,USD,IDEALPRO-001,MARGIN,,[],False,{}
100000.00,0.00,100000.00,EUR,IDEALPRO-001,MARGIN,,[],False,{}
100000.79,0.00,100000.79,USD,IDEALPRO-001,MARGIN,,[],False,{}
100000.00,0.00,100000.00,EUR,IDEALPRO-001,MARGIN,,[],False,{}
100000.79,0.00,100000.79,USD,IDEALPRO-001,MARGIN,,[],False,{}
100000.00,0.00,100000.00,EUR,IDEALPRO-001,MARGIN,,[],False,{}
100000.79,0.00,100000.79,USD,IDEALPRO-001,MARGIN,,[],False,{}
100000.00,0.00,100000.00,EUR,IDEALPRO-001,MARGIN,,[],False,{}
100000.79,2.34,99998.45,USD,IDEALPRO-001,MARGIN,,"[{'type': 'MarginBalance', 'initial': '0.00', 'maintenance': '2.34', 'currency': 'USD', 'instrument_id': 'EUR/USD.IDEALPRO'}]",False,{}
100000.00,0.00,100000.00,EUR,IDEALPRO-001,MARGIN,,"[{'type': 'MarginBalance', 'initial': '0.00', 'maintenance': '2.34', 'currency': 'USD', 'instrument_id': 'EUR/USD.IDEALPRO'}]",False,{}
100000.79,2.34,99998.45,USD,IDEALPRO-001,MARGIN,,"[{'type': 'MarginBalance', 'initial': '0.00', 'maintenance': '2.34', 'currency': 'USD', 'instrument_id': 'EUR/USD.IDEALPRO'}]",False,{}
100000.00,0.00,100000.00,EUR,IDEALPRO-001,MARGIN,,"[{'type': 'MarginBalance', 'initial': '0.00', 'maintenance': '2.34', 'currency': 'USD', 'instrument_id': 'EUR/USD.IDEALPRO'}]",False,{}
100000.79,2.34,99998.45,USD,IDEALPRO-001,MARGIN,,"[{'type': 'MarginBalance', 'initial': '0.00', 'maintenance': '2.34', 'currency': 'USD', 'instrument_id': 'EUR/USD.IDEALPRO'}]",False,{}
100000.00,0.00,100000.00,EUR,IDEALPRO-001,MARGIN,,"[{'type': 'MarginBalance', 'initial': '0.00', 'maintenance': '2.34', 'currency': 'USD', 'instrument_id': 'EUR/USD.IDEALPRO'}]",False,{}
100000.73,0.00,100000.73,USD,IDEALPRO-001,MARGIN,,[],False,{}
100000.00,0.00,100000.00,EUR,IDEALPRO-001,MARGIN,,[],False,{}
100000.73,0.00,100000.73,USD,IDEALPRO-001,MARGIN,,[],False,{}
100000.00,0.00,100000.00,EUR,IDEALPRO-001,MARGIN,,[],False,{}
100000.73,0.00,100000.73,USD,IDEALPRO-001,MARGIN,,[],False,{}
100000.00,0.00,100000.00,EUR,IDEALPRO-001,MARGIN,,[],False,{}
100000.73,0.00,100000.73,USD,IDEALPRO-001,MARGIN,,[],False,{}
100000.00,0.00,100000.00,EUR,IDEALPRO-001,MARGIN,,[],False,{}
100000.73,0.00,100000.73,USD,IDEALPRO-001,MARGIN,,[],False,{}
100000.00,0.00,100000.00,EUR,IDEALPRO-001,MARGIN,,[],False,{}
100000.73,2.34,99998.39,USD,IDEALPRO-001,MARGIN,,"[{'type': 'MarginBalance', 'initial': '0.00', 'maintenance': '2.34', 'currency': 'USD', 'instrument_id': 'EUR/USD.IDEALPRO'}]",False,{}
100000.00,0.00,100000.00,EUR,IDEALPRO-001,MARGIN,,"[{'type': 'MarginBalance', 'initial': '0.00', 'maintenance': '2.34', 'currency': 'USD', 'instrument_id': 'EUR/USD.IDEALPRO'}]",False,{}
100000.73,2.34,99998.39,USD,IDEALPRO-001,MARGIN,,"[{'type': 'MarginBalance', 'initial': '0.00', 'maintenance': '2.34', 'currency': 'USD', 'instrument_id': 'EUR/USD.IDEALPRO'}]",False,{}
100000.00,0.00,100000.00,EUR,IDEALPRO-001,MARGIN,,"[{'type': 'MarginBalance', 'initial': '0.00', 'maintenance': '2.34', 'currency': 'USD', 'instrument_id': 'EUR/USD.IDEALPRO'}]",False,{}
100000.73,2.34,99998.39,USD,IDEALPRO-001,MARGIN,,"[{'type': 'MarginBalance', 'initial': '0.00', 'maintenance': '2.34', 'currency': 'USD', 'instrument_id': 'EUR/USD.IDEALPRO'}]",False,{}
100000.00,0.00,100000.00,EUR,IDEALPRO-001,MARGIN,,"[{'type': 'MarginBalance', 'initial': '0.00', 'maintenance': '2.34', 'currency': 'USD', 'instrument_id': 'EUR/USD.IDEALPRO'}]",False,{}
100000.67,0.00,100000.67,USD,IDEALPRO-001,MARGIN,,[],False,{}
100000.00,0.00,100000.00,EUR,IDEALPRO-001,MARGIN,,[],False,{}
100000.67,0.00,100000.67,USD,IDEALPRO-001,MARGIN,,[],False,{}
100000.00,0.00,100000.00,EUR,IDEALPRO-001,MARGIN,,[],False,{}
100000.67,0.00,100000.67,USD,IDEALPRO-001,MARGIN,,[],False,{}
100000.00,0.00,100000.00,EUR,IDEALPRO-001,MARGIN,,[],False,{}
100000.67,0.00,100000.67,USD,IDEALPRO-001,MARGIN,,[],False,{}
100000.00,0.00,100000.00,EUR,IDEALPRO-001,MARGIN,,[],False,{}
100000.67,0.00,100000.67,USD,IDEALPRO-001,MARGIN,,[],False,{}
100000.00,0.00,100000.00,EUR,IDEALPRO-001,MARGIN,,[],False,{}
100000.67,2.34,99998.33,USD,IDEALPRO-001,MARGIN,,"[{'type': 'MarginBalance', 'initial': '0.00', 'maintenance': '2.34', 'currency': 'USD', 'instrument_id': 'EUR/USD.IDEALPRO'}]",False,{}
100000.00,0.00,100000.00,EUR,IDEALPRO-001,MARGIN,,"[{'type': 'MarginBalance', 'initial': '0.00', 'maintenance': '2.34', 'currency': 'USD', 'instrument_id': 'EUR/USD.IDEALPRO'}]",False,{}
100000.67,2.34,99998.33,USD,IDEALPRO-001,MARGIN,,"[{'type': 'MarginBalance', 'initial': '0.00', 'maintenance': '2.34', 'currency': 'USD', 'instrument_id': 'EUR/USD.IDEALPRO'}]",False,{}
100000.00,0.00,100000.00,EUR,IDEALPRO-001,MARGIN,,"[{'type': 'MarginBalance', 'initial': '0.00', 'maintenance': '2.34', 'currency': 'USD', 'instrument_id': 'EUR/USD.IDEALPRO'}]",False,{}
100000.67,2.34,99998.33,USD,IDEALPRO-001,MARGIN,,"[{'type': 'MarginBalance', 'initial': '0.00', 'maintenance': '2.34', 'currency': 'USD', 'instrument_id': 'EUR/USD.IDEALPRO'}]",False,{}
100000.00,0.00,100000.00,EUR,IDEALPRO-001,MARGIN,,"[{'type': 'MarginBalance', 'initial': '0.00', 'maintenance': '2.34', 'currency': 'USD', 'instrument_id': 'EUR/USD.IDEALPRO'}]",False,{}
100000.61,0.00,100000.61,USD,IDEALPRO-001,MARGIN,,[],False,{}
100000.00,0.00,100000.00,EUR,IDEALPRO-001,MARGIN,,[],False,{}
100000.61,0.00,100000.61,USD,IDEALPRO-001,MARGIN,,[],False,{}
100000.00,0.00,100000.00,EUR,IDEALPRO-001,MARGIN,,[],False,{}
100000.61,0.00,100000.61,USD,IDEALPRO-001,MARGIN,,[],False,{}
100000.00,0.00,100000.00,EUR,IDEALPRO-001,MARGIN,,[],False,{}
100000.61,0.00,100000.61,USD,IDEALPRO-001,MARGIN,,[],False,{}
100000.00,0.00,100000.00,EUR,IDEALPRO-001,MARGIN,,[],False,{}
100000.61,0.00,100000.61,USD,IDEALPRO-001,MARGIN,,[],False,{}
100000.00,0.00,100000.00,EUR,IDEALPRO-001,MARGIN,,[],False,{}
100000.61,2.34,99998.27,USD,IDEALPRO-001,MARGIN,,"[{'type': 'MarginBalance', 'initial': '0.00', 'maintenance': '2.34', 'currency': 'USD', 'instrument_id': 'EUR/USD.IDEALPRO'}]",False,{}
100000.00,0.00,100000.00,EUR,IDEALPRO-001,MARGIN,,"[{'type': 'MarginBalance', 'initial': '0.00', 'maintenance': '2.34', 'currency': 'USD', 'instrument_id': 'EUR/USD.IDEALPRO'}]",False,{}
100000.61,2.34,99998.27,USD,IDEALPRO-001,MARGIN,,"[{'type': 'MarginBalance', 'initial': '0.00', 'maintenance': '2.34', 'currency': 'USD', 'instrument_id': 'EUR/USD.IDEALPRO'}]",False,{}
100000.00,0.00,100000.00,EUR,IDEALPRO-001,MARGIN,,"[{'type': 'MarginBalance', 'initial': '0.00', 'maintenance': '2.34', 'currency': 'USD', 'instrument_id': 'EUR/USD.IDEALPRO'}]",False,{}
100000.61,2.34,99998.27,USD,IDEALPRO-001,MARGIN,,"[{'type': 'MarginBalance', 'initial': '0.00', 'maintenance': '2.34', 'currency': 'USD', 'instrument_id': 'EUR/USD.IDEALPRO'}]",False,{}
100000.00,0.00,100000.00,EUR,IDEALPRO-001,MARGIN,,"[{'type': 'MarginBalance', 'initial': '0.00', 'maintenance': '2.34', 'currency': 'USD', 'instrument_id': 'EUR/USD.IDEALPRO'}]",False,{}
100000.55,0.00,100000.55,USD,IDEALPRO-001,MARGIN,,[],False,{}
100000.00,0.00,100000.00,EUR,IDEALPRO-001,MARGIN,,[],False,{}
100000.55,0.00,100000.55,USD,IDEALPRO-001,MARGIN,,[],False,{}
100000.00,0.00,100000.00,EUR,IDEALPRO-001,MARGIN,,[],False,{}
100000.55,0.00,100000.55,USD,IDEALPRO-001,MARGIN,,[],False,{}
100000.00,0.00,100000.00,EUR,IDEALPRO-001,MARGIN,,[],False,{}
100000.55,0.00,100000.55,USD,IDEALPRO-001,MARGIN,,[],False,{}
100000.00,0.00,100000.00,EUR,IDEALPRO-001,MARGIN,,[],False,{}
100000.55,0.00,100000.55,USD,IDEALPRO-001,MARGIN,,[],False,{}
100000.00,0.00,100000.00,EUR,IDEALPRO-001,MARGIN,,[],False,{}
100000.55,2.34,99998.21,USD,IDEALPRO-001,MARGIN,,"[{'type': 'MarginBalance', 'initial': '0.00', 'maintenance': '2.34', 'currency': 'USD', 'instrument_id': 'EUR/USD.IDEALPRO'}]",False,{}
100000.00,0.00,100000.00,EUR,IDEALPRO-001,MARGIN,,"[{'type': 'MarginBalance', 'initial': '0.00', 'maintenance': '2.34', 'currency': 'USD', 'instrument_id': 'EUR/USD.IDEALPRO'}]",False,{}
100000.55,2.34,99998.21,USD,IDEALPRO-001,MARGIN,,"[{'type': 'MarginBalance', 'initial': '0.00', 'maintenance': '2.34', 'currency': 'USD', 'instrument_id': 'EUR/USD.IDEALPRO'}]",False,{}
100000.00,0.00,100000.00,EUR,IDEALPRO-001,MARGIN,,"[{'type': 'MarginBalance', 'initial': '0.00', 'maintenance': '2.34', 'currency': 'USD', 'instrument_id': 'EUR/USD.IDEALPRO'}]",False,{}
100000.55,2.34,99998.21,USD,IDEALPRO-001,MARGIN,,"[{'type': 'MarginBalance', 'initial': '0.00', 'maintenance': '2.34', 'currency': 'USD', 'instrument_id': 'EUR/USD.IDEALPRO'}]",False,{}
100000.00,0.00,100000.00,EUR,IDEALPRO-001,MARGIN,,"[{'type': 'MarginBalance', 'initial': '0.00', 'maintenance': '2.34', 'currency': 'USD', 'instrument_id': 'EUR/USD.IDEALPRO'}]",False,{}
100000.55,2.34,99998.21,USD,IDEALPRO-001,MARGIN,,"[{'type': 'MarginBalance', 'initial': '0.00', 'maintenance': '2.34', 'currency': 'USD', 'instrument_id': 'EUR/USD.IDEALPRO'}]",False,{}
100000.00,0.00,100000.00,EUR,IDEALPRO-001,MARGIN,,"[{'type': 'MarginBalance', 'initial': '0.00', 'maintenance': '2.34', 'currency': 'USD', 'instrument_id': 'EUR/USD.IDEALPRO'}]",False,{}
100000.67,0.00,100000.67,USD,IDEALPRO-001,MARGIN,,[],False,{}
100000.00,0.00,100000.00,EUR,IDEALPRO-001,MARGIN,,[],False,{}
100000.67,0.00,100000.67,USD,IDEALPRO-001,MARGIN,,[],False,{}
100000.00,0.00,100000.00,EUR,IDEALPRO-001,MARGIN,,[],False,{}
100000.67,0.00,100000.67,USD,IDEALPRO-001,MARGIN,,[],False,{}
100000.00,0.00,100000.00,EUR,IDEALPRO-001,MARGIN,,[],False,{}
100000.67,0.00,100000.67,USD,IDEALPRO-001,MARGIN,,[],False,{}
100000.00,0.00,100000.00,EUR,IDEALPRO-001,MARGIN,,[],False,{}
100000.67,0.00,100000.67,USD,IDEALPRO-001,MARGIN,,[],False,{}
100000.00,0.00,100000.00,EUR,IDEALPRO-001,MARGIN,,[],False,{}
100000.67,0.00,100000.67,USD,IDEALPRO-001,MARGIN,,[],False,{}
100000.00,0.00,100000.00,EUR,IDEALPRO-001,MARGIN,,[],False,{}
100000.67,2.35,99998.32,USD,IDEALPRO-001,MARGIN,,"[{'type': 'MarginBalance', 'initial': '0.00', 'maintenance': '2.35', 'currency': 'USD', 'instrument_id': 'EUR/USD.IDEALPRO'}]",False,{}
100000.00,0.00,100000.00,EUR,IDEALPRO-001,MARGIN,,"[{'type': 'MarginBalance', 'initial': '0.00', 'maintenance': '2.35', 'currency': 'USD', 'instrument_id': 'EUR/USD.IDEALPRO'}]",False,{}
100000.67,2.34,99998.33,USD,IDEALPRO-001,MARGIN,,"[{'type': 'MarginBalance', 'initial': '0.00', 'maintenance': '2.34', 'currency': 'USD', 'instrument_id': 'EUR/USD.IDEALPRO'}]",False,{}
100000.00,0.00,100000.00,EUR,IDEALPRO-001,MARGIN,,"[{'type': 'MarginBalance', 'initial': '0.00', 'maintenance': '2.34', 'currency': 'USD', 'instrument_id': 'EUR/USD.IDEALPRO'}]",False,{}
100000.67,2.34,99998.33,USD,IDEALPRO-001,MARGIN,,"[{'type': 'MarginBalance', 'initial': '0.00', 'maintenance': '2.34', 'currency': 'USD', 'instrument_id': 'EUR/USD.IDEALPRO'}]",False,{}
100000.00,0.00,100000.00,EUR,IDEALPRO-001,MARGIN,,"[{'type': 'MarginBalance', 'initial': '0.00', 'maintenance': '2.34', 'currency': 'USD', 'instrument_id': 'EUR/USD.IDEALPRO'}]",False,{}
100000.67,2.34,99998.33,USD,IDEALPRO-001,MARGIN,,"[{'type': 'MarginBalance', 'initial': '0.00', 'maintenance': '2.34', 'currency': 'USD', 'instrument_id': 'EUR/USD.IDEALPRO'}]",False,{}
100000.00,0.00,100000.00,EUR,IDEALPRO-001,MARGIN,,"[{'type': 'MarginBalance', 'initial': '0.00', 'maintenance': '2.34', 'currency': 'USD', 'instrument_id': 'EUR/USD.IDEALPRO'}]",False,{}
100000.64,0.00,100000.64,USD,IDEALPRO-001,MARGIN,,[],False,{}
100000.00,0.00,100000.00,EUR,IDEALPRO-001,MARGIN,,[],False,{}
100000.64,0.00,100000.64,USD,IDEALPRO-001,MARGIN,,[],False,{}
100000.00,0.00,100000.00,EUR,IDEALPRO-001,MARGIN,,[],False,{}
100000.64,0.00,100000.64,USD,IDEALPRO-001,MARGIN,,[],False,{}
100000.00,0.00,100000.00,EUR,IDEALPRO-001,MARGIN,,[],False,{}
100000.64,0.00,100000.64,USD,IDEALPRO-001,MARGIN,,[],False,{}
100000.00,0.00,100000.00,EUR,IDEALPRO-001,MARGIN,,[],False,{}
100000.64,0.00,100000.64,USD,IDEALPRO-001,MARGIN,,[],False,{}
100000.00,0.00,100000.00,EUR,IDEALPRO-001,MARGIN,,[],False,{}
100000.64,0.00,100000.64,USD,IDEALPRO-001,MARGIN,,[],False,{}
100000.00,0.00,100000.00,EUR,IDEALPRO-001,MARGIN,,[],False,{}
100000.64,2.34,99998.30,USD,IDEALPRO-001,MARGIN,,"[{'type': 'MarginBalance', 'initial': '0.00', 'maintenance': '2.34', 'currency': 'USD', 'instrument_id': 'EUR/USD.IDEALPRO'}]",False,{}
100000.00,0.00,100000.00,EUR,IDEALPRO-001,MARGIN,,"[{'type': 'MarginBalance', 'initial': '0.00', 'maintenance': '2.34', 'currency': 'USD', 'instrument_id': 'EUR/USD.IDEALPRO'}]",False,{}
100000.64,2.34,99998.30,USD,IDEALPRO-001,MARGIN,,"[{'type': 'MarginBalance', 'initial': '0.00', 'maintenance': '2.34', 'currency': 'USD', 'instrument_id': 'EUR/USD.IDEALPRO'}]",False,{}
100000.00,0.00,100000.00,EUR,IDEALPRO-001,MARGIN,,"[{'type': 'MarginBalance', 'initial': '0.00', 'maintenance': '2.34', 'currency': 'USD', 'instrument_id': 'EUR/USD.IDEALPRO'}]",False,{}
100000.64,2.34,99998.30,USD,IDEALPRO-001,MARGIN,,"[{'type': 'MarginBalance', 'initial': '0.00', 'maintenance': '2.34', 'currency': 'USD', 'instrument_id': 'EUR/USD.IDEALPRO'}]",False,{}
100000.00,0.00,100000.00,EUR,IDEALPRO-001,MARGIN,,"[{'type': 'MarginBalance', 'initial': '0.00', 'maintenance': '2.34', 'currency': 'USD', 'instrument_id': 'EUR/USD.IDEALPRO'}]",False,{}
100000.64,2.34,99998.30,USD,IDEALPRO-001,MARGIN,,"[{'type': 'MarginBalance', 'initial': '0.00', 'maintenance': '2.34', 'currency': 'USD', 'instrument_id': 'EUR/USD.IDEALPRO'}]",False,{}
100000.00,0.00,100000.00,EUR,IDEALPRO-001,MARGIN,,"[{'type': 'MarginBalance', 'initial': '0.00', 'maintenance': '2.34', 'currency': 'USD', 'instrument_id': 'EUR/USD.IDEALPRO'}]",False,{}
100000.59,0.00,100000.59,USD,IDEALPRO-001,MARGIN,,[],False,{}
100000.00,0.00,100000.00,EUR,IDEALPRO-001,MARGIN,,[],False,{}
100000.59,0.00,100000.59,USD,IDEALPRO-001,MARGIN,,[],False,{}
100000.00,0.00,100000.00,EUR,IDEALPRO-001,MARGIN,,[],False,{}
100000.59,0.00,100000.59,USD,IDEALPRO-001,MARGIN,,[],False,{}
100000.00,0.00,100000.00,EUR,IDEALPRO-001,MARGIN,,[],False,{}
100000.59,0.00,100000.59,USD,IDEALPRO-001,MARGIN,,[],False,{}
100000.00,0.00,100000.00,EUR,IDEALPRO-001,MARGIN,,[],False,{}
100000.59,0.00,100000.59,USD,IDEALPRO-001,MARGIN,,[],False,{}
100000.00,0.00,100000.00,EUR,IDEALPRO-001,MARGIN,,[],False,{}
100000.59,0.00,100000.59,USD,IDEALPRO-001,MARGIN,,[],False,{}
100000.00,0.00,100000.00,EUR,IDEALPRO-001,MARGIN,,[],False,{}
100000.59,2.34,99998.25,USD,IDEALPRO-001,MARGIN,,"[{'type': 'MarginBalance', 'initial': '0.00', 'maintenance': '2.34', 'currency': 'USD', 'instrument_id': 'EUR/USD.IDEALPRO'}]",False,{}
100000.00,0.00,100000.00,EUR,IDEALPRO-001,MARGIN,,"[{'type': 'MarginBalance', 'initial': '0.00', 'maintenance': '2.34', 'currency': 'USD', 'instrument_id': 'EUR/USD.IDEALPRO'}]",False,{}
100000.59,2.34,99998.25,USD,IDEALPRO-001,MARGIN,,"[{'type': 'MarginBalance', 'initial': '0.00', 'maintenance': '2.34', 'currency': 'USD', 'instrument_id': 'EUR/USD.IDEALPRO'}]",False,{}
100000.00,0.00,100000.00,EUR,IDEALPRO-001,MARGIN,,"[{'type': 'MarginBalance', 'initial': '0.00', 'maintenance': '2.34', 'currency': 'USD', 'instrument_id': 'EUR/USD.IDEALPRO'}]",False,{}
100000.59,2.34,99998.25,USD,IDEALPRO-001,MARGIN,,"[{'type': 'MarginBalance', 'initial': '0.00', 'maintenance': '2.34', 'currency': 'USD', 'instrument_id': 'EUR/USD.IDEALPRO'}]",False,{}
100000.00,0.00,100000.00,EUR,IDEALPRO-001,MARGIN,,"[{'type': 'MarginBalance', 'initial': '0.00', 'maintenance': '2.34', 'currency': 'USD', 'instrument_id': 'EUR/USD.IDEALPRO'}]",False,{}
100000.59,2.34,99998.25,USD,IDEALPRO-001,MARGIN,,"[{'type': 'MarginBalance', 'initial': '0.00', 'maintenance': '2.34', 'currency': 'USD', 'instrument_id': 'EUR/USD.IDEALPRO'}]",False,{}
100000.00,0.00,100000.00,EUR,IDEALPRO-001,MARGIN,,"[{'type': 'MarginBalance', 'initial': '0.00', 'maintenance': '2.34', 'currency': 'USD', 'instrument_id': 'EUR/USD.IDEALPRO'}]",False,{}
100000.60,0.00,100000.60,USD,IDEALPRO-001,MARGIN,,[],False,{}
100000.00,0.00,100000.00,EUR,IDEALPRO-001,MARGIN,,[],False,{}
100000.60,0.00,100000.60,USD,IDEALPRO-001,MARGIN,,[],False,{}
100000.00,0.00,100000.00,EUR,IDEALPRO-001,MARGIN,,[],False,{}
100000.60,0.00,100000.60,USD,IDEALPRO-001,MARGIN,,[],False,{}
100000.00,0.00,100000.00,EUR,IDEALPRO-001,MARGIN,,[],False,{}
100000.60,0.00,100000.60,USD,IDEALPRO-001,MARGIN,,[],False,{}
100000.00,0.00,100000.00,EUR,IDEALPRO-001,MARGIN,,[],False,{}
100000.60,0.00,100000.60,USD,IDEALPRO-001,MARGIN,,[],False,{}
100000.00,0.00,100000.00,EUR,IDEALPRO-001,MARGIN,,[],False,{}
100000.60,0.00,100000.60,USD,IDEALPRO-001,MARGIN,,[],False,{}
100000.00,0.00,100000.00,EUR,IDEALPRO-001,MARGIN,,[],False,{}
100000.60,2.34,99998.26,USD,IDEALPRO-001,MARGIN,,"[{'type': 'MarginBalance', 'initial': '0.00', 'maintenance': '2.34', 'currency': 'USD', 'instrument_id': 'EUR/USD.IDEALPRO'}]",False,{}
100000.00,0.00,100000.00,EUR,IDEALPRO-001,MARGIN,,"[{'type': 'MarginBalance', 'initial': '0.00', 'maintenance': '2.34', 'currency': 'USD', 'instrument_id': 'EUR/USD.IDEALPRO'}]",False,{}
100000.60,2.34,99998.26,USD,IDEALPRO-001,MARGIN,,"[{'type': 'MarginBalance', 'initial': '0.00', 'maintenance': '2.34', 'currency': 'USD', 'instrument_id': 'EUR/USD.IDEALPRO'}]",False,{}
100000.00,0.00,100000.00,EUR,IDEALPRO-001,MARGIN,,"[{'type': 'MarginBalance', 'initial': '0.00', 'maintenance': '2.34', 'currency': 'USD', 'instrument_id': 'EUR/USD.IDEALPRO'}]",False,{}
100000.60,2.34,99998.26,USD,IDEALPRO-001,MARGIN,,"[{'type': 'MarginBalance', 'initial': '0.00', 'maintenance': '2.34', 'currency': 'USD', 'instrument_id': 'EUR/USD.IDEALPRO'}]",False,{}
100000.00,0.00,100000.00,EUR,IDEALPRO-001,MARGIN,,"[{'type': 'MarginBalance', 'initial': '0.00', 'maintenance': '2.34', 'currency': 'USD', 'instrument_id': 'EUR/USD.IDEALPRO'}]",False,{}
100000.60,2.34,99998.26,USD,IDEALPRO-001,MARGIN,,"[{'type': 'MarginBalance', 'initial': '0.00', 'maintenance': '2.34', 'currency': 'USD', 'instrument_id': 'EUR/USD.IDEALPRO'}]",False,{}
100000.00,0.00,100000.00,EUR,IDEALPRO-001,MARGIN,,"[{'type': 'MarginBalance', 'initial': '0.00', 'maintenance': '2.34', 'currency': 'USD', 'instrument_id': 'EUR/USD.IDEALPRO'}]",False,{}
100000.58,0.00,100000.58,USD,IDEALPRO-001,MARGIN,,[],False,{}
100000.00,0.00,100000.00,EUR,IDEALPRO-001,MARGIN,,[],False,{}
100000.58,0.00,100000.58,USD,IDEALPRO-001,MARGIN,,[],False,{}
100000.00,0.00,100000.00,EUR,IDEALPRO-001,MARGIN,,[],False,{}
100000.58,0.00,100000.58,USD,IDEALPRO-001,MARGIN,,[],False,{}
100000.00,0.00,100000.00,EUR,IDEALPRO-001,MARGIN,,[],False,{}
100000.58,0.00,100000.58,USD,IDEALPRO-001,MARGIN,,[],False,{}
100000.00,0.00,100000.00,EUR,IDEALPRO-001,MARGIN,,[],False,{}
100000.58,0.00,100000.58,USD,IDEALPRO-001,MARGIN,,[],False,{}
100000.00,0.00,100000.00,EUR,IDEALPRO-001,MARGIN,,[],False,{}
100000.58,0.00,100000.58,USD,IDEALPRO-001,MARGIN,,[],False,{}
100000.00,0.00,100000.00,EUR,IDEALPRO-001,MARGIN,,[],False,{}
100000.58,2.34,99998.24,USD,IDEALPRO-001,MARGIN,,"[{'type': 'MarginBalance', 'initial': '0.00', 'maintenance': '2.34', 'currency': 'USD', 'instrument_id': 'EUR/USD.IDEALPRO'}]",False,{}
100000.00,0.00,100000.00,EUR,IDEALPRO-001,MARGIN,,"[{'type': 'MarginBalance', 'initial': '0.00', 'maintenance': '2.34', 'currency': 'USD', 'instrument_id': 'EUR/USD.IDEALPRO'}]",False,{}
100000.58,2.34,99998.24,USD,IDEALPRO-001,MARGIN,,"[{'type': 'MarginBalance', 'initial': '0.00', 'maintenance': '2.34', 'currency': 'USD', 'instrument_id': 'EUR/USD.IDEALPRO'}]",False,{}
100000.00,0.00,100000.00,EUR,IDEALPRO-001,MARGIN,,"[{'type': 'MarginBalance', 'initial': '0.00', 'maintenance': '2.34', 'currency': 'USD', 'instrument_id': 'EUR/USD.IDEALPRO'}]",False,{}
100000.58,2.34,99998.24,USD,IDEALPRO-001,MARGIN,,"[{'type': 'MarginBalance', 'initial': '0.00', 'maintenance': '2.34', 'currency': 'USD', 'instrument_id': 'EUR/USD.IDEALPRO'}]",False,{}
100000.00,0.00,100000.00,EUR,IDEALPRO-001,MARGIN,,"[{'type': 'MarginBalance', 'initial': '0.00', 'maintenance': '2.34', 'currency': 'USD', 'instrument_id': 'EUR/USD.IDEALPRO'}]",False,{}
100000.58,2.34,99998.24,USD,IDEALPRO-001,MARGIN,,"[{'type': 'MarginBalance', 'initial': '0.00', 'maintenance': '2.34', 'currency': 'USD', 'instrument_id': 'EUR/USD.IDEALPRO'}]",False,{}
100000.00,0.00,100000.00,EUR,IDEALPRO-001,MARGIN,,"[{'type': 'MarginBalance', 'initial': '0.00', 'maintenance': '2.34', 'currency': 'USD', 'instrument_id': 'EUR/USD.IDEALPRO'}]",False,{}
100000.62,0.00,100000.62,USD,IDEALPRO-001,MARGIN,,[],False,{}
100000.00,0.00,100000.00,EUR,IDEALPRO-001,MARGIN,,[],False,{}
100000.62,0.00,100000.62,USD,IDEALPRO-001,MARGIN,,[],False,{}
100000.00,0.00,100000.00,EUR,IDEALPRO-001,MARGIN,,[],False,{}
100000.62,0.00,100000.62,USD,IDEALPRO-001,MARGIN,,[],False,{}
100000.00,0.00,100000.00,EUR,IDEALPRO-001,MARGIN,,[],False,{}
100000.62,0.00,100000.62,USD,IDEALPRO-001,MARGIN,,[],False,{}
100000.00,0.00,100000.00,EUR,IDEALPRO-001,MARGIN,,[],False,{}
100000.62,0.00,100000.62,USD,IDEALPRO-001,MARGIN,,[],False,{}
100000.00,0.00,100000.00,EUR,IDEALPRO-001,MARGIN,,[],False,{}
100000.62,0.00,100000.62,USD,IDEALPRO-001,MARGIN,,[],False,{}
100000.00,0.00,100000.00,EUR,IDEALPRO-001,MARGIN,,[],False,{}
100000.62,2.34,99998.28,USD,IDEALPRO-001,MARGIN,,"[{'type': 'MarginBalance', 'initial': '0.00', 'maintenance': '2.34', 'currency': 'USD', 'instrument_id': 'EUR/USD.IDEALPRO'}]",False,{}
100000.00,0.00,100000.00,EUR,IDEALPRO-001,MARGIN,,"[{'type': 'MarginBalance', 'initial': '0.00', 'maintenance': '2.34', 'currency': 'USD', 'instrument_id': 'EUR/USD.IDEALPRO'}]",False,{}
100000.62,2.34,99998.28,USD,IDEALPRO-001,MARGIN,,"[{'type': 'MarginBalance', 'initial': '0.00', 'maintenance': '2.34', 'currency': 'USD', 'instrument_id': 'EUR/USD.IDEALPRO'}]",False,{}
100000.00,0.00,100000.00,EUR,IDEALPRO-001,MARGIN,,"[{'type': 'MarginBalance', 'initial': '0.00', 'maintenance': '2.34', 'currency': 'USD', 'instrument_id': 'EUR/USD.IDEALPRO'}]",False,{}
100000.62,2.34,99998.28,USD,IDEALPRO-001,MARGIN,,"[{'type': 'MarginBalance', 'initial': '0.00', 'maintenance': '2.34', 'currency': 'USD', 'instrument_id': 'EUR/USD.IDEALPRO'}]",False,{}
100000.00,0.00,100000.00,EUR,IDEALPRO-001,MARGIN,,"[{'type': 'MarginBalance', 'initial': '0.00', 'maintenance': '2.34', 'currency': 'USD', 'instrument_id': 'EUR/USD.IDEALPRO'}]",False,{}
100000.62,2.34,99998.28,USD,IDEALPRO-001,MARGIN,,"[{'type': 'MarginBalance', 'initial': '0.00', 'maintenance': '2.34', 'currency': 'USD', 'instrument_id': 'EUR/USD.IDEALPRO'}]",False,{}
100000.00,0.00,100000.00,EUR,IDEALPRO-001,MARGIN,,"[{'type': 'MarginBalance', 'initial': '0.00', 'maintenance': '2.34', 'currency': 'USD', 'instrument_id': 'EUR/USD.IDEALPRO'}]",False,{}
100000.59,0.00,100000.59,USD,IDEALPRO-001,MARGIN,,[],False,{}
100000.00,0.00,100000.00,EUR,IDEALPRO-001,MARGIN,,[],False,{}
100000.59,0.00,100000.59,USD,IDEALPRO-001,MARGIN,,[],False,{}
100000.00,0.00,100000.00,EUR,IDEALPRO-001,MARGIN,,[],False,{}
100000.59,0.00,100000.59,USD,IDEALPRO-001,MARGIN,,[],False,{}
100000.00,0.00,100000.00,EUR,IDEALPRO-001,MARGIN,,[],False,{}
100000.59,0.00,100000.59,USD,IDEALPRO-001,MARGIN,,[],False,{}
100000.00,0.00,100000.00,EUR,IDEALPRO-001,MARGIN,,[],False,{}
100000.59,0.00,100000.59,USD,IDEALPRO-001,MARGIN,,[],False,{}
100000.00,0.00,100000.00,EUR,IDEALPRO-001,MARGIN,,[],False,{}
100000.59,0.00,100000.59,USD,IDEALPRO-001,MARGIN,,[],False,{}
100000.00,0.00,100000.00,EUR,IDEALPRO-001,MARGIN,,[],False,{}
100000.59,2.34,99998.25,USD,IDEALPRO-001,MARGIN,,"[{'type': 'MarginBalance', 'initial': '0.00', 'maintenance': '2.34', 'currency': 'USD', 'instrument_id': 'EUR/USD.IDEALPRO'}]",False,{}
100000.00,0.00,100000.00,EUR,IDEALPRO-001,MARGIN,,"[{'type': 'MarginBalance', 'initial': '0.00', 'maintenance': '2.34', 'currency': 'USD', 'instrument_id': 'EUR/USD.IDEALPRO'}]",False,{}
100000.59,2.34,99998.25,USD,IDEALPRO-001,MARGIN,,"[{'type': 'MarginBalance', 'initial': '0.00', 'maintenance': '2.34', 'currency': 'USD', 'instrument_id': 'EUR/USD.IDEALPRO'}]",False,{}
100000.00,0.00,100000.00,EUR,IDEALPRO-001,MARGIN,,"[{'type': 'MarginBalance', 'initial': '0.00', 'maintenance': '2.34', 'currency': 'USD', 'instrument_id': 'EUR/USD.IDEALPRO'}]",False,{}
100000.59,2.34,99998.25,USD,IDEALPRO-001,MARGIN,,"[{'type': 'MarginBalance', 'initial': '0.00', 'maintenance': '2.34', 'currency': 'USD', 'instrument_id': 'EUR/USD.IDEALPRO'}]",False,{}
100000.00,0.00,100000.00,EUR,IDEALPRO-001,MARGIN,,"[{'type': 'MarginBalance', 'initial': '0.00', 'maintenance': '2.34', 'currency': 'USD', 'instrument_id': 'EUR/USD.IDEALPRO'}]",False,{}
100000.59,2.34,99998.25,USD,IDEALPRO-001,MARGIN,,"[{'type': 'MarginBalance', 'initial': '0.00', 'maintenance': '2.34', 'currency': 'USD', 'instrument_id': 'EUR/USD.IDEALPRO'}]",False,{}
100000.00,0.00,100000.00,EUR,IDEALPRO-001,MARGIN,,"[{'type': 'MarginBalance', 'initial': '0.00', 'maintenance': '2.34', 'currency': 'USD', 'instrument_id': 'EUR/USD.IDEALPRO'}]",False,{}
100000.59,0.00,100000.59,USD,IDEALPRO-001,MARGIN,,[],False,{}
100000.00,0.00,100000.00,EUR,IDEALPRO-001,MARGIN,,[],False,{}
100000.59,0.00,100000.59,USD,IDEALPRO-001,MARGIN,,[],False,{}
100000.00,0.00,100000.00,EUR,IDEALPRO-001,MARGIN,,[],False,{}
100000.59,0.00,100000.59,USD,IDEALPRO-001,MARGIN,,[],False,{}
100000.00,0.00,100000.00,EUR,IDEALPRO-001,MARGIN,,[],False,{}
100000.59,0.00,100000.59,USD,IDEALPRO-001,MARGIN,,[],False,{}
100000.00,0.00,100000.00,EUR,IDEALPRO-001,MARGIN,,[],False,{}
100000.59,0.00,100000.59,USD,IDEALPRO-001,MARGIN,,[],False,{}
100000.00,0.00,100000.00,EUR,IDEALPRO-001,MARGIN,,[],False,{}
100000.59,0.00,100000.59,USD,IDEALPRO-001,MARGIN,,[],False,{}
100000.00,0.00,100000.00,EUR,IDEALPRO-001,MARGIN,,[],False,{}
100000.59,2.34,99998.25,USD,IDEALPRO-001,MARGIN,,"[{'type': 'MarginBalance', 'initial': '0.00', 'maintenance': '2.34', 'currency': 'USD', 'instrument_id': 'EUR/USD.IDEALPRO'}]",False,{}
100000.00,0.00,100000.00,EUR,IDEALPRO-001,MARGIN,,"[{'type': 'MarginBalance', 'initial': '0.00', 'maintenance': '2.34', 'currency': 'USD', 'instrument_id': 'EUR/USD.IDEALPRO'}]",False,{}
100000.59,2.34,99998.25,USD,IDEALPRO-001,MARGIN,,"[{'type': 'MarginBalance', 'initial': '0.00', 'maintenance': '2.34', 'currency': 'USD', 'instrument_id': 'EUR/USD.IDEALPRO'}]",False,{}
100000.00,0.00,100000.00,EUR,IDEALPRO-001,MARGIN,,"[{'type': 'MarginBalance', 'initial': '0.00', 'maintenance': '2.34', 'currency': 'USD', 'instrument_id': 'EUR/USD.IDEALPRO'}]",False,{}
100000.59,2.34,99998.25,USD,IDEALPRO-001,MARGIN,,"[{'type': 'MarginBalance', 'initial': '0.00', 'maintenance': '2.34', 'currency': 'USD', 'instrument_id': 'EUR/USD.IDEALPRO'}]",False,{}
100000.00,0.00,100000.00,EUR,IDEALPRO-001,MARGIN,,"[{'type': 'MarginBalance', 'initial': '0.00', 'maintenance': '2.34', 'currency': 'USD', 'instrument_id': 'EUR/USD.IDEALPRO'}]",False,{}
100000.59,2.34,99998.25,USD,IDEALPRO-001,MARGIN,,"[{'type': 'MarginBalance', 'initial': '0.00', 'maintenance': '2.34', 'currency': 'USD', 'instrument_id': 'EUR/USD.IDEALPRO'}]",False,{}
100000.00,0.00,100000.00,EUR,IDEALPRO-001,MARGIN,,"[{'type': 'MarginBalance', 'initial': '0.00', 'maintenance': '2.34', 'currency': 'USD', 'instrument_id': 'EUR/USD.IDEALPRO'}]",False,{}
100000.57,0.00,100000.57,USD,IDEALPRO-001,MARGIN,,[],False,{}
100000.00,0.00,100000.00,EUR,IDEALPRO-001,MARGIN,,[],False,{}
100000.57,0.00,100000.57,USD,IDEALPRO-001,MARGIN,,[],False,{}
100000.00,0.00,100000.00,EUR,IDEALPRO-001,MARGIN,,[],False,{}
100000.57,0.00,100000.57,USD,IDEALPRO-001,MARGIN,,[],False,{}
100000.00,0.00,100000.00,EUR,IDEALPRO-001,MARGIN,,[],False,{}
100000.57,0.00,100000.57,USD,IDEALPRO-001,MARGIN,,[],False,{}
100000.00,0.00,100000.00,EUR,IDEALPRO-001,MARGIN,,[],False,{}
100000.57,0.00,100000.57,USD,IDEALPRO-001,MARGIN,,[],False,{}
100000.00,0.00,100000.00,EUR,IDEALPRO-001,MARGIN,,[],False,{}
100000.57,0.00,100000.57,USD,IDEALPRO-001,MARGIN,,[],False,{}
100000.00,0.00,100000.00,EUR,IDEALPRO-001,MARGIN,,[],False,{}
100000.57,2.34,99998.23,USD,IDEALPRO-001,MARGIN,,"[{'type': 'MarginBalance', 'initial': '0.00', 'maintenance': '2.34', 'currency': 'USD', 'instrument_id': 'EUR/USD.IDEALPRO'}]",False,{}
100000.00,0.00,100000.00,EUR,IDEALPRO-001,MARGIN,,"[{'type': 'MarginBalance', 'initial': '0.00', 'maintenance': '2.34', 'currency': 'USD', 'instrument_id': 'EUR/USD.IDEALPRO'}]",False,{}
100000.57,2.34,99998.23,USD,IDEALPRO-001,MARGIN,,"[{'type': 'MarginBalance', 'initial': '0.00', 'maintenance': '2.34', 'currency': 'USD', 'instrument_id': 'EUR/USD.IDEALPRO'}]",False,{}
100000.00,0.00,100000.00,EUR,IDEALPRO-001,MARGIN,,"[{'type': 'MarginBalance', 'initial': '0.00', 'maintenance': '2.34', 'currency': 'USD', 'instrument_id': 'EUR/USD.IDEALPRO'}]",False,{}
100000.57,2.34,99998.23,USD,IDEALPRO-001,MARGIN,,"[{'type': 'MarginBalance', 'initial': '0.00', 'maintenance': '2.34', 'currency': 'USD', 'instrument_id': 'EUR/USD.IDEALPRO'}]",False,{}
100000.00,0.00,100000.00,EUR,IDEALPRO-001,MARGIN,,"[{'type': 'MarginBalance', 'initial': '0.00', 'maintenance': '2.34', 'currency': 'USD', 'instrument_id': 'EUR/USD.IDEALPRO'}]",False,{}
100000.57,2.34,99998.23,USD,IDEALPRO-001,MARGIN,,"[{'type': 'MarginBalance', 'initial': '0.00', 'maintenance': '2.34', 'currency': 'USD', 'instrument_id': 'EUR/USD.IDEALPRO'}]",False,{}
100000.00,0.00,100000.00,EUR,IDEALPRO-001,MARGIN,,"[{'type': 'MarginBalance', 'initial': '0.00', 'maintenance': '2.34', 'currency': 'USD', 'instrument_id': 'EUR/USD.IDEALPRO'}]",False,{}
100000.55,0.00,100000.55,USD,IDEALPRO-001,MARGIN,,[],False,{}
100000.00,0.00,100000.00,EUR,IDEALPRO-001,MARGIN,,[],False,{}
100000.55,0.00,100000.55,USD,IDEALPRO-001,MARGIN,,[],False,{}
100000.00,0.00,100000.00,EUR,IDEALPRO-001,MARGIN,,[],False,{}
100000.55,0.00,100000.55,USD,IDEALPRO-001,MARGIN,,[],False,{}
100000.00,0.00,100000.00,EUR,IDEALPRO-001,MARGIN,,[],False,{}
100000.55,0.00,100000.55,USD,IDEALPRO-001,MARGIN,,[],False,{}
100000.00,0.00,100000.00,EUR,IDEALPRO-001,MARGIN,,[],False,{}
100000.55,0.00,100000.55,USD,IDEALPRO-001,MARGIN,,[],False,{}
100000.00,0.00,100000.00,EUR,IDEALPRO-001,MARGIN,,[],False,{}
100000.55,0.00,100000.55,USD,IDEALPRO-001,MARGIN,,[],False,{}
100000.00,0.00,100000.00,EUR,IDEALPRO-001,MARGIN,,[],False,{}
100000.55,2.34,99998.21,USD,IDEALPRO-001,MARGIN,,"[{'type': 'MarginBalance', 'initial': '0.00', 'maintenance': '2.34', 'currency': 'USD', 'instrument_id': 'EUR/USD.IDEALPRO'}]",False,{}
100000.00,0.00,100000.00,EUR,IDEALPRO-001,MARGIN,,"[{'type': 'MarginBalance', 'initial': '0.00', 'maintenance': '2.34', 'currency': 'USD', 'instrument_id': 'EUR/USD.IDEALPRO'}]",False,{}
100000.55,2.34,99998.21,USD,IDEALPRO-001,MARGIN,,"[{'type': 'MarginBalance', 'initial': '0.00', 'maintenance': '2.34', 'currency': 'USD', 'instrument_id': 'EUR/USD.IDEALPRO'}]",False,{}
100000.00,0.00,100000.00,EUR,IDEALPRO-001,MARGIN,,"[{'type': 'MarginBalance', 'initial': '0.00', 'maintenance': '2.34', 'currency': 'USD', 'instrument_id': 'EUR/USD.IDEALPRO'}]",False,{}
100000.55,2.34,99998.21,USD,IDEALPRO-001,MARGIN,,"[{'type': 'MarginBalance', 'initial': '0.00', 'maintenance': '2.34', 'currency': 'USD', 'instrument_id': 'EUR/USD.IDEALPRO'}]",False,{}
100000.00,0.00,100000.00,EUR,IDEALPRO-001,MARGIN,,"[{'type': 'MarginBalance', 'initial': '0.00', 'maintenance': '2.34', 'currency': 'USD', 'instrument_id': 'EUR/USD.IDEALPRO'}]",False,{}
100000.55,2.34,99998.21,USD,IDEALPRO-001,MARGIN,,"[{'type': 'MarginBalance', 'initial': '0.00', 'maintenance': '2.34', 'currency': 'USD', 'instrument_id': 'EUR/USD.IDEALPRO'}]",False,{}
100000.00,0.00,100000.00,EUR,IDEALPRO-001,MARGIN,,"[{'type': 'MarginBalance', 'initial': '0.00', 'maintenance': '2.34', 'currency': 'USD', 'instrument_id': 'EUR/USD.IDEALPRO'}]",False,{}
100000.53,0.00,100000.53,USD,IDEALPRO-001,MARGIN,,[],False,{}
100000.00,0.00,100000.00,EUR,IDEALPRO-001,MARGIN,,[],False,{}
100000.53,0.00,100000.53,USD,IDEALPRO-001,MARGIN,,[],False,{}
100000.00,0.00,100000.00,EUR,IDEALPRO-001,MARGIN,,[],False,{}
100000.53,0.00,100000.53,USD,IDEALPRO-001,MARGIN,,[],False,{}
100000.00,0.00,100000.00,EUR,IDEALPRO-001,MARGIN,,[],False,{}
100000.53,0.00,100000.53,USD,IDEALPRO-001,MARGIN,,[],False,{}
100000.00,0.00,100000.00,EUR,IDEALPRO-001,MARGIN,,[],False,{}
100000.53,0.00,100000.53,USD,IDEALPRO-001,MARGIN,,[],False,{}
100000.00,0.00,100000.00,EUR,IDEALPRO-001,MARGIN,,[],False,{}
100000.53,0.00,100000.53,USD,IDEALPRO-001,MARGIN,,[],False,{}
100000.00,0.00,100000.00,EUR,IDEALPRO-001,MARGIN,,[],False,{}
100000.53,2.34,99998.19,USD,IDEALPRO-001,MARGIN,,"[{'type': 'MarginBalance', 'initial': '0.00', 'maintenance': '2.34', 'currency': 'USD', 'instrument_id': 'EUR/USD.IDEALPRO'}]",False,{}
100000.00,0.00,100000.00,EUR,IDEALPRO-001,MARGIN,,"[{'type': 'MarginBalance', 'initial': '0.00', 'maintenance': '2.34', 'currency': 'USD', 'instrument_id': 'EUR/USD.IDEALPRO'}]",False,{}
100000.53,2.34,99998.19,USD,IDEALPRO-001,MARGIN,,"[{'type': 'MarginBalance', 'initial': '0.00', 'maintenance': '2.34', 'currency': 'USD', 'instrument_id': 'EUR/USD.IDEALPRO'}]",False,{}
100000.00,0.00,100000.00,EUR,IDEALPRO-001,MARGIN,,"[{'type': 'MarginBalance', 'initial': '0.00', 'maintenance': '2.34', 'currency': 'USD', 'instrument_id': 'EUR/USD.IDEALPRO'}]",False,{}
100000.53,2.34,99998.19,USD,IDEALPRO-001,MARGIN,,"[{'type': 'MarginBalance', 'initial': '0.00', 'maintenance': '2.34', 'currency': 'USD', 'instrument_id': 'EUR/USD.IDEALPRO'}]",False,{}
100000.00,0.00,100000.00,EUR,IDEALPRO-001,MARGIN,,"[{'type': 'MarginBalance', 'initial': '0.00', 'maintenance': '2.34', 'currency': 'USD', 'instrument_id': 'EUR/USD.IDEALPRO'}]",False,{}
100000.53,2.34,99998.19,USD,IDEALPRO-001,MARGIN,,"[{'type': 'MarginBalance', 'initial': '0.00', 'maintenance': '2.34', 'currency': 'USD', 'instrument_id': 'EUR/USD.IDEALPRO'}]",False,{}
100000.00,0.00,100000.00,EUR,IDEALPRO-001,MARGIN,,"[{'type': 'MarginBalance', 'initial': '0.00', 'maintenance': '2.34', 'currency': 'USD', 'instrument_id': 'EUR/USD.IDEALPRO'}]",False,{}
100000.51,0.00,100000.51,USD,IDEALPRO-001,MARGIN,,[],False,{}
100000.00,0.00,100000.00,EUR,IDEALPRO-001,MARGIN,,[],False,{}
100000.51,0.00,100000.51,USD,IDEALPRO-001,MARGIN,,[],False,{}
100000.00,0.00,100000.00,EUR,IDEALPRO-001,MARGIN,,[],False,{}
100000.51,0.00,100000.51,USD,IDEALPRO-001,MARGIN,,[],False,{}
100000.00,0.00,100000.00,EUR,IDEALPRO-001,MARGIN,,[],False,{}
100000.51,0.00,100000.51,USD,IDEALPRO-001,MARGIN,,[],False,{}
100000.00,0.00,100000.00,EUR,IDEALPRO-001,MARGIN,,[],False,{}
100000.51,0.00,100000.51,USD,IDEALPRO-001,MARGIN,,[],False,{}
100000.00,0.00,100000.00,EUR,IDEALPRO-001,MARGIN,,[],False,{}
100000.51,0.00,100000.51,USD,IDEALPRO-001,MARGIN,,[],False,{}
100000.00,0.00,100000.00,EUR,IDEALPRO-001,MARGIN,,[],False,{}
100000.51,2.34,99998.17,USD,IDEALPRO-001,MARGIN,,"[{'type': 'MarginBalance', 'initial': '0.00', 'maintenance': '2.34', 'currency': 'USD', 'instrument_id': 'EUR/USD.IDEALPRO'}]",False,{}
100000.00,0.00,100000.00,EUR,IDEALPRO-001,MARGIN,,"[{'type': 'MarginBalance', 'initial': '0.00', 'maintenance': '2.34', 'currency': 'USD', 'instrument_id': 'EUR/USD.IDEALPRO'}]",False,{}
100000.51,2.34,99998.17,USD,IDEALPRO-001,MARGIN,,"[{'type': 'MarginBalance', 'initial': '0.00', 'maintenance': '2.34', 'currency': 'USD', 'instrument_id': 'EUR/USD.IDEALPRO'}]",False,{}
100000.00,0.00,100000.00,EUR,IDEALPRO-001,MARGIN,,"[{'type': 'MarginBalance', 'initial': '0.00', 'maintenance': '2.34', 'currency': 'USD', 'instrument_id': 'EUR/USD.IDEALPRO'}]",False,{}
100000.51,2.34,99998.17,USD,IDEALPRO-001,MARGIN,,"[{'type': 'MarginBalance', 'initial': '0.00', 'maintenance': '2.34', 'currency': 'USD', 'instrument_id': 'EUR/USD.IDEALPRO'}]",False,{}
100000.00,0.00,100000.00,EUR,IDEALPRO-001,MARGIN,,"[{'type': 'MarginBalance', 'initial': '0.00', 'maintenance': '2.34', 'currency': 'USD', 'instrument_id': 'EUR/USD.IDEALPRO'}]",False,{}
100000.51,2.34,99998.17,USD,IDEALPRO-001,MARGIN,,"[{'type': 'MarginBalance', 'initial': '0.00', 'maintenance': '2.34', 'currency': 'USD', 'instrument_id': 'EUR/USD.IDEALPRO'}]",False,{}
100000.00,0.00,100000.00,EUR,IDEALPRO-001,MARGIN,,"[{'type': 'MarginBalance', 'initial': '0.00', 'maintenance': '2.34', 'currency': 'USD', 'instrument_id': 'EUR/USD.IDEALPRO'}]",False,{}
100000.48,0.00,100000.48,USD,IDEALPRO-001,MARGIN,,[],False,{}
100000.00,0.00,100000.00,EUR,IDEALPRO-001,MARGIN,,[],False,{}
100000.48,0.00,100000.48,USD,IDEALPRO-001,MARGIN,,[],False,{}
100000.00,0.00,100000.00,EUR,IDEALPRO-001,MARGIN,,[],False,{}
100000.48,0.00,100000.48,USD,IDEALPRO-001,MARGIN,,[],False,{}
100000.00,0.00,100000.00,EUR,IDEALPRO-001,MARGIN,,[],False,{}
100000.48,0.00,100000.48,USD,IDEALPRO-001,MARGIN,,[],False,{}
100000.00,0.00,100000.00,EUR,IDEALPRO-001,MARGIN,,[],False,{}
100000.48,0.00,100000.48,USD,IDEALPRO-001,MARGIN,,[],False,{}
100000.00,0.00,100000.00,EUR,IDEALPRO-001,MARGIN,,[],False,{}
100000.48,0.00,100000.48,USD,IDEALPRO-001,MARGIN,,[],False,{}
100000.00,0.00,100000.00,EUR,IDEALPRO-001,MARGIN,,[],False,{}
100000.48,2.34,99998.14,USD,IDEALPRO-001,MARGIN,,"[{'type': 'MarginBalance', 'initial': '0.00', 'maintenance': '2.34', 'currency': 'USD', 'instrument_id': 'EUR/USD.IDEALPRO'}]",False,{}
100000.00,0.00,100000.00,EUR,IDEALPRO-001,MARGIN,,"[{'type': 'MarginBalance', 'initial': '0.00', 'maintenance': '2.34', 'currency': 'USD', 'instrument_id': 'EUR/USD.IDEALPRO'}]",False,{}
100000.48,2.34,99998.14,USD,IDEALPRO-001,MARGIN,,"[{'type': 'MarginBalance', 'initial': '0.00', 'maintenance': '2.34', 'currency': 'USD', 'instrument_id': 'EUR/USD.IDEALPRO'}]",False,{}
100000.00,0.00,100000.00,EUR,IDEALPRO-001,MARGIN,,"[{'type': 'MarginBalance', 'initial': '0.00', 'maintenance': '2.34', 'currency': 'USD', 'instrument_id': 'EUR/USD.IDEALPRO'}]",False,{}
100000.48,2.34,99998.14,USD,IDEALPRO-001,MARGIN,,"[{'type': 'MarginBalance', 'initial': '0.00', 'maintenance': '2.34', 'currency': 'USD', 'instrument_id': 'EUR/USD.IDEALPRO'}]",False,{}
100000.00,0.00,100000.00,EUR,IDEALPRO-001,MARGIN,,"[{'type': 'MarginBalance', 'initial': '0.00', 'maintenance': '2.34', 'currency': 'USD', 'instrument_id': 'EUR/USD.IDEALPRO'}]",False,{}
100000.48,2.34,99998.14,USD,IDEALPRO-001,MARGIN,,"[{'type': 'MarginBalance', 'initial': '0.00', 'maintenance': '2.34', 'currency': 'USD', 'instrument_id': 'EUR/USD.IDEALPRO'}]",False,{}
100000.00,0.00,100000.00,EUR,IDEALPRO-001,MARGIN,,"[{'type': 'MarginBalance', 'initial': '0.00', 'maintenance': '2.34', 'currency': 'USD', 'instrument_id': 'EUR/USD.IDEALPRO'}]",False,{}
100000.47,0.00,100000.47,USD,IDEALPRO-001,MARGIN,,[],False,{}
100000.00,0.00,100000.00,EUR,IDEALPRO-001,MARGIN,,[],False,{}
100000.47,0.00,100000.47,USD,IDEALPRO-001,MARGIN,,[],False,{}
100000.00,0.00,100000.00,EUR,IDEALPRO-001,MARGIN,,[],False,{}
100000.47,0.00,100000.47,USD,IDEALPRO-001,MARGIN,,[],False,{}
100000.00,0.00,100000.00,EUR,IDEALPRO-001,MARGIN,,[],False,{}
100000.47,0.00,100000.47,USD,IDEALPRO-001,MARGIN,,[],False,{}
100000.00,0.00,100000.00,EUR,IDEALPRO-001,MARGIN,,[],False,{}
100000.47,0.00,100000.47,USD,IDEALPRO-001,MARGIN,,[],False,{}
100000.00,0.00,100000.00,EUR,IDEALPRO-001,MARGIN,,[],False,{}
100000.47,0.00,100000.47,USD,IDEALPRO-001,MARGIN,,[],False,{}
100000.00,0.00,100000.00,EUR,IDEALPRO-001,MARGIN,,[],False,{}
100000.47,2.34,99998.13,USD,IDEALPRO-001,MARGIN,,"[{'type': 'MarginBalance', 'initial': '0.00', 'maintenance': '2.34', 'currency': 'USD', 'instrument_id': 'EUR/USD.IDEALPRO'}]",False,{}
100000.00,0.00,100000.00,EUR,IDEALPRO-001,MARGIN,,"[{'type': 'MarginBalance', 'initial': '0.00', 'maintenance': '2.34', 'currency': 'USD', 'instrument_id': 'EUR/USD.IDEALPRO'}]",False,{}
100000.47,2.34,99998.13,USD,IDEALPRO-001,MARGIN,,"[{'type': 'MarginBalance', 'initial': '0.00', 'maintenance': '2.34', 'currency': 'USD', 'instrument_id': 'EUR/USD.IDEALPRO'}]",False,{}
100000.00,0.00,100000.00,EUR,IDEALPRO-001,MARGIN,,"[{'type': 'MarginBalance', 'initial': '0.00', 'maintenance': '2.34', 'currency': 'USD', 'instrument_id': 'EUR/USD.IDEALPRO'}]",False,{}
100000.47,2.34,99998.13,USD,IDEALPRO-001,MARGIN,,"[{'type': 'MarginBalance', 'initial': '0.00', 'maintenance': '2.34', 'currency': 'USD', 'instrument_id': 'EUR/USD.IDEALPRO'}]",False,{}
100000.00,0.00,100000.00,EUR,IDEALPRO-001,MARGIN,,"[{'type': 'MarginBalance', 'initial': '0.00', 'maintenance': '2.34', 'currency': 'USD', 'instrument_id': 'EUR/USD.IDEALPRO'}]",False,{}
100000.41,0.00,100000.41,USD,IDEALPRO-001,MARGIN,,[],False,{}
100000.00,0.00,100000.00,EUR,IDEALPRO-001,MARGIN,,[],False,{}
100000.41,0.00,100000.41,USD,IDEALPRO-001,MARGIN,,[],False,{}
100000.00,0.00,100000.00,EUR,IDEALPRO-001,MARGIN,,[],False,{}
100000.41,0.00,100000.41,USD,IDEALPRO-001,MARGIN,,[],False,{}
100000.00,0.00,100000.00,EUR,IDEALPRO-001,MARGIN,,[],False,{}
100000.41,0.00,100000.41,USD,IDEALPRO-001,MARGIN,,[],False,{}
100000.00,0.00,100000.00,EUR,IDEALPRO-001,MARGIN,,[],False,{}
100000.41,0.00,100000.41,USD,IDEALPRO-001,MARGIN,,[],False,{}
100000.00,0.00,100000.00,EUR,IDEALPRO-001,MARGIN,,[],False,{}
100000.41,2.34,99998.07,USD,IDEALPRO-001,MARGIN,,"[{'type': 'MarginBalance', 'initial': '0.00', 'maintenance': '2.34', 'currency': 'USD', 'instrument_id': 'EUR/USD.IDEALPRO'}]",False,{}
100000.00,0.00,100000.00,EUR,IDEALPRO-001,MARGIN,,"[{'type': 'MarginBalance', 'initial': '0.00', 'maintenance': '2.34', 'currency': 'USD', 'instrument_id': 'EUR/USD.IDEALPRO'}]",False,{}
100000.41,2.34,99998.07,USD,IDEALPRO-001,MARGIN,,"[{'type': 'MarginBalance', 'initial': '0.00', 'maintenance': '2.34', 'currency': 'USD', 'instrument_id': 'EUR/USD.IDEALPRO'}]",False,{}
100000.00,0.00,100000.00,EUR,IDEALPRO-001,MARGIN,,"[{'type': 'MarginBalance', 'initial': '0.00', 'maintenance': '2.34', 'currency': 'USD', 'instrument_id': 'EUR/USD.IDEALPRO'}]",False,{}
100000.41,2.34,99998.07,USD,IDEALPRO-001,MARGIN,,"[{'type': 'MarginBalance', 'initial': '0.00', 'maintenance': '2.34', 'currency': 'USD', 'instrument_id': 'EUR/USD.IDEALPRO'}]",False,{}
100000.00,0.00,100000.00,EUR,IDEALPRO-001,MARGIN,,"[{'type': 'MarginBalance', 'initial': '0.00', 'maintenance': '2.34', 'currency': 'USD', 'instrument_id': 'EUR/USD.IDEALPRO'}]",False,{}
100000.35,0.00,100000.35,USD,IDEALPRO-001,MARGIN,,[],False,{}
100000.00,0.00,100000.00,EUR,IDEALPRO-001,MARGIN,,[],False,{}
100000.35,0.00,100000.35,USD,IDEALPRO-001,MARGIN,,[],False,{}
100000.00,0.00,100000.00,EUR,IDEALPRO-001,MARGIN,,[],False,{}
100000.35,0.00,100000.35,USD,IDEALPRO-001,MARGIN,,[],False,{}
100000.00,0.00,100000.00,EUR,IDEALPRO-001,MARGIN,,[],False,{}
100000.35,0.00,100000.35,USD,IDEALPRO-001,MARGIN,,[],False,{}
100000.00,0.00,100000.00,EUR,IDEALPRO-001,MARGIN,,[],False,{}
100000.35,0.00,100000.35,USD,IDEALPRO-001,MARGIN,,[],False,{}
100000.00,0.00,100000.00,EUR,IDEALPRO-001,MARGIN,,[],False,{}
100000.35,2.34,99998.01,USD,IDEALPRO-001,MARGIN,,"[{'type': 'MarginBalance', 'initial': '0.00', 'maintenance': '2.34', 'currency': 'USD', 'instrument_id': 'EUR/USD.IDEALPRO'}]",False,{}
100000.00,0.00,100000.00,EUR,IDEALPRO-001,MARGIN,,"[{'type': 'MarginBalance', 'initial': '0.00', 'maintenance': '2.34', 'currency': 'USD', 'instrument_id': 'EUR/USD.IDEALPRO'}]",False,{}
100000.35,2.34,99998.01,USD,IDEALPRO-001,MARGIN,,"[{'type': 'MarginBalance', 'initial': '0.00', 'maintenance': '2.34', 'currency': 'USD', 'instrument_id': 'EUR/USD.IDEALPRO'}]",False,{}
100000.00,0.00,100000.00,EUR,IDEALPRO-001,MARGIN,,"[{'type': 'MarginBalance', 'initial': '0.00', 'maintenance': '2.34', 'currency': 'USD', 'instrument_id': 'EUR/USD.IDEALPRO'}]",False,{}
100000.35,2.34,99998.01,USD,IDEALPRO-001,MARGIN,,"[{'type': 'MarginBalance', 'initial': '0.00', 'maintenance': '2.34', 'currency': 'USD', 'instrument_id': 'EUR/USD.IDEALPRO'}]",False,{}
100000.00,0.00,100000.00,EUR,IDEALPRO-001,MARGIN,,"[{'type': 'MarginBalance', 'initial': '0.00', 'maintenance': '2.34', 'currency': 'USD', 'instrument_id': 'EUR/USD.IDEALPRO'}]",False,{}
100000.35,2.34,99998.01,USD,IDEALPRO-001,MARGIN,,"[{'type': 'MarginBalance', 'initial': '0.00', 'maintenance': '2.34', 'currency': 'USD', 'instrument_id': 'EUR/USD.IDEALPRO'}]",False,{}
100000.00,0.00,100000.00,EUR,IDEALPRO-001,MARGIN,,"[{'type': 'MarginBalance', 'initial': '0.00', 'maintenance': '2.34', 'currency': 'USD', 'instrument_id': 'EUR/USD.IDEALPRO'}]",False,{}
100000.32,0.00,100000.32,USD,IDEALPRO-001,MARGIN,,[],False,{}
100000.00,0.00,100000.00,EUR,IDEALPRO-001,MARGIN,,[],False,{}
100000.32,0.00,100000.32,USD,IDEALPRO-001,MARGIN,,[],False,{}
100000.00,0.00,100000.00,EUR,IDEALPRO-001,MARGIN,,[],False,{}
100000.32,0.00,100000.32,USD,IDEALPRO-001,MARGIN,,[],False,{}
100000.00,0.00,100000.00,EUR,IDEALPRO-001,MARGIN,,[],False,{}
100000.32,0.00,100000.32,USD,IDEALPRO-001,MARGIN,,[],False,{}
100000.00,0.00,100000.00,EUR,IDEALPRO-001,MARGIN,,[],False,{}
100000.32,0.00,100000.32,USD,IDEALPRO-001,MARGIN,,[],False,{}
100000.00,0.00,100000.00,EUR,IDEALPRO-001,MARGIN,,[],False,{}
100000.32,0.00,100000.32,USD,IDEALPRO-001,MARGIN,,[],False,{}
100000.00,0.00,100000.00,EUR,IDEALPRO-001,MARGIN,,[],False,{}
100000.32,2.34,99997.98,USD,IDEALPRO-001,MARGIN,,"[{'type': 'MarginBalance', 'initial': '0.00', 'maintenance': '2.34', 'currency': 'USD', 'instrument_id': 'EUR/USD.IDEALPRO'}]",False,{}
100000.00,0.00,100000.00,EUR,IDEALPRO-001,MARGIN,,"[{'type': 'MarginBalance', 'initial': '0.00', 'maintenance': '2.34', 'currency': 'USD', 'instrument_id': 'EUR/USD.IDEALPRO'}]",False,{}
100000.32,2.34,99997.98,USD,IDEALPRO-001,MARGIN,,"[{'type': 'MarginBalance', 'initial': '0.00', 'maintenance': '2.34', 'currency': 'USD', 'instrument_id': 'EUR/USD.IDEALPRO'}]",False,{}
100000.00,0.00,100000.00,EUR,IDEALPRO-001,MARGIN,,"[{'type': 'MarginBalance', 'initial': '0.00', 'maintenance': '2.34', 'currency': 'USD', 'instrument_id': 'EUR/USD.IDEALPRO'}]",False,{}
100000.32,2.34,99997.98,USD,IDEALPRO-001,MARGIN,,"[{'type': 'MarginBalance', 'initial': '0.00', 'maintenance': '2.34', 'currency': 'USD', 'instrument_id': 'EUR/USD.IDEALPRO'}]",False,{}
100000.00,0.00,100000.00,EUR,IDEALPRO-001,MARGIN,,"[{'type': 'MarginBalance', 'initial': '0.00', 'maintenance': '2.34', 'currency': 'USD', 'instrument_id': 'EUR/USD.IDEALPRO'}]",False,{}
100000.26,0.00,100000.26,USD,IDEALPRO-001,MARGIN,,[],False,{}
100000.00,0.00,100000.00,EUR,IDEALPRO-001,MARGIN,,[],False,{}
100000.26,0.00,100000.26,USD,IDEALPRO-001,MARGIN,,[],False,{}
100000.00,0.00,100000.00,EUR,IDEALPRO-001,MARGIN,,[],False,{}
100000.26,0.00,100000.26,USD,IDEALPRO-001,MARGIN,,[],False,{}
100000.00,0.00,100000.00,EUR,IDEALPRO-001,MARGIN,,[],False,{}
100000.26,0.00,100000.26,USD,IDEALPRO-001,MARGIN,,[],False,{}
100000.00,0.00,100000.00,EUR,IDEALPRO-001,MARGIN,,[],False,{}
100000.26,0.00,100000.26,USD,IDEALPRO-001,MARGIN,,[],False,{}
100000.00,0.00,100000.00,EUR,IDEALPRO-001,MARGIN,,[],False,{}
100000.26,2.34,99997.92,USD,IDEALPRO-001,MARGIN,,"[{'type': 'MarginBalance', 'initial': '0.00', 'maintenance': '2.34', 'currency': 'USD', 'instrument_id': 'EUR/USD.IDEALPRO'}]",False,{}
100000.00,0.00,100000.00,EUR,IDEALPRO-001,MARGIN,,"[{'type': 'MarginBalance', 'initial': '0.00', 'maintenance': '2.34', 'currency': 'USD', 'instrument_id': 'EUR/USD.IDEALPRO'}]",False,{}
100000.26,2.34,99997.92,USD,IDEALPRO-001,MARGIN,,"[{'type': 'MarginBalance', 'initial': '0.00', 'maintenance': '2.34', 'currency': 'USD', 'instrument_id': 'EUR/USD.IDEALPRO'}]",False,{}
100000.00,0.00,100000.00,EUR,IDEALPRO-001,MARGIN,,"[{'type': 'MarginBalance', 'initial': '0.00', 'maintenance': '2.34', 'currency': 'USD', 'instrument_id': 'EUR/USD.IDEALPRO'}]",False,{}
100000.26,2.34,99997.92,USD,IDEALPRO-001,MARGIN,,"[{'type': 'MarginBalance', 'initial': '0.00', 'maintenance': '2.34', 'currency': 'USD', 'instrument_id': 'EUR/USD.IDEALPRO'}]",False,{}
100000.00,0.00,100000.00,EUR,IDEALPRO-001,MARGIN,,"[{'type': 'MarginBalance', 'initial': '0.00', 'maintenance': '2.34', 'currency': 'USD', 'instrument_id': 'EUR/USD.IDEALPRO'}]",False,{}
100000.20,0.00,100000.20,USD,IDEALPRO-001,MARGIN,,[],False,{}
100000.00,0.00,100000.00,EUR,IDEALPRO-001,MARGIN,,[],False,{}
100000.20,0.00,100000.20,USD,IDEALPRO-001,MARGIN,,[],False,{}
100000.00,0.00,100000.00,EUR,IDEALPRO-001,MARGIN,,[],False,{}
100000.20,0.00,100000.20,USD,IDEALPRO-001,MARGIN,,[],False,{}
100000.00,0.00,100000.00,EUR,IDEALPRO-001,MARGIN,,[],False,{}
100000.20,0.00,100000.20,USD,IDEALPRO-001,MARGIN,,[],False,{}
100000.00,0.00,100000.00,EUR,IDEALPRO-001,MARGIN,,[],False,{}
100000.20,0.00,100000.20,USD,IDEALPRO-001,MARGIN,,[],False,{}
100000.00,0.00,100000.00,EUR,IDEALPRO-001,MARGIN,,[],False,{}
100000.20,2.34,99997.86,USD,IDEALPRO-001,MARGIN,,"[{'type': 'MarginBalance', 'initial': '0.00', 'maintenance': '2.34', 'currency': 'USD', 'instrument_id': 'EUR/USD.IDEALPRO'}]",False,{}
100000.00,0.00,100000.00,EUR,IDEALPRO-001,MARGIN,,"[{'type': 'MarginBalance', 'initial': '0.00', 'maintenance': '2.34', 'currency': 'USD', 'instrument_id': 'EUR/USD.IDEALPRO'}]",False,{}
100000.20,2.34,99997.86,USD,IDEALPRO-001,MARGIN,,"[{'type': 'MarginBalance', 'initial': '0.00', 'maintenance': '2.34', 'currency': 'USD', 'instrument_id': 'EUR/USD.IDEALPRO'}]",False,{}
100000.00,0.00,100000.00,EUR,IDEALPRO-001,MARGIN,,"[{'type': 'MarginBalance', 'initial': '0.00', 'maintenance': '2.34', 'currency': 'USD', 'instrument_id': 'EUR/USD.IDEALPRO'}]",False,{}
100000.20,2.34,99997.86,USD,IDEALPRO-001,MARGIN,,"[{'type': 'MarginBalance', 'initial': '0.00', 'maintenance': '2.34', 'currency': 'USD', 'instrument_id': 'EUR/USD.IDEALPRO'}]",False,{}
100000.00,0.00,100000.00,EUR,IDEALPRO-001,MARGIN,,"[{'type': 'MarginBalance', 'initial': '0.00', 'maintenance': '2.34', 'currency': 'USD', 'instrument_id': 'EUR/USD.IDEALPRO'}]",False,{}
100000.20,2.34,99997.86,USD,IDEALPRO-001,MARGIN,,"[{'type': 'MarginBalance', 'initial': '0.00', 'maintenance': '2.34', 'currency': 'USD', 'instrument_id': 'EUR/USD.IDEALPRO'}]",False,{}
100000.00,0.00,100000.00,EUR,IDEALPRO-001,MARGIN,,"[{'type': 'MarginBalance', 'initial': '0.00', 'maintenance': '2.34', 'currency': 'USD', 'instrument_id': 'EUR/USD.IDEALPRO'}]",False,{}
100000.18,0.00,100000.18,USD,IDEALPRO-001,MARGIN,,[],False,{}
100000.00,0.00,100000.00,EUR,IDEALPRO-001,MARGIN,,[],False,{}
100000.18,0.00,100000.18,USD,IDEALPRO-001,MARGIN,,[],False,{}
100000.00,0.00,100000.00,EUR,IDEALPRO-001,MARGIN,,[],False,{}
100000.18,0.00,100000.18,USD,IDEALPRO-001,MARGIN,,[],False,{}
100000.00,0.00,100000.00,EUR,IDEALPRO-001,MARGIN,,[],False,{}
100000.18,0.00,100000.18,USD,IDEALPRO-001,MARGIN,,[],False,{}
100000.00,0.00,100000.00,EUR,IDEALPRO-001,MARGIN,,[],False,{}
100000.18,0.00,100000.18,USD,IDEALPRO-001,MARGIN,,[],False,{}
100000.00,0.00,100000.00,EUR,IDEALPRO-001,MARGIN,,[],False,{}
100000.18,0.00,100000.18,USD,IDEALPRO-001,MARGIN,,[],False,{}
100000.00,0.00,100000.00,EUR,IDEALPRO-001,MARGIN,,[],False,{}
100000.18,2.34,99997.84,USD,IDEALPRO-001,MARGIN,,"[{'type': 'MarginBalance', 'initial': '0.00', 'maintenance': '2.34', 'currency': 'USD', 'instrument_id': 'EUR/USD.IDEALPRO'}]",False,{}
100000.00,0.00,100000.00,EUR,IDEALPRO-001,MARGIN,,"[{'type': 'MarginBalance', 'initial': '0.00', 'maintenance': '2.34', 'currency': 'USD', 'instrument_id': 'EUR/USD.IDEALPRO'}]",False,{}
100000.18,2.34,99997.84,USD,IDEALPRO-001,MARGIN,,"[{'type': 'MarginBalance', 'initial': '0.00', 'maintenance': '2.34', 'currency': 'USD', 'instrument_id': 'EUR/USD.IDEALPRO'}]",False,{}
100000.00,0.00,100000.00,EUR,IDEALPRO-001,MARGIN,,"[{'type': 'MarginBalance', 'initial': '0.00', 'maintenance': '2.34', 'currency': 'USD', 'instrument_id': 'EUR/USD.IDEALPRO'}]",False,{}
100000.18,2.34,99997.84,USD,IDEALPRO-001,MARGIN,,"[{'type': 'MarginBalance', 'initial': '0.00', 'maintenance': '2.34', 'currency': 'USD', 'instrument_id': 'EUR/USD.IDEALPRO'}]",False,{}
100000.00,0.00,100000.00,EUR,IDEALPRO-001,MARGIN,,"[{'type': 'MarginBalance', 'initial': '0.00', 'maintenance': '2.34', 'currency': 'USD', 'instrument_id': 'EUR/USD.IDEALPRO'}]",False,{}
100000.18,2.34,99997.84,USD,IDEALPRO-001,MARGIN,,"[{'type': 'MarginBalance', 'initial': '0.00', 'maintenance': '2.34', 'currency': 'USD', 'instrument_id': 'EUR/USD.IDEALPRO'}]",False,{}
100000.00,0.00,100000.00,EUR,IDEALPRO-001,MARGIN,,"[{'type': 'MarginBalance', 'initial': '0.00', 'maintenance': '2.34', 'currency': 'USD', 'instrument_id': 'EUR/USD.IDEALPRO'}]",False,{}
100000.16,0.00,100000.16,USD,IDEALPRO-001,MARGIN,,[],False,{}
100000.00,0.00,100000.00,EUR,IDEALPRO-001,MARGIN,,[],False,{}
100000.16,0.00,100000.16,USD,IDEALPRO-001,MARGIN,,[],False,{}
100000.00,0.00,100000.00,EUR,IDEALPRO-001,MARGIN,,[],False,{}
100000.16,0.00,100000.16,USD,IDEALPRO-001,MARGIN,,[],False,{}
100000.00,0.00,100000.00,EUR,IDEALPRO-001,MARGIN,,[],False,{}
100000.16,0.00,100000.16,USD,IDEALPRO-001,MARGIN,,[],False,{}
100000.00,0.00,100000.00,EUR,IDEALPRO-001,MARGIN,,[],False,{}
100000.16,0.00,100000.16,USD,IDEALPRO-001,MARGIN,,[],False,{}
100000.00,0.00,100000.00,EUR,IDEALPRO-001,MARGIN,,[],False,{}
100000.16,0.00,100000.16,USD,IDEALPRO-001,MARGIN,,[],False,{}
100000.00,0.00,100000.00,EUR,IDEALPRO-001,MARGIN,,[],False,{}
100000.16,2.34,99997.82,USD,IDEALPRO-001,MARGIN,,"[{'type': 'MarginBalance', 'initial': '0.00', 'maintenance': '2.34', 'currency': 'USD', 'instrument_id': 'EUR/USD.IDEALPRO'}]",False,{}
100000.00,0.00,100000.00,EUR,IDEALPRO-001,MARGIN,,"[{'type': 'MarginBalance', 'initial': '0.00', 'maintenance': '2.34', 'currency': 'USD', 'instrument_id': 'EUR/USD.IDEALPRO'}]",False,{}
100000.16,2.34,99997.82,USD,IDEALPRO-001,MARGIN,,"[{'type': 'MarginBalance', 'initial': '0.00', 'maintenance': '2.34', 'currency': 'USD', 'instrument_id': 'EUR/USD.IDEALPRO'}]",False,{}
100000.00,0.00,100000.00,EUR,IDEALPRO-001,MARGIN,,"[{'type': 'MarginBalance', 'initial': '0.00', 'maintenance': '2.34', 'currency': 'USD', 'instrument_id': 'EUR/USD.IDEALPRO'}]",False,{}
100000.16,2.34,99997.82,USD,IDEALPRO-001,MARGIN,,"[{'type': 'MarginBalance', 'initial': '0.00', 'maintenance': '2.34', 'currency': 'USD', 'instrument_id': 'EUR/USD.IDEALPRO'}]",False,{}
100000.00,0.00,100000.00,EUR,IDEALPRO-001,MARGIN,,"[{'type': 'MarginBalance', 'initial': '0.00', 'maintenance': '2.34', 'currency': 'USD', 'instrument_id': 'EUR/USD.IDEALPRO'}]",False,{}
100000.16,2.34,99997.82,USD,IDEALPRO-001,MARGIN,,"[{'type': 'MarginBalance', 'initial': '0.00', 'maintenance': '2.34', 'currency': 'USD', 'instrument_id': 'EUR/USD.IDEALPRO'}]",False,{}
100000.00,0.00,100000.00,EUR,IDEALPRO-001,MARGIN,,"[{'type': 'MarginBalance', 'initial': '0.00', 'maintenance': '2.34', 'currency': 'USD', 'instrument_id': 'EUR/USD.IDEALPRO'}]",False,{}
100000.15,0.00,100000.15,USD,IDEALPRO-001,MARGIN,,[],False,{}
100000.00,0.00,100000.00,EUR,IDEALPRO-001,MARGIN,,[],False,{}
100000.15,0.00,100000.15,USD,IDEALPRO-001,MARGIN,,[],False,{}
100000.00,0.00,100000.00,EUR,IDEALPRO-001,MARGIN,,[],False,{}
100000.15,0.00,100000.15,USD,IDEALPRO-001,MARGIN,,[],False,{}
100000.00,0.00,100000.00,EUR,IDEALPRO-001,MARGIN,,[],False,{}
100000.15,0.00,100000.15,USD,IDEALPRO-001,MARGIN,,[],False,{}
100000.00,0.00,100000.00,EUR,IDEALPRO-001,MARGIN,,[],False,{}
100000.15,0.00,100000.15,USD,IDEALPRO-001,MARGIN,,[],False,{}
100000.00,0.00,100000.00,EUR,IDEALPRO-001,MARGIN,,[],False,{}
100000.15,0.00,100000.15,USD,IDEALPRO-001,MARGIN,,[],False,{}
100000.00,0.00,100000.00,EUR,IDEALPRO-001,MARGIN,,[],False,{}
100000.15,2.34,99997.81,USD,IDEALPRO-001,MARGIN,,"[{'type': 'MarginBalance', 'initial': '0.00', 'maintenance': '2.34', 'currency': 'USD', 'instrument_id': 'EUR/USD.IDEALPRO'}]",False,{}
100000.00,0.00,100000.00,EUR,IDEALPRO-001,MARGIN,,"[{'type': 'MarginBalance', 'initial': '0.00', 'maintenance': '2.34', 'currency': 'USD', 'instrument_id': 'EUR/USD.IDEALPRO'}]",False,{}
100000.15,2.34,99997.81,USD,IDEALPRO-001,MARGIN,,"[{'type': 'MarginBalance', 'initial': '0.00', 'maintenance': '2.34', 'currency': 'USD', 'instrument_id': 'EUR/USD.IDEALPRO'}]",False,{}
100000.00,0.00,100000.00,EUR,IDEALPRO-001,MARGIN,,"[{'type': 'MarginBalance', 'initial': '0.00', 'maintenance': '2.34', 'currency': 'USD', 'instrument_id': 'EUR/USD.IDEALPRO'}]",False,{}
100000.15,2.34,99997.81,USD,IDEALPRO-001,MARGIN,,"[{'type': 'MarginBalance', 'initial': '0.00', 'maintenance': '2.34', 'currency': 'USD', 'instrument_id': 'EUR/USD.IDEALPRO'}]",False,{}
100000.00,0.00,100000.00,EUR,IDEALPRO-001,MARGIN,,"[{'type': 'MarginBalance', 'initial': '0.00', 'maintenance': '2.34', 'currency': 'USD', 'instrument_id': 'EUR/USD.IDEALPRO'}]",False,{}
100000.09,0.00,100000.09,USD,IDEALPRO-001,MARGIN,,[],False,{}
100000.00,0.00,100000.00,EUR,IDEALPRO-001,MARGIN,,[],False,{}
100000.09,0.00,100000.09,USD,IDEALPRO-001,MARGIN,,[],False,{}
100000.00,0.00,100000.00,EUR,IDEALPRO-001,MARGIN,,[],False,{}
100000.09,0.00,100000.09,USD,IDEALPRO-001,MARGIN,,[],False,{}
100000.00,0.00,100000.00,EUR,IDEALPRO-001,MARGIN,,[],False,{}
100000.09,0.00,100000.09,USD,IDEALPRO-001,MARGIN,,[],False,{}
100000.00,0.00,100000.00,EUR,IDEALPRO-001,MARGIN,,[],False,{}
100000.09,0.00,100000.09,USD,IDEALPRO-001,MARGIN,,[],False,{}
100000.00,0.00,100000.00,EUR,IDEALPRO-001,MARGIN,,[],False,{}
100000.09,2.34,99997.75,USD,IDEALPRO-001,MARGIN,,"[{'type': 'MarginBalance', 'initial': '0.00', 'maintenance': '2.34', 'currency': 'USD', 'instrument_id': 'EUR/USD.IDEALPRO'}]",False,{}
100000.00,0.00,100000.00,EUR,IDEALPRO-001,MARGIN,,"[{'type': 'MarginBalance', 'initial': '0.00', 'maintenance': '2.34', 'currency': 'USD', 'instrument_id': 'EUR/USD.IDEALPRO'}]",False,{}
100000.09,2.34,99997.75,USD,IDEALPRO-001,MARGIN,,"[{'type': 'MarginBalance', 'initial': '0.00', 'maintenance': '2.34', 'currency': 'USD', 'instrument_id': 'EUR/USD.IDEALPRO'}]",False,{}
100000.00,0.00,100000.00,EUR,IDEALPRO-001,MARGIN,,"[{'type': 'MarginBalance', 'initial': '0.00', 'maintenance': '2.34', 'currency': 'USD', 'instrument_id': 'EUR/USD.IDEALPRO'}]",False,{}
100000.09,2.34,99997.75,USD,IDEALPRO-001,MARGIN,,"[{'type': 'MarginBalance', 'initial': '0.00', 'maintenance': '2.34', 'currency': 'USD', 'instrument_id': 'EUR/USD.IDEALPRO'}]",False,{}
100000.00,0.00,100000.00,EUR,IDEALPRO-001,MARGIN,,"[{'type': 'MarginBalance', 'initial': '0.00', 'maintenance': '2.34', 'currency': 'USD', 'instrument_id': 'EUR/USD.IDEALPRO'}]",False,{}
100000.09,2.34,99997.75,USD,IDEALPRO-001,MARGIN,,"[{'type': 'MarginBalance', 'initial': '0.00', 'maintenance': '2.34', 'currency': 'USD', 'instrument_id': 'EUR/USD.IDEALPRO'}]",False,{}
100000.00,0.00,100000.00,EUR,IDEALPRO-001,MARGIN,,"[{'type': 'MarginBalance', 'initial': '0.00', 'maintenance': '2.34', 'currency': 'USD', 'instrument_id': 'EUR/USD.IDEALPRO'}]",False,{}
100000.07,0.00,100000.07,USD,IDEALPRO-001,MARGIN,,[],False,{}
100000.00,0.00,100000.00,EUR,IDEALPRO-001,MARGIN,,[],False,{}
100000.07,0.00,100000.07,USD,IDEALPRO-001,MARGIN,,[],False,{}
100000.00,0.00,100000.00,EUR,IDEALPRO-001,MARGIN,,[],False,{}
100000.07,0.00,100000.07,USD,IDEALPRO-001,MARGIN,,[],False,{}
100000.00,0.00,100000.00,EUR,IDEALPRO-001,MARGIN,,[],False,{}
100000.07,0.00,100000.07,USD,IDEALPRO-001,MARGIN,,[],False,{}
100000.00,0.00,100000.00,EUR,IDEALPRO-001,MARGIN,,[],False,{}
100000.07,0.00,100000.07,USD,IDEALPRO-001,MARGIN,,[],False,{}
100000.00,0.00,100000.00,EUR,IDEALPRO-001,MARGIN,,[],False,{}
100000.07,0.00,100000.07,USD,IDEALPRO-001,MARGIN,,[],False,{}
100000.00,0.00,100000.00,EUR,IDEALPRO-001,MARGIN,,[],False,{}
100000.07,2.34,99997.73,USD,IDEALPRO-001,MARGIN,,"[{'type': 'MarginBalance', 'initial': '0.00', 'maintenance': '2.34', 'currency': 'USD', 'instrument_id': 'EUR/USD.IDEALPRO'}]",False,{}
100000.00,0.00,100000.00,EUR,IDEALPRO-001,MARGIN,,"[{'type': 'MarginBalance', 'initial': '0.00', 'maintenance': '2.34', 'currency': 'USD', 'instrument_id': 'EUR/USD.IDEALPRO'}]",False,{}
100000.07,2.34,99997.73,USD,IDEALPRO-001,MARGIN,,"[{'type': 'MarginBalance', 'initial': '0.00', 'maintenance': '2.34', 'currency': 'USD', 'instrument_id': 'EUR/USD.IDEALPRO'}]",False,{}
100000.00,0.00,100000.00,EUR,IDEALPRO-001,MARGIN,,"[{'type': 'MarginBalance', 'initial': '0.00', 'maintenance': '2.34', 'currency': 'USD', 'instrument_id': 'EUR/USD.IDEALPRO'}]",False,{}
100000.07,2.34,99997.73,USD,IDEALPRO-001,MARGIN,,"[{'type': 'MarginBalance', 'initial': '0.00', 'maintenance': '2.34', 'currency': 'USD', 'instrument_id': 'EUR/USD.IDEALPRO'}]",False,{}
100000.00,0.00,100000.00,EUR,IDEALPRO-001,MARGIN,,"[{'type': 'MarginBalance', 'initial': '0.00', 'maintenance': '2.34', 'currency': 'USD', 'instrument_id': 'EUR/USD.IDEALPRO'}]",False,{}
100000.07,2.34,99997.73,USD,IDEALPRO-001,MARGIN,,"[{'type': 'MarginBalance', 'initial': '0.00', 'maintenance': '2.34', 'currency': 'USD', 'instrument_id': 'EUR/USD.IDEALPRO'}]",False,{}
100000.00,0.00,100000.00,EUR,IDEALPRO-001,MARGIN,,"[{'type': 'MarginBalance', 'initial': '0.00', 'maintenance': '2.34', 'currency': 'USD', 'instrument_id': 'EUR/USD.IDEALPRO'}]",False,{}
100000.07,0.00,100000.07,USD,IDEALPRO-001,MARGIN,,[],False,{}
100000.00,0.00,100000.00,EUR,IDEALPRO-001,MARGIN,,[],False,{}
100000.07,0.00,100000.07,USD,IDEALPRO-001,MARGIN,,[],False,{}
100000.00,0.00,100000.00,EUR,IDEALPRO-001,MARGIN,,[],False,{}
100000.07,0.00,100000.07,USD,IDEALPRO-001,MARGIN,,[],False,{}
100000.00,0.00,100000.00,EUR,IDEALPRO-001,MARGIN,,[],False,{}
100000.07,0.00,100000.07,USD,IDEALPRO-001,MARGIN,,[],False,{}
100000.00,0.00,100000.00,EUR,IDEALPRO-001,MARGIN,,[],False,{}
100000.07,0.00,100000.07,USD,IDEALPRO-001,MARGIN,,[],False,{}
100000.00,0.00,100000.00,EUR,IDEALPRO-001,MARGIN,,[],False,{}
100000.07,0.00,100000.07,USD,IDEALPRO-001,MARGIN,,[],False,{}
100000.00,0.00,100000.00,EUR,IDEALPRO-001,MARGIN,,[],False,{}
100000.07,2.34,99997.73,USD,IDEALPRO-001,MARGIN,,"[{'type': 'MarginBalance', 'initial': '0.00', 'maintenance': '2.34', 'currency': 'USD', 'instrument_id': 'EUR/USD.IDEALPRO'}]",False,{}
100000.00,0.00,100000.00,EUR,IDEALPRO-001,MARGIN,,"[{'type': 'MarginBalance', 'initial': '0.00', 'maintenance': '2.34', 'currency': 'USD', 'instrument_id': 'EUR/USD.IDEALPRO'}]",False,{}
100000.07,2.34,99997.73,USD,IDEALPRO-001,MARGIN,,"[{'type': 'MarginBalance', 'initial': '0.00', 'maintenance': '2.34', 'currency': 'USD', 'instrument_id': 'EUR/USD.IDEALPRO'}]",False,{}
100000.00,0.00,100000.00,EUR,IDEALPRO-001,MARGIN,,"[{'type': 'MarginBalance', 'initial': '0.00', 'maintenance': '2.34', 'currency': 'USD', 'instrument_id': 'EUR/USD.IDEALPRO'}]",False,{}
100000.07,2.34,99997.73,USD,IDEALPRO-001,MARGIN,,"[{'type': 'MarginBalance', 'initial': '0.00', 'maintenance': '2.34', 'currency': 'USD', 'instrument_id': 'EUR/USD.IDEALPRO'}]",False,{}
100000.00,0.00,100000.00,EUR,IDEALPRO-001,MARGIN,,"[{'type': 'MarginBalance', 'initial': '0.00', 'maintenance': '2.34', 'currency': 'USD', 'instrument_id': 'EUR/USD.IDEALPRO'}]",False,{}
100000.07,2.34,99997.73,USD,IDEALPRO-001,MARGIN,,"[{'type': 'MarginBalance', 'initial': '0.00', 'maintenance': '2.34', 'currency': 'USD', 'instrument_id': 'EUR/USD.IDEALPRO'}]",False,{}
100000.00,0.00,100000.00,EUR,IDEALPRO-001,MARGIN,,"[{'type': 'MarginBalance', 'initial': '0.00', 'maintenance': '2.34', 'currency': 'USD', 'instrument_id': 'EUR/USD.IDEALPRO'}]",False,{}
100000.09,0.00,100000.09,USD,IDEALPRO-001,MARGIN,,[],False,{}
100000.00,0.00,100000.00,EUR,IDEALPRO-001,MARGIN,,[],False,{}
100000.09,0.00,100000.09,USD,IDEALPRO-001,MARGIN,,[],False,{}
100000.00,0.00,100000.00,EUR,IDEALPRO-001,MARGIN,,[],False,{}
100000.09,0.00,100000.09,USD,IDEALPRO-001,MARGIN,,[],False,{}
100000.00,0.00,100000.00,EUR,IDEALPRO-001,MARGIN,,[],False,{}
100000.09,0.00,100000.09,USD,IDEALPRO-001,MARGIN,,[],False,{}
100000.00,0.00,100000.00,EUR,IDEALPRO-001,MARGIN,,[],False,{}
100000.09,0.00,100000.09,USD,IDEALPRO-001,MARGIN,,[],False,{}
100000.00,0.00,100000.00,EUR,IDEALPRO-001,MARGIN,,[],False,{}
100000.09,0.00,100000.09,USD,IDEALPRO-001,MARGIN,,[],False,{}
100000.00,0.00,100000.00,EUR,IDEALPRO-001,MARGIN,,[],False,{}
100000.09,2.34,99997.75,USD,IDEALPRO-001,MARGIN,,"[{'type': 'MarginBalance', 'initial': '0.00', 'maintenance': '2.34', 'currency': 'USD', 'instrument_id': 'EUR/USD.IDEALPRO'}]",False,{}
100000.00,0.00,100000.00,EUR,IDEALPRO-001,MARGIN,,"[{'type': 'MarginBalance', 'initial': '0.00', 'maintenance': '2.34', 'currency': 'USD', 'instrument_id': 'EUR/USD.IDEALPRO'}]",False,{}
100000.09,2.34,99997.75,USD,IDEALPRO-001,MARGIN,,"[{'type': 'MarginBalance', 'initial': '0.00', 'maintenance': '2.34', 'currency': 'USD', 'instrument_id': 'EUR/USD.IDEALPRO'}]",False,{}
100000.00,0.00,100000.00,EUR,IDEALPRO-001,MARGIN,,"[{'type': 'MarginBalance', 'initial': '0.00', 'maintenance': '2.34', 'currency': 'USD', 'instrument_id': 'EUR/USD.IDEALPRO'}]",False,{}
100000.09,2.34,99997.75,USD,IDEALPRO-001,MARGIN,,"[{'type': 'MarginBalance', 'initial': '0.00', 'maintenance': '2.34', 'currency': 'USD', 'instrument_id': 'EUR/USD.IDEALPRO'}]",False,{}
100000.00,0.00,100000.00,EUR,IDEALPRO-001,MARGIN,,"[{'type': 'MarginBalance', 'initial': '0.00', 'maintenance': '2.34', 'currency': 'USD', 'instrument_id': 'EUR/USD.IDEALPRO'}]",False,{}
100000.09,2.34,99997.75,USD,IDEALPRO-001,MARGIN,,"[{'type': 'MarginBalance', 'initial': '0.00', 'maintenance': '2.34', 'currency': 'USD', 'instrument_id': 'EUR/USD.IDEALPRO'}]",False,{}
100000.00,0.00,100000.00,EUR,IDEALPRO-001,MARGIN,,"[{'type': 'MarginBalance', 'initial': '0.00', 'maintenance': '2.34', 'currency': 'USD', 'instrument_id': 'EUR/USD.IDEALPRO'}]",False,{}
100000.03,0.00,100000.03,USD,IDEALPRO-001,MARGIN,,[],False,{}
100000.00,0.00,100000.00,EUR,IDEALPRO-001,MARGIN,,[],False,{}
100000.03,0.00,100000.03,USD,IDEALPRO-001,MARGIN,,[],False,{}
100000.00,0.00,100000.00,EUR,IDEALPRO-001,MARGIN,,[],False,{}
100000.03,0.00,100000.03,USD,IDEALPRO-001,MARGIN,,[],False,{}
100000.00,0.00,100000.00,EUR,IDEALPRO-001,MARGIN,,[],False,{}
100000.03,0.00,100000.03,USD,IDEALPRO-001,MARGIN,,[],False,{}
100000.00,0.00,100000.00,EUR,IDEALPRO-001,MARGIN,,[],False,{}
100000.03,0.00,100000.03,USD,IDEALPRO-001,MARGIN,,[],False,{}
100000.00,0.00,100000.00,EUR,IDEALPRO-001,MARGIN,,[],False,{}
100000.03,0.00,100000.03,USD,IDEALPRO-001,MARGIN,,[],False,{}
100000.00,0.00,100000.00,EUR,IDEALPRO-001,MARGIN,,[],False,{}
100000.03,2.34,99997.69,USD,IDEALPRO-001,MARGIN,,"[{'type': 'MarginBalance', 'initial': '0.00', 'maintenance': '2.34', 'currency': 'USD', 'instrument_id': 'EUR/USD.IDEALPRO'}]",False,{}
100000.00,0.00,100000.00,EUR,IDEALPRO-001,MARGIN,,"[{'type': 'MarginBalance', 'initial': '0.00', 'maintenance': '2.34', 'currency': 'USD', 'instrument_id': 'EUR/USD.IDEALPRO'}]",False,{}
100000.03,2.34,99997.69,USD,IDEALPRO-001,MARGIN,,"[{'type': 'MarginBalance', 'initial': '0.00', 'maintenance': '2.34', 'currency': 'USD', 'instrument_id': 'EUR/USD.IDEALPRO'}]",False,{}
100000.00,0.00,100000.00,EUR,IDEALPRO-001,MARGIN,,"[{'type': 'MarginBalance', 'initial': '0.00', 'maintenance': '2.34', 'currency': 'USD', 'instrument_id': 'EUR/USD.IDEALPRO'}]",False,{}
100000.03,2.34,99997.69,USD,IDEALPRO-001,MARGIN,,"[{'type': 'MarginBalance', 'initial': '0.00', 'maintenance': '2.34', 'currency': 'USD', 'instrument_id': 'EUR/USD.IDEALPRO'}]",False,{}
100000.00,0.00,100000.00,EUR,IDEALPRO-001,MARGIN,,"[{'type': 'MarginBalance', 'initial': '0.00', 'maintenance': '2.34', 'currency': 'USD', 'instrument_id': 'EUR/USD.IDEALPRO'}]",False,{}
100000.03,2.34,99997.69,USD,IDEALPRO-001,MARGIN,,"[{'type': 'MarginBalance', 'initial': '0.00', 'maintenance': '2.34', 'currency': 'USD', 'instrument_id': 'EUR/USD.IDEALPRO'}]",False,{}
100000.00,0.00,100000.00,EUR,IDEALPRO-001,MARGIN,,"[{'type': 'MarginBalance', 'initial': '0.00', 'maintenance': '2.34', 'currency': 'USD', 'instrument_id': 'EUR/USD.IDEALPRO'}]",False,{}
100000.06,0.00,100000.06,USD,IDEALPRO-001,MARGIN,,[],False,{}
100000.00,0.00,100000.00,EUR,IDEALPRO-001,MARGIN,,[],False,{}
100000.06,0.00,100000.06,USD,IDEALPRO-001,MARGIN,,[],False,{}
100000.00,0.00,100000.00,EUR,IDEALPRO-001,MARGIN,,[],False,{}
100000.06,0.00,100000.06,USD,IDEALPRO-001,MARGIN,,[],False,{}
100000.00,0.00,100000.00,EUR,IDEALPRO-001,MARGIN,,[],False,{}
100000.06,0.00,100000.06,USD,IDEALPRO-001,MARGIN,,[],False,{}
100000.00,0.00,100000.00,EUR,IDEALPRO-001,MARGIN,,[],False,{}
100000.06,0.00,100000.06,USD,IDEALPRO-001,MARGIN,,[],False,{}
100000.00,0.00,100000.00,EUR,IDEALPRO-001,MARGIN,,[],False,{}
100000.06,0.00,100000.06,USD,IDEALPRO-001,MARGIN,,[],False,{}
100000.00,0.00,100000.00,EUR,IDEALPRO-001,MARGIN,,[],False,{}
100000.06,2.34,99997.72,USD,IDEALPRO-001,MARGIN,,"[{'type': 'MarginBalance', 'initial': '0.00', 'maintenance': '2.34', 'currency': 'USD', 'instrument_id': 'EUR/USD.IDEALPRO'}]",False,{}
100000.00,0.00,100000.00,EUR,IDEALPRO-001,MARGIN,,"[{'type': 'MarginBalance', 'initial': '0.00', 'maintenance': '2.34', 'currency': 'USD', 'instrument_id': 'EUR/USD.IDEALPRO'}]",False,{}
100000.06,2.34,99997.72,USD,IDEALPRO-001,MARGIN,,"[{'type': 'MarginBalance', 'initial': '0.00', 'maintenance': '2.34', 'currency': 'USD', 'instrument_id': 'EUR/USD.IDEALPRO'}]",False,{}
100000.00,0.00,100000.00,EUR,IDEALPRO-001,MARGIN,,"[{'type': 'MarginBalance', 'initial': '0.00', 'maintenance': '2.34', 'currency': 'USD', 'instrument_id': 'EUR/USD.IDEALPRO'}]",False,{}
100000.06,2.34,99997.72,USD,IDEALPRO-001,MARGIN,,"[{'type': 'MarginBalance', 'initial': '0.00', 'maintenance': '2.34', 'currency': 'USD', 'instrument_id': 'EUR/USD.IDEALPRO'}]",False,{}
100000.00,0.00,100000.00,EUR,IDEALPRO-001,MARGIN,,"[{'type': 'MarginBalance', 'initial': '0.00', 'maintenance': '2.34', 'currency': 'USD', 'instrument_id': 'EUR/USD.IDEALPRO'}]",False,{}
100000.00,0.00,100000.00,USD,IDEALPRO-001,MARGIN,,[],False,{}
100000.00,0.00,100000.00,EUR,IDEALPRO-001,MARGIN,,[],False,{}
100000.00,0.00,100000.00,USD,IDEALPRO-001,MARGIN,,[],False,{}
100000.00,0.00,100000.00,EUR,IDEALPRO-001,MARGIN,,[],False,{}
100000.00,0.00,100000.00,USD,IDEALPRO-001,MARGIN,,[],False,{}
100000.00,0.00,100000.00,EUR,IDEALPRO-001,MARGIN,,[],False,{}
100000.00,0.00,100000.00,USD,IDEALPRO-001,MARGIN,,[],False,{}
100000.00,0.00,100000.00,EUR,IDEALPRO-001,MARGIN,,[],False,{}
100000.00,0.00,100000.00,USD,IDEALPRO-001,MARGIN,,[],False,{}
100000.00,0.00,100000.00,EUR,IDEALPRO-001,MARGIN,,[],False,{}
100000.00,2.34,99997.66,USD,IDEALPRO-001,MARGIN,,"[{'type': 'MarginBalance', 'initial': '0.00', 'maintenance': '2.34', 'currency': 'USD', 'instrument_id': 'EUR/USD.IDEALPRO'}]",False,{}
100000.00,0.00,100000.00,EUR,IDEALPRO-001,MARGIN,,"[{'type': 'MarginBalance', 'initial': '0.00', 'maintenance': '2.34', 'currency': 'USD', 'instrument_id': 'EUR/USD.IDEALPRO'}]",False,{}
100000.00,2.34,99997.66,USD,IDEALPRO-001,MARGIN,,"[{'type': 'MarginBalance', 'initial': '0.00', 'maintenance': '2.34', 'currency': 'USD', 'instrument_id': 'EUR/USD.IDEALPRO'}]",False,{}
100000.00,0.00,100000.00,EUR,IDEALPRO-001,MARGIN,,"[{'type': 'MarginBalance', 'initial': '0.00', 'maintenance': '2.34', 'currency': 'USD', 'instrument_id': 'EUR/USD.IDEALPRO'}]",False,{}
100000.00,2.34,99997.66,USD,IDEALPRO-001,MARGIN,,"[{'type': 'MarginBalance', 'initial': '0.00', 'maintenance': '2.34', 'currency': 'USD', 'instrument_id': 'EUR/USD.IDEALPRO'}]",False,{}
100000.00,0.00,100000.00,EUR,IDEALPRO-001,MARGIN,,"[{'type': 'MarginBalance', 'initial': '0.00', 'maintenance': '2.34', 'currency': 'USD', 'instrument_id': 'EUR/USD.IDEALPRO'}]",False,{}
99999.94,0.00,99999.94,USD,IDEALPRO-001,MARGIN,,[],False,{}
100000.00,0.00,100000.00,EUR,IDEALPRO-001,MARGIN,,[],False,{}
99999.94,0.00,99999.94,USD,IDEALPRO-001,MARGIN,,[],False,{}
100000.00,0.00,100000.00,EUR,IDEALPRO-001,MARGIN,,[],False,{}
99999.94,0.00,99999.94,USD,IDEALPRO-001,MARGIN,,[],False,{}
100000.00,0.00,100000.00,EUR,IDEALPRO-001,MARGIN,,[],False,{}
99999.94,0.00,99999.94,USD,IDEALPRO-001,MARGIN,,[],False,{}
100000.00,0.00,100000.00,EUR,IDEALPRO-001,MARGIN,,[],False,{}
99999.94,0.00,99999.94,USD,IDEALPRO-001,MARGIN,,[],False,{}
100000.00,0.00,100000.00,EUR,IDEALPRO-001,MARGIN,,[],False,{}
99999.94,2.35,99997.59,USD,IDEALPRO-001,MARGIN,,"[{'type': 'MarginBalance', 'initial': '0.00', 'maintenance': '2.35', 'currency': 'USD', 'instrument_id': 'EUR/USD.IDEALPRO'}]",False,{}
100000.00,0.00,100000.00,EUR,IDEALPRO-001,MARGIN,,"[{'type': 'MarginBalance', 'initial': '0.00', 'maintenance': '2.35', 'currency': 'USD', 'instrument_id': 'EUR/USD.IDEALPRO'}]",False,{}
99999.94,2.34,99997.60,USD,IDEALPRO-001,MARGIN,,"[{'type': 'MarginBalance', 'initial': '0.00', 'maintenance': '2.34', 'currency': 'USD', 'instrument_id': 'EUR/USD.IDEALPRO'}]",False,{}
100000.00,0.00,100000.00,EUR,IDEALPRO-001,MARGIN,,"[{'type': 'MarginBalance', 'initial': '0.00', 'maintenance': '2.34', 'currency': 'USD', 'instrument_id': 'EUR/USD.IDEALPRO'}]",False,{}
99999.94,2.34,99997.60,USD,IDEALPRO-001,MARGIN,,"[{'type': 'MarginBalance', 'initial': '0.00', 'maintenance': '2.34', 'currency': 'USD', 'instrument_id': 'EUR/USD.IDEALPRO'}]",False,{}
100000.00,0.00,100000.00,EUR,IDEALPRO-001,MARGIN,,"[{'type': 'MarginBalance', 'initial': '0.00', 'maintenance': '2.34', 'currency': 'USD', 'instrument_id': 'EUR/USD.IDEALPRO'}]",False,{}
99999.94,2.34,99997.60,USD,IDEALPRO-001,MARGIN,,"[{'type': 'MarginBalance', 'initial': '0.00', 'maintenance': '2.34', 'currency': 'USD', 'instrument_id': 'EUR/USD.IDEALPRO'}]",False,{}
100000.00,0.00,100000.00,EUR,IDEALPRO-001,MARGIN,,"[{'type': 'MarginBalance', 'initial': '0.00', 'maintenance': '2.34', 'currency': 'USD', 'instrument_id': 'EUR/USD.IDEALPRO'}]",False,{}
99999.95,0.00,99999.95,USD,IDEALPRO-001,MARGIN,,[],False,{}
100000.00,0.00,100000.00,EUR,IDEALPRO-001,MARGIN,,[],False,{}
99999.95,0.00,99999.95,USD,IDEALPRO-001,MARGIN,,[],False,{}
100000.00,0.00,100000.00,EUR,IDEALPRO-001,MARGIN,,[],False,{}
99999.95,0.00,99999.95,USD,IDEALPRO-001,MARGIN,,[],False,{}
100000.00,0.00,100000.00,EUR,IDEALPRO-001,MARGIN,,[],False,{}
99999.95,0.00,99999.95,USD,IDEALPRO-001,MARGIN,,[],False,{}
100000.00,0.00,100000.00,EUR,IDEALPRO-001,MARGIN,,[],False,{}
99999.95,0.00,99999.95,USD,IDEALPRO-001,MARGIN,,[],False,{}
100000.00,0.00,100000.00,EUR,IDEALPRO-001,MARGIN,,[],False,{}
99999.95,0.00,99999.95,USD,IDEALPRO-001,MARGIN,,[],False,{}
100000.00,0.00,100000.00,EUR,IDEALPRO-001,MARGIN,,[],False,{}
99999.95,2.35,99997.60,USD,IDEALPRO-001,MARGIN,,"[{'type': 'MarginBalance', 'initial': '0.00', 'maintenance': '2.35', 'currency': 'USD', 'instrument_id': 'EUR/USD.IDEALPRO'}]",False,{}
100000.00,0.00,100000.00,EUR,IDEALPRO-001,MARGIN,,"[{'type': 'MarginBalance', 'initial': '0.00', 'maintenance': '2.35', 'currency': 'USD', 'instrument_id': 'EUR/USD.IDEALPRO'}]",False,{}
99999.95,2.35,99997.60,USD,IDEALPRO-001,MARGIN,,"[{'type': 'MarginBalance', 'initial': '0.00', 'maintenance': '2.35', 'currency': 'USD', 'instrument_id': 'EUR/USD.IDEALPRO'}]",False,{}
100000.00,0.00,100000.00,EUR,IDEALPRO-001,MARGIN,,"[{'type': 'MarginBalance', 'initial': '0.00', 'maintenance': '2.35', 'currency': 'USD', 'instrument_id': 'EUR/USD.IDEALPRO'}]",False,{}
99999.95,2.35,99997.60,USD,IDEALPRO-001,MARGIN,,"[{'type': 'MarginBalance', 'initial': '0.00', 'maintenance': '2.35', 'currency': 'USD', 'instrument_id': 'EUR/USD.IDEALPRO'}]",False,{}
100000.00,0.00,100000.00,EUR,IDEALPRO-001,MARGIN,,"[{'type': 'MarginBalance', 'initial': '0.00', 'maintenance': '2.35', 'currency': 'USD', 'instrument_id': 'EUR/USD.IDEALPRO'}]",False,{}
99999.89,0.00,99999.89,USD,IDEALPRO-001,MARGIN,,[],False,{}
100000.00,0.00,100000.00,EUR,IDEALPRO-001,MARGIN,,[],False,{}
99999.89,0.00,99999.89,USD,IDEALPRO-001,MARGIN,,[],False,{}
100000.00,0.00,100000.00,EUR,IDEALPRO-001,MARGIN,,[],False,{}
99999.89,0.00,99999.89,USD,IDEALPRO-001,MARGIN,,[],False,{}
100000.00,0.00,100000.00,EUR,IDEALPRO-001,MARGIN,,[],False,{}
99999.89,0.00,99999.89,USD,IDEALPRO-001,MARGIN,,[],False,{}
100000.00,0.00,100000.00,EUR,IDEALPRO-001,MARGIN,,[],False,{}
99999.89,0.00,99999.89,USD,IDEALPRO-001,MARGIN,,[],False,{}
100000.00,0.00,100000.00,EUR,IDEALPRO-001,MARGIN,,[],False,{}
99999.89,2.35,99997.54,USD,IDEALPRO-001,MARGIN,,"[{'type': 'MarginBalance', 'initial': '0.00', 'maintenance': '2.35', 'currency': 'USD', 'instrument_id': 'EUR/USD.IDEALPRO'}]",False,{}
100000.00,0.00,100000.00,EUR,IDEALPRO-001,MARGIN,,"[{'type': 'MarginBalance', 'initial': '0.00', 'maintenance': '2.35', 'currency': 'USD', 'instrument_id': 'EUR/USD.IDEALPRO'}]",False,{}
99999.89,2.35,99997.54,USD,IDEALPRO-001,MARGIN,,"[{'type': 'MarginBalance', 'initial': '0.00', 'maintenance': '2.35', 'currency': 'USD', 'instrument_id': 'EUR/USD.IDEALPRO'}]",False,{}
100000.00,0.00,100000.00,EUR,IDEALPRO-001,MARGIN,,"[{'type': 'MarginBalance', 'initial': '0.00', 'maintenance': '2.35', 'currency': 'USD', 'instrument_id': 'EUR/USD.IDEALPRO'}]",False,{}
99999.89,2.35,99997.54,USD,IDEALPRO-001,MARGIN,,"[{'type': 'MarginBalance', 'initial': '0.00', 'maintenance': '2.35', 'currency': 'USD', 'instrument_id': 'EUR/USD.IDEALPRO'}]",False,{}
100000.00,0.00,100000.00,EUR,IDEALPRO-001,MARGIN,,"[{'type': 'MarginBalance', 'initial': '0.00', 'maintenance': '2.35', 'currency': 'USD', 'instrument_id': 'EUR/USD.IDEALPRO'}]",False,{}
99999.83,0.00,99999.83,USD,IDEALPRO-001,MARGIN,,[],False,{}
100000.00,0.00,100000.00,EUR,IDEALPRO-001,MARGIN,,[],False,{}
99999.83,0.00,99999.83,USD,IDEALPRO-001,MARGIN,,[],False,{}
100000.00,0.00,100000.00,EUR,IDEALPRO-001,MARGIN,,[],False,{}
99999.83,0.00,99999.83,USD,IDEALPRO-001,MARGIN,,[],False,{}
100000.00,0.00,100000.00,EUR,IDEALPRO-001,MARGIN,,[],False,{}
99999.83,0.00,99999.83,USD,IDEALPRO-001,MARGIN,,[],False,{}
100000.00,0.00,100000.00,EUR,IDEALPRO-001,MARGIN,,[],False,{}
99999.83,0.00,99999.83,USD,IDEALPRO-001,MARGIN,,[],False,{}
100000.00,0.00,100000.00,EUR,IDEALPRO-001,MARGIN,,[],False,{}
99999.83,2.35,99997.48,USD,IDEALPRO-001,MARGIN,,"[{'type': 'MarginBalance', 'initial': '0.00', 'maintenance': '2.35', 'currency': 'USD', 'instrument_id': 'EUR/USD.IDEALPRO'}]",False,{}
100000.00,0.00,100000.00,EUR,IDEALPRO-001,MARGIN,,"[{'type': 'MarginBalance', 'initial': '0.00', 'maintenance': '2.35', 'currency': 'USD', 'instrument_id': 'EUR/USD.IDEALPRO'}]",False,{}
99999.83,2.35,99997.48,USD,IDEALPRO-001,MARGIN,,"[{'type': 'MarginBalance', 'initial': '0.00', 'maintenance': '2.35', 'currency': 'USD', 'instrument_id': 'EUR/USD.IDEALPRO'}]",False,{}
100000.00,0.00,100000.00,EUR,IDEALPRO-001,MARGIN,,"[{'type': 'MarginBalance', 'initial': '0.00', 'maintenance': '2.35', 'currency': 'USD', 'instrument_id': 'EUR/USD.IDEALPRO'}]",False,{}
99999.83,2.35,99997.48,USD,IDEALPRO-001,MARGIN,,"[{'type': 'MarginBalance', 'initial': '0.00', 'maintenance': '2.35', 'currency': 'USD', 'instrument_id': 'EUR/USD.IDEALPRO'}]",False,{}
100000.00,0.00,100000.00,EUR,IDEALPRO-001,MARGIN,,"[{'type': 'MarginBalance', 'initial': '0.00', 'maintenance': '2.35', 'currency': 'USD', 'instrument_id': 'EUR/USD.IDEALPRO'}]",False,{}
99999.77,0.00,99999.77,USD,IDEALPRO-001,MARGIN,,[],False,{}
100000.00,0.00,100000.00,EUR,IDEALPRO-001,MARGIN,,[],False,{}
99999.77,0.00,99999.77,USD,IDEALPRO-001,MARGIN,,[],False,{}
100000.00,0.00,100000.00,EUR,IDEALPRO-001,MARGIN,,[],False,{}
99999.77,0.00,99999.77,USD,IDEALPRO-001,MARGIN,,[],False,{}
100000.00,0.00,100000.00,EUR,IDEALPRO-001,MARGIN,,[],False,{}
99999.77,0.00,99999.77,USD,IDEALPRO-001,MARGIN,,[],False,{}
100000.00,0.00,100000.00,EUR,IDEALPRO-001,MARGIN,,[],False,{}
99999.77,0.00,99999.77,USD,IDEALPRO-001,MARGIN,,[],False,{}
100000.00,0.00,100000.00,EUR,IDEALPRO-001,MARGIN,,[],False,{}
99999.77,2.35,99997.42,USD,IDEALPRO-001,MARGIN,,"[{'type': 'MarginBalance', 'initial': '0.00', 'maintenance': '2.35', 'currency': 'USD', 'instrument_id': 'EUR/USD.IDEALPRO'}]",False,{}
100000.00,0.00,100000.00,EUR,IDEALPRO-001,MARGIN,,"[{'type': 'MarginBalance', 'initial': '0.00', 'maintenance': '2.35', 'currency': 'USD', 'instrument_id': 'EUR/USD.IDEALPRO'}]",False,{}
99999.77,2.35,99997.42,USD,IDEALPRO-001,MARGIN,,"[{'type': 'MarginBalance', 'initial': '0.00', 'maintenance': '2.35', 'currency': 'USD', 'instrument_id': 'EUR/USD.IDEALPRO'}]",False,{}
100000.00,0.00,100000.00,EUR,IDEALPRO-001,MARGIN,,"[{'type': 'MarginBalance', 'initial': '0.00', 'maintenance': '2.35', 'currency': 'USD', 'instrument_id': 'EUR/USD.IDEALPRO'}]",False,{}
99999.77,2.35,99997.42,USD,IDEALPRO-001,MARGIN,,"[{'type': 'MarginBalance', 'initial': '0.00', 'maintenance': '2.35', 'currency': 'USD', 'instrument_id': 'EUR/USD.IDEALPRO'}]",False,{}
100000.00,0.00,100000.00,EUR,IDEALPRO-001,MARGIN,,"[{'type': 'MarginBalance', 'initial': '0.00', 'maintenance': '2.35', 'currency': 'USD', 'instrument_id': 'EUR/USD.IDEALPRO'}]",False,{}
99999.77,2.35,99997.42,USD,IDEALPRO-001,MARGIN,,"[{'type': 'MarginBalance', 'initial': '0.00', 'maintenance': '2.35', 'currency': 'USD', 'instrument_id': 'EUR/USD.IDEALPRO'}]",False,{}
100000.00,0.00,100000.00,EUR,IDEALPRO-001,MARGIN,,"[{'type': 'MarginBalance', 'initial': '0.00', 'maintenance': '2.35', 'currency': 'USD', 'instrument_id': 'EUR/USD.IDEALPRO'}]",False,{}
99999.72,0.00,99999.72,USD,IDEALPRO-001,MARGIN,,[],False,{}
100000.00,0.00,100000.00,EUR,IDEALPRO-001,MARGIN,,[],False,{}
99999.72,0.00,99999.72,USD,IDEALPRO-001,MARGIN,,[],False,{}
100000.00,0.00,100000.00,EUR,IDEALPRO-001,MARGIN,,[],False,{}
99999.72,0.00,99999.72,USD,IDEALPRO-001,MARGIN,,[],False,{}
100000.00,0.00,100000.00,EUR,IDEALPRO-001,MARGIN,,[],False,{}
99999.72,0.00,99999.72,USD,IDEALPRO-001,MARGIN,,[],False,{}
100000.00,0.00,100000.00,EUR,IDEALPRO-001,MARGIN,,[],False,{}
99999.72,0.00,99999.72,USD,IDEALPRO-001,MARGIN,,[],False,{}
100000.00,0.00,100000.00,EUR,IDEALPRO-001,MARGIN,,[],False,{}
99999.72,0.00,99999.72,USD,IDEALPRO-001,MARGIN,,[],False,{}
100000.00,0.00,100000.00,EUR,IDEALPRO-001,MARGIN,,[],False,{}
99999.72,2.35,99997.37,USD,IDEALPRO-001,MARGIN,,"[{'type': 'MarginBalance', 'initial': '0.00', 'maintenance': '2.35', 'currency': 'USD', 'instrument_id': 'EUR/USD.IDEALPRO'}]",False,{}
100000.00,0.00,100000.00,EUR,IDEALPRO-001,MARGIN,,"[{'type': 'MarginBalance', 'initial': '0.00', 'maintenance': '2.35', 'currency': 'USD', 'instrument_id': 'EUR/USD.IDEALPRO'}]",False,{}
99999.72,2.35,99997.37,USD,IDEALPRO-001,MARGIN,,"[{'type': 'MarginBalance', 'initial': '0.00', 'maintenance': '2.35', 'currency': 'USD', 'instrument_id': 'EUR/USD.IDEALPRO'}]",False,{}
100000.00,0.00,100000.00,EUR,IDEALPRO-001,MARGIN,,"[{'type': 'MarginBalance', 'initial': '0.00', 'maintenance': '2.35', 'currency': 'USD', 'instrument_id': 'EUR/USD.IDEALPRO'}]",False,{}
99999.72,2.35,99997.37,USD,IDEALPRO-001,MARGIN,,"[{'type': 'MarginBalance', 'initial': '0.00', 'maintenance': '2.35', 'currency': 'USD', 'instrument_id': 'EUR/USD.IDEALPRO'}]",False,{}
100000.00,0.00,100000.00,EUR,IDEALPRO-001,MARGIN,,"[{'type': 'MarginBalance', 'initial': '0.00', 'maintenance': '2.35', 'currency': 'USD', 'instrument_id': 'EUR/USD.IDEALPRO'}]",False,{}
99999.72,2.35,99997.37,USD,IDEALPRO-001,MARGIN,,"[{'type': 'MarginBalance', 'initial': '0.00', 'maintenance': '2.35', 'currency': 'USD', 'instrument_id': 'EUR/USD.IDEALPRO'}]",False,{}
100000.00,0.00,100000.00,EUR,IDEALPRO-001,MARGIN,,"[{'type': 'MarginBalance', 'initial': '0.00', 'maintenance': '2.35', 'currency': 'USD', 'instrument_id': 'EUR/USD.IDEALPRO'}]",False,{}
99999.77,0.00,99999.77,USD,IDEALPRO-001,MARGIN,,[],False,{}
100000.00,0.00,100000.00,EUR,IDEALPRO-001,MARGIN,,[],False,{}
99999.77,0.00,99999.77,USD,IDEALPRO-001,MARGIN,,[],False,{}
100000.00,0.00,100000.00,EUR,IDEALPRO-001,MARGIN,,[],False,{}
99999.77,0.00,99999.77,USD,IDEALPRO-001,MARGIN,,[],False,{}
100000.00,0.00,100000.00,EUR,IDEALPRO-001,MARGIN,,[],False,{}
99999.77,0.00,99999.77,USD,IDEALPRO-001,MARGIN,,[],False,{}
100000.00,0.00,100000.00,EUR,IDEALPRO-001,MARGIN,,[],False,{}
99999.77,0.00,99999.77,USD,IDEALPRO-001,MARGIN,,[],False,{}
100000.00,0.00,100000.00,EUR,IDEALPRO-001,MARGIN,,[],False,{}
99999.77,0.00,99999.77,USD,IDEALPRO-001,MARGIN,,[],False,{}
100000.00,0.00,100000.00,EUR,IDEALPRO-001,MARGIN,,[],False,{}
99999.77,2.35,99997.42,USD,IDEALPRO-001,MARGIN,,"[{'type': 'MarginBalance', 'initial': '0.00', 'maintenance': '2.35', 'currency': 'USD', 'instrument_id': 'EUR/USD.IDEALPRO'}]",False,{}
100000.00,0.00,100000.00,EUR,IDEALPRO-001,MARGIN,,"[{'type': 'MarginBalance', 'initial': '0.00', 'maintenance': '2.35', 'currency': 'USD', 'instrument_id': 'EUR/USD.IDEALPRO'}]",False,{}
99999.77,2.35,99997.42,USD,IDEALPRO-001,MARGIN,,"[{'type': 'MarginBalance', 'initial': '0.00', 'maintenance': '2.35', 'currency': 'USD', 'instrument_id': 'EUR/USD.IDEALPRO'}]",False,{}
100000.00,0.00,100000.00,EUR,IDEALPRO-001,MARGIN,,"[{'type': 'MarginBalance', 'initial': '0.00', 'maintenance': '2.35', 'currency': 'USD', 'instrument_id': 'EUR/USD.IDEALPRO'}]",False,{}
99999.77,2.35,99997.42,USD,IDEALPRO-001,MARGIN,,"[{'type': 'MarginBalance', 'initial': '0.00', 'maintenance': '2.35', 'currency': 'USD', 'instrument_id': 'EUR/USD.IDEALPRO'}]",False,{}
100000.00,0.00,100000.00,EUR,IDEALPRO-001,MARGIN,,"[{'type': 'MarginBalance', 'initial': '0.00', 'maintenance': '2.35', 'currency': 'USD', 'instrument_id': 'EUR/USD.IDEALPRO'}]",False,{}
99999.77,2.35,99997.42,USD,IDEALPRO-001,MARGIN,,"[{'type': 'MarginBalance', 'initial': '0.00', 'maintenance': '2.35', 'currency': 'USD', 'instrument_id': 'EUR/USD.IDEALPRO'}]",False,{}
100000.00,0.00,100000.00,EUR,IDEALPRO-001,MARGIN,,"[{'type': 'MarginBalance', 'initial': '0.00', 'maintenance': '2.35', 'currency': 'USD', 'instrument_id': 'EUR/USD.IDEALPRO'}]",False,{}
99999.77,0.00,99999.77,USD,IDEALPRO-001,MARGIN,,[],False,{}
100000.00,0.00,100000.00,EUR,IDEALPRO-001,MARGIN,,[],False,{}
99999.77,0.00,99999.77,USD,IDEALPRO-001,MARGIN,,[],False,{}
100000.00,0.00,100000.00,EUR,IDEALPRO-001,MARGIN,,[],False,{}
99999.77,0.00,99999.77,USD,IDEALPRO-001,MARGIN,,[],False,{}
100000.00,0.00,100000.00,EUR,IDEALPRO-001,MARGIN,,[],False,{}
99999.77,0.00,99999.77,USD,IDEALPRO-001,MARGIN,,[],False,{}
100000.00,0.00,100000.00,EUR,IDEALPRO-001,MARGIN,,[],False,{}
99999.77,0.00,99999.77,USD,IDEALPRO-001,MARGIN,,[],False,{}
100000.00,0.00,100000.00,EUR,IDEALPRO-001,MARGIN,,[],False,{}
99999.77,0.00,99999.77,USD,IDEALPRO-001,MARGIN,,[],False,{}
100000.00,0.00,100000.00,EUR,IDEALPRO-001,MARGIN,,[],False,{}
99999.77,2.35,99997.42,USD,IDEALPRO-001,MARGIN,,"[{'type': 'MarginBalance', 'initial': '0.00', 'maintenance': '2.35', 'currency': 'USD', 'instrument_id': 'EUR/USD.IDEALPRO'}]",False,{}
100000.00,0.00,100000.00,EUR,IDEALPRO-001,MARGIN,,"[{'type': 'MarginBalance', 'initial': '0.00', 'maintenance': '2.35', 'currency': 'USD', 'instrument_id': 'EUR/USD.IDEALPRO'}]",False,{}
99999.77,2.35,99997.42,USD,IDEALPRO-001,MARGIN,,"[{'type': 'MarginBalance', 'initial': '0.00', 'maintenance': '2.35', 'currency': 'USD', 'instrument_id': 'EUR/USD.IDEALPRO'}]",False,{}
100000.00,0.00,100000.00,EUR,IDEALPRO-001,MARGIN,,"[{'type': 'MarginBalance', 'initial': '0.00', 'maintenance': '2.35', 'currency': 'USD', 'instrument_id': 'EUR/USD.IDEALPRO'}]",False,{}
99999.77,2.35,99997.42,USD,IDEALPRO-001,MARGIN,,"[{'type': 'MarginBalance', 'initial': '0.00', 'maintenance': '2.35', 'currency': 'USD', 'instrument_id': 'EUR/USD.IDEALPRO'}]",False,{}
100000.00,0.00,100000.00,EUR,IDEALPRO-001,MARGIN,,"[{'type': 'MarginBalance', 'initial': '0.00', 'maintenance': '2.35', 'currency': 'USD', 'instrument_id': 'EUR/USD.IDEALPRO'}]",False,{}
99999.77,2.35,99997.42,USD,IDEALPRO-001,MARGIN,,"[{'type': 'MarginBalance', 'initial': '0.00', 'maintenance': '2.35', 'currency': 'USD', 'instrument_id': 'EUR/USD.IDEALPRO'}]",False,{}
100000.00,0.00,100000.00,EUR,IDEALPRO-001,MARGIN,,"[{'type': 'MarginBalance', 'initial': '0.00', 'maintenance': '2.35', 'currency': 'USD', 'instrument_id': 'EUR/USD.IDEALPRO'}]",False,{}
99999.73,0.00,99999.73,USD,IDEALPRO-001,MARGIN,,[],False,{}
100000.00,0.00,100000.00,EUR,IDEALPRO-001,MARGIN,,[],False,{}
99999.73,0.00,99999.73,USD,IDEALPRO-001,MARGIN,,[],False,{}
100000.00,0.00,100000.00,EUR,IDEALPRO-001,MARGIN,,[],False,{}
99999.73,0.00,99999.73,USD,IDEALPRO-001,MARGIN,,[],False,{}
100000.00,0.00,100000.00,EUR,IDEALPRO-001,MARGIN,,[],False,{}
99999.73,0.00,99999.73,USD,IDEALPRO-001,MARGIN,,[],False,{}
100000.00,0.00,100000.00,EUR,IDEALPRO-001,MARGIN,,[],False,{}
99999.73,0.00,99999.73,USD,IDEALPRO-001,MARGIN,,[],False,{}
100000.00,0.00,100000.00,EUR,IDEALPRO-001,MARGIN,,[],False,{}
99999.73,0.00,99999.73,USD,IDEALPRO-001,MARGIN,,[],False,{}
100000.00,0.00,100000.00,EUR,IDEALPRO-001,MARGIN,,[],False,{}
99999.73,2.35,99997.38,USD,IDEALPRO-001,MARGIN,,"[{'type': 'MarginBalance', 'initial': '0.00', 'maintenance': '2.35', 'currency': 'USD', 'instrument_id': 'EUR/USD.IDEALPRO'}]",False,{}
100000.00,0.00,100000.00,EUR,IDEALPRO-001,MARGIN,,"[{'type': 'MarginBalance', 'initial': '0.00', 'maintenance': '2.35', 'currency': 'USD', 'instrument_id': 'EUR/USD.IDEALPRO'}]",False,{}
99999.73,2.35,99997.38,USD,IDEALPRO-001,MARGIN,,"[{'type': 'MarginBalance', 'initial': '0.00', 'maintenance': '2.35', 'currency': 'USD', 'instrument_id': 'EUR/USD.IDEALPRO'}]",False,{}
100000.00,0.00,100000.00,EUR,IDEALPRO-001,MARGIN,,"[{'type': 'MarginBalance', 'initial': '0.00', 'maintenance': '2.35', 'currency': 'USD', 'instrument_id': 'EUR/USD.IDEALPRO'}]",False,{}
99999.73,2.35,99997.38,USD,IDEALPRO-001,MARGIN,,"[{'type': 'MarginBalance', 'initial': '0.00', 'maintenance': '2.35', 'currency': 'USD', 'instrument_id': 'EUR/USD.IDEALPRO'}]",False,{}
100000.00,0.00,100000.00,EUR,IDEALPRO-001,MARGIN,,"[{'type': 'MarginBalance', 'initial': '0.00', 'maintenance': '2.35', 'currency': 'USD', 'instrument_id': 'EUR/USD.IDEALPRO'}]",False,{}
99999.73,2.35,99997.38,USD,IDEALPRO-001,MARGIN,,"[{'type': 'MarginBalance', 'initial': '0.00', 'maintenance': '2.35', 'currency': 'USD', 'instrument_id': 'EUR/USD.IDEALPRO'}]",False,{}
100000.00,0.00,100000.00,EUR,IDEALPRO-001,MARGIN,,"[{'type': 'MarginBalance', 'initial': '0.00', 'maintenance': '2.35', 'currency': 'USD', 'instrument_id': 'EUR/USD.IDEALPRO'}]",False,{}
99999.71,0.00,99999.71,USD,IDEALPRO-001,MARGIN,,[],False,{}
100000.00,0.00,100000.00,EUR,IDEALPRO-001,MARGIN,,[],False,{}
99999.71,0.00,99999.71,USD,IDEALPRO-001,MARGIN,,[],False,{}
100000.00,0.00,100000.00,EUR,IDEALPRO-001,MARGIN,,[],False,{}
99999.71,0.00,99999.71,USD,IDEALPRO-001,MARGIN,,[],False,{}
100000.00,0.00,100000.00,EUR,IDEALPRO-001,MARGIN,,[],False,{}
99999.71,0.00,99999.71,USD,IDEALPRO-001,MARGIN,,[],False,{}
100000.00,0.00,100000.00,EUR,IDEALPRO-001,MARGIN,,[],False,{}
99999.71,0.00,99999.71,USD,IDEALPRO-001,MARGIN,,[],False,{}
100000.00,0.00,100000.00,EUR,IDEALPRO-001,MARGIN,,[],False,{}
99999.71,0.00,99999.71,USD,IDEALPRO-001,MARGIN,,[],False,{}
100000.00,0.00,100000.00,EUR,IDEALPRO-001,MARGIN,,[],False,{}
99999.71,2.35,99997.36,USD,IDEALPRO-001,MARGIN,,"[{'type': 'MarginBalance', 'initial': '0.00', 'maintenance': '2.35', 'currency': 'USD', 'instrument_id': 'EUR/USD.IDEALPRO'}]",False,{}
100000.00,0.00,100000.00,EUR,IDEALPRO-001,MARGIN,,"[{'type': 'MarginBalance', 'initial': '0.00', 'maintenance': '2.35', 'currency': 'USD', 'instrument_id': 'EUR/USD.IDEALPRO'}]",False,{}
99999.71,2.35,99997.36,USD,IDEALPRO-001,MARGIN,,"[{'type': 'MarginBalance', 'initial': '0.00', 'maintenance': '2.35', 'currency': 'USD', 'instrument_id': 'EUR/USD.IDEALPRO'}]",False,{}
100000.00,0.00,100000.00,EUR,IDEALPRO-001,MARGIN,,"[{'type': 'MarginBalance', 'initial': '0.00', 'maintenance': '2.35', 'currency': 'USD', 'instrument_id': 'EUR/USD.IDEALPRO'}]",False,{}
99999.71,2.35,99997.36,USD,IDEALPRO-001,MARGIN,,"[{'type': 'MarginBalance', 'initial': '0.00', 'maintenance': '2.35', 'currency': 'USD', 'instrument_id': 'EUR/USD.IDEALPRO'}]",False,{}
100000.00,0.00,100000.00,EUR,IDEALPRO-001,MARGIN,,"[{'type': 'MarginBalance', 'initial': '0.00', 'maintenance': '2.35', 'currency': 'USD', 'instrument_id': 'EUR/USD.IDEALPRO'}]",False,{}
99999.71,2.35,99997.36,USD,IDEALPRO-001,MARGIN,,"[{'type': 'MarginBalance', 'initial': '0.00', 'maintenance': '2.35', 'currency': 'USD', 'instrument_id': 'EUR/USD.IDEALPRO'}]",False,{}
100000.00,0.00,100000.00,EUR,IDEALPRO-001,MARGIN,,"[{'type': 'MarginBalance', 'initial': '0.00', 'maintenance': '2.35', 'currency': 'USD', 'instrument_id': 'EUR/USD.IDEALPRO'}]",False,{}
99999.69,0.00,99999.69,USD,IDEALPRO-001,MARGIN,,[],False,{}
100000.00,0.00,100000.00,EUR,IDEALPRO-001,MARGIN,,[],False,{}
99999.69,0.00,99999.69,USD,IDEALPRO-001,MARGIN,,[],False,{}
100000.00,0.00,100000.00,EUR,IDEALPRO-001,MARGIN,,[],False,{}
99999.69,0.00,99999.69,USD,IDEALPRO-001,MARGIN,,[],False,{}
100000.00,0.00,100000.00,EUR,IDEALPRO-001,MARGIN,,[],False,{}
99999.69,0.00,99999.69,USD,IDEALPRO-001,MARGIN,,[],False,{}
100000.00,0.00,100000.00,EUR,IDEALPRO-001,MARGIN,,[],False,{}
99999.69,0.00,99999.69,USD,IDEALPRO-001,MARGIN,,[],False,{}
100000.00,0.00,100000.00,EUR,IDEALPRO-001,MARGIN,,[],False,{}
99999.69,0.00,99999.69,USD,IDEALPRO-001,MARGIN,,[],False,{}
100000.00,0.00,100000.00,EUR,IDEALPRO-001,MARGIN,,[],False,{}
99999.69,2.35,99997.34,USD,IDEALPRO-001,MARGIN,,"[{'type': 'MarginBalance', 'initial': '0.00', 'maintenance': '2.35', 'currency': 'USD', 'instrument_id': 'EUR/USD.IDEALPRO'}]",False,{}
100000.00,0.00,100000.00,EUR,IDEALPRO-001,MARGIN,,"[{'type': 'MarginBalance', 'initial': '0.00', 'maintenance': '2.35', 'currency': 'USD', 'instrument_id': 'EUR/USD.IDEALPRO'}]",False,{}
99999.69,2.35,99997.34,USD,IDEALPRO-001,MARGIN,,"[{'type': 'MarginBalance', 'initial': '0.00', 'maintenance': '2.35', 'currency': 'USD', 'instrument_id': 'EUR/USD.IDEALPRO'}]",False,{}
100000.00,0.00,100000.00,EUR,IDEALPRO-001,MARGIN,,"[{'type': 'MarginBalance', 'initial': '0.00', 'maintenance': '2.35', 'currency': 'USD', 'instrument_id': 'EUR/USD.IDEALPRO'}]",False,{}
99999.69,2.35,99997.34,USD,IDEALPRO-001,MARGIN,,"[{'type': 'MarginBalance', 'initial': '0.00', 'maintenance': '2.35', 'currency': 'USD', 'instrument_id': 'EUR/USD.IDEALPRO'}]",False,{}
100000.00,0.00,100000.00,EUR,IDEALPRO-001,MARGIN,,"[{'type': 'MarginBalance', 'initial': '0.00', 'maintenance': '2.35', 'currency': 'USD', 'instrument_id': 'EUR/USD.IDEALPRO'}]",False,{}
99999.69,2.35,99997.34,USD,IDEALPRO-001,MARGIN,,"[{'type': 'MarginBalance', 'initial': '0.00', 'maintenance': '2.35', 'currency': 'USD', 'instrument_id': 'EUR/USD.IDEALPRO'}]",False,{}
100000.00,0.00,100000.00,EUR,IDEALPRO-001,MARGIN,,"[{'type': 'MarginBalance', 'initial': '0.00', 'maintenance': '2.35', 'currency': 'USD', 'instrument_id': 'EUR/USD.IDEALPRO'}]",False,{}
99999.71,0.00,99999.71,USD,IDEALPRO-001,MARGIN,,[],False,{}
100000.00,0.00,100000.00,EUR,IDEALPRO-001,MARGIN,,[],False,{}
99999.71,0.00,99999.71,USD,IDEALPRO-001,MARGIN,,[],False,{}
100000.00,0.00,100000.00,EUR,IDEALPRO-001,MARGIN,,[],False,{}
99999.71,0.00,99999.71,USD,IDEALPRO-001,MARGIN,,[],False,{}
100000.00,0.00,100000.00,EUR,IDEALPRO-001,MARGIN,,[],False,{}
99999.71,0.00,99999.71,USD,IDEALPRO-001,MARGIN,,[],False,{}
100000.00,0.00,100000.00,EUR,IDEALPRO-001,MARGIN,,[],False,{}
99999.71,0.00,99999.71,USD,IDEALPRO-001,MARGIN,,[],False,{}
100000.00,0.00,100000.00,EUR,IDEALPRO-001,MARGIN,,[],False,{}
99999.71,0.00,99999.71,USD,IDEALPRO-001,MARGIN,,[],False,{}
100000.00,0.00,100000.00,EUR,IDEALPRO-001,MARGIN,,[],False,{}
99999.71,2.35,99997.36,USD,IDEALPRO-001,MARGIN,,"[{'type': 'MarginBalance', 'initial': '0.00', 'maintenance': '2.35', 'currency': 'USD', 'instrument_id': 'EUR/USD.IDEALPRO'}]",False,{}
100000.00,0.00,100000.00,EUR,IDEALPRO-001,MARGIN,,"[{'type': 'MarginBalance', 'initial': '0.00', 'maintenance': '2.35', 'currency': 'USD', 'instrument_id': 'EUR/USD.IDEALPRO'}]",False,{}
99999.71,2.35,99997.36,USD,IDEALPRO-001,MARGIN,,"[{'type': 'MarginBalance', 'initial': '0.00', 'maintenance': '2.35', 'currency': 'USD', 'instrument_id': 'EUR/USD.IDEALPRO'}]",False,{}
100000.00,0.00,100000.00,EUR,IDEALPRO-001,MARGIN,,"[{'type': 'MarginBalance', 'initial': '0.00', 'maintenance': '2.35', 'currency': 'USD', 'instrument_id': 'EUR/USD.IDEALPRO'}]",False,{}
99999.71,2.35,99997.36,USD,IDEALPRO-001,MARGIN,,"[{'type': 'MarginBalance', 'initial': '0.00', 'maintenance': '2.35', 'currency': 'USD', 'instrument_id': 'EUR/USD.IDEALPRO'}]",False,{}
100000.00,0.00,100000.00,EUR,IDEALPRO-001,MARGIN,,"[{'type': 'MarginBalance', 'initial': '0.00', 'maintenance': '2.35', 'currency': 'USD', 'instrument_id': 'EUR/USD.IDEALPRO'}]",False,{}
99999.71,2.35,99997.36,USD,IDEALPRO-001,MARGIN,,"[{'type': 'MarginBalance', 'initial': '0.00', 'maintenance': '2.35', 'currency': 'USD', 'instrument_id': 'EUR/USD.IDEALPRO'}]",False,{}
100000.00,0.00,100000.00,EUR,IDEALPRO-001,MARGIN,,"[{'type': 'MarginBalance', 'initial': '0.00', 'maintenance': '2.35', 'currency': 'USD', 'instrument_id': 'EUR/USD.IDEALPRO'}]",False,{}
99999.68,0.00,99999.68,USD,IDEALPRO-001,MARGIN,,[],False,{}
100000.00,0.00,100000.00,EUR,IDEALPRO-001,MARGIN,,[],False,{}
99999.68,0.00,99999.68,USD,IDEALPRO-001,MARGIN,,[],False,{}
100000.00,0.00,100000.00,EUR,IDEALPRO-001,MARGIN,,[],False,{}
99999.68,0.00,99999.68,USD,IDEALPRO-001,MARGIN,,[],False,{}
100000.00,0.00,100000.00,EUR,IDEALPRO-001,MARGIN,,[],False,{}
99999.68,0.00,99999.68,USD,IDEALPRO-001,MARGIN,,[],False,{}
100000.00,0.00,100000.00,EUR,IDEALPRO-001,MARGIN,,[],False,{}
99999.68,0.00,99999.68,USD,IDEALPRO-001,MARGIN,,[],False,{}
100000.00,0.00,100000.00,EUR,IDEALPRO-001,MARGIN,,[],False,{}
99999.68,0.00,99999.68,USD,IDEALPRO-001,MARGIN,,[],False,{}
100000.00,0.00,100000.00,EUR,IDEALPRO-001,MARGIN,,[],False,{}
99999.68,2.35,99997.33,USD,IDEALPRO-001,MARGIN,,"[{'type': 'MarginBalance', 'initial': '0.00', 'maintenance': '2.35', 'currency': 'USD', 'instrument_id': 'EUR/USD.IDEALPRO'}]",False,{}
100000.00,0.00,100000.00,EUR,IDEALPRO-001,MARGIN,,"[{'type': 'MarginBalance', 'initial': '0.00', 'maintenance': '2.35', 'currency': 'USD', 'instrument_id': 'EUR/USD.IDEALPRO'}]",False,{}
99999.68,2.35,99997.33,USD,IDEALPRO-001,MARGIN,,"[{'type': 'MarginBalance', 'initial': '0.00', 'maintenance': '2.35', 'currency': 'USD', 'instrument_id': 'EUR/USD.IDEALPRO'}]",False,{}
100000.00,0.00,100000.00,EUR,IDEALPRO-001,MARGIN,,"[{'type': 'MarginBalance', 'initial': '0.00', 'maintenance': '2.35', 'currency': 'USD', 'instrument_id': 'EUR/USD.IDEALPRO'}]",False,{}
99999.68,2.35,99997.33,USD,IDEALPRO-001,MARGIN,,"[{'type': 'MarginBalance', 'initial': '0.00', 'maintenance': '2.35', 'currency': 'USD', 'instrument_id': 'EUR/USD.IDEALPRO'}]",False,{}
100000.00,0.00,100000.00,EUR,IDEALPRO-001,MARGIN,,"[{'type': 'MarginBalance', 'initial': '0.00', 'maintenance': '2.35', 'currency': 'USD', 'instrument_id': 'EUR/USD.IDEALPRO'}]",False,{}
99999.68,2.35,99997.33,USD,IDEALPRO-001,MARGIN,,"[{'type': 'MarginBalance', 'initial': '0.00', 'maintenance': '2.35', 'currency': 'USD', 'instrument_id': 'EUR/USD.IDEALPRO'}]",False,{}
100000.00,0.00,100000.00,EUR,IDEALPRO-001,MARGIN,,"[{'type': 'MarginBalance', 'initial': '0.00', 'maintenance': '2.35', 'currency': 'USD', 'instrument_id': 'EUR/USD.IDEALPRO'}]",False,{}
99999.65,0.00,99999.65,USD,IDEALPRO-001,MARGIN,,[],False,{}
100000.00,0.00,100000.00,EUR,IDEALPRO-001,MARGIN,,[],False,{}
99999.65,0.00,99999.65,USD,IDEALPRO-001,MARGIN,,[],False,{}
100000.00,0.00,100000.00,EUR,IDEALPRO-001,MARGIN,,[],False,{}
99999.65,0.00,99999.65,USD,IDEALPRO-001,MARGIN,,[],False,{}
100000.00,0.00,100000.00,EUR,IDEALPRO-001,MARGIN,,[],False,{}
99999.65,0.00,99999.65,USD,IDEALPRO-001,MARGIN,,[],False,{}
100000.00,0.00,100000.00,EUR,IDEALPRO-001,MARGIN,,[],False,{}
99999.65,0.00,99999.65,USD,IDEALPRO-001,MARGIN,,[],False,{}
100000.00,0.00,100000.00,EUR,IDEALPRO-001,MARGIN,,[],False,{}
99999.65,0.00,99999.65,USD,IDEALPRO-001,MARGIN,,[],False,{}
100000.00,0.00,100000.00,EUR,IDEALPRO-001,MARGIN,,[],False,{}
99999.65,2.35,99997.30,USD,IDEALPRO-001,MARGIN,,"[{'type': 'MarginBalance', 'initial': '0.00', 'maintenance': '2.35', 'currency': 'USD', 'instrument_id': 'EUR/USD.IDEALPRO'}]",False,{}
100000.00,0.00,100000.00,EUR,IDEALPRO-001,MARGIN,,"[{'type': 'MarginBalance', 'initial': '0.00', 'maintenance': '2.35', 'currency': 'USD', 'instrument_id': 'EUR/USD.IDEALPRO'}]",False,{}
99999.65,2.35,99997.30,USD,IDEALPRO-001,MARGIN,,"[{'type': 'MarginBalance', 'initial': '0.00', 'maintenance': '2.35', 'currency': 'USD', 'instrument_id': 'EUR/USD.IDEALPRO'}]",False,{}
100000.00,0.00,100000.00,EUR,IDEALPRO-001,MARGIN,,"[{'type': 'MarginBalance', 'initial': '0.00', 'maintenance': '2.35', 'currency': 'USD', 'instrument_id': 'EUR/USD.IDEALPRO'}]",False,{}
99999.65,2.35,99997.30,USD,IDEALPRO-001,MARGIN,,"[{'type': 'MarginBalance', 'initial': '0.00', 'maintenance': '2.35', 'currency': 'USD', 'instrument_id': 'EUR/USD.IDEALPRO'}]",False,{}
100000.00,0.00,100000.00,EUR,IDEALPRO-001,MARGIN,,"[{'type': 'MarginBalance', 'initial': '0.00', 'maintenance': '2.35', 'currency': 'USD', 'instrument_id': 'EUR/USD.IDEALPRO'}]",False,{}
99999.65,2.35,99997.30,USD,IDEALPRO-001,MARGIN,,"[{'type': 'MarginBalance', 'initial': '0.00', 'maintenance': '2.35', 'currency': 'USD', 'instrument_id': 'EUR/USD.IDEALPRO'}]",False,{}
100000.00,0.00,100000.00,EUR,IDEALPRO-001,MARGIN,,"[{'type': 'MarginBalance', 'initial': '0.00', 'maintenance': '2.35', 'currency': 'USD', 'instrument_id': 'EUR/USD.IDEALPRO'}]",False,{}
99999.62,0.00,99999.62,USD,IDEALPRO-001,MARGIN,,[],False,{}
100000.00,0.00,100000.00,EUR,IDEALPRO-001,MARGIN,,[],False,{}
99999.62,0.00,99999.62,USD,IDEALPRO-001,MARGIN,,[],False,{}
100000.00,0.00,100000.00,EUR,IDEALPRO-001,MARGIN,,[],False,{}
99999.62,0.00,99999.62,USD,IDEALPRO-001,MARGIN,,[],False,{}
100000.00,0.00,100000.00,EUR,IDEALPRO-001,MARGIN,,[],False,{}
99999.62,0.00,99999.62,USD,IDEALPRO-001,MARGIN,,[],False,{}
100000.00,0.00,100000.00,EUR,IDEALPRO-001,MARGIN,,[],False,{}
99999.62,0.00,99999.62,USD,IDEALPRO-001,MARGIN,,[],False,{}
100000.00,0.00,100000.00,EUR,IDEALPRO-001,MARGIN,,[],False,{}
99999.62,0.00,99999.62,USD,IDEALPRO-001,MARGIN,,[],False,{}
100000.00,0.00,100000.00,EUR,IDEALPRO-001,MARGIN,,[],False,{}
99999.62,2.35,99997.27,USD,IDEALPRO-001,MARGIN,,"[{'type': 'MarginBalance', 'initial': '0.00', 'maintenance': '2.35', 'currency': 'USD', 'instrument_id': 'EUR/USD.IDEALPRO'}]",False,{}
100000.00,0.00,100000.00,EUR,IDEALPRO-001,MARGIN,,"[{'type': 'MarginBalance', 'initial': '0.00', 'maintenance': '2.35', 'currency': 'USD', 'instrument_id': 'EUR/USD.IDEALPRO'}]",False,{}
99999.62,2.35,99997.27,USD,IDEALPRO-001,MARGIN,,"[{'type': 'MarginBalance', 'initial': '0.00', 'maintenance': '2.35', 'currency': 'USD', 'instrument_id': 'EUR/USD.IDEALPRO'}]",False,{}
100000.00,0.00,100000.00,EUR,IDEALPRO-001,MARGIN,,"[{'type': 'MarginBalance', 'initial': '0.00', 'maintenance': '2.35', 'currency': 'USD', 'instrument_id': 'EUR/USD.IDEALPRO'}]",False,{}
99999.62,2.35,99997.27,USD,IDEALPRO-001,MARGIN,,"[{'type': 'MarginBalance', 'initial': '0.00', 'maintenance': '2.35', 'currency': 'USD', 'instrument_id': 'EUR/USD.IDEALPRO'}]",False,{}
100000.00,0.00,100000.00,EUR,IDEALPRO-001,MARGIN,,"[{'type': 'MarginBalance', 'initial': '0.00', 'maintenance': '2.35', 'currency': 'USD', 'instrument_id': 'EUR/USD.IDEALPRO'}]",False,{}
99999.62,2.35,99997.27,USD,IDEALPRO-001,MARGIN,,"[{'type': 'MarginBalance', 'initial': '0.00', 'maintenance': '2.35', 'currency': 'USD', 'instrument_id': 'EUR/USD.IDEALPRO'}]",False,{}
100000.00,0.00,100000.00,EUR,IDEALPRO-001,MARGIN,,"[{'type': 'MarginBalance', 'initial': '0.00', 'maintenance': '2.35', 'currency': 'USD', 'instrument_id': 'EUR/USD.IDEALPRO'}]",False,{}
99999.60,0.00,99999.60,USD,IDEALPRO-001,MARGIN,,[],False,{}
100000.00,0.00,100000.00,EUR,IDEALPRO-001,MARGIN,,[],False,{}
99999.60,0.00,99999.60,USD,IDEALPRO-001,MARGIN,,[],False,{}
100000.00,0.00,100000.00,EUR,IDEALPRO-001,MARGIN,,[],False,{}
99999.60,0.00,99999.60,USD,IDEALPRO-001,MARGIN,,[],False,{}
100000.00,0.00,100000.00,EUR,IDEALPRO-001,MARGIN,,[],False,{}
99999.60,0.00,99999.60,USD,IDEALPRO-001,MARGIN,,[],False,{}
100000.00,0.00,100000.00,EUR,IDEALPRO-001,MARGIN,,[],False,{}
99999.60,0.00,99999.60,USD,IDEALPRO-001,MARGIN,,[],False,{}
100000.00,0.00,100000.00,EUR,IDEALPRO-001,MARGIN,,[],False,{}
99999.60,0.00,99999.60,USD,IDEALPRO-001,MARGIN,,[],False,{}
100000.00,0.00,100000.00,EUR,IDEALPRO-001,MARGIN,,[],False,{}
99999.60,2.35,99997.25,USD,IDEALPRO-001,MARGIN,,"[{'type': 'MarginBalance', 'initial': '0.00', 'maintenance': '2.35', 'currency': 'USD', 'instrument_id': 'EUR/USD.IDEALPRO'}]",False,{}
100000.00,0.00,100000.00,EUR,IDEALPRO-001,MARGIN,,"[{'type': 'MarginBalance', 'initial': '0.00', 'maintenance': '2.35', 'currency': 'USD', 'instrument_id': 'EUR/USD.IDEALPRO'}]",False,{}
99999.60,2.35,99997.25,USD,IDEALPRO-001,MARGIN,,"[{'type': 'MarginBalance', 'initial': '0.00', 'maintenance': '2.35', 'currency': 'USD', 'instrument_id': 'EUR/USD.IDEALPRO'}]",False,{}
100000.00,0.00,100000.00,EUR,IDEALPRO-001,MARGIN,,"[{'type': 'MarginBalance', 'initial': '0.00', 'maintenance': '2.35', 'currency': 'USD', 'instrument_id': 'EUR/USD.IDEALPRO'}]",False,{}
99999.60,2.35,99997.25,USD,IDEALPRO-001,MARGIN,,"[{'type': 'MarginBalance', 'initial': '0.00', 'maintenance': '2.35', 'currency': 'USD', 'instrument_id': 'EUR/USD.IDEALPRO'}]",False,{}
100000.00,0.00,100000.00,EUR,IDEALPRO-001,MARGIN,,"[{'type': 'MarginBalance', 'initial': '0.00', 'maintenance': '2.35', 'currency': 'USD', 'instrument_id': 'EUR/USD.IDEALPRO'}]",False,{}
99999.60,2.35,99997.25,USD,IDEALPRO-001,MARGIN,,"[{'type': 'MarginBalance', 'initial': '0.00', 'maintenance': '2.35', 'currency': 'USD', 'instrument_id': 'EUR/USD.IDEALPRO'}]",False,{}
100000.00,0.00,100000.00,EUR,IDEALPRO-001,MARGIN,,"[{'type': 'MarginBalance', 'initial': '0.00', 'maintenance': '2.35', 'currency': 'USD', 'instrument_id': 'EUR/USD.IDEALPRO'}]",False,{}
99999.59,0.00,99999.59,USD,IDEALPRO-001,MARGIN,,[],False,{}
100000.00,0.00,100000.00,EUR,IDEALPRO-001,MARGIN,,[],False,{}
99999.59,0.00,99999.59,USD,IDEALPRO-001,MARGIN,,[],False,{}
100000.00,0.00,100000.00,EUR,IDEALPRO-001,MARGIN,,[],False,{}
99999.59,0.00,99999.59,USD,IDEALPRO-001,MARGIN,,[],False,{}
100000.00,0.00,100000.00,EUR,IDEALPRO-001,MARGIN,,[],False,{}
99999.59,0.00,99999.59,USD,IDEALPRO-001,MARGIN,,[],False,{}
100000.00,0.00,100000.00,EUR,IDEALPRO-001,MARGIN,,[],False,{}
99999.59,0.00,99999.59,USD,IDEALPRO-001,MARGIN,,[],False,{}
100000.00,0.00,100000.00,EUR,IDEALPRO-001,MARGIN,,[],False,{}
99999.59,0.00,99999.59,USD,IDEALPRO-001,MARGIN,,[],False,{}
100000.00,0.00,100000.00,EUR,IDEALPRO-001,MARGIN,,[],False,{}
99999.59,2.35,99997.24,USD,IDEALPRO-001,MARGIN,,"[{'type': 'MarginBalance', 'initial': '0.00', 'maintenance': '2.35', 'currency': 'USD', 'instrument_id': 'EUR/USD.IDEALPRO'}]",False,{}
100000.00,0.00,100000.00,EUR,IDEALPRO-001,MARGIN,,"[{'type': 'MarginBalance', 'initial': '0.00', 'maintenance': '2.35', 'currency': 'USD', 'instrument_id': 'EUR/USD.IDEALPRO'}]",False,{}
99999.59,2.35,99997.24,USD,IDEALPRO-001,MARGIN,,"[{'type': 'MarginBalance', 'initial': '0.00', 'maintenance': '2.35', 'currency': 'USD', 'instrument_id': 'EUR/USD.IDEALPRO'}]",False,{}
100000.00,0.00,100000.00,EUR,IDEALPRO-001,MARGIN,,"[{'type': 'MarginBalance', 'initial': '0.00', 'maintenance': '2.35', 'currency': 'USD', 'instrument_id': 'EUR/USD.IDEALPRO'}]",False,{}
99999.59,2.35,99997.24,USD,IDEALPRO-001,MARGIN,,"[{'type': 'MarginBalance', 'initial': '0.00', 'maintenance': '2.35', 'currency': 'USD', 'instrument_id': 'EUR/USD.IDEALPRO'}]",False,{}
100000.00,0.00,100000.00,EUR,IDEALPRO-001,MARGIN,,"[{'type': 'MarginBalance', 'initial': '0.00', 'maintenance': '2.35', 'currency': 'USD', 'instrument_id': 'EUR/USD.IDEALPRO'}]",False,{}
99999.59,2.35,99997.24,USD,IDEALPRO-001,MARGIN,,"[{'type': 'MarginBalance', 'initial': '0.00', 'maintenance': '2.35', 'currency': 'USD', 'instrument_id': 'EUR/USD.IDEALPRO'}]",False,{}
100000.00,0.00,100000.00,EUR,IDEALPRO-001,MARGIN,,"[{'type': 'MarginBalance', 'initial': '0.00', 'maintenance': '2.35', 'currency': 'USD', 'instrument_id': 'EUR/USD.IDEALPRO'}]",False,{}
99999.65,0.00,99999.65,USD,IDEALPRO-001,MARGIN,,[],False,{}
100000.00,0.00,100000.00,EUR,IDEALPRO-001,MARGIN,,[],False,{}
99999.65,0.00,99999.65,USD,IDEALPRO-001,MARGIN,,[],False,{}
100000.00,0.00,100000.00,EUR,IDEALPRO-001,MARGIN,,[],False,{}
99999.65,0.00,99999.65,USD,IDEALPRO-001,MARGIN,,[],False,{}
100000.00,0.00,100000.00,EUR,IDEALPRO-001,MARGIN,,[],False,{}
99999.65,0.00,99999.65,USD,IDEALPRO-001,MARGIN,,[],False,{}
100000.00,0.00,100000.00,EUR,IDEALPRO-001,MARGIN,,[],False,{}
99999.65,0.00,99999.65,USD,IDEALPRO-001,MARGIN,,[],False,{}
100000.00,0.00,100000.00,EUR,IDEALPRO-001,MARGIN,,[],False,{}
99999.65,0.00,99999.65,USD,IDEALPRO-001,MARGIN,,[],False,{}
100000.00,0.00,100000.00,EUR,IDEALPRO-001,MARGIN,,[],False,{}
99999.65,2.35,99997.30,USD,IDEALPRO-001,MARGIN,,"[{'type': 'MarginBalance', 'initial': '0.00', 'maintenance': '2.35', 'currency': 'USD', 'instrument_id': 'EUR/USD.IDEALPRO'}]",False,{}
100000.00,0.00,100000.00,EUR,IDEALPRO-001,MARGIN,,"[{'type': 'MarginBalance', 'initial': '0.00', 'maintenance': '2.35', 'currency': 'USD', 'instrument_id': 'EUR/USD.IDEALPRO'}]",False,{}
99999.65,2.35,99997.30,USD,IDEALPRO-001,MARGIN,,"[{'type': 'MarginBalance', 'initial': '0.00', 'maintenance': '2.35', 'currency': 'USD', 'instrument_id': 'EUR/USD.IDEALPRO'}]",False,{}
100000.00,0.00,100000.00,EUR,IDEALPRO-001,MARGIN,,"[{'type': 'MarginBalance', 'initial': '0.00', 'maintenance': '2.35', 'currency': 'USD', 'instrument_id': 'EUR/USD.IDEALPRO'}]",False,{}
99999.65,2.35,99997.30,USD,IDEALPRO-001,MARGIN,,"[{'type': 'MarginBalance', 'initial': '0.00', 'maintenance': '2.35', 'currency': 'USD', 'instrument_id': 'EUR/USD.IDEALPRO'}]",False,{}
100000.00,0.00,100000.00,EUR,IDEALPRO-001,MARGIN,,"[{'type': 'MarginBalance', 'initial': '0.00', 'maintenance': '2.35', 'currency': 'USD', 'instrument_id': 'EUR/USD.IDEALPRO'}]",False,{}
99999.65,2.35,99997.30,USD,IDEALPRO-001,MARGIN,,"[{'type': 'MarginBalance', 'initial': '0.00', 'maintenance': '2.35', 'currency': 'USD', 'instrument_id': 'EUR/USD.IDEALPRO'}]",False,{}
100000.00,0.00,100000.00,EUR,IDEALPRO-001,MARGIN,,"[{'type': 'MarginBalance', 'initial': '0.00', 'maintenance': '2.35', 'currency': 'USD', 'instrument_id': 'EUR/USD.IDEALPRO'}]",False,{}
99999.63,0.00,99999.63,USD,IDEALPRO-001,MARGIN,,[],False,{}
100000.00,0.00,100000.00,EUR,IDEALPRO-001,MARGIN,,[],False,{}
99999.63,0.00,99999.63,USD,IDEALPRO-001,MARGIN,,[],False,{}
100000.00,0.00,100000.00,EUR,IDEALPRO-001,MARGIN,,[],False,{}
99999.63,0.00,99999.63,USD,IDEALPRO-001,MARGIN,,[],False,{}
100000.00,0.00,100000.00,EUR,IDEALPRO-001,MARGIN,,[],False,{}
99999.63,0.00,99999.63,USD,IDEALPRO-001,MARGIN,,[],False,{}
100000.00,0.00,100000.00,EUR,IDEALPRO-001,MARGIN,,[],False,{}
99999.63,0.00,99999.63,USD,IDEALPRO-001,MARGIN,,[],False,{}
100000.00,0.00,100000.00,EUR,IDEALPRO-001,MARGIN,,[],False,{}
99999.63,0.00,99999.63,USD,IDEALPRO-001,MARGIN,,[],False,{}
100000.00,0.00,100000.00,EUR,IDEALPRO-001,MARGIN,,[],False,{}
99999.63,2.35,99997.28,USD,IDEALPRO-001,MARGIN,,"[{'type': 'MarginBalance', 'initial': '0.00', 'maintenance': '2.35', 'currency': 'USD', 'instrument_id': 'EUR/USD.IDEALPRO'}]",False,{}
100000.00,0.00,100000.00,EUR,IDEALPRO-001,MARGIN,,"[{'type': 'MarginBalance', 'initial': '0.00', 'maintenance': '2.35', 'currency': 'USD', 'instrument_id': 'EUR/USD.IDEALPRO'}]",False,{}
99999.63,2.35,99997.28,USD,IDEALPRO-001,MARGIN,,"[{'type': 'MarginBalance', 'initial': '0.00', 'maintenance': '2.35', 'currency': 'USD', 'instrument_id': 'EUR/USD.IDEALPRO'}]",False,{}
100000.00,0.00,100000.00,EUR,IDEALPRO-001,MARGIN,,"[{'type': 'MarginBalance', 'initial': '0.00', 'maintenance': '2.35', 'currency': 'USD', 'instrument_id': 'EUR/USD.IDEALPRO'}]",False,{}
99999.63,2.35,99997.28,USD,IDEALPRO-001,MARGIN,,"[{'type': 'MarginBalance', 'initial': '0.00', 'maintenance': '2.35', 'currency': 'USD', 'instrument_id': 'EUR/USD.IDEALPRO'}]",False,{}
100000.00,0.00,100000.00,EUR,IDEALPRO-001,MARGIN,,"[{'type': 'MarginBalance', 'initial': '0.00', 'maintenance': '2.35', 'currency': 'USD', 'instrument_id': 'EUR/USD.IDEALPRO'}]",False,{}
99999.63,2.35,99997.28,USD,IDEALPRO-001,MARGIN,,"[{'type': 'MarginBalance', 'initial': '0.00', 'maintenance': '2.35', 'currency': 'USD', 'instrument_id': 'EUR/USD.IDEALPRO'}]",False,{}
100000.00,0.00,100000.00,EUR,IDEALPRO-001,MARGIN,,"[{'type': 'MarginBalance', 'initial': '0.00', 'maintenance': '2.35', 'currency': 'USD', 'instrument_id': 'EUR/USD.IDEALPRO'}]",False,{}
99999.61,0.00,99999.61,USD,IDEALPRO-001,MARGIN,,[],False,{}
100000.00,0.00,100000.00,EUR,IDEALPRO-001,MARGIN,,[],False,{}
99999.61,0.00,99999.61,USD,IDEALPRO-001,MARGIN,,[],False,{}
100000.00,0.00,100000.00,EUR,IDEALPRO-001,MARGIN,,[],False,{}
99999.61,0.00,99999.61,USD,IDEALPRO-001,MARGIN,,[],False,{}
100000.00,0.00,100000.00,EUR,IDEALPRO-001,MARGIN,,[],False,{}
99999.61,0.00,99999.61,USD,IDEALPRO-001,MARGIN,,[],False,{}
100000.00,0.00,100000.00,EUR,IDEALPRO-001,MARGIN,,[],False,{}
99999.61,0.00,99999.61,USD,IDEALPRO-001,MARGIN,,[],False,{}
100000.00,0.00,100000.00,EUR,IDEALPRO-001,MARGIN,,[],False,{}
99999.61,0.00,99999.61,USD,IDEALPRO-001,MARGIN,,[],False,{}
100000.00,0.00,100000.00,EUR,IDEALPRO-001,MARGIN,,[],False,{}
99999.61,2.35,99997.26,USD,IDEALPRO-001,MARGIN,,"[{'type': 'MarginBalance', 'initial': '0.00', 'maintenance': '2.35', 'currency': 'USD', 'instrument_id': 'EUR/USD.IDEALPRO'}]",False,{}
100000.00,0.00,100000.00,EUR,IDEALPRO-001,MARGIN,,"[{'type': 'MarginBalance', 'initial': '0.00', 'maintenance': '2.35', 'currency': 'USD', 'instrument_id': 'EUR/USD.IDEALPRO'}]",False,{}
99999.61,2.34,99997.27,USD,IDEALPRO-001,MARGIN,,"[{'type': 'MarginBalance', 'initial': '0.00', 'maintenance': '2.34', 'currency': 'USD', 'instrument_id': 'EUR/USD.IDEALPRO'}]",False,{}
100000.00,0.00,100000.00,EUR,IDEALPRO-001,MARGIN,,"[{'type': 'MarginBalance', 'initial': '0.00', 'maintenance': '2.34', 'currency': 'USD', 'instrument_id': 'EUR/USD.IDEALPRO'}]",False,{}
99999.61,2.34,99997.27,USD,IDEALPRO-001,MARGIN,,"[{'type': 'MarginBalance', 'initial': '0.00', 'maintenance': '2.34', 'currency': 'USD', 'instrument_id': 'EUR/USD.IDEALPRO'}]",False,{}
100000.00,0.00,100000.00,EUR,IDEALPRO-001,MARGIN,,"[{'type': 'MarginBalance', 'initial': '0.00', 'maintenance': '2.34', 'currency': 'USD', 'instrument_id': 'EUR/USD.IDEALPRO'}]",False,{}
99999.61,2.34,99997.27,USD,IDEALPRO-001,MARGIN,,"[{'type': 'MarginBalance', 'initial': '0.00', 'maintenance': '2.34', 'currency': 'USD', 'instrument_id': 'EUR/USD.IDEALPRO'}]",False,{}
100000.00,0.00,100000.00,EUR,IDEALPRO-001,MARGIN,,"[{'type': 'MarginBalance', 'initial': '0.00', 'maintenance': '2.34', 'currency': 'USD', 'instrument_id': 'EUR/USD.IDEALPRO'}]",False,{}
99999.61,0.00,99999.61,USD,IDEALPRO-001,MARGIN,,[],False,{}
100000.00,0.00,100000.00,EUR,IDEALPRO-001,MARGIN,,[],False,{}
99999.61,0.00,99999.61,USD,IDEALPRO-001,MARGIN,,[],False,{}
100000.00,0.00,100000.00,EUR,IDEALPRO-001,MARGIN,,[],False,{}
99999.61,0.00,99999.61,USD,IDEALPRO-001,MARGIN,,[],False,{}
100000.00,0.00,100000.00,EUR,IDEALPRO-001,MARGIN,,[],False,{}
99999.61,0.00,99999.61,USD,IDEALPRO-001,MARGIN,,[],False,{}
100000.00,0.00,100000.00,EUR,IDEALPRO-001,MARGIN,,[],False,{}
99999.61,0.00,99999.61,USD,IDEALPRO-001,MARGIN,,[],False,{}
100000.00,0.00,100000.00,EUR,IDEALPRO-001,MARGIN,,[],False,{}
99999.61,0.00,99999.61,USD,IDEALPRO-001,MARGIN,,[],False,{}
100000.00,0.00,100000.00,EUR,IDEALPRO-001,MARGIN,,[],False,{}
99999.61,2.35,99997.26,USD,IDEALPRO-001,MARGIN,,"[{'type': 'MarginBalance', 'initial': '0.00', 'maintenance': '2.35', 'currency': 'USD', 'instrument_id': 'EUR/USD.IDEALPRO'}]",False,{}
100000.00,0.00,100000.00,EUR,IDEALPRO-001,MARGIN,,"[{'type': 'MarginBalance', 'initial': '0.00', 'maintenance': '2.35', 'currency': 'USD', 'instrument_id': 'EUR/USD.IDEALPRO'}]",False,{}
99999.61,2.34,99997.27,USD,IDEALPRO-001,MARGIN,,"[{'type': 'MarginBalance', 'initial': '0.00', 'maintenance': '2.34', 'currency': 'USD', 'instrument_id': 'EUR/USD.IDEALPRO'}]",False,{}
100000.00,0.00,100000.00,EUR,IDEALPRO-001,MARGIN,,"[{'type': 'MarginBalance', 'initial': '0.00', 'maintenance': '2.34', 'currency': 'USD', 'instrument_id': 'EUR/USD.IDEALPRO'}]",False,{}
99999.61,2.34,99997.27,USD,IDEALPRO-001,MARGIN,,"[{'type': 'MarginBalance', 'initial': '0.00', 'maintenance': '2.34', 'currency': 'USD', 'instrument_id': 'EUR/USD.IDEALPRO'}]",False,{}
100000.00,0.00,100000.00,EUR,IDEALPRO-001,MARGIN,,"[{'type': 'MarginBalance', 'initial': '0.00', 'maintenance': '2.34', 'currency': 'USD', 'instrument_id': 'EUR/USD.IDEALPRO'}]",False,{}
99999.61,2.34,99997.27,USD,IDEALPRO-001,MARGIN,,"[{'type': 'MarginBalance', 'initial': '0.00', 'maintenance': '2.34', 'currency': 'USD', 'instrument_id': 'EUR/USD.IDEALPRO'}]",False,{}
100000.00,0.00,100000.00,EUR,IDEALPRO-001,MARGIN,,"[{'type': 'MarginBalance', 'initial': '0.00', 'maintenance': '2.34', 'currency': 'USD', 'instrument_id': 'EUR/USD.IDEALPRO'}]",False,{}
99999.60,0.00,99999.60,USD,IDEALPRO-001,MARGIN,,[],False,{}
100000.00,0.00,100000.00,EUR,IDEALPRO-001,MARGIN,,[],False,{}
99999.60,0.00,99999.60,USD,IDEALPRO-001,MARGIN,,[],False,{}
100000.00,0.00,100000.00,EUR,IDEALPRO-001,MARGIN,,[],False,{}
99999.60,0.00,99999.60,USD,IDEALPRO-001,MARGIN,,[],False,{}
100000.00,0.00,100000.00,EUR,IDEALPRO-001,MARGIN,,[],False,{}
99999.60,0.00,99999.60,USD,IDEALPRO-001,MARGIN,,[],False,{}
100000.00,0.00,100000.00,EUR,IDEALPRO-001,MARGIN,,[],False,{}
99999.60,0.00,99999.60,USD,IDEALPRO-001,MARGIN,,[],False,{}
100000.00,0.00,100000.00,EUR,IDEALPRO-001,MARGIN,,[],False,{}
99999.60,0.00,99999.60,USD,IDEALPRO-001,MARGIN,,[],False,{}
100000.00,0.00,100000.00,EUR,IDEALPRO-001,MARGIN,,[],False,{}
99999.60,2.34,99997.26,USD,IDEALPRO-001,MARGIN,,"[{'type': 'MarginBalance', 'initial': '0.00', 'maintenance': '2.34', 'currency': 'USD', 'instrument_id': 'EUR/USD.IDEALPRO'}]",False,{}
100000.00,0.00,100000.00,EUR,IDEALPRO-001,MARGIN,,"[{'type': 'MarginBalance', 'initial': '0.00', 'maintenance': '2.34', 'currency': 'USD', 'instrument_id': 'EUR/USD.IDEALPRO'}]",False,{}
99999.60,2.34,99997.26,USD,IDEALPRO-001,MARGIN,,"[{'type': 'MarginBalance', 'initial': '0.00', 'maintenance': '2.34', 'currency': 'USD', 'instrument_id': 'EUR/USD.IDEALPRO'}]",False,{}
100000.00,0.00,100000.00,EUR,IDEALPRO-001,MARGIN,,"[{'type': 'MarginBalance', 'initial': '0.00', 'maintenance': '2.34', 'currency': 'USD', 'instrument_id': 'EUR/USD.IDEALPRO'}]",False,{}
99999.60,2.34,99997.26,USD,IDEALPRO-001,MARGIN,,"[{'type': 'MarginBalance', 'initial': '0.00', 'maintenance': '2.34', 'currency': 'USD', 'instrument_id': 'EUR/USD.IDEALPRO'}]",False,{}
100000.00,0.00,100000.00,EUR,IDEALPRO-001,MARGIN,,"[{'type': 'MarginBalance', 'initial': '0.00', 'maintenance': '2.34', 'currency': 'USD', 'instrument_id': 'EUR/USD.IDEALPRO'}]",False,{}
99999.60,2.34,99997.26,USD,IDEALPRO-001,MARGIN,,"[{'type': 'MarginBalance', 'initial': '0.00', 'maintenance': '2.34', 'currency': 'USD', 'instrument_id': 'EUR/USD.IDEALPRO'}]",False,{}
100000.00,0.00,100000.00,EUR,IDEALPRO-001,MARGIN,,"[{'type': 'MarginBalance', 'initial': '0.00', 'maintenance': '2.34', 'currency': 'USD', 'instrument_id': 'EUR/USD.IDEALPRO'}]",False,{}
99999.60,0.00,99999.60,USD,IDEALPRO-001,MARGIN,,[],False,{}
100000.00,0.00,100000.00,EUR,IDEALPRO-001,MARGIN,,[],False,{}
99999.60,0.00,99999.60,USD,IDEALPRO-001,MARGIN,,[],False,{}
100000.00,0.00,100000.00,EUR,IDEALPRO-001,MARGIN,,[],False,{}
99999.60,0.00,99999.60,USD,IDEALPRO-001,MARGIN,,[],False,{}
100000.00,0.00,100000.00,EUR,IDEALPRO-001,MARGIN,,[],False,{}
99999.60,0.00,99999.60,USD,IDEALPRO-001,MARGIN,,[],False,{}
100000.00,0.00,100000.00,EUR,IDEALPRO-001,MARGIN,,[],False,{}
99999.60,0.00,99999.60,USD,IDEALPRO-001,MARGIN,,[],False,{}
100000.00,0.00,100000.00,EUR,IDEALPRO-001,MARGIN,,[],False,{}
99999.60,0.00,99999.60,USD,IDEALPRO-001,MARGIN,,[],False,{}
100000.00,0.00,100000.00,EUR,IDEALPRO-001,MARGIN,,[],False,{}
99999.60,2.35,99997.25,USD,IDEALPRO-001,MARGIN,,"[{'type': 'MarginBalance', 'initial': '0.00', 'maintenance': '2.35', 'currency': 'USD', 'instrument_id': 'EUR/USD.IDEALPRO'}]",False,{}
100000.00,0.00,100000.00,EUR,IDEALPRO-001,MARGIN,,"[{'type': 'MarginBalance', 'initial': '0.00', 'maintenance': '2.35', 'currency': 'USD', 'instrument_id': 'EUR/USD.IDEALPRO'}]",False,{}
99999.60,2.35,99997.25,USD,IDEALPRO-001,MARGIN,,"[{'type': 'MarginBalance', 'initial': '0.00', 'maintenance': '2.35', 'currency': 'USD', 'instrument_id': 'EUR/USD.IDEALPRO'}]",False,{}
100000.00,0.00,100000.00,EUR,IDEALPRO-001,MARGIN,,"[{'type': 'MarginBalance', 'initial': '0.00', 'maintenance': '2.35', 'currency': 'USD', 'instrument_id': 'EUR/USD.IDEALPRO'}]",False,{}
99999.60,2.35,99997.25,USD,IDEALPRO-001,MARGIN,,"[{'type': 'MarginBalance', 'initial': '0.00', 'maintenance': '2.35', 'currency': 'USD', 'instrument_id': 'EUR/USD.IDEALPRO'}]",False,{}
100000.00,0.00,100000.00,EUR,IDEALPRO-001,MARGIN,,"[{'type': 'MarginBalance', 'initial': '0.00', 'maintenance': '2.35', 'currency': 'USD', 'instrument_id': 'EUR/USD.IDEALPRO'}]",False,{}
99999.60,2.35,99997.25,USD,IDEALPRO-001,MARGIN,,"[{'type': 'MarginBalance', 'initial': '0.00', 'maintenance': '2.35', 'currency': 'USD', 'instrument_id': 'EUR/USD.IDEALPRO'}]",False,{}
100000.00,0.00,100000.00,EUR,IDEALPRO-001,MARGIN,,"[{'type': 'MarginBalance', 'initial': '0.00', 'maintenance': '2.35', 'currency': 'USD', 'instrument_id': 'EUR/USD.IDEALPRO'}]",False,{}
99999.62,0.00,99999.62,USD,IDEALPRO-001,MARGIN,,[],False,{}
100000.00,0.00,100000.00,EUR,IDEALPRO-001,MARGIN,,[],False,{}
99999.62,0.00,99999.62,USD,IDEALPRO-001,MARGIN,,[],False,{}
100000.00,0.00,100000.00,EUR,IDEALPRO-001,MARGIN,,[],False,{}
99999.62,0.00,99999.62,USD,IDEALPRO-001,MARGIN,,[],False,{}
100000.00,0.00,100000.00,EUR,IDEALPRO-001,MARGIN,,[],False,{}
99999.62,0.00,99999.62,USD,IDEALPRO-001,MARGIN,,[],False,{}
100000.00,0.00,100000.00,EUR,IDEALPRO-001,MARGIN,,[],False,{}
99999.62,0.00,99999.62,USD,IDEALPRO-001,MARGIN,,[],False,{}
100000.00,0.00,100000.00,EUR,IDEALPRO-001,MARGIN,,[],False,{}
99999.62,0.00,99999.62,USD,IDEALPRO-001,MARGIN,,[],False,{}
100000.00,0.00,100000.00,EUR,IDEALPRO-001,MARGIN,,[],False,{}
99999.62,2.35,99997.27,USD,IDEALPRO-001,MARGIN,,"[{'type': 'MarginBalance', 'initial': '0.00', 'maintenance': '2.35', 'currency': 'USD', 'instrument_id': 'EUR/USD.IDEALPRO'}]",False,{}
100000.00,0.00,100000.00,EUR,IDEALPRO-001,MARGIN,,"[{'type': 'MarginBalance', 'initial': '0.00', 'maintenance': '2.35', 'currency': 'USD', 'instrument_id': 'EUR/USD.IDEALPRO'}]",False,{}
99999.62,2.35,99997.27,USD,IDEALPRO-001,MARGIN,,"[{'type': 'MarginBalance', 'initial': '0.00', 'maintenance': '2.35', 'currency': 'USD', 'instrument_id': 'EUR/USD.IDEALPRO'}]",False,{}
100000.00,0.00,100000.00,EUR,IDEALPRO-001,MARGIN,,"[{'type': 'MarginBalance', 'initial': '0.00', 'maintenance': '2.35', 'currency': 'USD', 'instrument_id': 'EUR/USD.IDEALPRO'}]",False,{}
99999.62,2.35,99997.27,USD,IDEALPRO-001,MARGIN,,"[{'type': 'MarginBalance', 'initial': '0.00', 'maintenance': '2.35', 'currency': 'USD', 'instrument_id': 'EUR/USD.IDEALPRO'}]",False,{}
100000.00,0.00,100000.00,EUR,IDEALPRO-001,MARGIN,,"[{'type': 'MarginBalance', 'initial': '0.00', 'maintenance': '2.35', 'currency': 'USD', 'instrument_id': 'EUR/USD.IDEALPRO'}]",False,{}
99999.62,2.35,99997.27,USD,IDEALPRO-001,MARGIN,,"[{'type': 'MarginBalance', 'initial': '0.00', 'maintenance': '2.35', 'currency': 'USD', 'instrument_id': 'EUR/USD.IDEALPRO'}]",False,{}
100000.00,0.00,100000.00,EUR,IDEALPRO-001,MARGIN,,"[{'type': 'MarginBalance', 'initial': '0.00', 'maintenance': '2.35', 'currency': 'USD', 'instrument_id': 'EUR/USD.IDEALPRO'}]",False,{}
99999.59,0.00,99999.59,USD,IDEALPRO-001,MARGIN,,[],False,{}
100000.00,0.00,100000.00,EUR,IDEALPRO-001,MARGIN,,[],False,{}
99999.59,0.00,99999.59,USD,IDEALPRO-001,MARGIN,,[],False,{}
100000.00,0.00,100000.00,EUR,IDEALPRO-001,MARGIN,,[],False,{}
99999.59,0.00,99999.59,USD,IDEALPRO-001,MARGIN,,[],False,{}
100000.00,0.00,100000.00,EUR,IDEALPRO-001,MARGIN,,[],False,{}
99999.59,0.00,99999.59,USD,IDEALPRO-001,MARGIN,,[],False,{}
100000.00,0.00,100000.00,EUR,IDEALPRO-001,MARGIN,,[],False,{}
99999.59,0.00,99999.59,USD,IDEALPRO-001,MARGIN,,[],False,{}
100000.00,0.00,100000.00,EUR,IDEALPRO-001,MARGIN,,[],False,{}
99999.59,0.00,99999.59,USD,IDEALPRO-001,MARGIN,,[],False,{}
100000.00,0.00,100000.00,EUR,IDEALPRO-001,MARGIN,,[],False,{}
99999.59,2.35,99997.24,USD,IDEALPRO-001,MARGIN,,"[{'type': 'MarginBalance', 'initial': '0.00', 'maintenance': '2.35', 'currency': 'USD', 'instrument_id': 'EUR/USD.IDEALPRO'}]",False,{}
100000.00,0.00,100000.00,EUR,IDEALPRO-001,MARGIN,,"[{'type': 'MarginBalance', 'initial': '0.00', 'maintenance': '2.35', 'currency': 'USD', 'instrument_id': 'EUR/USD.IDEALPRO'}]",False,{}
99999.59,2.35,99997.24,USD,IDEALPRO-001,MARGIN,,"[{'type': 'MarginBalance', 'initial': '0.00', 'maintenance': '2.35', 'currency': 'USD', 'instrument_id': 'EUR/USD.IDEALPRO'}]",False,{}
100000.00,0.00,100000.00,EUR,IDEALPRO-001,MARGIN,,"[{'type': 'MarginBalance', 'initial': '0.00', 'maintenance': '2.35', 'currency': 'USD', 'instrument_id': 'EUR/USD.IDEALPRO'}]",False,{}
99999.59,2.35,99997.24,USD,IDEALPRO-001,MARGIN,,"[{'type': 'MarginBalance', 'initial': '0.00', 'maintenance': '2.35', 'currency': 'USD', 'instrument_id': 'EUR/USD.IDEALPRO'}]",False,{}
100000.00,0.00,100000.00,EUR,IDEALPRO-001,MARGIN,,"[{'type': 'MarginBalance', 'initial': '0.00', 'maintenance': '2.35', 'currency': 'USD', 'instrument_id': 'EUR/USD.IDEALPRO'}]",False,{}
99999.59,2.35,99997.24,USD,IDEALPRO-001,MARGIN,,"[{'type': 'MarginBalance', 'initial': '0.00', 'maintenance': '2.35', 'currency': 'USD', 'instrument_id': 'EUR/USD.IDEALPRO'}]",False,{}
100000.00,0.00,100000.00,EUR,IDEALPRO-001,MARGIN,,"[{'type': 'MarginBalance', 'initial': '0.00', 'maintenance': '2.35', 'currency': 'USD', 'instrument_id': 'EUR/USD.IDEALPRO'}]",False,{}
99999.56,0.00,99999.56,USD,IDEALPRO-001,MARGIN,,[],False,{}
100000.00,0.00,100000.00,EUR,IDEALPRO-001,MARGIN,,[],False,{}
99999.56,0.00,99999.56,USD,IDEALPRO-001,MARGIN,,[],False,{}
100000.00,0.00,100000.00,EUR,IDEALPRO-001,MARGIN,,[],False,{}
99999.56,0.00,99999.56,USD,IDEALPRO-001,MARGIN,,[],False,{}
100000.00,0.00,100000.00,EUR,IDEALPRO-001,MARGIN,,[],False,{}
99999.56,0.00,99999.56,USD,IDEALPRO-001,MARGIN,,[],False,{}
100000.00,0.00,100000.00,EUR,IDEALPRO-001,MARGIN,,[],False,{}
99999.56,0.00,99999.56,USD,IDEALPRO-001,MARGIN,,[],False,{}
100000.00,0.00,100000.00,EUR,IDEALPRO-001,MARGIN,,[],False,{}
99999.56,0.00,99999.56,USD,IDEALPRO-001,MARGIN,,[],False,{}
100000.00,0.00,100000.00,EUR,IDEALPRO-001,MARGIN,,[],False,{}
99999.56,2.35,99997.21,USD,IDEALPRO-001,MARGIN,,"[{'type': 'MarginBalance', 'initial': '0.00', 'maintenance': '2.35', 'currency': 'USD', 'instrument_id': 'EUR/USD.IDEALPRO'}]",False,{}
100000.00,0.00,100000.00,EUR,IDEALPRO-001,MARGIN,,"[{'type': 'MarginBalance', 'initial': '0.00', 'maintenance': '2.35', 'currency': 'USD', 'instrument_id': 'EUR/USD.IDEALPRO'}]",False,{}
99999.56,2.35,99997.21,USD,IDEALPRO-001,MARGIN,,"[{'type': 'MarginBalance', 'initial': '0.00', 'maintenance': '2.35', 'currency': 'USD', 'instrument_id': 'EUR/USD.IDEALPRO'}]",False,{}
100000.00,0.00,100000.00,EUR,IDEALPRO-001,MARGIN,,"[{'type': 'MarginBalance', 'initial': '0.00', 'maintenance': '2.35', 'currency': 'USD', 'instrument_id': 'EUR/USD.IDEALPRO'}]",False,{}
99999.56,2.35,99997.21,USD,IDEALPRO-001,MARGIN,,"[{'type': 'MarginBalance', 'initial': '0.00', 'maintenance': '2.35', 'currency': 'USD', 'instrument_id': 'EUR/USD.IDEALPRO'}]",False,{}
100000.00,0.00,100000.00,EUR,IDEALPRO-001,MARGIN,,"[{'type': 'MarginBalance', 'initial': '0.00', 'maintenance': '2.35', 'currency': 'USD', 'instrument_id': 'EUR/USD.IDEALPRO'}]",False,{}
99999.56,2.35,99997.21,USD,IDEALPRO-001,MARGIN,,"[{'type': 'MarginBalance', 'initial': '0.00', 'maintenance': '2.35', 'currency': 'USD', 'instrument_id': 'EUR/USD.IDEALPRO'}]",False,{}
100000.00,0.00,100000.00,EUR,IDEALPRO-001,MARGIN,,"[{'type': 'MarginBalance', 'initial': '0.00', 'maintenance': '2.35', 'currency': 'USD', 'instrument_id': 'EUR/USD.IDEALPRO'}]",False,{}
99999.59,0.00,99999.59,USD,IDEALPRO-001,MARGIN,,[],False,{}
100000.00,0.00,100000.00,EUR,IDEALPRO-001,MARGIN,,[],False,{}
99999.59,0.00,99999.59,USD,IDEALPRO-001,MARGIN,,[],False,{}
100000.00,0.00,100000.00,EUR,IDEALPRO-001,MARGIN,,[],False,{}
99999.59,0.00,99999.59,USD,IDEALPRO-001,MARGIN,,[],False,{}
100000.00,0.00,100000.00,EUR,IDEALPRO-001,MARGIN,,[],False,{}
99999.59,0.00,99999.59,USD,IDEALPRO-001,MARGIN,,[],False,{}
100000.00,0.00,100000.00,EUR,IDEALPRO-001,MARGIN,,[],False,{}
99999.59,0.00,99999.59,USD,IDEALPRO-001,MARGIN,,[],False,{}
100000.00,0.00,100000.00,EUR,IDEALPRO-001,MARGIN,,[],False,{}
99999.59,0.00,99999.59,USD,IDEALPRO-001,MARGIN,,[],False,{}
100000.00,0.00,100000.00,EUR,IDEALPRO-001,MARGIN,,[],False,{}
99999.59,2.35,99997.24,USD,IDEALPRO-001,MARGIN,,"[{'type': 'MarginBalance', 'initial': '0.00', 'maintenance': '2.35', 'currency': 'USD', 'instrument_id': 'EUR/USD.IDEALPRO'}]",False,{}
100000.00,0.00,100000.00,EUR,IDEALPRO-001,MARGIN,,"[{'type': 'MarginBalance', 'initial': '0.00', 'maintenance': '2.35', 'currency': 'USD', 'instrument_id': 'EUR/USD.IDEALPRO'}]",False,{}
99999.59,2.35,99997.24,USD,IDEALPRO-001,MARGIN,,"[{'type': 'MarginBalance', 'initial': '0.00', 'maintenance': '2.35', 'currency': 'USD', 'instrument_id': 'EUR/USD.IDEALPRO'}]",False,{}
100000.00,0.00,100000.00,EUR,IDEALPRO-001,MARGIN,,"[{'type': 'MarginBalance', 'initial': '0.00', 'maintenance': '2.35', 'currency': 'USD', 'instrument_id': 'EUR/USD.IDEALPRO'}]",False,{}
99999.59,2.35,99997.24,USD,IDEALPRO-001,MARGIN,,"[{'type': 'MarginBalance', 'initial': '0.00', 'maintenance': '2.35', 'currency': 'USD', 'instrument_id': 'EUR/USD.IDEALPRO'}]",False,{}
100000.00,0.00,100000.00,EUR,IDEALPRO-001,MARGIN,,"[{'type': 'MarginBalance', 'initial': '0.00', 'maintenance': '2.35', 'currency': 'USD', 'instrument_id': 'EUR/USD.IDEALPRO'}]",False,{}
99999.59,2.35,99997.24,USD,IDEALPRO-001,MARGIN,,"[{'type': 'MarginBalance', 'initial': '0.00', 'maintenance': '2.35', 'currency': 'USD', 'instrument_id': 'EUR/USD.IDEALPRO'}]",False,{}
100000.00,0.00,100000.00,EUR,IDEALPRO-001,MARGIN,,"[{'type': 'MarginBalance', 'initial': '0.00', 'maintenance': '2.35', 'currency': 'USD', 'instrument_id': 'EUR/USD.IDEALPRO'}]",False,{}
99999.64,0.00,99999.64,USD,IDEALPRO-001,MARGIN,,[],False,{}
100000.00,0.00,100000.00,EUR,IDEALPRO-001,MARGIN,,[],False,{}
99999.64,0.00,99999.64,USD,IDEALPRO-001,MARGIN,,[],False,{}
100000.00,0.00,100000.00,EUR,IDEALPRO-001,MARGIN,,[],False,{}
99999.64,0.00,99999.64,USD,IDEALPRO-001,MARGIN,,[],False,{}
100000.00,0.00,100000.00,EUR,IDEALPRO-001,MARGIN,,[],False,{}
99999.64,0.00,99999.64,USD,IDEALPRO-001,MARGIN,,[],False,{}
100000.00,0.00,100000.00,EUR,IDEALPRO-001,MARGIN,,[],False,{}
99999.64,0.00,99999.64,USD,IDEALPRO-001,MARGIN,,[],False,{}
100000.00,0.00,100000.00,EUR,IDEALPRO-001,MARGIN,,[],False,{}
99999.64,0.00,99999.64,USD,IDEALPRO-001,MARGIN,,[],False,{}
100000.00,0.00,100000.00,EUR,IDEALPRO-001,MARGIN,,[],False,{}
99999.64,2.35,99997.29,USD,IDEALPRO-001,MARGIN,,"[{'type': 'MarginBalance', 'initial': '0.00', 'maintenance': '2.35', 'currency': 'USD', 'instrument_id': 'EUR/USD.IDEALPRO'}]",False,{}
100000.00,0.00,100000.00,EUR,IDEALPRO-001,MARGIN,,"[{'type': 'MarginBalance', 'initial': '0.00', 'maintenance': '2.35', 'currency': 'USD', 'instrument_id': 'EUR/USD.IDEALPRO'}]",False,{}
99999.64,2.35,99997.29,USD,IDEALPRO-001,MARGIN,,"[{'type': 'MarginBalance', 'initial': '0.00', 'maintenance': '2.35', 'currency': 'USD', 'instrument_id': 'EUR/USD.IDEALPRO'}]",False,{}
100000.00,0.00,100000.00,EUR,IDEALPRO-001,MARGIN,,"[{'type': 'MarginBalance', 'initial': '0.00', 'maintenance': '2.35', 'currency': 'USD', 'instrument_id': 'EUR/USD.IDEALPRO'}]",False,{}
99999.64,2.35,99997.29,USD,IDEALPRO-001,MARGIN,,"[{'type': 'MarginBalance', 'initial': '0.00', 'maintenance': '2.35', 'currency': 'USD', 'instrument_id': 'EUR/USD.IDEALPRO'}]",False,{}
100000.00,0.00,100000.00,EUR,IDEALPRO-001,MARGIN,,"[{'type': 'MarginBalance', 'initial': '0.00', 'maintenance': '2.35', 'currency': 'USD', 'instrument_id': 'EUR/USD.IDEALPRO'}]",False,{}
99999.64,2.35,99997.29,USD,IDEALPRO-001,MARGIN,,"[{'type': 'MarginBalance', 'initial': '0.00', 'maintenance': '2.35', 'currency': 'USD', 'instrument_id': 'EUR/USD.IDEALPRO'}]",False,{}
100000.00,0.00,100000.00,EUR,IDEALPRO-001,MARGIN,,"[{'type': 'MarginBalance', 'initial': '0.00', 'maintenance': '2.35', 'currency': 'USD', 'instrument_id': 'EUR/USD.IDEALPRO'}]",False,{}
99999.73,0.00,99999.73,USD,IDEALPRO-001,MARGIN,,[],False,{}
100000.00,0.00,100000.00,EUR,IDEALPRO-001,MARGIN,,[],False,{}
99999.73,0.00,99999.73,USD,IDEALPRO-001,MARGIN,,[],False,{}
100000.00,0.00,100000.00,EUR,IDEALPRO-001,MARGIN,,[],False,{}
99999.73,0.00,99999.73,USD,IDEALPRO-001,MARGIN,,[],False,{}
100000.00,0.00,100000.00,EUR,IDEALPRO-001,MARGIN,,[],False,{}
99999.73,0.00,99999.73,USD,IDEALPRO-001,MARGIN,,[],False,{}
100000.00,0.00,100000.00,EUR,IDEALPRO-001,MARGIN,,[],False,{}
99999.73,0.00,99999.73,USD,IDEALPRO-001,MARGIN,,[],False,{}
100000.00,0.00,100000.00,EUR,IDEALPRO-001,MARGIN,,[],False,{}
99999.73,0.00,99999.73,USD,IDEALPRO-001,MARGIN,,[],False,{}
100000.00,0.00,100000.00,EUR,IDEALPRO-001,MARGIN,,[],False,{}
99999.73,2.34,99997.39,USD,IDEALPRO-001,MARGIN,,"[{'type': 'MarginBalance', 'initial': '0.00', 'maintenance': '2.34', 'currency': 'USD', 'instrument_id': 'EUR/USD.IDEALPRO'}]",False,{}
100000.00,0.00,100000.00,EUR,IDEALPRO-001,MARGIN,,"[{'type': 'MarginBalance', 'initial': '0.00', 'maintenance': '2.34', 'currency': 'USD', 'instrument_id': 'EUR/USD.IDEALPRO'}]",False,{}
99999.73,2.34,99997.39,USD,IDEALPRO-001,MARGIN,,"[{'type': 'MarginBalance', 'initial': '0.00', 'maintenance': '2.34', 'currency': 'USD', 'instrument_id': 'EUR/USD.IDEALPRO'}]",False,{}
100000.00,0.00,100000.00,EUR,IDEALPRO-001,MARGIN,,"[{'type': 'MarginBalance', 'initial': '0.00', 'maintenance': '2.34', 'currency': 'USD', 'instrument_id': 'EUR/USD.IDEALPRO'}]",False,{}
99999.73,2.34,99997.39,USD,IDEALPRO-001,MARGIN,,"[{'type': 'MarginBalance', 'initial': '0.00', 'maintenance': '2.34', 'currency': 'USD', 'instrument_id': 'EUR/USD.IDEALPRO'}]",False,{}
100000.00,0.00,100000.00,EUR,IDEALPRO-001,MARGIN,,"[{'type': 'MarginBalance', 'initial': '0.00', 'maintenance': '2.34', 'currency': 'USD', 'instrument_id': 'EUR/USD.IDEALPRO'}]",False,{}
99999.73,2.34,99997.39,USD,IDEALPRO-001,MARGIN,,"[{'type': 'MarginBalance', 'initial': '0.00', 'maintenance': '2.34', 'currency': 'USD', 'instrument_id': 'EUR/USD.IDEALPRO'}]",False,{}
100000.00,0.00,100000.00,EUR,IDEALPRO-001,MARGIN,,"[{'type': 'MarginBalance', 'initial': '0.00', 'maintenance': '2.34', 'currency': 'USD', 'instrument_id': 'EUR/USD.IDEALPRO'}]",False,{}
99999.71,0.00,99999.71,USD,IDEALPRO-001,MARGIN,,[],False,{}
100000.00,0.00,100000.00,EUR,IDEALPRO-001,MARGIN,,[],False,{}
99999.71,0.00,99999.71,USD,IDEALPRO-001,MARGIN,,[],False,{}
100000.00,0.00,100000.00,EUR,IDEALPRO-001,MARGIN,,[],False,{}
99999.71,0.00,99999.71,USD,IDEALPRO-001,MARGIN,,[],False,{}
100000.00,0.00,100000.00,EUR,IDEALPRO-001,MARGIN,,[],False,{}
99999.71,0.00,99999.71,USD,IDEALPRO-001,MARGIN,,[],False,{}
100000.00,0.00,100000.00,EUR,IDEALPRO-001,MARGIN,,[],False,{}
99999.71,0.00,99999.71,USD,IDEALPRO-001,MARGIN,,[],False,{}
100000.00,0.00,100000.00,EUR,IDEALPRO-001,MARGIN,,[],False,{}
99999.71,0.00,99999.71,USD,IDEALPRO-001,MARGIN,,[],False,{}
100000.00,0.00,100000.00,EUR,IDEALPRO-001,MARGIN,,[],False,{}
99999.71,2.35,99997.36,USD,IDEALPRO-001,MARGIN,,"[{'type': 'MarginBalance', 'initial': '0.00', 'maintenance': '2.35', 'currency': 'USD', 'instrument_id': 'EUR/USD.IDEALPRO'}]",False,{}
100000.00,0.00,100000.00,EUR,IDEALPRO-001,MARGIN,,"[{'type': 'MarginBalance', 'initial': '0.00', 'maintenance': '2.35', 'currency': 'USD', 'instrument_id': 'EUR/USD.IDEALPRO'}]",False,{}
99999.71,2.35,99997.36,USD,IDEALPRO-001,MARGIN,,"[{'type': 'MarginBalance', 'initial': '0.00', 'maintenance': '2.35', 'currency': 'USD', 'instrument_id': 'EUR/USD.IDEALPRO'}]",False,{}
100000.00,0.00,100000.00,EUR,IDEALPRO-001,MARGIN,,"[{'type': 'MarginBalance', 'initial': '0.00', 'maintenance': '2.35', 'currency': 'USD', 'instrument_id': 'EUR/USD.IDEALPRO'}]",False,{}
99999.71,2.35,99997.36,USD,IDEALPRO-001,MARGIN,,"[{'type': 'MarginBalance', 'initial': '0.00', 'maintenance': '2.35', 'currency': 'USD', 'instrument_id': 'EUR/USD.IDEALPRO'}]",False,{}
100000.00,0.00,100000.00,EUR,IDEALPRO-001,MARGIN,,"[{'type': 'MarginBalance', 'initial': '0.00', 'maintenance': '2.35', 'currency': 'USD', 'instrument_id': 'EUR/USD.IDEALPRO'}]",False,{}
100000.01,0.00,100000.01,USD,IDEALPRO-001,MARGIN,,[],False,{}
100000.00,0.00,100000.00,EUR,IDEALPRO-001,MARGIN,,[],False,{}
100000.01,0.00,100000.01,USD,IDEALPRO-001,MARGIN,,[],False,{}
100000.00,0.00,100000.00,EUR,IDEALPRO-001,MARGIN,,[],False,{}
100000.01,0.00,100000.01,USD,IDEALPRO-001,MARGIN,,[],False,{}
100000.00,0.00,100000.00,EUR,IDEALPRO-001,MARGIN,,[],False,{}
100000.01,0.00,100000.01,USD,IDEALPRO-001,MARGIN,,[],False,{}
100000.00,0.00,100000.00,EUR,IDEALPRO-001,MARGIN,,[],False,{}
100000.01,0.00,100000.01,USD,IDEALPRO-001,MARGIN,,[],False,{}
100000.00,0.00,100000.00,EUR,IDEALPRO-001,MARGIN,,[],False,{}
100000.01,2.34,99997.67,USD,IDEALPRO-001,MARGIN,,"[{'type': 'MarginBalance', 'initial': '0.00', 'maintenance': '2.34', 'currency': 'USD', 'instrument_id': 'EUR/USD.IDEALPRO'}]",False,{}
100000.00,0.00,100000.00,EUR,IDEALPRO-001,MARGIN,,"[{'type': 'MarginBalance', 'initial': '0.00', 'maintenance': '2.34', 'currency': 'USD', 'instrument_id': 'EUR/USD.IDEALPRO'}]",False,{}
100000.01,2.34,99997.67,USD,IDEALPRO-001,MARGIN,,"[{'type': 'MarginBalance', 'initial': '0.00', 'maintenance': '2.34', 'currency': 'USD', 'instrument_id': 'EUR/USD.IDEALPRO'}]",False,{}
100000.00,0.00,100000.00,EUR,IDEALPRO-001,MARGIN,,"[{'type': 'MarginBalance', 'initial': '0.00', 'maintenance': '2.34', 'currency': 'USD', 'instrument_id': 'EUR/USD.IDEALPRO'}]",False,{}
100000.01,2.34,99997.67,USD,IDEALPRO-001,MARGIN,,"[{'type': 'MarginBalance', 'initial': '0.00', 'maintenance': '2.34', 'currency': 'USD', 'instrument_id': 'EUR/USD.IDEALPRO'}]",False,{}
100000.00,0.00,100000.00,EUR,IDEALPRO-001,MARGIN,,"[{'type': 'MarginBalance', 'initial': '0.00', 'maintenance': '2.34', 'currency': 'USD', 'instrument_id': 'EUR/USD.IDEALPRO'}]",False,{}
100000.01,2.34,99997.67,USD,IDEALPRO-001,MARGIN,,"[{'type': 'MarginBalance', 'initial': '0.00', 'maintenance': '2.34', 'currency': 'USD', 'instrument_id': 'EUR/USD.IDEALPRO'}]",False,{}
100000.00,0.00,100000.00,EUR,IDEALPRO-001,MARGIN,,"[{'type': 'MarginBalance', 'initial': '0.00', 'maintenance': '2.34', 'currency': 'USD', 'instrument_id': 'EUR/USD.IDEALPRO'}]",False,{}
100000.01,0.00,100000.01,USD,IDEALPRO-001,MARGIN,,[],False,{}
100000.00,0.00,100000.00,EUR,IDEALPRO-001,MARGIN,,[],False,{}
100000.01,0.00,100000.01,USD,IDEALPRO-001,MARGIN,,[],False,{}
100000.00,0.00,100000.00,EUR,IDEALPRO-001,MARGIN,,[],False,{}
100000.01,0.00,100000.01,USD,IDEALPRO-001,MARGIN,,[],False,{}
100000.00,0.00,100000.00,EUR,IDEALPRO-001,MARGIN,,[],False,{}
100000.01,0.00,100000.01,USD,IDEALPRO-001,MARGIN,,[],False,{}
100000.00,0.00,100000.00,EUR,IDEALPRO-001,MARGIN,,[],False,{}
100000.01,0.00,100000.01,USD,IDEALPRO-001,MARGIN,,[],False,{}
100000.00,0.00,100000.00,EUR,IDEALPRO-001,MARGIN,,[],False,{}
100000.01,0.00,100000.01,USD,IDEALPRO-001,MARGIN,,[],False,{}
100000.00,0.00,100000.00,EUR,IDEALPRO-001,MARGIN,,[],False,{}
100000.01,2.34,99997.67,USD,IDEALPRO-001,MARGIN,,"[{'type': 'MarginBalance', 'initial': '0.00', 'maintenance': '2.34', 'currency': 'USD', 'instrument_id': 'EUR/USD.IDEALPRO'}]",False,{}
100000.00,0.00,100000.00,EUR,IDEALPRO-001,MARGIN,,"[{'type': 'MarginBalance', 'initial': '0.00', 'maintenance': '2.34', 'currency': 'USD', 'instrument_id': 'EUR/USD.IDEALPRO'}]",False,{}
100000.01,2.34,99997.67,USD,IDEALPRO-001,MARGIN,,"[{'type': 'MarginBalance', 'initial': '0.00', 'maintenance': '2.34', 'currency': 'USD', 'instrument_id': 'EUR/USD.IDEALPRO'}]",False,{}
100000.00,0.00,100000.00,EUR,IDEALPRO-001,MARGIN,,"[{'type': 'MarginBalance', 'initial': '0.00', 'maintenance': '2.34', 'currency': 'USD', 'instrument_id': 'EUR/USD.IDEALPRO'}]",False,{}
100000.01,2.34,99997.67,USD,IDEALPRO-001,MARGIN,,"[{'type': 'MarginBalance', 'initial': '0.00', 'maintenance': '2.34', 'currency': 'USD', 'instrument_id': 'EUR/USD.IDEALPRO'}]",False,{}
100000.00,0.00,100000.00,EUR,IDEALPRO-001,MARGIN,,"[{'type': 'MarginBalance', 'initial': '0.00', 'maintenance': '2.34', 'currency': 'USD', 'instrument_id': 'EUR/USD.IDEALPRO'}]",False,{}
100000.01,2.34,99997.67,USD,IDEALPRO-001,MARGIN,,"[{'type': 'MarginBalance', 'initial': '0.00', 'maintenance': '2.34', 'currency': 'USD', 'instrument_id': 'EUR/USD.IDEALPRO'}]",False,{}
100000.00,0.00,100000.00,EUR,IDEALPRO-001,MARGIN,,"[{'type': 'MarginBalance', 'initial': '0.00', 'maintenance': '2.34', 'currency': 'USD', 'instrument_id': 'EUR/USD.IDEALPRO'}]",False,{}
100000.04,0.00,100000.04,USD,IDEALPRO-001,MARGIN,,[],False,{}
100000.00,0.00,100000.00,EUR,IDEALPRO-001,MARGIN,,[],False,{}
100000.04,0.00,100000.04,USD,IDEALPRO-001,MARGIN,,[],False,{}
100000.00,0.00,100000.00,EUR,IDEALPRO-001,MARGIN,,[],False,{}
100000.04,0.00,100000.04,USD,IDEALPRO-001,MARGIN,,[],False,{}
100000.00,0.00,100000.00,EUR,IDEALPRO-001,MARGIN,,[],False,{}
100000.04,0.00,100000.04,USD,IDEALPRO-001,MARGIN,,[],False,{}
100000.00,0.00,100000.00,EUR,IDEALPRO-001,MARGIN,,[],False,{}
100000.04,0.00,100000.04,USD,IDEALPRO-001,MARGIN,,[],False,{}
100000.00,0.00,100000.00,EUR,IDEALPRO-001,MARGIN,,[],False,{}
100000.04,0.00,100000.04,USD,IDEALPRO-001,MARGIN,,[],False,{}
100000.00,0.00,100000.00,EUR,IDEALPRO-001,MARGIN,,[],False,{}
100000.04,2.34,99997.70,USD,IDEALPRO-001,MARGIN,,"[{'type': 'MarginBalance', 'initial': '0.00', 'maintenance': '2.34', 'currency': 'USD', 'instrument_id': 'EUR/USD.IDEALPRO'}]",False,{}
100000.00,0.00,100000.00,EUR,IDEALPRO-001,MARGIN,,"[{'type': 'MarginBalance', 'initial': '0.00', 'maintenance': '2.34', 'currency': 'USD', 'instrument_id': 'EUR/USD.IDEALPRO'}]",False,{}
100000.04,2.34,99997.70,USD,IDEALPRO-001,MARGIN,,"[{'type': 'MarginBalance', 'initial': '0.00', 'maintenance': '2.34', 'currency': 'USD', 'instrument_id': 'EUR/USD.IDEALPRO'}]",False,{}
100000.00,0.00,100000.00,EUR,IDEALPRO-001,MARGIN,,"[{'type': 'MarginBalance', 'initial': '0.00', 'maintenance': '2.34', 'currency': 'USD', 'instrument_id': 'EUR/USD.IDEALPRO'}]",False,{}
100000.04,2.34,99997.70,USD,IDEALPRO-001,MARGIN,,"[{'type': 'MarginBalance', 'initial': '0.00', 'maintenance': '2.34', 'currency': 'USD', 'instrument_id': 'EUR/USD.IDEALPRO'}]",False,{}
100000.00,0.00,100000.00,EUR,IDEALPRO-001,MARGIN,,"[{'type': 'MarginBalance', 'initial': '0.00', 'maintenance': '2.34', 'currency': 'USD', 'instrument_id': 'EUR/USD.IDEALPRO'}]",False,{}
100000.04,2.34,99997.70,USD,IDEALPRO-001,MARGIN,,"[{'type': 'MarginBalance', 'initial': '0.00', 'maintenance': '2.34', 'currency': 'USD', 'instrument_id': 'EUR/USD.IDEALPRO'}]",False,{}
100000.00,0.00,100000.00,EUR,IDEALPRO-001,MARGIN,,"[{'type': 'MarginBalance', 'initial': '0.00', 'maintenance': '2.34', 'currency': 'USD', 'instrument_id': 'EUR/USD.IDEALPRO'}]",False,{}
100000.04,0.00,100000.04,USD,IDEALPRO-001,MARGIN,,[],False,{}
100000.00,0.00,100000.00,EUR,IDEALPRO-001,MARGIN,,[],False,{}
100000.04,0.00,100000.04,USD,IDEALPRO-001,MARGIN,,[],False,{}
100000.00,0.00,100000.00,EUR,IDEALPRO-001,MARGIN,,[],False,{}
100000.04,0.00,100000.04,USD,IDEALPRO-001,MARGIN,,[],False,{}
100000.00,0.00,100000.00,EUR,IDEALPRO-001,MARGIN,,[],False,{}
100000.04,0.00,100000.04,USD,IDEALPRO-001,MARGIN,,[],False,{}
100000.00,0.00,100000.00,EUR,IDEALPRO-001,MARGIN,,[],False,{}
100000.04,0.00,100000.04,USD,IDEALPRO-001,MARGIN,,[],False,{}
100000.00,0.00,100000.00,EUR,IDEALPRO-001,MARGIN,,[],False,{}
100000.04,0.00,100000.04,USD,IDEALPRO-001,MARGIN,,[],False,{}
100000.00,0.00,100000.00,EUR,IDEALPRO-001,MARGIN,,[],False,{}
100000.04,2.34,99997.70,USD,IDEALPRO-001,MARGIN,,"[{'type': 'MarginBalance', 'initial': '0.00', 'maintenance': '2.34', 'currency': 'USD', 'instrument_id': 'EUR/USD.IDEALPRO'}]",False,{}
100000.00,0.00,100000.00,EUR,IDEALPRO-001,MARGIN,,"[{'type': 'MarginBalance', 'initial': '0.00', 'maintenance': '2.34', 'currency': 'USD', 'instrument_id': 'EUR/USD.IDEALPRO'}]",False,{}
100000.04,2.34,99997.70,USD,IDEALPRO-001,MARGIN,,"[{'type': 'MarginBalance', 'initial': '0.00', 'maintenance': '2.34', 'currency': 'USD', 'instrument_id': 'EUR/USD.IDEALPRO'}]",False,{}
100000.00,0.00,100000.00,EUR,IDEALPRO-001,MARGIN,,"[{'type': 'MarginBalance', 'initial': '0.00', 'maintenance': '2.34', 'currency': 'USD', 'instrument_id': 'EUR/USD.IDEALPRO'}]",False,{}
100000.04,2.34,99997.70,USD,IDEALPRO-001,MARGIN,,"[{'type': 'MarginBalance', 'initial': '0.00', 'maintenance': '2.34', 'currency': 'USD', 'instrument_id': 'EUR/USD.IDEALPRO'}]",False,{}
100000.00,0.00,100000.00,EUR,IDEALPRO-001,MARGIN,,"[{'type': 'MarginBalance', 'initial': '0.00', 'maintenance': '2.34', 'currency': 'USD', 'instrument_id': 'EUR/USD.IDEALPRO'}]",False,{}
100000.04,2.34,99997.70,USD,IDEALPRO-001,MARGIN,,"[{'type': 'MarginBalance', 'initial': '0.00', 'maintenance': '2.34', 'currency': 'USD', 'instrument_id': 'EUR/USD.IDEALPRO'}]",False,{}
100000.00,0.00,100000.00,EUR,IDEALPRO-001,MARGIN,,"[{'type': 'MarginBalance', 'initial': '0.00', 'maintenance': '2.34', 'currency': 'USD', 'instrument_id': 'EUR/USD.IDEALPRO'}]",False,{}
100000.05,0.00,100000.05,USD,IDEALPRO-001,MARGIN,,[],False,{}
100000.00,0.00,100000.00,EUR,IDEALPRO-001,MARGIN,,[],False,{}
100000.05,0.00,100000.05,USD,IDEALPRO-001,MARGIN,,[],False,{}
100000.00,0.00,100000.00,EUR,IDEALPRO-001,MARGIN,,[],False,{}
100000.05,0.00,100000.05,USD,IDEALPRO-001,MARGIN,,[],False,{}
100000.00,0.00,100000.00,EUR,IDEALPRO-001,MARGIN,,[],False,{}
100000.05,0.00,100000.05,USD,IDEALPRO-001,MARGIN,,[],False,{}
100000.00,0.00,100000.00,EUR,IDEALPRO-001,MARGIN,,[],False,{}
100000.05,0.00,100000.05,USD,IDEALPRO-001,MARGIN,,[],False,{}
100000.00,0.00,100000.00,EUR,IDEALPRO-001,MARGIN,,[],False,{}
100000.05,0.00,100000.05,USD,IDEALPRO-001,MARGIN,,[],False,{}
100000.00,0.00,100000.00,EUR,IDEALPRO-001,MARGIN,,[],False,{}
100000.05,2.35,99997.70,USD,IDEALPRO-001,MARGIN,,"[{'type': 'MarginBalance', 'initial': '0.00', 'maintenance': '2.35', 'currency': 'USD', 'instrument_id': 'EUR/USD.IDEALPRO'}]",False,{}
100000.00,0.00,100000.00,EUR,IDEALPRO-001,MARGIN,,"[{'type': 'MarginBalance', 'initial': '0.00', 'maintenance': '2.35', 'currency': 'USD', 'instrument_id': 'EUR/USD.IDEALPRO'}]",False,{}
100000.05,2.34,99997.71,USD,IDEALPRO-001,MARGIN,,"[{'type': 'MarginBalance', 'initial': '0.00', 'maintenance': '2.34', 'currency': 'USD', 'instrument_id': 'EUR/USD.IDEALPRO'}]",False,{}
100000.00,0.00,100000.00,EUR,IDEALPRO-001,MARGIN,,"[{'type': 'MarginBalance', 'initial': '0.00', 'maintenance': '2.34', 'currency': 'USD', 'instrument_id': 'EUR/USD.IDEALPRO'}]",False,{}
100000.05,2.34,99997.71,USD,IDEALPRO-001,MARGIN,,"[{'type': 'MarginBalance', 'initial': '0.00', 'maintenance': '2.34', 'currency': 'USD', 'instrument_id': 'EUR/USD.IDEALPRO'}]",False,{}
100000.00,0.00,100000.00,EUR,IDEALPRO-001,MARGIN,,"[{'type': 'MarginBalance', 'initial': '0.00', 'maintenance': '2.34', 'currency': 'USD', 'instrument_id': 'EUR/USD.IDEALPRO'}]",False,{}
99999.99,0.00,99999.99,USD,IDEALPRO-001,MARGIN,,[],False,{}
100000.00,0.00,100000.00,EUR,IDEALPRO-001,MARGIN,,[],False,{}
99999.99,0.00,99999.99,USD,IDEALPRO-001,MARGIN,,[],False,{}
100000.00,0.00,100000.00,EUR,IDEALPRO-001,MARGIN,,[],False,{}
99999.99,0.00,99999.99,USD,IDEALPRO-001,MARGIN,,[],False,{}
100000.00,0.00,100000.00,EUR,IDEALPRO-001,MARGIN,,[],False,{}
99999.99,0.00,99999.99,USD,IDEALPRO-001,MARGIN,,[],False,{}
100000.00,0.00,100000.00,EUR,IDEALPRO-001,MARGIN,,[],False,{}
99999.99,0.00,99999.99,USD,IDEALPRO-001,MARGIN,,[],False,{}
100000.00,0.00,100000.00,EUR,IDEALPRO-001,MARGIN,,[],False,{}
99999.99,2.34,99997.65,USD,IDEALPRO-001,MARGIN,,"[{'type': 'MarginBalance', 'initial': '0.00', 'maintenance': '2.34', 'currency': 'USD', 'instrument_id': 'EUR/USD.IDEALPRO'}]",False,{}
100000.00,0.00,100000.00,EUR,IDEALPRO-001,MARGIN,,"[{'type': 'MarginBalance', 'initial': '0.00', 'maintenance': '2.34', 'currency': 'USD', 'instrument_id': 'EUR/USD.IDEALPRO'}]",False,{}
99999.99,2.34,99997.65,USD,IDEALPRO-001,MARGIN,,"[{'type': 'MarginBalance', 'initial': '0.00', 'maintenance': '2.34', 'currency': 'USD', 'instrument_id': 'EUR/USD.IDEALPRO'}]",False,{}
100000.00,0.00,100000.00,EUR,IDEALPRO-001,MARGIN,,"[{'type': 'MarginBalance', 'initial': '0.00', 'maintenance': '2.34', 'currency': 'USD', 'instrument_id': 'EUR/USD.IDEALPRO'}]",False,{}
99999.99,2.34,99997.65,USD,IDEALPRO-001,MARGIN,,"[{'type': 'MarginBalance', 'initial': '0.00', 'maintenance': '2.34', 'currency': 'USD', 'instrument_id': 'EUR/USD.IDEALPRO'}]",False,{}
100000.00,0.00,100000.00,EUR,IDEALPRO-001,MARGIN,,"[{'type': 'MarginBalance', 'initial': '0.00', 'maintenance': '2.34', 'currency': 'USD', 'instrument_id': 'EUR/USD.IDEALPRO'}]",False,{}
99999.99,2.34,99997.65,USD,IDEALPRO-001,MARGIN,,"[{'type': 'MarginBalance', 'initial': '0.00', 'maintenance': '2.34', 'currency': 'USD', 'instrument_id': 'EUR/USD.IDEALPRO'}]",False,{}
100000.00,0.00,100000.00,EUR,IDEALPRO-001,MARGIN,,"[{'type': 'MarginBalance', 'initial': '0.00', 'maintenance': '2.34', 'currency': 'USD', 'instrument_id': 'EUR/USD.IDEALPRO'}]",False,{}
100000.00,0.00,100000.00,USD,IDEALPRO-001,MARGIN,,[],False,{}
100000.00,0.00,100000.00,EUR,IDEALPRO-001,MARGIN,,[],False,{}
100000.00,0.00,100000.00,USD,IDEALPRO-001,MARGIN,,[],False,{}
100000.00,0.00,100000.00,EUR,IDEALPRO-001,MARGIN,,[],False,{}
100000.00,0.00,100000.00,USD,IDEALPRO-001,MARGIN,,[],False,{}
100000.00,0.00,100000.00,EUR,IDEALPRO-001,MARGIN,,[],False,{}
100000.00,0.00,100000.00,USD,IDEALPRO-001,MARGIN,,[],False,{}
100000.00,0.00,100000.00,EUR,IDEALPRO-001,MARGIN,,[],False,{}
100000.00,0.00,100000.00,USD,IDEALPRO-001,MARGIN,,[],False,{}
100000.00,0.00,100000.00,EUR,IDEALPRO-001,MARGIN,,[],False,{}
100000.00,0.00,100000.00,USD,IDEALPRO-001,MARGIN,,[],False,{}
100000.00,0.00,100000.00,EUR,IDEALPRO-001,MARGIN,,[],False,{}
100000.00,2.34,99997.66,USD,IDEALPRO-001,MARGIN,,"[{'type': 'MarginBalance', 'initial': '0.00', 'maintenance': '2.34', 'currency': 'USD', 'instrument_id': 'EUR/USD.IDEALPRO'}]",False,{}
100000.00,0.00,100000.00,EUR,IDEALPRO-001,MARGIN,,"[{'type': 'MarginBalance', 'initial': '0.00', 'maintenance': '2.34', 'currency': 'USD', 'instrument_id': 'EUR/USD.IDEALPRO'}]",False,{}
100000.00,2.34,99997.66,USD,IDEALPRO-001,MARGIN,,"[{'type': 'MarginBalance', 'initial': '0.00', 'maintenance': '2.34', 'currency': 'USD', 'instrument_id': 'EUR/USD.IDEALPRO'}]",False,{}
100000.00,0.00,100000.00,EUR,IDEALPRO-001,MARGIN,,"[{'type': 'MarginBalance', 'initial': '0.00', 'maintenance': '2.34', 'currency': 'USD', 'instrument_id': 'EUR/USD.IDEALPRO'}]",False,{}
100000.00,2.34,99997.66,USD,IDEALPRO-001,MARGIN,,"[{'type': 'MarginBalance', 'initial': '0.00', 'maintenance': '2.34', 'currency': 'USD', 'instrument_id': 'EUR/USD.IDEALPRO'}]",False,{}
100000.00,0.00,100000.00,EUR,IDEALPRO-001,MARGIN,,"[{'type': 'MarginBalance', 'initial': '0.00', 'maintenance': '2.34', 'currency': 'USD', 'instrument_id': 'EUR/USD.IDEALPRO'}]",False,{}
100000.00,2.34,99997.66,USD,IDEALPRO-001,MARGIN,,"[{'type': 'MarginBalance', 'initial': '0.00', 'maintenance': '2.34', 'currency': 'USD', 'instrument_id': 'EUR/USD.IDEALPRO'}]",False,{}
100000.00,0.00,100000.00,EUR,IDEALPRO-001,MARGIN,,"[{'type': 'MarginBalance', 'initial': '0.00', 'maintenance': '2.34', 'currency': 'USD', 'instrument_id': 'EUR/USD.IDEALPRO'}]",False,{}
100000.01,0.00,100000.01,USD,IDEALPRO-001,MARGIN,,[],False,{}
100000.00,0.00,100000.00,EUR,IDEALPRO-001,MARGIN,,[],False,{}
100000.01,0.00,100000.01,USD,IDEALPRO-001,MARGIN,,[],False,{}
100000.00,0.00,100000.00,EUR,IDEALPRO-001,MARGIN,,[],False,{}
100000.01,0.00,100000.01,USD,IDEALPRO-001,MARGIN,,[],False,{}
100000.00,0.00,100000.00,EUR,IDEALPRO-001,MARGIN,,[],False,{}
100000.01,0.00,100000.01,USD,IDEALPRO-001,MARGIN,,[],False,{}
100000.00,0.00,100000.00,EUR,IDEALPRO-001,MARGIN,,[],False,{}
100000.01,0.00,100000.01,USD,IDEALPRO-001,MARGIN,,[],False,{}
100000.00,0.00,100000.00,EUR,IDEALPRO-001,MARGIN,,[],False,{}
100000.01,0.00,100000.01,USD,IDEALPRO-001,MARGIN,,[],False,{}
100000.00,0.00,100000.00,EUR,IDEALPRO-001,MARGIN,,[],False,{}
100000.01,2.35,99997.66,USD,IDEALPRO-001,MARGIN,,"[{'type': 'MarginBalance', 'initial': '0.00', 'maintenance': '2.35', 'currency': 'USD', 'instrument_id': 'EUR/USD.IDEALPRO'}]",False,{}
100000.00,0.00,100000.00,EUR,IDEALPRO-001,MARGIN,,"[{'type': 'MarginBalance', 'initial': '0.00', 'maintenance': '2.35', 'currency': 'USD', 'instrument_id': 'EUR/USD.IDEALPRO'}]",False,{}
100000.01,2.35,99997.66,USD,IDEALPRO-001,MARGIN,,"[{'type': 'MarginBalance', 'initial': '0.00', 'maintenance': '2.35', 'currency': 'USD', 'instrument_id': 'EUR/USD.IDEALPRO'}]",False,{}
100000.00,0.00,100000.00,EUR,IDEALPRO-001,MARGIN,,"[{'type': 'MarginBalance', 'initial': '0.00', 'maintenance': '2.35', 'currency': 'USD', 'instrument_id': 'EUR/USD.IDEALPRO'}]",False,{}
100000.01,2.35,99997.66,USD,IDEALPRO-001,MARGIN,,"[{'type': 'MarginBalance', 'initial': '0.00', 'maintenance': '2.35', 'currency': 'USD', 'instrument_id': 'EUR/USD.IDEALPRO'}]",False,{}
100000.00,0.00,100000.00,EUR,IDEALPRO-001,MARGIN,,"[{'type': 'MarginBalance', 'initial': '0.00', 'maintenance': '2.35', 'currency': 'USD', 'instrument_id': 'EUR/USD.IDEALPRO'}]",False,{}
100000.01,2.35,99997.66,USD,IDEALPRO-001,MARGIN,,"[{'type': 'MarginBalance', 'initial': '0.00', 'maintenance': '2.35', 'currency': 'USD', 'instrument_id': 'EUR/USD.IDEALPRO'}]",False,{}
100000.00,0.00,100000.00,EUR,IDEALPRO-001,MARGIN,,"[{'type': 'MarginBalance', 'initial': '0.00', 'maintenance': '2.35', 'currency': 'USD', 'instrument_id': 'EUR/USD.IDEALPRO'}]",False,{}
99999.99,0.00,99999.99,USD,IDEALPRO-001,MARGIN,,[],False,{}
100000.00,0.00,100000.00,EUR,IDEALPRO-001,MARGIN,,[],False,{}
99999.99,0.00,99999.99,USD,IDEALPRO-001,MARGIN,,[],False,{}
100000.00,0.00,100000.00,EUR,IDEALPRO-001,MARGIN,,[],False,{}
99999.99,0.00,99999.99,USD,IDEALPRO-001,MARGIN,,[],False,{}
100000.00,0.00,100000.00,EUR,IDEALPRO-001,MARGIN,,[],False,{}
99999.99,0.00,99999.99,USD,IDEALPRO-001,MARGIN,,[],False,{}
100000.00,0.00,100000.00,EUR,IDEALPRO-001,MARGIN,,[],False,{}
99999.99,0.00,99999.99,USD,IDEALPRO-001,MARGIN,,[],False,{}
100000.00,0.00,100000.00,EUR,IDEALPRO-001,MARGIN,,[],False,{}
99999.99,0.00,99999.99,USD,IDEALPRO-001,MARGIN,,[],False,{}
100000.00,0.00,100000.00,EUR,IDEALPRO-001,MARGIN,,[],False,{}
99999.99,2.35,99997.64,USD,IDEALPRO-001,MARGIN,,"[{'type': 'MarginBalance', 'initial': '0.00', 'maintenance': '2.35', 'currency': 'USD', 'instrument_id': 'EUR/USD.IDEALPRO'}]",False,{}
100000.00,0.00,100000.00,EUR,IDEALPRO-001,MARGIN,,"[{'type': 'MarginBalance', 'initial': '0.00', 'maintenance': '2.35', 'currency': 'USD', 'instrument_id': 'EUR/USD.IDEALPRO'}]",False,{}
99999.99,2.35,99997.64,USD,IDEALPRO-001,MARGIN,,"[{'type': 'MarginBalance', 'initial': '0.00', 'maintenance': '2.35', 'currency': 'USD', 'instrument_id': 'EUR/USD.IDEALPRO'}]",False,{}
100000.00,0.00,100000.00,EUR,IDEALPRO-001,MARGIN,,"[{'type': 'MarginBalance', 'initial': '0.00', 'maintenance': '2.35', 'currency': 'USD', 'instrument_id': 'EUR/USD.IDEALPRO'}]",False,{}
99999.99,2.35,99997.64,USD,IDEALPRO-001,MARGIN,,"[{'type': 'MarginBalance', 'initial': '0.00', 'maintenance': '2.35', 'currency': 'USD', 'instrument_id': 'EUR/USD.IDEALPRO'}]",False,{}
100000.00,0.00,100000.00,EUR,IDEALPRO-001,MARGIN,,"[{'type': 'MarginBalance', 'initial': '0.00', 'maintenance': '2.35', 'currency': 'USD', 'instrument_id': 'EUR/USD.IDEALPRO'}]",False,{}
99999.99,2.35,99997.64,USD,IDEALPRO-001,MARGIN,,"[{'type': 'MarginBalance', 'initial': '0.00', 'maintenance': '2.35', 'currency': 'USD', 'instrument_id': 'EUR/USD.IDEALPRO'}]",False,{}
100000.00,0.00,100000.00,EUR,IDEALPRO-001,MARGIN,,"[{'type': 'MarginBalance', 'initial': '0.00', 'maintenance': '2.35', 'currency': 'USD', 'instrument_id': 'EUR/USD.IDEALPRO'}]",False,{}
99999.95,0.00,99999.95,USD,IDEALPRO-001,MARGIN,,[],False,{}
100000.00,0.00,100000.00,EUR,IDEALPRO-001,MARGIN,,[],False,{}
99999.95,0.00,99999.95,USD,IDEALPRO-001,MARGIN,,[],False,{}
100000.00,0.00,100000.00,EUR,IDEALPRO-001,MARGIN,,[],False,{}
99999.95,0.00,99999.95,USD,IDEALPRO-001,MARGIN,,[],False,{}
100000.00,0.00,100000.00,EUR,IDEALPRO-001,MARGIN,,[],False,{}
99999.95,0.00,99999.95,USD,IDEALPRO-001,MARGIN,,[],False,{}
100000.00,0.00,100000.00,EUR,IDEALPRO-001,MARGIN,,[],False,{}
99999.95,0.00,99999.95,USD,IDEALPRO-001,MARGIN,,[],False,{}
100000.00,0.00,100000.00,EUR,IDEALPRO-001,MARGIN,,[],False,{}
99999.95,0.00,99999.95,USD,IDEALPRO-001,MARGIN,,[],False,{}
100000.00,0.00,100000.00,EUR,IDEALPRO-001,MARGIN,,[],False,{}
99999.95,2.35,99997.60,USD,IDEALPRO-001,MARGIN,,"[{'type': 'MarginBalance', 'initial': '0.00', 'maintenance': '2.35', 'currency': 'USD', 'instrument_id': 'EUR/USD.IDEALPRO'}]",False,{}
100000.00,0.00,100000.00,EUR,IDEALPRO-001,MARGIN,,"[{'type': 'MarginBalance', 'initial': '0.00', 'maintenance': '2.35', 'currency': 'USD', 'instrument_id': 'EUR/USD.IDEALPRO'}]",False,{}
99999.95,2.35,99997.60,USD,IDEALPRO-001,MARGIN,,"[{'type': 'MarginBalance', 'initial': '0.00', 'maintenance': '2.35', 'currency': 'USD', 'instrument_id': 'EUR/USD.IDEALPRO'}]",False,{}
100000.00,0.00,100000.00,EUR,IDEALPRO-001,MARGIN,,"[{'type': 'MarginBalance', 'initial': '0.00', 'maintenance': '2.35', 'currency': 'USD', 'instrument_id': 'EUR/USD.IDEALPRO'}]",False,{}
99999.95,2.35,99997.60,USD,IDEALPRO-001,MARGIN,,"[{'type': 'MarginBalance', 'initial': '0.00', 'maintenance': '2.35', 'currency': 'USD', 'instrument_id': 'EUR/USD.IDEALPRO'}]",False,{}
100000.00,0.00,100000.00,EUR,IDEALPRO-001,MARGIN,,"[{'type': 'MarginBalance', 'initial': '0.00', 'maintenance': '2.35', 'currency': 'USD', 'instrument_id': 'EUR/USD.IDEALPRO'}]",False,{}
99999.95,2.35,99997.60,USD,IDEALPRO-001,MARGIN,,"[{'type': 'MarginBalance', 'initial': '0.00', 'maintenance': '2.35', 'currency': 'USD', 'instrument_id': 'EUR/USD.IDEALPRO'}]",False,{}
100000.00,0.00,100000.00,EUR,IDEALPRO-001,MARGIN,,"[{'type': 'MarginBalance', 'initial': '0.00', 'maintenance': '2.35', 'currency': 'USD', 'instrument_id': 'EUR/USD.IDEALPRO'}]",False,{}
99999.93,0.00,99999.93,USD,IDEALPRO-001,MARGIN,,[],False,{}
100000.00,0.00,100000.00,EUR,IDEALPRO-001,MARGIN,,[],False,{}
99999.93,0.00,99999.93,USD,IDEALPRO-001,MARGIN,,[],False,{}
100000.00,0.00,100000.00,EUR,IDEALPRO-001,MARGIN,,[],False,{}
99999.93,0.00,99999.93,USD,IDEALPRO-001,MARGIN,,[],False,{}
100000.00,0.00,100000.00,EUR,IDEALPRO-001,MARGIN,,[],False,{}
99999.93,0.00,99999.93,USD,IDEALPRO-001,MARGIN,,[],False,{}
100000.00,0.00,100000.00,EUR,IDEALPRO-001,MARGIN,,[],False,{}
99999.93,0.00,99999.93,USD,IDEALPRO-001,MARGIN,,[],False,{}
100000.00,0.00,100000.00,EUR,IDEALPRO-001,MARGIN,,[],False,{}
99999.93,0.00,99999.93,USD,IDEALPRO-001,MARGIN,,[],False,{}
100000.00,0.00,100000.00,EUR,IDEALPRO-001,MARGIN,,[],False,{}
99999.93,2.35,99997.58,USD,IDEALPRO-001,MARGIN,,"[{'type': 'MarginBalance', 'initial': '0.00', 'maintenance': '2.35', 'currency': 'USD', 'instrument_id': 'EUR/USD.IDEALPRO'}]",False,{}
100000.00,0.00,100000.00,EUR,IDEALPRO-001,MARGIN,,"[{'type': 'MarginBalance', 'initial': '0.00', 'maintenance': '2.35', 'currency': 'USD', 'instrument_id': 'EUR/USD.IDEALPRO'}]",False,{}
99999.93,2.35,99997.58,USD,IDEALPRO-001,MARGIN,,"[{'type': 'MarginBalance', 'initial': '0.00', 'maintenance': '2.35', 'currency': 'USD', 'instrument_id': 'EUR/USD.IDEALPRO'}]",False,{}
100000.00,0.00,100000.00,EUR,IDEALPRO-001,MARGIN,,"[{'type': 'MarginBalance', 'initial': '0.00', 'maintenance': '2.35', 'currency': 'USD', 'instrument_id': 'EUR/USD.IDEALPRO'}]",False,{}
99999.93,2.35,99997.58,USD,IDEALPRO-001,MARGIN,,"[{'type': 'MarginBalance', 'initial': '0.00', 'maintenance': '2.35', 'currency': 'USD', 'instrument_id': 'EUR/USD.IDEALPRO'}]",False,{}
100000.00,0.00,100000.00,EUR,IDEALPRO-001,MARGIN,,"[{'type': 'MarginBalance', 'initial': '0.00', 'maintenance': '2.35', 'currency': 'USD', 'instrument_id': 'EUR/USD.IDEALPRO'}]",False,{}
99999.93,2.35,99997.58,USD,IDEALPRO-001,MARGIN,,"[{'type': 'MarginBalance', 'initial': '0.00', 'maintenance': '2.35', 'currency': 'USD', 'instrument_id': 'EUR/USD.IDEALPRO'}]",False,{}
100000.00,0.00,100000.00,EUR,IDEALPRO-001,MARGIN,,"[{'type': 'MarginBalance', 'initial': '0.00', 'maintenance': '2.35', 'currency': 'USD', 'instrument_id': 'EUR/USD.IDEALPRO'}]",False,{}
99999.90,0.00,99999.90,USD,IDEALPRO-001,MARGIN,,[],False,{}
100000.00,0.00,100000.00,EUR,IDEALPRO-001,MARGIN,,[],False,{}
99999.90,0.00,99999.90,USD,IDEALPRO-001,MARGIN,,[],False,{}
100000.00,0.00,100000.00,EUR,IDEALPRO-001,MARGIN,,[],False,{}
99999.90,0.00,99999.90,USD,IDEALPRO-001,MARGIN,,[],False,{}
100000.00,0.00,100000.00,EUR,IDEALPRO-001,MARGIN,,[],False,{}
99999.90,0.00,99999.90,USD,IDEALPRO-001,MARGIN,,[],False,{}
100000.00,0.00,100000.00,EUR,IDEALPRO-001,MARGIN,,[],False,{}
99999.90,0.00,99999.90,USD,IDEALPRO-001,MARGIN,,[],False,{}
100000.00,0.00,100000.00,EUR,IDEALPRO-001,MARGIN,,[],False,{}
99999.90,0.00,99999.90,USD,IDEALPRO-001,MARGIN,,[],False,{}
100000.00,0.00,100000.00,EUR,IDEALPRO-001,MARGIN,,[],False,{}
99999.90,2.35,99997.55,USD,IDEALPRO-001,MARGIN,,"[{'type': 'MarginBalance', 'initial': '0.00', 'maintenance': '2.35', 'currency': 'USD', 'instrument_id': 'EUR/USD.IDEALPRO'}]",False,{}
100000.00,0.00,100000.00,EUR,IDEALPRO-001,MARGIN,,"[{'type': 'MarginBalance', 'initial': '0.00', 'maintenance': '2.35', 'currency': 'USD', 'instrument_id': 'EUR/USD.IDEALPRO'}]",False,{}
99999.90,2.35,99997.55,USD,IDEALPRO-001,MARGIN,,"[{'type': 'MarginBalance', 'initial': '0.00', 'maintenance': '2.35', 'currency': 'USD', 'instrument_id': 'EUR/USD.IDEALPRO'}]",False,{}
100000.00,0.00,100000.00,EUR,IDEALPRO-001,MARGIN,,"[{'type': 'MarginBalance', 'initial': '0.00', 'maintenance': '2.35', 'currency': 'USD', 'instrument_id': 'EUR/USD.IDEALPRO'}]",False,{}
99999.90,2.35,99997.55,USD,IDEALPRO-001,MARGIN,,"[{'type': 'MarginBalance', 'initial': '0.00', 'maintenance': '2.35', 'currency': 'USD', 'instrument_id': 'EUR/USD.IDEALPRO'}]",False,{}
100000.00,0.00,100000.00,EUR,IDEALPRO-001,MARGIN,,"[{'type': 'MarginBalance', 'initial': '0.00', 'maintenance': '2.35', 'currency': 'USD', 'instrument_id': 'EUR/USD.IDEALPRO'}]",False,{}
99999.90,2.35,99997.55,USD,IDEALPRO-001,MARGIN,,"[{'type': 'MarginBalance', 'initial': '0.00', 'maintenance': '2.35', 'currency': 'USD', 'instrument_id': 'EUR/USD.IDEALPRO'}]",False,{}
100000.00,0.00,100000.00,EUR,IDEALPRO-001,MARGIN,,"[{'type': 'MarginBalance', 'initial': '0.00', 'maintenance': '2.35', 'currency': 'USD', 'instrument_id': 'EUR/USD.IDEALPRO'}]",False,{}
99999.90,0.00,99999.90,USD,IDEALPRO-001,MARGIN,,[],False,{}
100000.00,0.00,100000.00,EUR,IDEALPRO-001,MARGIN,,[],False,{}
99999.90,0.00,99999.90,USD,IDEALPRO-001,MARGIN,,[],False,{}
100000.00,0.00,100000.00,EUR,IDEALPRO-001,MARGIN,,[],False,{}
99999.90,0.00,99999.90,USD,IDEALPRO-001,MARGIN,,[],False,{}
100000.00,0.00,100000.00,EUR,IDEALPRO-001,MARGIN,,[],False,{}
99999.90,0.00,99999.90,USD,IDEALPRO-001,MARGIN,,[],False,{}
100000.00,0.00,100000.00,EUR,IDEALPRO-001,MARGIN,,[],False,{}
99999.90,0.00,99999.90,USD,IDEALPRO-001,MARGIN,,[],False,{}
100000.00,0.00,100000.00,EUR,IDEALPRO-001,MARGIN,,[],False,{}
99999.90,0.00,99999.90,USD,IDEALPRO-001,MARGIN,,[],False,{}
100000.00,0.00,100000.00,EUR,IDEALPRO-001,MARGIN,,[],False,{}
99999.90,2.35,99997.55,USD,IDEALPRO-001,MARGIN,,"[{'type': 'MarginBalance', 'initial': '0.00', 'maintenance': '2.35', 'currency': 'USD', 'instrument_id': 'EUR/USD.IDEALPRO'}]",False,{}
100000.00,0.00,100000.00,EUR,IDEALPRO-001,MARGIN,,"[{'type': 'MarginBalance', 'initial': '0.00', 'maintenance': '2.35', 'currency': 'USD', 'instrument_id': 'EUR/USD.IDEALPRO'}]",False,{}
99999.90,2.35,99997.55,USD,IDEALPRO-001,MARGIN,,"[{'type': 'MarginBalance', 'initial': '0.00', 'maintenance': '2.35', 'currency': 'USD', 'instrument_id': 'EUR/USD.IDEALPRO'}]",False,{}
100000.00,0.00,100000.00,EUR,IDEALPRO-001,MARGIN,,"[{'type': 'MarginBalance', 'initial': '0.00', 'maintenance': '2.35', 'currency': 'USD', 'instrument_id': 'EUR/USD.IDEALPRO'}]",False,{}
99999.90,2.35,99997.55,USD,IDEALPRO-001,MARGIN,,"[{'type': 'MarginBalance', 'initial': '0.00', 'maintenance': '2.35', 'currency': 'USD', 'instrument_id': 'EUR/USD.IDEALPRO'}]",False,{}
100000.00,0.00,100000.00,EUR,IDEALPRO-001,MARGIN,,"[{'type': 'MarginBalance', 'initial': '0.00', 'maintenance': '2.35', 'currency': 'USD', 'instrument_id': 'EUR/USD.IDEALPRO'}]",False,{}
99999.90,2.35,99997.55,USD,IDEALPRO-001,MARGIN,,"[{'type': 'MarginBalance', 'initial': '0.00', 'maintenance': '2.35', 'currency': 'USD', 'instrument_id': 'EUR/USD.IDEALPRO'}]",False,{}
100000.00,0.00,100000.00,EUR,IDEALPRO-001,MARGIN,,"[{'type': 'MarginBalance', 'initial': '0.00', 'maintenance': '2.35', 'currency': 'USD', 'instrument_id': 'EUR/USD.IDEALPRO'}]",False,{}
99999.93,0.00,99999.93,USD,IDEALPRO-001,MARGIN,,[],False,{}
100000.00,0.00,100000.00,EUR,IDEALPRO-001,MARGIN,,[],False,{}
99999.93,0.00,99999.93,USD,IDEALPRO-001,MARGIN,,[],False,{}
100000.00,0.00,100000.00,EUR,IDEALPRO-001,MARGIN,,[],False,{}
99999.93,0.00,99999.93,USD,IDEALPRO-001,MARGIN,,[],False,{}
100000.00,0.00,100000.00,EUR,IDEALPRO-001,MARGIN,,[],False,{}
99999.93,0.00,99999.93,USD,IDEALPRO-001,MARGIN,,[],False,{}
100000.00,0.00,100000.00,EUR,IDEALPRO-001,MARGIN,,[],False,{}
99999.93,0.00,99999.93,USD,IDEALPRO-001,MARGIN,,[],False,{}
100000.00,0.00,100000.00,EUR,IDEALPRO-001,MARGIN,,[],False,{}
99999.93,0.00,99999.93,USD,IDEALPRO-001,MARGIN,,[],False,{}
100000.00,0.00,100000.00,EUR,IDEALPRO-001,MARGIN,,[],False,{}
99999.93,2.35,99997.58,USD,IDEALPRO-001,MARGIN,,"[{'type': 'MarginBalance', 'initial': '0.00', 'maintenance': '2.35', 'currency': 'USD', 'instrument_id': 'EUR/USD.IDEALPRO'}]",False,{}
100000.00,0.00,100000.00,EUR,IDEALPRO-001,MARGIN,,"[{'type': 'MarginBalance', 'initial': '0.00', 'maintenance': '2.35', 'currency': 'USD', 'instrument_id': 'EUR/USD.IDEALPRO'}]",False,{}
99999.93,2.35,99997.58,USD,IDEALPRO-001,MARGIN,,"[{'type': 'MarginBalance', 'initial': '0.00', 'maintenance': '2.35', 'currency': 'USD', 'instrument_id': 'EUR/USD.IDEALPRO'}]",False,{}
100000.00,0.00,100000.00,EUR,IDEALPRO-001,MARGIN,,"[{'type': 'MarginBalance', 'initial': '0.00', 'maintenance': '2.35', 'currency': 'USD', 'instrument_id': 'EUR/USD.IDEALPRO'}]",False,{}
99999.93,2.35,99997.58,USD,IDEALPRO-001,MARGIN,,"[{'type': 'MarginBalance', 'initial': '0.00', 'maintenance': '2.35', 'currency': 'USD', 'instrument_id': 'EUR/USD.IDEALPRO'}]",False,{}
100000.00,0.00,100000.00,EUR,IDEALPRO-001,MARGIN,,"[{'type': 'MarginBalance', 'initial': '0.00', 'maintenance': '2.35', 'currency': 'USD', 'instrument_id': 'EUR/USD.IDEALPRO'}]",False,{}
99999.93,2.35,99997.58,USD,IDEALPRO-001,MARGIN,,"[{'type': 'MarginBalance', 'initial': '0.00', 'maintenance': '2.35', 'currency': 'USD', 'instrument_id': 'EUR/USD.IDEALPRO'}]",False,{}
100000.00,0.00,100000.00,EUR,IDEALPRO-001,MARGIN,,"[{'type': 'MarginBalance', 'initial': '0.00', 'maintenance': '2.35', 'currency': 'USD', 'instrument_id': 'EUR/USD.IDEALPRO'}]",False,{}
99999.91,0.00,99999.91,USD,IDEALPRO-001,MARGIN,,[],False,{}
100000.00,0.00,100000.00,EUR,IDEALPRO-001,MARGIN,,[],False,{}
99999.91,0.00,99999.91,USD,IDEALPRO-001,MARGIN,,[],False,{}
100000.00,0.00,100000.00,EUR,IDEALPRO-001,MARGIN,,[],False,{}
99999.91,0.00,99999.91,USD,IDEALPRO-001,MARGIN,,[],False,{}
100000.00,0.00,100000.00,EUR,IDEALPRO-001,MARGIN,,[],False,{}
99999.91,0.00,99999.91,USD,IDEALPRO-001,MARGIN,,[],False,{}
100000.00,0.00,100000.00,EUR,IDEALPRO-001,MARGIN,,[],False,{}
99999.91,0.00,99999.91,USD,IDEALPRO-001,MARGIN,,[],False,{}
100000.00,0.00,100000.00,EUR,IDEALPRO-001,MARGIN,,[],False,{}
99999.91,0.00,99999.91,USD,IDEALPRO-001,MARGIN,,[],False,{}
100000.00,0.00,100000.00,EUR,IDEALPRO-001,MARGIN,,[],False,{}
99999.91,2.35,99997.56,USD,IDEALPRO-001,MARGIN,,"[{'type': 'MarginBalance', 'initial': '0.00', 'maintenance': '2.35', 'currency': 'USD', 'instrument_id': 'EUR/USD.IDEALPRO'}]",False,{}
100000.00,0.00,100000.00,EUR,IDEALPRO-001,MARGIN,,"[{'type': 'MarginBalance', 'initial': '0.00', 'maintenance': '2.35', 'currency': 'USD', 'instrument_id': 'EUR/USD.IDEALPRO'}]",False,{}
99999.91,2.35,99997.56,USD,IDEALPRO-001,MARGIN,,"[{'type': 'MarginBalance', 'initial': '0.00', 'maintenance': '2.35', 'currency': 'USD', 'instrument_id': 'EUR/USD.IDEALPRO'}]",False,{}
100000.00,0.00,100000.00,EUR,IDEALPRO-001,MARGIN,,"[{'type': 'MarginBalance', 'initial': '0.00', 'maintenance': '2.35', 'currency': 'USD', 'instrument_id': 'EUR/USD.IDEALPRO'}]",False,{}
99999.91,2.35,99997.56,USD,IDEALPRO-001,MARGIN,,"[{'type': 'MarginBalance', 'initial': '0.00', 'maintenance': '2.35', 'currency': 'USD', 'instrument_id': 'EUR/USD.IDEALPRO'}]",False,{}
100000.00,0.00,100000.00,EUR,IDEALPRO-001,MARGIN,,"[{'type': 'MarginBalance', 'initial': '0.00', 'maintenance': '2.35', 'currency': 'USD', 'instrument_id': 'EUR/USD.IDEALPRO'}]",False,{}
99999.91,2.35,99997.56,USD,IDEALPRO-001,MARGIN,,"[{'type': 'MarginBalance', 'initial': '0.00', 'maintenance': '2.35', 'currency': 'USD', 'instrument_id': 'EUR/USD.IDEALPRO'}]",False,{}
100000.00,0.00,100000.00,EUR,IDEALPRO-001,MARGIN,,"[{'type': 'MarginBalance', 'initial': '0.00', 'maintenance': '2.35', 'currency': 'USD', 'instrument_id': 'EUR/USD.IDEALPRO'}]",False,{}
99999.89,0.00,99999.89,USD,IDEALPRO-001,MARGIN,,[],False,{}
100000.00,0.00,100000.00,EUR,IDEALPRO-001,MARGIN,,[],False,{}
99999.89,0.00,99999.89,USD,IDEALPRO-001,MARGIN,,[],False,{}
100000.00,0.00,100000.00,EUR,IDEALPRO-001,MARGIN,,[],False,{}
99999.89,0.00,99999.89,USD,IDEALPRO-001,MARGIN,,[],False,{}
100000.00,0.00,100000.00,EUR,IDEALPRO-001,MARGIN,,[],False,{}
99999.89,0.00,99999.89,USD,IDEALPRO-001,MARGIN,,[],False,{}
100000.00,0.00,100000.00,EUR,IDEALPRO-001,MARGIN,,[],False,{}
99999.89,0.00,99999.89,USD,IDEALPRO-001,MARGIN,,[],False,{}
100000.00,0.00,100000.00,EUR,IDEALPRO-001,MARGIN,,[],False,{}
99999.89,0.00,99999.89,USD,IDEALPRO-001,MARGIN,,[],False,{}
100000.00,0.00,100000.00,EUR,IDEALPRO-001,MARGIN,,[],False,{}
99999.89,2.35,99997.54,USD,IDEALPRO-001,MARGIN,,"[{'type': 'MarginBalance', 'initial': '0.00', 'maintenance': '2.35', 'currency': 'USD', 'instrument_id': 'EUR/USD.IDEALPRO'}]",False,{}
100000.00,0.00,100000.00,EUR,IDEALPRO-001,MARGIN,,"[{'type': 'MarginBalance', 'initial': '0.00', 'maintenance': '2.35', 'currency': 'USD', 'instrument_id': 'EUR/USD.IDEALPRO'}]",False,{}
99999.89,2.35,99997.54,USD,IDEALPRO-001,MARGIN,,"[{'type': 'MarginBalance', 'initial': '0.00', 'maintenance': '2.35', 'currency': 'USD', 'instrument_id': 'EUR/USD.IDEALPRO'}]",False,{}
100000.00,0.00,100000.00,EUR,IDEALPRO-001,MARGIN,,"[{'type': 'MarginBalance', 'initial': '0.00', 'maintenance': '2.35', 'currency': 'USD', 'instrument_id': 'EUR/USD.IDEALPRO'}]",False,{}
99999.89,2.35,99997.54,USD,IDEALPRO-001,MARGIN,,"[{'type': 'MarginBalance', 'initial': '0.00', 'maintenance': '2.35', 'currency': 'USD', 'instrument_id': 'EUR/USD.IDEALPRO'}]",False,{}
100000.00,0.00,100000.00,EUR,IDEALPRO-001,MARGIN,,"[{'type': 'MarginBalance', 'initial': '0.00', 'maintenance': '2.35', 'currency': 'USD', 'instrument_id': 'EUR/USD.IDEALPRO'}]",False,{}
99999.89,2.35,99997.54,USD,IDEALPRO-001,MARGIN,,"[{'type': 'MarginBalance', 'initial': '0.00', 'maintenance': '2.35', 'currency': 'USD', 'instrument_id': 'EUR/USD.IDEALPRO'}]",False,{}
100000.00,0.00,100000.00,EUR,IDEALPRO-001,MARGIN,,"[{'type': 'MarginBalance', 'initial': '0.00', 'maintenance': '2.35', 'currency': 'USD', 'instrument_id': 'EUR/USD.IDEALPRO'}]",False,{}
99999.94,0.00,99999.94,USD,IDEALPRO-001,MARGIN,,[],False,{}
100000.00,0.00,100000.00,EUR,IDEALPRO-001,MARGIN,,[],False,{}
99999.94,0.00,99999.94,USD,IDEALPRO-001,MARGIN,,[],False,{}
100000.00,0.00,100000.00,EUR,IDEALPRO-001,MARGIN,,[],False,{}
99999.94,0.00,99999.94,USD,IDEALPRO-001,MARGIN,,[],False,{}
100000.00,0.00,100000.00,EUR,IDEALPRO-001,MARGIN,,[],False,{}
99999.94,0.00,99999.94,USD,IDEALPRO-001,MARGIN,,[],False,{}
100000.00,0.00,100000.00,EUR,IDEALPRO-001,MARGIN,,[],False,{}
99999.94,0.00,99999.94,USD,IDEALPRO-001,MARGIN,,[],False,{}
100000.00,0.00,100000.00,EUR,IDEALPRO-001,MARGIN,,[],False,{}
99999.94,0.00,99999.94,USD,IDEALPRO-001,MARGIN,,[],False,{}
100000.00,0.00,100000.00,EUR,IDEALPRO-001,MARGIN,,[],False,{}
99999.94,2.35,99997.59,USD,IDEALPRO-001,MARGIN,,"[{'type': 'MarginBalance', 'initial': '0.00', 'maintenance': '2.35', 'currency': 'USD', 'instrument_id': 'EUR/USD.IDEALPRO'}]",False,{}
100000.00,0.00,100000.00,EUR,IDEALPRO-001,MARGIN,,"[{'type': 'MarginBalance', 'initial': '0.00', 'maintenance': '2.35', 'currency': 'USD', 'instrument_id': 'EUR/USD.IDEALPRO'}]",False,{}
99999.94,2.34,99997.60,USD,IDEALPRO-001,MARGIN,,"[{'type': 'MarginBalance', 'initial': '0.00', 'maintenance': '2.34', 'currency': 'USD', 'instrument_id': 'EUR/USD.IDEALPRO'}]",False,{}
100000.00,0.00,100000.00,EUR,IDEALPRO-001,MARGIN,,"[{'type': 'MarginBalance', 'initial': '0.00', 'maintenance': '2.34', 'currency': 'USD', 'instrument_id': 'EUR/USD.IDEALPRO'}]",False,{}
99999.94,2.34,99997.60,USD,IDEALPRO-001,MARGIN,,"[{'type': 'MarginBalance', 'initial': '0.00', 'maintenance': '2.34', 'currency': 'USD', 'instrument_id': 'EUR/USD.IDEALPRO'}]",False,{}
100000.00,0.00,100000.00,EUR,IDEALPRO-001,MARGIN,,"[{'type': 'MarginBalance', 'initial': '0.00', 'maintenance': '2.34', 'currency': 'USD', 'instrument_id': 'EUR/USD.IDEALPRO'}]",False,{}
99999.94,2.34,99997.60,USD,IDEALPRO-001,MARGIN,,"[{'type': 'MarginBalance', 'initial': '0.00', 'maintenance': '2.34', 'currency': 'USD', 'instrument_id': 'EUR/USD.IDEALPRO'}]",False,{}
100000.00,0.00,100000.00,EUR,IDEALPRO-001,MARGIN,,"[{'type': 'MarginBalance', 'initial': '0.00', 'maintenance': '2.34', 'currency': 'USD', 'instrument_id': 'EUR/USD.IDEALPRO'}]",False,{}
99999.92,0.00,99999.92,USD,IDEALPRO-001,MARGIN,,[],False,{}
100000.00,0.00,100000.00,EUR,IDEALPRO-001,MARGIN,,[],False,{}
99999.92,0.00,99999.92,USD,IDEALPRO-001,MARGIN,,[],False,{}
100000.00,0.00,100000.00,EUR,IDEALPRO-001,MARGIN,,[],False,{}
99999.92,0.00,99999.92,USD,IDEALPRO-001,MARGIN,,[],False,{}
100000.00,0.00,100000.00,EUR,IDEALPRO-001,MARGIN,,[],False,{}
99999.92,0.00,99999.92,USD,IDEALPRO-001,MARGIN,,[],False,{}
100000.00,0.00,100000.00,EUR,IDEALPRO-001,MARGIN,,[],False,{}
99999.92,0.00,99999.92,USD,IDEALPRO-001,MARGIN,,[],False,{}
100000.00,0.00,100000.00,EUR,IDEALPRO-001,MARGIN,,[],False,{}
99999.92,0.00,99999.92,USD,IDEALPRO-001,MARGIN,,[],False,{}
100000.00,0.00,100000.00,EUR,IDEALPRO-001,MARGIN,,[],False,{}
99999.92,2.35,99997.57,USD,IDEALPRO-001,MARGIN,,"[{'type': 'MarginBalance', 'initial': '0.00', 'maintenance': '2.35', 'currency': 'USD', 'instrument_id': 'EUR/USD.IDEALPRO'}]",False,{}
100000.00,0.00,100000.00,EUR,IDEALPRO-001,MARGIN,,"[{'type': 'MarginBalance', 'initial': '0.00', 'maintenance': '2.35', 'currency': 'USD', 'instrument_id': 'EUR/USD.IDEALPRO'}]",False,{}
99999.92,2.35,99997.57,USD,IDEALPRO-001,MARGIN,,"[{'type': 'MarginBalance', 'initial': '0.00', 'maintenance': '2.35', 'currency': 'USD', 'instrument_id': 'EUR/USD.IDEALPRO'}]",False,{}
100000.00,0.00,100000.00,EUR,IDEALPRO-001,MARGIN,,"[{'type': 'MarginBalance', 'initial': '0.00', 'maintenance': '2.35', 'currency': 'USD', 'instrument_id': 'EUR/USD.IDEALPRO'}]",False,{}
99999.92,2.35,99997.57,USD,IDEALPRO-001,MARGIN,,"[{'type': 'MarginBalance', 'initial': '0.00', 'maintenance': '2.35', 'currency': 'USD', 'instrument_id': 'EUR/USD.IDEALPRO'}]",False,{}
100000.00,0.00,100000.00,EUR,IDEALPRO-001,MARGIN,,"[{'type': 'MarginBalance', 'initial': '0.00', 'maintenance': '2.35', 'currency': 'USD', 'instrument_id': 'EUR/USD.IDEALPRO'}]",False,{}
99999.92,2.35,99997.57,USD,IDEALPRO-001,MARGIN,,"[{'type': 'MarginBalance', 'initial': '0.00', 'maintenance': '2.35', 'currency': 'USD', 'instrument_id': 'EUR/USD.IDEALPRO'}]",False,{}
100000.00,0.00,100000.00,EUR,IDEALPRO-001,MARGIN,,"[{'type': 'MarginBalance', 'initial': '0.00', 'maintenance': '2.35', 'currency': 'USD', 'instrument_id': 'EUR/USD.IDEALPRO'}]",False,{}
99999.89,0.00,99999.89,USD,IDEALPRO-001,MARGIN,,[],False,{}
100000.00,0.00,100000.00,EUR,IDEALPRO-001,MARGIN,,[],False,{}
99999.89,0.00,99999.89,USD,IDEALPRO-001,MARGIN,,[],False,{}
100000.00,0.00,100000.00,EUR,IDEALPRO-001,MARGIN,,[],False,{}
99999.89,0.00,99999.89,USD,IDEALPRO-001,MARGIN,,[],False,{}
100000.00,0.00,100000.00,EUR,IDEALPRO-001,MARGIN,,[],False,{}
99999.89,0.00,99999.89,USD,IDEALPRO-001,MARGIN,,[],False,{}
100000.00,0.00,100000.00,EUR,IDEALPRO-001,MARGIN,,[],False,{}
99999.89,0.00,99999.89,USD,IDEALPRO-001,MARGIN,,[],False,{}
100000.00,0.00,100000.00,EUR,IDEALPRO-001,MARGIN,,[],False,{}
99999.89,0.00,99999.89,USD,IDEALPRO-001,MARGIN,,[],False,{}
100000.00,0.00,100000.00,EUR,IDEALPRO-001,MARGIN,,[],False,{}
99999.89,2.35,99997.54,USD,IDEALPRO-001,MARGIN,,"[{'type': 'MarginBalance', 'initial': '0.00', 'maintenance': '2.35', 'currency': 'USD', 'instrument_id': 'EUR/USD.IDEALPRO'}]",False,{}
100000.00,0.00,100000.00,EUR,IDEALPRO-001,MARGIN,,"[{'type': 'MarginBalance', 'initial': '0.00', 'maintenance': '2.35', 'currency': 'USD', 'instrument_id': 'EUR/USD.IDEALPRO'}]",False,{}
99999.89,2.35,99997.54,USD,IDEALPRO-001,MARGIN,,"[{'type': 'MarginBalance', 'initial': '0.00', 'maintenance': '2.35', 'currency': 'USD', 'instrument_id': 'EUR/USD.IDEALPRO'}]",False,{}
100000.00,0.00,100000.00,EUR,IDEALPRO-001,MARGIN,,"[{'type': 'MarginBalance', 'initial': '0.00', 'maintenance': '2.35', 'currency': 'USD', 'instrument_id': 'EUR/USD.IDEALPRO'}]",False,{}
99999.89,2.35,99997.54,USD,IDEALPRO-001,MARGIN,,"[{'type': 'MarginBalance', 'initial': '0.00', 'maintenance': '2.35', 'currency': 'USD', 'instrument_id': 'EUR/USD.IDEALPRO'}]",False,{}
100000.00,0.00,100000.00,EUR,IDEALPRO-001,MARGIN,,"[{'type': 'MarginBalance', 'initial': '0.00', 'maintenance': '2.35', 'currency': 'USD', 'instrument_id': 'EUR/USD.IDEALPRO'}]",False,{}
99999.89,2.35,99997.54,USD,IDEALPRO-001,MARGIN,,"[{'type': 'MarginBalance', 'initial': '0.00', 'maintenance': '2.35', 'currency': 'USD', 'instrument_id': 'EUR/USD.IDEALPRO'}]",False,{}
100000.00,0.00,100000.00,EUR,IDEALPRO-001,MARGIN,,"[{'type': 'MarginBalance', 'initial': '0.00', 'maintenance': '2.35', 'currency': 'USD', 'instrument_id': 'EUR/USD.IDEALPRO'}]",False,{}
99999.98,0.00,99999.98,USD,IDEALPRO-001,MARGIN,,[],False,{}
100000.00,0.00,100000.00,EUR,IDEALPRO-001,MARGIN,,[],False,{}
99999.98,0.00,99999.98,USD,IDEALPRO-001,MARGIN,,[],False,{}
100000.00,0.00,100000.00,EUR,IDEALPRO-001,MARGIN,,[],False,{}
99999.98,0.00,99999.98,USD,IDEALPRO-001,MARGIN,,[],False,{}
100000.00,0.00,100000.00,EUR,IDEALPRO-001,MARGIN,,[],False,{}
99999.98,0.00,99999.98,USD,IDEALPRO-001,MARGIN,,[],False,{}
100000.00,0.00,100000.00,EUR,IDEALPRO-001,MARGIN,,[],False,{}
99999.98,0.00,99999.98,USD,IDEALPRO-001,MARGIN,,[],False,{}
100000.00,0.00,100000.00,EUR,IDEALPRO-001,MARGIN,,[],False,{}
99999.98,0.00,99999.98,USD,IDEALPRO-001,MARGIN,,[],False,{}
100000.00,0.00,100000.00,EUR,IDEALPRO-001,MARGIN,,[],False,{}
99999.98,2.35,99997.63,USD,IDEALPRO-001,MARGIN,,"[{'type': 'MarginBalance', 'initial': '0.00', 'maintenance': '2.35', 'currency': 'USD', 'instrument_id': 'EUR/USD.IDEALPRO'}]",False,{}
100000.00,0.00,100000.00,EUR,IDEALPRO-001,MARGIN,,"[{'type': 'MarginBalance', 'initial': '0.00', 'maintenance': '2.35', 'currency': 'USD', 'instrument_id': 'EUR/USD.IDEALPRO'}]",False,{}
99999.98,2.35,99997.63,USD,IDEALPRO-001,MARGIN,,"[{'type': 'MarginBalance', 'initial': '0.00', 'maintenance': '2.35', 'currency': 'USD', 'instrument_id': 'EUR/USD.IDEALPRO'}]",False,{}
100000.00,0.00,100000.00,EUR,IDEALPRO-001,MARGIN,,"[{'type': 'MarginBalance', 'initial': '0.00', 'maintenance': '2.35', 'currency': 'USD', 'instrument_id': 'EUR/USD.IDEALPRO'}]",False,{}
99999.98,2.35,99997.63,USD,IDEALPRO-001,MARGIN,,"[{'type': 'MarginBalance', 'initial': '0.00', 'maintenance': '2.35', 'currency': 'USD', 'instrument_id': 'EUR/USD.IDEALPRO'}]",False,{}
100000.00,0.00,100000.00,EUR,IDEALPRO-001,MARGIN,,"[{'type': 'MarginBalance', 'initial': '0.00', 'maintenance': '2.35', 'currency': 'USD', 'instrument_id': 'EUR/USD.IDEALPRO'}]",False,{}
99999.92,0.00,99999.92,USD,IDEALPRO-001,MARGIN,,[],False,{}
100000.00,0.00,100000.00,EUR,IDEALPRO-001,MARGIN,,[],False,{}
99999.92,0.00,99999.92,USD,IDEALPRO-001,MARGIN,,[],False,{}
100000.00,0.00,100000.00,EUR,IDEALPRO-001,MARGIN,,[],False,{}
99999.92,0.00,99999.92,USD,IDEALPRO-001,MARGIN,,[],False,{}
100000.00,0.00,100000.00,EUR,IDEALPRO-001,MARGIN,,[],False,{}
99999.92,0.00,99999.92,USD,IDEALPRO-001,MARGIN,,[],False,{}
100000.00,0.00,100000.00,EUR,IDEALPRO-001,MARGIN,,[],False,{}
99999.92,0.00,99999.92,USD,IDEALPRO-001,MARGIN,,[],False,{}
100000.00,0.00,100000.00,EUR,IDEALPRO-001,MARGIN,,[],False,{}
99999.92,2.35,99997.57,USD,IDEALPRO-001,MARGIN,,"[{'type': 'MarginBalance', 'initial': '0.00', 'maintenance': '2.35', 'currency': 'USD', 'instrument_id': 'EUR/USD.IDEALPRO'}]",False,{}
100000.00,0.00,100000.00,EUR,IDEALPRO-001,MARGIN,,"[{'type': 'MarginBalance', 'initial': '0.00', 'maintenance': '2.35', 'currency': 'USD', 'instrument_id': 'EUR/USD.IDEALPRO'}]",False,{}
99999.92,2.35,99997.57,USD,IDEALPRO-001,MARGIN,,"[{'type': 'MarginBalance', 'initial': '0.00', 'maintenance': '2.35', 'currency': 'USD', 'instrument_id': 'EUR/USD.IDEALPRO'}]",False,{}
100000.00,0.00,100000.00,EUR,IDEALPRO-001,MARGIN,,"[{'type': 'MarginBalance', 'initial': '0.00', 'maintenance': '2.35', 'currency': 'USD', 'instrument_id': 'EUR/USD.IDEALPRO'}]",False,{}
99999.92,2.35,99997.57,USD,IDEALPRO-001,MARGIN,,"[{'type': 'MarginBalance', 'initial': '0.00', 'maintenance': '2.35', 'currency': 'USD', 'instrument_id': 'EUR/USD.IDEALPRO'}]",False,{}
100000.00,0.00,100000.00,EUR,IDEALPRO-001,MARGIN,,"[{'type': 'MarginBalance', 'initial': '0.00', 'maintenance': '2.35', 'currency': 'USD', 'instrument_id': 'EUR/USD.IDEALPRO'}]",False,{}
99999.86,0.00,99999.86,USD,IDEALPRO-001,MARGIN,,[],False,{}
100000.00,0.00,100000.00,EUR,IDEALPRO-001,MARGIN,,[],False,{}
99999.86,0.00,99999.86,USD,IDEALPRO-001,MARGIN,,[],False,{}
100000.00,0.00,100000.00,EUR,IDEALPRO-001,MARGIN,,[],False,{}
99999.86,0.00,99999.86,USD,IDEALPRO-001,MARGIN,,[],False,{}
100000.00,0.00,100000.00,EUR,IDEALPRO-001,MARGIN,,[],False,{}
99999.86,0.00,99999.86,USD,IDEALPRO-001,MARGIN,,[],False,{}
100000.00,0.00,100000.00,EUR,IDEALPRO-001,MARGIN,,[],False,{}
99999.86,0.00,99999.86,USD,IDEALPRO-001,MARGIN,,[],False,{}
100000.00,0.00,100000.00,EUR,IDEALPRO-001,MARGIN,,[],False,{}
99999.86,2.35,99997.51,USD,IDEALPRO-001,MARGIN,,"[{'type': 'MarginBalance', 'initial': '0.00', 'maintenance': '2.35', 'currency': 'USD', 'instrument_id': 'EUR/USD.IDEALPRO'}]",False,{}
100000.00,0.00,100000.00,EUR,IDEALPRO-001,MARGIN,,"[{'type': 'MarginBalance', 'initial': '0.00', 'maintenance': '2.35', 'currency': 'USD', 'instrument_id': 'EUR/USD.IDEALPRO'}]",False,{}
99999.86,2.35,99997.51,USD,IDEALPRO-001,MARGIN,,"[{'type': 'MarginBalance', 'initial': '0.00', 'maintenance': '2.35', 'currency': 'USD', 'instrument_id': 'EUR/USD.IDEALPRO'}]",False,{}
100000.00,0.00,100000.00,EUR,IDEALPRO-001,MARGIN,,"[{'type': 'MarginBalance', 'initial': '0.00', 'maintenance': '2.35', 'currency': 'USD', 'instrument_id': 'EUR/USD.IDEALPRO'}]",False,{}
99999.86,2.35,99997.51,USD,IDEALPRO-001,MARGIN,,"[{'type': 'MarginBalance', 'initial': '0.00', 'maintenance': '2.35', 'currency': 'USD', 'instrument_id': 'EUR/USD.IDEALPRO'}]",False,{}
100000.00,0.00,100000.00,EUR,IDEALPRO-001,MARGIN,,"[{'type': 'MarginBalance', 'initial': '0.00', 'maintenance': '2.35', 'currency': 'USD', 'instrument_id': 'EUR/USD.IDEALPRO'}]",False,{}
99999.80,0.00,99999.80,USD,IDEALPRO-001,MARGIN,,[],False,{}
100000.00,0.00,100000.00,EUR,IDEALPRO-001,MARGIN,,[],False,{}
99999.80,0.00,99999.80,USD,IDEALPRO-001,MARGIN,,[],False,{}
100000.00,0.00,100000.00,EUR,IDEALPRO-001,MARGIN,,[],False,{}
99999.80,0.00,99999.80,USD,IDEALPRO-001,MARGIN,,[],False,{}
100000.00,0.00,100000.00,EUR,IDEALPRO-001,MARGIN,,[],False,{}
99999.80,0.00,99999.80,USD,IDEALPRO-001,MARGIN,,[],False,{}
100000.00,0.00,100000.00,EUR,IDEALPRO-001,MARGIN,,[],False,{}
99999.80,0.00,99999.80,USD,IDEALPRO-001,MARGIN,,[],False,{}
100000.00,0.00,100000.00,EUR,IDEALPRO-001,MARGIN,,[],False,{}
99999.80,2.35,99997.45,USD,IDEALPRO-001,MARGIN,,"[{'type': 'MarginBalance', 'initial': '0.00', 'maintenance': '2.35', 'currency': 'USD', 'instrument_id': 'EUR/USD.IDEALPRO'}]",False,{}
100000.00,0.00,100000.00,EUR,IDEALPRO-001,MARGIN,,"[{'type': 'MarginBalance', 'initial': '0.00', 'maintenance': '2.35', 'currency': 'USD', 'instrument_id': 'EUR/USD.IDEALPRO'}]",False,{}
99999.80,2.35,99997.45,USD,IDEALPRO-001,MARGIN,,"[{'type': 'MarginBalance', 'initial': '0.00', 'maintenance': '2.35', 'currency': 'USD', 'instrument_id': 'EUR/USD.IDEALPRO'}]",False,{}
100000.00,0.00,100000.00,EUR,IDEALPRO-001,MARGIN,,"[{'type': 'MarginBalance', 'initial': '0.00', 'maintenance': '2.35', 'currency': 'USD', 'instrument_id': 'EUR/USD.IDEALPRO'}]",False,{}
99999.80,2.35,99997.45,USD,IDEALPRO-001,MARGIN,,"[{'type': 'MarginBalance', 'initial': '0.00', 'maintenance': '2.35', 'currency': 'USD', 'instrument_id': 'EUR/USD.IDEALPRO'}]",False,{}
100000.00,0.00,100000.00,EUR,IDEALPRO-001,MARGIN,,"[{'type': 'MarginBalance', 'initial': '0.00', 'maintenance': '2.35', 'currency': 'USD', 'instrument_id': 'EUR/USD.IDEALPRO'}]",False,{}
99999.80,2.35,99997.45,USD,IDEALPRO-001,MARGIN,,"[{'type': 'MarginBalance', 'initial': '0.00', 'maintenance': '2.35', 'currency': 'USD', 'instrument_id': 'EUR/USD.IDEALPRO'}]",False,{}
100000.00,0.00,100000.00,EUR,IDEALPRO-001,MARGIN,,"[{'type': 'MarginBalance', 'initial': '0.00', 'maintenance': '2.35', 'currency': 'USD', 'instrument_id': 'EUR/USD.IDEALPRO'}]",False,{}
99999.88,0.00,99999.88,USD,IDEALPRO-001,MARGIN,,[],False,{}
100000.00,0.00,100000.00,EUR,IDEALPRO-001,MARGIN,,[],False,{}
99999.88,0.00,99999.88,USD,IDEALPRO-001,MARGIN,,[],False,{}
100000.00,0.00,100000.00,EUR,IDEALPRO-001,MARGIN,,[],False,{}
99999.88,0.00,99999.88,USD,IDEALPRO-001,MARGIN,,[],False,{}
100000.00,0.00,100000.00,EUR,IDEALPRO-001,MARGIN,,[],False,{}
99999.88,0.00,99999.88,USD,IDEALPRO-001,MARGIN,,[],False,{}
100000.00,0.00,100000.00,EUR,IDEALPRO-001,MARGIN,,[],False,{}
99999.88,0.00,99999.88,USD,IDEALPRO-001,MARGIN,,[],False,{}
100000.00,0.00,100000.00,EUR,IDEALPRO-001,MARGIN,,[],False,{}
99999.88,0.00,99999.88,USD,IDEALPRO-001,MARGIN,,[],False,{}
100000.00,0.00,100000.00,EUR,IDEALPRO-001,MARGIN,,[],False,{}
99999.88,2.35,99997.53,USD,IDEALPRO-001,MARGIN,,"[{'type': 'MarginBalance', 'initial': '0.00', 'maintenance': '2.35', 'currency': 'USD', 'instrument_id': 'EUR/USD.IDEALPRO'}]",False,{}
100000.00,0.00,100000.00,EUR,IDEALPRO-001,MARGIN,,"[{'type': 'MarginBalance', 'initial': '0.00', 'maintenance': '2.35', 'currency': 'USD', 'instrument_id': 'EUR/USD.IDEALPRO'}]",False,{}
99999.88,2.35,99997.53,USD,IDEALPRO-001,MARGIN,,"[{'type': 'MarginBalance', 'initial': '0.00', 'maintenance': '2.35', 'currency': 'USD', 'instrument_id': 'EUR/USD.IDEALPRO'}]",False,{}
100000.00,0.00,100000.00,EUR,IDEALPRO-001,MARGIN,,"[{'type': 'MarginBalance', 'initial': '0.00', 'maintenance': '2.35', 'currency': 'USD', 'instrument_id': 'EUR/USD.IDEALPRO'}]",False,{}
99999.88,2.35,99997.53,USD,IDEALPRO-001,MARGIN,,"[{'type': 'MarginBalance', 'initial': '0.00', 'maintenance': '2.35', 'currency': 'USD', 'instrument_id': 'EUR/USD.IDEALPRO'}]",False,{}
100000.00,0.00,100000.00,EUR,IDEALPRO-001,MARGIN,,"[{'type': 'MarginBalance', 'initial': '0.00', 'maintenance': '2.35', 'currency': 'USD', 'instrument_id': 'EUR/USD.IDEALPRO'}]",False,{}
99999.88,2.35,99997.53,USD,IDEALPRO-001,MARGIN,,"[{'type': 'MarginBalance', 'initial': '0.00', 'maintenance': '2.35', 'currency': 'USD', 'instrument_id': 'EUR/USD.IDEALPRO'}]",False,{}
100000.00,0.00,100000.00,EUR,IDEALPRO-001,MARGIN,,"[{'type': 'MarginBalance', 'initial': '0.00', 'maintenance': '2.35', 'currency': 'USD', 'instrument_id': 'EUR/USD.IDEALPRO'}]",False,{}
99999.89,0.00,99999.89,USD,IDEALPRO-001,MARGIN,,[],False,{}
100000.00,0.00,100000.00,EUR,IDEALPRO-001,MARGIN,,[],False,{}
99999.89,0.00,99999.89,USD,IDEALPRO-001,MARGIN,,[],False,{}
100000.00,0.00,100000.00,EUR,IDEALPRO-001,MARGIN,,[],False,{}
99999.89,0.00,99999.89,USD,IDEALPRO-001,MARGIN,,[],False,{}
100000.00,0.00,100000.00,EUR,IDEALPRO-001,MARGIN,,[],False,{}
99999.89,0.00,99999.89,USD,IDEALPRO-001,MARGIN,,[],False,{}
100000.00,0.00,100000.00,EUR,IDEALPRO-001,MARGIN,,[],False,{}
99999.89,0.00,99999.89,USD,IDEALPRO-001,MARGIN,,[],False,{}
100000.00,0.00,100000.00,EUR,IDEALPRO-001,MARGIN,,[],False,{}
99999.89,0.00,99999.89,USD,IDEALPRO-001,MARGIN,,[],False,{}
100000.00,0.00,100000.00,EUR,IDEALPRO-001,MARGIN,,[],False,{}
99999.89,2.35,99997.54,USD,IDEALPRO-001,MARGIN,,"[{'type': 'MarginBalance', 'initial': '0.00', 'maintenance': '2.35', 'currency': 'USD', 'instrument_id': 'EUR/USD.IDEALPRO'}]",False,{}
100000.00,0.00,100000.00,EUR,IDEALPRO-001,MARGIN,,"[{'type': 'MarginBalance', 'initial': '0.00', 'maintenance': '2.35', 'currency': 'USD', 'instrument_id': 'EUR/USD.IDEALPRO'}]",False,{}
99999.89,2.35,99997.54,USD,IDEALPRO-001,MARGIN,,"[{'type': 'MarginBalance', 'initial': '0.00', 'maintenance': '2.35', 'currency': 'USD', 'instrument_id': 'EUR/USD.IDEALPRO'}]",False,{}
100000.00,0.00,100000.00,EUR,IDEALPRO-001,MARGIN,,"[{'type': 'MarginBalance', 'initial': '0.00', 'maintenance': '2.35', 'currency': 'USD', 'instrument_id': 'EUR/USD.IDEALPRO'}]",False,{}
99999.89,2.35,99997.54,USD,IDEALPRO-001,MARGIN,,"[{'type': 'MarginBalance', 'initial': '0.00', 'maintenance': '2.35', 'currency': 'USD', 'instrument_id': 'EUR/USD.IDEALPRO'}]",False,{}
100000.00,0.00,100000.00,EUR,IDEALPRO-001,MARGIN,,"[{'type': 'MarginBalance', 'initial': '0.00', 'maintenance': '2.35', 'currency': 'USD', 'instrument_id': 'EUR/USD.IDEALPRO'}]",False,{}
99999.89,2.35,99997.54,USD,IDEALPRO-001,MARGIN,,"[{'type': 'MarginBalance', 'initial': '0.00', 'maintenance': '2.35', 'currency': 'USD', 'instrument_id': 'EUR/USD.IDEALPRO'}]",False,{}
100000.00,0.00,100000.00,EUR,IDEALPRO-001,MARGIN,,"[{'type': 'MarginBalance', 'initial': '0.00', 'maintenance': '2.35', 'currency': 'USD', 'instrument_id': 'EUR/USD.IDEALPRO'}]",False,{}
99999.90,0.00,99999.90,USD,IDEALPRO-001,MARGIN,,[],False,{}
100000.00,0.00,100000.00,EUR,IDEALPRO-001,MARGIN,,[],False,{}
99999.90,0.00,99999.90,USD,IDEALPRO-001,MARGIN,,[],False,{}
100000.00,0.00,100000.00,EUR,IDEALPRO-001,MARGIN,,[],False,{}
99999.90,0.00,99999.90,USD,IDEALPRO-001,MARGIN,,[],False,{}
100000.00,0.00,100000.00,EUR,IDEALPRO-001,MARGIN,,[],False,{}
99999.90,0.00,99999.90,USD,IDEALPRO-001,MARGIN,,[],False,{}
100000.00,0.00,100000.00,EUR,IDEALPRO-001,MARGIN,,[],False,{}
99999.90,0.00,99999.90,USD,IDEALPRO-001,MARGIN,,[],False,{}
100000.00,0.00,100000.00,EUR,IDEALPRO-001,MARGIN,,[],False,{}
99999.90,0.00,99999.90,USD,IDEALPRO-001,MARGIN,,[],False,{}
100000.00,0.00,100000.00,EUR,IDEALPRO-001,MARGIN,,[],False,{}
99999.90,2.35,99997.55,USD,IDEALPRO-001,MARGIN,,"[{'type': 'MarginBalance', 'initial': '0.00', 'maintenance': '2.35', 'currency': 'USD', 'instrument_id': 'EUR/USD.IDEALPRO'}]",False,{}
100000.00,0.00,100000.00,EUR,IDEALPRO-001,MARGIN,,"[{'type': 'MarginBalance', 'initial': '0.00', 'maintenance': '2.35', 'currency': 'USD', 'instrument_id': 'EUR/USD.IDEALPRO'}]",False,{}
99999.90,2.35,99997.55,USD,IDEALPRO-001,MARGIN,,"[{'type': 'MarginBalance', 'initial': '0.00', 'maintenance': '2.35', 'currency': 'USD', 'instrument_id': 'EUR/USD.IDEALPRO'}]",False,{}
100000.00,0.00,100000.00,EUR,IDEALPRO-001,MARGIN,,"[{'type': 'MarginBalance', 'initial': '0.00', 'maintenance': '2.35', 'currency': 'USD', 'instrument_id': 'EUR/USD.IDEALPRO'}]",False,{}
99999.90,2.35,99997.55,USD,IDEALPRO-001,MARGIN,,"[{'type': 'MarginBalance', 'initial': '0.00', 'maintenance': '2.35', 'currency': 'USD', 'instrument_id': 'EUR/USD.IDEALPRO'}]",False,{}
100000.00,0.00,100000.00,EUR,IDEALPRO-001,MARGIN,,"[{'type': 'MarginBalance', 'initial': '0.00', 'maintenance': '2.35', 'currency': 'USD', 'instrument_id': 'EUR/USD.IDEALPRO'}]",False,{}
99999.90,2.35,99997.55,USD,IDEALPRO-001,MARGIN,,"[{'type': 'MarginBalance', 'initial': '0.00', 'maintenance': '2.35', 'currency': 'USD', 'instrument_id': 'EUR/USD.IDEALPRO'}]",False,{}
100000.00,0.00,100000.00,EUR,IDEALPRO-001,MARGIN,,"[{'type': 'MarginBalance', 'initial': '0.00', 'maintenance': '2.35', 'currency': 'USD', 'instrument_id': 'EUR/USD.IDEALPRO'}]",False,{}
99999.96,0.00,99999.96,USD,IDEALPRO-001,MARGIN,,[],False,{}
100000.00,0.00,100000.00,EUR,IDEALPRO-001,MARGIN,,[],False,{}
99999.96,0.00,99999.96,USD,IDEALPRO-001,MARGIN,,[],False,{}
100000.00,0.00,100000.00,EUR,IDEALPRO-001,MARGIN,,[],False,{}
99999.96,0.00,99999.96,USD,IDEALPRO-001,MARGIN,,[],False,{}
100000.00,0.00,100000.00,EUR,IDEALPRO-001,MARGIN,,[],False,{}
99999.96,0.00,99999.96,USD,IDEALPRO-001,MARGIN,,[],False,{}
100000.00,0.00,100000.00,EUR,IDEALPRO-001,MARGIN,,[],False,{}
99999.96,0.00,99999.96,USD,IDEALPRO-001,MARGIN,,[],False,{}
100000.00,0.00,100000.00,EUR,IDEALPRO-001,MARGIN,,[],False,{}
99999.96,0.00,99999.96,USD,IDEALPRO-001,MARGIN,,[],False,{}
100000.00,0.00,100000.00,EUR,IDEALPRO-001,MARGIN,,[],False,{}
99999.96,2.35,99997.61,USD,IDEALPRO-001,MARGIN,,"[{'type': 'MarginBalance', 'initial': '0.00', 'maintenance': '2.35', 'currency': 'USD', 'instrument_id': 'EUR/USD.IDEALPRO'}]",False,{}
100000.00,0.00,100000.00,EUR,IDEALPRO-001,MARGIN,,"[{'type': 'MarginBalance', 'initial': '0.00', 'maintenance': '2.35', 'currency': 'USD', 'instrument_id': 'EUR/USD.IDEALPRO'}]",False,{}
99999.96,2.35,99997.61,USD,IDEALPRO-001,MARGIN,,"[{'type': 'MarginBalance', 'initial': '0.00', 'maintenance': '2.35', 'currency': 'USD', 'instrument_id': 'EUR/USD.IDEALPRO'}]",False,{}
100000.00,0.00,100000.00,EUR,IDEALPRO-001,MARGIN,,"[{'type': 'MarginBalance', 'initial': '0.00', 'maintenance': '2.35', 'currency': 'USD', 'instrument_id': 'EUR/USD.IDEALPRO'}]",False,{}
99999.96,2.35,99997.61,USD,IDEALPRO-001,MARGIN,,"[{'type': 'MarginBalance', 'initial': '0.00', 'maintenance': '2.35', 'currency': 'USD', 'instrument_id': 'EUR/USD.IDEALPRO'}]",False,{}
100000.00,0.00,100000.00,EUR,IDEALPRO-001,MARGIN,,"[{'type': 'MarginBalance', 'initial': '0.00', 'maintenance': '2.35', 'currency': 'USD', 'instrument_id': 'EUR/USD.IDEALPRO'}]",False,{}
99999.90,0.00,99999.90,USD,IDEALPRO-001,MARGIN,,[],False,{}
100000.00,0.00,100000.00,EUR,IDEALPRO-001,MARGIN,,[],False,{}
99999.90,0.00,99999.90,USD,IDEALPRO-001,MARGIN,,[],False,{}
100000.00,0.00,100000.00,EUR,IDEALPRO-001,MARGIN,,[],False,{}
99999.90,0.00,99999.90,USD,IDEALPRO-001,MARGIN,,[],False,{}
100000.00,0.00,100000.00,EUR,IDEALPRO-001,MARGIN,,[],False,{}
99999.90,0.00,99999.90,USD,IDEALPRO-001,MARGIN,,[],False,{}
100000.00,0.00,100000.00,EUR,IDEALPRO-001,MARGIN,,[],False,{}
99999.90,0.00,99999.90,USD,IDEALPRO-001,MARGIN,,[],False,{}
100000.00,0.00,100000.00,EUR,IDEALPRO-001,MARGIN,,[],False,{}
99999.90,2.35,99997.55,USD,IDEALPRO-001,MARGIN,,"[{'type': 'MarginBalance', 'initial': '0.00', 'maintenance': '2.35', 'currency': 'USD', 'instrument_id': 'EUR/USD.IDEALPRO'}]",False,{}
100000.00,0.00,100000.00,EUR,IDEALPRO-001,MARGIN,,"[{'type': 'MarginBalance', 'initial': '0.00', 'maintenance': '2.35', 'currency': 'USD', 'instrument_id': 'EUR/USD.IDEALPRO'}]",False,{}
99999.90,2.35,99997.55,USD,IDEALPRO-001,MARGIN,,"[{'type': 'MarginBalance', 'initial': '0.00', 'maintenance': '2.35', 'currency': 'USD', 'instrument_id': 'EUR/USD.IDEALPRO'}]",False,{}
100000.00,0.00,100000.00,EUR,IDEALPRO-001,MARGIN,,"[{'type': 'MarginBalance', 'initial': '0.00', 'maintenance': '2.35', 'currency': 'USD', 'instrument_id': 'EUR/USD.IDEALPRO'}]",False,{}
99999.90,2.35,99997.55,USD,IDEALPRO-001,MARGIN,,"[{'type': 'MarginBalance', 'initial': '0.00', 'maintenance': '2.35', 'currency': 'USD', 'instrument_id': 'EUR/USD.IDEALPRO'}]",False,{}
100000.00,0.00,100000.00,EUR,IDEALPRO-001,MARGIN,,"[{'type': 'MarginBalance', 'initial': '0.00', 'maintenance': '2.35', 'currency': 'USD', 'instrument_id': 'EUR/USD.IDEALPRO'}]",False,{}
99999.90,2.35,99997.55,USD,IDEALPRO-001,MARGIN,,"[{'type': 'MarginBalance', 'initial': '0.00', 'maintenance': '2.35', 'currency': 'USD', 'instrument_id': 'EUR/USD.IDEALPRO'}]",False,{}
100000.00,0.00,100000.00,EUR,IDEALPRO-001,MARGIN,,"[{'type': 'MarginBalance', 'initial': '0.00', 'maintenance': '2.35', 'currency': 'USD', 'instrument_id': 'EUR/USD.IDEALPRO'}]",False,{}
99999.89,0.00,99999.89,USD,IDEALPRO-001,MARGIN,,[],False,{}
100000.00,0.00,100000.00,EUR,IDEALPRO-001,MARGIN,,[],False,{}
99999.89,0.00,99999.89,USD,IDEALPRO-001,MARGIN,,[],False,{}
100000.00,0.00,100000.00,EUR,IDEALPRO-001,MARGIN,,[],False,{}
99999.89,0.00,99999.89,USD,IDEALPRO-001,MARGIN,,[],False,{}
100000.00,0.00,100000.00,EUR,IDEALPRO-001,MARGIN,,[],False,{}
99999.89,0.00,99999.89,USD,IDEALPRO-001,MARGIN,,[],False,{}
100000.00,0.00,100000.00,EUR,IDEALPRO-001,MARGIN,,[],False,{}
99999.89,0.00,99999.89,USD,IDEALPRO-001,MARGIN,,[],False,{}
100000.00,0.00,100000.00,EUR,IDEALPRO-001,MARGIN,,[],False,{}
99999.89,0.00,99999.89,USD,IDEALPRO-001,MARGIN,,[],False,{}
100000.00,0.00,100000.00,EUR,IDEALPRO-001,MARGIN,,[],False,{}
99999.89,2.35,99997.54,USD,IDEALPRO-001,MARGIN,,"[{'type': 'MarginBalance', 'initial': '0.00', 'maintenance': '2.35', 'currency': 'USD', 'instrument_id': 'EUR/USD.IDEALPRO'}]",False,{}
100000.00,0.00,100000.00,EUR,IDEALPRO-001,MARGIN,,"[{'type': 'MarginBalance', 'initial': '0.00', 'maintenance': '2.35', 'currency': 'USD', 'instrument_id': 'EUR/USD.IDEALPRO'}]",False,{}
99999.89,2.35,99997.54,USD,IDEALPRO-001,MARGIN,,"[{'type': 'MarginBalance', 'initial': '0.00', 'maintenance': '2.35', 'currency': 'USD', 'instrument_id': 'EUR/USD.IDEALPRO'}]",False,{}
100000.00,0.00,100000.00,EUR,IDEALPRO-001,MARGIN,,"[{'type': 'MarginBalance', 'initial': '0.00', 'maintenance': '2.35', 'currency': 'USD', 'instrument_id': 'EUR/USD.IDEALPRO'}]",False,{}
99999.89,2.35,99997.54,USD,IDEALPRO-001,MARGIN,,"[{'type': 'MarginBalance', 'initial': '0.00', 'maintenance': '2.35', 'currency': 'USD', 'instrument_id': 'EUR/USD.IDEALPRO'}]",False,{}
100000.00,0.00,100000.00,EUR,IDEALPRO-001,MARGIN,,"[{'type': 'MarginBalance', 'initial': '0.00', 'maintenance': '2.35', 'currency': 'USD', 'instrument_id': 'EUR/USD.IDEALPRO'}]",False,{}
99999.89,2.35,99997.54,USD,IDEALPRO-001,MARGIN,,"[{'type': 'MarginBalance', 'initial': '0.00', 'maintenance': '2.35', 'currency': 'USD', 'instrument_id': 'EUR/USD.IDEALPRO'}]",False,{}
100000.00,0.00,100000.00,EUR,IDEALPRO-001,MARGIN,,"[{'type': 'MarginBalance', 'initial': '0.00', 'maintenance': '2.35', 'currency': 'USD', 'instrument_id': 'EUR/USD.IDEALPRO'}]",False,{}
99999.95,0.00,99999.95,USD,IDEALPRO-001,MARGIN,,[],False,{}
100000.00,0.00,100000.00,EUR,IDEALPRO-001,MARGIN,,[],False,{}
99999.95,0.00,99999.95,USD,IDEALPRO-001,MARGIN,,[],False,{}
100000.00,0.00,100000.00,EUR,IDEALPRO-001,MARGIN,,[],False,{}
99999.95,0.00,99999.95,USD,IDEALPRO-001,MARGIN,,[],False,{}
100000.00,0.00,100000.00,EUR,IDEALPRO-001,MARGIN,,[],False,{}
99999.95,0.00,99999.95,USD,IDEALPRO-001,MARGIN,,[],False,{}
100000.00,0.00,100000.00,EUR,IDEALPRO-001,MARGIN,,[],False,{}
99999.95,0.00,99999.95,USD,IDEALPRO-001,MARGIN,,[],False,{}
100000.00,0.00,100000.00,EUR,IDEALPRO-001,MARGIN,,[],False,{}
99999.95,0.00,99999.95,USD,IDEALPRO-001,MARGIN,,[],False,{}
100000.00,0.00,100000.00,EUR,IDEALPRO-001,MARGIN,,[],False,{}
99999.95,2.35,99997.60,USD,IDEALPRO-001,MARGIN,,"[{'type': 'MarginBalance', 'initial': '0.00', 'maintenance': '2.35', 'currency': 'USD', 'instrument_id': 'EUR/USD.IDEALPRO'}]",False,{}
100000.00,0.00,100000.00,EUR,IDEALPRO-001,MARGIN,,"[{'type': 'MarginBalance', 'initial': '0.00', 'maintenance': '2.35', 'currency': 'USD', 'instrument_id': 'EUR/USD.IDEALPRO'}]",False,{}
99999.95,2.35,99997.60,USD,IDEALPRO-001,MARGIN,,"[{'type': 'MarginBalance', 'initial': '0.00', 'maintenance': '2.35', 'currency': 'USD', 'instrument_id': 'EUR/USD.IDEALPRO'}]",False,{}
100000.00,0.00,100000.00,EUR,IDEALPRO-001,MARGIN,,"[{'type': 'MarginBalance', 'initial': '0.00', 'maintenance': '2.35', 'currency': 'USD', 'instrument_id': 'EUR/USD.IDEALPRO'}]",False,{}
99999.95,2.35,99997.60,USD,IDEALPRO-001,MARGIN,,"[{'type': 'MarginBalance', 'initial': '0.00', 'maintenance': '2.35', 'currency': 'USD', 'instrument_id': 'EUR/USD.IDEALPRO'}]",False,{}
100000.00,0.00,100000.00,EUR,IDEALPRO-001,MARGIN,,"[{'type': 'MarginBalance', 'initial': '0.00', 'maintenance': '2.35', 'currency': 'USD', 'instrument_id': 'EUR/USD.IDEALPRO'}]",False,{}
99999.95,2.35,99997.60,USD,IDEALPRO-001,MARGIN,,"[{'type': 'MarginBalance', 'initial': '0.00', 'maintenance': '2.35', 'currency': 'USD', 'instrument_id': 'EUR/USD.IDEALPRO'}]",False,{}
100000.00,0.00,100000.00,EUR,IDEALPRO-001,MARGIN,,"[{'type': 'MarginBalance', 'initial': '0.00', 'maintenance': '2.35', 'currency': 'USD', 'instrument_id': 'EUR/USD.IDEALPRO'}]",False,{}
100000.01,0.00,100000.01,USD,IDEALPRO-001,MARGIN,,[],False,{}
100000.00,0.00,100000.00,EUR,IDEALPRO-001,MARGIN,,[],False,{}
100000.01,0.00,100000.01,USD,IDEALPRO-001,MARGIN,,[],False,{}
100000.00,0.00,100000.00,EUR,IDEALPRO-001,MARGIN,,[],False,{}
100000.01,0.00,100000.01,USD,IDEALPRO-001,MARGIN,,[],False,{}
100000.00,0.00,100000.00,EUR,IDEALPRO-001,MARGIN,,[],False,{}
100000.01,0.00,100000.01,USD,IDEALPRO-001,MARGIN,,[],False,{}
100000.00,0.00,100000.00,EUR,IDEALPRO-001,MARGIN,,[],False,{}
100000.01,0.00,100000.01,USD,IDEALPRO-001,MARGIN,,[],False,{}
100000.00,0.00,100000.00,EUR,IDEALPRO-001,MARGIN,,[],False,{}
100000.01,0.00,100000.01,USD,IDEALPRO-001,MARGIN,,[],False,{}
100000.00,0.00,100000.00,EUR,IDEALPRO-001,MARGIN,,[],False,{}
100000.01,2.35,99997.66,USD,IDEALPRO-001,MARGIN,,"[{'type': 'MarginBalance', 'initial': '0.00', 'maintenance': '2.35', 'currency': 'USD', 'instrument_id': 'EUR/USD.IDEALPRO'}]",False,{}
100000.00,0.00,100000.00,EUR,IDEALPRO-001,MARGIN,,"[{'type': 'MarginBalance', 'initial': '0.00', 'maintenance': '2.35', 'currency': 'USD', 'instrument_id': 'EUR/USD.IDEALPRO'}]",False,{}
100000.01,2.35,99997.66,USD,IDEALPRO-001,MARGIN,,"[{'type': 'MarginBalance', 'initial': '0.00', 'maintenance': '2.35', 'currency': 'USD', 'instrument_id': 'EUR/USD.IDEALPRO'}]",False,{}
100000.00,0.00,100000.00,EUR,IDEALPRO-001,MARGIN,,"[{'type': 'MarginBalance', 'initial': '0.00', 'maintenance': '2.35', 'currency': 'USD', 'instrument_id': 'EUR/USD.IDEALPRO'}]",False,{}
100000.01,2.35,99997.66,USD,IDEALPRO-001,MARGIN,,"[{'type': 'MarginBalance', 'initial': '0.00', 'maintenance': '2.35', 'currency': 'USD', 'instrument_id': 'EUR/USD.IDEALPRO'}]",False,{}
100000.00,0.00,100000.00,EUR,IDEALPRO-001,MARGIN,,"[{'type': 'MarginBalance', 'initial': '0.00', 'maintenance': '2.35', 'currency': 'USD', 'instrument_id': 'EUR/USD.IDEALPRO'}]",False,{}
100000.01,2.35,99997.66,USD,IDEALPRO-001,MARGIN,,"[{'type': 'MarginBalance', 'initial': '0.00', 'maintenance': '2.35', 'currency': 'USD', 'instrument_id': 'EUR/USD.IDEALPRO'}]",False,{}
100000.00,0.00,100000.00,EUR,IDEALPRO-001,MARGIN,,"[{'type': 'MarginBalance', 'initial': '0.00', 'maintenance': '2.35', 'currency': 'USD', 'instrument_id': 'EUR/USD.IDEALPRO'}]",False,{}
99999.98,0.00,99999.98,USD,IDEALPRO-001,MARGIN,,[],False,{}
100000.00,0.00,100000.00,EUR,IDEALPRO-001,MARGIN,,[],False,{}
99999.98,0.00,99999.98,USD,IDEALPRO-001,MARGIN,,[],False,{}
100000.00,0.00,100000.00,EUR,IDEALPRO-001,MARGIN,,[],False,{}
99999.98,0.00,99999.98,USD,IDEALPRO-001,MARGIN,,[],False,{}
100000.00,0.00,100000.00,EUR,IDEALPRO-001,MARGIN,,[],False,{}
99999.98,0.00,99999.98,USD,IDEALPRO-001,MARGIN,,[],False,{}
100000.00,0.00,100000.00,EUR,IDEALPRO-001,MARGIN,,[],False,{}
99999.98,0.00,99999.98,USD,IDEALPRO-001,MARGIN,,[],False,{}
100000.00,0.00,100000.00,EUR,IDEALPRO-001,MARGIN,,[],False,{}
99999.98,0.00,99999.98,USD,IDEALPRO-001,MARGIN,,[],False,{}
100000.00,0.00,100000.00,EUR,IDEALPRO-001,MARGIN,,[],False,{}
99999.98,2.35,99997.63,USD,IDEALPRO-001,MARGIN,,"[{'type': 'MarginBalance', 'initial': '0.00', 'maintenance': '2.35', 'currency': 'USD', 'instrument_id': 'EUR/USD.IDEALPRO'}]",False,{}
100000.00,0.00,100000.00,EUR,IDEALPRO-001,MARGIN,,"[{'type': 'MarginBalance', 'initial': '0.00', 'maintenance': '2.35', 'currency': 'USD', 'instrument_id': 'EUR/USD.IDEALPRO'}]",False,{}
99999.98,2.35,99997.63,USD,IDEALPRO-001,MARGIN,,"[{'type': 'MarginBalance', 'initial': '0.00', 'maintenance': '2.35', 'currency': 'USD', 'instrument_id': 'EUR/USD.IDEALPRO'}]",False,{}
100000.00,0.00,100000.00,EUR,IDEALPRO-001,MARGIN,,"[{'type': 'MarginBalance', 'initial': '0.00', 'maintenance': '2.35', 'currency': 'USD', 'instrument_id': 'EUR/USD.IDEALPRO'}]",False,{}
99999.98,2.35,99997.63,USD,IDEALPRO-001,MARGIN,,"[{'type': 'MarginBalance', 'initial': '0.00', 'maintenance': '2.35', 'currency': 'USD', 'instrument_id': 'EUR/USD.IDEALPRO'}]",False,{}
100000.00,0.00,100000.00,EUR,IDEALPRO-001,MARGIN,,"[{'type': 'MarginBalance', 'initial': '0.00', 'maintenance': '2.35', 'currency': 'USD', 'instrument_id': 'EUR/USD.IDEALPRO'}]",False,{}
99999.98,2.35,99997.63,USD,IDEALPRO-001,MARGIN,,"[{'type': 'MarginBalance', 'initial': '0.00', 'maintenance': '2.35', 'currency': 'USD', 'instrument_id': 'EUR/USD.IDEALPRO'}]",False,{}
100000.00,0.00,100000.00,EUR,IDEALPRO-001,MARGIN,,"[{'type': 'MarginBalance', 'initial': '0.00', 'maintenance': '2.35', 'currency': 'USD', 'instrument_id': 'EUR/USD.IDEALPRO'}]",False,{}
99999.96,0.00,99999.96,USD,IDEALPRO-001,MARGIN,,[],False,{}
100000.00,0.00,100000.00,EUR,IDEALPRO-001,MARGIN,,[],False,{}
99999.96,0.00,99999.96,USD,IDEALPRO-001,MARGIN,,[],False,{}
100000.00,0.00,100000.00,EUR,IDEALPRO-001,MARGIN,,[],False,{}
99999.96,0.00,99999.96,USD,IDEALPRO-001,MARGIN,,[],False,{}
100000.00,0.00,100000.00,EUR,IDEALPRO-001,MARGIN,,[],False,{}
99999.96,0.00,99999.96,USD,IDEALPRO-001,MARGIN,,[],False,{}
100000.00,0.00,100000.00,EUR,IDEALPRO-001,MARGIN,,[],False,{}
99999.96,0.00,99999.96,USD,IDEALPRO-001,MARGIN,,[],False,{}
100000.00,0.00,100000.00,EUR,IDEALPRO-001,MARGIN,,[],False,{}
99999.96,0.00,99999.96,USD,IDEALPRO-001,MARGIN,,[],False,{}
100000.00,0.00,100000.00,EUR,IDEALPRO-001,MARGIN,,[],False,{}
99999.96,2.35,99997.61,USD,IDEALPRO-001,MARGIN,,"[{'type': 'MarginBalance', 'initial': '0.00', 'maintenance': '2.35', 'currency': 'USD', 'instrument_id': 'EUR/USD.IDEALPRO'}]",False,{}
100000.00,0.00,100000.00,EUR,IDEALPRO-001,MARGIN,,"[{'type': 'MarginBalance', 'initial': '0.00', 'maintenance': '2.35', 'currency': 'USD', 'instrument_id': 'EUR/USD.IDEALPRO'}]",False,{}
99999.96,2.35,99997.61,USD,IDEALPRO-001,MARGIN,,"[{'type': 'MarginBalance', 'initial': '0.00', 'maintenance': '2.35', 'currency': 'USD', 'instrument_id': 'EUR/USD.IDEALPRO'}]",False,{}
100000.00,0.00,100000.00,EUR,IDEALPRO-001,MARGIN,,"[{'type': 'MarginBalance', 'initial': '0.00', 'maintenance': '2.35', 'currency': 'USD', 'instrument_id': 'EUR/USD.IDEALPRO'}]",False,{}
99999.96,2.35,99997.61,USD,IDEALPRO-001,MARGIN,,"[{'type': 'MarginBalance', 'initial': '0.00', 'maintenance': '2.35', 'currency': 'USD', 'instrument_id': 'EUR/USD.IDEALPRO'}]",False,{}
100000.00,0.00,100000.00,EUR,IDEALPRO-001,MARGIN,,"[{'type': 'MarginBalance', 'initial': '0.00', 'maintenance': '2.35', 'currency': 'USD', 'instrument_id': 'EUR/USD.IDEALPRO'}]",False,{}
99999.96,2.35,99997.61,USD,IDEALPRO-001,MARGIN,,"[{'type': 'MarginBalance', 'initial': '0.00', 'maintenance': '2.35', 'currency': 'USD', 'instrument_id': 'EUR/USD.IDEALPRO'}]",False,{}
100000.00,0.00,100000.00,EUR,IDEALPRO-001,MARGIN,,"[{'type': 'MarginBalance', 'initial': '0.00', 'maintenance': '2.35', 'currency': 'USD', 'instrument_id': 'EUR/USD.IDEALPRO'}]",False,{}
99999.95,0.00,99999.95,USD,IDEALPRO-001,MARGIN,,[],False,{}
100000.00,0.00,100000.00,EUR,IDEALPRO-001,MARGIN,,[],False,{}
99999.95,0.00,99999.95,USD,IDEALPRO-001,MARGIN,,[],False,{}
100000.00,0.00,100000.00,EUR,IDEALPRO-001,MARGIN,,[],False,{}
99999.95,0.00,99999.95,USD,IDEALPRO-001,MARGIN,,[],False,{}
100000.00,0.00,100000.00,EUR,IDEALPRO-001,MARGIN,,[],False,{}
99999.95,0.00,99999.95,USD,IDEALPRO-001,MARGIN,,[],False,{}
100000.00,0.00,100000.00,EUR,IDEALPRO-001,MARGIN,,[],False,{}
99999.95,0.00,99999.95,USD,IDEALPRO-001,MARGIN,,[],False,{}
100000.00,0.00,100000.00,EUR,IDEALPRO-001,MARGIN,,[],False,{}
99999.95,0.00,99999.95,USD,IDEALPRO-001,MARGIN,,[],False,{}
100000.00,0.00,100000.00,EUR,IDEALPRO-001,MARGIN,,[],False,{}
99999.95,2.35,99997.60,USD,IDEALPRO-001,MARGIN,,"[{'type': 'MarginBalance', 'initial': '0.00', 'maintenance': '2.35', 'currency': 'USD', 'instrument_id': 'EUR/USD.IDEALPRO'}]",False,{}
100000.00,0.00,100000.00,EUR,IDEALPRO-001,MARGIN,,"[{'type': 'MarginBalance', 'initial': '0.00', 'maintenance': '2.35', 'currency': 'USD', 'instrument_id': 'EUR/USD.IDEALPRO'}]",False,{}
99999.95,2.35,99997.60,USD,IDEALPRO-001,MARGIN,,"[{'type': 'MarginBalance', 'initial': '0.00', 'maintenance': '2.35', 'currency': 'USD', 'instrument_id': 'EUR/USD.IDEALPRO'}]",False,{}
100000.00,0.00,100000.00,EUR,IDEALPRO-001,MARGIN,,"[{'type': 'MarginBalance', 'initial': '0.00', 'maintenance': '2.35', 'currency': 'USD', 'instrument_id': 'EUR/USD.IDEALPRO'}]",False,{}
99999.95,2.35,99997.60,USD,IDEALPRO-001,MARGIN,,"[{'type': 'MarginBalance', 'initial': '0.00', 'maintenance': '2.35', 'currency': 'USD', 'instrument_id': 'EUR/USD.IDEALPRO'}]",False,{}
100000.00,0.00,100000.00,EUR,IDEALPRO-001,MARGIN,,"[{'type': 'MarginBalance', 'initial': '0.00', 'maintenance': '2.35', 'currency': 'USD', 'instrument_id': 'EUR/USD.IDEALPRO'}]",False,{}
99999.95,2.35,99997.60,USD,IDEALPRO-001,MARGIN,,"[{'type': 'MarginBalance', 'initial': '0.00', 'maintenance': '2.35', 'currency': 'USD', 'instrument_id': 'EUR/USD.IDEALPRO'}]",False,{}
100000.00,0.00,100000.00,EUR,IDEALPRO-001,MARGIN,,"[{'type': 'MarginBalance', 'initial': '0.00', 'maintenance': '2.35', 'currency': 'USD', 'instrument_id': 'EUR/USD.IDEALPRO'}]",False,{}
99999.94,0.00,99999.94,USD,IDEALPRO-001,MARGIN,,[],False,{}
100000.00,0.00,100000.00,EUR,IDEALPRO-001,MARGIN,,[],False,{}
99999.94,0.00,99999.94,USD,IDEALPRO-001,MARGIN,,[],False,{}
100000.00,0.00,100000.00,EUR,IDEALPRO-001,MARGIN,,[],False,{}
99999.94,0.00,99999.94,USD,IDEALPRO-001,MARGIN,,[],False,{}
100000.00,0.00,100000.00,EUR,IDEALPRO-001,MARGIN,,[],False,{}
99999.94,0.00,99999.94,USD,IDEALPRO-001,MARGIN,,[],False,{}
100000.00,0.00,100000.00,EUR,IDEALPRO-001,MARGIN,,[],False,{}
99999.94,0.00,99999.94,USD,IDEALPRO-001,MARGIN,,[],False,{}
100000.00,0.00,100000.00,EUR,IDEALPRO-001,MARGIN,,[],False,{}
99999.94,0.00,99999.94,USD,IDEALPRO-001,MARGIN,,[],False,{}
100000.00,0.00,100000.00,EUR,IDEALPRO-001,MARGIN,,[],False,{}
99999.94,2.35,99997.59,USD,IDEALPRO-001,MARGIN,,"[{'type': 'MarginBalance', 'initial': '0.00', 'maintenance': '2.35', 'currency': 'USD', 'instrument_id': 'EUR/USD.IDEALPRO'}]",False,{}
100000.00,0.00,100000.00,EUR,IDEALPRO-001,MARGIN,,"[{'type': 'MarginBalance', 'initial': '0.00', 'maintenance': '2.35', 'currency': 'USD', 'instrument_id': 'EUR/USD.IDEALPRO'}]",False,{}
99999.94,2.35,99997.59,USD,IDEALPRO-001,MARGIN,,"[{'type': 'MarginBalance', 'initial': '0.00', 'maintenance': '2.35', 'currency': 'USD', 'instrument_id': 'EUR/USD.IDEALPRO'}]",False,{}
100000.00,0.00,100000.00,EUR,IDEALPRO-001,MARGIN,,"[{'type': 'MarginBalance', 'initial': '0.00', 'maintenance': '2.35', 'currency': 'USD', 'instrument_id': 'EUR/USD.IDEALPRO'}]",False,{}
99999.94,2.35,99997.59,USD,IDEALPRO-001,MARGIN,,"[{'type': 'MarginBalance', 'initial': '0.00', 'maintenance': '2.35', 'currency': 'USD', 'instrument_id': 'EUR/USD.IDEALPRO'}]",False,{}
100000.00,0.00,100000.00,EUR,IDEALPRO-001,MARGIN,,"[{'type': 'MarginBalance', 'initial': '0.00', 'maintenance': '2.35', 'currency': 'USD', 'instrument_id': 'EUR/USD.IDEALPRO'}]",False,{}
99999.94,2.35,99997.59,USD,IDEALPRO-001,MARGIN,,"[{'type': 'MarginBalance', 'initial': '0.00', 'maintenance': '2.35', 'currency': 'USD', 'instrument_id': 'EUR/USD.IDEALPRO'}]",False,{}
100000.00,0.00,100000.00,EUR,IDEALPRO-001,MARGIN,,"[{'type': 'MarginBalance', 'initial': '0.00', 'maintenance': '2.35', 'currency': 'USD', 'instrument_id': 'EUR/USD.IDEALPRO'}]",False,{}
99999.91,0.00,99999.91,USD,IDEALPRO-001,MARGIN,,[],False,{}
100000.00,0.00,100000.00,EUR,IDEALPRO-001,MARGIN,,[],False,{}
99999.91,0.00,99999.91,USD,IDEALPRO-001,MARGIN,,[],False,{}
100000.00,0.00,100000.00,EUR,IDEALPRO-001,MARGIN,,[],False,{}
99999.91,0.00,99999.91,USD,IDEALPRO-001,MARGIN,,[],False,{}
100000.00,0.00,100000.00,EUR,IDEALPRO-001,MARGIN,,[],False,{}
99999.91,0.00,99999.91,USD,IDEALPRO-001,MARGIN,,[],False,{}
100000.00,0.00,100000.00,EUR,IDEALPRO-001,MARGIN,,[],False,{}
99999.91,0.00,99999.91,USD,IDEALPRO-001,MARGIN,,[],False,{}
100000.00,0.00,100000.00,EUR,IDEALPRO-001,MARGIN,,[],False,{}
99999.91,0.00,99999.91,USD,IDEALPRO-001,MARGIN,,[],False,{}
100000.00,0.00,100000.00,EUR,IDEALPRO-001,MARGIN,,[],False,{}
99999.91,2.35,99997.56,USD,IDEALPRO-001,MARGIN,,"[{'type': 'MarginBalance', 'initial': '0.00', 'maintenance': '2.35', 'currency': 'USD', 'instrument_id': 'EUR/USD.IDEALPRO'}]",False,{}
100000.00,0.00,100000.00,EUR,IDEALPRO-001,MARGIN,,"[{'type': 'MarginBalance', 'initial': '0.00', 'maintenance': '2.35', 'currency': 'USD', 'instrument_id': 'EUR/USD.IDEALPRO'}]",False,{}
99999.91,2.35,99997.56,USD,IDEALPRO-001,MARGIN,,"[{'type': 'MarginBalance', 'initial': '0.00', 'maintenance': '2.35', 'currency': 'USD', 'instrument_id': 'EUR/USD.IDEALPRO'}]",False,{}
100000.00,0.00,100000.00,EUR,IDEALPRO-001,MARGIN,,"[{'type': 'MarginBalance', 'initial': '0.00', 'maintenance': '2.35', 'currency': 'USD', 'instrument_id': 'EUR/USD.IDEALPRO'}]",False,{}
99999.91,2.35,99997.56,USD,IDEALPRO-001,MARGIN,,"[{'type': 'MarginBalance', 'initial': '0.00', 'maintenance': '2.35', 'currency': 'USD', 'instrument_id': 'EUR/USD.IDEALPRO'}]",False,{}
100000.00,0.00,100000.00,EUR,IDEALPRO-001,MARGIN,,"[{'type': 'MarginBalance', 'initial': '0.00', 'maintenance': '2.35', 'currency': 'USD', 'instrument_id': 'EUR/USD.IDEALPRO'}]",False,{}
99999.91,2.35,99997.56,USD,IDEALPRO-001,MARGIN,,"[{'type': 'MarginBalance', 'initial': '0.00', 'maintenance': '2.35', 'currency': 'USD', 'instrument_id': 'EUR/USD.IDEALPRO'}]",False,{}
100000.00,0.00,100000.00,EUR,IDEALPRO-001,MARGIN,,"[{'type': 'MarginBalance', 'initial': '0.00', 'maintenance': '2.35', 'currency': 'USD', 'instrument_id': 'EUR/USD.IDEALPRO'}]",False,{}
99999.93,0.00,99999.93,USD,IDEALPRO-001,MARGIN,,[],False,{}
100000.00,0.00,100000.00,EUR,IDEALPRO-001,MARGIN,,[],False,{}
99999.93,0.00,99999.93,USD,IDEALPRO-001,MARGIN,,[],False,{}
100000.00,0.00,100000.00,EUR,IDEALPRO-001,MARGIN,,[],False,{}
99999.93,0.00,99999.93,USD,IDEALPRO-001,MARGIN,,[],False,{}
100000.00,0.00,100000.00,EUR,IDEALPRO-001,MARGIN,,[],False,{}
99999.93,0.00,99999.93,USD,IDEALPRO-001,MARGIN,,[],False,{}
100000.00,0.00,100000.00,EUR,IDEALPRO-001,MARGIN,,[],False,{}
99999.93,0.00,99999.93,USD,IDEALPRO-001,MARGIN,,[],False,{}
100000.00,0.00,100000.00,EUR,IDEALPRO-001,MARGIN,,[],False,{}
99999.93,0.00,99999.93,USD,IDEALPRO-001,MARGIN,,[],False,{}
100000.00,0.00,100000.00,EUR,IDEALPRO-001,MARGIN,,[],False,{}
99999.93,2.35,99997.58,USD,IDEALPRO-001,MARGIN,,"[{'type': 'MarginBalance', 'initial': '0.00', 'maintenance': '2.35', 'currency': 'USD', 'instrument_id': 'EUR/USD.IDEALPRO'}]",False,{}
100000.00,0.00,100000.00,EUR,IDEALPRO-001,MARGIN,,"[{'type': 'MarginBalance', 'initial': '0.00', 'maintenance': '2.35', 'currency': 'USD', 'instrument_id': 'EUR/USD.IDEALPRO'}]",False,{}
99999.93,2.35,99997.58,USD,IDEALPRO-001,MARGIN,,"[{'type': 'MarginBalance', 'initial': '0.00', 'maintenance': '2.35', 'currency': 'USD', 'instrument_id': 'EUR/USD.IDEALPRO'}]",False,{}
100000.00,0.00,100000.00,EUR,IDEALPRO-001,MARGIN,,"[{'type': 'MarginBalance', 'initial': '0.00', 'maintenance': '2.35', 'currency': 'USD', 'instrument_id': 'EUR/USD.IDEALPRO'}]",False,{}
99999.93,2.35,99997.58,USD,IDEALPRO-001,MARGIN,,"[{'type': 'MarginBalance', 'initial': '0.00', 'maintenance': '2.35', 'currency': 'USD', 'instrument_id': 'EUR/USD.IDEALPRO'}]",False,{}
100000.00,0.00,100000.00,EUR,IDEALPRO-001,MARGIN,,"[{'type': 'MarginBalance', 'initial': '0.00', 'maintenance': '2.35', 'currency': 'USD', 'instrument_id': 'EUR/USD.IDEALPRO'}]",False,{}
99999.87,0.00,99999.87,USD,IDEALPRO-001,MARGIN,,[],False,{}
100000.00,0.00,100000.00,EUR,IDEALPRO-001,MARGIN,,[],False,{}
99999.87,0.00,99999.87,USD,IDEALPRO-001,MARGIN,,[],False,{}
100000.00,0.00,100000.00,EUR,IDEALPRO-001,MARGIN,,[],False,{}
99999.87,0.00,99999.87,USD,IDEALPRO-001,MARGIN,,[],False,{}
100000.00,0.00,100000.00,EUR,IDEALPRO-001,MARGIN,,[],False,{}
99999.87,0.00,99999.87,USD,IDEALPRO-001,MARGIN,,[],False,{}
100000.00,0.00,100000.00,EUR,IDEALPRO-001,MARGIN,,[],False,{}
99999.87,0.00,99999.87,USD,IDEALPRO-001,MARGIN,,[],False,{}
100000.00,0.00,100000.00,EUR,IDEALPRO-001,MARGIN,,[],False,{}
99999.87,2.35,99997.52,USD,IDEALPRO-001,MARGIN,,"[{'type': 'MarginBalance', 'initial': '0.00', 'maintenance': '2.35', 'currency': 'USD', 'instrument_id': 'EUR/USD.IDEALPRO'}]",False,{}
100000.00,0.00,100000.00,EUR,IDEALPRO-001,MARGIN,,"[{'type': 'MarginBalance', 'initial': '0.00', 'maintenance': '2.35', 'currency': 'USD', 'instrument_id': 'EUR/USD.IDEALPRO'}]",False,{}
99999.87,2.35,99997.52,USD,IDEALPRO-001,MARGIN,,"[{'type': 'MarginBalance', 'initial': '0.00', 'maintenance': '2.35', 'currency': 'USD', 'instrument_id': 'EUR/USD.IDEALPRO'}]",False,{}
100000.00,0.00,100000.00,EUR,IDEALPRO-001,MARGIN,,"[{'type': 'MarginBalance', 'initial': '0.00', 'maintenance': '2.35', 'currency': 'USD', 'instrument_id': 'EUR/USD.IDEALPRO'}]",False,{}
99999.87,2.35,99997.52,USD,IDEALPRO-001,MARGIN,,"[{'type': 'MarginBalance', 'initial': '0.00', 'maintenance': '2.35', 'currency': 'USD', 'instrument_id': 'EUR/USD.IDEALPRO'}]",False,{}
100000.00,0.00,100000.00,EUR,IDEALPRO-001,MARGIN,,"[{'type': 'MarginBalance', 'initial': '0.00', 'maintenance': '2.35', 'currency': 'USD', 'instrument_id': 'EUR/USD.IDEALPRO'}]",False,{}
99999.87,2.35,99997.52,USD,IDEALPRO-001,MARGIN,,"[{'type': 'MarginBalance', 'initial': '0.00', 'maintenance': '2.35', 'currency': 'USD', 'instrument_id': 'EUR/USD.IDEALPRO'}]",False,{}
100000.00,0.00,100000.00,EUR,IDEALPRO-001,MARGIN,,"[{'type': 'MarginBalance', 'initial': '0.00', 'maintenance': '2.35', 'currency': 'USD', 'instrument_id': 'EUR/USD.IDEALPRO'}]",False,{}
99999.94,0.00,99999.94,USD,IDEALPRO-001,MARGIN,,[],False,{}
100000.00,0.00,100000.00,EUR,IDEALPRO-001,MARGIN,,[],False,{}
99999.94,0.00,99999.94,USD,IDEALPRO-001,MARGIN,,[],False,{}
100000.00,0.00,100000.00,EUR,IDEALPRO-001,MARGIN,,[],False,{}
99999.94,0.00,99999.94,USD,IDEALPRO-001,MARGIN,,[],False,{}
100000.00,0.00,100000.00,EUR,IDEALPRO-001,MARGIN,,[],False,{}
99999.94,0.00,99999.94,USD,IDEALPRO-001,MARGIN,,[],False,{}
100000.00,0.00,100000.00,EUR,IDEALPRO-001,MARGIN,,[],False,{}
99999.94,0.00,99999.94,USD,IDEALPRO-001,MARGIN,,[],False,{}
100000.00,0.00,100000.00,EUR,IDEALPRO-001,MARGIN,,[],False,{}
99999.94,0.00,99999.94,USD,IDEALPRO-001,MARGIN,,[],False,{}
100000.00,0.00,100000.00,EUR,IDEALPRO-001,MARGIN,,[],False,{}
99999.94,2.36,99997.58,USD,IDEALPRO-001,MARGIN,,"[{'type': 'MarginBalance', 'initial': '0.00', 'maintenance': '2.36', 'currency': 'USD', 'instrument_id': 'EUR/USD.IDEALPRO'}]",False,{}
100000.00,0.00,100000.00,EUR,IDEALPRO-001,MARGIN,,"[{'type': 'MarginBalance', 'initial': '0.00', 'maintenance': '2.36', 'currency': 'USD', 'instrument_id': 'EUR/USD.IDEALPRO'}]",False,{}
99999.94,2.36,99997.58,USD,IDEALPRO-001,MARGIN,,"[{'type': 'MarginBalance', 'initial': '0.00', 'maintenance': '2.36', 'currency': 'USD', 'instrument_id': 'EUR/USD.IDEALPRO'}]",False,{}
100000.00,0.00,100000.00,EUR,IDEALPRO-001,MARGIN,,"[{'type': 'MarginBalance', 'initial': '0.00', 'maintenance': '2.36', 'currency': 'USD', 'instrument_id': 'EUR/USD.IDEALPRO'}]",False,{}
99999.94,2.36,99997.58,USD,IDEALPRO-001,MARGIN,,"[{'type': 'MarginBalance', 'initial': '0.00', 'maintenance': '2.36', 'currency': 'USD', 'instrument_id': 'EUR/USD.IDEALPRO'}]",False,{}
100000.00,0.00,100000.00,EUR,IDEALPRO-001,MARGIN,,"[{'type': 'MarginBalance', 'initial': '0.00', 'maintenance': '2.36', 'currency': 'USD', 'instrument_id': 'EUR/USD.IDEALPRO'}]",False,{}
99999.94,2.36,99997.58,USD,IDEALPRO-001,MARGIN,,"[{'type': 'MarginBalance', 'initial': '0.00', 'maintenance': '2.36', 'currency': 'USD', 'instrument_id': 'EUR/USD.IDEALPRO'}]",False,{}
100000.00,0.00,100000.00,EUR,IDEALPRO-001,MARGIN,,"[{'type': 'MarginBalance', 'initial': '0.00', 'maintenance': '2.36', 'currency': 'USD', 'instrument_id': 'EUR/USD.IDEALPRO'}]",False,{}
99999.92,0.00,99999.92,USD,IDEALPRO-001,MARGIN,,[],False,{}
100000.00,0.00,100000.00,EUR,IDEALPRO-001,MARGIN,,[],False,{}
99999.92,0.00,99999.92,USD,IDEALPRO-001,MARGIN,,[],False,{}
100000.00,0.00,100000.00,EUR,IDEALPRO-001,MARGIN,,[],False,{}
99999.92,0.00,99999.92,USD,IDEALPRO-001,MARGIN,,[],False,{}
100000.00,0.00,100000.00,EUR,IDEALPRO-001,MARGIN,,[],False,{}
99999.92,0.00,99999.92,USD,IDEALPRO-001,MARGIN,,[],False,{}
100000.00,0.00,100000.00,EUR,IDEALPRO-001,MARGIN,,[],False,{}
99999.92,0.00,99999.92,USD,IDEALPRO-001,MARGIN,,[],False,{}
100000.00,0.00,100000.00,EUR,IDEALPRO-001,MARGIN,,[],False,{}
99999.92,0.00,99999.92,USD,IDEALPRO-001,MARGIN,,[],False,{}
100000.00,0.00,100000.00,EUR,IDEALPRO-001,MARGIN,,[],False,{}
99999.92,2.36,99997.56,USD,IDEALPRO-001,MARGIN,,"[{'type': 'MarginBalance', 'initial': '0.00', 'maintenance': '2.36', 'currency': 'USD', 'instrument_id': 'EUR/USD.IDEALPRO'}]",False,{}
100000.00,0.00,100000.00,EUR,IDEALPRO-001,MARGIN,,"[{'type': 'MarginBalance', 'initial': '0.00', 'maintenance': '2.36', 'currency': 'USD', 'instrument_id': 'EUR/USD.IDEALPRO'}]",False,{}
99999.92,2.36,99997.56,USD,IDEALPRO-001,MARGIN,,"[{'type': 'MarginBalance', 'initial': '0.00', 'maintenance': '2.36', 'currency': 'USD', 'instrument_id': 'EUR/USD.IDEALPRO'}]",False,{}
100000.00,0.00,100000.00,EUR,IDEALPRO-001,MARGIN,,"[{'type': 'MarginBalance', 'initial': '0.00', 'maintenance': '2.36', 'currency': 'USD', 'instrument_id': 'EUR/USD.IDEALPRO'}]",False,{}
99999.92,2.36,99997.56,USD,IDEALPRO-001,MARGIN,,"[{'type': 'MarginBalance', 'initial': '0.00', 'maintenance': '2.36', 'currency': 'USD', 'instrument_id': 'EUR/USD.IDEALPRO'}]",False,{}
100000.00,0.00,100000.00,EUR,IDEALPRO-001,MARGIN,,"[{'type': 'MarginBalance', 'initial': '0.00', 'maintenance': '2.36', 'currency': 'USD', 'instrument_id': 'EUR/USD.IDEALPRO'}]",False,{}
99999.92,2.36,99997.56,USD,IDEALPRO-001,MARGIN,,"[{'type': 'MarginBalance', 'initial': '0.00', 'maintenance': '2.36', 'currency': 'USD', 'instrument_id': 'EUR/USD.IDEALPRO'}]",False,{}
100000.00,0.00,100000.00,EUR,IDEALPRO-001,MARGIN,,"[{'type': 'MarginBalance', 'initial': '0.00', 'maintenance': '2.36', 'currency': 'USD', 'instrument_id': 'EUR/USD.IDEALPRO'}]",False,{}
99999.96,0.00,99999.96,USD,IDEALPRO-001,MARGIN,,[],False,{}
100000.00,0.00,100000.00,EUR,IDEALPRO-001,MARGIN,,[],False,{}
99999.96,0.00,99999.96,USD,IDEALPRO-001,MARGIN,,[],False,{}
100000.00,0.00,100000.00,EUR,IDEALPRO-001,MARGIN,,[],False,{}
99999.96,0.00,99999.96,USD,IDEALPRO-001,MARGIN,,[],False,{}
100000.00,0.00,100000.00,EUR,IDEALPRO-001,MARGIN,,[],False,{}
99999.96,0.00,99999.96,USD,IDEALPRO-001,MARGIN,,[],False,{}
100000.00,0.00,100000.00,EUR,IDEALPRO-001,MARGIN,,[],False,{}
99999.96,0.00,99999.96,USD,IDEALPRO-001,MARGIN,,[],False,{}
100000.00,0.00,100000.00,EUR,IDEALPRO-001,MARGIN,,[],False,{}
99999.96,0.00,99999.96,USD,IDEALPRO-001,MARGIN,,[],False,{}
100000.00,0.00,100000.00,EUR,IDEALPRO-001,MARGIN,,[],False,{}
99999.96,2.36,99997.60,USD,IDEALPRO-001,MARGIN,,"[{'type': 'MarginBalance', 'initial': '0.00', 'maintenance': '2.36', 'currency': 'USD', 'instrument_id': 'EUR/USD.IDEALPRO'}]",False,{}
100000.00,0.00,100000.00,EUR,IDEALPRO-001,MARGIN,,"[{'type': 'MarginBalance', 'initial': '0.00', 'maintenance': '2.36', 'currency': 'USD', 'instrument_id': 'EUR/USD.IDEALPRO'}]",False,{}
99999.96,2.36,99997.60,USD,IDEALPRO-001,MARGIN,,"[{'type': 'MarginBalance', 'initial': '0.00', 'maintenance': '2.36', 'currency': 'USD', 'instrument_id': 'EUR/USD.IDEALPRO'}]",False,{}
100000.00,0.00,100000.00,EUR,IDEALPRO-001,MARGIN,,"[{'type': 'MarginBalance', 'initial': '0.00', 'maintenance': '2.36', 'currency': 'USD', 'instrument_id': 'EUR/USD.IDEALPRO'}]",False,{}
99999.96,2.36,99997.60,USD,IDEALPRO-001,MARGIN,,"[{'type': 'MarginBalance', 'initial': '0.00', 'maintenance': '2.36', 'currency': 'USD', 'instrument_id': 'EUR/USD.IDEALPRO'}]",False,{}
100000.00,0.00,100000.00,EUR,IDEALPRO-001,MARGIN,,"[{'type': 'MarginBalance', 'initial': '0.00', 'maintenance': '2.36', 'currency': 'USD', 'instrument_id': 'EUR/USD.IDEALPRO'}]",False,{}
99999.96,2.36,99997.60,USD,IDEALPRO-001,MARGIN,,"[{'type': 'MarginBalance', 'initial': '0.00', 'maintenance': '2.36', 'currency': 'USD', 'instrument_id': 'EUR/USD.IDEALPRO'}]",False,{}
100000.00,0.00,100000.00,EUR,IDEALPRO-001,MARGIN,,"[{'type': 'MarginBalance', 'initial': '0.00', 'maintenance': '2.36', 'currency': 'USD', 'instrument_id': 'EUR/USD.IDEALPRO'}]",False,{}
99999.95,0.00,99999.95,USD,IDEALPRO-001,MARGIN,,[],False,{}
100000.00,0.00,100000.00,EUR,IDEALPRO-001,MARGIN,,[],False,{}
99999.95,0.00,99999.95,USD,IDEALPRO-001,MARGIN,,[],False,{}
100000.00,0.00,100000.00,EUR,IDEALPRO-001,MARGIN,,[],False,{}
99999.95,0.00,99999.95,USD,IDEALPRO-001,MARGIN,,[],False,{}
100000.00,0.00,100000.00,EUR,IDEALPRO-001,MARGIN,,[],False,{}
99999.95,0.00,99999.95,USD,IDEALPRO-001,MARGIN,,[],False,{}
100000.00,0.00,100000.00,EUR,IDEALPRO-001,MARGIN,,[],False,{}
99999.95,0.00,99999.95,USD,IDEALPRO-001,MARGIN,,[],False,{}
100000.00,0.00,100000.00,EUR,IDEALPRO-001,MARGIN,,[],False,{}
99999.95,0.00,99999.95,USD,IDEALPRO-001,MARGIN,,[],False,{}
100000.00,0.00,100000.00,EUR,IDEALPRO-001,MARGIN,,[],False,{}
99999.95,2.36,99997.59,USD,IDEALPRO-001,MARGIN,,"[{'type': 'MarginBalance', 'initial': '0.00', 'maintenance': '2.36', 'currency': 'USD', 'instrument_id': 'EUR/USD.IDEALPRO'}]",False,{}
100000.00,0.00,100000.00,EUR,IDEALPRO-001,MARGIN,,"[{'type': 'MarginBalance', 'initial': '0.00', 'maintenance': '2.36', 'currency': 'USD', 'instrument_id': 'EUR/USD.IDEALPRO'}]",False,{}
99999.95,2.36,99997.59,USD,IDEALPRO-001,MARGIN,,"[{'type': 'MarginBalance', 'initial': '0.00', 'maintenance': '2.36', 'currency': 'USD', 'instrument_id': 'EUR/USD.IDEALPRO'}]",False,{}
100000.00,0.00,100000.00,EUR,IDEALPRO-001,MARGIN,,"[{'type': 'MarginBalance', 'initial': '0.00', 'maintenance': '2.36', 'currency': 'USD', 'instrument_id': 'EUR/USD.IDEALPRO'}]",False,{}
99999.95,2.36,99997.59,USD,IDEALPRO-001,MARGIN,,"[{'type': 'MarginBalance', 'initial': '0.00', 'maintenance': '2.36', 'currency': 'USD', 'instrument_id': 'EUR/USD.IDEALPRO'}]",False,{}
100000.00,0.00,100000.00,EUR,IDEALPRO-001,MARGIN,,"[{'type': 'MarginBalance', 'initial': '0.00', 'maintenance': '2.36', 'currency': 'USD', 'instrument_id': 'EUR/USD.IDEALPRO'}]",False,{}
99999.95,2.36,99997.59,USD,IDEALPRO-001,MARGIN,,"[{'type': 'MarginBalance', 'initial': '0.00', 'maintenance': '2.36', 'currency': 'USD', 'instrument_id': 'EUR/USD.IDEALPRO'}]",False,{}
100000.00,0.00,100000.00,EUR,IDEALPRO-001,MARGIN,,"[{'type': 'MarginBalance', 'initial': '0.00', 'maintenance': '2.36', 'currency': 'USD', 'instrument_id': 'EUR/USD.IDEALPRO'}]",False,{}
99999.98,0.00,99999.98,USD,IDEALPRO-001,MARGIN,,[],False,{}
100000.00,0.00,100000.00,EUR,IDEALPRO-001,MARGIN,,[],False,{}
99999.98,0.00,99999.98,USD,IDEALPRO-001,MARGIN,,[],False,{}
100000.00,0.00,100000.00,EUR,IDEALPRO-001,MARGIN,,[],False,{}
99999.98,0.00,99999.98,USD,IDEALPRO-001,MARGIN,,[],False,{}
100000.00,0.00,100000.00,EUR,IDEALPRO-001,MARGIN,,[],False,{}
99999.98,0.00,99999.98,USD,IDEALPRO-001,MARGIN,,[],False,{}
100000.00,0.00,100000.00,EUR,IDEALPRO-001,MARGIN,,[],False,{}
99999.98,0.00,99999.98,USD,IDEALPRO-001,MARGIN,,[],False,{}
100000.00,0.00,100000.00,EUR,IDEALPRO-001,MARGIN,,[],False,{}
99999.98,0.00,99999.98,USD,IDEALPRO-001,MARGIN,,[],False,{}
100000.00,0.00,100000.00,EUR,IDEALPRO-001,MARGIN,,[],False,{}
99999.98,2.36,99997.62,USD,IDEALPRO-001,MARGIN,,"[{'type': 'MarginBalance', 'initial': '0.00', 'maintenance': '2.36', 'currency': 'USD', 'instrument_id': 'EUR/USD.IDEALPRO'}]",False,{}
100000.00,0.00,100000.00,EUR,IDEALPRO-001,MARGIN,,"[{'type': 'MarginBalance', 'initial': '0.00', 'maintenance': '2.36', 'currency': 'USD', 'instrument_id': 'EUR/USD.IDEALPRO'}]",False,{}
99999.98,2.36,99997.62,USD,IDEALPRO-001,MARGIN,,"[{'type': 'MarginBalance', 'initial': '0.00', 'maintenance': '2.36', 'currency': 'USD', 'instrument_id': 'EUR/USD.IDEALPRO'}]",False,{}
100000.00,0.00,100000.00,EUR,IDEALPRO-001,MARGIN,,"[{'type': 'MarginBalance', 'initial': '0.00', 'maintenance': '2.36', 'currency': 'USD', 'instrument_id': 'EUR/USD.IDEALPRO'}]",False,{}
99999.98,2.36,99997.62,USD,IDEALPRO-001,MARGIN,,"[{'type': 'MarginBalance', 'initial': '0.00', 'maintenance': '2.36', 'currency': 'USD', 'instrument_id': 'EUR/USD.IDEALPRO'}]",False,{}
100000.00,0.00,100000.00,EUR,IDEALPRO-001,MARGIN,,"[{'type': 'MarginBalance', 'initial': '0.00', 'maintenance': '2.36', 'currency': 'USD', 'instrument_id': 'EUR/USD.IDEALPRO'}]",False,{}
99999.98,2.36,99997.62,USD,IDEALPRO-001,MARGIN,,"[{'type': 'MarginBalance', 'initial': '0.00', 'maintenance': '2.36', 'currency': 'USD', 'instrument_id': 'EUR/USD.IDEALPRO'}]",False,{}
100000.00,0.00,100000.00,EUR,IDEALPRO-001,MARGIN,,"[{'type': 'MarginBalance', 'initial': '0.00', 'maintenance': '2.36', 'currency': 'USD', 'instrument_id': 'EUR/USD.IDEALPRO'}]",False,{}
99999.99,0.00,99999.99,USD,IDEALPRO-001,MARGIN,,[],False,{}
100000.00,0.00,100000.00,EUR,IDEALPRO-001,MARGIN,,[],False,{}
99999.99,0.00,99999.99,USD,IDEALPRO-001,MARGIN,,[],False,{}
100000.00,0.00,100000.00,EUR,IDEALPRO-001,MARGIN,,[],False,{}
99999.99,0.00,99999.99,USD,IDEALPRO-001,MARGIN,,[],False,{}
100000.00,0.00,100000.00,EUR,IDEALPRO-001,MARGIN,,[],False,{}
99999.99,0.00,99999.99,USD,IDEALPRO-001,MARGIN,,[],False,{}
100000.00,0.00,100000.00,EUR,IDEALPRO-001,MARGIN,,[],False,{}
99999.99,0.00,99999.99,USD,IDEALPRO-001,MARGIN,,[],False,{}
100000.00,0.00,100000.00,EUR,IDEALPRO-001,MARGIN,,[],False,{}
99999.99,0.00,99999.99,USD,IDEALPRO-001,MARGIN,,[],False,{}
100000.00,0.00,100000.00,EUR,IDEALPRO-001,MARGIN,,[],False,{}
99999.99,2.36,99997.63,USD,IDEALPRO-001,MARGIN,,"[{'type': 'MarginBalance', 'initial': '0.00', 'maintenance': '2.36', 'currency': 'USD', 'instrument_id': 'EUR/USD.IDEALPRO'}]",False,{}
100000.00,0.00,100000.00,EUR,IDEALPRO-001,MARGIN,,"[{'type': 'MarginBalance', 'initial': '0.00', 'maintenance': '2.36', 'currency': 'USD', 'instrument_id': 'EUR/USD.IDEALPRO'}]",False,{}
99999.99,2.36,99997.63,USD,IDEALPRO-001,MARGIN,,"[{'type': 'MarginBalance', 'initial': '0.00', 'maintenance': '2.36', 'currency': 'USD', 'instrument_id': 'EUR/USD.IDEALPRO'}]",False,{}
100000.00,0.00,100000.00,EUR,IDEALPRO-001,MARGIN,,"[{'type': 'MarginBalance', 'initial': '0.00', 'maintenance': '2.36', 'currency': 'USD', 'instrument_id': 'EUR/USD.IDEALPRO'}]",False,{}
99999.99,2.36,99997.63,USD,IDEALPRO-001,MARGIN,,"[{'type': 'MarginBalance', 'initial': '0.00', 'maintenance': '2.36', 'currency': 'USD', 'instrument_id': 'EUR/USD.IDEALPRO'}]",False,{}
100000.00,0.00,100000.00,EUR,IDEALPRO-001,MARGIN,,"[{'type': 'MarginBalance', 'initial': '0.00', 'maintenance': '2.36', 'currency': 'USD', 'instrument_id': 'EUR/USD.IDEALPRO'}]",False,{}
99999.93,0.00,99999.93,USD,IDEALPRO-001,MARGIN,,[],False,{}
100000.00,0.00,100000.00,EUR,IDEALPRO-001,MARGIN,,[],False,{}
99999.93,0.00,99999.93,USD,IDEALPRO-001,MARGIN,,[],False,{}
100000.00,0.00,100000.00,EUR,IDEALPRO-001,MARGIN,,[],False,{}
99999.93,0.00,99999.93,USD,IDEALPRO-001,MARGIN,,[],False,{}
100000.00,0.00,100000.00,EUR,IDEALPRO-001,MARGIN,,[],False,{}
99999.93,0.00,99999.93,USD,IDEALPRO-001,MARGIN,,[],False,{}
100000.00,0.00,100000.00,EUR,IDEALPRO-001,MARGIN,,[],False,{}
99999.93,0.00,99999.93,USD,IDEALPRO-001,MARGIN,,[],False,{}
100000.00,0.00,100000.00,EUR,IDEALPRO-001,MARGIN,,[],False,{}
99999.93,2.36,99997.57,USD,IDEALPRO-001,MARGIN,,"[{'type': 'MarginBalance', 'initial': '0.00', 'maintenance': '2.36', 'currency': 'USD', 'instrument_id': 'EUR/USD.IDEALPRO'}]",False,{}
100000.00,0.00,100000.00,EUR,IDEALPRO-001,MARGIN,,"[{'type': 'MarginBalance', 'initial': '0.00', 'maintenance': '2.36', 'currency': 'USD', 'instrument_id': 'EUR/USD.IDEALPRO'}]",False,{}
99999.93,2.36,99997.57,USD,IDEALPRO-001,MARGIN,,"[{'type': 'MarginBalance', 'initial': '0.00', 'maintenance': '2.36', 'currency': 'USD', 'instrument_id': 'EUR/USD.IDEALPRO'}]",False,{}
100000.00,0.00,100000.00,EUR,IDEALPRO-001,MARGIN,,"[{'type': 'MarginBalance', 'initial': '0.00', 'maintenance': '2.36', 'currency': 'USD', 'instrument_id': 'EUR/USD.IDEALPRO'}]",False,{}
99999.93,2.36,99997.57,USD,IDEALPRO-001,MARGIN,,"[{'type': 'MarginBalance', 'initial': '0.00', 'maintenance': '2.36', 'currency': 'USD', 'instrument_id': 'EUR/USD.IDEALPRO'}]",False,{}
100000.00,0.00,100000.00,EUR,IDEALPRO-001,MARGIN,,"[{'type': 'MarginBalance', 'initial': '0.00', 'maintenance': '2.36', 'currency': 'USD', 'instrument_id': 'EUR/USD.IDEALPRO'}]",False,{}
99999.87,0.00,99999.87,USD,IDEALPRO-001,MARGIN,,[],False,{}
100000.00,0.00,100000.00,EUR,IDEALPRO-001,MARGIN,,[],False,{}
99999.87,0.00,99999.87,USD,IDEALPRO-001,MARGIN,,[],False,{}
100000.00,0.00,100000.00,EUR,IDEALPRO-001,MARGIN,,[],False,{}
99999.87,0.00,99999.87,USD,IDEALPRO-001,MARGIN,,[],False,{}
100000.00,0.00,100000.00,EUR,IDEALPRO-001,MARGIN,,[],False,{}
99999.87,0.00,99999.87,USD,IDEALPRO-001,MARGIN,,[],False,{}
100000.00,0.00,100000.00,EUR,IDEALPRO-001,MARGIN,,[],False,{}
99999.87,0.00,99999.87,USD,IDEALPRO-001,MARGIN,,[],False,{}
100000.00,0.00,100000.00,EUR,IDEALPRO-001,MARGIN,,[],False,{}
99999.87,2.36,99997.51,USD,IDEALPRO-001,MARGIN,,"[{'type': 'MarginBalance', 'initial': '0.00', 'maintenance': '2.36', 'currency': 'USD', 'instrument_id': 'EUR/USD.IDEALPRO'}]",False,{}
100000.00,0.00,100000.00,EUR,IDEALPRO-001,MARGIN,,"[{'type': 'MarginBalance', 'initial': '0.00', 'maintenance': '2.36', 'currency': 'USD', 'instrument_id': 'EUR/USD.IDEALPRO'}]",False,{}
99999.87,2.36,99997.51,USD,IDEALPRO-001,MARGIN,,"[{'type': 'MarginBalance', 'initial': '0.00', 'maintenance': '2.36', 'currency': 'USD', 'instrument_id': 'EUR/USD.IDEALPRO'}]",False,{}
100000.00,0.00,100000.00,EUR,IDEALPRO-001,MARGIN,,"[{'type': 'MarginBalance', 'initial': '0.00', 'maintenance': '2.36', 'currency': 'USD', 'instrument_id': 'EUR/USD.IDEALPRO'}]",False,{}
99999.87,2.36,99997.51,USD,IDEALPRO-001,MARGIN,,"[{'type': 'MarginBalance', 'initial': '0.00', 'maintenance': '2.36', 'currency': 'USD', 'instrument_id': 'EUR/USD.IDEALPRO'}]",False,{}
100000.00,0.00,100000.00,EUR,IDEALPRO-001,MARGIN,,"[{'type': 'MarginBalance', 'initial': '0.00', 'maintenance': '2.36', 'currency': 'USD', 'instrument_id': 'EUR/USD.IDEALPRO'}]",False,{}
99999.81,0.00,99999.81,USD,IDEALPRO-001,MARGIN,,[],False,{}
100000.00,0.00,100000.00,EUR,IDEALPRO-001,MARGIN,,[],False,{}
99999.81,0.00,99999.81,USD,IDEALPRO-001,MARGIN,,[],False,{}
100000.00,0.00,100000.00,EUR,IDEALPRO-001,MARGIN,,[],False,{}
99999.81,0.00,99999.81,USD,IDEALPRO-001,MARGIN,,[],False,{}
100000.00,0.00,100000.00,EUR,IDEALPRO-001,MARGIN,,[],False,{}
99999.81,0.00,99999.81,USD,IDEALPRO-001,MARGIN,,[],False,{}
100000.00,0.00,100000.00,EUR,IDEALPRO-001,MARGIN,,[],False,{}
99999.81,0.00,99999.81,USD,IDEALPRO-001,MARGIN,,[],False,{}
100000.00,0.00,100000.00,EUR,IDEALPRO-001,MARGIN,,[],False,{}
99999.81,2.36,99997.45,USD,IDEALPRO-001,MARGIN,,"[{'type': 'MarginBalance', 'initial': '0.00', 'maintenance': '2.36', 'currency': 'USD', 'instrument_id': 'EUR/USD.IDEALPRO'}]",False,{}
100000.00,0.00,100000.00,EUR,IDEALPRO-001,MARGIN,,"[{'type': 'MarginBalance', 'initial': '0.00', 'maintenance': '2.36', 'currency': 'USD', 'instrument_id': 'EUR/USD.IDEALPRO'}]",False,{}
99999.81,2.36,99997.45,USD,IDEALPRO-001,MARGIN,,"[{'type': 'MarginBalance', 'initial': '0.00', 'maintenance': '2.36', 'currency': 'USD', 'instrument_id': 'EUR/USD.IDEALPRO'}]",False,{}
100000.00,0.00,100000.00,EUR,IDEALPRO-001,MARGIN,,"[{'type': 'MarginBalance', 'initial': '0.00', 'maintenance': '2.36', 'currency': 'USD', 'instrument_id': 'EUR/USD.IDEALPRO'}]",False,{}
99999.81,2.36,99997.45,USD,IDEALPRO-001,MARGIN,,"[{'type': 'MarginBalance', 'initial': '0.00', 'maintenance': '2.36', 'currency': 'USD', 'instrument_id': 'EUR/USD.IDEALPRO'}]",False,{}
100000.00,0.00,100000.00,EUR,IDEALPRO-001,MARGIN,,"[{'type': 'MarginBalance', 'initial': '0.00', 'maintenance': '2.36', 'currency': 'USD', 'instrument_id': 'EUR/USD.IDEALPRO'}]",False,{}
99999.81,2.36,99997.45,USD,IDEALPRO-001,MARGIN,,"[{'type': 'MarginBalance', 'initial': '0.00', 'maintenance': '2.36', 'currency': 'USD', 'instrument_id': 'EUR/USD.IDEALPRO'}]",False,{}
100000.00,0.00,100000.00,EUR,IDEALPRO-001,MARGIN,,"[{'type': 'MarginBalance', 'initial': '0.00', 'maintenance': '2.36', 'currency': 'USD', 'instrument_id': 'EUR/USD.IDEALPRO'}]",False,{}
99999.77,0.00,99999.77,USD,IDEALPRO-001,MARGIN,,[],False,{}
100000.00,0.00,100000.00,EUR,IDEALPRO-001,MARGIN,,[],False,{}
99999.77,0.00,99999.77,USD,IDEALPRO-001,MARGIN,,[],False,{}
100000.00,0.00,100000.00,EUR,IDEALPRO-001,MARGIN,,[],False,{}
99999.77,0.00,99999.77,USD,IDEALPRO-001,MARGIN,,[],False,{}
100000.00,0.00,100000.00,EUR,IDEALPRO-001,MARGIN,,[],False,{}
99999.77,0.00,99999.77,USD,IDEALPRO-001,MARGIN,,[],False,{}
100000.00,0.00,100000.00,EUR,IDEALPRO-001,MARGIN,,[],False,{}
99999.77,0.00,99999.77,USD,IDEALPRO-001,MARGIN,,[],False,{}
100000.00,0.00,100000.00,EUR,IDEALPRO-001,MARGIN,,[],False,{}
99999.77,0.00,99999.77,USD,IDEALPRO-001,MARGIN,,[],False,{}
100000.00,0.00,100000.00,EUR,IDEALPRO-001,MARGIN,,[],False,{}
99999.77,2.36,99997.41,USD,IDEALPRO-001,MARGIN,,"[{'type': 'MarginBalance', 'initial': '0.00', 'maintenance': '2.36', 'currency': 'USD', 'instrument_id': 'EUR/USD.IDEALPRO'}]",False,{}
100000.00,0.00,100000.00,EUR,IDEALPRO-001,MARGIN,,"[{'type': 'MarginBalance', 'initial': '0.00', 'maintenance': '2.36', 'currency': 'USD', 'instrument_id': 'EUR/USD.IDEALPRO'}]",False,{}
99999.77,2.36,99997.41,USD,IDEALPRO-001,MARGIN,,"[{'type': 'MarginBalance', 'initial': '0.00', 'maintenance': '2.36', 'currency': 'USD', 'instrument_id': 'EUR/USD.IDEALPRO'}]",False,{}
100000.00,0.00,100000.00,EUR,IDEALPRO-001,MARGIN,,"[{'type': 'MarginBalance', 'initial': '0.00', 'maintenance': '2.36', 'currency': 'USD', 'instrument_id': 'EUR/USD.IDEALPRO'}]",False,{}
99999.77,2.36,99997.41,USD,IDEALPRO-001,MARGIN,,"[{'type': 'MarginBalance', 'initial': '0.00', 'maintenance': '2.36', 'currency': 'USD', 'instrument_id': 'EUR/USD.IDEALPRO'}]",False,{}
100000.00,0.00,100000.00,EUR,IDEALPRO-001,MARGIN,,"[{'type': 'MarginBalance', 'initial': '0.00', 'maintenance': '2.36', 'currency': 'USD', 'instrument_id': 'EUR/USD.IDEALPRO'}]",False,{}
99999.77,2.36,99997.41,USD,IDEALPRO-001,MARGIN,,"[{'type': 'MarginBalance', 'initial': '0.00', 'maintenance': '2.36', 'currency': 'USD', 'instrument_id': 'EUR/USD.IDEALPRO'}]",False,{}
100000.00,0.00,100000.00,EUR,IDEALPRO-001,MARGIN,,"[{'type': 'MarginBalance', 'initial': '0.00', 'maintenance': '2.36', 'currency': 'USD', 'instrument_id': 'EUR/USD.IDEALPRO'}]",False,{}
99999.75,0.00,99999.75,USD,IDEALPRO-001,MARGIN,,[],False,{}
100000.00,0.00,100000.00,EUR,IDEALPRO-001,MARGIN,,[],False,{}
99999.75,0.00,99999.75,USD,IDEALPRO-001,MARGIN,,[],False,{}
100000.00,0.00,100000.00,EUR,IDEALPRO-001,MARGIN,,[],False,{}
99999.75,0.00,99999.75,USD,IDEALPRO-001,MARGIN,,[],False,{}
100000.00,0.00,100000.00,EUR,IDEALPRO-001,MARGIN,,[],False,{}
99999.75,0.00,99999.75,USD,IDEALPRO-001,MARGIN,,[],False,{}
100000.00,0.00,100000.00,EUR,IDEALPRO-001,MARGIN,,[],False,{}
99999.75,0.00,99999.75,USD,IDEALPRO-001,MARGIN,,[],False,{}
100000.00,0.00,100000.00,EUR,IDEALPRO-001,MARGIN,,[],False,{}
99999.75,0.00,99999.75,USD,IDEALPRO-001,MARGIN,,[],False,{}
100000.00,0.00,100000.00,EUR,IDEALPRO-001,MARGIN,,[],False,{}
99999.75,2.36,99997.39,USD,IDEALPRO-001,MARGIN,,"[{'type': 'MarginBalance', 'initial': '0.00', 'maintenance': '2.36', 'currency': 'USD', 'instrument_id': 'EUR/USD.IDEALPRO'}]",False,{}
100000.00,0.00,100000.00,EUR,IDEALPRO-001,MARGIN,,"[{'type': 'MarginBalance', 'initial': '0.00', 'maintenance': '2.36', 'currency': 'USD', 'instrument_id': 'EUR/USD.IDEALPRO'}]",False,{}
99999.75,2.36,99997.39,USD,IDEALPRO-001,MARGIN,,"[{'type': 'MarginBalance', 'initial': '0.00', 'maintenance': '2.36', 'currency': 'USD', 'instrument_id': 'EUR/USD.IDEALPRO'}]",False,{}
100000.00,0.00,100000.00,EUR,IDEALPRO-001,MARGIN,,"[{'type': 'MarginBalance', 'initial': '0.00', 'maintenance': '2.36', 'currency': 'USD', 'instrument_id': 'EUR/USD.IDEALPRO'}]",False,{}
99999.75,2.36,99997.39,USD,IDEALPRO-001,MARGIN,,"[{'type': 'MarginBalance', 'initial': '0.00', 'maintenance': '2.36', 'currency': 'USD', 'instrument_id': 'EUR/USD.IDEALPRO'}]",False,{}
100000.00,0.00,100000.00,EUR,IDEALPRO-001,MARGIN,,"[{'type': 'MarginBalance', 'initial': '0.00', 'maintenance': '2.36', 'currency': 'USD', 'instrument_id': 'EUR/USD.IDEALPRO'}]",False,{}
99999.75,2.36,99997.39,USD,IDEALPRO-001,MARGIN,,"[{'type': 'MarginBalance', 'initial': '0.00', 'maintenance': '2.36', 'currency': 'USD', 'instrument_id': 'EUR/USD.IDEALPRO'}]",False,{}
100000.00,0.00,100000.00,EUR,IDEALPRO-001,MARGIN,,"[{'type': 'MarginBalance', 'initial': '0.00', 'maintenance': '2.36', 'currency': 'USD', 'instrument_id': 'EUR/USD.IDEALPRO'}]",False,{}
99999.73,0.00,99999.73,USD,IDEALPRO-001,MARGIN,,[],False,{}
100000.00,0.00,100000.00,EUR,IDEALPRO-001,MARGIN,,[],False,{}
99999.73,0.00,99999.73,USD,IDEALPRO-001,MARGIN,,[],False,{}
100000.00,0.00,100000.00,EUR,IDEALPRO-001,MARGIN,,[],False,{}
99999.73,0.00,99999.73,USD,IDEALPRO-001,MARGIN,,[],False,{}
100000.00,0.00,100000.00,EUR,IDEALPRO-001,MARGIN,,[],False,{}
99999.73,0.00,99999.73,USD,IDEALPRO-001,MARGIN,,[],False,{}
100000.00,0.00,100000.00,EUR,IDEALPRO-001,MARGIN,,[],False,{}
99999.73,0.00,99999.73,USD,IDEALPRO-001,MARGIN,,[],False,{}
100000.00,0.00,100000.00,EUR,IDEALPRO-001,MARGIN,,[],False,{}
99999.73,0.00,99999.73,USD,IDEALPRO-001,MARGIN,,[],False,{}
100000.00,0.00,100000.00,EUR,IDEALPRO-001,MARGIN,,[],False,{}
99999.73,2.36,99997.37,USD,IDEALPRO-001,MARGIN,,"[{'type': 'MarginBalance', 'initial': '0.00', 'maintenance': '2.36', 'currency': 'USD', 'instrument_id': 'EUR/USD.IDEALPRO'}]",False,{}
100000.00,0.00,100000.00,EUR,IDEALPRO-001,MARGIN,,"[{'type': 'MarginBalance', 'initial': '0.00', 'maintenance': '2.36', 'currency': 'USD', 'instrument_id': 'EUR/USD.IDEALPRO'}]",False,{}
99999.73,2.36,99997.37,USD,IDEALPRO-001,MARGIN,,"[{'type': 'MarginBalance', 'initial': '0.00', 'maintenance': '2.36', 'currency': 'USD', 'instrument_id': 'EUR/USD.IDEALPRO'}]",False,{}
100000.00,0.00,100000.00,EUR,IDEALPRO-001,MARGIN,,"[{'type': 'MarginBalance', 'initial': '0.00', 'maintenance': '2.36', 'currency': 'USD', 'instrument_id': 'EUR/USD.IDEALPRO'}]",False,{}
99999.73,2.36,99997.37,USD,IDEALPRO-001,MARGIN,,"[{'type': 'MarginBalance', 'initial': '0.00', 'maintenance': '2.36', 'currency': 'USD', 'instrument_id': 'EUR/USD.IDEALPRO'}]",False,{}
100000.00,0.00,100000.00,EUR,IDEALPRO-001,MARGIN,,"[{'type': 'MarginBalance', 'initial': '0.00', 'maintenance': '2.36', 'currency': 'USD', 'instrument_id': 'EUR/USD.IDEALPRO'}]",False,{}
99999.73,2.36,99997.37,USD,IDEALPRO-001,MARGIN,,"[{'type': 'MarginBalance', 'initial': '0.00', 'maintenance': '2.36', 'currency': 'USD', 'instrument_id': 'EUR/USD.IDEALPRO'}]",False,{}
100000.00,0.00,100000.00,EUR,IDEALPRO-001,MARGIN,,"[{'type': 'MarginBalance', 'initial': '0.00', 'maintenance': '2.36', 'currency': 'USD', 'instrument_id': 'EUR/USD.IDEALPRO'}]",False,{}
99999.69,0.00,99999.69,USD,IDEALPRO-001,MARGIN,,[],False,{}
100000.00,0.00,100000.00,EUR,IDEALPRO-001,MARGIN,,[],False,{}
99999.69,0.00,99999.69,USD,IDEALPRO-001,MARGIN,,[],False,{}
100000.00,0.00,100000.00,EUR,IDEALPRO-001,MARGIN,,[],False,{}
99999.69,0.00,99999.69,USD,IDEALPRO-001,MARGIN,,[],False,{}
100000.00,0.00,100000.00,EUR,IDEALPRO-001,MARGIN,,[],False,{}
99999.69,0.00,99999.69,USD,IDEALPRO-001,MARGIN,,[],False,{}
100000.00,0.00,100000.00,EUR,IDEALPRO-001,MARGIN,,[],False,{}
99999.69,0.00,99999.69,USD,IDEALPRO-001,MARGIN,,[],False,{}
100000.00,0.00,100000.00,EUR,IDEALPRO-001,MARGIN,,[],False,{}
99999.69,0.00,99999.69,USD,IDEALPRO-001,MARGIN,,[],False,{}
100000.00,0.00,100000.00,EUR,IDEALPRO-001,MARGIN,,[],False,{}
99999.69,2.36,99997.33,USD,IDEALPRO-001,MARGIN,,"[{'type': 'MarginBalance', 'initial': '0.00', 'maintenance': '2.36', 'currency': 'USD', 'instrument_id': 'EUR/USD.IDEALPRO'}]",False,{}
100000.00,0.00,100000.00,EUR,IDEALPRO-001,MARGIN,,"[{'type': 'MarginBalance', 'initial': '0.00', 'maintenance': '2.36', 'currency': 'USD', 'instrument_id': 'EUR/USD.IDEALPRO'}]",False,{}
99999.69,2.36,99997.33,USD,IDEALPRO-001,MARGIN,,"[{'type': 'MarginBalance', 'initial': '0.00', 'maintenance': '2.36', 'currency': 'USD', 'instrument_id': 'EUR/USD.IDEALPRO'}]",False,{}
100000.00,0.00,100000.00,EUR,IDEALPRO-001,MARGIN,,"[{'type': 'MarginBalance', 'initial': '0.00', 'maintenance': '2.36', 'currency': 'USD', 'instrument_id': 'EUR/USD.IDEALPRO'}]",False,{}
99999.69,2.36,99997.33,USD,IDEALPRO-001,MARGIN,,"[{'type': 'MarginBalance', 'initial': '0.00', 'maintenance': '2.36', 'currency': 'USD', 'instrument_id': 'EUR/USD.IDEALPRO'}]",False,{}
100000.00,0.00,100000.00,EUR,IDEALPRO-001,MARGIN,,"[{'type': 'MarginBalance', 'initial': '0.00', 'maintenance': '2.36', 'currency': 'USD', 'instrument_id': 'EUR/USD.IDEALPRO'}]",False,{}
99999.69,2.36,99997.33,USD,IDEALPRO-001,MARGIN,,"[{'type': 'MarginBalance', 'initial': '0.00', 'maintenance': '2.36', 'currency': 'USD', 'instrument_id': 'EUR/USD.IDEALPRO'}]",False,{}
100000.00,0.00,100000.00,EUR,IDEALPRO-001,MARGIN,,"[{'type': 'MarginBalance', 'initial': '0.00', 'maintenance': '2.36', 'currency': 'USD', 'instrument_id': 'EUR/USD.IDEALPRO'}]",False,{}
99999.69,0.00,99999.69,USD,IDEALPRO-001,MARGIN,,[],False,{}
100000.00,0.00,100000.00,EUR,IDEALPRO-001,MARGIN,,[],False,{}
99999.69,0.00,99999.69,USD,IDEALPRO-001,MARGIN,,[],False,{}
100000.00,0.00,100000.00,EUR,IDEALPRO-001,MARGIN,,[],False,{}
99999.69,0.00,99999.69,USD,IDEALPRO-001,MARGIN,,[],False,{}
100000.00,0.00,100000.00,EUR,IDEALPRO-001,MARGIN,,[],False,{}
99999.69,0.00,99999.69,USD,IDEALPRO-001,MARGIN,,[],False,{}
100000.00,0.00,100000.00,EUR,IDEALPRO-001,MARGIN,,[],False,{}
99999.69,0.00,99999.69,USD,IDEALPRO-001,MARGIN,,[],False,{}
100000.00,0.00,100000.00,EUR,IDEALPRO-001,MARGIN,,[],False,{}
99999.69,0.00,99999.69,USD,IDEALPRO-001,MARGIN,,[],False,{}
100000.00,0.00,100000.00,EUR,IDEALPRO-001,MARGIN,,[],False,{}
99999.69,2.36,99997.33,USD,IDEALPRO-001,MARGIN,,"[{'type': 'MarginBalance', 'initial': '0.00', 'maintenance': '2.36', 'currency': 'USD', 'instrument_id': 'EUR/USD.IDEALPRO'}]",False,{}
100000.00,0.00,100000.00,EUR,IDEALPRO-001,MARGIN,,"[{'type': 'MarginBalance', 'initial': '0.00', 'maintenance': '2.36', 'currency': 'USD', 'instrument_id': 'EUR/USD.IDEALPRO'}]",False,{}
99999.69,2.36,99997.33,USD,IDEALPRO-001,MARGIN,,"[{'type': 'MarginBalance', 'initial': '0.00', 'maintenance': '2.36', 'currency': 'USD', 'instrument_id': 'EUR/USD.IDEALPRO'}]",False,{}
100000.00,0.00,100000.00,EUR,IDEALPRO-001,MARGIN,,"[{'type': 'MarginBalance', 'initial': '0.00', 'maintenance': '2.36', 'currency': 'USD', 'instrument_id': 'EUR/USD.IDEALPRO'}]",False,{}
99999.69,2.36,99997.33,USD,IDEALPRO-001,MARGIN,,"[{'type': 'MarginBalance', 'initial': '0.00', 'maintenance': '2.36', 'currency': 'USD', 'instrument_id': 'EUR/USD.IDEALPRO'}]",False,{}
100000.00,0.00,100000.00,EUR,IDEALPRO-001,MARGIN,,"[{'type': 'MarginBalance', 'initial': '0.00', 'maintenance': '2.36', 'currency': 'USD', 'instrument_id': 'EUR/USD.IDEALPRO'}]",False,{}
99999.69,2.36,99997.33,USD,IDEALPRO-001,MARGIN,,"[{'type': 'MarginBalance', 'initial': '0.00', 'maintenance': '2.36', 'currency': 'USD', 'instrument_id': 'EUR/USD.IDEALPRO'}]",False,{}
100000.00,0.00,100000.00,EUR,IDEALPRO-001,MARGIN,,"[{'type': 'MarginBalance', 'initial': '0.00', 'maintenance': '2.36', 'currency': 'USD', 'instrument_id': 'EUR/USD.IDEALPRO'}]",False,{}
99999.68,0.00,99999.68,USD,IDEALPRO-001,MARGIN,,[],False,{}
100000.00,0.00,100000.00,EUR,IDEALPRO-001,MARGIN,,[],False,{}
99999.68,0.00,99999.68,USD,IDEALPRO-001,MARGIN,,[],False,{}
100000.00,0.00,100000.00,EUR,IDEALPRO-001,MARGIN,,[],False,{}
99999.68,0.00,99999.68,USD,IDEALPRO-001,MARGIN,,[],False,{}
100000.00,0.00,100000.00,EUR,IDEALPRO-001,MARGIN,,[],False,{}
99999.68,0.00,99999.68,USD,IDEALPRO-001,MARGIN,,[],False,{}
100000.00,0.00,100000.00,EUR,IDEALPRO-001,MARGIN,,[],False,{}
99999.68,0.00,99999.68,USD,IDEALPRO-001,MARGIN,,[],False,{}
100000.00,0.00,100000.00,EUR,IDEALPRO-001,MARGIN,,[],False,{}
99999.68,0.00,99999.68,USD,IDEALPRO-001,MARGIN,,[],False,{}
100000.00,0.00,100000.00,EUR,IDEALPRO-001,MARGIN,,[],False,{}
99999.68,2.37,99997.31,USD,IDEALPRO-001,MARGIN,,"[{'type': 'MarginBalance', 'initial': '0.00', 'maintenance': '2.37', 'currency': 'USD', 'instrument_id': 'EUR/USD.IDEALPRO'}]",False,{}
100000.00,0.00,100000.00,EUR,IDEALPRO-001,MARGIN,,"[{'type': 'MarginBalance', 'initial': '0.00', 'maintenance': '2.37', 'currency': 'USD', 'instrument_id': 'EUR/USD.IDEALPRO'}]",False,{}
99999.68,2.37,99997.31,USD,IDEALPRO-001,MARGIN,,"[{'type': 'MarginBalance', 'initial': '0.00', 'maintenance': '2.37', 'currency': 'USD', 'instrument_id': 'EUR/USD.IDEALPRO'}]",False,{}
100000.00,0.00,100000.00,EUR,IDEALPRO-001,MARGIN,,"[{'type': 'MarginBalance', 'initial': '0.00', 'maintenance': '2.37', 'currency': 'USD', 'instrument_id': 'EUR/USD.IDEALPRO'}]",False,{}
99999.68,2.37,99997.31,USD,IDEALPRO-001,MARGIN,,"[{'type': 'MarginBalance', 'initial': '0.00', 'maintenance': '2.37', 'currency': 'USD', 'instrument_id': 'EUR/USD.IDEALPRO'}]",False,{}
100000.00,0.00,100000.00,EUR,IDEALPRO-001,MARGIN,,"[{'type': 'MarginBalance', 'initial': '0.00', 'maintenance': '2.37', 'currency': 'USD', 'instrument_id': 'EUR/USD.IDEALPRO'}]",False,{}
99999.62,0.00,99999.62,USD,IDEALPRO-001,MARGIN,,[],False,{}
100000.00,0.00,100000.00,EUR,IDEALPRO-001,MARGIN,,[],False,{}
99999.62,0.00,99999.62,USD,IDEALPRO-001,MARGIN,,[],False,{}
100000.00,0.00,100000.00,EUR,IDEALPRO-001,MARGIN,,[],False,{}
99999.62,0.00,99999.62,USD,IDEALPRO-001,MARGIN,,[],False,{}
100000.00,0.00,100000.00,EUR,IDEALPRO-001,MARGIN,,[],False,{}
99999.62,0.00,99999.62,USD,IDEALPRO-001,MARGIN,,[],False,{}
100000.00,0.00,100000.00,EUR,IDEALPRO-001,MARGIN,,[],False,{}
99999.62,0.00,99999.62,USD,IDEALPRO-001,MARGIN,,[],False,{}
100000.00,0.00,100000.00,EUR,IDEALPRO-001,MARGIN,,[],False,{}
99999.62,2.37,99997.25,USD,IDEALPRO-001,MARGIN,,"[{'type': 'MarginBalance', 'initial': '0.00', 'maintenance': '2.37', 'currency': 'USD', 'instrument_id': 'EUR/USD.IDEALPRO'}]",False,{}
100000.00,0.00,100000.00,EUR,IDEALPRO-001,MARGIN,,"[{'type': 'MarginBalance', 'initial': '0.00', 'maintenance': '2.37', 'currency': 'USD', 'instrument_id': 'EUR/USD.IDEALPRO'}]",False,{}
99999.62,2.37,99997.25,USD,IDEALPRO-001,MARGIN,,"[{'type': 'MarginBalance', 'initial': '0.00', 'maintenance': '2.37', 'currency': 'USD', 'instrument_id': 'EUR/USD.IDEALPRO'}]",False,{}
100000.00,0.00,100000.00,EUR,IDEALPRO-001,MARGIN,,"[{'type': 'MarginBalance', 'initial': '0.00', 'maintenance': '2.37', 'currency': 'USD', 'instrument_id': 'EUR/USD.IDEALPRO'}]",False,{}
99999.62,2.37,99997.25,USD,IDEALPRO-001,MARGIN,,"[{'type': 'MarginBalance', 'initial': '0.00', 'maintenance': '2.37', 'currency': 'USD', 'instrument_id': 'EUR/USD.IDEALPRO'}]",False,{}
100000.00,0.00,100000.00,EUR,IDEALPRO-001,MARGIN,,"[{'type': 'MarginBalance', 'initial': '0.00', 'maintenance': '2.37', 'currency': 'USD', 'instrument_id': 'EUR/USD.IDEALPRO'}]",False,{}
99999.62,2.37,99997.25,USD,IDEALPRO-001,MARGIN,,"[{'type': 'MarginBalance', 'initial': '0.00', 'maintenance': '2.37', 'currency': 'USD', 'instrument_id': 'EUR/USD.IDEALPRO'}]",False,{}
100000.00,0.00,100000.00,EUR,IDEALPRO-001,MARGIN,,"[{'type': 'MarginBalance', 'initial': '0.00', 'maintenance': '2.37', 'currency': 'USD', 'instrument_id': 'EUR/USD.IDEALPRO'}]",False,{}
99999.60,0.00,99999.60,USD,IDEALPRO-001,MARGIN,,[],False,{}
100000.00,0.00,100000.00,EUR,IDEALPRO-001,MARGIN,,[],False,{}
99999.60,0.00,99999.60,USD,IDEALPRO-001,MARGIN,,[],False,{}
100000.00,0.00,100000.00,EUR,IDEALPRO-001,MARGIN,,[],False,{}
99999.60,0.00,99999.60,USD,IDEALPRO-001,MARGIN,,[],False,{}
100000.00,0.00,100000.00,EUR,IDEALPRO-001,MARGIN,,[],False,{}
99999.60,0.00,99999.60,USD,IDEALPRO-001,MARGIN,,[],False,{}
100000.00,0.00,100000.00,EUR,IDEALPRO-001,MARGIN,,[],False,{}
99999.60,0.00,99999.60,USD,IDEALPRO-001,MARGIN,,[],False,{}
100000.00,0.00,100000.00,EUR,IDEALPRO-001,MARGIN,,[],False,{}
99999.60,0.00,99999.60,USD,IDEALPRO-001,MARGIN,,[],False,{}
100000.00,0.00,100000.00,EUR,IDEALPRO-001,MARGIN,,[],False,{}
99999.60,2.37,99997.23,USD,IDEALPRO-001,MARGIN,,"[{'type': 'MarginBalance', 'initial': '0.00', 'maintenance': '2.37', 'currency': 'USD', 'instrument_id': 'EUR/USD.IDEALPRO'}]",False,{}
100000.00,0.00,100000.00,EUR,IDEALPRO-001,MARGIN,,"[{'type': 'MarginBalance', 'initial': '0.00', 'maintenance': '2.37', 'currency': 'USD', 'instrument_id': 'EUR/USD.IDEALPRO'}]",False,{}
99999.60,2.37,99997.23,USD,IDEALPRO-001,MARGIN,,"[{'type': 'MarginBalance', 'initial': '0.00', 'maintenance': '2.37', 'currency': 'USD', 'instrument_id': 'EUR/USD.IDEALPRO'}]",False,{}
100000.00,0.00,100000.00,EUR,IDEALPRO-001,MARGIN,,"[{'type': 'MarginBalance', 'initial': '0.00', 'maintenance': '2.37', 'currency': 'USD', 'instrument_id': 'EUR/USD.IDEALPRO'}]",False,{}
99999.60,2.37,99997.23,USD,IDEALPRO-001,MARGIN,,"[{'type': 'MarginBalance', 'initial': '0.00', 'maintenance': '2.37', 'currency': 'USD', 'instrument_id': 'EUR/USD.IDEALPRO'}]",False,{}
100000.00,0.00,100000.00,EUR,IDEALPRO-001,MARGIN,,"[{'type': 'MarginBalance', 'initial': '0.00', 'maintenance': '2.37', 'currency': 'USD', 'instrument_id': 'EUR/USD.IDEALPRO'}]",False,{}
99999.60,2.37,99997.23,USD,IDEALPRO-001,MARGIN,,"[{'type': 'MarginBalance', 'initial': '0.00', 'maintenance': '2.37', 'currency': 'USD', 'instrument_id': 'EUR/USD.IDEALPRO'}]",False,{}
100000.00,0.00,100000.00,EUR,IDEALPRO-001,MARGIN,,"[{'type': 'MarginBalance', 'initial': '0.00', 'maintenance': '2.37', 'currency': 'USD', 'instrument_id': 'EUR/USD.IDEALPRO'}]",False,{}
99999.79,0.00,99999.79,USD,IDEALPRO-001,MARGIN,,[],False,{}
100000.00,0.00,100000.00,EUR,IDEALPRO-001,MARGIN,,[],False,{}
99999.79,0.00,99999.79,USD,IDEALPRO-001,MARGIN,,[],False,{}
100000.00,0.00,100000.00,EUR,IDEALPRO-001,MARGIN,,[],False,{}
99999.79,0.00,99999.79,USD,IDEALPRO-001,MARGIN,,[],False,{}
100000.00,0.00,100000.00,EUR,IDEALPRO-001,MARGIN,,[],False,{}
99999.79,0.00,99999.79,USD,IDEALPRO-001,MARGIN,,[],False,{}
100000.00,0.00,100000.00,EUR,IDEALPRO-001,MARGIN,,[],False,{}
99999.79,0.00,99999.79,USD,IDEALPRO-001,MARGIN,,[],False,{}
100000.00,0.00,100000.00,EUR,IDEALPRO-001,MARGIN,,[],False,{}
99999.79,0.00,99999.79,USD,IDEALPRO-001,MARGIN,,[],False,{}
100000.00,0.00,100000.00,EUR,IDEALPRO-001,MARGIN,,[],False,{}
99999.79,2.38,99997.41,USD,IDEALPRO-001,MARGIN,,"[{'type': 'MarginBalance', 'initial': '0.00', 'maintenance': '2.38', 'currency': 'USD', 'instrument_id': 'EUR/USD.IDEALPRO'}]",False,{}
100000.00,0.00,100000.00,EUR,IDEALPRO-001,MARGIN,,"[{'type': 'MarginBalance', 'initial': '0.00', 'maintenance': '2.38', 'currency': 'USD', 'instrument_id': 'EUR/USD.IDEALPRO'}]",False,{}
99999.79,2.38,99997.41,USD,IDEALPRO-001,MARGIN,,"[{'type': 'MarginBalance', 'initial': '0.00', 'maintenance': '2.38', 'currency': 'USD', 'instrument_id': 'EUR/USD.IDEALPRO'}]",False,{}
100000.00,0.00,100000.00,EUR,IDEALPRO-001,MARGIN,,"[{'type': 'MarginBalance', 'initial': '0.00', 'maintenance': '2.38', 'currency': 'USD', 'instrument_id': 'EUR/USD.IDEALPRO'}]",False,{}
99999.79,2.38,99997.41,USD,IDEALPRO-001,MARGIN,,"[{'type': 'MarginBalance', 'initial': '0.00', 'maintenance': '2.38', 'currency': 'USD', 'instrument_id': 'EUR/USD.IDEALPRO'}]",False,{}
100000.00,0.00,100000.00,EUR,IDEALPRO-001,MARGIN,,"[{'type': 'MarginBalance', 'initial': '0.00', 'maintenance': '2.38', 'currency': 'USD', 'instrument_id': 'EUR/USD.IDEALPRO'}]",False,{}
99999.73,0.00,99999.73,USD,IDEALPRO-001,MARGIN,,[],False,{}
100000.00,0.00,100000.00,EUR,IDEALPRO-001,MARGIN,,[],False,{}
99999.73,0.00,99999.73,USD,IDEALPRO-001,MARGIN,,[],False,{}
100000.00,0.00,100000.00,EUR,IDEALPRO-001,MARGIN,,[],False,{}
99999.73,0.00,99999.73,USD,IDEALPRO-001,MARGIN,,[],False,{}
100000.00,0.00,100000.00,EUR,IDEALPRO-001,MARGIN,,[],False,{}
99999.73,0.00,99999.73,USD,IDEALPRO-001,MARGIN,,[],False,{}
100000.00,0.00,100000.00,EUR,IDEALPRO-001,MARGIN,,[],False,{}
99999.73,0.00,99999.73,USD,IDEALPRO-001,MARGIN,,[],False,{}
100000.00,0.00,100000.00,EUR,IDEALPRO-001,MARGIN,,[],False,{}
99999.73,2.37,99997.36,USD,IDEALPRO-001,MARGIN,,"[{'type': 'MarginBalance', 'initial': '0.00', 'maintenance': '2.37', 'currency': 'USD', 'instrument_id': 'EUR/USD.IDEALPRO'}]",False,{}
100000.00,0.00,100000.00,EUR,IDEALPRO-001,MARGIN,,"[{'type': 'MarginBalance', 'initial': '0.00', 'maintenance': '2.37', 'currency': 'USD', 'instrument_id': 'EUR/USD.IDEALPRO'}]",False,{}
99999.73,2.37,99997.36,USD,IDEALPRO-001,MARGIN,,"[{'type': 'MarginBalance', 'initial': '0.00', 'maintenance': '2.37', 'currency': 'USD', 'instrument_id': 'EUR/USD.IDEALPRO'}]",False,{}
100000.00,0.00,100000.00,EUR,IDEALPRO-001,MARGIN,,"[{'type': 'MarginBalance', 'initial': '0.00', 'maintenance': '2.37', 'currency': 'USD', 'instrument_id': 'EUR/USD.IDEALPRO'}]",False,{}
99999.73,2.37,99997.36,USD,IDEALPRO-001,MARGIN,,"[{'type': 'MarginBalance', 'initial': '0.00', 'maintenance': '2.37', 'currency': 'USD', 'instrument_id': 'EUR/USD.IDEALPRO'}]",False,{}
100000.00,0.00,100000.00,EUR,IDEALPRO-001,MARGIN,,"[{'type': 'MarginBalance', 'initial': '0.00', 'maintenance': '2.37', 'currency': 'USD', 'instrument_id': 'EUR/USD.IDEALPRO'}]",False,{}
99999.73,2.37,99997.36,USD,IDEALPRO-001,MARGIN,,"[{'type': 'MarginBalance', 'initial': '0.00', 'maintenance': '2.37', 'currency': 'USD', 'instrument_id': 'EUR/USD.IDEALPRO'}]",False,{}
100000.00,0.00,100000.00,EUR,IDEALPRO-001,MARGIN,,"[{'type': 'MarginBalance', 'initial': '0.00', 'maintenance': '2.37', 'currency': 'USD', 'instrument_id': 'EUR/USD.IDEALPRO'}]",False,{}
99999.76,0.00,99999.76,USD,IDEALPRO-001,MARGIN,,[],False,{}
100000.00,0.00,100000.00,EUR,IDEALPRO-001,MARGIN,,[],False,{}
99999.76,0.00,99999.76,USD,IDEALPRO-001,MARGIN,,[],False,{}
100000.00,0.00,100000.00,EUR,IDEALPRO-001,MARGIN,,[],False,{}
99999.76,0.00,99999.76,USD,IDEALPRO-001,MARGIN,,[],False,{}
100000.00,0.00,100000.00,EUR,IDEALPRO-001,MARGIN,,[],False,{}
99999.76,0.00,99999.76,USD,IDEALPRO-001,MARGIN,,[],False,{}
100000.00,0.00,100000.00,EUR,IDEALPRO-001,MARGIN,,[],False,{}
99999.76,0.00,99999.76,USD,IDEALPRO-001,MARGIN,,[],False,{}
100000.00,0.00,100000.00,EUR,IDEALPRO-001,MARGIN,,[],False,{}
99999.76,0.00,99999.76,USD,IDEALPRO-001,MARGIN,,[],False,{}
100000.00,0.00,100000.00,EUR,IDEALPRO-001,MARGIN,,[],False,{}
99999.76,2.37,99997.39,USD,IDEALPRO-001,MARGIN,,"[{'type': 'MarginBalance', 'initial': '0.00', 'maintenance': '2.37', 'currency': 'USD', 'instrument_id': 'EUR/USD.IDEALPRO'}]",False,{}
100000.00,0.00,100000.00,EUR,IDEALPRO-001,MARGIN,,"[{'type': 'MarginBalance', 'initial': '0.00', 'maintenance': '2.37', 'currency': 'USD', 'instrument_id': 'EUR/USD.IDEALPRO'}]",False,{}
99999.76,2.37,99997.39,USD,IDEALPRO-001,MARGIN,,"[{'type': 'MarginBalance', 'initial': '0.00', 'maintenance': '2.37', 'currency': 'USD', 'instrument_id': 'EUR/USD.IDEALPRO'}]",False,{}
100000.00,0.00,100000.00,EUR,IDEALPRO-001,MARGIN,,"[{'type': 'MarginBalance', 'initial': '0.00', 'maintenance': '2.37', 'currency': 'USD', 'instrument_id': 'EUR/USD.IDEALPRO'}]",False,{}
99999.76,2.37,99997.39,USD,IDEALPRO-001,MARGIN,,"[{'type': 'MarginBalance', 'initial': '0.00', 'maintenance': '2.37', 'currency': 'USD', 'instrument_id': 'EUR/USD.IDEALPRO'}]",False,{}
100000.00,0.00,100000.00,EUR,IDEALPRO-001,MARGIN,,"[{'type': 'MarginBalance', 'initial': '0.00', 'maintenance': '2.37', 'currency': 'USD', 'instrument_id': 'EUR/USD.IDEALPRO'}]",False,{}
99999.76,2.37,99997.39,USD,IDEALPRO-001,MARGIN,,"[{'type': 'MarginBalance', 'initial': '0.00', 'maintenance': '2.37', 'currency': 'USD', 'instrument_id': 'EUR/USD.IDEALPRO'}]",False,{}
100000.00,0.00,100000.00,EUR,IDEALPRO-001,MARGIN,,"[{'type': 'MarginBalance', 'initial': '0.00', 'maintenance': '2.37', 'currency': 'USD', 'instrument_id': 'EUR/USD.IDEALPRO'}]",False,{}
99999.75,0.00,99999.75,USD,IDEALPRO-001,MARGIN,,[],False,{}
100000.00,0.00,100000.00,EUR,IDEALPRO-001,MARGIN,,[],False,{}
99999.75,0.00,99999.75,USD,IDEALPRO-001,MARGIN,,[],False,{}
100000.00,0.00,100000.00,EUR,IDEALPRO-001,MARGIN,,[],False,{}
99999.75,0.00,99999.75,USD,IDEALPRO-001,MARGIN,,[],False,{}
100000.00,0.00,100000.00,EUR,IDEALPRO-001,MARGIN,,[],False,{}
99999.75,0.00,99999.75,USD,IDEALPRO-001,MARGIN,,[],False,{}
100000.00,0.00,100000.00,EUR,IDEALPRO-001,MARGIN,,[],False,{}
99999.75,0.00,99999.75,USD,IDEALPRO-001,MARGIN,,[],False,{}
100000.00,0.00,100000.00,EUR,IDEALPRO-001,MARGIN,,[],False,{}
99999.75,0.00,99999.75,USD,IDEALPRO-001,MARGIN,,[],False,{}
100000.00,0.00,100000.00,EUR,IDEALPRO-001,MARGIN,,[],False,{}
99999.75,2.37,99997.38,USD,IDEALPRO-001,MARGIN,,"[{'type': 'MarginBalance', 'initial': '0.00', 'maintenance': '2.37', 'currency': 'USD', 'instrument_id': 'EUR/USD.IDEALPRO'}]",False,{}
100000.00,0.00,100000.00,EUR,IDEALPRO-001,MARGIN,,"[{'type': 'MarginBalance', 'initial': '0.00', 'maintenance': '2.37', 'currency': 'USD', 'instrument_id': 'EUR/USD.IDEALPRO'}]",False,{}
99999.75,2.37,99997.38,USD,IDEALPRO-001,MARGIN,,"[{'type': 'MarginBalance', 'initial': '0.00', 'maintenance': '2.37', 'currency': 'USD', 'instrument_id': 'EUR/USD.IDEALPRO'}]",False,{}
100000.00,0.00,100000.00,EUR,IDEALPRO-001,MARGIN,,"[{'type': 'MarginBalance', 'initial': '0.00', 'maintenance': '2.37', 'currency': 'USD', 'instrument_id': 'EUR/USD.IDEALPRO'}]",False,{}
99999.75,2.37,99997.38,USD,IDEALPRO-001,MARGIN,,"[{'type': 'MarginBalance', 'initial': '0.00', 'maintenance': '2.37', 'currency': 'USD', 'instrument_id': 'EUR/USD.IDEALPRO'}]",False,{}
100000.00,0.00,100000.00,EUR,IDEALPRO-001,MARGIN,,"[{'type': 'MarginBalance', 'initial': '0.00', 'maintenance': '2.37', 'currency': 'USD', 'instrument_id': 'EUR/USD.IDEALPRO'}]",False,{}
99999.75,2.37,99997.38,USD,IDEALPRO-001,MARGIN,,"[{'type': 'MarginBalance', 'initial': '0.00', 'maintenance': '2.37', 'currency': 'USD', 'instrument_id': 'EUR/USD.IDEALPRO'}]",False,{}
100000.00,0.00,100000.00,EUR,IDEALPRO-001,MARGIN,,"[{'type': 'MarginBalance', 'initial': '0.00', 'maintenance': '2.37', 'currency': 'USD', 'instrument_id': 'EUR/USD.IDEALPRO'}]",False,{}
99999.76,0.00,99999.76,USD,IDEALPRO-001,MARGIN,,[],False,{}
100000.00,0.00,100000.00,EUR,IDEALPRO-001,MARGIN,,[],False,{}
99999.76,0.00,99999.76,USD,IDEALPRO-001,MARGIN,,[],False,{}
100000.00,0.00,100000.00,EUR,IDEALPRO-001,MARGIN,,[],False,{}
99999.76,0.00,99999.76,USD,IDEALPRO-001,MARGIN,,[],False,{}
100000.00,0.00,100000.00,EUR,IDEALPRO-001,MARGIN,,[],False,{}
99999.76,0.00,99999.76,USD,IDEALPRO-001,MARGIN,,[],False,{}
100000.00,0.00,100000.00,EUR,IDEALPRO-001,MARGIN,,[],False,{}
99999.76,0.00,99999.76,USD,IDEALPRO-001,MARGIN,,[],False,{}
100000.00,0.00,100000.00,EUR,IDEALPRO-001,MARGIN,,[],False,{}
99999.76,0.00,99999.76,USD,IDEALPRO-001,MARGIN,,[],False,{}
100000.00,0.00,100000.00,EUR,IDEALPRO-001,MARGIN,,[],False,{}
99999.76,2.37,99997.39,USD,IDEALPRO-001,MARGIN,,"[{'type': 'MarginBalance', 'initial': '0.00', 'maintenance': '2.37', 'currency': 'USD', 'instrument_id': 'EUR/USD.IDEALPRO'}]",False,{}
100000.00,0.00,100000.00,EUR,IDEALPRO-001,MARGIN,,"[{'type': 'MarginBalance', 'initial': '0.00', 'maintenance': '2.37', 'currency': 'USD', 'instrument_id': 'EUR/USD.IDEALPRO'}]",False,{}
99999.76,2.37,99997.39,USD,IDEALPRO-001,MARGIN,,"[{'type': 'MarginBalance', 'initial': '0.00', 'maintenance': '2.37', 'currency': 'USD', 'instrument_id': 'EUR/USD.IDEALPRO'}]",False,{}
100000.00,0.00,100000.00,EUR,IDEALPRO-001,MARGIN,,"[{'type': 'MarginBalance', 'initial': '0.00', 'maintenance': '2.37', 'currency': 'USD', 'instrument_id': 'EUR/USD.IDEALPRO'}]",False,{}
99999.76,2.37,99997.39,USD,IDEALPRO-001,MARGIN,,"[{'type': 'MarginBalance', 'initial': '0.00', 'maintenance': '2.37', 'currency': 'USD', 'instrument_id': 'EUR/USD.IDEALPRO'}]",False,{}
100000.00,0.00,100000.00,EUR,IDEALPRO-001,MARGIN,,"[{'type': 'MarginBalance', 'initial': '0.00', 'maintenance': '2.37', 'currency': 'USD', 'instrument_id': 'EUR/USD.IDEALPRO'}]",False,{}
99999.76,2.37,99997.39,USD,IDEALPRO-001,MARGIN,,"[{'type': 'MarginBalance', 'initial': '0.00', 'maintenance': '2.37', 'currency': 'USD', 'instrument_id': 'EUR/USD.IDEALPRO'}]",False,{}
100000.00,0.00,100000.00,EUR,IDEALPRO-001,MARGIN,,"[{'type': 'MarginBalance', 'initial': '0.00', 'maintenance': '2.37', 'currency': 'USD', 'instrument_id': 'EUR/USD.IDEALPRO'}]",False,{}
99999.73,0.00,99999.73,USD,IDEALPRO-001,MARGIN,,[],False,{}
100000.00,0.00,100000.00,EUR,IDEALPRO-001,MARGIN,,[],False,{}
99999.73,0.00,99999.73,USD,IDEALPRO-001,MARGIN,,[],False,{}
100000.00,0.00,100000.00,EUR,IDEALPRO-001,MARGIN,,[],False,{}
99999.73,0.00,99999.73,USD,IDEALPRO-001,MARGIN,,[],False,{}
100000.00,0.00,100000.00,EUR,IDEALPRO-001,MARGIN,,[],False,{}
99999.73,0.00,99999.73,USD,IDEALPRO-001,MARGIN,,[],False,{}
100000.00,0.00,100000.00,EUR,IDEALPRO-001,MARGIN,,[],False,{}
99999.73,0.00,99999.73,USD,IDEALPRO-001,MARGIN,,[],False,{}
100000.00,0.00,100000.00,EUR,IDEALPRO-001,MARGIN,,[],False,{}
99999.73,0.00,99999.73,USD,IDEALPRO-001,MARGIN,,[],False,{}
100000.00,0.00,100000.00,EUR,IDEALPRO-001,MARGIN,,[],False,{}
99999.73,2.37,99997.36,USD,IDEALPRO-001,MARGIN,,"[{'type': 'MarginBalance', 'initial': '0.00', 'maintenance': '2.37', 'currency': 'USD', 'instrument_id': 'EUR/USD.IDEALPRO'}]",False,{}
100000.00,0.00,100000.00,EUR,IDEALPRO-001,MARGIN,,"[{'type': 'MarginBalance', 'initial': '0.00', 'maintenance': '2.37', 'currency': 'USD', 'instrument_id': 'EUR/USD.IDEALPRO'}]",False,{}
99999.73,2.37,99997.36,USD,IDEALPRO-001,MARGIN,,"[{'type': 'MarginBalance', 'initial': '0.00', 'maintenance': '2.37', 'currency': 'USD', 'instrument_id': 'EUR/USD.IDEALPRO'}]",False,{}
100000.00,0.00,100000.00,EUR,IDEALPRO-001,MARGIN,,"[{'type': 'MarginBalance', 'initial': '0.00', 'maintenance': '2.37', 'currency': 'USD', 'instrument_id': 'EUR/USD.IDEALPRO'}]",False,{}
99999.73,2.37,99997.36,USD,IDEALPRO-001,MARGIN,,"[{'type': 'MarginBalance', 'initial': '0.00', 'maintenance': '2.37', 'currency': 'USD', 'instrument_id': 'EUR/USD.IDEALPRO'}]",False,{}
100000.00,0.00,100000.00,EUR,IDEALPRO-001,MARGIN,,"[{'type': 'MarginBalance', 'initial': '0.00', 'maintenance': '2.37', 'currency': 'USD', 'instrument_id': 'EUR/USD.IDEALPRO'}]",False,{}
99999.73,2.37,99997.36,USD,IDEALPRO-001,MARGIN,,"[{'type': 'MarginBalance', 'initial': '0.00', 'maintenance': '2.37', 'currency': 'USD', 'instrument_id': 'EUR/USD.IDEALPRO'}]",False,{}
100000.00,0.00,100000.00,EUR,IDEALPRO-001,MARGIN,,"[{'type': 'MarginBalance', 'initial': '0.00', 'maintenance': '2.37', 'currency': 'USD', 'instrument_id': 'EUR/USD.IDEALPRO'}]",False,{}
99999.71,0.00,99999.71,USD,IDEALPRO-001,MARGIN,,[],False,{}
100000.00,0.00,100000.00,EUR,IDEALPRO-001,MARGIN,,[],False,{}
99999.71,0.00,99999.71,USD,IDEALPRO-001,MARGIN,,[],False,{}
100000.00,0.00,100000.00,EUR,IDEALPRO-001,MARGIN,,[],False,{}
99999.71,0.00,99999.71,USD,IDEALPRO-001,MARGIN,,[],False,{}
100000.00,0.00,100000.00,EUR,IDEALPRO-001,MARGIN,,[],False,{}
99999.71,0.00,99999.71,USD,IDEALPRO-001,MARGIN,,[],False,{}
100000.00,0.00,100000.00,EUR,IDEALPRO-001,MARGIN,,[],False,{}
99999.71,0.00,99999.71,USD,IDEALPRO-001,MARGIN,,[],False,{}
100000.00,0.00,100000.00,EUR,IDEALPRO-001,MARGIN,,[],False,{}
99999.71,0.00,99999.71,USD,IDEALPRO-001,MARGIN,,[],False,{}
100000.00,0.00,100000.00,EUR,IDEALPRO-001,MARGIN,,[],False,{}
99999.71,2.37,99997.34,USD,IDEALPRO-001,MARGIN,,"[{'type': 'MarginBalance', 'initial': '0.00', 'maintenance': '2.37', 'currency': 'USD', 'instrument_id': 'EUR/USD.IDEALPRO'}]",False,{}
100000.00,0.00,100000.00,EUR,IDEALPRO-001,MARGIN,,"[{'type': 'MarginBalance', 'initial': '0.00', 'maintenance': '2.37', 'currency': 'USD', 'instrument_id': 'EUR/USD.IDEALPRO'}]",False,{}
99999.71,2.37,99997.34,USD,IDEALPRO-001,MARGIN,,"[{'type': 'MarginBalance', 'initial': '0.00', 'maintenance': '2.37', 'currency': 'USD', 'instrument_id': 'EUR/USD.IDEALPRO'}]",False,{}
100000.00,0.00,100000.00,EUR,IDEALPRO-001,MARGIN,,"[{'type': 'MarginBalance', 'initial': '0.00', 'maintenance': '2.37', 'currency': 'USD', 'instrument_id': 'EUR/USD.IDEALPRO'}]",False,{}
99999.71,2.37,99997.34,USD,IDEALPRO-001,MARGIN,,"[{'type': 'MarginBalance', 'initial': '0.00', 'maintenance': '2.37', 'currency': 'USD', 'instrument_id': 'EUR/USD.IDEALPRO'}]",False,{}
100000.00,0.00,100000.00,EUR,IDEALPRO-001,MARGIN,,"[{'type': 'MarginBalance', 'initial': '0.00', 'maintenance': '2.37', 'currency': 'USD', 'instrument_id': 'EUR/USD.IDEALPRO'}]",False,{}
99999.71,2.37,99997.34,USD,IDEALPRO-001,MARGIN,,"[{'type': 'MarginBalance', 'initial': '0.00', 'maintenance': '2.37', 'currency': 'USD', 'instrument_id': 'EUR/USD.IDEALPRO'}]",False,{}
100000.00,0.00,100000.00,EUR,IDEALPRO-001,MARGIN,,"[{'type': 'MarginBalance', 'initial': '0.00', 'maintenance': '2.37', 'currency': 'USD', 'instrument_id': 'EUR/USD.IDEALPRO'}]",False,{}
99999.68,0.00,99999.68,USD,IDEALPRO-001,MARGIN,,[],False,{}
100000.00,0.00,100000.00,EUR,IDEALPRO-001,MARGIN,,[],False,{}
99999.68,0.00,99999.68,USD,IDEALPRO-001,MARGIN,,[],False,{}
100000.00,0.00,100000.00,EUR,IDEALPRO-001,MARGIN,,[],False,{}
99999.68,0.00,99999.68,USD,IDEALPRO-001,MARGIN,,[],False,{}
100000.00,0.00,100000.00,EUR,IDEALPRO-001,MARGIN,,[],False,{}
99999.68,0.00,99999.68,USD,IDEALPRO-001,MARGIN,,[],False,{}
100000.00,0.00,100000.00,EUR,IDEALPRO-001,MARGIN,,[],False,{}
99999.68,0.00,99999.68,USD,IDEALPRO-001,MARGIN,,[],False,{}
100000.00,0.00,100000.00,EUR,IDEALPRO-001,MARGIN,,[],False,{}
99999.68,0.00,99999.68,USD,IDEALPRO-001,MARGIN,,[],False,{}
100000.00,0.00,100000.00,EUR,IDEALPRO-001,MARGIN,,[],False,{}
99999.68,2.37,99997.31,USD,IDEALPRO-001,MARGIN,,"[{'type': 'MarginBalance', 'initial': '0.00', 'maintenance': '2.37', 'currency': 'USD', 'instrument_id': 'EUR/USD.IDEALPRO'}]",False,{}
100000.00,0.00,100000.00,EUR,IDEALPRO-001,MARGIN,,"[{'type': 'MarginBalance', 'initial': '0.00', 'maintenance': '2.37', 'currency': 'USD', 'instrument_id': 'EUR/USD.IDEALPRO'}]",False,{}
99999.68,2.37,99997.31,USD,IDEALPRO-001,MARGIN,,"[{'type': 'MarginBalance', 'initial': '0.00', 'maintenance': '2.37', 'currency': 'USD', 'instrument_id': 'EUR/USD.IDEALPRO'}]",False,{}
100000.00,0.00,100000.00,EUR,IDEALPRO-001,MARGIN,,"[{'type': 'MarginBalance', 'initial': '0.00', 'maintenance': '2.37', 'currency': 'USD', 'instrument_id': 'EUR/USD.IDEALPRO'}]",False,{}
99999.68,2.37,99997.31,USD,IDEALPRO-001,MARGIN,,"[{'type': 'MarginBalance', 'initial': '0.00', 'maintenance': '2.37', 'currency': 'USD', 'instrument_id': 'EUR/USD.IDEALPRO'}]",False,{}
100000.00,0.00,100000.00,EUR,IDEALPRO-001,MARGIN,,"[{'type': 'MarginBalance', 'initial': '0.00', 'maintenance': '2.37', 'currency': 'USD', 'instrument_id': 'EUR/USD.IDEALPRO'}]",False,{}
99999.68,2.37,99997.31,USD,IDEALPRO-001,MARGIN,,"[{'type': 'MarginBalance', 'initial': '0.00', 'maintenance': '2.37', 'currency': 'USD', 'instrument_id': 'EUR/USD.IDEALPRO'}]",False,{}
100000.00,0.00,100000.00,EUR,IDEALPRO-001,MARGIN,,"[{'type': 'MarginBalance', 'initial': '0.00', 'maintenance': '2.37', 'currency': 'USD', 'instrument_id': 'EUR/USD.IDEALPRO'}]",False,{}
99999.83,0.00,99999.83,USD,IDEALPRO-001,MARGIN,,[],False,{}
100000.00,0.00,100000.00,EUR,IDEALPRO-001,MARGIN,,[],False,{}
99999.83,0.00,99999.83,USD,IDEALPRO-001,MARGIN,,[],False,{}
100000.00,0.00,100000.00,EUR,IDEALPRO-001,MARGIN,,[],False,{}
99999.83,0.00,99999.83,USD,IDEALPRO-001,MARGIN,,[],False,{}
100000.00,0.00,100000.00,EUR,IDEALPRO-001,MARGIN,,[],False,{}
99999.83,0.00,99999.83,USD,IDEALPRO-001,MARGIN,,[],False,{}
100000.00,0.00,100000.00,EUR,IDEALPRO-001,MARGIN,,[],False,{}
99999.83,0.00,99999.83,USD,IDEALPRO-001,MARGIN,,[],False,{}
100000.00,0.00,100000.00,EUR,IDEALPRO-001,MARGIN,,[],False,{}
99999.83,0.00,99999.83,USD,IDEALPRO-001,MARGIN,,[],False,{}
100000.00,0.00,100000.00,EUR,IDEALPRO-001,MARGIN,,[],False,{}
99999.83,2.37,99997.46,USD,IDEALPRO-001,MARGIN,,"[{'type': 'MarginBalance', 'initial': '0.00', 'maintenance': '2.37', 'currency': 'USD', 'instrument_id': 'EUR/USD.IDEALPRO'}]",False,{}
100000.00,0.00,100000.00,EUR,IDEALPRO-001,MARGIN,,"[{'type': 'MarginBalance', 'initial': '0.00', 'maintenance': '2.37', 'currency': 'USD', 'instrument_id': 'EUR/USD.IDEALPRO'}]",False,{}
99999.83,2.37,99997.46,USD,IDEALPRO-001,MARGIN,,"[{'type': 'MarginBalance', 'initial': '0.00', 'maintenance': '2.37', 'currency': 'USD', 'instrument_id': 'EUR/USD.IDEALPRO'}]",False,{}
100000.00,0.00,100000.00,EUR,IDEALPRO-001,MARGIN,,"[{'type': 'MarginBalance', 'initial': '0.00', 'maintenance': '2.37', 'currency': 'USD', 'instrument_id': 'EUR/USD.IDEALPRO'}]",False,{}
99999.83,2.37,99997.46,USD,IDEALPRO-001,MARGIN,,"[{'type': 'MarginBalance', 'initial': '0.00', 'maintenance': '2.37', 'currency': 'USD', 'instrument_id': 'EUR/USD.IDEALPRO'}]",False,{}
100000.00,0.00,100000.00,EUR,IDEALPRO-001,MARGIN,,"[{'type': 'MarginBalance', 'initial': '0.00', 'maintenance': '2.37', 'currency': 'USD', 'instrument_id': 'EUR/USD.IDEALPRO'}]",False,{}
99999.83,2.37,99997.46,USD,IDEALPRO-001,MARGIN,,"[{'type': 'MarginBalance', 'initial': '0.00', 'maintenance': '2.37', 'currency': 'USD', 'instrument_id': 'EUR/USD.IDEALPRO'}]",False,{}
100000.00,0.00,100000.00,EUR,IDEALPRO-001,MARGIN,,"[{'type': 'MarginBalance', 'initial': '0.00', 'maintenance': '2.37', 'currency': 'USD', 'instrument_id': 'EUR/USD.IDEALPRO'}]",False,{}
99999.79,0.00,99999.79,USD,IDEALPRO-001,MARGIN,,[],False,{}
100000.00,0.00,100000.00,EUR,IDEALPRO-001,MARGIN,,[],False,{}
99999.79,0.00,99999.79,USD,IDEALPRO-001,MARGIN,,[],False,{}
100000.00,0.00,100000.00,EUR,IDEALPRO-001,MARGIN,,[],False,{}
99999.79,0.00,99999.79,USD,IDEALPRO-001,MARGIN,,[],False,{}
100000.00,0.00,100000.00,EUR,IDEALPRO-001,MARGIN,,[],False,{}
99999.79,0.00,99999.79,USD,IDEALPRO-001,MARGIN,,[],False,{}
100000.00,0.00,100000.00,EUR,IDEALPRO-001,MARGIN,,[],False,{}
99999.79,0.00,99999.79,USD,IDEALPRO-001,MARGIN,,[],False,{}
100000.00,0.00,100000.00,EUR,IDEALPRO-001,MARGIN,,[],False,{}
99999.79,0.00,99999.79,USD,IDEALPRO-001,MARGIN,,[],False,{}
100000.00,0.00,100000.00,EUR,IDEALPRO-001,MARGIN,,[],False,{}
99999.79,2.37,99997.42,USD,IDEALPRO-001,MARGIN,,"[{'type': 'MarginBalance', 'initial': '0.00', 'maintenance': '2.37', 'currency': 'USD', 'instrument_id': 'EUR/USD.IDEALPRO'}]",False,{}
100000.00,0.00,100000.00,EUR,IDEALPRO-001,MARGIN,,"[{'type': 'MarginBalance', 'initial': '0.00', 'maintenance': '2.37', 'currency': 'USD', 'instrument_id': 'EUR/USD.IDEALPRO'}]",False,{}
99999.79,2.37,99997.42,USD,IDEALPRO-001,MARGIN,,"[{'type': 'MarginBalance', 'initial': '0.00', 'maintenance': '2.37', 'currency': 'USD', 'instrument_id': 'EUR/USD.IDEALPRO'}]",False,{}
100000.00,0.00,100000.00,EUR,IDEALPRO-001,MARGIN,,"[{'type': 'MarginBalance', 'initial': '0.00', 'maintenance': '2.37', 'currency': 'USD', 'instrument_id': 'EUR/USD.IDEALPRO'}]",False,{}
99999.79,2.37,99997.42,USD,IDEALPRO-001,MARGIN,,"[{'type': 'MarginBalance', 'initial': '0.00', 'maintenance': '2.37', 'currency': 'USD', 'instrument_id': 'EUR/USD.IDEALPRO'}]",False,{}
100000.00,0.00,100000.00,EUR,IDEALPRO-001,MARGIN,,"[{'type': 'MarginBalance', 'initial': '0.00', 'maintenance': '2.37', 'currency': 'USD', 'instrument_id': 'EUR/USD.IDEALPRO'}]",False,{}
99999.79,2.37,99997.42,USD,IDEALPRO-001,MARGIN,,"[{'type': 'MarginBalance', 'initial': '0.00', 'maintenance': '2.37', 'currency': 'USD', 'instrument_id': 'EUR/USD.IDEALPRO'}]",False,{}
100000.00,0.00,100000.00,EUR,IDEALPRO-001,MARGIN,,"[{'type': 'MarginBalance', 'initial': '0.00', 'maintenance': '2.37', 'currency': 'USD', 'instrument_id': 'EUR/USD.IDEALPRO'}]",False,{}
99999.80,0.00,99999.80,USD,IDEALPRO-001,MARGIN,,[],False,{}
100000.00,0.00,100000.00,EUR,IDEALPRO-001,MARGIN,,[],False,{}
99999.80,0.00,99999.80,USD,IDEALPRO-001,MARGIN,,[],False,{}
100000.00,0.00,100000.00,EUR,IDEALPRO-001,MARGIN,,[],False,{}
99999.80,0.00,99999.80,USD,IDEALPRO-001,MARGIN,,[],False,{}
100000.00,0.00,100000.00,EUR,IDEALPRO-001,MARGIN,,[],False,{}
99999.80,0.00,99999.80,USD,IDEALPRO-001,MARGIN,,[],False,{}
100000.00,0.00,100000.00,EUR,IDEALPRO-001,MARGIN,,[],False,{}
99999.80,0.00,99999.80,USD,IDEALPRO-001,MARGIN,,[],False,{}
100000.00,0.00,100000.00,EUR,IDEALPRO-001,MARGIN,,[],False,{}
99999.80,0.00,99999.80,USD,IDEALPRO-001,MARGIN,,[],False,{}
100000.00,0.00,100000.00,EUR,IDEALPRO-001,MARGIN,,[],False,{}
99999.80,2.37,99997.43,USD,IDEALPRO-001,MARGIN,,"[{'type': 'MarginBalance', 'initial': '0.00', 'maintenance': '2.37', 'currency': 'USD', 'instrument_id': 'EUR/USD.IDEALPRO'}]",False,{}
100000.00,0.00,100000.00,EUR,IDEALPRO-001,MARGIN,,"[{'type': 'MarginBalance', 'initial': '0.00', 'maintenance': '2.37', 'currency': 'USD', 'instrument_id': 'EUR/USD.IDEALPRO'}]",False,{}
99999.80,2.37,99997.43,USD,IDEALPRO-001,MARGIN,,"[{'type': 'MarginBalance', 'initial': '0.00', 'maintenance': '2.37', 'currency': 'USD', 'instrument_id': 'EUR/USD.IDEALPRO'}]",False,{}
100000.00,0.00,100000.00,EUR,IDEALPRO-001,MARGIN,,"[{'type': 'MarginBalance', 'initial': '0.00', 'maintenance': '2.37', 'currency': 'USD', 'instrument_id': 'EUR/USD.IDEALPRO'}]",False,{}
99999.80,2.37,99997.43,USD,IDEALPRO-001,MARGIN,,"[{'type': 'MarginBalance', 'initial': '0.00', 'maintenance': '2.37', 'currency': 'USD', 'instrument_id': 'EUR/USD.IDEALPRO'}]",False,{}
100000.00,0.00,100000.00,EUR,IDEALPRO-001,MARGIN,,"[{'type': 'MarginBalance', 'initial': '0.00', 'maintenance': '2.37', 'currency': 'USD', 'instrument_id': 'EUR/USD.IDEALPRO'}]",False,{}
99999.80,2.37,99997.43,USD,IDEALPRO-001,MARGIN,,"[{'type': 'MarginBalance', 'initial': '0.00', 'maintenance': '2.37', 'currency': 'USD', 'instrument_id': 'EUR/USD.IDEALPRO'}]",False,{}
100000.00,0.00,100000.00,EUR,IDEALPRO-001,MARGIN,,"[{'type': 'MarginBalance', 'initial': '0.00', 'maintenance': '2.37', 'currency': 'USD', 'instrument_id': 'EUR/USD.IDEALPRO'}]",False,{}
99999.79,0.00,99999.79,USD,IDEALPRO-001,MARGIN,,[],False,{}
100000.00,0.00,100000.00,EUR,IDEALPRO-001,MARGIN,,[],False,{}
99999.79,0.00,99999.79,USD,IDEALPRO-001,MARGIN,,[],False,{}
100000.00,0.00,100000.00,EUR,IDEALPRO-001,MARGIN,,[],False,{}
99999.79,0.00,99999.79,USD,IDEALPRO-001,MARGIN,,[],False,{}
100000.00,0.00,100000.00,EUR,IDEALPRO-001,MARGIN,,[],False,{}
99999.79,0.00,99999.79,USD,IDEALPRO-001,MARGIN,,[],False,{}
100000.00,0.00,100000.00,EUR,IDEALPRO-001,MARGIN,,[],False,{}
99999.79,0.00,99999.79,USD,IDEALPRO-001,MARGIN,,[],False,{}
100000.00,0.00,100000.00,EUR,IDEALPRO-001,MARGIN,,[],False,{}
99999.79,0.00,99999.79,USD,IDEALPRO-001,MARGIN,,[],False,{}
100000.00,0.00,100000.00,EUR,IDEALPRO-001,MARGIN,,[],False,{}
99999.79,2.37,99997.42,USD,IDEALPRO-001,MARGIN,,"[{'type': 'MarginBalance', 'initial': '0.00', 'maintenance': '2.37', 'currency': 'USD', 'instrument_id': 'EUR/USD.IDEALPRO'}]",False,{}
100000.00,0.00,100000.00,EUR,IDEALPRO-001,MARGIN,,"[{'type': 'MarginBalance', 'initial': '0.00', 'maintenance': '2.37', 'currency': 'USD', 'instrument_id': 'EUR/USD.IDEALPRO'}]",False,{}
99999.79,2.37,99997.42,USD,IDEALPRO-001,MARGIN,,"[{'type': 'MarginBalance', 'initial': '0.00', 'maintenance': '2.37', 'currency': 'USD', 'instrument_id': 'EUR/USD.IDEALPRO'}]",False,{}
100000.00,0.00,100000.00,EUR,IDEALPRO-001,MARGIN,,"[{'type': 'MarginBalance', 'initial': '0.00', 'maintenance': '2.37', 'currency': 'USD', 'instrument_id': 'EUR/USD.IDEALPRO'}]",False,{}
99999.79,2.37,99997.42,USD,IDEALPRO-001,MARGIN,,"[{'type': 'MarginBalance', 'initial': '0.00', 'maintenance': '2.37', 'currency': 'USD', 'instrument_id': 'EUR/USD.IDEALPRO'}]",False,{}
100000.00,0.00,100000.00,EUR,IDEALPRO-001,MARGIN,,"[{'type': 'MarginBalance', 'initial': '0.00', 'maintenance': '2.37', 'currency': 'USD', 'instrument_id': 'EUR/USD.IDEALPRO'}]",False,{}
99999.79,2.37,99997.42,USD,IDEALPRO-001,MARGIN,,"[{'type': 'MarginBalance', 'initial': '0.00', 'maintenance': '2.37', 'currency': 'USD', 'instrument_id': 'EUR/USD.IDEALPRO'}]",False,{}
100000.00,0.00,100000.00,EUR,IDEALPRO-001,MARGIN,,"[{'type': 'MarginBalance', 'initial': '0.00', 'maintenance': '2.37', 'currency': 'USD', 'instrument_id': 'EUR/USD.IDEALPRO'}]",False,{}
99999.81,0.00,99999.81,USD,IDEALPRO-001,MARGIN,,[],False,{}
100000.00,0.00,100000.00,EUR,IDEALPRO-001,MARGIN,,[],False,{}
99999.81,0.00,99999.81,USD,IDEALPRO-001,MARGIN,,[],False,{}
100000.00,0.00,100000.00,EUR,IDEALPRO-001,MARGIN,,[],False,{}
99999.81,0.00,99999.81,USD,IDEALPRO-001,MARGIN,,[],False,{}
100000.00,0.00,100000.00,EUR,IDEALPRO-001,MARGIN,,[],False,{}
99999.81,0.00,99999.81,USD,IDEALPRO-001,MARGIN,,[],False,{}
100000.00,0.00,100000.00,EUR,IDEALPRO-001,MARGIN,,[],False,{}
99999.81,0.00,99999.81,USD,IDEALPRO-001,MARGIN,,[],False,{}
100000.00,0.00,100000.00,EUR,IDEALPRO-001,MARGIN,,[],False,{}
99999.81,0.00,99999.81,USD,IDEALPRO-001,MARGIN,,[],False,{}
100000.00,0.00,100000.00,EUR,IDEALPRO-001,MARGIN,,[],False,{}
99999.81,2.37,99997.44,USD,IDEALPRO-001,MARGIN,,"[{'type': 'MarginBalance', 'initial': '0.00', 'maintenance': '2.37', 'currency': 'USD', 'instrument_id': 'EUR/USD.IDEALPRO'}]",False,{}
100000.00,0.00,100000.00,EUR,IDEALPRO-001,MARGIN,,"[{'type': 'MarginBalance', 'initial': '0.00', 'maintenance': '2.37', 'currency': 'USD', 'instrument_id': 'EUR/USD.IDEALPRO'}]",False,{}
99999.81,2.37,99997.44,USD,IDEALPRO-001,MARGIN,,"[{'type': 'MarginBalance', 'initial': '0.00', 'maintenance': '2.37', 'currency': 'USD', 'instrument_id': 'EUR/USD.IDEALPRO'}]",False,{}
100000.00,0.00,100000.00,EUR,IDEALPRO-001,MARGIN,,"[{'type': 'MarginBalance', 'initial': '0.00', 'maintenance': '2.37', 'currency': 'USD', 'instrument_id': 'EUR/USD.IDEALPRO'}]",False,{}
99999.81,2.37,99997.44,USD,IDEALPRO-001,MARGIN,,"[{'type': 'MarginBalance', 'initial': '0.00', 'maintenance': '2.37', 'currency': 'USD', 'instrument_id': 'EUR/USD.IDEALPRO'}]",False,{}
100000.00,0.00,100000.00,EUR,IDEALPRO-001,MARGIN,,"[{'type': 'MarginBalance', 'initial': '0.00', 'maintenance': '2.37', 'currency': 'USD', 'instrument_id': 'EUR/USD.IDEALPRO'}]",False,{}
99999.81,2.37,99997.44,USD,IDEALPRO-001,MARGIN,,"[{'type': 'MarginBalance', 'initial': '0.00', 'maintenance': '2.37', 'currency': 'USD', 'instrument_id': 'EUR/USD.IDEALPRO'}]",False,{}
100000.00,0.00,100000.00,EUR,IDEALPRO-001,MARGIN,,"[{'type': 'MarginBalance', 'initial': '0.00', 'maintenance': '2.37', 'currency': 'USD', 'instrument_id': 'EUR/USD.IDEALPRO'}]",False,{}
99999.76,0.00,99999.76,USD,IDEALPRO-001,MARGIN,,[],False,{}
100000.00,0.00,100000.00,EUR,IDEALPRO-001,MARGIN,,[],False,{}
99999.76,0.00,99999.76,USD,IDEALPRO-001,MARGIN,,[],False,{}
100000.00,0.00,100000.00,EUR,IDEALPRO-001,MARGIN,,[],False,{}
99999.76,0.00,99999.76,USD,IDEALPRO-001,MARGIN,,[],False,{}
100000.00,0.00,100000.00,EUR,IDEALPRO-001,MARGIN,,[],False,{}
99999.76,0.00,99999.76,USD,IDEALPRO-001,MARGIN,,[],False,{}
100000.00,0.00,100000.00,EUR,IDEALPRO-001,MARGIN,,[],False,{}
99999.76,0.00,99999.76,USD,IDEALPRO-001,MARGIN,,[],False,{}
100000.00,0.00,100000.00,EUR,IDEALPRO-001,MARGIN,,[],False,{}
99999.76,0.00,99999.76,USD,IDEALPRO-001,MARGIN,,[],False,{}
100000.00,0.00,100000.00,EUR,IDEALPRO-001,MARGIN,,[],False,{}
99999.76,2.37,99997.39,USD,IDEALPRO-001,MARGIN,,"[{'type': 'MarginBalance', 'initial': '0.00', 'maintenance': '2.37', 'currency': 'USD', 'instrument_id': 'EUR/USD.IDEALPRO'}]",False,{}
100000.00,0.00,100000.00,EUR,IDEALPRO-001,MARGIN,,"[{'type': 'MarginBalance', 'initial': '0.00', 'maintenance': '2.37', 'currency': 'USD', 'instrument_id': 'EUR/USD.IDEALPRO'}]",False,{}
99999.76,2.37,99997.39,USD,IDEALPRO-001,MARGIN,,"[{'type': 'MarginBalance', 'initial': '0.00', 'maintenance': '2.37', 'currency': 'USD', 'instrument_id': 'EUR/USD.IDEALPRO'}]",False,{}
100000.00,0.00,100000.00,EUR,IDEALPRO-001,MARGIN,,"[{'type': 'MarginBalance', 'initial': '0.00', 'maintenance': '2.37', 'currency': 'USD', 'instrument_id': 'EUR/USD.IDEALPRO'}]",False,{}
99999.76,2.37,99997.39,USD,IDEALPRO-001,MARGIN,,"[{'type': 'MarginBalance', 'initial': '0.00', 'maintenance': '2.37', 'currency': 'USD', 'instrument_id': 'EUR/USD.IDEALPRO'}]",False,{}
100000.00,0.00,100000.00,EUR,IDEALPRO-001,MARGIN,,"[{'type': 'MarginBalance', 'initial': '0.00', 'maintenance': '2.37', 'currency': 'USD', 'instrument_id': 'EUR/USD.IDEALPRO'}]",False,{}
99999.76,2.37,99997.39,USD,IDEALPRO-001,MARGIN,,"[{'type': 'MarginBalance', 'initial': '0.00', 'maintenance': '2.37', 'currency': 'USD', 'instrument_id': 'EUR/USD.IDEALPRO'}]",False,{}
100000.00,0.00,100000.00,EUR,IDEALPRO-001,MARGIN,,"[{'type': 'MarginBalance', 'initial': '0.00', 'maintenance': '2.37', 'currency': 'USD', 'instrument_id': 'EUR/USD.IDEALPRO'}]",False,{}
99999.76,0.00,99999.76,USD,IDEALPRO-001,MARGIN,,[],False,{}
100000.00,0.00,100000.00,EUR,IDEALPRO-001,MARGIN,,[],False,{}
99999.76,0.00,99999.76,USD,IDEALPRO-001,MARGIN,,[],False,{}
100000.00,0.00,100000.00,EUR,IDEALPRO-001,MARGIN,,[],False,{}
99999.76,0.00,99999.76,USD,IDEALPRO-001,MARGIN,,[],False,{}
100000.00,0.00,100000.00,EUR,IDEALPRO-001,MARGIN,,[],False,{}
99999.76,0.00,99999.76,USD,IDEALPRO-001,MARGIN,,[],False,{}
100000.00,0.00,100000.00,EUR,IDEALPRO-001,MARGIN,,[],False,{}
99999.76,0.00,99999.76,USD,IDEALPRO-001,MARGIN,,[],False,{}
100000.00,0.00,100000.00,EUR,IDEALPRO-001,MARGIN,,[],False,{}
99999.76,0.00,99999.76,USD,IDEALPRO-001,MARGIN,,[],False,{}
100000.00,0.00,100000.00,EUR,IDEALPRO-001,MARGIN,,[],False,{}
99999.76,2.37,99997.39,USD,IDEALPRO-001,MARGIN,,"[{'type': 'MarginBalance', 'initial': '0.00', 'maintenance': '2.37', 'currency': 'USD', 'instrument_id': 'EUR/USD.IDEALPRO'}]",False,{}
100000.00,0.00,100000.00,EUR,IDEALPRO-001,MARGIN,,"[{'type': 'MarginBalance', 'initial': '0.00', 'maintenance': '2.37', 'currency': 'USD', 'instrument_id': 'EUR/USD.IDEALPRO'}]",False,{}
99999.76,2.37,99997.39,USD,IDEALPRO-001,MARGIN,,"[{'type': 'MarginBalance', 'initial': '0.00', 'maintenance': '2.37', 'currency': 'USD', 'instrument_id': 'EUR/USD.IDEALPRO'}]",False,{}
100000.00,0.00,100000.00,EUR,IDEALPRO-001,MARGIN,,"[{'type': 'MarginBalance', 'initial': '0.00', 'maintenance': '2.37', 'currency': 'USD', 'instrument_id': 'EUR/USD.IDEALPRO'}]",False,{}
99999.76,2.37,99997.39,USD,IDEALPRO-001,MARGIN,,"[{'type': 'MarginBalance', 'initial': '0.00', 'maintenance': '2.37', 'currency': 'USD', 'instrument_id': 'EUR/USD.IDEALPRO'}]",False,{}
100000.00,0.00,100000.00,EUR,IDEALPRO-001,MARGIN,,"[{'type': 'MarginBalance', 'initial': '0.00', 'maintenance': '2.37', 'currency': 'USD', 'instrument_id': 'EUR/USD.IDEALPRO'}]",False,{}
99999.76,2.37,99997.39,USD,IDEALPRO-001,MARGIN,,"[{'type': 'MarginBalance', 'initial': '0.00', 'maintenance': '2.37', 'currency': 'USD', 'instrument_id': 'EUR/USD.IDEALPRO'}]",False,{}
100000.00,0.00,100000.00,EUR,IDEALPRO-001,MARGIN,,"[{'type': 'MarginBalance', 'initial': '0.00', 'maintenance': '2.37', 'currency': 'USD', 'instrument_id': 'EUR/USD.IDEALPRO'}]",False,{}
99999.78,0.00,99999.78,USD,IDEALPRO-001,MARGIN,,[],False,{}
100000.00,0.00,100000.00,EUR,IDEALPRO-001,MARGIN,,[],False,{}
99999.78,0.00,99999.78,USD,IDEALPRO-001,MARGIN,,[],False,{}
100000.00,0.00,100000.00,EUR,IDEALPRO-001,MARGIN,,[],False,{}
99999.78,0.00,99999.78,USD,IDEALPRO-001,MARGIN,,[],False,{}
100000.00,0.00,100000.00,EUR,IDEALPRO-001,MARGIN,,[],False,{}
99999.78,0.00,99999.78,USD,IDEALPRO-001,MARGIN,,[],False,{}
100000.00,0.00,100000.00,EUR,IDEALPRO-001,MARGIN,,[],False,{}
99999.78,0.00,99999.78,USD,IDEALPRO-001,MARGIN,,[],False,{}
100000.00,0.00,100000.00,EUR,IDEALPRO-001,MARGIN,,[],False,{}
99999.78,0.00,99999.78,USD,IDEALPRO-001,MARGIN,,[],False,{}
100000.00,0.00,100000.00,EUR,IDEALPRO-001,MARGIN,,[],False,{}
99999.78,2.37,99997.41,USD,IDEALPRO-001,MARGIN,,"[{'type': 'MarginBalance', 'initial': '0.00', 'maintenance': '2.37', 'currency': 'USD', 'instrument_id': 'EUR/USD.IDEALPRO'}]",False,{}
100000.00,0.00,100000.00,EUR,IDEALPRO-001,MARGIN,,"[{'type': 'MarginBalance', 'initial': '0.00', 'maintenance': '2.37', 'currency': 'USD', 'instrument_id': 'EUR/USD.IDEALPRO'}]",False,{}
99999.78,2.37,99997.41,USD,IDEALPRO-001,MARGIN,,"[{'type': 'MarginBalance', 'initial': '0.00', 'maintenance': '2.37', 'currency': 'USD', 'instrument_id': 'EUR/USD.IDEALPRO'}]",False,{}
100000.00,0.00,100000.00,EUR,IDEALPRO-001,MARGIN,,"[{'type': 'MarginBalance', 'initial': '0.00', 'maintenance': '2.37', 'currency': 'USD', 'instrument_id': 'EUR/USD.IDEALPRO'}]",False,{}
99999.78,2.37,99997.41,USD,IDEALPRO-001,MARGIN,,"[{'type': 'MarginBalance', 'initial': '0.00', 'maintenance': '2.37', 'currency': 'USD', 'instrument_id': 'EUR/USD.IDEALPRO'}]",False,{}
100000.00,0.00,100000.00,EUR,IDEALPRO-001,MARGIN,,"[{'type': 'MarginBalance', 'initial': '0.00', 'maintenance': '2.37', 'currency': 'USD', 'instrument_id': 'EUR/USD.IDEALPRO'}]",False,{}
99999.72,0.00,99999.72,USD,IDEALPRO-001,MARGIN,,[],False,{}
100000.00,0.00,100000.00,EUR,IDEALPRO-001,MARGIN,,[],False,{}
99999.72,0.00,99999.72,USD,IDEALPRO-001,MARGIN,,[],False,{}
100000.00,0.00,100000.00,EUR,IDEALPRO-001,MARGIN,,[],False,{}
99999.72,0.00,99999.72,USD,IDEALPRO-001,MARGIN,,[],False,{}
100000.00,0.00,100000.00,EUR,IDEALPRO-001,MARGIN,,[],False,{}
99999.72,0.00,99999.72,USD,IDEALPRO-001,MARGIN,,[],False,{}
100000.00,0.00,100000.00,EUR,IDEALPRO-001,MARGIN,,[],False,{}
99999.72,0.00,99999.72,USD,IDEALPRO-001,MARGIN,,[],False,{}
100000.00,0.00,100000.00,EUR,IDEALPRO-001,MARGIN,,[],False,{}
99999.72,2.37,99997.35,USD,IDEALPRO-001,MARGIN,,"[{'type': 'MarginBalance', 'initial': '0.00', 'maintenance': '2.37', 'currency': 'USD', 'instrument_id': 'EUR/USD.IDEALPRO'}]",False,{}
100000.00,0.00,100000.00,EUR,IDEALPRO-001,MARGIN,,"[{'type': 'MarginBalance', 'initial': '0.00', 'maintenance': '2.37', 'currency': 'USD', 'instrument_id': 'EUR/USD.IDEALPRO'}]",False,{}
99999.72,2.37,99997.35,USD,IDEALPRO-001,MARGIN,,"[{'type': 'MarginBalance', 'initial': '0.00', 'maintenance': '2.37', 'currency': 'USD', 'instrument_id': 'EUR/USD.IDEALPRO'}]",False,{}
100000.00,0.00,100000.00,EUR,IDEALPRO-001,MARGIN,,"[{'type': 'MarginBalance', 'initial': '0.00', 'maintenance': '2.37', 'currency': 'USD', 'instrument_id': 'EUR/USD.IDEALPRO'}]",False,{}
99999.72,2.37,99997.35,USD,IDEALPRO-001,MARGIN,,"[{'type': 'MarginBalance', 'initial': '0.00', 'maintenance': '2.37', 'currency': 'USD', 'instrument_id': 'EUR/USD.IDEALPRO'}]",False,{}
100000.00,0.00,100000.00,EUR,IDEALPRO-001,MARGIN,,"[{'type': 'MarginBalance', 'initial': '0.00', 'maintenance': '2.37', 'currency': 'USD', 'instrument_id': 'EUR/USD.IDEALPRO'}]",False,{}
99999.66,0.00,99999.66,USD,IDEALPRO-001,MARGIN,,[],False,{}
100000.00,0.00,100000.00,EUR,IDEALPRO-001,MARGIN,,[],False,{}
99999.66,0.00,99999.66,USD,IDEALPRO-001,MARGIN,,[],False,{}
100000.00,0.00,100000.00,EUR,IDEALPRO-001,MARGIN,,[],False,{}
99999.66,0.00,99999.66,USD,IDEALPRO-001,MARGIN,,[],False,{}
100000.00,0.00,100000.00,EUR,IDEALPRO-001,MARGIN,,[],False,{}
99999.66,0.00,99999.66,USD,IDEALPRO-001,MARGIN,,[],False,{}
100000.00,0.00,100000.00,EUR,IDEALPRO-001,MARGIN,,[],False,{}
99999.66,0.00,99999.66,USD,IDEALPRO-001,MARGIN,,[],False,{}
100000.00,0.00,100000.00,EUR,IDEALPRO-001,MARGIN,,[],False,{}
99999.66,2.37,99997.29,USD,IDEALPRO-001,MARGIN,,"[{'type': 'MarginBalance', 'initial': '0.00', 'maintenance': '2.37', 'currency': 'USD', 'instrument_id': 'EUR/USD.IDEALPRO'}]",False,{}
100000.00,0.00,100000.00,EUR,IDEALPRO-001,MARGIN,,"[{'type': 'MarginBalance', 'initial': '0.00', 'maintenance': '2.37', 'currency': 'USD', 'instrument_id': 'EUR/USD.IDEALPRO'}]",False,{}
99999.66,2.37,99997.29,USD,IDEALPRO-001,MARGIN,,"[{'type': 'MarginBalance', 'initial': '0.00', 'maintenance': '2.37', 'currency': 'USD', 'instrument_id': 'EUR/USD.IDEALPRO'}]",False,{}
100000.00,0.00,100000.00,EUR,IDEALPRO-001,MARGIN,,"[{'type': 'MarginBalance', 'initial': '0.00', 'maintenance': '2.37', 'currency': 'USD', 'instrument_id': 'EUR/USD.IDEALPRO'}]",False,{}
99999.66,2.37,99997.29,USD,IDEALPRO-001,MARGIN,,"[{'type': 'MarginBalance', 'initial': '0.00', 'maintenance': '2.37', 'currency': 'USD', 'instrument_id': 'EUR/USD.IDEALPRO'}]",False,{}
100000.00,0.00,100000.00,EUR,IDEALPRO-001,MARGIN,,"[{'type': 'MarginBalance', 'initial': '0.00', 'maintenance': '2.37', 'currency': 'USD', 'instrument_id': 'EUR/USD.IDEALPRO'}]",False,{}
99999.60,0.00,99999.60,USD,IDEALPRO-001,MARGIN,,[],False,{}
100000.00,0.00,100000.00,EUR,IDEALPRO-001,MARGIN,,[],False,{}
99999.60,0.00,99999.60,USD,IDEALPRO-001,MARGIN,,[],False,{}
100000.00,0.00,100000.00,EUR,IDEALPRO-001,MARGIN,,[],False,{}
99999.60,0.00,99999.60,USD,IDEALPRO-001,MARGIN,,[],False,{}
100000.00,0.00,100000.00,EUR,IDEALPRO-001,MARGIN,,[],False,{}
99999.60,0.00,99999.60,USD,IDEALPRO-001,MARGIN,,[],False,{}
100000.00,0.00,100000.00,EUR,IDEALPRO-001,MARGIN,,[],False,{}
99999.60,0.00,99999.60,USD,IDEALPRO-001,MARGIN,,[],False,{}
100000.00,0.00,100000.00,EUR,IDEALPRO-001,MARGIN,,[],False,{}
99999.60,2.37,99997.23,USD,IDEALPRO-001,MARGIN,,"[{'type': 'MarginBalance', 'initial': '0.00', 'maintenance': '2.37', 'currency': 'USD', 'instrument_id': 'EUR/USD.IDEALPRO'}]",False,{}
100000.00,0.00,100000.00,EUR,IDEALPRO-001,MARGIN,,"[{'type': 'MarginBalance', 'initial': '0.00', 'maintenance': '2.37', 'currency': 'USD', 'instrument_id': 'EUR/USD.IDEALPRO'}]",False,{}
99999.60,2.37,99997.23,USD,IDEALPRO-001,MARGIN,,"[{'type': 'MarginBalance', 'initial': '0.00', 'maintenance': '2.37', 'currency': 'USD', 'instrument_id': 'EUR/USD.IDEALPRO'}]",False,{}
100000.00,0.00,100000.00,EUR,IDEALPRO-001,MARGIN,,"[{'type': 'MarginBalance', 'initial': '0.00', 'maintenance': '2.37', 'currency': 'USD', 'instrument_id': 'EUR/USD.IDEALPRO'}]",False,{}
99999.60,2.37,99997.23,USD,IDEALPRO-001,MARGIN,,"[{'type': 'MarginBalance', 'initial': '0.00', 'maintenance': '2.37', 'currency': 'USD', 'instrument_id': 'EUR/USD.IDEALPRO'}]",False,{}
100000.00,0.00,100000.00,EUR,IDEALPRO-001,MARGIN,,"[{'type': 'MarginBalance', 'initial': '0.00', 'maintenance': '2.37', 'currency': 'USD', 'instrument_id': 'EUR/USD.IDEALPRO'}]",False,{}
99999.54,0.00,99999.54,USD,IDEALPRO-001,MARGIN,,[],False,{}
100000.00,0.00,100000.00,EUR,IDEALPRO-001,MARGIN,,[],False,{}
99999.54,0.00,99999.54,USD,IDEALPRO-001,MARGIN,,[],False,{}
100000.00,0.00,100000.00,EUR,IDEALPRO-001,MARGIN,,[],False,{}
99999.54,0.00,99999.54,USD,IDEALPRO-001,MARGIN,,[],False,{}
100000.00,0.00,100000.00,EUR,IDEALPRO-001,MARGIN,,[],False,{}
99999.54,0.00,99999.54,USD,IDEALPRO-001,MARGIN,,[],False,{}
100000.00,0.00,100000.00,EUR,IDEALPRO-001,MARGIN,,[],False,{}
99999.54,0.00,99999.54,USD,IDEALPRO-001,MARGIN,,[],False,{}
100000.00,0.00,100000.00,EUR,IDEALPRO-001,MARGIN,,[],False,{}
99999.54,2.37,99997.17,USD,IDEALPRO-001,MARGIN,,"[{'type': 'MarginBalance', 'initial': '0.00', 'maintenance': '2.37', 'currency': 'USD', 'instrument_id': 'EUR/USD.IDEALPRO'}]",False,{}
100000.00,0.00,100000.00,EUR,IDEALPRO-001,MARGIN,,"[{'type': 'MarginBalance', 'initial': '0.00', 'maintenance': '2.37', 'currency': 'USD', 'instrument_id': 'EUR/USD.IDEALPRO'}]",False,{}
99999.54,2.37,99997.17,USD,IDEALPRO-001,MARGIN,,"[{'type': 'MarginBalance', 'initial': '0.00', 'maintenance': '2.37', 'currency': 'USD', 'instrument_id': 'EUR/USD.IDEALPRO'}]",False,{}
100000.00,0.00,100000.00,EUR,IDEALPRO-001,MARGIN,,"[{'type': 'MarginBalance', 'initial': '0.00', 'maintenance': '2.37', 'currency': 'USD', 'instrument_id': 'EUR/USD.IDEALPRO'}]",False,{}
99999.54,2.37,99997.17,USD,IDEALPRO-001,MARGIN,,"[{'type': 'MarginBalance', 'initial': '0.00', 'maintenance': '2.37', 'currency': 'USD', 'instrument_id': 'EUR/USD.IDEALPRO'}]",False,{}
100000.00,0.00,100000.00,EUR,IDEALPRO-001,MARGIN,,"[{'type': 'MarginBalance', 'initial': '0.00', 'maintenance': '2.37', 'currency': 'USD', 'instrument_id': 'EUR/USD.IDEALPRO'}]",False,{}
99999.54,2.37,99997.17,USD,IDEALPRO-001,MARGIN,,"[{'type': 'MarginBalance', 'initial': '0.00', 'maintenance': '2.37', 'currency': 'USD', 'instrument_id': 'EUR/USD.IDEALPRO'}]",False,{}
100000.00,0.00,100000.00,EUR,IDEALPRO-001,MARGIN,,"[{'type': 'MarginBalance', 'initial': '0.00', 'maintenance': '2.37', 'currency': 'USD', 'instrument_id': 'EUR/USD.IDEALPRO'}]",False,{}
99999.52,0.00,99999.52,USD,IDEALPRO-001,MARGIN,,[],False,{}
100000.00,0.00,100000.00,EUR,IDEALPRO-001,MARGIN,,[],False,{}
99999.52,0.00,99999.52,USD,IDEALPRO-001,MARGIN,,[],False,{}
100000.00,0.00,100000.00,EUR,IDEALPRO-001,MARGIN,,[],False,{}
99999.52,0.00,99999.52,USD,IDEALPRO-001,MARGIN,,[],False,{}
100000.00,0.00,100000.00,EUR,IDEALPRO-001,MARGIN,,[],False,{}
99999.52,0.00,99999.52,USD,IDEALPRO-001,MARGIN,,[],False,{}
100000.00,0.00,100000.00,EUR,IDEALPRO-001,MARGIN,,[],False,{}
99999.52,0.00,99999.52,USD,IDEALPRO-001,MARGIN,,[],False,{}
100000.00,0.00,100000.00,EUR,IDEALPRO-001,MARGIN,,[],False,{}
99999.52,0.00,99999.52,USD,IDEALPRO-001,MARGIN,,[],False,{}
100000.00,0.00,100000.00,EUR,IDEALPRO-001,MARGIN,,[],False,{}
99999.52,2.37,99997.15,USD,IDEALPRO-001,MARGIN,,"[{'type': 'MarginBalance', 'initial': '0.00', 'maintenance': '2.37', 'currency': 'USD', 'instrument_id': 'EUR/USD.IDEALPRO'}]",False,{}
100000.00,0.00,100000.00,EUR,IDEALPRO-001,MARGIN,,"[{'type': 'MarginBalance', 'initial': '0.00', 'maintenance': '2.37', 'currency': 'USD', 'instrument_id': 'EUR/USD.IDEALPRO'}]",False,{}
99999.52,2.37,99997.15,USD,IDEALPRO-001,MARGIN,,"[{'type': 'MarginBalance', 'initial': '0.00', 'maintenance': '2.37', 'currency': 'USD', 'instrument_id': 'EUR/USD.IDEALPRO'}]",False,{}
100000.00,0.00,100000.00,EUR,IDEALPRO-001,MARGIN,,"[{'type': 'MarginBalance', 'initial': '0.00', 'maintenance': '2.37', 'currency': 'USD', 'instrument_id': 'EUR/USD.IDEALPRO'}]",False,{}
99999.52,2.37,99997.15,USD,IDEALPRO-001,MARGIN,,"[{'type': 'MarginBalance', 'initial': '0.00', 'maintenance': '2.37', 'currency': 'USD', 'instrument_id': 'EUR/USD.IDEALPRO'}]",False,{}
100000.00,0.00,100000.00,EUR,IDEALPRO-001,MARGIN,,"[{'type': 'MarginBalance', 'initial': '0.00', 'maintenance': '2.37', 'currency': 'USD', 'instrument_id': 'EUR/USD.IDEALPRO'}]",False,{}
99999.52,2.37,99997.15,USD,IDEALPRO-001,MARGIN,,"[{'type': 'MarginBalance', 'initial': '0.00', 'maintenance': '2.37', 'currency': 'USD', 'instrument_id': 'EUR/USD.IDEALPRO'}]",False,{}
100000.00,0.00,100000.00,EUR,IDEALPRO-001,MARGIN,,"[{'type': 'MarginBalance', 'initial': '0.00', 'maintenance': '2.37', 'currency': 'USD', 'instrument_id': 'EUR/USD.IDEALPRO'}]",False,{}
99999.53,0.00,99999.53,USD,IDEALPRO-001,MARGIN,,[],False,{}
100000.00,0.00,100000.00,EUR,IDEALPRO-001,MARGIN,,[],False,{}
99999.53,0.00,99999.53,USD,IDEALPRO-001,MARGIN,,[],False,{}
100000.00,0.00,100000.00,EUR,IDEALPRO-001,MARGIN,,[],False,{}
99999.53,0.00,99999.53,USD,IDEALPRO-001,MARGIN,,[],False,{}
100000.00,0.00,100000.00,EUR,IDEALPRO-001,MARGIN,,[],False,{}
99999.53,0.00,99999.53,USD,IDEALPRO-001,MARGIN,,[],False,{}
100000.00,0.00,100000.00,EUR,IDEALPRO-001,MARGIN,,[],False,{}
99999.53,0.00,99999.53,USD,IDEALPRO-001,MARGIN,,[],False,{}
100000.00,0.00,100000.00,EUR,IDEALPRO-001,MARGIN,,[],False,{}
99999.53,0.00,99999.53,USD,IDEALPRO-001,MARGIN,,[],False,{}
100000.00,0.00,100000.00,EUR,IDEALPRO-001,MARGIN,,[],False,{}
99999.53,2.37,99997.16,USD,IDEALPRO-001,MARGIN,,"[{'type': 'MarginBalance', 'initial': '0.00', 'maintenance': '2.37', 'currency': 'USD', 'instrument_id': 'EUR/USD.IDEALPRO'}]",False,{}
100000.00,0.00,100000.00,EUR,IDEALPRO-001,MARGIN,,"[{'type': 'MarginBalance', 'initial': '0.00', 'maintenance': '2.37', 'currency': 'USD', 'instrument_id': 'EUR/USD.IDEALPRO'}]",False,{}
99999.53,2.37,99997.16,USD,IDEALPRO-001,MARGIN,,"[{'type': 'MarginBalance', 'initial': '0.00', 'maintenance': '2.37', 'currency': 'USD', 'instrument_id': 'EUR/USD.IDEALPRO'}]",False,{}
100000.00,0.00,100000.00,EUR,IDEALPRO-001,MARGIN,,"[{'type': 'MarginBalance', 'initial': '0.00', 'maintenance': '2.37', 'currency': 'USD', 'instrument_id': 'EUR/USD.IDEALPRO'}]",False,{}
99999.53,2.37,99997.16,USD,IDEALPRO-001,MARGIN,,"[{'type': 'MarginBalance', 'initial': '0.00', 'maintenance': '2.37', 'currency': 'USD', 'instrument_id': 'EUR/USD.IDEALPRO'}]",False,{}
100000.00,0.00,100000.00,EUR,IDEALPRO-001,MARGIN,,"[{'type': 'MarginBalance', 'initial': '0.00', 'maintenance': '2.37', 'currency': 'USD', 'instrument_id': 'EUR/USD.IDEALPRO'}]",False,{}
99999.53,2.37,99997.16,USD,IDEALPRO-001,MARGIN,,"[{'type': 'MarginBalance', 'initial': '0.00', 'maintenance': '2.37', 'currency': 'USD', 'instrument_id': 'EUR/USD.IDEALPRO'}]",False,{}
100000.00,0.00,100000.00,EUR,IDEALPRO-001,MARGIN,,"[{'type': 'MarginBalance', 'initial': '0.00', 'maintenance': '2.37', 'currency': 'USD', 'instrument_id': 'EUR/USD.IDEALPRO'}]",False,{}
99999.50,0.00,99999.50,USD,IDEALPRO-001,MARGIN,,[],False,{}
100000.00,0.00,100000.00,EUR,IDEALPRO-001,MARGIN,,[],False,{}
99999.50,0.00,99999.50,USD,IDEALPRO-001,MARGIN,,[],False,{}
100000.00,0.00,100000.00,EUR,IDEALPRO-001,MARGIN,,[],False,{}
99999.50,0.00,99999.50,USD,IDEALPRO-001,MARGIN,,[],False,{}
100000.00,0.00,100000.00,EUR,IDEALPRO-001,MARGIN,,[],False,{}
99999.50,0.00,99999.50,USD,IDEALPRO-001,MARGIN,,[],False,{}
100000.00,0.00,100000.00,EUR,IDEALPRO-001,MARGIN,,[],False,{}
99999.50,0.00,99999.50,USD,IDEALPRO-001,MARGIN,,[],False,{}
100000.00,0.00,100000.00,EUR,IDEALPRO-001,MARGIN,,[],False,{}
99999.50,0.00,99999.50,USD,IDEALPRO-001,MARGIN,,[],False,{}
100000.00,0.00,100000.00,EUR,IDEALPRO-001,MARGIN,,[],False,{}
99999.50,2.37,99997.13,USD,IDEALPRO-001,MARGIN,,"[{'type': 'MarginBalance', 'initial': '0.00', 'maintenance': '2.37', 'currency': 'USD', 'instrument_id': 'EUR/USD.IDEALPRO'}]",False,{}
100000.00,0.00,100000.00,EUR,IDEALPRO-001,MARGIN,,"[{'type': 'MarginBalance', 'initial': '0.00', 'maintenance': '2.37', 'currency': 'USD', 'instrument_id': 'EUR/USD.IDEALPRO'}]",False,{}
99999.50,2.37,99997.13,USD,IDEALPRO-001,MARGIN,,"[{'type': 'MarginBalance', 'initial': '0.00', 'maintenance': '2.37', 'currency': 'USD', 'instrument_id': 'EUR/USD.IDEALPRO'}]",False,{}
100000.00,0.00,100000.00,EUR,IDEALPRO-001,MARGIN,,"[{'type': 'MarginBalance', 'initial': '0.00', 'maintenance': '2.37', 'currency': 'USD', 'instrument_id': 'EUR/USD.IDEALPRO'}]",False,{}
99999.50,2.37,99997.13,USD,IDEALPRO-001,MARGIN,,"[{'type': 'MarginBalance', 'initial': '0.00', 'maintenance': '2.37', 'currency': 'USD', 'instrument_id': 'EUR/USD.IDEALPRO'}]",False,{}
100000.00,0.00,100000.00,EUR,IDEALPRO-001,MARGIN,,"[{'type': 'MarginBalance', 'initial': '0.00', 'maintenance': '2.37', 'currency': 'USD', 'instrument_id': 'EUR/USD.IDEALPRO'}]",False,{}
99999.50,2.37,99997.13,USD,IDEALPRO-001,MARGIN,,"[{'type': 'MarginBalance', 'initial': '0.00', 'maintenance': '2.37', 'currency': 'USD', 'instrument_id': 'EUR/USD.IDEALPRO'}]",False,{}
100000.00,0.00,100000.00,EUR,IDEALPRO-001,MARGIN,,"[{'type': 'MarginBalance', 'initial': '0.00', 'maintenance': '2.37', 'currency': 'USD', 'instrument_id': 'EUR/USD.IDEALPRO'}]",False,{}
99999.52,0.00,99999.52,USD,IDEALPRO-001,MARGIN,,[],False,{}
100000.00,0.00,100000.00,EUR,IDEALPRO-001,MARGIN,,[],False,{}
99999.52,0.00,99999.52,USD,IDEALPRO-001,MARGIN,,[],False,{}
100000.00,0.00,100000.00,EUR,IDEALPRO-001,MARGIN,,[],False,{}
99999.52,0.00,99999.52,USD,IDEALPRO-001,MARGIN,,[],False,{}
100000.00,0.00,100000.00,EUR,IDEALPRO-001,MARGIN,,[],False,{}
99999.52,0.00,99999.52,USD,IDEALPRO-001,MARGIN,,[],False,{}
100000.00,0.00,100000.00,EUR,IDEALPRO-001,MARGIN,,[],False,{}
99999.52,0.00,99999.52,USD,IDEALPRO-001,MARGIN,,[],False,{}
100000.00,0.00,100000.00,EUR,IDEALPRO-001,MARGIN,,[],False,{}
99999.52,0.00,99999.52,USD,IDEALPRO-001,MARGIN,,[],False,{}
100000.00,0.00,100000.00,EUR,IDEALPRO-001,MARGIN,,[],False,{}
99999.52,2.38,99997.14,USD,IDEALPRO-001,MARGIN,,"[{'type': 'MarginBalance', 'initial': '0.00', 'maintenance': '2.38', 'currency': 'USD', 'instrument_id': 'EUR/USD.IDEALPRO'}]",False,{}
100000.00,0.00,100000.00,EUR,IDEALPRO-001,MARGIN,,"[{'type': 'MarginBalance', 'initial': '0.00', 'maintenance': '2.38', 'currency': 'USD', 'instrument_id': 'EUR/USD.IDEALPRO'}]",False,{}
99999.52,2.38,99997.14,USD,IDEALPRO-001,MARGIN,,"[{'type': 'MarginBalance', 'initial': '0.00', 'maintenance': '2.38', 'currency': 'USD', 'instrument_id': 'EUR/USD.IDEALPRO'}]",False,{}
100000.00,0.00,100000.00,EUR,IDEALPRO-001,MARGIN,,"[{'type': 'MarginBalance', 'initial': '0.00', 'maintenance': '2.38', 'currency': 'USD', 'instrument_id': 'EUR/USD.IDEALPRO'}]",False,{}
99999.52,2.38,99997.14,USD,IDEALPRO-001,MARGIN,,"[{'type': 'MarginBalance', 'initial': '0.00', 'maintenance': '2.38', 'currency': 'USD', 'instrument_id': 'EUR/USD.IDEALPRO'}]",False,{}
100000.00,0.00,100000.00,EUR,IDEALPRO-001,MARGIN,,"[{'type': 'MarginBalance', 'initial': '0.00', 'maintenance': '2.38', 'currency': 'USD', 'instrument_id': 'EUR/USD.IDEALPRO'}]",False,{}
99999.82,0.00,99999.82,USD,IDEALPRO-001,MARGIN,,[],False,{}
100000.00,0.00,100000.00,EUR,IDEALPRO-001,MARGIN,,[],False,{}
99999.82,0.00,99999.82,USD,IDEALPRO-001,MARGIN,,[],False,{}
100000.00,0.00,100000.00,EUR,IDEALPRO-001,MARGIN,,[],False,{}
99999.82,0.00,99999.82,USD,IDEALPRO-001,MARGIN,,[],False,{}
100000.00,0.00,100000.00,EUR,IDEALPRO-001,MARGIN,,[],False,{}
99999.82,0.00,99999.82,USD,IDEALPRO-001,MARGIN,,[],False,{}
100000.00,0.00,100000.00,EUR,IDEALPRO-001,MARGIN,,[],False,{}
99999.82,0.00,99999.82,USD,IDEALPRO-001,MARGIN,,[],False,{}
100000.00,0.00,100000.00,EUR,IDEALPRO-001,MARGIN,,[],False,{}
99999.82,2.37,99997.45,USD,IDEALPRO-001,MARGIN,,"[{'type': 'MarginBalance', 'initial': '0.00', 'maintenance': '2.37', 'currency': 'USD', 'instrument_id': 'EUR/USD.IDEALPRO'}]",False,{}
100000.00,0.00,100000.00,EUR,IDEALPRO-001,MARGIN,,"[{'type': 'MarginBalance', 'initial': '0.00', 'maintenance': '2.37', 'currency': 'USD', 'instrument_id': 'EUR/USD.IDEALPRO'}]",False,{}
99999.82,2.37,99997.45,USD,IDEALPRO-001,MARGIN,,"[{'type': 'MarginBalance', 'initial': '0.00', 'maintenance': '2.37', 'currency': 'USD', 'instrument_id': 'EUR/USD.IDEALPRO'}]",False,{}
100000.00,0.00,100000.00,EUR,IDEALPRO-001,MARGIN,,"[{'type': 'MarginBalance', 'initial': '0.00', 'maintenance': '2.37', 'currency': 'USD', 'instrument_id': 'EUR/USD.IDEALPRO'}]",False,{}
99999.82,2.37,99997.45,USD,IDEALPRO-001,MARGIN,,"[{'type': 'MarginBalance', 'initial': '0.00', 'maintenance': '2.37', 'currency': 'USD', 'instrument_id': 'EUR/USD.IDEALPRO'}]",False,{}
100000.00,0.00,100000.00,EUR,IDEALPRO-001,MARGIN,,"[{'type': 'MarginBalance', 'initial': '0.00', 'maintenance': '2.37', 'currency': 'USD', 'instrument_id': 'EUR/USD.IDEALPRO'}]",False,{}
99999.76,0.00,99999.76,USD,IDEALPRO-001,MARGIN,,[],False,{}
100000.00,0.00,100000.00,EUR,IDEALPRO-001,MARGIN,,[],False,{}
99999.76,0.00,99999.76,USD,IDEALPRO-001,MARGIN,,[],False,{}
100000.00,0.00,100000.00,EUR,IDEALPRO-001,MARGIN,,[],False,{}
99999.76,0.00,99999.76,USD,IDEALPRO-001,MARGIN,,[],False,{}
100000.00,0.00,100000.00,EUR,IDEALPRO-001,MARGIN,,[],False,{}
99999.76,0.00,99999.76,USD,IDEALPRO-001,MARGIN,,[],False,{}
100000.00,0.00,100000.00,EUR,IDEALPRO-001,MARGIN,,[],False,{}
99999.76,0.00,99999.76,USD,IDEALPRO-001,MARGIN,,[],False,{}
100000.00,0.00,100000.00,EUR,IDEALPRO-001,MARGIN,,[],False,{}
99999.76,2.37,99997.39,USD,IDEALPRO-001,MARGIN,,"[{'type': 'MarginBalance', 'initial': '0.00', 'maintenance': '2.37', 'currency': 'USD', 'instrument_id': 'EUR/USD.IDEALPRO'}]",False,{}
100000.00,0.00,100000.00,EUR,IDEALPRO-001,MARGIN,,"[{'type': 'MarginBalance', 'initial': '0.00', 'maintenance': '2.37', 'currency': 'USD', 'instrument_id': 'EUR/USD.IDEALPRO'}]",False,{}
99999.76,2.37,99997.39,USD,IDEALPRO-001,MARGIN,,"[{'type': 'MarginBalance', 'initial': '0.00', 'maintenance': '2.37', 'currency': 'USD', 'instrument_id': 'EUR/USD.IDEALPRO'}]",False,{}
100000.00,0.00,100000.00,EUR,IDEALPRO-001,MARGIN,,"[{'type': 'MarginBalance', 'initial': '0.00', 'maintenance': '2.37', 'currency': 'USD', 'instrument_id': 'EUR/USD.IDEALPRO'}]",False,{}
99999.76,2.37,99997.39,USD,IDEALPRO-001,MARGIN,,"[{'type': 'MarginBalance', 'initial': '0.00', 'maintenance': '2.37', 'currency': 'USD', 'instrument_id': 'EUR/USD.IDEALPRO'}]",False,{}
100000.00,0.00,100000.00,EUR,IDEALPRO-001,MARGIN,,"[{'type': 'MarginBalance', 'initial': '0.00', 'maintenance': '2.37', 'currency': 'USD', 'instrument_id': 'EUR/USD.IDEALPRO'}]",False,{}
100000.06,0.00,100000.06,USD,IDEALPRO-001,MARGIN,,[],False,{}
100000.00,0.00,100000.00,EUR,IDEALPRO-001,MARGIN,,[],False,{}
100000.06,0.00,100000.06,USD,IDEALPRO-001,MARGIN,,[],False,{}
100000.00,0.00,100000.00,EUR,IDEALPRO-001,MARGIN,,[],False,{}
100000.06,0.00,100000.06,USD,IDEALPRO-001,MARGIN,,[],False,{}
100000.00,0.00,100000.00,EUR,IDEALPRO-001,MARGIN,,[],False,{}
100000.06,0.00,100000.06,USD,IDEALPRO-001,MARGIN,,[],False,{}
100000.00,0.00,100000.00,EUR,IDEALPRO-001,MARGIN,,[],False,{}
100000.06,0.00,100000.06,USD,IDEALPRO-001,MARGIN,,[],False,{}
100000.00,0.00,100000.00,EUR,IDEALPRO-001,MARGIN,,[],False,{}
100000.06,2.36,99997.70,USD,IDEALPRO-001,MARGIN,,"[{'type': 'MarginBalance', 'initial': '0.00', 'maintenance': '2.36', 'currency': 'USD', 'instrument_id': 'EUR/USD.IDEALPRO'}]",False,{}
100000.00,0.00,100000.00,EUR,IDEALPRO-001,MARGIN,,"[{'type': 'MarginBalance', 'initial': '0.00', 'maintenance': '2.36', 'currency': 'USD', 'instrument_id': 'EUR/USD.IDEALPRO'}]",False,{}
100000.06,2.36,99997.70,USD,IDEALPRO-001,MARGIN,,"[{'type': 'MarginBalance', 'initial': '0.00', 'maintenance': '2.36', 'currency': 'USD', 'instrument_id': 'EUR/USD.IDEALPRO'}]",False,{}
100000.00,0.00,100000.00,EUR,IDEALPRO-001,MARGIN,,"[{'type': 'MarginBalance', 'initial': '0.00', 'maintenance': '2.36', 'currency': 'USD', 'instrument_id': 'EUR/USD.IDEALPRO'}]",False,{}
100000.06,2.36,99997.70,USD,IDEALPRO-001,MARGIN,,"[{'type': 'MarginBalance', 'initial': '0.00', 'maintenance': '2.36', 'currency': 'USD', 'instrument_id': 'EUR/USD.IDEALPRO'}]",False,{}
100000.00,0.00,100000.00,EUR,IDEALPRO-001,MARGIN,,"[{'type': 'MarginBalance', 'initial': '0.00', 'maintenance': '2.36', 'currency': 'USD', 'instrument_id': 'EUR/USD.IDEALPRO'}]",False,{}
100000.06,2.36,99997.70,USD,IDEALPRO-001,MARGIN,,"[{'type': 'MarginBalance', 'initial': '0.00', 'maintenance': '2.36', 'currency': 'USD', 'instrument_id': 'EUR/USD.IDEALPRO'}]",False,{}
100000.00,0.00,100000.00,EUR,IDEALPRO-001,MARGIN,,"[{'type': 'MarginBalance', 'initial': '0.00', 'maintenance': '2.36', 'currency': 'USD', 'instrument_id': 'EUR/USD.IDEALPRO'}]",False,{}
100000.04,0.00,100000.04,USD,IDEALPRO-001,MARGIN,,[],False,{}
100000.00,0.00,100000.00,EUR,IDEALPRO-001,MARGIN,,[],False,{}
100000.04,0.00,100000.04,USD,IDEALPRO-001,MARGIN,,[],False,{}
100000.00,0.00,100000.00,EUR,IDEALPRO-001,MARGIN,,[],False,{}
100000.04,0.00,100000.04,USD,IDEALPRO-001,MARGIN,,[],False,{}
100000.00,0.00,100000.00,EUR,IDEALPRO-001,MARGIN,,[],False,{}
100000.04,0.00,100000.04,USD,IDEALPRO-001,MARGIN,,[],False,{}
100000.00,0.00,100000.00,EUR,IDEALPRO-001,MARGIN,,[],False,{}
100000.04,0.00,100000.04,USD,IDEALPRO-001,MARGIN,,[],False,{}
100000.00,0.00,100000.00,EUR,IDEALPRO-001,MARGIN,,[],False,{}
100000.04,0.00,100000.04,USD,IDEALPRO-001,MARGIN,,[],False,{}
100000.00,0.00,100000.00,EUR,IDEALPRO-001,MARGIN,,[],False,{}
100000.04,2.36,99997.68,USD,IDEALPRO-001,MARGIN,,"[{'type': 'MarginBalance', 'initial': '0.00', 'maintenance': '2.36', 'currency': 'USD', 'instrument_id': 'EUR/USD.IDEALPRO'}]",False,{}
100000.00,0.00,100000.00,EUR,IDEALPRO-001,MARGIN,,"[{'type': 'MarginBalance', 'initial': '0.00', 'maintenance': '2.36', 'currency': 'USD', 'instrument_id': 'EUR/USD.IDEALPRO'}]",False,{}
100000.04,2.36,99997.68,USD,IDEALPRO-001,MARGIN,,"[{'type': 'MarginBalance', 'initial': '0.00', 'maintenance': '2.36', 'currency': 'USD', 'instrument_id': 'EUR/USD.IDEALPRO'}]",False,{}
100000.00,0.00,100000.00,EUR,IDEALPRO-001,MARGIN,,"[{'type': 'MarginBalance', 'initial': '0.00', 'maintenance': '2.36', 'currency': 'USD', 'instrument_id': 'EUR/USD.IDEALPRO'}]",False,{}
100000.04,2.36,99997.68,USD,IDEALPRO-001,MARGIN,,"[{'type': 'MarginBalance', 'initial': '0.00', 'maintenance': '2.36', 'currency': 'USD', 'instrument_id': 'EUR/USD.IDEALPRO'}]",False,{}
100000.00,0.00,100000.00,EUR,IDEALPRO-001,MARGIN,,"[{'type': 'MarginBalance', 'initial': '0.00', 'maintenance': '2.36', 'currency': 'USD', 'instrument_id': 'EUR/USD.IDEALPRO'}]",False,{}
100000.04,2.36,99997.68,USD,IDEALPRO-001,MARGIN,,"[{'type': 'MarginBalance', 'initial': '0.00', 'maintenance': '2.36', 'currency': 'USD', 'instrument_id': 'EUR/USD.IDEALPRO'}]",False,{}
100000.00,0.00,100000.00,EUR,IDEALPRO-001,MARGIN,,"[{'type': 'MarginBalance', 'initial': '0.00', 'maintenance': '2.36', 'currency': 'USD', 'instrument_id': 'EUR/USD.IDEALPRO'}]",False,{}
100000.04,0.00,100000.04,USD,IDEALPRO-001,MARGIN,,[],False,{}
100000.00,0.00,100000.00,EUR,IDEALPRO-001,MARGIN,,[],False,{}
100000.04,0.00,100000.04,USD,IDEALPRO-001,MARGIN,,[],False,{}
100000.00,0.00,100000.00,EUR,IDEALPRO-001,MARGIN,,[],False,{}
100000.04,0.00,100000.04,USD,IDEALPRO-001,MARGIN,,[],False,{}
100000.00,0.00,100000.00,EUR,IDEALPRO-001,MARGIN,,[],False,{}
100000.04,0.00,100000.04,USD,IDEALPRO-001,MARGIN,,[],False,{}
100000.00,0.00,100000.00,EUR,IDEALPRO-001,MARGIN,,[],False,{}
100000.04,0.00,100000.04,USD,IDEALPRO-001,MARGIN,,[],False,{}
100000.00,0.00,100000.00,EUR,IDEALPRO-001,MARGIN,,[],False,{}
100000.04,0.00,100000.04,USD,IDEALPRO-001,MARGIN,,[],False,{}
100000.00,0.00,100000.00,EUR,IDEALPRO-001,MARGIN,,[],False,{}
100000.04,2.36,99997.68,USD,IDEALPRO-001,MARGIN,,"[{'type': 'MarginBalance', 'initial': '0.00', 'maintenance': '2.36', 'currency': 'USD', 'instrument_id': 'EUR/USD.IDEALPRO'}]",False,{}
100000.00,0.00,100000.00,EUR,IDEALPRO-001,MARGIN,,"[{'type': 'MarginBalance', 'initial': '0.00', 'maintenance': '2.36', 'currency': 'USD', 'instrument_id': 'EUR/USD.IDEALPRO'}]",False,{}
100000.04,2.36,99997.68,USD,IDEALPRO-001,MARGIN,,"[{'type': 'MarginBalance', 'initial': '0.00', 'maintenance': '2.36', 'currency': 'USD', 'instrument_id': 'EUR/USD.IDEALPRO'}]",False,{}
100000.00,0.00,100000.00,EUR,IDEALPRO-001,MARGIN,,"[{'type': 'MarginBalance', 'initial': '0.00', 'maintenance': '2.36', 'currency': 'USD', 'instrument_id': 'EUR/USD.IDEALPRO'}]",False,{}
100000.04,2.36,99997.68,USD,IDEALPRO-001,MARGIN,,"[{'type': 'MarginBalance', 'initial': '0.00', 'maintenance': '2.36', 'currency': 'USD', 'instrument_id': 'EUR/USD.IDEALPRO'}]",False,{}
100000.00,0.00,100000.00,EUR,IDEALPRO-001,MARGIN,,"[{'type': 'MarginBalance', 'initial': '0.00', 'maintenance': '2.36', 'currency': 'USD', 'instrument_id': 'EUR/USD.IDEALPRO'}]",False,{}
100000.04,2.36,99997.68,USD,IDEALPRO-001,MARGIN,,"[{'type': 'MarginBalance', 'initial': '0.00', 'maintenance': '2.36', 'currency': 'USD', 'instrument_id': 'EUR/USD.IDEALPRO'}]",False,{}
100000.00,0.00,100000.00,EUR,IDEALPRO-001,MARGIN,,"[{'type': 'MarginBalance', 'initial': '0.00', 'maintenance': '2.36', 'currency': 'USD', 'instrument_id': 'EUR/USD.IDEALPRO'}]",False,{}
100000.04,0.00,100000.04,USD,IDEALPRO-001,MARGIN,,[],False,{}
100000.00,0.00,100000.00,EUR,IDEALPRO-001,MARGIN,,[],False,{}
100000.04,0.00,100000.04,USD,IDEALPRO-001,MARGIN,,[],False,{}
100000.00,0.00,100000.00,EUR,IDEALPRO-001,MARGIN,,[],False,{}
100000.04,0.00,100000.04,USD,IDEALPRO-001,MARGIN,,[],False,{}
100000.00,0.00,100000.00,EUR,IDEALPRO-001,MARGIN,,[],False,{}
100000.04,0.00,100000.04,USD,IDEALPRO-001,MARGIN,,[],False,{}
100000.00,0.00,100000.00,EUR,IDEALPRO-001,MARGIN,,[],False,{}
100000.04,0.00,100000.04,USD,IDEALPRO-001,MARGIN,,[],False,{}
100000.00,0.00,100000.00,EUR,IDEALPRO-001,MARGIN,,[],False,{}
100000.04,0.00,100000.04,USD,IDEALPRO-001,MARGIN,,[],False,{}
100000.00,0.00,100000.00,EUR,IDEALPRO-001,MARGIN,,[],False,{}
100000.04,2.36,99997.68,USD,IDEALPRO-001,MARGIN,,"[{'type': 'MarginBalance', 'initial': '0.00', 'maintenance': '2.36', 'currency': 'USD', 'instrument_id': 'EUR/USD.IDEALPRO'}]",False,{}
100000.00,0.00,100000.00,EUR,IDEALPRO-001,MARGIN,,"[{'type': 'MarginBalance', 'initial': '0.00', 'maintenance': '2.36', 'currency': 'USD', 'instrument_id': 'EUR/USD.IDEALPRO'}]",False,{}
100000.04,2.36,99997.68,USD,IDEALPRO-001,MARGIN,,"[{'type': 'MarginBalance', 'initial': '0.00', 'maintenance': '2.36', 'currency': 'USD', 'instrument_id': 'EUR/USD.IDEALPRO'}]",False,{}
100000.00,0.00,100000.00,EUR,IDEALPRO-001,MARGIN,,"[{'type': 'MarginBalance', 'initial': '0.00', 'maintenance': '2.36', 'currency': 'USD', 'instrument_id': 'EUR/USD.IDEALPRO'}]",False,{}
100000.04,2.36,99997.68,USD,IDEALPRO-001,MARGIN,,"[{'type': 'MarginBalance', 'initial': '0.00', 'maintenance': '2.36', 'currency': 'USD', 'instrument_id': 'EUR/USD.IDEALPRO'}]",False,{}
100000.00,0.00,100000.00,EUR,IDEALPRO-001,MARGIN,,"[{'type': 'MarginBalance', 'initial': '0.00', 'maintenance': '2.36', 'currency': 'USD', 'instrument_id': 'EUR/USD.IDEALPRO'}]",False,{}
100000.04,2.36,99997.68,USD,IDEALPRO-001,MARGIN,,"[{'type': 'MarginBalance', 'initial': '0.00', 'maintenance': '2.36', 'currency': 'USD', 'instrument_id': 'EUR/USD.IDEALPRO'}]",False,{}
100000.00,0.00,100000.00,EUR,IDEALPRO-001,MARGIN,,"[{'type': 'MarginBalance', 'initial': '0.00', 'maintenance': '2.36', 'currency': 'USD', 'instrument_id': 'EUR/USD.IDEALPRO'}]",False,{}
100000.05,0.00,100000.05,USD,IDEALPRO-001,MARGIN,,[],False,{}
100000.00,0.00,100000.00,EUR,IDEALPRO-001,MARGIN,,[],False,{}
100000.05,0.00,100000.05,USD,IDEALPRO-001,MARGIN,,[],False,{}
100000.00,0.00,100000.00,EUR,IDEALPRO-001,MARGIN,,[],False,{}
100000.05,0.00,100000.05,USD,IDEALPRO-001,MARGIN,,[],False,{}
100000.00,0.00,100000.00,EUR,IDEALPRO-001,MARGIN,,[],False,{}
100000.05,0.00,100000.05,USD,IDEALPRO-001,MARGIN,,[],False,{}
100000.00,0.00,100000.00,EUR,IDEALPRO-001,MARGIN,,[],False,{}
100000.05,0.00,100000.05,USD,IDEALPRO-001,MARGIN,,[],False,{}
100000.00,0.00,100000.00,EUR,IDEALPRO-001,MARGIN,,[],False,{}
100000.05,0.00,100000.05,USD,IDEALPRO-001,MARGIN,,[],False,{}
100000.00,0.00,100000.00,EUR,IDEALPRO-001,MARGIN,,[],False,{}
100000.05,2.36,99997.69,USD,IDEALPRO-001,MARGIN,,"[{'type': 'MarginBalance', 'initial': '0.00', 'maintenance': '2.36', 'currency': 'USD', 'instrument_id': 'EUR/USD.IDEALPRO'}]",False,{}
100000.00,0.00,100000.00,EUR,IDEALPRO-001,MARGIN,,"[{'type': 'MarginBalance', 'initial': '0.00', 'maintenance': '2.36', 'currency': 'USD', 'instrument_id': 'EUR/USD.IDEALPRO'}]",False,{}
100000.05,2.36,99997.69,USD,IDEALPRO-001,MARGIN,,"[{'type': 'MarginBalance', 'initial': '0.00', 'maintenance': '2.36', 'currency': 'USD', 'instrument_id': 'EUR/USD.IDEALPRO'}]",False,{}
100000.00,0.00,100000.00,EUR,IDEALPRO-001,MARGIN,,"[{'type': 'MarginBalance', 'initial': '0.00', 'maintenance': '2.36', 'currency': 'USD', 'instrument_id': 'EUR/USD.IDEALPRO'}]",False,{}
100000.05,2.36,99997.69,USD,IDEALPRO-001,MARGIN,,"[{'type': 'MarginBalance', 'initial': '0.00', 'maintenance': '2.36', 'currency': 'USD', 'instrument_id': 'EUR/USD.IDEALPRO'}]",False,{}
100000.00,0.00,100000.00,EUR,IDEALPRO-001,MARGIN,,"[{'type': 'MarginBalance', 'initial': '0.00', 'maintenance': '2.36', 'currency': 'USD', 'instrument_id': 'EUR/USD.IDEALPRO'}]",False,{}
100000.05,2.36,99997.69,USD,IDEALPRO-001,MARGIN,,"[{'type': 'MarginBalance', 'initial': '0.00', 'maintenance': '2.36', 'currency': 'USD', 'instrument_id': 'EUR/USD.IDEALPRO'}]",False,{}
100000.00,0.00,100000.00,EUR,IDEALPRO-001,MARGIN,,"[{'type': 'MarginBalance', 'initial': '0.00', 'maintenance': '2.36', 'currency': 'USD', 'instrument_id': 'EUR/USD.IDEALPRO'}]",False,{}
100000.08,0.00,100000.08,USD,IDEALPRO-001,MARGIN,,[],False,{}
100000.00,0.00,100000.00,EUR,IDEALPRO-001,MARGIN,,[],False,{}
100000.08,0.00,100000.08,USD,IDEALPRO-001,MARGIN,,[],False,{}
100000.00,0.00,100000.00,EUR,IDEALPRO-001,MARGIN,,[],False,{}
100000.08,0.00,100000.08,USD,IDEALPRO-001,MARGIN,,[],False,{}
100000.00,0.00,100000.00,EUR,IDEALPRO-001,MARGIN,,[],False,{}
100000.08,0.00,100000.08,USD,IDEALPRO-001,MARGIN,,[],False,{}
100000.00,0.00,100000.00,EUR,IDEALPRO-001,MARGIN,,[],False,{}
100000.08,0.00,100000.08,USD,IDEALPRO-001,MARGIN,,[],False,{}
100000.00,0.00,100000.00,EUR,IDEALPRO-001,MARGIN,,[],False,{}
100000.08,0.00,100000.08,USD,IDEALPRO-001,MARGIN,,[],False,{}
100000.00,0.00,100000.00,EUR,IDEALPRO-001,MARGIN,,[],False,{}
100000.08,2.36,99997.72,USD,IDEALPRO-001,MARGIN,,"[{'type': 'MarginBalance', 'initial': '0.00', 'maintenance': '2.36', 'currency': 'USD', 'instrument_id': 'EUR/USD.IDEALPRO'}]",False,{}
100000.00,0.00,100000.00,EUR,IDEALPRO-001,MARGIN,,"[{'type': 'MarginBalance', 'initial': '0.00', 'maintenance': '2.36', 'currency': 'USD', 'instrument_id': 'EUR/USD.IDEALPRO'}]",False,{}
100000.08,2.36,99997.72,USD,IDEALPRO-001,MARGIN,,"[{'type': 'MarginBalance', 'initial': '0.00', 'maintenance': '2.36', 'currency': 'USD', 'instrument_id': 'EUR/USD.IDEALPRO'}]",False,{}
100000.00,0.00,100000.00,EUR,IDEALPRO-001,MARGIN,,"[{'type': 'MarginBalance', 'initial': '0.00', 'maintenance': '2.36', 'currency': 'USD', 'instrument_id': 'EUR/USD.IDEALPRO'}]",False,{}
100000.08,2.36,99997.72,USD,IDEALPRO-001,MARGIN,,"[{'type': 'MarginBalance', 'initial': '0.00', 'maintenance': '2.36', 'currency': 'USD', 'instrument_id': 'EUR/USD.IDEALPRO'}]",False,{}
100000.00,0.00,100000.00,EUR,IDEALPRO-001,MARGIN,,"[{'type': 'MarginBalance', 'initial': '0.00', 'maintenance': '2.36', 'currency': 'USD', 'instrument_id': 'EUR/USD.IDEALPRO'}]",False,{}
100000.08,2.36,99997.72,USD,IDEALPRO-001,MARGIN,,"[{'type': 'MarginBalance', 'initial': '0.00', 'maintenance': '2.36', 'currency': 'USD', 'instrument_id': 'EUR/USD.IDEALPRO'}]",False,{}
100000.00,0.00,100000.00,EUR,IDEALPRO-001,MARGIN,,"[{'type': 'MarginBalance', 'initial': '0.00', 'maintenance': '2.36', 'currency': 'USD', 'instrument_id': 'EUR/USD.IDEALPRO'}]",False,{}
100000.06,0.00,100000.06,USD,IDEALPRO-001,MARGIN,,[],False,{}
100000.00,0.00,100000.00,EUR,IDEALPRO-001,MARGIN,,[],False,{}
100000.06,0.00,100000.06,USD,IDEALPRO-001,MARGIN,,[],False,{}
100000.00,0.00,100000.00,EUR,IDEALPRO-001,MARGIN,,[],False,{}
100000.06,0.00,100000.06,USD,IDEALPRO-001,MARGIN,,[],False,{}
100000.00,0.00,100000.00,EUR,IDEALPRO-001,MARGIN,,[],False,{}
100000.06,0.00,100000.06,USD,IDEALPRO-001,MARGIN,,[],False,{}
100000.00,0.00,100000.00,EUR,IDEALPRO-001,MARGIN,,[],False,{}
100000.06,0.00,100000.06,USD,IDEALPRO-001,MARGIN,,[],False,{}
100000.00,0.00,100000.00,EUR,IDEALPRO-001,MARGIN,,[],False,{}
100000.06,0.00,100000.06,USD,IDEALPRO-001,MARGIN,,[],False,{}
100000.00,0.00,100000.00,EUR,IDEALPRO-001,MARGIN,,[],False,{}
100000.06,2.36,99997.70,USD,IDEALPRO-001,MARGIN,,"[{'type': 'MarginBalance', 'initial': '0.00', 'maintenance': '2.36', 'currency': 'USD', 'instrument_id': 'EUR/USD.IDEALPRO'}]",False,{}
100000.00,0.00,100000.00,EUR,IDEALPRO-001,MARGIN,,"[{'type': 'MarginBalance', 'initial': '0.00', 'maintenance': '2.36', 'currency': 'USD', 'instrument_id': 'EUR/USD.IDEALPRO'}]",False,{}
100000.06,2.36,99997.70,USD,IDEALPRO-001,MARGIN,,"[{'type': 'MarginBalance', 'initial': '0.00', 'maintenance': '2.36', 'currency': 'USD', 'instrument_id': 'EUR/USD.IDEALPRO'}]",False,{}
100000.00,0.00,100000.00,EUR,IDEALPRO-001,MARGIN,,"[{'type': 'MarginBalance', 'initial': '0.00', 'maintenance': '2.36', 'currency': 'USD', 'instrument_id': 'EUR/USD.IDEALPRO'}]",False,{}
100000.06,2.36,99997.70,USD,IDEALPRO-001,MARGIN,,"[{'type': 'MarginBalance', 'initial': '0.00', 'maintenance': '2.36', 'currency': 'USD', 'instrument_id': 'EUR/USD.IDEALPRO'}]",False,{}
100000.00,0.00,100000.00,EUR,IDEALPRO-001,MARGIN,,"[{'type': 'MarginBalance', 'initial': '0.00', 'maintenance': '2.36', 'currency': 'USD', 'instrument_id': 'EUR/USD.IDEALPRO'}]",False,{}
100000.06,2.36,99997.70,USD,IDEALPRO-001,MARGIN,,"[{'type': 'MarginBalance', 'initial': '0.00', 'maintenance': '2.36', 'currency': 'USD', 'instrument_id': 'EUR/USD.IDEALPRO'}]",False,{}
100000.00,0.00,100000.00,EUR,IDEALPRO-001,MARGIN,,"[{'type': 'MarginBalance', 'initial': '0.00', 'maintenance': '2.36', 'currency': 'USD', 'instrument_id': 'EUR/USD.IDEALPRO'}]",False,{}
100000.02,0.00,100000.02,USD,IDEALPRO-001,MARGIN,,[],False,{}
100000.00,0.00,100000.00,EUR,IDEALPRO-001,MARGIN,,[],False,{}
100000.02,0.00,100000.02,USD,IDEALPRO-001,MARGIN,,[],False,{}
100000.00,0.00,100000.00,EUR,IDEALPRO-001,MARGIN,,[],False,{}
100000.02,0.00,100000.02,USD,IDEALPRO-001,MARGIN,,[],False,{}
100000.00,0.00,100000.00,EUR,IDEALPRO-001,MARGIN,,[],False,{}
100000.02,0.00,100000.02,USD,IDEALPRO-001,MARGIN,,[],False,{}
100000.00,0.00,100000.00,EUR,IDEALPRO-001,MARGIN,,[],False,{}
100000.02,0.00,100000.02,USD,IDEALPRO-001,MARGIN,,[],False,{}
100000.00,0.00,100000.00,EUR,IDEALPRO-001,MARGIN,,[],False,{}
100000.02,0.00,100000.02,USD,IDEALPRO-001,MARGIN,,[],False,{}
100000.00,0.00,100000.00,EUR,IDEALPRO-001,MARGIN,,[],False,{}
100000.02,2.36,99997.66,USD,IDEALPRO-001,MARGIN,,"[{'type': 'MarginBalance', 'initial': '0.00', 'maintenance': '2.36', 'currency': 'USD', 'instrument_id': 'EUR/USD.IDEALPRO'}]",False,{}
100000.00,0.00,100000.00,EUR,IDEALPRO-001,MARGIN,,"[{'type': 'MarginBalance', 'initial': '0.00', 'maintenance': '2.36', 'currency': 'USD', 'instrument_id': 'EUR/USD.IDEALPRO'}]",False,{}
100000.02,2.36,99997.66,USD,IDEALPRO-001,MARGIN,,"[{'type': 'MarginBalance', 'initial': '0.00', 'maintenance': '2.36', 'currency': 'USD', 'instrument_id': 'EUR/USD.IDEALPRO'}]",False,{}
100000.00,0.00,100000.00,EUR,IDEALPRO-001,MARGIN,,"[{'type': 'MarginBalance', 'initial': '0.00', 'maintenance': '2.36', 'currency': 'USD', 'instrument_id': 'EUR/USD.IDEALPRO'}]",False,{}
100000.02,2.36,99997.66,USD,IDEALPRO-001,MARGIN,,"[{'type': 'MarginBalance', 'initial': '0.00', 'maintenance': '2.36', 'currency': 'USD', 'instrument_id': 'EUR/USD.IDEALPRO'}]",False,{}
100000.00,0.00,100000.00,EUR,IDEALPRO-001,MARGIN,,"[{'type': 'MarginBalance', 'initial': '0.00', 'maintenance': '2.36', 'currency': 'USD', 'instrument_id': 'EUR/USD.IDEALPRO'}]",False,{}
99999.96,0.00,99999.96,USD,IDEALPRO-001,MARGIN,,[],False,{}
100000.00,0.00,100000.00,EUR,IDEALPRO-001,MARGIN,,[],False,{}
99999.96,0.00,99999.96,USD,IDEALPRO-001,MARGIN,,[],False,{}
100000.00,0.00,100000.00,EUR,IDEALPRO-001,MARGIN,,[],False,{}
99999.96,0.00,99999.96,USD,IDEALPRO-001,MARGIN,,[],False,{}
100000.00,0.00,100000.00,EUR,IDEALPRO-001,MARGIN,,[],False,{}
99999.96,0.00,99999.96,USD,IDEALPRO-001,MARGIN,,[],False,{}
100000.00,0.00,100000.00,EUR,IDEALPRO-001,MARGIN,,[],False,{}
99999.96,0.00,99999.96,USD,IDEALPRO-001,MARGIN,,[],False,{}
100000.00,0.00,100000.00,EUR,IDEALPRO-001,MARGIN,,[],False,{}
99999.96,2.36,99997.60,USD,IDEALPRO-001,MARGIN,,"[{'type': 'MarginBalance', 'initial': '0.00', 'maintenance': '2.36', 'currency': 'USD', 'instrument_id': 'EUR/USD.IDEALPRO'}]",False,{}
100000.00,0.00,100000.00,EUR,IDEALPRO-001,MARGIN,,"[{'type': 'MarginBalance', 'initial': '0.00', 'maintenance': '2.36', 'currency': 'USD', 'instrument_id': 'EUR/USD.IDEALPRO'}]",False,{}
99999.96,2.36,99997.60,USD,IDEALPRO-001,MARGIN,,"[{'type': 'MarginBalance', 'initial': '0.00', 'maintenance': '2.36', 'currency': 'USD', 'instrument_id': 'EUR/USD.IDEALPRO'}]",False,{}
100000.00,0.00,100000.00,EUR,IDEALPRO-001,MARGIN,,"[{'type': 'MarginBalance', 'initial': '0.00', 'maintenance': '2.36', 'currency': 'USD', 'instrument_id': 'EUR/USD.IDEALPRO'}]",False,{}
99999.96,2.36,99997.60,USD,IDEALPRO-001,MARGIN,,"[{'type': 'MarginBalance', 'initial': '0.00', 'maintenance': '2.36', 'currency': 'USD', 'instrument_id': 'EUR/USD.IDEALPRO'}]",False,{}
100000.00,0.00,100000.00,EUR,IDEALPRO-001,MARGIN,,"[{'type': 'MarginBalance', 'initial': '0.00', 'maintenance': '2.36', 'currency': 'USD', 'instrument_id': 'EUR/USD.IDEALPRO'}]",False,{}
99999.96,2.36,99997.60,USD,IDEALPRO-001,MARGIN,,"[{'type': 'MarginBalance', 'initial': '0.00', 'maintenance': '2.36', 'currency': 'USD', 'instrument_id': 'EUR/USD.IDEALPRO'}]",False,{}
100000.00,0.00,100000.00,EUR,IDEALPRO-001,MARGIN,,"[{'type': 'MarginBalance', 'initial': '0.00', 'maintenance': '2.36', 'currency': 'USD', 'instrument_id': 'EUR/USD.IDEALPRO'}]",False,{}
99999.96,0.00,99999.96,USD,IDEALPRO-001,MARGIN,,[],False,{}
100000.00,0.00,100000.00,EUR,IDEALPRO-001,MARGIN,,[],False,{}
99999.96,0.00,99999.96,USD,IDEALPRO-001,MARGIN,,[],False,{}
100000.00,0.00,100000.00,EUR,IDEALPRO-001,MARGIN,,[],False,{}
99999.96,0.00,99999.96,USD,IDEALPRO-001,MARGIN,,[],False,{}
100000.00,0.00,100000.00,EUR,IDEALPRO-001,MARGIN,,[],False,{}
99999.96,0.00,99999.96,USD,IDEALPRO-001,MARGIN,,[],False,{}
100000.00,0.00,100000.00,EUR,IDEALPRO-001,MARGIN,,[],False,{}
99999.96,0.00,99999.96,USD,IDEALPRO-001,MARGIN,,[],False,{}
100000.00,0.00,100000.00,EUR,IDEALPRO-001,MARGIN,,[],False,{}
99999.96,0.00,99999.96,USD,IDEALPRO-001,MARGIN,,[],False,{}
100000.00,0.00,100000.00,EUR,IDEALPRO-001,MARGIN,,[],False,{}
99999.96,2.36,99997.60,USD,IDEALPRO-001,MARGIN,,"[{'type': 'MarginBalance', 'initial': '0.00', 'maintenance': '2.36', 'currency': 'USD', 'instrument_id': 'EUR/USD.IDEALPRO'}]",False,{}
100000.00,0.00,100000.00,EUR,IDEALPRO-001,MARGIN,,"[{'type': 'MarginBalance', 'initial': '0.00', 'maintenance': '2.36', 'currency': 'USD', 'instrument_id': 'EUR/USD.IDEALPRO'}]",False,{}
99999.96,2.36,99997.60,USD,IDEALPRO-001,MARGIN,,"[{'type': 'MarginBalance', 'initial': '0.00', 'maintenance': '2.36', 'currency': 'USD', 'instrument_id': 'EUR/USD.IDEALPRO'}]",False,{}
100000.00,0.00,100000.00,EUR,IDEALPRO-001,MARGIN,,"[{'type': 'MarginBalance', 'initial': '0.00', 'maintenance': '2.36', 'currency': 'USD', 'instrument_id': 'EUR/USD.IDEALPRO'}]",False,{}
99999.96,2.36,99997.60,USD,IDEALPRO-001,MARGIN,,"[{'type': 'MarginBalance', 'initial': '0.00', 'maintenance': '2.36', 'currency': 'USD', 'instrument_id': 'EUR/USD.IDEALPRO'}]",False,{}
100000.00,0.00,100000.00,EUR,IDEALPRO-001,MARGIN,,"[{'type': 'MarginBalance', 'initial': '0.00', 'maintenance': '2.36', 'currency': 'USD', 'instrument_id': 'EUR/USD.IDEALPRO'}]",False,{}
99999.96,2.36,99997.60,USD,IDEALPRO-001,MARGIN,,"[{'type': 'MarginBalance', 'initial': '0.00', 'maintenance': '2.36', 'currency': 'USD', 'instrument_id': 'EUR/USD.IDEALPRO'}]",False,{}
100000.00,0.00,100000.00,EUR,IDEALPRO-001,MARGIN,,"[{'type': 'MarginBalance', 'initial': '0.00', 'maintenance': '2.36', 'currency': 'USD', 'instrument_id': 'EUR/USD.IDEALPRO'}]",False,{}
99999.95,0.00,99999.95,USD,IDEALPRO-001,MARGIN,,[],False,{}
100000.00,0.00,100000.00,EUR,IDEALPRO-001,MARGIN,,[],False,{}
99999.95,0.00,99999.95,USD,IDEALPRO-001,MARGIN,,[],False,{}
100000.00,0.00,100000.00,EUR,IDEALPRO-001,MARGIN,,[],False,{}
99999.95,0.00,99999.95,USD,IDEALPRO-001,MARGIN,,[],False,{}
100000.00,0.00,100000.00,EUR,IDEALPRO-001,MARGIN,,[],False,{}
99999.95,0.00,99999.95,USD,IDEALPRO-001,MARGIN,,[],False,{}
100000.00,0.00,100000.00,EUR,IDEALPRO-001,MARGIN,,[],False,{}
99999.95,0.00,99999.95,USD,IDEALPRO-001,MARGIN,,[],False,{}
100000.00,0.00,100000.00,EUR,IDEALPRO-001,MARGIN,,[],False,{}
99999.95,0.00,99999.95,USD,IDEALPRO-001,MARGIN,,[],False,{}
100000.00,0.00,100000.00,EUR,IDEALPRO-001,MARGIN,,[],False,{}
99999.95,2.36,99997.59,USD,IDEALPRO-001,MARGIN,,"[{'type': 'MarginBalance', 'initial': '0.00', 'maintenance': '2.36', 'currency': 'USD', 'instrument_id': 'EUR/USD.IDEALPRO'}]",False,{}
100000.00,0.00,100000.00,EUR,IDEALPRO-001,MARGIN,,"[{'type': 'MarginBalance', 'initial': '0.00', 'maintenance': '2.36', 'currency': 'USD', 'instrument_id': 'EUR/USD.IDEALPRO'}]",False,{}
99999.95,2.36,99997.59,USD,IDEALPRO-001,MARGIN,,"[{'type': 'MarginBalance', 'initial': '0.00', 'maintenance': '2.36', 'currency': 'USD', 'instrument_id': 'EUR/USD.IDEALPRO'}]",False,{}
100000.00,0.00,100000.00,EUR,IDEALPRO-001,MARGIN,,"[{'type': 'MarginBalance', 'initial': '0.00', 'maintenance': '2.36', 'currency': 'USD', 'instrument_id': 'EUR/USD.IDEALPRO'}]",False,{}
99999.95,2.36,99997.59,USD,IDEALPRO-001,MARGIN,,"[{'type': 'MarginBalance', 'initial': '0.00', 'maintenance': '2.36', 'currency': 'USD', 'instrument_id': 'EUR/USD.IDEALPRO'}]",False,{}
100000.00,0.00,100000.00,EUR,IDEALPRO-001,MARGIN,,"[{'type': 'MarginBalance', 'initial': '0.00', 'maintenance': '2.36', 'currency': 'USD', 'instrument_id': 'EUR/USD.IDEALPRO'}]",False,{}
99999.95,2.36,99997.59,USD,IDEALPRO-001,MARGIN,,"[{'type': 'MarginBalance', 'initial': '0.00', 'maintenance': '2.36', 'currency': 'USD', 'instrument_id': 'EUR/USD.IDEALPRO'}]",False,{}
100000.00,0.00,100000.00,EUR,IDEALPRO-001,MARGIN,,"[{'type': 'MarginBalance', 'initial': '0.00', 'maintenance': '2.36', 'currency': 'USD', 'instrument_id': 'EUR/USD.IDEALPRO'}]",False,{}
100000.00,0.00,100000.00,USD,IDEALPRO-001,MARGIN,,[],False,{}
100000.00,0.00,100000.00,EUR,IDEALPRO-001,MARGIN,,[],False,{}
100000.00,0.00,100000.00,USD,IDEALPRO-001,MARGIN,,[],False,{}
100000.00,0.00,100000.00,EUR,IDEALPRO-001,MARGIN,,[],False,{}
100000.00,0.00,100000.00,USD,IDEALPRO-001,MARGIN,,[],False,{}
100000.00,0.00,100000.00,EUR,IDEALPRO-001,MARGIN,,[],False,{}
100000.00,0.00,100000.00,USD,IDEALPRO-001,MARGIN,,[],False,{}
100000.00,0.00,100000.00,EUR,IDEALPRO-001,MARGIN,,[],False,{}
100000.00,0.00,100000.00,USD,IDEALPRO-001,MARGIN,,[],False,{}
100000.00,0.00,100000.00,EUR,IDEALPRO-001,MARGIN,,[],False,{}
100000.00,0.00,100000.00,USD,IDEALPRO-001,MARGIN,,[],False,{}
100000.00,0.00,100000.00,EUR,IDEALPRO-001,MARGIN,,[],False,{}
100000.00,2.36,99997.64,USD,IDEALPRO-001,MARGIN,,"[{'type': 'MarginBalance', 'initial': '0.00', 'maintenance': '2.36', 'currency': 'USD', 'instrument_id': 'EUR/USD.IDEALPRO'}]",False,{}
100000.00,0.00,100000.00,EUR,IDEALPRO-001,MARGIN,,"[{'type': 'MarginBalance', 'initial': '0.00', 'maintenance': '2.36', 'currency': 'USD', 'instrument_id': 'EUR/USD.IDEALPRO'}]",False,{}
100000.00,2.36,99997.64,USD,IDEALPRO-001,MARGIN,,"[{'type': 'MarginBalance', 'initial': '0.00', 'maintenance': '2.36', 'currency': 'USD', 'instrument_id': 'EUR/USD.IDEALPRO'}]",False,{}
100000.00,0.00,100000.00,EUR,IDEALPRO-001,MARGIN,,"[{'type': 'MarginBalance', 'initial': '0.00', 'maintenance': '2.36', 'currency': 'USD', 'instrument_id': 'EUR/USD.IDEALPRO'}]",False,{}
100000.00,2.36,99997.64,USD,IDEALPRO-001,MARGIN,,"[{'type': 'MarginBalance', 'initial': '0.00', 'maintenance': '2.36', 'currency': 'USD', 'instrument_id': 'EUR/USD.IDEALPRO'}]",False,{}
100000.00,0.00,100000.00,EUR,IDEALPRO-001,MARGIN,,"[{'type': 'MarginBalance', 'initial': '0.00', 'maintenance': '2.36', 'currency': 'USD', 'instrument_id': 'EUR/USD.IDEALPRO'}]",False,{}
100000.00,2.36,99997.64,USD,IDEALPRO-001,MARGIN,,"[{'type': 'MarginBalance', 'initial': '0.00', 'maintenance': '2.36', 'currency': 'USD', 'instrument_id': 'EUR/USD.IDEALPRO'}]",False,{}
100000.00,0.00,100000.00,EUR,IDEALPRO-001,MARGIN,,"[{'type': 'MarginBalance', 'initial': '0.00', 'maintenance': '2.36', 'currency': 'USD', 'instrument_id': 'EUR/USD.IDEALPRO'}]",False,{}
100000.14,0.00,100000.14,USD,IDEALPRO-001,MARGIN,,[],False,{}
100000.00,0.00,100000.00,EUR,IDEALPRO-001,MARGIN,,[],False,{}
100000.14,0.00,100000.14,USD,IDEALPRO-001,MARGIN,,[],False,{}
100000.00,0.00,100000.00,EUR,IDEALPRO-001,MARGIN,,[],False,{}
100000.14,0.00,100000.14,USD,IDEALPRO-001,MARGIN,,[],False,{}
100000.00,0.00,100000.00,EUR,IDEALPRO-001,MARGIN,,[],False,{}
100000.14,0.00,100000.14,USD,IDEALPRO-001,MARGIN,,[],False,{}
100000.00,0.00,100000.00,EUR,IDEALPRO-001,MARGIN,,[],False,{}
100000.14,0.00,100000.14,USD,IDEALPRO-001,MARGIN,,[],False,{}
100000.00,0.00,100000.00,EUR,IDEALPRO-001,MARGIN,,[],False,{}
100000.14,0.00,100000.14,USD,IDEALPRO-001,MARGIN,,[],False,{}
100000.00,0.00,100000.00,EUR,IDEALPRO-001,MARGIN,,[],False,{}
100000.14,2.36,99997.78,USD,IDEALPRO-001,MARGIN,,"[{'type': 'MarginBalance', 'initial': '0.00', 'maintenance': '2.36', 'currency': 'USD', 'instrument_id': 'EUR/USD.IDEALPRO'}]",False,{}
100000.00,0.00,100000.00,EUR,IDEALPRO-001,MARGIN,,"[{'type': 'MarginBalance', 'initial': '0.00', 'maintenance': '2.36', 'currency': 'USD', 'instrument_id': 'EUR/USD.IDEALPRO'}]",False,{}
100000.14,2.36,99997.78,USD,IDEALPRO-001,MARGIN,,"[{'type': 'MarginBalance', 'initial': '0.00', 'maintenance': '2.36', 'currency': 'USD', 'instrument_id': 'EUR/USD.IDEALPRO'}]",False,{}
100000.00,0.00,100000.00,EUR,IDEALPRO-001,MARGIN,,"[{'type': 'MarginBalance', 'initial': '0.00', 'maintenance': '2.36', 'currency': 'USD', 'instrument_id': 'EUR/USD.IDEALPRO'}]",False,{}
100000.14,2.36,99997.78,USD,IDEALPRO-001,MARGIN,,"[{'type': 'MarginBalance', 'initial': '0.00', 'maintenance': '2.36', 'currency': 'USD', 'instrument_id': 'EUR/USD.IDEALPRO'}]",False,{}
100000.00,0.00,100000.00,EUR,IDEALPRO-001,MARGIN,,"[{'type': 'MarginBalance', 'initial': '0.00', 'maintenance': '2.36', 'currency': 'USD', 'instrument_id': 'EUR/USD.IDEALPRO'}]",False,{}
100000.14,2.36,99997.78,USD,IDEALPRO-001,MARGIN,,"[{'type': 'MarginBalance', 'initial': '0.00', 'maintenance': '2.36', 'currency': 'USD', 'instrument_id': 'EUR/USD.IDEALPRO'}]",False,{}
100000.00,0.00,100000.00,EUR,IDEALPRO-001,MARGIN,,"[{'type': 'MarginBalance', 'initial': '0.00', 'maintenance': '2.36', 'currency': 'USD', 'instrument_id': 'EUR/USD.IDEALPRO'}]",False,{}
100000.19,0.00,100000.19,USD,IDEALPRO-001,MARGIN,,[],False,{}
100000.00,0.00,100000.00,EUR,IDEALPRO-001,MARGIN,,[],False,{}
100000.19,0.00,100000.19,USD,IDEALPRO-001,MARGIN,,[],False,{}
100000.00,0.00,100000.00,EUR,IDEALPRO-001,MARGIN,,[],False,{}
100000.19,0.00,100000.19,USD,IDEALPRO-001,MARGIN,,[],False,{}
100000.00,0.00,100000.00,EUR,IDEALPRO-001,MARGIN,,[],False,{}
100000.19,0.00,100000.19,USD,IDEALPRO-001,MARGIN,,[],False,{}
100000.00,0.00,100000.00,EUR,IDEALPRO-001,MARGIN,,[],False,{}
100000.19,0.00,100000.19,USD,IDEALPRO-001,MARGIN,,[],False,{}
100000.00,0.00,100000.00,EUR,IDEALPRO-001,MARGIN,,[],False,{}
100000.19,0.00,100000.19,USD,IDEALPRO-001,MARGIN,,[],False,{}
100000.00,0.00,100000.00,EUR,IDEALPRO-001,MARGIN,,[],False,{}
100000.19,2.36,99997.83,USD,IDEALPRO-001,MARGIN,,"[{'type': 'MarginBalance', 'initial': '0.00', 'maintenance': '2.36', 'currency': 'USD', 'instrument_id': 'EUR/USD.IDEALPRO'}]",False,{}
100000.00,0.00,100000.00,EUR,IDEALPRO-001,MARGIN,,"[{'type': 'MarginBalance', 'initial': '0.00', 'maintenance': '2.36', 'currency': 'USD', 'instrument_id': 'EUR/USD.IDEALPRO'}]",False,{}
100000.19,2.36,99997.83,USD,IDEALPRO-001,MARGIN,,"[{'type': 'MarginBalance', 'initial': '0.00', 'maintenance': '2.36', 'currency': 'USD', 'instrument_id': 'EUR/USD.IDEALPRO'}]",False,{}
100000.00,0.00,100000.00,EUR,IDEALPRO-001,MARGIN,,"[{'type': 'MarginBalance', 'initial': '0.00', 'maintenance': '2.36', 'currency': 'USD', 'instrument_id': 'EUR/USD.IDEALPRO'}]",False,{}
100000.19,2.36,99997.83,USD,IDEALPRO-001,MARGIN,,"[{'type': 'MarginBalance', 'initial': '0.00', 'maintenance': '2.36', 'currency': 'USD', 'instrument_id': 'EUR/USD.IDEALPRO'}]",False,{}
100000.00,0.00,100000.00,EUR,IDEALPRO-001,MARGIN,,"[{'type': 'MarginBalance', 'initial': '0.00', 'maintenance': '2.36', 'currency': 'USD', 'instrument_id': 'EUR/USD.IDEALPRO'}]",False,{}
100000.19,2.36,99997.83,USD,IDEALPRO-001,MARGIN,,"[{'type': 'MarginBalance', 'initial': '0.00', 'maintenance': '2.36', 'currency': 'USD', 'instrument_id': 'EUR/USD.IDEALPRO'}]",False,{}
100000.00,0.00,100000.00,EUR,IDEALPRO-001,MARGIN,,"[{'type': 'MarginBalance', 'initial': '0.00', 'maintenance': '2.36', 'currency': 'USD', 'instrument_id': 'EUR/USD.IDEALPRO'}]",False,{}
100000.15,0.00,100000.15,USD,IDEALPRO-001,MARGIN,,[],False,{}
100000.00,0.00,100000.00,EUR,IDEALPRO-001,MARGIN,,[],False,{}
100000.15,0.00,100000.15,USD,IDEALPRO-001,MARGIN,,[],False,{}
100000.00,0.00,100000.00,EUR,IDEALPRO-001,MARGIN,,[],False,{}
100000.15,0.00,100000.15,USD,IDEALPRO-001,MARGIN,,[],False,{}
100000.00,0.00,100000.00,EUR,IDEALPRO-001,MARGIN,,[],False,{}
100000.15,0.00,100000.15,USD,IDEALPRO-001,MARGIN,,[],False,{}
100000.00,0.00,100000.00,EUR,IDEALPRO-001,MARGIN,,[],False,{}
100000.15,0.00,100000.15,USD,IDEALPRO-001,MARGIN,,[],False,{}
100000.00,0.00,100000.00,EUR,IDEALPRO-001,MARGIN,,[],False,{}
100000.15,0.00,100000.15,USD,IDEALPRO-001,MARGIN,,[],False,{}
100000.00,0.00,100000.00,EUR,IDEALPRO-001,MARGIN,,[],False,{}
100000.15,2.36,99997.79,USD,IDEALPRO-001,MARGIN,,"[{'type': 'MarginBalance', 'initial': '0.00', 'maintenance': '2.36', 'currency': 'USD', 'instrument_id': 'EUR/USD.IDEALPRO'}]",False,{}
100000.00,0.00,100000.00,EUR,IDEALPRO-001,MARGIN,,"[{'type': 'MarginBalance', 'initial': '0.00', 'maintenance': '2.36', 'currency': 'USD', 'instrument_id': 'EUR/USD.IDEALPRO'}]",False,{}
100000.15,2.36,99997.79,USD,IDEALPRO-001,MARGIN,,"[{'type': 'MarginBalance', 'initial': '0.00', 'maintenance': '2.36', 'currency': 'USD', 'instrument_id': 'EUR/USD.IDEALPRO'}]",False,{}
100000.00,0.00,100000.00,EUR,IDEALPRO-001,MARGIN,,"[{'type': 'MarginBalance', 'initial': '0.00', 'maintenance': '2.36', 'currency': 'USD', 'instrument_id': 'EUR/USD.IDEALPRO'}]",False,{}
100000.15,2.36,99997.79,USD,IDEALPRO-001,MARGIN,,"[{'type': 'MarginBalance', 'initial': '0.00', 'maintenance': '2.36', 'currency': 'USD', 'instrument_id': 'EUR/USD.IDEALPRO'}]",False,{}
100000.00,0.00,100000.00,EUR,IDEALPRO-001,MARGIN,,"[{'type': 'MarginBalance', 'initial': '0.00', 'maintenance': '2.36', 'currency': 'USD', 'instrument_id': 'EUR/USD.IDEALPRO'}]",False,{}
100000.09,0.00,100000.09,USD,IDEALPRO-001,MARGIN,,[],False,{}
100000.00,0.00,100000.00,EUR,IDEALPRO-001,MARGIN,,[],False,{}
100000.09,0.00,100000.09,USD,IDEALPRO-001,MARGIN,,[],False,{}
100000.00,0.00,100000.00,EUR,IDEALPRO-001,MARGIN,,[],False,{}
100000.09,0.00,100000.09,USD,IDEALPRO-001,MARGIN,,[],False,{}
100000.00,0.00,100000.00,EUR,IDEALPRO-001,MARGIN,,[],False,{}
100000.09,0.00,100000.09,USD,IDEALPRO-001,MARGIN,,[],False,{}
100000.00,0.00,100000.00,EUR,IDEALPRO-001,MARGIN,,[],False,{}
100000.09,0.00,100000.09,USD,IDEALPRO-001,MARGIN,,[],False,{}
100000.00,0.00,100000.00,EUR,IDEALPRO-001,MARGIN,,[],False,{}
100000.09,2.36,99997.73,USD,IDEALPRO-001,MARGIN,,"[{'type': 'MarginBalance', 'initial': '0.00', 'maintenance': '2.36', 'currency': 'USD', 'instrument_id': 'EUR/USD.IDEALPRO'}]",False,{}
100000.00,0.00,100000.00,EUR,IDEALPRO-001,MARGIN,,"[{'type': 'MarginBalance', 'initial': '0.00', 'maintenance': '2.36', 'currency': 'USD', 'instrument_id': 'EUR/USD.IDEALPRO'}]",False,{}
100000.09,2.36,99997.73,USD,IDEALPRO-001,MARGIN,,"[{'type': 'MarginBalance', 'initial': '0.00', 'maintenance': '2.36', 'currency': 'USD', 'instrument_id': 'EUR/USD.IDEALPRO'}]",False,{}
100000.00,0.00,100000.00,EUR,IDEALPRO-001,MARGIN,,"[{'type': 'MarginBalance', 'initial': '0.00', 'maintenance': '2.36', 'currency': 'USD', 'instrument_id': 'EUR/USD.IDEALPRO'}]",False,{}
100000.09,2.36,99997.73,USD,IDEALPRO-001,MARGIN,,"[{'type': 'MarginBalance', 'initial': '0.00', 'maintenance': '2.36', 'currency': 'USD', 'instrument_id': 'EUR/USD.IDEALPRO'}]",False,{}
100000.00,0.00,100000.00,EUR,IDEALPRO-001,MARGIN,,"[{'type': 'MarginBalance', 'initial': '0.00', 'maintenance': '2.36', 'currency': 'USD', 'instrument_id': 'EUR/USD.IDEALPRO'}]",False,{}
100000.39,0.00,100000.39,USD,IDEALPRO-001,MARGIN,,[],False,{}
100000.00,0.00,100000.00,EUR,IDEALPRO-001,MARGIN,,[],False,{}
100000.39,0.00,100000.39,USD,IDEALPRO-001,MARGIN,,[],False,{}
100000.00,0.00,100000.00,EUR,IDEALPRO-001,MARGIN,,[],False,{}
100000.39,0.00,100000.39,USD,IDEALPRO-001,MARGIN,,[],False,{}
100000.00,0.00,100000.00,EUR,IDEALPRO-001,MARGIN,,[],False,{}
100000.39,0.00,100000.39,USD,IDEALPRO-001,MARGIN,,[],False,{}
100000.00,0.00,100000.00,EUR,IDEALPRO-001,MARGIN,,[],False,{}
100000.39,0.00,100000.39,USD,IDEALPRO-001,MARGIN,,[],False,{}
100000.00,0.00,100000.00,EUR,IDEALPRO-001,MARGIN,,[],False,{}
100000.39,2.37,99998.02,USD,IDEALPRO-001,MARGIN,,"[{'type': 'MarginBalance', 'initial': '0.00', 'maintenance': '2.37', 'currency': 'USD', 'instrument_id': 'EUR/USD.IDEALPRO'}]",False,{}
100000.00,0.00,100000.00,EUR,IDEALPRO-001,MARGIN,,"[{'type': 'MarginBalance', 'initial': '0.00', 'maintenance': '2.37', 'currency': 'USD', 'instrument_id': 'EUR/USD.IDEALPRO'}]",False,{}
100000.39,2.37,99998.02,USD,IDEALPRO-001,MARGIN,,"[{'type': 'MarginBalance', 'initial': '0.00', 'maintenance': '2.37', 'currency': 'USD', 'instrument_id': 'EUR/USD.IDEALPRO'}]",False,{}
100000.00,0.00,100000.00,EUR,IDEALPRO-001,MARGIN,,"[{'type': 'MarginBalance', 'initial': '0.00', 'maintenance': '2.37', 'currency': 'USD', 'instrument_id': 'EUR/USD.IDEALPRO'}]",False,{}
100000.39,2.37,99998.02,USD,IDEALPRO-001,MARGIN,,"[{'type': 'MarginBalance', 'initial': '0.00', 'maintenance': '2.37', 'currency': 'USD', 'instrument_id': 'EUR/USD.IDEALPRO'}]",False,{}
100000.00,0.00,100000.00,EUR,IDEALPRO-001,MARGIN,,"[{'type': 'MarginBalance', 'initial': '0.00', 'maintenance': '2.37', 'currency': 'USD', 'instrument_id': 'EUR/USD.IDEALPRO'}]",False,{}
100000.39,2.37,99998.02,USD,IDEALPRO-001,MARGIN,,"[{'type': 'MarginBalance', 'initial': '0.00', 'maintenance': '2.37', 'currency': 'USD', 'instrument_id': 'EUR/USD.IDEALPRO'}]",False,{}
100000.00,0.00,100000.00,EUR,IDEALPRO-001,MARGIN,,"[{'type': 'MarginBalance', 'initial': '0.00', 'maintenance': '2.37', 'currency': 'USD', 'instrument_id': 'EUR/USD.IDEALPRO'}]",False,{}
100000.43,0.00,100000.43,USD,IDEALPRO-001,MARGIN,,[],False,{}
100000.00,0.00,100000.00,EUR,IDEALPRO-001,MARGIN,,[],False,{}
100000.43,0.00,100000.43,USD,IDEALPRO-001,MARGIN,,[],False,{}
100000.00,0.00,100000.00,EUR,IDEALPRO-001,MARGIN,,[],False,{}
100000.43,0.00,100000.43,USD,IDEALPRO-001,MARGIN,,[],False,{}
100000.00,0.00,100000.00,EUR,IDEALPRO-001,MARGIN,,[],False,{}
100000.43,0.00,100000.43,USD,IDEALPRO-001,MARGIN,,[],False,{}
100000.00,0.00,100000.00,EUR,IDEALPRO-001,MARGIN,,[],False,{}
100000.43,0.00,100000.43,USD,IDEALPRO-001,MARGIN,,[],False,{}
100000.00,0.00,100000.00,EUR,IDEALPRO-001,MARGIN,,[],False,{}
100000.43,0.00,100000.43,USD,IDEALPRO-001,MARGIN,,[],False,{}
100000.00,0.00,100000.00,EUR,IDEALPRO-001,MARGIN,,[],False,{}
100000.43,2.37,99998.06,USD,IDEALPRO-001,MARGIN,,"[{'type': 'MarginBalance', 'initial': '0.00', 'maintenance': '2.37', 'currency': 'USD', 'instrument_id': 'EUR/USD.IDEALPRO'}]",False,{}
100000.00,0.00,100000.00,EUR,IDEALPRO-001,MARGIN,,"[{'type': 'MarginBalance', 'initial': '0.00', 'maintenance': '2.37', 'currency': 'USD', 'instrument_id': 'EUR/USD.IDEALPRO'}]",False,{}
100000.43,2.37,99998.06,USD,IDEALPRO-001,MARGIN,,"[{'type': 'MarginBalance', 'initial': '0.00', 'maintenance': '2.37', 'currency': 'USD', 'instrument_id': 'EUR/USD.IDEALPRO'}]",False,{}
100000.00,0.00,100000.00,EUR,IDEALPRO-001,MARGIN,,"[{'type': 'MarginBalance', 'initial': '0.00', 'maintenance': '2.37', 'currency': 'USD', 'instrument_id': 'EUR/USD.IDEALPRO'}]",False,{}
100000.43,2.37,99998.06,USD,IDEALPRO-001,MARGIN,,"[{'type': 'MarginBalance', 'initial': '0.00', 'maintenance': '2.37', 'currency': 'USD', 'instrument_id': 'EUR/USD.IDEALPRO'}]",False,{}
100000.00,0.00,100000.00,EUR,IDEALPRO-001,MARGIN,,"[{'type': 'MarginBalance', 'initial': '0.00', 'maintenance': '2.37', 'currency': 'USD', 'instrument_id': 'EUR/USD.IDEALPRO'}]",False,{}
100000.43,2.37,99998.06,USD,IDEALPRO-001,MARGIN,,"[{'type': 'MarginBalance', 'initial': '0.00', 'maintenance': '2.37', 'currency': 'USD', 'instrument_id': 'EUR/USD.IDEALPRO'}]",False,{}
100000.00,0.00,100000.00,EUR,IDEALPRO-001,MARGIN,,"[{'type': 'MarginBalance', 'initial': '0.00', 'maintenance': '2.37', 'currency': 'USD', 'instrument_id': 'EUR/USD.IDEALPRO'}]",False,{}
100000.40,0.00,100000.40,USD,IDEALPRO-001,MARGIN,,[],False,{}
100000.00,0.00,100000.00,EUR,IDEALPRO-001,MARGIN,,[],False,{}
100000.40,0.00,100000.40,USD,IDEALPRO-001,MARGIN,,[],False,{}
100000.00,0.00,100000.00,EUR,IDEALPRO-001,MARGIN,,[],False,{}
100000.40,0.00,100000.40,USD,IDEALPRO-001,MARGIN,,[],False,{}
100000.00,0.00,100000.00,EUR,IDEALPRO-001,MARGIN,,[],False,{}
100000.40,0.00,100000.40,USD,IDEALPRO-001,MARGIN,,[],False,{}
100000.00,0.00,100000.00,EUR,IDEALPRO-001,MARGIN,,[],False,{}
100000.40,0.00,100000.40,USD,IDEALPRO-001,MARGIN,,[],False,{}
100000.00,0.00,100000.00,EUR,IDEALPRO-001,MARGIN,,[],False,{}
100000.40,0.00,100000.40,USD,IDEALPRO-001,MARGIN,,[],False,{}
100000.00,0.00,100000.00,EUR,IDEALPRO-001,MARGIN,,[],False,{}
100000.40,2.37,99998.03,USD,IDEALPRO-001,MARGIN,,"[{'type': 'MarginBalance', 'initial': '0.00', 'maintenance': '2.37', 'currency': 'USD', 'instrument_id': 'EUR/USD.IDEALPRO'}]",False,{}
100000.00,0.00,100000.00,EUR,IDEALPRO-001,MARGIN,,"[{'type': 'MarginBalance', 'initial': '0.00', 'maintenance': '2.37', 'currency': 'USD', 'instrument_id': 'EUR/USD.IDEALPRO'}]",False,{}
100000.40,2.37,99998.03,USD,IDEALPRO-001,MARGIN,,"[{'type': 'MarginBalance', 'initial': '0.00', 'maintenance': '2.37', 'currency': 'USD', 'instrument_id': 'EUR/USD.IDEALPRO'}]",False,{}
100000.00,0.00,100000.00,EUR,IDEALPRO-001,MARGIN,,"[{'type': 'MarginBalance', 'initial': '0.00', 'maintenance': '2.37', 'currency': 'USD', 'instrument_id': 'EUR/USD.IDEALPRO'}]",False,{}
100000.40,2.37,99998.03,USD,IDEALPRO-001,MARGIN,,"[{'type': 'MarginBalance', 'initial': '0.00', 'maintenance': '2.37', 'currency': 'USD', 'instrument_id': 'EUR/USD.IDEALPRO'}]",False,{}
100000.00,0.00,100000.00,EUR,IDEALPRO-001,MARGIN,,"[{'type': 'MarginBalance', 'initial': '0.00', 'maintenance': '2.37', 'currency': 'USD', 'instrument_id': 'EUR/USD.IDEALPRO'}]",False,{}
100000.40,2.37,99998.03,USD,IDEALPRO-001,MARGIN,,"[{'type': 'MarginBalance', 'initial': '0.00', 'maintenance': '2.37', 'currency': 'USD', 'instrument_id': 'EUR/USD.IDEALPRO'}]",False,{}
100000.00,0.00,100000.00,EUR,IDEALPRO-001,MARGIN,,"[{'type': 'MarginBalance', 'initial': '0.00', 'maintenance': '2.37', 'currency': 'USD', 'instrument_id': 'EUR/USD.IDEALPRO'}]",False,{}
100000.41,0.00,100000.41,USD,IDEALPRO-001,MARGIN,,[],False,{}
100000.00,0.00,100000.00,EUR,IDEALPRO-001,MARGIN,,[],False,{}
100000.41,0.00,100000.41,USD,IDEALPRO-001,MARGIN,,[],False,{}
100000.00,0.00,100000.00,EUR,IDEALPRO-001,MARGIN,,[],False,{}
100000.41,0.00,100000.41,USD,IDEALPRO-001,MARGIN,,[],False,{}
100000.00,0.00,100000.00,EUR,IDEALPRO-001,MARGIN,,[],False,{}
100000.41,0.00,100000.41,USD,IDEALPRO-001,MARGIN,,[],False,{}
100000.00,0.00,100000.00,EUR,IDEALPRO-001,MARGIN,,[],False,{}
100000.41,0.00,100000.41,USD,IDEALPRO-001,MARGIN,,[],False,{}
100000.00,0.00,100000.00,EUR,IDEALPRO-001,MARGIN,,[],False,{}
100000.41,0.00,100000.41,USD,IDEALPRO-001,MARGIN,,[],False,{}
100000.00,0.00,100000.00,EUR,IDEALPRO-001,MARGIN,,[],False,{}
100000.41,2.37,99998.04,USD,IDEALPRO-001,MARGIN,,"[{'type': 'MarginBalance', 'initial': '0.00', 'maintenance': '2.37', 'currency': 'USD', 'instrument_id': 'EUR/USD.IDEALPRO'}]",False,{}
100000.00,0.00,100000.00,EUR,IDEALPRO-001,MARGIN,,"[{'type': 'MarginBalance', 'initial': '0.00', 'maintenance': '2.37', 'currency': 'USD', 'instrument_id': 'EUR/USD.IDEALPRO'}]",False,{}
100000.41,2.37,99998.04,USD,IDEALPRO-001,MARGIN,,"[{'type': 'MarginBalance', 'initial': '0.00', 'maintenance': '2.37', 'currency': 'USD', 'instrument_id': 'EUR/USD.IDEALPRO'}]",False,{}
100000.00,0.00,100000.00,EUR,IDEALPRO-001,MARGIN,,"[{'type': 'MarginBalance', 'initial': '0.00', 'maintenance': '2.37', 'currency': 'USD', 'instrument_id': 'EUR/USD.IDEALPRO'}]",False,{}
100000.41,2.37,99998.04,USD,IDEALPRO-001,MARGIN,,"[{'type': 'MarginBalance', 'initial': '0.00', 'maintenance': '2.37', 'currency': 'USD', 'instrument_id': 'EUR/USD.IDEALPRO'}]",False,{}
100000.00,0.00,100000.00,EUR,IDEALPRO-001,MARGIN,,"[{'type': 'MarginBalance', 'initial': '0.00', 'maintenance': '2.37', 'currency': 'USD', 'instrument_id': 'EUR/USD.IDEALPRO'}]",False,{}
100000.41,2.37,99998.04,USD,IDEALPRO-001,MARGIN,,"[{'type': 'MarginBalance', 'initial': '0.00', 'maintenance': '2.37', 'currency': 'USD', 'instrument_id': 'EUR/USD.IDEALPRO'}]",False,{}
100000.00,0.00,100000.00,EUR,IDEALPRO-001,MARGIN,,"[{'type': 'MarginBalance', 'initial': '0.00', 'maintenance': '2.37', 'currency': 'USD', 'instrument_id': 'EUR/USD.IDEALPRO'}]",False,{}
100000.38,0.00,100000.38,USD,IDEALPRO-001,MARGIN,,[],False,{}
100000.00,0.00,100000.00,EUR,IDEALPRO-001,MARGIN,,[],False,{}
100000.38,0.00,100000.38,USD,IDEALPRO-001,MARGIN,,[],False,{}
100000.00,0.00,100000.00,EUR,IDEALPRO-001,MARGIN,,[],False,{}
100000.38,0.00,100000.38,USD,IDEALPRO-001,MARGIN,,[],False,{}
100000.00,0.00,100000.00,EUR,IDEALPRO-001,MARGIN,,[],False,{}
100000.38,0.00,100000.38,USD,IDEALPRO-001,MARGIN,,[],False,{}
100000.00,0.00,100000.00,EUR,IDEALPRO-001,MARGIN,,[],False,{}
100000.38,0.00,100000.38,USD,IDEALPRO-001,MARGIN,,[],False,{}
100000.00,0.00,100000.00,EUR,IDEALPRO-001,MARGIN,,[],False,{}
100000.38,0.00,100000.38,USD,IDEALPRO-001,MARGIN,,[],False,{}
100000.00,0.00,100000.00,EUR,IDEALPRO-001,MARGIN,,[],False,{}
100000.38,2.37,99998.01,USD,IDEALPRO-001,MARGIN,,"[{'type': 'MarginBalance', 'initial': '0.00', 'maintenance': '2.37', 'currency': 'USD', 'instrument_id': 'EUR/USD.IDEALPRO'}]",False,{}
100000.00,0.00,100000.00,EUR,IDEALPRO-001,MARGIN,,"[{'type': 'MarginBalance', 'initial': '0.00', 'maintenance': '2.37', 'currency': 'USD', 'instrument_id': 'EUR/USD.IDEALPRO'}]",False,{}
100000.38,2.37,99998.01,USD,IDEALPRO-001,MARGIN,,"[{'type': 'MarginBalance', 'initial': '0.00', 'maintenance': '2.37', 'currency': 'USD', 'instrument_id': 'EUR/USD.IDEALPRO'}]",False,{}
100000.00,0.00,100000.00,EUR,IDEALPRO-001,MARGIN,,"[{'type': 'MarginBalance', 'initial': '0.00', 'maintenance': '2.37', 'currency': 'USD', 'instrument_id': 'EUR/USD.IDEALPRO'}]",False,{}
100000.38,2.37,99998.01,USD,IDEALPRO-001,MARGIN,,"[{'type': 'MarginBalance', 'initial': '0.00', 'maintenance': '2.37', 'currency': 'USD', 'instrument_id': 'EUR/USD.IDEALPRO'}]",False,{}
100000.00,0.00,100000.00,EUR,IDEALPRO-001,MARGIN,,"[{'type': 'MarginBalance', 'initial': '0.00', 'maintenance': '2.37', 'currency': 'USD', 'instrument_id': 'EUR/USD.IDEALPRO'}]",False,{}
100000.38,2.37,99998.01,USD,IDEALPRO-001,MARGIN,,"[{'type': 'MarginBalance', 'initial': '0.00', 'maintenance': '2.37', 'currency': 'USD', 'instrument_id': 'EUR/USD.IDEALPRO'}]",False,{}
100000.00,0.00,100000.00,EUR,IDEALPRO-001,MARGIN,,"[{'type': 'MarginBalance', 'initial': '0.00', 'maintenance': '2.37', 'currency': 'USD', 'instrument_id': 'EUR/USD.IDEALPRO'}]",False,{}
100000.48,0.00,100000.48,USD,IDEALPRO-001,MARGIN,,[],False,{}
100000.00,0.00,100000.00,EUR,IDEALPRO-001,MARGIN,,[],False,{}
100000.48,0.00,100000.48,USD,IDEALPRO-001,MARGIN,,[],False,{}
100000.00,0.00,100000.00,EUR,IDEALPRO-001,MARGIN,,[],False,{}
100000.48,0.00,100000.48,USD,IDEALPRO-001,MARGIN,,[],False,{}
100000.00,0.00,100000.00,EUR,IDEALPRO-001,MARGIN,,[],False,{}
100000.48,0.00,100000.48,USD,IDEALPRO-001,MARGIN,,[],False,{}
100000.00,0.00,100000.00,EUR,IDEALPRO-001,MARGIN,,[],False,{}
100000.48,0.00,100000.48,USD,IDEALPRO-001,MARGIN,,[],False,{}
100000.00,0.00,100000.00,EUR,IDEALPRO-001,MARGIN,,[],False,{}
100000.48,0.00,100000.48,USD,IDEALPRO-001,MARGIN,,[],False,{}
100000.00,0.00,100000.00,EUR,IDEALPRO-001,MARGIN,,[],False,{}
100000.48,2.36,99998.12,USD,IDEALPRO-001,MARGIN,,"[{'type': 'MarginBalance', 'initial': '0.00', 'maintenance': '2.36', 'currency': 'USD', 'instrument_id': 'EUR/USD.IDEALPRO'}]",False,{}
100000.00,0.00,100000.00,EUR,IDEALPRO-001,MARGIN,,"[{'type': 'MarginBalance', 'initial': '0.00', 'maintenance': '2.36', 'currency': 'USD', 'instrument_id': 'EUR/USD.IDEALPRO'}]",False,{}
100000.48,2.36,99998.12,USD,IDEALPRO-001,MARGIN,,"[{'type': 'MarginBalance', 'initial': '0.00', 'maintenance': '2.36', 'currency': 'USD', 'instrument_id': 'EUR/USD.IDEALPRO'}]",False,{}
100000.00,0.00,100000.00,EUR,IDEALPRO-001,MARGIN,,"[{'type': 'MarginBalance', 'initial': '0.00', 'maintenance': '2.36', 'currency': 'USD', 'instrument_id': 'EUR/USD.IDEALPRO'}]",False,{}
100000.48,2.36,99998.12,USD,IDEALPRO-001,MARGIN,,"[{'type': 'MarginBalance', 'initial': '0.00', 'maintenance': '2.36', 'currency': 'USD', 'instrument_id': 'EUR/USD.IDEALPRO'}]",False,{}
100000.00,0.00,100000.00,EUR,IDEALPRO-001,MARGIN,,"[{'type': 'MarginBalance', 'initial': '0.00', 'maintenance': '2.36', 'currency': 'USD', 'instrument_id': 'EUR/USD.IDEALPRO'}]",False,{}
100000.48,2.36,99998.12,USD,IDEALPRO-001,MARGIN,,"[{'type': 'MarginBalance', 'initial': '0.00', 'maintenance': '2.36', 'currency': 'USD', 'instrument_id': 'EUR/USD.IDEALPRO'}]",False,{}
100000.00,0.00,100000.00,EUR,IDEALPRO-001,MARGIN,,"[{'type': 'MarginBalance', 'initial': '0.00', 'maintenance': '2.36', 'currency': 'USD', 'instrument_id': 'EUR/USD.IDEALPRO'}]",False,{}
100000.44,0.00,100000.44,USD,IDEALPRO-001,MARGIN,,[],False,{}
100000.00,0.00,100000.00,EUR,IDEALPRO-001,MARGIN,,[],False,{}
100000.44,0.00,100000.44,USD,IDEALPRO-001,MARGIN,,[],False,{}
100000.00,0.00,100000.00,EUR,IDEALPRO-001,MARGIN,,[],False,{}
100000.44,0.00,100000.44,USD,IDEALPRO-001,MARGIN,,[],False,{}
100000.00,0.00,100000.00,EUR,IDEALPRO-001,MARGIN,,[],False,{}
100000.44,0.00,100000.44,USD,IDEALPRO-001,MARGIN,,[],False,{}
100000.00,0.00,100000.00,EUR,IDEALPRO-001,MARGIN,,[],False,{}
100000.44,0.00,100000.44,USD,IDEALPRO-001,MARGIN,,[],False,{}
100000.00,0.00,100000.00,EUR,IDEALPRO-001,MARGIN,,[],False,{}
100000.44,0.00,100000.44,USD,IDEALPRO-001,MARGIN,,[],False,{}
100000.00,0.00,100000.00,EUR,IDEALPRO-001,MARGIN,,[],False,{}
100000.44,2.36,99998.08,USD,IDEALPRO-001,MARGIN,,"[{'type': 'MarginBalance', 'initial': '0.00', 'maintenance': '2.36', 'currency': 'USD', 'instrument_id': 'EUR/USD.IDEALPRO'}]",False,{}
100000.00,0.00,100000.00,EUR,IDEALPRO-001,MARGIN,,"[{'type': 'MarginBalance', 'initial': '0.00', 'maintenance': '2.36', 'currency': 'USD', 'instrument_id': 'EUR/USD.IDEALPRO'}]",False,{}
100000.44,2.36,99998.08,USD,IDEALPRO-001,MARGIN,,"[{'type': 'MarginBalance', 'initial': '0.00', 'maintenance': '2.36', 'currency': 'USD', 'instrument_id': 'EUR/USD.IDEALPRO'}]",False,{}
100000.00,0.00,100000.00,EUR,IDEALPRO-001,MARGIN,,"[{'type': 'MarginBalance', 'initial': '0.00', 'maintenance': '2.36', 'currency': 'USD', 'instrument_id': 'EUR/USD.IDEALPRO'}]",False,{}
100000.44,2.36,99998.08,USD,IDEALPRO-001,MARGIN,,"[{'type': 'MarginBalance', 'initial': '0.00', 'maintenance': '2.36', 'currency': 'USD', 'instrument_id': 'EUR/USD.IDEALPRO'}]",False,{}
100000.00,0.00,100000.00,EUR,IDEALPRO-001,MARGIN,,"[{'type': 'MarginBalance', 'initial': '0.00', 'maintenance': '2.36', 'currency': 'USD', 'instrument_id': 'EUR/USD.IDEALPRO'}]",False,{}
100000.74,0.00,100000.74,USD,IDEALPRO-001,MARGIN,,[],False,{}
100000.00,0.00,100000.00,EUR,IDEALPRO-001,MARGIN,,[],False,{}
100000.74,0.00,100000.74,USD,IDEALPRO-001,MARGIN,,[],False,{}
100000.00,0.00,100000.00,EUR,IDEALPRO-001,MARGIN,,[],False,{}
100000.74,0.00,100000.74,USD,IDEALPRO-001,MARGIN,,[],False,{}
100000.00,0.00,100000.00,EUR,IDEALPRO-001,MARGIN,,[],False,{}
100000.74,0.00,100000.74,USD,IDEALPRO-001,MARGIN,,[],False,{}
100000.00,0.00,100000.00,EUR,IDEALPRO-001,MARGIN,,[],False,{}
100000.74,0.00,100000.74,USD,IDEALPRO-001,MARGIN,,[],False,{}
100000.00,0.00,100000.00,EUR,IDEALPRO-001,MARGIN,,[],False,{}
100000.74,2.35,99998.39,USD,IDEALPRO-001,MARGIN,,"[{'type': 'MarginBalance', 'initial': '0.00', 'maintenance': '2.35', 'currency': 'USD', 'instrument_id': 'EUR/USD.IDEALPRO'}]",False,{}
100000.00,0.00,100000.00,EUR,IDEALPRO-001,MARGIN,,"[{'type': 'MarginBalance', 'initial': '0.00', 'maintenance': '2.35', 'currency': 'USD', 'instrument_id': 'EUR/USD.IDEALPRO'}]",False,{}
100000.74,2.35,99998.39,USD,IDEALPRO-001,MARGIN,,"[{'type': 'MarginBalance', 'initial': '0.00', 'maintenance': '2.35', 'currency': 'USD', 'instrument_id': 'EUR/USD.IDEALPRO'}]",False,{}
100000.00,0.00,100000.00,EUR,IDEALPRO-001,MARGIN,,"[{'type': 'MarginBalance', 'initial': '0.00', 'maintenance': '2.35', 'currency': 'USD', 'instrument_id': 'EUR/USD.IDEALPRO'}]",False,{}
100000.74,2.35,99998.39,USD,IDEALPRO-001,MARGIN,,"[{'type': 'MarginBalance', 'initial': '0.00', 'maintenance': '2.35', 'currency': 'USD', 'instrument_id': 'EUR/USD.IDEALPRO'}]",False,{}
100000.00,0.00,100000.00,EUR,IDEALPRO-001,MARGIN,,"[{'type': 'MarginBalance', 'initial': '0.00', 'maintenance': '2.35', 'currency': 'USD', 'instrument_id': 'EUR/USD.IDEALPRO'}]",False,{}
100000.74,2.35,99998.39,USD,IDEALPRO-001,MARGIN,,"[{'type': 'MarginBalance', 'initial': '0.00', 'maintenance': '2.35', 'currency': 'USD', 'instrument_id': 'EUR/USD.IDEALPRO'}]",False,{}
100000.00,0.00,100000.00,EUR,IDEALPRO-001,MARGIN,,"[{'type': 'MarginBalance', 'initial': '0.00', 'maintenance': '2.35', 'currency': 'USD', 'instrument_id': 'EUR/USD.IDEALPRO'}]",False,{}
100000.85,0.00,100000.85,USD,IDEALPRO-001,MARGIN,,[],False,{}
100000.00,0.00,100000.00,EUR,IDEALPRO-001,MARGIN,,[],False,{}
100000.85,0.00,100000.85,USD,IDEALPRO-001,MARGIN,,[],False,{}
100000.00,0.00,100000.00,EUR,IDEALPRO-001,MARGIN,,[],False,{}
100000.85,0.00,100000.85,USD,IDEALPRO-001,MARGIN,,[],False,{}
100000.00,0.00,100000.00,EUR,IDEALPRO-001,MARGIN,,[],False,{}
100000.85,0.00,100000.85,USD,IDEALPRO-001,MARGIN,,[],False,{}
100000.00,0.00,100000.00,EUR,IDEALPRO-001,MARGIN,,[],False,{}
100000.85,0.00,100000.85,USD,IDEALPRO-001,MARGIN,,[],False,{}
100000.00,0.00,100000.00,EUR,IDEALPRO-001,MARGIN,,[],False,{}
100000.85,0.00,100000.85,USD,IDEALPRO-001,MARGIN,,[],False,{}
100000.00,0.00,100000.00,EUR,IDEALPRO-001,MARGIN,,[],False,{}
100000.85,2.36,99998.49,USD,IDEALPRO-001,MARGIN,,"[{'type': 'MarginBalance', 'initial': '0.00', 'maintenance': '2.36', 'currency': 'USD', 'instrument_id': 'EUR/USD.IDEALPRO'}]",False,{}
100000.00,0.00,100000.00,EUR,IDEALPRO-001,MARGIN,,"[{'type': 'MarginBalance', 'initial': '0.00', 'maintenance': '2.36', 'currency': 'USD', 'instrument_id': 'EUR/USD.IDEALPRO'}]",False,{}
100000.85,2.35,99998.50,USD,IDEALPRO-001,MARGIN,,"[{'type': 'MarginBalance', 'initial': '0.00', 'maintenance': '2.35', 'currency': 'USD', 'instrument_id': 'EUR/USD.IDEALPRO'}]",False,{}
100000.00,0.00,100000.00,EUR,IDEALPRO-001,MARGIN,,"[{'type': 'MarginBalance', 'initial': '0.00', 'maintenance': '2.35', 'currency': 'USD', 'instrument_id': 'EUR/USD.IDEALPRO'}]",False,{}
100000.85,2.35,99998.50,USD,IDEALPRO-001,MARGIN,,"[{'type': 'MarginBalance', 'initial': '0.00', 'maintenance': '2.35', 'currency': 'USD', 'instrument_id': 'EUR/USD.IDEALPRO'}]",False,{}
100000.00,0.00,100000.00,EUR,IDEALPRO-001,MARGIN,,"[{'type': 'MarginBalance', 'initial': '0.00', 'maintenance': '2.35', 'currency': 'USD', 'instrument_id': 'EUR/USD.IDEALPRO'}]",False,{}
100000.79,0.00,100000.79,USD,IDEALPRO-001,MARGIN,,[],False,{}
100000.00,0.00,100000.00,EUR,IDEALPRO-001,MARGIN,,[],False,{}
100000.79,0.00,100000.79,USD,IDEALPRO-001,MARGIN,,[],False,{}
100000.00,0.00,100000.00,EUR,IDEALPRO-001,MARGIN,,[],False,{}
100000.79,0.00,100000.79,USD,IDEALPRO-001,MARGIN,,[],False,{}
100000.00,0.00,100000.00,EUR,IDEALPRO-001,MARGIN,,[],False,{}
100000.79,0.00,100000.79,USD,IDEALPRO-001,MARGIN,,[],False,{}
100000.00,0.00,100000.00,EUR,IDEALPRO-001,MARGIN,,[],False,{}
100000.79,0.00,100000.79,USD,IDEALPRO-001,MARGIN,,[],False,{}
100000.00,0.00,100000.00,EUR,IDEALPRO-001,MARGIN,,[],False,{}
100000.79,2.35,99998.44,USD,IDEALPRO-001,MARGIN,,"[{'type': 'MarginBalance', 'initial': '0.00', 'maintenance': '2.35', 'currency': 'USD', 'instrument_id': 'EUR/USD.IDEALPRO'}]",False,{}
100000.00,0.00,100000.00,EUR,IDEALPRO-001,MARGIN,,"[{'type': 'MarginBalance', 'initial': '0.00', 'maintenance': '2.35', 'currency': 'USD', 'instrument_id': 'EUR/USD.IDEALPRO'}]",False,{}
100000.79,2.35,99998.44,USD,IDEALPRO-001,MARGIN,,"[{'type': 'MarginBalance', 'initial': '0.00', 'maintenance': '2.35', 'currency': 'USD', 'instrument_id': 'EUR/USD.IDEALPRO'}]",False,{}
100000.00,0.00,100000.00,EUR,IDEALPRO-001,MARGIN,,"[{'type': 'MarginBalance', 'initial': '0.00', 'maintenance': '2.35', 'currency': 'USD', 'instrument_id': 'EUR/USD.IDEALPRO'}]",False,{}
100000.79,2.35,99998.44,USD,IDEALPRO-001,MARGIN,,"[{'type': 'MarginBalance', 'initial': '0.00', 'maintenance': '2.35', 'currency': 'USD', 'instrument_id': 'EUR/USD.IDEALPRO'}]",False,{}
100000.00,0.00,100000.00,EUR,IDEALPRO-001,MARGIN,,"[{'type': 'MarginBalance', 'initial': '0.00', 'maintenance': '2.35', 'currency': 'USD', 'instrument_id': 'EUR/USD.IDEALPRO'}]",False,{}
100000.73,0.00,100000.73,USD,IDEALPRO-001,MARGIN,,[],False,{}
100000.00,0.00,100000.00,EUR,IDEALPRO-001,MARGIN,,[],False,{}
100000.73,0.00,100000.73,USD,IDEALPRO-001,MARGIN,,[],False,{}
100000.00,0.00,100000.00,EUR,IDEALPRO-001,MARGIN,,[],False,{}
100000.73,0.00,100000.73,USD,IDEALPRO-001,MARGIN,,[],False,{}
100000.00,0.00,100000.00,EUR,IDEALPRO-001,MARGIN,,[],False,{}
100000.73,0.00,100000.73,USD,IDEALPRO-001,MARGIN,,[],False,{}
100000.00,0.00,100000.00,EUR,IDEALPRO-001,MARGIN,,[],False,{}
100000.73,0.00,100000.73,USD,IDEALPRO-001,MARGIN,,[],False,{}
100000.00,0.00,100000.00,EUR,IDEALPRO-001,MARGIN,,[],False,{}
100000.73,2.36,99998.37,USD,IDEALPRO-001,MARGIN,,"[{'type': 'MarginBalance', 'initial': '0.00', 'maintenance': '2.36', 'currency': 'USD', 'instrument_id': 'EUR/USD.IDEALPRO'}]",False,{}
100000.00,0.00,100000.00,EUR,IDEALPRO-001,MARGIN,,"[{'type': 'MarginBalance', 'initial': '0.00', 'maintenance': '2.36', 'currency': 'USD', 'instrument_id': 'EUR/USD.IDEALPRO'}]",False,{}
100000.73,2.36,99998.37,USD,IDEALPRO-001,MARGIN,,"[{'type': 'MarginBalance', 'initial': '0.00', 'maintenance': '2.36', 'currency': 'USD', 'instrument_id': 'EUR/USD.IDEALPRO'}]",False,{}
100000.00,0.00,100000.00,EUR,IDEALPRO-001,MARGIN,,"[{'type': 'MarginBalance', 'initial': '0.00', 'maintenance': '2.36', 'currency': 'USD', 'instrument_id': 'EUR/USD.IDEALPRO'}]",False,{}
100000.73,2.36,99998.37,USD,IDEALPRO-001,MARGIN,,"[{'type': 'MarginBalance', 'initial': '0.00', 'maintenance': '2.36', 'currency': 'USD', 'instrument_id': 'EUR/USD.IDEALPRO'}]",False,{}
100000.00,0.00,100000.00,EUR,IDEALPRO-001,MARGIN,,"[{'type': 'MarginBalance', 'initial': '0.00', 'maintenance': '2.36', 'currency': 'USD', 'instrument_id': 'EUR/USD.IDEALPRO'}]",False,{}
100000.73,2.36,99998.37,USD,IDEALPRO-001,MARGIN,,"[{'type': 'MarginBalance', 'initial': '0.00', 'maintenance': '2.36', 'currency': 'USD', 'instrument_id': 'EUR/USD.IDEALPRO'}]",False,{}
100000.00,0.00,100000.00,EUR,IDEALPRO-001,MARGIN,,"[{'type': 'MarginBalance', 'initial': '0.00', 'maintenance': '2.36', 'currency': 'USD', 'instrument_id': 'EUR/USD.IDEALPRO'}]",False,{}
100000.72,0.00,100000.72,USD,IDEALPRO-001,MARGIN,,[],False,{}
100000.00,0.00,100000.00,EUR,IDEALPRO-001,MARGIN,,[],False,{}
100000.72,0.00,100000.72,USD,IDEALPRO-001,MARGIN,,[],False,{}
100000.00,0.00,100000.00,EUR,IDEALPRO-001,MARGIN,,[],False,{}
100000.72,0.00,100000.72,USD,IDEALPRO-001,MARGIN,,[],False,{}
100000.00,0.00,100000.00,EUR,IDEALPRO-001,MARGIN,,[],False,{}
100000.72,0.00,100000.72,USD,IDEALPRO-001,MARGIN,,[],False,{}
100000.00,0.00,100000.00,EUR,IDEALPRO-001,MARGIN,,[],False,{}
100000.72,0.00,100000.72,USD,IDEALPRO-001,MARGIN,,[],False,{}
100000.00,0.00,100000.00,EUR,IDEALPRO-001,MARGIN,,[],False,{}
100000.72,0.00,100000.72,USD,IDEALPRO-001,MARGIN,,[],False,{}
100000.00,0.00,100000.00,EUR,IDEALPRO-001,MARGIN,,[],False,{}
100000.72,2.36,99998.36,USD,IDEALPRO-001,MARGIN,,"[{'type': 'MarginBalance', 'initial': '0.00', 'maintenance': '2.36', 'currency': 'USD', 'instrument_id': 'EUR/USD.IDEALPRO'}]",False,{}
100000.00,0.00,100000.00,EUR,IDEALPRO-001,MARGIN,,"[{'type': 'MarginBalance', 'initial': '0.00', 'maintenance': '2.36', 'currency': 'USD', 'instrument_id': 'EUR/USD.IDEALPRO'}]",False,{}
100000.72,2.36,99998.36,USD,IDEALPRO-001,MARGIN,,"[{'type': 'MarginBalance', 'initial': '0.00', 'maintenance': '2.36', 'currency': 'USD', 'instrument_id': 'EUR/USD.IDEALPRO'}]",False,{}
100000.00,0.00,100000.00,EUR,IDEALPRO-001,MARGIN,,"[{'type': 'MarginBalance', 'initial': '0.00', 'maintenance': '2.36', 'currency': 'USD', 'instrument_id': 'EUR/USD.IDEALPRO'}]",False,{}
100000.72,2.36,99998.36,USD,IDEALPRO-001,MARGIN,,"[{'type': 'MarginBalance', 'initial': '0.00', 'maintenance': '2.36', 'currency': 'USD', 'instrument_id': 'EUR/USD.IDEALPRO'}]",False,{}
100000.00,0.00,100000.00,EUR,IDEALPRO-001,MARGIN,,"[{'type': 'MarginBalance', 'initial': '0.00', 'maintenance': '2.36', 'currency': 'USD', 'instrument_id': 'EUR/USD.IDEALPRO'}]",False,{}
100000.72,2.36,99998.36,USD,IDEALPRO-001,MARGIN,,"[{'type': 'MarginBalance', 'initial': '0.00', 'maintenance': '2.36', 'currency': 'USD', 'instrument_id': 'EUR/USD.IDEALPRO'}]",False,{}
100000.00,0.00,100000.00,EUR,IDEALPRO-001,MARGIN,,"[{'type': 'MarginBalance', 'initial': '0.00', 'maintenance': '2.36', 'currency': 'USD', 'instrument_id': 'EUR/USD.IDEALPRO'}]",False,{}
100000.69,0.00,100000.69,USD,IDEALPRO-001,MARGIN,,[],False,{}
100000.00,0.00,100000.00,EUR,IDEALPRO-001,MARGIN,,[],False,{}
100000.69,0.00,100000.69,USD,IDEALPRO-001,MARGIN,,[],False,{}
100000.00,0.00,100000.00,EUR,IDEALPRO-001,MARGIN,,[],False,{}
100000.69,0.00,100000.69,USD,IDEALPRO-001,MARGIN,,[],False,{}
100000.00,0.00,100000.00,EUR,IDEALPRO-001,MARGIN,,[],False,{}
100000.69,0.00,100000.69,USD,IDEALPRO-001,MARGIN,,[],False,{}
100000.00,0.00,100000.00,EUR,IDEALPRO-001,MARGIN,,[],False,{}
100000.69,0.00,100000.69,USD,IDEALPRO-001,MARGIN,,[],False,{}
100000.00,0.00,100000.00,EUR,IDEALPRO-001,MARGIN,,[],False,{}
100000.69,0.00,100000.69,USD,IDEALPRO-001,MARGIN,,[],False,{}
100000.00,0.00,100000.00,EUR,IDEALPRO-001,MARGIN,,[],False,{}
100000.69,2.36,99998.33,USD,IDEALPRO-001,MARGIN,,"[{'type': 'MarginBalance', 'initial': '0.00', 'maintenance': '2.36', 'currency': 'USD', 'instrument_id': 'EUR/USD.IDEALPRO'}]",False,{}
100000.00,0.00,100000.00,EUR,IDEALPRO-001,MARGIN,,"[{'type': 'MarginBalance', 'initial': '0.00', 'maintenance': '2.36', 'currency': 'USD', 'instrument_id': 'EUR/USD.IDEALPRO'}]",False,{}
100000.69,2.36,99998.33,USD,IDEALPRO-001,MARGIN,,"[{'type': 'MarginBalance', 'initial': '0.00', 'maintenance': '2.36', 'currency': 'USD', 'instrument_id': 'EUR/USD.IDEALPRO'}]",False,{}
100000.00,0.00,100000.00,EUR,IDEALPRO-001,MARGIN,,"[{'type': 'MarginBalance', 'initial': '0.00', 'maintenance': '2.36', 'currency': 'USD', 'instrument_id': 'EUR/USD.IDEALPRO'}]",False,{}
100000.69,2.36,99998.33,USD,IDEALPRO-001,MARGIN,,"[{'type': 'MarginBalance', 'initial': '0.00', 'maintenance': '2.36', 'currency': 'USD', 'instrument_id': 'EUR/USD.IDEALPRO'}]",False,{}
100000.00,0.00,100000.00,EUR,IDEALPRO-001,MARGIN,,"[{'type': 'MarginBalance', 'initial': '0.00', 'maintenance': '2.36', 'currency': 'USD', 'instrument_id': 'EUR/USD.IDEALPRO'}]",False,{}
100000.69,2.36,99998.33,USD,IDEALPRO-001,MARGIN,,"[{'type': 'MarginBalance', 'initial': '0.00', 'maintenance': '2.36', 'currency': 'USD', 'instrument_id': 'EUR/USD.IDEALPRO'}]",False,{}
100000.00,0.00,100000.00,EUR,IDEALPRO-001,MARGIN,,"[{'type': 'MarginBalance', 'initial': '0.00', 'maintenance': '2.36', 'currency': 'USD', 'instrument_id': 'EUR/USD.IDEALPRO'}]",False,{}
100000.79,0.00,100000.79,USD,IDEALPRO-001,MARGIN,,[],False,{}
100000.00,0.00,100000.00,EUR,IDEALPRO-001,MARGIN,,[],False,{}
100000.79,0.00,100000.79,USD,IDEALPRO-001,MARGIN,,[],False,{}
100000.00,0.00,100000.00,EUR,IDEALPRO-001,MARGIN,,[],False,{}
100000.79,0.00,100000.79,USD,IDEALPRO-001,MARGIN,,[],False,{}
100000.00,0.00,100000.00,EUR,IDEALPRO-001,MARGIN,,[],False,{}
100000.79,0.00,100000.79,USD,IDEALPRO-001,MARGIN,,[],False,{}
100000.00,0.00,100000.00,EUR,IDEALPRO-001,MARGIN,,[],False,{}
100000.79,0.00,100000.79,USD,IDEALPRO-001,MARGIN,,[],False,{}
100000.00,0.00,100000.00,EUR,IDEALPRO-001,MARGIN,,[],False,{}
100000.79,0.00,100000.79,USD,IDEALPRO-001,MARGIN,,[],False,{}
100000.00,0.00,100000.00,EUR,IDEALPRO-001,MARGIN,,[],False,{}
100000.79,2.36,99998.43,USD,IDEALPRO-001,MARGIN,,"[{'type': 'MarginBalance', 'initial': '0.00', 'maintenance': '2.36', 'currency': 'USD', 'instrument_id': 'EUR/USD.IDEALPRO'}]",False,{}
100000.00,0.00,100000.00,EUR,IDEALPRO-001,MARGIN,,"[{'type': 'MarginBalance', 'initial': '0.00', 'maintenance': '2.36', 'currency': 'USD', 'instrument_id': 'EUR/USD.IDEALPRO'}]",False,{}
100000.79,2.36,99998.43,USD,IDEALPRO-001,MARGIN,,"[{'type': 'MarginBalance', 'initial': '0.00', 'maintenance': '2.36', 'currency': 'USD', 'instrument_id': 'EUR/USD.IDEALPRO'}]",False,{}
100000.00,0.00,100000.00,EUR,IDEALPRO-001,MARGIN,,"[{'type': 'MarginBalance', 'initial': '0.00', 'maintenance': '2.36', 'currency': 'USD', 'instrument_id': 'EUR/USD.IDEALPRO'}]",False,{}
100000.79,2.36,99998.43,USD,IDEALPRO-001,MARGIN,,"[{'type': 'MarginBalance', 'initial': '0.00', 'maintenance': '2.36', 'currency': 'USD', 'instrument_id': 'EUR/USD.IDEALPRO'}]",False,{}
100000.00,0.00,100000.00,EUR,IDEALPRO-001,MARGIN,,"[{'type': 'MarginBalance', 'initial': '0.00', 'maintenance': '2.36', 'currency': 'USD', 'instrument_id': 'EUR/USD.IDEALPRO'}]",False,{}
100000.79,2.36,99998.43,USD,IDEALPRO-001,MARGIN,,"[{'type': 'MarginBalance', 'initial': '0.00', 'maintenance': '2.36', 'currency': 'USD', 'instrument_id': 'EUR/USD.IDEALPRO'}]",False,{}
100000.00,0.00,100000.00,EUR,IDEALPRO-001,MARGIN,,"[{'type': 'MarginBalance', 'initial': '0.00', 'maintenance': '2.36', 'currency': 'USD', 'instrument_id': 'EUR/USD.IDEALPRO'}]",False,{}
100000.79,0.00,100000.79,USD,IDEALPRO-001,MARGIN,,[],False,{}
100000.00,0.00,100000.00,EUR,IDEALPRO-001,MARGIN,,[],False,{}
100000.79,0.00,100000.79,USD,IDEALPRO-001,MARGIN,,[],False,{}
100000.00,0.00,100000.00,EUR,IDEALPRO-001,MARGIN,,[],False,{}
100000.79,0.00,100000.79,USD,IDEALPRO-001,MARGIN,,[],False,{}
100000.00,0.00,100000.00,EUR,IDEALPRO-001,MARGIN,,[],False,{}
100000.79,0.00,100000.79,USD,IDEALPRO-001,MARGIN,,[],False,{}
100000.00,0.00,100000.00,EUR,IDEALPRO-001,MARGIN,,[],False,{}
100000.79,0.00,100000.79,USD,IDEALPRO-001,MARGIN,,[],False,{}
100000.00,0.00,100000.00,EUR,IDEALPRO-001,MARGIN,,[],False,{}
100000.79,0.00,100000.79,USD,IDEALPRO-001,MARGIN,,[],False,{}
100000.00,0.00,100000.00,EUR,IDEALPRO-001,MARGIN,,[],False,{}
100000.79,2.36,99998.43,USD,IDEALPRO-001,MARGIN,,"[{'type': 'MarginBalance', 'initial': '0.00', 'maintenance': '2.36', 'currency': 'USD', 'instrument_id': 'EUR/USD.IDEALPRO'}]",False,{}
100000.00,0.00,100000.00,EUR,IDEALPRO-001,MARGIN,,"[{'type': 'MarginBalance', 'initial': '0.00', 'maintenance': '2.36', 'currency': 'USD', 'instrument_id': 'EUR/USD.IDEALPRO'}]",False,{}
100000.79,2.36,99998.43,USD,IDEALPRO-001,MARGIN,,"[{'type': 'MarginBalance', 'initial': '0.00', 'maintenance': '2.36', 'currency': 'USD', 'instrument_id': 'EUR/USD.IDEALPRO'}]",False,{}
100000.00,0.00,100000.00,EUR,IDEALPRO-001,MARGIN,,"[{'type': 'MarginBalance', 'initial': '0.00', 'maintenance': '2.36', 'currency': 'USD', 'instrument_id': 'EUR/USD.IDEALPRO'}]",False,{}
100000.79,2.36,99998.43,USD,IDEALPRO-001,MARGIN,,"[{'type': 'MarginBalance', 'initial': '0.00', 'maintenance': '2.36', 'currency': 'USD', 'instrument_id': 'EUR/USD.IDEALPRO'}]",False,{}
100000.00,0.00,100000.00,EUR,IDEALPRO-001,MARGIN,,"[{'type': 'MarginBalance', 'initial': '0.00', 'maintenance': '2.36', 'currency': 'USD', 'instrument_id': 'EUR/USD.IDEALPRO'}]",False,{}
100000.79,2.36,99998.43,USD,IDEALPRO-001,MARGIN,,"[{'type': 'MarginBalance', 'initial': '0.00', 'maintenance': '2.36', 'currency': 'USD', 'instrument_id': 'EUR/USD.IDEALPRO'}]",False,{}
100000.00,0.00,100000.00,EUR,IDEALPRO-001,MARGIN,,"[{'type': 'MarginBalance', 'initial': '0.00', 'maintenance': '2.36', 'currency': 'USD', 'instrument_id': 'EUR/USD.IDEALPRO'}]",False,{}
100000.77,0.00,100000.77,USD,IDEALPRO-001,MARGIN,,[],False,{}
100000.00,0.00,100000.00,EUR,IDEALPRO-001,MARGIN,,[],False,{}
100000.77,0.00,100000.77,USD,IDEALPRO-001,MARGIN,,[],False,{}
100000.00,0.00,100000.00,EUR,IDEALPRO-001,MARGIN,,[],False,{}
100000.77,0.00,100000.77,USD,IDEALPRO-001,MARGIN,,[],False,{}
100000.00,0.00,100000.00,EUR,IDEALPRO-001,MARGIN,,[],False,{}
100000.77,0.00,100000.77,USD,IDEALPRO-001,MARGIN,,[],False,{}
100000.00,0.00,100000.00,EUR,IDEALPRO-001,MARGIN,,[],False,{}
100000.77,0.00,100000.77,USD,IDEALPRO-001,MARGIN,,[],False,{}
100000.00,0.00,100000.00,EUR,IDEALPRO-001,MARGIN,,[],False,{}
100000.77,0.00,100000.77,USD,IDEALPRO-001,MARGIN,,[],False,{}
100000.00,0.00,100000.00,EUR,IDEALPRO-001,MARGIN,,[],False,{}
100000.77,2.36,99998.41,USD,IDEALPRO-001,MARGIN,,"[{'type': 'MarginBalance', 'initial': '0.00', 'maintenance': '2.36', 'currency': 'USD', 'instrument_id': 'EUR/USD.IDEALPRO'}]",False,{}
100000.00,0.00,100000.00,EUR,IDEALPRO-001,MARGIN,,"[{'type': 'MarginBalance', 'initial': '0.00', 'maintenance': '2.36', 'currency': 'USD', 'instrument_id': 'EUR/USD.IDEALPRO'}]",False,{}
100000.77,2.36,99998.41,USD,IDEALPRO-001,MARGIN,,"[{'type': 'MarginBalance', 'initial': '0.00', 'maintenance': '2.36', 'currency': 'USD', 'instrument_id': 'EUR/USD.IDEALPRO'}]",False,{}
100000.00,0.00,100000.00,EUR,IDEALPRO-001,MARGIN,,"[{'type': 'MarginBalance', 'initial': '0.00', 'maintenance': '2.36', 'currency': 'USD', 'instrument_id': 'EUR/USD.IDEALPRO'}]",False,{}
100000.77,2.36,99998.41,USD,IDEALPRO-001,MARGIN,,"[{'type': 'MarginBalance', 'initial': '0.00', 'maintenance': '2.36', 'currency': 'USD', 'instrument_id': 'EUR/USD.IDEALPRO'}]",False,{}
100000.00,0.00,100000.00,EUR,IDEALPRO-001,MARGIN,,"[{'type': 'MarginBalance', 'initial': '0.00', 'maintenance': '2.36', 'currency': 'USD', 'instrument_id': 'EUR/USD.IDEALPRO'}]",False,{}
100000.77,2.36,99998.41,USD,IDEALPRO-001,MARGIN,,"[{'type': 'MarginBalance', 'initial': '0.00', 'maintenance': '2.36', 'currency': 'USD', 'instrument_id': 'EUR/USD.IDEALPRO'}]",False,{}
100000.00,0.00,100000.00,EUR,IDEALPRO-001,MARGIN,,"[{'type': 'MarginBalance', 'initial': '0.00', 'maintenance': '2.36', 'currency': 'USD', 'instrument_id': 'EUR/USD.IDEALPRO'}]",False,{}
100000.77,0.00,100000.77,USD,IDEALPRO-001,MARGIN,,[],False,{}
100000.00,0.00,100000.00,EUR,IDEALPRO-001,MARGIN,,[],False,{}
100000.77,0.00,100000.77,USD,IDEALPRO-001,MARGIN,,[],False,{}
100000.00,0.00,100000.00,EUR,IDEALPRO-001,MARGIN,,[],False,{}
100000.77,0.00,100000.77,USD,IDEALPRO-001,MARGIN,,[],False,{}
100000.00,0.00,100000.00,EUR,IDEALPRO-001,MARGIN,,[],False,{}
100000.77,0.00,100000.77,USD,IDEALPRO-001,MARGIN,,[],False,{}
100000.00,0.00,100000.00,EUR,IDEALPRO-001,MARGIN,,[],False,{}
100000.77,0.00,100000.77,USD,IDEALPRO-001,MARGIN,,[],False,{}
100000.00,0.00,100000.00,EUR,IDEALPRO-001,MARGIN,,[],False,{}
100000.77,0.00,100000.77,USD,IDEALPRO-001,MARGIN,,[],False,{}
100000.00,0.00,100000.00,EUR,IDEALPRO-001,MARGIN,,[],False,{}
100000.77,2.36,99998.41,USD,IDEALPRO-001,MARGIN,,"[{'type': 'MarginBalance', 'initial': '0.00', 'maintenance': '2.36', 'currency': 'USD', 'instrument_id': 'EUR/USD.IDEALPRO'}]",False,{}
100000.00,0.00,100000.00,EUR,IDEALPRO-001,MARGIN,,"[{'type': 'MarginBalance', 'initial': '0.00', 'maintenance': '2.36', 'currency': 'USD', 'instrument_id': 'EUR/USD.IDEALPRO'}]",False,{}
100000.77,2.36,99998.41,USD,IDEALPRO-001,MARGIN,,"[{'type': 'MarginBalance', 'initial': '0.00', 'maintenance': '2.36', 'currency': 'USD', 'instrument_id': 'EUR/USD.IDEALPRO'}]",False,{}
100000.00,0.00,100000.00,EUR,IDEALPRO-001,MARGIN,,"[{'type': 'MarginBalance', 'initial': '0.00', 'maintenance': '2.36', 'currency': 'USD', 'instrument_id': 'EUR/USD.IDEALPRO'}]",False,{}
100000.77,2.36,99998.41,USD,IDEALPRO-001,MARGIN,,"[{'type': 'MarginBalance', 'initial': '0.00', 'maintenance': '2.36', 'currency': 'USD', 'instrument_id': 'EUR/USD.IDEALPRO'}]",False,{}
100000.00,0.00,100000.00,EUR,IDEALPRO-001,MARGIN,,"[{'type': 'MarginBalance', 'initial': '0.00', 'maintenance': '2.36', 'currency': 'USD', 'instrument_id': 'EUR/USD.IDEALPRO'}]",False,{}
100000.77,2.36,99998.41,USD,IDEALPRO-001,MARGIN,,"[{'type': 'MarginBalance', 'initial': '0.00', 'maintenance': '2.36', 'currency': 'USD', 'instrument_id': 'EUR/USD.IDEALPRO'}]",False,{}
100000.00,0.00,100000.00,EUR,IDEALPRO-001,MARGIN,,"[{'type': 'MarginBalance', 'initial': '0.00', 'maintenance': '2.36', 'currency': 'USD', 'instrument_id': 'EUR/USD.IDEALPRO'}]",False,{}
100000.75,0.00,100000.75,USD,IDEALPRO-001,MARGIN,,[],False,{}
100000.00,0.00,100000.00,EUR,IDEALPRO-001,MARGIN,,[],False,{}
100000.75,0.00,100000.75,USD,IDEALPRO-001,MARGIN,,[],False,{}
100000.00,0.00,100000.00,EUR,IDEALPRO-001,MARGIN,,[],False,{}
100000.75,0.00,100000.75,USD,IDEALPRO-001,MARGIN,,[],False,{}
100000.00,0.00,100000.00,EUR,IDEALPRO-001,MARGIN,,[],False,{}
100000.75,0.00,100000.75,USD,IDEALPRO-001,MARGIN,,[],False,{}
100000.00,0.00,100000.00,EUR,IDEALPRO-001,MARGIN,,[],False,{}
100000.75,0.00,100000.75,USD,IDEALPRO-001,MARGIN,,[],False,{}
100000.00,0.00,100000.00,EUR,IDEALPRO-001,MARGIN,,[],False,{}
100000.75,0.00,100000.75,USD,IDEALPRO-001,MARGIN,,[],False,{}
100000.00,0.00,100000.00,EUR,IDEALPRO-001,MARGIN,,[],False,{}
100000.75,2.36,99998.39,USD,IDEALPRO-001,MARGIN,,"[{'type': 'MarginBalance', 'initial': '0.00', 'maintenance': '2.36', 'currency': 'USD', 'instrument_id': 'EUR/USD.IDEALPRO'}]",False,{}
100000.00,0.00,100000.00,EUR,IDEALPRO-001,MARGIN,,"[{'type': 'MarginBalance', 'initial': '0.00', 'maintenance': '2.36', 'currency': 'USD', 'instrument_id': 'EUR/USD.IDEALPRO'}]",False,{}
100000.75,2.36,99998.39,USD,IDEALPRO-001,MARGIN,,"[{'type': 'MarginBalance', 'initial': '0.00', 'maintenance': '2.36', 'currency': 'USD', 'instrument_id': 'EUR/USD.IDEALPRO'}]",False,{}
100000.00,0.00,100000.00,EUR,IDEALPRO-001,MARGIN,,"[{'type': 'MarginBalance', 'initial': '0.00', 'maintenance': '2.36', 'currency': 'USD', 'instrument_id': 'EUR/USD.IDEALPRO'}]",False,{}
100000.75,2.36,99998.39,USD,IDEALPRO-001,MARGIN,,"[{'type': 'MarginBalance', 'initial': '0.00', 'maintenance': '2.36', 'currency': 'USD', 'instrument_id': 'EUR/USD.IDEALPRO'}]",False,{}
100000.00,0.00,100000.00,EUR,IDEALPRO-001,MARGIN,,"[{'type': 'MarginBalance', 'initial': '0.00', 'maintenance': '2.36', 'currency': 'USD', 'instrument_id': 'EUR/USD.IDEALPRO'}]",False,{}
100000.75,2.36,99998.39,USD,IDEALPRO-001,MARGIN,,"[{'type': 'MarginBalance', 'initial': '0.00', 'maintenance': '2.36', 'currency': 'USD', 'instrument_id': 'EUR/USD.IDEALPRO'}]",False,{}
100000.00,0.00,100000.00,EUR,IDEALPRO-001,MARGIN,,"[{'type': 'MarginBalance', 'initial': '0.00', 'maintenance': '2.36', 'currency': 'USD', 'instrument_id': 'EUR/USD.IDEALPRO'}]",False,{}
100000.72,0.00,100000.72,USD,IDEALPRO-001,MARGIN,,[],False,{}
100000.00,0.00,100000.00,EUR,IDEALPRO-001,MARGIN,,[],False,{}
100000.72,0.00,100000.72,USD,IDEALPRO-001,MARGIN,,[],False,{}
100000.00,0.00,100000.00,EUR,IDEALPRO-001,MARGIN,,[],False,{}
100000.72,0.00,100000.72,USD,IDEALPRO-001,MARGIN,,[],False,{}
100000.00,0.00,100000.00,EUR,IDEALPRO-001,MARGIN,,[],False,{}
100000.72,0.00,100000.72,USD,IDEALPRO-001,MARGIN,,[],False,{}
100000.00,0.00,100000.00,EUR,IDEALPRO-001,MARGIN,,[],False,{}
100000.72,0.00,100000.72,USD,IDEALPRO-001,MARGIN,,[],False,{}
100000.00,0.00,100000.00,EUR,IDEALPRO-001,MARGIN,,[],False,{}
100000.72,0.00,100000.72,USD,IDEALPRO-001,MARGIN,,[],False,{}
100000.00,0.00,100000.00,EUR,IDEALPRO-001,MARGIN,,[],False,{}
100000.72,2.36,99998.36,USD,IDEALPRO-001,MARGIN,,"[{'type': 'MarginBalance', 'initial': '0.00', 'maintenance': '2.36', 'currency': 'USD', 'instrument_id': 'EUR/USD.IDEALPRO'}]",False,{}
100000.00,0.00,100000.00,EUR,IDEALPRO-001,MARGIN,,"[{'type': 'MarginBalance', 'initial': '0.00', 'maintenance': '2.36', 'currency': 'USD', 'instrument_id': 'EUR/USD.IDEALPRO'}]",False,{}
100000.72,2.36,99998.36,USD,IDEALPRO-001,MARGIN,,"[{'type': 'MarginBalance', 'initial': '0.00', 'maintenance': '2.36', 'currency': 'USD', 'instrument_id': 'EUR/USD.IDEALPRO'}]",False,{}
100000.00,0.00,100000.00,EUR,IDEALPRO-001,MARGIN,,"[{'type': 'MarginBalance', 'initial': '0.00', 'maintenance': '2.36', 'currency': 'USD', 'instrument_id': 'EUR/USD.IDEALPRO'}]",False,{}
100000.72,2.36,99998.36,USD,IDEALPRO-001,MARGIN,,"[{'type': 'MarginBalance', 'initial': '0.00', 'maintenance': '2.36', 'currency': 'USD', 'instrument_id': 'EUR/USD.IDEALPRO'}]",False,{}
100000.00,0.00,100000.00,EUR,IDEALPRO-001,MARGIN,,"[{'type': 'MarginBalance', 'initial': '0.00', 'maintenance': '2.36', 'currency': 'USD', 'instrument_id': 'EUR/USD.IDEALPRO'}]",False,{}
100000.72,2.36,99998.36,USD,IDEALPRO-001,MARGIN,,"[{'type': 'MarginBalance', 'initial': '0.00', 'maintenance': '2.36', 'currency': 'USD', 'instrument_id': 'EUR/USD.IDEALPRO'}]",False,{}
100000.00,0.00,100000.00,EUR,IDEALPRO-001,MARGIN,,"[{'type': 'MarginBalance', 'initial': '0.00', 'maintenance': '2.36', 'currency': 'USD', 'instrument_id': 'EUR/USD.IDEALPRO'}]",False,{}
100000.70,0.00,100000.70,USD,IDEALPRO-001,MARGIN,,[],False,{}
100000.00,0.00,100000.00,EUR,IDEALPRO-001,MARGIN,,[],False,{}
100000.70,0.00,100000.70,USD,IDEALPRO-001,MARGIN,,[],False,{}
100000.00,0.00,100000.00,EUR,IDEALPRO-001,MARGIN,,[],False,{}
100000.70,0.00,100000.70,USD,IDEALPRO-001,MARGIN,,[],False,{}
100000.00,0.00,100000.00,EUR,IDEALPRO-001,MARGIN,,[],False,{}
100000.70,0.00,100000.70,USD,IDEALPRO-001,MARGIN,,[],False,{}
100000.00,0.00,100000.00,EUR,IDEALPRO-001,MARGIN,,[],False,{}
100000.70,0.00,100000.70,USD,IDEALPRO-001,MARGIN,,[],False,{}
100000.00,0.00,100000.00,EUR,IDEALPRO-001,MARGIN,,[],False,{}
100000.70,0.00,100000.70,USD,IDEALPRO-001,MARGIN,,[],False,{}
100000.00,0.00,100000.00,EUR,IDEALPRO-001,MARGIN,,[],False,{}
100000.70,2.36,99998.34,USD,IDEALPRO-001,MARGIN,,"[{'type': 'MarginBalance', 'initial': '0.00', 'maintenance': '2.36', 'currency': 'USD', 'instrument_id': 'EUR/USD.IDEALPRO'}]",False,{}
100000.00,0.00,100000.00,EUR,IDEALPRO-001,MARGIN,,"[{'type': 'MarginBalance', 'initial': '0.00', 'maintenance': '2.36', 'currency': 'USD', 'instrument_id': 'EUR/USD.IDEALPRO'}]",False,{}
100000.70,2.36,99998.34,USD,IDEALPRO-001,MARGIN,,"[{'type': 'MarginBalance', 'initial': '0.00', 'maintenance': '2.36', 'currency': 'USD', 'instrument_id': 'EUR/USD.IDEALPRO'}]",False,{}
100000.00,0.00,100000.00,EUR,IDEALPRO-001,MARGIN,,"[{'type': 'MarginBalance', 'initial': '0.00', 'maintenance': '2.36', 'currency': 'USD', 'instrument_id': 'EUR/USD.IDEALPRO'}]",False,{}
100000.70,2.36,99998.34,USD,IDEALPRO-001,MARGIN,,"[{'type': 'MarginBalance', 'initial': '0.00', 'maintenance': '2.36', 'currency': 'USD', 'instrument_id': 'EUR/USD.IDEALPRO'}]",False,{}
100000.00,0.00,100000.00,EUR,IDEALPRO-001,MARGIN,,"[{'type': 'MarginBalance', 'initial': '0.00', 'maintenance': '2.36', 'currency': 'USD', 'instrument_id': 'EUR/USD.IDEALPRO'}]",False,{}
100000.70,2.36,99998.34,USD,IDEALPRO-001,MARGIN,,"[{'type': 'MarginBalance', 'initial': '0.00', 'maintenance': '2.36', 'currency': 'USD', 'instrument_id': 'EUR/USD.IDEALPRO'}]",False,{}
100000.00,0.00,100000.00,EUR,IDEALPRO-001,MARGIN,,"[{'type': 'MarginBalance', 'initial': '0.00', 'maintenance': '2.36', 'currency': 'USD', 'instrument_id': 'EUR/USD.IDEALPRO'}]",False,{}
100000.69,0.00,100000.69,USD,IDEALPRO-001,MARGIN,,[],False,{}
100000.00,0.00,100000.00,EUR,IDEALPRO-001,MARGIN,,[],False,{}
100000.69,0.00,100000.69,USD,IDEALPRO-001,MARGIN,,[],False,{}
100000.00,0.00,100000.00,EUR,IDEALPRO-001,MARGIN,,[],False,{}
100000.69,0.00,100000.69,USD,IDEALPRO-001,MARGIN,,[],False,{}
100000.00,0.00,100000.00,EUR,IDEALPRO-001,MARGIN,,[],False,{}
100000.69,0.00,100000.69,USD,IDEALPRO-001,MARGIN,,[],False,{}
100000.00,0.00,100000.00,EUR,IDEALPRO-001,MARGIN,,[],False,{}
100000.69,0.00,100000.69,USD,IDEALPRO-001,MARGIN,,[],False,{}
100000.00,0.00,100000.00,EUR,IDEALPRO-001,MARGIN,,[],False,{}
100000.69,0.00,100000.69,USD,IDEALPRO-001,MARGIN,,[],False,{}
100000.00,0.00,100000.00,EUR,IDEALPRO-001,MARGIN,,[],False,{}
100000.69,2.36,99998.33,USD,IDEALPRO-001,MARGIN,,"[{'type': 'MarginBalance', 'initial': '0.00', 'maintenance': '2.36', 'currency': 'USD', 'instrument_id': 'EUR/USD.IDEALPRO'}]",False,{}
100000.00,0.00,100000.00,EUR,IDEALPRO-001,MARGIN,,"[{'type': 'MarginBalance', 'initial': '0.00', 'maintenance': '2.36', 'currency': 'USD', 'instrument_id': 'EUR/USD.IDEALPRO'}]",False,{}
100000.69,2.36,99998.33,USD,IDEALPRO-001,MARGIN,,"[{'type': 'MarginBalance', 'initial': '0.00', 'maintenance': '2.36', 'currency': 'USD', 'instrument_id': 'EUR/USD.IDEALPRO'}]",False,{}
100000.00,0.00,100000.00,EUR,IDEALPRO-001,MARGIN,,"[{'type': 'MarginBalance', 'initial': '0.00', 'maintenance': '2.36', 'currency': 'USD', 'instrument_id': 'EUR/USD.IDEALPRO'}]",False,{}
100000.69,2.36,99998.33,USD,IDEALPRO-001,MARGIN,,"[{'type': 'MarginBalance', 'initial': '0.00', 'maintenance': '2.36', 'currency': 'USD', 'instrument_id': 'EUR/USD.IDEALPRO'}]",False,{}
100000.00,0.00,100000.00,EUR,IDEALPRO-001,MARGIN,,"[{'type': 'MarginBalance', 'initial': '0.00', 'maintenance': '2.36', 'currency': 'USD', 'instrument_id': 'EUR/USD.IDEALPRO'}]",False,{}
100000.69,2.36,99998.33,USD,IDEALPRO-001,MARGIN,,"[{'type': 'MarginBalance', 'initial': '0.00', 'maintenance': '2.36', 'currency': 'USD', 'instrument_id': 'EUR/USD.IDEALPRO'}]",False,{}
100000.00,0.00,100000.00,EUR,IDEALPRO-001,MARGIN,,"[{'type': 'MarginBalance', 'initial': '0.00', 'maintenance': '2.36', 'currency': 'USD', 'instrument_id': 'EUR/USD.IDEALPRO'}]",False,{}
100000.64,0.00,100000.64,USD,IDEALPRO-001,MARGIN,,[],False,{}
100000.00,0.00,100000.00,EUR,IDEALPRO-001,MARGIN,,[],False,{}
100000.64,0.00,100000.64,USD,IDEALPRO-001,MARGIN,,[],False,{}
100000.00,0.00,100000.00,EUR,IDEALPRO-001,MARGIN,,[],False,{}
100000.64,0.00,100000.64,USD,IDEALPRO-001,MARGIN,,[],False,{}
100000.00,0.00,100000.00,EUR,IDEALPRO-001,MARGIN,,[],False,{}
100000.64,0.00,100000.64,USD,IDEALPRO-001,MARGIN,,[],False,{}
100000.00,0.00,100000.00,EUR,IDEALPRO-001,MARGIN,,[],False,{}
100000.64,0.00,100000.64,USD,IDEALPRO-001,MARGIN,,[],False,{}
100000.00,0.00,100000.00,EUR,IDEALPRO-001,MARGIN,,[],False,{}
100000.64,0.00,100000.64,USD,IDEALPRO-001,MARGIN,,[],False,{}
100000.00,0.00,100000.00,EUR,IDEALPRO-001,MARGIN,,[],False,{}
100000.64,2.36,99998.28,USD,IDEALPRO-001,MARGIN,,"[{'type': 'MarginBalance', 'initial': '0.00', 'maintenance': '2.36', 'currency': 'USD', 'instrument_id': 'EUR/USD.IDEALPRO'}]",False,{}
100000.00,0.00,100000.00,EUR,IDEALPRO-001,MARGIN,,"[{'type': 'MarginBalance', 'initial': '0.00', 'maintenance': '2.36', 'currency': 'USD', 'instrument_id': 'EUR/USD.IDEALPRO'}]",False,{}
100000.64,2.36,99998.28,USD,IDEALPRO-001,MARGIN,,"[{'type': 'MarginBalance', 'initial': '0.00', 'maintenance': '2.36', 'currency': 'USD', 'instrument_id': 'EUR/USD.IDEALPRO'}]",False,{}
100000.00,0.00,100000.00,EUR,IDEALPRO-001,MARGIN,,"[{'type': 'MarginBalance', 'initial': '0.00', 'maintenance': '2.36', 'currency': 'USD', 'instrument_id': 'EUR/USD.IDEALPRO'}]",False,{}
100000.64,2.36,99998.28,USD,IDEALPRO-001,MARGIN,,"[{'type': 'MarginBalance', 'initial': '0.00', 'maintenance': '2.36', 'currency': 'USD', 'instrument_id': 'EUR/USD.IDEALPRO'}]",False,{}
100000.00,0.00,100000.00,EUR,IDEALPRO-001,MARGIN,,"[{'type': 'MarginBalance', 'initial': '0.00', 'maintenance': '2.36', 'currency': 'USD', 'instrument_id': 'EUR/USD.IDEALPRO'}]",False,{}
100000.64,2.36,99998.28,USD,IDEALPRO-001,MARGIN,,"[{'type': 'MarginBalance', 'initial': '0.00', 'maintenance': '2.36', 'currency': 'USD', 'instrument_id': 'EUR/USD.IDEALPRO'}]",False,{}
100000.00,0.00,100000.00,EUR,IDEALPRO-001,MARGIN,,"[{'type': 'MarginBalance', 'initial': '0.00', 'maintenance': '2.36', 'currency': 'USD', 'instrument_id': 'EUR/USD.IDEALPRO'}]",False,{}
100000.65,0.00,100000.65,USD,IDEALPRO-001,MARGIN,,[],False,{}
100000.00,0.00,100000.00,EUR,IDEALPRO-001,MARGIN,,[],False,{}
100000.65,0.00,100000.65,USD,IDEALPRO-001,MARGIN,,[],False,{}
100000.00,0.00,100000.00,EUR,IDEALPRO-001,MARGIN,,[],False,{}
100000.65,0.00,100000.65,USD,IDEALPRO-001,MARGIN,,[],False,{}
100000.00,0.00,100000.00,EUR,IDEALPRO-001,MARGIN,,[],False,{}
100000.65,0.00,100000.65,USD,IDEALPRO-001,MARGIN,,[],False,{}
100000.00,0.00,100000.00,EUR,IDEALPRO-001,MARGIN,,[],False,{}
100000.65,0.00,100000.65,USD,IDEALPRO-001,MARGIN,,[],False,{}
100000.00,0.00,100000.00,EUR,IDEALPRO-001,MARGIN,,[],False,{}
100000.65,0.00,100000.65,USD,IDEALPRO-001,MARGIN,,[],False,{}
100000.00,0.00,100000.00,EUR,IDEALPRO-001,MARGIN,,[],False,{}
100000.65,2.36,99998.29,USD,IDEALPRO-001,MARGIN,,"[{'type': 'MarginBalance', 'initial': '0.00', 'maintenance': '2.36', 'currency': 'USD', 'instrument_id': 'EUR/USD.IDEALPRO'}]",False,{}
100000.00,0.00,100000.00,EUR,IDEALPRO-001,MARGIN,,"[{'type': 'MarginBalance', 'initial': '0.00', 'maintenance': '2.36', 'currency': 'USD', 'instrument_id': 'EUR/USD.IDEALPRO'}]",False,{}
100000.65,2.36,99998.29,USD,IDEALPRO-001,MARGIN,,"[{'type': 'MarginBalance', 'initial': '0.00', 'maintenance': '2.36', 'currency': 'USD', 'instrument_id': 'EUR/USD.IDEALPRO'}]",False,{}
100000.00,0.00,100000.00,EUR,IDEALPRO-001,MARGIN,,"[{'type': 'MarginBalance', 'initial': '0.00', 'maintenance': '2.36', 'currency': 'USD', 'instrument_id': 'EUR/USD.IDEALPRO'}]",False,{}
100000.65,2.36,99998.29,USD,IDEALPRO-001,MARGIN,,"[{'type': 'MarginBalance', 'initial': '0.00', 'maintenance': '2.36', 'currency': 'USD', 'instrument_id': 'EUR/USD.IDEALPRO'}]",False,{}
100000.00,0.00,100000.00,EUR,IDEALPRO-001,MARGIN,,"[{'type': 'MarginBalance', 'initial': '0.00', 'maintenance': '2.36', 'currency': 'USD', 'instrument_id': 'EUR/USD.IDEALPRO'}]",False,{}
100000.65,2.36,99998.29,USD,IDEALPRO-001,MARGIN,,"[{'type': 'MarginBalance', 'initial': '0.00', 'maintenance': '2.36', 'currency': 'USD', 'instrument_id': 'EUR/USD.IDEALPRO'}]",False,{}
100000.00,0.00,100000.00,EUR,IDEALPRO-001,MARGIN,,"[{'type': 'MarginBalance', 'initial': '0.00', 'maintenance': '2.36', 'currency': 'USD', 'instrument_id': 'EUR/USD.IDEALPRO'}]",False,{}
100000.61,0.00,100000.61,USD,IDEALPRO-001,MARGIN,,[],False,{}
100000.00,0.00,100000.00,EUR,IDEALPRO-001,MARGIN,,[],False,{}
100000.61,0.00,100000.61,USD,IDEALPRO-001,MARGIN,,[],False,{}
100000.00,0.00,100000.00,EUR,IDEALPRO-001,MARGIN,,[],False,{}
100000.61,0.00,100000.61,USD,IDEALPRO-001,MARGIN,,[],False,{}
100000.00,0.00,100000.00,EUR,IDEALPRO-001,MARGIN,,[],False,{}
100000.61,0.00,100000.61,USD,IDEALPRO-001,MARGIN,,[],False,{}
100000.00,0.00,100000.00,EUR,IDEALPRO-001,MARGIN,,[],False,{}
100000.61,0.00,100000.61,USD,IDEALPRO-001,MARGIN,,[],False,{}
100000.00,0.00,100000.00,EUR,IDEALPRO-001,MARGIN,,[],False,{}
100000.61,0.00,100000.61,USD,IDEALPRO-001,MARGIN,,[],False,{}
100000.00,0.00,100000.00,EUR,IDEALPRO-001,MARGIN,,[],False,{}
100000.61,2.36,99998.25,USD,IDEALPRO-001,MARGIN,,"[{'type': 'MarginBalance', 'initial': '0.00', 'maintenance': '2.36', 'currency': 'USD', 'instrument_id': 'EUR/USD.IDEALPRO'}]",False,{}
100000.00,0.00,100000.00,EUR,IDEALPRO-001,MARGIN,,"[{'type': 'MarginBalance', 'initial': '0.00', 'maintenance': '2.36', 'currency': 'USD', 'instrument_id': 'EUR/USD.IDEALPRO'}]",False,{}
100000.61,2.36,99998.25,USD,IDEALPRO-001,MARGIN,,"[{'type': 'MarginBalance', 'initial': '0.00', 'maintenance': '2.36', 'currency': 'USD', 'instrument_id': 'EUR/USD.IDEALPRO'}]",False,{}
100000.00,0.00,100000.00,EUR,IDEALPRO-001,MARGIN,,"[{'type': 'MarginBalance', 'initial': '0.00', 'maintenance': '2.36', 'currency': 'USD', 'instrument_id': 'EUR/USD.IDEALPRO'}]",False,{}
100000.61,2.36,99998.25,USD,IDEALPRO-001,MARGIN,,"[{'type': 'MarginBalance', 'initial': '0.00', 'maintenance': '2.36', 'currency': 'USD', 'instrument_id': 'EUR/USD.IDEALPRO'}]",False,{}
100000.00,0.00,100000.00,EUR,IDEALPRO-001,MARGIN,,"[{'type': 'MarginBalance', 'initial': '0.00', 'maintenance': '2.36', 'currency': 'USD', 'instrument_id': 'EUR/USD.IDEALPRO'}]",False,{}
100000.61,2.36,99998.25,USD,IDEALPRO-001,MARGIN,,"[{'type': 'MarginBalance', 'initial': '0.00', 'maintenance': '2.36', 'currency': 'USD', 'instrument_id': 'EUR/USD.IDEALPRO'}]",False,{}
100000.00,0.00,100000.00,EUR,IDEALPRO-001,MARGIN,,"[{'type': 'MarginBalance', 'initial': '0.00', 'maintenance': '2.36', 'currency': 'USD', 'instrument_id': 'EUR/USD.IDEALPRO'}]",False,{}
100000.64,0.00,100000.64,USD,IDEALPRO-001,MARGIN,,[],False,{}
100000.00,0.00,100000.00,EUR,IDEALPRO-001,MARGIN,,[],False,{}
100000.64,0.00,100000.64,USD,IDEALPRO-001,MARGIN,,[],False,{}
100000.00,0.00,100000.00,EUR,IDEALPRO-001,MARGIN,,[],False,{}
100000.64,0.00,100000.64,USD,IDEALPRO-001,MARGIN,,[],False,{}
100000.00,0.00,100000.00,EUR,IDEALPRO-001,MARGIN,,[],False,{}
100000.64,0.00,100000.64,USD,IDEALPRO-001,MARGIN,,[],False,{}
100000.00,0.00,100000.00,EUR,IDEALPRO-001,MARGIN,,[],False,{}
100000.64,0.00,100000.64,USD,IDEALPRO-001,MARGIN,,[],False,{}
100000.00,0.00,100000.00,EUR,IDEALPRO-001,MARGIN,,[],False,{}
100000.64,0.00,100000.64,USD,IDEALPRO-001,MARGIN,,[],False,{}
100000.00,0.00,100000.00,EUR,IDEALPRO-001,MARGIN,,[],False,{}
100000.64,2.36,99998.28,USD,IDEALPRO-001,MARGIN,,"[{'type': 'MarginBalance', 'initial': '0.00', 'maintenance': '2.36', 'currency': 'USD', 'instrument_id': 'EUR/USD.IDEALPRO'}]",False,{}
100000.00,0.00,100000.00,EUR,IDEALPRO-001,MARGIN,,"[{'type': 'MarginBalance', 'initial': '0.00', 'maintenance': '2.36', 'currency': 'USD', 'instrument_id': 'EUR/USD.IDEALPRO'}]",False,{}
100000.64,2.36,99998.28,USD,IDEALPRO-001,MARGIN,,"[{'type': 'MarginBalance', 'initial': '0.00', 'maintenance': '2.36', 'currency': 'USD', 'instrument_id': 'EUR/USD.IDEALPRO'}]",False,{}
100000.00,0.00,100000.00,EUR,IDEALPRO-001,MARGIN,,"[{'type': 'MarginBalance', 'initial': '0.00', 'maintenance': '2.36', 'currency': 'USD', 'instrument_id': 'EUR/USD.IDEALPRO'}]",False,{}
100000.64,2.36,99998.28,USD,IDEALPRO-001,MARGIN,,"[{'type': 'MarginBalance', 'initial': '0.00', 'maintenance': '2.36', 'currency': 'USD', 'instrument_id': 'EUR/USD.IDEALPRO'}]",False,{}
100000.00,0.00,100000.00,EUR,IDEALPRO-001,MARGIN,,"[{'type': 'MarginBalance', 'initial': '0.00', 'maintenance': '2.36', 'currency': 'USD', 'instrument_id': 'EUR/USD.IDEALPRO'}]",False,{}
100000.64,2.36,99998.28,USD,IDEALPRO-001,MARGIN,,"[{'type': 'MarginBalance', 'initial': '0.00', 'maintenance': '2.36', 'currency': 'USD', 'instrument_id': 'EUR/USD.IDEALPRO'}]",False,{}
100000.00,0.00,100000.00,EUR,IDEALPRO-001,MARGIN,,"[{'type': 'MarginBalance', 'initial': '0.00', 'maintenance': '2.36', 'currency': 'USD', 'instrument_id': 'EUR/USD.IDEALPRO'}]",False,{}
100000.71,0.00,100000.71,USD,IDEALPRO-001,MARGIN,,[],False,{}
100000.00,0.00,100000.00,EUR,IDEALPRO-001,MARGIN,,[],False,{}
100000.71,0.00,100000.71,USD,IDEALPRO-001,MARGIN,,[],False,{}
100000.00,0.00,100000.00,EUR,IDEALPRO-001,MARGIN,,[],False,{}
100000.71,0.00,100000.71,USD,IDEALPRO-001,MARGIN,,[],False,{}
100000.00,0.00,100000.00,EUR,IDEALPRO-001,MARGIN,,[],False,{}
100000.71,0.00,100000.71,USD,IDEALPRO-001,MARGIN,,[],False,{}
100000.00,0.00,100000.00,EUR,IDEALPRO-001,MARGIN,,[],False,{}
100000.71,0.00,100000.71,USD,IDEALPRO-001,MARGIN,,[],False,{}
100000.00,0.00,100000.00,EUR,IDEALPRO-001,MARGIN,,[],False,{}
100000.71,0.00,100000.71,USD,IDEALPRO-001,MARGIN,,[],False,{}
100000.00,0.00,100000.00,EUR,IDEALPRO-001,MARGIN,,[],False,{}
100000.71,2.36,99998.35,USD,IDEALPRO-001,MARGIN,,"[{'type': 'MarginBalance', 'initial': '0.00', 'maintenance': '2.36', 'currency': 'USD', 'instrument_id': 'EUR/USD.IDEALPRO'}]",False,{}
100000.00,0.00,100000.00,EUR,IDEALPRO-001,MARGIN,,"[{'type': 'MarginBalance', 'initial': '0.00', 'maintenance': '2.36', 'currency': 'USD', 'instrument_id': 'EUR/USD.IDEALPRO'}]",False,{}
100000.71,2.36,99998.35,USD,IDEALPRO-001,MARGIN,,"[{'type': 'MarginBalance', 'initial': '0.00', 'maintenance': '2.36', 'currency': 'USD', 'instrument_id': 'EUR/USD.IDEALPRO'}]",False,{}
100000.00,0.00,100000.00,EUR,IDEALPRO-001,MARGIN,,"[{'type': 'MarginBalance', 'initial': '0.00', 'maintenance': '2.36', 'currency': 'USD', 'instrument_id': 'EUR/USD.IDEALPRO'}]",False,{}
100000.71,2.36,99998.35,USD,IDEALPRO-001,MARGIN,,"[{'type': 'MarginBalance', 'initial': '0.00', 'maintenance': '2.36', 'currency': 'USD', 'instrument_id': 'EUR/USD.IDEALPRO'}]",False,{}
100000.00,0.00,100000.00,EUR,IDEALPRO-001,MARGIN,,"[{'type': 'MarginBalance', 'initial': '0.00', 'maintenance': '2.36', 'currency': 'USD', 'instrument_id': 'EUR/USD.IDEALPRO'}]",False,{}
100000.71,2.36,99998.35,USD,IDEALPRO-001,MARGIN,,"[{'type': 'MarginBalance', 'initial': '0.00', 'maintenance': '2.36', 'currency': 'USD', 'instrument_id': 'EUR/USD.IDEALPRO'}]",False,{}
100000.00,0.00,100000.00,EUR,IDEALPRO-001,MARGIN,,"[{'type': 'MarginBalance', 'initial': '0.00', 'maintenance': '2.36', 'currency': 'USD', 'instrument_id': 'EUR/USD.IDEALPRO'}]",False,{}
100000.71,0.00,100000.71,USD,IDEALPRO-001,MARGIN,,[],False,{}
100000.00,0.00,100000.00,EUR,IDEALPRO-001,MARGIN,,[],False,{}
100000.71,0.00,100000.71,USD,IDEALPRO-001,MARGIN,,[],False,{}
100000.00,0.00,100000.00,EUR,IDEALPRO-001,MARGIN,,[],False,{}
100000.71,0.00,100000.71,USD,IDEALPRO-001,MARGIN,,[],False,{}
100000.00,0.00,100000.00,EUR,IDEALPRO-001,MARGIN,,[],False,{}
100000.71,0.00,100000.71,USD,IDEALPRO-001,MARGIN,,[],False,{}
100000.00,0.00,100000.00,EUR,IDEALPRO-001,MARGIN,,[],False,{}
100000.71,0.00,100000.71,USD,IDEALPRO-001,MARGIN,,[],False,{}
100000.00,0.00,100000.00,EUR,IDEALPRO-001,MARGIN,,[],False,{}
100000.71,0.00,100000.71,USD,IDEALPRO-001,MARGIN,,[],False,{}
100000.00,0.00,100000.00,EUR,IDEALPRO-001,MARGIN,,[],False,{}
100000.71,2.36,99998.35,USD,IDEALPRO-001,MARGIN,,"[{'type': 'MarginBalance', 'initial': '0.00', 'maintenance': '2.36', 'currency': 'USD', 'instrument_id': 'EUR/USD.IDEALPRO'}]",False,{}
100000.00,0.00,100000.00,EUR,IDEALPRO-001,MARGIN,,"[{'type': 'MarginBalance', 'initial': '0.00', 'maintenance': '2.36', 'currency': 'USD', 'instrument_id': 'EUR/USD.IDEALPRO'}]",False,{}
100000.71,2.35,99998.36,USD,IDEALPRO-001,MARGIN,,"[{'type': 'MarginBalance', 'initial': '0.00', 'maintenance': '2.35', 'currency': 'USD', 'instrument_id': 'EUR/USD.IDEALPRO'}]",False,{}
100000.00,0.00,100000.00,EUR,IDEALPRO-001,MARGIN,,"[{'type': 'MarginBalance', 'initial': '0.00', 'maintenance': '2.35', 'currency': 'USD', 'instrument_id': 'EUR/USD.IDEALPRO'}]",False,{}
100000.71,2.35,99998.36,USD,IDEALPRO-001,MARGIN,,"[{'type': 'MarginBalance', 'initial': '0.00', 'maintenance': '2.35', 'currency': 'USD', 'instrument_id': 'EUR/USD.IDEALPRO'}]",False,{}
100000.00,0.00,100000.00,EUR,IDEALPRO-001,MARGIN,,"[{'type': 'MarginBalance', 'initial': '0.00', 'maintenance': '2.35', 'currency': 'USD', 'instrument_id': 'EUR/USD.IDEALPRO'}]",False,{}
100000.71,2.35,99998.36,USD,IDEALPRO-001,MARGIN,,"[{'type': 'MarginBalance', 'initial': '0.00', 'maintenance': '2.35', 'currency': 'USD', 'instrument_id': 'EUR/USD.IDEALPRO'}]",False,{}
100000.00,0.00,100000.00,EUR,IDEALPRO-001,MARGIN,,"[{'type': 'MarginBalance', 'initial': '0.00', 'maintenance': '2.35', 'currency': 'USD', 'instrument_id': 'EUR/USD.IDEALPRO'}]",False,{}
100000.71,0.00,100000.71,USD,IDEALPRO-001,MARGIN,,[],False,{}
100000.00,0.00,100000.00,EUR,IDEALPRO-001,MARGIN,,[],False,{}
100000.71,0.00,100000.71,USD,IDEALPRO-001,MARGIN,,[],False,{}
100000.00,0.00,100000.00,EUR,IDEALPRO-001,MARGIN,,[],False,{}
100000.71,0.00,100000.71,USD,IDEALPRO-001,MARGIN,,[],False,{}
100000.00,0.00,100000.00,EUR,IDEALPRO-001,MARGIN,,[],False,{}
100000.71,0.00,100000.71,USD,IDEALPRO-001,MARGIN,,[],False,{}
100000.00,0.00,100000.00,EUR,IDEALPRO-001,MARGIN,,[],False,{}
100000.71,0.00,100000.71,USD,IDEALPRO-001,MARGIN,,[],False,{}
100000.00,0.00,100000.00,EUR,IDEALPRO-001,MARGIN,,[],False,{}
100000.71,0.00,100000.71,USD,IDEALPRO-001,MARGIN,,[],False,{}
100000.00,0.00,100000.00,EUR,IDEALPRO-001,MARGIN,,[],False,{}
100000.71,2.35,99998.36,USD,IDEALPRO-001,MARGIN,,"[{'type': 'MarginBalance', 'initial': '0.00', 'maintenance': '2.35', 'currency': 'USD', 'instrument_id': 'EUR/USD.IDEALPRO'}]",False,{}
100000.00,0.00,100000.00,EUR,IDEALPRO-001,MARGIN,,"[{'type': 'MarginBalance', 'initial': '0.00', 'maintenance': '2.35', 'currency': 'USD', 'instrument_id': 'EUR/USD.IDEALPRO'}]",False,{}
100000.71,2.35,99998.36,USD,IDEALPRO-001,MARGIN,,"[{'type': 'MarginBalance', 'initial': '0.00', 'maintenance': '2.35', 'currency': 'USD', 'instrument_id': 'EUR/USD.IDEALPRO'}]",False,{}
100000.00,0.00,100000.00,EUR,IDEALPRO-001,MARGIN,,"[{'type': 'MarginBalance', 'initial': '0.00', 'maintenance': '2.35', 'currency': 'USD', 'instrument_id': 'EUR/USD.IDEALPRO'}]",False,{}
100000.71,2.35,99998.36,USD,IDEALPRO-001,MARGIN,,"[{'type': 'MarginBalance', 'initial': '0.00', 'maintenance': '2.35', 'currency': 'USD', 'instrument_id': 'EUR/USD.IDEALPRO'}]",False,{}
100000.00,0.00,100000.00,EUR,IDEALPRO-001,MARGIN,,"[{'type': 'MarginBalance', 'initial': '0.00', 'maintenance': '2.35', 'currency': 'USD', 'instrument_id': 'EUR/USD.IDEALPRO'}]",False,{}
100000.71,2.35,99998.36,USD,IDEALPRO-001,MARGIN,,"[{'type': 'MarginBalance', 'initial': '0.00', 'maintenance': '2.35', 'currency': 'USD', 'instrument_id': 'EUR/USD.IDEALPRO'}]",False,{}
100000.00,0.00,100000.00,EUR,IDEALPRO-001,MARGIN,,"[{'type': 'MarginBalance', 'initial': '0.00', 'maintenance': '2.35', 'currency': 'USD', 'instrument_id': 'EUR/USD.IDEALPRO'}]",False,{}
100000.70,0.00,100000.70,USD,IDEALPRO-001,MARGIN,,[],False,{}
100000.00,0.00,100000.00,EUR,IDEALPRO-001,MARGIN,,[],False,{}
100000.70,0.00,100000.70,USD,IDEALPRO-001,MARGIN,,[],False,{}
100000.00,0.00,100000.00,EUR,IDEALPRO-001,MARGIN,,[],False,{}
100000.70,0.00,100000.70,USD,IDEALPRO-001,MARGIN,,[],False,{}
100000.00,0.00,100000.00,EUR,IDEALPRO-001,MARGIN,,[],False,{}
100000.70,0.00,100000.70,USD,IDEALPRO-001,MARGIN,,[],False,{}
100000.00,0.00,100000.00,EUR,IDEALPRO-001,MARGIN,,[],False,{}
100000.70,0.00,100000.70,USD,IDEALPRO-001,MARGIN,,[],False,{}
100000.00,0.00,100000.00,EUR,IDEALPRO-001,MARGIN,,[],False,{}
100000.70,0.00,100000.70,USD,IDEALPRO-001,MARGIN,,[],False,{}
100000.00,0.00,100000.00,EUR,IDEALPRO-001,MARGIN,,[],False,{}
100000.70,2.36,99998.34,USD,IDEALPRO-001,MARGIN,,"[{'type': 'MarginBalance', 'initial': '0.00', 'maintenance': '2.36', 'currency': 'USD', 'instrument_id': 'EUR/USD.IDEALPRO'}]",False,{}
100000.00,0.00,100000.00,EUR,IDEALPRO-001,MARGIN,,"[{'type': 'MarginBalance', 'initial': '0.00', 'maintenance': '2.36', 'currency': 'USD', 'instrument_id': 'EUR/USD.IDEALPRO'}]",False,{}
100000.70,2.35,99998.35,USD,IDEALPRO-001,MARGIN,,"[{'type': 'MarginBalance', 'initial': '0.00', 'maintenance': '2.35', 'currency': 'USD', 'instrument_id': 'EUR/USD.IDEALPRO'}]",False,{}
100000.00,0.00,100000.00,EUR,IDEALPRO-001,MARGIN,,"[{'type': 'MarginBalance', 'initial': '0.00', 'maintenance': '2.35', 'currency': 'USD', 'instrument_id': 'EUR/USD.IDEALPRO'}]",False,{}
100000.70,2.35,99998.35,USD,IDEALPRO-001,MARGIN,,"[{'type': 'MarginBalance', 'initial': '0.00', 'maintenance': '2.35', 'currency': 'USD', 'instrument_id': 'EUR/USD.IDEALPRO'}]",False,{}
100000.00,0.00,100000.00,EUR,IDEALPRO-001,MARGIN,,"[{'type': 'MarginBalance', 'initial': '0.00', 'maintenance': '2.35', 'currency': 'USD', 'instrument_id': 'EUR/USD.IDEALPRO'}]",False,{}
100000.64,0.00,100000.64,USD,IDEALPRO-001,MARGIN,,[],False,{}
100000.00,0.00,100000.00,EUR,IDEALPRO-001,MARGIN,,[],False,{}
100000.64,0.00,100000.64,USD,IDEALPRO-001,MARGIN,,[],False,{}
100000.00,0.00,100000.00,EUR,IDEALPRO-001,MARGIN,,[],False,{}
100000.64,0.00,100000.64,USD,IDEALPRO-001,MARGIN,,[],False,{}
100000.00,0.00,100000.00,EUR,IDEALPRO-001,MARGIN,,[],False,{}
100000.64,0.00,100000.64,USD,IDEALPRO-001,MARGIN,,[],False,{}
100000.00,0.00,100000.00,EUR,IDEALPRO-001,MARGIN,,[],False,{}
100000.64,0.00,100000.64,USD,IDEALPRO-001,MARGIN,,[],False,{}
100000.00,0.00,100000.00,EUR,IDEALPRO-001,MARGIN,,[],False,{}
100000.64,2.35,99998.29,USD,IDEALPRO-001,MARGIN,,"[{'type': 'MarginBalance', 'initial': '0.00', 'maintenance': '2.35', 'currency': 'USD', 'instrument_id': 'EUR/USD.IDEALPRO'}]",False,{}
100000.00,0.00,100000.00,EUR,IDEALPRO-001,MARGIN,,"[{'type': 'MarginBalance', 'initial': '0.00', 'maintenance': '2.35', 'currency': 'USD', 'instrument_id': 'EUR/USD.IDEALPRO'}]",False,{}
100000.64,2.35,99998.29,USD,IDEALPRO-001,MARGIN,,"[{'type': 'MarginBalance', 'initial': '0.00', 'maintenance': '2.35', 'currency': 'USD', 'instrument_id': 'EUR/USD.IDEALPRO'}]",False,{}
100000.00,0.00,100000.00,EUR,IDEALPRO-001,MARGIN,,"[{'type': 'MarginBalance', 'initial': '0.00', 'maintenance': '2.35', 'currency': 'USD', 'instrument_id': 'EUR/USD.IDEALPRO'}]",False,{}
100000.64,2.35,99998.29,USD,IDEALPRO-001,MARGIN,,"[{'type': 'MarginBalance', 'initial': '0.00', 'maintenance': '2.35', 'currency': 'USD', 'instrument_id': 'EUR/USD.IDEALPRO'}]",False,{}
100000.00,0.00,100000.00,EUR,IDEALPRO-001,MARGIN,,"[{'type': 'MarginBalance', 'initial': '0.00', 'maintenance': '2.35', 'currency': 'USD', 'instrument_id': 'EUR/USD.IDEALPRO'}]",False,{}
100000.64,2.35,99998.29,USD,IDEALPRO-001,MARGIN,,"[{'type': 'MarginBalance', 'initial': '0.00', 'maintenance': '2.35', 'currency': 'USD', 'instrument_id': 'EUR/USD.IDEALPRO'}]",False,{}
100000.00,0.00,100000.00,EUR,IDEALPRO-001,MARGIN,,"[{'type': 'MarginBalance', 'initial': '0.00', 'maintenance': '2.35', 'currency': 'USD', 'instrument_id': 'EUR/USD.IDEALPRO'}]",False,{}
100000.61,0.00,100000.61,USD,IDEALPRO-001,MARGIN,,[],False,{}
100000.00,0.00,100000.00,EUR,IDEALPRO-001,MARGIN,,[],False,{}
100000.61,0.00,100000.61,USD,IDEALPRO-001,MARGIN,,[],False,{}
100000.00,0.00,100000.00,EUR,IDEALPRO-001,MARGIN,,[],False,{}
100000.61,0.00,100000.61,USD,IDEALPRO-001,MARGIN,,[],False,{}
100000.00,0.00,100000.00,EUR,IDEALPRO-001,MARGIN,,[],False,{}
100000.61,0.00,100000.61,USD,IDEALPRO-001,MARGIN,,[],False,{}
100000.00,0.00,100000.00,EUR,IDEALPRO-001,MARGIN,,[],False,{}
100000.61,0.00,100000.61,USD,IDEALPRO-001,MARGIN,,[],False,{}
100000.00,0.00,100000.00,EUR,IDEALPRO-001,MARGIN,,[],False,{}
100000.61,0.00,100000.61,USD,IDEALPRO-001,MARGIN,,[],False,{}
100000.00,0.00,100000.00,EUR,IDEALPRO-001,MARGIN,,[],False,{}
100000.61,2.35,99998.26,USD,IDEALPRO-001,MARGIN,,"[{'type': 'MarginBalance', 'initial': '0.00', 'maintenance': '2.35', 'currency': 'USD', 'instrument_id': 'EUR/USD.IDEALPRO'}]",False,{}
100000.00,0.00,100000.00,EUR,IDEALPRO-001,MARGIN,,"[{'type': 'MarginBalance', 'initial': '0.00', 'maintenance': '2.35', 'currency': 'USD', 'instrument_id': 'EUR/USD.IDEALPRO'}]",False,{}
100000.61,2.35,99998.26,USD,IDEALPRO-001,MARGIN,,"[{'type': 'MarginBalance', 'initial': '0.00', 'maintenance': '2.35', 'currency': 'USD', 'instrument_id': 'EUR/USD.IDEALPRO'}]",False,{}
100000.00,0.00,100000.00,EUR,IDEALPRO-001,MARGIN,,"[{'type': 'MarginBalance', 'initial': '0.00', 'maintenance': '2.35', 'currency': 'USD', 'instrument_id': 'EUR/USD.IDEALPRO'}]",False,{}
100000.61,2.35,99998.26,USD,IDEALPRO-001,MARGIN,,"[{'type': 'MarginBalance', 'initial': '0.00', 'maintenance': '2.35', 'currency': 'USD', 'instrument_id': 'EUR/USD.IDEALPRO'}]",False,{}
100000.00,0.00,100000.00,EUR,IDEALPRO-001,MARGIN,,"[{'type': 'MarginBalance', 'initial': '0.00', 'maintenance': '2.35', 'currency': 'USD', 'instrument_id': 'EUR/USD.IDEALPRO'}]",False,{}
100000.61,2.35,99998.26,USD,IDEALPRO-001,MARGIN,,"[{'type': 'MarginBalance', 'initial': '0.00', 'maintenance': '2.35', 'currency': 'USD', 'instrument_id': 'EUR/USD.IDEALPRO'}]",False,{}
100000.00,0.00,100000.00,EUR,IDEALPRO-001,MARGIN,,"[{'type': 'MarginBalance', 'initial': '0.00', 'maintenance': '2.35', 'currency': 'USD', 'instrument_id': 'EUR/USD.IDEALPRO'}]",False,{}
100000.58,0.00,100000.58,USD,IDEALPRO-001,MARGIN,,[],False,{}
100000.00,0.00,100000.00,EUR,IDEALPRO-001,MARGIN,,[],False,{}
100000.58,0.00,100000.58,USD,IDEALPRO-001,MARGIN,,[],False,{}
100000.00,0.00,100000.00,EUR,IDEALPRO-001,MARGIN,,[],False,{}
100000.58,0.00,100000.58,USD,IDEALPRO-001,MARGIN,,[],False,{}
100000.00,0.00,100000.00,EUR,IDEALPRO-001,MARGIN,,[],False,{}
100000.58,0.00,100000.58,USD,IDEALPRO-001,MARGIN,,[],False,{}
100000.00,0.00,100000.00,EUR,IDEALPRO-001,MARGIN,,[],False,{}
100000.58,0.00,100000.58,USD,IDEALPRO-001,MARGIN,,[],False,{}
100000.00,0.00,100000.00,EUR,IDEALPRO-001,MARGIN,,[],False,{}
100000.58,0.00,100000.58,USD,IDEALPRO-001,MARGIN,,[],False,{}
100000.00,0.00,100000.00,EUR,IDEALPRO-001,MARGIN,,[],False,{}
100000.58,2.35,99998.23,USD,IDEALPRO-001,MARGIN,,"[{'type': 'MarginBalance', 'initial': '0.00', 'maintenance': '2.35', 'currency': 'USD', 'instrument_id': 'EUR/USD.IDEALPRO'}]",False,{}
100000.00,0.00,100000.00,EUR,IDEALPRO-001,MARGIN,,"[{'type': 'MarginBalance', 'initial': '0.00', 'maintenance': '2.35', 'currency': 'USD', 'instrument_id': 'EUR/USD.IDEALPRO'}]",False,{}
100000.58,2.35,99998.23,USD,IDEALPRO-001,MARGIN,,"[{'type': 'MarginBalance', 'initial': '0.00', 'maintenance': '2.35', 'currency': 'USD', 'instrument_id': 'EUR/USD.IDEALPRO'}]",False,{}
100000.00,0.00,100000.00,EUR,IDEALPRO-001,MARGIN,,"[{'type': 'MarginBalance', 'initial': '0.00', 'maintenance': '2.35', 'currency': 'USD', 'instrument_id': 'EUR/USD.IDEALPRO'}]",False,{}
100000.58,2.35,99998.23,USD,IDEALPRO-001,MARGIN,,"[{'type': 'MarginBalance', 'initial': '0.00', 'maintenance': '2.35', 'currency': 'USD', 'instrument_id': 'EUR/USD.IDEALPRO'}]",False,{}
100000.00,0.00,100000.00,EUR,IDEALPRO-001,MARGIN,,"[{'type': 'MarginBalance', 'initial': '0.00', 'maintenance': '2.35', 'currency': 'USD', 'instrument_id': 'EUR/USD.IDEALPRO'}]",False,{}
100000.58,2.35,99998.23,USD,IDEALPRO-001,MARGIN,,"[{'type': 'MarginBalance', 'initial': '0.00', 'maintenance': '2.35', 'currency': 'USD', 'instrument_id': 'EUR/USD.IDEALPRO'}]",False,{}
100000.00,0.00,100000.00,EUR,IDEALPRO-001,MARGIN,,"[{'type': 'MarginBalance', 'initial': '0.00', 'maintenance': '2.35', 'currency': 'USD', 'instrument_id': 'EUR/USD.IDEALPRO'}]",False,{}
100000.62,0.00,100000.62,USD,IDEALPRO-001,MARGIN,,[],False,{}
100000.00,0.00,100000.00,EUR,IDEALPRO-001,MARGIN,,[],False,{}
100000.62,0.00,100000.62,USD,IDEALPRO-001,MARGIN,,[],False,{}
100000.00,0.00,100000.00,EUR,IDEALPRO-001,MARGIN,,[],False,{}
100000.62,0.00,100000.62,USD,IDEALPRO-001,MARGIN,,[],False,{}
100000.00,0.00,100000.00,EUR,IDEALPRO-001,MARGIN,,[],False,{}
100000.62,0.00,100000.62,USD,IDEALPRO-001,MARGIN,,[],False,{}
100000.00,0.00,100000.00,EUR,IDEALPRO-001,MARGIN,,[],False,{}
100000.62,0.00,100000.62,USD,IDEALPRO-001,MARGIN,,[],False,{}
100000.00,0.00,100000.00,EUR,IDEALPRO-001,MARGIN,,[],False,{}
100000.62,0.00,100000.62,USD,IDEALPRO-001,MARGIN,,[],False,{}
100000.00,0.00,100000.00,EUR,IDEALPRO-001,MARGIN,,[],False,{}
100000.62,2.35,99998.27,USD,IDEALPRO-001,MARGIN,,"[{'type': 'MarginBalance', 'initial': '0.00', 'maintenance': '2.35', 'currency': 'USD', 'instrument_id': 'EUR/USD.IDEALPRO'}]",False,{}
100000.00,0.00,100000.00,EUR,IDEALPRO-001,MARGIN,,"[{'type': 'MarginBalance', 'initial': '0.00', 'maintenance': '2.35', 'currency': 'USD', 'instrument_id': 'EUR/USD.IDEALPRO'}]",False,{}
100000.62,2.35,99998.27,USD,IDEALPRO-001,MARGIN,,"[{'type': 'MarginBalance', 'initial': '0.00', 'maintenance': '2.35', 'currency': 'USD', 'instrument_id': 'EUR/USD.IDEALPRO'}]",False,{}
100000.00,0.00,100000.00,EUR,IDEALPRO-001,MARGIN,,"[{'type': 'MarginBalance', 'initial': '0.00', 'maintenance': '2.35', 'currency': 'USD', 'instrument_id': 'EUR/USD.IDEALPRO'}]",False,{}
100000.62,2.35,99998.27,USD,IDEALPRO-001,MARGIN,,"[{'type': 'MarginBalance', 'initial': '0.00', 'maintenance': '2.35', 'currency': 'USD', 'instrument_id': 'EUR/USD.IDEALPRO'}]",False,{}
100000.00,0.00,100000.00,EUR,IDEALPRO-001,MARGIN,,"[{'type': 'MarginBalance', 'initial': '0.00', 'maintenance': '2.35', 'currency': 'USD', 'instrument_id': 'EUR/USD.IDEALPRO'}]",False,{}
100000.56,0.00,100000.56,USD,IDEALPRO-001,MARGIN,,[],False,{}
100000.00,0.00,100000.00,EUR,IDEALPRO-001,MARGIN,,[],False,{}
100000.56,0.00,100000.56,USD,IDEALPRO-001,MARGIN,,[],False,{}
100000.00,0.00,100000.00,EUR,IDEALPRO-001,MARGIN,,[],False,{}
100000.56,0.00,100000.56,USD,IDEALPRO-001,MARGIN,,[],False,{}
100000.00,0.00,100000.00,EUR,IDEALPRO-001,MARGIN,,[],False,{}
100000.56,0.00,100000.56,USD,IDEALPRO-001,MARGIN,,[],False,{}
100000.00,0.00,100000.00,EUR,IDEALPRO-001,MARGIN,,[],False,{}
100000.56,0.00,100000.56,USD,IDEALPRO-001,MARGIN,,[],False,{}
100000.00,0.00,100000.00,EUR,IDEALPRO-001,MARGIN,,[],False,{}
100000.56,2.35,99998.21,USD,IDEALPRO-001,MARGIN,,"[{'type': 'MarginBalance', 'initial': '0.00', 'maintenance': '2.35', 'currency': 'USD', 'instrument_id': 'EUR/USD.IDEALPRO'}]",False,{}
100000.00,0.00,100000.00,EUR,IDEALPRO-001,MARGIN,,"[{'type': 'MarginBalance', 'initial': '0.00', 'maintenance': '2.35', 'currency': 'USD', 'instrument_id': 'EUR/USD.IDEALPRO'}]",False,{}
100000.56,2.35,99998.21,USD,IDEALPRO-001,MARGIN,,"[{'type': 'MarginBalance', 'initial': '0.00', 'maintenance': '2.35', 'currency': 'USD', 'instrument_id': 'EUR/USD.IDEALPRO'}]",False,{}
100000.00,0.00,100000.00,EUR,IDEALPRO-001,MARGIN,,"[{'type': 'MarginBalance', 'initial': '0.00', 'maintenance': '2.35', 'currency': 'USD', 'instrument_id': 'EUR/USD.IDEALPRO'}]",False,{}
100000.56,2.35,99998.21,USD,IDEALPRO-001,MARGIN,,"[{'type': 'MarginBalance', 'initial': '0.00', 'maintenance': '2.35', 'currency': 'USD', 'instrument_id': 'EUR/USD.IDEALPRO'}]",False,{}
100000.00,0.00,100000.00,EUR,IDEALPRO-001,MARGIN,,"[{'type': 'MarginBalance', 'initial': '0.00', 'maintenance': '2.35', 'currency': 'USD', 'instrument_id': 'EUR/USD.IDEALPRO'}]",False,{}
100000.56,2.35,99998.21,USD,IDEALPRO-001,MARGIN,,"[{'type': 'MarginBalance', 'initial': '0.00', 'maintenance': '2.35', 'currency': 'USD', 'instrument_id': 'EUR/USD.IDEALPRO'}]",False,{}
100000.00,0.00,100000.00,EUR,IDEALPRO-001,MARGIN,,"[{'type': 'MarginBalance', 'initial': '0.00', 'maintenance': '2.35', 'currency': 'USD', 'instrument_id': 'EUR/USD.IDEALPRO'}]",False,{}
100000.60,0.00,100000.60,USD,IDEALPRO-001,MARGIN,,[],False,{}
100000.00,0.00,100000.00,EUR,IDEALPRO-001,MARGIN,,[],False,{}
100000.60,0.00,100000.60,USD,IDEALPRO-001,MARGIN,,[],False,{}
100000.00,0.00,100000.00,EUR,IDEALPRO-001,MARGIN,,[],False,{}
100000.60,0.00,100000.60,USD,IDEALPRO-001,MARGIN,,[],False,{}
100000.00,0.00,100000.00,EUR,IDEALPRO-001,MARGIN,,[],False,{}
100000.60,0.00,100000.60,USD,IDEALPRO-001,MARGIN,,[],False,{}
100000.00,0.00,100000.00,EUR,IDEALPRO-001,MARGIN,,[],False,{}
100000.60,0.00,100000.60,USD,IDEALPRO-001,MARGIN,,[],False,{}
100000.00,0.00,100000.00,EUR,IDEALPRO-001,MARGIN,,[],False,{}
100000.60,0.00,100000.60,USD,IDEALPRO-001,MARGIN,,[],False,{}
100000.00,0.00,100000.00,EUR,IDEALPRO-001,MARGIN,,[],False,{}
100000.60,2.35,99998.25,USD,IDEALPRO-001,MARGIN,,"[{'type': 'MarginBalance', 'initial': '0.00', 'maintenance': '2.35', 'currency': 'USD', 'instrument_id': 'EUR/USD.IDEALPRO'}]",False,{}
100000.00,0.00,100000.00,EUR,IDEALPRO-001,MARGIN,,"[{'type': 'MarginBalance', 'initial': '0.00', 'maintenance': '2.35', 'currency': 'USD', 'instrument_id': 'EUR/USD.IDEALPRO'}]",False,{}
100000.60,2.35,99998.25,USD,IDEALPRO-001,MARGIN,,"[{'type': 'MarginBalance', 'initial': '0.00', 'maintenance': '2.35', 'currency': 'USD', 'instrument_id': 'EUR/USD.IDEALPRO'}]",False,{}
100000.00,0.00,100000.00,EUR,IDEALPRO-001,MARGIN,,"[{'type': 'MarginBalance', 'initial': '0.00', 'maintenance': '2.35', 'currency': 'USD', 'instrument_id': 'EUR/USD.IDEALPRO'}]",False,{}
100000.60,2.35,99998.25,USD,IDEALPRO-001,MARGIN,,"[{'type': 'MarginBalance', 'initial': '0.00', 'maintenance': '2.35', 'currency': 'USD', 'instrument_id': 'EUR/USD.IDEALPRO'}]",False,{}
100000.00,0.00,100000.00,EUR,IDEALPRO-001,MARGIN,,"[{'type': 'MarginBalance', 'initial': '0.00', 'maintenance': '2.35', 'currency': 'USD', 'instrument_id': 'EUR/USD.IDEALPRO'}]",False,{}
100000.60,2.35,99998.25,USD,IDEALPRO-001,MARGIN,,"[{'type': 'MarginBalance', 'initial': '0.00', 'maintenance': '2.35', 'currency': 'USD', 'instrument_id': 'EUR/USD.IDEALPRO'}]",False,{}
100000.00,0.00,100000.00,EUR,IDEALPRO-001,MARGIN,,"[{'type': 'MarginBalance', 'initial': '0.00', 'maintenance': '2.35', 'currency': 'USD', 'instrument_id': 'EUR/USD.IDEALPRO'}]",False,{}
100000.57,0.00,100000.57,USD,IDEALPRO-001,MARGIN,,[],False,{}
100000.00,0.00,100000.00,EUR,IDEALPRO-001,MARGIN,,[],False,{}
100000.57,0.00,100000.57,USD,IDEALPRO-001,MARGIN,,[],False,{}
100000.00,0.00,100000.00,EUR,IDEALPRO-001,MARGIN,,[],False,{}
100000.57,0.00,100000.57,USD,IDEALPRO-001,MARGIN,,[],False,{}
100000.00,0.00,100000.00,EUR,IDEALPRO-001,MARGIN,,[],False,{}
100000.57,0.00,100000.57,USD,IDEALPRO-001,MARGIN,,[],False,{}
100000.00,0.00,100000.00,EUR,IDEALPRO-001,MARGIN,,[],False,{}
100000.57,0.00,100000.57,USD,IDEALPRO-001,MARGIN,,[],False,{}
100000.00,0.00,100000.00,EUR,IDEALPRO-001,MARGIN,,[],False,{}
100000.57,0.00,100000.57,USD,IDEALPRO-001,MARGIN,,[],False,{}
100000.00,0.00,100000.00,EUR,IDEALPRO-001,MARGIN,,[],False,{}
100000.57,2.35,99998.22,USD,IDEALPRO-001,MARGIN,,"[{'type': 'MarginBalance', 'initial': '0.00', 'maintenance': '2.35', 'currency': 'USD', 'instrument_id': 'EUR/USD.IDEALPRO'}]",False,{}
100000.00,0.00,100000.00,EUR,IDEALPRO-001,MARGIN,,"[{'type': 'MarginBalance', 'initial': '0.00', 'maintenance': '2.35', 'currency': 'USD', 'instrument_id': 'EUR/USD.IDEALPRO'}]",False,{}
100000.57,2.35,99998.22,USD,IDEALPRO-001,MARGIN,,"[{'type': 'MarginBalance', 'initial': '0.00', 'maintenance': '2.35', 'currency': 'USD', 'instrument_id': 'EUR/USD.IDEALPRO'}]",False,{}
100000.00,0.00,100000.00,EUR,IDEALPRO-001,MARGIN,,"[{'type': 'MarginBalance', 'initial': '0.00', 'maintenance': '2.35', 'currency': 'USD', 'instrument_id': 'EUR/USD.IDEALPRO'}]",False,{}
100000.57,2.35,99998.22,USD,IDEALPRO-001,MARGIN,,"[{'type': 'MarginBalance', 'initial': '0.00', 'maintenance': '2.35', 'currency': 'USD', 'instrument_id': 'EUR/USD.IDEALPRO'}]",False,{}
100000.00,0.00,100000.00,EUR,IDEALPRO-001,MARGIN,,"[{'type': 'MarginBalance', 'initial': '0.00', 'maintenance': '2.35', 'currency': 'USD', 'instrument_id': 'EUR/USD.IDEALPRO'}]",False,{}
100000.57,2.35,99998.22,USD,IDEALPRO-001,MARGIN,,"[{'type': 'MarginBalance', 'initial': '0.00', 'maintenance': '2.35', 'currency': 'USD', 'instrument_id': 'EUR/USD.IDEALPRO'}]",False,{}
100000.00,0.00,100000.00,EUR,IDEALPRO-001,MARGIN,,"[{'type': 'MarginBalance', 'initial': '0.00', 'maintenance': '2.35', 'currency': 'USD', 'instrument_id': 'EUR/USD.IDEALPRO'}]",False,{}
100000.55,0.00,100000.55,USD,IDEALPRO-001,MARGIN,,[],False,{}
100000.00,0.00,100000.00,EUR,IDEALPRO-001,MARGIN,,[],False,{}
100000.55,0.00,100000.55,USD,IDEALPRO-001,MARGIN,,[],False,{}
100000.00,0.00,100000.00,EUR,IDEALPRO-001,MARGIN,,[],False,{}
100000.55,0.00,100000.55,USD,IDEALPRO-001,MARGIN,,[],False,{}
100000.00,0.00,100000.00,EUR,IDEALPRO-001,MARGIN,,[],False,{}
100000.55,0.00,100000.55,USD,IDEALPRO-001,MARGIN,,[],False,{}
100000.00,0.00,100000.00,EUR,IDEALPRO-001,MARGIN,,[],False,{}
100000.55,0.00,100000.55,USD,IDEALPRO-001,MARGIN,,[],False,{}
100000.00,0.00,100000.00,EUR,IDEALPRO-001,MARGIN,,[],False,{}
100000.55,0.00,100000.55,USD,IDEALPRO-001,MARGIN,,[],False,{}
100000.00,0.00,100000.00,EUR,IDEALPRO-001,MARGIN,,[],False,{}
100000.55,2.35,99998.20,USD,IDEALPRO-001,MARGIN,,"[{'type': 'MarginBalance', 'initial': '0.00', 'maintenance': '2.35', 'currency': 'USD', 'instrument_id': 'EUR/USD.IDEALPRO'}]",False,{}
100000.00,0.00,100000.00,EUR,IDEALPRO-001,MARGIN,,"[{'type': 'MarginBalance', 'initial': '0.00', 'maintenance': '2.35', 'currency': 'USD', 'instrument_id': 'EUR/USD.IDEALPRO'}]",False,{}
100000.55,2.35,99998.20,USD,IDEALPRO-001,MARGIN,,"[{'type': 'MarginBalance', 'initial': '0.00', 'maintenance': '2.35', 'currency': 'USD', 'instrument_id': 'EUR/USD.IDEALPRO'}]",False,{}
100000.00,0.00,100000.00,EUR,IDEALPRO-001,MARGIN,,"[{'type': 'MarginBalance', 'initial': '0.00', 'maintenance': '2.35', 'currency': 'USD', 'instrument_id': 'EUR/USD.IDEALPRO'}]",False,{}
100000.55,2.35,99998.20,USD,IDEALPRO-001,MARGIN,,"[{'type': 'MarginBalance', 'initial': '0.00', 'maintenance': '2.35', 'currency': 'USD', 'instrument_id': 'EUR/USD.IDEALPRO'}]",False,{}
100000.00,0.00,100000.00,EUR,IDEALPRO-001,MARGIN,,"[{'type': 'MarginBalance', 'initial': '0.00', 'maintenance': '2.35', 'currency': 'USD', 'instrument_id': 'EUR/USD.IDEALPRO'}]",False,{}
100000.55,2.35,99998.20,USD,IDEALPRO-001,MARGIN,,"[{'type': 'MarginBalance', 'initial': '0.00', 'maintenance': '2.35', 'currency': 'USD', 'instrument_id': 'EUR/USD.IDEALPRO'}]",False,{}
100000.00,0.00,100000.00,EUR,IDEALPRO-001,MARGIN,,"[{'type': 'MarginBalance', 'initial': '0.00', 'maintenance': '2.35', 'currency': 'USD', 'instrument_id': 'EUR/USD.IDEALPRO'}]",False,{}
100000.51,0.00,100000.51,USD,IDEALPRO-001,MARGIN,,[],False,{}
100000.00,0.00,100000.00,EUR,IDEALPRO-001,MARGIN,,[],False,{}
100000.51,0.00,100000.51,USD,IDEALPRO-001,MARGIN,,[],False,{}
100000.00,0.00,100000.00,EUR,IDEALPRO-001,MARGIN,,[],False,{}
100000.51,0.00,100000.51,USD,IDEALPRO-001,MARGIN,,[],False,{}
100000.00,0.00,100000.00,EUR,IDEALPRO-001,MARGIN,,[],False,{}
100000.51,0.00,100000.51,USD,IDEALPRO-001,MARGIN,,[],False,{}
100000.00,0.00,100000.00,EUR,IDEALPRO-001,MARGIN,,[],False,{}
100000.51,0.00,100000.51,USD,IDEALPRO-001,MARGIN,,[],False,{}
100000.00,0.00,100000.00,EUR,IDEALPRO-001,MARGIN,,[],False,{}
100000.51,0.00,100000.51,USD,IDEALPRO-001,MARGIN,,[],False,{}
100000.00,0.00,100000.00,EUR,IDEALPRO-001,MARGIN,,[],False,{}
100000.51,2.35,99998.16,USD,IDEALPRO-001,MARGIN,,"[{'type': 'MarginBalance', 'initial': '0.00', 'maintenance': '2.35', 'currency': 'USD', 'instrument_id': 'EUR/USD.IDEALPRO'}]",False,{}
100000.00,0.00,100000.00,EUR,IDEALPRO-001,MARGIN,,"[{'type': 'MarginBalance', 'initial': '0.00', 'maintenance': '2.35', 'currency': 'USD', 'instrument_id': 'EUR/USD.IDEALPRO'}]",False,{}
100000.51,2.35,99998.16,USD,IDEALPRO-001,MARGIN,,"[{'type': 'MarginBalance', 'initial': '0.00', 'maintenance': '2.35', 'currency': 'USD', 'instrument_id': 'EUR/USD.IDEALPRO'}]",False,{}
100000.00,0.00,100000.00,EUR,IDEALPRO-001,MARGIN,,"[{'type': 'MarginBalance', 'initial': '0.00', 'maintenance': '2.35', 'currency': 'USD', 'instrument_id': 'EUR/USD.IDEALPRO'}]",False,{}
100000.51,2.35,99998.16,USD,IDEALPRO-001,MARGIN,,"[{'type': 'MarginBalance', 'initial': '0.00', 'maintenance': '2.35', 'currency': 'USD', 'instrument_id': 'EUR/USD.IDEALPRO'}]",False,{}
100000.00,0.00,100000.00,EUR,IDEALPRO-001,MARGIN,,"[{'type': 'MarginBalance', 'initial': '0.00', 'maintenance': '2.35', 'currency': 'USD', 'instrument_id': 'EUR/USD.IDEALPRO'}]",False,{}
100000.45,0.00,100000.45,USD,IDEALPRO-001,MARGIN,,[],False,{}
100000.00,0.00,100000.00,EUR,IDEALPRO-001,MARGIN,,[],False,{}
100000.45,0.00,100000.45,USD,IDEALPRO-001,MARGIN,,[],False,{}
100000.00,0.00,100000.00,EUR,IDEALPRO-001,MARGIN,,[],False,{}
100000.45,0.00,100000.45,USD,IDEALPRO-001,MARGIN,,[],False,{}
100000.00,0.00,100000.00,EUR,IDEALPRO-001,MARGIN,,[],False,{}
100000.45,0.00,100000.45,USD,IDEALPRO-001,MARGIN,,[],False,{}
100000.00,0.00,100000.00,EUR,IDEALPRO-001,MARGIN,,[],False,{}
100000.45,0.00,100000.45,USD,IDEALPRO-001,MARGIN,,[],False,{}
100000.00,0.00,100000.00,EUR,IDEALPRO-001,MARGIN,,[],False,{}
100000.45,2.35,99998.10,USD,IDEALPRO-001,MARGIN,,"[{'type': 'MarginBalance', 'initial': '0.00', 'maintenance': '2.35', 'currency': 'USD', 'instrument_id': 'EUR/USD.IDEALPRO'}]",False,{}
100000.00,0.00,100000.00,EUR,IDEALPRO-001,MARGIN,,"[{'type': 'MarginBalance', 'initial': '0.00', 'maintenance': '2.35', 'currency': 'USD', 'instrument_id': 'EUR/USD.IDEALPRO'}]",False,{}
100000.45,2.35,99998.10,USD,IDEALPRO-001,MARGIN,,"[{'type': 'MarginBalance', 'initial': '0.00', 'maintenance': '2.35', 'currency': 'USD', 'instrument_id': 'EUR/USD.IDEALPRO'}]",False,{}
100000.00,0.00,100000.00,EUR,IDEALPRO-001,MARGIN,,"[{'type': 'MarginBalance', 'initial': '0.00', 'maintenance': '2.35', 'currency': 'USD', 'instrument_id': 'EUR/USD.IDEALPRO'}]",False,{}
100000.45,2.35,99998.10,USD,IDEALPRO-001,MARGIN,,"[{'type': 'MarginBalance', 'initial': '0.00', 'maintenance': '2.35', 'currency': 'USD', 'instrument_id': 'EUR/USD.IDEALPRO'}]",False,{}
100000.00,0.00,100000.00,EUR,IDEALPRO-001,MARGIN,,"[{'type': 'MarginBalance', 'initial': '0.00', 'maintenance': '2.35', 'currency': 'USD', 'instrument_id': 'EUR/USD.IDEALPRO'}]",False,{}
100000.45,2.35,99998.10,USD,IDEALPRO-001,MARGIN,,"[{'type': 'MarginBalance', 'initial': '0.00', 'maintenance': '2.35', 'currency': 'USD', 'instrument_id': 'EUR/USD.IDEALPRO'}]",False,{}
100000.00,0.00,100000.00,EUR,IDEALPRO-001,MARGIN,,"[{'type': 'MarginBalance', 'initial': '0.00', 'maintenance': '2.35', 'currency': 'USD', 'instrument_id': 'EUR/USD.IDEALPRO'}]",False,{}
100000.56,0.00,100000.56,USD,IDEALPRO-001,MARGIN,,[],False,{}
100000.00,0.00,100000.00,EUR,IDEALPRO-001,MARGIN,,[],False,{}
100000.56,0.00,100000.56,USD,IDEALPRO-001,MARGIN,,[],False,{}
100000.00,0.00,100000.00,EUR,IDEALPRO-001,MARGIN,,[],False,{}
100000.56,0.00,100000.56,USD,IDEALPRO-001,MARGIN,,[],False,{}
100000.00,0.00,100000.00,EUR,IDEALPRO-001,MARGIN,,[],False,{}
100000.56,0.00,100000.56,USD,IDEALPRO-001,MARGIN,,[],False,{}
100000.00,0.00,100000.00,EUR,IDEALPRO-001,MARGIN,,[],False,{}
100000.56,0.00,100000.56,USD,IDEALPRO-001,MARGIN,,[],False,{}
100000.00,0.00,100000.00,EUR,IDEALPRO-001,MARGIN,,[],False,{}
100000.56,0.00,100000.56,USD,IDEALPRO-001,MARGIN,,[],False,{}
100000.00,0.00,100000.00,EUR,IDEALPRO-001,MARGIN,,[],False,{}
100000.56,2.35,99998.21,USD,IDEALPRO-001,MARGIN,,"[{'type': 'MarginBalance', 'initial': '0.00', 'maintenance': '2.35', 'currency': 'USD', 'instrument_id': 'EUR/USD.IDEALPRO'}]",False,{}
100000.00,0.00,100000.00,EUR,IDEALPRO-001,MARGIN,,"[{'type': 'MarginBalance', 'initial': '0.00', 'maintenance': '2.35', 'currency': 'USD', 'instrument_id': 'EUR/USD.IDEALPRO'}]",False,{}
100000.56,2.35,99998.21,USD,IDEALPRO-001,MARGIN,,"[{'type': 'MarginBalance', 'initial': '0.00', 'maintenance': '2.35', 'currency': 'USD', 'instrument_id': 'EUR/USD.IDEALPRO'}]",False,{}
100000.00,0.00,100000.00,EUR,IDEALPRO-001,MARGIN,,"[{'type': 'MarginBalance', 'initial': '0.00', 'maintenance': '2.35', 'currency': 'USD', 'instrument_id': 'EUR/USD.IDEALPRO'}]",False,{}
100000.56,2.35,99998.21,USD,IDEALPRO-001,MARGIN,,"[{'type': 'MarginBalance', 'initial': '0.00', 'maintenance': '2.35', 'currency': 'USD', 'instrument_id': 'EUR/USD.IDEALPRO'}]",False,{}
100000.00,0.00,100000.00,EUR,IDEALPRO-001,MARGIN,,"[{'type': 'MarginBalance', 'initial': '0.00', 'maintenance': '2.35', 'currency': 'USD', 'instrument_id': 'EUR/USD.IDEALPRO'}]",False,{}
100000.56,2.35,99998.21,USD,IDEALPRO-001,MARGIN,,"[{'type': 'MarginBalance', 'initial': '0.00', 'maintenance': '2.35', 'currency': 'USD', 'instrument_id': 'EUR/USD.IDEALPRO'}]",False,{}
100000.00,0.00,100000.00,EUR,IDEALPRO-001,MARGIN,,"[{'type': 'MarginBalance', 'initial': '0.00', 'maintenance': '2.35', 'currency': 'USD', 'instrument_id': 'EUR/USD.IDEALPRO'}]",False,{}
100000.53,0.00,100000.53,USD,IDEALPRO-001,MARGIN,,[],False,{}
100000.00,0.00,100000.00,EUR,IDEALPRO-001,MARGIN,,[],False,{}
100000.53,0.00,100000.53,USD,IDEALPRO-001,MARGIN,,[],False,{}
100000.00,0.00,100000.00,EUR,IDEALPRO-001,MARGIN,,[],False,{}
100000.53,0.00,100000.53,USD,IDEALPRO-001,MARGIN,,[],False,{}
100000.00,0.00,100000.00,EUR,IDEALPRO-001,MARGIN,,[],False,{}
100000.53,0.00,100000.53,USD,IDEALPRO-001,MARGIN,,[],False,{}
100000.00,0.00,100000.00,EUR,IDEALPRO-001,MARGIN,,[],False,{}
100000.53,0.00,100000.53,USD,IDEALPRO-001,MARGIN,,[],False,{}
100000.00,0.00,100000.00,EUR,IDEALPRO-001,MARGIN,,[],False,{}
100000.53,0.00,100000.53,USD,IDEALPRO-001,MARGIN,,[],False,{}
100000.00,0.00,100000.00,EUR,IDEALPRO-001,MARGIN,,[],False,{}
100000.53,2.35,99998.18,USD,IDEALPRO-001,MARGIN,,"[{'type': 'MarginBalance', 'initial': '0.00', 'maintenance': '2.35', 'currency': 'USD', 'instrument_id': 'EUR/USD.IDEALPRO'}]",False,{}
100000.00,0.00,100000.00,EUR,IDEALPRO-001,MARGIN,,"[{'type': 'MarginBalance', 'initial': '0.00', 'maintenance': '2.35', 'currency': 'USD', 'instrument_id': 'EUR/USD.IDEALPRO'}]",False,{}
100000.53,2.35,99998.18,USD,IDEALPRO-001,MARGIN,,"[{'type': 'MarginBalance', 'initial': '0.00', 'maintenance': '2.35', 'currency': 'USD', 'instrument_id': 'EUR/USD.IDEALPRO'}]",False,{}
100000.00,0.00,100000.00,EUR,IDEALPRO-001,MARGIN,,"[{'type': 'MarginBalance', 'initial': '0.00', 'maintenance': '2.35', 'currency': 'USD', 'instrument_id': 'EUR/USD.IDEALPRO'}]",False,{}
100000.53,2.35,99998.18,USD,IDEALPRO-001,MARGIN,,"[{'type': 'MarginBalance', 'initial': '0.00', 'maintenance': '2.35', 'currency': 'USD', 'instrument_id': 'EUR/USD.IDEALPRO'}]",False,{}
100000.00,0.00,100000.00,EUR,IDEALPRO-001,MARGIN,,"[{'type': 'MarginBalance', 'initial': '0.00', 'maintenance': '2.35', 'currency': 'USD', 'instrument_id': 'EUR/USD.IDEALPRO'}]",False,{}
100000.53,2.35,99998.18,USD,IDEALPRO-001,MARGIN,,"[{'type': 'MarginBalance', 'initial': '0.00', 'maintenance': '2.35', 'currency': 'USD', 'instrument_id': 'EUR/USD.IDEALPRO'}]",False,{}
100000.00,0.00,100000.00,EUR,IDEALPRO-001,MARGIN,,"[{'type': 'MarginBalance', 'initial': '0.00', 'maintenance': '2.35', 'currency': 'USD', 'instrument_id': 'EUR/USD.IDEALPRO'}]",False,{}
100000.50,0.00,100000.50,USD,IDEALPRO-001,MARGIN,,[],False,{}
100000.00,0.00,100000.00,EUR,IDEALPRO-001,MARGIN,,[],False,{}
100000.50,0.00,100000.50,USD,IDEALPRO-001,MARGIN,,[],False,{}
100000.00,0.00,100000.00,EUR,IDEALPRO-001,MARGIN,,[],False,{}
100000.50,0.00,100000.50,USD,IDEALPRO-001,MARGIN,,[],False,{}
100000.00,0.00,100000.00,EUR,IDEALPRO-001,MARGIN,,[],False,{}
100000.50,0.00,100000.50,USD,IDEALPRO-001,MARGIN,,[],False,{}
100000.00,0.00,100000.00,EUR,IDEALPRO-001,MARGIN,,[],False,{}
100000.50,0.00,100000.50,USD,IDEALPRO-001,MARGIN,,[],False,{}
100000.00,0.00,100000.00,EUR,IDEALPRO-001,MARGIN,,[],False,{}
100000.50,0.00,100000.50,USD,IDEALPRO-001,MARGIN,,[],False,{}
100000.00,0.00,100000.00,EUR,IDEALPRO-001,MARGIN,,[],False,{}
100000.50,2.35,99998.15,USD,IDEALPRO-001,MARGIN,,"[{'type': 'MarginBalance', 'initial': '0.00', 'maintenance': '2.35', 'currency': 'USD', 'instrument_id': 'EUR/USD.IDEALPRO'}]",False,{}
100000.00,0.00,100000.00,EUR,IDEALPRO-001,MARGIN,,"[{'type': 'MarginBalance', 'initial': '0.00', 'maintenance': '2.35', 'currency': 'USD', 'instrument_id': 'EUR/USD.IDEALPRO'}]",False,{}
100000.50,2.35,99998.15,USD,IDEALPRO-001,MARGIN,,"[{'type': 'MarginBalance', 'initial': '0.00', 'maintenance': '2.35', 'currency': 'USD', 'instrument_id': 'EUR/USD.IDEALPRO'}]",False,{}
100000.00,0.00,100000.00,EUR,IDEALPRO-001,MARGIN,,"[{'type': 'MarginBalance', 'initial': '0.00', 'maintenance': '2.35', 'currency': 'USD', 'instrument_id': 'EUR/USD.IDEALPRO'}]",False,{}
100000.50,2.35,99998.15,USD,IDEALPRO-001,MARGIN,,"[{'type': 'MarginBalance', 'initial': '0.00', 'maintenance': '2.35', 'currency': 'USD', 'instrument_id': 'EUR/USD.IDEALPRO'}]",False,{}
100000.00,0.00,100000.00,EUR,IDEALPRO-001,MARGIN,,"[{'type': 'MarginBalance', 'initial': '0.00', 'maintenance': '2.35', 'currency': 'USD', 'instrument_id': 'EUR/USD.IDEALPRO'}]",False,{}
100000.50,2.35,99998.15,USD,IDEALPRO-001,MARGIN,,"[{'type': 'MarginBalance', 'initial': '0.00', 'maintenance': '2.35', 'currency': 'USD', 'instrument_id': 'EUR/USD.IDEALPRO'}]",False,{}
100000.00,0.00,100000.00,EUR,IDEALPRO-001,MARGIN,,"[{'type': 'MarginBalance', 'initial': '0.00', 'maintenance': '2.35', 'currency': 'USD', 'instrument_id': 'EUR/USD.IDEALPRO'}]",False,{}
100000.44,0.00,100000.44,USD,IDEALPRO-001,MARGIN,,[],False,{}
100000.00,0.00,100000.00,EUR,IDEALPRO-001,MARGIN,,[],False,{}
100000.44,0.00,100000.44,USD,IDEALPRO-001,MARGIN,,[],False,{}
100000.00,0.00,100000.00,EUR,IDEALPRO-001,MARGIN,,[],False,{}
100000.44,0.00,100000.44,USD,IDEALPRO-001,MARGIN,,[],False,{}
100000.00,0.00,100000.00,EUR,IDEALPRO-001,MARGIN,,[],False,{}
100000.44,0.00,100000.44,USD,IDEALPRO-001,MARGIN,,[],False,{}
100000.00,0.00,100000.00,EUR,IDEALPRO-001,MARGIN,,[],False,{}
100000.44,0.00,100000.44,USD,IDEALPRO-001,MARGIN,,[],False,{}
100000.00,0.00,100000.00,EUR,IDEALPRO-001,MARGIN,,[],False,{}
100000.44,0.00,100000.44,USD,IDEALPRO-001,MARGIN,,[],False,{}
100000.00,0.00,100000.00,EUR,IDEALPRO-001,MARGIN,,[],False,{}
100000.44,2.35,99998.09,USD,IDEALPRO-001,MARGIN,,"[{'type': 'MarginBalance', 'initial': '0.00', 'maintenance': '2.35', 'currency': 'USD', 'instrument_id': 'EUR/USD.IDEALPRO'}]",False,{}
100000.00,0.00,100000.00,EUR,IDEALPRO-001,MARGIN,,"[{'type': 'MarginBalance', 'initial': '0.00', 'maintenance': '2.35', 'currency': 'USD', 'instrument_id': 'EUR/USD.IDEALPRO'}]",False,{}
100000.44,2.35,99998.09,USD,IDEALPRO-001,MARGIN,,"[{'type': 'MarginBalance', 'initial': '0.00', 'maintenance': '2.35', 'currency': 'USD', 'instrument_id': 'EUR/USD.IDEALPRO'}]",False,{}
100000.00,0.00,100000.00,EUR,IDEALPRO-001,MARGIN,,"[{'type': 'MarginBalance', 'initial': '0.00', 'maintenance': '2.35', 'currency': 'USD', 'instrument_id': 'EUR/USD.IDEALPRO'}]",False,{}
100000.44,2.35,99998.09,USD,IDEALPRO-001,MARGIN,,"[{'type': 'MarginBalance', 'initial': '0.00', 'maintenance': '2.35', 'currency': 'USD', 'instrument_id': 'EUR/USD.IDEALPRO'}]",False,{}
100000.00,0.00,100000.00,EUR,IDEALPRO-001,MARGIN,,"[{'type': 'MarginBalance', 'initial': '0.00', 'maintenance': '2.35', 'currency': 'USD', 'instrument_id': 'EUR/USD.IDEALPRO'}]",False,{}
100000.44,2.35,99998.09,USD,IDEALPRO-001,MARGIN,,"[{'type': 'MarginBalance', 'initial': '0.00', 'maintenance': '2.35', 'currency': 'USD', 'instrument_id': 'EUR/USD.IDEALPRO'}]",False,{}
100000.00,0.00,100000.00,EUR,IDEALPRO-001,MARGIN,,"[{'type': 'MarginBalance', 'initial': '0.00', 'maintenance': '2.35', 'currency': 'USD', 'instrument_id': 'EUR/USD.IDEALPRO'}]",False,{}
100000.42,0.00,100000.42,USD,IDEALPRO-001,MARGIN,,[],False,{}
100000.00,0.00,100000.00,EUR,IDEALPRO-001,MARGIN,,[],False,{}
100000.42,0.00,100000.42,USD,IDEALPRO-001,MARGIN,,[],False,{}
100000.00,0.00,100000.00,EUR,IDEALPRO-001,MARGIN,,[],False,{}
100000.42,0.00,100000.42,USD,IDEALPRO-001,MARGIN,,[],False,{}
100000.00,0.00,100000.00,EUR,IDEALPRO-001,MARGIN,,[],False,{}
100000.42,0.00,100000.42,USD,IDEALPRO-001,MARGIN,,[],False,{}
100000.00,0.00,100000.00,EUR,IDEALPRO-001,MARGIN,,[],False,{}
100000.42,0.00,100000.42,USD,IDEALPRO-001,MARGIN,,[],False,{}
100000.00,0.00,100000.00,EUR,IDEALPRO-001,MARGIN,,[],False,{}
100000.42,0.00,100000.42,USD,IDEALPRO-001,MARGIN,,[],False,{}
100000.00,0.00,100000.00,EUR,IDEALPRO-001,MARGIN,,[],False,{}
100000.42,2.35,99998.07,USD,IDEALPRO-001,MARGIN,,"[{'type': 'MarginBalance', 'initial': '0.00', 'maintenance': '2.35', 'currency': 'USD', 'instrument_id': 'EUR/USD.IDEALPRO'}]",False,{}
100000.00,0.00,100000.00,EUR,IDEALPRO-001,MARGIN,,"[{'type': 'MarginBalance', 'initial': '0.00', 'maintenance': '2.35', 'currency': 'USD', 'instrument_id': 'EUR/USD.IDEALPRO'}]",False,{}
100000.42,2.35,99998.07,USD,IDEALPRO-001,MARGIN,,"[{'type': 'MarginBalance', 'initial': '0.00', 'maintenance': '2.35', 'currency': 'USD', 'instrument_id': 'EUR/USD.IDEALPRO'}]",False,{}
100000.00,0.00,100000.00,EUR,IDEALPRO-001,MARGIN,,"[{'type': 'MarginBalance', 'initial': '0.00', 'maintenance': '2.35', 'currency': 'USD', 'instrument_id': 'EUR/USD.IDEALPRO'}]",False,{}
100000.42,2.35,99998.07,USD,IDEALPRO-001,MARGIN,,"[{'type': 'MarginBalance', 'initial': '0.00', 'maintenance': '2.35', 'currency': 'USD', 'instrument_id': 'EUR/USD.IDEALPRO'}]",False,{}
100000.00,0.00,100000.00,EUR,IDEALPRO-001,MARGIN,,"[{'type': 'MarginBalance', 'initial': '0.00', 'maintenance': '2.35', 'currency': 'USD', 'instrument_id': 'EUR/USD.IDEALPRO'}]",False,{}
100000.36,0.00,100000.36,USD,IDEALPRO-001,MARGIN,,[],False,{}
100000.00,0.00,100000.00,EUR,IDEALPRO-001,MARGIN,,[],False,{}
100000.36,0.00,100000.36,USD,IDEALPRO-001,MARGIN,,[],False,{}
100000.00,0.00,100000.00,EUR,IDEALPRO-001,MARGIN,,[],False,{}
100000.36,0.00,100000.36,USD,IDEALPRO-001,MARGIN,,[],False,{}
100000.00,0.00,100000.00,EUR,IDEALPRO-001,MARGIN,,[],False,{}
100000.36,0.00,100000.36,USD,IDEALPRO-001,MARGIN,,[],False,{}
100000.00,0.00,100000.00,EUR,IDEALPRO-001,MARGIN,,[],False,{}
100000.36,0.00,100000.36,USD,IDEALPRO-001,MARGIN,,[],False,{}
100000.00,0.00,100000.00,EUR,IDEALPRO-001,MARGIN,,[],False,{}
100000.36,2.35,99998.01,USD,IDEALPRO-001,MARGIN,,"[{'type': 'MarginBalance', 'initial': '0.00', 'maintenance': '2.35', 'currency': 'USD', 'instrument_id': 'EUR/USD.IDEALPRO'}]",False,{}
100000.00,0.00,100000.00,EUR,IDEALPRO-001,MARGIN,,"[{'type': 'MarginBalance', 'initial': '0.00', 'maintenance': '2.35', 'currency': 'USD', 'instrument_id': 'EUR/USD.IDEALPRO'}]",False,{}
100000.36,2.35,99998.01,USD,IDEALPRO-001,MARGIN,,"[{'type': 'MarginBalance', 'initial': '0.00', 'maintenance': '2.35', 'currency': 'USD', 'instrument_id': 'EUR/USD.IDEALPRO'}]",False,{}
100000.00,0.00,100000.00,EUR,IDEALPRO-001,MARGIN,,"[{'type': 'MarginBalance', 'initial': '0.00', 'maintenance': '2.35', 'currency': 'USD', 'instrument_id': 'EUR/USD.IDEALPRO'}]",False,{}
100000.36,2.35,99998.01,USD,IDEALPRO-001,MARGIN,,"[{'type': 'MarginBalance', 'initial': '0.00', 'maintenance': '2.35', 'currency': 'USD', 'instrument_id': 'EUR/USD.IDEALPRO'}]",False,{}
100000.00,0.00,100000.00,EUR,IDEALPRO-001,MARGIN,,"[{'type': 'MarginBalance', 'initial': '0.00', 'maintenance': '2.35', 'currency': 'USD', 'instrument_id': 'EUR/USD.IDEALPRO'}]",False,{}
100000.36,2.35,99998.01,USD,IDEALPRO-001,MARGIN,,"[{'type': 'MarginBalance', 'initial': '0.00', 'maintenance': '2.35', 'currency': 'USD', 'instrument_id': 'EUR/USD.IDEALPRO'}]",False,{}
100000.00,0.00,100000.00,EUR,IDEALPRO-001,MARGIN,,"[{'type': 'MarginBalance', 'initial': '0.00', 'maintenance': '2.35', 'currency': 'USD', 'instrument_id': 'EUR/USD.IDEALPRO'}]",False,{}
100000.36,0.00,100000.36,USD,IDEALPRO-001,MARGIN,,[],False,{}
100000.00,0.00,100000.00,EUR,IDEALPRO-001,MARGIN,,[],False,{}
100000.36,0.00,100000.36,USD,IDEALPRO-001,MARGIN,,[],False,{}
100000.00,0.00,100000.00,EUR,IDEALPRO-001,MARGIN,,[],False,{}
100000.36,0.00,100000.36,USD,IDEALPRO-001,MARGIN,,[],False,{}
100000.00,0.00,100000.00,EUR,IDEALPRO-001,MARGIN,,[],False,{}
100000.36,0.00,100000.36,USD,IDEALPRO-001,MARGIN,,[],False,{}
100000.00,0.00,100000.00,EUR,IDEALPRO-001,MARGIN,,[],False,{}
100000.36,0.00,100000.36,USD,IDEALPRO-001,MARGIN,,[],False,{}
100000.00,0.00,100000.00,EUR,IDEALPRO-001,MARGIN,,[],False,{}
100000.36,0.00,100000.36,USD,IDEALPRO-001,MARGIN,,[],False,{}
100000.00,0.00,100000.00,EUR,IDEALPRO-001,MARGIN,,[],False,{}
100000.36,2.35,99998.01,USD,IDEALPRO-001,MARGIN,,"[{'type': 'MarginBalance', 'initial': '0.00', 'maintenance': '2.35', 'currency': 'USD', 'instrument_id': 'EUR/USD.IDEALPRO'}]",False,{}
100000.00,0.00,100000.00,EUR,IDEALPRO-001,MARGIN,,"[{'type': 'MarginBalance', 'initial': '0.00', 'maintenance': '2.35', 'currency': 'USD', 'instrument_id': 'EUR/USD.IDEALPRO'}]",False,{}
100000.36,2.35,99998.01,USD,IDEALPRO-001,MARGIN,,"[{'type': 'MarginBalance', 'initial': '0.00', 'maintenance': '2.35', 'currency': 'USD', 'instrument_id': 'EUR/USD.IDEALPRO'}]",False,{}
100000.00,0.00,100000.00,EUR,IDEALPRO-001,MARGIN,,"[{'type': 'MarginBalance', 'initial': '0.00', 'maintenance': '2.35', 'currency': 'USD', 'instrument_id': 'EUR/USD.IDEALPRO'}]",False,{}
100000.36,2.35,99998.01,USD,IDEALPRO-001,MARGIN,,"[{'type': 'MarginBalance', 'initial': '0.00', 'maintenance': '2.35', 'currency': 'USD', 'instrument_id': 'EUR/USD.IDEALPRO'}]",False,{}
100000.00,0.00,100000.00,EUR,IDEALPRO-001,MARGIN,,"[{'type': 'MarginBalance', 'initial': '0.00', 'maintenance': '2.35', 'currency': 'USD', 'instrument_id': 'EUR/USD.IDEALPRO'}]",False,{}
100000.36,2.35,99998.01,USD,IDEALPRO-001,MARGIN,,"[{'type': 'MarginBalance', 'initial': '0.00', 'maintenance': '2.35', 'currency': 'USD', 'instrument_id': 'EUR/USD.IDEALPRO'}]",False,{}
100000.00,0.00,100000.00,EUR,IDEALPRO-001,MARGIN,,"[{'type': 'MarginBalance', 'initial': '0.00', 'maintenance': '2.35', 'currency': 'USD', 'instrument_id': 'EUR/USD.IDEALPRO'}]",False,{}
100000.35,0.00,100000.35,USD,IDEALPRO-001,MARGIN,,[],False,{}
100000.00,0.00,100000.00,EUR,IDEALPRO-001,MARGIN,,[],False,{}
100000.35,0.00,100000.35,USD,IDEALPRO-001,MARGIN,,[],False,{}
100000.00,0.00,100000.00,EUR,IDEALPRO-001,MARGIN,,[],False,{}
100000.35,0.00,100000.35,USD,IDEALPRO-001,MARGIN,,[],False,{}
100000.00,0.00,100000.00,EUR,IDEALPRO-001,MARGIN,,[],False,{}
100000.35,0.00,100000.35,USD,IDEALPRO-001,MARGIN,,[],False,{}
100000.00,0.00,100000.00,EUR,IDEALPRO-001,MARGIN,,[],False,{}
100000.35,0.00,100000.35,USD,IDEALPRO-001,MARGIN,,[],False,{}
100000.00,0.00,100000.00,EUR,IDEALPRO-001,MARGIN,,[],False,{}
100000.35,0.00,100000.35,USD,IDEALPRO-001,MARGIN,,[],False,{}
100000.00,0.00,100000.00,EUR,IDEALPRO-001,MARGIN,,[],False,{}
100000.35,2.35,99998.00,USD,IDEALPRO-001,MARGIN,,"[{'type': 'MarginBalance', 'initial': '0.00', 'maintenance': '2.35', 'currency': 'USD', 'instrument_id': 'EUR/USD.IDEALPRO'}]",False,{}
100000.00,0.00,100000.00,EUR,IDEALPRO-001,MARGIN,,"[{'type': 'MarginBalance', 'initial': '0.00', 'maintenance': '2.35', 'currency': 'USD', 'instrument_id': 'EUR/USD.IDEALPRO'}]",False,{}
100000.35,2.35,99998.00,USD,IDEALPRO-001,MARGIN,,"[{'type': 'MarginBalance', 'initial': '0.00', 'maintenance': '2.35', 'currency': 'USD', 'instrument_id': 'EUR/USD.IDEALPRO'}]",False,{}
100000.00,0.00,100000.00,EUR,IDEALPRO-001,MARGIN,,"[{'type': 'MarginBalance', 'initial': '0.00', 'maintenance': '2.35', 'currency': 'USD', 'instrument_id': 'EUR/USD.IDEALPRO'}]",False,{}
100000.35,2.35,99998.00,USD,IDEALPRO-001,MARGIN,,"[{'type': 'MarginBalance', 'initial': '0.00', 'maintenance': '2.35', 'currency': 'USD', 'instrument_id': 'EUR/USD.IDEALPRO'}]",False,{}
100000.00,0.00,100000.00,EUR,IDEALPRO-001,MARGIN,,"[{'type': 'MarginBalance', 'initial': '0.00', 'maintenance': '2.35', 'currency': 'USD', 'instrument_id': 'EUR/USD.IDEALPRO'}]",False,{}
100000.35,2.35,99998.00,USD,IDEALPRO-001,MARGIN,,"[{'type': 'MarginBalance', 'initial': '0.00', 'maintenance': '2.35', 'currency': 'USD', 'instrument_id': 'EUR/USD.IDEALPRO'}]",False,{}
100000.00,0.00,100000.00,EUR,IDEALPRO-001,MARGIN,,"[{'type': 'MarginBalance', 'initial': '0.00', 'maintenance': '2.35', 'currency': 'USD', 'instrument_id': 'EUR/USD.IDEALPRO'}]",False,{}
100000.39,0.00,100000.39,USD,IDEALPRO-001,MARGIN,,[],False,{}
100000.00,0.00,100000.00,EUR,IDEALPRO-001,MARGIN,,[],False,{}
100000.39,0.00,100000.39,USD,IDEALPRO-001,MARGIN,,[],False,{}
100000.00,0.00,100000.00,EUR,IDEALPRO-001,MARGIN,,[],False,{}
100000.39,0.00,100000.39,USD,IDEALPRO-001,MARGIN,,[],False,{}
100000.00,0.00,100000.00,EUR,IDEALPRO-001,MARGIN,,[],False,{}
100000.39,0.00,100000.39,USD,IDEALPRO-001,MARGIN,,[],False,{}
100000.00,0.00,100000.00,EUR,IDEALPRO-001,MARGIN,,[],False,{}
100000.39,0.00,100000.39,USD,IDEALPRO-001,MARGIN,,[],False,{}
100000.00,0.00,100000.00,EUR,IDEALPRO-001,MARGIN,,[],False,{}
100000.39,0.00,100000.39,USD,IDEALPRO-001,MARGIN,,[],False,{}
100000.00,0.00,100000.00,EUR,IDEALPRO-001,MARGIN,,[],False,{}
100000.39,2.35,99998.04,USD,IDEALPRO-001,MARGIN,,"[{'type': 'MarginBalance', 'initial': '0.00', 'maintenance': '2.35', 'currency': 'USD', 'instrument_id': 'EUR/USD.IDEALPRO'}]",False,{}
100000.00,0.00,100000.00,EUR,IDEALPRO-001,MARGIN,,"[{'type': 'MarginBalance', 'initial': '0.00', 'maintenance': '2.35', 'currency': 'USD', 'instrument_id': 'EUR/USD.IDEALPRO'}]",False,{}
100000.39,2.35,99998.04,USD,IDEALPRO-001,MARGIN,,"[{'type': 'MarginBalance', 'initial': '0.00', 'maintenance': '2.35', 'currency': 'USD', 'instrument_id': 'EUR/USD.IDEALPRO'}]",False,{}
100000.00,0.00,100000.00,EUR,IDEALPRO-001,MARGIN,,"[{'type': 'MarginBalance', 'initial': '0.00', 'maintenance': '2.35', 'currency': 'USD', 'instrument_id': 'EUR/USD.IDEALPRO'}]",False,{}
100000.39,2.35,99998.04,USD,IDEALPRO-001,MARGIN,,"[{'type': 'MarginBalance', 'initial': '0.00', 'maintenance': '2.35', 'currency': 'USD', 'instrument_id': 'EUR/USD.IDEALPRO'}]",False,{}
100000.00,0.00,100000.00,EUR,IDEALPRO-001,MARGIN,,"[{'type': 'MarginBalance', 'initial': '0.00', 'maintenance': '2.35', 'currency': 'USD', 'instrument_id': 'EUR/USD.IDEALPRO'}]",False,{}
100000.39,2.35,99998.04,USD,IDEALPRO-001,MARGIN,,"[{'type': 'MarginBalance', 'initial': '0.00', 'maintenance': '2.35', 'currency': 'USD', 'instrument_id': 'EUR/USD.IDEALPRO'}]",False,{}
100000.00,0.00,100000.00,EUR,IDEALPRO-001,MARGIN,,"[{'type': 'MarginBalance', 'initial': '0.00', 'maintenance': '2.35', 'currency': 'USD', 'instrument_id': 'EUR/USD.IDEALPRO'}]",False,{}
100000.42,0.00,100000.42,USD,IDEALPRO-001,MARGIN,,[],False,{}
100000.00,0.00,100000.00,EUR,IDEALPRO-001,MARGIN,,[],False,{}
100000.42,0.00,100000.42,USD,IDEALPRO-001,MARGIN,,[],False,{}
100000.00,0.00,100000.00,EUR,IDEALPRO-001,MARGIN,,[],False,{}
100000.42,0.00,100000.42,USD,IDEALPRO-001,MARGIN,,[],False,{}
100000.00,0.00,100000.00,EUR,IDEALPRO-001,MARGIN,,[],False,{}
100000.42,0.00,100000.42,USD,IDEALPRO-001,MARGIN,,[],False,{}
100000.00,0.00,100000.00,EUR,IDEALPRO-001,MARGIN,,[],False,{}
100000.42,0.00,100000.42,USD,IDEALPRO-001,MARGIN,,[],False,{}
100000.00,0.00,100000.00,EUR,IDEALPRO-001,MARGIN,,[],False,{}
100000.42,0.00,100000.42,USD,IDEALPRO-001,MARGIN,,[],False,{}
100000.00,0.00,100000.00,EUR,IDEALPRO-001,MARGIN,,[],False,{}
100000.42,2.35,99998.07,USD,IDEALPRO-001,MARGIN,,"[{'type': 'MarginBalance', 'initial': '0.00', 'maintenance': '2.35', 'currency': 'USD', 'instrument_id': 'EUR/USD.IDEALPRO'}]",False,{}
100000.00,0.00,100000.00,EUR,IDEALPRO-001,MARGIN,,"[{'type': 'MarginBalance', 'initial': '0.00', 'maintenance': '2.35', 'currency': 'USD', 'instrument_id': 'EUR/USD.IDEALPRO'}]",False,{}
100000.42,2.35,99998.07,USD,IDEALPRO-001,MARGIN,,"[{'type': 'MarginBalance', 'initial': '0.00', 'maintenance': '2.35', 'currency': 'USD', 'instrument_id': 'EUR/USD.IDEALPRO'}]",False,{}
100000.00,0.00,100000.00,EUR,IDEALPRO-001,MARGIN,,"[{'type': 'MarginBalance', 'initial': '0.00', 'maintenance': '2.35', 'currency': 'USD', 'instrument_id': 'EUR/USD.IDEALPRO'}]",False,{}
100000.42,2.35,99998.07,USD,IDEALPRO-001,MARGIN,,"[{'type': 'MarginBalance', 'initial': '0.00', 'maintenance': '2.35', 'currency': 'USD', 'instrument_id': 'EUR/USD.IDEALPRO'}]",False,{}
100000.00,0.00,100000.00,EUR,IDEALPRO-001,MARGIN,,"[{'type': 'MarginBalance', 'initial': '0.00', 'maintenance': '2.35', 'currency': 'USD', 'instrument_id': 'EUR/USD.IDEALPRO'}]",False,{}
100000.42,2.35,99998.07,USD,IDEALPRO-001,MARGIN,,"[{'type': 'MarginBalance', 'initial': '0.00', 'maintenance': '2.35', 'currency': 'USD', 'instrument_id': 'EUR/USD.IDEALPRO'}]",False,{}
100000.00,0.00,100000.00,EUR,IDEALPRO-001,MARGIN,,"[{'type': 'MarginBalance', 'initial': '0.00', 'maintenance': '2.35', 'currency': 'USD', 'instrument_id': 'EUR/USD.IDEALPRO'}]",False,{}
100000.41,0.00,100000.41,USD,IDEALPRO-001,MARGIN,,[],False,{}
100000.00,0.00,100000.00,EUR,IDEALPRO-001,MARGIN,,[],False,{}
100000.41,0.00,100000.41,USD,IDEALPRO-001,MARGIN,,[],False,{}
100000.00,0.00,100000.00,EUR,IDEALPRO-001,MARGIN,,[],False,{}
100000.41,0.00,100000.41,USD,IDEALPRO-001,MARGIN,,[],False,{}
100000.00,0.00,100000.00,EUR,IDEALPRO-001,MARGIN,,[],False,{}
100000.41,0.00,100000.41,USD,IDEALPRO-001,MARGIN,,[],False,{}
100000.00,0.00,100000.00,EUR,IDEALPRO-001,MARGIN,,[],False,{}
100000.41,0.00,100000.41,USD,IDEALPRO-001,MARGIN,,[],False,{}
100000.00,0.00,100000.00,EUR,IDEALPRO-001,MARGIN,,[],False,{}
100000.41,0.00,100000.41,USD,IDEALPRO-001,MARGIN,,[],False,{}
100000.00,0.00,100000.00,EUR,IDEALPRO-001,MARGIN,,[],False,{}
100000.41,2.35,99998.06,USD,IDEALPRO-001,MARGIN,,"[{'type': 'MarginBalance', 'initial': '0.00', 'maintenance': '2.35', 'currency': 'USD', 'instrument_id': 'EUR/USD.IDEALPRO'}]",False,{}
100000.00,0.00,100000.00,EUR,IDEALPRO-001,MARGIN,,"[{'type': 'MarginBalance', 'initial': '0.00', 'maintenance': '2.35', 'currency': 'USD', 'instrument_id': 'EUR/USD.IDEALPRO'}]",False,{}
100000.41,2.35,99998.06,USD,IDEALPRO-001,MARGIN,,"[{'type': 'MarginBalance', 'initial': '0.00', 'maintenance': '2.35', 'currency': 'USD', 'instrument_id': 'EUR/USD.IDEALPRO'}]",False,{}
100000.00,0.00,100000.00,EUR,IDEALPRO-001,MARGIN,,"[{'type': 'MarginBalance', 'initial': '0.00', 'maintenance': '2.35', 'currency': 'USD', 'instrument_id': 'EUR/USD.IDEALPRO'}]",False,{}
100000.41,2.35,99998.06,USD,IDEALPRO-001,MARGIN,,"[{'type': 'MarginBalance', 'initial': '0.00', 'maintenance': '2.35', 'currency': 'USD', 'instrument_id': 'EUR/USD.IDEALPRO'}]",False,{}
100000.00,0.00,100000.00,EUR,IDEALPRO-001,MARGIN,,"[{'type': 'MarginBalance', 'initial': '0.00', 'maintenance': '2.35', 'currency': 'USD', 'instrument_id': 'EUR/USD.IDEALPRO'}]",False,{}
100000.41,2.35,99998.06,USD,IDEALPRO-001,MARGIN,,"[{'type': 'MarginBalance', 'initial': '0.00', 'maintenance': '2.35', 'currency': 'USD', 'instrument_id': 'EUR/USD.IDEALPRO'}]",False,{}
100000.00,0.00,100000.00,EUR,IDEALPRO-001,MARGIN,,"[{'type': 'MarginBalance', 'initial': '0.00', 'maintenance': '2.35', 'currency': 'USD', 'instrument_id': 'EUR/USD.IDEALPRO'}]",False,{}
100000.39,0.00,100000.39,USD,IDEALPRO-001,MARGIN,,[],False,{}
100000.00,0.00,100000.00,EUR,IDEALPRO-001,MARGIN,,[],False,{}
100000.39,0.00,100000.39,USD,IDEALPRO-001,MARGIN,,[],False,{}
100000.00,0.00,100000.00,EUR,IDEALPRO-001,MARGIN,,[],False,{}
100000.39,0.00,100000.39,USD,IDEALPRO-001,MARGIN,,[],False,{}
100000.00,0.00,100000.00,EUR,IDEALPRO-001,MARGIN,,[],False,{}
100000.39,0.00,100000.39,USD,IDEALPRO-001,MARGIN,,[],False,{}
100000.00,0.00,100000.00,EUR,IDEALPRO-001,MARGIN,,[],False,{}
100000.39,0.00,100000.39,USD,IDEALPRO-001,MARGIN,,[],False,{}
100000.00,0.00,100000.00,EUR,IDEALPRO-001,MARGIN,,[],False,{}
100000.39,0.00,100000.39,USD,IDEALPRO-001,MARGIN,,[],False,{}
100000.00,0.00,100000.00,EUR,IDEALPRO-001,MARGIN,,[],False,{}
100000.39,2.35,99998.04,USD,IDEALPRO-001,MARGIN,,"[{'type': 'MarginBalance', 'initial': '0.00', 'maintenance': '2.35', 'currency': 'USD', 'instrument_id': 'EUR/USD.IDEALPRO'}]",False,{}
100000.00,0.00,100000.00,EUR,IDEALPRO-001,MARGIN,,"[{'type': 'MarginBalance', 'initial': '0.00', 'maintenance': '2.35', 'currency': 'USD', 'instrument_id': 'EUR/USD.IDEALPRO'}]",False,{}
100000.39,2.35,99998.04,USD,IDEALPRO-001,MARGIN,,"[{'type': 'MarginBalance', 'initial': '0.00', 'maintenance': '2.35', 'currency': 'USD', 'instrument_id': 'EUR/USD.IDEALPRO'}]",False,{}
100000.00,0.00,100000.00,EUR,IDEALPRO-001,MARGIN,,"[{'type': 'MarginBalance', 'initial': '0.00', 'maintenance': '2.35', 'currency': 'USD', 'instrument_id': 'EUR/USD.IDEALPRO'}]",False,{}
100000.39,2.35,99998.04,USD,IDEALPRO-001,MARGIN,,"[{'type': 'MarginBalance', 'initial': '0.00', 'maintenance': '2.35', 'currency': 'USD', 'instrument_id': 'EUR/USD.IDEALPRO'}]",False,{}
100000.00,0.00,100000.00,EUR,IDEALPRO-001,MARGIN,,"[{'type': 'MarginBalance', 'initial': '0.00', 'maintenance': '2.35', 'currency': 'USD', 'instrument_id': 'EUR/USD.IDEALPRO'}]",False,{}
100000.39,2.35,99998.04,USD,IDEALPRO-001,MARGIN,,"[{'type': 'MarginBalance', 'initial': '0.00', 'maintenance': '2.35', 'currency': 'USD', 'instrument_id': 'EUR/USD.IDEALPRO'}]",False,{}
100000.00,0.00,100000.00,EUR,IDEALPRO-001,MARGIN,,"[{'type': 'MarginBalance', 'initial': '0.00', 'maintenance': '2.35', 'currency': 'USD', 'instrument_id': 'EUR/USD.IDEALPRO'}]",False,{}
100000.38,0.00,100000.38,USD,IDEALPRO-001,MARGIN,,[],False,{}
100000.00,0.00,100000.00,EUR,IDEALPRO-001,MARGIN,,[],False,{}
100000.38,0.00,100000.38,USD,IDEALPRO-001,MARGIN,,[],False,{}
100000.00,0.00,100000.00,EUR,IDEALPRO-001,MARGIN,,[],False,{}
100000.38,0.00,100000.38,USD,IDEALPRO-001,MARGIN,,[],False,{}
100000.00,0.00,100000.00,EUR,IDEALPRO-001,MARGIN,,[],False,{}
100000.38,0.00,100000.38,USD,IDEALPRO-001,MARGIN,,[],False,{}
100000.00,0.00,100000.00,EUR,IDEALPRO-001,MARGIN,,[],False,{}
100000.38,0.00,100000.38,USD,IDEALPRO-001,MARGIN,,[],False,{}
100000.00,0.00,100000.00,EUR,IDEALPRO-001,MARGIN,,[],False,{}
100000.38,0.00,100000.38,USD,IDEALPRO-001,MARGIN,,[],False,{}
100000.00,0.00,100000.00,EUR,IDEALPRO-001,MARGIN,,[],False,{}
100000.38,2.35,99998.03,USD,IDEALPRO-001,MARGIN,,"[{'type': 'MarginBalance', 'initial': '0.00', 'maintenance': '2.35', 'currency': 'USD', 'instrument_id': 'EUR/USD.IDEALPRO'}]",False,{}
100000.00,0.00,100000.00,EUR,IDEALPRO-001,MARGIN,,"[{'type': 'MarginBalance', 'initial': '0.00', 'maintenance': '2.35', 'currency': 'USD', 'instrument_id': 'EUR/USD.IDEALPRO'}]",False,{}
100000.38,2.35,99998.03,USD,IDEALPRO-001,MARGIN,,"[{'type': 'MarginBalance', 'initial': '0.00', 'maintenance': '2.35', 'currency': 'USD', 'instrument_id': 'EUR/USD.IDEALPRO'}]",False,{}
100000.00,0.00,100000.00,EUR,IDEALPRO-001,MARGIN,,"[{'type': 'MarginBalance', 'initial': '0.00', 'maintenance': '2.35', 'currency': 'USD', 'instrument_id': 'EUR/USD.IDEALPRO'}]",False,{}
100000.38,2.35,99998.03,USD,IDEALPRO-001,MARGIN,,"[{'type': 'MarginBalance', 'initial': '0.00', 'maintenance': '2.35', 'currency': 'USD', 'instrument_id': 'EUR/USD.IDEALPRO'}]",False,{}
100000.00,0.00,100000.00,EUR,IDEALPRO-001,MARGIN,,"[{'type': 'MarginBalance', 'initial': '0.00', 'maintenance': '2.35', 'currency': 'USD', 'instrument_id': 'EUR/USD.IDEALPRO'}]",False,{}
100000.38,2.35,99998.03,USD,IDEALPRO-001,MARGIN,,"[{'type': 'MarginBalance', 'initial': '0.00', 'maintenance': '2.35', 'currency': 'USD', 'instrument_id': 'EUR/USD.IDEALPRO'}]",False,{}
100000.00,0.00,100000.00,EUR,IDEALPRO-001,MARGIN,,"[{'type': 'MarginBalance', 'initial': '0.00', 'maintenance': '2.35', 'currency': 'USD', 'instrument_id': 'EUR/USD.IDEALPRO'}]",False,{}
100000.36,0.00,100000.36,USD,IDEALPRO-001,MARGIN,,[],False,{}
100000.00,0.00,100000.00,EUR,IDEALPRO-001,MARGIN,,[],False,{}
100000.36,0.00,100000.36,USD,IDEALPRO-001,MARGIN,,[],False,{}
100000.00,0.00,100000.00,EUR,IDEALPRO-001,MARGIN,,[],False,{}
100000.36,0.00,100000.36,USD,IDEALPRO-001,MARGIN,,[],False,{}
100000.00,0.00,100000.00,EUR,IDEALPRO-001,MARGIN,,[],False,{}
100000.36,0.00,100000.36,USD,IDEALPRO-001,MARGIN,,[],False,{}
100000.00,0.00,100000.00,EUR,IDEALPRO-001,MARGIN,,[],False,{}
100000.36,0.00,100000.36,USD,IDEALPRO-001,MARGIN,,[],False,{}
100000.00,0.00,100000.00,EUR,IDEALPRO-001,MARGIN,,[],False,{}
100000.36,0.00,100000.36,USD,IDEALPRO-001,MARGIN,,[],False,{}
100000.00,0.00,100000.00,EUR,IDEALPRO-001,MARGIN,,[],False,{}
100000.36,2.35,99998.01,USD,IDEALPRO-001,MARGIN,,"[{'type': 'MarginBalance', 'initial': '0.00', 'maintenance': '2.35', 'currency': 'USD', 'instrument_id': 'EUR/USD.IDEALPRO'}]",False,{}
100000.00,0.00,100000.00,EUR,IDEALPRO-001,MARGIN,,"[{'type': 'MarginBalance', 'initial': '0.00', 'maintenance': '2.35', 'currency': 'USD', 'instrument_id': 'EUR/USD.IDEALPRO'}]",False,{}
100000.36,2.35,99998.01,USD,IDEALPRO-001,MARGIN,,"[{'type': 'MarginBalance', 'initial': '0.00', 'maintenance': '2.35', 'currency': 'USD', 'instrument_id': 'EUR/USD.IDEALPRO'}]",False,{}
100000.00,0.00,100000.00,EUR,IDEALPRO-001,MARGIN,,"[{'type': 'MarginBalance', 'initial': '0.00', 'maintenance': '2.35', 'currency': 'USD', 'instrument_id': 'EUR/USD.IDEALPRO'}]",False,{}
100000.36,2.35,99998.01,USD,IDEALPRO-001,MARGIN,,"[{'type': 'MarginBalance', 'initial': '0.00', 'maintenance': '2.35', 'currency': 'USD', 'instrument_id': 'EUR/USD.IDEALPRO'}]",False,{}
100000.00,0.00,100000.00,EUR,IDEALPRO-001,MARGIN,,"[{'type': 'MarginBalance', 'initial': '0.00', 'maintenance': '2.35', 'currency': 'USD', 'instrument_id': 'EUR/USD.IDEALPRO'}]",False,{}
100000.36,2.35,99998.01,USD,IDEALPRO-001,MARGIN,,"[{'type': 'MarginBalance', 'initial': '0.00', 'maintenance': '2.35', 'currency': 'USD', 'instrument_id': 'EUR/USD.IDEALPRO'}]",False,{}
100000.00,0.00,100000.00,EUR,IDEALPRO-001,MARGIN,,"[{'type': 'MarginBalance', 'initial': '0.00', 'maintenance': '2.35', 'currency': 'USD', 'instrument_id': 'EUR/USD.IDEALPRO'}]",False,{}
100000.36,0.00,100000.36,USD,IDEALPRO-001,MARGIN,,[],False,{}
100000.00,0.00,100000.00,EUR,IDEALPRO-001,MARGIN,,[],False,{}
100000.36,0.00,100000.36,USD,IDEALPRO-001,MARGIN,,[],False,{}
100000.00,0.00,100000.00,EUR,IDEALPRO-001,MARGIN,,[],False,{}
100000.36,0.00,100000.36,USD,IDEALPRO-001,MARGIN,,[],False,{}
100000.00,0.00,100000.00,EUR,IDEALPRO-001,MARGIN,,[],False,{}
100000.36,0.00,100000.36,USD,IDEALPRO-001,MARGIN,,[],False,{}
100000.00,0.00,100000.00,EUR,IDEALPRO-001,MARGIN,,[],False,{}
100000.36,0.00,100000.36,USD,IDEALPRO-001,MARGIN,,[],False,{}
100000.00,0.00,100000.00,EUR,IDEALPRO-001,MARGIN,,[],False,{}
100000.36,0.00,100000.36,USD,IDEALPRO-001,MARGIN,,[],False,{}
100000.00,0.00,100000.00,EUR,IDEALPRO-001,MARGIN,,[],False,{}
100000.36,2.35,99998.01,USD,IDEALPRO-001,MARGIN,,"[{'type': 'MarginBalance', 'initial': '0.00', 'maintenance': '2.35', 'currency': 'USD', 'instrument_id': 'EUR/USD.IDEALPRO'}]",False,{}
100000.00,0.00,100000.00,EUR,IDEALPRO-001,MARGIN,,"[{'type': 'MarginBalance', 'initial': '0.00', 'maintenance': '2.35', 'currency': 'USD', 'instrument_id': 'EUR/USD.IDEALPRO'}]",False,{}
100000.36,2.35,99998.01,USD,IDEALPRO-001,MARGIN,,"[{'type': 'MarginBalance', 'initial': '0.00', 'maintenance': '2.35', 'currency': 'USD', 'instrument_id': 'EUR/USD.IDEALPRO'}]",False,{}
100000.00,0.00,100000.00,EUR,IDEALPRO-001,MARGIN,,"[{'type': 'MarginBalance', 'initial': '0.00', 'maintenance': '2.35', 'currency': 'USD', 'instrument_id': 'EUR/USD.IDEALPRO'}]",False,{}
100000.36,2.35,99998.01,USD,IDEALPRO-001,MARGIN,,"[{'type': 'MarginBalance', 'initial': '0.00', 'maintenance': '2.35', 'currency': 'USD', 'instrument_id': 'EUR/USD.IDEALPRO'}]",False,{}
100000.00,0.00,100000.00,EUR,IDEALPRO-001,MARGIN,,"[{'type': 'MarginBalance', 'initial': '0.00', 'maintenance': '2.35', 'currency': 'USD', 'instrument_id': 'EUR/USD.IDEALPRO'}]",False,{}
100000.36,2.35,99998.01,USD,IDEALPRO-001,MARGIN,,"[{'type': 'MarginBalance', 'initial': '0.00', 'maintenance': '2.35', 'currency': 'USD', 'instrument_id': 'EUR/USD.IDEALPRO'}]",False,{}
100000.00,0.00,100000.00,EUR,IDEALPRO-001,MARGIN,,"[{'type': 'MarginBalance', 'initial': '0.00', 'maintenance': '2.35', 'currency': 'USD', 'instrument_id': 'EUR/USD.IDEALPRO'}]",False,{}
100000.34,0.00,100000.34,USD,IDEALPRO-001,MARGIN,,[],False,{}
100000.00,0.00,100000.00,EUR,IDEALPRO-001,MARGIN,,[],False,{}
100000.34,0.00,100000.34,USD,IDEALPRO-001,MARGIN,,[],False,{}
100000.00,0.00,100000.00,EUR,IDEALPRO-001,MARGIN,,[],False,{}
100000.34,0.00,100000.34,USD,IDEALPRO-001,MARGIN,,[],False,{}
100000.00,0.00,100000.00,EUR,IDEALPRO-001,MARGIN,,[],False,{}
100000.34,0.00,100000.34,USD,IDEALPRO-001,MARGIN,,[],False,{}
100000.00,0.00,100000.00,EUR,IDEALPRO-001,MARGIN,,[],False,{}
100000.34,0.00,100000.34,USD,IDEALPRO-001,MARGIN,,[],False,{}
100000.00,0.00,100000.00,EUR,IDEALPRO-001,MARGIN,,[],False,{}
100000.34,0.00,100000.34,USD,IDEALPRO-001,MARGIN,,[],False,{}
100000.00,0.00,100000.00,EUR,IDEALPRO-001,MARGIN,,[],False,{}
100000.34,2.35,99997.99,USD,IDEALPRO-001,MARGIN,,"[{'type': 'MarginBalance', 'initial': '0.00', 'maintenance': '2.35', 'currency': 'USD', 'instrument_id': 'EUR/USD.IDEALPRO'}]",False,{}
100000.00,0.00,100000.00,EUR,IDEALPRO-001,MARGIN,,"[{'type': 'MarginBalance', 'initial': '0.00', 'maintenance': '2.35', 'currency': 'USD', 'instrument_id': 'EUR/USD.IDEALPRO'}]",False,{}
100000.34,2.35,99997.99,USD,IDEALPRO-001,MARGIN,,"[{'type': 'MarginBalance', 'initial': '0.00', 'maintenance': '2.35', 'currency': 'USD', 'instrument_id': 'EUR/USD.IDEALPRO'}]",False,{}
100000.00,0.00,100000.00,EUR,IDEALPRO-001,MARGIN,,"[{'type': 'MarginBalance', 'initial': '0.00', 'maintenance': '2.35', 'currency': 'USD', 'instrument_id': 'EUR/USD.IDEALPRO'}]",False,{}
100000.34,2.35,99997.99,USD,IDEALPRO-001,MARGIN,,"[{'type': 'MarginBalance', 'initial': '0.00', 'maintenance': '2.35', 'currency': 'USD', 'instrument_id': 'EUR/USD.IDEALPRO'}]",False,{}
100000.00,0.00,100000.00,EUR,IDEALPRO-001,MARGIN,,"[{'type': 'MarginBalance', 'initial': '0.00', 'maintenance': '2.35', 'currency': 'USD', 'instrument_id': 'EUR/USD.IDEALPRO'}]",False,{}
100000.34,2.35,99997.99,USD,IDEALPRO-001,MARGIN,,"[{'type': 'MarginBalance', 'initial': '0.00', 'maintenance': '2.35', 'currency': 'USD', 'instrument_id': 'EUR/USD.IDEALPRO'}]",False,{}
100000.00,0.00,100000.00,EUR,IDEALPRO-001,MARGIN,,"[{'type': 'MarginBalance', 'initial': '0.00', 'maintenance': '2.35', 'currency': 'USD', 'instrument_id': 'EUR/USD.IDEALPRO'}]",False,{}
100000.34,0.00,100000.34,USD,IDEALPRO-001,MARGIN,,[],False,{}
100000.00,0.00,100000.00,EUR,IDEALPRO-001,MARGIN,,[],False,{}
100000.34,0.00,100000.34,USD,IDEALPRO-001,MARGIN,,[],False,{}
100000.00,0.00,100000.00,EUR,IDEALPRO-001,MARGIN,,[],False,{}
100000.34,0.00,100000.34,USD,IDEALPRO-001,MARGIN,,[],False,{}
100000.00,0.00,100000.00,EUR,IDEALPRO-001,MARGIN,,[],False,{}
100000.34,0.00,100000.34,USD,IDEALPRO-001,MARGIN,,[],False,{}
100000.00,0.00,100000.00,EUR,IDEALPRO-001,MARGIN,,[],False,{}
100000.34,0.00,100000.34,USD,IDEALPRO-001,MARGIN,,[],False,{}
100000.00,0.00,100000.00,EUR,IDEALPRO-001,MARGIN,,[],False,{}
100000.34,0.00,100000.34,USD,IDEALPRO-001,MARGIN,,[],False,{}
100000.00,0.00,100000.00,EUR,IDEALPRO-001,MARGIN,,[],False,{}
100000.34,2.35,99997.99,USD,IDEALPRO-001,MARGIN,,"[{'type': 'MarginBalance', 'initial': '0.00', 'maintenance': '2.35', 'currency': 'USD', 'instrument_id': 'EUR/USD.IDEALPRO'}]",False,{}
100000.00,0.00,100000.00,EUR,IDEALPRO-001,MARGIN,,"[{'type': 'MarginBalance', 'initial': '0.00', 'maintenance': '2.35', 'currency': 'USD', 'instrument_id': 'EUR/USD.IDEALPRO'}]",False,{}
100000.34,2.35,99997.99,USD,IDEALPRO-001,MARGIN,,"[{'type': 'MarginBalance', 'initial': '0.00', 'maintenance': '2.35', 'currency': 'USD', 'instrument_id': 'EUR/USD.IDEALPRO'}]",False,{}
100000.00,0.00,100000.00,EUR,IDEALPRO-001,MARGIN,,"[{'type': 'MarginBalance', 'initial': '0.00', 'maintenance': '2.35', 'currency': 'USD', 'instrument_id': 'EUR/USD.IDEALPRO'}]",False,{}
100000.34,2.35,99997.99,USD,IDEALPRO-001,MARGIN,,"[{'type': 'MarginBalance', 'initial': '0.00', 'maintenance': '2.35', 'currency': 'USD', 'instrument_id': 'EUR/USD.IDEALPRO'}]",False,{}
100000.00,0.00,100000.00,EUR,IDEALPRO-001,MARGIN,,"[{'type': 'MarginBalance', 'initial': '0.00', 'maintenance': '2.35', 'currency': 'USD', 'instrument_id': 'EUR/USD.IDEALPRO'}]",False,{}
100000.28,0.00,100000.28,USD,IDEALPRO-001,MARGIN,,[],False,{}
100000.00,0.00,100000.00,EUR,IDEALPRO-001,MARGIN,,[],False,{}
100000.28,0.00,100000.28,USD,IDEALPRO-001,MARGIN,,[],False,{}
100000.00,0.00,100000.00,EUR,IDEALPRO-001,MARGIN,,[],False,{}
100000.28,0.00,100000.28,USD,IDEALPRO-001,MARGIN,,[],False,{}
100000.00,0.00,100000.00,EUR,IDEALPRO-001,MARGIN,,[],False,{}
100000.28,0.00,100000.28,USD,IDEALPRO-001,MARGIN,,[],False,{}
100000.00,0.00,100000.00,EUR,IDEALPRO-001,MARGIN,,[],False,{}
100000.28,0.00,100000.28,USD,IDEALPRO-001,MARGIN,,[],False,{}
100000.00,0.00,100000.00,EUR,IDEALPRO-001,MARGIN,,[],False,{}
100000.28,2.35,99997.93,USD,IDEALPRO-001,MARGIN,,"[{'type': 'MarginBalance', 'initial': '0.00', 'maintenance': '2.35', 'currency': 'USD', 'instrument_id': 'EUR/USD.IDEALPRO'}]",False,{}
100000.00,0.00,100000.00,EUR,IDEALPRO-001,MARGIN,,"[{'type': 'MarginBalance', 'initial': '0.00', 'maintenance': '2.35', 'currency': 'USD', 'instrument_id': 'EUR/USD.IDEALPRO'}]",False,{}
100000.28,2.35,99997.93,USD,IDEALPRO-001,MARGIN,,"[{'type': 'MarginBalance', 'initial': '0.00', 'maintenance': '2.35', 'currency': 'USD', 'instrument_id': 'EUR/USD.IDEALPRO'}]",False,{}
100000.00,0.00,100000.00,EUR,IDEALPRO-001,MARGIN,,"[{'type': 'MarginBalance', 'initial': '0.00', 'maintenance': '2.35', 'currency': 'USD', 'instrument_id': 'EUR/USD.IDEALPRO'}]",False,{}
100000.28,2.35,99997.93,USD,IDEALPRO-001,MARGIN,,"[{'type': 'MarginBalance', 'initial': '0.00', 'maintenance': '2.35', 'currency': 'USD', 'instrument_id': 'EUR/USD.IDEALPRO'}]",False,{}
100000.00,0.00,100000.00,EUR,IDEALPRO-001,MARGIN,,"[{'type': 'MarginBalance', 'initial': '0.00', 'maintenance': '2.35', 'currency': 'USD', 'instrument_id': 'EUR/USD.IDEALPRO'}]",False,{}
100000.28,2.35,99997.93,USD,IDEALPRO-001,MARGIN,,"[{'type': 'MarginBalance', 'initial': '0.00', 'maintenance': '2.35', 'currency': 'USD', 'instrument_id': 'EUR/USD.IDEALPRO'}]",False,{}
100000.00,0.00,100000.00,EUR,IDEALPRO-001,MARGIN,,"[{'type': 'MarginBalance', 'initial': '0.00', 'maintenance': '2.35', 'currency': 'USD', 'instrument_id': 'EUR/USD.IDEALPRO'}]",False,{}
100000.36,0.00,100000.36,USD,IDEALPRO-001,MARGIN,,[],False,{}
100000.00,0.00,100000.00,EUR,IDEALPRO-001,MARGIN,,[],False,{}
100000.36,0.00,100000.36,USD,IDEALPRO-001,MARGIN,,[],False,{}
100000.00,0.00,100000.00,EUR,IDEALPRO-001,MARGIN,,[],False,{}
100000.36,0.00,100000.36,USD,IDEALPRO-001,MARGIN,,[],False,{}
100000.00,0.00,100000.00,EUR,IDEALPRO-001,MARGIN,,[],False,{}
100000.36,0.00,100000.36,USD,IDEALPRO-001,MARGIN,,[],False,{}
100000.00,0.00,100000.00,EUR,IDEALPRO-001,MARGIN,,[],False,{}
100000.36,0.00,100000.36,USD,IDEALPRO-001,MARGIN,,[],False,{}
100000.00,0.00,100000.00,EUR,IDEALPRO-001,MARGIN,,[],False,{}
100000.36,0.00,100000.36,USD,IDEALPRO-001,MARGIN,,[],False,{}
100000.00,0.00,100000.00,EUR,IDEALPRO-001,MARGIN,,[],False,{}
100000.36,2.35,99998.01,USD,IDEALPRO-001,MARGIN,,"[{'type': 'MarginBalance', 'initial': '0.00', 'maintenance': '2.35', 'currency': 'USD', 'instrument_id': 'EUR/USD.IDEALPRO'}]",False,{}
100000.00,0.00,100000.00,EUR,IDEALPRO-001,MARGIN,,"[{'type': 'MarginBalance', 'initial': '0.00', 'maintenance': '2.35', 'currency': 'USD', 'instrument_id': 'EUR/USD.IDEALPRO'}]",False,{}
100000.36,2.35,99998.01,USD,IDEALPRO-001,MARGIN,,"[{'type': 'MarginBalance', 'initial': '0.00', 'maintenance': '2.35', 'currency': 'USD', 'instrument_id': 'EUR/USD.IDEALPRO'}]",False,{}
100000.00,0.00,100000.00,EUR,IDEALPRO-001,MARGIN,,"[{'type': 'MarginBalance', 'initial': '0.00', 'maintenance': '2.35', 'currency': 'USD', 'instrument_id': 'EUR/USD.IDEALPRO'}]",False,{}
100000.36,2.35,99998.01,USD,IDEALPRO-001,MARGIN,,"[{'type': 'MarginBalance', 'initial': '0.00', 'maintenance': '2.35', 'currency': 'USD', 'instrument_id': 'EUR/USD.IDEALPRO'}]",False,{}
100000.00,0.00,100000.00,EUR,IDEALPRO-001,MARGIN,,"[{'type': 'MarginBalance', 'initial': '0.00', 'maintenance': '2.35', 'currency': 'USD', 'instrument_id': 'EUR/USD.IDEALPRO'}]",False,{}
100000.30,0.00,100000.30,USD,IDEALPRO-001,MARGIN,,[],False,{}
100000.00,0.00,100000.00,EUR,IDEALPRO-001,MARGIN,,[],False,{}
100000.30,0.00,100000.30,USD,IDEALPRO-001,MARGIN,,[],False,{}
100000.00,0.00,100000.00,EUR,IDEALPRO-001,MARGIN,,[],False,{}
100000.30,0.00,100000.30,USD,IDEALPRO-001,MARGIN,,[],False,{}
100000.00,0.00,100000.00,EUR,IDEALPRO-001,MARGIN,,[],False,{}
100000.30,0.00,100000.30,USD,IDEALPRO-001,MARGIN,,[],False,{}
100000.00,0.00,100000.00,EUR,IDEALPRO-001,MARGIN,,[],False,{}
100000.30,0.00,100000.30,USD,IDEALPRO-001,MARGIN,,[],False,{}
100000.00,0.00,100000.00,EUR,IDEALPRO-001,MARGIN,,[],False,{}
100000.30,2.35,99997.95,USD,IDEALPRO-001,MARGIN,,"[{'type': 'MarginBalance', 'initial': '0.00', 'maintenance': '2.35', 'currency': 'USD', 'instrument_id': 'EUR/USD.IDEALPRO'}]",False,{}
100000.00,0.00,100000.00,EUR,IDEALPRO-001,MARGIN,,"[{'type': 'MarginBalance', 'initial': '0.00', 'maintenance': '2.35', 'currency': 'USD', 'instrument_id': 'EUR/USD.IDEALPRO'}]",False,{}
100000.30,2.35,99997.95,USD,IDEALPRO-001,MARGIN,,"[{'type': 'MarginBalance', 'initial': '0.00', 'maintenance': '2.35', 'currency': 'USD', 'instrument_id': 'EUR/USD.IDEALPRO'}]",False,{}
100000.00,0.00,100000.00,EUR,IDEALPRO-001,MARGIN,,"[{'type': 'MarginBalance', 'initial': '0.00', 'maintenance': '2.35', 'currency': 'USD', 'instrument_id': 'EUR/USD.IDEALPRO'}]",False,{}
100000.30,2.35,99997.95,USD,IDEALPRO-001,MARGIN,,"[{'type': 'MarginBalance', 'initial': '0.00', 'maintenance': '2.35', 'currency': 'USD', 'instrument_id': 'EUR/USD.IDEALPRO'}]",False,{}
100000.00,0.00,100000.00,EUR,IDEALPRO-001,MARGIN,,"[{'type': 'MarginBalance', 'initial': '0.00', 'maintenance': '2.35', 'currency': 'USD', 'instrument_id': 'EUR/USD.IDEALPRO'}]",False,{}
100000.30,2.35,99997.95,USD,IDEALPRO-001,MARGIN,,"[{'type': 'MarginBalance', 'initial': '0.00', 'maintenance': '2.35', 'currency': 'USD', 'instrument_id': 'EUR/USD.IDEALPRO'}]",False,{}
100000.00,0.00,100000.00,EUR,IDEALPRO-001,MARGIN,,"[{'type': 'MarginBalance', 'initial': '0.00', 'maintenance': '2.35', 'currency': 'USD', 'instrument_id': 'EUR/USD.IDEALPRO'}]",False,{}
100000.30,0.00,100000.30,USD,IDEALPRO-001,MARGIN,,[],False,{}
100000.00,0.00,100000.00,EUR,IDEALPRO-001,MARGIN,,[],False,{}
100000.30,0.00,100000.30,USD,IDEALPRO-001,MARGIN,,[],False,{}
100000.00,0.00,100000.00,EUR,IDEALPRO-001,MARGIN,,[],False,{}
100000.30,0.00,100000.30,USD,IDEALPRO-001,MARGIN,,[],False,{}
100000.00,0.00,100000.00,EUR,IDEALPRO-001,MARGIN,,[],False,{}
100000.30,0.00,100000.30,USD,IDEALPRO-001,MARGIN,,[],False,{}
100000.00,0.00,100000.00,EUR,IDEALPRO-001,MARGIN,,[],False,{}
100000.30,0.00,100000.30,USD,IDEALPRO-001,MARGIN,,[],False,{}
100000.00,0.00,100000.00,EUR,IDEALPRO-001,MARGIN,,[],False,{}
100000.30,0.00,100000.30,USD,IDEALPRO-001,MARGIN,,[],False,{}
100000.00,0.00,100000.00,EUR,IDEALPRO-001,MARGIN,,[],False,{}
100000.30,2.35,99997.95,USD,IDEALPRO-001,MARGIN,,"[{'type': 'MarginBalance', 'initial': '0.00', 'maintenance': '2.35', 'currency': 'USD', 'instrument_id': 'EUR/USD.IDEALPRO'}]",False,{}
100000.00,0.00,100000.00,EUR,IDEALPRO-001,MARGIN,,"[{'type': 'MarginBalance', 'initial': '0.00', 'maintenance': '2.35', 'currency': 'USD', 'instrument_id': 'EUR/USD.IDEALPRO'}]",False,{}
100000.30,2.35,99997.95,USD,IDEALPRO-001,MARGIN,,"[{'type': 'MarginBalance', 'initial': '0.00', 'maintenance': '2.35', 'currency': 'USD', 'instrument_id': 'EUR/USD.IDEALPRO'}]",False,{}
100000.00,0.00,100000.00,EUR,IDEALPRO-001,MARGIN,,"[{'type': 'MarginBalance', 'initial': '0.00', 'maintenance': '2.35', 'currency': 'USD', 'instrument_id': 'EUR/USD.IDEALPRO'}]",False,{}
100000.30,2.35,99997.95,USD,IDEALPRO-001,MARGIN,,"[{'type': 'MarginBalance', 'initial': '0.00', 'maintenance': '2.35', 'currency': 'USD', 'instrument_id': 'EUR/USD.IDEALPRO'}]",False,{}
100000.00,0.00,100000.00,EUR,IDEALPRO-001,MARGIN,,"[{'type': 'MarginBalance', 'initial': '0.00', 'maintenance': '2.35', 'currency': 'USD', 'instrument_id': 'EUR/USD.IDEALPRO'}]",False,{}
100000.30,2.35,99997.95,USD,IDEALPRO-001,MARGIN,,"[{'type': 'MarginBalance', 'initial': '0.00', 'maintenance': '2.35', 'currency': 'USD', 'instrument_id': 'EUR/USD.IDEALPRO'}]",False,{}
100000.00,0.00,100000.00,EUR,IDEALPRO-001,MARGIN,,"[{'type': 'MarginBalance', 'initial': '0.00', 'maintenance': '2.35', 'currency': 'USD', 'instrument_id': 'EUR/USD.IDEALPRO'}]",False,{}
100000.31,0.00,100000.31,USD,IDEALPRO-001,MARGIN,,[],False,{}
100000.00,0.00,100000.00,EUR,IDEALPRO-001,MARGIN,,[],False,{}
100000.31,0.00,100000.31,USD,IDEALPRO-001,MARGIN,,[],False,{}
100000.00,0.00,100000.00,EUR,IDEALPRO-001,MARGIN,,[],False,{}
100000.31,0.00,100000.31,USD,IDEALPRO-001,MARGIN,,[],False,{}
100000.00,0.00,100000.00,EUR,IDEALPRO-001,MARGIN,,[],False,{}
100000.31,0.00,100000.31,USD,IDEALPRO-001,MARGIN,,[],False,{}
100000.00,0.00,100000.00,EUR,IDEALPRO-001,MARGIN,,[],False,{}
100000.31,0.00,100000.31,USD,IDEALPRO-001,MARGIN,,[],False,{}
100000.00,0.00,100000.00,EUR,IDEALPRO-001,MARGIN,,[],False,{}
100000.31,0.00,100000.31,USD,IDEALPRO-001,MARGIN,,[],False,{}
100000.00,0.00,100000.00,EUR,IDEALPRO-001,MARGIN,,[],False,{}
100000.31,2.35,99997.96,USD,IDEALPRO-001,MARGIN,,"[{'type': 'MarginBalance', 'initial': '0.00', 'maintenance': '2.35', 'currency': 'USD', 'instrument_id': 'EUR/USD.IDEALPRO'}]",False,{}
100000.00,0.00,100000.00,EUR,IDEALPRO-001,MARGIN,,"[{'type': 'MarginBalance', 'initial': '0.00', 'maintenance': '2.35', 'currency': 'USD', 'instrument_id': 'EUR/USD.IDEALPRO'}]",False,{}
100000.31,2.35,99997.96,USD,IDEALPRO-001,MARGIN,,"[{'type': 'MarginBalance', 'initial': '0.00', 'maintenance': '2.35', 'currency': 'USD', 'instrument_id': 'EUR/USD.IDEALPRO'}]",False,{}
100000.00,0.00,100000.00,EUR,IDEALPRO-001,MARGIN,,"[{'type': 'MarginBalance', 'initial': '0.00', 'maintenance': '2.35', 'currency': 'USD', 'instrument_id': 'EUR/USD.IDEALPRO'}]",False,{}
100000.31,2.35,99997.96,USD,IDEALPRO-001,MARGIN,,"[{'type': 'MarginBalance', 'initial': '0.00', 'maintenance': '2.35', 'currency': 'USD', 'instrument_id': 'EUR/USD.IDEALPRO'}]",False,{}
100000.00,0.00,100000.00,EUR,IDEALPRO-001,MARGIN,,"[{'type': 'MarginBalance', 'initial': '0.00', 'maintenance': '2.35', 'currency': 'USD', 'instrument_id': 'EUR/USD.IDEALPRO'}]",False,{}
100000.31,2.35,99997.96,USD,IDEALPRO-001,MARGIN,,"[{'type': 'MarginBalance', 'initial': '0.00', 'maintenance': '2.35', 'currency': 'USD', 'instrument_id': 'EUR/USD.IDEALPRO'}]",False,{}
100000.00,0.00,100000.00,EUR,IDEALPRO-001,MARGIN,,"[{'type': 'MarginBalance', 'initial': '0.00', 'maintenance': '2.35', 'currency': 'USD', 'instrument_id': 'EUR/USD.IDEALPRO'}]",False,{}
100000.28,0.00,100000.28,USD,IDEALPRO-001,MARGIN,,[],False,{}
100000.00,0.00,100000.00,EUR,IDEALPRO-001,MARGIN,,[],False,{}
100000.28,0.00,100000.28,USD,IDEALPRO-001,MARGIN,,[],False,{}
100000.00,0.00,100000.00,EUR,IDEALPRO-001,MARGIN,,[],False,{}
100000.28,0.00,100000.28,USD,IDEALPRO-001,MARGIN,,[],False,{}
100000.00,0.00,100000.00,EUR,IDEALPRO-001,MARGIN,,[],False,{}
100000.28,0.00,100000.28,USD,IDEALPRO-001,MARGIN,,[],False,{}
100000.00,0.00,100000.00,EUR,IDEALPRO-001,MARGIN,,[],False,{}
100000.28,0.00,100000.28,USD,IDEALPRO-001,MARGIN,,[],False,{}
100000.00,0.00,100000.00,EUR,IDEALPRO-001,MARGIN,,[],False,{}
100000.28,0.00,100000.28,USD,IDEALPRO-001,MARGIN,,[],False,{}
100000.00,0.00,100000.00,EUR,IDEALPRO-001,MARGIN,,[],False,{}
100000.28,2.35,99997.93,USD,IDEALPRO-001,MARGIN,,"[{'type': 'MarginBalance', 'initial': '0.00', 'maintenance': '2.35', 'currency': 'USD', 'instrument_id': 'EUR/USD.IDEALPRO'}]",False,{}
100000.00,0.00,100000.00,EUR,IDEALPRO-001,MARGIN,,"[{'type': 'MarginBalance', 'initial': '0.00', 'maintenance': '2.35', 'currency': 'USD', 'instrument_id': 'EUR/USD.IDEALPRO'}]",False,{}
100000.28,2.35,99997.93,USD,IDEALPRO-001,MARGIN,,"[{'type': 'MarginBalance', 'initial': '0.00', 'maintenance': '2.35', 'currency': 'USD', 'instrument_id': 'EUR/USD.IDEALPRO'}]",False,{}
100000.00,0.00,100000.00,EUR,IDEALPRO-001,MARGIN,,"[{'type': 'MarginBalance', 'initial': '0.00', 'maintenance': '2.35', 'currency': 'USD', 'instrument_id': 'EUR/USD.IDEALPRO'}]",False,{}
100000.28,2.35,99997.93,USD,IDEALPRO-001,MARGIN,,"[{'type': 'MarginBalance', 'initial': '0.00', 'maintenance': '2.35', 'currency': 'USD', 'instrument_id': 'EUR/USD.IDEALPRO'}]",False,{}
100000.00,0.00,100000.00,EUR,IDEALPRO-001,MARGIN,,"[{'type': 'MarginBalance', 'initial': '0.00', 'maintenance': '2.35', 'currency': 'USD', 'instrument_id': 'EUR/USD.IDEALPRO'}]",False,{}
100000.28,2.35,99997.93,USD,IDEALPRO-001,MARGIN,,"[{'type': 'MarginBalance', 'initial': '0.00', 'maintenance': '2.35', 'currency': 'USD', 'instrument_id': 'EUR/USD.IDEALPRO'}]",False,{}
100000.00,0.00,100000.00,EUR,IDEALPRO-001,MARGIN,,"[{'type': 'MarginBalance', 'initial': '0.00', 'maintenance': '2.35', 'currency': 'USD', 'instrument_id': 'EUR/USD.IDEALPRO'}]",False,{}
100000.37,0.00,100000.37,USD,IDEALPRO-001,MARGIN,,[],False,{}
100000.00,0.00,100000.00,EUR,IDEALPRO-001,MARGIN,,[],False,{}
100000.37,0.00,100000.37,USD,IDEALPRO-001,MARGIN,,[],False,{}
100000.00,0.00,100000.00,EUR,IDEALPRO-001,MARGIN,,[],False,{}
100000.37,0.00,100000.37,USD,IDEALPRO-001,MARGIN,,[],False,{}
100000.00,0.00,100000.00,EUR,IDEALPRO-001,MARGIN,,[],False,{}
100000.37,0.00,100000.37,USD,IDEALPRO-001,MARGIN,,[],False,{}
100000.00,0.00,100000.00,EUR,IDEALPRO-001,MARGIN,,[],False,{}
100000.37,0.00,100000.37,USD,IDEALPRO-001,MARGIN,,[],False,{}
100000.00,0.00,100000.00,EUR,IDEALPRO-001,MARGIN,,[],False,{}
100000.37,0.00,100000.37,USD,IDEALPRO-001,MARGIN,,[],False,{}
100000.00,0.00,100000.00,EUR,IDEALPRO-001,MARGIN,,[],False,{}
100000.37,2.35,99998.02,USD,IDEALPRO-001,MARGIN,,"[{'type': 'MarginBalance', 'initial': '0.00', 'maintenance': '2.35', 'currency': 'USD', 'instrument_id': 'EUR/USD.IDEALPRO'}]",False,{}
100000.00,0.00,100000.00,EUR,IDEALPRO-001,MARGIN,,"[{'type': 'MarginBalance', 'initial': '0.00', 'maintenance': '2.35', 'currency': 'USD', 'instrument_id': 'EUR/USD.IDEALPRO'}]",False,{}
100000.37,2.35,99998.02,USD,IDEALPRO-001,MARGIN,,"[{'type': 'MarginBalance', 'initial': '0.00', 'maintenance': '2.35', 'currency': 'USD', 'instrument_id': 'EUR/USD.IDEALPRO'}]",False,{}
100000.00,0.00,100000.00,EUR,IDEALPRO-001,MARGIN,,"[{'type': 'MarginBalance', 'initial': '0.00', 'maintenance': '2.35', 'currency': 'USD', 'instrument_id': 'EUR/USD.IDEALPRO'}]",False,{}
100000.37,2.35,99998.02,USD,IDEALPRO-001,MARGIN,,"[{'type': 'MarginBalance', 'initial': '0.00', 'maintenance': '2.35', 'currency': 'USD', 'instrument_id': 'EUR/USD.IDEALPRO'}]",False,{}
100000.00,0.00,100000.00,EUR,IDEALPRO-001,MARGIN,,"[{'type': 'MarginBalance', 'initial': '0.00', 'maintenance': '2.35', 'currency': 'USD', 'instrument_id': 'EUR/USD.IDEALPRO'}]",False,{}
100000.37,2.35,99998.02,USD,IDEALPRO-001,MARGIN,,"[{'type': 'MarginBalance', 'initial': '0.00', 'maintenance': '2.35', 'currency': 'USD', 'instrument_id': 'EUR/USD.IDEALPRO'}]",False,{}
100000.00,0.00,100000.00,EUR,IDEALPRO-001,MARGIN,,"[{'type': 'MarginBalance', 'initial': '0.00', 'maintenance': '2.35', 'currency': 'USD', 'instrument_id': 'EUR/USD.IDEALPRO'}]",False,{}
100000.47,0.00,100000.47,USD,IDEALPRO-001,MARGIN,,[],False,{}
100000.00,0.00,100000.00,EUR,IDEALPRO-001,MARGIN,,[],False,{}
100000.47,0.00,100000.47,USD,IDEALPRO-001,MARGIN,,[],False,{}
100000.00,0.00,100000.00,EUR,IDEALPRO-001,MARGIN,,[],False,{}
100000.47,0.00,100000.47,USD,IDEALPRO-001,MARGIN,,[],False,{}
100000.00,0.00,100000.00,EUR,IDEALPRO-001,MARGIN,,[],False,{}
100000.47,0.00,100000.47,USD,IDEALPRO-001,MARGIN,,[],False,{}
100000.00,0.00,100000.00,EUR,IDEALPRO-001,MARGIN,,[],False,{}
100000.47,0.00,100000.47,USD,IDEALPRO-001,MARGIN,,[],False,{}
100000.00,0.00,100000.00,EUR,IDEALPRO-001,MARGIN,,[],False,{}
100000.47,0.00,100000.47,USD,IDEALPRO-001,MARGIN,,[],False,{}
100000.00,0.00,100000.00,EUR,IDEALPRO-001,MARGIN,,[],False,{}
100000.47,2.35,99998.12,USD,IDEALPRO-001,MARGIN,,"[{'type': 'MarginBalance', 'initial': '0.00', 'maintenance': '2.35', 'currency': 'USD', 'instrument_id': 'EUR/USD.IDEALPRO'}]",False,{}
100000.00,0.00,100000.00,EUR,IDEALPRO-001,MARGIN,,"[{'type': 'MarginBalance', 'initial': '0.00', 'maintenance': '2.35', 'currency': 'USD', 'instrument_id': 'EUR/USD.IDEALPRO'}]",False,{}
100000.47,2.35,99998.12,USD,IDEALPRO-001,MARGIN,,"[{'type': 'MarginBalance', 'initial': '0.00', 'maintenance': '2.35', 'currency': 'USD', 'instrument_id': 'EUR/USD.IDEALPRO'}]",False,{}
100000.00,0.00,100000.00,EUR,IDEALPRO-001,MARGIN,,"[{'type': 'MarginBalance', 'initial': '0.00', 'maintenance': '2.35', 'currency': 'USD', 'instrument_id': 'EUR/USD.IDEALPRO'}]",False,{}
100000.47,2.35,99998.12,USD,IDEALPRO-001,MARGIN,,"[{'type': 'MarginBalance', 'initial': '0.00', 'maintenance': '2.35', 'currency': 'USD', 'instrument_id': 'EUR/USD.IDEALPRO'}]",False,{}
100000.00,0.00,100000.00,EUR,IDEALPRO-001,MARGIN,,"[{'type': 'MarginBalance', 'initial': '0.00', 'maintenance': '2.35', 'currency': 'USD', 'instrument_id': 'EUR/USD.IDEALPRO'}]",False,{}
100000.47,2.35,99998.12,USD,IDEALPRO-001,MARGIN,,"[{'type': 'MarginBalance', 'initial': '0.00', 'maintenance': '2.35', 'currency': 'USD', 'instrument_id': 'EUR/USD.IDEALPRO'}]",False,{}
100000.00,0.00,100000.00,EUR,IDEALPRO-001,MARGIN,,"[{'type': 'MarginBalance', 'initial': '0.00', 'maintenance': '2.35', 'currency': 'USD', 'instrument_id': 'EUR/USD.IDEALPRO'}]",False,{}
100000.46,0.00,100000.46,USD,IDEALPRO-001,MARGIN,,[],False,{}
100000.00,0.00,100000.00,EUR,IDEALPRO-001,MARGIN,,[],False,{}
100000.46,0.00,100000.46,USD,IDEALPRO-001,MARGIN,,[],False,{}
100000.00,0.00,100000.00,EUR,IDEALPRO-001,MARGIN,,[],False,{}
100000.46,0.00,100000.46,USD,IDEALPRO-001,MARGIN,,[],False,{}
100000.00,0.00,100000.00,EUR,IDEALPRO-001,MARGIN,,[],False,{}
100000.46,0.00,100000.46,USD,IDEALPRO-001,MARGIN,,[],False,{}
100000.00,0.00,100000.00,EUR,IDEALPRO-001,MARGIN,,[],False,{}
100000.46,0.00,100000.46,USD,IDEALPRO-001,MARGIN,,[],False,{}
100000.00,0.00,100000.00,EUR,IDEALPRO-001,MARGIN,,[],False,{}
100000.46,0.00,100000.46,USD,IDEALPRO-001,MARGIN,,[],False,{}
100000.00,0.00,100000.00,EUR,IDEALPRO-001,MARGIN,,[],False,{}
100000.46,2.35,99998.11,USD,IDEALPRO-001,MARGIN,,"[{'type': 'MarginBalance', 'initial': '0.00', 'maintenance': '2.35', 'currency': 'USD', 'instrument_id': 'EUR/USD.IDEALPRO'}]",False,{}
100000.00,0.00,100000.00,EUR,IDEALPRO-001,MARGIN,,"[{'type': 'MarginBalance', 'initial': '0.00', 'maintenance': '2.35', 'currency': 'USD', 'instrument_id': 'EUR/USD.IDEALPRO'}]",False,{}
100000.46,2.35,99998.11,USD,IDEALPRO-001,MARGIN,,"[{'type': 'MarginBalance', 'initial': '0.00', 'maintenance': '2.35', 'currency': 'USD', 'instrument_id': 'EUR/USD.IDEALPRO'}]",False,{}
100000.00,0.00,100000.00,EUR,IDEALPRO-001,MARGIN,,"[{'type': 'MarginBalance', 'initial': '0.00', 'maintenance': '2.35', 'currency': 'USD', 'instrument_id': 'EUR/USD.IDEALPRO'}]",False,{}
100000.46,2.35,99998.11,USD,IDEALPRO-001,MARGIN,,"[{'type': 'MarginBalance', 'initial': '0.00', 'maintenance': '2.35', 'currency': 'USD', 'instrument_id': 'EUR/USD.IDEALPRO'}]",False,{}
100000.00,0.00,100000.00,EUR,IDEALPRO-001,MARGIN,,"[{'type': 'MarginBalance', 'initial': '0.00', 'maintenance': '2.35', 'currency': 'USD', 'instrument_id': 'EUR/USD.IDEALPRO'}]",False,{}
100000.46,2.35,99998.11,USD,IDEALPRO-001,MARGIN,,"[{'type': 'MarginBalance', 'initial': '0.00', 'maintenance': '2.35', 'currency': 'USD', 'instrument_id': 'EUR/USD.IDEALPRO'}]",False,{}
100000.00,0.00,100000.00,EUR,IDEALPRO-001,MARGIN,,"[{'type': 'MarginBalance', 'initial': '0.00', 'maintenance': '2.35', 'currency': 'USD', 'instrument_id': 'EUR/USD.IDEALPRO'}]",False,{}
100000.54,0.00,100000.54,USD,IDEALPRO-001,MARGIN,,[],False,{}
100000.00,0.00,100000.00,EUR,IDEALPRO-001,MARGIN,,[],False,{}
100000.54,0.00,100000.54,USD,IDEALPRO-001,MARGIN,,[],False,{}
100000.00,0.00,100000.00,EUR,IDEALPRO-001,MARGIN,,[],False,{}
100000.54,0.00,100000.54,USD,IDEALPRO-001,MARGIN,,[],False,{}
100000.00,0.00,100000.00,EUR,IDEALPRO-001,MARGIN,,[],False,{}
100000.54,0.00,100000.54,USD,IDEALPRO-001,MARGIN,,[],False,{}
100000.00,0.00,100000.00,EUR,IDEALPRO-001,MARGIN,,[],False,{}
100000.54,0.00,100000.54,USD,IDEALPRO-001,MARGIN,,[],False,{}
100000.00,0.00,100000.00,EUR,IDEALPRO-001,MARGIN,,[],False,{}
100000.54,0.00,100000.54,USD,IDEALPRO-001,MARGIN,,[],False,{}
100000.00,0.00,100000.00,EUR,IDEALPRO-001,MARGIN,,[],False,{}
100000.54,2.36,99998.18,USD,IDEALPRO-001,MARGIN,,"[{'type': 'MarginBalance', 'initial': '0.00', 'maintenance': '2.36', 'currency': 'USD', 'instrument_id': 'EUR/USD.IDEALPRO'}]",False,{}
100000.00,0.00,100000.00,EUR,IDEALPRO-001,MARGIN,,"[{'type': 'MarginBalance', 'initial': '0.00', 'maintenance': '2.36', 'currency': 'USD', 'instrument_id': 'EUR/USD.IDEALPRO'}]",False,{}
100000.54,2.35,99998.19,USD,IDEALPRO-001,MARGIN,,"[{'type': 'MarginBalance', 'initial': '0.00', 'maintenance': '2.35', 'currency': 'USD', 'instrument_id': 'EUR/USD.IDEALPRO'}]",False,{}
100000.00,0.00,100000.00,EUR,IDEALPRO-001,MARGIN,,"[{'type': 'MarginBalance', 'initial': '0.00', 'maintenance': '2.35', 'currency': 'USD', 'instrument_id': 'EUR/USD.IDEALPRO'}]",False,{}
100000.54,2.35,99998.19,USD,IDEALPRO-001,MARGIN,,"[{'type': 'MarginBalance', 'initial': '0.00', 'maintenance': '2.35', 'currency': 'USD', 'instrument_id': 'EUR/USD.IDEALPRO'}]",False,{}
100000.00,0.00,100000.00,EUR,IDEALPRO-001,MARGIN,,"[{'type': 'MarginBalance', 'initial': '0.00', 'maintenance': '2.35', 'currency': 'USD', 'instrument_id': 'EUR/USD.IDEALPRO'}]",False,{}
100000.54,2.35,99998.19,USD,IDEALPRO-001,MARGIN,,"[{'type': 'MarginBalance', 'initial': '0.00', 'maintenance': '2.35', 'currency': 'USD', 'instrument_id': 'EUR/USD.IDEALPRO'}]",False,{}
100000.00,0.00,100000.00,EUR,IDEALPRO-001,MARGIN,,"[{'type': 'MarginBalance', 'initial': '0.00', 'maintenance': '2.35', 'currency': 'USD', 'instrument_id': 'EUR/USD.IDEALPRO'}]",False,{}
100000.56,0.00,100000.56,USD,IDEALPRO-001,MARGIN,,[],False,{}
100000.00,0.00,100000.00,EUR,IDEALPRO-001,MARGIN,,[],False,{}
100000.56,0.00,100000.56,USD,IDEALPRO-001,MARGIN,,[],False,{}
100000.00,0.00,100000.00,EUR,IDEALPRO-001,MARGIN,,[],False,{}
100000.56,0.00,100000.56,USD,IDEALPRO-001,MARGIN,,[],False,{}
100000.00,0.00,100000.00,EUR,IDEALPRO-001,MARGIN,,[],False,{}
100000.56,0.00,100000.56,USD,IDEALPRO-001,MARGIN,,[],False,{}
100000.00,0.00,100000.00,EUR,IDEALPRO-001,MARGIN,,[],False,{}
100000.56,0.00,100000.56,USD,IDEALPRO-001,MARGIN,,[],False,{}
100000.00,0.00,100000.00,EUR,IDEALPRO-001,MARGIN,,[],False,{}
100000.56,0.00,100000.56,USD,IDEALPRO-001,MARGIN,,[],False,{}
100000.00,0.00,100000.00,EUR,IDEALPRO-001,MARGIN,,[],False,{}
100000.56,2.36,99998.20,USD,IDEALPRO-001,MARGIN,,"[{'type': 'MarginBalance', 'initial': '0.00', 'maintenance': '2.36', 'currency': 'USD', 'instrument_id': 'EUR/USD.IDEALPRO'}]",False,{}
100000.00,0.00,100000.00,EUR,IDEALPRO-001,MARGIN,,"[{'type': 'MarginBalance', 'initial': '0.00', 'maintenance': '2.36', 'currency': 'USD', 'instrument_id': 'EUR/USD.IDEALPRO'}]",False,{}
100000.56,2.36,99998.20,USD,IDEALPRO-001,MARGIN,,"[{'type': 'MarginBalance', 'initial': '0.00', 'maintenance': '2.36', 'currency': 'USD', 'instrument_id': 'EUR/USD.IDEALPRO'}]",False,{}
100000.00,0.00,100000.00,EUR,IDEALPRO-001,MARGIN,,"[{'type': 'MarginBalance', 'initial': '0.00', 'maintenance': '2.36', 'currency': 'USD', 'instrument_id': 'EUR/USD.IDEALPRO'}]",False,{}
100000.56,2.36,99998.20,USD,IDEALPRO-001,MARGIN,,"[{'type': 'MarginBalance', 'initial': '0.00', 'maintenance': '2.36', 'currency': 'USD', 'instrument_id': 'EUR/USD.IDEALPRO'}]",False,{}
100000.00,0.00,100000.00,EUR,IDEALPRO-001,MARGIN,,"[{'type': 'MarginBalance', 'initial': '0.00', 'maintenance': '2.36', 'currency': 'USD', 'instrument_id': 'EUR/USD.IDEALPRO'}]",False,{}
100000.56,2.36,99998.20,USD,IDEALPRO-001,MARGIN,,"[{'type': 'MarginBalance', 'initial': '0.00', 'maintenance': '2.36', 'currency': 'USD', 'instrument_id': 'EUR/USD.IDEALPRO'}]",False,{}
100000.00,0.00,100000.00,EUR,IDEALPRO-001,MARGIN,,"[{'type': 'MarginBalance', 'initial': '0.00', 'maintenance': '2.36', 'currency': 'USD', 'instrument_id': 'EUR/USD.IDEALPRO'}]",False,{}
100000.57,0.00,100000.57,USD,IDEALPRO-001,MARGIN,,[],False,{}
100000.00,0.00,100000.00,EUR,IDEALPRO-001,MARGIN,,[],False,{}
100000.57,0.00,100000.57,USD,IDEALPRO-001,MARGIN,,[],False,{}
100000.00,0.00,100000.00,EUR,IDEALPRO-001,MARGIN,,[],False,{}
100000.57,0.00,100000.57,USD,IDEALPRO-001,MARGIN,,[],False,{}
100000.00,0.00,100000.00,EUR,IDEALPRO-001,MARGIN,,[],False,{}
100000.57,0.00,100000.57,USD,IDEALPRO-001,MARGIN,,[],False,{}
100000.00,0.00,100000.00,EUR,IDEALPRO-001,MARGIN,,[],False,{}
100000.57,0.00,100000.57,USD,IDEALPRO-001,MARGIN,,[],False,{}
100000.00,0.00,100000.00,EUR,IDEALPRO-001,MARGIN,,[],False,{}
100000.57,0.00,100000.57,USD,IDEALPRO-001,MARGIN,,[],False,{}
100000.00,0.00,100000.00,EUR,IDEALPRO-001,MARGIN,,[],False,{}
100000.57,2.35,99998.22,USD,IDEALPRO-001,MARGIN,,"[{'type': 'MarginBalance', 'initial': '0.00', 'maintenance': '2.35', 'currency': 'USD', 'instrument_id': 'EUR/USD.IDEALPRO'}]",False,{}
100000.00,0.00,100000.00,EUR,IDEALPRO-001,MARGIN,,"[{'type': 'MarginBalance', 'initial': '0.00', 'maintenance': '2.35', 'currency': 'USD', 'instrument_id': 'EUR/USD.IDEALPRO'}]",False,{}
100000.57,2.35,99998.22,USD,IDEALPRO-001,MARGIN,,"[{'type': 'MarginBalance', 'initial': '0.00', 'maintenance': '2.35', 'currency': 'USD', 'instrument_id': 'EUR/USD.IDEALPRO'}]",False,{}
100000.00,0.00,100000.00,EUR,IDEALPRO-001,MARGIN,,"[{'type': 'MarginBalance', 'initial': '0.00', 'maintenance': '2.35', 'currency': 'USD', 'instrument_id': 'EUR/USD.IDEALPRO'}]",False,{}
100000.57,2.35,99998.22,USD,IDEALPRO-001,MARGIN,,"[{'type': 'MarginBalance', 'initial': '0.00', 'maintenance': '2.35', 'currency': 'USD', 'instrument_id': 'EUR/USD.IDEALPRO'}]",False,{}
100000.00,0.00,100000.00,EUR,IDEALPRO-001,MARGIN,,"[{'type': 'MarginBalance', 'initial': '0.00', 'maintenance': '2.35', 'currency': 'USD', 'instrument_id': 'EUR/USD.IDEALPRO'}]",False,{}
100000.57,2.35,99998.22,USD,IDEALPRO-001,MARGIN,,"[{'type': 'MarginBalance', 'initial': '0.00', 'maintenance': '2.35', 'currency': 'USD', 'instrument_id': 'EUR/USD.IDEALPRO'}]",False,{}
100000.00,0.00,100000.00,EUR,IDEALPRO-001,MARGIN,,"[{'type': 'MarginBalance', 'initial': '0.00', 'maintenance': '2.35', 'currency': 'USD', 'instrument_id': 'EUR/USD.IDEALPRO'}]",False,{}
100000.57,0.00,100000.57,USD,IDEALPRO-001,MARGIN,,[],False,{}
100000.00,0.00,100000.00,EUR,IDEALPRO-001,MARGIN,,[],False,{}
100000.57,0.00,100000.57,USD,IDEALPRO-001,MARGIN,,[],False,{}
100000.00,0.00,100000.00,EUR,IDEALPRO-001,MARGIN,,[],False,{}
100000.57,0.00,100000.57,USD,IDEALPRO-001,MARGIN,,[],False,{}
100000.00,0.00,100000.00,EUR,IDEALPRO-001,MARGIN,,[],False,{}
100000.57,0.00,100000.57,USD,IDEALPRO-001,MARGIN,,[],False,{}
100000.00,0.00,100000.00,EUR,IDEALPRO-001,MARGIN,,[],False,{}
100000.57,0.00,100000.57,USD,IDEALPRO-001,MARGIN,,[],False,{}
100000.00,0.00,100000.00,EUR,IDEALPRO-001,MARGIN,,[],False,{}
100000.57,0.00,100000.57,USD,IDEALPRO-001,MARGIN,,[],False,{}
100000.00,0.00,100000.00,EUR,IDEALPRO-001,MARGIN,,[],False,{}
100000.57,2.35,99998.22,USD,IDEALPRO-001,MARGIN,,"[{'type': 'MarginBalance', 'initial': '0.00', 'maintenance': '2.35', 'currency': 'USD', 'instrument_id': 'EUR/USD.IDEALPRO'}]",False,{}
100000.00,0.00,100000.00,EUR,IDEALPRO-001,MARGIN,,"[{'type': 'MarginBalance', 'initial': '0.00', 'maintenance': '2.35', 'currency': 'USD', 'instrument_id': 'EUR/USD.IDEALPRO'}]",False,{}
100000.57,2.35,99998.22,USD,IDEALPRO-001,MARGIN,,"[{'type': 'MarginBalance', 'initial': '0.00', 'maintenance': '2.35', 'currency': 'USD', 'instrument_id': 'EUR/USD.IDEALPRO'}]",False,{}
100000.00,0.00,100000.00,EUR,IDEALPRO-001,MARGIN,,"[{'type': 'MarginBalance', 'initial': '0.00', 'maintenance': '2.35', 'currency': 'USD', 'instrument_id': 'EUR/USD.IDEALPRO'}]",False,{}
100000.57,2.35,99998.22,USD,IDEALPRO-001,MARGIN,,"[{'type': 'MarginBalance', 'initial': '0.00', 'maintenance': '2.35', 'currency': 'USD', 'instrument_id': 'EUR/USD.IDEALPRO'}]",False,{}
100000.00,0.00,100000.00,EUR,IDEALPRO-001,MARGIN,,"[{'type': 'MarginBalance', 'initial': '0.00', 'maintenance': '2.35', 'currency': 'USD', 'instrument_id': 'EUR/USD.IDEALPRO'}]",False,{}
100000.57,2.35,99998.22,USD,IDEALPRO-001,MARGIN,,"[{'type': 'MarginBalance', 'initial': '0.00', 'maintenance': '2.35', 'currency': 'USD', 'instrument_id': 'EUR/USD.IDEALPRO'}]",False,{}
100000.00,0.00,100000.00,EUR,IDEALPRO-001,MARGIN,,"[{'type': 'MarginBalance', 'initial': '0.00', 'maintenance': '2.35', 'currency': 'USD', 'instrument_id': 'EUR/USD.IDEALPRO'}]",False,{}
100000.55,0.00,100000.55,USD,IDEALPRO-001,MARGIN,,[],False,{}
100000.00,0.00,100000.00,EUR,IDEALPRO-001,MARGIN,,[],False,{}
100000.55,0.00,100000.55,USD,IDEALPRO-001,MARGIN,,[],False,{}
100000.00,0.00,100000.00,EUR,IDEALPRO-001,MARGIN,,[],False,{}
100000.55,0.00,100000.55,USD,IDEALPRO-001,MARGIN,,[],False,{}
100000.00,0.00,100000.00,EUR,IDEALPRO-001,MARGIN,,[],False,{}
100000.55,0.00,100000.55,USD,IDEALPRO-001,MARGIN,,[],False,{}
100000.00,0.00,100000.00,EUR,IDEALPRO-001,MARGIN,,[],False,{}
100000.55,0.00,100000.55,USD,IDEALPRO-001,MARGIN,,[],False,{}
100000.00,0.00,100000.00,EUR,IDEALPRO-001,MARGIN,,[],False,{}
100000.55,0.00,100000.55,USD,IDEALPRO-001,MARGIN,,[],False,{}
100000.00,0.00,100000.00,EUR,IDEALPRO-001,MARGIN,,[],False,{}
100000.55,2.36,99998.19,USD,IDEALPRO-001,MARGIN,,"[{'type': 'MarginBalance', 'initial': '0.00', 'maintenance': '2.36', 'currency': 'USD', 'instrument_id': 'EUR/USD.IDEALPRO'}]",False,{}
100000.00,0.00,100000.00,EUR,IDEALPRO-001,MARGIN,,"[{'type': 'MarginBalance', 'initial': '0.00', 'maintenance': '2.36', 'currency': 'USD', 'instrument_id': 'EUR/USD.IDEALPRO'}]",False,{}
100000.55,2.36,99998.19,USD,IDEALPRO-001,MARGIN,,"[{'type': 'MarginBalance', 'initial': '0.00', 'maintenance': '2.36', 'currency': 'USD', 'instrument_id': 'EUR/USD.IDEALPRO'}]",False,{}
100000.00,0.00,100000.00,EUR,IDEALPRO-001,MARGIN,,"[{'type': 'MarginBalance', 'initial': '0.00', 'maintenance': '2.36', 'currency': 'USD', 'instrument_id': 'EUR/USD.IDEALPRO'}]",False,{}
100000.55,2.36,99998.19,USD,IDEALPRO-001,MARGIN,,"[{'type': 'MarginBalance', 'initial': '0.00', 'maintenance': '2.36', 'currency': 'USD', 'instrument_id': 'EUR/USD.IDEALPRO'}]",False,{}
100000.00,0.00,100000.00,EUR,IDEALPRO-001,MARGIN,,"[{'type': 'MarginBalance', 'initial': '0.00', 'maintenance': '2.36', 'currency': 'USD', 'instrument_id': 'EUR/USD.IDEALPRO'}]",False,{}
100000.55,2.36,99998.19,USD,IDEALPRO-001,MARGIN,,"[{'type': 'MarginBalance', 'initial': '0.00', 'maintenance': '2.36', 'currency': 'USD', 'instrument_id': 'EUR/USD.IDEALPRO'}]",False,{}
100000.00,0.00,100000.00,EUR,IDEALPRO-001,MARGIN,,"[{'type': 'MarginBalance', 'initial': '0.00', 'maintenance': '2.36', 'currency': 'USD', 'instrument_id': 'EUR/USD.IDEALPRO'}]",False,{}
100000.65,0.00,100000.65,USD,IDEALPRO-001,MARGIN,,[],False,{}
100000.00,0.00,100000.00,EUR,IDEALPRO-001,MARGIN,,[],False,{}
100000.65,0.00,100000.65,USD,IDEALPRO-001,MARGIN,,[],False,{}
100000.00,0.00,100000.00,EUR,IDEALPRO-001,MARGIN,,[],False,{}
100000.65,0.00,100000.65,USD,IDEALPRO-001,MARGIN,,[],False,{}
100000.00,0.00,100000.00,EUR,IDEALPRO-001,MARGIN,,[],False,{}
100000.65,0.00,100000.65,USD,IDEALPRO-001,MARGIN,,[],False,{}
100000.00,0.00,100000.00,EUR,IDEALPRO-001,MARGIN,,[],False,{}
100000.65,0.00,100000.65,USD,IDEALPRO-001,MARGIN,,[],False,{}
100000.00,0.00,100000.00,EUR,IDEALPRO-001,MARGIN,,[],False,{}
100000.65,0.00,100000.65,USD,IDEALPRO-001,MARGIN,,[],False,{}
100000.00,0.00,100000.00,EUR,IDEALPRO-001,MARGIN,,[],False,{}
100000.65,2.36,99998.29,USD,IDEALPRO-001,MARGIN,,"[{'type': 'MarginBalance', 'initial': '0.00', 'maintenance': '2.36', 'currency': 'USD', 'instrument_id': 'EUR/USD.IDEALPRO'}]",False,{}
100000.00,0.00,100000.00,EUR,IDEALPRO-001,MARGIN,,"[{'type': 'MarginBalance', 'initial': '0.00', 'maintenance': '2.36', 'currency': 'USD', 'instrument_id': 'EUR/USD.IDEALPRO'}]",False,{}
100000.65,2.36,99998.29,USD,IDEALPRO-001,MARGIN,,"[{'type': 'MarginBalance', 'initial': '0.00', 'maintenance': '2.36', 'currency': 'USD', 'instrument_id': 'EUR/USD.IDEALPRO'}]",False,{}
100000.00,0.00,100000.00,EUR,IDEALPRO-001,MARGIN,,"[{'type': 'MarginBalance', 'initial': '0.00', 'maintenance': '2.36', 'currency': 'USD', 'instrument_id': 'EUR/USD.IDEALPRO'}]",False,{}
100000.65,2.36,99998.29,USD,IDEALPRO-001,MARGIN,,"[{'type': 'MarginBalance', 'initial': '0.00', 'maintenance': '2.36', 'currency': 'USD', 'instrument_id': 'EUR/USD.IDEALPRO'}]",False,{}
100000.00,0.00,100000.00,EUR,IDEALPRO-001,MARGIN,,"[{'type': 'MarginBalance', 'initial': '0.00', 'maintenance': '2.36', 'currency': 'USD', 'instrument_id': 'EUR/USD.IDEALPRO'}]",False,{}
100000.65,2.36,99998.29,USD,IDEALPRO-001,MARGIN,,"[{'type': 'MarginBalance', 'initial': '0.00', 'maintenance': '2.36', 'currency': 'USD', 'instrument_id': 'EUR/USD.IDEALPRO'}]",False,{}
100000.00,0.00,100000.00,EUR,IDEALPRO-001,MARGIN,,"[{'type': 'MarginBalance', 'initial': '0.00', 'maintenance': '2.36', 'currency': 'USD', 'instrument_id': 'EUR/USD.IDEALPRO'}]",False,{}
100000.69,0.00,100000.69,USD,IDEALPRO-001,MARGIN,,[],False,{}
100000.00,0.00,100000.00,EUR,IDEALPRO-001,MARGIN,,[],False,{}
100000.69,0.00,100000.69,USD,IDEALPRO-001,MARGIN,,[],False,{}
100000.00,0.00,100000.00,EUR,IDEALPRO-001,MARGIN,,[],False,{}
100000.69,0.00,100000.69,USD,IDEALPRO-001,MARGIN,,[],False,{}
100000.00,0.00,100000.00,EUR,IDEALPRO-001,MARGIN,,[],False,{}
100000.69,0.00,100000.69,USD,IDEALPRO-001,MARGIN,,[],False,{}
100000.00,0.00,100000.00,EUR,IDEALPRO-001,MARGIN,,[],False,{}
100000.69,0.00,100000.69,USD,IDEALPRO-001,MARGIN,,[],False,{}
100000.00,0.00,100000.00,EUR,IDEALPRO-001,MARGIN,,[],False,{}
100000.69,0.00,100000.69,USD,IDEALPRO-001,MARGIN,,[],False,{}
100000.00,0.00,100000.00,EUR,IDEALPRO-001,MARGIN,,[],False,{}
100000.69,2.36,99998.33,USD,IDEALPRO-001,MARGIN,,"[{'type': 'MarginBalance', 'initial': '0.00', 'maintenance': '2.36', 'currency': 'USD', 'instrument_id': 'EUR/USD.IDEALPRO'}]",False,{}
100000.00,0.00,100000.00,EUR,IDEALPRO-001,MARGIN,,"[{'type': 'MarginBalance', 'initial': '0.00', 'maintenance': '2.36', 'currency': 'USD', 'instrument_id': 'EUR/USD.IDEALPRO'}]",False,{}
100000.69,2.36,99998.33,USD,IDEALPRO-001,MARGIN,,"[{'type': 'MarginBalance', 'initial': '0.00', 'maintenance': '2.36', 'currency': 'USD', 'instrument_id': 'EUR/USD.IDEALPRO'}]",False,{}
100000.00,0.00,100000.00,EUR,IDEALPRO-001,MARGIN,,"[{'type': 'MarginBalance', 'initial': '0.00', 'maintenance': '2.36', 'currency': 'USD', 'instrument_id': 'EUR/USD.IDEALPRO'}]",False,{}
100000.69,2.36,99998.33,USD,IDEALPRO-001,MARGIN,,"[{'type': 'MarginBalance', 'initial': '0.00', 'maintenance': '2.36', 'currency': 'USD', 'instrument_id': 'EUR/USD.IDEALPRO'}]",False,{}
100000.00,0.00,100000.00,EUR,IDEALPRO-001,MARGIN,,"[{'type': 'MarginBalance', 'initial': '0.00', 'maintenance': '2.36', 'currency': 'USD', 'instrument_id': 'EUR/USD.IDEALPRO'}]",False,{}
100000.69,2.36,99998.33,USD,IDEALPRO-001,MARGIN,,"[{'type': 'MarginBalance', 'initial': '0.00', 'maintenance': '2.36', 'currency': 'USD', 'instrument_id': 'EUR/USD.IDEALPRO'}]",False,{}
100000.00,0.00,100000.00,EUR,IDEALPRO-001,MARGIN,,"[{'type': 'MarginBalance', 'initial': '0.00', 'maintenance': '2.36', 'currency': 'USD', 'instrument_id': 'EUR/USD.IDEALPRO'}]",False,{}
100000.69,0.00,100000.69,USD,IDEALPRO-001,MARGIN,,[],False,{}
100000.00,0.00,100000.00,EUR,IDEALPRO-001,MARGIN,,[],False,{}
100000.69,0.00,100000.69,USD,IDEALPRO-001,MARGIN,,[],False,{}
100000.00,0.00,100000.00,EUR,IDEALPRO-001,MARGIN,,[],False,{}
100000.69,0.00,100000.69,USD,IDEALPRO-001,MARGIN,,[],False,{}
100000.00,0.00,100000.00,EUR,IDEALPRO-001,MARGIN,,[],False,{}
100000.69,0.00,100000.69,USD,IDEALPRO-001,MARGIN,,[],False,{}
100000.00,0.00,100000.00,EUR,IDEALPRO-001,MARGIN,,[],False,{}
100000.69,0.00,100000.69,USD,IDEALPRO-001,MARGIN,,[],False,{}
100000.00,0.00,100000.00,EUR,IDEALPRO-001,MARGIN,,[],False,{}
100000.69,0.00,100000.69,USD,IDEALPRO-001,MARGIN,,[],False,{}
100000.00,0.00,100000.00,EUR,IDEALPRO-001,MARGIN,,[],False,{}
100000.69,2.36,99998.33,USD,IDEALPRO-001,MARGIN,,"[{'type': 'MarginBalance', 'initial': '0.00', 'maintenance': '2.36', 'currency': 'USD', 'instrument_id': 'EUR/USD.IDEALPRO'}]",False,{}
100000.00,0.00,100000.00,EUR,IDEALPRO-001,MARGIN,,"[{'type': 'MarginBalance', 'initial': '0.00', 'maintenance': '2.36', 'currency': 'USD', 'instrument_id': 'EUR/USD.IDEALPRO'}]",False,{}
100000.69,2.36,99998.33,USD,IDEALPRO-001,MARGIN,,"[{'type': 'MarginBalance', 'initial': '0.00', 'maintenance': '2.36', 'currency': 'USD', 'instrument_id': 'EUR/USD.IDEALPRO'}]",False,{}
100000.00,0.00,100000.00,EUR,IDEALPRO-001,MARGIN,,"[{'type': 'MarginBalance', 'initial': '0.00', 'maintenance': '2.36', 'currency': 'USD', 'instrument_id': 'EUR/USD.IDEALPRO'}]",False,{}
100000.69,2.36,99998.33,USD,IDEALPRO-001,MARGIN,,"[{'type': 'MarginBalance', 'initial': '0.00', 'maintenance': '2.36', 'currency': 'USD', 'instrument_id': 'EUR/USD.IDEALPRO'}]",False,{}
100000.00,0.00,100000.00,EUR,IDEALPRO-001,MARGIN,,"[{'type': 'MarginBalance', 'initial': '0.00', 'maintenance': '2.36', 'currency': 'USD', 'instrument_id': 'EUR/USD.IDEALPRO'}]",False,{}
100000.69,2.36,99998.33,USD,IDEALPRO-001,MARGIN,,"[{'type': 'MarginBalance', 'initial': '0.00', 'maintenance': '2.36', 'currency': 'USD', 'instrument_id': 'EUR/USD.IDEALPRO'}]",False,{}
100000.00,0.00,100000.00,EUR,IDEALPRO-001,MARGIN,,"[{'type': 'MarginBalance', 'initial': '0.00', 'maintenance': '2.36', 'currency': 'USD', 'instrument_id': 'EUR/USD.IDEALPRO'}]",False,{}
100000.69,0.00,100000.69,USD,IDEALPRO-001,MARGIN,,[],False,{}
100000.00,0.00,100000.00,EUR,IDEALPRO-001,MARGIN,,[],False,{}
100000.69,0.00,100000.69,USD,IDEALPRO-001,MARGIN,,[],False,{}
100000.00,0.00,100000.00,EUR,IDEALPRO-001,MARGIN,,[],False,{}
100000.69,0.00,100000.69,USD,IDEALPRO-001,MARGIN,,[],False,{}
100000.00,0.00,100000.00,EUR,IDEALPRO-001,MARGIN,,[],False,{}
100000.69,0.00,100000.69,USD,IDEALPRO-001,MARGIN,,[],False,{}
100000.00,0.00,100000.00,EUR,IDEALPRO-001,MARGIN,,[],False,{}
100000.69,0.00,100000.69,USD,IDEALPRO-001,MARGIN,,[],False,{}
100000.00,0.00,100000.00,EUR,IDEALPRO-001,MARGIN,,[],False,{}
100000.69,0.00,100000.69,USD,IDEALPRO-001,MARGIN,,[],False,{}
100000.00,0.00,100000.00,EUR,IDEALPRO-001,MARGIN,,[],False,{}
100000.69,2.36,99998.33,USD,IDEALPRO-001,MARGIN,,"[{'type': 'MarginBalance', 'initial': '0.00', 'maintenance': '2.36', 'currency': 'USD', 'instrument_id': 'EUR/USD.IDEALPRO'}]",False,{}
100000.00,0.00,100000.00,EUR,IDEALPRO-001,MARGIN,,"[{'type': 'MarginBalance', 'initial': '0.00', 'maintenance': '2.36', 'currency': 'USD', 'instrument_id': 'EUR/USD.IDEALPRO'}]",False,{}
100000.69,2.36,99998.33,USD,IDEALPRO-001,MARGIN,,"[{'type': 'MarginBalance', 'initial': '0.00', 'maintenance': '2.36', 'currency': 'USD', 'instrument_id': 'EUR/USD.IDEALPRO'}]",False,{}
100000.00,0.00,100000.00,EUR,IDEALPRO-001,MARGIN,,"[{'type': 'MarginBalance', 'initial': '0.00', 'maintenance': '2.36', 'currency': 'USD', 'instrument_id': 'EUR/USD.IDEALPRO'}]",False,{}
100000.69,2.36,99998.33,USD,IDEALPRO-001,MARGIN,,"[{'type': 'MarginBalance', 'initial': '0.00', 'maintenance': '2.36', 'currency': 'USD', 'instrument_id': 'EUR/USD.IDEALPRO'}]",False,{}
100000.00,0.00,100000.00,EUR,IDEALPRO-001,MARGIN,,"[{'type': 'MarginBalance', 'initial': '0.00', 'maintenance': '2.36', 'currency': 'USD', 'instrument_id': 'EUR/USD.IDEALPRO'}]",False,{}
100000.69,2.36,99998.33,USD,IDEALPRO-001,MARGIN,,"[{'type': 'MarginBalance', 'initial': '0.00', 'maintenance': '2.36', 'currency': 'USD', 'instrument_id': 'EUR/USD.IDEALPRO'}]",False,{}
100000.00,0.00,100000.00,EUR,IDEALPRO-001,MARGIN,,"[{'type': 'MarginBalance', 'initial': '0.00', 'maintenance': '2.36', 'currency': 'USD', 'instrument_id': 'EUR/USD.IDEALPRO'}]",False,{}
100000.82,0.00,100000.82,USD,IDEALPRO-001,MARGIN,,[],False,{}
100000.00,0.00,100000.00,EUR,IDEALPRO-001,MARGIN,,[],False,{}
100000.82,0.00,100000.82,USD,IDEALPRO-001,MARGIN,,[],False,{}
100000.00,0.00,100000.00,EUR,IDEALPRO-001,MARGIN,,[],False,{}
100000.82,0.00,100000.82,USD,IDEALPRO-001,MARGIN,,[],False,{}
100000.00,0.00,100000.00,EUR,IDEALPRO-001,MARGIN,,[],False,{}
100000.82,0.00,100000.82,USD,IDEALPRO-001,MARGIN,,[],False,{}
100000.00,0.00,100000.00,EUR,IDEALPRO-001,MARGIN,,[],False,{}
100000.82,0.00,100000.82,USD,IDEALPRO-001,MARGIN,,[],False,{}
100000.00,0.00,100000.00,EUR,IDEALPRO-001,MARGIN,,[],False,{}
100000.82,0.00,100000.82,USD,IDEALPRO-001,MARGIN,,[],False,{}
100000.00,0.00,100000.00,EUR,IDEALPRO-001,MARGIN,,[],False,{}
100000.82,2.36,99998.46,USD,IDEALPRO-001,MARGIN,,"[{'type': 'MarginBalance', 'initial': '0.00', 'maintenance': '2.36', 'currency': 'USD', 'instrument_id': 'EUR/USD.IDEALPRO'}]",False,{}
100000.00,0.00,100000.00,EUR,IDEALPRO-001,MARGIN,,"[{'type': 'MarginBalance', 'initial': '0.00', 'maintenance': '2.36', 'currency': 'USD', 'instrument_id': 'EUR/USD.IDEALPRO'}]",False,{}
100000.82,2.36,99998.46,USD,IDEALPRO-001,MARGIN,,"[{'type': 'MarginBalance', 'initial': '0.00', 'maintenance': '2.36', 'currency': 'USD', 'instrument_id': 'EUR/USD.IDEALPRO'}]",False,{}
100000.00,0.00,100000.00,EUR,IDEALPRO-001,MARGIN,,"[{'type': 'MarginBalance', 'initial': '0.00', 'maintenance': '2.36', 'currency': 'USD', 'instrument_id': 'EUR/USD.IDEALPRO'}]",False,{}
100000.82,2.36,99998.46,USD,IDEALPRO-001,MARGIN,,"[{'type': 'MarginBalance', 'initial': '0.00', 'maintenance': '2.36', 'currency': 'USD', 'instrument_id': 'EUR/USD.IDEALPRO'}]",False,{}
100000.00,0.00,100000.00,EUR,IDEALPRO-001,MARGIN,,"[{'type': 'MarginBalance', 'initial': '0.00', 'maintenance': '2.36', 'currency': 'USD', 'instrument_id': 'EUR/USD.IDEALPRO'}]",False,{}
100000.82,2.36,99998.46,USD,IDEALPRO-001,MARGIN,,"[{'type': 'MarginBalance', 'initial': '0.00', 'maintenance': '2.36', 'currency': 'USD', 'instrument_id': 'EUR/USD.IDEALPRO'}]",False,{}
100000.00,0.00,100000.00,EUR,IDEALPRO-001,MARGIN,,"[{'type': 'MarginBalance', 'initial': '0.00', 'maintenance': '2.36', 'currency': 'USD', 'instrument_id': 'EUR/USD.IDEALPRO'}]",False,{}
100000.78,0.00,100000.78,USD,IDEALPRO-001,MARGIN,,[],False,{}
100000.00,0.00,100000.00,EUR,IDEALPRO-001,MARGIN,,[],False,{}
100000.78,0.00,100000.78,USD,IDEALPRO-001,MARGIN,,[],False,{}
100000.00,0.00,100000.00,EUR,IDEALPRO-001,MARGIN,,[],False,{}
100000.78,0.00,100000.78,USD,IDEALPRO-001,MARGIN,,[],False,{}
100000.00,0.00,100000.00,EUR,IDEALPRO-001,MARGIN,,[],False,{}
100000.78,0.00,100000.78,USD,IDEALPRO-001,MARGIN,,[],False,{}
100000.00,0.00,100000.00,EUR,IDEALPRO-001,MARGIN,,[],False,{}
100000.78,0.00,100000.78,USD,IDEALPRO-001,MARGIN,,[],False,{}
100000.00,0.00,100000.00,EUR,IDEALPRO-001,MARGIN,,[],False,{}
100000.78,0.00,100000.78,USD,IDEALPRO-001,MARGIN,,[],False,{}
100000.00,0.00,100000.00,EUR,IDEALPRO-001,MARGIN,,[],False,{}
100000.78,2.36,99998.42,USD,IDEALPRO-001,MARGIN,,"[{'type': 'MarginBalance', 'initial': '0.00', 'maintenance': '2.36', 'currency': 'USD', 'instrument_id': 'EUR/USD.IDEALPRO'}]",False,{}
100000.00,0.00,100000.00,EUR,IDEALPRO-001,MARGIN,,"[{'type': 'MarginBalance', 'initial': '0.00', 'maintenance': '2.36', 'currency': 'USD', 'instrument_id': 'EUR/USD.IDEALPRO'}]",False,{}
100000.78,2.36,99998.42,USD,IDEALPRO-001,MARGIN,,"[{'type': 'MarginBalance', 'initial': '0.00', 'maintenance': '2.36', 'currency': 'USD', 'instrument_id': 'EUR/USD.IDEALPRO'}]",False,{}
100000.00,0.00,100000.00,EUR,IDEALPRO-001,MARGIN,,"[{'type': 'MarginBalance', 'initial': '0.00', 'maintenance': '2.36', 'currency': 'USD', 'instrument_id': 'EUR/USD.IDEALPRO'}]",False,{}
100000.78,2.36,99998.42,USD,IDEALPRO-001,MARGIN,,"[{'type': 'MarginBalance', 'initial': '0.00', 'maintenance': '2.36', 'currency': 'USD', 'instrument_id': 'EUR/USD.IDEALPRO'}]",False,{}
100000.00,0.00,100000.00,EUR,IDEALPRO-001,MARGIN,,"[{'type': 'MarginBalance', 'initial': '0.00', 'maintenance': '2.36', 'currency': 'USD', 'instrument_id': 'EUR/USD.IDEALPRO'}]",False,{}
100000.78,2.36,99998.42,USD,IDEALPRO-001,MARGIN,,"[{'type': 'MarginBalance', 'initial': '0.00', 'maintenance': '2.36', 'currency': 'USD', 'instrument_id': 'EUR/USD.IDEALPRO'}]",False,{}
100000.00,0.00,100000.00,EUR,IDEALPRO-001,MARGIN,,"[{'type': 'MarginBalance', 'initial': '0.00', 'maintenance': '2.36', 'currency': 'USD', 'instrument_id': 'EUR/USD.IDEALPRO'}]",False,{}
100000.78,0.00,100000.78,USD,IDEALPRO-001,MARGIN,,[],False,{}
100000.00,0.00,100000.00,EUR,IDEALPRO-001,MARGIN,,[],False,{}
100000.78,0.00,100000.78,USD,IDEALPRO-001,MARGIN,,[],False,{}
100000.00,0.00,100000.00,EUR,IDEALPRO-001,MARGIN,,[],False,{}
100000.78,0.00,100000.78,USD,IDEALPRO-001,MARGIN,,[],False,{}
100000.00,0.00,100000.00,EUR,IDEALPRO-001,MARGIN,,[],False,{}
100000.78,0.00,100000.78,USD,IDEALPRO-001,MARGIN,,[],False,{}
100000.00,0.00,100000.00,EUR,IDEALPRO-001,MARGIN,,[],False,{}
100000.78,0.00,100000.78,USD,IDEALPRO-001,MARGIN,,[],False,{}
100000.00,0.00,100000.00,EUR,IDEALPRO-001,MARGIN,,[],False,{}
100000.78,0.00,100000.78,USD,IDEALPRO-001,MARGIN,,[],False,{}
100000.00,0.00,100000.00,EUR,IDEALPRO-001,MARGIN,,[],False,{}
100000.78,2.36,99998.42,USD,IDEALPRO-001,MARGIN,,"[{'type': 'MarginBalance', 'initial': '0.00', 'maintenance': '2.36', 'currency': 'USD', 'instrument_id': 'EUR/USD.IDEALPRO'}]",False,{}
100000.00,0.00,100000.00,EUR,IDEALPRO-001,MARGIN,,"[{'type': 'MarginBalance', 'initial': '0.00', 'maintenance': '2.36', 'currency': 'USD', 'instrument_id': 'EUR/USD.IDEALPRO'}]",False,{}
100000.78,2.36,99998.42,USD,IDEALPRO-001,MARGIN,,"[{'type': 'MarginBalance', 'initial': '0.00', 'maintenance': '2.36', 'currency': 'USD', 'instrument_id': 'EUR/USD.IDEALPRO'}]",False,{}
100000.00,0.00,100000.00,EUR,IDEALPRO-001,MARGIN,,"[{'type': 'MarginBalance', 'initial': '0.00', 'maintenance': '2.36', 'currency': 'USD', 'instrument_id': 'EUR/USD.IDEALPRO'}]",False,{}
100000.78,2.36,99998.42,USD,IDEALPRO-001,MARGIN,,"[{'type': 'MarginBalance', 'initial': '0.00', 'maintenance': '2.36', 'currency': 'USD', 'instrument_id': 'EUR/USD.IDEALPRO'}]",False,{}
100000.00,0.00,100000.00,EUR,IDEALPRO-001,MARGIN,,"[{'type': 'MarginBalance', 'initial': '0.00', 'maintenance': '2.36', 'currency': 'USD', 'instrument_id': 'EUR/USD.IDEALPRO'}]",False,{}
100000.78,2.36,99998.42,USD,IDEALPRO-001,MARGIN,,"[{'type': 'MarginBalance', 'initial': '0.00', 'maintenance': '2.36', 'currency': 'USD', 'instrument_id': 'EUR/USD.IDEALPRO'}]",False,{}
100000.00,0.00,100000.00,EUR,IDEALPRO-001,MARGIN,,"[{'type': 'MarginBalance', 'initial': '0.00', 'maintenance': '2.36', 'currency': 'USD', 'instrument_id': 'EUR/USD.IDEALPRO'}]",False,{}
100000.76,0.00,100000.76,USD,IDEALPRO-001,MARGIN,,[],False,{}
100000.00,0.00,100000.00,EUR,IDEALPRO-001,MARGIN,,[],False,{}
100000.76,0.00,100000.76,USD,IDEALPRO-001,MARGIN,,[],False,{}
100000.00,0.00,100000.00,EUR,IDEALPRO-001,MARGIN,,[],False,{}
100000.76,0.00,100000.76,USD,IDEALPRO-001,MARGIN,,[],False,{}
100000.00,0.00,100000.00,EUR,IDEALPRO-001,MARGIN,,[],False,{}
100000.76,0.00,100000.76,USD,IDEALPRO-001,MARGIN,,[],False,{}
100000.00,0.00,100000.00,EUR,IDEALPRO-001,MARGIN,,[],False,{}
100000.76,0.00,100000.76,USD,IDEALPRO-001,MARGIN,,[],False,{}
100000.00,0.00,100000.00,EUR,IDEALPRO-001,MARGIN,,[],False,{}
100000.76,0.00,100000.76,USD,IDEALPRO-001,MARGIN,,[],False,{}
100000.00,0.00,100000.00,EUR,IDEALPRO-001,MARGIN,,[],False,{}
100000.76,2.36,99998.40,USD,IDEALPRO-001,MARGIN,,"[{'type': 'MarginBalance', 'initial': '0.00', 'maintenance': '2.36', 'currency': 'USD', 'instrument_id': 'EUR/USD.IDEALPRO'}]",False,{}
100000.00,0.00,100000.00,EUR,IDEALPRO-001,MARGIN,,"[{'type': 'MarginBalance', 'initial': '0.00', 'maintenance': '2.36', 'currency': 'USD', 'instrument_id': 'EUR/USD.IDEALPRO'}]",False,{}
100000.76,2.36,99998.40,USD,IDEALPRO-001,MARGIN,,"[{'type': 'MarginBalance', 'initial': '0.00', 'maintenance': '2.36', 'currency': 'USD', 'instrument_id': 'EUR/USD.IDEALPRO'}]",False,{}
100000.00,0.00,100000.00,EUR,IDEALPRO-001,MARGIN,,"[{'type': 'MarginBalance', 'initial': '0.00', 'maintenance': '2.36', 'currency': 'USD', 'instrument_id': 'EUR/USD.IDEALPRO'}]",False,{}
100000.76,2.36,99998.40,USD,IDEALPRO-001,MARGIN,,"[{'type': 'MarginBalance', 'initial': '0.00', 'maintenance': '2.36', 'currency': 'USD', 'instrument_id': 'EUR/USD.IDEALPRO'}]",False,{}
100000.00,0.00,100000.00,EUR,IDEALPRO-001,MARGIN,,"[{'type': 'MarginBalance', 'initial': '0.00', 'maintenance': '2.36', 'currency': 'USD', 'instrument_id': 'EUR/USD.IDEALPRO'}]",False,{}
100000.76,2.36,99998.40,USD,IDEALPRO-001,MARGIN,,"[{'type': 'MarginBalance', 'initial': '0.00', 'maintenance': '2.36', 'currency': 'USD', 'instrument_id': 'EUR/USD.IDEALPRO'}]",False,{}
100000.00,0.00,100000.00,EUR,IDEALPRO-001,MARGIN,,"[{'type': 'MarginBalance', 'initial': '0.00', 'maintenance': '2.36', 'currency': 'USD', 'instrument_id': 'EUR/USD.IDEALPRO'}]",False,{}
100000.79,0.00,100000.79,USD,IDEALPRO-001,MARGIN,,[],False,{}
100000.00,0.00,100000.00,EUR,IDEALPRO-001,MARGIN,,[],False,{}
100000.79,0.00,100000.79,USD,IDEALPRO-001,MARGIN,,[],False,{}
100000.00,0.00,100000.00,EUR,IDEALPRO-001,MARGIN,,[],False,{}
100000.79,0.00,100000.79,USD,IDEALPRO-001,MARGIN,,[],False,{}
100000.00,0.00,100000.00,EUR,IDEALPRO-001,MARGIN,,[],False,{}
100000.79,0.00,100000.79,USD,IDEALPRO-001,MARGIN,,[],False,{}
100000.00,0.00,100000.00,EUR,IDEALPRO-001,MARGIN,,[],False,{}
100000.79,0.00,100000.79,USD,IDEALPRO-001,MARGIN,,[],False,{}
100000.00,0.00,100000.00,EUR,IDEALPRO-001,MARGIN,,[],False,{}
100000.79,0.00,100000.79,USD,IDEALPRO-001,MARGIN,,[],False,{}
100000.00,0.00,100000.00,EUR,IDEALPRO-001,MARGIN,,[],False,{}
100000.79,2.36,99998.43,USD,IDEALPRO-001,MARGIN,,"[{'type': 'MarginBalance', 'initial': '0.00', 'maintenance': '2.36', 'currency': 'USD', 'instrument_id': 'EUR/USD.IDEALPRO'}]",False,{}
100000.00,0.00,100000.00,EUR,IDEALPRO-001,MARGIN,,"[{'type': 'MarginBalance', 'initial': '0.00', 'maintenance': '2.36', 'currency': 'USD', 'instrument_id': 'EUR/USD.IDEALPRO'}]",False,{}
100000.79,2.36,99998.43,USD,IDEALPRO-001,MARGIN,,"[{'type': 'MarginBalance', 'initial': '0.00', 'maintenance': '2.36', 'currency': 'USD', 'instrument_id': 'EUR/USD.IDEALPRO'}]",False,{}
100000.00,0.00,100000.00,EUR,IDEALPRO-001,MARGIN,,"[{'type': 'MarginBalance', 'initial': '0.00', 'maintenance': '2.36', 'currency': 'USD', 'instrument_id': 'EUR/USD.IDEALPRO'}]",False,{}
100000.79,2.36,99998.43,USD,IDEALPRO-001,MARGIN,,"[{'type': 'MarginBalance', 'initial': '0.00', 'maintenance': '2.36', 'currency': 'USD', 'instrument_id': 'EUR/USD.IDEALPRO'}]",False,{}
100000.00,0.00,100000.00,EUR,IDEALPRO-001,MARGIN,,"[{'type': 'MarginBalance', 'initial': '0.00', 'maintenance': '2.36', 'currency': 'USD', 'instrument_id': 'EUR/USD.IDEALPRO'}]",False,{}
100000.73,0.00,100000.73,USD,IDEALPRO-001,MARGIN,,[],False,{}
100000.00,0.00,100000.00,EUR,IDEALPRO-001,MARGIN,,[],False,{}
100000.73,0.00,100000.73,USD,IDEALPRO-001,MARGIN,,[],False,{}
100000.00,0.00,100000.00,EUR,IDEALPRO-001,MARGIN,,[],False,{}
100000.73,0.00,100000.73,USD,IDEALPRO-001,MARGIN,,[],False,{}
100000.00,0.00,100000.00,EUR,IDEALPRO-001,MARGIN,,[],False,{}
100000.73,0.00,100000.73,USD,IDEALPRO-001,MARGIN,,[],False,{}
100000.00,0.00,100000.00,EUR,IDEALPRO-001,MARGIN,,[],False,{}
100000.73,0.00,100000.73,USD,IDEALPRO-001,MARGIN,,[],False,{}
100000.00,0.00,100000.00,EUR,IDEALPRO-001,MARGIN,,[],False,{}
100000.73,2.36,99998.37,USD,IDEALPRO-001,MARGIN,,"[{'type': 'MarginBalance', 'initial': '0.00', 'maintenance': '2.36', 'currency': 'USD', 'instrument_id': 'EUR/USD.IDEALPRO'}]",False,{}
100000.00,0.00,100000.00,EUR,IDEALPRO-001,MARGIN,,"[{'type': 'MarginBalance', 'initial': '0.00', 'maintenance': '2.36', 'currency': 'USD', 'instrument_id': 'EUR/USD.IDEALPRO'}]",False,{}
100000.73,2.36,99998.37,USD,IDEALPRO-001,MARGIN,,"[{'type': 'MarginBalance', 'initial': '0.00', 'maintenance': '2.36', 'currency': 'USD', 'instrument_id': 'EUR/USD.IDEALPRO'}]",False,{}
100000.00,0.00,100000.00,EUR,IDEALPRO-001,MARGIN,,"[{'type': 'MarginBalance', 'initial': '0.00', 'maintenance': '2.36', 'currency': 'USD', 'instrument_id': 'EUR/USD.IDEALPRO'}]",False,{}
100000.73,2.36,99998.37,USD,IDEALPRO-001,MARGIN,,"[{'type': 'MarginBalance', 'initial': '0.00', 'maintenance': '2.36', 'currency': 'USD', 'instrument_id': 'EUR/USD.IDEALPRO'}]",False,{}
100000.00,0.00,100000.00,EUR,IDEALPRO-001,MARGIN,,"[{'type': 'MarginBalance', 'initial': '0.00', 'maintenance': '2.36', 'currency': 'USD', 'instrument_id': 'EUR/USD.IDEALPRO'}]",False,{}
100000.67,0.00,100000.67,USD,IDEALPRO-001,MARGIN,,[],False,{}
100000.00,0.00,100000.00,EUR,IDEALPRO-001,MARGIN,,[],False,{}
100000.67,0.00,100000.67,USD,IDEALPRO-001,MARGIN,,[],False,{}
100000.00,0.00,100000.00,EUR,IDEALPRO-001,MARGIN,,[],False,{}
100000.67,0.00,100000.67,USD,IDEALPRO-001,MARGIN,,[],False,{}
100000.00,0.00,100000.00,EUR,IDEALPRO-001,MARGIN,,[],False,{}
100000.67,0.00,100000.67,USD,IDEALPRO-001,MARGIN,,[],False,{}
100000.00,0.00,100000.00,EUR,IDEALPRO-001,MARGIN,,[],False,{}
100000.67,0.00,100000.67,USD,IDEALPRO-001,MARGIN,,[],False,{}
100000.00,0.00,100000.00,EUR,IDEALPRO-001,MARGIN,,[],False,{}
100000.67,2.36,99998.31,USD,IDEALPRO-001,MARGIN,,"[{'type': 'MarginBalance', 'initial': '0.00', 'maintenance': '2.36', 'currency': 'USD', 'instrument_id': 'EUR/USD.IDEALPRO'}]",False,{}
100000.00,0.00,100000.00,EUR,IDEALPRO-001,MARGIN,,"[{'type': 'MarginBalance', 'initial': '0.00', 'maintenance': '2.36', 'currency': 'USD', 'instrument_id': 'EUR/USD.IDEALPRO'}]",False,{}
100000.67,2.36,99998.31,USD,IDEALPRO-001,MARGIN,,"[{'type': 'MarginBalance', 'initial': '0.00', 'maintenance': '2.36', 'currency': 'USD', 'instrument_id': 'EUR/USD.IDEALPRO'}]",False,{}
100000.00,0.00,100000.00,EUR,IDEALPRO-001,MARGIN,,"[{'type': 'MarginBalance', 'initial': '0.00', 'maintenance': '2.36', 'currency': 'USD', 'instrument_id': 'EUR/USD.IDEALPRO'}]",False,{}
100000.67,2.36,99998.31,USD,IDEALPRO-001,MARGIN,,"[{'type': 'MarginBalance', 'initial': '0.00', 'maintenance': '2.36', 'currency': 'USD', 'instrument_id': 'EUR/USD.IDEALPRO'}]",False,{}
100000.00,0.00,100000.00,EUR,IDEALPRO-001,MARGIN,,"[{'type': 'MarginBalance', 'initial': '0.00', 'maintenance': '2.36', 'currency': 'USD', 'instrument_id': 'EUR/USD.IDEALPRO'}]",False,{}
100000.67,2.36,99998.31,USD,IDEALPRO-001,MARGIN,,"[{'type': 'MarginBalance', 'initial': '0.00', 'maintenance': '2.36', 'currency': 'USD', 'instrument_id': 'EUR/USD.IDEALPRO'}]",False,{}
100000.00,0.00,100000.00,EUR,IDEALPRO-001,MARGIN,,"[{'type': 'MarginBalance', 'initial': '0.00', 'maintenance': '2.36', 'currency': 'USD', 'instrument_id': 'EUR/USD.IDEALPRO'}]",False,{}
100000.61,0.00,100000.61,USD,IDEALPRO-001,MARGIN,,[],False,{}
100000.00,0.00,100000.00,EUR,IDEALPRO-001,MARGIN,,[],False,{}
100000.61,0.00,100000.61,USD,IDEALPRO-001,MARGIN,,[],False,{}
100000.00,0.00,100000.00,EUR,IDEALPRO-001,MARGIN,,[],False,{}
100000.61,0.00,100000.61,USD,IDEALPRO-001,MARGIN,,[],False,{}
100000.00,0.00,100000.00,EUR,IDEALPRO-001,MARGIN,,[],False,{}
100000.61,0.00,100000.61,USD,IDEALPRO-001,MARGIN,,[],False,{}
100000.00,0.00,100000.00,EUR,IDEALPRO-001,MARGIN,,[],False,{}
100000.61,0.00,100000.61,USD,IDEALPRO-001,MARGIN,,[],False,{}
100000.00,0.00,100000.00,EUR,IDEALPRO-001,MARGIN,,[],False,{}
100000.61,0.00,100000.61,USD,IDEALPRO-001,MARGIN,,[],False,{}
100000.00,0.00,100000.00,EUR,IDEALPRO-001,MARGIN,,[],False,{}
100000.61,2.36,99998.25,USD,IDEALPRO-001,MARGIN,,"[{'type': 'MarginBalance', 'initial': '0.00', 'maintenance': '2.36', 'currency': 'USD', 'instrument_id': 'EUR/USD.IDEALPRO'}]",False,{}
100000.00,0.00,100000.00,EUR,IDEALPRO-001,MARGIN,,"[{'type': 'MarginBalance', 'initial': '0.00', 'maintenance': '2.36', 'currency': 'USD', 'instrument_id': 'EUR/USD.IDEALPRO'}]",False,{}
100000.61,2.36,99998.25,USD,IDEALPRO-001,MARGIN,,"[{'type': 'MarginBalance', 'initial': '0.00', 'maintenance': '2.36', 'currency': 'USD', 'instrument_id': 'EUR/USD.IDEALPRO'}]",False,{}
100000.00,0.00,100000.00,EUR,IDEALPRO-001,MARGIN,,"[{'type': 'MarginBalance', 'initial': '0.00', 'maintenance': '2.36', 'currency': 'USD', 'instrument_id': 'EUR/USD.IDEALPRO'}]",False,{}
100000.61,2.36,99998.25,USD,IDEALPRO-001,MARGIN,,"[{'type': 'MarginBalance', 'initial': '0.00', 'maintenance': '2.36', 'currency': 'USD', 'instrument_id': 'EUR/USD.IDEALPRO'}]",False,{}
100000.00,0.00,100000.00,EUR,IDEALPRO-001,MARGIN,,"[{'type': 'MarginBalance', 'initial': '0.00', 'maintenance': '2.36', 'currency': 'USD', 'instrument_id': 'EUR/USD.IDEALPRO'}]",False,{}
100000.61,2.36,99998.25,USD,IDEALPRO-001,MARGIN,,"[{'type': 'MarginBalance', 'initial': '0.00', 'maintenance': '2.36', 'currency': 'USD', 'instrument_id': 'EUR/USD.IDEALPRO'}]",False,{}
100000.00,0.00,100000.00,EUR,IDEALPRO-001,MARGIN,,"[{'type': 'MarginBalance', 'initial': '0.00', 'maintenance': '2.36', 'currency': 'USD', 'instrument_id': 'EUR/USD.IDEALPRO'}]",False,{}
100000.63,0.00,100000.63,USD,IDEALPRO-001,MARGIN,,[],False,{}
100000.00,0.00,100000.00,EUR,IDEALPRO-001,MARGIN,,[],False,{}
100000.63,0.00,100000.63,USD,IDEALPRO-001,MARGIN,,[],False,{}
100000.00,0.00,100000.00,EUR,IDEALPRO-001,MARGIN,,[],False,{}
100000.63,0.00,100000.63,USD,IDEALPRO-001,MARGIN,,[],False,{}
100000.00,0.00,100000.00,EUR,IDEALPRO-001,MARGIN,,[],False,{}
100000.63,0.00,100000.63,USD,IDEALPRO-001,MARGIN,,[],False,{}
100000.00,0.00,100000.00,EUR,IDEALPRO-001,MARGIN,,[],False,{}
100000.63,0.00,100000.63,USD,IDEALPRO-001,MARGIN,,[],False,{}
100000.00,0.00,100000.00,EUR,IDEALPRO-001,MARGIN,,[],False,{}
100000.63,0.00,100000.63,USD,IDEALPRO-001,MARGIN,,[],False,{}
100000.00,0.00,100000.00,EUR,IDEALPRO-001,MARGIN,,[],False,{}
100000.63,2.36,99998.27,USD,IDEALPRO-001,MARGIN,,"[{'type': 'MarginBalance', 'initial': '0.00', 'maintenance': '2.36', 'currency': 'USD', 'instrument_id': 'EUR/USD.IDEALPRO'}]",False,{}
100000.00,0.00,100000.00,EUR,IDEALPRO-001,MARGIN,,"[{'type': 'MarginBalance', 'initial': '0.00', 'maintenance': '2.36', 'currency': 'USD', 'instrument_id': 'EUR/USD.IDEALPRO'}]",False,{}
100000.63,2.36,99998.27,USD,IDEALPRO-001,MARGIN,,"[{'type': 'MarginBalance', 'initial': '0.00', 'maintenance': '2.36', 'currency': 'USD', 'instrument_id': 'EUR/USD.IDEALPRO'}]",False,{}
100000.00,0.00,100000.00,EUR,IDEALPRO-001,MARGIN,,"[{'type': 'MarginBalance', 'initial': '0.00', 'maintenance': '2.36', 'currency': 'USD', 'instrument_id': 'EUR/USD.IDEALPRO'}]",False,{}
100000.63,2.36,99998.27,USD,IDEALPRO-001,MARGIN,,"[{'type': 'MarginBalance', 'initial': '0.00', 'maintenance': '2.36', 'currency': 'USD', 'instrument_id': 'EUR/USD.IDEALPRO'}]",False,{}
100000.00,0.00,100000.00,EUR,IDEALPRO-001,MARGIN,,"[{'type': 'MarginBalance', 'initial': '0.00', 'maintenance': '2.36', 'currency': 'USD', 'instrument_id': 'EUR/USD.IDEALPRO'}]",False,{}
100000.63,2.36,99998.27,USD,IDEALPRO-001,MARGIN,,"[{'type': 'MarginBalance', 'initial': '0.00', 'maintenance': '2.36', 'currency': 'USD', 'instrument_id': 'EUR/USD.IDEALPRO'}]",False,{}
100000.00,0.00,100000.00,EUR,IDEALPRO-001,MARGIN,,"[{'type': 'MarginBalance', 'initial': '0.00', 'maintenance': '2.36', 'currency': 'USD', 'instrument_id': 'EUR/USD.IDEALPRO'}]",False,{}
100000.63,0.00,100000.63,USD,IDEALPRO-001,MARGIN,,[],False,{}
100000.00,0.00,100000.00,EUR,IDEALPRO-001,MARGIN,,[],False,{}
100000.63,0.00,100000.63,USD,IDEALPRO-001,MARGIN,,[],False,{}
100000.00,0.00,100000.00,EUR,IDEALPRO-001,MARGIN,,[],False,{}
100000.63,0.00,100000.63,USD,IDEALPRO-001,MARGIN,,[],False,{}
100000.00,0.00,100000.00,EUR,IDEALPRO-001,MARGIN,,[],False,{}
100000.63,0.00,100000.63,USD,IDEALPRO-001,MARGIN,,[],False,{}
100000.00,0.00,100000.00,EUR,IDEALPRO-001,MARGIN,,[],False,{}
100000.63,0.00,100000.63,USD,IDEALPRO-001,MARGIN,,[],False,{}
100000.00,0.00,100000.00,EUR,IDEALPRO-001,MARGIN,,[],False,{}
100000.63,0.00,100000.63,USD,IDEALPRO-001,MARGIN,,[],False,{}
100000.00,0.00,100000.00,EUR,IDEALPRO-001,MARGIN,,[],False,{}
100000.63,2.36,99998.27,USD,IDEALPRO-001,MARGIN,,"[{'type': 'MarginBalance', 'initial': '0.00', 'maintenance': '2.36', 'currency': 'USD', 'instrument_id': 'EUR/USD.IDEALPRO'}]",False,{}
100000.00,0.00,100000.00,EUR,IDEALPRO-001,MARGIN,,"[{'type': 'MarginBalance', 'initial': '0.00', 'maintenance': '2.36', 'currency': 'USD', 'instrument_id': 'EUR/USD.IDEALPRO'}]",False,{}
100000.63,2.36,99998.27,USD,IDEALPRO-001,MARGIN,,"[{'type': 'MarginBalance', 'initial': '0.00', 'maintenance': '2.36', 'currency': 'USD', 'instrument_id': 'EUR/USD.IDEALPRO'}]",False,{}
100000.00,0.00,100000.00,EUR,IDEALPRO-001,MARGIN,,"[{'type': 'MarginBalance', 'initial': '0.00', 'maintenance': '2.36', 'currency': 'USD', 'instrument_id': 'EUR/USD.IDEALPRO'}]",False,{}
100000.63,2.36,99998.27,USD,IDEALPRO-001,MARGIN,,"[{'type': 'MarginBalance', 'initial': '0.00', 'maintenance': '2.36', 'currency': 'USD', 'instrument_id': 'EUR/USD.IDEALPRO'}]",False,{}
100000.00,0.00,100000.00,EUR,IDEALPRO-001,MARGIN,,"[{'type': 'MarginBalance', 'initial': '0.00', 'maintenance': '2.36', 'currency': 'USD', 'instrument_id': 'EUR/USD.IDEALPRO'}]",False,{}
100000.63,2.36,99998.27,USD,IDEALPRO-001,MARGIN,,"[{'type': 'MarginBalance', 'initial': '0.00', 'maintenance': '2.36', 'currency': 'USD', 'instrument_id': 'EUR/USD.IDEALPRO'}]",False,{}
100000.00,0.00,100000.00,EUR,IDEALPRO-001,MARGIN,,"[{'type': 'MarginBalance', 'initial': '0.00', 'maintenance': '2.36', 'currency': 'USD', 'instrument_id': 'EUR/USD.IDEALPRO'}]",False,{}
100000.59,0.00,100000.59,USD,IDEALPRO-001,MARGIN,,[],False,{}
100000.00,0.00,100000.00,EUR,IDEALPRO-001,MARGIN,,[],False,{}
100000.59,0.00,100000.59,USD,IDEALPRO-001,MARGIN,,[],False,{}
100000.00,0.00,100000.00,EUR,IDEALPRO-001,MARGIN,,[],False,{}
100000.59,0.00,100000.59,USD,IDEALPRO-001,MARGIN,,[],False,{}
100000.00,0.00,100000.00,EUR,IDEALPRO-001,MARGIN,,[],False,{}
100000.59,0.00,100000.59,USD,IDEALPRO-001,MARGIN,,[],False,{}
100000.00,0.00,100000.00,EUR,IDEALPRO-001,MARGIN,,[],False,{}
100000.59,0.00,100000.59,USD,IDEALPRO-001,MARGIN,,[],False,{}
100000.00,0.00,100000.00,EUR,IDEALPRO-001,MARGIN,,[],False,{}
100000.59,0.00,100000.59,USD,IDEALPRO-001,MARGIN,,[],False,{}
100000.00,0.00,100000.00,EUR,IDEALPRO-001,MARGIN,,[],False,{}
100000.59,2.36,99998.23,USD,IDEALPRO-001,MARGIN,,"[{'type': 'MarginBalance', 'initial': '0.00', 'maintenance': '2.36', 'currency': 'USD', 'instrument_id': 'EUR/USD.IDEALPRO'}]",False,{}
100000.00,0.00,100000.00,EUR,IDEALPRO-001,MARGIN,,"[{'type': 'MarginBalance', 'initial': '0.00', 'maintenance': '2.36', 'currency': 'USD', 'instrument_id': 'EUR/USD.IDEALPRO'}]",False,{}
100000.59,2.36,99998.23,USD,IDEALPRO-001,MARGIN,,"[{'type': 'MarginBalance', 'initial': '0.00', 'maintenance': '2.36', 'currency': 'USD', 'instrument_id': 'EUR/USD.IDEALPRO'}]",False,{}
100000.00,0.00,100000.00,EUR,IDEALPRO-001,MARGIN,,"[{'type': 'MarginBalance', 'initial': '0.00', 'maintenance': '2.36', 'currency': 'USD', 'instrument_id': 'EUR/USD.IDEALPRO'}]",False,{}
100000.59,2.36,99998.23,USD,IDEALPRO-001,MARGIN,,"[{'type': 'MarginBalance', 'initial': '0.00', 'maintenance': '2.36', 'currency': 'USD', 'instrument_id': 'EUR/USD.IDEALPRO'}]",False,{}
100000.00,0.00,100000.00,EUR,IDEALPRO-001,MARGIN,,"[{'type': 'MarginBalance', 'initial': '0.00', 'maintenance': '2.36', 'currency': 'USD', 'instrument_id': 'EUR/USD.IDEALPRO'}]",False,{}
100000.59,2.36,99998.23,USD,IDEALPRO-001,MARGIN,,"[{'type': 'MarginBalance', 'initial': '0.00', 'maintenance': '2.36', 'currency': 'USD', 'instrument_id': 'EUR/USD.IDEALPRO'}]",False,{}
100000.00,0.00,100000.00,EUR,IDEALPRO-001,MARGIN,,"[{'type': 'MarginBalance', 'initial': '0.00', 'maintenance': '2.36', 'currency': 'USD', 'instrument_id': 'EUR/USD.IDEALPRO'}]",False,{}
100000.61,0.00,100000.61,USD,IDEALPRO-001,MARGIN,,[],False,{}
100000.00,0.00,100000.00,EUR,IDEALPRO-001,MARGIN,,[],False,{}
100000.61,0.00,100000.61,USD,IDEALPRO-001,MARGIN,,[],False,{}
100000.00,0.00,100000.00,EUR,IDEALPRO-001,MARGIN,,[],False,{}
100000.61,0.00,100000.61,USD,IDEALPRO-001,MARGIN,,[],False,{}
100000.00,0.00,100000.00,EUR,IDEALPRO-001,MARGIN,,[],False,{}
100000.61,0.00,100000.61,USD,IDEALPRO-001,MARGIN,,[],False,{}
100000.00,0.00,100000.00,EUR,IDEALPRO-001,MARGIN,,[],False,{}
100000.61,0.00,100000.61,USD,IDEALPRO-001,MARGIN,,[],False,{}
100000.00,0.00,100000.00,EUR,IDEALPRO-001,MARGIN,,[],False,{}
100000.61,0.00,100000.61,USD,IDEALPRO-001,MARGIN,,[],False,{}
100000.00,0.00,100000.00,EUR,IDEALPRO-001,MARGIN,,[],False,{}
100000.61,2.36,99998.25,USD,IDEALPRO-001,MARGIN,,"[{'type': 'MarginBalance', 'initial': '0.00', 'maintenance': '2.36', 'currency': 'USD', 'instrument_id': 'EUR/USD.IDEALPRO'}]",False,{}
100000.00,0.00,100000.00,EUR,IDEALPRO-001,MARGIN,,"[{'type': 'MarginBalance', 'initial': '0.00', 'maintenance': '2.36', 'currency': 'USD', 'instrument_id': 'EUR/USD.IDEALPRO'}]",False,{}
100000.61,2.36,99998.25,USD,IDEALPRO-001,MARGIN,,"[{'type': 'MarginBalance', 'initial': '0.00', 'maintenance': '2.36', 'currency': 'USD', 'instrument_id': 'EUR/USD.IDEALPRO'}]",False,{}
100000.00,0.00,100000.00,EUR,IDEALPRO-001,MARGIN,,"[{'type': 'MarginBalance', 'initial': '0.00', 'maintenance': '2.36', 'currency': 'USD', 'instrument_id': 'EUR/USD.IDEALPRO'}]",False,{}
100000.61,2.36,99998.25,USD,IDEALPRO-001,MARGIN,,"[{'type': 'MarginBalance', 'initial': '0.00', 'maintenance': '2.36', 'currency': 'USD', 'instrument_id': 'EUR/USD.IDEALPRO'}]",False,{}
100000.00,0.00,100000.00,EUR,IDEALPRO-001,MARGIN,,"[{'type': 'MarginBalance', 'initial': '0.00', 'maintenance': '2.36', 'currency': 'USD', 'instrument_id': 'EUR/USD.IDEALPRO'}]",False,{}
100000.61,2.36,99998.25,USD,IDEALPRO-001,MARGIN,,"[{'type': 'MarginBalance', 'initial': '0.00', 'maintenance': '2.36', 'currency': 'USD', 'instrument_id': 'EUR/USD.IDEALPRO'}]",False,{}
100000.00,0.00,100000.00,EUR,IDEALPRO-001,MARGIN,,"[{'type': 'MarginBalance', 'initial': '0.00', 'maintenance': '2.36', 'currency': 'USD', 'instrument_id': 'EUR/USD.IDEALPRO'}]",False,{}
100000.56,0.00,100000.56,USD,IDEALPRO-001,MARGIN,,[],False,{}
100000.00,0.00,100000.00,EUR,IDEALPRO-001,MARGIN,,[],False,{}
100000.56,0.00,100000.56,USD,IDEALPRO-001,MARGIN,,[],False,{}
100000.00,0.00,100000.00,EUR,IDEALPRO-001,MARGIN,,[],False,{}
100000.56,0.00,100000.56,USD,IDEALPRO-001,MARGIN,,[],False,{}
100000.00,0.00,100000.00,EUR,IDEALPRO-001,MARGIN,,[],False,{}
100000.56,0.00,100000.56,USD,IDEALPRO-001,MARGIN,,[],False,{}
100000.00,0.00,100000.00,EUR,IDEALPRO-001,MARGIN,,[],False,{}
100000.56,0.00,100000.56,USD,IDEALPRO-001,MARGIN,,[],False,{}
100000.00,0.00,100000.00,EUR,IDEALPRO-001,MARGIN,,[],False,{}
100000.56,0.00,100000.56,USD,IDEALPRO-001,MARGIN,,[],False,{}
100000.00,0.00,100000.00,EUR,IDEALPRO-001,MARGIN,,[],False,{}
100000.56,2.36,99998.20,USD,IDEALPRO-001,MARGIN,,"[{'type': 'MarginBalance', 'initial': '0.00', 'maintenance': '2.36', 'currency': 'USD', 'instrument_id': 'EUR/USD.IDEALPRO'}]",False,{}
100000.00,0.00,100000.00,EUR,IDEALPRO-001,MARGIN,,"[{'type': 'MarginBalance', 'initial': '0.00', 'maintenance': '2.36', 'currency': 'USD', 'instrument_id': 'EUR/USD.IDEALPRO'}]",False,{}
100000.56,2.36,99998.20,USD,IDEALPRO-001,MARGIN,,"[{'type': 'MarginBalance', 'initial': '0.00', 'maintenance': '2.36', 'currency': 'USD', 'instrument_id': 'EUR/USD.IDEALPRO'}]",False,{}
100000.00,0.00,100000.00,EUR,IDEALPRO-001,MARGIN,,"[{'type': 'MarginBalance', 'initial': '0.00', 'maintenance': '2.36', 'currency': 'USD', 'instrument_id': 'EUR/USD.IDEALPRO'}]",False,{}
100000.56,2.36,99998.20,USD,IDEALPRO-001,MARGIN,,"[{'type': 'MarginBalance', 'initial': '0.00', 'maintenance': '2.36', 'currency': 'USD', 'instrument_id': 'EUR/USD.IDEALPRO'}]",False,{}
100000.00,0.00,100000.00,EUR,IDEALPRO-001,MARGIN,,"[{'type': 'MarginBalance', 'initial': '0.00', 'maintenance': '2.36', 'currency': 'USD', 'instrument_id': 'EUR/USD.IDEALPRO'}]",False,{}
100000.56,2.36,99998.20,USD,IDEALPRO-001,MARGIN,,"[{'type': 'MarginBalance', 'initial': '0.00', 'maintenance': '2.36', 'currency': 'USD', 'instrument_id': 'EUR/USD.IDEALPRO'}]",False,{}
100000.00,0.00,100000.00,EUR,IDEALPRO-001,MARGIN,,"[{'type': 'MarginBalance', 'initial': '0.00', 'maintenance': '2.36', 'currency': 'USD', 'instrument_id': 'EUR/USD.IDEALPRO'}]",False,{}
100000.51,0.00,100000.51,USD,IDEALPRO-001,MARGIN,,[],False,{}
100000.00,0.00,100000.00,EUR,IDEALPRO-001,MARGIN,,[],False,{}
100000.51,0.00,100000.51,USD,IDEALPRO-001,MARGIN,,[],False,{}
100000.00,0.00,100000.00,EUR,IDEALPRO-001,MARGIN,,[],False,{}
100000.51,0.00,100000.51,USD,IDEALPRO-001,MARGIN,,[],False,{}
100000.00,0.00,100000.00,EUR,IDEALPRO-001,MARGIN,,[],False,{}
100000.51,0.00,100000.51,USD,IDEALPRO-001,MARGIN,,[],False,{}
100000.00,0.00,100000.00,EUR,IDEALPRO-001,MARGIN,,[],False,{}
100000.51,0.00,100000.51,USD,IDEALPRO-001,MARGIN,,[],False,{}
100000.00,0.00,100000.00,EUR,IDEALPRO-001,MARGIN,,[],False,{}
100000.51,0.00,100000.51,USD,IDEALPRO-001,MARGIN,,[],False,{}
100000.00,0.00,100000.00,EUR,IDEALPRO-001,MARGIN,,[],False,{}
100000.51,2.36,99998.15,USD,IDEALPRO-001,MARGIN,,"[{'type': 'MarginBalance', 'initial': '0.00', 'maintenance': '2.36', 'currency': 'USD', 'instrument_id': 'EUR/USD.IDEALPRO'}]",False,{}
100000.00,0.00,100000.00,EUR,IDEALPRO-001,MARGIN,,"[{'type': 'MarginBalance', 'initial': '0.00', 'maintenance': '2.36', 'currency': 'USD', 'instrument_id': 'EUR/USD.IDEALPRO'}]",False,{}
100000.51,2.36,99998.15,USD,IDEALPRO-001,MARGIN,,"[{'type': 'MarginBalance', 'initial': '0.00', 'maintenance': '2.36', 'currency': 'USD', 'instrument_id': 'EUR/USD.IDEALPRO'}]",False,{}
100000.00,0.00,100000.00,EUR,IDEALPRO-001,MARGIN,,"[{'type': 'MarginBalance', 'initial': '0.00', 'maintenance': '2.36', 'currency': 'USD', 'instrument_id': 'EUR/USD.IDEALPRO'}]",False,{}
100000.51,2.36,99998.15,USD,IDEALPRO-001,MARGIN,,"[{'type': 'MarginBalance', 'initial': '0.00', 'maintenance': '2.36', 'currency': 'USD', 'instrument_id': 'EUR/USD.IDEALPRO'}]",False,{}
100000.00,0.00,100000.00,EUR,IDEALPRO-001,MARGIN,,"[{'type': 'MarginBalance', 'initial': '0.00', 'maintenance': '2.36', 'currency': 'USD', 'instrument_id': 'EUR/USD.IDEALPRO'}]",False,{}
100000.51,2.36,99998.15,USD,IDEALPRO-001,MARGIN,,"[{'type': 'MarginBalance', 'initial': '0.00', 'maintenance': '2.36', 'currency': 'USD', 'instrument_id': 'EUR/USD.IDEALPRO'}]",False,{}
100000.00,0.00,100000.00,EUR,IDEALPRO-001,MARGIN,,"[{'type': 'MarginBalance', 'initial': '0.00', 'maintenance': '2.36', 'currency': 'USD', 'instrument_id': 'EUR/USD.IDEALPRO'}]",False,{}
100000.55,0.00,100000.55,USD,IDEALPRO-001,MARGIN,,[],False,{}
100000.00,0.00,100000.00,EUR,IDEALPRO-001,MARGIN,,[],False,{}
100000.55,0.00,100000.55,USD,IDEALPRO-001,MARGIN,,[],False,{}
100000.00,0.00,100000.00,EUR,IDEALPRO-001,MARGIN,,[],False,{}
100000.55,0.00,100000.55,USD,IDEALPRO-001,MARGIN,,[],False,{}
100000.00,0.00,100000.00,EUR,IDEALPRO-001,MARGIN,,[],False,{}
100000.55,0.00,100000.55,USD,IDEALPRO-001,MARGIN,,[],False,{}
100000.00,0.00,100000.00,EUR,IDEALPRO-001,MARGIN,,[],False,{}
100000.55,0.00,100000.55,USD,IDEALPRO-001,MARGIN,,[],False,{}
100000.00,0.00,100000.00,EUR,IDEALPRO-001,MARGIN,,[],False,{}
100000.55,0.00,100000.55,USD,IDEALPRO-001,MARGIN,,[],False,{}
100000.00,0.00,100000.00,EUR,IDEALPRO-001,MARGIN,,[],False,{}
100000.55,2.36,99998.19,USD,IDEALPRO-001,MARGIN,,"[{'type': 'MarginBalance', 'initial': '0.00', 'maintenance': '2.36', 'currency': 'USD', 'instrument_id': 'EUR/USD.IDEALPRO'}]",False,{}
100000.00,0.00,100000.00,EUR,IDEALPRO-001,MARGIN,,"[{'type': 'MarginBalance', 'initial': '0.00', 'maintenance': '2.36', 'currency': 'USD', 'instrument_id': 'EUR/USD.IDEALPRO'}]",False,{}
100000.55,2.36,99998.19,USD,IDEALPRO-001,MARGIN,,"[{'type': 'MarginBalance', 'initial': '0.00', 'maintenance': '2.36', 'currency': 'USD', 'instrument_id': 'EUR/USD.IDEALPRO'}]",False,{}
100000.00,0.00,100000.00,EUR,IDEALPRO-001,MARGIN,,"[{'type': 'MarginBalance', 'initial': '0.00', 'maintenance': '2.36', 'currency': 'USD', 'instrument_id': 'EUR/USD.IDEALPRO'}]",False,{}
100000.55,2.36,99998.19,USD,IDEALPRO-001,MARGIN,,"[{'type': 'MarginBalance', 'initial': '0.00', 'maintenance': '2.36', 'currency': 'USD', 'instrument_id': 'EUR/USD.IDEALPRO'}]",False,{}
100000.00,0.00,100000.00,EUR,IDEALPRO-001,MARGIN,,"[{'type': 'MarginBalance', 'initial': '0.00', 'maintenance': '2.36', 'currency': 'USD', 'instrument_id': 'EUR/USD.IDEALPRO'}]",False,{}
100000.55,2.36,99998.19,USD,IDEALPRO-001,MARGIN,,"[{'type': 'MarginBalance', 'initial': '0.00', 'maintenance': '2.36', 'currency': 'USD', 'instrument_id': 'EUR/USD.IDEALPRO'}]",False,{}
100000.00,0.00,100000.00,EUR,IDEALPRO-001,MARGIN,,"[{'type': 'MarginBalance', 'initial': '0.00', 'maintenance': '2.36', 'currency': 'USD', 'instrument_id': 'EUR/USD.IDEALPRO'}]",False,{}
100000.54,0.00,100000.54,USD,IDEALPRO-001,MARGIN,,[],False,{}
100000.00,0.00,100000.00,EUR,IDEALPRO-001,MARGIN,,[],False,{}
100000.54,0.00,100000.54,USD,IDEALPRO-001,MARGIN,,[],False,{}
100000.00,0.00,100000.00,EUR,IDEALPRO-001,MARGIN,,[],False,{}
100000.54,0.00,100000.54,USD,IDEALPRO-001,MARGIN,,[],False,{}
100000.00,0.00,100000.00,EUR,IDEALPRO-001,MARGIN,,[],False,{}
100000.54,0.00,100000.54,USD,IDEALPRO-001,MARGIN,,[],False,{}
100000.00,0.00,100000.00,EUR,IDEALPRO-001,MARGIN,,[],False,{}
100000.54,0.00,100000.54,USD,IDEALPRO-001,MARGIN,,[],False,{}
100000.00,0.00,100000.00,EUR,IDEALPRO-001,MARGIN,,[],False,{}
100000.54,0.00,100000.54,USD,IDEALPRO-001,MARGIN,,[],False,{}
100000.00,0.00,100000.00,EUR,IDEALPRO-001,MARGIN,,[],False,{}
100000.54,2.36,99998.18,USD,IDEALPRO-001,MARGIN,,"[{'type': 'MarginBalance', 'initial': '0.00', 'maintenance': '2.36', 'currency': 'USD', 'instrument_id': 'EUR/USD.IDEALPRO'}]",False,{}
100000.00,0.00,100000.00,EUR,IDEALPRO-001,MARGIN,,"[{'type': 'MarginBalance', 'initial': '0.00', 'maintenance': '2.36', 'currency': 'USD', 'instrument_id': 'EUR/USD.IDEALPRO'}]",False,{}
100000.54,2.36,99998.18,USD,IDEALPRO-001,MARGIN,,"[{'type': 'MarginBalance', 'initial': '0.00', 'maintenance': '2.36', 'currency': 'USD', 'instrument_id': 'EUR/USD.IDEALPRO'}]",False,{}
100000.00,0.00,100000.00,EUR,IDEALPRO-001,MARGIN,,"[{'type': 'MarginBalance', 'initial': '0.00', 'maintenance': '2.36', 'currency': 'USD', 'instrument_id': 'EUR/USD.IDEALPRO'}]",False,{}
100000.54,2.36,99998.18,USD,IDEALPRO-001,MARGIN,,"[{'type': 'MarginBalance', 'initial': '0.00', 'maintenance': '2.36', 'currency': 'USD', 'instrument_id': 'EUR/USD.IDEALPRO'}]",False,{}
100000.00,0.00,100000.00,EUR,IDEALPRO-001,MARGIN,,"[{'type': 'MarginBalance', 'initial': '0.00', 'maintenance': '2.36', 'currency': 'USD', 'instrument_id': 'EUR/USD.IDEALPRO'}]",False,{}
100000.48,0.00,100000.48,USD,IDEALPRO-001,MARGIN,,[],False,{}
100000.00,0.00,100000.00,EUR,IDEALPRO-001,MARGIN,,[],False,{}
100000.48,0.00,100000.48,USD,IDEALPRO-001,MARGIN,,[],False,{}
100000.00,0.00,100000.00,EUR,IDEALPRO-001,MARGIN,,[],False,{}
100000.48,0.00,100000.48,USD,IDEALPRO-001,MARGIN,,[],False,{}
100000.00,0.00,100000.00,EUR,IDEALPRO-001,MARGIN,,[],False,{}
100000.48,0.00,100000.48,USD,IDEALPRO-001,MARGIN,,[],False,{}
100000.00,0.00,100000.00,EUR,IDEALPRO-001,MARGIN,,[],False,{}
100000.48,0.00,100000.48,USD,IDEALPRO-001,MARGIN,,[],False,{}
100000.00,0.00,100000.00,EUR,IDEALPRO-001,MARGIN,,[],False,{}
100000.48,2.36,99998.12,USD,IDEALPRO-001,MARGIN,,"[{'type': 'MarginBalance', 'initial': '0.00', 'maintenance': '2.36', 'currency': 'USD', 'instrument_id': 'EUR/USD.IDEALPRO'}]",False,{}
100000.00,0.00,100000.00,EUR,IDEALPRO-001,MARGIN,,"[{'type': 'MarginBalance', 'initial': '0.00', 'maintenance': '2.36', 'currency': 'USD', 'instrument_id': 'EUR/USD.IDEALPRO'}]",False,{}
100000.48,2.36,99998.12,USD,IDEALPRO-001,MARGIN,,"[{'type': 'MarginBalance', 'initial': '0.00', 'maintenance': '2.36', 'currency': 'USD', 'instrument_id': 'EUR/USD.IDEALPRO'}]",False,{}
100000.00,0.00,100000.00,EUR,IDEALPRO-001,MARGIN,,"[{'type': 'MarginBalance', 'initial': '0.00', 'maintenance': '2.36', 'currency': 'USD', 'instrument_id': 'EUR/USD.IDEALPRO'}]",False,{}
100000.48,2.36,99998.12,USD,IDEALPRO-001,MARGIN,,"[{'type': 'MarginBalance', 'initial': '0.00', 'maintenance': '2.36', 'currency': 'USD', 'instrument_id': 'EUR/USD.IDEALPRO'}]",False,{}
100000.00,0.00,100000.00,EUR,IDEALPRO-001,MARGIN,,"[{'type': 'MarginBalance', 'initial': '0.00', 'maintenance': '2.36', 'currency': 'USD', 'instrument_id': 'EUR/USD.IDEALPRO'}]",False,{}
100000.48,2.36,99998.12,USD,IDEALPRO-001,MARGIN,,"[{'type': 'MarginBalance', 'initial': '0.00', 'maintenance': '2.36', 'currency': 'USD', 'instrument_id': 'EUR/USD.IDEALPRO'}]",False,{}
100000.00,0.00,100000.00,EUR,IDEALPRO-001,MARGIN,,"[{'type': 'MarginBalance', 'initial': '0.00', 'maintenance': '2.36', 'currency': 'USD', 'instrument_id': 'EUR/USD.IDEALPRO'}]",False,{}
100000.45,0.00,100000.45,USD,IDEALPRO-001,MARGIN,,[],False,{}
100000.00,0.00,100000.00,EUR,IDEALPRO-001,MARGIN,,[],False,{}
100000.45,0.00,100000.45,USD,IDEALPRO-001,MARGIN,,[],False,{}
100000.00,0.00,100000.00,EUR,IDEALPRO-001,MARGIN,,[],False,{}
100000.45,0.00,100000.45,USD,IDEALPRO-001,MARGIN,,[],False,{}
100000.00,0.00,100000.00,EUR,IDEALPRO-001,MARGIN,,[],False,{}
100000.45,0.00,100000.45,USD,IDEALPRO-001,MARGIN,,[],False,{}
100000.00,0.00,100000.00,EUR,IDEALPRO-001,MARGIN,,[],False,{}
100000.45,0.00,100000.45,USD,IDEALPRO-001,MARGIN,,[],False,{}
100000.00,0.00,100000.00,EUR,IDEALPRO-001,MARGIN,,[],False,{}
100000.45,0.00,100000.45,USD,IDEALPRO-001,MARGIN,,[],False,{}
100000.00,0.00,100000.00,EUR,IDEALPRO-001,MARGIN,,[],False,{}
100000.45,2.36,99998.09,USD,IDEALPRO-001,MARGIN,,"[{'type': 'MarginBalance', 'initial': '0.00', 'maintenance': '2.36', 'currency': 'USD', 'instrument_id': 'EUR/USD.IDEALPRO'}]",False,{}
100000.00,0.00,100000.00,EUR,IDEALPRO-001,MARGIN,,"[{'type': 'MarginBalance', 'initial': '0.00', 'maintenance': '2.36', 'currency': 'USD', 'instrument_id': 'EUR/USD.IDEALPRO'}]",False,{}
100000.45,2.36,99998.09,USD,IDEALPRO-001,MARGIN,,"[{'type': 'MarginBalance', 'initial': '0.00', 'maintenance': '2.36', 'currency': 'USD', 'instrument_id': 'EUR/USD.IDEALPRO'}]",False,{}
100000.00,0.00,100000.00,EUR,IDEALPRO-001,MARGIN,,"[{'type': 'MarginBalance', 'initial': '0.00', 'maintenance': '2.36', 'currency': 'USD', 'instrument_id': 'EUR/USD.IDEALPRO'}]",False,{}
100000.45,2.36,99998.09,USD,IDEALPRO-001,MARGIN,,"[{'type': 'MarginBalance', 'initial': '0.00', 'maintenance': '2.36', 'currency': 'USD', 'instrument_id': 'EUR/USD.IDEALPRO'}]",False,{}
100000.00,0.00,100000.00,EUR,IDEALPRO-001,MARGIN,,"[{'type': 'MarginBalance', 'initial': '0.00', 'maintenance': '2.36', 'currency': 'USD', 'instrument_id': 'EUR/USD.IDEALPRO'}]",False,{}
100000.39,0.00,100000.39,USD,IDEALPRO-001,MARGIN,,[],False,{}
100000.00,0.00,100000.00,EUR,IDEALPRO-001,MARGIN,,[],False,{}
100000.39,0.00,100000.39,USD,IDEALPRO-001,MARGIN,,[],False,{}
100000.00,0.00,100000.00,EUR,IDEALPRO-001,MARGIN,,[],False,{}
100000.39,0.00,100000.39,USD,IDEALPRO-001,MARGIN,,[],False,{}
100000.00,0.00,100000.00,EUR,IDEALPRO-001,MARGIN,,[],False,{}
100000.39,0.00,100000.39,USD,IDEALPRO-001,MARGIN,,[],False,{}
100000.00,0.00,100000.00,EUR,IDEALPRO-001,MARGIN,,[],False,{}
100000.39,0.00,100000.39,USD,IDEALPRO-001,MARGIN,,[],False,{}
100000.00,0.00,100000.00,EUR,IDEALPRO-001,MARGIN,,[],False,{}
100000.39,2.36,99998.03,USD,IDEALPRO-001,MARGIN,,"[{'type': 'MarginBalance', 'initial': '0.00', 'maintenance': '2.36', 'currency': 'USD', 'instrument_id': 'EUR/USD.IDEALPRO'}]",False,{}
100000.00,0.00,100000.00,EUR,IDEALPRO-001,MARGIN,,"[{'type': 'MarginBalance', 'initial': '0.00', 'maintenance': '2.36', 'currency': 'USD', 'instrument_id': 'EUR/USD.IDEALPRO'}]",False,{}
100000.39,2.36,99998.03,USD,IDEALPRO-001,MARGIN,,"[{'type': 'MarginBalance', 'initial': '0.00', 'maintenance': '2.36', 'currency': 'USD', 'instrument_id': 'EUR/USD.IDEALPRO'}]",False,{}
100000.00,0.00,100000.00,EUR,IDEALPRO-001,MARGIN,,"[{'type': 'MarginBalance', 'initial': '0.00', 'maintenance': '2.36', 'currency': 'USD', 'instrument_id': 'EUR/USD.IDEALPRO'}]",False,{}
100000.39,2.36,99998.03,USD,IDEALPRO-001,MARGIN,,"[{'type': 'MarginBalance', 'initial': '0.00', 'maintenance': '2.36', 'currency': 'USD', 'instrument_id': 'EUR/USD.IDEALPRO'}]",False,{}
100000.00,0.00,100000.00,EUR,IDEALPRO-001,MARGIN,,"[{'type': 'MarginBalance', 'initial': '0.00', 'maintenance': '2.36', 'currency': 'USD', 'instrument_id': 'EUR/USD.IDEALPRO'}]",False,{}
100000.39,2.36,99998.03,USD,IDEALPRO-001,MARGIN,,"[{'type': 'MarginBalance', 'initial': '0.00', 'maintenance': '2.36', 'currency': 'USD', 'instrument_id': 'EUR/USD.IDEALPRO'}]",False,{}
100000.00,0.00,100000.00,EUR,IDEALPRO-001,MARGIN,,"[{'type': 'MarginBalance', 'initial': '0.00', 'maintenance': '2.36', 'currency': 'USD', 'instrument_id': 'EUR/USD.IDEALPRO'}]",False,{}
100000.36,0.00,100000.36,USD,IDEALPRO-001,MARGIN,,[],False,{}
100000.00,0.00,100000.00,EUR,IDEALPRO-001,MARGIN,,[],False,{}
100000.36,0.00,100000.36,USD,IDEALPRO-001,MARGIN,,[],False,{}
100000.00,0.00,100000.00,EUR,IDEALPRO-001,MARGIN,,[],False,{}
100000.36,0.00,100000.36,USD,IDEALPRO-001,MARGIN,,[],False,{}
100000.00,0.00,100000.00,EUR,IDEALPRO-001,MARGIN,,[],False,{}
100000.36,0.00,100000.36,USD,IDEALPRO-001,MARGIN,,[],False,{}
100000.00,0.00,100000.00,EUR,IDEALPRO-001,MARGIN,,[],False,{}
100000.36,0.00,100000.36,USD,IDEALPRO-001,MARGIN,,[],False,{}
100000.00,0.00,100000.00,EUR,IDEALPRO-001,MARGIN,,[],False,{}
100000.36,0.00,100000.36,USD,IDEALPRO-001,MARGIN,,[],False,{}
100000.00,0.00,100000.00,EUR,IDEALPRO-001,MARGIN,,[],False,{}
100000.36,2.36,99998.00,USD,IDEALPRO-001,MARGIN,,"[{'type': 'MarginBalance', 'initial': '0.00', 'maintenance': '2.36', 'currency': 'USD', 'instrument_id': 'EUR/USD.IDEALPRO'}]",False,{}
100000.00,0.00,100000.00,EUR,IDEALPRO-001,MARGIN,,"[{'type': 'MarginBalance', 'initial': '0.00', 'maintenance': '2.36', 'currency': 'USD', 'instrument_id': 'EUR/USD.IDEALPRO'}]",False,{}
100000.36,2.36,99998.00,USD,IDEALPRO-001,MARGIN,,"[{'type': 'MarginBalance', 'initial': '0.00', 'maintenance': '2.36', 'currency': 'USD', 'instrument_id': 'EUR/USD.IDEALPRO'}]",False,{}
100000.00,0.00,100000.00,EUR,IDEALPRO-001,MARGIN,,"[{'type': 'MarginBalance', 'initial': '0.00', 'maintenance': '2.36', 'currency': 'USD', 'instrument_id': 'EUR/USD.IDEALPRO'}]",False,{}
100000.36,2.36,99998.00,USD,IDEALPRO-001,MARGIN,,"[{'type': 'MarginBalance', 'initial': '0.00', 'maintenance': '2.36', 'currency': 'USD', 'instrument_id': 'EUR/USD.IDEALPRO'}]",False,{}
100000.00,0.00,100000.00,EUR,IDEALPRO-001,MARGIN,,"[{'type': 'MarginBalance', 'initial': '0.00', 'maintenance': '2.36', 'currency': 'USD', 'instrument_id': 'EUR/USD.IDEALPRO'}]",False,{}
100000.36,2.36,99998.00,USD,IDEALPRO-001,MARGIN,,"[{'type': 'MarginBalance', 'initial': '0.00', 'maintenance': '2.36', 'currency': 'USD', 'instrument_id': 'EUR/USD.IDEALPRO'}]",False,{}
100000.00,0.00,100000.00,EUR,IDEALPRO-001,MARGIN,,"[{'type': 'MarginBalance', 'initial': '0.00', 'maintenance': '2.36', 'currency': 'USD', 'instrument_id': 'EUR/USD.IDEALPRO'}]",False,{}
100000.35,0.00,100000.35,USD,IDEALPRO-001,MARGIN,,[],False,{}
100000.00,0.00,100000.00,EUR,IDEALPRO-001,MARGIN,,[],False,{}
100000.35,0.00,100000.35,USD,IDEALPRO-001,MARGIN,,[],False,{}
100000.00,0.00,100000.00,EUR,IDEALPRO-001,MARGIN,,[],False,{}
100000.35,0.00,100000.35,USD,IDEALPRO-001,MARGIN,,[],False,{}
100000.00,0.00,100000.00,EUR,IDEALPRO-001,MARGIN,,[],False,{}
100000.35,0.00,100000.35,USD,IDEALPRO-001,MARGIN,,[],False,{}
100000.00,0.00,100000.00,EUR,IDEALPRO-001,MARGIN,,[],False,{}
100000.35,0.00,100000.35,USD,IDEALPRO-001,MARGIN,,[],False,{}
100000.00,0.00,100000.00,EUR,IDEALPRO-001,MARGIN,,[],False,{}
100000.35,0.00,100000.35,USD,IDEALPRO-001,MARGIN,,[],False,{}
100000.00,0.00,100000.00,EUR,IDEALPRO-001,MARGIN,,[],False,{}
100000.35,2.36,99997.99,USD,IDEALPRO-001,MARGIN,,"[{'type': 'MarginBalance', 'initial': '0.00', 'maintenance': '2.36', 'currency': 'USD', 'instrument_id': 'EUR/USD.IDEALPRO'}]",False,{}
100000.00,0.00,100000.00,EUR,IDEALPRO-001,MARGIN,,"[{'type': 'MarginBalance', 'initial': '0.00', 'maintenance': '2.36', 'currency': 'USD', 'instrument_id': 'EUR/USD.IDEALPRO'}]",False,{}
100000.35,2.36,99997.99,USD,IDEALPRO-001,MARGIN,,"[{'type': 'MarginBalance', 'initial': '0.00', 'maintenance': '2.36', 'currency': 'USD', 'instrument_id': 'EUR/USD.IDEALPRO'}]",False,{}
100000.00,0.00,100000.00,EUR,IDEALPRO-001,MARGIN,,"[{'type': 'MarginBalance', 'initial': '0.00', 'maintenance': '2.36', 'currency': 'USD', 'instrument_id': 'EUR/USD.IDEALPRO'}]",False,{}
100000.35,2.36,99997.99,USD,IDEALPRO-001,MARGIN,,"[{'type': 'MarginBalance', 'initial': '0.00', 'maintenance': '2.36', 'currency': 'USD', 'instrument_id': 'EUR/USD.IDEALPRO'}]",False,{}
100000.00,0.00,100000.00,EUR,IDEALPRO-001,MARGIN,,"[{'type': 'MarginBalance', 'initial': '0.00', 'maintenance': '2.36', 'currency': 'USD', 'instrument_id': 'EUR/USD.IDEALPRO'}]",False,{}
100000.35,2.36,99997.99,USD,IDEALPRO-001,MARGIN,,"[{'type': 'MarginBalance', 'initial': '0.00', 'maintenance': '2.36', 'currency': 'USD', 'instrument_id': 'EUR/USD.IDEALPRO'}]",False,{}
100000.00,0.00,100000.00,EUR,IDEALPRO-001,MARGIN,,"[{'type': 'MarginBalance', 'initial': '0.00', 'maintenance': '2.36', 'currency': 'USD', 'instrument_id': 'EUR/USD.IDEALPRO'}]",False,{}
100000.32,0.00,100000.32,USD,IDEALPRO-001,MARGIN,,[],False,{}
100000.00,0.00,100000.00,EUR,IDEALPRO-001,MARGIN,,[],False,{}
100000.32,0.00,100000.32,USD,IDEALPRO-001,MARGIN,,[],False,{}
100000.00,0.00,100000.00,EUR,IDEALPRO-001,MARGIN,,[],False,{}
100000.32,0.00,100000.32,USD,IDEALPRO-001,MARGIN,,[],False,{}
100000.00,0.00,100000.00,EUR,IDEALPRO-001,MARGIN,,[],False,{}
100000.32,0.00,100000.32,USD,IDEALPRO-001,MARGIN,,[],False,{}
100000.00,0.00,100000.00,EUR,IDEALPRO-001,MARGIN,,[],False,{}
100000.32,0.00,100000.32,USD,IDEALPRO-001,MARGIN,,[],False,{}
100000.00,0.00,100000.00,EUR,IDEALPRO-001,MARGIN,,[],False,{}
100000.32,0.00,100000.32,USD,IDEALPRO-001,MARGIN,,[],False,{}
100000.00,0.00,100000.00,EUR,IDEALPRO-001,MARGIN,,[],False,{}
100000.32,2.36,99997.96,USD,IDEALPRO-001,MARGIN,,"[{'type': 'MarginBalance', 'initial': '0.00', 'maintenance': '2.36', 'currency': 'USD', 'instrument_id': 'EUR/USD.IDEALPRO'}]",False,{}
100000.00,0.00,100000.00,EUR,IDEALPRO-001,MARGIN,,"[{'type': 'MarginBalance', 'initial': '0.00', 'maintenance': '2.36', 'currency': 'USD', 'instrument_id': 'EUR/USD.IDEALPRO'}]",False,{}
100000.32,2.36,99997.96,USD,IDEALPRO-001,MARGIN,,"[{'type': 'MarginBalance', 'initial': '0.00', 'maintenance': '2.36', 'currency': 'USD', 'instrument_id': 'EUR/USD.IDEALPRO'}]",False,{}
100000.00,0.00,100000.00,EUR,IDEALPRO-001,MARGIN,,"[{'type': 'MarginBalance', 'initial': '0.00', 'maintenance': '2.36', 'currency': 'USD', 'instrument_id': 'EUR/USD.IDEALPRO'}]",False,{}
100000.32,2.36,99997.96,USD,IDEALPRO-001,MARGIN,,"[{'type': 'MarginBalance', 'initial': '0.00', 'maintenance': '2.36', 'currency': 'USD', 'instrument_id': 'EUR/USD.IDEALPRO'}]",False,{}
100000.00,0.00,100000.00,EUR,IDEALPRO-001,MARGIN,,"[{'type': 'MarginBalance', 'initial': '0.00', 'maintenance': '2.36', 'currency': 'USD', 'instrument_id': 'EUR/USD.IDEALPRO'}]",False,{}
100000.32,2.36,99997.96,USD,IDEALPRO-001,MARGIN,,"[{'type': 'MarginBalance', 'initial': '0.00', 'maintenance': '2.36', 'currency': 'USD', 'instrument_id': 'EUR/USD.IDEALPRO'}]",False,{}
100000.00,0.00,100000.00,EUR,IDEALPRO-001,MARGIN,,"[{'type': 'MarginBalance', 'initial': '0.00', 'maintenance': '2.36', 'currency': 'USD', 'instrument_id': 'EUR/USD.IDEALPRO'}]",False,{}
100000.29,0.00,100000.29,USD,IDEALPRO-001,MARGIN,,[],False,{}
100000.00,0.00,100000.00,EUR,IDEALPRO-001,MARGIN,,[],False,{}
100000.29,0.00,100000.29,USD,IDEALPRO-001,MARGIN,,[],False,{}
100000.00,0.00,100000.00,EUR,IDEALPRO-001,MARGIN,,[],False,{}
100000.29,0.00,100000.29,USD,IDEALPRO-001,MARGIN,,[],False,{}
100000.00,0.00,100000.00,EUR,IDEALPRO-001,MARGIN,,[],False,{}
100000.29,0.00,100000.29,USD,IDEALPRO-001,MARGIN,,[],False,{}
100000.00,0.00,100000.00,EUR,IDEALPRO-001,MARGIN,,[],False,{}
100000.29,0.00,100000.29,USD,IDEALPRO-001,MARGIN,,[],False,{}
100000.00,0.00,100000.00,EUR,IDEALPRO-001,MARGIN,,[],False,{}
100000.29,0.00,100000.29,USD,IDEALPRO-001,MARGIN,,[],False,{}
100000.00,0.00,100000.00,EUR,IDEALPRO-001,MARGIN,,[],False,{}
100000.29,2.36,99997.93,USD,IDEALPRO-001,MARGIN,,"[{'type': 'MarginBalance', 'initial': '0.00', 'maintenance': '2.36', 'currency': 'USD', 'instrument_id': 'EUR/USD.IDEALPRO'}]",False,{}
100000.00,0.00,100000.00,EUR,IDEALPRO-001,MARGIN,,"[{'type': 'MarginBalance', 'initial': '0.00', 'maintenance': '2.36', 'currency': 'USD', 'instrument_id': 'EUR/USD.IDEALPRO'}]",False,{}
100000.29,2.36,99997.93,USD,IDEALPRO-001,MARGIN,,"[{'type': 'MarginBalance', 'initial': '0.00', 'maintenance': '2.36', 'currency': 'USD', 'instrument_id': 'EUR/USD.IDEALPRO'}]",False,{}
100000.00,0.00,100000.00,EUR,IDEALPRO-001,MARGIN,,"[{'type': 'MarginBalance', 'initial': '0.00', 'maintenance': '2.36', 'currency': 'USD', 'instrument_id': 'EUR/USD.IDEALPRO'}]",False,{}
100000.29,2.36,99997.93,USD,IDEALPRO-001,MARGIN,,"[{'type': 'MarginBalance', 'initial': '0.00', 'maintenance': '2.36', 'currency': 'USD', 'instrument_id': 'EUR/USD.IDEALPRO'}]",False,{}
100000.00,0.00,100000.00,EUR,IDEALPRO-001,MARGIN,,"[{'type': 'MarginBalance', 'initial': '0.00', 'maintenance': '2.36', 'currency': 'USD', 'instrument_id': 'EUR/USD.IDEALPRO'}]",False,{}
100000.29,2.36,99997.93,USD,IDEALPRO-001,MARGIN,,"[{'type': 'MarginBalance', 'initial': '0.00', 'maintenance': '2.36', 'currency': 'USD', 'instrument_id': 'EUR/USD.IDEALPRO'}]",False,{}
100000.00,0.00,100000.00,EUR,IDEALPRO-001,MARGIN,,"[{'type': 'MarginBalance', 'initial': '0.00', 'maintenance': '2.36', 'currency': 'USD', 'instrument_id': 'EUR/USD.IDEALPRO'}]",False,{}
100000.37,0.00,100000.37,USD,IDEALPRO-001,MARGIN,,[],False,{}
100000.00,0.00,100000.00,EUR,IDEALPRO-001,MARGIN,,[],False,{}
100000.37,0.00,100000.37,USD,IDEALPRO-001,MARGIN,,[],False,{}
100000.00,0.00,100000.00,EUR,IDEALPRO-001,MARGIN,,[],False,{}
100000.37,0.00,100000.37,USD,IDEALPRO-001,MARGIN,,[],False,{}
100000.00,0.00,100000.00,EUR,IDEALPRO-001,MARGIN,,[],False,{}
100000.37,0.00,100000.37,USD,IDEALPRO-001,MARGIN,,[],False,{}
100000.00,0.00,100000.00,EUR,IDEALPRO-001,MARGIN,,[],False,{}
100000.37,0.00,100000.37,USD,IDEALPRO-001,MARGIN,,[],False,{}
100000.00,0.00,100000.00,EUR,IDEALPRO-001,MARGIN,,[],False,{}
100000.37,0.00,100000.37,USD,IDEALPRO-001,MARGIN,,[],False,{}
100000.00,0.00,100000.00,EUR,IDEALPRO-001,MARGIN,,[],False,{}
100000.37,2.36,99998.01,USD,IDEALPRO-001,MARGIN,,"[{'type': 'MarginBalance', 'initial': '0.00', 'maintenance': '2.36', 'currency': 'USD', 'instrument_id': 'EUR/USD.IDEALPRO'}]",False,{}
100000.00,0.00,100000.00,EUR,IDEALPRO-001,MARGIN,,"[{'type': 'MarginBalance', 'initial': '0.00', 'maintenance': '2.36', 'currency': 'USD', 'instrument_id': 'EUR/USD.IDEALPRO'}]",False,{}
100000.37,2.36,99998.01,USD,IDEALPRO-001,MARGIN,,"[{'type': 'MarginBalance', 'initial': '0.00', 'maintenance': '2.36', 'currency': 'USD', 'instrument_id': 'EUR/USD.IDEALPRO'}]",False,{}
100000.00,0.00,100000.00,EUR,IDEALPRO-001,MARGIN,,"[{'type': 'MarginBalance', 'initial': '0.00', 'maintenance': '2.36', 'currency': 'USD', 'instrument_id': 'EUR/USD.IDEALPRO'}]",False,{}
100000.37,2.36,99998.01,USD,IDEALPRO-001,MARGIN,,"[{'type': 'MarginBalance', 'initial': '0.00', 'maintenance': '2.36', 'currency': 'USD', 'instrument_id': 'EUR/USD.IDEALPRO'}]",False,{}
100000.00,0.00,100000.00,EUR,IDEALPRO-001,MARGIN,,"[{'type': 'MarginBalance', 'initial': '0.00', 'maintenance': '2.36', 'currency': 'USD', 'instrument_id': 'EUR/USD.IDEALPRO'}]",False,{}
100000.37,2.36,99998.01,USD,IDEALPRO-001,MARGIN,,"[{'type': 'MarginBalance', 'initial': '0.00', 'maintenance': '2.36', 'currency': 'USD', 'instrument_id': 'EUR/USD.IDEALPRO'}]",False,{}
100000.00,0.00,100000.00,EUR,IDEALPRO-001,MARGIN,,"[{'type': 'MarginBalance', 'initial': '0.00', 'maintenance': '2.36', 'currency': 'USD', 'instrument_id': 'EUR/USD.IDEALPRO'}]",False,{}
100000.37,0.00,100000.37,USD,IDEALPRO-001,MARGIN,,[],False,{}
100000.00,0.00,100000.00,EUR,IDEALPRO-001,MARGIN,,[],False,{}
100000.37,0.00,100000.37,USD,IDEALPRO-001,MARGIN,,[],False,{}
100000.00,0.00,100000.00,EUR,IDEALPRO-001,MARGIN,,[],False,{}
100000.37,0.00,100000.37,USD,IDEALPRO-001,MARGIN,,[],False,{}
100000.00,0.00,100000.00,EUR,IDEALPRO-001,MARGIN,,[],False,{}
100000.37,0.00,100000.37,USD,IDEALPRO-001,MARGIN,,[],False,{}
100000.00,0.00,100000.00,EUR,IDEALPRO-001,MARGIN,,[],False,{}
100000.37,0.00,100000.37,USD,IDEALPRO-001,MARGIN,,[],False,{}
100000.00,0.00,100000.00,EUR,IDEALPRO-001,MARGIN,,[],False,{}
100000.37,0.00,100000.37,USD,IDEALPRO-001,MARGIN,,[],False,{}
100000.00,0.00,100000.00,EUR,IDEALPRO-001,MARGIN,,[],False,{}
100000.37,2.36,99998.01,USD,IDEALPRO-001,MARGIN,,"[{'type': 'MarginBalance', 'initial': '0.00', 'maintenance': '2.36', 'currency': 'USD', 'instrument_id': 'EUR/USD.IDEALPRO'}]",False,{}
100000.00,0.00,100000.00,EUR,IDEALPRO-001,MARGIN,,"[{'type': 'MarginBalance', 'initial': '0.00', 'maintenance': '2.36', 'currency': 'USD', 'instrument_id': 'EUR/USD.IDEALPRO'}]",False,{}
100000.37,2.36,99998.01,USD,IDEALPRO-001,MARGIN,,"[{'type': 'MarginBalance', 'initial': '0.00', 'maintenance': '2.36', 'currency': 'USD', 'instrument_id': 'EUR/USD.IDEALPRO'}]",False,{}
100000.00,0.00,100000.00,EUR,IDEALPRO-001,MARGIN,,"[{'type': 'MarginBalance', 'initial': '0.00', 'maintenance': '2.36', 'currency': 'USD', 'instrument_id': 'EUR/USD.IDEALPRO'}]",False,{}
100000.37,2.36,99998.01,USD,IDEALPRO-001,MARGIN,,"[{'type': 'MarginBalance', 'initial': '0.00', 'maintenance': '2.36', 'currency': 'USD', 'instrument_id': 'EUR/USD.IDEALPRO'}]",False,{}
100000.00,0.00,100000.00,EUR,IDEALPRO-001,MARGIN,,"[{'type': 'MarginBalance', 'initial': '0.00', 'maintenance': '2.36', 'currency': 'USD', 'instrument_id': 'EUR/USD.IDEALPRO'}]",False,{}
100000.37,2.36,99998.01,USD,IDEALPRO-001,MARGIN,,"[{'type': 'MarginBalance', 'initial': '0.00', 'maintenance': '2.36', 'currency': 'USD', 'instrument_id': 'EUR/USD.IDEALPRO'}]",False,{}
100000.00,0.00,100000.00,EUR,IDEALPRO-001,MARGIN,,"[{'type': 'MarginBalance', 'initial': '0.00', 'maintenance': '2.36', 'currency': 'USD', 'instrument_id': 'EUR/USD.IDEALPRO'}]",False,{}
100000.33,0.00,100000.33,USD,IDEALPRO-001,MARGIN,,[],False,{}
100000.00,0.00,100000.00,EUR,IDEALPRO-001,MARGIN,,[],False,{}
100000.33,0.00,100000.33,USD,IDEALPRO-001,MARGIN,,[],False,{}
100000.00,0.00,100000.00,EUR,IDEALPRO-001,MARGIN,,[],False,{}
100000.33,0.00,100000.33,USD,IDEALPRO-001,MARGIN,,[],False,{}
100000.00,0.00,100000.00,EUR,IDEALPRO-001,MARGIN,,[],False,{}
100000.33,0.00,100000.33,USD,IDEALPRO-001,MARGIN,,[],False,{}
100000.00,0.00,100000.00,EUR,IDEALPRO-001,MARGIN,,[],False,{}
100000.33,0.00,100000.33,USD,IDEALPRO-001,MARGIN,,[],False,{}
100000.00,0.00,100000.00,EUR,IDEALPRO-001,MARGIN,,[],False,{}
100000.33,0.00,100000.33,USD,IDEALPRO-001,MARGIN,,[],False,{}
100000.00,0.00,100000.00,EUR,IDEALPRO-001,MARGIN,,[],False,{}
100000.33,2.36,99997.97,USD,IDEALPRO-001,MARGIN,,"[{'type': 'MarginBalance', 'initial': '0.00', 'maintenance': '2.36', 'currency': 'USD', 'instrument_id': 'EUR/USD.IDEALPRO'}]",False,{}
100000.00,0.00,100000.00,EUR,IDEALPRO-001,MARGIN,,"[{'type': 'MarginBalance', 'initial': '0.00', 'maintenance': '2.36', 'currency': 'USD', 'instrument_id': 'EUR/USD.IDEALPRO'}]",False,{}
100000.33,2.36,99997.97,USD,IDEALPRO-001,MARGIN,,"[{'type': 'MarginBalance', 'initial': '0.00', 'maintenance': '2.36', 'currency': 'USD', 'instrument_id': 'EUR/USD.IDEALPRO'}]",False,{}
100000.00,0.00,100000.00,EUR,IDEALPRO-001,MARGIN,,"[{'type': 'MarginBalance', 'initial': '0.00', 'maintenance': '2.36', 'currency': 'USD', 'instrument_id': 'EUR/USD.IDEALPRO'}]",False,{}
100000.33,2.36,99997.97,USD,IDEALPRO-001,MARGIN,,"[{'type': 'MarginBalance', 'initial': '0.00', 'maintenance': '2.36', 'currency': 'USD', 'instrument_id': 'EUR/USD.IDEALPRO'}]",False,{}
100000.00,0.00,100000.00,EUR,IDEALPRO-001,MARGIN,,"[{'type': 'MarginBalance', 'initial': '0.00', 'maintenance': '2.36', 'currency': 'USD', 'instrument_id': 'EUR/USD.IDEALPRO'}]",False,{}
100000.33,2.36,99997.97,USD,IDEALPRO-001,MARGIN,,"[{'type': 'MarginBalance', 'initial': '0.00', 'maintenance': '2.36', 'currency': 'USD', 'instrument_id': 'EUR/USD.IDEALPRO'}]",False,{}
100000.00,0.00,100000.00,EUR,IDEALPRO-001,MARGIN,,"[{'type': 'MarginBalance', 'initial': '0.00', 'maintenance': '2.36', 'currency': 'USD', 'instrument_id': 'EUR/USD.IDEALPRO'}]",False,{}
100000.33,0.00,100000.33,USD,IDEALPRO-001,MARGIN,,[],False,{}
100000.00,0.00,100000.00,EUR,IDEALPRO-001,MARGIN,,[],False,{}
100000.33,0.00,100000.33,USD,IDEALPRO-001,MARGIN,,[],False,{}
100000.00,0.00,100000.00,EUR,IDEALPRO-001,MARGIN,,[],False,{}
100000.33,0.00,100000.33,USD,IDEALPRO-001,MARGIN,,[],False,{}
100000.00,0.00,100000.00,EUR,IDEALPRO-001,MARGIN,,[],False,{}
100000.33,0.00,100000.33,USD,IDEALPRO-001,MARGIN,,[],False,{}
100000.00,0.00,100000.00,EUR,IDEALPRO-001,MARGIN,,[],False,{}
100000.33,0.00,100000.33,USD,IDEALPRO-001,MARGIN,,[],False,{}
100000.00,0.00,100000.00,EUR,IDEALPRO-001,MARGIN,,[],False,{}
100000.33,0.00,100000.33,USD,IDEALPRO-001,MARGIN,,[],False,{}
100000.00,0.00,100000.00,EUR,IDEALPRO-001,MARGIN,,[],False,{}
100000.33,2.36,99997.97,USD,IDEALPRO-001,MARGIN,,"[{'type': 'MarginBalance', 'initial': '0.00', 'maintenance': '2.36', 'currency': 'USD', 'instrument_id': 'EUR/USD.IDEALPRO'}]",False,{}
100000.00,0.00,100000.00,EUR,IDEALPRO-001,MARGIN,,"[{'type': 'MarginBalance', 'initial': '0.00', 'maintenance': '2.36', 'currency': 'USD', 'instrument_id': 'EUR/USD.IDEALPRO'}]",False,{}
100000.33,2.36,99997.97,USD,IDEALPRO-001,MARGIN,,"[{'type': 'MarginBalance', 'initial': '0.00', 'maintenance': '2.36', 'currency': 'USD', 'instrument_id': 'EUR/USD.IDEALPRO'}]",False,{}
100000.00,0.00,100000.00,EUR,IDEALPRO-001,MARGIN,,"[{'type': 'MarginBalance', 'initial': '0.00', 'maintenance': '2.36', 'currency': 'USD', 'instrument_id': 'EUR/USD.IDEALPRO'}]",False,{}
100000.33,2.36,99997.97,USD,IDEALPRO-001,MARGIN,,"[{'type': 'MarginBalance', 'initial': '0.00', 'maintenance': '2.36', 'currency': 'USD', 'instrument_id': 'EUR/USD.IDEALPRO'}]",False,{}
100000.00,0.00,100000.00,EUR,IDEALPRO-001,MARGIN,,"[{'type': 'MarginBalance', 'initial': '0.00', 'maintenance': '2.36', 'currency': 'USD', 'instrument_id': 'EUR/USD.IDEALPRO'}]",False,{}
100000.33,2.36,99997.97,USD,IDEALPRO-001,MARGIN,,"[{'type': 'MarginBalance', 'initial': '0.00', 'maintenance': '2.36', 'currency': 'USD', 'instrument_id': 'EUR/USD.IDEALPRO'}]",False,{}
100000.00,0.00,100000.00,EUR,IDEALPRO-001,MARGIN,,"[{'type': 'MarginBalance', 'initial': '0.00', 'maintenance': '2.36', 'currency': 'USD', 'instrument_id': 'EUR/USD.IDEALPRO'}]",False,{}
100000.30,0.00,100000.30,USD,IDEALPRO-001,MARGIN,,[],False,{}
100000.00,0.00,100000.00,EUR,IDEALPRO-001,MARGIN,,[],False,{}
100000.30,0.00,100000.30,USD,IDEALPRO-001,MARGIN,,[],False,{}
100000.00,0.00,100000.00,EUR,IDEALPRO-001,MARGIN,,[],False,{}
100000.30,0.00,100000.30,USD,IDEALPRO-001,MARGIN,,[],False,{}
100000.00,0.00,100000.00,EUR,IDEALPRO-001,MARGIN,,[],False,{}
100000.30,0.00,100000.30,USD,IDEALPRO-001,MARGIN,,[],False,{}
100000.00,0.00,100000.00,EUR,IDEALPRO-001,MARGIN,,[],False,{}
100000.30,0.00,100000.30,USD,IDEALPRO-001,MARGIN,,[],False,{}
100000.00,0.00,100000.00,EUR,IDEALPRO-001,MARGIN,,[],False,{}
100000.30,0.00,100000.30,USD,IDEALPRO-001,MARGIN,,[],False,{}
100000.00,0.00,100000.00,EUR,IDEALPRO-001,MARGIN,,[],False,{}
100000.30,2.36,99997.94,USD,IDEALPRO-001,MARGIN,,"[{'type': 'MarginBalance', 'initial': '0.00', 'maintenance': '2.36', 'currency': 'USD', 'instrument_id': 'EUR/USD.IDEALPRO'}]",False,{}
100000.00,0.00,100000.00,EUR,IDEALPRO-001,MARGIN,,"[{'type': 'MarginBalance', 'initial': '0.00', 'maintenance': '2.36', 'currency': 'USD', 'instrument_id': 'EUR/USD.IDEALPRO'}]",False,{}
100000.30,2.36,99997.94,USD,IDEALPRO-001,MARGIN,,"[{'type': 'MarginBalance', 'initial': '0.00', 'maintenance': '2.36', 'currency': 'USD', 'instrument_id': 'EUR/USD.IDEALPRO'}]",False,{}
100000.00,0.00,100000.00,EUR,IDEALPRO-001,MARGIN,,"[{'type': 'MarginBalance', 'initial': '0.00', 'maintenance': '2.36', 'currency': 'USD', 'instrument_id': 'EUR/USD.IDEALPRO'}]",False,{}
100000.30,2.36,99997.94,USD,IDEALPRO-001,MARGIN,,"[{'type': 'MarginBalance', 'initial': '0.00', 'maintenance': '2.36', 'currency': 'USD', 'instrument_id': 'EUR/USD.IDEALPRO'}]",False,{}
100000.00,0.00,100000.00,EUR,IDEALPRO-001,MARGIN,,"[{'type': 'MarginBalance', 'initial': '0.00', 'maintenance': '2.36', 'currency': 'USD', 'instrument_id': 'EUR/USD.IDEALPRO'}]",False,{}
100000.24,0.00,100000.24,USD,IDEALPRO-001,MARGIN,,[],False,{}
100000.00,0.00,100000.00,EUR,IDEALPRO-001,MARGIN,,[],False,{}
100000.24,0.00,100000.24,USD,IDEALPRO-001,MARGIN,,[],False,{}
100000.00,0.00,100000.00,EUR,IDEALPRO-001,MARGIN,,[],False,{}
100000.24,0.00,100000.24,USD,IDEALPRO-001,MARGIN,,[],False,{}
100000.00,0.00,100000.00,EUR,IDEALPRO-001,MARGIN,,[],False,{}
100000.24,0.00,100000.24,USD,IDEALPRO-001,MARGIN,,[],False,{}
100000.00,0.00,100000.00,EUR,IDEALPRO-001,MARGIN,,[],False,{}
100000.24,0.00,100000.24,USD,IDEALPRO-001,MARGIN,,[],False,{}
100000.00,0.00,100000.00,EUR,IDEALPRO-001,MARGIN,,[],False,{}
100000.24,2.36,99997.88,USD,IDEALPRO-001,MARGIN,,"[{'type': 'MarginBalance', 'initial': '0.00', 'maintenance': '2.36', 'currency': 'USD', 'instrument_id': 'EUR/USD.IDEALPRO'}]",False,{}
100000.00,0.00,100000.00,EUR,IDEALPRO-001,MARGIN,,"[{'type': 'MarginBalance', 'initial': '0.00', 'maintenance': '2.36', 'currency': 'USD', 'instrument_id': 'EUR/USD.IDEALPRO'}]",False,{}
100000.24,2.36,99997.88,USD,IDEALPRO-001,MARGIN,,"[{'type': 'MarginBalance', 'initial': '0.00', 'maintenance': '2.36', 'currency': 'USD', 'instrument_id': 'EUR/USD.IDEALPRO'}]",False,{}
100000.00,0.00,100000.00,EUR,IDEALPRO-001,MARGIN,,"[{'type': 'MarginBalance', 'initial': '0.00', 'maintenance': '2.36', 'currency': 'USD', 'instrument_id': 'EUR/USD.IDEALPRO'}]",False,{}
100000.24,2.36,99997.88,USD,IDEALPRO-001,MARGIN,,"[{'type': 'MarginBalance', 'initial': '0.00', 'maintenance': '2.36', 'currency': 'USD', 'instrument_id': 'EUR/USD.IDEALPRO'}]",False,{}
100000.00,0.00,100000.00,EUR,IDEALPRO-001,MARGIN,,"[{'type': 'MarginBalance', 'initial': '0.00', 'maintenance': '2.36', 'currency': 'USD', 'instrument_id': 'EUR/USD.IDEALPRO'}]",False,{}
100000.18,0.00,100000.18,USD,IDEALPRO-001,MARGIN,,[],False,{}
100000.00,0.00,100000.00,EUR,IDEALPRO-001,MARGIN,,[],False,{}
100000.18,0.00,100000.18,USD,IDEALPRO-001,MARGIN,,[],False,{}
100000.00,0.00,100000.00,EUR,IDEALPRO-001,MARGIN,,[],False,{}
100000.18,0.00,100000.18,USD,IDEALPRO-001,MARGIN,,[],False,{}
100000.00,0.00,100000.00,EUR,IDEALPRO-001,MARGIN,,[],False,{}
100000.18,0.00,100000.18,USD,IDEALPRO-001,MARGIN,,[],False,{}
100000.00,0.00,100000.00,EUR,IDEALPRO-001,MARGIN,,[],False,{}
100000.18,0.00,100000.18,USD,IDEALPRO-001,MARGIN,,[],False,{}
100000.00,0.00,100000.00,EUR,IDEALPRO-001,MARGIN,,[],False,{}
100000.18,2.36,99997.82,USD,IDEALPRO-001,MARGIN,,"[{'type': 'MarginBalance', 'initial': '0.00', 'maintenance': '2.36', 'currency': 'USD', 'instrument_id': 'EUR/USD.IDEALPRO'}]",False,{}
100000.00,0.00,100000.00,EUR,IDEALPRO-001,MARGIN,,"[{'type': 'MarginBalance', 'initial': '0.00', 'maintenance': '2.36', 'currency': 'USD', 'instrument_id': 'EUR/USD.IDEALPRO'}]",False,{}
100000.18,2.36,99997.82,USD,IDEALPRO-001,MARGIN,,"[{'type': 'MarginBalance', 'initial': '0.00', 'maintenance': '2.36', 'currency': 'USD', 'instrument_id': 'EUR/USD.IDEALPRO'}]",False,{}
100000.00,0.00,100000.00,EUR,IDEALPRO-001,MARGIN,,"[{'type': 'MarginBalance', 'initial': '0.00', 'maintenance': '2.36', 'currency': 'USD', 'instrument_id': 'EUR/USD.IDEALPRO'}]",False,{}
100000.18,2.36,99997.82,USD,IDEALPRO-001,MARGIN,,"[{'type': 'MarginBalance', 'initial': '0.00', 'maintenance': '2.36', 'currency': 'USD', 'instrument_id': 'EUR/USD.IDEALPRO'}]",False,{}
100000.00,0.00,100000.00,EUR,IDEALPRO-001,MARGIN,,"[{'type': 'MarginBalance', 'initial': '0.00', 'maintenance': '2.36', 'currency': 'USD', 'instrument_id': 'EUR/USD.IDEALPRO'}]",False,{}
100000.18,2.36,99997.82,USD,IDEALPRO-001,MARGIN,,"[{'type': 'MarginBalance', 'initial': '0.00', 'maintenance': '2.36', 'currency': 'USD', 'instrument_id': 'EUR/USD.IDEALPRO'}]",False,{}
100000.00,0.00,100000.00,EUR,IDEALPRO-001,MARGIN,,"[{'type': 'MarginBalance', 'initial': '0.00', 'maintenance': '2.36', 'currency': 'USD', 'instrument_id': 'EUR/USD.IDEALPRO'}]",False,{}
100000.13,0.00,100000.13,USD,IDEALPRO-001,MARGIN,,[],False,{}
100000.00,0.00,100000.00,EUR,IDEALPRO-001,MARGIN,,[],False,{}
100000.13,0.00,100000.13,USD,IDEALPRO-001,MARGIN,,[],False,{}
100000.00,0.00,100000.00,EUR,IDEALPRO-001,MARGIN,,[],False,{}
100000.13,0.00,100000.13,USD,IDEALPRO-001,MARGIN,,[],False,{}
100000.00,0.00,100000.00,EUR,IDEALPRO-001,MARGIN,,[],False,{}
100000.13,0.00,100000.13,USD,IDEALPRO-001,MARGIN,,[],False,{}
100000.00,0.00,100000.00,EUR,IDEALPRO-001,MARGIN,,[],False,{}
100000.13,0.00,100000.13,USD,IDEALPRO-001,MARGIN,,[],False,{}
100000.00,0.00,100000.00,EUR,IDEALPRO-001,MARGIN,,[],False,{}
100000.13,0.00,100000.13,USD,IDEALPRO-001,MARGIN,,[],False,{}
100000.00,0.00,100000.00,EUR,IDEALPRO-001,MARGIN,,[],False,{}
100000.13,2.36,99997.77,USD,IDEALPRO-001,MARGIN,,"[{'type': 'MarginBalance', 'initial': '0.00', 'maintenance': '2.36', 'currency': 'USD', 'instrument_id': 'EUR/USD.IDEALPRO'}]",False,{}
100000.00,0.00,100000.00,EUR,IDEALPRO-001,MARGIN,,"[{'type': 'MarginBalance', 'initial': '0.00', 'maintenance': '2.36', 'currency': 'USD', 'instrument_id': 'EUR/USD.IDEALPRO'}]",False,{}
100000.13,2.36,99997.77,USD,IDEALPRO-001,MARGIN,,"[{'type': 'MarginBalance', 'initial': '0.00', 'maintenance': '2.36', 'currency': 'USD', 'instrument_id': 'EUR/USD.IDEALPRO'}]",False,{}
100000.00,0.00,100000.00,EUR,IDEALPRO-001,MARGIN,,"[{'type': 'MarginBalance', 'initial': '0.00', 'maintenance': '2.36', 'currency': 'USD', 'instrument_id': 'EUR/USD.IDEALPRO'}]",False,{}
100000.13,2.36,99997.77,USD,IDEALPRO-001,MARGIN,,"[{'type': 'MarginBalance', 'initial': '0.00', 'maintenance': '2.36', 'currency': 'USD', 'instrument_id': 'EUR/USD.IDEALPRO'}]",False,{}
100000.00,0.00,100000.00,EUR,IDEALPRO-001,MARGIN,,"[{'type': 'MarginBalance', 'initial': '0.00', 'maintenance': '2.36', 'currency': 'USD', 'instrument_id': 'EUR/USD.IDEALPRO'}]",False,{}
100000.13,2.36,99997.77,USD,IDEALPRO-001,MARGIN,,"[{'type': 'MarginBalance', 'initial': '0.00', 'maintenance': '2.36', 'currency': 'USD', 'instrument_id': 'EUR/USD.IDEALPRO'}]",False,{}
100000.00,0.00,100000.00,EUR,IDEALPRO-001,MARGIN,,"[{'type': 'MarginBalance', 'initial': '0.00', 'maintenance': '2.36', 'currency': 'USD', 'instrument_id': 'EUR/USD.IDEALPRO'}]",False,{}
100000.17,0.00,100000.17,USD,IDEALPRO-001,MARGIN,,[],False,{}
100000.00,0.00,100000.00,EUR,IDEALPRO-001,MARGIN,,[],False,{}
100000.17,0.00,100000.17,USD,IDEALPRO-001,MARGIN,,[],False,{}
100000.00,0.00,100000.00,EUR,IDEALPRO-001,MARGIN,,[],False,{}
100000.17,0.00,100000.17,USD,IDEALPRO-001,MARGIN,,[],False,{}
100000.00,0.00,100000.00,EUR,IDEALPRO-001,MARGIN,,[],False,{}
100000.17,0.00,100000.17,USD,IDEALPRO-001,MARGIN,,[],False,{}
100000.00,0.00,100000.00,EUR,IDEALPRO-001,MARGIN,,[],False,{}
100000.17,0.00,100000.17,USD,IDEALPRO-001,MARGIN,,[],False,{}
100000.00,0.00,100000.00,EUR,IDEALPRO-001,MARGIN,,[],False,{}
100000.17,0.00,100000.17,USD,IDEALPRO-001,MARGIN,,[],False,{}
100000.00,0.00,100000.00,EUR,IDEALPRO-001,MARGIN,,[],False,{}
100000.17,2.36,99997.81,USD,IDEALPRO-001,MARGIN,,"[{'type': 'MarginBalance', 'initial': '0.00', 'maintenance': '2.36', 'currency': 'USD', 'instrument_id': 'EUR/USD.IDEALPRO'}]",False,{}
100000.00,0.00,100000.00,EUR,IDEALPRO-001,MARGIN,,"[{'type': 'MarginBalance', 'initial': '0.00', 'maintenance': '2.36', 'currency': 'USD', 'instrument_id': 'EUR/USD.IDEALPRO'}]",False,{}
100000.17,2.36,99997.81,USD,IDEALPRO-001,MARGIN,,"[{'type': 'MarginBalance', 'initial': '0.00', 'maintenance': '2.36', 'currency': 'USD', 'instrument_id': 'EUR/USD.IDEALPRO'}]",False,{}
100000.00,0.00,100000.00,EUR,IDEALPRO-001,MARGIN,,"[{'type': 'MarginBalance', 'initial': '0.00', 'maintenance': '2.36', 'currency': 'USD', 'instrument_id': 'EUR/USD.IDEALPRO'}]",False,{}
100000.17,2.36,99997.81,USD,IDEALPRO-001,MARGIN,,"[{'type': 'MarginBalance', 'initial': '0.00', 'maintenance': '2.36', 'currency': 'USD', 'instrument_id': 'EUR/USD.IDEALPRO'}]",False,{}
100000.00,0.00,100000.00,EUR,IDEALPRO-001,MARGIN,,"[{'type': 'MarginBalance', 'initial': '0.00', 'maintenance': '2.36', 'currency': 'USD', 'instrument_id': 'EUR/USD.IDEALPRO'}]",False,{}
100000.11,0.00,100000.11,USD,IDEALPRO-001,MARGIN,,[],False,{}
100000.00,0.00,100000.00,EUR,IDEALPRO-001,MARGIN,,[],False,{}
100000.11,0.00,100000.11,USD,IDEALPRO-001,MARGIN,,[],False,{}
100000.00,0.00,100000.00,EUR,IDEALPRO-001,MARGIN,,[],False,{}
100000.11,0.00,100000.11,USD,IDEALPRO-001,MARGIN,,[],False,{}
100000.00,0.00,100000.00,EUR,IDEALPRO-001,MARGIN,,[],False,{}
100000.11,0.00,100000.11,USD,IDEALPRO-001,MARGIN,,[],False,{}
100000.00,0.00,100000.00,EUR,IDEALPRO-001,MARGIN,,[],False,{}
100000.11,0.00,100000.11,USD,IDEALPRO-001,MARGIN,,[],False,{}
100000.00,0.00,100000.00,EUR,IDEALPRO-001,MARGIN,,[],False,{}
100000.11,2.36,99997.75,USD,IDEALPRO-001,MARGIN,,"[{'type': 'MarginBalance', 'initial': '0.00', 'maintenance': '2.36', 'currency': 'USD', 'instrument_id': 'EUR/USD.IDEALPRO'}]",False,{}
100000.00,0.00,100000.00,EUR,IDEALPRO-001,MARGIN,,"[{'type': 'MarginBalance', 'initial': '0.00', 'maintenance': '2.36', 'currency': 'USD', 'instrument_id': 'EUR/USD.IDEALPRO'}]",False,{}
100000.11,2.36,99997.75,USD,IDEALPRO-001,MARGIN,,"[{'type': 'MarginBalance', 'initial': '0.00', 'maintenance': '2.36', 'currency': 'USD', 'instrument_id': 'EUR/USD.IDEALPRO'}]",False,{}
100000.00,0.00,100000.00,EUR,IDEALPRO-001,MARGIN,,"[{'type': 'MarginBalance', 'initial': '0.00', 'maintenance': '2.36', 'currency': 'USD', 'instrument_id': 'EUR/USD.IDEALPRO'}]",False,{}
100000.11,2.36,99997.75,USD,IDEALPRO-001,MARGIN,,"[{'type': 'MarginBalance', 'initial': '0.00', 'maintenance': '2.36', 'currency': 'USD', 'instrument_id': 'EUR/USD.IDEALPRO'}]",False,{}
100000.00,0.00,100000.00,EUR,IDEALPRO-001,MARGIN,,"[{'type': 'MarginBalance', 'initial': '0.00', 'maintenance': '2.36', 'currency': 'USD', 'instrument_id': 'EUR/USD.IDEALPRO'}]",False,{}
100000.05,0.00,100000.05,USD,IDEALPRO-001,MARGIN,,[],False,{}
100000.00,0.00,100000.00,EUR,IDEALPRO-001,MARGIN,,[],False,{}
100000.05,0.00,100000.05,USD,IDEALPRO-001,MARGIN,,[],False,{}
100000.00,0.00,100000.00,EUR,IDEALPRO-001,MARGIN,,[],False,{}
100000.05,0.00,100000.05,USD,IDEALPRO-001,MARGIN,,[],False,{}
100000.00,0.00,100000.00,EUR,IDEALPRO-001,MARGIN,,[],False,{}
100000.05,0.00,100000.05,USD,IDEALPRO-001,MARGIN,,[],False,{}
100000.00,0.00,100000.00,EUR,IDEALPRO-001,MARGIN,,[],False,{}
100000.05,0.00,100000.05,USD,IDEALPRO-001,MARGIN,,[],False,{}
100000.00,0.00,100000.00,EUR,IDEALPRO-001,MARGIN,,[],False,{}
100000.05,2.36,99997.69,USD,IDEALPRO-001,MARGIN,,"[{'type': 'MarginBalance', 'initial': '0.00', 'maintenance': '2.36', 'currency': 'USD', 'instrument_id': 'EUR/USD.IDEALPRO'}]",False,{}
100000.00,0.00,100000.00,EUR,IDEALPRO-001,MARGIN,,"[{'type': 'MarginBalance', 'initial': '0.00', 'maintenance': '2.36', 'currency': 'USD', 'instrument_id': 'EUR/USD.IDEALPRO'}]",False,{}
100000.05,2.36,99997.69,USD,IDEALPRO-001,MARGIN,,"[{'type': 'MarginBalance', 'initial': '0.00', 'maintenance': '2.36', 'currency': 'USD', 'instrument_id': 'EUR/USD.IDEALPRO'}]",False,{}
100000.00,0.00,100000.00,EUR,IDEALPRO-001,MARGIN,,"[{'type': 'MarginBalance', 'initial': '0.00', 'maintenance': '2.36', 'currency': 'USD', 'instrument_id': 'EUR/USD.IDEALPRO'}]",False,{}
100000.05,2.36,99997.69,USD,IDEALPRO-001,MARGIN,,"[{'type': 'MarginBalance', 'initial': '0.00', 'maintenance': '2.36', 'currency': 'USD', 'instrument_id': 'EUR/USD.IDEALPRO'}]",False,{}
100000.00,0.00,100000.00,EUR,IDEALPRO-001,MARGIN,,"[{'type': 'MarginBalance', 'initial': '0.00', 'maintenance': '2.36', 'currency': 'USD', 'instrument_id': 'EUR/USD.IDEALPRO'}]",False,{}
100000.05,2.36,99997.69,USD,IDEALPRO-001,MARGIN,,"[{'type': 'MarginBalance', 'initial': '0.00', 'maintenance': '2.36', 'currency': 'USD', 'instrument_id': 'EUR/USD.IDEALPRO'}]",False,{}
100000.00,0.00,100000.00,EUR,IDEALPRO-001,MARGIN,,"[{'type': 'MarginBalance', 'initial': '0.00', 'maintenance': '2.36', 'currency': 'USD', 'instrument_id': 'EUR/USD.IDEALPRO'}]",False,{}
100000.15,0.00,100000.15,USD,IDEALPRO-001,MARGIN,,[],False,{}
100000.00,0.00,100000.00,EUR,IDEALPRO-001,MARGIN,,[],False,{}
100000.15,0.00,100000.15,USD,IDEALPRO-001,MARGIN,,[],False,{}
100000.00,0.00,100000.00,EUR,IDEALPRO-001,MARGIN,,[],False,{}
100000.15,0.00,100000.15,USD,IDEALPRO-001,MARGIN,,[],False,{}
100000.00,0.00,100000.00,EUR,IDEALPRO-001,MARGIN,,[],False,{}
100000.15,0.00,100000.15,USD,IDEALPRO-001,MARGIN,,[],False,{}
100000.00,0.00,100000.00,EUR,IDEALPRO-001,MARGIN,,[],False,{}
100000.15,0.00,100000.15,USD,IDEALPRO-001,MARGIN,,[],False,{}
100000.00,0.00,100000.00,EUR,IDEALPRO-001,MARGIN,,[],False,{}
100000.15,0.00,100000.15,USD,IDEALPRO-001,MARGIN,,[],False,{}
100000.00,0.00,100000.00,EUR,IDEALPRO-001,MARGIN,,[],False,{}
100000.15,2.35,99997.80,USD,IDEALPRO-001,MARGIN,,"[{'type': 'MarginBalance', 'initial': '0.00', 'maintenance': '2.35', 'currency': 'USD', 'instrument_id': 'EUR/USD.IDEALPRO'}]",False,{}
100000.00,0.00,100000.00,EUR,IDEALPRO-001,MARGIN,,"[{'type': 'MarginBalance', 'initial': '0.00', 'maintenance': '2.35', 'currency': 'USD', 'instrument_id': 'EUR/USD.IDEALPRO'}]",False,{}
100000.15,2.35,99997.80,USD,IDEALPRO-001,MARGIN,,"[{'type': 'MarginBalance', 'initial': '0.00', 'maintenance': '2.35', 'currency': 'USD', 'instrument_id': 'EUR/USD.IDEALPRO'}]",False,{}
100000.00,0.00,100000.00,EUR,IDEALPRO-001,MARGIN,,"[{'type': 'MarginBalance', 'initial': '0.00', 'maintenance': '2.35', 'currency': 'USD', 'instrument_id': 'EUR/USD.IDEALPRO'}]",False,{}
100000.15,2.35,99997.80,USD,IDEALPRO-001,MARGIN,,"[{'type': 'MarginBalance', 'initial': '0.00', 'maintenance': '2.35', 'currency': 'USD', 'instrument_id': 'EUR/USD.IDEALPRO'}]",False,{}
100000.00,0.00,100000.00,EUR,IDEALPRO-001,MARGIN,,"[{'type': 'MarginBalance', 'initial': '0.00', 'maintenance': '2.35', 'currency': 'USD', 'instrument_id': 'EUR/USD.IDEALPRO'}]",False,{}
100000.15,2.35,99997.80,USD,IDEALPRO-001,MARGIN,,"[{'type': 'MarginBalance', 'initial': '0.00', 'maintenance': '2.35', 'currency': 'USD', 'instrument_id': 'EUR/USD.IDEALPRO'}]",False,{}
100000.00,0.00,100000.00,EUR,IDEALPRO-001,MARGIN,,"[{'type': 'MarginBalance', 'initial': '0.00', 'maintenance': '2.35', 'currency': 'USD', 'instrument_id': 'EUR/USD.IDEALPRO'}]",False,{}
100000.16,0.00,100000.16,USD,IDEALPRO-001,MARGIN,,[],False,{}
100000.00,0.00,100000.00,EUR,IDEALPRO-001,MARGIN,,[],False,{}
100000.16,0.00,100000.16,USD,IDEALPRO-001,MARGIN,,[],False,{}
100000.00,0.00,100000.00,EUR,IDEALPRO-001,MARGIN,,[],False,{}
100000.16,0.00,100000.16,USD,IDEALPRO-001,MARGIN,,[],False,{}
100000.00,0.00,100000.00,EUR,IDEALPRO-001,MARGIN,,[],False,{}
100000.16,0.00,100000.16,USD,IDEALPRO-001,MARGIN,,[],False,{}
100000.00,0.00,100000.00,EUR,IDEALPRO-001,MARGIN,,[],False,{}
100000.16,0.00,100000.16,USD,IDEALPRO-001,MARGIN,,[],False,{}
100000.00,0.00,100000.00,EUR,IDEALPRO-001,MARGIN,,[],False,{}
100000.16,0.00,100000.16,USD,IDEALPRO-001,MARGIN,,[],False,{}
100000.00,0.00,100000.00,EUR,IDEALPRO-001,MARGIN,,[],False,{}
100000.16,2.35,99997.81,USD,IDEALPRO-001,MARGIN,,"[{'type': 'MarginBalance', 'initial': '0.00', 'maintenance': '2.35', 'currency': 'USD', 'instrument_id': 'EUR/USD.IDEALPRO'}]",False,{}
100000.00,0.00,100000.00,EUR,IDEALPRO-001,MARGIN,,"[{'type': 'MarginBalance', 'initial': '0.00', 'maintenance': '2.35', 'currency': 'USD', 'instrument_id': 'EUR/USD.IDEALPRO'}]",False,{}
100000.16,2.35,99997.81,USD,IDEALPRO-001,MARGIN,,"[{'type': 'MarginBalance', 'initial': '0.00', 'maintenance': '2.35', 'currency': 'USD', 'instrument_id': 'EUR/USD.IDEALPRO'}]",False,{}
100000.00,0.00,100000.00,EUR,IDEALPRO-001,MARGIN,,"[{'type': 'MarginBalance', 'initial': '0.00', 'maintenance': '2.35', 'currency': 'USD', 'instrument_id': 'EUR/USD.IDEALPRO'}]",False,{}
100000.16,2.35,99997.81,USD,IDEALPRO-001,MARGIN,,"[{'type': 'MarginBalance', 'initial': '0.00', 'maintenance': '2.35', 'currency': 'USD', 'instrument_id': 'EUR/USD.IDEALPRO'}]",False,{}
100000.00,0.00,100000.00,EUR,IDEALPRO-001,MARGIN,,"[{'type': 'MarginBalance', 'initial': '0.00', 'maintenance': '2.35', 'currency': 'USD', 'instrument_id': 'EUR/USD.IDEALPRO'}]",False,{}
100000.16,2.35,99997.81,USD,IDEALPRO-001,MARGIN,,"[{'type': 'MarginBalance', 'initial': '0.00', 'maintenance': '2.35', 'currency': 'USD', 'instrument_id': 'EUR/USD.IDEALPRO'}]",False,{}
100000.00,0.00,100000.00,EUR,IDEALPRO-001,MARGIN,,"[{'type': 'MarginBalance', 'initial': '0.00', 'maintenance': '2.35', 'currency': 'USD', 'instrument_id': 'EUR/USD.IDEALPRO'}]",False,{}
100000.21,0.00,100000.21,USD,IDEALPRO-001,MARGIN,,[],False,{}
100000.00,0.00,100000.00,EUR,IDEALPRO-001,MARGIN,,[],False,{}
100000.21,0.00,100000.21,USD,IDEALPRO-001,MARGIN,,[],False,{}
100000.00,0.00,100000.00,EUR,IDEALPRO-001,MARGIN,,[],False,{}
100000.21,0.00,100000.21,USD,IDEALPRO-001,MARGIN,,[],False,{}
100000.00,0.00,100000.00,EUR,IDEALPRO-001,MARGIN,,[],False,{}
100000.21,0.00,100000.21,USD,IDEALPRO-001,MARGIN,,[],False,{}
100000.00,0.00,100000.00,EUR,IDEALPRO-001,MARGIN,,[],False,{}
100000.21,0.00,100000.21,USD,IDEALPRO-001,MARGIN,,[],False,{}
100000.00,0.00,100000.00,EUR,IDEALPRO-001,MARGIN,,[],False,{}
100000.21,0.00,100000.21,USD,IDEALPRO-001,MARGIN,,[],False,{}
100000.00,0.00,100000.00,EUR,IDEALPRO-001,MARGIN,,[],False,{}
100000.21,2.35,99997.86,USD,IDEALPRO-001,MARGIN,,"[{'type': 'MarginBalance', 'initial': '0.00', 'maintenance': '2.35', 'currency': 'USD', 'instrument_id': 'EUR/USD.IDEALPRO'}]",False,{}
100000.00,0.00,100000.00,EUR,IDEALPRO-001,MARGIN,,"[{'type': 'MarginBalance', 'initial': '0.00', 'maintenance': '2.35', 'currency': 'USD', 'instrument_id': 'EUR/USD.IDEALPRO'}]",False,{}
100000.21,2.35,99997.86,USD,IDEALPRO-001,MARGIN,,"[{'type': 'MarginBalance', 'initial': '0.00', 'maintenance': '2.35', 'currency': 'USD', 'instrument_id': 'EUR/USD.IDEALPRO'}]",False,{}
100000.00,0.00,100000.00,EUR,IDEALPRO-001,MARGIN,,"[{'type': 'MarginBalance', 'initial': '0.00', 'maintenance': '2.35', 'currency': 'USD', 'instrument_id': 'EUR/USD.IDEALPRO'}]",False,{}
100000.21,2.35,99997.86,USD,IDEALPRO-001,MARGIN,,"[{'type': 'MarginBalance', 'initial': '0.00', 'maintenance': '2.35', 'currency': 'USD', 'instrument_id': 'EUR/USD.IDEALPRO'}]",False,{}
100000.00,0.00,100000.00,EUR,IDEALPRO-001,MARGIN,,"[{'type': 'MarginBalance', 'initial': '0.00', 'maintenance': '2.35', 'currency': 'USD', 'instrument_id': 'EUR/USD.IDEALPRO'}]",False,{}
100000.21,2.35,99997.86,USD,IDEALPRO-001,MARGIN,,"[{'type': 'MarginBalance', 'initial': '0.00', 'maintenance': '2.35', 'currency': 'USD', 'instrument_id': 'EUR/USD.IDEALPRO'}]",False,{}
100000.00,0.00,100000.00,EUR,IDEALPRO-001,MARGIN,,"[{'type': 'MarginBalance', 'initial': '0.00', 'maintenance': '2.35', 'currency': 'USD', 'instrument_id': 'EUR/USD.IDEALPRO'}]",False,{}
100000.20,0.00,100000.20,USD,IDEALPRO-001,MARGIN,,[],False,{}
100000.00,0.00,100000.00,EUR,IDEALPRO-001,MARGIN,,[],False,{}
100000.20,0.00,100000.20,USD,IDEALPRO-001,MARGIN,,[],False,{}
100000.00,0.00,100000.00,EUR,IDEALPRO-001,MARGIN,,[],False,{}
100000.20,0.00,100000.20,USD,IDEALPRO-001,MARGIN,,[],False,{}
100000.00,0.00,100000.00,EUR,IDEALPRO-001,MARGIN,,[],False,{}
100000.20,0.00,100000.20,USD,IDEALPRO-001,MARGIN,,[],False,{}
100000.00,0.00,100000.00,EUR,IDEALPRO-001,MARGIN,,[],False,{}
100000.20,0.00,100000.20,USD,IDEALPRO-001,MARGIN,,[],False,{}
100000.00,0.00,100000.00,EUR,IDEALPRO-001,MARGIN,,[],False,{}
100000.20,0.00,100000.20,USD,IDEALPRO-001,MARGIN,,[],False,{}
100000.00,0.00,100000.00,EUR,IDEALPRO-001,MARGIN,,[],False,{}
100000.20,2.35,99997.85,USD,IDEALPRO-001,MARGIN,,"[{'type': 'MarginBalance', 'initial': '0.00', 'maintenance': '2.35', 'currency': 'USD', 'instrument_id': 'EUR/USD.IDEALPRO'}]",False,{}
100000.00,0.00,100000.00,EUR,IDEALPRO-001,MARGIN,,"[{'type': 'MarginBalance', 'initial': '0.00', 'maintenance': '2.35', 'currency': 'USD', 'instrument_id': 'EUR/USD.IDEALPRO'}]",False,{}
100000.20,2.35,99997.85,USD,IDEALPRO-001,MARGIN,,"[{'type': 'MarginBalance', 'initial': '0.00', 'maintenance': '2.35', 'currency': 'USD', 'instrument_id': 'EUR/USD.IDEALPRO'}]",False,{}
100000.00,0.00,100000.00,EUR,IDEALPRO-001,MARGIN,,"[{'type': 'MarginBalance', 'initial': '0.00', 'maintenance': '2.35', 'currency': 'USD', 'instrument_id': 'EUR/USD.IDEALPRO'}]",False,{}
100000.20,2.35,99997.85,USD,IDEALPRO-001,MARGIN,,"[{'type': 'MarginBalance', 'initial': '0.00', 'maintenance': '2.35', 'currency': 'USD', 'instrument_id': 'EUR/USD.IDEALPRO'}]",False,{}
100000.00,0.00,100000.00,EUR,IDEALPRO-001,MARGIN,,"[{'type': 'MarginBalance', 'initial': '0.00', 'maintenance': '2.35', 'currency': 'USD', 'instrument_id': 'EUR/USD.IDEALPRO'}]",False,{}
100000.14,0.00,100000.14,USD,IDEALPRO-001,MARGIN,,[],False,{}
100000.00,0.00,100000.00,EUR,IDEALPRO-001,MARGIN,,[],False,{}
100000.14,0.00,100000.14,USD,IDEALPRO-001,MARGIN,,[],False,{}
100000.00,0.00,100000.00,EUR,IDEALPRO-001,MARGIN,,[],False,{}
100000.14,0.00,100000.14,USD,IDEALPRO-001,MARGIN,,[],False,{}
100000.00,0.00,100000.00,EUR,IDEALPRO-001,MARGIN,,[],False,{}
100000.14,0.00,100000.14,USD,IDEALPRO-001,MARGIN,,[],False,{}
100000.00,0.00,100000.00,EUR,IDEALPRO-001,MARGIN,,[],False,{}
100000.14,0.00,100000.14,USD,IDEALPRO-001,MARGIN,,[],False,{}
100000.00,0.00,100000.00,EUR,IDEALPRO-001,MARGIN,,[],False,{}
100000.14,2.35,99997.79,USD,IDEALPRO-001,MARGIN,,"[{'type': 'MarginBalance', 'initial': '0.00', 'maintenance': '2.35', 'currency': 'USD', 'instrument_id': 'EUR/USD.IDEALPRO'}]",False,{}
100000.00,0.00,100000.00,EUR,IDEALPRO-001,MARGIN,,"[{'type': 'MarginBalance', 'initial': '0.00', 'maintenance': '2.35', 'currency': 'USD', 'instrument_id': 'EUR/USD.IDEALPRO'}]",False,{}
100000.14,2.35,99997.79,USD,IDEALPRO-001,MARGIN,,"[{'type': 'MarginBalance', 'initial': '0.00', 'maintenance': '2.35', 'currency': 'USD', 'instrument_id': 'EUR/USD.IDEALPRO'}]",False,{}
100000.00,0.00,100000.00,EUR,IDEALPRO-001,MARGIN,,"[{'type': 'MarginBalance', 'initial': '0.00', 'maintenance': '2.35', 'currency': 'USD', 'instrument_id': 'EUR/USD.IDEALPRO'}]",False,{}
100000.14,2.35,99997.79,USD,IDEALPRO-001,MARGIN,,"[{'type': 'MarginBalance', 'initial': '0.00', 'maintenance': '2.35', 'currency': 'USD', 'instrument_id': 'EUR/USD.IDEALPRO'}]",False,{}
100000.00,0.00,100000.00,EUR,IDEALPRO-001,MARGIN,,"[{'type': 'MarginBalance', 'initial': '0.00', 'maintenance': '2.35', 'currency': 'USD', 'instrument_id': 'EUR/USD.IDEALPRO'}]",False,{}
100000.08,0.00,100000.08,USD,IDEALPRO-001,MARGIN,,[],False,{}
100000.00,0.00,100000.00,EUR,IDEALPRO-001,MARGIN,,[],False,{}
100000.08,0.00,100000.08,USD,IDEALPRO-001,MARGIN,,[],False,{}
100000.00,0.00,100000.00,EUR,IDEALPRO-001,MARGIN,,[],False,{}
100000.08,0.00,100000.08,USD,IDEALPRO-001,MARGIN,,[],False,{}
100000.00,0.00,100000.00,EUR,IDEALPRO-001,MARGIN,,[],False,{}
100000.08,0.00,100000.08,USD,IDEALPRO-001,MARGIN,,[],False,{}
100000.00,0.00,100000.00,EUR,IDEALPRO-001,MARGIN,,[],False,{}
100000.08,0.00,100000.08,USD,IDEALPRO-001,MARGIN,,[],False,{}
100000.00,0.00,100000.00,EUR,IDEALPRO-001,MARGIN,,[],False,{}
100000.08,2.35,99997.73,USD,IDEALPRO-001,MARGIN,,"[{'type': 'MarginBalance', 'initial': '0.00', 'maintenance': '2.35', 'currency': 'USD', 'instrument_id': 'EUR/USD.IDEALPRO'}]",False,{}
100000.00,0.00,100000.00,EUR,IDEALPRO-001,MARGIN,,"[{'type': 'MarginBalance', 'initial': '0.00', 'maintenance': '2.35', 'currency': 'USD', 'instrument_id': 'EUR/USD.IDEALPRO'}]",False,{}
100000.08,2.35,99997.73,USD,IDEALPRO-001,MARGIN,,"[{'type': 'MarginBalance', 'initial': '0.00', 'maintenance': '2.35', 'currency': 'USD', 'instrument_id': 'EUR/USD.IDEALPRO'}]",False,{}
100000.00,0.00,100000.00,EUR,IDEALPRO-001,MARGIN,,"[{'type': 'MarginBalance', 'initial': '0.00', 'maintenance': '2.35', 'currency': 'USD', 'instrument_id': 'EUR/USD.IDEALPRO'}]",False,{}
100000.08,2.35,99997.73,USD,IDEALPRO-001,MARGIN,,"[{'type': 'MarginBalance', 'initial': '0.00', 'maintenance': '2.35', 'currency': 'USD', 'instrument_id': 'EUR/USD.IDEALPRO'}]",False,{}
100000.00,0.00,100000.00,EUR,IDEALPRO-001,MARGIN,,"[{'type': 'MarginBalance', 'initial': '0.00', 'maintenance': '2.35', 'currency': 'USD', 'instrument_id': 'EUR/USD.IDEALPRO'}]",False,{}
100000.08,2.35,99997.73,USD,IDEALPRO-001,MARGIN,,"[{'type': 'MarginBalance', 'initial': '0.00', 'maintenance': '2.35', 'currency': 'USD', 'instrument_id': 'EUR/USD.IDEALPRO'}]",False,{}
100000.00,0.00,100000.00,EUR,IDEALPRO-001,MARGIN,,"[{'type': 'MarginBalance', 'initial': '0.00', 'maintenance': '2.35', 'currency': 'USD', 'instrument_id': 'EUR/USD.IDEALPRO'}]",False,{}
100000.12,0.00,100000.12,USD,IDEALPRO-001,MARGIN,,[],False,{}
100000.00,0.00,100000.00,EUR,IDEALPRO-001,MARGIN,,[],False,{}
100000.12,0.00,100000.12,USD,IDEALPRO-001,MARGIN,,[],False,{}
100000.00,0.00,100000.00,EUR,IDEALPRO-001,MARGIN,,[],False,{}
100000.12,0.00,100000.12,USD,IDEALPRO-001,MARGIN,,[],False,{}
100000.00,0.00,100000.00,EUR,IDEALPRO-001,MARGIN,,[],False,{}
100000.12,0.00,100000.12,USD,IDEALPRO-001,MARGIN,,[],False,{}
100000.00,0.00,100000.00,EUR,IDEALPRO-001,MARGIN,,[],False,{}
100000.12,0.00,100000.12,USD,IDEALPRO-001,MARGIN,,[],False,{}
100000.00,0.00,100000.00,EUR,IDEALPRO-001,MARGIN,,[],False,{}
100000.12,0.00,100000.12,USD,IDEALPRO-001,MARGIN,,[],False,{}
100000.00,0.00,100000.00,EUR,IDEALPRO-001,MARGIN,,[],False,{}
100000.12,2.35,99997.77,USD,IDEALPRO-001,MARGIN,,"[{'type': 'MarginBalance', 'initial': '0.00', 'maintenance': '2.35', 'currency': 'USD', 'instrument_id': 'EUR/USD.IDEALPRO'}]",False,{}
100000.00,0.00,100000.00,EUR,IDEALPRO-001,MARGIN,,"[{'type': 'MarginBalance', 'initial': '0.00', 'maintenance': '2.35', 'currency': 'USD', 'instrument_id': 'EUR/USD.IDEALPRO'}]",False,{}
100000.12,2.35,99997.77,USD,IDEALPRO-001,MARGIN,,"[{'type': 'MarginBalance', 'initial': '0.00', 'maintenance': '2.35', 'currency': 'USD', 'instrument_id': 'EUR/USD.IDEALPRO'}]",False,{}
100000.00,0.00,100000.00,EUR,IDEALPRO-001,MARGIN,,"[{'type': 'MarginBalance', 'initial': '0.00', 'maintenance': '2.35', 'currency': 'USD', 'instrument_id': 'EUR/USD.IDEALPRO'}]",False,{}
100000.12,2.35,99997.77,USD,IDEALPRO-001,MARGIN,,"[{'type': 'MarginBalance', 'initial': '0.00', 'maintenance': '2.35', 'currency': 'USD', 'instrument_id': 'EUR/USD.IDEALPRO'}]",False,{}
100000.00,0.00,100000.00,EUR,IDEALPRO-001,MARGIN,,"[{'type': 'MarginBalance', 'initial': '0.00', 'maintenance': '2.35', 'currency': 'USD', 'instrument_id': 'EUR/USD.IDEALPRO'}]",False,{}
100000.06,0.00,100000.06,USD,IDEALPRO-001,MARGIN,,[],False,{}
100000.00,0.00,100000.00,EUR,IDEALPRO-001,MARGIN,,[],False,{}
100000.06,0.00,100000.06,USD,IDEALPRO-001,MARGIN,,[],False,{}
100000.00,0.00,100000.00,EUR,IDEALPRO-001,MARGIN,,[],False,{}
100000.06,0.00,100000.06,USD,IDEALPRO-001,MARGIN,,[],False,{}
100000.00,0.00,100000.00,EUR,IDEALPRO-001,MARGIN,,[],False,{}
100000.06,0.00,100000.06,USD,IDEALPRO-001,MARGIN,,[],False,{}
100000.00,0.00,100000.00,EUR,IDEALPRO-001,MARGIN,,[],False,{}
100000.06,0.00,100000.06,USD,IDEALPRO-001,MARGIN,,[],False,{}
100000.00,0.00,100000.00,EUR,IDEALPRO-001,MARGIN,,[],False,{}
100000.06,2.35,99997.71,USD,IDEALPRO-001,MARGIN,,"[{'type': 'MarginBalance', 'initial': '0.00', 'maintenance': '2.35', 'currency': 'USD', 'instrument_id': 'EUR/USD.IDEALPRO'}]",False,{}
100000.00,0.00,100000.00,EUR,IDEALPRO-001,MARGIN,,"[{'type': 'MarginBalance', 'initial': '0.00', 'maintenance': '2.35', 'currency': 'USD', 'instrument_id': 'EUR/USD.IDEALPRO'}]",False,{}
100000.06,2.35,99997.71,USD,IDEALPRO-001,MARGIN,,"[{'type': 'MarginBalance', 'initial': '0.00', 'maintenance': '2.35', 'currency': 'USD', 'instrument_id': 'EUR/USD.IDEALPRO'}]",False,{}
100000.00,0.00,100000.00,EUR,IDEALPRO-001,MARGIN,,"[{'type': 'MarginBalance', 'initial': '0.00', 'maintenance': '2.35', 'currency': 'USD', 'instrument_id': 'EUR/USD.IDEALPRO'}]",False,{}
100000.06,2.35,99997.71,USD,IDEALPRO-001,MARGIN,,"[{'type': 'MarginBalance', 'initial': '0.00', 'maintenance': '2.35', 'currency': 'USD', 'instrument_id': 'EUR/USD.IDEALPRO'}]",False,{}
100000.00,0.00,100000.00,EUR,IDEALPRO-001,MARGIN,,"[{'type': 'MarginBalance', 'initial': '0.00', 'maintenance': '2.35', 'currency': 'USD', 'instrument_id': 'EUR/USD.IDEALPRO'}]",False,{}
100000.06,2.35,99997.71,USD,IDEALPRO-001,MARGIN,,"[{'type': 'MarginBalance', 'initial': '0.00', 'maintenance': '2.35', 'currency': 'USD', 'instrument_id': 'EUR/USD.IDEALPRO'}]",False,{}
100000.00,0.00,100000.00,EUR,IDEALPRO-001,MARGIN,,"[{'type': 'MarginBalance', 'initial': '0.00', 'maintenance': '2.35', 'currency': 'USD', 'instrument_id': 'EUR/USD.IDEALPRO'}]",False,{}
100000.10,0.00,100000.10,USD,IDEALPRO-001,MARGIN,,[],False,{}
100000.00,0.00,100000.00,EUR,IDEALPRO-001,MARGIN,,[],False,{}
100000.10,0.00,100000.10,USD,IDEALPRO-001,MARGIN,,[],False,{}
100000.00,0.00,100000.00,EUR,IDEALPRO-001,MARGIN,,[],False,{}
100000.10,0.00,100000.10,USD,IDEALPRO-001,MARGIN,,[],False,{}
100000.00,0.00,100000.00,EUR,IDEALPRO-001,MARGIN,,[],False,{}
100000.10,0.00,100000.10,USD,IDEALPRO-001,MARGIN,,[],False,{}
100000.00,0.00,100000.00,EUR,IDEALPRO-001,MARGIN,,[],False,{}
100000.10,0.00,100000.10,USD,IDEALPRO-001,MARGIN,,[],False,{}
100000.00,0.00,100000.00,EUR,IDEALPRO-001,MARGIN,,[],False,{}
100000.10,0.00,100000.10,USD,IDEALPRO-001,MARGIN,,[],False,{}
100000.00,0.00,100000.00,EUR,IDEALPRO-001,MARGIN,,[],False,{}
100000.10,2.35,99997.75,USD,IDEALPRO-001,MARGIN,,"[{'type': 'MarginBalance', 'initial': '0.00', 'maintenance': '2.35', 'currency': 'USD', 'instrument_id': 'EUR/USD.IDEALPRO'}]",False,{}
100000.00,0.00,100000.00,EUR,IDEALPRO-001,MARGIN,,"[{'type': 'MarginBalance', 'initial': '0.00', 'maintenance': '2.35', 'currency': 'USD', 'instrument_id': 'EUR/USD.IDEALPRO'}]",False,{}
100000.10,2.35,99997.75,USD,IDEALPRO-001,MARGIN,,"[{'type': 'MarginBalance', 'initial': '0.00', 'maintenance': '2.35', 'currency': 'USD', 'instrument_id': 'EUR/USD.IDEALPRO'}]",False,{}
100000.00,0.00,100000.00,EUR,IDEALPRO-001,MARGIN,,"[{'type': 'MarginBalance', 'initial': '0.00', 'maintenance': '2.35', 'currency': 'USD', 'instrument_id': 'EUR/USD.IDEALPRO'}]",False,{}
100000.10,2.35,99997.75,USD,IDEALPRO-001,MARGIN,,"[{'type': 'MarginBalance', 'initial': '0.00', 'maintenance': '2.35', 'currency': 'USD', 'instrument_id': 'EUR/USD.IDEALPRO'}]",False,{}
100000.00,0.00,100000.00,EUR,IDEALPRO-001,MARGIN,,"[{'type': 'MarginBalance', 'initial': '0.00', 'maintenance': '2.35', 'currency': 'USD', 'instrument_id': 'EUR/USD.IDEALPRO'}]",False,{}
100000.10,2.35,99997.75,USD,IDEALPRO-001,MARGIN,,"[{'type': 'MarginBalance', 'initial': '0.00', 'maintenance': '2.35', 'currency': 'USD', 'instrument_id': 'EUR/USD.IDEALPRO'}]",False,{}
100000.00,0.00,100000.00,EUR,IDEALPRO-001,MARGIN,,"[{'type': 'MarginBalance', 'initial': '0.00', 'maintenance': '2.35', 'currency': 'USD', 'instrument_id': 'EUR/USD.IDEALPRO'}]",False,{}
100000.10,0.00,100000.10,USD,IDEALPRO-001,MARGIN,,[],False,{}
100000.00,0.00,100000.00,EUR,IDEALPRO-001,MARGIN,,[],False,{}
100000.10,0.00,100000.10,USD,IDEALPRO-001,MARGIN,,[],False,{}
100000.00,0.00,100000.00,EUR,IDEALPRO-001,MARGIN,,[],False,{}
100000.10,0.00,100000.10,USD,IDEALPRO-001,MARGIN,,[],False,{}
100000.00,0.00,100000.00,EUR,IDEALPRO-001,MARGIN,,[],False,{}
100000.10,0.00,100000.10,USD,IDEALPRO-001,MARGIN,,[],False,{}
100000.00,0.00,100000.00,EUR,IDEALPRO-001,MARGIN,,[],False,{}
100000.10,0.00,100000.10,USD,IDEALPRO-001,MARGIN,,[],False,{}
100000.00,0.00,100000.00,EUR,IDEALPRO-001,MARGIN,,[],False,{}
100000.10,0.00,100000.10,USD,IDEALPRO-001,MARGIN,,[],False,{}
100000.00,0.00,100000.00,EUR,IDEALPRO-001,MARGIN,,[],False,{}
100000.10,2.35,99997.75,USD,IDEALPRO-001,MARGIN,,"[{'type': 'MarginBalance', 'initial': '0.00', 'maintenance': '2.35', 'currency': 'USD', 'instrument_id': 'EUR/USD.IDEALPRO'}]",False,{}
100000.00,0.00,100000.00,EUR,IDEALPRO-001,MARGIN,,"[{'type': 'MarginBalance', 'initial': '0.00', 'maintenance': '2.35', 'currency': 'USD', 'instrument_id': 'EUR/USD.IDEALPRO'}]",False,{}
100000.10,2.35,99997.75,USD,IDEALPRO-001,MARGIN,,"[{'type': 'MarginBalance', 'initial': '0.00', 'maintenance': '2.35', 'currency': 'USD', 'instrument_id': 'EUR/USD.IDEALPRO'}]",False,{}
100000.00,0.00,100000.00,EUR,IDEALPRO-001,MARGIN,,"[{'type': 'MarginBalance', 'initial': '0.00', 'maintenance': '2.35', 'currency': 'USD', 'instrument_id': 'EUR/USD.IDEALPRO'}]",False,{}
100000.10,2.35,99997.75,USD,IDEALPRO-001,MARGIN,,"[{'type': 'MarginBalance', 'initial': '0.00', 'maintenance': '2.35', 'currency': 'USD', 'instrument_id': 'EUR/USD.IDEALPRO'}]",False,{}
100000.00,0.00,100000.00,EUR,IDEALPRO-001,MARGIN,,"[{'type': 'MarginBalance', 'initial': '0.00', 'maintenance': '2.35', 'currency': 'USD', 'instrument_id': 'EUR/USD.IDEALPRO'}]",False,{}
100000.10,2.35,99997.75,USD,IDEALPRO-001,MARGIN,,"[{'type': 'MarginBalance', 'initial': '0.00', 'maintenance': '2.35', 'currency': 'USD', 'instrument_id': 'EUR/USD.IDEALPRO'}]",False,{}
100000.00,0.00,100000.00,EUR,IDEALPRO-001,MARGIN,,"[{'type': 'MarginBalance', 'initial': '0.00', 'maintenance': '2.35', 'currency': 'USD', 'instrument_id': 'EUR/USD.IDEALPRO'}]",False,{}
100000.07,0.00,100000.07,USD,IDEALPRO-001,MARGIN,,[],False,{}
100000.00,0.00,100000.00,EUR,IDEALPRO-001,MARGIN,,[],False,{}
100000.07,0.00,100000.07,USD,IDEALPRO-001,MARGIN,,[],False,{}
100000.00,0.00,100000.00,EUR,IDEALPRO-001,MARGIN,,[],False,{}
100000.07,0.00,100000.07,USD,IDEALPRO-001,MARGIN,,[],False,{}
100000.00,0.00,100000.00,EUR,IDEALPRO-001,MARGIN,,[],False,{}
100000.07,0.00,100000.07,USD,IDEALPRO-001,MARGIN,,[],False,{}
100000.00,0.00,100000.00,EUR,IDEALPRO-001,MARGIN,,[],False,{}
100000.07,0.00,100000.07,USD,IDEALPRO-001,MARGIN,,[],False,{}
100000.00,0.00,100000.00,EUR,IDEALPRO-001,MARGIN,,[],False,{}
100000.07,0.00,100000.07,USD,IDEALPRO-001,MARGIN,,[],False,{}
100000.00,0.00,100000.00,EUR,IDEALPRO-001,MARGIN,,[],False,{}
100000.07,2.35,99997.72,USD,IDEALPRO-001,MARGIN,,"[{'type': 'MarginBalance', 'initial': '0.00', 'maintenance': '2.35', 'currency': 'USD', 'instrument_id': 'EUR/USD.IDEALPRO'}]",False,{}
100000.00,0.00,100000.00,EUR,IDEALPRO-001,MARGIN,,"[{'type': 'MarginBalance', 'initial': '0.00', 'maintenance': '2.35', 'currency': 'USD', 'instrument_id': 'EUR/USD.IDEALPRO'}]",False,{}
100000.07,2.35,99997.72,USD,IDEALPRO-001,MARGIN,,"[{'type': 'MarginBalance', 'initial': '0.00', 'maintenance': '2.35', 'currency': 'USD', 'instrument_id': 'EUR/USD.IDEALPRO'}]",False,{}
100000.00,0.00,100000.00,EUR,IDEALPRO-001,MARGIN,,"[{'type': 'MarginBalance', 'initial': '0.00', 'maintenance': '2.35', 'currency': 'USD', 'instrument_id': 'EUR/USD.IDEALPRO'}]",False,{}
100000.07,2.35,99997.72,USD,IDEALPRO-001,MARGIN,,"[{'type': 'MarginBalance', 'initial': '0.00', 'maintenance': '2.35', 'currency': 'USD', 'instrument_id': 'EUR/USD.IDEALPRO'}]",False,{}
100000.00,0.00,100000.00,EUR,IDEALPRO-001,MARGIN,,"[{'type': 'MarginBalance', 'initial': '0.00', 'maintenance': '2.35', 'currency': 'USD', 'instrument_id': 'EUR/USD.IDEALPRO'}]",False,{}
100000.07,2.35,99997.72,USD,IDEALPRO-001,MARGIN,,"[{'type': 'MarginBalance', 'initial': '0.00', 'maintenance': '2.35', 'currency': 'USD', 'instrument_id': 'EUR/USD.IDEALPRO'}]",False,{}
100000.00,0.00,100000.00,EUR,IDEALPRO-001,MARGIN,,"[{'type': 'MarginBalance', 'initial': '0.00', 'maintenance': '2.35', 'currency': 'USD', 'instrument_id': 'EUR/USD.IDEALPRO'}]",False,{}
100000.02,0.00,100000.02,USD,IDEALPRO-001,MARGIN,,[],False,{}
100000.00,0.00,100000.00,EUR,IDEALPRO-001,MARGIN,,[],False,{}
100000.02,0.00,100000.02,USD,IDEALPRO-001,MARGIN,,[],False,{}
100000.00,0.00,100000.00,EUR,IDEALPRO-001,MARGIN,,[],False,{}
100000.02,0.00,100000.02,USD,IDEALPRO-001,MARGIN,,[],False,{}
100000.00,0.00,100000.00,EUR,IDEALPRO-001,MARGIN,,[],False,{}
100000.02,0.00,100000.02,USD,IDEALPRO-001,MARGIN,,[],False,{}
100000.00,0.00,100000.00,EUR,IDEALPRO-001,MARGIN,,[],False,{}
100000.02,0.00,100000.02,USD,IDEALPRO-001,MARGIN,,[],False,{}
100000.00,0.00,100000.00,EUR,IDEALPRO-001,MARGIN,,[],False,{}
100000.02,0.00,100000.02,USD,IDEALPRO-001,MARGIN,,[],False,{}
100000.00,0.00,100000.00,EUR,IDEALPRO-001,MARGIN,,[],False,{}
100000.02,2.35,99997.67,USD,IDEALPRO-001,MARGIN,,"[{'type': 'MarginBalance', 'initial': '0.00', 'maintenance': '2.35', 'currency': 'USD', 'instrument_id': 'EUR/USD.IDEALPRO'}]",False,{}
100000.00,0.00,100000.00,EUR,IDEALPRO-001,MARGIN,,"[{'type': 'MarginBalance', 'initial': '0.00', 'maintenance': '2.35', 'currency': 'USD', 'instrument_id': 'EUR/USD.IDEALPRO'}]",False,{}
100000.02,2.35,99997.67,USD,IDEALPRO-001,MARGIN,,"[{'type': 'MarginBalance', 'initial': '0.00', 'maintenance': '2.35', 'currency': 'USD', 'instrument_id': 'EUR/USD.IDEALPRO'}]",False,{}
100000.00,0.00,100000.00,EUR,IDEALPRO-001,MARGIN,,"[{'type': 'MarginBalance', 'initial': '0.00', 'maintenance': '2.35', 'currency': 'USD', 'instrument_id': 'EUR/USD.IDEALPRO'}]",False,{}
100000.02,2.35,99997.67,USD,IDEALPRO-001,MARGIN,,"[{'type': 'MarginBalance', 'initial': '0.00', 'maintenance': '2.35', 'currency': 'USD', 'instrument_id': 'EUR/USD.IDEALPRO'}]",False,{}
100000.00,0.00,100000.00,EUR,IDEALPRO-001,MARGIN,,"[{'type': 'MarginBalance', 'initial': '0.00', 'maintenance': '2.35', 'currency': 'USD', 'instrument_id': 'EUR/USD.IDEALPRO'}]",False,{}
100000.02,2.35,99997.67,USD,IDEALPRO-001,MARGIN,,"[{'type': 'MarginBalance', 'initial': '0.00', 'maintenance': '2.35', 'currency': 'USD', 'instrument_id': 'EUR/USD.IDEALPRO'}]",False,{}
100000.00,0.00,100000.00,EUR,IDEALPRO-001,MARGIN,,"[{'type': 'MarginBalance', 'initial': '0.00', 'maintenance': '2.35', 'currency': 'USD', 'instrument_id': 'EUR/USD.IDEALPRO'}]",False,{}
100000.03,0.00,100000.03,USD,IDEALPRO-001,MARGIN,,[],False,{}
100000.00,0.00,100000.00,EUR,IDEALPRO-001,MARGIN,,[],False,{}
100000.03,0.00,100000.03,USD,IDEALPRO-001,MARGIN,,[],False,{}
100000.00,0.00,100000.00,EUR,IDEALPRO-001,MARGIN,,[],False,{}
100000.03,0.00,100000.03,USD,IDEALPRO-001,MARGIN,,[],False,{}
100000.00,0.00,100000.00,EUR,IDEALPRO-001,MARGIN,,[],False,{}
100000.03,0.00,100000.03,USD,IDEALPRO-001,MARGIN,,[],False,{}
100000.00,0.00,100000.00,EUR,IDEALPRO-001,MARGIN,,[],False,{}
100000.03,0.00,100000.03,USD,IDEALPRO-001,MARGIN,,[],False,{}
100000.00,0.00,100000.00,EUR,IDEALPRO-001,MARGIN,,[],False,{}
100000.03,0.00,100000.03,USD,IDEALPRO-001,MARGIN,,[],False,{}
100000.00,0.00,100000.00,EUR,IDEALPRO-001,MARGIN,,[],False,{}
100000.03,2.35,99997.68,USD,IDEALPRO-001,MARGIN,,"[{'type': 'MarginBalance', 'initial': '0.00', 'maintenance': '2.35', 'currency': 'USD', 'instrument_id': 'EUR/USD.IDEALPRO'}]",False,{}
100000.00,0.00,100000.00,EUR,IDEALPRO-001,MARGIN,,"[{'type': 'MarginBalance', 'initial': '0.00', 'maintenance': '2.35', 'currency': 'USD', 'instrument_id': 'EUR/USD.IDEALPRO'}]",False,{}
100000.03,2.35,99997.68,USD,IDEALPRO-001,MARGIN,,"[{'type': 'MarginBalance', 'initial': '0.00', 'maintenance': '2.35', 'currency': 'USD', 'instrument_id': 'EUR/USD.IDEALPRO'}]",False,{}
100000.00,0.00,100000.00,EUR,IDEALPRO-001,MARGIN,,"[{'type': 'MarginBalance', 'initial': '0.00', 'maintenance': '2.35', 'currency': 'USD', 'instrument_id': 'EUR/USD.IDEALPRO'}]",False,{}
100000.03,2.35,99997.68,USD,IDEALPRO-001,MARGIN,,"[{'type': 'MarginBalance', 'initial': '0.00', 'maintenance': '2.35', 'currency': 'USD', 'instrument_id': 'EUR/USD.IDEALPRO'}]",False,{}
100000.00,0.00,100000.00,EUR,IDEALPRO-001,MARGIN,,"[{'type': 'MarginBalance', 'initial': '0.00', 'maintenance': '2.35', 'currency': 'USD', 'instrument_id': 'EUR/USD.IDEALPRO'}]",False,{}
100000.03,2.35,99997.68,USD,IDEALPRO-001,MARGIN,,"[{'type': 'MarginBalance', 'initial': '0.00', 'maintenance': '2.35', 'currency': 'USD', 'instrument_id': 'EUR/USD.IDEALPRO'}]",False,{}
100000.00,0.00,100000.00,EUR,IDEALPRO-001,MARGIN,,"[{'type': 'MarginBalance', 'initial': '0.00', 'maintenance': '2.35', 'currency': 'USD', 'instrument_id': 'EUR/USD.IDEALPRO'}]",False,{}
100000.07,0.00,100000.07,USD,IDEALPRO-001,MARGIN,,[],False,{}
100000.00,0.00,100000.00,EUR,IDEALPRO-001,MARGIN,,[],False,{}
100000.07,0.00,100000.07,USD,IDEALPRO-001,MARGIN,,[],False,{}
100000.00,0.00,100000.00,EUR,IDEALPRO-001,MARGIN,,[],False,{}
100000.07,0.00,100000.07,USD,IDEALPRO-001,MARGIN,,[],False,{}
100000.00,0.00,100000.00,EUR,IDEALPRO-001,MARGIN,,[],False,{}
100000.07,0.00,100000.07,USD,IDEALPRO-001,MARGIN,,[],False,{}
100000.00,0.00,100000.00,EUR,IDEALPRO-001,MARGIN,,[],False,{}
100000.07,0.00,100000.07,USD,IDEALPRO-001,MARGIN,,[],False,{}
100000.00,0.00,100000.00,EUR,IDEALPRO-001,MARGIN,,[],False,{}
100000.07,0.00,100000.07,USD,IDEALPRO-001,MARGIN,,[],False,{}
100000.00,0.00,100000.00,EUR,IDEALPRO-001,MARGIN,,[],False,{}
100000.07,2.35,99997.72,USD,IDEALPRO-001,MARGIN,,"[{'type': 'MarginBalance', 'initial': '0.00', 'maintenance': '2.35', 'currency': 'USD', 'instrument_id': 'EUR/USD.IDEALPRO'}]",False,{}
100000.00,0.00,100000.00,EUR,IDEALPRO-001,MARGIN,,"[{'type': 'MarginBalance', 'initial': '0.00', 'maintenance': '2.35', 'currency': 'USD', 'instrument_id': 'EUR/USD.IDEALPRO'}]",False,{}
100000.07,2.35,99997.72,USD,IDEALPRO-001,MARGIN,,"[{'type': 'MarginBalance', 'initial': '0.00', 'maintenance': '2.35', 'currency': 'USD', 'instrument_id': 'EUR/USD.IDEALPRO'}]",False,{}
100000.00,0.00,100000.00,EUR,IDEALPRO-001,MARGIN,,"[{'type': 'MarginBalance', 'initial': '0.00', 'maintenance': '2.35', 'currency': 'USD', 'instrument_id': 'EUR/USD.IDEALPRO'}]",False,{}
100000.07,2.35,99997.72,USD,IDEALPRO-001,MARGIN,,"[{'type': 'MarginBalance', 'initial': '0.00', 'maintenance': '2.35', 'currency': 'USD', 'instrument_id': 'EUR/USD.IDEALPRO'}]",False,{}
100000.00,0.00,100000.00,EUR,IDEALPRO-001,MARGIN,,"[{'type': 'MarginBalance', 'initial': '0.00', 'maintenance': '2.35', 'currency': 'USD', 'instrument_id': 'EUR/USD.IDEALPRO'}]",False,{}
100000.07,2.35,99997.72,USD,IDEALPRO-001,MARGIN,,"[{'type': 'MarginBalance', 'initial': '0.00', 'maintenance': '2.35', 'currency': 'USD', 'instrument_id': 'EUR/USD.IDEALPRO'}]",False,{}
100000.00,0.00,100000.00,EUR,IDEALPRO-001,MARGIN,,"[{'type': 'MarginBalance', 'initial': '0.00', 'maintenance': '2.35', 'currency': 'USD', 'instrument_id': 'EUR/USD.IDEALPRO'}]",False,{}
100000.07,0.00,100000.07,USD,IDEALPRO-001,MARGIN,,[],False,{}
100000.00,0.00,100000.00,EUR,IDEALPRO-001,MARGIN,,[],False,{}
100000.07,0.00,100000.07,USD,IDEALPRO-001,MARGIN,,[],False,{}
100000.00,0.00,100000.00,EUR,IDEALPRO-001,MARGIN,,[],False,{}
100000.07,0.00,100000.07,USD,IDEALPRO-001,MARGIN,,[],False,{}
100000.00,0.00,100000.00,EUR,IDEALPRO-001,MARGIN,,[],False,{}
100000.07,0.00,100000.07,USD,IDEALPRO-001,MARGIN,,[],False,{}
100000.00,0.00,100000.00,EUR,IDEALPRO-001,MARGIN,,[],False,{}
100000.07,0.00,100000.07,USD,IDEALPRO-001,MARGIN,,[],False,{}
100000.00,0.00,100000.00,EUR,IDEALPRO-001,MARGIN,,[],False,{}
100000.07,0.00,100000.07,USD,IDEALPRO-001,MARGIN,,[],False,{}
100000.00,0.00,100000.00,EUR,IDEALPRO-001,MARGIN,,[],False,{}
100000.07,2.35,99997.72,USD,IDEALPRO-001,MARGIN,,"[{'type': 'MarginBalance', 'initial': '0.00', 'maintenance': '2.35', 'currency': 'USD', 'instrument_id': 'EUR/USD.IDEALPRO'}]",False,{}
100000.00,0.00,100000.00,EUR,IDEALPRO-001,MARGIN,,"[{'type': 'MarginBalance', 'initial': '0.00', 'maintenance': '2.35', 'currency': 'USD', 'instrument_id': 'EUR/USD.IDEALPRO'}]",False,{}
100000.07,2.35,99997.72,USD,IDEALPRO-001,MARGIN,,"[{'type': 'MarginBalance', 'initial': '0.00', 'maintenance': '2.35', 'currency': 'USD', 'instrument_id': 'EUR/USD.IDEALPRO'}]",False,{}
100000.00,0.00,100000.00,EUR,IDEALPRO-001,MARGIN,,"[{'type': 'MarginBalance', 'initial': '0.00', 'maintenance': '2.35', 'currency': 'USD', 'instrument_id': 'EUR/USD.IDEALPRO'}]",False,{}
100000.07,2.35,99997.72,USD,IDEALPRO-001,MARGIN,,"[{'type': 'MarginBalance', 'initial': '0.00', 'maintenance': '2.35', 'currency': 'USD', 'instrument_id': 'EUR/USD.IDEALPRO'}]",False,{}
100000.00,0.00,100000.00,EUR,IDEALPRO-001,MARGIN,,"[{'type': 'MarginBalance', 'initial': '0.00', 'maintenance': '2.35', 'currency': 'USD', 'instrument_id': 'EUR/USD.IDEALPRO'}]",False,{}
100000.07,2.35,99997.72,USD,IDEALPRO-001,MARGIN,,"[{'type': 'MarginBalance', 'initial': '0.00', 'maintenance': '2.35', 'currency': 'USD', 'instrument_id': 'EUR/USD.IDEALPRO'}]",False,{}
100000.00,0.00,100000.00,EUR,IDEALPRO-001,MARGIN,,"[{'type': 'MarginBalance', 'initial': '0.00', 'maintenance': '2.35', 'currency': 'USD', 'instrument_id': 'EUR/USD.IDEALPRO'}]",False,{}
100000.06,0.00,100000.06,USD,IDEALPRO-001,MARGIN,,[],False,{}
100000.00,0.00,100000.00,EUR,IDEALPRO-001,MARGIN,,[],False,{}
100000.06,0.00,100000.06,USD,IDEALPRO-001,MARGIN,,[],False,{}
100000.00,0.00,100000.00,EUR,IDEALPRO-001,MARGIN,,[],False,{}
100000.06,0.00,100000.06,USD,IDEALPRO-001,MARGIN,,[],False,{}
100000.00,0.00,100000.00,EUR,IDEALPRO-001,MARGIN,,[],False,{}
100000.06,0.00,100000.06,USD,IDEALPRO-001,MARGIN,,[],False,{}
100000.00,0.00,100000.00,EUR,IDEALPRO-001,MARGIN,,[],False,{}
100000.06,0.00,100000.06,USD,IDEALPRO-001,MARGIN,,[],False,{}
100000.00,0.00,100000.00,EUR,IDEALPRO-001,MARGIN,,[],False,{}
100000.06,0.00,100000.06,USD,IDEALPRO-001,MARGIN,,[],False,{}
100000.00,0.00,100000.00,EUR,IDEALPRO-001,MARGIN,,[],False,{}
100000.06,2.35,99997.71,USD,IDEALPRO-001,MARGIN,,"[{'type': 'MarginBalance', 'initial': '0.00', 'maintenance': '2.35', 'currency': 'USD', 'instrument_id': 'EUR/USD.IDEALPRO'}]",False,{}
100000.00,0.00,100000.00,EUR,IDEALPRO-001,MARGIN,,"[{'type': 'MarginBalance', 'initial': '0.00', 'maintenance': '2.35', 'currency': 'USD', 'instrument_id': 'EUR/USD.IDEALPRO'}]",False,{}
100000.06,2.35,99997.71,USD,IDEALPRO-001,MARGIN,,"[{'type': 'MarginBalance', 'initial': '0.00', 'maintenance': '2.35', 'currency': 'USD', 'instrument_id': 'EUR/USD.IDEALPRO'}]",False,{}
100000.00,0.00,100000.00,EUR,IDEALPRO-001,MARGIN,,"[{'type': 'MarginBalance', 'initial': '0.00', 'maintenance': '2.35', 'currency': 'USD', 'instrument_id': 'EUR/USD.IDEALPRO'}]",False,{}
100000.06,2.35,99997.71,USD,IDEALPRO-001,MARGIN,,"[{'type': 'MarginBalance', 'initial': '0.00', 'maintenance': '2.35', 'currency': 'USD', 'instrument_id': 'EUR/USD.IDEALPRO'}]",False,{}
100000.00,0.00,100000.00,EUR,IDEALPRO-001,MARGIN,,"[{'type': 'MarginBalance', 'initial': '0.00', 'maintenance': '2.35', 'currency': 'USD', 'instrument_id': 'EUR/USD.IDEALPRO'}]",False,{}
100000.06,2.35,99997.71,USD,IDEALPRO-001,MARGIN,,"[{'type': 'MarginBalance', 'initial': '0.00', 'maintenance': '2.35', 'currency': 'USD', 'instrument_id': 'EUR/USD.IDEALPRO'}]",False,{}
100000.00,0.00,100000.00,EUR,IDEALPRO-001,MARGIN,,"[{'type': 'MarginBalance', 'initial': '0.00', 'maintenance': '2.35', 'currency': 'USD', 'instrument_id': 'EUR/USD.IDEALPRO'}]",False,{}
100000.09,0.00,100000.09,USD,IDEALPRO-001,MARGIN,,[],False,{}
100000.00,0.00,100000.00,EUR,IDEALPRO-001,MARGIN,,[],False,{}
100000.09,0.00,100000.09,USD,IDEALPRO-001,MARGIN,,[],False,{}
100000.00,0.00,100000.00,EUR,IDEALPRO-001,MARGIN,,[],False,{}
100000.09,0.00,100000.09,USD,IDEALPRO-001,MARGIN,,[],False,{}
100000.00,0.00,100000.00,EUR,IDEALPRO-001,MARGIN,,[],False,{}
100000.09,0.00,100000.09,USD,IDEALPRO-001,MARGIN,,[],False,{}
100000.00,0.00,100000.00,EUR,IDEALPRO-001,MARGIN,,[],False,{}
100000.09,0.00,100000.09,USD,IDEALPRO-001,MARGIN,,[],False,{}
100000.00,0.00,100000.00,EUR,IDEALPRO-001,MARGIN,,[],False,{}
100000.09,0.00,100000.09,USD,IDEALPRO-001,MARGIN,,[],False,{}
100000.00,0.00,100000.00,EUR,IDEALPRO-001,MARGIN,,[],False,{}
100000.09,2.35,99997.74,USD,IDEALPRO-001,MARGIN,,"[{'type': 'MarginBalance', 'initial': '0.00', 'maintenance': '2.35', 'currency': 'USD', 'instrument_id': 'EUR/USD.IDEALPRO'}]",False,{}
100000.00,0.00,100000.00,EUR,IDEALPRO-001,MARGIN,,"[{'type': 'MarginBalance', 'initial': '0.00', 'maintenance': '2.35', 'currency': 'USD', 'instrument_id': 'EUR/USD.IDEALPRO'}]",False,{}
100000.09,2.35,99997.74,USD,IDEALPRO-001,MARGIN,,"[{'type': 'MarginBalance', 'initial': '0.00', 'maintenance': '2.35', 'currency': 'USD', 'instrument_id': 'EUR/USD.IDEALPRO'}]",False,{}
100000.00,0.00,100000.00,EUR,IDEALPRO-001,MARGIN,,"[{'type': 'MarginBalance', 'initial': '0.00', 'maintenance': '2.35', 'currency': 'USD', 'instrument_id': 'EUR/USD.IDEALPRO'}]",False,{}
100000.09,2.35,99997.74,USD,IDEALPRO-001,MARGIN,,"[{'type': 'MarginBalance', 'initial': '0.00', 'maintenance': '2.35', 'currency': 'USD', 'instrument_id': 'EUR/USD.IDEALPRO'}]",False,{}
100000.00,0.00,100000.00,EUR,IDEALPRO-001,MARGIN,,"[{'type': 'MarginBalance', 'initial': '0.00', 'maintenance': '2.35', 'currency': 'USD', 'instrument_id': 'EUR/USD.IDEALPRO'}]",False,{}
100000.09,2.35,99997.74,USD,IDEALPRO-001,MARGIN,,"[{'type': 'MarginBalance', 'initial': '0.00', 'maintenance': '2.35', 'currency': 'USD', 'instrument_id': 'EUR/USD.IDEALPRO'}]",False,{}
100000.00,0.00,100000.00,EUR,IDEALPRO-001,MARGIN,,"[{'type': 'MarginBalance', 'initial': '0.00', 'maintenance': '2.35', 'currency': 'USD', 'instrument_id': 'EUR/USD.IDEALPRO'}]",False,{}
100000.09,0.00,100000.09,USD,IDEALPRO-001,MARGIN,,[],False,{}
100000.00,0.00,100000.00,EUR,IDEALPRO-001,MARGIN,,[],False,{}
100000.09,0.00,100000.09,USD,IDEALPRO-001,MARGIN,,[],False,{}
100000.00,0.00,100000.00,EUR,IDEALPRO-001,MARGIN,,[],False,{}
100000.09,0.00,100000.09,USD,IDEALPRO-001,MARGIN,,[],False,{}
100000.00,0.00,100000.00,EUR,IDEALPRO-001,MARGIN,,[],False,{}
100000.09,0.00,100000.09,USD,IDEALPRO-001,MARGIN,,[],False,{}
100000.00,0.00,100000.00,EUR,IDEALPRO-001,MARGIN,,[],False,{}
100000.09,0.00,100000.09,USD,IDEALPRO-001,MARGIN,,[],False,{}
100000.00,0.00,100000.00,EUR,IDEALPRO-001,MARGIN,,[],False,{}
100000.09,0.00,100000.09,USD,IDEALPRO-001,MARGIN,,[],False,{}
100000.00,0.00,100000.00,EUR,IDEALPRO-001,MARGIN,,[],False,{}
100000.09,2.35,99997.74,USD,IDEALPRO-001,MARGIN,,"[{'type': 'MarginBalance', 'initial': '0.00', 'maintenance': '2.35', 'currency': 'USD', 'instrument_id': 'EUR/USD.IDEALPRO'}]",False,{}
100000.00,0.00,100000.00,EUR,IDEALPRO-001,MARGIN,,"[{'type': 'MarginBalance', 'initial': '0.00', 'maintenance': '2.35', 'currency': 'USD', 'instrument_id': 'EUR/USD.IDEALPRO'}]",False,{}
100000.09,2.35,99997.74,USD,IDEALPRO-001,MARGIN,,"[{'type': 'MarginBalance', 'initial': '0.00', 'maintenance': '2.35', 'currency': 'USD', 'instrument_id': 'EUR/USD.IDEALPRO'}]",False,{}
100000.00,0.00,100000.00,EUR,IDEALPRO-001,MARGIN,,"[{'type': 'MarginBalance', 'initial': '0.00', 'maintenance': '2.35', 'currency': 'USD', 'instrument_id': 'EUR/USD.IDEALPRO'}]",False,{}
100000.09,2.35,99997.74,USD,IDEALPRO-001,MARGIN,,"[{'type': 'MarginBalance', 'initial': '0.00', 'maintenance': '2.35', 'currency': 'USD', 'instrument_id': 'EUR/USD.IDEALPRO'}]",False,{}
100000.00,0.00,100000.00,EUR,IDEALPRO-001,MARGIN,,"[{'type': 'MarginBalance', 'initial': '0.00', 'maintenance': '2.35', 'currency': 'USD', 'instrument_id': 'EUR/USD.IDEALPRO'}]",False,{}
100000.09,2.35,99997.74,USD,IDEALPRO-001,MARGIN,,"[{'type': 'MarginBalance', 'initial': '0.00', 'maintenance': '2.35', 'currency': 'USD', 'instrument_id': 'EUR/USD.IDEALPRO'}]",False,{}
100000.00,0.00,100000.00,EUR,IDEALPRO-001,MARGIN,,"[{'type': 'MarginBalance', 'initial': '0.00', 'maintenance': '2.35', 'currency': 'USD', 'instrument_id': 'EUR/USD.IDEALPRO'}]",False,{}
100000.09,0.00,100000.09,USD,IDEALPRO-001,MARGIN,,[],False,{}
100000.00,0.00,100000.00,EUR,IDEALPRO-001,MARGIN,,[],False,{}
100000.09,0.00,100000.09,USD,IDEALPRO-001,MARGIN,,[],False,{}
100000.00,0.00,100000.00,EUR,IDEALPRO-001,MARGIN,,[],False,{}
100000.09,0.00,100000.09,USD,IDEALPRO-001,MARGIN,,[],False,{}
100000.00,0.00,100000.00,EUR,IDEALPRO-001,MARGIN,,[],False,{}
100000.09,0.00,100000.09,USD,IDEALPRO-001,MARGIN,,[],False,{}
100000.00,0.00,100000.00,EUR,IDEALPRO-001,MARGIN,,[],False,{}
100000.09,0.00,100000.09,USD,IDEALPRO-001,MARGIN,,[],False,{}
100000.00,0.00,100000.00,EUR,IDEALPRO-001,MARGIN,,[],False,{}
100000.09,0.00,100000.09,USD,IDEALPRO-001,MARGIN,,[],False,{}
100000.00,0.00,100000.00,EUR,IDEALPRO-001,MARGIN,,[],False,{}
100000.09,2.35,99997.74,USD,IDEALPRO-001,MARGIN,,"[{'type': 'MarginBalance', 'initial': '0.00', 'maintenance': '2.35', 'currency': 'USD', 'instrument_id': 'EUR/USD.IDEALPRO'}]",False,{}
100000.00,0.00,100000.00,EUR,IDEALPRO-001,MARGIN,,"[{'type': 'MarginBalance', 'initial': '0.00', 'maintenance': '2.35', 'currency': 'USD', 'instrument_id': 'EUR/USD.IDEALPRO'}]",False,{}
100000.09,2.35,99997.74,USD,IDEALPRO-001,MARGIN,,"[{'type': 'MarginBalance', 'initial': '0.00', 'maintenance': '2.35', 'currency': 'USD', 'instrument_id': 'EUR/USD.IDEALPRO'}]",False,{}
100000.00,0.00,100000.00,EUR,IDEALPRO-001,MARGIN,,"[{'type': 'MarginBalance', 'initial': '0.00', 'maintenance': '2.35', 'currency': 'USD', 'instrument_id': 'EUR/USD.IDEALPRO'}]",False,{}
100000.09,2.35,99997.74,USD,IDEALPRO-001,MARGIN,,"[{'type': 'MarginBalance', 'initial': '0.00', 'maintenance': '2.35', 'currency': 'USD', 'instrument_id': 'EUR/USD.IDEALPRO'}]",False,{}
100000.00,0.00,100000.00,EUR,IDEALPRO-001,MARGIN,,"[{'type': 'MarginBalance', 'initial': '0.00', 'maintenance': '2.35', 'currency': 'USD', 'instrument_id': 'EUR/USD.IDEALPRO'}]",False,{}
100000.09,2.35,99997.74,USD,IDEALPRO-001,MARGIN,,"[{'type': 'MarginBalance', 'initial': '0.00', 'maintenance': '2.35', 'currency': 'USD', 'instrument_id': 'EUR/USD.IDEALPRO'}]",False,{}
100000.00,0.00,100000.00,EUR,IDEALPRO-001,MARGIN,,"[{'type': 'MarginBalance', 'initial': '0.00', 'maintenance': '2.35', 'currency': 'USD', 'instrument_id': 'EUR/USD.IDEALPRO'}]",False,{}
100000.06,0.00,100000.06,USD,IDEALPRO-001,MARGIN,,[],False,{}
100000.00,0.00,100000.00,EUR,IDEALPRO-001,MARGIN,,[],False,{}
100000.06,0.00,100000.06,USD,IDEALPRO-001,MARGIN,,[],False,{}
100000.00,0.00,100000.00,EUR,IDEALPRO-001,MARGIN,,[],False,{}
100000.06,0.00,100000.06,USD,IDEALPRO-001,MARGIN,,[],False,{}
100000.00,0.00,100000.00,EUR,IDEALPRO-001,MARGIN,,[],False,{}
100000.06,0.00,100000.06,USD,IDEALPRO-001,MARGIN,,[],False,{}
100000.00,0.00,100000.00,EUR,IDEALPRO-001,MARGIN,,[],False,{}
100000.06,0.00,100000.06,USD,IDEALPRO-001,MARGIN,,[],False,{}
100000.00,0.00,100000.00,EUR,IDEALPRO-001,MARGIN,,[],False,{}
100000.06,0.00,100000.06,USD,IDEALPRO-001,MARGIN,,[],False,{}
100000.00,0.00,100000.00,EUR,IDEALPRO-001,MARGIN,,[],False,{}
100000.06,2.35,99997.71,USD,IDEALPRO-001,MARGIN,,"[{'type': 'MarginBalance', 'initial': '0.00', 'maintenance': '2.35', 'currency': 'USD', 'instrument_id': 'EUR/USD.IDEALPRO'}]",False,{}
100000.00,0.00,100000.00,EUR,IDEALPRO-001,MARGIN,,"[{'type': 'MarginBalance', 'initial': '0.00', 'maintenance': '2.35', 'currency': 'USD', 'instrument_id': 'EUR/USD.IDEALPRO'}]",False,{}
100000.06,2.35,99997.71,USD,IDEALPRO-001,MARGIN,,"[{'type': 'MarginBalance', 'initial': '0.00', 'maintenance': '2.35', 'currency': 'USD', 'instrument_id': 'EUR/USD.IDEALPRO'}]",False,{}
100000.00,0.00,100000.00,EUR,IDEALPRO-001,MARGIN,,"[{'type': 'MarginBalance', 'initial': '0.00', 'maintenance': '2.35', 'currency': 'USD', 'instrument_id': 'EUR/USD.IDEALPRO'}]",False,{}
100000.06,2.35,99997.71,USD,IDEALPRO-001,MARGIN,,"[{'type': 'MarginBalance', 'initial': '0.00', 'maintenance': '2.35', 'currency': 'USD', 'instrument_id': 'EUR/USD.IDEALPRO'}]",False,{}
100000.00,0.00,100000.00,EUR,IDEALPRO-001,MARGIN,,"[{'type': 'MarginBalance', 'initial': '0.00', 'maintenance': '2.35', 'currency': 'USD', 'instrument_id': 'EUR/USD.IDEALPRO'}]",False,{}
100000.00,0.00,100000.00,USD,IDEALPRO-001,MARGIN,,[],False,{}
100000.00,0.00,100000.00,EUR,IDEALPRO-001,MARGIN,,[],False,{}
100000.00,0.00,100000.00,USD,IDEALPRO-001,MARGIN,,[],False,{}
100000.00,0.00,100000.00,EUR,IDEALPRO-001,MARGIN,,[],False,{}
100000.00,0.00,100000.00,USD,IDEALPRO-001,MARGIN,,[],False,{}
100000.00,0.00,100000.00,EUR,IDEALPRO-001,MARGIN,,[],False,{}
100000.00,0.00,100000.00,USD,IDEALPRO-001,MARGIN,,[],False,{}
100000.00,0.00,100000.00,EUR,IDEALPRO-001,MARGIN,,[],False,{}
100000.00,0.00,100000.00,USD,IDEALPRO-001,MARGIN,,[],False,{}
100000.00,0.00,100000.00,EUR,IDEALPRO-001,MARGIN,,[],False,{}
100000.00,2.35,99997.65,USD,IDEALPRO-001,MARGIN,,"[{'type': 'MarginBalance', 'initial': '0.00', 'maintenance': '2.35', 'currency': 'USD', 'instrument_id': 'EUR/USD.IDEALPRO'}]",False,{}
100000.00,0.00,100000.00,EUR,IDEALPRO-001,MARGIN,,"[{'type': 'MarginBalance', 'initial': '0.00', 'maintenance': '2.35', 'currency': 'USD', 'instrument_id': 'EUR/USD.IDEALPRO'}]",False,{}
100000.00,2.35,99997.65,USD,IDEALPRO-001,MARGIN,,"[{'type': 'MarginBalance', 'initial': '0.00', 'maintenance': '2.35', 'currency': 'USD', 'instrument_id': 'EUR/USD.IDEALPRO'}]",False,{}
100000.00,0.00,100000.00,EUR,IDEALPRO-001,MARGIN,,"[{'type': 'MarginBalance', 'initial': '0.00', 'maintenance': '2.35', 'currency': 'USD', 'instrument_id': 'EUR/USD.IDEALPRO'}]",False,{}
100000.00,2.35,99997.65,USD,IDEALPRO-001,MARGIN,,"[{'type': 'MarginBalance', 'initial': '0.00', 'maintenance': '2.35', 'currency': 'USD', 'instrument_id': 'EUR/USD.IDEALPRO'}]",False,{}
100000.00,0.00,100000.00,EUR,IDEALPRO-001,MARGIN,,"[{'type': 'MarginBalance', 'initial': '0.00', 'maintenance': '2.35', 'currency': 'USD', 'instrument_id': 'EUR/USD.IDEALPRO'}]",False,{}
100000.00,2.35,99997.65,USD,IDEALPRO-001,MARGIN,,"[{'type': 'MarginBalance', 'initial': '0.00', 'maintenance': '2.35', 'currency': 'USD', 'instrument_id': 'EUR/USD.IDEALPRO'}]",False,{}
100000.00,0.00,100000.00,EUR,IDEALPRO-001,MARGIN,,"[{'type': 'MarginBalance', 'initial': '0.00', 'maintenance': '2.35', 'currency': 'USD', 'instrument_id': 'EUR/USD.IDEALPRO'}]",False,{}
99999.99,0.00,99999.99,USD,IDEALPRO-001,MARGIN,,[],False,{}
100000.00,0.00,100000.00,EUR,IDEALPRO-001,MARGIN,,[],False,{}
99999.99,0.00,99999.99,USD,IDEALPRO-001,MARGIN,,[],False,{}
100000.00,0.00,100000.00,EUR,IDEALPRO-001,MARGIN,,[],False,{}
99999.99,0.00,99999.99,USD,IDEALPRO-001,MARGIN,,[],False,{}
100000.00,0.00,100000.00,EUR,IDEALPRO-001,MARGIN,,[],False,{}
99999.99,0.00,99999.99,USD,IDEALPRO-001,MARGIN,,[],False,{}
100000.00,0.00,100000.00,EUR,IDEALPRO-001,MARGIN,,[],False,{}
99999.99,0.00,99999.99,USD,IDEALPRO-001,MARGIN,,[],False,{}
100000.00,0.00,100000.00,EUR,IDEALPRO-001,MARGIN,,[],False,{}
99999.99,0.00,99999.99,USD,IDEALPRO-001,MARGIN,,[],False,{}
100000.00,0.00,100000.00,EUR,IDEALPRO-001,MARGIN,,[],False,{}
99999.99,2.35,99997.64,USD,IDEALPRO-001,MARGIN,,"[{'type': 'MarginBalance', 'initial': '0.00', 'maintenance': '2.35', 'currency': 'USD', 'instrument_id': 'EUR/USD.IDEALPRO'}]",False,{}
100000.00,0.00,100000.00,EUR,IDEALPRO-001,MARGIN,,"[{'type': 'MarginBalance', 'initial': '0.00', 'maintenance': '2.35', 'currency': 'USD', 'instrument_id': 'EUR/USD.IDEALPRO'}]",False,{}
99999.99,2.35,99997.64,USD,IDEALPRO-001,MARGIN,,"[{'type': 'MarginBalance', 'initial': '0.00', 'maintenance': '2.35', 'currency': 'USD', 'instrument_id': 'EUR/USD.IDEALPRO'}]",False,{}
100000.00,0.00,100000.00,EUR,IDEALPRO-001,MARGIN,,"[{'type': 'MarginBalance', 'initial': '0.00', 'maintenance': '2.35', 'currency': 'USD', 'instrument_id': 'EUR/USD.IDEALPRO'}]",False,{}
99999.99,2.35,99997.64,USD,IDEALPRO-001,MARGIN,,"[{'type': 'MarginBalance', 'initial': '0.00', 'maintenance': '2.35', 'currency': 'USD', 'instrument_id': 'EUR/USD.IDEALPRO'}]",False,{}
100000.00,0.00,100000.00,EUR,IDEALPRO-001,MARGIN,,"[{'type': 'MarginBalance', 'initial': '0.00', 'maintenance': '2.35', 'currency': 'USD', 'instrument_id': 'EUR/USD.IDEALPRO'}]",False,{}
99999.93,0.00,99999.93,USD,IDEALPRO-001,MARGIN,,[],False,{}
100000.00,0.00,100000.00,EUR,IDEALPRO-001,MARGIN,,[],False,{}
99999.93,0.00,99999.93,USD,IDEALPRO-001,MARGIN,,[],False,{}
100000.00,0.00,100000.00,EUR,IDEALPRO-001,MARGIN,,[],False,{}
99999.93,0.00,99999.93,USD,IDEALPRO-001,MARGIN,,[],False,{}
100000.00,0.00,100000.00,EUR,IDEALPRO-001,MARGIN,,[],False,{}
99999.93,0.00,99999.93,USD,IDEALPRO-001,MARGIN,,[],False,{}
100000.00,0.00,100000.00,EUR,IDEALPRO-001,MARGIN,,[],False,{}
99999.93,0.00,99999.93,USD,IDEALPRO-001,MARGIN,,[],False,{}
100000.00,0.00,100000.00,EUR,IDEALPRO-001,MARGIN,,[],False,{}
99999.93,2.35,99997.58,USD,IDEALPRO-001,MARGIN,,"[{'type': 'MarginBalance', 'initial': '0.00', 'maintenance': '2.35', 'currency': 'USD', 'instrument_id': 'EUR/USD.IDEALPRO'}]",False,{}
100000.00,0.00,100000.00,EUR,IDEALPRO-001,MARGIN,,"[{'type': 'MarginBalance', 'initial': '0.00', 'maintenance': '2.35', 'currency': 'USD', 'instrument_id': 'EUR/USD.IDEALPRO'}]",False,{}
99999.93,2.35,99997.58,USD,IDEALPRO-001,MARGIN,,"[{'type': 'MarginBalance', 'initial': '0.00', 'maintenance': '2.35', 'currency': 'USD', 'instrument_id': 'EUR/USD.IDEALPRO'}]",False,{}
100000.00,0.00,100000.00,EUR,IDEALPRO-001,MARGIN,,"[{'type': 'MarginBalance', 'initial': '0.00', 'maintenance': '2.35', 'currency': 'USD', 'instrument_id': 'EUR/USD.IDEALPRO'}]",False,{}
99999.93,2.35,99997.58,USD,IDEALPRO-001,MARGIN,,"[{'type': 'MarginBalance', 'initial': '0.00', 'maintenance': '2.35', 'currency': 'USD', 'instrument_id': 'EUR/USD.IDEALPRO'}]",False,{}
100000.00,0.00,100000.00,EUR,IDEALPRO-001,MARGIN,,"[{'type': 'MarginBalance', 'initial': '0.00', 'maintenance': '2.35', 'currency': 'USD', 'instrument_id': 'EUR/USD.IDEALPRO'}]",False,{}
99999.93,2.35,99997.58,USD,IDEALPRO-001,MARGIN,,"[{'type': 'MarginBalance', 'initial': '0.00', 'maintenance': '2.35', 'currency': 'USD', 'instrument_id': 'EUR/USD.IDEALPRO'}]",False,{}
100000.00,0.00,100000.00,EUR,IDEALPRO-001,MARGIN,,"[{'type': 'MarginBalance', 'initial': '0.00', 'maintenance': '2.35', 'currency': 'USD', 'instrument_id': 'EUR/USD.IDEALPRO'}]",False,{}
99999.93,0.00,99999.93,USD,IDEALPRO-001,MARGIN,,[],False,{}
100000.00,0.00,100000.00,EUR,IDEALPRO-001,MARGIN,,[],False,{}
99999.93,0.00,99999.93,USD,IDEALPRO-001,MARGIN,,[],False,{}
100000.00,0.00,100000.00,EUR,IDEALPRO-001,MARGIN,,[],False,{}
99999.93,0.00,99999.93,USD,IDEALPRO-001,MARGIN,,[],False,{}
100000.00,0.00,100000.00,EUR,IDEALPRO-001,MARGIN,,[],False,{}
99999.93,0.00,99999.93,USD,IDEALPRO-001,MARGIN,,[],False,{}
100000.00,0.00,100000.00,EUR,IDEALPRO-001,MARGIN,,[],False,{}
99999.93,0.00,99999.93,USD,IDEALPRO-001,MARGIN,,[],False,{}
100000.00,0.00,100000.00,EUR,IDEALPRO-001,MARGIN,,[],False,{}
99999.93,0.00,99999.93,USD,IDEALPRO-001,MARGIN,,[],False,{}
100000.00,0.00,100000.00,EUR,IDEALPRO-001,MARGIN,,[],False,{}
99999.93,2.35,99997.58,USD,IDEALPRO-001,MARGIN,,"[{'type': 'MarginBalance', 'initial': '0.00', 'maintenance': '2.35', 'currency': 'USD', 'instrument_id': 'EUR/USD.IDEALPRO'}]",False,{}
100000.00,0.00,100000.00,EUR,IDEALPRO-001,MARGIN,,"[{'type': 'MarginBalance', 'initial': '0.00', 'maintenance': '2.35', 'currency': 'USD', 'instrument_id': 'EUR/USD.IDEALPRO'}]",False,{}
99999.93,2.35,99997.58,USD,IDEALPRO-001,MARGIN,,"[{'type': 'MarginBalance', 'initial': '0.00', 'maintenance': '2.35', 'currency': 'USD', 'instrument_id': 'EUR/USD.IDEALPRO'}]",False,{}
100000.00,0.00,100000.00,EUR,IDEALPRO-001,MARGIN,,"[{'type': 'MarginBalance', 'initial': '0.00', 'maintenance': '2.35', 'currency': 'USD', 'instrument_id': 'EUR/USD.IDEALPRO'}]",False,{}
99999.93,2.35,99997.58,USD,IDEALPRO-001,MARGIN,,"[{'type': 'MarginBalance', 'initial': '0.00', 'maintenance': '2.35', 'currency': 'USD', 'instrument_id': 'EUR/USD.IDEALPRO'}]",False,{}
100000.00,0.00,100000.00,EUR,IDEALPRO-001,MARGIN,,"[{'type': 'MarginBalance', 'initial': '0.00', 'maintenance': '2.35', 'currency': 'USD', 'instrument_id': 'EUR/USD.IDEALPRO'}]",False,{}
99999.93,2.35,99997.58,USD,IDEALPRO-001,MARGIN,,"[{'type': 'MarginBalance', 'initial': '0.00', 'maintenance': '2.35', 'currency': 'USD', 'instrument_id': 'EUR/USD.IDEALPRO'}]",False,{}
100000.00,0.00,100000.00,EUR,IDEALPRO-001,MARGIN,,"[{'type': 'MarginBalance', 'initial': '0.00', 'maintenance': '2.35', 'currency': 'USD', 'instrument_id': 'EUR/USD.IDEALPRO'}]",False,{}
100000.00,0.00,100000.00,USD,IDEALPRO-001,MARGIN,,[],False,{}
100000.00,0.00,100000.00,EUR,IDEALPRO-001,MARGIN,,[],False,{}
100000.00,0.00,100000.00,USD,IDEALPRO-001,MARGIN,,[],False,{}
100000.00,0.00,100000.00,EUR,IDEALPRO-001,MARGIN,,[],False,{}
100000.00,0.00,100000.00,USD,IDEALPRO-001,MARGIN,,[],False,{}
100000.00,0.00,100000.00,EUR,IDEALPRO-001,MARGIN,,[],False,{}
100000.00,0.00,100000.00,USD,IDEALPRO-001,MARGIN,,[],False,{}
100000.00,0.00,100000.00,EUR,IDEALPRO-001,MARGIN,,[],False,{}
100000.00,0.00,100000.00,USD,IDEALPRO-001,MARGIN,,[],False,{}
100000.00,0.00,100000.00,EUR,IDEALPRO-001,MARGIN,,[],False,{}
100000.00,0.00,100000.00,USD,IDEALPRO-001,MARGIN,,[],False,{}
100000.00,0.00,100000.00,EUR,IDEALPRO-001,MARGIN,,[],False,{}
100000.00,2.35,99997.65,USD,IDEALPRO-001,MARGIN,,"[{'type': 'MarginBalance', 'initial': '0.00', 'maintenance': '2.35', 'currency': 'USD', 'instrument_id': 'EUR/USD.IDEALPRO'}]",False,{}
100000.00,0.00,100000.00,EUR,IDEALPRO-001,MARGIN,,"[{'type': 'MarginBalance', 'initial': '0.00', 'maintenance': '2.35', 'currency': 'USD', 'instrument_id': 'EUR/USD.IDEALPRO'}]",False,{}
100000.00,2.35,99997.65,USD,IDEALPRO-001,MARGIN,,"[{'type': 'MarginBalance', 'initial': '0.00', 'maintenance': '2.35', 'currency': 'USD', 'instrument_id': 'EUR/USD.IDEALPRO'}]",False,{}
100000.00,0.00,100000.00,EUR,IDEALPRO-001,MARGIN,,"[{'type': 'MarginBalance', 'initial': '0.00', 'maintenance': '2.35', 'currency': 'USD', 'instrument_id': 'EUR/USD.IDEALPRO'}]",False,{}
100000.00,2.35,99997.65,USD,IDEALPRO-001,MARGIN,,"[{'type': 'MarginBalance', 'initial': '0.00', 'maintenance': '2.35', 'currency': 'USD', 'instrument_id': 'EUR/USD.IDEALPRO'}]",False,{}
100000.00,0.00,100000.00,EUR,IDEALPRO-001,MARGIN,,"[{'type': 'MarginBalance', 'initial': '0.00', 'maintenance': '2.35', 'currency': 'USD', 'instrument_id': 'EUR/USD.IDEALPRO'}]",False,{}
100000.00,2.35,99997.65,USD,IDEALPRO-001,MARGIN,,"[{'type': 'MarginBalance', 'initial': '0.00', 'maintenance': '2.35', 'currency': 'USD', 'instrument_id': 'EUR/USD.IDEALPRO'}]",False,{}
100000.00,0.00,100000.00,EUR,IDEALPRO-001,MARGIN,,"[{'type': 'MarginBalance', 'initial': '0.00', 'maintenance': '2.35', 'currency': 'USD', 'instrument_id': 'EUR/USD.IDEALPRO'}]",False,{}
100000.02,0.00,100000.02,USD,IDEALPRO-001,MARGIN,,[],False,{}
100000.00,0.00,100000.00,EUR,IDEALPRO-001,MARGIN,,[],False,{}
100000.02,0.00,100000.02,USD,IDEALPRO-001,MARGIN,,[],False,{}
100000.00,0.00,100000.00,EUR,IDEALPRO-001,MARGIN,,[],False,{}
100000.02,0.00,100000.02,USD,IDEALPRO-001,MARGIN,,[],False,{}
100000.00,0.00,100000.00,EUR,IDEALPRO-001,MARGIN,,[],False,{}
100000.02,0.00,100000.02,USD,IDEALPRO-001,MARGIN,,[],False,{}
100000.00,0.00,100000.00,EUR,IDEALPRO-001,MARGIN,,[],False,{}
100000.02,0.00,100000.02,USD,IDEALPRO-001,MARGIN,,[],False,{}
100000.00,0.00,100000.00,EUR,IDEALPRO-001,MARGIN,,[],False,{}
100000.02,0.00,100000.02,USD,IDEALPRO-001,MARGIN,,[],False,{}
100000.00,0.00,100000.00,EUR,IDEALPRO-001,MARGIN,,[],False,{}
100000.02,2.35,99997.67,USD,IDEALPRO-001,MARGIN,,"[{'type': 'MarginBalance', 'initial': '0.00', 'maintenance': '2.35', 'currency': 'USD', 'instrument_id': 'EUR/USD.IDEALPRO'}]",False,{}
100000.00,0.00,100000.00,EUR,IDEALPRO-001,MARGIN,,"[{'type': 'MarginBalance', 'initial': '0.00', 'maintenance': '2.35', 'currency': 'USD', 'instrument_id': 'EUR/USD.IDEALPRO'}]",False,{}
100000.02,2.35,99997.67,USD,IDEALPRO-001,MARGIN,,"[{'type': 'MarginBalance', 'initial': '0.00', 'maintenance': '2.35', 'currency': 'USD', 'instrument_id': 'EUR/USD.IDEALPRO'}]",False,{}
100000.00,0.00,100000.00,EUR,IDEALPRO-001,MARGIN,,"[{'type': 'MarginBalance', 'initial': '0.00', 'maintenance': '2.35', 'currency': 'USD', 'instrument_id': 'EUR/USD.IDEALPRO'}]",False,{}
100000.02,2.35,99997.67,USD,IDEALPRO-001,MARGIN,,"[{'type': 'MarginBalance', 'initial': '0.00', 'maintenance': '2.35', 'currency': 'USD', 'instrument_id': 'EUR/USD.IDEALPRO'}]",False,{}
100000.00,0.00,100000.00,EUR,IDEALPRO-001,MARGIN,,"[{'type': 'MarginBalance', 'initial': '0.00', 'maintenance': '2.35', 'currency': 'USD', 'instrument_id': 'EUR/USD.IDEALPRO'}]",False,{}
100000.02,2.35,99997.67,USD,IDEALPRO-001,MARGIN,,"[{'type': 'MarginBalance', 'initial': '0.00', 'maintenance': '2.35', 'currency': 'USD', 'instrument_id': 'EUR/USD.IDEALPRO'}]",False,{}
100000.00,0.00,100000.00,EUR,IDEALPRO-001,MARGIN,,"[{'type': 'MarginBalance', 'initial': '0.00', 'maintenance': '2.35', 'currency': 'USD', 'instrument_id': 'EUR/USD.IDEALPRO'}]",False,{}
100000.02,0.00,100000.02,USD,IDEALPRO-001,MARGIN,,[],False,{}
100000.00,0.00,100000.00,EUR,IDEALPRO-001,MARGIN,,[],False,{}
100000.02,0.00,100000.02,USD,IDEALPRO-001,MARGIN,,[],False,{}
100000.00,0.00,100000.00,EUR,IDEALPRO-001,MARGIN,,[],False,{}
100000.02,0.00,100000.02,USD,IDEALPRO-001,MARGIN,,[],False,{}
100000.00,0.00,100000.00,EUR,IDEALPRO-001,MARGIN,,[],False,{}
100000.02,0.00,100000.02,USD,IDEALPRO-001,MARGIN,,[],False,{}
100000.00,0.00,100000.00,EUR,IDEALPRO-001,MARGIN,,[],False,{}
100000.02,0.00,100000.02,USD,IDEALPRO-001,MARGIN,,[],False,{}
100000.00,0.00,100000.00,EUR,IDEALPRO-001,MARGIN,,[],False,{}
100000.02,0.00,100000.02,USD,IDEALPRO-001,MARGIN,,[],False,{}
100000.00,0.00,100000.00,EUR,IDEALPRO-001,MARGIN,,[],False,{}
100000.02,2.35,99997.67,USD,IDEALPRO-001,MARGIN,,"[{'type': 'MarginBalance', 'initial': '0.00', 'maintenance': '2.35', 'currency': 'USD', 'instrument_id': 'EUR/USD.IDEALPRO'}]",False,{}
100000.00,0.00,100000.00,EUR,IDEALPRO-001,MARGIN,,"[{'type': 'MarginBalance', 'initial': '0.00', 'maintenance': '2.35', 'currency': 'USD', 'instrument_id': 'EUR/USD.IDEALPRO'}]",False,{}
100000.02,2.35,99997.67,USD,IDEALPRO-001,MARGIN,,"[{'type': 'MarginBalance', 'initial': '0.00', 'maintenance': '2.35', 'currency': 'USD', 'instrument_id': 'EUR/USD.IDEALPRO'}]",False,{}
100000.00,0.00,100000.00,EUR,IDEALPRO-001,MARGIN,,"[{'type': 'MarginBalance', 'initial': '0.00', 'maintenance': '2.35', 'currency': 'USD', 'instrument_id': 'EUR/USD.IDEALPRO'}]",False,{}
100000.02,2.35,99997.67,USD,IDEALPRO-001,MARGIN,,"[{'type': 'MarginBalance', 'initial': '0.00', 'maintenance': '2.35', 'currency': 'USD', 'instrument_id': 'EUR/USD.IDEALPRO'}]",False,{}
100000.00,0.00,100000.00,EUR,IDEALPRO-001,MARGIN,,"[{'type': 'MarginBalance', 'initial': '0.00', 'maintenance': '2.35', 'currency': 'USD', 'instrument_id': 'EUR/USD.IDEALPRO'}]",False,{}
100000.02,2.35,99997.67,USD,IDEALPRO-001,MARGIN,,"[{'type': 'MarginBalance', 'initial': '0.00', 'maintenance': '2.35', 'currency': 'USD', 'instrument_id': 'EUR/USD.IDEALPRO'}]",False,{}
100000.00,0.00,100000.00,EUR,IDEALPRO-001,MARGIN,,"[{'type': 'MarginBalance', 'initial': '0.00', 'maintenance': '2.35', 'currency': 'USD', 'instrument_id': 'EUR/USD.IDEALPRO'}]",False,{}
100000.01,0.00,100000.01,USD,IDEALPRO-001,MARGIN,,[],False,{}
100000.00,0.00,100000.00,EUR,IDEALPRO-001,MARGIN,,[],False,{}
100000.01,0.00,100000.01,USD,IDEALPRO-001,MARGIN,,[],False,{}
100000.00,0.00,100000.00,EUR,IDEALPRO-001,MARGIN,,[],False,{}
100000.01,0.00,100000.01,USD,IDEALPRO-001,MARGIN,,[],False,{}
100000.00,0.00,100000.00,EUR,IDEALPRO-001,MARGIN,,[],False,{}
100000.01,0.00,100000.01,USD,IDEALPRO-001,MARGIN,,[],False,{}
100000.00,0.00,100000.00,EUR,IDEALPRO-001,MARGIN,,[],False,{}
100000.01,0.00,100000.01,USD,IDEALPRO-001,MARGIN,,[],False,{}
100000.00,0.00,100000.00,EUR,IDEALPRO-001,MARGIN,,[],False,{}
100000.01,0.00,100000.01,USD,IDEALPRO-001,MARGIN,,[],False,{}
100000.00,0.00,100000.00,EUR,IDEALPRO-001,MARGIN,,[],False,{}
100000.01,2.35,99997.66,USD,IDEALPRO-001,MARGIN,,"[{'type': 'MarginBalance', 'initial': '0.00', 'maintenance': '2.35', 'currency': 'USD', 'instrument_id': 'EUR/USD.IDEALPRO'}]",False,{}
100000.00,0.00,100000.00,EUR,IDEALPRO-001,MARGIN,,"[{'type': 'MarginBalance', 'initial': '0.00', 'maintenance': '2.35', 'currency': 'USD', 'instrument_id': 'EUR/USD.IDEALPRO'}]",False,{}
100000.01,2.35,99997.66,USD,IDEALPRO-001,MARGIN,,"[{'type': 'MarginBalance', 'initial': '0.00', 'maintenance': '2.35', 'currency': 'USD', 'instrument_id': 'EUR/USD.IDEALPRO'}]",False,{}
100000.00,0.00,100000.00,EUR,IDEALPRO-001,MARGIN,,"[{'type': 'MarginBalance', 'initial': '0.00', 'maintenance': '2.35', 'currency': 'USD', 'instrument_id': 'EUR/USD.IDEALPRO'}]",False,{}
100000.01,2.35,99997.66,USD,IDEALPRO-001,MARGIN,,"[{'type': 'MarginBalance', 'initial': '0.00', 'maintenance': '2.35', 'currency': 'USD', 'instrument_id': 'EUR/USD.IDEALPRO'}]",False,{}
100000.00,0.00,100000.00,EUR,IDEALPRO-001,MARGIN,,"[{'type': 'MarginBalance', 'initial': '0.00', 'maintenance': '2.35', 'currency': 'USD', 'instrument_id': 'EUR/USD.IDEALPRO'}]",False,{}
100000.01,2.35,99997.66,USD,IDEALPRO-001,MARGIN,,"[{'type': 'MarginBalance', 'initial': '0.00', 'maintenance': '2.35', 'currency': 'USD', 'instrument_id': 'EUR/USD.IDEALPRO'}]",False,{}
100000.00,0.00,100000.00,EUR,IDEALPRO-001,MARGIN,,"[{'type': 'MarginBalance', 'initial': '0.00', 'maintenance': '2.35', 'currency': 'USD', 'instrument_id': 'EUR/USD.IDEALPRO'}]",False,{}
99999.96,0.00,99999.96,USD,IDEALPRO-001,MARGIN,,[],False,{}
100000.00,0.00,100000.00,EUR,IDEALPRO-001,MARGIN,,[],False,{}
99999.96,0.00,99999.96,USD,IDEALPRO-001,MARGIN,,[],False,{}
100000.00,0.00,100000.00,EUR,IDEALPRO-001,MARGIN,,[],False,{}
99999.96,0.00,99999.96,USD,IDEALPRO-001,MARGIN,,[],False,{}
100000.00,0.00,100000.00,EUR,IDEALPRO-001,MARGIN,,[],False,{}
99999.96,0.00,99999.96,USD,IDEALPRO-001,MARGIN,,[],False,{}
100000.00,0.00,100000.00,EUR,IDEALPRO-001,MARGIN,,[],False,{}
99999.96,0.00,99999.96,USD,IDEALPRO-001,MARGIN,,[],False,{}
100000.00,0.00,100000.00,EUR,IDEALPRO-001,MARGIN,,[],False,{}
99999.96,0.00,99999.96,USD,IDEALPRO-001,MARGIN,,[],False,{}
100000.00,0.00,100000.00,EUR,IDEALPRO-001,MARGIN,,[],False,{}
99999.96,2.35,99997.61,USD,IDEALPRO-001,MARGIN,,"[{'type': 'MarginBalance', 'initial': '0.00', 'maintenance': '2.35', 'currency': 'USD', 'instrument_id': 'EUR/USD.IDEALPRO'}]",False,{}
100000.00,0.00,100000.00,EUR,IDEALPRO-001,MARGIN,,"[{'type': 'MarginBalance', 'initial': '0.00', 'maintenance': '2.35', 'currency': 'USD', 'instrument_id': 'EUR/USD.IDEALPRO'}]",False,{}
99999.96,2.35,99997.61,USD,IDEALPRO-001,MARGIN,,"[{'type': 'MarginBalance', 'initial': '0.00', 'maintenance': '2.35', 'currency': 'USD', 'instrument_id': 'EUR/USD.IDEALPRO'}]",False,{}
100000.00,0.00,100000.00,EUR,IDEALPRO-001,MARGIN,,"[{'type': 'MarginBalance', 'initial': '0.00', 'maintenance': '2.35', 'currency': 'USD', 'instrument_id': 'EUR/USD.IDEALPRO'}]",False,{}
99999.96,2.35,99997.61,USD,IDEALPRO-001,MARGIN,,"[{'type': 'MarginBalance', 'initial': '0.00', 'maintenance': '2.35', 'currency': 'USD', 'instrument_id': 'EUR/USD.IDEALPRO'}]",False,{}
100000.00,0.00,100000.00,EUR,IDEALPRO-001,MARGIN,,"[{'type': 'MarginBalance', 'initial': '0.00', 'maintenance': '2.35', 'currency': 'USD', 'instrument_id': 'EUR/USD.IDEALPRO'}]",False,{}
99999.96,2.35,99997.61,USD,IDEALPRO-001,MARGIN,,"[{'type': 'MarginBalance', 'initial': '0.00', 'maintenance': '2.35', 'currency': 'USD', 'instrument_id': 'EUR/USD.IDEALPRO'}]",False,{}
100000.00,0.00,100000.00,EUR,IDEALPRO-001,MARGIN,,"[{'type': 'MarginBalance', 'initial': '0.00', 'maintenance': '2.35', 'currency': 'USD', 'instrument_id': 'EUR/USD.IDEALPRO'}]",False,{}
99999.96,0.00,99999.96,USD,IDEALPRO-001,MARGIN,,[],False,{}
100000.00,0.00,100000.00,EUR,IDEALPRO-001,MARGIN,,[],False,{}
99999.96,0.00,99999.96,USD,IDEALPRO-001,MARGIN,,[],False,{}
100000.00,0.00,100000.00,EUR,IDEALPRO-001,MARGIN,,[],False,{}
99999.96,0.00,99999.96,USD,IDEALPRO-001,MARGIN,,[],False,{}
100000.00,0.00,100000.00,EUR,IDEALPRO-001,MARGIN,,[],False,{}
99999.96,0.00,99999.96,USD,IDEALPRO-001,MARGIN,,[],False,{}
100000.00,0.00,100000.00,EUR,IDEALPRO-001,MARGIN,,[],False,{}
99999.96,0.00,99999.96,USD,IDEALPRO-001,MARGIN,,[],False,{}
100000.00,0.00,100000.00,EUR,IDEALPRO-001,MARGIN,,[],False,{}
99999.96,0.00,99999.96,USD,IDEALPRO-001,MARGIN,,[],False,{}
100000.00,0.00,100000.00,EUR,IDEALPRO-001,MARGIN,,[],False,{}
99999.96,2.35,99997.61,USD,IDEALPRO-001,MARGIN,,"[{'type': 'MarginBalance', 'initial': '0.00', 'maintenance': '2.35', 'currency': 'USD', 'instrument_id': 'EUR/USD.IDEALPRO'}]",False,{}
100000.00,0.00,100000.00,EUR,IDEALPRO-001,MARGIN,,"[{'type': 'MarginBalance', 'initial': '0.00', 'maintenance': '2.35', 'currency': 'USD', 'instrument_id': 'EUR/USD.IDEALPRO'}]",False,{}
99999.96,2.35,99997.61,USD,IDEALPRO-001,MARGIN,,"[{'type': 'MarginBalance', 'initial': '0.00', 'maintenance': '2.35', 'currency': 'USD', 'instrument_id': 'EUR/USD.IDEALPRO'}]",False,{}
100000.00,0.00,100000.00,EUR,IDEALPRO-001,MARGIN,,"[{'type': 'MarginBalance', 'initial': '0.00', 'maintenance': '2.35', 'currency': 'USD', 'instrument_id': 'EUR/USD.IDEALPRO'}]",False,{}
99999.96,2.35,99997.61,USD,IDEALPRO-001,MARGIN,,"[{'type': 'MarginBalance', 'initial': '0.00', 'maintenance': '2.35', 'currency': 'USD', 'instrument_id': 'EUR/USD.IDEALPRO'}]",False,{}
100000.00,0.00,100000.00,EUR,IDEALPRO-001,MARGIN,,"[{'type': 'MarginBalance', 'initial': '0.00', 'maintenance': '2.35', 'currency': 'USD', 'instrument_id': 'EUR/USD.IDEALPRO'}]",False,{}
99999.90,0.00,99999.90,USD,IDEALPRO-001,MARGIN,,[],False,{}
100000.00,0.00,100000.00,EUR,IDEALPRO-001,MARGIN,,[],False,{}
99999.90,0.00,99999.90,USD,IDEALPRO-001,MARGIN,,[],False,{}
100000.00,0.00,100000.00,EUR,IDEALPRO-001,MARGIN,,[],False,{}
99999.90,0.00,99999.90,USD,IDEALPRO-001,MARGIN,,[],False,{}
100000.00,0.00,100000.00,EUR,IDEALPRO-001,MARGIN,,[],False,{}
99999.90,0.00,99999.90,USD,IDEALPRO-001,MARGIN,,[],False,{}
100000.00,0.00,100000.00,EUR,IDEALPRO-001,MARGIN,,[],False,{}
99999.90,0.00,99999.90,USD,IDEALPRO-001,MARGIN,,[],False,{}
100000.00,0.00,100000.00,EUR,IDEALPRO-001,MARGIN,,[],False,{}
99999.90,2.34,99997.56,USD,IDEALPRO-001,MARGIN,,"[{'type': 'MarginBalance', 'initial': '0.00', 'maintenance': '2.34', 'currency': 'USD', 'instrument_id': 'EUR/USD.IDEALPRO'}]",False,{}
100000.00,0.00,100000.00,EUR,IDEALPRO-001,MARGIN,,"[{'type': 'MarginBalance', 'initial': '0.00', 'maintenance': '2.34', 'currency': 'USD', 'instrument_id': 'EUR/USD.IDEALPRO'}]",False,{}
99999.90,2.34,99997.56,USD,IDEALPRO-001,MARGIN,,"[{'type': 'MarginBalance', 'initial': '0.00', 'maintenance': '2.34', 'currency': 'USD', 'instrument_id': 'EUR/USD.IDEALPRO'}]",False,{}
100000.00,0.00,100000.00,EUR,IDEALPRO-001,MARGIN,,"[{'type': 'MarginBalance', 'initial': '0.00', 'maintenance': '2.34', 'currency': 'USD', 'instrument_id': 'EUR/USD.IDEALPRO'}]",False,{}
99999.90,2.34,99997.56,USD,IDEALPRO-001,MARGIN,,"[{'type': 'MarginBalance', 'initial': '0.00', 'maintenance': '2.34', 'currency': 'USD', 'instrument_id': 'EUR/USD.IDEALPRO'}]",False,{}
100000.00,0.00,100000.00,EUR,IDEALPRO-001,MARGIN,,"[{'type': 'MarginBalance', 'initial': '0.00', 'maintenance': '2.34', 'currency': 'USD', 'instrument_id': 'EUR/USD.IDEALPRO'}]",False,{}
100000.20,0.00,100000.20,USD,IDEALPRO-001,MARGIN,,[],False,{}
100000.00,0.00,100000.00,EUR,IDEALPRO-001,MARGIN,,[],False,{}
100000.20,0.00,100000.20,USD,IDEALPRO-001,MARGIN,,[],False,{}
100000.00,0.00,100000.00,EUR,IDEALPRO-001,MARGIN,,[],False,{}
100000.20,0.00,100000.20,USD,IDEALPRO-001,MARGIN,,[],False,{}
100000.00,0.00,100000.00,EUR,IDEALPRO-001,MARGIN,,[],False,{}
100000.20,0.00,100000.20,USD,IDEALPRO-001,MARGIN,,[],False,{}
100000.00,0.00,100000.00,EUR,IDEALPRO-001,MARGIN,,[],False,{}
100000.20,0.00,100000.20,USD,IDEALPRO-001,MARGIN,,[],False,{}
100000.00,0.00,100000.00,EUR,IDEALPRO-001,MARGIN,,[],False,{}
100000.20,2.34,99997.86,USD,IDEALPRO-001,MARGIN,,"[{'type': 'MarginBalance', 'initial': '0.00', 'maintenance': '2.34', 'currency': 'USD', 'instrument_id': 'EUR/USD.IDEALPRO'}]",False,{}
100000.00,0.00,100000.00,EUR,IDEALPRO-001,MARGIN,,"[{'type': 'MarginBalance', 'initial': '0.00', 'maintenance': '2.34', 'currency': 'USD', 'instrument_id': 'EUR/USD.IDEALPRO'}]",False,{}
100000.20,2.34,99997.86,USD,IDEALPRO-001,MARGIN,,"[{'type': 'MarginBalance', 'initial': '0.00', 'maintenance': '2.34', 'currency': 'USD', 'instrument_id': 'EUR/USD.IDEALPRO'}]",False,{}
100000.00,0.00,100000.00,EUR,IDEALPRO-001,MARGIN,,"[{'type': 'MarginBalance', 'initial': '0.00', 'maintenance': '2.34', 'currency': 'USD', 'instrument_id': 'EUR/USD.IDEALPRO'}]",False,{}
100000.20,2.34,99997.86,USD,IDEALPRO-001,MARGIN,,"[{'type': 'MarginBalance', 'initial': '0.00', 'maintenance': '2.34', 'currency': 'USD', 'instrument_id': 'EUR/USD.IDEALPRO'}]",False,{}
100000.00,0.00,100000.00,EUR,IDEALPRO-001,MARGIN,,"[{'type': 'MarginBalance', 'initial': '0.00', 'maintenance': '2.34', 'currency': 'USD', 'instrument_id': 'EUR/USD.IDEALPRO'}]",False,{}
100000.20,2.34,99997.86,USD,IDEALPRO-001,MARGIN,,"[{'type': 'MarginBalance', 'initial': '0.00', 'maintenance': '2.34', 'currency': 'USD', 'instrument_id': 'EUR/USD.IDEALPRO'}]",False,{}
100000.00,0.00,100000.00,EUR,IDEALPRO-001,MARGIN,,"[{'type': 'MarginBalance', 'initial': '0.00', 'maintenance': '2.34', 'currency': 'USD', 'instrument_id': 'EUR/USD.IDEALPRO'}]",False,{}
100000.24,0.00,100000.24,USD,IDEALPRO-001,MARGIN,,[],False,{}
100000.00,0.00,100000.00,EUR,IDEALPRO-001,MARGIN,,[],False,{}
100000.24,0.00,100000.24,USD,IDEALPRO-001,MARGIN,,[],False,{}
100000.00,0.00,100000.00,EUR,IDEALPRO-001,MARGIN,,[],False,{}
100000.24,0.00,100000.24,USD,IDEALPRO-001,MARGIN,,[],False,{}
100000.00,0.00,100000.00,EUR,IDEALPRO-001,MARGIN,,[],False,{}
100000.24,0.00,100000.24,USD,IDEALPRO-001,MARGIN,,[],False,{}
100000.00,0.00,100000.00,EUR,IDEALPRO-001,MARGIN,,[],False,{}
100000.24,0.00,100000.24,USD,IDEALPRO-001,MARGIN,,[],False,{}
100000.00,0.00,100000.00,EUR,IDEALPRO-001,MARGIN,,[],False,{}
100000.24,0.00,100000.24,USD,IDEALPRO-001,MARGIN,,[],False,{}
100000.00,0.00,100000.00,EUR,IDEALPRO-001,MARGIN,,[],False,{}
100000.24,2.34,99997.90,USD,IDEALPRO-001,MARGIN,,"[{'type': 'MarginBalance', 'initial': '0.00', 'maintenance': '2.34', 'currency': 'USD', 'instrument_id': 'EUR/USD.IDEALPRO'}]",False,{}
100000.00,0.00,100000.00,EUR,IDEALPRO-001,MARGIN,,"[{'type': 'MarginBalance', 'initial': '0.00', 'maintenance': '2.34', 'currency': 'USD', 'instrument_id': 'EUR/USD.IDEALPRO'}]",False,{}
100000.24,2.34,99997.90,USD,IDEALPRO-001,MARGIN,,"[{'type': 'MarginBalance', 'initial': '0.00', 'maintenance': '2.34', 'currency': 'USD', 'instrument_id': 'EUR/USD.IDEALPRO'}]",False,{}
100000.00,0.00,100000.00,EUR,IDEALPRO-001,MARGIN,,"[{'type': 'MarginBalance', 'initial': '0.00', 'maintenance': '2.34', 'currency': 'USD', 'instrument_id': 'EUR/USD.IDEALPRO'}]",False,{}
100000.24,2.34,99997.90,USD,IDEALPRO-001,MARGIN,,"[{'type': 'MarginBalance', 'initial': '0.00', 'maintenance': '2.34', 'currency': 'USD', 'instrument_id': 'EUR/USD.IDEALPRO'}]",False,{}
100000.00,0.00,100000.00,EUR,IDEALPRO-001,MARGIN,,"[{'type': 'MarginBalance', 'initial': '0.00', 'maintenance': '2.34', 'currency': 'USD', 'instrument_id': 'EUR/USD.IDEALPRO'}]",False,{}
100000.18,0.00,100000.18,USD,IDEALPRO-001,MARGIN,,[],False,{}
100000.00,0.00,100000.00,EUR,IDEALPRO-001,MARGIN,,[],False,{}
100000.18,0.00,100000.18,USD,IDEALPRO-001,MARGIN,,[],False,{}
100000.00,0.00,100000.00,EUR,IDEALPRO-001,MARGIN,,[],False,{}
100000.18,0.00,100000.18,USD,IDEALPRO-001,MARGIN,,[],False,{}
100000.00,0.00,100000.00,EUR,IDEALPRO-001,MARGIN,,[],False,{}
100000.18,0.00,100000.18,USD,IDEALPRO-001,MARGIN,,[],False,{}
100000.00,0.00,100000.00,EUR,IDEALPRO-001,MARGIN,,[],False,{}
100000.18,0.00,100000.18,USD,IDEALPRO-001,MARGIN,,[],False,{}
100000.00,0.00,100000.00,EUR,IDEALPRO-001,MARGIN,,[],False,{}
100000.18,2.34,99997.84,USD,IDEALPRO-001,MARGIN,,"[{'type': 'MarginBalance', 'initial': '0.00', 'maintenance': '2.34', 'currency': 'USD', 'instrument_id': 'EUR/USD.IDEALPRO'}]",False,{}
100000.00,0.00,100000.00,EUR,IDEALPRO-001,MARGIN,,"[{'type': 'MarginBalance', 'initial': '0.00', 'maintenance': '2.34', 'currency': 'USD', 'instrument_id': 'EUR/USD.IDEALPRO'}]",False,{}
100000.18,2.34,99997.84,USD,IDEALPRO-001,MARGIN,,"[{'type': 'MarginBalance', 'initial': '0.00', 'maintenance': '2.34', 'currency': 'USD', 'instrument_id': 'EUR/USD.IDEALPRO'}]",False,{}
100000.00,0.00,100000.00,EUR,IDEALPRO-001,MARGIN,,"[{'type': 'MarginBalance', 'initial': '0.00', 'maintenance': '2.34', 'currency': 'USD', 'instrument_id': 'EUR/USD.IDEALPRO'}]",False,{}
100000.18,2.34,99997.84,USD,IDEALPRO-001,MARGIN,,"[{'type': 'MarginBalance', 'initial': '0.00', 'maintenance': '2.34', 'currency': 'USD', 'instrument_id': 'EUR/USD.IDEALPRO'}]",False,{}
100000.00,0.00,100000.00,EUR,IDEALPRO-001,MARGIN,,"[{'type': 'MarginBalance', 'initial': '0.00', 'maintenance': '2.34', 'currency': 'USD', 'instrument_id': 'EUR/USD.IDEALPRO'}]",False,{}
100000.12,0.00,100000.12,USD,IDEALPRO-001,MARGIN,,[],False,{}
100000.00,0.00,100000.00,EUR,IDEALPRO-001,MARGIN,,[],False,{}
100000.12,0.00,100000.12,USD,IDEALPRO-001,MARGIN,,[],False,{}
100000.00,0.00,100000.00,EUR,IDEALPRO-001,MARGIN,,[],False,{}
100000.12,0.00,100000.12,USD,IDEALPRO-001,MARGIN,,[],False,{}
100000.00,0.00,100000.00,EUR,IDEALPRO-001,MARGIN,,[],False,{}
100000.12,0.00,100000.12,USD,IDEALPRO-001,MARGIN,,[],False,{}
100000.00,0.00,100000.00,EUR,IDEALPRO-001,MARGIN,,[],False,{}
100000.12,0.00,100000.12,USD,IDEALPRO-001,MARGIN,,[],False,{}
100000.00,0.00,100000.00,EUR,IDEALPRO-001,MARGIN,,[],False,{}
100000.12,2.33,99997.79,USD,IDEALPRO-001,MARGIN,,"[{'type': 'MarginBalance', 'initial': '0.00', 'maintenance': '2.33', 'currency': 'USD', 'instrument_id': 'EUR/USD.IDEALPRO'}]",False,{}
100000.00,0.00,100000.00,EUR,IDEALPRO-001,MARGIN,,"[{'type': 'MarginBalance', 'initial': '0.00', 'maintenance': '2.33', 'currency': 'USD', 'instrument_id': 'EUR/USD.IDEALPRO'}]",False,{}
100000.12,2.33,99997.79,USD,IDEALPRO-001,MARGIN,,"[{'type': 'MarginBalance', 'initial': '0.00', 'maintenance': '2.33', 'currency': 'USD', 'instrument_id': 'EUR/USD.IDEALPRO'}]",False,{}
100000.00,0.00,100000.00,EUR,IDEALPRO-001,MARGIN,,"[{'type': 'MarginBalance', 'initial': '0.00', 'maintenance': '2.33', 'currency': 'USD', 'instrument_id': 'EUR/USD.IDEALPRO'}]",False,{}
100000.12,2.33,99997.79,USD,IDEALPRO-001,MARGIN,,"[{'type': 'MarginBalance', 'initial': '0.00', 'maintenance': '2.33', 'currency': 'USD', 'instrument_id': 'EUR/USD.IDEALPRO'}]",False,{}
100000.00,0.00,100000.00,EUR,IDEALPRO-001,MARGIN,,"[{'type': 'MarginBalance', 'initial': '0.00', 'maintenance': '2.33', 'currency': 'USD', 'instrument_id': 'EUR/USD.IDEALPRO'}]",False,{}
100000.12,2.33,99997.79,USD,IDEALPRO-001,MARGIN,,"[{'type': 'MarginBalance', 'initial': '0.00', 'maintenance': '2.33', 'currency': 'USD', 'instrument_id': 'EUR/USD.IDEALPRO'}]",False,{}
100000.00,0.00,100000.00,EUR,IDEALPRO-001,MARGIN,,"[{'type': 'MarginBalance', 'initial': '0.00', 'maintenance': '2.33', 'currency': 'USD', 'instrument_id': 'EUR/USD.IDEALPRO'}]",False,{}
100000.12,0.00,100000.12,USD,IDEALPRO-001,MARGIN,,[],False,{}
100000.00,0.00,100000.00,EUR,IDEALPRO-001,MARGIN,,[],False,{}
100000.12,0.00,100000.12,USD,IDEALPRO-001,MARGIN,,[],False,{}
100000.00,0.00,100000.00,EUR,IDEALPRO-001,MARGIN,,[],False,{}
100000.12,0.00,100000.12,USD,IDEALPRO-001,MARGIN,,[],False,{}
100000.00,0.00,100000.00,EUR,IDEALPRO-001,MARGIN,,[],False,{}
100000.12,0.00,100000.12,USD,IDEALPRO-001,MARGIN,,[],False,{}
100000.00,0.00,100000.00,EUR,IDEALPRO-001,MARGIN,,[],False,{}
100000.12,0.00,100000.12,USD,IDEALPRO-001,MARGIN,,[],False,{}
100000.00,0.00,100000.00,EUR,IDEALPRO-001,MARGIN,,[],False,{}
100000.12,0.00,100000.12,USD,IDEALPRO-001,MARGIN,,[],False,{}
100000.00,0.00,100000.00,EUR,IDEALPRO-001,MARGIN,,[],False,{}
100000.12,2.33,99997.79,USD,IDEALPRO-001,MARGIN,,"[{'type': 'MarginBalance', 'initial': '0.00', 'maintenance': '2.33', 'currency': 'USD', 'instrument_id': 'EUR/USD.IDEALPRO'}]",False,{}
100000.00,0.00,100000.00,EUR,IDEALPRO-001,MARGIN,,"[{'type': 'MarginBalance', 'initial': '0.00', 'maintenance': '2.33', 'currency': 'USD', 'instrument_id': 'EUR/USD.IDEALPRO'}]",False,{}
100000.12,2.33,99997.79,USD,IDEALPRO-001,MARGIN,,"[{'type': 'MarginBalance', 'initial': '0.00', 'maintenance': '2.33', 'currency': 'USD', 'instrument_id': 'EUR/USD.IDEALPRO'}]",False,{}
100000.00,0.00,100000.00,EUR,IDEALPRO-001,MARGIN,,"[{'type': 'MarginBalance', 'initial': '0.00', 'maintenance': '2.33', 'currency': 'USD', 'instrument_id': 'EUR/USD.IDEALPRO'}]",False,{}
100000.12,2.33,99997.79,USD,IDEALPRO-001,MARGIN,,"[{'type': 'MarginBalance', 'initial': '0.00', 'maintenance': '2.33', 'currency': 'USD', 'instrument_id': 'EUR/USD.IDEALPRO'}]",False,{}
100000.00,0.00,100000.00,EUR,IDEALPRO-001,MARGIN,,"[{'type': 'MarginBalance', 'initial': '0.00', 'maintenance': '2.33', 'currency': 'USD', 'instrument_id': 'EUR/USD.IDEALPRO'}]",False,{}
100000.12,2.33,99997.79,USD,IDEALPRO-001,MARGIN,,"[{'type': 'MarginBalance', 'initial': '0.00', 'maintenance': '2.33', 'currency': 'USD', 'instrument_id': 'EUR/USD.IDEALPRO'}]",False,{}
100000.00,0.00,100000.00,EUR,IDEALPRO-001,MARGIN,,"[{'type': 'MarginBalance', 'initial': '0.00', 'maintenance': '2.33', 'currency': 'USD', 'instrument_id': 'EUR/USD.IDEALPRO'}]",False,{}
100000.11,0.00,100000.11,USD,IDEALPRO-001,MARGIN,,[],False,{}
100000.00,0.00,100000.00,EUR,IDEALPRO-001,MARGIN,,[],False,{}
100000.11,0.00,100000.11,USD,IDEALPRO-001,MARGIN,,[],False,{}
100000.00,0.00,100000.00,EUR,IDEALPRO-001,MARGIN,,[],False,{}
100000.11,0.00,100000.11,USD,IDEALPRO-001,MARGIN,,[],False,{}
100000.00,0.00,100000.00,EUR,IDEALPRO-001,MARGIN,,[],False,{}
100000.11,0.00,100000.11,USD,IDEALPRO-001,MARGIN,,[],False,{}
100000.00,0.00,100000.00,EUR,IDEALPRO-001,MARGIN,,[],False,{}
100000.11,0.00,100000.11,USD,IDEALPRO-001,MARGIN,,[],False,{}
100000.00,0.00,100000.00,EUR,IDEALPRO-001,MARGIN,,[],False,{}
100000.11,0.00,100000.11,USD,IDEALPRO-001,MARGIN,,[],False,{}
100000.00,0.00,100000.00,EUR,IDEALPRO-001,MARGIN,,[],False,{}
100000.11,2.34,99997.77,USD,IDEALPRO-001,MARGIN,,"[{'type': 'MarginBalance', 'initial': '0.00', 'maintenance': '2.34', 'currency': 'USD', 'instrument_id': 'EUR/USD.IDEALPRO'}]",False,{}
100000.00,0.00,100000.00,EUR,IDEALPRO-001,MARGIN,,"[{'type': 'MarginBalance', 'initial': '0.00', 'maintenance': '2.34', 'currency': 'USD', 'instrument_id': 'EUR/USD.IDEALPRO'}]",False,{}
100000.11,2.34,99997.77,USD,IDEALPRO-001,MARGIN,,"[{'type': 'MarginBalance', 'initial': '0.00', 'maintenance': '2.34', 'currency': 'USD', 'instrument_id': 'EUR/USD.IDEALPRO'}]",False,{}
100000.00,0.00,100000.00,EUR,IDEALPRO-001,MARGIN,,"[{'type': 'MarginBalance', 'initial': '0.00', 'maintenance': '2.34', 'currency': 'USD', 'instrument_id': 'EUR/USD.IDEALPRO'}]",False,{}
100000.11,2.34,99997.77,USD,IDEALPRO-001,MARGIN,,"[{'type': 'MarginBalance', 'initial': '0.00', 'maintenance': '2.34', 'currency': 'USD', 'instrument_id': 'EUR/USD.IDEALPRO'}]",False,{}
100000.00,0.00,100000.00,EUR,IDEALPRO-001,MARGIN,,"[{'type': 'MarginBalance', 'initial': '0.00', 'maintenance': '2.34', 'currency': 'USD', 'instrument_id': 'EUR/USD.IDEALPRO'}]",False,{}
100000.05,0.00,100000.05,USD,IDEALPRO-001,MARGIN,,[],False,{}
100000.00,0.00,100000.00,EUR,IDEALPRO-001,MARGIN,,[],False,{}
100000.05,0.00,100000.05,USD,IDEALPRO-001,MARGIN,,[],False,{}
100000.00,0.00,100000.00,EUR,IDEALPRO-001,MARGIN,,[],False,{}
100000.05,0.00,100000.05,USD,IDEALPRO-001,MARGIN,,[],False,{}
100000.00,0.00,100000.00,EUR,IDEALPRO-001,MARGIN,,[],False,{}
100000.05,0.00,100000.05,USD,IDEALPRO-001,MARGIN,,[],False,{}
100000.00,0.00,100000.00,EUR,IDEALPRO-001,MARGIN,,[],False,{}
100000.05,0.00,100000.05,USD,IDEALPRO-001,MARGIN,,[],False,{}
100000.00,0.00,100000.00,EUR,IDEALPRO-001,MARGIN,,[],False,{}
100000.05,2.33,99997.72,USD,IDEALPRO-001,MARGIN,,"[{'type': 'MarginBalance', 'initial': '0.00', 'maintenance': '2.33', 'currency': 'USD', 'instrument_id': 'EUR/USD.IDEALPRO'}]",False,{}
100000.00,0.00,100000.00,EUR,IDEALPRO-001,MARGIN,,"[{'type': 'MarginBalance', 'initial': '0.00', 'maintenance': '2.33', 'currency': 'USD', 'instrument_id': 'EUR/USD.IDEALPRO'}]",False,{}
100000.05,2.33,99997.72,USD,IDEALPRO-001,MARGIN,,"[{'type': 'MarginBalance', 'initial': '0.00', 'maintenance': '2.33', 'currency': 'USD', 'instrument_id': 'EUR/USD.IDEALPRO'}]",False,{}
100000.00,0.00,100000.00,EUR,IDEALPRO-001,MARGIN,,"[{'type': 'MarginBalance', 'initial': '0.00', 'maintenance': '2.33', 'currency': 'USD', 'instrument_id': 'EUR/USD.IDEALPRO'}]",False,{}
100000.05,2.33,99997.72,USD,IDEALPRO-001,MARGIN,,"[{'type': 'MarginBalance', 'initial': '0.00', 'maintenance': '2.33', 'currency': 'USD', 'instrument_id': 'EUR/USD.IDEALPRO'}]",False,{}
100000.00,0.00,100000.00,EUR,IDEALPRO-001,MARGIN,,"[{'type': 'MarginBalance', 'initial': '0.00', 'maintenance': '2.33', 'currency': 'USD', 'instrument_id': 'EUR/USD.IDEALPRO'}]",False,{}
99999.99,0.00,99999.99,USD,IDEALPRO-001,MARGIN,,[],False,{}
100000.00,0.00,100000.00,EUR,IDEALPRO-001,MARGIN,,[],False,{}
99999.99,0.00,99999.99,USD,IDEALPRO-001,MARGIN,,[],False,{}
100000.00,0.00,100000.00,EUR,IDEALPRO-001,MARGIN,,[],False,{}
99999.99,0.00,99999.99,USD,IDEALPRO-001,MARGIN,,[],False,{}
100000.00,0.00,100000.00,EUR,IDEALPRO-001,MARGIN,,[],False,{}
99999.99,0.00,99999.99,USD,IDEALPRO-001,MARGIN,,[],False,{}
100000.00,0.00,100000.00,EUR,IDEALPRO-001,MARGIN,,[],False,{}
99999.99,0.00,99999.99,USD,IDEALPRO-001,MARGIN,,[],False,{}
100000.00,0.00,100000.00,EUR,IDEALPRO-001,MARGIN,,[],False,{}
99999.99,2.34,99997.65,USD,IDEALPRO-001,MARGIN,,"[{'type': 'MarginBalance', 'initial': '0.00', 'maintenance': '2.34', 'currency': 'USD', 'instrument_id': 'EUR/USD.IDEALPRO'}]",False,{}
100000.00,0.00,100000.00,EUR,IDEALPRO-001,MARGIN,,"[{'type': 'MarginBalance', 'initial': '0.00', 'maintenance': '2.34', 'currency': 'USD', 'instrument_id': 'EUR/USD.IDEALPRO'}]",False,{}
99999.99,2.34,99997.65,USD,IDEALPRO-001,MARGIN,,"[{'type': 'MarginBalance', 'initial': '0.00', 'maintenance': '2.34', 'currency': 'USD', 'instrument_id': 'EUR/USD.IDEALPRO'}]",False,{}
100000.00,0.00,100000.00,EUR,IDEALPRO-001,MARGIN,,"[{'type': 'MarginBalance', 'initial': '0.00', 'maintenance': '2.34', 'currency': 'USD', 'instrument_id': 'EUR/USD.IDEALPRO'}]",False,{}
99999.99,2.34,99997.65,USD,IDEALPRO-001,MARGIN,,"[{'type': 'MarginBalance', 'initial': '0.00', 'maintenance': '2.34', 'currency': 'USD', 'instrument_id': 'EUR/USD.IDEALPRO'}]",False,{}
100000.00,0.00,100000.00,EUR,IDEALPRO-001,MARGIN,,"[{'type': 'MarginBalance', 'initial': '0.00', 'maintenance': '2.34', 'currency': 'USD', 'instrument_id': 'EUR/USD.IDEALPRO'}]",False,{}
99999.99,2.34,99997.65,USD,IDEALPRO-001,MARGIN,,"[{'type': 'MarginBalance', 'initial': '0.00', 'maintenance': '2.34', 'currency': 'USD', 'instrument_id': 'EUR/USD.IDEALPRO'}]",False,{}
100000.00,0.00,100000.00,EUR,IDEALPRO-001,MARGIN,,"[{'type': 'MarginBalance', 'initial': '0.00', 'maintenance': '2.34', 'currency': 'USD', 'instrument_id': 'EUR/USD.IDEALPRO'}]",False,{}
99999.94,0.00,99999.94,USD,IDEALPRO-001,MARGIN,,[],False,{}
100000.00,0.00,100000.00,EUR,IDEALPRO-001,MARGIN,,[],False,{}
99999.94,0.00,99999.94,USD,IDEALPRO-001,MARGIN,,[],False,{}
100000.00,0.00,100000.00,EUR,IDEALPRO-001,MARGIN,,[],False,{}
99999.94,0.00,99999.94,USD,IDEALPRO-001,MARGIN,,[],False,{}
100000.00,0.00,100000.00,EUR,IDEALPRO-001,MARGIN,,[],False,{}
99999.94,0.00,99999.94,USD,IDEALPRO-001,MARGIN,,[],False,{}
100000.00,0.00,100000.00,EUR,IDEALPRO-001,MARGIN,,[],False,{}
99999.94,0.00,99999.94,USD,IDEALPRO-001,MARGIN,,[],False,{}
100000.00,0.00,100000.00,EUR,IDEALPRO-001,MARGIN,,[],False,{}
99999.94,0.00,99999.94,USD,IDEALPRO-001,MARGIN,,[],False,{}
100000.00,0.00,100000.00,EUR,IDEALPRO-001,MARGIN,,[],False,{}
99999.94,2.33,99997.61,USD,IDEALPRO-001,MARGIN,,"[{'type': 'MarginBalance', 'initial': '0.00', 'maintenance': '2.33', 'currency': 'USD', 'instrument_id': 'EUR/USD.IDEALPRO'}]",False,{}
100000.00,0.00,100000.00,EUR,IDEALPRO-001,MARGIN,,"[{'type': 'MarginBalance', 'initial': '0.00', 'maintenance': '2.33', 'currency': 'USD', 'instrument_id': 'EUR/USD.IDEALPRO'}]",False,{}
99999.94,2.33,99997.61,USD,IDEALPRO-001,MARGIN,,"[{'type': 'MarginBalance', 'initial': '0.00', 'maintenance': '2.33', 'currency': 'USD', 'instrument_id': 'EUR/USD.IDEALPRO'}]",False,{}
100000.00,0.00,100000.00,EUR,IDEALPRO-001,MARGIN,,"[{'type': 'MarginBalance', 'initial': '0.00', 'maintenance': '2.33', 'currency': 'USD', 'instrument_id': 'EUR/USD.IDEALPRO'}]",False,{}
99999.94,2.33,99997.61,USD,IDEALPRO-001,MARGIN,,"[{'type': 'MarginBalance', 'initial': '0.00', 'maintenance': '2.33', 'currency': 'USD', 'instrument_id': 'EUR/USD.IDEALPRO'}]",False,{}
100000.00,0.00,100000.00,EUR,IDEALPRO-001,MARGIN,,"[{'type': 'MarginBalance', 'initial': '0.00', 'maintenance': '2.33', 'currency': 'USD', 'instrument_id': 'EUR/USD.IDEALPRO'}]",False,{}
99999.94,2.33,99997.61,USD,IDEALPRO-001,MARGIN,,"[{'type': 'MarginBalance', 'initial': '0.00', 'maintenance': '2.33', 'currency': 'USD', 'instrument_id': 'EUR/USD.IDEALPRO'}]",False,{}
100000.00,0.00,100000.00,EUR,IDEALPRO-001,MARGIN,,"[{'type': 'MarginBalance', 'initial': '0.00', 'maintenance': '2.33', 'currency': 'USD', 'instrument_id': 'EUR/USD.IDEALPRO'}]",False,{}
99999.92,0.00,99999.92,USD,IDEALPRO-001,MARGIN,,[],False,{}
100000.00,0.00,100000.00,EUR,IDEALPRO-001,MARGIN,,[],False,{}
99999.92,0.00,99999.92,USD,IDEALPRO-001,MARGIN,,[],False,{}
100000.00,0.00,100000.00,EUR,IDEALPRO-001,MARGIN,,[],False,{}
99999.92,0.00,99999.92,USD,IDEALPRO-001,MARGIN,,[],False,{}
100000.00,0.00,100000.00,EUR,IDEALPRO-001,MARGIN,,[],False,{}
99999.92,0.00,99999.92,USD,IDEALPRO-001,MARGIN,,[],False,{}
100000.00,0.00,100000.00,EUR,IDEALPRO-001,MARGIN,,[],False,{}
99999.92,0.00,99999.92,USD,IDEALPRO-001,MARGIN,,[],False,{}
100000.00,0.00,100000.00,EUR,IDEALPRO-001,MARGIN,,[],False,{}
99999.92,0.00,99999.92,USD,IDEALPRO-001,MARGIN,,[],False,{}
100000.00,0.00,100000.00,EUR,IDEALPRO-001,MARGIN,,[],False,{}
99999.92,2.33,99997.59,USD,IDEALPRO-001,MARGIN,,"[{'type': 'MarginBalance', 'initial': '0.00', 'maintenance': '2.33', 'currency': 'USD', 'instrument_id': 'EUR/USD.IDEALPRO'}]",False,{}
100000.00,0.00,100000.00,EUR,IDEALPRO-001,MARGIN,,"[{'type': 'MarginBalance', 'initial': '0.00', 'maintenance': '2.33', 'currency': 'USD', 'instrument_id': 'EUR/USD.IDEALPRO'}]",False,{}
99999.92,2.33,99997.59,USD,IDEALPRO-001,MARGIN,,"[{'type': 'MarginBalance', 'initial': '0.00', 'maintenance': '2.33', 'currency': 'USD', 'instrument_id': 'EUR/USD.IDEALPRO'}]",False,{}
100000.00,0.00,100000.00,EUR,IDEALPRO-001,MARGIN,,"[{'type': 'MarginBalance', 'initial': '0.00', 'maintenance': '2.33', 'currency': 'USD', 'instrument_id': 'EUR/USD.IDEALPRO'}]",False,{}
99999.92,2.33,99997.59,USD,IDEALPRO-001,MARGIN,,"[{'type': 'MarginBalance', 'initial': '0.00', 'maintenance': '2.33', 'currency': 'USD', 'instrument_id': 'EUR/USD.IDEALPRO'}]",False,{}
100000.00,0.00,100000.00,EUR,IDEALPRO-001,MARGIN,,"[{'type': 'MarginBalance', 'initial': '0.00', 'maintenance': '2.33', 'currency': 'USD', 'instrument_id': 'EUR/USD.IDEALPRO'}]",False,{}
99999.92,2.33,99997.59,USD,IDEALPRO-001,MARGIN,,"[{'type': 'MarginBalance', 'initial': '0.00', 'maintenance': '2.33', 'currency': 'USD', 'instrument_id': 'EUR/USD.IDEALPRO'}]",False,{}
100000.00,0.00,100000.00,EUR,IDEALPRO-001,MARGIN,,"[{'type': 'MarginBalance', 'initial': '0.00', 'maintenance': '2.33', 'currency': 'USD', 'instrument_id': 'EUR/USD.IDEALPRO'}]",False,{}
99999.91,0.00,99999.91,USD,IDEALPRO-001,MARGIN,,[],False,{}
100000.00,0.00,100000.00,EUR,IDEALPRO-001,MARGIN,,[],False,{}
99999.91,0.00,99999.91,USD,IDEALPRO-001,MARGIN,,[],False,{}
100000.00,0.00,100000.00,EUR,IDEALPRO-001,MARGIN,,[],False,{}
99999.91,0.00,99999.91,USD,IDEALPRO-001,MARGIN,,[],False,{}
100000.00,0.00,100000.00,EUR,IDEALPRO-001,MARGIN,,[],False,{}
99999.91,0.00,99999.91,USD,IDEALPRO-001,MARGIN,,[],False,{}
100000.00,0.00,100000.00,EUR,IDEALPRO-001,MARGIN,,[],False,{}
99999.91,0.00,99999.91,USD,IDEALPRO-001,MARGIN,,[],False,{}
100000.00,0.00,100000.00,EUR,IDEALPRO-001,MARGIN,,[],False,{}
99999.91,0.00,99999.91,USD,IDEALPRO-001,MARGIN,,[],False,{}
100000.00,0.00,100000.00,EUR,IDEALPRO-001,MARGIN,,[],False,{}
99999.91,2.33,99997.58,USD,IDEALPRO-001,MARGIN,,"[{'type': 'MarginBalance', 'initial': '0.00', 'maintenance': '2.33', 'currency': 'USD', 'instrument_id': 'EUR/USD.IDEALPRO'}]",False,{}
100000.00,0.00,100000.00,EUR,IDEALPRO-001,MARGIN,,"[{'type': 'MarginBalance', 'initial': '0.00', 'maintenance': '2.33', 'currency': 'USD', 'instrument_id': 'EUR/USD.IDEALPRO'}]",False,{}
99999.91,2.33,99997.58,USD,IDEALPRO-001,MARGIN,,"[{'type': 'MarginBalance', 'initial': '0.00', 'maintenance': '2.33', 'currency': 'USD', 'instrument_id': 'EUR/USD.IDEALPRO'}]",False,{}
100000.00,0.00,100000.00,EUR,IDEALPRO-001,MARGIN,,"[{'type': 'MarginBalance', 'initial': '0.00', 'maintenance': '2.33', 'currency': 'USD', 'instrument_id': 'EUR/USD.IDEALPRO'}]",False,{}
99999.91,2.33,99997.58,USD,IDEALPRO-001,MARGIN,,"[{'type': 'MarginBalance', 'initial': '0.00', 'maintenance': '2.33', 'currency': 'USD', 'instrument_id': 'EUR/USD.IDEALPRO'}]",False,{}
100000.00,0.00,100000.00,EUR,IDEALPRO-001,MARGIN,,"[{'type': 'MarginBalance', 'initial': '0.00', 'maintenance': '2.33', 'currency': 'USD', 'instrument_id': 'EUR/USD.IDEALPRO'}]",False,{}
99999.91,2.33,99997.58,USD,IDEALPRO-001,MARGIN,,"[{'type': 'MarginBalance', 'initial': '0.00', 'maintenance': '2.33', 'currency': 'USD', 'instrument_id': 'EUR/USD.IDEALPRO'}]",False,{}
100000.00,0.00,100000.00,EUR,IDEALPRO-001,MARGIN,,"[{'type': 'MarginBalance', 'initial': '0.00', 'maintenance': '2.33', 'currency': 'USD', 'instrument_id': 'EUR/USD.IDEALPRO'}]",False,{}
99999.88,0.00,99999.88,USD,IDEALPRO-001,MARGIN,,[],False,{}
100000.00,0.00,100000.00,EUR,IDEALPRO-001,MARGIN,,[],False,{}
99999.88,0.00,99999.88,USD,IDEALPRO-001,MARGIN,,[],False,{}
100000.00,0.00,100000.00,EUR,IDEALPRO-001,MARGIN,,[],False,{}
99999.88,0.00,99999.88,USD,IDEALPRO-001,MARGIN,,[],False,{}
100000.00,0.00,100000.00,EUR,IDEALPRO-001,MARGIN,,[],False,{}
99999.88,0.00,99999.88,USD,IDEALPRO-001,MARGIN,,[],False,{}
100000.00,0.00,100000.00,EUR,IDEALPRO-001,MARGIN,,[],False,{}
99999.88,0.00,99999.88,USD,IDEALPRO-001,MARGIN,,[],False,{}
100000.00,0.00,100000.00,EUR,IDEALPRO-001,MARGIN,,[],False,{}
99999.88,0.00,99999.88,USD,IDEALPRO-001,MARGIN,,[],False,{}
100000.00,0.00,100000.00,EUR,IDEALPRO-001,MARGIN,,[],False,{}
99999.88,2.33,99997.55,USD,IDEALPRO-001,MARGIN,,"[{'type': 'MarginBalance', 'initial': '0.00', 'maintenance': '2.33', 'currency': 'USD', 'instrument_id': 'EUR/USD.IDEALPRO'}]",False,{}
100000.00,0.00,100000.00,EUR,IDEALPRO-001,MARGIN,,"[{'type': 'MarginBalance', 'initial': '0.00', 'maintenance': '2.33', 'currency': 'USD', 'instrument_id': 'EUR/USD.IDEALPRO'}]",False,{}
99999.88,2.33,99997.55,USD,IDEALPRO-001,MARGIN,,"[{'type': 'MarginBalance', 'initial': '0.00', 'maintenance': '2.33', 'currency': 'USD', 'instrument_id': 'EUR/USD.IDEALPRO'}]",False,{}
100000.00,0.00,100000.00,EUR,IDEALPRO-001,MARGIN,,"[{'type': 'MarginBalance', 'initial': '0.00', 'maintenance': '2.33', 'currency': 'USD', 'instrument_id': 'EUR/USD.IDEALPRO'}]",False,{}
99999.88,2.33,99997.55,USD,IDEALPRO-001,MARGIN,,"[{'type': 'MarginBalance', 'initial': '0.00', 'maintenance': '2.33', 'currency': 'USD', 'instrument_id': 'EUR/USD.IDEALPRO'}]",False,{}
100000.00,0.00,100000.00,EUR,IDEALPRO-001,MARGIN,,"[{'type': 'MarginBalance', 'initial': '0.00', 'maintenance': '2.33', 'currency': 'USD', 'instrument_id': 'EUR/USD.IDEALPRO'}]",False,{}
99999.88,2.33,99997.55,USD,IDEALPRO-001,MARGIN,,"[{'type': 'MarginBalance', 'initial': '0.00', 'maintenance': '2.33', 'currency': 'USD', 'instrument_id': 'EUR/USD.IDEALPRO'}]",False,{}
100000.00,0.00,100000.00,EUR,IDEALPRO-001,MARGIN,,"[{'type': 'MarginBalance', 'initial': '0.00', 'maintenance': '2.33', 'currency': 'USD', 'instrument_id': 'EUR/USD.IDEALPRO'}]",False,{}
99999.86,0.00,99999.86,USD,IDEALPRO-001,MARGIN,,[],False,{}
100000.00,0.00,100000.00,EUR,IDEALPRO-001,MARGIN,,[],False,{}
99999.86,0.00,99999.86,USD,IDEALPRO-001,MARGIN,,[],False,{}
100000.00,0.00,100000.00,EUR,IDEALPRO-001,MARGIN,,[],False,{}
99999.86,0.00,99999.86,USD,IDEALPRO-001,MARGIN,,[],False,{}
100000.00,0.00,100000.00,EUR,IDEALPRO-001,MARGIN,,[],False,{}
99999.86,0.00,99999.86,USD,IDEALPRO-001,MARGIN,,[],False,{}
100000.00,0.00,100000.00,EUR,IDEALPRO-001,MARGIN,,[],False,{}
99999.86,0.00,99999.86,USD,IDEALPRO-001,MARGIN,,[],False,{}
100000.00,0.00,100000.00,EUR,IDEALPRO-001,MARGIN,,[],False,{}
99999.86,0.00,99999.86,USD,IDEALPRO-001,MARGIN,,[],False,{}
100000.00,0.00,100000.00,EUR,IDEALPRO-001,MARGIN,,[],False,{}
99999.86,2.33,99997.53,USD,IDEALPRO-001,MARGIN,,"[{'type': 'MarginBalance', 'initial': '0.00', 'maintenance': '2.33', 'currency': 'USD', 'instrument_id': 'EUR/USD.IDEALPRO'}]",False,{}
100000.00,0.00,100000.00,EUR,IDEALPRO-001,MARGIN,,"[{'type': 'MarginBalance', 'initial': '0.00', 'maintenance': '2.33', 'currency': 'USD', 'instrument_id': 'EUR/USD.IDEALPRO'}]",False,{}
99999.86,2.33,99997.53,USD,IDEALPRO-001,MARGIN,,"[{'type': 'MarginBalance', 'initial': '0.00', 'maintenance': '2.33', 'currency': 'USD', 'instrument_id': 'EUR/USD.IDEALPRO'}]",False,{}
100000.00,0.00,100000.00,EUR,IDEALPRO-001,MARGIN,,"[{'type': 'MarginBalance', 'initial': '0.00', 'maintenance': '2.33', 'currency': 'USD', 'instrument_id': 'EUR/USD.IDEALPRO'}]",False,{}
99999.86,2.33,99997.53,USD,IDEALPRO-001,MARGIN,,"[{'type': 'MarginBalance', 'initial': '0.00', 'maintenance': '2.33', 'currency': 'USD', 'instrument_id': 'EUR/USD.IDEALPRO'}]",False,{}
100000.00,0.00,100000.00,EUR,IDEALPRO-001,MARGIN,,"[{'type': 'MarginBalance', 'initial': '0.00', 'maintenance': '2.33', 'currency': 'USD', 'instrument_id': 'EUR/USD.IDEALPRO'}]",False,{}
99999.86,2.33,99997.53,USD,IDEALPRO-001,MARGIN,,"[{'type': 'MarginBalance', 'initial': '0.00', 'maintenance': '2.33', 'currency': 'USD', 'instrument_id': 'EUR/USD.IDEALPRO'}]",False,{}
100000.00,0.00,100000.00,EUR,IDEALPRO-001,MARGIN,,"[{'type': 'MarginBalance', 'initial': '0.00', 'maintenance': '2.33', 'currency': 'USD', 'instrument_id': 'EUR/USD.IDEALPRO'}]",False,{}
99999.89,0.00,99999.89,USD,IDEALPRO-001,MARGIN,,[],False,{}
100000.00,0.00,100000.00,EUR,IDEALPRO-001,MARGIN,,[],False,{}
99999.89,0.00,99999.89,USD,IDEALPRO-001,MARGIN,,[],False,{}
100000.00,0.00,100000.00,EUR,IDEALPRO-001,MARGIN,,[],False,{}
99999.89,0.00,99999.89,USD,IDEALPRO-001,MARGIN,,[],False,{}
100000.00,0.00,100000.00,EUR,IDEALPRO-001,MARGIN,,[],False,{}
99999.89,0.00,99999.89,USD,IDEALPRO-001,MARGIN,,[],False,{}
100000.00,0.00,100000.00,EUR,IDEALPRO-001,MARGIN,,[],False,{}
99999.89,0.00,99999.89,USD,IDEALPRO-001,MARGIN,,[],False,{}
100000.00,0.00,100000.00,EUR,IDEALPRO-001,MARGIN,,[],False,{}
99999.89,0.00,99999.89,USD,IDEALPRO-001,MARGIN,,[],False,{}
100000.00,0.00,100000.00,EUR,IDEALPRO-001,MARGIN,,[],False,{}
99999.89,2.33,99997.56,USD,IDEALPRO-001,MARGIN,,"[{'type': 'MarginBalance', 'initial': '0.00', 'maintenance': '2.33', 'currency': 'USD', 'instrument_id': 'EUR/USD.IDEALPRO'}]",False,{}
100000.00,0.00,100000.00,EUR,IDEALPRO-001,MARGIN,,"[{'type': 'MarginBalance', 'initial': '0.00', 'maintenance': '2.33', 'currency': 'USD', 'instrument_id': 'EUR/USD.IDEALPRO'}]",False,{}
99999.89,2.33,99997.56,USD,IDEALPRO-001,MARGIN,,"[{'type': 'MarginBalance', 'initial': '0.00', 'maintenance': '2.33', 'currency': 'USD', 'instrument_id': 'EUR/USD.IDEALPRO'}]",False,{}
100000.00,0.00,100000.00,EUR,IDEALPRO-001,MARGIN,,"[{'type': 'MarginBalance', 'initial': '0.00', 'maintenance': '2.33', 'currency': 'USD', 'instrument_id': 'EUR/USD.IDEALPRO'}]",False,{}
99999.89,2.33,99997.56,USD,IDEALPRO-001,MARGIN,,"[{'type': 'MarginBalance', 'initial': '0.00', 'maintenance': '2.33', 'currency': 'USD', 'instrument_id': 'EUR/USD.IDEALPRO'}]",False,{}
100000.00,0.00,100000.00,EUR,IDEALPRO-001,MARGIN,,"[{'type': 'MarginBalance', 'initial': '0.00', 'maintenance': '2.33', 'currency': 'USD', 'instrument_id': 'EUR/USD.IDEALPRO'}]",False,{}
99999.89,2.33,99997.56,USD,IDEALPRO-001,MARGIN,,"[{'type': 'MarginBalance', 'initial': '0.00', 'maintenance': '2.33', 'currency': 'USD', 'instrument_id': 'EUR/USD.IDEALPRO'}]",False,{}
100000.00,0.00,100000.00,EUR,IDEALPRO-001,MARGIN,,"[{'type': 'MarginBalance', 'initial': '0.00', 'maintenance': '2.33', 'currency': 'USD', 'instrument_id': 'EUR/USD.IDEALPRO'}]",False,{}
99999.93,0.00,99999.93,USD,IDEALPRO-001,MARGIN,,[],False,{}
100000.00,0.00,100000.00,EUR,IDEALPRO-001,MARGIN,,[],False,{}
99999.93,0.00,99999.93,USD,IDEALPRO-001,MARGIN,,[],False,{}
100000.00,0.00,100000.00,EUR,IDEALPRO-001,MARGIN,,[],False,{}
99999.93,0.00,99999.93,USD,IDEALPRO-001,MARGIN,,[],False,{}
100000.00,0.00,100000.00,EUR,IDEALPRO-001,MARGIN,,[],False,{}
99999.93,0.00,99999.93,USD,IDEALPRO-001,MARGIN,,[],False,{}
100000.00,0.00,100000.00,EUR,IDEALPRO-001,MARGIN,,[],False,{}
99999.93,0.00,99999.93,USD,IDEALPRO-001,MARGIN,,[],False,{}
100000.00,0.00,100000.00,EUR,IDEALPRO-001,MARGIN,,[],False,{}
99999.93,0.00,99999.93,USD,IDEALPRO-001,MARGIN,,[],False,{}
100000.00,0.00,100000.00,EUR,IDEALPRO-001,MARGIN,,[],False,{}
99999.93,2.33,99997.60,USD,IDEALPRO-001,MARGIN,,"[{'type': 'MarginBalance', 'initial': '0.00', 'maintenance': '2.33', 'currency': 'USD', 'instrument_id': 'EUR/USD.IDEALPRO'}]",False,{}
100000.00,0.00,100000.00,EUR,IDEALPRO-001,MARGIN,,"[{'type': 'MarginBalance', 'initial': '0.00', 'maintenance': '2.33', 'currency': 'USD', 'instrument_id': 'EUR/USD.IDEALPRO'}]",False,{}
99999.93,2.33,99997.60,USD,IDEALPRO-001,MARGIN,,"[{'type': 'MarginBalance', 'initial': '0.00', 'maintenance': '2.33', 'currency': 'USD', 'instrument_id': 'EUR/USD.IDEALPRO'}]",False,{}
100000.00,0.00,100000.00,EUR,IDEALPRO-001,MARGIN,,"[{'type': 'MarginBalance', 'initial': '0.00', 'maintenance': '2.33', 'currency': 'USD', 'instrument_id': 'EUR/USD.IDEALPRO'}]",False,{}
99999.93,2.33,99997.60,USD,IDEALPRO-001,MARGIN,,"[{'type': 'MarginBalance', 'initial': '0.00', 'maintenance': '2.33', 'currency': 'USD', 'instrument_id': 'EUR/USD.IDEALPRO'}]",False,{}
100000.00,0.00,100000.00,EUR,IDEALPRO-001,MARGIN,,"[{'type': 'MarginBalance', 'initial': '0.00', 'maintenance': '2.33', 'currency': 'USD', 'instrument_id': 'EUR/USD.IDEALPRO'}]",False,{}
99999.93,2.33,99997.60,USD,IDEALPRO-001,MARGIN,,"[{'type': 'MarginBalance', 'initial': '0.00', 'maintenance': '2.33', 'currency': 'USD', 'instrument_id': 'EUR/USD.IDEALPRO'}]",False,{}
100000.00,0.00,100000.00,EUR,IDEALPRO-001,MARGIN,,"[{'type': 'MarginBalance', 'initial': '0.00', 'maintenance': '2.33', 'currency': 'USD', 'instrument_id': 'EUR/USD.IDEALPRO'}]",False,{}
99999.91,0.00,99999.91,USD,IDEALPRO-001,MARGIN,,[],False,{}
100000.00,0.00,100000.00,EUR,IDEALPRO-001,MARGIN,,[],False,{}
99999.91,0.00,99999.91,USD,IDEALPRO-001,MARGIN,,[],False,{}
100000.00,0.00,100000.00,EUR,IDEALPRO-001,MARGIN,,[],False,{}
99999.91,0.00,99999.91,USD,IDEALPRO-001,MARGIN,,[],False,{}
100000.00,0.00,100000.00,EUR,IDEALPRO-001,MARGIN,,[],False,{}
99999.91,0.00,99999.91,USD,IDEALPRO-001,MARGIN,,[],False,{}
100000.00,0.00,100000.00,EUR,IDEALPRO-001,MARGIN,,[],False,{}
99999.91,0.00,99999.91,USD,IDEALPRO-001,MARGIN,,[],False,{}
100000.00,0.00,100000.00,EUR,IDEALPRO-001,MARGIN,,[],False,{}
99999.91,0.00,99999.91,USD,IDEALPRO-001,MARGIN,,[],False,{}
100000.00,0.00,100000.00,EUR,IDEALPRO-001,MARGIN,,[],False,{}
99999.91,2.33,99997.58,USD,IDEALPRO-001,MARGIN,,"[{'type': 'MarginBalance', 'initial': '0.00', 'maintenance': '2.33', 'currency': 'USD', 'instrument_id': 'EUR/USD.IDEALPRO'}]",False,{}
100000.00,0.00,100000.00,EUR,IDEALPRO-001,MARGIN,,"[{'type': 'MarginBalance', 'initial': '0.00', 'maintenance': '2.33', 'currency': 'USD', 'instrument_id': 'EUR/USD.IDEALPRO'}]",False,{}
99999.91,2.33,99997.58,USD,IDEALPRO-001,MARGIN,,"[{'type': 'MarginBalance', 'initial': '0.00', 'maintenance': '2.33', 'currency': 'USD', 'instrument_id': 'EUR/USD.IDEALPRO'}]",False,{}
100000.00,0.00,100000.00,EUR,IDEALPRO-001,MARGIN,,"[{'type': 'MarginBalance', 'initial': '0.00', 'maintenance': '2.33', 'currency': 'USD', 'instrument_id': 'EUR/USD.IDEALPRO'}]",False,{}
99999.91,2.33,99997.58,USD,IDEALPRO-001,MARGIN,,"[{'type': 'MarginBalance', 'initial': '0.00', 'maintenance': '2.33', 'currency': 'USD', 'instrument_id': 'EUR/USD.IDEALPRO'}]",False,{}
100000.00,0.00,100000.00,EUR,IDEALPRO-001,MARGIN,,"[{'type': 'MarginBalance', 'initial': '0.00', 'maintenance': '2.33', 'currency': 'USD', 'instrument_id': 'EUR/USD.IDEALPRO'}]",False,{}
99999.91,2.33,99997.58,USD,IDEALPRO-001,MARGIN,,"[{'type': 'MarginBalance', 'initial': '0.00', 'maintenance': '2.33', 'currency': 'USD', 'instrument_id': 'EUR/USD.IDEALPRO'}]",False,{}
100000.00,0.00,100000.00,EUR,IDEALPRO-001,MARGIN,,"[{'type': 'MarginBalance', 'initial': '0.00', 'maintenance': '2.33', 'currency': 'USD', 'instrument_id': 'EUR/USD.IDEALPRO'}]",False,{}
99999.91,0.00,99999.91,USD,IDEALPRO-001,MARGIN,,[],False,{}
100000.00,0.00,100000.00,EUR,IDEALPRO-001,MARGIN,,[],False,{}
99999.91,0.00,99999.91,USD,IDEALPRO-001,MARGIN,,[],False,{}
100000.00,0.00,100000.00,EUR,IDEALPRO-001,MARGIN,,[],False,{}
99999.91,0.00,99999.91,USD,IDEALPRO-001,MARGIN,,[],False,{}
100000.00,0.00,100000.00,EUR,IDEALPRO-001,MARGIN,,[],False,{}
99999.91,0.00,99999.91,USD,IDEALPRO-001,MARGIN,,[],False,{}
100000.00,0.00,100000.00,EUR,IDEALPRO-001,MARGIN,,[],False,{}
99999.91,0.00,99999.91,USD,IDEALPRO-001,MARGIN,,[],False,{}
100000.00,0.00,100000.00,EUR,IDEALPRO-001,MARGIN,,[],False,{}
99999.91,0.00,99999.91,USD,IDEALPRO-001,MARGIN,,[],False,{}
100000.00,0.00,100000.00,EUR,IDEALPRO-001,MARGIN,,[],False,{}
99999.91,2.33,99997.58,USD,IDEALPRO-001,MARGIN,,"[{'type': 'MarginBalance', 'initial': '0.00', 'maintenance': '2.33', 'currency': 'USD', 'instrument_id': 'EUR/USD.IDEALPRO'}]",False,{}
100000.00,0.00,100000.00,EUR,IDEALPRO-001,MARGIN,,"[{'type': 'MarginBalance', 'initial': '0.00', 'maintenance': '2.33', 'currency': 'USD', 'instrument_id': 'EUR/USD.IDEALPRO'}]",False,{}
99999.91,2.33,99997.58,USD,IDEALPRO-001,MARGIN,,"[{'type': 'MarginBalance', 'initial': '0.00', 'maintenance': '2.33', 'currency': 'USD', 'instrument_id': 'EUR/USD.IDEALPRO'}]",False,{}
100000.00,0.00,100000.00,EUR,IDEALPRO-001,MARGIN,,"[{'type': 'MarginBalance', 'initial': '0.00', 'maintenance': '2.33', 'currency': 'USD', 'instrument_id': 'EUR/USD.IDEALPRO'}]",False,{}
99999.91,2.33,99997.58,USD,IDEALPRO-001,MARGIN,,"[{'type': 'MarginBalance', 'initial': '0.00', 'maintenance': '2.33', 'currency': 'USD', 'instrument_id': 'EUR/USD.IDEALPRO'}]",False,{}
100000.00,0.00,100000.00,EUR,IDEALPRO-001,MARGIN,,"[{'type': 'MarginBalance', 'initial': '0.00', 'maintenance': '2.33', 'currency': 'USD', 'instrument_id': 'EUR/USD.IDEALPRO'}]",False,{}
99999.91,2.33,99997.58,USD,IDEALPRO-001,MARGIN,,"[{'type': 'MarginBalance', 'initial': '0.00', 'maintenance': '2.33', 'currency': 'USD', 'instrument_id': 'EUR/USD.IDEALPRO'}]",False,{}
100000.00,0.00,100000.00,EUR,IDEALPRO-001,MARGIN,,"[{'type': 'MarginBalance', 'initial': '0.00', 'maintenance': '2.33', 'currency': 'USD', 'instrument_id': 'EUR/USD.IDEALPRO'}]",False,{}
100000.00,0.00,100000.00,USD,IDEALPRO-001,MARGIN,,[],False,{}
100000.00,0.00,100000.00,EUR,IDEALPRO-001,MARGIN,,[],False,{}
100000.00,0.00,100000.00,USD,IDEALPRO-001,MARGIN,,[],False,{}
100000.00,0.00,100000.00,EUR,IDEALPRO-001,MARGIN,,[],False,{}
100000.00,0.00,100000.00,USD,IDEALPRO-001,MARGIN,,[],False,{}
100000.00,0.00,100000.00,EUR,IDEALPRO-001,MARGIN,,[],False,{}
100000.00,0.00,100000.00,USD,IDEALPRO-001,MARGIN,,[],False,{}
100000.00,0.00,100000.00,EUR,IDEALPRO-001,MARGIN,,[],False,{}
100000.00,0.00,100000.00,USD,IDEALPRO-001,MARGIN,,[],False,{}
100000.00,0.00,100000.00,EUR,IDEALPRO-001,MARGIN,,[],False,{}
100000.00,0.00,100000.00,USD,IDEALPRO-001,MARGIN,,[],False,{}
100000.00,0.00,100000.00,EUR,IDEALPRO-001,MARGIN,,[],False,{}
100000.00,2.33,99997.67,USD,IDEALPRO-001,MARGIN,,"[{'type': 'MarginBalance', 'initial': '0.00', 'maintenance': '2.33', 'currency': 'USD', 'instrument_id': 'EUR/USD.IDEALPRO'}]",False,{}
100000.00,0.00,100000.00,EUR,IDEALPRO-001,MARGIN,,"[{'type': 'MarginBalance', 'initial': '0.00', 'maintenance': '2.33', 'currency': 'USD', 'instrument_id': 'EUR/USD.IDEALPRO'}]",False,{}
100000.00,2.33,99997.67,USD,IDEALPRO-001,MARGIN,,"[{'type': 'MarginBalance', 'initial': '0.00', 'maintenance': '2.33', 'currency': 'USD', 'instrument_id': 'EUR/USD.IDEALPRO'}]",False,{}
100000.00,0.00,100000.00,EUR,IDEALPRO-001,MARGIN,,"[{'type': 'MarginBalance', 'initial': '0.00', 'maintenance': '2.33', 'currency': 'USD', 'instrument_id': 'EUR/USD.IDEALPRO'}]",False,{}
100000.00,2.33,99997.67,USD,IDEALPRO-001,MARGIN,,"[{'type': 'MarginBalance', 'initial': '0.00', 'maintenance': '2.33', 'currency': 'USD', 'instrument_id': 'EUR/USD.IDEALPRO'}]",False,{}
100000.00,0.00,100000.00,EUR,IDEALPRO-001,MARGIN,,"[{'type': 'MarginBalance', 'initial': '0.00', 'maintenance': '2.33', 'currency': 'USD', 'instrument_id': 'EUR/USD.IDEALPRO'}]",False,{}
100000.00,2.33,99997.67,USD,IDEALPRO-001,MARGIN,,"[{'type': 'MarginBalance', 'initial': '0.00', 'maintenance': '2.33', 'currency': 'USD', 'instrument_id': 'EUR/USD.IDEALPRO'}]",False,{}
100000.00,0.00,100000.00,EUR,IDEALPRO-001,MARGIN,,"[{'type': 'MarginBalance', 'initial': '0.00', 'maintenance': '2.33', 'currency': 'USD', 'instrument_id': 'EUR/USD.IDEALPRO'}]",False,{}
100000.06,0.00,100000.06,USD,IDEALPRO-001,MARGIN,,[],False,{}
100000.00,0.00,100000.00,EUR,IDEALPRO-001,MARGIN,,[],False,{}
100000.06,0.00,100000.06,USD,IDEALPRO-001,MARGIN,,[],False,{}
100000.00,0.00,100000.00,EUR,IDEALPRO-001,MARGIN,,[],False,{}
100000.06,0.00,100000.06,USD,IDEALPRO-001,MARGIN,,[],False,{}
100000.00,0.00,100000.00,EUR,IDEALPRO-001,MARGIN,,[],False,{}
100000.06,0.00,100000.06,USD,IDEALPRO-001,MARGIN,,[],False,{}
100000.00,0.00,100000.00,EUR,IDEALPRO-001,MARGIN,,[],False,{}
100000.06,0.00,100000.06,USD,IDEALPRO-001,MARGIN,,[],False,{}
100000.00,0.00,100000.00,EUR,IDEALPRO-001,MARGIN,,[],False,{}
100000.06,0.00,100000.06,USD,IDEALPRO-001,MARGIN,,[],False,{}
100000.00,0.00,100000.00,EUR,IDEALPRO-001,MARGIN,,[],False,{}
100000.06,2.34,99997.72,USD,IDEALPRO-001,MARGIN,,"[{'type': 'MarginBalance', 'initial': '0.00', 'maintenance': '2.34', 'currency': 'USD', 'instrument_id': 'EUR/USD.IDEALPRO'}]",False,{}
100000.00,0.00,100000.00,EUR,IDEALPRO-001,MARGIN,,"[{'type': 'MarginBalance', 'initial': '0.00', 'maintenance': '2.34', 'currency': 'USD', 'instrument_id': 'EUR/USD.IDEALPRO'}]",False,{}
100000.06,2.34,99997.72,USD,IDEALPRO-001,MARGIN,,"[{'type': 'MarginBalance', 'initial': '0.00', 'maintenance': '2.34', 'currency': 'USD', 'instrument_id': 'EUR/USD.IDEALPRO'}]",False,{}
100000.00,0.00,100000.00,EUR,IDEALPRO-001,MARGIN,,"[{'type': 'MarginBalance', 'initial': '0.00', 'maintenance': '2.34', 'currency': 'USD', 'instrument_id': 'EUR/USD.IDEALPRO'}]",False,{}
100000.06,2.34,99997.72,USD,IDEALPRO-001,MARGIN,,"[{'type': 'MarginBalance', 'initial': '0.00', 'maintenance': '2.34', 'currency': 'USD', 'instrument_id': 'EUR/USD.IDEALPRO'}]",False,{}
100000.00,0.00,100000.00,EUR,IDEALPRO-001,MARGIN,,"[{'type': 'MarginBalance', 'initial': '0.00', 'maintenance': '2.34', 'currency': 'USD', 'instrument_id': 'EUR/USD.IDEALPRO'}]",False,{}
100000.06,2.34,99997.72,USD,IDEALPRO-001,MARGIN,,"[{'type': 'MarginBalance', 'initial': '0.00', 'maintenance': '2.34', 'currency': 'USD', 'instrument_id': 'EUR/USD.IDEALPRO'}]",False,{}
100000.00,0.00,100000.00,EUR,IDEALPRO-001,MARGIN,,"[{'type': 'MarginBalance', 'initial': '0.00', 'maintenance': '2.34', 'currency': 'USD', 'instrument_id': 'EUR/USD.IDEALPRO'}]",False,{}
100000.03,0.00,100000.03,USD,IDEALPRO-001,MARGIN,,[],False,{}
100000.00,0.00,100000.00,EUR,IDEALPRO-001,MARGIN,,[],False,{}
100000.03,0.00,100000.03,USD,IDEALPRO-001,MARGIN,,[],False,{}
100000.00,0.00,100000.00,EUR,IDEALPRO-001,MARGIN,,[],False,{}
100000.03,0.00,100000.03,USD,IDEALPRO-001,MARGIN,,[],False,{}
100000.00,0.00,100000.00,EUR,IDEALPRO-001,MARGIN,,[],False,{}
100000.03,0.00,100000.03,USD,IDEALPRO-001,MARGIN,,[],False,{}
100000.00,0.00,100000.00,EUR,IDEALPRO-001,MARGIN,,[],False,{}
100000.03,0.00,100000.03,USD,IDEALPRO-001,MARGIN,,[],False,{}
100000.00,0.00,100000.00,EUR,IDEALPRO-001,MARGIN,,[],False,{}
100000.03,0.00,100000.03,USD,IDEALPRO-001,MARGIN,,[],False,{}
100000.00,0.00,100000.00,EUR,IDEALPRO-001,MARGIN,,[],False,{}
100000.03,2.34,99997.69,USD,IDEALPRO-001,MARGIN,,"[{'type': 'MarginBalance', 'initial': '0.00', 'maintenance': '2.34', 'currency': 'USD', 'instrument_id': 'EUR/USD.IDEALPRO'}]",False,{}
100000.00,0.00,100000.00,EUR,IDEALPRO-001,MARGIN,,"[{'type': 'MarginBalance', 'initial': '0.00', 'maintenance': '2.34', 'currency': 'USD', 'instrument_id': 'EUR/USD.IDEALPRO'}]",False,{}
100000.03,2.34,99997.69,USD,IDEALPRO-001,MARGIN,,"[{'type': 'MarginBalance', 'initial': '0.00', 'maintenance': '2.34', 'currency': 'USD', 'instrument_id': 'EUR/USD.IDEALPRO'}]",False,{}
100000.00,0.00,100000.00,EUR,IDEALPRO-001,MARGIN,,"[{'type': 'MarginBalance', 'initial': '0.00', 'maintenance': '2.34', 'currency': 'USD', 'instrument_id': 'EUR/USD.IDEALPRO'}]",False,{}
100000.03,2.34,99997.69,USD,IDEALPRO-001,MARGIN,,"[{'type': 'MarginBalance', 'initial': '0.00', 'maintenance': '2.34', 'currency': 'USD', 'instrument_id': 'EUR/USD.IDEALPRO'}]",False,{}
100000.00,0.00,100000.00,EUR,IDEALPRO-001,MARGIN,,"[{'type': 'MarginBalance', 'initial': '0.00', 'maintenance': '2.34', 'currency': 'USD', 'instrument_id': 'EUR/USD.IDEALPRO'}]",False,{}
100000.03,2.34,99997.69,USD,IDEALPRO-001,MARGIN,,"[{'type': 'MarginBalance', 'initial': '0.00', 'maintenance': '2.34', 'currency': 'USD', 'instrument_id': 'EUR/USD.IDEALPRO'}]",False,{}
100000.00,0.00,100000.00,EUR,IDEALPRO-001,MARGIN,,"[{'type': 'MarginBalance', 'initial': '0.00', 'maintenance': '2.34', 'currency': 'USD', 'instrument_id': 'EUR/USD.IDEALPRO'}]",False,{}
100000.03,0.00,100000.03,USD,IDEALPRO-001,MARGIN,,[],False,{}
100000.00,0.00,100000.00,EUR,IDEALPRO-001,MARGIN,,[],False,{}
100000.03,0.00,100000.03,USD,IDEALPRO-001,MARGIN,,[],False,{}
100000.00,0.00,100000.00,EUR,IDEALPRO-001,MARGIN,,[],False,{}
100000.03,0.00,100000.03,USD,IDEALPRO-001,MARGIN,,[],False,{}
100000.00,0.00,100000.00,EUR,IDEALPRO-001,MARGIN,,[],False,{}
100000.03,0.00,100000.03,USD,IDEALPRO-001,MARGIN,,[],False,{}
100000.00,0.00,100000.00,EUR,IDEALPRO-001,MARGIN,,[],False,{}
100000.03,0.00,100000.03,USD,IDEALPRO-001,MARGIN,,[],False,{}
100000.00,0.00,100000.00,EUR,IDEALPRO-001,MARGIN,,[],False,{}
100000.03,0.00,100000.03,USD,IDEALPRO-001,MARGIN,,[],False,{}
100000.00,0.00,100000.00,EUR,IDEALPRO-001,MARGIN,,[],False,{}
100000.03,2.34,99997.69,USD,IDEALPRO-001,MARGIN,,"[{'type': 'MarginBalance', 'initial': '0.00', 'maintenance': '2.34', 'currency': 'USD', 'instrument_id': 'EUR/USD.IDEALPRO'}]",False,{}
100000.00,0.00,100000.00,EUR,IDEALPRO-001,MARGIN,,"[{'type': 'MarginBalance', 'initial': '0.00', 'maintenance': '2.34', 'currency': 'USD', 'instrument_id': 'EUR/USD.IDEALPRO'}]",False,{}
100000.03,2.34,99997.69,USD,IDEALPRO-001,MARGIN,,"[{'type': 'MarginBalance', 'initial': '0.00', 'maintenance': '2.34', 'currency': 'USD', 'instrument_id': 'EUR/USD.IDEALPRO'}]",False,{}
100000.00,0.00,100000.00,EUR,IDEALPRO-001,MARGIN,,"[{'type': 'MarginBalance', 'initial': '0.00', 'maintenance': '2.34', 'currency': 'USD', 'instrument_id': 'EUR/USD.IDEALPRO'}]",False,{}
100000.03,2.34,99997.69,USD,IDEALPRO-001,MARGIN,,"[{'type': 'MarginBalance', 'initial': '0.00', 'maintenance': '2.34', 'currency': 'USD', 'instrument_id': 'EUR/USD.IDEALPRO'}]",False,{}
100000.00,0.00,100000.00,EUR,IDEALPRO-001,MARGIN,,"[{'type': 'MarginBalance', 'initial': '0.00', 'maintenance': '2.34', 'currency': 'USD', 'instrument_id': 'EUR/USD.IDEALPRO'}]",False,{}
100000.03,2.34,99997.69,USD,IDEALPRO-001,MARGIN,,"[{'type': 'MarginBalance', 'initial': '0.00', 'maintenance': '2.34', 'currency': 'USD', 'instrument_id': 'EUR/USD.IDEALPRO'}]",False,{}
100000.00,0.00,100000.00,EUR,IDEALPRO-001,MARGIN,,"[{'type': 'MarginBalance', 'initial': '0.00', 'maintenance': '2.34', 'currency': 'USD', 'instrument_id': 'EUR/USD.IDEALPRO'}]",False,{}
100000.03,0.00,100000.03,USD,IDEALPRO-001,MARGIN,,[],False,{}
100000.00,0.00,100000.00,EUR,IDEALPRO-001,MARGIN,,[],False,{}
100000.03,0.00,100000.03,USD,IDEALPRO-001,MARGIN,,[],False,{}
100000.00,0.00,100000.00,EUR,IDEALPRO-001,MARGIN,,[],False,{}
100000.03,0.00,100000.03,USD,IDEALPRO-001,MARGIN,,[],False,{}
100000.00,0.00,100000.00,EUR,IDEALPRO-001,MARGIN,,[],False,{}
100000.03,0.00,100000.03,USD,IDEALPRO-001,MARGIN,,[],False,{}
100000.00,0.00,100000.00,EUR,IDEALPRO-001,MARGIN,,[],False,{}
100000.03,0.00,100000.03,USD,IDEALPRO-001,MARGIN,,[],False,{}
100000.00,0.00,100000.00,EUR,IDEALPRO-001,MARGIN,,[],False,{}
100000.03,0.00,100000.03,USD,IDEALPRO-001,MARGIN,,[],False,{}
100000.00,0.00,100000.00,EUR,IDEALPRO-001,MARGIN,,[],False,{}
100000.03,2.34,99997.69,USD,IDEALPRO-001,MARGIN,,"[{'type': 'MarginBalance', 'initial': '0.00', 'maintenance': '2.34', 'currency': 'USD', 'instrument_id': 'EUR/USD.IDEALPRO'}]",False,{}
100000.00,0.00,100000.00,EUR,IDEALPRO-001,MARGIN,,"[{'type': 'MarginBalance', 'initial': '0.00', 'maintenance': '2.34', 'currency': 'USD', 'instrument_id': 'EUR/USD.IDEALPRO'}]",False,{}
100000.03,2.34,99997.69,USD,IDEALPRO-001,MARGIN,,"[{'type': 'MarginBalance', 'initial': '0.00', 'maintenance': '2.34', 'currency': 'USD', 'instrument_id': 'EUR/USD.IDEALPRO'}]",False,{}
100000.00,0.00,100000.00,EUR,IDEALPRO-001,MARGIN,,"[{'type': 'MarginBalance', 'initial': '0.00', 'maintenance': '2.34', 'currency': 'USD', 'instrument_id': 'EUR/USD.IDEALPRO'}]",False,{}
100000.03,2.34,99997.69,USD,IDEALPRO-001,MARGIN,,"[{'type': 'MarginBalance', 'initial': '0.00', 'maintenance': '2.34', 'currency': 'USD', 'instrument_id': 'EUR/USD.IDEALPRO'}]",False,{}
100000.00,0.00,100000.00,EUR,IDEALPRO-001,MARGIN,,"[{'type': 'MarginBalance', 'initial': '0.00', 'maintenance': '2.34', 'currency': 'USD', 'instrument_id': 'EUR/USD.IDEALPRO'}]",False,{}
100000.03,2.34,99997.69,USD,IDEALPRO-001,MARGIN,,"[{'type': 'MarginBalance', 'initial': '0.00', 'maintenance': '2.34', 'currency': 'USD', 'instrument_id': 'EUR/USD.IDEALPRO'}]",False,{}
100000.00,0.00,100000.00,EUR,IDEALPRO-001,MARGIN,,"[{'type': 'MarginBalance', 'initial': '0.00', 'maintenance': '2.34', 'currency': 'USD', 'instrument_id': 'EUR/USD.IDEALPRO'}]",False,{}
99999.99,0.00,99999.99,USD,IDEALPRO-001,MARGIN,,[],False,{}
100000.00,0.00,100000.00,EUR,IDEALPRO-001,MARGIN,,[],False,{}
99999.99,0.00,99999.99,USD,IDEALPRO-001,MARGIN,,[],False,{}
100000.00,0.00,100000.00,EUR,IDEALPRO-001,MARGIN,,[],False,{}
99999.99,0.00,99999.99,USD,IDEALPRO-001,MARGIN,,[],False,{}
100000.00,0.00,100000.00,EUR,IDEALPRO-001,MARGIN,,[],False,{}
99999.99,0.00,99999.99,USD,IDEALPRO-001,MARGIN,,[],False,{}
100000.00,0.00,100000.00,EUR,IDEALPRO-001,MARGIN,,[],False,{}
99999.99,0.00,99999.99,USD,IDEALPRO-001,MARGIN,,[],False,{}
100000.00,0.00,100000.00,EUR,IDEALPRO-001,MARGIN,,[],False,{}
99999.99,0.00,99999.99,USD,IDEALPRO-001,MARGIN,,[],False,{}
100000.00,0.00,100000.00,EUR,IDEALPRO-001,MARGIN,,[],False,{}
99999.99,2.34,99997.65,USD,IDEALPRO-001,MARGIN,,"[{'type': 'MarginBalance', 'initial': '0.00', 'maintenance': '2.34', 'currency': 'USD', 'instrument_id': 'EUR/USD.IDEALPRO'}]",False,{}
100000.00,0.00,100000.00,EUR,IDEALPRO-001,MARGIN,,"[{'type': 'MarginBalance', 'initial': '0.00', 'maintenance': '2.34', 'currency': 'USD', 'instrument_id': 'EUR/USD.IDEALPRO'}]",False,{}
99999.99,2.34,99997.65,USD,IDEALPRO-001,MARGIN,,"[{'type': 'MarginBalance', 'initial': '0.00', 'maintenance': '2.34', 'currency': 'USD', 'instrument_id': 'EUR/USD.IDEALPRO'}]",False,{}
100000.00,0.00,100000.00,EUR,IDEALPRO-001,MARGIN,,"[{'type': 'MarginBalance', 'initial': '0.00', 'maintenance': '2.34', 'currency': 'USD', 'instrument_id': 'EUR/USD.IDEALPRO'}]",False,{}
99999.99,2.34,99997.65,USD,IDEALPRO-001,MARGIN,,"[{'type': 'MarginBalance', 'initial': '0.00', 'maintenance': '2.34', 'currency': 'USD', 'instrument_id': 'EUR/USD.IDEALPRO'}]",False,{}
100000.00,0.00,100000.00,EUR,IDEALPRO-001,MARGIN,,"[{'type': 'MarginBalance', 'initial': '0.00', 'maintenance': '2.34', 'currency': 'USD', 'instrument_id': 'EUR/USD.IDEALPRO'}]",False,{}
99999.99,2.34,99997.65,USD,IDEALPRO-001,MARGIN,,"[{'type': 'MarginBalance', 'initial': '0.00', 'maintenance': '2.34', 'currency': 'USD', 'instrument_id': 'EUR/USD.IDEALPRO'}]",False,{}
100000.00,0.00,100000.00,EUR,IDEALPRO-001,MARGIN,,"[{'type': 'MarginBalance', 'initial': '0.00', 'maintenance': '2.34', 'currency': 'USD', 'instrument_id': 'EUR/USD.IDEALPRO'}]",False,{}
99999.96,0.00,99999.96,USD,IDEALPRO-001,MARGIN,,[],False,{}
100000.00,0.00,100000.00,EUR,IDEALPRO-001,MARGIN,,[],False,{}
99999.96,0.00,99999.96,USD,IDEALPRO-001,MARGIN,,[],False,{}
100000.00,0.00,100000.00,EUR,IDEALPRO-001,MARGIN,,[],False,{}
99999.96,0.00,99999.96,USD,IDEALPRO-001,MARGIN,,[],False,{}
100000.00,0.00,100000.00,EUR,IDEALPRO-001,MARGIN,,[],False,{}
99999.96,0.00,99999.96,USD,IDEALPRO-001,MARGIN,,[],False,{}
100000.00,0.00,100000.00,EUR,IDEALPRO-001,MARGIN,,[],False,{}
99999.96,0.00,99999.96,USD,IDEALPRO-001,MARGIN,,[],False,{}
100000.00,0.00,100000.00,EUR,IDEALPRO-001,MARGIN,,[],False,{}
99999.96,0.00,99999.96,USD,IDEALPRO-001,MARGIN,,[],False,{}
100000.00,0.00,100000.00,EUR,IDEALPRO-001,MARGIN,,[],False,{}
99999.96,2.34,99997.62,USD,IDEALPRO-001,MARGIN,,"[{'type': 'MarginBalance', 'initial': '0.00', 'maintenance': '2.34', 'currency': 'USD', 'instrument_id': 'EUR/USD.IDEALPRO'}]",False,{}
100000.00,0.00,100000.00,EUR,IDEALPRO-001,MARGIN,,"[{'type': 'MarginBalance', 'initial': '0.00', 'maintenance': '2.34', 'currency': 'USD', 'instrument_id': 'EUR/USD.IDEALPRO'}]",False,{}
99999.96,2.34,99997.62,USD,IDEALPRO-001,MARGIN,,"[{'type': 'MarginBalance', 'initial': '0.00', 'maintenance': '2.34', 'currency': 'USD', 'instrument_id': 'EUR/USD.IDEALPRO'}]",False,{}
100000.00,0.00,100000.00,EUR,IDEALPRO-001,MARGIN,,"[{'type': 'MarginBalance', 'initial': '0.00', 'maintenance': '2.34', 'currency': 'USD', 'instrument_id': 'EUR/USD.IDEALPRO'}]",False,{}
99999.96,2.34,99997.62,USD,IDEALPRO-001,MARGIN,,"[{'type': 'MarginBalance', 'initial': '0.00', 'maintenance': '2.34', 'currency': 'USD', 'instrument_id': 'EUR/USD.IDEALPRO'}]",False,{}
100000.00,0.00,100000.00,EUR,IDEALPRO-001,MARGIN,,"[{'type': 'MarginBalance', 'initial': '0.00', 'maintenance': '2.34', 'currency': 'USD', 'instrument_id': 'EUR/USD.IDEALPRO'}]",False,{}
99999.96,2.34,99997.62,USD,IDEALPRO-001,MARGIN,,"[{'type': 'MarginBalance', 'initial': '0.00', 'maintenance': '2.34', 'currency': 'USD', 'instrument_id': 'EUR/USD.IDEALPRO'}]",False,{}
100000.00,0.00,100000.00,EUR,IDEALPRO-001,MARGIN,,"[{'type': 'MarginBalance', 'initial': '0.00', 'maintenance': '2.34', 'currency': 'USD', 'instrument_id': 'EUR/USD.IDEALPRO'}]",False,{}
99999.93,0.00,99999.93,USD,IDEALPRO-001,MARGIN,,[],False,{}
100000.00,0.00,100000.00,EUR,IDEALPRO-001,MARGIN,,[],False,{}
99999.93,0.00,99999.93,USD,IDEALPRO-001,MARGIN,,[],False,{}
100000.00,0.00,100000.00,EUR,IDEALPRO-001,MARGIN,,[],False,{}
99999.93,0.00,99999.93,USD,IDEALPRO-001,MARGIN,,[],False,{}
100000.00,0.00,100000.00,EUR,IDEALPRO-001,MARGIN,,[],False,{}
99999.93,0.00,99999.93,USD,IDEALPRO-001,MARGIN,,[],False,{}
100000.00,0.00,100000.00,EUR,IDEALPRO-001,MARGIN,,[],False,{}
99999.93,0.00,99999.93,USD,IDEALPRO-001,MARGIN,,[],False,{}
100000.00,0.00,100000.00,EUR,IDEALPRO-001,MARGIN,,[],False,{}
99999.93,0.00,99999.93,USD,IDEALPRO-001,MARGIN,,[],False,{}
100000.00,0.00,100000.00,EUR,IDEALPRO-001,MARGIN,,[],False,{}
99999.93,2.34,99997.59,USD,IDEALPRO-001,MARGIN,,"[{'type': 'MarginBalance', 'initial': '0.00', 'maintenance': '2.34', 'currency': 'USD', 'instrument_id': 'EUR/USD.IDEALPRO'}]",False,{}
100000.00,0.00,100000.00,EUR,IDEALPRO-001,MARGIN,,"[{'type': 'MarginBalance', 'initial': '0.00', 'maintenance': '2.34', 'currency': 'USD', 'instrument_id': 'EUR/USD.IDEALPRO'}]",False,{}
99999.93,2.34,99997.59,USD,IDEALPRO-001,MARGIN,,"[{'type': 'MarginBalance', 'initial': '0.00', 'maintenance': '2.34', 'currency': 'USD', 'instrument_id': 'EUR/USD.IDEALPRO'}]",False,{}
100000.00,0.00,100000.00,EUR,IDEALPRO-001,MARGIN,,"[{'type': 'MarginBalance', 'initial': '0.00', 'maintenance': '2.34', 'currency': 'USD', 'instrument_id': 'EUR/USD.IDEALPRO'}]",False,{}
99999.93,2.34,99997.59,USD,IDEALPRO-001,MARGIN,,"[{'type': 'MarginBalance', 'initial': '0.00', 'maintenance': '2.34', 'currency': 'USD', 'instrument_id': 'EUR/USD.IDEALPRO'}]",False,{}
100000.00,0.00,100000.00,EUR,IDEALPRO-001,MARGIN,,"[{'type': 'MarginBalance', 'initial': '0.00', 'maintenance': '2.34', 'currency': 'USD', 'instrument_id': 'EUR/USD.IDEALPRO'}]",False,{}
99999.93,2.34,99997.59,USD,IDEALPRO-001,MARGIN,,"[{'type': 'MarginBalance', 'initial': '0.00', 'maintenance': '2.34', 'currency': 'USD', 'instrument_id': 'EUR/USD.IDEALPRO'}]",False,{}
100000.00,0.00,100000.00,EUR,IDEALPRO-001,MARGIN,,"[{'type': 'MarginBalance', 'initial': '0.00', 'maintenance': '2.34', 'currency': 'USD', 'instrument_id': 'EUR/USD.IDEALPRO'}]",False,{}
99999.88,0.00,99999.88,USD,IDEALPRO-001,MARGIN,,[],False,{}
100000.00,0.00,100000.00,EUR,IDEALPRO-001,MARGIN,,[],False,{}
99999.88,0.00,99999.88,USD,IDEALPRO-001,MARGIN,,[],False,{}
100000.00,0.00,100000.00,EUR,IDEALPRO-001,MARGIN,,[],False,{}
99999.88,0.00,99999.88,USD,IDEALPRO-001,MARGIN,,[],False,{}
100000.00,0.00,100000.00,EUR,IDEALPRO-001,MARGIN,,[],False,{}
99999.88,0.00,99999.88,USD,IDEALPRO-001,MARGIN,,[],False,{}
100000.00,0.00,100000.00,EUR,IDEALPRO-001,MARGIN,,[],False,{}
99999.88,0.00,99999.88,USD,IDEALPRO-001,MARGIN,,[],False,{}
100000.00,0.00,100000.00,EUR,IDEALPRO-001,MARGIN,,[],False,{}
99999.88,0.00,99999.88,USD,IDEALPRO-001,MARGIN,,[],False,{}
100000.00,0.00,100000.00,EUR,IDEALPRO-001,MARGIN,,[],False,{}
99999.88,2.34,99997.54,USD,IDEALPRO-001,MARGIN,,"[{'type': 'MarginBalance', 'initial': '0.00', 'maintenance': '2.34', 'currency': 'USD', 'instrument_id': 'EUR/USD.IDEALPRO'}]",False,{}
100000.00,0.00,100000.00,EUR,IDEALPRO-001,MARGIN,,"[{'type': 'MarginBalance', 'initial': '0.00', 'maintenance': '2.34', 'currency': 'USD', 'instrument_id': 'EUR/USD.IDEALPRO'}]",False,{}
99999.88,2.34,99997.54,USD,IDEALPRO-001,MARGIN,,"[{'type': 'MarginBalance', 'initial': '0.00', 'maintenance': '2.34', 'currency': 'USD', 'instrument_id': 'EUR/USD.IDEALPRO'}]",False,{}
100000.00,0.00,100000.00,EUR,IDEALPRO-001,MARGIN,,"[{'type': 'MarginBalance', 'initial': '0.00', 'maintenance': '2.34', 'currency': 'USD', 'instrument_id': 'EUR/USD.IDEALPRO'}]",False,{}
99999.88,2.34,99997.54,USD,IDEALPRO-001,MARGIN,,"[{'type': 'MarginBalance', 'initial': '0.00', 'maintenance': '2.34', 'currency': 'USD', 'instrument_id': 'EUR/USD.IDEALPRO'}]",False,{}
100000.00,0.00,100000.00,EUR,IDEALPRO-001,MARGIN,,"[{'type': 'MarginBalance', 'initial': '0.00', 'maintenance': '2.34', 'currency': 'USD', 'instrument_id': 'EUR/USD.IDEALPRO'}]",False,{}
99999.88,2.34,99997.54,USD,IDEALPRO-001,MARGIN,,"[{'type': 'MarginBalance', 'initial': '0.00', 'maintenance': '2.34', 'currency': 'USD', 'instrument_id': 'EUR/USD.IDEALPRO'}]",False,{}
100000.00,0.00,100000.00,EUR,IDEALPRO-001,MARGIN,,"[{'type': 'MarginBalance', 'initial': '0.00', 'maintenance': '2.34', 'currency': 'USD', 'instrument_id': 'EUR/USD.IDEALPRO'}]",False,{}
99999.88,0.00,99999.88,USD,IDEALPRO-001,MARGIN,,[],False,{}
100000.00,0.00,100000.00,EUR,IDEALPRO-001,MARGIN,,[],False,{}
99999.88,0.00,99999.88,USD,IDEALPRO-001,MARGIN,,[],False,{}
100000.00,0.00,100000.00,EUR,IDEALPRO-001,MARGIN,,[],False,{}
99999.88,0.00,99999.88,USD,IDEALPRO-001,MARGIN,,[],False,{}
100000.00,0.00,100000.00,EUR,IDEALPRO-001,MARGIN,,[],False,{}
99999.88,0.00,99999.88,USD,IDEALPRO-001,MARGIN,,[],False,{}
100000.00,0.00,100000.00,EUR,IDEALPRO-001,MARGIN,,[],False,{}
99999.88,0.00,99999.88,USD,IDEALPRO-001,MARGIN,,[],False,{}
100000.00,0.00,100000.00,EUR,IDEALPRO-001,MARGIN,,[],False,{}
99999.88,0.00,99999.88,USD,IDEALPRO-001,MARGIN,,[],False,{}
100000.00,0.00,100000.00,EUR,IDEALPRO-001,MARGIN,,[],False,{}
99999.88,2.34,99997.54,USD,IDEALPRO-001,MARGIN,,"[{'type': 'MarginBalance', 'initial': '0.00', 'maintenance': '2.34', 'currency': 'USD', 'instrument_id': 'EUR/USD.IDEALPRO'}]",False,{}
100000.00,0.00,100000.00,EUR,IDEALPRO-001,MARGIN,,"[{'type': 'MarginBalance', 'initial': '0.00', 'maintenance': '2.34', 'currency': 'USD', 'instrument_id': 'EUR/USD.IDEALPRO'}]",False,{}
99999.88,2.34,99997.54,USD,IDEALPRO-001,MARGIN,,"[{'type': 'MarginBalance', 'initial': '0.00', 'maintenance': '2.34', 'currency': 'USD', 'instrument_id': 'EUR/USD.IDEALPRO'}]",False,{}
100000.00,0.00,100000.00,EUR,IDEALPRO-001,MARGIN,,"[{'type': 'MarginBalance', 'initial': '0.00', 'maintenance': '2.34', 'currency': 'USD', 'instrument_id': 'EUR/USD.IDEALPRO'}]",False,{}
99999.88,2.34,99997.54,USD,IDEALPRO-001,MARGIN,,"[{'type': 'MarginBalance', 'initial': '0.00', 'maintenance': '2.34', 'currency': 'USD', 'instrument_id': 'EUR/USD.IDEALPRO'}]",False,{}
100000.00,0.00,100000.00,EUR,IDEALPRO-001,MARGIN,,"[{'type': 'MarginBalance', 'initial': '0.00', 'maintenance': '2.34', 'currency': 'USD', 'instrument_id': 'EUR/USD.IDEALPRO'}]",False,{}
99999.88,2.34,99997.54,USD,IDEALPRO-001,MARGIN,,"[{'type': 'MarginBalance', 'initial': '0.00', 'maintenance': '2.34', 'currency': 'USD', 'instrument_id': 'EUR/USD.IDEALPRO'}]",False,{}
100000.00,0.00,100000.00,EUR,IDEALPRO-001,MARGIN,,"[{'type': 'MarginBalance', 'initial': '0.00', 'maintenance': '2.34', 'currency': 'USD', 'instrument_id': 'EUR/USD.IDEALPRO'}]",False,{}
99999.86,0.00,99999.86,USD,IDEALPRO-001,MARGIN,,[],False,{}
100000.00,0.00,100000.00,EUR,IDEALPRO-001,MARGIN,,[],False,{}
99999.86,0.00,99999.86,USD,IDEALPRO-001,MARGIN,,[],False,{}
100000.00,0.00,100000.00,EUR,IDEALPRO-001,MARGIN,,[],False,{}
99999.86,0.00,99999.86,USD,IDEALPRO-001,MARGIN,,[],False,{}
100000.00,0.00,100000.00,EUR,IDEALPRO-001,MARGIN,,[],False,{}
99999.86,0.00,99999.86,USD,IDEALPRO-001,MARGIN,,[],False,{}
100000.00,0.00,100000.00,EUR,IDEALPRO-001,MARGIN,,[],False,{}
99999.86,0.00,99999.86,USD,IDEALPRO-001,MARGIN,,[],False,{}
100000.00,0.00,100000.00,EUR,IDEALPRO-001,MARGIN,,[],False,{}
99999.86,0.00,99999.86,USD,IDEALPRO-001,MARGIN,,[],False,{}
100000.00,0.00,100000.00,EUR,IDEALPRO-001,MARGIN,,[],False,{}
99999.86,2.33,99997.53,USD,IDEALPRO-001,MARGIN,,"[{'type': 'MarginBalance', 'initial': '0.00', 'maintenance': '2.33', 'currency': 'USD', 'instrument_id': 'EUR/USD.IDEALPRO'}]",False,{}
100000.00,0.00,100000.00,EUR,IDEALPRO-001,MARGIN,,"[{'type': 'MarginBalance', 'initial': '0.00', 'maintenance': '2.33', 'currency': 'USD', 'instrument_id': 'EUR/USD.IDEALPRO'}]",False,{}
99999.86,2.33,99997.53,USD,IDEALPRO-001,MARGIN,,"[{'type': 'MarginBalance', 'initial': '0.00', 'maintenance': '2.33', 'currency': 'USD', 'instrument_id': 'EUR/USD.IDEALPRO'}]",False,{}
100000.00,0.00,100000.00,EUR,IDEALPRO-001,MARGIN,,"[{'type': 'MarginBalance', 'initial': '0.00', 'maintenance': '2.33', 'currency': 'USD', 'instrument_id': 'EUR/USD.IDEALPRO'}]",False,{}
99999.86,2.33,99997.53,USD,IDEALPRO-001,MARGIN,,"[{'type': 'MarginBalance', 'initial': '0.00', 'maintenance': '2.33', 'currency': 'USD', 'instrument_id': 'EUR/USD.IDEALPRO'}]",False,{}
100000.00,0.00,100000.00,EUR,IDEALPRO-001,MARGIN,,"[{'type': 'MarginBalance', 'initial': '0.00', 'maintenance': '2.33', 'currency': 'USD', 'instrument_id': 'EUR/USD.IDEALPRO'}]",False,{}
99999.86,2.33,99997.53,USD,IDEALPRO-001,MARGIN,,"[{'type': 'MarginBalance', 'initial': '0.00', 'maintenance': '2.33', 'currency': 'USD', 'instrument_id': 'EUR/USD.IDEALPRO'}]",False,{}
100000.00,0.00,100000.00,EUR,IDEALPRO-001,MARGIN,,"[{'type': 'MarginBalance', 'initial': '0.00', 'maintenance': '2.33', 'currency': 'USD', 'instrument_id': 'EUR/USD.IDEALPRO'}]",False,{}
99999.95,0.00,99999.95,USD,IDEALPRO-001,MARGIN,,[],False,{}
100000.00,0.00,100000.00,EUR,IDEALPRO-001,MARGIN,,[],False,{}
99999.95,0.00,99999.95,USD,IDEALPRO-001,MARGIN,,[],False,{}
100000.00,0.00,100000.00,EUR,IDEALPRO-001,MARGIN,,[],False,{}
99999.95,0.00,99999.95,USD,IDEALPRO-001,MARGIN,,[],False,{}
100000.00,0.00,100000.00,EUR,IDEALPRO-001,MARGIN,,[],False,{}
99999.95,0.00,99999.95,USD,IDEALPRO-001,MARGIN,,[],False,{}
100000.00,0.00,100000.00,EUR,IDEALPRO-001,MARGIN,,[],False,{}
99999.95,0.00,99999.95,USD,IDEALPRO-001,MARGIN,,[],False,{}
100000.00,0.00,100000.00,EUR,IDEALPRO-001,MARGIN,,[],False,{}
99999.95,0.00,99999.95,USD,IDEALPRO-001,MARGIN,,[],False,{}
100000.00,0.00,100000.00,EUR,IDEALPRO-001,MARGIN,,[],False,{}
99999.95,2.34,99997.61,USD,IDEALPRO-001,MARGIN,,"[{'type': 'MarginBalance', 'initial': '0.00', 'maintenance': '2.34', 'currency': 'USD', 'instrument_id': 'EUR/USD.IDEALPRO'}]",False,{}
100000.00,0.00,100000.00,EUR,IDEALPRO-001,MARGIN,,"[{'type': 'MarginBalance', 'initial': '0.00', 'maintenance': '2.34', 'currency': 'USD', 'instrument_id': 'EUR/USD.IDEALPRO'}]",False,{}
99999.95,2.34,99997.61,USD,IDEALPRO-001,MARGIN,,"[{'type': 'MarginBalance', 'initial': '0.00', 'maintenance': '2.34', 'currency': 'USD', 'instrument_id': 'EUR/USD.IDEALPRO'}]",False,{}
100000.00,0.00,100000.00,EUR,IDEALPRO-001,MARGIN,,"[{'type': 'MarginBalance', 'initial': '0.00', 'maintenance': '2.34', 'currency': 'USD', 'instrument_id': 'EUR/USD.IDEALPRO'}]",False,{}
99999.95,2.34,99997.61,USD,IDEALPRO-001,MARGIN,,"[{'type': 'MarginBalance', 'initial': '0.00', 'maintenance': '2.34', 'currency': 'USD', 'instrument_id': 'EUR/USD.IDEALPRO'}]",False,{}
100000.00,0.00,100000.00,EUR,IDEALPRO-001,MARGIN,,"[{'type': 'MarginBalance', 'initial': '0.00', 'maintenance': '2.34', 'currency': 'USD', 'instrument_id': 'EUR/USD.IDEALPRO'}]",False,{}
99999.95,2.34,99997.61,USD,IDEALPRO-001,MARGIN,,"[{'type': 'MarginBalance', 'initial': '0.00', 'maintenance': '2.34', 'currency': 'USD', 'instrument_id': 'EUR/USD.IDEALPRO'}]",False,{}
100000.00,0.00,100000.00,EUR,IDEALPRO-001,MARGIN,,"[{'type': 'MarginBalance', 'initial': '0.00', 'maintenance': '2.34', 'currency': 'USD', 'instrument_id': 'EUR/USD.IDEALPRO'}]",False,{}
99999.96,0.00,99999.96,USD,IDEALPRO-001,MARGIN,,[],False,{}
100000.00,0.00,100000.00,EUR,IDEALPRO-001,MARGIN,,[],False,{}
99999.96,0.00,99999.96,USD,IDEALPRO-001,MARGIN,,[],False,{}
100000.00,0.00,100000.00,EUR,IDEALPRO-001,MARGIN,,[],False,{}
99999.96,0.00,99999.96,USD,IDEALPRO-001,MARGIN,,[],False,{}
100000.00,0.00,100000.00,EUR,IDEALPRO-001,MARGIN,,[],False,{}
99999.96,0.00,99999.96,USD,IDEALPRO-001,MARGIN,,[],False,{}
100000.00,0.00,100000.00,EUR,IDEALPRO-001,MARGIN,,[],False,{}
99999.96,0.00,99999.96,USD,IDEALPRO-001,MARGIN,,[],False,{}
100000.00,0.00,100000.00,EUR,IDEALPRO-001,MARGIN,,[],False,{}
99999.96,0.00,99999.96,USD,IDEALPRO-001,MARGIN,,[],False,{}
100000.00,0.00,100000.00,EUR,IDEALPRO-001,MARGIN,,[],False,{}
99999.96,2.34,99997.62,USD,IDEALPRO-001,MARGIN,,"[{'type': 'MarginBalance', 'initial': '0.00', 'maintenance': '2.34', 'currency': 'USD', 'instrument_id': 'EUR/USD.IDEALPRO'}]",False,{}
100000.00,0.00,100000.00,EUR,IDEALPRO-001,MARGIN,,"[{'type': 'MarginBalance', 'initial': '0.00', 'maintenance': '2.34', 'currency': 'USD', 'instrument_id': 'EUR/USD.IDEALPRO'}]",False,{}
99999.96,2.34,99997.62,USD,IDEALPRO-001,MARGIN,,"[{'type': 'MarginBalance', 'initial': '0.00', 'maintenance': '2.34', 'currency': 'USD', 'instrument_id': 'EUR/USD.IDEALPRO'}]",False,{}
100000.00,0.00,100000.00,EUR,IDEALPRO-001,MARGIN,,"[{'type': 'MarginBalance', 'initial': '0.00', 'maintenance': '2.34', 'currency': 'USD', 'instrument_id': 'EUR/USD.IDEALPRO'}]",False,{}
99999.96,2.34,99997.62,USD,IDEALPRO-001,MARGIN,,"[{'type': 'MarginBalance', 'initial': '0.00', 'maintenance': '2.34', 'currency': 'USD', 'instrument_id': 'EUR/USD.IDEALPRO'}]",False,{}
100000.00,0.00,100000.00,EUR,IDEALPRO-001,MARGIN,,"[{'type': 'MarginBalance', 'initial': '0.00', 'maintenance': '2.34', 'currency': 'USD', 'instrument_id': 'EUR/USD.IDEALPRO'}]",False,{}
99999.96,2.34,99997.62,USD,IDEALPRO-001,MARGIN,,"[{'type': 'MarginBalance', 'initial': '0.00', 'maintenance': '2.34', 'currency': 'USD', 'instrument_id': 'EUR/USD.IDEALPRO'}]",False,{}
100000.00,0.00,100000.00,EUR,IDEALPRO-001,MARGIN,,"[{'type': 'MarginBalance', 'initial': '0.00', 'maintenance': '2.34', 'currency': 'USD', 'instrument_id': 'EUR/USD.IDEALPRO'}]",False,{}
99999.92,0.00,99999.92,USD,IDEALPRO-001,MARGIN,,[],False,{}
100000.00,0.00,100000.00,EUR,IDEALPRO-001,MARGIN,,[],False,{}
99999.92,0.00,99999.92,USD,IDEALPRO-001,MARGIN,,[],False,{}
100000.00,0.00,100000.00,EUR,IDEALPRO-001,MARGIN,,[],False,{}
99999.92,0.00,99999.92,USD,IDEALPRO-001,MARGIN,,[],False,{}
100000.00,0.00,100000.00,EUR,IDEALPRO-001,MARGIN,,[],False,{}
99999.92,0.00,99999.92,USD,IDEALPRO-001,MARGIN,,[],False,{}
100000.00,0.00,100000.00,EUR,IDEALPRO-001,MARGIN,,[],False,{}
99999.92,0.00,99999.92,USD,IDEALPRO-001,MARGIN,,[],False,{}
100000.00,0.00,100000.00,EUR,IDEALPRO-001,MARGIN,,[],False,{}
99999.92,0.00,99999.92,USD,IDEALPRO-001,MARGIN,,[],False,{}
100000.00,0.00,100000.00,EUR,IDEALPRO-001,MARGIN,,[],False,{}
99999.92,2.33,99997.59,USD,IDEALPRO-001,MARGIN,,"[{'type': 'MarginBalance', 'initial': '0.00', 'maintenance': '2.33', 'currency': 'USD', 'instrument_id': 'EUR/USD.IDEALPRO'}]",False,{}
100000.00,0.00,100000.00,EUR,IDEALPRO-001,MARGIN,,"[{'type': 'MarginBalance', 'initial': '0.00', 'maintenance': '2.33', 'currency': 'USD', 'instrument_id': 'EUR/USD.IDEALPRO'}]",False,{}
99999.92,2.33,99997.59,USD,IDEALPRO-001,MARGIN,,"[{'type': 'MarginBalance', 'initial': '0.00', 'maintenance': '2.33', 'currency': 'USD', 'instrument_id': 'EUR/USD.IDEALPRO'}]",False,{}
100000.00,0.00,100000.00,EUR,IDEALPRO-001,MARGIN,,"[{'type': 'MarginBalance', 'initial': '0.00', 'maintenance': '2.33', 'currency': 'USD', 'instrument_id': 'EUR/USD.IDEALPRO'}]",False,{}
99999.92,2.33,99997.59,USD,IDEALPRO-001,MARGIN,,"[{'type': 'MarginBalance', 'initial': '0.00', 'maintenance': '2.33', 'currency': 'USD', 'instrument_id': 'EUR/USD.IDEALPRO'}]",False,{}
100000.00,0.00,100000.00,EUR,IDEALPRO-001,MARGIN,,"[{'type': 'MarginBalance', 'initial': '0.00', 'maintenance': '2.33', 'currency': 'USD', 'instrument_id': 'EUR/USD.IDEALPRO'}]",False,{}
99999.92,2.33,99997.59,USD,IDEALPRO-001,MARGIN,,"[{'type': 'MarginBalance', 'initial': '0.00', 'maintenance': '2.33', 'currency': 'USD', 'instrument_id': 'EUR/USD.IDEALPRO'}]",False,{}
100000.00,0.00,100000.00,EUR,IDEALPRO-001,MARGIN,,"[{'type': 'MarginBalance', 'initial': '0.00', 'maintenance': '2.33', 'currency': 'USD', 'instrument_id': 'EUR/USD.IDEALPRO'}]",False,{}
99999.91,0.00,99999.91,USD,IDEALPRO-001,MARGIN,,[],False,{}
100000.00,0.00,100000.00,EUR,IDEALPRO-001,MARGIN,,[],False,{}
99999.91,0.00,99999.91,USD,IDEALPRO-001,MARGIN,,[],False,{}
100000.00,0.00,100000.00,EUR,IDEALPRO-001,MARGIN,,[],False,{}
99999.91,0.00,99999.91,USD,IDEALPRO-001,MARGIN,,[],False,{}
100000.00,0.00,100000.00,EUR,IDEALPRO-001,MARGIN,,[],False,{}
99999.91,0.00,99999.91,USD,IDEALPRO-001,MARGIN,,[],False,{}
100000.00,0.00,100000.00,EUR,IDEALPRO-001,MARGIN,,[],False,{}
99999.91,0.00,99999.91,USD,IDEALPRO-001,MARGIN,,[],False,{}
100000.00,0.00,100000.00,EUR,IDEALPRO-001,MARGIN,,[],False,{}
99999.91,0.00,99999.91,USD,IDEALPRO-001,MARGIN,,[],False,{}
100000.00,0.00,100000.00,EUR,IDEALPRO-001,MARGIN,,[],False,{}
99999.91,2.33,99997.58,USD,IDEALPRO-001,MARGIN,,"[{'type': 'MarginBalance', 'initial': '0.00', 'maintenance': '2.33', 'currency': 'USD', 'instrument_id': 'EUR/USD.IDEALPRO'}]",False,{}
100000.00,0.00,100000.00,EUR,IDEALPRO-001,MARGIN,,"[{'type': 'MarginBalance', 'initial': '0.00', 'maintenance': '2.33', 'currency': 'USD', 'instrument_id': 'EUR/USD.IDEALPRO'}]",False,{}
99999.91,2.33,99997.58,USD,IDEALPRO-001,MARGIN,,"[{'type': 'MarginBalance', 'initial': '0.00', 'maintenance': '2.33', 'currency': 'USD', 'instrument_id': 'EUR/USD.IDEALPRO'}]",False,{}
100000.00,0.00,100000.00,EUR,IDEALPRO-001,MARGIN,,"[{'type': 'MarginBalance', 'initial': '0.00', 'maintenance': '2.33', 'currency': 'USD', 'instrument_id': 'EUR/USD.IDEALPRO'}]",False,{}
99999.91,2.33,99997.58,USD,IDEALPRO-001,MARGIN,,"[{'type': 'MarginBalance', 'initial': '0.00', 'maintenance': '2.33', 'currency': 'USD', 'instrument_id': 'EUR/USD.IDEALPRO'}]",False,{}
100000.00,0.00,100000.00,EUR,IDEALPRO-001,MARGIN,,"[{'type': 'MarginBalance', 'initial': '0.00', 'maintenance': '2.33', 'currency': 'USD', 'instrument_id': 'EUR/USD.IDEALPRO'}]",False,{}
99999.91,2.33,99997.58,USD,IDEALPRO-001,MARGIN,,"[{'type': 'MarginBalance', 'initial': '0.00', 'maintenance': '2.33', 'currency': 'USD', 'instrument_id': 'EUR/USD.IDEALPRO'}]",False,{}
100000.00,0.00,100000.00,EUR,IDEALPRO-001,MARGIN,,"[{'type': 'MarginBalance', 'initial': '0.00', 'maintenance': '2.33', 'currency': 'USD', 'instrument_id': 'EUR/USD.IDEALPRO'}]",False,{}
99999.89,0.00,99999.89,USD,IDEALPRO-001,MARGIN,,[],False,{}
100000.00,0.00,100000.00,EUR,IDEALPRO-001,MARGIN,,[],False,{}
99999.89,0.00,99999.89,USD,IDEALPRO-001,MARGIN,,[],False,{}
100000.00,0.00,100000.00,EUR,IDEALPRO-001,MARGIN,,[],False,{}
99999.89,0.00,99999.89,USD,IDEALPRO-001,MARGIN,,[],False,{}
100000.00,0.00,100000.00,EUR,IDEALPRO-001,MARGIN,,[],False,{}
99999.89,0.00,99999.89,USD,IDEALPRO-001,MARGIN,,[],False,{}
100000.00,0.00,100000.00,EUR,IDEALPRO-001,MARGIN,,[],False,{}
99999.89,0.00,99999.89,USD,IDEALPRO-001,MARGIN,,[],False,{}
100000.00,0.00,100000.00,EUR,IDEALPRO-001,MARGIN,,[],False,{}
99999.89,0.00,99999.89,USD,IDEALPRO-001,MARGIN,,[],False,{}
100000.00,0.00,100000.00,EUR,IDEALPRO-001,MARGIN,,[],False,{}
99999.89,2.33,99997.56,USD,IDEALPRO-001,MARGIN,,"[{'type': 'MarginBalance', 'initial': '0.00', 'maintenance': '2.33', 'currency': 'USD', 'instrument_id': 'EUR/USD.IDEALPRO'}]",False,{}
100000.00,0.00,100000.00,EUR,IDEALPRO-001,MARGIN,,"[{'type': 'MarginBalance', 'initial': '0.00', 'maintenance': '2.33', 'currency': 'USD', 'instrument_id': 'EUR/USD.IDEALPRO'}]",False,{}
99999.89,2.33,99997.56,USD,IDEALPRO-001,MARGIN,,"[{'type': 'MarginBalance', 'initial': '0.00', 'maintenance': '2.33', 'currency': 'USD', 'instrument_id': 'EUR/USD.IDEALPRO'}]",False,{}
100000.00,0.00,100000.00,EUR,IDEALPRO-001,MARGIN,,"[{'type': 'MarginBalance', 'initial': '0.00', 'maintenance': '2.33', 'currency': 'USD', 'instrument_id': 'EUR/USD.IDEALPRO'}]",False,{}
99999.89,2.33,99997.56,USD,IDEALPRO-001,MARGIN,,"[{'type': 'MarginBalance', 'initial': '0.00', 'maintenance': '2.33', 'currency': 'USD', 'instrument_id': 'EUR/USD.IDEALPRO'}]",False,{}
100000.00,0.00,100000.00,EUR,IDEALPRO-001,MARGIN,,"[{'type': 'MarginBalance', 'initial': '0.00', 'maintenance': '2.33', 'currency': 'USD', 'instrument_id': 'EUR/USD.IDEALPRO'}]",False,{}
99999.89,2.33,99997.56,USD,IDEALPRO-001,MARGIN,,"[{'type': 'MarginBalance', 'initial': '0.00', 'maintenance': '2.33', 'currency': 'USD', 'instrument_id': 'EUR/USD.IDEALPRO'}]",False,{}
100000.00,0.00,100000.00,EUR,IDEALPRO-001,MARGIN,,"[{'type': 'MarginBalance', 'initial': '0.00', 'maintenance': '2.33', 'currency': 'USD', 'instrument_id': 'EUR/USD.IDEALPRO'}]",False,{}
99999.88,0.00,99999.88,USD,IDEALPRO-001,MARGIN,,[],False,{}
100000.00,0.00,100000.00,EUR,IDEALPRO-001,MARGIN,,[],False,{}
99999.88,0.00,99999.88,USD,IDEALPRO-001,MARGIN,,[],False,{}
100000.00,0.00,100000.00,EUR,IDEALPRO-001,MARGIN,,[],False,{}
99999.88,0.00,99999.88,USD,IDEALPRO-001,MARGIN,,[],False,{}
100000.00,0.00,100000.00,EUR,IDEALPRO-001,MARGIN,,[],False,{}
99999.88,0.00,99999.88,USD,IDEALPRO-001,MARGIN,,[],False,{}
100000.00,0.00,100000.00,EUR,IDEALPRO-001,MARGIN,,[],False,{}
99999.88,0.00,99999.88,USD,IDEALPRO-001,MARGIN,,[],False,{}
100000.00,0.00,100000.00,EUR,IDEALPRO-001,MARGIN,,[],False,{}
99999.88,0.00,99999.88,USD,IDEALPRO-001,MARGIN,,[],False,{}
100000.00,0.00,100000.00,EUR,IDEALPRO-001,MARGIN,,[],False,{}
99999.88,2.34,99997.54,USD,IDEALPRO-001,MARGIN,,"[{'type': 'MarginBalance', 'initial': '0.00', 'maintenance': '2.34', 'currency': 'USD', 'instrument_id': 'EUR/USD.IDEALPRO'}]",False,{}
100000.00,0.00,100000.00,EUR,IDEALPRO-001,MARGIN,,"[{'type': 'MarginBalance', 'initial': '0.00', 'maintenance': '2.34', 'currency': 'USD', 'instrument_id': 'EUR/USD.IDEALPRO'}]",False,{}
99999.88,2.34,99997.54,USD,IDEALPRO-001,MARGIN,,"[{'type': 'MarginBalance', 'initial': '0.00', 'maintenance': '2.34', 'currency': 'USD', 'instrument_id': 'EUR/USD.IDEALPRO'}]",False,{}
100000.00,0.00,100000.00,EUR,IDEALPRO-001,MARGIN,,"[{'type': 'MarginBalance', 'initial': '0.00', 'maintenance': '2.34', 'currency': 'USD', 'instrument_id': 'EUR/USD.IDEALPRO'}]",False,{}
99999.88,2.34,99997.54,USD,IDEALPRO-001,MARGIN,,"[{'type': 'MarginBalance', 'initial': '0.00', 'maintenance': '2.34', 'currency': 'USD', 'instrument_id': 'EUR/USD.IDEALPRO'}]",False,{}
100000.00,0.00,100000.00,EUR,IDEALPRO-001,MARGIN,,"[{'type': 'MarginBalance', 'initial': '0.00', 'maintenance': '2.34', 'currency': 'USD', 'instrument_id': 'EUR/USD.IDEALPRO'}]",False,{}
99999.88,2.34,99997.54,USD,IDEALPRO-001,MARGIN,,"[{'type': 'MarginBalance', 'initial': '0.00', 'maintenance': '2.34', 'currency': 'USD', 'instrument_id': 'EUR/USD.IDEALPRO'}]",False,{}
100000.00,0.00,100000.00,EUR,IDEALPRO-001,MARGIN,,"[{'type': 'MarginBalance', 'initial': '0.00', 'maintenance': '2.34', 'currency': 'USD', 'instrument_id': 'EUR/USD.IDEALPRO'}]",False,{}
100000.00,0.00,100000.00,USD,IDEALPRO-001,MARGIN,,[],False,{}
100000.00,0.00,100000.00,EUR,IDEALPRO-001,MARGIN,,[],False,{}
100000.00,0.00,100000.00,USD,IDEALPRO-001,MARGIN,,[],False,{}
100000.00,0.00,100000.00,EUR,IDEALPRO-001,MARGIN,,[],False,{}
100000.00,0.00,100000.00,USD,IDEALPRO-001,MARGIN,,[],False,{}
100000.00,0.00,100000.00,EUR,IDEALPRO-001,MARGIN,,[],False,{}
100000.00,0.00,100000.00,USD,IDEALPRO-001,MARGIN,,[],False,{}
100000.00,0.00,100000.00,EUR,IDEALPRO-001,MARGIN,,[],False,{}
100000.00,0.00,100000.00,USD,IDEALPRO-001,MARGIN,,[],False,{}
100000.00,0.00,100000.00,EUR,IDEALPRO-001,MARGIN,,[],False,{}
100000.00,0.00,100000.00,USD,IDEALPRO-001,MARGIN,,[],False,{}
100000.00,0.00,100000.00,EUR,IDEALPRO-001,MARGIN,,[],False,{}
100000.00,2.34,99997.66,USD,IDEALPRO-001,MARGIN,,"[{'type': 'MarginBalance', 'initial': '0.00', 'maintenance': '2.34', 'currency': 'USD', 'instrument_id': 'EUR/USD.IDEALPRO'}]",False,{}
100000.00,0.00,100000.00,EUR,IDEALPRO-001,MARGIN,,"[{'type': 'MarginBalance', 'initial': '0.00', 'maintenance': '2.34', 'currency': 'USD', 'instrument_id': 'EUR/USD.IDEALPRO'}]",False,{}
100000.00,2.34,99997.66,USD,IDEALPRO-001,MARGIN,,"[{'type': 'MarginBalance', 'initial': '0.00', 'maintenance': '2.34', 'currency': 'USD', 'instrument_id': 'EUR/USD.IDEALPRO'}]",False,{}
100000.00,0.00,100000.00,EUR,IDEALPRO-001,MARGIN,,"[{'type': 'MarginBalance', 'initial': '0.00', 'maintenance': '2.34', 'currency': 'USD', 'instrument_id': 'EUR/USD.IDEALPRO'}]",False,{}
100000.00,2.34,99997.66,USD,IDEALPRO-001,MARGIN,,"[{'type': 'MarginBalance', 'initial': '0.00', 'maintenance': '2.34', 'currency': 'USD', 'instrument_id': 'EUR/USD.IDEALPRO'}]",False,{}
100000.00,0.00,100000.00,EUR,IDEALPRO-001,MARGIN,,"[{'type': 'MarginBalance', 'initial': '0.00', 'maintenance': '2.34', 'currency': 'USD', 'instrument_id': 'EUR/USD.IDEALPRO'}]",False,{}
100000.00,2.34,99997.66,USD,IDEALPRO-001,MARGIN,,"[{'type': 'MarginBalance', 'initial': '0.00', 'maintenance': '2.34', 'currency': 'USD', 'instrument_id': 'EUR/USD.IDEALPRO'}]",False,{}
100000.00,0.00,100000.00,EUR,IDEALPRO-001,MARGIN,,"[{'type': 'MarginBalance', 'initial': '0.00', 'maintenance': '2.34', 'currency': 'USD', 'instrument_id': 'EUR/USD.IDEALPRO'}]",False,{}
99999.95,0.00,99999.95,USD,IDEALPRO-001,MARGIN,,[],False,{}
100000.00,0.00,100000.00,EUR,IDEALPRO-001,MARGIN,,[],False,{}
99999.95,0.00,99999.95,USD,IDEALPRO-001,MARGIN,,[],False,{}
100000.00,0.00,100000.00,EUR,IDEALPRO-001,MARGIN,,[],False,{}
99999.95,0.00,99999.95,USD,IDEALPRO-001,MARGIN,,[],False,{}
100000.00,0.00,100000.00,EUR,IDEALPRO-001,MARGIN,,[],False,{}
99999.95,0.00,99999.95,USD,IDEALPRO-001,MARGIN,,[],False,{}
100000.00,0.00,100000.00,EUR,IDEALPRO-001,MARGIN,,[],False,{}
99999.95,0.00,99999.95,USD,IDEALPRO-001,MARGIN,,[],False,{}
100000.00,0.00,100000.00,EUR,IDEALPRO-001,MARGIN,,[],False,{}
99999.95,0.00,99999.95,USD,IDEALPRO-001,MARGIN,,[],False,{}
100000.00,0.00,100000.00,EUR,IDEALPRO-001,MARGIN,,[],False,{}
99999.95,2.34,99997.61,USD,IDEALPRO-001,MARGIN,,"[{'type': 'MarginBalance', 'initial': '0.00', 'maintenance': '2.34', 'currency': 'USD', 'instrument_id': 'EUR/USD.IDEALPRO'}]",False,{}
100000.00,0.00,100000.00,EUR,IDEALPRO-001,MARGIN,,"[{'type': 'MarginBalance', 'initial': '0.00', 'maintenance': '2.34', 'currency': 'USD', 'instrument_id': 'EUR/USD.IDEALPRO'}]",False,{}
99999.95,2.34,99997.61,USD,IDEALPRO-001,MARGIN,,"[{'type': 'MarginBalance', 'initial': '0.00', 'maintenance': '2.34', 'currency': 'USD', 'instrument_id': 'EUR/USD.IDEALPRO'}]",False,{}
100000.00,0.00,100000.00,EUR,IDEALPRO-001,MARGIN,,"[{'type': 'MarginBalance', 'initial': '0.00', 'maintenance': '2.34', 'currency': 'USD', 'instrument_id': 'EUR/USD.IDEALPRO'}]",False,{}
99999.95,2.34,99997.61,USD,IDEALPRO-001,MARGIN,,"[{'type': 'MarginBalance', 'initial': '0.00', 'maintenance': '2.34', 'currency': 'USD', 'instrument_id': 'EUR/USD.IDEALPRO'}]",False,{}
100000.00,0.00,100000.00,EUR,IDEALPRO-001,MARGIN,,"[{'type': 'MarginBalance', 'initial': '0.00', 'maintenance': '2.34', 'currency': 'USD', 'instrument_id': 'EUR/USD.IDEALPRO'}]",False,{}
99999.95,2.34,99997.61,USD,IDEALPRO-001,MARGIN,,"[{'type': 'MarginBalance', 'initial': '0.00', 'maintenance': '2.34', 'currency': 'USD', 'instrument_id': 'EUR/USD.IDEALPRO'}]",False,{}
100000.00,0.00,100000.00,EUR,IDEALPRO-001,MARGIN,,"[{'type': 'MarginBalance', 'initial': '0.00', 'maintenance': '2.34', 'currency': 'USD', 'instrument_id': 'EUR/USD.IDEALPRO'}]",False,{}
100000.02,0.00,100000.02,USD,IDEALPRO-001,MARGIN,,[],False,{}
100000.00,0.00,100000.00,EUR,IDEALPRO-001,MARGIN,,[],False,{}
100000.02,0.00,100000.02,USD,IDEALPRO-001,MARGIN,,[],False,{}
100000.00,0.00,100000.00,EUR,IDEALPRO-001,MARGIN,,[],False,{}
100000.02,0.00,100000.02,USD,IDEALPRO-001,MARGIN,,[],False,{}
100000.00,0.00,100000.00,EUR,IDEALPRO-001,MARGIN,,[],False,{}
100000.02,0.00,100000.02,USD,IDEALPRO-001,MARGIN,,[],False,{}
100000.00,0.00,100000.00,EUR,IDEALPRO-001,MARGIN,,[],False,{}
100000.02,0.00,100000.02,USD,IDEALPRO-001,MARGIN,,[],False,{}
100000.00,0.00,100000.00,EUR,IDEALPRO-001,MARGIN,,[],False,{}
100000.02,0.00,100000.02,USD,IDEALPRO-001,MARGIN,,[],False,{}
100000.00,0.00,100000.00,EUR,IDEALPRO-001,MARGIN,,[],False,{}
100000.02,2.34,99997.68,USD,IDEALPRO-001,MARGIN,,"[{'type': 'MarginBalance', 'initial': '0.00', 'maintenance': '2.34', 'currency': 'USD', 'instrument_id': 'EUR/USD.IDEALPRO'}]",False,{}
100000.00,0.00,100000.00,EUR,IDEALPRO-001,MARGIN,,"[{'type': 'MarginBalance', 'initial': '0.00', 'maintenance': '2.34', 'currency': 'USD', 'instrument_id': 'EUR/USD.IDEALPRO'}]",False,{}
100000.02,2.34,99997.68,USD,IDEALPRO-001,MARGIN,,"[{'type': 'MarginBalance', 'initial': '0.00', 'maintenance': '2.34', 'currency': 'USD', 'instrument_id': 'EUR/USD.IDEALPRO'}]",False,{}
100000.00,0.00,100000.00,EUR,IDEALPRO-001,MARGIN,,"[{'type': 'MarginBalance', 'initial': '0.00', 'maintenance': '2.34', 'currency': 'USD', 'instrument_id': 'EUR/USD.IDEALPRO'}]",False,{}
100000.02,2.34,99997.68,USD,IDEALPRO-001,MARGIN,,"[{'type': 'MarginBalance', 'initial': '0.00', 'maintenance': '2.34', 'currency': 'USD', 'instrument_id': 'EUR/USD.IDEALPRO'}]",False,{}
100000.00,0.00,100000.00,EUR,IDEALPRO-001,MARGIN,,"[{'type': 'MarginBalance', 'initial': '0.00', 'maintenance': '2.34', 'currency': 'USD', 'instrument_id': 'EUR/USD.IDEALPRO'}]",False,{}
100000.02,2.34,99997.68,USD,IDEALPRO-001,MARGIN,,"[{'type': 'MarginBalance', 'initial': '0.00', 'maintenance': '2.34', 'currency': 'USD', 'instrument_id': 'EUR/USD.IDEALPRO'}]",False,{}
100000.00,0.00,100000.00,EUR,IDEALPRO-001,MARGIN,,"[{'type': 'MarginBalance', 'initial': '0.00', 'maintenance': '2.34', 'currency': 'USD', 'instrument_id': 'EUR/USD.IDEALPRO'}]",False,{}
100000.03,0.00,100000.03,USD,IDEALPRO-001,MARGIN,,[],False,{}
100000.00,0.00,100000.00,EUR,IDEALPRO-001,MARGIN,,[],False,{}
100000.03,0.00,100000.03,USD,IDEALPRO-001,MARGIN,,[],False,{}
100000.00,0.00,100000.00,EUR,IDEALPRO-001,MARGIN,,[],False,{}
100000.03,0.00,100000.03,USD,IDEALPRO-001,MARGIN,,[],False,{}
100000.00,0.00,100000.00,EUR,IDEALPRO-001,MARGIN,,[],False,{}
100000.03,0.00,100000.03,USD,IDEALPRO-001,MARGIN,,[],False,{}
100000.00,0.00,100000.00,EUR,IDEALPRO-001,MARGIN,,[],False,{}
100000.03,0.00,100000.03,USD,IDEALPRO-001,MARGIN,,[],False,{}
100000.00,0.00,100000.00,EUR,IDEALPRO-001,MARGIN,,[],False,{}
100000.03,0.00,100000.03,USD,IDEALPRO-001,MARGIN,,[],False,{}
100000.00,0.00,100000.00,EUR,IDEALPRO-001,MARGIN,,[],False,{}
100000.03,2.34,99997.69,USD,IDEALPRO-001,MARGIN,,"[{'type': 'MarginBalance', 'initial': '0.00', 'maintenance': '2.34', 'currency': 'USD', 'instrument_id': 'EUR/USD.IDEALPRO'}]",False,{}
100000.00,0.00,100000.00,EUR,IDEALPRO-001,MARGIN,,"[{'type': 'MarginBalance', 'initial': '0.00', 'maintenance': '2.34', 'currency': 'USD', 'instrument_id': 'EUR/USD.IDEALPRO'}]",False,{}
100000.03,2.34,99997.69,USD,IDEALPRO-001,MARGIN,,"[{'type': 'MarginBalance', 'initial': '0.00', 'maintenance': '2.34', 'currency': 'USD', 'instrument_id': 'EUR/USD.IDEALPRO'}]",False,{}
100000.00,0.00,100000.00,EUR,IDEALPRO-001,MARGIN,,"[{'type': 'MarginBalance', 'initial': '0.00', 'maintenance': '2.34', 'currency': 'USD', 'instrument_id': 'EUR/USD.IDEALPRO'}]",False,{}
100000.03,2.34,99997.69,USD,IDEALPRO-001,MARGIN,,"[{'type': 'MarginBalance', 'initial': '0.00', 'maintenance': '2.34', 'currency': 'USD', 'instrument_id': 'EUR/USD.IDEALPRO'}]",False,{}
100000.00,0.00,100000.00,EUR,IDEALPRO-001,MARGIN,,"[{'type': 'MarginBalance', 'initial': '0.00', 'maintenance': '2.34', 'currency': 'USD', 'instrument_id': 'EUR/USD.IDEALPRO'}]",False,{}
100000.03,2.34,99997.69,USD,IDEALPRO-001,MARGIN,,"[{'type': 'MarginBalance', 'initial': '0.00', 'maintenance': '2.34', 'currency': 'USD', 'instrument_id': 'EUR/USD.IDEALPRO'}]",False,{}
100000.00,0.00,100000.00,EUR,IDEALPRO-001,MARGIN,,"[{'type': 'MarginBalance', 'initial': '0.00', 'maintenance': '2.34', 'currency': 'USD', 'instrument_id': 'EUR/USD.IDEALPRO'}]",False,{}
100000.03,0.00,100000.03,USD,IDEALPRO-001,MARGIN,,[],False,{}
100000.00,0.00,100000.00,EUR,IDEALPRO-001,MARGIN,,[],False,{}
100000.03,0.00,100000.03,USD,IDEALPRO-001,MARGIN,,[],False,{}
100000.00,0.00,100000.00,EUR,IDEALPRO-001,MARGIN,,[],False,{}
100000.03,0.00,100000.03,USD,IDEALPRO-001,MARGIN,,[],False,{}
100000.00,0.00,100000.00,EUR,IDEALPRO-001,MARGIN,,[],False,{}
100000.03,0.00,100000.03,USD,IDEALPRO-001,MARGIN,,[],False,{}
100000.00,0.00,100000.00,EUR,IDEALPRO-001,MARGIN,,[],False,{}
100000.03,0.00,100000.03,USD,IDEALPRO-001,MARGIN,,[],False,{}
100000.00,0.00,100000.00,EUR,IDEALPRO-001,MARGIN,,[],False,{}
100000.03,0.00,100000.03,USD,IDEALPRO-001,MARGIN,,[],False,{}
100000.00,0.00,100000.00,EUR,IDEALPRO-001,MARGIN,,[],False,{}
100000.03,2.34,99997.69,USD,IDEALPRO-001,MARGIN,,"[{'type': 'MarginBalance', 'initial': '0.00', 'maintenance': '2.34', 'currency': 'USD', 'instrument_id': 'EUR/USD.IDEALPRO'}]",False,{}
100000.00,0.00,100000.00,EUR,IDEALPRO-001,MARGIN,,"[{'type': 'MarginBalance', 'initial': '0.00', 'maintenance': '2.34', 'currency': 'USD', 'instrument_id': 'EUR/USD.IDEALPRO'}]",False,{}
100000.03,2.34,99997.69,USD,IDEALPRO-001,MARGIN,,"[{'type': 'MarginBalance', 'initial': '0.00', 'maintenance': '2.34', 'currency': 'USD', 'instrument_id': 'EUR/USD.IDEALPRO'}]",False,{}
100000.00,0.00,100000.00,EUR,IDEALPRO-001,MARGIN,,"[{'type': 'MarginBalance', 'initial': '0.00', 'maintenance': '2.34', 'currency': 'USD', 'instrument_id': 'EUR/USD.IDEALPRO'}]",False,{}
100000.03,2.34,99997.69,USD,IDEALPRO-001,MARGIN,,"[{'type': 'MarginBalance', 'initial': '0.00', 'maintenance': '2.34', 'currency': 'USD', 'instrument_id': 'EUR/USD.IDEALPRO'}]",False,{}
100000.00,0.00,100000.00,EUR,IDEALPRO-001,MARGIN,,"[{'type': 'MarginBalance', 'initial': '0.00', 'maintenance': '2.34', 'currency': 'USD', 'instrument_id': 'EUR/USD.IDEALPRO'}]",False,{}
100000.03,2.34,99997.69,USD,IDEALPRO-001,MARGIN,,"[{'type': 'MarginBalance', 'initial': '0.00', 'maintenance': '2.34', 'currency': 'USD', 'instrument_id': 'EUR/USD.IDEALPRO'}]",False,{}
100000.00,0.00,100000.00,EUR,IDEALPRO-001,MARGIN,,"[{'type': 'MarginBalance', 'initial': '0.00', 'maintenance': '2.34', 'currency': 'USD', 'instrument_id': 'EUR/USD.IDEALPRO'}]",False,{}
99999.98,0.00,99999.98,USD,IDEALPRO-001,MARGIN,,[],False,{}
100000.00,0.00,100000.00,EUR,IDEALPRO-001,MARGIN,,[],False,{}
99999.98,0.00,99999.98,USD,IDEALPRO-001,MARGIN,,[],False,{}
100000.00,0.00,100000.00,EUR,IDEALPRO-001,MARGIN,,[],False,{}
99999.98,0.00,99999.98,USD,IDEALPRO-001,MARGIN,,[],False,{}
100000.00,0.00,100000.00,EUR,IDEALPRO-001,MARGIN,,[],False,{}
99999.98,0.00,99999.98,USD,IDEALPRO-001,MARGIN,,[],False,{}
100000.00,0.00,100000.00,EUR,IDEALPRO-001,MARGIN,,[],False,{}
99999.98,0.00,99999.98,USD,IDEALPRO-001,MARGIN,,[],False,{}
100000.00,0.00,100000.00,EUR,IDEALPRO-001,MARGIN,,[],False,{}
99999.98,0.00,99999.98,USD,IDEALPRO-001,MARGIN,,[],False,{}
100000.00,0.00,100000.00,EUR,IDEALPRO-001,MARGIN,,[],False,{}
99999.98,2.34,99997.64,USD,IDEALPRO-001,MARGIN,,"[{'type': 'MarginBalance', 'initial': '0.00', 'maintenance': '2.34', 'currency': 'USD', 'instrument_id': 'EUR/USD.IDEALPRO'}]",False,{}
100000.00,0.00,100000.00,EUR,IDEALPRO-001,MARGIN,,"[{'type': 'MarginBalance', 'initial': '0.00', 'maintenance': '2.34', 'currency': 'USD', 'instrument_id': 'EUR/USD.IDEALPRO'}]",False,{}
99999.98,2.34,99997.64,USD,IDEALPRO-001,MARGIN,,"[{'type': 'MarginBalance', 'initial': '0.00', 'maintenance': '2.34', 'currency': 'USD', 'instrument_id': 'EUR/USD.IDEALPRO'}]",False,{}
100000.00,0.00,100000.00,EUR,IDEALPRO-001,MARGIN,,"[{'type': 'MarginBalance', 'initial': '0.00', 'maintenance': '2.34', 'currency': 'USD', 'instrument_id': 'EUR/USD.IDEALPRO'}]",False,{}
99999.98,2.34,99997.64,USD,IDEALPRO-001,MARGIN,,"[{'type': 'MarginBalance', 'initial': '0.00', 'maintenance': '2.34', 'currency': 'USD', 'instrument_id': 'EUR/USD.IDEALPRO'}]",False,{}
100000.00,0.00,100000.00,EUR,IDEALPRO-001,MARGIN,,"[{'type': 'MarginBalance', 'initial': '0.00', 'maintenance': '2.34', 'currency': 'USD', 'instrument_id': 'EUR/USD.IDEALPRO'}]",False,{}
99999.98,2.34,99997.64,USD,IDEALPRO-001,MARGIN,,"[{'type': 'MarginBalance', 'initial': '0.00', 'maintenance': '2.34', 'currency': 'USD', 'instrument_id': 'EUR/USD.IDEALPRO'}]",False,{}
100000.00,0.00,100000.00,EUR,IDEALPRO-001,MARGIN,,"[{'type': 'MarginBalance', 'initial': '0.00', 'maintenance': '2.34', 'currency': 'USD', 'instrument_id': 'EUR/USD.IDEALPRO'}]",False,{}
99999.95,0.00,99999.95,USD,IDEALPRO-001,MARGIN,,[],False,{}
100000.00,0.00,100000.00,EUR,IDEALPRO-001,MARGIN,,[],False,{}
99999.95,0.00,99999.95,USD,IDEALPRO-001,MARGIN,,[],False,{}
100000.00,0.00,100000.00,EUR,IDEALPRO-001,MARGIN,,[],False,{}
99999.95,0.00,99999.95,USD,IDEALPRO-001,MARGIN,,[],False,{}
100000.00,0.00,100000.00,EUR,IDEALPRO-001,MARGIN,,[],False,{}
99999.95,0.00,99999.95,USD,IDEALPRO-001,MARGIN,,[],False,{}
100000.00,0.00,100000.00,EUR,IDEALPRO-001,MARGIN,,[],False,{}
99999.95,0.00,99999.95,USD,IDEALPRO-001,MARGIN,,[],False,{}
100000.00,0.00,100000.00,EUR,IDEALPRO-001,MARGIN,,[],False,{}
99999.95,0.00,99999.95,USD,IDEALPRO-001,MARGIN,,[],False,{}
100000.00,0.00,100000.00,EUR,IDEALPRO-001,MARGIN,,[],False,{}
99999.95,2.34,99997.61,USD,IDEALPRO-001,MARGIN,,"[{'type': 'MarginBalance', 'initial': '0.00', 'maintenance': '2.34', 'currency': 'USD', 'instrument_id': 'EUR/USD.IDEALPRO'}]",False,{}
100000.00,0.00,100000.00,EUR,IDEALPRO-001,MARGIN,,"[{'type': 'MarginBalance', 'initial': '0.00', 'maintenance': '2.34', 'currency': 'USD', 'instrument_id': 'EUR/USD.IDEALPRO'}]",False,{}
99999.95,2.34,99997.61,USD,IDEALPRO-001,MARGIN,,"[{'type': 'MarginBalance', 'initial': '0.00', 'maintenance': '2.34', 'currency': 'USD', 'instrument_id': 'EUR/USD.IDEALPRO'}]",False,{}
100000.00,0.00,100000.00,EUR,IDEALPRO-001,MARGIN,,"[{'type': 'MarginBalance', 'initial': '0.00', 'maintenance': '2.34', 'currency': 'USD', 'instrument_id': 'EUR/USD.IDEALPRO'}]",False,{}
99999.95,2.34,99997.61,USD,IDEALPRO-001,MARGIN,,"[{'type': 'MarginBalance', 'initial': '0.00', 'maintenance': '2.34', 'currency': 'USD', 'instrument_id': 'EUR/USD.IDEALPRO'}]",False,{}
100000.00,0.00,100000.00,EUR,IDEALPRO-001,MARGIN,,"[{'type': 'MarginBalance', 'initial': '0.00', 'maintenance': '2.34', 'currency': 'USD', 'instrument_id': 'EUR/USD.IDEALPRO'}]",False,{}
99999.95,2.34,99997.61,USD,IDEALPRO-001,MARGIN,,"[{'type': 'MarginBalance', 'initial': '0.00', 'maintenance': '2.34', 'currency': 'USD', 'instrument_id': 'EUR/USD.IDEALPRO'}]",False,{}
100000.00,0.00,100000.00,EUR,IDEALPRO-001,MARGIN,,"[{'type': 'MarginBalance', 'initial': '0.00', 'maintenance': '2.34', 'currency': 'USD', 'instrument_id': 'EUR/USD.IDEALPRO'}]",False,{}
99999.93,0.00,99999.93,USD,IDEALPRO-001,MARGIN,,[],False,{}
100000.00,0.00,100000.00,EUR,IDEALPRO-001,MARGIN,,[],False,{}
99999.93,0.00,99999.93,USD,IDEALPRO-001,MARGIN,,[],False,{}
100000.00,0.00,100000.00,EUR,IDEALPRO-001,MARGIN,,[],False,{}
99999.93,0.00,99999.93,USD,IDEALPRO-001,MARGIN,,[],False,{}
100000.00,0.00,100000.00,EUR,IDEALPRO-001,MARGIN,,[],False,{}
99999.93,0.00,99999.93,USD,IDEALPRO-001,MARGIN,,[],False,{}
100000.00,0.00,100000.00,EUR,IDEALPRO-001,MARGIN,,[],False,{}
99999.93,0.00,99999.93,USD,IDEALPRO-001,MARGIN,,[],False,{}
100000.00,0.00,100000.00,EUR,IDEALPRO-001,MARGIN,,[],False,{}
99999.93,0.00,99999.93,USD,IDEALPRO-001,MARGIN,,[],False,{}
100000.00,0.00,100000.00,EUR,IDEALPRO-001,MARGIN,,[],False,{}
99999.93,2.34,99997.59,USD,IDEALPRO-001,MARGIN,,"[{'type': 'MarginBalance', 'initial': '0.00', 'maintenance': '2.34', 'currency': 'USD', 'instrument_id': 'EUR/USD.IDEALPRO'}]",False,{}
100000.00,0.00,100000.00,EUR,IDEALPRO-001,MARGIN,,"[{'type': 'MarginBalance', 'initial': '0.00', 'maintenance': '2.34', 'currency': 'USD', 'instrument_id': 'EUR/USD.IDEALPRO'}]",False,{}
99999.93,2.34,99997.59,USD,IDEALPRO-001,MARGIN,,"[{'type': 'MarginBalance', 'initial': '0.00', 'maintenance': '2.34', 'currency': 'USD', 'instrument_id': 'EUR/USD.IDEALPRO'}]",False,{}
100000.00,0.00,100000.00,EUR,IDEALPRO-001,MARGIN,,"[{'type': 'MarginBalance', 'initial': '0.00', 'maintenance': '2.34', 'currency': 'USD', 'instrument_id': 'EUR/USD.IDEALPRO'}]",False,{}
99999.93,2.34,99997.59,USD,IDEALPRO-001,MARGIN,,"[{'type': 'MarginBalance', 'initial': '0.00', 'maintenance': '2.34', 'currency': 'USD', 'instrument_id': 'EUR/USD.IDEALPRO'}]",False,{}
100000.00,0.00,100000.00,EUR,IDEALPRO-001,MARGIN,,"[{'type': 'MarginBalance', 'initial': '0.00', 'maintenance': '2.34', 'currency': 'USD', 'instrument_id': 'EUR/USD.IDEALPRO'}]",False,{}
99999.93,2.34,99997.59,USD,IDEALPRO-001,MARGIN,,"[{'type': 'MarginBalance', 'initial': '0.00', 'maintenance': '2.34', 'currency': 'USD', 'instrument_id': 'EUR/USD.IDEALPRO'}]",False,{}
100000.00,0.00,100000.00,EUR,IDEALPRO-001,MARGIN,,"[{'type': 'MarginBalance', 'initial': '0.00', 'maintenance': '2.34', 'currency': 'USD', 'instrument_id': 'EUR/USD.IDEALPRO'}]",False,{}
99999.96,0.00,99999.96,USD,IDEALPRO-001,MARGIN,,[],False,{}
100000.00,0.00,100000.00,EUR,IDEALPRO-001,MARGIN,,[],False,{}
99999.96,0.00,99999.96,USD,IDEALPRO-001,MARGIN,,[],False,{}
100000.00,0.00,100000.00,EUR,IDEALPRO-001,MARGIN,,[],False,{}
99999.96,0.00,99999.96,USD,IDEALPRO-001,MARGIN,,[],False,{}
100000.00,0.00,100000.00,EUR,IDEALPRO-001,MARGIN,,[],False,{}
99999.96,0.00,99999.96,USD,IDEALPRO-001,MARGIN,,[],False,{}
100000.00,0.00,100000.00,EUR,IDEALPRO-001,MARGIN,,[],False,{}
99999.96,0.00,99999.96,USD,IDEALPRO-001,MARGIN,,[],False,{}
100000.00,0.00,100000.00,EUR,IDEALPRO-001,MARGIN,,[],False,{}
99999.96,0.00,99999.96,USD,IDEALPRO-001,MARGIN,,[],False,{}
100000.00,0.00,100000.00,EUR,IDEALPRO-001,MARGIN,,[],False,{}
99999.96,2.34,99997.62,USD,IDEALPRO-001,MARGIN,,"[{'type': 'MarginBalance', 'initial': '0.00', 'maintenance': '2.34', 'currency': 'USD', 'instrument_id': 'EUR/USD.IDEALPRO'}]",False,{}
100000.00,0.00,100000.00,EUR,IDEALPRO-001,MARGIN,,"[{'type': 'MarginBalance', 'initial': '0.00', 'maintenance': '2.34', 'currency': 'USD', 'instrument_id': 'EUR/USD.IDEALPRO'}]",False,{}
99999.96,2.34,99997.62,USD,IDEALPRO-001,MARGIN,,"[{'type': 'MarginBalance', 'initial': '0.00', 'maintenance': '2.34', 'currency': 'USD', 'instrument_id': 'EUR/USD.IDEALPRO'}]",False,{}
100000.00,0.00,100000.00,EUR,IDEALPRO-001,MARGIN,,"[{'type': 'MarginBalance', 'initial': '0.00', 'maintenance': '2.34', 'currency': 'USD', 'instrument_id': 'EUR/USD.IDEALPRO'}]",False,{}
99999.96,2.34,99997.62,USD,IDEALPRO-001,MARGIN,,"[{'type': 'MarginBalance', 'initial': '0.00', 'maintenance': '2.34', 'currency': 'USD', 'instrument_id': 'EUR/USD.IDEALPRO'}]",False,{}
100000.00,0.00,100000.00,EUR,IDEALPRO-001,MARGIN,,"[{'type': 'MarginBalance', 'initial': '0.00', 'maintenance': '2.34', 'currency': 'USD', 'instrument_id': 'EUR/USD.IDEALPRO'}]",False,{}
99999.96,2.34,99997.62,USD,IDEALPRO-001,MARGIN,,"[{'type': 'MarginBalance', 'initial': '0.00', 'maintenance': '2.34', 'currency': 'USD', 'instrument_id': 'EUR/USD.IDEALPRO'}]",False,{}
100000.00,0.00,100000.00,EUR,IDEALPRO-001,MARGIN,,"[{'type': 'MarginBalance', 'initial': '0.00', 'maintenance': '2.34', 'currency': 'USD', 'instrument_id': 'EUR/USD.IDEALPRO'}]",False,{}
99999.92,0.00,99999.92,USD,IDEALPRO-001,MARGIN,,[],False,{}
100000.00,0.00,100000.00,EUR,IDEALPRO-001,MARGIN,,[],False,{}
99999.92,0.00,99999.92,USD,IDEALPRO-001,MARGIN,,[],False,{}
100000.00,0.00,100000.00,EUR,IDEALPRO-001,MARGIN,,[],False,{}
99999.92,0.00,99999.92,USD,IDEALPRO-001,MARGIN,,[],False,{}
100000.00,0.00,100000.00,EUR,IDEALPRO-001,MARGIN,,[],False,{}
99999.92,0.00,99999.92,USD,IDEALPRO-001,MARGIN,,[],False,{}
100000.00,0.00,100000.00,EUR,IDEALPRO-001,MARGIN,,[],False,{}
99999.92,0.00,99999.92,USD,IDEALPRO-001,MARGIN,,[],False,{}
100000.00,0.00,100000.00,EUR,IDEALPRO-001,MARGIN,,[],False,{}
99999.92,0.00,99999.92,USD,IDEALPRO-001,MARGIN,,[],False,{}
100000.00,0.00,100000.00,EUR,IDEALPRO-001,MARGIN,,[],False,{}
99999.92,2.34,99997.58,USD,IDEALPRO-001,MARGIN,,"[{'type': 'MarginBalance', 'initial': '0.00', 'maintenance': '2.34', 'currency': 'USD', 'instrument_id': 'EUR/USD.IDEALPRO'}]",False,{}
100000.00,0.00,100000.00,EUR,IDEALPRO-001,MARGIN,,"[{'type': 'MarginBalance', 'initial': '0.00', 'maintenance': '2.34', 'currency': 'USD', 'instrument_id': 'EUR/USD.IDEALPRO'}]",False,{}
99999.92,2.34,99997.58,USD,IDEALPRO-001,MARGIN,,"[{'type': 'MarginBalance', 'initial': '0.00', 'maintenance': '2.34', 'currency': 'USD', 'instrument_id': 'EUR/USD.IDEALPRO'}]",False,{}
100000.00,0.00,100000.00,EUR,IDEALPRO-001,MARGIN,,"[{'type': 'MarginBalance', 'initial': '0.00', 'maintenance': '2.34', 'currency': 'USD', 'instrument_id': 'EUR/USD.IDEALPRO'}]",False,{}
99999.92,2.34,99997.58,USD,IDEALPRO-001,MARGIN,,"[{'type': 'MarginBalance', 'initial': '0.00', 'maintenance': '2.34', 'currency': 'USD', 'instrument_id': 'EUR/USD.IDEALPRO'}]",False,{}
100000.00,0.00,100000.00,EUR,IDEALPRO-001,MARGIN,,"[{'type': 'MarginBalance', 'initial': '0.00', 'maintenance': '2.34', 'currency': 'USD', 'instrument_id': 'EUR/USD.IDEALPRO'}]",False,{}
99999.92,2.34,99997.58,USD,IDEALPRO-001,MARGIN,,"[{'type': 'MarginBalance', 'initial': '0.00', 'maintenance': '2.34', 'currency': 'USD', 'instrument_id': 'EUR/USD.IDEALPRO'}]",False,{}
100000.00,0.00,100000.00,EUR,IDEALPRO-001,MARGIN,,"[{'type': 'MarginBalance', 'initial': '0.00', 'maintenance': '2.34', 'currency': 'USD', 'instrument_id': 'EUR/USD.IDEALPRO'}]",False,{}
99999.91,0.00,99999.91,USD,IDEALPRO-001,MARGIN,,[],False,{}
100000.00,0.00,100000.00,EUR,IDEALPRO-001,MARGIN,,[],False,{}
99999.91,0.00,99999.91,USD,IDEALPRO-001,MARGIN,,[],False,{}
100000.00,0.00,100000.00,EUR,IDEALPRO-001,MARGIN,,[],False,{}
99999.91,0.00,99999.91,USD,IDEALPRO-001,MARGIN,,[],False,{}
100000.00,0.00,100000.00,EUR,IDEALPRO-001,MARGIN,,[],False,{}
99999.91,0.00,99999.91,USD,IDEALPRO-001,MARGIN,,[],False,{}
100000.00,0.00,100000.00,EUR,IDEALPRO-001,MARGIN,,[],False,{}
99999.91,0.00,99999.91,USD,IDEALPRO-001,MARGIN,,[],False,{}
100000.00,0.00,100000.00,EUR,IDEALPRO-001,MARGIN,,[],False,{}
99999.91,0.00,99999.91,USD,IDEALPRO-001,MARGIN,,[],False,{}
100000.00,0.00,100000.00,EUR,IDEALPRO-001,MARGIN,,[],False,{}
99999.91,2.34,99997.57,USD,IDEALPRO-001,MARGIN,,"[{'type': 'MarginBalance', 'initial': '0.00', 'maintenance': '2.34', 'currency': 'USD', 'instrument_id': 'EUR/USD.IDEALPRO'}]",False,{}
100000.00,0.00,100000.00,EUR,IDEALPRO-001,MARGIN,,"[{'type': 'MarginBalance', 'initial': '0.00', 'maintenance': '2.34', 'currency': 'USD', 'instrument_id': 'EUR/USD.IDEALPRO'}]",False,{}
99999.91,2.34,99997.57,USD,IDEALPRO-001,MARGIN,,"[{'type': 'MarginBalance', 'initial': '0.00', 'maintenance': '2.34', 'currency': 'USD', 'instrument_id': 'EUR/USD.IDEALPRO'}]",False,{}
100000.00,0.00,100000.00,EUR,IDEALPRO-001,MARGIN,,"[{'type': 'MarginBalance', 'initial': '0.00', 'maintenance': '2.34', 'currency': 'USD', 'instrument_id': 'EUR/USD.IDEALPRO'}]",False,{}
99999.91,2.34,99997.57,USD,IDEALPRO-001,MARGIN,,"[{'type': 'MarginBalance', 'initial': '0.00', 'maintenance': '2.34', 'currency': 'USD', 'instrument_id': 'EUR/USD.IDEALPRO'}]",False,{}
100000.00,0.00,100000.00,EUR,IDEALPRO-001,MARGIN,,"[{'type': 'MarginBalance', 'initial': '0.00', 'maintenance': '2.34', 'currency': 'USD', 'instrument_id': 'EUR/USD.IDEALPRO'}]",False,{}
99999.91,2.34,99997.57,USD,IDEALPRO-001,MARGIN,,"[{'type': 'MarginBalance', 'initial': '0.00', 'maintenance': '2.34', 'currency': 'USD', 'instrument_id': 'EUR/USD.IDEALPRO'}]",False,{}
100000.00,0.00,100000.00,EUR,IDEALPRO-001,MARGIN,,"[{'type': 'MarginBalance', 'initial': '0.00', 'maintenance': '2.34', 'currency': 'USD', 'instrument_id': 'EUR/USD.IDEALPRO'}]",False,{}
99999.92,0.00,99999.92,USD,IDEALPRO-001,MARGIN,,[],False,{}
100000.00,0.00,100000.00,EUR,IDEALPRO-001,MARGIN,,[],False,{}
99999.92,0.00,99999.92,USD,IDEALPRO-001,MARGIN,,[],False,{}
100000.00,0.00,100000.00,EUR,IDEALPRO-001,MARGIN,,[],False,{}
99999.92,0.00,99999.92,USD,IDEALPRO-001,MARGIN,,[],False,{}
100000.00,0.00,100000.00,EUR,IDEALPRO-001,MARGIN,,[],False,{}
99999.92,0.00,99999.92,USD,IDEALPRO-001,MARGIN,,[],False,{}
100000.00,0.00,100000.00,EUR,IDEALPRO-001,MARGIN,,[],False,{}
99999.92,0.00,99999.92,USD,IDEALPRO-001,MARGIN,,[],False,{}
100000.00,0.00,100000.00,EUR,IDEALPRO-001,MARGIN,,[],False,{}
99999.92,0.00,99999.92,USD,IDEALPRO-001,MARGIN,,[],False,{}
100000.00,0.00,100000.00,EUR,IDEALPRO-001,MARGIN,,[],False,{}
99999.92,2.34,99997.58,USD,IDEALPRO-001,MARGIN,,"[{'type': 'MarginBalance', 'initial': '0.00', 'maintenance': '2.34', 'currency': 'USD', 'instrument_id': 'EUR/USD.IDEALPRO'}]",False,{}
100000.00,0.00,100000.00,EUR,IDEALPRO-001,MARGIN,,"[{'type': 'MarginBalance', 'initial': '0.00', 'maintenance': '2.34', 'currency': 'USD', 'instrument_id': 'EUR/USD.IDEALPRO'}]",False,{}
99999.92,2.34,99997.58,USD,IDEALPRO-001,MARGIN,,"[{'type': 'MarginBalance', 'initial': '0.00', 'maintenance': '2.34', 'currency': 'USD', 'instrument_id': 'EUR/USD.IDEALPRO'}]",False,{}
100000.00,0.00,100000.00,EUR,IDEALPRO-001,MARGIN,,"[{'type': 'MarginBalance', 'initial': '0.00', 'maintenance': '2.34', 'currency': 'USD', 'instrument_id': 'EUR/USD.IDEALPRO'}]",False,{}
99999.92,2.34,99997.58,USD,IDEALPRO-001,MARGIN,,"[{'type': 'MarginBalance', 'initial': '0.00', 'maintenance': '2.34', 'currency': 'USD', 'instrument_id': 'EUR/USD.IDEALPRO'}]",False,{}
100000.00,0.00,100000.00,EUR,IDEALPRO-001,MARGIN,,"[{'type': 'MarginBalance', 'initial': '0.00', 'maintenance': '2.34', 'currency': 'USD', 'instrument_id': 'EUR/USD.IDEALPRO'}]",False,{}
99999.92,2.34,99997.58,USD,IDEALPRO-001,MARGIN,,"[{'type': 'MarginBalance', 'initial': '0.00', 'maintenance': '2.34', 'currency': 'USD', 'instrument_id': 'EUR/USD.IDEALPRO'}]",False,{}
100000.00,0.00,100000.00,EUR,IDEALPRO-001,MARGIN,,"[{'type': 'MarginBalance', 'initial': '0.00', 'maintenance': '2.34', 'currency': 'USD', 'instrument_id': 'EUR/USD.IDEALPRO'}]",False,{}
99999.96,0.00,99999.96,USD,IDEALPRO-001,MARGIN,,[],False,{}
100000.00,0.00,100000.00,EUR,IDEALPRO-001,MARGIN,,[],False,{}
99999.96,0.00,99999.96,USD,IDEALPRO-001,MARGIN,,[],False,{}
100000.00,0.00,100000.00,EUR,IDEALPRO-001,MARGIN,,[],False,{}
99999.96,0.00,99999.96,USD,IDEALPRO-001,MARGIN,,[],False,{}
100000.00,0.00,100000.00,EUR,IDEALPRO-001,MARGIN,,[],False,{}
99999.96,0.00,99999.96,USD,IDEALPRO-001,MARGIN,,[],False,{}
100000.00,0.00,100000.00,EUR,IDEALPRO-001,MARGIN,,[],False,{}
99999.96,0.00,99999.96,USD,IDEALPRO-001,MARGIN,,[],False,{}
100000.00,0.00,100000.00,EUR,IDEALPRO-001,MARGIN,,[],False,{}
99999.96,0.00,99999.96,USD,IDEALPRO-001,MARGIN,,[],False,{}
100000.00,0.00,100000.00,EUR,IDEALPRO-001,MARGIN,,[],False,{}
99999.96,2.34,99997.62,USD,IDEALPRO-001,MARGIN,,"[{'type': 'MarginBalance', 'initial': '0.00', 'maintenance': '2.34', 'currency': 'USD', 'instrument_id': 'EUR/USD.IDEALPRO'}]",False,{}
100000.00,0.00,100000.00,EUR,IDEALPRO-001,MARGIN,,"[{'type': 'MarginBalance', 'initial': '0.00', 'maintenance': '2.34', 'currency': 'USD', 'instrument_id': 'EUR/USD.IDEALPRO'}]",False,{}
99999.96,2.34,99997.62,USD,IDEALPRO-001,MARGIN,,"[{'type': 'MarginBalance', 'initial': '0.00', 'maintenance': '2.34', 'currency': 'USD', 'instrument_id': 'EUR/USD.IDEALPRO'}]",False,{}
100000.00,0.00,100000.00,EUR,IDEALPRO-001,MARGIN,,"[{'type': 'MarginBalance', 'initial': '0.00', 'maintenance': '2.34', 'currency': 'USD', 'instrument_id': 'EUR/USD.IDEALPRO'}]",False,{}
99999.96,2.34,99997.62,USD,IDEALPRO-001,MARGIN,,"[{'type': 'MarginBalance', 'initial': '0.00', 'maintenance': '2.34', 'currency': 'USD', 'instrument_id': 'EUR/USD.IDEALPRO'}]",False,{}
100000.00,0.00,100000.00,EUR,IDEALPRO-001,MARGIN,,"[{'type': 'MarginBalance', 'initial': '0.00', 'maintenance': '2.34', 'currency': 'USD', 'instrument_id': 'EUR/USD.IDEALPRO'}]",False,{}
99999.96,2.34,99997.62,USD,IDEALPRO-001,MARGIN,,"[{'type': 'MarginBalance', 'initial': '0.00', 'maintenance': '2.34', 'currency': 'USD', 'instrument_id': 'EUR/USD.IDEALPRO'}]",False,{}
100000.00,0.00,100000.00,EUR,IDEALPRO-001,MARGIN,,"[{'type': 'MarginBalance', 'initial': '0.00', 'maintenance': '2.34', 'currency': 'USD', 'instrument_id': 'EUR/USD.IDEALPRO'}]",False,{}
99999.97,0.00,99999.97,USD,IDEALPRO-001,MARGIN,,[],False,{}
100000.00,0.00,100000.00,EUR,IDEALPRO-001,MARGIN,,[],False,{}
99999.97,0.00,99999.97,USD,IDEALPRO-001,MARGIN,,[],False,{}
100000.00,0.00,100000.00,EUR,IDEALPRO-001,MARGIN,,[],False,{}
99999.97,0.00,99999.97,USD,IDEALPRO-001,MARGIN,,[],False,{}
100000.00,0.00,100000.00,EUR,IDEALPRO-001,MARGIN,,[],False,{}
99999.97,0.00,99999.97,USD,IDEALPRO-001,MARGIN,,[],False,{}
100000.00,0.00,100000.00,EUR,IDEALPRO-001,MARGIN,,[],False,{}
99999.97,0.00,99999.97,USD,IDEALPRO-001,MARGIN,,[],False,{}
100000.00,0.00,100000.00,EUR,IDEALPRO-001,MARGIN,,[],False,{}
99999.97,0.00,99999.97,USD,IDEALPRO-001,MARGIN,,[],False,{}
100000.00,0.00,100000.00,EUR,IDEALPRO-001,MARGIN,,[],False,{}
99999.97,2.34,99997.63,USD,IDEALPRO-001,MARGIN,,"[{'type': 'MarginBalance', 'initial': '0.00', 'maintenance': '2.34', 'currency': 'USD', 'instrument_id': 'EUR/USD.IDEALPRO'}]",False,{}
100000.00,0.00,100000.00,EUR,IDEALPRO-001,MARGIN,,"[{'type': 'MarginBalance', 'initial': '0.00', 'maintenance': '2.34', 'currency': 'USD', 'instrument_id': 'EUR/USD.IDEALPRO'}]",False,{}
99999.97,2.34,99997.63,USD,IDEALPRO-001,MARGIN,,"[{'type': 'MarginBalance', 'initial': '0.00', 'maintenance': '2.34', 'currency': 'USD', 'instrument_id': 'EUR/USD.IDEALPRO'}]",False,{}
100000.00,0.00,100000.00,EUR,IDEALPRO-001,MARGIN,,"[{'type': 'MarginBalance', 'initial': '0.00', 'maintenance': '2.34', 'currency': 'USD', 'instrument_id': 'EUR/USD.IDEALPRO'}]",False,{}
99999.97,2.34,99997.63,USD,IDEALPRO-001,MARGIN,,"[{'type': 'MarginBalance', 'initial': '0.00', 'maintenance': '2.34', 'currency': 'USD', 'instrument_id': 'EUR/USD.IDEALPRO'}]",False,{}
100000.00,0.00,100000.00,EUR,IDEALPRO-001,MARGIN,,"[{'type': 'MarginBalance', 'initial': '0.00', 'maintenance': '2.34', 'currency': 'USD', 'instrument_id': 'EUR/USD.IDEALPRO'}]",False,{}
99999.97,2.34,99997.63,USD,IDEALPRO-001,MARGIN,,"[{'type': 'MarginBalance', 'initial': '0.00', 'maintenance': '2.34', 'currency': 'USD', 'instrument_id': 'EUR/USD.IDEALPRO'}]",False,{}
100000.00,0.00,100000.00,EUR,IDEALPRO-001,MARGIN,,"[{'type': 'MarginBalance', 'initial': '0.00', 'maintenance': '2.34', 'currency': 'USD', 'instrument_id': 'EUR/USD.IDEALPRO'}]",False,{}
100000.05,0.00,100000.05,USD,IDEALPRO-001,MARGIN,,[],False,{}
100000.00,0.00,100000.00,EUR,IDEALPRO-001,MARGIN,,[],False,{}
100000.05,0.00,100000.05,USD,IDEALPRO-001,MARGIN,,[],False,{}
100000.00,0.00,100000.00,EUR,IDEALPRO-001,MARGIN,,[],False,{}
100000.05,0.00,100000.05,USD,IDEALPRO-001,MARGIN,,[],False,{}
100000.00,0.00,100000.00,EUR,IDEALPRO-001,MARGIN,,[],False,{}
100000.05,0.00,100000.05,USD,IDEALPRO-001,MARGIN,,[],False,{}
100000.00,0.00,100000.00,EUR,IDEALPRO-001,MARGIN,,[],False,{}
100000.05,0.00,100000.05,USD,IDEALPRO-001,MARGIN,,[],False,{}
100000.00,0.00,100000.00,EUR,IDEALPRO-001,MARGIN,,[],False,{}
100000.05,0.00,100000.05,USD,IDEALPRO-001,MARGIN,,[],False,{}
100000.00,0.00,100000.00,EUR,IDEALPRO-001,MARGIN,,[],False,{}
100000.05,2.35,99997.70,USD,IDEALPRO-001,MARGIN,,"[{'type': 'MarginBalance', 'initial': '0.00', 'maintenance': '2.35', 'currency': 'USD', 'instrument_id': 'EUR/USD.IDEALPRO'}]",False,{}
100000.00,0.00,100000.00,EUR,IDEALPRO-001,MARGIN,,"[{'type': 'MarginBalance', 'initial': '0.00', 'maintenance': '2.35', 'currency': 'USD', 'instrument_id': 'EUR/USD.IDEALPRO'}]",False,{}
100000.05,2.35,99997.70,USD,IDEALPRO-001,MARGIN,,"[{'type': 'MarginBalance', 'initial': '0.00', 'maintenance': '2.35', 'currency': 'USD', 'instrument_id': 'EUR/USD.IDEALPRO'}]",False,{}
100000.00,0.00,100000.00,EUR,IDEALPRO-001,MARGIN,,"[{'type': 'MarginBalance', 'initial': '0.00', 'maintenance': '2.35', 'currency': 'USD', 'instrument_id': 'EUR/USD.IDEALPRO'}]",False,{}
100000.05,2.35,99997.70,USD,IDEALPRO-001,MARGIN,,"[{'type': 'MarginBalance', 'initial': '0.00', 'maintenance': '2.35', 'currency': 'USD', 'instrument_id': 'EUR/USD.IDEALPRO'}]",False,{}
100000.00,0.00,100000.00,EUR,IDEALPRO-001,MARGIN,,"[{'type': 'MarginBalance', 'initial': '0.00', 'maintenance': '2.35', 'currency': 'USD', 'instrument_id': 'EUR/USD.IDEALPRO'}]",False,{}
100000.05,2.35,99997.70,USD,IDEALPRO-001,MARGIN,,"[{'type': 'MarginBalance', 'initial': '0.00', 'maintenance': '2.35', 'currency': 'USD', 'instrument_id': 'EUR/USD.IDEALPRO'}]",False,{}
100000.00,0.00,100000.00,EUR,IDEALPRO-001,MARGIN,,"[{'type': 'MarginBalance', 'initial': '0.00', 'maintenance': '2.35', 'currency': 'USD', 'instrument_id': 'EUR/USD.IDEALPRO'}]",False,{}
100000.06,0.00,100000.06,USD,IDEALPRO-001,MARGIN,,[],False,{}
100000.00,0.00,100000.00,EUR,IDEALPRO-001,MARGIN,,[],False,{}
100000.06,0.00,100000.06,USD,IDEALPRO-001,MARGIN,,[],False,{}
100000.00,0.00,100000.00,EUR,IDEALPRO-001,MARGIN,,[],False,{}
100000.06,0.00,100000.06,USD,IDEALPRO-001,MARGIN,,[],False,{}
100000.00,0.00,100000.00,EUR,IDEALPRO-001,MARGIN,,[],False,{}
100000.06,0.00,100000.06,USD,IDEALPRO-001,MARGIN,,[],False,{}
100000.00,0.00,100000.00,EUR,IDEALPRO-001,MARGIN,,[],False,{}
100000.06,0.00,100000.06,USD,IDEALPRO-001,MARGIN,,[],False,{}
100000.00,0.00,100000.00,EUR,IDEALPRO-001,MARGIN,,[],False,{}
100000.06,0.00,100000.06,USD,IDEALPRO-001,MARGIN,,[],False,{}
100000.00,0.00,100000.00,EUR,IDEALPRO-001,MARGIN,,[],False,{}
100000.06,2.35,99997.71,USD,IDEALPRO-001,MARGIN,,"[{'type': 'MarginBalance', 'initial': '0.00', 'maintenance': '2.35', 'currency': 'USD', 'instrument_id': 'EUR/USD.IDEALPRO'}]",False,{}
100000.00,0.00,100000.00,EUR,IDEALPRO-001,MARGIN,,"[{'type': 'MarginBalance', 'initial': '0.00', 'maintenance': '2.35', 'currency': 'USD', 'instrument_id': 'EUR/USD.IDEALPRO'}]",False,{}
100000.06,2.35,99997.71,USD,IDEALPRO-001,MARGIN,,"[{'type': 'MarginBalance', 'initial': '0.00', 'maintenance': '2.35', 'currency': 'USD', 'instrument_id': 'EUR/USD.IDEALPRO'}]",False,{}
100000.00,0.00,100000.00,EUR,IDEALPRO-001,MARGIN,,"[{'type': 'MarginBalance', 'initial': '0.00', 'maintenance': '2.35', 'currency': 'USD', 'instrument_id': 'EUR/USD.IDEALPRO'}]",False,{}
100000.06,2.35,99997.71,USD,IDEALPRO-001,MARGIN,,"[{'type': 'MarginBalance', 'initial': '0.00', 'maintenance': '2.35', 'currency': 'USD', 'instrument_id': 'EUR/USD.IDEALPRO'}]",False,{}
100000.00,0.00,100000.00,EUR,IDEALPRO-001,MARGIN,,"[{'type': 'MarginBalance', 'initial': '0.00', 'maintenance': '2.35', 'currency': 'USD', 'instrument_id': 'EUR/USD.IDEALPRO'}]",False,{}
100000.06,2.35,99997.71,USD,IDEALPRO-001,MARGIN,,"[{'type': 'MarginBalance', 'initial': '0.00', 'maintenance': '2.35', 'currency': 'USD', 'instrument_id': 'EUR/USD.IDEALPRO'}]",False,{}
100000.00,0.00,100000.00,EUR,IDEALPRO-001,MARGIN,,"[{'type': 'MarginBalance', 'initial': '0.00', 'maintenance': '2.35', 'currency': 'USD', 'instrument_id': 'EUR/USD.IDEALPRO'}]",False,{}
100000.02,0.00,100000.02,USD,IDEALPRO-001,MARGIN,,[],False,{}
100000.00,0.00,100000.00,EUR,IDEALPRO-001,MARGIN,,[],False,{}
100000.02,0.00,100000.02,USD,IDEALPRO-001,MARGIN,,[],False,{}
100000.00,0.00,100000.00,EUR,IDEALPRO-001,MARGIN,,[],False,{}
100000.02,0.00,100000.02,USD,IDEALPRO-001,MARGIN,,[],False,{}
100000.00,0.00,100000.00,EUR,IDEALPRO-001,MARGIN,,[],False,{}
100000.02,0.00,100000.02,USD,IDEALPRO-001,MARGIN,,[],False,{}
100000.00,0.00,100000.00,EUR,IDEALPRO-001,MARGIN,,[],False,{}
100000.02,0.00,100000.02,USD,IDEALPRO-001,MARGIN,,[],False,{}
100000.00,0.00,100000.00,EUR,IDEALPRO-001,MARGIN,,[],False,{}
100000.02,0.00,100000.02,USD,IDEALPRO-001,MARGIN,,[],False,{}
100000.00,0.00,100000.00,EUR,IDEALPRO-001,MARGIN,,[],False,{}
100000.02,2.35,99997.67,USD,IDEALPRO-001,MARGIN,,"[{'type': 'MarginBalance', 'initial': '0.00', 'maintenance': '2.35', 'currency': 'USD', 'instrument_id': 'EUR/USD.IDEALPRO'}]",False,{}
100000.00,0.00,100000.00,EUR,IDEALPRO-001,MARGIN,,"[{'type': 'MarginBalance', 'initial': '0.00', 'maintenance': '2.35', 'currency': 'USD', 'instrument_id': 'EUR/USD.IDEALPRO'}]",False,{}
100000.02,2.35,99997.67,USD,IDEALPRO-001,MARGIN,,"[{'type': 'MarginBalance', 'initial': '0.00', 'maintenance': '2.35', 'currency': 'USD', 'instrument_id': 'EUR/USD.IDEALPRO'}]",False,{}
100000.00,0.00,100000.00,EUR,IDEALPRO-001,MARGIN,,"[{'type': 'MarginBalance', 'initial': '0.00', 'maintenance': '2.35', 'currency': 'USD', 'instrument_id': 'EUR/USD.IDEALPRO'}]",False,{}
100000.02,2.35,99997.67,USD,IDEALPRO-001,MARGIN,,"[{'type': 'MarginBalance', 'initial': '0.00', 'maintenance': '2.35', 'currency': 'USD', 'instrument_id': 'EUR/USD.IDEALPRO'}]",False,{}
100000.00,0.00,100000.00,EUR,IDEALPRO-001,MARGIN,,"[{'type': 'MarginBalance', 'initial': '0.00', 'maintenance': '2.35', 'currency': 'USD', 'instrument_id': 'EUR/USD.IDEALPRO'}]",False,{}
99999.96,0.00,99999.96,USD,IDEALPRO-001,MARGIN,,[],False,{}
100000.00,0.00,100000.00,EUR,IDEALPRO-001,MARGIN,,[],False,{}
99999.96,0.00,99999.96,USD,IDEALPRO-001,MARGIN,,[],False,{}
100000.00,0.00,100000.00,EUR,IDEALPRO-001,MARGIN,,[],False,{}
99999.96,0.00,99999.96,USD,IDEALPRO-001,MARGIN,,[],False,{}
100000.00,0.00,100000.00,EUR,IDEALPRO-001,MARGIN,,[],False,{}
99999.96,0.00,99999.96,USD,IDEALPRO-001,MARGIN,,[],False,{}
100000.00,0.00,100000.00,EUR,IDEALPRO-001,MARGIN,,[],False,{}
99999.96,0.00,99999.96,USD,IDEALPRO-001,MARGIN,,[],False,{}
100000.00,0.00,100000.00,EUR,IDEALPRO-001,MARGIN,,[],False,{}
99999.96,2.34,99997.62,USD,IDEALPRO-001,MARGIN,,"[{'type': 'MarginBalance', 'initial': '0.00', 'maintenance': '2.34', 'currency': 'USD', 'instrument_id': 'EUR/USD.IDEALPRO'}]",False,{}
100000.00,0.00,100000.00,EUR,IDEALPRO-001,MARGIN,,"[{'type': 'MarginBalance', 'initial': '0.00', 'maintenance': '2.34', 'currency': 'USD', 'instrument_id': 'EUR/USD.IDEALPRO'}]",False,{}
99999.96,2.34,99997.62,USD,IDEALPRO-001,MARGIN,,"[{'type': 'MarginBalance', 'initial': '0.00', 'maintenance': '2.34', 'currency': 'USD', 'instrument_id': 'EUR/USD.IDEALPRO'}]",False,{}
100000.00,0.00,100000.00,EUR,IDEALPRO-001,MARGIN,,"[{'type': 'MarginBalance', 'initial': '0.00', 'maintenance': '2.34', 'currency': 'USD', 'instrument_id': 'EUR/USD.IDEALPRO'}]",False,{}
99999.96,2.34,99997.62,USD,IDEALPRO-001,MARGIN,,"[{'type': 'MarginBalance', 'initial': '0.00', 'maintenance': '2.34', 'currency': 'USD', 'instrument_id': 'EUR/USD.IDEALPRO'}]",False,{}
100000.00,0.00,100000.00,EUR,IDEALPRO-001,MARGIN,,"[{'type': 'MarginBalance', 'initial': '0.00', 'maintenance': '2.34', 'currency': 'USD', 'instrument_id': 'EUR/USD.IDEALPRO'}]",False,{}
99999.96,2.34,99997.62,USD,IDEALPRO-001,MARGIN,,"[{'type': 'MarginBalance', 'initial': '0.00', 'maintenance': '2.34', 'currency': 'USD', 'instrument_id': 'EUR/USD.IDEALPRO'}]",False,{}
100000.00,0.00,100000.00,EUR,IDEALPRO-001,MARGIN,,"[{'type': 'MarginBalance', 'initial': '0.00', 'maintenance': '2.34', 'currency': 'USD', 'instrument_id': 'EUR/USD.IDEALPRO'}]",False,{}
100000.01,0.00,100000.01,USD,IDEALPRO-001,MARGIN,,[],False,{}
100000.00,0.00,100000.00,EUR,IDEALPRO-001,MARGIN,,[],False,{}
100000.01,0.00,100000.01,USD,IDEALPRO-001,MARGIN,,[],False,{}
100000.00,0.00,100000.00,EUR,IDEALPRO-001,MARGIN,,[],False,{}
100000.01,0.00,100000.01,USD,IDEALPRO-001,MARGIN,,[],False,{}
100000.00,0.00,100000.00,EUR,IDEALPRO-001,MARGIN,,[],False,{}
100000.01,0.00,100000.01,USD,IDEALPRO-001,MARGIN,,[],False,{}
100000.00,0.00,100000.00,EUR,IDEALPRO-001,MARGIN,,[],False,{}
100000.01,0.00,100000.01,USD,IDEALPRO-001,MARGIN,,[],False,{}
100000.00,0.00,100000.00,EUR,IDEALPRO-001,MARGIN,,[],False,{}
100000.01,0.00,100000.01,USD,IDEALPRO-001,MARGIN,,[],False,{}
100000.00,0.00,100000.00,EUR,IDEALPRO-001,MARGIN,,[],False,{}
100000.01,2.34,99997.67,USD,IDEALPRO-001,MARGIN,,"[{'type': 'MarginBalance', 'initial': '0.00', 'maintenance': '2.34', 'currency': 'USD', 'instrument_id': 'EUR/USD.IDEALPRO'}]",False,{}
100000.00,0.00,100000.00,EUR,IDEALPRO-001,MARGIN,,"[{'type': 'MarginBalance', 'initial': '0.00', 'maintenance': '2.34', 'currency': 'USD', 'instrument_id': 'EUR/USD.IDEALPRO'}]",False,{}
100000.01,2.34,99997.67,USD,IDEALPRO-001,MARGIN,,"[{'type': 'MarginBalance', 'initial': '0.00', 'maintenance': '2.34', 'currency': 'USD', 'instrument_id': 'EUR/USD.IDEALPRO'}]",False,{}
100000.00,0.00,100000.00,EUR,IDEALPRO-001,MARGIN,,"[{'type': 'MarginBalance', 'initial': '0.00', 'maintenance': '2.34', 'currency': 'USD', 'instrument_id': 'EUR/USD.IDEALPRO'}]",False,{}
100000.01,2.34,99997.67,USD,IDEALPRO-001,MARGIN,,"[{'type': 'MarginBalance', 'initial': '0.00', 'maintenance': '2.34', 'currency': 'USD', 'instrument_id': 'EUR/USD.IDEALPRO'}]",False,{}
100000.00,0.00,100000.00,EUR,IDEALPRO-001,MARGIN,,"[{'type': 'MarginBalance', 'initial': '0.00', 'maintenance': '2.34', 'currency': 'USD', 'instrument_id': 'EUR/USD.IDEALPRO'}]",False,{}
100000.01,2.34,99997.67,USD,IDEALPRO-001,MARGIN,,"[{'type': 'MarginBalance', 'initial': '0.00', 'maintenance': '2.34', 'currency': 'USD', 'instrument_id': 'EUR/USD.IDEALPRO'}]",False,{}
100000.00,0.00,100000.00,EUR,IDEALPRO-001,MARGIN,,"[{'type': 'MarginBalance', 'initial': '0.00', 'maintenance': '2.34', 'currency': 'USD', 'instrument_id': 'EUR/USD.IDEALPRO'}]",False,{}
100000.00,0.00,100000.00,USD,IDEALPRO-001,MARGIN,,[],False,{}
100000.00,0.00,100000.00,EUR,IDEALPRO-001,MARGIN,,[],False,{}
100000.00,0.00,100000.00,USD,IDEALPRO-001,MARGIN,,[],False,{}
100000.00,0.00,100000.00,EUR,IDEALPRO-001,MARGIN,,[],False,{}
100000.00,0.00,100000.00,USD,IDEALPRO-001,MARGIN,,[],False,{}
100000.00,0.00,100000.00,EUR,IDEALPRO-001,MARGIN,,[],False,{}
100000.00,0.00,100000.00,USD,IDEALPRO-001,MARGIN,,[],False,{}
100000.00,0.00,100000.00,EUR,IDEALPRO-001,MARGIN,,[],False,{}
100000.00,0.00,100000.00,USD,IDEALPRO-001,MARGIN,,[],False,{}
100000.00,0.00,100000.00,EUR,IDEALPRO-001,MARGIN,,[],False,{}
100000.00,0.00,100000.00,USD,IDEALPRO-001,MARGIN,,[],False,{}
100000.00,0.00,100000.00,EUR,IDEALPRO-001,MARGIN,,[],False,{}
100000.00,2.34,99997.66,USD,IDEALPRO-001,MARGIN,,"[{'type': 'MarginBalance', 'initial': '0.00', 'maintenance': '2.34', 'currency': 'USD', 'instrument_id': 'EUR/USD.IDEALPRO'}]",False,{}
100000.00,0.00,100000.00,EUR,IDEALPRO-001,MARGIN,,"[{'type': 'MarginBalance', 'initial': '0.00', 'maintenance': '2.34', 'currency': 'USD', 'instrument_id': 'EUR/USD.IDEALPRO'}]",False,{}
100000.00,2.34,99997.66,USD,IDEALPRO-001,MARGIN,,"[{'type': 'MarginBalance', 'initial': '0.00', 'maintenance': '2.34', 'currency': 'USD', 'instrument_id': 'EUR/USD.IDEALPRO'}]",False,{}
100000.00,0.00,100000.00,EUR,IDEALPRO-001,MARGIN,,"[{'type': 'MarginBalance', 'initial': '0.00', 'maintenance': '2.34', 'currency': 'USD', 'instrument_id': 'EUR/USD.IDEALPRO'}]",False,{}
100000.00,2.34,99997.66,USD,IDEALPRO-001,MARGIN,,"[{'type': 'MarginBalance', 'initial': '0.00', 'maintenance': '2.34', 'currency': 'USD', 'instrument_id': 'EUR/USD.IDEALPRO'}]",False,{}
100000.00,0.00,100000.00,EUR,IDEALPRO-001,MARGIN,,"[{'type': 'MarginBalance', 'initial': '0.00', 'maintenance': '2.34', 'currency': 'USD', 'instrument_id': 'EUR/USD.IDEALPRO'}]",False,{}
100000.00,2.34,99997.66,USD,IDEALPRO-001,MARGIN,,"[{'type': 'MarginBalance', 'initial': '0.00', 'maintenance': '2.34', 'currency': 'USD', 'instrument_id': 'EUR/USD.IDEALPRO'}]",False,{}
100000.00,0.00,100000.00,EUR,IDEALPRO-001,MARGIN,,"[{'type': 'MarginBalance', 'initial': '0.00', 'maintenance': '2.34', 'currency': 'USD', 'instrument_id': 'EUR/USD.IDEALPRO'}]",False,{}
100000.01,0.00,100000.01,USD,IDEALPRO-001,MARGIN,,[],False,{}
100000.00,0.00,100000.00,EUR,IDEALPRO-001,MARGIN,,[],False,{}
100000.01,0.00,100000.01,USD,IDEALPRO-001,MARGIN,,[],False,{}
100000.00,0.00,100000.00,EUR,IDEALPRO-001,MARGIN,,[],False,{}
100000.01,0.00,100000.01,USD,IDEALPRO-001,MARGIN,,[],False,{}
100000.00,0.00,100000.00,EUR,IDEALPRO-001,MARGIN,,[],False,{}
100000.01,0.00,100000.01,USD,IDEALPRO-001,MARGIN,,[],False,{}
100000.00,0.00,100000.00,EUR,IDEALPRO-001,MARGIN,,[],False,{}
100000.01,0.00,100000.01,USD,IDEALPRO-001,MARGIN,,[],False,{}
100000.00,0.00,100000.00,EUR,IDEALPRO-001,MARGIN,,[],False,{}
100000.01,0.00,100000.01,USD,IDEALPRO-001,MARGIN,,[],False,{}
100000.00,0.00,100000.00,EUR,IDEALPRO-001,MARGIN,,[],False,{}
100000.01,2.34,99997.67,USD,IDEALPRO-001,MARGIN,,"[{'type': 'MarginBalance', 'initial': '0.00', 'maintenance': '2.34', 'currency': 'USD', 'instrument_id': 'EUR/USD.IDEALPRO'}]",False,{}
100000.00,0.00,100000.00,EUR,IDEALPRO-001,MARGIN,,"[{'type': 'MarginBalance', 'initial': '0.00', 'maintenance': '2.34', 'currency': 'USD', 'instrument_id': 'EUR/USD.IDEALPRO'}]",False,{}
100000.01,2.34,99997.67,USD,IDEALPRO-001,MARGIN,,"[{'type': 'MarginBalance', 'initial': '0.00', 'maintenance': '2.34', 'currency': 'USD', 'instrument_id': 'EUR/USD.IDEALPRO'}]",False,{}
100000.00,0.00,100000.00,EUR,IDEALPRO-001,MARGIN,,"[{'type': 'MarginBalance', 'initial': '0.00', 'maintenance': '2.34', 'currency': 'USD', 'instrument_id': 'EUR/USD.IDEALPRO'}]",False,{}
100000.01,2.34,99997.67,USD,IDEALPRO-001,MARGIN,,"[{'type': 'MarginBalance', 'initial': '0.00', 'maintenance': '2.34', 'currency': 'USD', 'instrument_id': 'EUR/USD.IDEALPRO'}]",False,{}
100000.00,0.00,100000.00,EUR,IDEALPRO-001,MARGIN,,"[{'type': 'MarginBalance', 'initial': '0.00', 'maintenance': '2.34', 'currency': 'USD', 'instrument_id': 'EUR/USD.IDEALPRO'}]",False,{}
100000.01,2.34,99997.67,USD,IDEALPRO-001,MARGIN,,"[{'type': 'MarginBalance', 'initial': '0.00', 'maintenance': '2.34', 'currency': 'USD', 'instrument_id': 'EUR/USD.IDEALPRO'}]",False,{}
100000.00,0.00,100000.00,EUR,IDEALPRO-001,MARGIN,,"[{'type': 'MarginBalance', 'initial': '0.00', 'maintenance': '2.34', 'currency': 'USD', 'instrument_id': 'EUR/USD.IDEALPRO'}]",False,{}
99999.97,0.00,99999.97,USD,IDEALPRO-001,MARGIN,,[],False,{}
100000.00,0.00,100000.00,EUR,IDEALPRO-001,MARGIN,,[],False,{}
99999.97,0.00,99999.97,USD,IDEALPRO-001,MARGIN,,[],False,{}
100000.00,0.00,100000.00,EUR,IDEALPRO-001,MARGIN,,[],False,{}
99999.97,0.00,99999.97,USD,IDEALPRO-001,MARGIN,,[],False,{}
100000.00,0.00,100000.00,EUR,IDEALPRO-001,MARGIN,,[],False,{}
99999.97,0.00,99999.97,USD,IDEALPRO-001,MARGIN,,[],False,{}
100000.00,0.00,100000.00,EUR,IDEALPRO-001,MARGIN,,[],False,{}
99999.97,0.00,99999.97,USD,IDEALPRO-001,MARGIN,,[],False,{}
100000.00,0.00,100000.00,EUR,IDEALPRO-001,MARGIN,,[],False,{}
99999.97,0.00,99999.97,USD,IDEALPRO-001,MARGIN,,[],False,{}
100000.00,0.00,100000.00,EUR,IDEALPRO-001,MARGIN,,[],False,{}
99999.97,2.34,99997.63,USD,IDEALPRO-001,MARGIN,,"[{'type': 'MarginBalance', 'initial': '0.00', 'maintenance': '2.34', 'currency': 'USD', 'instrument_id': 'EUR/USD.IDEALPRO'}]",False,{}
100000.00,0.00,100000.00,EUR,IDEALPRO-001,MARGIN,,"[{'type': 'MarginBalance', 'initial': '0.00', 'maintenance': '2.34', 'currency': 'USD', 'instrument_id': 'EUR/USD.IDEALPRO'}]",False,{}
99999.97,2.34,99997.63,USD,IDEALPRO-001,MARGIN,,"[{'type': 'MarginBalance', 'initial': '0.00', 'maintenance': '2.34', 'currency': 'USD', 'instrument_id': 'EUR/USD.IDEALPRO'}]",False,{}
100000.00,0.00,100000.00,EUR,IDEALPRO-001,MARGIN,,"[{'type': 'MarginBalance', 'initial': '0.00', 'maintenance': '2.34', 'currency': 'USD', 'instrument_id': 'EUR/USD.IDEALPRO'}]",False,{}
99999.97,2.34,99997.63,USD,IDEALPRO-001,MARGIN,,"[{'type': 'MarginBalance', 'initial': '0.00', 'maintenance': '2.34', 'currency': 'USD', 'instrument_id': 'EUR/USD.IDEALPRO'}]",False,{}
100000.00,0.00,100000.00,EUR,IDEALPRO-001,MARGIN,,"[{'type': 'MarginBalance', 'initial': '0.00', 'maintenance': '2.34', 'currency': 'USD', 'instrument_id': 'EUR/USD.IDEALPRO'}]",False,{}
99999.97,2.34,99997.63,USD,IDEALPRO-001,MARGIN,,"[{'type': 'MarginBalance', 'initial': '0.00', 'maintenance': '2.34', 'currency': 'USD', 'instrument_id': 'EUR/USD.IDEALPRO'}]",False,{}
100000.00,0.00,100000.00,EUR,IDEALPRO-001,MARGIN,,"[{'type': 'MarginBalance', 'initial': '0.00', 'maintenance': '2.34', 'currency': 'USD', 'instrument_id': 'EUR/USD.IDEALPRO'}]",False,{}
99999.98,0.00,99999.98,USD,IDEALPRO-001,MARGIN,,[],False,{}
100000.00,0.00,100000.00,EUR,IDEALPRO-001,MARGIN,,[],False,{}
99999.98,0.00,99999.98,USD,IDEALPRO-001,MARGIN,,[],False,{}
100000.00,0.00,100000.00,EUR,IDEALPRO-001,MARGIN,,[],False,{}
99999.98,0.00,99999.98,USD,IDEALPRO-001,MARGIN,,[],False,{}
100000.00,0.00,100000.00,EUR,IDEALPRO-001,MARGIN,,[],False,{}
99999.98,0.00,99999.98,USD,IDEALPRO-001,MARGIN,,[],False,{}
100000.00,0.00,100000.00,EUR,IDEALPRO-001,MARGIN,,[],False,{}
99999.98,0.00,99999.98,USD,IDEALPRO-001,MARGIN,,[],False,{}
100000.00,0.00,100000.00,EUR,IDEALPRO-001,MARGIN,,[],False,{}
99999.98,0.00,99999.98,USD,IDEALPRO-001,MARGIN,,[],False,{}
100000.00,0.00,100000.00,EUR,IDEALPRO-001,MARGIN,,[],False,{}
99999.98,2.34,99997.64,USD,IDEALPRO-001,MARGIN,,"[{'type': 'MarginBalance', 'initial': '0.00', 'maintenance': '2.34', 'currency': 'USD', 'instrument_id': 'EUR/USD.IDEALPRO'}]",False,{}
100000.00,0.00,100000.00,EUR,IDEALPRO-001,MARGIN,,"[{'type': 'MarginBalance', 'initial': '0.00', 'maintenance': '2.34', 'currency': 'USD', 'instrument_id': 'EUR/USD.IDEALPRO'}]",False,{}
99999.98,2.34,99997.64,USD,IDEALPRO-001,MARGIN,,"[{'type': 'MarginBalance', 'initial': '0.00', 'maintenance': '2.34', 'currency': 'USD', 'instrument_id': 'EUR/USD.IDEALPRO'}]",False,{}
100000.00,0.00,100000.00,EUR,IDEALPRO-001,MARGIN,,"[{'type': 'MarginBalance', 'initial': '0.00', 'maintenance': '2.34', 'currency': 'USD', 'instrument_id': 'EUR/USD.IDEALPRO'}]",False,{}
99999.98,2.34,99997.64,USD,IDEALPRO-001,MARGIN,,"[{'type': 'MarginBalance', 'initial': '0.00', 'maintenance': '2.34', 'currency': 'USD', 'instrument_id': 'EUR/USD.IDEALPRO'}]",False,{}
100000.00,0.00,100000.00,EUR,IDEALPRO-001,MARGIN,,"[{'type': 'MarginBalance', 'initial': '0.00', 'maintenance': '2.34', 'currency': 'USD', 'instrument_id': 'EUR/USD.IDEALPRO'}]",False,{}
99999.92,0.00,99999.92,USD,IDEALPRO-001,MARGIN,,[],False,{}
100000.00,0.00,100000.00,EUR,IDEALPRO-001,MARGIN,,[],False,{}
99999.92,0.00,99999.92,USD,IDEALPRO-001,MARGIN,,[],False,{}
100000.00,0.00,100000.00,EUR,IDEALPRO-001,MARGIN,,[],False,{}
99999.92,0.00,99999.92,USD,IDEALPRO-001,MARGIN,,[],False,{}
100000.00,0.00,100000.00,EUR,IDEALPRO-001,MARGIN,,[],False,{}
99999.92,0.00,99999.92,USD,IDEALPRO-001,MARGIN,,[],False,{}
100000.00,0.00,100000.00,EUR,IDEALPRO-001,MARGIN,,[],False,{}
99999.92,0.00,99999.92,USD,IDEALPRO-001,MARGIN,,[],False,{}
100000.00,0.00,100000.00,EUR,IDEALPRO-001,MARGIN,,[],False,{}
99999.92,2.35,99997.57,USD,IDEALPRO-001,MARGIN,,"[{'type': 'MarginBalance', 'initial': '0.00', 'maintenance': '2.35', 'currency': 'USD', 'instrument_id': 'EUR/USD.IDEALPRO'}]",False,{}
100000.00,0.00,100000.00,EUR,IDEALPRO-001,MARGIN,,"[{'type': 'MarginBalance', 'initial': '0.00', 'maintenance': '2.35', 'currency': 'USD', 'instrument_id': 'EUR/USD.IDEALPRO'}]",False,{}
99999.92,2.35,99997.57,USD,IDEALPRO-001,MARGIN,,"[{'type': 'MarginBalance', 'initial': '0.00', 'maintenance': '2.35', 'currency': 'USD', 'instrument_id': 'EUR/USD.IDEALPRO'}]",False,{}
100000.00,0.00,100000.00,EUR,IDEALPRO-001,MARGIN,,"[{'type': 'MarginBalance', 'initial': '0.00', 'maintenance': '2.35', 'currency': 'USD', 'instrument_id': 'EUR/USD.IDEALPRO'}]",False,{}
99999.92,2.35,99997.57,USD,IDEALPRO-001,MARGIN,,"[{'type': 'MarginBalance', 'initial': '0.00', 'maintenance': '2.35', 'currency': 'USD', 'instrument_id': 'EUR/USD.IDEALPRO'}]",False,{}
100000.00,0.00,100000.00,EUR,IDEALPRO-001,MARGIN,,"[{'type': 'MarginBalance', 'initial': '0.00', 'maintenance': '2.35', 'currency': 'USD', 'instrument_id': 'EUR/USD.IDEALPRO'}]",False,{}
99999.92,2.35,99997.57,USD,IDEALPRO-001,MARGIN,,"[{'type': 'MarginBalance', 'initial': '0.00', 'maintenance': '2.35', 'currency': 'USD', 'instrument_id': 'EUR/USD.IDEALPRO'}]",False,{}
100000.00,0.00,100000.00,EUR,IDEALPRO-001,MARGIN,,"[{'type': 'MarginBalance', 'initial': '0.00', 'maintenance': '2.35', 'currency': 'USD', 'instrument_id': 'EUR/USD.IDEALPRO'}]",False,{}
100000.00,0.00,100000.00,USD,IDEALPRO-001,MARGIN,,[],False,{}
100000.00,0.00,100000.00,EUR,IDEALPRO-001,MARGIN,,[],False,{}
100000.00,0.00,100000.00,USD,IDEALPRO-001,MARGIN,,[],False,{}
100000.00,0.00,100000.00,EUR,IDEALPRO-001,MARGIN,,[],False,{}
100000.00,0.00,100000.00,USD,IDEALPRO-001,MARGIN,,[],False,{}
100000.00,0.00,100000.00,EUR,IDEALPRO-001,MARGIN,,[],False,{}
100000.00,0.00,100000.00,USD,IDEALPRO-001,MARGIN,,[],False,{}
100000.00,0.00,100000.00,EUR,IDEALPRO-001,MARGIN,,[],False,{}
100000.00,0.00,100000.00,USD,IDEALPRO-001,MARGIN,,[],False,{}
100000.00,0.00,100000.00,EUR,IDEALPRO-001,MARGIN,,[],False,{}
100000.00,0.00,100000.00,USD,IDEALPRO-001,MARGIN,,[],False,{}
100000.00,0.00,100000.00,EUR,IDEALPRO-001,MARGIN,,[],False,{}
100000.00,2.35,99997.65,USD,IDEALPRO-001,MARGIN,,"[{'type': 'MarginBalance', 'initial': '0.00', 'maintenance': '2.35', 'currency': 'USD', 'instrument_id': 'EUR/USD.IDEALPRO'}]",False,{}
100000.00,0.00,100000.00,EUR,IDEALPRO-001,MARGIN,,"[{'type': 'MarginBalance', 'initial': '0.00', 'maintenance': '2.35', 'currency': 'USD', 'instrument_id': 'EUR/USD.IDEALPRO'}]",False,{}
100000.00,2.35,99997.65,USD,IDEALPRO-001,MARGIN,,"[{'type': 'MarginBalance', 'initial': '0.00', 'maintenance': '2.35', 'currency': 'USD', 'instrument_id': 'EUR/USD.IDEALPRO'}]",False,{}
100000.00,0.00,100000.00,EUR,IDEALPRO-001,MARGIN,,"[{'type': 'MarginBalance', 'initial': '0.00', 'maintenance': '2.35', 'currency': 'USD', 'instrument_id': 'EUR/USD.IDEALPRO'}]",False,{}
100000.00,2.35,99997.65,USD,IDEALPRO-001,MARGIN,,"[{'type': 'MarginBalance', 'initial': '0.00', 'maintenance': '2.35', 'currency': 'USD', 'instrument_id': 'EUR/USD.IDEALPRO'}]",False,{}
100000.00,0.00,100000.00,EUR,IDEALPRO-001,MARGIN,,"[{'type': 'MarginBalance', 'initial': '0.00', 'maintenance': '2.35', 'currency': 'USD', 'instrument_id': 'EUR/USD.IDEALPRO'}]",False,{}
99999.94,0.00,99999.94,USD,IDEALPRO-001,MARGIN,,[],False,{}
100000.00,0.00,100000.00,EUR,IDEALPRO-001,MARGIN,,[],False,{}
99999.94,0.00,99999.94,USD,IDEALPRO-001,MARGIN,,[],False,{}
100000.00,0.00,100000.00,EUR,IDEALPRO-001,MARGIN,,[],False,{}
99999.94,0.00,99999.94,USD,IDEALPRO-001,MARGIN,,[],False,{}
100000.00,0.00,100000.00,EUR,IDEALPRO-001,MARGIN,,[],False,{}
99999.94,0.00,99999.94,USD,IDEALPRO-001,MARGIN,,[],False,{}
100000.00,0.00,100000.00,EUR,IDEALPRO-001,MARGIN,,[],False,{}
99999.94,0.00,99999.94,USD,IDEALPRO-001,MARGIN,,[],False,{}
100000.00,0.00,100000.00,EUR,IDEALPRO-001,MARGIN,,[],False,{}
99999.94,2.35,99997.59,USD,IDEALPRO-001,MARGIN,,"[{'type': 'MarginBalance', 'initial': '0.00', 'maintenance': '2.35', 'currency': 'USD', 'instrument_id': 'EUR/USD.IDEALPRO'}]",False,{}
100000.00,0.00,100000.00,EUR,IDEALPRO-001,MARGIN,,"[{'type': 'MarginBalance', 'initial': '0.00', 'maintenance': '2.35', 'currency': 'USD', 'instrument_id': 'EUR/USD.IDEALPRO'}]",False,{}
99999.94,2.35,99997.59,USD,IDEALPRO-001,MARGIN,,"[{'type': 'MarginBalance', 'initial': '0.00', 'maintenance': '2.35', 'currency': 'USD', 'instrument_id': 'EUR/USD.IDEALPRO'}]",False,{}
100000.00,0.00,100000.00,EUR,IDEALPRO-001,MARGIN,,"[{'type': 'MarginBalance', 'initial': '0.00', 'maintenance': '2.35', 'currency': 'USD', 'instrument_id': 'EUR/USD.IDEALPRO'}]",False,{}
99999.94,2.35,99997.59,USD,IDEALPRO-001,MARGIN,,"[{'type': 'MarginBalance', 'initial': '0.00', 'maintenance': '2.35', 'currency': 'USD', 'instrument_id': 'EUR/USD.IDEALPRO'}]",False,{}
100000.00,0.00,100000.00,EUR,IDEALPRO-001,MARGIN,,"[{'type': 'MarginBalance', 'initial': '0.00', 'maintenance': '2.35', 'currency': 'USD', 'instrument_id': 'EUR/USD.IDEALPRO'}]",False,{}
99999.94,2.35,99997.59,USD,IDEALPRO-001,MARGIN,,"[{'type': 'MarginBalance', 'initial': '0.00', 'maintenance': '2.35', 'currency': 'USD', 'instrument_id': 'EUR/USD.IDEALPRO'}]",False,{}
100000.00,0.00,100000.00,EUR,IDEALPRO-001,MARGIN,,"[{'type': 'MarginBalance', 'initial': '0.00', 'maintenance': '2.35', 'currency': 'USD', 'instrument_id': 'EUR/USD.IDEALPRO'}]",False,{}
100000.03,0.00,100000.03,USD,IDEALPRO-001,MARGIN,,[],False,{}
100000.00,0.00,100000.00,EUR,IDEALPRO-001,MARGIN,,[],False,{}
100000.03,0.00,100000.03,USD,IDEALPRO-001,MARGIN,,[],False,{}
100000.00,0.00,100000.00,EUR,IDEALPRO-001,MARGIN,,[],False,{}
100000.03,0.00,100000.03,USD,IDEALPRO-001,MARGIN,,[],False,{}
100000.00,0.00,100000.00,EUR,IDEALPRO-001,MARGIN,,[],False,{}
100000.03,0.00,100000.03,USD,IDEALPRO-001,MARGIN,,[],False,{}
100000.00,0.00,100000.00,EUR,IDEALPRO-001,MARGIN,,[],False,{}
100000.03,0.00,100000.03,USD,IDEALPRO-001,MARGIN,,[],False,{}
100000.00,0.00,100000.00,EUR,IDEALPRO-001,MARGIN,,[],False,{}
100000.03,0.00,100000.03,USD,IDEALPRO-001,MARGIN,,[],False,{}
100000.00,0.00,100000.00,EUR,IDEALPRO-001,MARGIN,,[],False,{}
100000.03,2.35,99997.68,USD,IDEALPRO-001,MARGIN,,"[{'type': 'MarginBalance', 'initial': '0.00', 'maintenance': '2.35', 'currency': 'USD', 'instrument_id': 'EUR/USD.IDEALPRO'}]",False,{}
100000.00,0.00,100000.00,EUR,IDEALPRO-001,MARGIN,,"[{'type': 'MarginBalance', 'initial': '0.00', 'maintenance': '2.35', 'currency': 'USD', 'instrument_id': 'EUR/USD.IDEALPRO'}]",False,{}
100000.03,2.35,99997.68,USD,IDEALPRO-001,MARGIN,,"[{'type': 'MarginBalance', 'initial': '0.00', 'maintenance': '2.35', 'currency': 'USD', 'instrument_id': 'EUR/USD.IDEALPRO'}]",False,{}
100000.00,0.00,100000.00,EUR,IDEALPRO-001,MARGIN,,"[{'type': 'MarginBalance', 'initial': '0.00', 'maintenance': '2.35', 'currency': 'USD', 'instrument_id': 'EUR/USD.IDEALPRO'}]",False,{}
100000.03,2.35,99997.68,USD,IDEALPRO-001,MARGIN,,"[{'type': 'MarginBalance', 'initial': '0.00', 'maintenance': '2.35', 'currency': 'USD', 'instrument_id': 'EUR/USD.IDEALPRO'}]",False,{}
100000.00,0.00,100000.00,EUR,IDEALPRO-001,MARGIN,,"[{'type': 'MarginBalance', 'initial': '0.00', 'maintenance': '2.35', 'currency': 'USD', 'instrument_id': 'EUR/USD.IDEALPRO'}]",False,{}
100000.03,2.35,99997.68,USD,IDEALPRO-001,MARGIN,,"[{'type': 'MarginBalance', 'initial': '0.00', 'maintenance': '2.35', 'currency': 'USD', 'instrument_id': 'EUR/USD.IDEALPRO'}]",False,{}
100000.00,0.00,100000.00,EUR,IDEALPRO-001,MARGIN,,"[{'type': 'MarginBalance', 'initial': '0.00', 'maintenance': '2.35', 'currency': 'USD', 'instrument_id': 'EUR/USD.IDEALPRO'}]",False,{}
100000.01,0.00,100000.01,USD,IDEALPRO-001,MARGIN,,[],False,{}
100000.00,0.00,100000.00,EUR,IDEALPRO-001,MARGIN,,[],False,{}
100000.01,0.00,100000.01,USD,IDEALPRO-001,MARGIN,,[],False,{}
100000.00,0.00,100000.00,EUR,IDEALPRO-001,MARGIN,,[],False,{}
100000.01,0.00,100000.01,USD,IDEALPRO-001,MARGIN,,[],False,{}
100000.00,0.00,100000.00,EUR,IDEALPRO-001,MARGIN,,[],False,{}
100000.01,0.00,100000.01,USD,IDEALPRO-001,MARGIN,,[],False,{}
100000.00,0.00,100000.00,EUR,IDEALPRO-001,MARGIN,,[],False,{}
100000.01,0.00,100000.01,USD,IDEALPRO-001,MARGIN,,[],False,{}
100000.00,0.00,100000.00,EUR,IDEALPRO-001,MARGIN,,[],False,{}
100000.01,0.00,100000.01,USD,IDEALPRO-001,MARGIN,,[],False,{}
100000.00,0.00,100000.00,EUR,IDEALPRO-001,MARGIN,,[],False,{}
100000.01,2.35,99997.66,USD,IDEALPRO-001,MARGIN,,"[{'type': 'MarginBalance', 'initial': '0.00', 'maintenance': '2.35', 'currency': 'USD', 'instrument_id': 'EUR/USD.IDEALPRO'}]",False,{}
100000.00,0.00,100000.00,EUR,IDEALPRO-001,MARGIN,,"[{'type': 'MarginBalance', 'initial': '0.00', 'maintenance': '2.35', 'currency': 'USD', 'instrument_id': 'EUR/USD.IDEALPRO'}]",False,{}
100000.01,2.35,99997.66,USD,IDEALPRO-001,MARGIN,,"[{'type': 'MarginBalance', 'initial': '0.00', 'maintenance': '2.35', 'currency': 'USD', 'instrument_id': 'EUR/USD.IDEALPRO'}]",False,{}
100000.00,0.00,100000.00,EUR,IDEALPRO-001,MARGIN,,"[{'type': 'MarginBalance', 'initial': '0.00', 'maintenance': '2.35', 'currency': 'USD', 'instrument_id': 'EUR/USD.IDEALPRO'}]",False,{}
100000.01,2.35,99997.66,USD,IDEALPRO-001,MARGIN,,"[{'type': 'MarginBalance', 'initial': '0.00', 'maintenance': '2.35', 'currency': 'USD', 'instrument_id': 'EUR/USD.IDEALPRO'}]",False,{}
100000.00,0.00,100000.00,EUR,IDEALPRO-001,MARGIN,,"[{'type': 'MarginBalance', 'initial': '0.00', 'maintenance': '2.35', 'currency': 'USD', 'instrument_id': 'EUR/USD.IDEALPRO'}]",False,{}
100000.01,2.35,99997.66,USD,IDEALPRO-001,MARGIN,,"[{'type': 'MarginBalance', 'initial': '0.00', 'maintenance': '2.35', 'currency': 'USD', 'instrument_id': 'EUR/USD.IDEALPRO'}]",False,{}
100000.00,0.00,100000.00,EUR,IDEALPRO-001,MARGIN,,"[{'type': 'MarginBalance', 'initial': '0.00', 'maintenance': '2.35', 'currency': 'USD', 'instrument_id': 'EUR/USD.IDEALPRO'}]",False,{}
99999.98,0.00,99999.98,USD,IDEALPRO-001,MARGIN,,[],False,{}
100000.00,0.00,100000.00,EUR,IDEALPRO-001,MARGIN,,[],False,{}
99999.98,0.00,99999.98,USD,IDEALPRO-001,MARGIN,,[],False,{}
100000.00,0.00,100000.00,EUR,IDEALPRO-001,MARGIN,,[],False,{}
99999.98,0.00,99999.98,USD,IDEALPRO-001,MARGIN,,[],False,{}
100000.00,0.00,100000.00,EUR,IDEALPRO-001,MARGIN,,[],False,{}
99999.98,0.00,99999.98,USD,IDEALPRO-001,MARGIN,,[],False,{}
100000.00,0.00,100000.00,EUR,IDEALPRO-001,MARGIN,,[],False,{}
99999.98,0.00,99999.98,USD,IDEALPRO-001,MARGIN,,[],False,{}
100000.00,0.00,100000.00,EUR,IDEALPRO-001,MARGIN,,[],False,{}
99999.98,0.00,99999.98,USD,IDEALPRO-001,MARGIN,,[],False,{}
100000.00,0.00,100000.00,EUR,IDEALPRO-001,MARGIN,,[],False,{}
99999.98,2.35,99997.63,USD,IDEALPRO-001,MARGIN,,"[{'type': 'MarginBalance', 'initial': '0.00', 'maintenance': '2.35', 'currency': 'USD', 'instrument_id': 'EUR/USD.IDEALPRO'}]",False,{}
100000.00,0.00,100000.00,EUR,IDEALPRO-001,MARGIN,,"[{'type': 'MarginBalance', 'initial': '0.00', 'maintenance': '2.35', 'currency': 'USD', 'instrument_id': 'EUR/USD.IDEALPRO'}]",False,{}
99999.98,2.35,99997.63,USD,IDEALPRO-001,MARGIN,,"[{'type': 'MarginBalance', 'initial': '0.00', 'maintenance': '2.35', 'currency': 'USD', 'instrument_id': 'EUR/USD.IDEALPRO'}]",False,{}
100000.00,0.00,100000.00,EUR,IDEALPRO-001,MARGIN,,"[{'type': 'MarginBalance', 'initial': '0.00', 'maintenance': '2.35', 'currency': 'USD', 'instrument_id': 'EUR/USD.IDEALPRO'}]",False,{}
99999.98,2.35,99997.63,USD,IDEALPRO-001,MARGIN,,"[{'type': 'MarginBalance', 'initial': '0.00', 'maintenance': '2.35', 'currency': 'USD', 'instrument_id': 'EUR/USD.IDEALPRO'}]",False,{}
100000.00,0.00,100000.00,EUR,IDEALPRO-001,MARGIN,,"[{'type': 'MarginBalance', 'initial': '0.00', 'maintenance': '2.35', 'currency': 'USD', 'instrument_id': 'EUR/USD.IDEALPRO'}]",False,{}
99999.98,2.35,99997.63,USD,IDEALPRO-001,MARGIN,,"[{'type': 'MarginBalance', 'initial': '0.00', 'maintenance': '2.35', 'currency': 'USD', 'instrument_id': 'EUR/USD.IDEALPRO'}]",False,{}
100000.00,0.00,100000.00,EUR,IDEALPRO-001,MARGIN,,"[{'type': 'MarginBalance', 'initial': '0.00', 'maintenance': '2.35', 'currency': 'USD', 'instrument_id': 'EUR/USD.IDEALPRO'}]",False,{}
99999.99,0.00,99999.99,USD,IDEALPRO-001,MARGIN,,[],False,{}
100000.00,0.00,100000.00,EUR,IDEALPRO-001,MARGIN,,[],False,{}
99999.99,0.00,99999.99,USD,IDEALPRO-001,MARGIN,,[],False,{}
100000.00,0.00,100000.00,EUR,IDEALPRO-001,MARGIN,,[],False,{}
99999.99,0.00,99999.99,USD,IDEALPRO-001,MARGIN,,[],False,{}
100000.00,0.00,100000.00,EUR,IDEALPRO-001,MARGIN,,[],False,{}
99999.99,0.00,99999.99,USD,IDEALPRO-001,MARGIN,,[],False,{}
100000.00,0.00,100000.00,EUR,IDEALPRO-001,MARGIN,,[],False,{}
99999.99,0.00,99999.99,USD,IDEALPRO-001,MARGIN,,[],False,{}
100000.00,0.00,100000.00,EUR,IDEALPRO-001,MARGIN,,[],False,{}
99999.99,0.00,99999.99,USD,IDEALPRO-001,MARGIN,,[],False,{}
100000.00,0.00,100000.00,EUR,IDEALPRO-001,MARGIN,,[],False,{}
99999.99,2.34,99997.65,USD,IDEALPRO-001,MARGIN,,"[{'type': 'MarginBalance', 'initial': '0.00', 'maintenance': '2.34', 'currency': 'USD', 'instrument_id': 'EUR/USD.IDEALPRO'}]",False,{}
100000.00,0.00,100000.00,EUR,IDEALPRO-001,MARGIN,,"[{'type': 'MarginBalance', 'initial': '0.00', 'maintenance': '2.34', 'currency': 'USD', 'instrument_id': 'EUR/USD.IDEALPRO'}]",False,{}
99999.99,2.34,99997.65,USD,IDEALPRO-001,MARGIN,,"[{'type': 'MarginBalance', 'initial': '0.00', 'maintenance': '2.34', 'currency': 'USD', 'instrument_id': 'EUR/USD.IDEALPRO'}]",False,{}
100000.00,0.00,100000.00,EUR,IDEALPRO-001,MARGIN,,"[{'type': 'MarginBalance', 'initial': '0.00', 'maintenance': '2.34', 'currency': 'USD', 'instrument_id': 'EUR/USD.IDEALPRO'}]",False,{}
99999.99,2.34,99997.65,USD,IDEALPRO-001,MARGIN,,"[{'type': 'MarginBalance', 'initial': '0.00', 'maintenance': '2.34', 'currency': 'USD', 'instrument_id': 'EUR/USD.IDEALPRO'}]",False,{}
100000.00,0.00,100000.00,EUR,IDEALPRO-001,MARGIN,,"[{'type': 'MarginBalance', 'initial': '0.00', 'maintenance': '2.34', 'currency': 'USD', 'instrument_id': 'EUR/USD.IDEALPRO'}]",False,{}
99999.99,2.34,99997.65,USD,IDEALPRO-001,MARGIN,,"[{'type': 'MarginBalance', 'initial': '0.00', 'maintenance': '2.34', 'currency': 'USD', 'instrument_id': 'EUR/USD.IDEALPRO'}]",False,{}
100000.00,0.00,100000.00,EUR,IDEALPRO-001,MARGIN,,"[{'type': 'MarginBalance', 'initial': '0.00', 'maintenance': '2.34', 'currency': 'USD', 'instrument_id': 'EUR/USD.IDEALPRO'}]",False,{}
99999.94,0.00,99999.94,USD,IDEALPRO-001,MARGIN,,[],False,{}
100000.00,0.00,100000.00,EUR,IDEALPRO-001,MARGIN,,[],False,{}
99999.94,0.00,99999.94,USD,IDEALPRO-001,MARGIN,,[],False,{}
100000.00,0.00,100000.00,EUR,IDEALPRO-001,MARGIN,,[],False,{}
99999.94,0.00,99999.94,USD,IDEALPRO-001,MARGIN,,[],False,{}
100000.00,0.00,100000.00,EUR,IDEALPRO-001,MARGIN,,[],False,{}
99999.94,0.00,99999.94,USD,IDEALPRO-001,MARGIN,,[],False,{}
100000.00,0.00,100000.00,EUR,IDEALPRO-001,MARGIN,,[],False,{}
99999.94,0.00,99999.94,USD,IDEALPRO-001,MARGIN,,[],False,{}
100000.00,0.00,100000.00,EUR,IDEALPRO-001,MARGIN,,[],False,{}
99999.94,0.00,99999.94,USD,IDEALPRO-001,MARGIN,,[],False,{}
100000.00,0.00,100000.00,EUR,IDEALPRO-001,MARGIN,,[],False,{}
99999.94,2.35,99997.59,USD,IDEALPRO-001,MARGIN,,"[{'type': 'MarginBalance', 'initial': '0.00', 'maintenance': '2.35', 'currency': 'USD', 'instrument_id': 'EUR/USD.IDEALPRO'}]",False,{}
100000.00,0.00,100000.00,EUR,IDEALPRO-001,MARGIN,,"[{'type': 'MarginBalance', 'initial': '0.00', 'maintenance': '2.35', 'currency': 'USD', 'instrument_id': 'EUR/USD.IDEALPRO'}]",False,{}
99999.94,2.35,99997.59,USD,IDEALPRO-001,MARGIN,,"[{'type': 'MarginBalance', 'initial': '0.00', 'maintenance': '2.35', 'currency': 'USD', 'instrument_id': 'EUR/USD.IDEALPRO'}]",False,{}
100000.00,0.00,100000.00,EUR,IDEALPRO-001,MARGIN,,"[{'type': 'MarginBalance', 'initial': '0.00', 'maintenance': '2.35', 'currency': 'USD', 'instrument_id': 'EUR/USD.IDEALPRO'}]",False,{}
99999.94,2.35,99997.59,USD,IDEALPRO-001,MARGIN,,"[{'type': 'MarginBalance', 'initial': '0.00', 'maintenance': '2.35', 'currency': 'USD', 'instrument_id': 'EUR/USD.IDEALPRO'}]",False,{}
100000.00,0.00,100000.00,EUR,IDEALPRO-001,MARGIN,,"[{'type': 'MarginBalance', 'initial': '0.00', 'maintenance': '2.35', 'currency': 'USD', 'instrument_id': 'EUR/USD.IDEALPRO'}]",False,{}
99999.94,2.35,99997.59,USD,IDEALPRO-001,MARGIN,,"[{'type': 'MarginBalance', 'initial': '0.00', 'maintenance': '2.35', 'currency': 'USD', 'instrument_id': 'EUR/USD.IDEALPRO'}]",False,{}
100000.00,0.00,100000.00,EUR,IDEALPRO-001,MARGIN,,"[{'type': 'MarginBalance', 'initial': '0.00', 'maintenance': '2.35', 'currency': 'USD', 'instrument_id': 'EUR/USD.IDEALPRO'}]",False,{}
99999.91,0.00,99999.91,USD,IDEALPRO-001,MARGIN,,[],False,{}
100000.00,0.00,100000.00,EUR,IDEALPRO-001,MARGIN,,[],False,{}
99999.91,0.00,99999.91,USD,IDEALPRO-001,MARGIN,,[],False,{}
100000.00,0.00,100000.00,EUR,IDEALPRO-001,MARGIN,,[],False,{}
99999.91,0.00,99999.91,USD,IDEALPRO-001,MARGIN,,[],False,{}
100000.00,0.00,100000.00,EUR,IDEALPRO-001,MARGIN,,[],False,{}
99999.91,0.00,99999.91,USD,IDEALPRO-001,MARGIN,,[],False,{}
100000.00,0.00,100000.00,EUR,IDEALPRO-001,MARGIN,,[],False,{}
99999.91,0.00,99999.91,USD,IDEALPRO-001,MARGIN,,[],False,{}
100000.00,0.00,100000.00,EUR,IDEALPRO-001,MARGIN,,[],False,{}
99999.91,0.00,99999.91,USD,IDEALPRO-001,MARGIN,,[],False,{}
100000.00,0.00,100000.00,EUR,IDEALPRO-001,MARGIN,,[],False,{}
99999.91,2.35,99997.56,USD,IDEALPRO-001,MARGIN,,"[{'type': 'MarginBalance', 'initial': '0.00', 'maintenance': '2.35', 'currency': 'USD', 'instrument_id': 'EUR/USD.IDEALPRO'}]",False,{}
100000.00,0.00,100000.00,EUR,IDEALPRO-001,MARGIN,,"[{'type': 'MarginBalance', 'initial': '0.00', 'maintenance': '2.35', 'currency': 'USD', 'instrument_id': 'EUR/USD.IDEALPRO'}]",False,{}
99999.91,2.35,99997.56,USD,IDEALPRO-001,MARGIN,,"[{'type': 'MarginBalance', 'initial': '0.00', 'maintenance': '2.35', 'currency': 'USD', 'instrument_id': 'EUR/USD.IDEALPRO'}]",False,{}
100000.00,0.00,100000.00,EUR,IDEALPRO-001,MARGIN,,"[{'type': 'MarginBalance', 'initial': '0.00', 'maintenance': '2.35', 'currency': 'USD', 'instrument_id': 'EUR/USD.IDEALPRO'}]",False,{}
99999.91,2.35,99997.56,USD,IDEALPRO-001,MARGIN,,"[{'type': 'MarginBalance', 'initial': '0.00', 'maintenance': '2.35', 'currency': 'USD', 'instrument_id': 'EUR/USD.IDEALPRO'}]",False,{}
100000.00,0.00,100000.00,EUR,IDEALPRO-001,MARGIN,,"[{'type': 'MarginBalance', 'initial': '0.00', 'maintenance': '2.35', 'currency': 'USD', 'instrument_id': 'EUR/USD.IDEALPRO'}]",False,{}
99999.91,2.35,99997.56,USD,IDEALPRO-001,MARGIN,,"[{'type': 'MarginBalance', 'initial': '0.00', 'maintenance': '2.35', 'currency': 'USD', 'instrument_id': 'EUR/USD.IDEALPRO'}]",False,{}
100000.00,0.00,100000.00,EUR,IDEALPRO-001,MARGIN,,"[{'type': 'MarginBalance', 'initial': '0.00', 'maintenance': '2.35', 'currency': 'USD', 'instrument_id': 'EUR/USD.IDEALPRO'}]",False,{}
99999.92,0.00,99999.92,USD,IDEALPRO-001,MARGIN,,[],False,{}
100000.00,0.00,100000.00,EUR,IDEALPRO-001,MARGIN,,[],False,{}
99999.92,0.00,99999.92,USD,IDEALPRO-001,MARGIN,,[],False,{}
100000.00,0.00,100000.00,EUR,IDEALPRO-001,MARGIN,,[],False,{}
99999.92,0.00,99999.92,USD,IDEALPRO-001,MARGIN,,[],False,{}
100000.00,0.00,100000.00,EUR,IDEALPRO-001,MARGIN,,[],False,{}
99999.92,0.00,99999.92,USD,IDEALPRO-001,MARGIN,,[],False,{}
100000.00,0.00,100000.00,EUR,IDEALPRO-001,MARGIN,,[],False,{}
99999.92,0.00,99999.92,USD,IDEALPRO-001,MARGIN,,[],False,{}
100000.00,0.00,100000.00,EUR,IDEALPRO-001,MARGIN,,[],False,{}
99999.92,0.00,99999.92,USD,IDEALPRO-001,MARGIN,,[],False,{}
100000.00,0.00,100000.00,EUR,IDEALPRO-001,MARGIN,,[],False,{}
99999.92,2.35,99997.57,USD,IDEALPRO-001,MARGIN,,"[{'type': 'MarginBalance', 'initial': '0.00', 'maintenance': '2.35', 'currency': 'USD', 'instrument_id': 'EUR/USD.IDEALPRO'}]",False,{}
100000.00,0.00,100000.00,EUR,IDEALPRO-001,MARGIN,,"[{'type': 'MarginBalance', 'initial': '0.00', 'maintenance': '2.35', 'currency': 'USD', 'instrument_id': 'EUR/USD.IDEALPRO'}]",False,{}
99999.92,2.34,99997.58,USD,IDEALPRO-001,MARGIN,,"[{'type': 'MarginBalance', 'initial': '0.00', 'maintenance': '2.34', 'currency': 'USD', 'instrument_id': 'EUR/USD.IDEALPRO'}]",False,{}
100000.00,0.00,100000.00,EUR,IDEALPRO-001,MARGIN,,"[{'type': 'MarginBalance', 'initial': '0.00', 'maintenance': '2.34', 'currency': 'USD', 'instrument_id': 'EUR/USD.IDEALPRO'}]",False,{}
99999.92,2.34,99997.58,USD,IDEALPRO-001,MARGIN,,"[{'type': 'MarginBalance', 'initial': '0.00', 'maintenance': '2.34', 'currency': 'USD', 'instrument_id': 'EUR/USD.IDEALPRO'}]",False,{}
100000.00,0.00,100000.00,EUR,IDEALPRO-001,MARGIN,,"[{'type': 'MarginBalance', 'initial': '0.00', 'maintenance': '2.34', 'currency': 'USD', 'instrument_id': 'EUR/USD.IDEALPRO'}]",False,{}
99999.92,2.34,99997.58,USD,IDEALPRO-001,MARGIN,,"[{'type': 'MarginBalance', 'initial': '0.00', 'maintenance': '2.34', 'currency': 'USD', 'instrument_id': 'EUR/USD.IDEALPRO'}]",False,{}
100000.00,0.00,100000.00,EUR,IDEALPRO-001,MARGIN,,"[{'type': 'MarginBalance', 'initial': '0.00', 'maintenance': '2.34', 'currency': 'USD', 'instrument_id': 'EUR/USD.IDEALPRO'}]",False,{}
99999.89,0.00,99999.89,USD,IDEALPRO-001,MARGIN,,[],False,{}
100000.00,0.00,100000.00,EUR,IDEALPRO-001,MARGIN,,[],False,{}
99999.89,0.00,99999.89,USD,IDEALPRO-001,MARGIN,,[],False,{}
100000.00,0.00,100000.00,EUR,IDEALPRO-001,MARGIN,,[],False,{}
99999.89,0.00,99999.89,USD,IDEALPRO-001,MARGIN,,[],False,{}
100000.00,0.00,100000.00,EUR,IDEALPRO-001,MARGIN,,[],False,{}
99999.89,0.00,99999.89,USD,IDEALPRO-001,MARGIN,,[],False,{}
100000.00,0.00,100000.00,EUR,IDEALPRO-001,MARGIN,,[],False,{}
99999.89,0.00,99999.89,USD,IDEALPRO-001,MARGIN,,[],False,{}
100000.00,0.00,100000.00,EUR,IDEALPRO-001,MARGIN,,[],False,{}
99999.89,0.00,99999.89,USD,IDEALPRO-001,MARGIN,,[],False,{}
100000.00,0.00,100000.00,EUR,IDEALPRO-001,MARGIN,,[],False,{}
99999.89,2.35,99997.54,USD,IDEALPRO-001,MARGIN,,"[{'type': 'MarginBalance', 'initial': '0.00', 'maintenance': '2.35', 'currency': 'USD', 'instrument_id': 'EUR/USD.IDEALPRO'}]",False,{}
100000.00,0.00,100000.00,EUR,IDEALPRO-001,MARGIN,,"[{'type': 'MarginBalance', 'initial': '0.00', 'maintenance': '2.35', 'currency': 'USD', 'instrument_id': 'EUR/USD.IDEALPRO'}]",False,{}
99999.89,2.35,99997.54,USD,IDEALPRO-001,MARGIN,,"[{'type': 'MarginBalance', 'initial': '0.00', 'maintenance': '2.35', 'currency': 'USD', 'instrument_id': 'EUR/USD.IDEALPRO'}]",False,{}
100000.00,0.00,100000.00,EUR,IDEALPRO-001,MARGIN,,"[{'type': 'MarginBalance', 'initial': '0.00', 'maintenance': '2.35', 'currency': 'USD', 'instrument_id': 'EUR/USD.IDEALPRO'}]",False,{}
99999.89,2.35,99997.54,USD,IDEALPRO-001,MARGIN,,"[{'type': 'MarginBalance', 'initial': '0.00', 'maintenance': '2.35', 'currency': 'USD', 'instrument_id': 'EUR/USD.IDEALPRO'}]",False,{}
100000.00,0.00,100000.00,EUR,IDEALPRO-001,MARGIN,,"[{'type': 'MarginBalance', 'initial': '0.00', 'maintenance': '2.35', 'currency': 'USD', 'instrument_id': 'EUR/USD.IDEALPRO'}]",False,{}
99999.89,2.35,99997.54,USD,IDEALPRO-001,MARGIN,,"[{'type': 'MarginBalance', 'initial': '0.00', 'maintenance': '2.35', 'currency': 'USD', 'instrument_id': 'EUR/USD.IDEALPRO'}]",False,{}
100000.00,0.00,100000.00,EUR,IDEALPRO-001,MARGIN,,"[{'type': 'MarginBalance', 'initial': '0.00', 'maintenance': '2.35', 'currency': 'USD', 'instrument_id': 'EUR/USD.IDEALPRO'}]",False,{}
99999.89,0.00,99999.89,USD,IDEALPRO-001,MARGIN,,[],False,{}
100000.00,0.00,100000.00,EUR,IDEALPRO-001,MARGIN,,[],False,{}
99999.89,0.00,99999.89,USD,IDEALPRO-001,MARGIN,,[],False,{}
100000.00,0.00,100000.00,EUR,IDEALPRO-001,MARGIN,,[],False,{}
99999.89,0.00,99999.89,USD,IDEALPRO-001,MARGIN,,[],False,{}
100000.00,0.00,100000.00,EUR,IDEALPRO-001,MARGIN,,[],False,{}
99999.89,0.00,99999.89,USD,IDEALPRO-001,MARGIN,,[],False,{}
100000.00,0.00,100000.00,EUR,IDEALPRO-001,MARGIN,,[],False,{}
99999.89,0.00,99999.89,USD,IDEALPRO-001,MARGIN,,[],False,{}
100000.00,0.00,100000.00,EUR,IDEALPRO-001,MARGIN,,[],False,{}
99999.89,0.00,99999.89,USD,IDEALPRO-001,MARGIN,,[],False,{}
100000.00,0.00,100000.00,EUR,IDEALPRO-001,MARGIN,,[],False,{}
99999.89,2.35,99997.54,USD,IDEALPRO-001,MARGIN,,"[{'type': 'MarginBalance', 'initial': '0.00', 'maintenance': '2.35', 'currency': 'USD', 'instrument_id': 'EUR/USD.IDEALPRO'}]",False,{}
100000.00,0.00,100000.00,EUR,IDEALPRO-001,MARGIN,,"[{'type': 'MarginBalance', 'initial': '0.00', 'maintenance': '2.35', 'currency': 'USD', 'instrument_id': 'EUR/USD.IDEALPRO'}]",False,{}
99999.89,2.34,99997.55,USD,IDEALPRO-001,MARGIN,,"[{'type': 'MarginBalance', 'initial': '0.00', 'maintenance': '2.34', 'currency': 'USD', 'instrument_id': 'EUR/USD.IDEALPRO'}]",False,{}
100000.00,0.00,100000.00,EUR,IDEALPRO-001,MARGIN,,"[{'type': 'MarginBalance', 'initial': '0.00', 'maintenance': '2.34', 'currency': 'USD', 'instrument_id': 'EUR/USD.IDEALPRO'}]",False,{}
99999.89,2.34,99997.55,USD,IDEALPRO-001,MARGIN,,"[{'type': 'MarginBalance', 'initial': '0.00', 'maintenance': '2.34', 'currency': 'USD', 'instrument_id': 'EUR/USD.IDEALPRO'}]",False,{}
100000.00,0.00,100000.00,EUR,IDEALPRO-001,MARGIN,,"[{'type': 'MarginBalance', 'initial': '0.00', 'maintenance': '2.34', 'currency': 'USD', 'instrument_id': 'EUR/USD.IDEALPRO'}]",False,{}
99999.89,2.34,99997.55,USD,IDEALPRO-001,MARGIN,,"[{'type': 'MarginBalance', 'initial': '0.00', 'maintenance': '2.34', 'currency': 'USD', 'instrument_id': 'EUR/USD.IDEALPRO'}]",False,{}
100000.00,0.00,100000.00,EUR,IDEALPRO-001,MARGIN,,"[{'type': 'MarginBalance', 'initial': '0.00', 'maintenance': '2.34', 'currency': 'USD', 'instrument_id': 'EUR/USD.IDEALPRO'}]",False,{}
99999.91,0.00,99999.91,USD,IDEALPRO-001,MARGIN,,[],False,{}
100000.00,0.00,100000.00,EUR,IDEALPRO-001,MARGIN,,[],False,{}
99999.91,0.00,99999.91,USD,IDEALPRO-001,MARGIN,,[],False,{}
100000.00,0.00,100000.00,EUR,IDEALPRO-001,MARGIN,,[],False,{}
99999.91,0.00,99999.91,USD,IDEALPRO-001,MARGIN,,[],False,{}
100000.00,0.00,100000.00,EUR,IDEALPRO-001,MARGIN,,[],False,{}
99999.91,0.00,99999.91,USD,IDEALPRO-001,MARGIN,,[],False,{}
100000.00,0.00,100000.00,EUR,IDEALPRO-001,MARGIN,,[],False,{}
99999.91,0.00,99999.91,USD,IDEALPRO-001,MARGIN,,[],False,{}
100000.00,0.00,100000.00,EUR,IDEALPRO-001,MARGIN,,[],False,{}
99999.91,0.00,99999.91,USD,IDEALPRO-001,MARGIN,,[],False,{}
100000.00,0.00,100000.00,EUR,IDEALPRO-001,MARGIN,,[],False,{}
99999.91,2.34,99997.57,USD,IDEALPRO-001,MARGIN,,"[{'type': 'MarginBalance', 'initial': '0.00', 'maintenance': '2.34', 'currency': 'USD', 'instrument_id': 'EUR/USD.IDEALPRO'}]",False,{}
100000.00,0.00,100000.00,EUR,IDEALPRO-001,MARGIN,,"[{'type': 'MarginBalance', 'initial': '0.00', 'maintenance': '2.34', 'currency': 'USD', 'instrument_id': 'EUR/USD.IDEALPRO'}]",False,{}
99999.91,2.34,99997.57,USD,IDEALPRO-001,MARGIN,,"[{'type': 'MarginBalance', 'initial': '0.00', 'maintenance': '2.34', 'currency': 'USD', 'instrument_id': 'EUR/USD.IDEALPRO'}]",False,{}
100000.00,0.00,100000.00,EUR,IDEALPRO-001,MARGIN,,"[{'type': 'MarginBalance', 'initial': '0.00', 'maintenance': '2.34', 'currency': 'USD', 'instrument_id': 'EUR/USD.IDEALPRO'}]",False,{}
99999.91,2.34,99997.57,USD,IDEALPRO-001,MARGIN,,"[{'type': 'MarginBalance', 'initial': '0.00', 'maintenance': '2.34', 'currency': 'USD', 'instrument_id': 'EUR/USD.IDEALPRO'}]",False,{}
100000.00,0.00,100000.00,EUR,IDEALPRO-001,MARGIN,,"[{'type': 'MarginBalance', 'initial': '0.00', 'maintenance': '2.34', 'currency': 'USD', 'instrument_id': 'EUR/USD.IDEALPRO'}]",False,{}
99999.91,2.34,99997.57,USD,IDEALPRO-001,MARGIN,,"[{'type': 'MarginBalance', 'initial': '0.00', 'maintenance': '2.34', 'currency': 'USD', 'instrument_id': 'EUR/USD.IDEALPRO'}]",False,{}
100000.00,0.00,100000.00,EUR,IDEALPRO-001,MARGIN,,"[{'type': 'MarginBalance', 'initial': '0.00', 'maintenance': '2.34', 'currency': 'USD', 'instrument_id': 'EUR/USD.IDEALPRO'}]",False,{}
99999.90,0.00,99999.90,USD,IDEALPRO-001,MARGIN,,[],False,{}
100000.00,0.00,100000.00,EUR,IDEALPRO-001,MARGIN,,[],False,{}
99999.90,0.00,99999.90,USD,IDEALPRO-001,MARGIN,,[],False,{}
100000.00,0.00,100000.00,EUR,IDEALPRO-001,MARGIN,,[],False,{}
99999.90,0.00,99999.90,USD,IDEALPRO-001,MARGIN,,[],False,{}
100000.00,0.00,100000.00,EUR,IDEALPRO-001,MARGIN,,[],False,{}
99999.90,0.00,99999.90,USD,IDEALPRO-001,MARGIN,,[],False,{}
100000.00,0.00,100000.00,EUR,IDEALPRO-001,MARGIN,,[],False,{}
99999.90,0.00,99999.90,USD,IDEALPRO-001,MARGIN,,[],False,{}
100000.00,0.00,100000.00,EUR,IDEALPRO-001,MARGIN,,[],False,{}
99999.90,0.00,99999.90,USD,IDEALPRO-001,MARGIN,,[],False,{}
100000.00,0.00,100000.00,EUR,IDEALPRO-001,MARGIN,,[],False,{}
99999.90,2.34,99997.56,USD,IDEALPRO-001,MARGIN,,"[{'type': 'MarginBalance', 'initial': '0.00', 'maintenance': '2.34', 'currency': 'USD', 'instrument_id': 'EUR/USD.IDEALPRO'}]",False,{}
100000.00,0.00,100000.00,EUR,IDEALPRO-001,MARGIN,,"[{'type': 'MarginBalance', 'initial': '0.00', 'maintenance': '2.34', 'currency': 'USD', 'instrument_id': 'EUR/USD.IDEALPRO'}]",False,{}
99999.90,2.34,99997.56,USD,IDEALPRO-001,MARGIN,,"[{'type': 'MarginBalance', 'initial': '0.00', 'maintenance': '2.34', 'currency': 'USD', 'instrument_id': 'EUR/USD.IDEALPRO'}]",False,{}
100000.00,0.00,100000.00,EUR,IDEALPRO-001,MARGIN,,"[{'type': 'MarginBalance', 'initial': '0.00', 'maintenance': '2.34', 'currency': 'USD', 'instrument_id': 'EUR/USD.IDEALPRO'}]",False,{}
99999.90,2.34,99997.56,USD,IDEALPRO-001,MARGIN,,"[{'type': 'MarginBalance', 'initial': '0.00', 'maintenance': '2.34', 'currency': 'USD', 'instrument_id': 'EUR/USD.IDEALPRO'}]",False,{}
100000.00,0.00,100000.00,EUR,IDEALPRO-001,MARGIN,,"[{'type': 'MarginBalance', 'initial': '0.00', 'maintenance': '2.34', 'currency': 'USD', 'instrument_id': 'EUR/USD.IDEALPRO'}]",False,{}
99999.90,2.34,99997.56,USD,IDEALPRO-001,MARGIN,,"[{'type': 'MarginBalance', 'initial': '0.00', 'maintenance': '2.34', 'currency': 'USD', 'instrument_id': 'EUR/USD.IDEALPRO'}]",False,{}
100000.00,0.00,100000.00,EUR,IDEALPRO-001,MARGIN,,"[{'type': 'MarginBalance', 'initial': '0.00', 'maintenance': '2.34', 'currency': 'USD', 'instrument_id': 'EUR/USD.IDEALPRO'}]",False,{}
99999.87,0.00,99999.87,USD,IDEALPRO-001,MARGIN,,[],False,{}
100000.00,0.00,100000.00,EUR,IDEALPRO-001,MARGIN,,[],False,{}
99999.87,0.00,99999.87,USD,IDEALPRO-001,MARGIN,,[],False,{}
100000.00,0.00,100000.00,EUR,IDEALPRO-001,MARGIN,,[],False,{}
99999.87,0.00,99999.87,USD,IDEALPRO-001,MARGIN,,[],False,{}
100000.00,0.00,100000.00,EUR,IDEALPRO-001,MARGIN,,[],False,{}
99999.87,0.00,99999.87,USD,IDEALPRO-001,MARGIN,,[],False,{}
100000.00,0.00,100000.00,EUR,IDEALPRO-001,MARGIN,,[],False,{}
99999.87,0.00,99999.87,USD,IDEALPRO-001,MARGIN,,[],False,{}
100000.00,0.00,100000.00,EUR,IDEALPRO-001,MARGIN,,[],False,{}
99999.87,0.00,99999.87,USD,IDEALPRO-001,MARGIN,,[],False,{}
100000.00,0.00,100000.00,EUR,IDEALPRO-001,MARGIN,,[],False,{}
99999.87,2.35,99997.52,USD,IDEALPRO-001,MARGIN,,"[{'type': 'MarginBalance', 'initial': '0.00', 'maintenance': '2.35', 'currency': 'USD', 'instrument_id': 'EUR/USD.IDEALPRO'}]",False,{}
100000.00,0.00,100000.00,EUR,IDEALPRO-001,MARGIN,,"[{'type': 'MarginBalance', 'initial': '0.00', 'maintenance': '2.35', 'currency': 'USD', 'instrument_id': 'EUR/USD.IDEALPRO'}]",False,{}
99999.87,2.35,99997.52,USD,IDEALPRO-001,MARGIN,,"[{'type': 'MarginBalance', 'initial': '0.00', 'maintenance': '2.35', 'currency': 'USD', 'instrument_id': 'EUR/USD.IDEALPRO'}]",False,{}
100000.00,0.00,100000.00,EUR,IDEALPRO-001,MARGIN,,"[{'type': 'MarginBalance', 'initial': '0.00', 'maintenance': '2.35', 'currency': 'USD', 'instrument_id': 'EUR/USD.IDEALPRO'}]",False,{}
99999.87,2.35,99997.52,USD,IDEALPRO-001,MARGIN,,"[{'type': 'MarginBalance', 'initial': '0.00', 'maintenance': '2.35', 'currency': 'USD', 'instrument_id': 'EUR/USD.IDEALPRO'}]",False,{}
100000.00,0.00,100000.00,EUR,IDEALPRO-001,MARGIN,,"[{'type': 'MarginBalance', 'initial': '0.00', 'maintenance': '2.35', 'currency': 'USD', 'instrument_id': 'EUR/USD.IDEALPRO'}]",False,{}
99999.81,0.00,99999.81,USD,IDEALPRO-001,MARGIN,,[],False,{}
100000.00,0.00,100000.00,EUR,IDEALPRO-001,MARGIN,,[],False,{}
99999.81,0.00,99999.81,USD,IDEALPRO-001,MARGIN,,[],False,{}
100000.00,0.00,100000.00,EUR,IDEALPRO-001,MARGIN,,[],False,{}
99999.81,0.00,99999.81,USD,IDEALPRO-001,MARGIN,,[],False,{}
100000.00,0.00,100000.00,EUR,IDEALPRO-001,MARGIN,,[],False,{}
99999.81,0.00,99999.81,USD,IDEALPRO-001,MARGIN,,[],False,{}
100000.00,0.00,100000.00,EUR,IDEALPRO-001,MARGIN,,[],False,{}
99999.81,0.00,99999.81,USD,IDEALPRO-001,MARGIN,,[],False,{}
100000.00,0.00,100000.00,EUR,IDEALPRO-001,MARGIN,,[],False,{}
99999.81,2.35,99997.46,USD,IDEALPRO-001,MARGIN,,"[{'type': 'MarginBalance', 'initial': '0.00', 'maintenance': '2.35', 'currency': 'USD', 'instrument_id': 'EUR/USD.IDEALPRO'}]",False,{}
100000.00,0.00,100000.00,EUR,IDEALPRO-001,MARGIN,,"[{'type': 'MarginBalance', 'initial': '0.00', 'maintenance': '2.35', 'currency': 'USD', 'instrument_id': 'EUR/USD.IDEALPRO'}]",False,{}
99999.81,2.35,99997.46,USD,IDEALPRO-001,MARGIN,,"[{'type': 'MarginBalance', 'initial': '0.00', 'maintenance': '2.35', 'currency': 'USD', 'instrument_id': 'EUR/USD.IDEALPRO'}]",False,{}
100000.00,0.00,100000.00,EUR,IDEALPRO-001,MARGIN,,"[{'type': 'MarginBalance', 'initial': '0.00', 'maintenance': '2.35', 'currency': 'USD', 'instrument_id': 'EUR/USD.IDEALPRO'}]",False,{}
99999.81,2.35,99997.46,USD,IDEALPRO-001,MARGIN,,"[{'type': 'MarginBalance', 'initial': '0.00', 'maintenance': '2.35', 'currency': 'USD', 'instrument_id': 'EUR/USD.IDEALPRO'}]",False,{}
100000.00,0.00,100000.00,EUR,IDEALPRO-001,MARGIN,,"[{'type': 'MarginBalance', 'initial': '0.00', 'maintenance': '2.35', 'currency': 'USD', 'instrument_id': 'EUR/USD.IDEALPRO'}]",False,{}
99999.81,2.35,99997.46,USD,IDEALPRO-001,MARGIN,,"[{'type': 'MarginBalance', 'initial': '0.00', 'maintenance': '2.35', 'currency': 'USD', 'instrument_id': 'EUR/USD.IDEALPRO'}]",False,{}
100000.00,0.00,100000.00,EUR,IDEALPRO-001,MARGIN,,"[{'type': 'MarginBalance', 'initial': '0.00', 'maintenance': '2.35', 'currency': 'USD', 'instrument_id': 'EUR/USD.IDEALPRO'}]",False,{}
99999.82,0.00,99999.82,USD,IDEALPRO-001,MARGIN,,[],False,{}
100000.00,0.00,100000.00,EUR,IDEALPRO-001,MARGIN,,[],False,{}
99999.82,0.00,99999.82,USD,IDEALPRO-001,MARGIN,,[],False,{}
100000.00,0.00,100000.00,EUR,IDEALPRO-001,MARGIN,,[],False,{}
99999.82,0.00,99999.82,USD,IDEALPRO-001,MARGIN,,[],False,{}
100000.00,0.00,100000.00,EUR,IDEALPRO-001,MARGIN,,[],False,{}
99999.82,0.00,99999.82,USD,IDEALPRO-001,MARGIN,,[],False,{}
100000.00,0.00,100000.00,EUR,IDEALPRO-001,MARGIN,,[],False,{}
99999.82,0.00,99999.82,USD,IDEALPRO-001,MARGIN,,[],False,{}
100000.00,0.00,100000.00,EUR,IDEALPRO-001,MARGIN,,[],False,{}
99999.82,0.00,99999.82,USD,IDEALPRO-001,MARGIN,,[],False,{}
100000.00,0.00,100000.00,EUR,IDEALPRO-001,MARGIN,,[],False,{}
99999.82,2.35,99997.47,USD,IDEALPRO-001,MARGIN,,"[{'type': 'MarginBalance', 'initial': '0.00', 'maintenance': '2.35', 'currency': 'USD', 'instrument_id': 'EUR/USD.IDEALPRO'}]",False,{}
100000.00,0.00,100000.00,EUR,IDEALPRO-001,MARGIN,,"[{'type': 'MarginBalance', 'initial': '0.00', 'maintenance': '2.35', 'currency': 'USD', 'instrument_id': 'EUR/USD.IDEALPRO'}]",False,{}
99999.82,2.35,99997.47,USD,IDEALPRO-001,MARGIN,,"[{'type': 'MarginBalance', 'initial': '0.00', 'maintenance': '2.35', 'currency': 'USD', 'instrument_id': 'EUR/USD.IDEALPRO'}]",False,{}
100000.00,0.00,100000.00,EUR,IDEALPRO-001,MARGIN,,"[{'type': 'MarginBalance', 'initial': '0.00', 'maintenance': '2.35', 'currency': 'USD', 'instrument_id': 'EUR/USD.IDEALPRO'}]",False,{}
99999.82,2.35,99997.47,USD,IDEALPRO-001,MARGIN,,"[{'type': 'MarginBalance', 'initial': '0.00', 'maintenance': '2.35', 'currency': 'USD', 'instrument_id': 'EUR/USD.IDEALPRO'}]",False,{}
100000.00,0.00,100000.00,EUR,IDEALPRO-001,MARGIN,,"[{'type': 'MarginBalance', 'initial': '0.00', 'maintenance': '2.35', 'currency': 'USD', 'instrument_id': 'EUR/USD.IDEALPRO'}]",False,{}
99999.82,2.35,99997.47,USD,IDEALPRO-001,MARGIN,,"[{'type': 'MarginBalance', 'initial': '0.00', 'maintenance': '2.35', 'currency': 'USD', 'instrument_id': 'EUR/USD.IDEALPRO'}]",False,{}
100000.00,0.00,100000.00,EUR,IDEALPRO-001,MARGIN,,"[{'type': 'MarginBalance', 'initial': '0.00', 'maintenance': '2.35', 'currency': 'USD', 'instrument_id': 'EUR/USD.IDEALPRO'}]",False,{}
99999.82,0.00,99999.82,USD,IDEALPRO-001,MARGIN,,[],False,{}
100000.00,0.00,100000.00,EUR,IDEALPRO-001,MARGIN,,[],False,{}
99999.82,0.00,99999.82,USD,IDEALPRO-001,MARGIN,,[],False,{}
100000.00,0.00,100000.00,EUR,IDEALPRO-001,MARGIN,,[],False,{}
99999.82,0.00,99999.82,USD,IDEALPRO-001,MARGIN,,[],False,{}
100000.00,0.00,100000.00,EUR,IDEALPRO-001,MARGIN,,[],False,{}
99999.82,0.00,99999.82,USD,IDEALPRO-001,MARGIN,,[],False,{}
100000.00,0.00,100000.00,EUR,IDEALPRO-001,MARGIN,,[],False,{}
99999.82,0.00,99999.82,USD,IDEALPRO-001,MARGIN,,[],False,{}
100000.00,0.00,100000.00,EUR,IDEALPRO-001,MARGIN,,[],False,{}
99999.82,0.00,99999.82,USD,IDEALPRO-001,MARGIN,,[],False,{}
100000.00,0.00,100000.00,EUR,IDEALPRO-001,MARGIN,,[],False,{}
99999.82,2.35,99997.47,USD,IDEALPRO-001,MARGIN,,"[{'type': 'MarginBalance', 'initial': '0.00', 'maintenance': '2.35', 'currency': 'USD', 'instrument_id': 'EUR/USD.IDEALPRO'}]",False,{}
100000.00,0.00,100000.00,EUR,IDEALPRO-001,MARGIN,,"[{'type': 'MarginBalance', 'initial': '0.00', 'maintenance': '2.35', 'currency': 'USD', 'instrument_id': 'EUR/USD.IDEALPRO'}]",False,{}
99999.82,2.35,99997.47,USD,IDEALPRO-001,MARGIN,,"[{'type': 'MarginBalance', 'initial': '0.00', 'maintenance': '2.35', 'currency': 'USD', 'instrument_id': 'EUR/USD.IDEALPRO'}]",False,{}
100000.00,0.00,100000.00,EUR,IDEALPRO-001,MARGIN,,"[{'type': 'MarginBalance', 'initial': '0.00', 'maintenance': '2.35', 'currency': 'USD', 'instrument_id': 'EUR/USD.IDEALPRO'}]",False,{}
99999.82,2.35,99997.47,USD,IDEALPRO-001,MARGIN,,"[{'type': 'MarginBalance', 'initial': '0.00', 'maintenance': '2.35', 'currency': 'USD', 'instrument_id': 'EUR/USD.IDEALPRO'}]",False,{}
100000.00,0.00,100000.00,EUR,IDEALPRO-001,MARGIN,,"[{'type': 'MarginBalance', 'initial': '0.00', 'maintenance': '2.35', 'currency': 'USD', 'instrument_id': 'EUR/USD.IDEALPRO'}]",False,{}
99999.82,2.35,99997.47,USD,IDEALPRO-001,MARGIN,,"[{'type': 'MarginBalance', 'initial': '0.00', 'maintenance': '2.35', 'currency': 'USD', 'instrument_id': 'EUR/USD.IDEALPRO'}]",False,{}
100000.00,0.00,100000.00,EUR,IDEALPRO-001,MARGIN,,"[{'type': 'MarginBalance', 'initial': '0.00', 'maintenance': '2.35', 'currency': 'USD', 'instrument_id': 'EUR/USD.IDEALPRO'}]",False,{}
99999.87,0.00,99999.87,USD,IDEALPRO-001,MARGIN,,[],False,{}
100000.00,0.00,100000.00,EUR,IDEALPRO-001,MARGIN,,[],False,{}
99999.87,0.00,99999.87,USD,IDEALPRO-001,MARGIN,,[],False,{}
100000.00,0.00,100000.00,EUR,IDEALPRO-001,MARGIN,,[],False,{}
99999.87,0.00,99999.87,USD,IDEALPRO-001,MARGIN,,[],False,{}
100000.00,0.00,100000.00,EUR,IDEALPRO-001,MARGIN,,[],False,{}
99999.87,0.00,99999.87,USD,IDEALPRO-001,MARGIN,,[],False,{}
100000.00,0.00,100000.00,EUR,IDEALPRO-001,MARGIN,,[],False,{}
99999.87,0.00,99999.87,USD,IDEALPRO-001,MARGIN,,[],False,{}
100000.00,0.00,100000.00,EUR,IDEALPRO-001,MARGIN,,[],False,{}
99999.87,0.00,99999.87,USD,IDEALPRO-001,MARGIN,,[],False,{}
100000.00,0.00,100000.00,EUR,IDEALPRO-001,MARGIN,,[],False,{}
99999.87,2.35,99997.52,USD,IDEALPRO-001,MARGIN,,"[{'type': 'MarginBalance', 'initial': '0.00', 'maintenance': '2.35', 'currency': 'USD', 'instrument_id': 'EUR/USD.IDEALPRO'}]",False,{}
100000.00,0.00,100000.00,EUR,IDEALPRO-001,MARGIN,,"[{'type': 'MarginBalance', 'initial': '0.00', 'maintenance': '2.35', 'currency': 'USD', 'instrument_id': 'EUR/USD.IDEALPRO'}]",False,{}
99999.87,2.35,99997.52,USD,IDEALPRO-001,MARGIN,,"[{'type': 'MarginBalance', 'initial': '0.00', 'maintenance': '2.35', 'currency': 'USD', 'instrument_id': 'EUR/USD.IDEALPRO'}]",False,{}
100000.00,0.00,100000.00,EUR,IDEALPRO-001,MARGIN,,"[{'type': 'MarginBalance', 'initial': '0.00', 'maintenance': '2.35', 'currency': 'USD', 'instrument_id': 'EUR/USD.IDEALPRO'}]",False,{}
99999.87,2.35,99997.52,USD,IDEALPRO-001,MARGIN,,"[{'type': 'MarginBalance', 'initial': '0.00', 'maintenance': '2.35', 'currency': 'USD', 'instrument_id': 'EUR/USD.IDEALPRO'}]",False,{}
100000.00,0.00,100000.00,EUR,IDEALPRO-001,MARGIN,,"[{'type': 'MarginBalance', 'initial': '0.00', 'maintenance': '2.35', 'currency': 'USD', 'instrument_id': 'EUR/USD.IDEALPRO'}]",False,{}
99999.87,2.35,99997.52,USD,IDEALPRO-001,MARGIN,,"[{'type': 'MarginBalance', 'initial': '0.00', 'maintenance': '2.35', 'currency': 'USD', 'instrument_id': 'EUR/USD.IDEALPRO'}]",False,{}
100000.00,0.00,100000.00,EUR,IDEALPRO-001,MARGIN,,"[{'type': 'MarginBalance', 'initial': '0.00', 'maintenance': '2.35', 'currency': 'USD', 'instrument_id': 'EUR/USD.IDEALPRO'}]",False,{}
99999.81,0.00,99999.81,USD,IDEALPRO-001,MARGIN,,[],False,{}
100000.00,0.00,100000.00,EUR,IDEALPRO-001,MARGIN,,[],False,{}
99999.81,0.00,99999.81,USD,IDEALPRO-001,MARGIN,,[],False,{}
100000.00,0.00,100000.00,EUR,IDEALPRO-001,MARGIN,,[],False,{}
99999.81,0.00,99999.81,USD,IDEALPRO-001,MARGIN,,[],False,{}
100000.00,0.00,100000.00,EUR,IDEALPRO-001,MARGIN,,[],False,{}
99999.81,0.00,99999.81,USD,IDEALPRO-001,MARGIN,,[],False,{}
100000.00,0.00,100000.00,EUR,IDEALPRO-001,MARGIN,,[],False,{}
99999.81,0.00,99999.81,USD,IDEALPRO-001,MARGIN,,[],False,{}
100000.00,0.00,100000.00,EUR,IDEALPRO-001,MARGIN,,[],False,{}
99999.81,0.00,99999.81,USD,IDEALPRO-001,MARGIN,,[],False,{}
100000.00,0.00,100000.00,EUR,IDEALPRO-001,MARGIN,,[],False,{}
99999.81,2.35,99997.46,USD,IDEALPRO-001,MARGIN,,"[{'type': 'MarginBalance', 'initial': '0.00', 'maintenance': '2.35', 'currency': 'USD', 'instrument_id': 'EUR/USD.IDEALPRO'}]",False,{}
100000.00,0.00,100000.00,EUR,IDEALPRO-001,MARGIN,,"[{'type': 'MarginBalance', 'initial': '0.00', 'maintenance': '2.35', 'currency': 'USD', 'instrument_id': 'EUR/USD.IDEALPRO'}]",False,{}
99999.81,2.35,99997.46,USD,IDEALPRO-001,MARGIN,,"[{'type': 'MarginBalance', 'initial': '0.00', 'maintenance': '2.35', 'currency': 'USD', 'instrument_id': 'EUR/USD.IDEALPRO'}]",False,{}
100000.00,0.00,100000.00,EUR,IDEALPRO-001,MARGIN,,"[{'type': 'MarginBalance', 'initial': '0.00', 'maintenance': '2.35', 'currency': 'USD', 'instrument_id': 'EUR/USD.IDEALPRO'}]",False,{}
99999.81,2.35,99997.46,USD,IDEALPRO-001,MARGIN,,"[{'type': 'MarginBalance', 'initial': '0.00', 'maintenance': '2.35', 'currency': 'USD', 'instrument_id': 'EUR/USD.IDEALPRO'}]",False,{}
100000.00,0.00,100000.00,EUR,IDEALPRO-001,MARGIN,,"[{'type': 'MarginBalance', 'initial': '0.00', 'maintenance': '2.35', 'currency': 'USD', 'instrument_id': 'EUR/USD.IDEALPRO'}]",False,{}
99999.75,0.00,99999.75,USD,IDEALPRO-001,MARGIN,,[],False,{}
100000.00,0.00,100000.00,EUR,IDEALPRO-001,MARGIN,,[],False,{}
99999.75,0.00,99999.75,USD,IDEALPRO-001,MARGIN,,[],False,{}
100000.00,0.00,100000.00,EUR,IDEALPRO-001,MARGIN,,[],False,{}
99999.75,0.00,99999.75,USD,IDEALPRO-001,MARGIN,,[],False,{}
100000.00,0.00,100000.00,EUR,IDEALPRO-001,MARGIN,,[],False,{}
99999.75,0.00,99999.75,USD,IDEALPRO-001,MARGIN,,[],False,{}
100000.00,0.00,100000.00,EUR,IDEALPRO-001,MARGIN,,[],False,{}
99999.75,0.00,99999.75,USD,IDEALPRO-001,MARGIN,,[],False,{}
100000.00,0.00,100000.00,EUR,IDEALPRO-001,MARGIN,,[],False,{}
99999.75,2.35,99997.40,USD,IDEALPRO-001,MARGIN,,"[{'type': 'MarginBalance', 'initial': '0.00', 'maintenance': '2.35', 'currency': 'USD', 'instrument_id': 'EUR/USD.IDEALPRO'}]",False,{}
100000.00,0.00,100000.00,EUR,IDEALPRO-001,MARGIN,,"[{'type': 'MarginBalance', 'initial': '0.00', 'maintenance': '2.35', 'currency': 'USD', 'instrument_id': 'EUR/USD.IDEALPRO'}]",False,{}
99999.75,2.35,99997.40,USD,IDEALPRO-001,MARGIN,,"[{'type': 'MarginBalance', 'initial': '0.00', 'maintenance': '2.35', 'currency': 'USD', 'instrument_id': 'EUR/USD.IDEALPRO'}]",False,{}
100000.00,0.00,100000.00,EUR,IDEALPRO-001,MARGIN,,"[{'type': 'MarginBalance', 'initial': '0.00', 'maintenance': '2.35', 'currency': 'USD', 'instrument_id': 'EUR/USD.IDEALPRO'}]",False,{}
99999.75,2.35,99997.40,USD,IDEALPRO-001,MARGIN,,"[{'type': 'MarginBalance', 'initial': '0.00', 'maintenance': '2.35', 'currency': 'USD', 'instrument_id': 'EUR/USD.IDEALPRO'}]",False,{}
100000.00,0.00,100000.00,EUR,IDEALPRO-001,MARGIN,,"[{'type': 'MarginBalance', 'initial': '0.00', 'maintenance': '2.35', 'currency': 'USD', 'instrument_id': 'EUR/USD.IDEALPRO'}]",False,{}
99999.75,2.35,99997.40,USD,IDEALPRO-001,MARGIN,,"[{'type': 'MarginBalance', 'initial': '0.00', 'maintenance': '2.35', 'currency': 'USD', 'instrument_id': 'EUR/USD.IDEALPRO'}]",False,{}
100000.00,0.00,100000.00,EUR,IDEALPRO-001,MARGIN,,"[{'type': 'MarginBalance', 'initial': '0.00', 'maintenance': '2.35', 'currency': 'USD', 'instrument_id': 'EUR/USD.IDEALPRO'}]",False,{}
99999.73,0.00,99999.73,USD,IDEALPRO-001,MARGIN,,[],False,{}
100000.00,0.00,100000.00,EUR,IDEALPRO-001,MARGIN,,[],False,{}
99999.73,0.00,99999.73,USD,IDEALPRO-001,MARGIN,,[],False,{}
100000.00,0.00,100000.00,EUR,IDEALPRO-001,MARGIN,,[],False,{}
99999.73,0.00,99999.73,USD,IDEALPRO-001,MARGIN,,[],False,{}
100000.00,0.00,100000.00,EUR,IDEALPRO-001,MARGIN,,[],False,{}
99999.73,0.00,99999.73,USD,IDEALPRO-001,MARGIN,,[],False,{}
100000.00,0.00,100000.00,EUR,IDEALPRO-001,MARGIN,,[],False,{}
99999.73,0.00,99999.73,USD,IDEALPRO-001,MARGIN,,[],False,{}
100000.00,0.00,100000.00,EUR,IDEALPRO-001,MARGIN,,[],False,{}
99999.73,0.00,99999.73,USD,IDEALPRO-001,MARGIN,,[],False,{}
100000.00,0.00,100000.00,EUR,IDEALPRO-001,MARGIN,,[],False,{}
99999.73,2.35,99997.38,USD,IDEALPRO-001,MARGIN,,"[{'type': 'MarginBalance', 'initial': '0.00', 'maintenance': '2.35', 'currency': 'USD', 'instrument_id': 'EUR/USD.IDEALPRO'}]",False,{}
100000.00,0.00,100000.00,EUR,IDEALPRO-001,MARGIN,,"[{'type': 'MarginBalance', 'initial': '0.00', 'maintenance': '2.35', 'currency': 'USD', 'instrument_id': 'EUR/USD.IDEALPRO'}]",False,{}
99999.73,2.35,99997.38,USD,IDEALPRO-001,MARGIN,,"[{'type': 'MarginBalance', 'initial': '0.00', 'maintenance': '2.35', 'currency': 'USD', 'instrument_id': 'EUR/USD.IDEALPRO'}]",False,{}
100000.00,0.00,100000.00,EUR,IDEALPRO-001,MARGIN,,"[{'type': 'MarginBalance', 'initial': '0.00', 'maintenance': '2.35', 'currency': 'USD', 'instrument_id': 'EUR/USD.IDEALPRO'}]",False,{}
99999.73,2.35,99997.38,USD,IDEALPRO-001,MARGIN,,"[{'type': 'MarginBalance', 'initial': '0.00', 'maintenance': '2.35', 'currency': 'USD', 'instrument_id': 'EUR/USD.IDEALPRO'}]",False,{}
100000.00,0.00,100000.00,EUR,IDEALPRO-001,MARGIN,,"[{'type': 'MarginBalance', 'initial': '0.00', 'maintenance': '2.35', 'currency': 'USD', 'instrument_id': 'EUR/USD.IDEALPRO'}]",False,{}
99999.73,2.35,99997.38,USD,IDEALPRO-001,MARGIN,,"[{'type': 'MarginBalance', 'initial': '0.00', 'maintenance': '2.35', 'currency': 'USD', 'instrument_id': 'EUR/USD.IDEALPRO'}]",False,{}
100000.00,0.00,100000.00,EUR,IDEALPRO-001,MARGIN,,"[{'type': 'MarginBalance', 'initial': '0.00', 'maintenance': '2.35', 'currency': 'USD', 'instrument_id': 'EUR/USD.IDEALPRO'}]",False,{}
99999.84,0.00,99999.84,USD,IDEALPRO-001,MARGIN,,[],False,{}
100000.00,0.00,100000.00,EUR,IDEALPRO-001,MARGIN,,[],False,{}
99999.84,0.00,99999.84,USD,IDEALPRO-001,MARGIN,,[],False,{}
100000.00,0.00,100000.00,EUR,IDEALPRO-001,MARGIN,,[],False,{}
99999.84,0.00,99999.84,USD,IDEALPRO-001,MARGIN,,[],False,{}
100000.00,0.00,100000.00,EUR,IDEALPRO-001,MARGIN,,[],False,{}
99999.84,0.00,99999.84,USD,IDEALPRO-001,MARGIN,,[],False,{}
100000.00,0.00,100000.00,EUR,IDEALPRO-001,MARGIN,,[],False,{}
99999.84,0.00,99999.84,USD,IDEALPRO-001,MARGIN,,[],False,{}
100000.00,0.00,100000.00,EUR,IDEALPRO-001,MARGIN,,[],False,{}
99999.84,0.00,99999.84,USD,IDEALPRO-001,MARGIN,,[],False,{}
100000.00,0.00,100000.00,EUR,IDEALPRO-001,MARGIN,,[],False,{}
99999.84,2.35,99997.49,USD,IDEALPRO-001,MARGIN,,"[{'type': 'MarginBalance', 'initial': '0.00', 'maintenance': '2.35', 'currency': 'USD', 'instrument_id': 'EUR/USD.IDEALPRO'}]",False,{}
100000.00,0.00,100000.00,EUR,IDEALPRO-001,MARGIN,,"[{'type': 'MarginBalance', 'initial': '0.00', 'maintenance': '2.35', 'currency': 'USD', 'instrument_id': 'EUR/USD.IDEALPRO'}]",False,{}
99999.84,2.35,99997.49,USD,IDEALPRO-001,MARGIN,,"[{'type': 'MarginBalance', 'initial': '0.00', 'maintenance': '2.35', 'currency': 'USD', 'instrument_id': 'EUR/USD.IDEALPRO'}]",False,{}
100000.00,0.00,100000.00,EUR,IDEALPRO-001,MARGIN,,"[{'type': 'MarginBalance', 'initial': '0.00', 'maintenance': '2.35', 'currency': 'USD', 'instrument_id': 'EUR/USD.IDEALPRO'}]",False,{}
99999.84,2.35,99997.49,USD,IDEALPRO-001,MARGIN,,"[{'type': 'MarginBalance', 'initial': '0.00', 'maintenance': '2.35', 'currency': 'USD', 'instrument_id': 'EUR/USD.IDEALPRO'}]",False,{}
100000.00,0.00,100000.00,EUR,IDEALPRO-001,MARGIN,,"[{'type': 'MarginBalance', 'initial': '0.00', 'maintenance': '2.35', 'currency': 'USD', 'instrument_id': 'EUR/USD.IDEALPRO'}]",False,{}
99999.78,0.00,99999.78,USD,IDEALPRO-001,MARGIN,,[],False,{}
100000.00,0.00,100000.00,EUR,IDEALPRO-001,MARGIN,,[],False,{}
99999.78,0.00,99999.78,USD,IDEALPRO-001,MARGIN,,[],False,{}
100000.00,0.00,100000.00,EUR,IDEALPRO-001,MARGIN,,[],False,{}
99999.78,0.00,99999.78,USD,IDEALPRO-001,MARGIN,,[],False,{}
100000.00,0.00,100000.00,EUR,IDEALPRO-001,MARGIN,,[],False,{}
99999.78,0.00,99999.78,USD,IDEALPRO-001,MARGIN,,[],False,{}
100000.00,0.00,100000.00,EUR,IDEALPRO-001,MARGIN,,[],False,{}
99999.78,0.00,99999.78,USD,IDEALPRO-001,MARGIN,,[],False,{}
100000.00,0.00,100000.00,EUR,IDEALPRO-001,MARGIN,,[],False,{}
99999.78,2.35,99997.43,USD,IDEALPRO-001,MARGIN,,"[{'type': 'MarginBalance', 'initial': '0.00', 'maintenance': '2.35', 'currency': 'USD', 'instrument_id': 'EUR/USD.IDEALPRO'}]",False,{}
100000.00,0.00,100000.00,EUR,IDEALPRO-001,MARGIN,,"[{'type': 'MarginBalance', 'initial': '0.00', 'maintenance': '2.35', 'currency': 'USD', 'instrument_id': 'EUR/USD.IDEALPRO'}]",False,{}
99999.78,2.35,99997.43,USD,IDEALPRO-001,MARGIN,,"[{'type': 'MarginBalance', 'initial': '0.00', 'maintenance': '2.35', 'currency': 'USD', 'instrument_id': 'EUR/USD.IDEALPRO'}]",False,{}
100000.00,0.00,100000.00,EUR,IDEALPRO-001,MARGIN,,"[{'type': 'MarginBalance', 'initial': '0.00', 'maintenance': '2.35', 'currency': 'USD', 'instrument_id': 'EUR/USD.IDEALPRO'}]",False,{}
99999.78,2.35,99997.43,USD,IDEALPRO-001,MARGIN,,"[{'type': 'MarginBalance', 'initial': '0.00', 'maintenance': '2.35', 'currency': 'USD', 'instrument_id': 'EUR/USD.IDEALPRO'}]",False,{}
100000.00,0.00,100000.00,EUR,IDEALPRO-001,MARGIN,,"[{'type': 'MarginBalance', 'initial': '0.00', 'maintenance': '2.35', 'currency': 'USD', 'instrument_id': 'EUR/USD.IDEALPRO'}]",False,{}
99999.72,0.00,99999.72,USD,IDEALPRO-001,MARGIN,,[],False,{}
100000.00,0.00,100000.00,EUR,IDEALPRO-001,MARGIN,,[],False,{}
99999.72,0.00,99999.72,USD,IDEALPRO-001,MARGIN,,[],False,{}
100000.00,0.00,100000.00,EUR,IDEALPRO-001,MARGIN,,[],False,{}
99999.72,0.00,99999.72,USD,IDEALPRO-001,MARGIN,,[],False,{}
100000.00,0.00,100000.00,EUR,IDEALPRO-001,MARGIN,,[],False,{}
99999.72,0.00,99999.72,USD,IDEALPRO-001,MARGIN,,[],False,{}
100000.00,0.00,100000.00,EUR,IDEALPRO-001,MARGIN,,[],False,{}
99999.72,0.00,99999.72,USD,IDEALPRO-001,MARGIN,,[],False,{}
100000.00,0.00,100000.00,EUR,IDEALPRO-001,MARGIN,,[],False,{}
99999.72,2.35,99997.37,USD,IDEALPRO-001,MARGIN,,"[{'type': 'MarginBalance', 'initial': '0.00', 'maintenance': '2.35', 'currency': 'USD', 'instrument_id': 'EUR/USD.IDEALPRO'}]",False,{}
100000.00,0.00,100000.00,EUR,IDEALPRO-001,MARGIN,,"[{'type': 'MarginBalance', 'initial': '0.00', 'maintenance': '2.35', 'currency': 'USD', 'instrument_id': 'EUR/USD.IDEALPRO'}]",False,{}
99999.72,2.35,99997.37,USD,IDEALPRO-001,MARGIN,,"[{'type': 'MarginBalance', 'initial': '0.00', 'maintenance': '2.35', 'currency': 'USD', 'instrument_id': 'EUR/USD.IDEALPRO'}]",False,{}
100000.00,0.00,100000.00,EUR,IDEALPRO-001,MARGIN,,"[{'type': 'MarginBalance', 'initial': '0.00', 'maintenance': '2.35', 'currency': 'USD', 'instrument_id': 'EUR/USD.IDEALPRO'}]",False,{}
99999.72,2.35,99997.37,USD,IDEALPRO-001,MARGIN,,"[{'type': 'MarginBalance', 'initial': '0.00', 'maintenance': '2.35', 'currency': 'USD', 'instrument_id': 'EUR/USD.IDEALPRO'}]",False,{}
100000.00,0.00,100000.00,EUR,IDEALPRO-001,MARGIN,,"[{'type': 'MarginBalance', 'initial': '0.00', 'maintenance': '2.35', 'currency': 'USD', 'instrument_id': 'EUR/USD.IDEALPRO'}]",False,{}
99999.72,2.35,99997.37,USD,IDEALPRO-001,MARGIN,,"[{'type': 'MarginBalance', 'initial': '0.00', 'maintenance': '2.35', 'currency': 'USD', 'instrument_id': 'EUR/USD.IDEALPRO'}]",False,{}
100000.00,0.00,100000.00,EUR,IDEALPRO-001,MARGIN,,"[{'type': 'MarginBalance', 'initial': '0.00', 'maintenance': '2.35', 'currency': 'USD', 'instrument_id': 'EUR/USD.IDEALPRO'}]",False,{}
99999.91,0.00,99999.91,USD,IDEALPRO-001,MARGIN,,[],False,{}
100000.00,0.00,100000.00,EUR,IDEALPRO-001,MARGIN,,[],False,{}
99999.91,0.00,99999.91,USD,IDEALPRO-001,MARGIN,,[],False,{}
100000.00,0.00,100000.00,EUR,IDEALPRO-001,MARGIN,,[],False,{}
99999.91,0.00,99999.91,USD,IDEALPRO-001,MARGIN,,[],False,{}
100000.00,0.00,100000.00,EUR,IDEALPRO-001,MARGIN,,[],False,{}
99999.91,0.00,99999.91,USD,IDEALPRO-001,MARGIN,,[],False,{}
100000.00,0.00,100000.00,EUR,IDEALPRO-001,MARGIN,,[],False,{}
99999.91,0.00,99999.91,USD,IDEALPRO-001,MARGIN,,[],False,{}
100000.00,0.00,100000.00,EUR,IDEALPRO-001,MARGIN,,[],False,{}
99999.91,0.00,99999.91,USD,IDEALPRO-001,MARGIN,,[],False,{}
100000.00,0.00,100000.00,EUR,IDEALPRO-001,MARGIN,,[],False,{}
99999.91,2.35,99997.56,USD,IDEALPRO-001,MARGIN,,"[{'type': 'MarginBalance', 'initial': '0.00', 'maintenance': '2.35', 'currency': 'USD', 'instrument_id': 'EUR/USD.IDEALPRO'}]",False,{}
100000.00,0.00,100000.00,EUR,IDEALPRO-001,MARGIN,,"[{'type': 'MarginBalance', 'initial': '0.00', 'maintenance': '2.35', 'currency': 'USD', 'instrument_id': 'EUR/USD.IDEALPRO'}]",False,{}
99999.91,2.35,99997.56,USD,IDEALPRO-001,MARGIN,,"[{'type': 'MarginBalance', 'initial': '0.00', 'maintenance': '2.35', 'currency': 'USD', 'instrument_id': 'EUR/USD.IDEALPRO'}]",False,{}
100000.00,0.00,100000.00,EUR,IDEALPRO-001,MARGIN,,"[{'type': 'MarginBalance', 'initial': '0.00', 'maintenance': '2.35', 'currency': 'USD', 'instrument_id': 'EUR/USD.IDEALPRO'}]",False,{}
99999.91,2.35,99997.56,USD,IDEALPRO-001,MARGIN,,"[{'type': 'MarginBalance', 'initial': '0.00', 'maintenance': '2.35', 'currency': 'USD', 'instrument_id': 'EUR/USD.IDEALPRO'}]",False,{}
100000.00,0.00,100000.00,EUR,IDEALPRO-001,MARGIN,,"[{'type': 'MarginBalance', 'initial': '0.00', 'maintenance': '2.35', 'currency': 'USD', 'instrument_id': 'EUR/USD.IDEALPRO'}]",False,{}
99999.85,0.00,99999.85,USD,IDEALPRO-001,MARGIN,,[],False,{}
100000.00,0.00,100000.00,EUR,IDEALPRO-001,MARGIN,,[],False,{}
99999.85,0.00,99999.85,USD,IDEALPRO-001,MARGIN,,[],False,{}
100000.00,0.00,100000.00,EUR,IDEALPRO-001,MARGIN,,[],False,{}
99999.85,0.00,99999.85,USD,IDEALPRO-001,MARGIN,,[],False,{}
100000.00,0.00,100000.00,EUR,IDEALPRO-001,MARGIN,,[],False,{}
99999.85,0.00,99999.85,USD,IDEALPRO-001,MARGIN,,[],False,{}
100000.00,0.00,100000.00,EUR,IDEALPRO-001,MARGIN,,[],False,{}
99999.85,0.00,99999.85,USD,IDEALPRO-001,MARGIN,,[],False,{}
100000.00,0.00,100000.00,EUR,IDEALPRO-001,MARGIN,,[],False,{}
99999.85,2.35,99997.50,USD,IDEALPRO-001,MARGIN,,"[{'type': 'MarginBalance', 'initial': '0.00', 'maintenance': '2.35', 'currency': 'USD', 'instrument_id': 'EUR/USD.IDEALPRO'}]",False,{}
100000.00,0.00,100000.00,EUR,IDEALPRO-001,MARGIN,,"[{'type': 'MarginBalance', 'initial': '0.00', 'maintenance': '2.35', 'currency': 'USD', 'instrument_id': 'EUR/USD.IDEALPRO'}]",False,{}
99999.85,2.35,99997.50,USD,IDEALPRO-001,MARGIN,,"[{'type': 'MarginBalance', 'initial': '0.00', 'maintenance': '2.35', 'currency': 'USD', 'instrument_id': 'EUR/USD.IDEALPRO'}]",False,{}
100000.00,0.00,100000.00,EUR,IDEALPRO-001,MARGIN,,"[{'type': 'MarginBalance', 'initial': '0.00', 'maintenance': '2.35', 'currency': 'USD', 'instrument_id': 'EUR/USD.IDEALPRO'}]",False,{}
99999.85,2.35,99997.50,USD,IDEALPRO-001,MARGIN,,"[{'type': 'MarginBalance', 'initial': '0.00', 'maintenance': '2.35', 'currency': 'USD', 'instrument_id': 'EUR/USD.IDEALPRO'}]",False,{}
100000.00,0.00,100000.00,EUR,IDEALPRO-001,MARGIN,,"[{'type': 'MarginBalance', 'initial': '0.00', 'maintenance': '2.35', 'currency': 'USD', 'instrument_id': 'EUR/USD.IDEALPRO'}]",False,{}
99999.85,2.35,99997.50,USD,IDEALPRO-001,MARGIN,,"[{'type': 'MarginBalance', 'initial': '0.00', 'maintenance': '2.35', 'currency': 'USD', 'instrument_id': 'EUR/USD.IDEALPRO'}]",False,{}
100000.00,0.00,100000.00,EUR,IDEALPRO-001,MARGIN,,"[{'type': 'MarginBalance', 'initial': '0.00', 'maintenance': '2.35', 'currency': 'USD', 'instrument_id': 'EUR/USD.IDEALPRO'}]",False,{}
99999.80,0.00,99999.80,USD,IDEALPRO-001,MARGIN,,[],False,{}
100000.00,0.00,100000.00,EUR,IDEALPRO-001,MARGIN,,[],False,{}
99999.80,0.00,99999.80,USD,IDEALPRO-001,MARGIN,,[],False,{}
100000.00,0.00,100000.00,EUR,IDEALPRO-001,MARGIN,,[],False,{}
99999.80,0.00,99999.80,USD,IDEALPRO-001,MARGIN,,[],False,{}
100000.00,0.00,100000.00,EUR,IDEALPRO-001,MARGIN,,[],False,{}
99999.80,0.00,99999.80,USD,IDEALPRO-001,MARGIN,,[],False,{}
100000.00,0.00,100000.00,EUR,IDEALPRO-001,MARGIN,,[],False,{}
99999.80,0.00,99999.80,USD,IDEALPRO-001,MARGIN,,[],False,{}
100000.00,0.00,100000.00,EUR,IDEALPRO-001,MARGIN,,[],False,{}
99999.80,0.00,99999.80,USD,IDEALPRO-001,MARGIN,,[],False,{}
100000.00,0.00,100000.00,EUR,IDEALPRO-001,MARGIN,,[],False,{}
99999.80,2.35,99997.45,USD,IDEALPRO-001,MARGIN,,"[{'type': 'MarginBalance', 'initial': '0.00', 'maintenance': '2.35', 'currency': 'USD', 'instrument_id': 'EUR/USD.IDEALPRO'}]",False,{}
100000.00,0.00,100000.00,EUR,IDEALPRO-001,MARGIN,,"[{'type': 'MarginBalance', 'initial': '0.00', 'maintenance': '2.35', 'currency': 'USD', 'instrument_id': 'EUR/USD.IDEALPRO'}]",False,{}
99999.80,2.35,99997.45,USD,IDEALPRO-001,MARGIN,,"[{'type': 'MarginBalance', 'initial': '0.00', 'maintenance': '2.35', 'currency': 'USD', 'instrument_id': 'EUR/USD.IDEALPRO'}]",False,{}
100000.00,0.00,100000.00,EUR,IDEALPRO-001,MARGIN,,"[{'type': 'MarginBalance', 'initial': '0.00', 'maintenance': '2.35', 'currency': 'USD', 'instrument_id': 'EUR/USD.IDEALPRO'}]",False,{}
99999.80,2.35,99997.45,USD,IDEALPRO-001,MARGIN,,"[{'type': 'MarginBalance', 'initial': '0.00', 'maintenance': '2.35', 'currency': 'USD', 'instrument_id': 'EUR/USD.IDEALPRO'}]",False,{}
100000.00,0.00,100000.00,EUR,IDEALPRO-001,MARGIN,,"[{'type': 'MarginBalance', 'initial': '0.00', 'maintenance': '2.35', 'currency': 'USD', 'instrument_id': 'EUR/USD.IDEALPRO'}]",False,{}
99999.74,0.00,99999.74,USD,IDEALPRO-001,MARGIN,,[],False,{}
100000.00,0.00,100000.00,EUR,IDEALPRO-001,MARGIN,,[],False,{}
99999.74,0.00,99999.74,USD,IDEALPRO-001,MARGIN,,[],False,{}
100000.00,0.00,100000.00,EUR,IDEALPRO-001,MARGIN,,[],False,{}
99999.74,0.00,99999.74,USD,IDEALPRO-001,MARGIN,,[],False,{}
100000.00,0.00,100000.00,EUR,IDEALPRO-001,MARGIN,,[],False,{}
99999.74,0.00,99999.74,USD,IDEALPRO-001,MARGIN,,[],False,{}
100000.00,0.00,100000.00,EUR,IDEALPRO-001,MARGIN,,[],False,{}
99999.74,0.00,99999.74,USD,IDEALPRO-001,MARGIN,,[],False,{}
100000.00,0.00,100000.00,EUR,IDEALPRO-001,MARGIN,,[],False,{}
99999.74,2.35,99997.39,USD,IDEALPRO-001,MARGIN,,"[{'type': 'MarginBalance', 'initial': '0.00', 'maintenance': '2.35', 'currency': 'USD', 'instrument_id': 'EUR/USD.IDEALPRO'}]",False,{}
100000.00,0.00,100000.00,EUR,IDEALPRO-001,MARGIN,,"[{'type': 'MarginBalance', 'initial': '0.00', 'maintenance': '2.35', 'currency': 'USD', 'instrument_id': 'EUR/USD.IDEALPRO'}]",False,{}
99999.74,2.35,99997.39,USD,IDEALPRO-001,MARGIN,,"[{'type': 'MarginBalance', 'initial': '0.00', 'maintenance': '2.35', 'currency': 'USD', 'instrument_id': 'EUR/USD.IDEALPRO'}]",False,{}
100000.00,0.00,100000.00,EUR,IDEALPRO-001,MARGIN,,"[{'type': 'MarginBalance', 'initial': '0.00', 'maintenance': '2.35', 'currency': 'USD', 'instrument_id': 'EUR/USD.IDEALPRO'}]",False,{}
99999.74,2.35,99997.39,USD,IDEALPRO-001,MARGIN,,"[{'type': 'MarginBalance', 'initial': '0.00', 'maintenance': '2.35', 'currency': 'USD', 'instrument_id': 'EUR/USD.IDEALPRO'}]",False,{}
100000.00,0.00,100000.00,EUR,IDEALPRO-001,MARGIN,,"[{'type': 'MarginBalance', 'initial': '0.00', 'maintenance': '2.35', 'currency': 'USD', 'instrument_id': 'EUR/USD.IDEALPRO'}]",False,{}
99999.74,2.35,99997.39,USD,IDEALPRO-001,MARGIN,,"[{'type': 'MarginBalance', 'initial': '0.00', 'maintenance': '2.35', 'currency': 'USD', 'instrument_id': 'EUR/USD.IDEALPRO'}]",False,{}
100000.00,0.00,100000.00,EUR,IDEALPRO-001,MARGIN,,"[{'type': 'MarginBalance', 'initial': '0.00', 'maintenance': '2.35', 'currency': 'USD', 'instrument_id': 'EUR/USD.IDEALPRO'}]",False,{}
99999.73,0.00,99999.73,USD,IDEALPRO-001,MARGIN,,[],False,{}
100000.00,0.00,100000.00,EUR,IDEALPRO-001,MARGIN,,[],False,{}
99999.73,0.00,99999.73,USD,IDEALPRO-001,MARGIN,,[],False,{}
100000.00,0.00,100000.00,EUR,IDEALPRO-001,MARGIN,,[],False,{}
99999.73,0.00,99999.73,USD,IDEALPRO-001,MARGIN,,[],False,{}
100000.00,0.00,100000.00,EUR,IDEALPRO-001,MARGIN,,[],False,{}
99999.73,0.00,99999.73,USD,IDEALPRO-001,MARGIN,,[],False,{}
100000.00,0.00,100000.00,EUR,IDEALPRO-001,MARGIN,,[],False,{}
99999.73,0.00,99999.73,USD,IDEALPRO-001,MARGIN,,[],False,{}
100000.00,0.00,100000.00,EUR,IDEALPRO-001,MARGIN,,[],False,{}
99999.73,0.00,99999.73,USD,IDEALPRO-001,MARGIN,,[],False,{}
100000.00,0.00,100000.00,EUR,IDEALPRO-001,MARGIN,,[],False,{}
99999.73,2.35,99997.38,USD,IDEALPRO-001,MARGIN,,"[{'type': 'MarginBalance', 'initial': '0.00', 'maintenance': '2.35', 'currency': 'USD', 'instrument_id': 'EUR/USD.IDEALPRO'}]",False,{}
100000.00,0.00,100000.00,EUR,IDEALPRO-001,MARGIN,,"[{'type': 'MarginBalance', 'initial': '0.00', 'maintenance': '2.35', 'currency': 'USD', 'instrument_id': 'EUR/USD.IDEALPRO'}]",False,{}
99999.73,2.35,99997.38,USD,IDEALPRO-001,MARGIN,,"[{'type': 'MarginBalance', 'initial': '0.00', 'maintenance': '2.35', 'currency': 'USD', 'instrument_id': 'EUR/USD.IDEALPRO'}]",False,{}
100000.00,0.00,100000.00,EUR,IDEALPRO-001,MARGIN,,"[{'type': 'MarginBalance', 'initial': '0.00', 'maintenance': '2.35', 'currency': 'USD', 'instrument_id': 'EUR/USD.IDEALPRO'}]",False,{}
99999.73,2.35,99997.38,USD,IDEALPRO-001,MARGIN,,"[{'type': 'MarginBalance', 'initial': '0.00', 'maintenance': '2.35', 'currency': 'USD', 'instrument_id': 'EUR/USD.IDEALPRO'}]",False,{}
100000.00,0.00,100000.00,EUR,IDEALPRO-001,MARGIN,,"[{'type': 'MarginBalance', 'initial': '0.00', 'maintenance': '2.35', 'currency': 'USD', 'instrument_id': 'EUR/USD.IDEALPRO'}]",False,{}
99999.73,2.35,99997.38,USD,IDEALPRO-001,MARGIN,,"[{'type': 'MarginBalance', 'initial': '0.00', 'maintenance': '2.35', 'currency': 'USD', 'instrument_id': 'EUR/USD.IDEALPRO'}]",False,{}
100000.00,0.00,100000.00,EUR,IDEALPRO-001,MARGIN,,"[{'type': 'MarginBalance', 'initial': '0.00', 'maintenance': '2.35', 'currency': 'USD', 'instrument_id': 'EUR/USD.IDEALPRO'}]",False,{}
99999.72,0.00,99999.72,USD,IDEALPRO-001,MARGIN,,[],False,{}
100000.00,0.00,100000.00,EUR,IDEALPRO-001,MARGIN,,[],False,{}
99999.72,0.00,99999.72,USD,IDEALPRO-001,MARGIN,,[],False,{}
100000.00,0.00,100000.00,EUR,IDEALPRO-001,MARGIN,,[],False,{}
99999.72,0.00,99999.72,USD,IDEALPRO-001,MARGIN,,[],False,{}
100000.00,0.00,100000.00,EUR,IDEALPRO-001,MARGIN,,[],False,{}
99999.72,0.00,99999.72,USD,IDEALPRO-001,MARGIN,,[],False,{}
100000.00,0.00,100000.00,EUR,IDEALPRO-001,MARGIN,,[],False,{}
99999.72,0.00,99999.72,USD,IDEALPRO-001,MARGIN,,[],False,{}
100000.00,0.00,100000.00,EUR,IDEALPRO-001,MARGIN,,[],False,{}
99999.72,0.00,99999.72,USD,IDEALPRO-001,MARGIN,,[],False,{}
100000.00,0.00,100000.00,EUR,IDEALPRO-001,MARGIN,,[],False,{}
99999.72,2.35,99997.37,USD,IDEALPRO-001,MARGIN,,"[{'type': 'MarginBalance', 'initial': '0.00', 'maintenance': '2.35', 'currency': 'USD', 'instrument_id': 'EUR/USD.IDEALPRO'}]",False,{}
100000.00,0.00,100000.00,EUR,IDEALPRO-001,MARGIN,,"[{'type': 'MarginBalance', 'initial': '0.00', 'maintenance': '2.35', 'currency': 'USD', 'instrument_id': 'EUR/USD.IDEALPRO'}]",False,{}
99999.72,2.35,99997.37,USD,IDEALPRO-001,MARGIN,,"[{'type': 'MarginBalance', 'initial': '0.00', 'maintenance': '2.35', 'currency': 'USD', 'instrument_id': 'EUR/USD.IDEALPRO'}]",False,{}
100000.00,0.00,100000.00,EUR,IDEALPRO-001,MARGIN,,"[{'type': 'MarginBalance', 'initial': '0.00', 'maintenance': '2.35', 'currency': 'USD', 'instrument_id': 'EUR/USD.IDEALPRO'}]",False,{}
99999.72,2.35,99997.37,USD,IDEALPRO-001,MARGIN,,"[{'type': 'MarginBalance', 'initial': '0.00', 'maintenance': '2.35', 'currency': 'USD', 'instrument_id': 'EUR/USD.IDEALPRO'}]",False,{}
100000.00,0.00,100000.00,EUR,IDEALPRO-001,MARGIN,,"[{'type': 'MarginBalance', 'initial': '0.00', 'maintenance': '2.35', 'currency': 'USD', 'instrument_id': 'EUR/USD.IDEALPRO'}]",False,{}
99999.72,2.35,99997.37,USD,IDEALPRO-001,MARGIN,,"[{'type': 'MarginBalance', 'initial': '0.00', 'maintenance': '2.35', 'currency': 'USD', 'instrument_id': 'EUR/USD.IDEALPRO'}]",False,{}
100000.00,0.00,100000.00,EUR,IDEALPRO-001,MARGIN,,"[{'type': 'MarginBalance', 'initial': '0.00', 'maintenance': '2.35', 'currency': 'USD', 'instrument_id': 'EUR/USD.IDEALPRO'}]",False,{}
99999.70,0.00,99999.70,USD,IDEALPRO-001,MARGIN,,[],False,{}
100000.00,0.00,100000.00,EUR,IDEALPRO-001,MARGIN,,[],False,{}
99999.70,0.00,99999.70,USD,IDEALPRO-001,MARGIN,,[],False,{}
100000.00,0.00,100000.00,EUR,IDEALPRO-001,MARGIN,,[],False,{}
99999.70,0.00,99999.70,USD,IDEALPRO-001,MARGIN,,[],False,{}
100000.00,0.00,100000.00,EUR,IDEALPRO-001,MARGIN,,[],False,{}
99999.70,0.00,99999.70,USD,IDEALPRO-001,MARGIN,,[],False,{}
100000.00,0.00,100000.00,EUR,IDEALPRO-001,MARGIN,,[],False,{}
99999.70,0.00,99999.70,USD,IDEALPRO-001,MARGIN,,[],False,{}
100000.00,0.00,100000.00,EUR,IDEALPRO-001,MARGIN,,[],False,{}
99999.70,0.00,99999.70,USD,IDEALPRO-001,MARGIN,,[],False,{}
100000.00,0.00,100000.00,EUR,IDEALPRO-001,MARGIN,,[],False,{}
99999.70,2.35,99997.35,USD,IDEALPRO-001,MARGIN,,"[{'type': 'MarginBalance', 'initial': '0.00', 'maintenance': '2.35', 'currency': 'USD', 'instrument_id': 'EUR/USD.IDEALPRO'}]",False,{}
100000.00,0.00,100000.00,EUR,IDEALPRO-001,MARGIN,,"[{'type': 'MarginBalance', 'initial': '0.00', 'maintenance': '2.35', 'currency': 'USD', 'instrument_id': 'EUR/USD.IDEALPRO'}]",False,{}
99999.70,2.35,99997.35,USD,IDEALPRO-001,MARGIN,,"[{'type': 'MarginBalance', 'initial': '0.00', 'maintenance': '2.35', 'currency': 'USD', 'instrument_id': 'EUR/USD.IDEALPRO'}]",False,{}
100000.00,0.00,100000.00,EUR,IDEALPRO-001,MARGIN,,"[{'type': 'MarginBalance', 'initial': '0.00', 'maintenance': '2.35', 'currency': 'USD', 'instrument_id': 'EUR/USD.IDEALPRO'}]",False,{}
99999.70,2.35,99997.35,USD,IDEALPRO-001,MARGIN,,"[{'type': 'MarginBalance', 'initial': '0.00', 'maintenance': '2.35', 'currency': 'USD', 'instrument_id': 'EUR/USD.IDEALPRO'}]",False,{}
100000.00,0.00,100000.00,EUR,IDEALPRO-001,MARGIN,,"[{'type': 'MarginBalance', 'initial': '0.00', 'maintenance': '2.35', 'currency': 'USD', 'instrument_id': 'EUR/USD.IDEALPRO'}]",False,{}
99999.70,2.35,99997.35,USD,IDEALPRO-001,MARGIN,,"[{'type': 'MarginBalance', 'initial': '0.00', 'maintenance': '2.35', 'currency': 'USD', 'instrument_id': 'EUR/USD.IDEALPRO'}]",False,{}
100000.00,0.00,100000.00,EUR,IDEALPRO-001,MARGIN,,"[{'type': 'MarginBalance', 'initial': '0.00', 'maintenance': '2.35', 'currency': 'USD', 'instrument_id': 'EUR/USD.IDEALPRO'}]",False,{}
99999.66,0.00,99999.66,USD,IDEALPRO-001,MARGIN,,[],False,{}
100000.00,0.00,100000.00,EUR,IDEALPRO-001,MARGIN,,[],False,{}
99999.66,0.00,99999.66,USD,IDEALPRO-001,MARGIN,,[],False,{}
100000.00,0.00,100000.00,EUR,IDEALPRO-001,MARGIN,,[],False,{}
99999.66,0.00,99999.66,USD,IDEALPRO-001,MARGIN,,[],False,{}
100000.00,0.00,100000.00,EUR,IDEALPRO-001,MARGIN,,[],False,{}
99999.66,0.00,99999.66,USD,IDEALPRO-001,MARGIN,,[],False,{}
100000.00,0.00,100000.00,EUR,IDEALPRO-001,MARGIN,,[],False,{}
99999.66,0.00,99999.66,USD,IDEALPRO-001,MARGIN,,[],False,{}
100000.00,0.00,100000.00,EUR,IDEALPRO-001,MARGIN,,[],False,{}
99999.66,0.00,99999.66,USD,IDEALPRO-001,MARGIN,,[],False,{}
100000.00,0.00,100000.00,EUR,IDEALPRO-001,MARGIN,,[],False,{}
99999.66,2.35,99997.31,USD,IDEALPRO-001,MARGIN,,"[{'type': 'MarginBalance', 'initial': '0.00', 'maintenance': '2.35', 'currency': 'USD', 'instrument_id': 'EUR/USD.IDEALPRO'}]",False,{}
100000.00,0.00,100000.00,EUR,IDEALPRO-001,MARGIN,,"[{'type': 'MarginBalance', 'initial': '0.00', 'maintenance': '2.35', 'currency': 'USD', 'instrument_id': 'EUR/USD.IDEALPRO'}]",False,{}
99999.66,2.35,99997.31,USD,IDEALPRO-001,MARGIN,,"[{'type': 'MarginBalance', 'initial': '0.00', 'maintenance': '2.35', 'currency': 'USD', 'instrument_id': 'EUR/USD.IDEALPRO'}]",False,{}
100000.00,0.00,100000.00,EUR,IDEALPRO-001,MARGIN,,"[{'type': 'MarginBalance', 'initial': '0.00', 'maintenance': '2.35', 'currency': 'USD', 'instrument_id': 'EUR/USD.IDEALPRO'}]",False,{}
99999.66,2.35,99997.31,USD,IDEALPRO-001,MARGIN,,"[{'type': 'MarginBalance', 'initial': '0.00', 'maintenance': '2.35', 'currency': 'USD', 'instrument_id': 'EUR/USD.IDEALPRO'}]",False,{}
100000.00,0.00,100000.00,EUR,IDEALPRO-001,MARGIN,,"[{'type': 'MarginBalance', 'initial': '0.00', 'maintenance': '2.35', 'currency': 'USD', 'instrument_id': 'EUR/USD.IDEALPRO'}]",False,{}
99999.66,2.35,99997.31,USD,IDEALPRO-001,MARGIN,,"[{'type': 'MarginBalance', 'initial': '0.00', 'maintenance': '2.35', 'currency': 'USD', 'instrument_id': 'EUR/USD.IDEALPRO'}]",False,{}
100000.00,0.00,100000.00,EUR,IDEALPRO-001,MARGIN,,"[{'type': 'MarginBalance', 'initial': '0.00', 'maintenance': '2.35', 'currency': 'USD', 'instrument_id': 'EUR/USD.IDEALPRO'}]",False,{}
99999.67,0.00,99999.67,USD,IDEALPRO-001,MARGIN,,[],False,{}
100000.00,0.00,100000.00,EUR,IDEALPRO-001,MARGIN,,[],False,{}
99999.67,0.00,99999.67,USD,IDEALPRO-001,MARGIN,,[],False,{}
100000.00,0.00,100000.00,EUR,IDEALPRO-001,MARGIN,,[],False,{}
99999.67,0.00,99999.67,USD,IDEALPRO-001,MARGIN,,[],False,{}
100000.00,0.00,100000.00,EUR,IDEALPRO-001,MARGIN,,[],False,{}
99999.67,0.00,99999.67,USD,IDEALPRO-001,MARGIN,,[],False,{}
100000.00,0.00,100000.00,EUR,IDEALPRO-001,MARGIN,,[],False,{}
99999.67,0.00,99999.67,USD,IDEALPRO-001,MARGIN,,[],False,{}
100000.00,0.00,100000.00,EUR,IDEALPRO-001,MARGIN,,[],False,{}
99999.67,0.00,99999.67,USD,IDEALPRO-001,MARGIN,,[],False,{}
100000.00,0.00,100000.00,EUR,IDEALPRO-001,MARGIN,,[],False,{}
99999.67,2.35,99997.32,USD,IDEALPRO-001,MARGIN,,"[{'type': 'MarginBalance', 'initial': '0.00', 'maintenance': '2.35', 'currency': 'USD', 'instrument_id': 'EUR/USD.IDEALPRO'}]",False,{}
100000.00,0.00,100000.00,EUR,IDEALPRO-001,MARGIN,,"[{'type': 'MarginBalance', 'initial': '0.00', 'maintenance': '2.35', 'currency': 'USD', 'instrument_id': 'EUR/USD.IDEALPRO'}]",False,{}
99999.67,2.35,99997.32,USD,IDEALPRO-001,MARGIN,,"[{'type': 'MarginBalance', 'initial': '0.00', 'maintenance': '2.35', 'currency': 'USD', 'instrument_id': 'EUR/USD.IDEALPRO'}]",False,{}
100000.00,0.00,100000.00,EUR,IDEALPRO-001,MARGIN,,"[{'type': 'MarginBalance', 'initial': '0.00', 'maintenance': '2.35', 'currency': 'USD', 'instrument_id': 'EUR/USD.IDEALPRO'}]",False,{}
99999.67,2.35,99997.32,USD,IDEALPRO-001,MARGIN,,"[{'type': 'MarginBalance', 'initial': '0.00', 'maintenance': '2.35', 'currency': 'USD', 'instrument_id': 'EUR/USD.IDEALPRO'}]",False,{}
100000.00,0.00,100000.00,EUR,IDEALPRO-001,MARGIN,,"[{'type': 'MarginBalance', 'initial': '0.00', 'maintenance': '2.35', 'currency': 'USD', 'instrument_id': 'EUR/USD.IDEALPRO'}]",False,{}
99999.67,2.35,99997.32,USD,IDEALPRO-001,MARGIN,,"[{'type': 'MarginBalance', 'initial': '0.00', 'maintenance': '2.35', 'currency': 'USD', 'instrument_id': 'EUR/USD.IDEALPRO'}]",False,{}
100000.00,0.00,100000.00,EUR,IDEALPRO-001,MARGIN,,"[{'type': 'MarginBalance', 'initial': '0.00', 'maintenance': '2.35', 'currency': 'USD', 'instrument_id': 'EUR/USD.IDEALPRO'}]",False,{}
99999.63,0.00,99999.63,USD,IDEALPRO-001,MARGIN,,[],False,{}
100000.00,0.00,100000.00,EUR,IDEALPRO-001,MARGIN,,[],False,{}
99999.63,0.00,99999.63,USD,IDEALPRO-001,MARGIN,,[],False,{}
100000.00,0.00,100000.00,EUR,IDEALPRO-001,MARGIN,,[],False,{}
99999.63,0.00,99999.63,USD,IDEALPRO-001,MARGIN,,[],False,{}
100000.00,0.00,100000.00,EUR,IDEALPRO-001,MARGIN,,[],False,{}
99999.63,0.00,99999.63,USD,IDEALPRO-001,MARGIN,,[],False,{}
100000.00,0.00,100000.00,EUR,IDEALPRO-001,MARGIN,,[],False,{}
99999.63,0.00,99999.63,USD,IDEALPRO-001,MARGIN,,[],False,{}
100000.00,0.00,100000.00,EUR,IDEALPRO-001,MARGIN,,[],False,{}
99999.63,0.00,99999.63,USD,IDEALPRO-001,MARGIN,,[],False,{}
100000.00,0.00,100000.00,EUR,IDEALPRO-001,MARGIN,,[],False,{}
99999.63,2.35,99997.28,USD,IDEALPRO-001,MARGIN,,"[{'type': 'MarginBalance', 'initial': '0.00', 'maintenance': '2.35', 'currency': 'USD', 'instrument_id': 'EUR/USD.IDEALPRO'}]",False,{}
100000.00,0.00,100000.00,EUR,IDEALPRO-001,MARGIN,,"[{'type': 'MarginBalance', 'initial': '0.00', 'maintenance': '2.35', 'currency': 'USD', 'instrument_id': 'EUR/USD.IDEALPRO'}]",False,{}
99999.63,2.35,99997.28,USD,IDEALPRO-001,MARGIN,,"[{'type': 'MarginBalance', 'initial': '0.00', 'maintenance': '2.35', 'currency': 'USD', 'instrument_id': 'EUR/USD.IDEALPRO'}]",False,{}
100000.00,0.00,100000.00,EUR,IDEALPRO-001,MARGIN,,"[{'type': 'MarginBalance', 'initial': '0.00', 'maintenance': '2.35', 'currency': 'USD', 'instrument_id': 'EUR/USD.IDEALPRO'}]",False,{}
99999.63,2.35,99997.28,USD,IDEALPRO-001,MARGIN,,"[{'type': 'MarginBalance', 'initial': '0.00', 'maintenance': '2.35', 'currency': 'USD', 'instrument_id': 'EUR/USD.IDEALPRO'}]",False,{}
100000.00,0.00,100000.00,EUR,IDEALPRO-001,MARGIN,,"[{'type': 'MarginBalance', 'initial': '0.00', 'maintenance': '2.35', 'currency': 'USD', 'instrument_id': 'EUR/USD.IDEALPRO'}]",False,{}
99999.63,2.35,99997.28,USD,IDEALPRO-001,MARGIN,,"[{'type': 'MarginBalance', 'initial': '0.00', 'maintenance': '2.35', 'currency': 'USD', 'instrument_id': 'EUR/USD.IDEALPRO'}]",False,{}
100000.00,0.00,100000.00,EUR,IDEALPRO-001,MARGIN,,"[{'type': 'MarginBalance', 'initial': '0.00', 'maintenance': '2.35', 'currency': 'USD', 'instrument_id': 'EUR/USD.IDEALPRO'}]",False,{}
99999.60,0.00,99999.60,USD,IDEALPRO-001,MARGIN,,[],False,{}
100000.00,0.00,100000.00,EUR,IDEALPRO-001,MARGIN,,[],False,{}
99999.60,0.00,99999.60,USD,IDEALPRO-001,MARGIN,,[],False,{}
100000.00,0.00,100000.00,EUR,IDEALPRO-001,MARGIN,,[],False,{}
99999.60,0.00,99999.60,USD,IDEALPRO-001,MARGIN,,[],False,{}
100000.00,0.00,100000.00,EUR,IDEALPRO-001,MARGIN,,[],False,{}
99999.60,0.00,99999.60,USD,IDEALPRO-001,MARGIN,,[],False,{}
100000.00,0.00,100000.00,EUR,IDEALPRO-001,MARGIN,,[],False,{}
99999.60,0.00,99999.60,USD,IDEALPRO-001,MARGIN,,[],False,{}
100000.00,0.00,100000.00,EUR,IDEALPRO-001,MARGIN,,[],False,{}
99999.60,0.00,99999.60,USD,IDEALPRO-001,MARGIN,,[],False,{}
100000.00,0.00,100000.00,EUR,IDEALPRO-001,MARGIN,,[],False,{}
99999.60,2.35,99997.25,USD,IDEALPRO-001,MARGIN,,"[{'type': 'MarginBalance', 'initial': '0.00', 'maintenance': '2.35', 'currency': 'USD', 'instrument_id': 'EUR/USD.IDEALPRO'}]",False,{}
100000.00,0.00,100000.00,EUR,IDEALPRO-001,MARGIN,,"[{'type': 'MarginBalance', 'initial': '0.00', 'maintenance': '2.35', 'currency': 'USD', 'instrument_id': 'EUR/USD.IDEALPRO'}]",False,{}
99999.60,2.35,99997.25,USD,IDEALPRO-001,MARGIN,,"[{'type': 'MarginBalance', 'initial': '0.00', 'maintenance': '2.35', 'currency': 'USD', 'instrument_id': 'EUR/USD.IDEALPRO'}]",False,{}
100000.00,0.00,100000.00,EUR,IDEALPRO-001,MARGIN,,"[{'type': 'MarginBalance', 'initial': '0.00', 'maintenance': '2.35', 'currency': 'USD', 'instrument_id': 'EUR/USD.IDEALPRO'}]",False,{}
99999.60,2.35,99997.25,USD,IDEALPRO-001,MARGIN,,"[{'type': 'MarginBalance', 'initial': '0.00', 'maintenance': '2.35', 'currency': 'USD', 'instrument_id': 'EUR/USD.IDEALPRO'}]",False,{}
100000.00,0.00,100000.00,EUR,IDEALPRO-001,MARGIN,,"[{'type': 'MarginBalance', 'initial': '0.00', 'maintenance': '2.35', 'currency': 'USD', 'instrument_id': 'EUR/USD.IDEALPRO'}]",False,{}
99999.60,2.35,99997.25,USD,IDEALPRO-001,MARGIN,,"[{'type': 'MarginBalance', 'initial': '0.00', 'maintenance': '2.35', 'currency': 'USD', 'instrument_id': 'EUR/USD.IDEALPRO'}]",False,{}
100000.00,0.00,100000.00,EUR,IDEALPRO-001,MARGIN,,"[{'type': 'MarginBalance', 'initial': '0.00', 'maintenance': '2.35', 'currency': 'USD', 'instrument_id': 'EUR/USD.IDEALPRO'}]",False,{}
99999.58,0.00,99999.58,USD,IDEALPRO-001,MARGIN,,[],False,{}
100000.00,0.00,100000.00,EUR,IDEALPRO-001,MARGIN,,[],False,{}
99999.58,0.00,99999.58,USD,IDEALPRO-001,MARGIN,,[],False,{}
100000.00,0.00,100000.00,EUR,IDEALPRO-001,MARGIN,,[],False,{}
99999.58,0.00,99999.58,USD,IDEALPRO-001,MARGIN,,[],False,{}
100000.00,0.00,100000.00,EUR,IDEALPRO-001,MARGIN,,[],False,{}
99999.58,0.00,99999.58,USD,IDEALPRO-001,MARGIN,,[],False,{}
100000.00,0.00,100000.00,EUR,IDEALPRO-001,MARGIN,,[],False,{}
99999.58,0.00,99999.58,USD,IDEALPRO-001,MARGIN,,[],False,{}
100000.00,0.00,100000.00,EUR,IDEALPRO-001,MARGIN,,[],False,{}
99999.58,0.00,99999.58,USD,IDEALPRO-001,MARGIN,,[],False,{}
100000.00,0.00,100000.00,EUR,IDEALPRO-001,MARGIN,,[],False,{}
99999.58,2.35,99997.23,USD,IDEALPRO-001,MARGIN,,"[{'type': 'MarginBalance', 'initial': '0.00', 'maintenance': '2.35', 'currency': 'USD', 'instrument_id': 'EUR/USD.IDEALPRO'}]",False,{}
100000.00,0.00,100000.00,EUR,IDEALPRO-001,MARGIN,,"[{'type': 'MarginBalance', 'initial': '0.00', 'maintenance': '2.35', 'currency': 'USD', 'instrument_id': 'EUR/USD.IDEALPRO'}]",False,{}
99999.58,2.35,99997.23,USD,IDEALPRO-001,MARGIN,,"[{'type': 'MarginBalance', 'initial': '0.00', 'maintenance': '2.35', 'currency': 'USD', 'instrument_id': 'EUR/USD.IDEALPRO'}]",False,{}
100000.00,0.00,100000.00,EUR,IDEALPRO-001,MARGIN,,"[{'type': 'MarginBalance', 'initial': '0.00', 'maintenance': '2.35', 'currency': 'USD', 'instrument_id': 'EUR/USD.IDEALPRO'}]",False,{}
99999.58,2.35,99997.23,USD,IDEALPRO-001,MARGIN,,"[{'type': 'MarginBalance', 'initial': '0.00', 'maintenance': '2.35', 'currency': 'USD', 'instrument_id': 'EUR/USD.IDEALPRO'}]",False,{}
100000.00,0.00,100000.00,EUR,IDEALPRO-001,MARGIN,,"[{'type': 'MarginBalance', 'initial': '0.00', 'maintenance': '2.35', 'currency': 'USD', 'instrument_id': 'EUR/USD.IDEALPRO'}]",False,{}
99999.58,2.35,99997.23,USD,IDEALPRO-001,MARGIN,,"[{'type': 'MarginBalance', 'initial': '0.00', 'maintenance': '2.35', 'currency': 'USD', 'instrument_id': 'EUR/USD.IDEALPRO'}]",False,{}
100000.00,0.00,100000.00,EUR,IDEALPRO-001,MARGIN,,"[{'type': 'MarginBalance', 'initial': '0.00', 'maintenance': '2.35', 'currency': 'USD', 'instrument_id': 'EUR/USD.IDEALPRO'}]",False,{}
99999.56,0.00,99999.56,USD,IDEALPRO-001,MARGIN,,[],False,{}
100000.00,0.00,100000.00,EUR,IDEALPRO-001,MARGIN,,[],False,{}
99999.56,0.00,99999.56,USD,IDEALPRO-001,MARGIN,,[],False,{}
100000.00,0.00,100000.00,EUR,IDEALPRO-001,MARGIN,,[],False,{}
99999.56,0.00,99999.56,USD,IDEALPRO-001,MARGIN,,[],False,{}
100000.00,0.00,100000.00,EUR,IDEALPRO-001,MARGIN,,[],False,{}
99999.56,0.00,99999.56,USD,IDEALPRO-001,MARGIN,,[],False,{}
100000.00,0.00,100000.00,EUR,IDEALPRO-001,MARGIN,,[],False,{}
99999.56,0.00,99999.56,USD,IDEALPRO-001,MARGIN,,[],False,{}
100000.00,0.00,100000.00,EUR,IDEALPRO-001,MARGIN,,[],False,{}
99999.56,0.00,99999.56,USD,IDEALPRO-001,MARGIN,,[],False,{}
100000.00,0.00,100000.00,EUR,IDEALPRO-001,MARGIN,,[],False,{}
99999.56,2.35,99997.21,USD,IDEALPRO-001,MARGIN,,"[{'type': 'MarginBalance', 'initial': '0.00', 'maintenance': '2.35', 'currency': 'USD', 'instrument_id': 'EUR/USD.IDEALPRO'}]",False,{}
100000.00,0.00,100000.00,EUR,IDEALPRO-001,MARGIN,,"[{'type': 'MarginBalance', 'initial': '0.00', 'maintenance': '2.35', 'currency': 'USD', 'instrument_id': 'EUR/USD.IDEALPRO'}]",False,{}
99999.56,2.35,99997.21,USD,IDEALPRO-001,MARGIN,,"[{'type': 'MarginBalance', 'initial': '0.00', 'maintenance': '2.35', 'currency': 'USD', 'instrument_id': 'EUR/USD.IDEALPRO'}]",False,{}
100000.00,0.00,100000.00,EUR,IDEALPRO-001,MARGIN,,"[{'type': 'MarginBalance', 'initial': '0.00', 'maintenance': '2.35', 'currency': 'USD', 'instrument_id': 'EUR/USD.IDEALPRO'}]",False,{}
99999.56,2.35,99997.21,USD,IDEALPRO-001,MARGIN,,"[{'type': 'MarginBalance', 'initial': '0.00', 'maintenance': '2.35', 'currency': 'USD', 'instrument_id': 'EUR/USD.IDEALPRO'}]",False,{}
100000.00,0.00,100000.00,EUR,IDEALPRO-001,MARGIN,,"[{'type': 'MarginBalance', 'initial': '0.00', 'maintenance': '2.35', 'currency': 'USD', 'instrument_id': 'EUR/USD.IDEALPRO'}]",False,{}
99999.56,2.35,99997.21,USD,IDEALPRO-001,MARGIN,,"[{'type': 'MarginBalance', 'initial': '0.00', 'maintenance': '2.35', 'currency': 'USD', 'instrument_id': 'EUR/USD.IDEALPRO'}]",False,{}
100000.00,0.00,100000.00,EUR,IDEALPRO-001,MARGIN,,"[{'type': 'MarginBalance', 'initial': '0.00', 'maintenance': '2.35', 'currency': 'USD', 'instrument_id': 'EUR/USD.IDEALPRO'}]",False,{}
99999.56,0.00,99999.56,USD,IDEALPRO-001,MARGIN,,[],False,{}
100000.00,0.00,100000.00,EUR,IDEALPRO-001,MARGIN,,[],False,{}
99999.56,0.00,99999.56,USD,IDEALPRO-001,MARGIN,,[],False,{}
100000.00,0.00,100000.00,EUR,IDEALPRO-001,MARGIN,,[],False,{}
99999.56,0.00,99999.56,USD,IDEALPRO-001,MARGIN,,[],False,{}
100000.00,0.00,100000.00,EUR,IDEALPRO-001,MARGIN,,[],False,{}
99999.56,0.00,99999.56,USD,IDEALPRO-001,MARGIN,,[],False,{}
100000.00,0.00,100000.00,EUR,IDEALPRO-001,MARGIN,,[],False,{}
99999.56,0.00,99999.56,USD,IDEALPRO-001,MARGIN,,[],False,{}
100000.00,0.00,100000.00,EUR,IDEALPRO-001,MARGIN,,[],False,{}
99999.56,0.00,99999.56,USD,IDEALPRO-001,MARGIN,,[],False,{}
100000.00,0.00,100000.00,EUR,IDEALPRO-001,MARGIN,,[],False,{}
99999.56,2.35,99997.21,USD,IDEALPRO-001,MARGIN,,"[{'type': 'MarginBalance', 'initial': '0.00', 'maintenance': '2.35', 'currency': 'USD', 'instrument_id': 'EUR/USD.IDEALPRO'}]",False,{}
100000.00,0.00,100000.00,EUR,IDEALPRO-001,MARGIN,,"[{'type': 'MarginBalance', 'initial': '0.00', 'maintenance': '2.35', 'currency': 'USD', 'instrument_id': 'EUR/USD.IDEALPRO'}]",False,{}
99999.56,2.35,99997.21,USD,IDEALPRO-001,MARGIN,,"[{'type': 'MarginBalance', 'initial': '0.00', 'maintenance': '2.35', 'currency': 'USD', 'instrument_id': 'EUR/USD.IDEALPRO'}]",False,{}
100000.00,0.00,100000.00,EUR,IDEALPRO-001,MARGIN,,"[{'type': 'MarginBalance', 'initial': '0.00', 'maintenance': '2.35', 'currency': 'USD', 'instrument_id': 'EUR/USD.IDEALPRO'}]",False,{}
99999.56,2.35,99997.21,USD,IDEALPRO-001,MARGIN,,"[{'type': 'MarginBalance', 'initial': '0.00', 'maintenance': '2.35', 'currency': 'USD', 'instrument_id': 'EUR/USD.IDEALPRO'}]",False,{}
100000.00,0.00,100000.00,EUR,IDEALPRO-001,MARGIN,,"[{'type': 'MarginBalance', 'initial': '0.00', 'maintenance': '2.35', 'currency': 'USD', 'instrument_id': 'EUR/USD.IDEALPRO'}]",False,{}
99999.56,2.35,99997.21,USD,IDEALPRO-001,MARGIN,,"[{'type': 'MarginBalance', 'initial': '0.00', 'maintenance': '2.35', 'currency': 'USD', 'instrument_id': 'EUR/USD.IDEALPRO'}]",False,{}
100000.00,0.00,100000.00,EUR,IDEALPRO-001,MARGIN,,"[{'type': 'MarginBalance', 'initial': '0.00', 'maintenance': '2.35', 'currency': 'USD', 'instrument_id': 'EUR/USD.IDEALPRO'}]",False,{}
99999.71,0.00,99999.71,USD,IDEALPRO-001,MARGIN,,[],False,{}
100000.00,0.00,100000.00,EUR,IDEALPRO-001,MARGIN,,[],False,{}
99999.71,0.00,99999.71,USD,IDEALPRO-001,MARGIN,,[],False,{}
100000.00,0.00,100000.00,EUR,IDEALPRO-001,MARGIN,,[],False,{}
99999.71,0.00,99999.71,USD,IDEALPRO-001,MARGIN,,[],False,{}
100000.00,0.00,100000.00,EUR,IDEALPRO-001,MARGIN,,[],False,{}
99999.71,0.00,99999.71,USD,IDEALPRO-001,MARGIN,,[],False,{}
100000.00,0.00,100000.00,EUR,IDEALPRO-001,MARGIN,,[],False,{}
99999.71,0.00,99999.71,USD,IDEALPRO-001,MARGIN,,[],False,{}
100000.00,0.00,100000.00,EUR,IDEALPRO-001,MARGIN,,[],False,{}
99999.71,0.00,99999.71,USD,IDEALPRO-001,MARGIN,,[],False,{}
100000.00,0.00,100000.00,EUR,IDEALPRO-001,MARGIN,,[],False,{}
99999.71,2.35,99997.36,USD,IDEALPRO-001,MARGIN,,"[{'type': 'MarginBalance', 'initial': '0.00', 'maintenance': '2.35', 'currency': 'USD', 'instrument_id': 'EUR/USD.IDEALPRO'}]",False,{}
100000.00,0.00,100000.00,EUR,IDEALPRO-001,MARGIN,,"[{'type': 'MarginBalance', 'initial': '0.00', 'maintenance': '2.35', 'currency': 'USD', 'instrument_id': 'EUR/USD.IDEALPRO'}]",False,{}
99999.71,2.35,99997.36,USD,IDEALPRO-001,MARGIN,,"[{'type': 'MarginBalance', 'initial': '0.00', 'maintenance': '2.35', 'currency': 'USD', 'instrument_id': 'EUR/USD.IDEALPRO'}]",False,{}
100000.00,0.00,100000.00,EUR,IDEALPRO-001,MARGIN,,"[{'type': 'MarginBalance', 'initial': '0.00', 'maintenance': '2.35', 'currency': 'USD', 'instrument_id': 'EUR/USD.IDEALPRO'}]",False,{}
99999.71,2.35,99997.36,USD,IDEALPRO-001,MARGIN,,"[{'type': 'MarginBalance', 'initial': '0.00', 'maintenance': '2.35', 'currency': 'USD', 'instrument_id': 'EUR/USD.IDEALPRO'}]",False,{}
100000.00,0.00,100000.00,EUR,IDEALPRO-001,MARGIN,,"[{'type': 'MarginBalance', 'initial': '0.00', 'maintenance': '2.35', 'currency': 'USD', 'instrument_id': 'EUR/USD.IDEALPRO'}]",False,{}
99999.71,2.35,99997.36,USD,IDEALPRO-001,MARGIN,,"[{'type': 'MarginBalance', 'initial': '0.00', 'maintenance': '2.35', 'currency': 'USD', 'instrument_id': 'EUR/USD.IDEALPRO'}]",False,{}
100000.00,0.00,100000.00,EUR,IDEALPRO-001,MARGIN,,"[{'type': 'MarginBalance', 'initial': '0.00', 'maintenance': '2.35', 'currency': 'USD', 'instrument_id': 'EUR/USD.IDEALPRO'}]",False,{}
99999.71,2.35,99997.36,USD,IDEALPRO-001,MARGIN,,"[{'type': 'MarginBalance', 'initial': '0.00', 'maintenance': '2.35', 'currency': 'USD', 'instrument_id': 'EUR/USD.IDEALPRO'}]",False,{}
100000.00,0.00,100000.00,EUR,IDEALPRO-001,MARGIN,,"[{'type': 'MarginBalance', 'initial': '0.00', 'maintenance': '2.35', 'currency': 'USD', 'instrument_id': 'EUR/USD.IDEALPRO'}]",False,{}
100000.01,0.00,100000.01,USD,IDEALPRO-001,MARGIN,,[],False,{}
100000.00,0.00,100000.00,EUR,IDEALPRO-001,MARGIN,,[],False,{}
100000.01,0.00,100000.01,USD,IDEALPRO-001,MARGIN,,[],False,{}
100000.00,0.00,100000.00,EUR,IDEALPRO-001,MARGIN,,[],False,{}
100000.01,0.00,100000.01,USD,IDEALPRO-001,MARGIN,,[],False,{}
100000.00,0.00,100000.00,EUR,IDEALPRO-001,MARGIN,,[],False,{}
100000.01,0.00,100000.01,USD,IDEALPRO-001,MARGIN,,[],False,{}
100000.00,0.00,100000.00,EUR,IDEALPRO-001,MARGIN,,[],False,{}
100000.01,0.00,100000.01,USD,IDEALPRO-001,MARGIN,,[],False,{}
100000.00,0.00,100000.00,EUR,IDEALPRO-001,MARGIN,,[],False,{}
100000.01,2.35,99997.66,USD,IDEALPRO-001,MARGIN,,"[{'type': 'MarginBalance', 'initial': '0.00', 'maintenance': '2.35', 'currency': 'USD', 'instrument_id': 'EUR/USD.IDEALPRO'}]",False,{}
100000.00,0.00,100000.00,EUR,IDEALPRO-001,MARGIN,,"[{'type': 'MarginBalance', 'initial': '0.00', 'maintenance': '2.35', 'currency': 'USD', 'instrument_id': 'EUR/USD.IDEALPRO'}]",False,{}
100000.01,2.35,99997.66,USD,IDEALPRO-001,MARGIN,,"[{'type': 'MarginBalance', 'initial': '0.00', 'maintenance': '2.35', 'currency': 'USD', 'instrument_id': 'EUR/USD.IDEALPRO'}]",False,{}
100000.00,0.00,100000.00,EUR,IDEALPRO-001,MARGIN,,"[{'type': 'MarginBalance', 'initial': '0.00', 'maintenance': '2.35', 'currency': 'USD', 'instrument_id': 'EUR/USD.IDEALPRO'}]",False,{}
100000.01,2.35,99997.66,USD,IDEALPRO-001,MARGIN,,"[{'type': 'MarginBalance', 'initial': '0.00', 'maintenance': '2.35', 'currency': 'USD', 'instrument_id': 'EUR/USD.IDEALPRO'}]",False,{}
100000.00,0.00,100000.00,EUR,IDEALPRO-001,MARGIN,,"[{'type': 'MarginBalance', 'initial': '0.00', 'maintenance': '2.35', 'currency': 'USD', 'instrument_id': 'EUR/USD.IDEALPRO'}]",False,{}
100000.01,2.35,99997.66,USD,IDEALPRO-001,MARGIN,,"[{'type': 'MarginBalance', 'initial': '0.00', 'maintenance': '2.35', 'currency': 'USD', 'instrument_id': 'EUR/USD.IDEALPRO'}]",False,{}
100000.00,0.00,100000.00,EUR,IDEALPRO-001,MARGIN,,"[{'type': 'MarginBalance', 'initial': '0.00', 'maintenance': '2.35', 'currency': 'USD', 'instrument_id': 'EUR/USD.IDEALPRO'}]",False,{}
100000.02,0.00,100000.02,USD,IDEALPRO-001,MARGIN,,[],False,{}
100000.00,0.00,100000.00,EUR,IDEALPRO-001,MARGIN,,[],False,{}
100000.02,0.00,100000.02,USD,IDEALPRO-001,MARGIN,,[],False,{}
100000.00,0.00,100000.00,EUR,IDEALPRO-001,MARGIN,,[],False,{}
100000.02,0.00,100000.02,USD,IDEALPRO-001,MARGIN,,[],False,{}
100000.00,0.00,100000.00,EUR,IDEALPRO-001,MARGIN,,[],False,{}
100000.02,0.00,100000.02,USD,IDEALPRO-001,MARGIN,,[],False,{}
100000.00,0.00,100000.00,EUR,IDEALPRO-001,MARGIN,,[],False,{}
100000.02,0.00,100000.02,USD,IDEALPRO-001,MARGIN,,[],False,{}
100000.00,0.00,100000.00,EUR,IDEALPRO-001,MARGIN,,[],False,{}
100000.02,0.00,100000.02,USD,IDEALPRO-001,MARGIN,,[],False,{}
100000.00,0.00,100000.00,EUR,IDEALPRO-001,MARGIN,,[],False,{}
100000.02,2.35,99997.67,USD,IDEALPRO-001,MARGIN,,"[{'type': 'MarginBalance', 'initial': '0.00', 'maintenance': '2.35', 'currency': 'USD', 'instrument_id': 'EUR/USD.IDEALPRO'}]",False,{}
100000.00,0.00,100000.00,EUR,IDEALPRO-001,MARGIN,,"[{'type': 'MarginBalance', 'initial': '0.00', 'maintenance': '2.35', 'currency': 'USD', 'instrument_id': 'EUR/USD.IDEALPRO'}]",False,{}
100000.02,2.35,99997.67,USD,IDEALPRO-001,MARGIN,,"[{'type': 'MarginBalance', 'initial': '0.00', 'maintenance': '2.35', 'currency': 'USD', 'instrument_id': 'EUR/USD.IDEALPRO'}]",False,{}
100000.00,0.00,100000.00,EUR,IDEALPRO-001,MARGIN,,"[{'type': 'MarginBalance', 'initial': '0.00', 'maintenance': '2.35', 'currency': 'USD', 'instrument_id': 'EUR/USD.IDEALPRO'}]",False,{}
100000.02,2.35,99997.67,USD,IDEALPRO-001,MARGIN,,"[{'type': 'MarginBalance', 'initial': '0.00', 'maintenance': '2.35', 'currency': 'USD', 'instrument_id': 'EUR/USD.IDEALPRO'}]",False,{}
100000.00,0.00,100000.00,EUR,IDEALPRO-001,MARGIN,,"[{'type': 'MarginBalance', 'initial': '0.00', 'maintenance': '2.35', 'currency': 'USD', 'instrument_id': 'EUR/USD.IDEALPRO'}]",False,{}
100000.02,2.35,99997.67,USD,IDEALPRO-001,MARGIN,,"[{'type': 'MarginBalance', 'initial': '0.00', 'maintenance': '2.35', 'currency': 'USD', 'instrument_id': 'EUR/USD.IDEALPRO'}]",False,{}
100000.00,0.00,100000.00,EUR,IDEALPRO-001,MARGIN,,"[{'type': 'MarginBalance', 'initial': '0.00', 'maintenance': '2.35', 'currency': 'USD', 'instrument_id': 'EUR/USD.IDEALPRO'}]",False,{}
100000.08,0.00,100000.08,USD,IDEALPRO-001,MARGIN,,[],False,{}
100000.00,0.00,100000.00,EUR,IDEALPRO-001,MARGIN,,[],False,{}
100000.08,0.00,100000.08,USD,IDEALPRO-001,MARGIN,,[],False,{}
100000.00,0.00,100000.00,EUR,IDEALPRO-001,MARGIN,,[],False,{}
100000.08,0.00,100000.08,USD,IDEALPRO-001,MARGIN,,[],False,{}
100000.00,0.00,100000.00,EUR,IDEALPRO-001,MARGIN,,[],False,{}
100000.08,0.00,100000.08,USD,IDEALPRO-001,MARGIN,,[],False,{}
100000.00,0.00,100000.00,EUR,IDEALPRO-001,MARGIN,,[],False,{}
100000.08,0.00,100000.08,USD,IDEALPRO-001,MARGIN,,[],False,{}
100000.00,0.00,100000.00,EUR,IDEALPRO-001,MARGIN,,[],False,{}
100000.08,0.00,100000.08,USD,IDEALPRO-001,MARGIN,,[],False,{}
100000.00,0.00,100000.00,EUR,IDEALPRO-001,MARGIN,,[],False,{}
100000.08,2.35,99997.73,USD,IDEALPRO-001,MARGIN,,"[{'type': 'MarginBalance', 'initial': '0.00', 'maintenance': '2.35', 'currency': 'USD', 'instrument_id': 'EUR/USD.IDEALPRO'}]",False,{}
100000.00,0.00,100000.00,EUR,IDEALPRO-001,MARGIN,,"[{'type': 'MarginBalance', 'initial': '0.00', 'maintenance': '2.35', 'currency': 'USD', 'instrument_id': 'EUR/USD.IDEALPRO'}]",False,{}
100000.08,2.35,99997.73,USD,IDEALPRO-001,MARGIN,,"[{'type': 'MarginBalance', 'initial': '0.00', 'maintenance': '2.35', 'currency': 'USD', 'instrument_id': 'EUR/USD.IDEALPRO'}]",False,{}
100000.00,0.00,100000.00,EUR,IDEALPRO-001,MARGIN,,"[{'type': 'MarginBalance', 'initial': '0.00', 'maintenance': '2.35', 'currency': 'USD', 'instrument_id': 'EUR/USD.IDEALPRO'}]",False,{}
100000.08,2.35,99997.73,USD,IDEALPRO-001,MARGIN,,"[{'type': 'MarginBalance', 'initial': '0.00', 'maintenance': '2.35', 'currency': 'USD', 'instrument_id': 'EUR/USD.IDEALPRO'}]",False,{}
100000.00,0.00,100000.00,EUR,IDEALPRO-001,MARGIN,,"[{'type': 'MarginBalance', 'initial': '0.00', 'maintenance': '2.35', 'currency': 'USD', 'instrument_id': 'EUR/USD.IDEALPRO'}]",False,{}
100000.02,0.00,100000.02,USD,IDEALPRO-001,MARGIN,,[],False,{}
100000.00,0.00,100000.00,EUR,IDEALPRO-001,MARGIN,,[],False,{}
100000.02,0.00,100000.02,USD,IDEALPRO-001,MARGIN,,[],False,{}
100000.00,0.00,100000.00,EUR,IDEALPRO-001,MARGIN,,[],False,{}
100000.02,0.00,100000.02,USD,IDEALPRO-001,MARGIN,,[],False,{}
100000.00,0.00,100000.00,EUR,IDEALPRO-001,MARGIN,,[],False,{}
100000.02,0.00,100000.02,USD,IDEALPRO-001,MARGIN,,[],False,{}
100000.00,0.00,100000.00,EUR,IDEALPRO-001,MARGIN,,[],False,{}
100000.02,0.00,100000.02,USD,IDEALPRO-001,MARGIN,,[],False,{}
100000.00,0.00,100000.00,EUR,IDEALPRO-001,MARGIN,,[],False,{}
100000.02,2.35,99997.67,USD,IDEALPRO-001,MARGIN,,"[{'type': 'MarginBalance', 'initial': '0.00', 'maintenance': '2.35', 'currency': 'USD', 'instrument_id': 'EUR/USD.IDEALPRO'}]",False,{}
100000.00,0.00,100000.00,EUR,IDEALPRO-001,MARGIN,,"[{'type': 'MarginBalance', 'initial': '0.00', 'maintenance': '2.35', 'currency': 'USD', 'instrument_id': 'EUR/USD.IDEALPRO'}]",False,{}
100000.02,2.35,99997.67,USD,IDEALPRO-001,MARGIN,,"[{'type': 'MarginBalance', 'initial': '0.00', 'maintenance': '2.35', 'currency': 'USD', 'instrument_id': 'EUR/USD.IDEALPRO'}]",False,{}
100000.00,0.00,100000.00,EUR,IDEALPRO-001,MARGIN,,"[{'type': 'MarginBalance', 'initial': '0.00', 'maintenance': '2.35', 'currency': 'USD', 'instrument_id': 'EUR/USD.IDEALPRO'}]",False,{}
100000.02,2.35,99997.67,USD,IDEALPRO-001,MARGIN,,"[{'type': 'MarginBalance', 'initial': '0.00', 'maintenance': '2.35', 'currency': 'USD', 'instrument_id': 'EUR/USD.IDEALPRO'}]",False,{}
100000.00,0.00,100000.00,EUR,IDEALPRO-001,MARGIN,,"[{'type': 'MarginBalance', 'initial': '0.00', 'maintenance': '2.35', 'currency': 'USD', 'instrument_id': 'EUR/USD.IDEALPRO'}]",False,{}
99999.96,0.00,99999.96,USD,IDEALPRO-001,MARGIN,,[],False,{}
100000.00,0.00,100000.00,EUR,IDEALPRO-001,MARGIN,,[],False,{}
99999.96,0.00,99999.96,USD,IDEALPRO-001,MARGIN,,[],False,{}
100000.00,0.00,100000.00,EUR,IDEALPRO-001,MARGIN,,[],False,{}
99999.96,0.00,99999.96,USD,IDEALPRO-001,MARGIN,,[],False,{}
100000.00,0.00,100000.00,EUR,IDEALPRO-001,MARGIN,,[],False,{}
99999.96,0.00,99999.96,USD,IDEALPRO-001,MARGIN,,[],False,{}
100000.00,0.00,100000.00,EUR,IDEALPRO-001,MARGIN,,[],False,{}
99999.96,0.00,99999.96,USD,IDEALPRO-001,MARGIN,,[],False,{}
100000.00,0.00,100000.00,EUR,IDEALPRO-001,MARGIN,,[],False,{}
99999.96,2.35,99997.61,USD,IDEALPRO-001,MARGIN,,"[{'type': 'MarginBalance', 'initial': '0.00', 'maintenance': '2.35', 'currency': 'USD', 'instrument_id': 'EUR/USD.IDEALPRO'}]",False,{}
100000.00,0.00,100000.00,EUR,IDEALPRO-001,MARGIN,,"[{'type': 'MarginBalance', 'initial': '0.00', 'maintenance': '2.35', 'currency': 'USD', 'instrument_id': 'EUR/USD.IDEALPRO'}]",False,{}
99999.96,2.35,99997.61,USD,IDEALPRO-001,MARGIN,,"[{'type': 'MarginBalance', 'initial': '0.00', 'maintenance': '2.35', 'currency': 'USD', 'instrument_id': 'EUR/USD.IDEALPRO'}]",False,{}
100000.00,0.00,100000.00,EUR,IDEALPRO-001,MARGIN,,"[{'type': 'MarginBalance', 'initial': '0.00', 'maintenance': '2.35', 'currency': 'USD', 'instrument_id': 'EUR/USD.IDEALPRO'}]",False,{}
99999.96,2.35,99997.61,USD,IDEALPRO-001,MARGIN,,"[{'type': 'MarginBalance', 'initial': '0.00', 'maintenance': '2.35', 'currency': 'USD', 'instrument_id': 'EUR/USD.IDEALPRO'}]",False,{}
100000.00,0.00,100000.00,EUR,IDEALPRO-001,MARGIN,,"[{'type': 'MarginBalance', 'initial': '0.00', 'maintenance': '2.35', 'currency': 'USD', 'instrument_id': 'EUR/USD.IDEALPRO'}]",False,{}
99999.90,0.00,99999.90,USD,IDEALPRO-001,MARGIN,,[],False,{}
100000.00,0.00,100000.00,EUR,IDEALPRO-001,MARGIN,,[],False,{}
99999.90,0.00,99999.90,USD,IDEALPRO-001,MARGIN,,[],False,{}
100000.00,0.00,100000.00,EUR,IDEALPRO-001,MARGIN,,[],False,{}
99999.90,0.00,99999.90,USD,IDEALPRO-001,MARGIN,,[],False,{}
100000.00,0.00,100000.00,EUR,IDEALPRO-001,MARGIN,,[],False,{}
99999.90,0.00,99999.90,USD,IDEALPRO-001,MARGIN,,[],False,{}
100000.00,0.00,100000.00,EUR,IDEALPRO-001,MARGIN,,[],False,{}
99999.90,0.00,99999.90,USD,IDEALPRO-001,MARGIN,,[],False,{}
100000.00,0.00,100000.00,EUR,IDEALPRO-001,MARGIN,,[],False,{}
99999.90,2.35,99997.55,USD,IDEALPRO-001,MARGIN,,"[{'type': 'MarginBalance', 'initial': '0.00', 'maintenance': '2.35', 'currency': 'USD', 'instrument_id': 'EUR/USD.IDEALPRO'}]",False,{}
100000.00,0.00,100000.00,EUR,IDEALPRO-001,MARGIN,,"[{'type': 'MarginBalance', 'initial': '0.00', 'maintenance': '2.35', 'currency': 'USD', 'instrument_id': 'EUR/USD.IDEALPRO'}]",False,{}
99999.90,2.35,99997.55,USD,IDEALPRO-001,MARGIN,,"[{'type': 'MarginBalance', 'initial': '0.00', 'maintenance': '2.35', 'currency': 'USD', 'instrument_id': 'EUR/USD.IDEALPRO'}]",False,{}
100000.00,0.00,100000.00,EUR,IDEALPRO-001,MARGIN,,"[{'type': 'MarginBalance', 'initial': '0.00', 'maintenance': '2.35', 'currency': 'USD', 'instrument_id': 'EUR/USD.IDEALPRO'}]",False,{}
99999.90,2.35,99997.55,USD,IDEALPRO-001,MARGIN,,"[{'type': 'MarginBalance', 'initial': '0.00', 'maintenance': '2.35', 'currency': 'USD', 'instrument_id': 'EUR/USD.IDEALPRO'}]",False,{}
100000.00,0.00,100000.00,EUR,IDEALPRO-001,MARGIN,,"[{'type': 'MarginBalance', 'initial': '0.00', 'maintenance': '2.35', 'currency': 'USD', 'instrument_id': 'EUR/USD.IDEALPRO'}]",False,{}
99999.84,0.00,99999.84,USD,IDEALPRO-001,MARGIN,,[],False,{}
100000.00,0.00,100000.00,EUR,IDEALPRO-001,MARGIN,,[],False,{}
99999.84,0.00,99999.84,USD,IDEALPRO-001,MARGIN,,[],False,{}
100000.00,0.00,100000.00,EUR,IDEALPRO-001,MARGIN,,[],False,{}
99999.84,0.00,99999.84,USD,IDEALPRO-001,MARGIN,,[],False,{}
100000.00,0.00,100000.00,EUR,IDEALPRO-001,MARGIN,,[],False,{}
99999.84,0.00,99999.84,USD,IDEALPRO-001,MARGIN,,[],False,{}
100000.00,0.00,100000.00,EUR,IDEALPRO-001,MARGIN,,[],False,{}
99999.84,0.00,99999.84,USD,IDEALPRO-001,MARGIN,,[],False,{}
100000.00,0.00,100000.00,EUR,IDEALPRO-001,MARGIN,,[],False,{}
99999.84,2.35,99997.49,USD,IDEALPRO-001,MARGIN,,"[{'type': 'MarginBalance', 'initial': '0.00', 'maintenance': '2.35', 'currency': 'USD', 'instrument_id': 'EUR/USD.IDEALPRO'}]",False,{}
100000.00,0.00,100000.00,EUR,IDEALPRO-001,MARGIN,,"[{'type': 'MarginBalance', 'initial': '0.00', 'maintenance': '2.35', 'currency': 'USD', 'instrument_id': 'EUR/USD.IDEALPRO'}]",False,{}
99999.84,2.35,99997.49,USD,IDEALPRO-001,MARGIN,,"[{'type': 'MarginBalance', 'initial': '0.00', 'maintenance': '2.35', 'currency': 'USD', 'instrument_id': 'EUR/USD.IDEALPRO'}]",False,{}
100000.00,0.00,100000.00,EUR,IDEALPRO-001,MARGIN,,"[{'type': 'MarginBalance', 'initial': '0.00', 'maintenance': '2.35', 'currency': 'USD', 'instrument_id': 'EUR/USD.IDEALPRO'}]",False,{}
99999.84,2.35,99997.49,USD,IDEALPRO-001,MARGIN,,"[{'type': 'MarginBalance', 'initial': '0.00', 'maintenance': '2.35', 'currency': 'USD', 'instrument_id': 'EUR/USD.IDEALPRO'}]",False,{}
100000.00,0.00,100000.00,EUR,IDEALPRO-001,MARGIN,,"[{'type': 'MarginBalance', 'initial': '0.00', 'maintenance': '2.35', 'currency': 'USD', 'instrument_id': 'EUR/USD.IDEALPRO'}]",False,{}
99999.78,0.00,99999.78,USD,IDEALPRO-001,MARGIN,,[],False,{}
100000.00,0.00,100000.00,EUR,IDEALPRO-001,MARGIN,,[],False,{}
99999.78,0.00,99999.78,USD,IDEALPRO-001,MARGIN,,[],False,{}
100000.00,0.00,100000.00,EUR,IDEALPRO-001,MARGIN,,[],False,{}
99999.78,0.00,99999.78,USD,IDEALPRO-001,MARGIN,,[],False,{}
100000.00,0.00,100000.00,EUR,IDEALPRO-001,MARGIN,,[],False,{}
99999.78,0.00,99999.78,USD,IDEALPRO-001,MARGIN,,[],False,{}
100000.00,0.00,100000.00,EUR,IDEALPRO-001,MARGIN,,[],False,{}
99999.78,0.00,99999.78,USD,IDEALPRO-001,MARGIN,,[],False,{}
100000.00,0.00,100000.00,EUR,IDEALPRO-001,MARGIN,,[],False,{}
99999.78,2.35,99997.43,USD,IDEALPRO-001,MARGIN,,"[{'type': 'MarginBalance', 'initial': '0.00', 'maintenance': '2.35', 'currency': 'USD', 'instrument_id': 'EUR/USD.IDEALPRO'}]",False,{}
100000.00,0.00,100000.00,EUR,IDEALPRO-001,MARGIN,,"[{'type': 'MarginBalance', 'initial': '0.00', 'maintenance': '2.35', 'currency': 'USD', 'instrument_id': 'EUR/USD.IDEALPRO'}]",False,{}
99999.78,2.35,99997.43,USD,IDEALPRO-001,MARGIN,,"[{'type': 'MarginBalance', 'initial': '0.00', 'maintenance': '2.35', 'currency': 'USD', 'instrument_id': 'EUR/USD.IDEALPRO'}]",False,{}
100000.00,0.00,100000.00,EUR,IDEALPRO-001,MARGIN,,"[{'type': 'MarginBalance', 'initial': '0.00', 'maintenance': '2.35', 'currency': 'USD', 'instrument_id': 'EUR/USD.IDEALPRO'}]",False,{}
99999.78,2.35,99997.43,USD,IDEALPRO-001,MARGIN,,"[{'type': 'MarginBalance', 'initial': '0.00', 'maintenance': '2.35', 'currency': 'USD', 'instrument_id': 'EUR/USD.IDEALPRO'}]",False,{}
100000.00,0.00,100000.00,EUR,IDEALPRO-001,MARGIN,,"[{'type': 'MarginBalance', 'initial': '0.00', 'maintenance': '2.35', 'currency': 'USD', 'instrument_id': 'EUR/USD.IDEALPRO'}]",False,{}
99999.72,0.00,99999.72,USD,IDEALPRO-001,MARGIN,,[],False,{}
100000.00,0.00,100000.00,EUR,IDEALPRO-001,MARGIN,,[],False,{}
99999.72,0.00,99999.72,USD,IDEALPRO-001,MARGIN,,[],False,{}
100000.00,0.00,100000.00,EUR,IDEALPRO-001,MARGIN,,[],False,{}
99999.72,0.00,99999.72,USD,IDEALPRO-001,MARGIN,,[],False,{}
100000.00,0.00,100000.00,EUR,IDEALPRO-001,MARGIN,,[],False,{}
99999.72,0.00,99999.72,USD,IDEALPRO-001,MARGIN,,[],False,{}
100000.00,0.00,100000.00,EUR,IDEALPRO-001,MARGIN,,[],False,{}
99999.72,0.00,99999.72,USD,IDEALPRO-001,MARGIN,,[],False,{}
100000.00,0.00,100000.00,EUR,IDEALPRO-001,MARGIN,,[],False,{}
99999.72,2.35,99997.37,USD,IDEALPRO-001,MARGIN,,"[{'type': 'MarginBalance', 'initial': '0.00', 'maintenance': '2.35', 'currency': 'USD', 'instrument_id': 'EUR/USD.IDEALPRO'}]",False,{}
100000.00,0.00,100000.00,EUR,IDEALPRO-001,MARGIN,,"[{'type': 'MarginBalance', 'initial': '0.00', 'maintenance': '2.35', 'currency': 'USD', 'instrument_id': 'EUR/USD.IDEALPRO'}]",False,{}
99999.72,2.35,99997.37,USD,IDEALPRO-001,MARGIN,,"[{'type': 'MarginBalance', 'initial': '0.00', 'maintenance': '2.35', 'currency': 'USD', 'instrument_id': 'EUR/USD.IDEALPRO'}]",False,{}
100000.00,0.00,100000.00,EUR,IDEALPRO-001,MARGIN,,"[{'type': 'MarginBalance', 'initial': '0.00', 'maintenance': '2.35', 'currency': 'USD', 'instrument_id': 'EUR/USD.IDEALPRO'}]",False,{}
99999.72,2.35,99997.37,USD,IDEALPRO-001,MARGIN,,"[{'type': 'MarginBalance', 'initial': '0.00', 'maintenance': '2.35', 'currency': 'USD', 'instrument_id': 'EUR/USD.IDEALPRO'}]",False,{}
100000.00,0.00,100000.00,EUR,IDEALPRO-001,MARGIN,,"[{'type': 'MarginBalance', 'initial': '0.00', 'maintenance': '2.35', 'currency': 'USD', 'instrument_id': 'EUR/USD.IDEALPRO'}]",False,{}
99999.66,0.00,99999.66,USD,IDEALPRO-001,MARGIN,,[],False,{}
100000.00,0.00,100000.00,EUR,IDEALPRO-001,MARGIN,,[],False,{}
99999.66,0.00,99999.66,USD,IDEALPRO-001,MARGIN,,[],False,{}
100000.00,0.00,100000.00,EUR,IDEALPRO-001,MARGIN,,[],False,{}
99999.66,0.00,99999.66,USD,IDEALPRO-001,MARGIN,,[],False,{}
100000.00,0.00,100000.00,EUR,IDEALPRO-001,MARGIN,,[],False,{}
99999.66,0.00,99999.66,USD,IDEALPRO-001,MARGIN,,[],False,{}
100000.00,0.00,100000.00,EUR,IDEALPRO-001,MARGIN,,[],False,{}
99999.66,0.00,99999.66,USD,IDEALPRO-001,MARGIN,,[],False,{}
100000.00,0.00,100000.00,EUR,IDEALPRO-001,MARGIN,,[],False,{}
99999.66,2.35,99997.31,USD,IDEALPRO-001,MARGIN,,"[{'type': 'MarginBalance', 'initial': '0.00', 'maintenance': '2.35', 'currency': 'USD', 'instrument_id': 'EUR/USD.IDEALPRO'}]",False,{}
100000.00,0.00,100000.00,EUR,IDEALPRO-001,MARGIN,,"[{'type': 'MarginBalance', 'initial': '0.00', 'maintenance': '2.35', 'currency': 'USD', 'instrument_id': 'EUR/USD.IDEALPRO'}]",False,{}
99999.66,2.35,99997.31,USD,IDEALPRO-001,MARGIN,,"[{'type': 'MarginBalance', 'initial': '0.00', 'maintenance': '2.35', 'currency': 'USD', 'instrument_id': 'EUR/USD.IDEALPRO'}]",False,{}
100000.00,0.00,100000.00,EUR,IDEALPRO-001,MARGIN,,"[{'type': 'MarginBalance', 'initial': '0.00', 'maintenance': '2.35', 'currency': 'USD', 'instrument_id': 'EUR/USD.IDEALPRO'}]",False,{}
99999.66,2.35,99997.31,USD,IDEALPRO-001,MARGIN,,"[{'type': 'MarginBalance', 'initial': '0.00', 'maintenance': '2.35', 'currency': 'USD', 'instrument_id': 'EUR/USD.IDEALPRO'}]",False,{}
100000.00,0.00,100000.00,EUR,IDEALPRO-001,MARGIN,,"[{'type': 'MarginBalance', 'initial': '0.00', 'maintenance': '2.35', 'currency': 'USD', 'instrument_id': 'EUR/USD.IDEALPRO'}]",False,{}
99999.66,2.35,99997.31,USD,IDEALPRO-001,MARGIN,,"[{'type': 'MarginBalance', 'initial': '0.00', 'maintenance': '2.35', 'currency': 'USD', 'instrument_id': 'EUR/USD.IDEALPRO'}]",False,{}
100000.00,0.00,100000.00,EUR,IDEALPRO-001,MARGIN,,"[{'type': 'MarginBalance', 'initial': '0.00', 'maintenance': '2.35', 'currency': 'USD', 'instrument_id': 'EUR/USD.IDEALPRO'}]",False,{}
99999.84,0.00,99999.84,USD,IDEALPRO-001,MARGIN,,[],False,{}
100000.00,0.00,100000.00,EUR,IDEALPRO-001,MARGIN,,[],False,{}
99999.84,0.00,99999.84,USD,IDEALPRO-001,MARGIN,,[],False,{}
100000.00,0.00,100000.00,EUR,IDEALPRO-001,MARGIN,,[],False,{}
99999.84,0.00,99999.84,USD,IDEALPRO-001,MARGIN,,[],False,{}
100000.00,0.00,100000.00,EUR,IDEALPRO-001,MARGIN,,[],False,{}
99999.84,0.00,99999.84,USD,IDEALPRO-001,MARGIN,,[],False,{}
100000.00,0.00,100000.00,EUR,IDEALPRO-001,MARGIN,,[],False,{}
99999.84,0.00,99999.84,USD,IDEALPRO-001,MARGIN,,[],False,{}
100000.00,0.00,100000.00,EUR,IDEALPRO-001,MARGIN,,[],False,{}
99999.84,0.00,99999.84,USD,IDEALPRO-001,MARGIN,,[],False,{}
100000.00,0.00,100000.00,EUR,IDEALPRO-001,MARGIN,,[],False,{}
99999.84,2.35,99997.49,USD,IDEALPRO-001,MARGIN,,"[{'type': 'MarginBalance', 'initial': '0.00', 'maintenance': '2.35', 'currency': 'USD', 'instrument_id': 'EUR/USD.IDEALPRO'}]",False,{}
100000.00,0.00,100000.00,EUR,IDEALPRO-001,MARGIN,,"[{'type': 'MarginBalance', 'initial': '0.00', 'maintenance': '2.35', 'currency': 'USD', 'instrument_id': 'EUR/USD.IDEALPRO'}]",False,{}
99999.84,2.35,99997.49,USD,IDEALPRO-001,MARGIN,,"[{'type': 'MarginBalance', 'initial': '0.00', 'maintenance': '2.35', 'currency': 'USD', 'instrument_id': 'EUR/USD.IDEALPRO'}]",False,{}
100000.00,0.00,100000.00,EUR,IDEALPRO-001,MARGIN,,"[{'type': 'MarginBalance', 'initial': '0.00', 'maintenance': '2.35', 'currency': 'USD', 'instrument_id': 'EUR/USD.IDEALPRO'}]",False,{}
99999.84,2.35,99997.49,USD,IDEALPRO-001,MARGIN,,"[{'type': 'MarginBalance', 'initial': '0.00', 'maintenance': '2.35', 'currency': 'USD', 'instrument_id': 'EUR/USD.IDEALPRO'}]",False,{}
100000.00,0.00,100000.00,EUR,IDEALPRO-001,MARGIN,,"[{'type': 'MarginBalance', 'initial': '0.00', 'maintenance': '2.35', 'currency': 'USD', 'instrument_id': 'EUR/USD.IDEALPRO'}]",False,{}
99999.84,2.35,99997.49,USD,IDEALPRO-001,MARGIN,,"[{'type': 'MarginBalance', 'initial': '0.00', 'maintenance': '2.35', 'currency': 'USD', 'instrument_id': 'EUR/USD.IDEALPRO'}]",False,{}
100000.00,0.00,100000.00,EUR,IDEALPRO-001,MARGIN,,"[{'type': 'MarginBalance', 'initial': '0.00', 'maintenance': '2.35', 'currency': 'USD', 'instrument_id': 'EUR/USD.IDEALPRO'}]",False,{}
99999.85,0.00,99999.85,USD,IDEALPRO-001,MARGIN,,[],False,{}
100000.00,0.00,100000.00,EUR,IDEALPRO-001,MARGIN,,[],False,{}
99999.85,0.00,99999.85,USD,IDEALPRO-001,MARGIN,,[],False,{}
100000.00,0.00,100000.00,EUR,IDEALPRO-001,MARGIN,,[],False,{}
99999.85,0.00,99999.85,USD,IDEALPRO-001,MARGIN,,[],False,{}
100000.00,0.00,100000.00,EUR,IDEALPRO-001,MARGIN,,[],False,{}
99999.85,0.00,99999.85,USD,IDEALPRO-001,MARGIN,,[],False,{}
100000.00,0.00,100000.00,EUR,IDEALPRO-001,MARGIN,,[],False,{}
99999.85,0.00,99999.85,USD,IDEALPRO-001,MARGIN,,[],False,{}
100000.00,0.00,100000.00,EUR,IDEALPRO-001,MARGIN,,[],False,{}
99999.85,0.00,99999.85,USD,IDEALPRO-001,MARGIN,,[],False,{}
100000.00,0.00,100000.00,EUR,IDEALPRO-001,MARGIN,,[],False,{}
99999.85,2.34,99997.51,USD,IDEALPRO-001,MARGIN,,"[{'type': 'MarginBalance', 'initial': '0.00', 'maintenance': '2.34', 'currency': 'USD', 'instrument_id': 'EUR/USD.IDEALPRO'}]",False,{}
100000.00,0.00,100000.00,EUR,IDEALPRO-001,MARGIN,,"[{'type': 'MarginBalance', 'initial': '0.00', 'maintenance': '2.34', 'currency': 'USD', 'instrument_id': 'EUR/USD.IDEALPRO'}]",False,{}
99999.85,2.34,99997.51,USD,IDEALPRO-001,MARGIN,,"[{'type': 'MarginBalance', 'initial': '0.00', 'maintenance': '2.34', 'currency': 'USD', 'instrument_id': 'EUR/USD.IDEALPRO'}]",False,{}
100000.00,0.00,100000.00,EUR,IDEALPRO-001,MARGIN,,"[{'type': 'MarginBalance', 'initial': '0.00', 'maintenance': '2.34', 'currency': 'USD', 'instrument_id': 'EUR/USD.IDEALPRO'}]",False,{}
99999.85,2.34,99997.51,USD,IDEALPRO-001,MARGIN,,"[{'type': 'MarginBalance', 'initial': '0.00', 'maintenance': '2.34', 'currency': 'USD', 'instrument_id': 'EUR/USD.IDEALPRO'}]",False,{}
100000.00,0.00,100000.00,EUR,IDEALPRO-001,MARGIN,,"[{'type': 'MarginBalance', 'initial': '0.00', 'maintenance': '2.34', 'currency': 'USD', 'instrument_id': 'EUR/USD.IDEALPRO'}]",False,{}
99999.85,2.34,99997.51,USD,IDEALPRO-001,MARGIN,,"[{'type': 'MarginBalance', 'initial': '0.00', 'maintenance': '2.34', 'currency': 'USD', 'instrument_id': 'EUR/USD.IDEALPRO'}]",False,{}
100000.00,0.00,100000.00,EUR,IDEALPRO-001,MARGIN,,"[{'type': 'MarginBalance', 'initial': '0.00', 'maintenance': '2.34', 'currency': 'USD', 'instrument_id': 'EUR/USD.IDEALPRO'}]",False,{}
99999.81,0.00,99999.81,USD,IDEALPRO-001,MARGIN,,[],False,{}
100000.00,0.00,100000.00,EUR,IDEALPRO-001,MARGIN,,[],False,{}
99999.81,0.00,99999.81,USD,IDEALPRO-001,MARGIN,,[],False,{}
100000.00,0.00,100000.00,EUR,IDEALPRO-001,MARGIN,,[],False,{}
99999.81,0.00,99999.81,USD,IDEALPRO-001,MARGIN,,[],False,{}
100000.00,0.00,100000.00,EUR,IDEALPRO-001,MARGIN,,[],False,{}
99999.81,0.00,99999.81,USD,IDEALPRO-001,MARGIN,,[],False,{}
100000.00,0.00,100000.00,EUR,IDEALPRO-001,MARGIN,,[],False,{}
99999.81,0.00,99999.81,USD,IDEALPRO-001,MARGIN,,[],False,{}
100000.00,0.00,100000.00,EUR,IDEALPRO-001,MARGIN,,[],False,{}
99999.81,0.00,99999.81,USD,IDEALPRO-001,MARGIN,,[],False,{}
100000.00,0.00,100000.00,EUR,IDEALPRO-001,MARGIN,,[],False,{}
99999.81,2.35,99997.46,USD,IDEALPRO-001,MARGIN,,"[{'type': 'MarginBalance', 'initial': '0.00', 'maintenance': '2.35', 'currency': 'USD', 'instrument_id': 'EUR/USD.IDEALPRO'}]",False,{}
100000.00,0.00,100000.00,EUR,IDEALPRO-001,MARGIN,,"[{'type': 'MarginBalance', 'initial': '0.00', 'maintenance': '2.35', 'currency': 'USD', 'instrument_id': 'EUR/USD.IDEALPRO'}]",False,{}
99999.81,2.35,99997.46,USD,IDEALPRO-001,MARGIN,,"[{'type': 'MarginBalance', 'initial': '0.00', 'maintenance': '2.35', 'currency': 'USD', 'instrument_id': 'EUR/USD.IDEALPRO'}]",False,{}
100000.00,0.00,100000.00,EUR,IDEALPRO-001,MARGIN,,"[{'type': 'MarginBalance', 'initial': '0.00', 'maintenance': '2.35', 'currency': 'USD', 'instrument_id': 'EUR/USD.IDEALPRO'}]",False,{}
99999.81,2.35,99997.46,USD,IDEALPRO-001,MARGIN,,"[{'type': 'MarginBalance', 'initial': '0.00', 'maintenance': '2.35', 'currency': 'USD', 'instrument_id': 'EUR/USD.IDEALPRO'}]",False,{}
100000.00,0.00,100000.00,EUR,IDEALPRO-001,MARGIN,,"[{'type': 'MarginBalance', 'initial': '0.00', 'maintenance': '2.35', 'currency': 'USD', 'instrument_id': 'EUR/USD.IDEALPRO'}]",False,{}
99999.81,2.35,99997.46,USD,IDEALPRO-001,MARGIN,,"[{'type': 'MarginBalance', 'initial': '0.00', 'maintenance': '2.35', 'currency': 'USD', 'instrument_id': 'EUR/USD.IDEALPRO'}]",False,{}
100000.00,0.00,100000.00,EUR,IDEALPRO-001,MARGIN,,"[{'type': 'MarginBalance', 'initial': '0.00', 'maintenance': '2.35', 'currency': 'USD', 'instrument_id': 'EUR/USD.IDEALPRO'}]",False,{}
99999.79,0.00,99999.79,USD,IDEALPRO-001,MARGIN,,[],False,{}
100000.00,0.00,100000.00,EUR,IDEALPRO-001,MARGIN,,[],False,{}
99999.79,0.00,99999.79,USD,IDEALPRO-001,MARGIN,,[],False,{}
100000.00,0.00,100000.00,EUR,IDEALPRO-001,MARGIN,,[],False,{}
99999.79,0.00,99999.79,USD,IDEALPRO-001,MARGIN,,[],False,{}
100000.00,0.00,100000.00,EUR,IDEALPRO-001,MARGIN,,[],False,{}
99999.79,0.00,99999.79,USD,IDEALPRO-001,MARGIN,,[],False,{}
100000.00,0.00,100000.00,EUR,IDEALPRO-001,MARGIN,,[],False,{}
99999.79,0.00,99999.79,USD,IDEALPRO-001,MARGIN,,[],False,{}
100000.00,0.00,100000.00,EUR,IDEALPRO-001,MARGIN,,[],False,{}
99999.79,0.00,99999.79,USD,IDEALPRO-001,MARGIN,,[],False,{}
100000.00,0.00,100000.00,EUR,IDEALPRO-001,MARGIN,,[],False,{}
99999.79,2.35,99997.44,USD,IDEALPRO-001,MARGIN,,"[{'type': 'MarginBalance', 'initial': '0.00', 'maintenance': '2.35', 'currency': 'USD', 'instrument_id': 'EUR/USD.IDEALPRO'}]",False,{}
100000.00,0.00,100000.00,EUR,IDEALPRO-001,MARGIN,,"[{'type': 'MarginBalance', 'initial': '0.00', 'maintenance': '2.35', 'currency': 'USD', 'instrument_id': 'EUR/USD.IDEALPRO'}]",False,{}
99999.79,2.35,99997.44,USD,IDEALPRO-001,MARGIN,,"[{'type': 'MarginBalance', 'initial': '0.00', 'maintenance': '2.35', 'currency': 'USD', 'instrument_id': 'EUR/USD.IDEALPRO'}]",False,{}
100000.00,0.00,100000.00,EUR,IDEALPRO-001,MARGIN,,"[{'type': 'MarginBalance', 'initial': '0.00', 'maintenance': '2.35', 'currency': 'USD', 'instrument_id': 'EUR/USD.IDEALPRO'}]",False,{}
99999.79,2.35,99997.44,USD,IDEALPRO-001,MARGIN,,"[{'type': 'MarginBalance', 'initial': '0.00', 'maintenance': '2.35', 'currency': 'USD', 'instrument_id': 'EUR/USD.IDEALPRO'}]",False,{}
100000.00,0.00,100000.00,EUR,IDEALPRO-001,MARGIN,,"[{'type': 'MarginBalance', 'initial': '0.00', 'maintenance': '2.35', 'currency': 'USD', 'instrument_id': 'EUR/USD.IDEALPRO'}]",False,{}
99999.79,2.35,99997.44,USD,IDEALPRO-001,MARGIN,,"[{'type': 'MarginBalance', 'initial': '0.00', 'maintenance': '2.35', 'currency': 'USD', 'instrument_id': 'EUR/USD.IDEALPRO'}]",False,{}
100000.00,0.00,100000.00,EUR,IDEALPRO-001,MARGIN,,"[{'type': 'MarginBalance', 'initial': '0.00', 'maintenance': '2.35', 'currency': 'USD', 'instrument_id': 'EUR/USD.IDEALPRO'}]",False,{}
99999.81,0.00,99999.81,USD,IDEALPRO-001,MARGIN,,[],False,{}
100000.00,0.00,100000.00,EUR,IDEALPRO-001,MARGIN,,[],False,{}
99999.81,0.00,99999.81,USD,IDEALPRO-001,MARGIN,,[],False,{}
100000.00,0.00,100000.00,EUR,IDEALPRO-001,MARGIN,,[],False,{}
99999.81,0.00,99999.81,USD,IDEALPRO-001,MARGIN,,[],False,{}
100000.00,0.00,100000.00,EUR,IDEALPRO-001,MARGIN,,[],False,{}
99999.81,0.00,99999.81,USD,IDEALPRO-001,MARGIN,,[],False,{}
100000.00,0.00,100000.00,EUR,IDEALPRO-001,MARGIN,,[],False,{}
99999.81,0.00,99999.81,USD,IDEALPRO-001,MARGIN,,[],False,{}
100000.00,0.00,100000.00,EUR,IDEALPRO-001,MARGIN,,[],False,{}
99999.81,0.00,99999.81,USD,IDEALPRO-001,MARGIN,,[],False,{}
100000.00,0.00,100000.00,EUR,IDEALPRO-001,MARGIN,,[],False,{}
99999.81,2.35,99997.46,USD,IDEALPRO-001,MARGIN,,"[{'type': 'MarginBalance', 'initial': '0.00', 'maintenance': '2.35', 'currency': 'USD', 'instrument_id': 'EUR/USD.IDEALPRO'}]",False,{}
100000.00,0.00,100000.00,EUR,IDEALPRO-001,MARGIN,,"[{'type': 'MarginBalance', 'initial': '0.00', 'maintenance': '2.35', 'currency': 'USD', 'instrument_id': 'EUR/USD.IDEALPRO'}]",False,{}
99999.81,2.35,99997.46,USD,IDEALPRO-001,MARGIN,,"[{'type': 'MarginBalance', 'initial': '0.00', 'maintenance': '2.35', 'currency': 'USD', 'instrument_id': 'EUR/USD.IDEALPRO'}]",False,{}
100000.00,0.00,100000.00,EUR,IDEALPRO-001,MARGIN,,"[{'type': 'MarginBalance', 'initial': '0.00', 'maintenance': '2.35', 'currency': 'USD', 'instrument_id': 'EUR/USD.IDEALPRO'}]",False,{}
99999.81,2.35,99997.46,USD,IDEALPRO-001,MARGIN,,"[{'type': 'MarginBalance', 'initial': '0.00', 'maintenance': '2.35', 'currency': 'USD', 'instrument_id': 'EUR/USD.IDEALPRO'}]",False,{}
100000.00,0.00,100000.00,EUR,IDEALPRO-001,MARGIN,,"[{'type': 'MarginBalance', 'initial': '0.00', 'maintenance': '2.35', 'currency': 'USD', 'instrument_id': 'EUR/USD.IDEALPRO'}]",False,{}
99999.81,2.35,99997.46,USD,IDEALPRO-001,MARGIN,,"[{'type': 'MarginBalance', 'initial': '0.00', 'maintenance': '2.35', 'currency': 'USD', 'instrument_id': 'EUR/USD.IDEALPRO'}]",False,{}
100000.00,0.00,100000.00,EUR,IDEALPRO-001,MARGIN,,"[{'type': 'MarginBalance', 'initial': '0.00', 'maintenance': '2.35', 'currency': 'USD', 'instrument_id': 'EUR/USD.IDEALPRO'}]",False,{}
99999.78,0.00,99999.78,USD,IDEALPRO-001,MARGIN,,[],False,{}
100000.00,0.00,100000.00,EUR,IDEALPRO-001,MARGIN,,[],False,{}
99999.78,0.00,99999.78,USD,IDEALPRO-001,MARGIN,,[],False,{}
100000.00,0.00,100000.00,EUR,IDEALPRO-001,MARGIN,,[],False,{}
99999.78,0.00,99999.78,USD,IDEALPRO-001,MARGIN,,[],False,{}
100000.00,0.00,100000.00,EUR,IDEALPRO-001,MARGIN,,[],False,{}
99999.78,0.00,99999.78,USD,IDEALPRO-001,MARGIN,,[],False,{}
100000.00,0.00,100000.00,EUR,IDEALPRO-001,MARGIN,,[],False,{}
99999.78,0.00,99999.78,USD,IDEALPRO-001,MARGIN,,[],False,{}
100000.00,0.00,100000.00,EUR,IDEALPRO-001,MARGIN,,[],False,{}
99999.78,0.00,99999.78,USD,IDEALPRO-001,MARGIN,,[],False,{}
100000.00,0.00,100000.00,EUR,IDEALPRO-001,MARGIN,,[],False,{}
99999.78,2.35,99997.43,USD,IDEALPRO-001,MARGIN,,"[{'type': 'MarginBalance', 'initial': '0.00', 'maintenance': '2.35', 'currency': 'USD', 'instrument_id': 'EUR/USD.IDEALPRO'}]",False,{}
100000.00,0.00,100000.00,EUR,IDEALPRO-001,MARGIN,,"[{'type': 'MarginBalance', 'initial': '0.00', 'maintenance': '2.35', 'currency': 'USD', 'instrument_id': 'EUR/USD.IDEALPRO'}]",False,{}
99999.78,2.35,99997.43,USD,IDEALPRO-001,MARGIN,,"[{'type': 'MarginBalance', 'initial': '0.00', 'maintenance': '2.35', 'currency': 'USD', 'instrument_id': 'EUR/USD.IDEALPRO'}]",False,{}
100000.00,0.00,100000.00,EUR,IDEALPRO-001,MARGIN,,"[{'type': 'MarginBalance', 'initial': '0.00', 'maintenance': '2.35', 'currency': 'USD', 'instrument_id': 'EUR/USD.IDEALPRO'}]",False,{}
99999.78,2.35,99997.43,USD,IDEALPRO-001,MARGIN,,"[{'type': 'MarginBalance', 'initial': '0.00', 'maintenance': '2.35', 'currency': 'USD', 'instrument_id': 'EUR/USD.IDEALPRO'}]",False,{}
100000.00,0.00,100000.00,EUR,IDEALPRO-001,MARGIN,,"[{'type': 'MarginBalance', 'initial': '0.00', 'maintenance': '2.35', 'currency': 'USD', 'instrument_id': 'EUR/USD.IDEALPRO'}]",False,{}
99999.78,2.35,99997.43,USD,IDEALPRO-001,MARGIN,,"[{'type': 'MarginBalance', 'initial': '0.00', 'maintenance': '2.35', 'currency': 'USD', 'instrument_id': 'EUR/USD.IDEALPRO'}]",False,{}
100000.00,0.00,100000.00,EUR,IDEALPRO-001,MARGIN,,"[{'type': 'MarginBalance', 'initial': '0.00', 'maintenance': '2.35', 'currency': 'USD', 'instrument_id': 'EUR/USD.IDEALPRO'}]",False,{}
99999.83,0.00,99999.83,USD,IDEALPRO-001,MARGIN,,[],False,{}
100000.00,0.00,100000.00,EUR,IDEALPRO-001,MARGIN,,[],False,{}
99999.83,0.00,99999.83,USD,IDEALPRO-001,MARGIN,,[],False,{}
100000.00,0.00,100000.00,EUR,IDEALPRO-001,MARGIN,,[],False,{}
99999.83,0.00,99999.83,USD,IDEALPRO-001,MARGIN,,[],False,{}
100000.00,0.00,100000.00,EUR,IDEALPRO-001,MARGIN,,[],False,{}
99999.83,0.00,99999.83,USD,IDEALPRO-001,MARGIN,,[],False,{}
100000.00,0.00,100000.00,EUR,IDEALPRO-001,MARGIN,,[],False,{}
99999.83,0.00,99999.83,USD,IDEALPRO-001,MARGIN,,[],False,{}
100000.00,0.00,100000.00,EUR,IDEALPRO-001,MARGIN,,[],False,{}
99999.83,0.00,99999.83,USD,IDEALPRO-001,MARGIN,,[],False,{}
100000.00,0.00,100000.00,EUR,IDEALPRO-001,MARGIN,,[],False,{}
99999.83,2.35,99997.48,USD,IDEALPRO-001,MARGIN,,"[{'type': 'MarginBalance', 'initial': '0.00', 'maintenance': '2.35', 'currency': 'USD', 'instrument_id': 'EUR/USD.IDEALPRO'}]",False,{}
100000.00,0.00,100000.00,EUR,IDEALPRO-001,MARGIN,,"[{'type': 'MarginBalance', 'initial': '0.00', 'maintenance': '2.35', 'currency': 'USD', 'instrument_id': 'EUR/USD.IDEALPRO'}]",False,{}
99999.83,2.35,99997.48,USD,IDEALPRO-001,MARGIN,,"[{'type': 'MarginBalance', 'initial': '0.00', 'maintenance': '2.35', 'currency': 'USD', 'instrument_id': 'EUR/USD.IDEALPRO'}]",False,{}
100000.00,0.00,100000.00,EUR,IDEALPRO-001,MARGIN,,"[{'type': 'MarginBalance', 'initial': '0.00', 'maintenance': '2.35', 'currency': 'USD', 'instrument_id': 'EUR/USD.IDEALPRO'}]",False,{}
99999.83,2.35,99997.48,USD,IDEALPRO-001,MARGIN,,"[{'type': 'MarginBalance', 'initial': '0.00', 'maintenance': '2.35', 'currency': 'USD', 'instrument_id': 'EUR/USD.IDEALPRO'}]",False,{}
100000.00,0.00,100000.00,EUR,IDEALPRO-001,MARGIN,,"[{'type': 'MarginBalance', 'initial': '0.00', 'maintenance': '2.35', 'currency': 'USD', 'instrument_id': 'EUR/USD.IDEALPRO'}]",False,{}
99999.83,2.35,99997.48,USD,IDEALPRO-001,MARGIN,,"[{'type': 'MarginBalance', 'initial': '0.00', 'maintenance': '2.35', 'currency': 'USD', 'instrument_id': 'EUR/USD.IDEALPRO'}]",False,{}
100000.00,0.00,100000.00,EUR,IDEALPRO-001,MARGIN,,"[{'type': 'MarginBalance', 'initial': '0.00', 'maintenance': '2.35', 'currency': 'USD', 'instrument_id': 'EUR/USD.IDEALPRO'}]",False,{}
99999.87,0.00,99999.87,USD,IDEALPRO-001,MARGIN,,[],False,{}
100000.00,0.00,100000.00,EUR,IDEALPRO-001,MARGIN,,[],False,{}
99999.87,0.00,99999.87,USD,IDEALPRO-001,MARGIN,,[],False,{}
100000.00,0.00,100000.00,EUR,IDEALPRO-001,MARGIN,,[],False,{}
99999.87,0.00,99999.87,USD,IDEALPRO-001,MARGIN,,[],False,{}
100000.00,0.00,100000.00,EUR,IDEALPRO-001,MARGIN,,[],False,{}
99999.87,0.00,99999.87,USD,IDEALPRO-001,MARGIN,,[],False,{}
100000.00,0.00,100000.00,EUR,IDEALPRO-001,MARGIN,,[],False,{}
99999.87,0.00,99999.87,USD,IDEALPRO-001,MARGIN,,[],False,{}
100000.00,0.00,100000.00,EUR,IDEALPRO-001,MARGIN,,[],False,{}
99999.87,0.00,99999.87,USD,IDEALPRO-001,MARGIN,,[],False,{}
100000.00,0.00,100000.00,EUR,IDEALPRO-001,MARGIN,,[],False,{}
99999.87,2.35,99997.52,USD,IDEALPRO-001,MARGIN,,"[{'type': 'MarginBalance', 'initial': '0.00', 'maintenance': '2.35', 'currency': 'USD', 'instrument_id': 'EUR/USD.IDEALPRO'}]",False,{}
100000.00,0.00,100000.00,EUR,IDEALPRO-001,MARGIN,,"[{'type': 'MarginBalance', 'initial': '0.00', 'maintenance': '2.35', 'currency': 'USD', 'instrument_id': 'EUR/USD.IDEALPRO'}]",False,{}
99999.87,2.35,99997.52,USD,IDEALPRO-001,MARGIN,,"[{'type': 'MarginBalance', 'initial': '0.00', 'maintenance': '2.35', 'currency': 'USD', 'instrument_id': 'EUR/USD.IDEALPRO'}]",False,{}
100000.00,0.00,100000.00,EUR,IDEALPRO-001,MARGIN,,"[{'type': 'MarginBalance', 'initial': '0.00', 'maintenance': '2.35', 'currency': 'USD', 'instrument_id': 'EUR/USD.IDEALPRO'}]",False,{}
99999.87,2.35,99997.52,USD,IDEALPRO-001,MARGIN,,"[{'type': 'MarginBalance', 'initial': '0.00', 'maintenance': '2.35', 'currency': 'USD', 'instrument_id': 'EUR/USD.IDEALPRO'}]",False,{}
100000.00,0.00,100000.00,EUR,IDEALPRO-001,MARGIN,,"[{'type': 'MarginBalance', 'initial': '0.00', 'maintenance': '2.35', 'currency': 'USD', 'instrument_id': 'EUR/USD.IDEALPRO'}]",False,{}
99999.87,2.35,99997.52,USD,IDEALPRO-001,MARGIN,,"[{'type': 'MarginBalance', 'initial': '0.00', 'maintenance': '2.35', 'currency': 'USD', 'instrument_id': 'EUR/USD.IDEALPRO'}]",False,{}
100000.00,0.00,100000.00,EUR,IDEALPRO-001,MARGIN,,"[{'type': 'MarginBalance', 'initial': '0.00', 'maintenance': '2.35', 'currency': 'USD', 'instrument_id': 'EUR/USD.IDEALPRO'}]",False,{}
99999.84,0.00,99999.84,USD,IDEALPRO-001,MARGIN,,[],False,{}
100000.00,0.00,100000.00,EUR,IDEALPRO-001,MARGIN,,[],False,{}
99999.84,0.00,99999.84,USD,IDEALPRO-001,MARGIN,,[],False,{}
100000.00,0.00,100000.00,EUR,IDEALPRO-001,MARGIN,,[],False,{}
99999.84,0.00,99999.84,USD,IDEALPRO-001,MARGIN,,[],False,{}
100000.00,0.00,100000.00,EUR,IDEALPRO-001,MARGIN,,[],False,{}
99999.84,0.00,99999.84,USD,IDEALPRO-001,MARGIN,,[],False,{}
100000.00,0.00,100000.00,EUR,IDEALPRO-001,MARGIN,,[],False,{}
99999.84,0.00,99999.84,USD,IDEALPRO-001,MARGIN,,[],False,{}
100000.00,0.00,100000.00,EUR,IDEALPRO-001,MARGIN,,[],False,{}
99999.84,0.00,99999.84,USD,IDEALPRO-001,MARGIN,,[],False,{}
100000.00,0.00,100000.00,EUR,IDEALPRO-001,MARGIN,,[],False,{}
99999.84,2.35,99997.49,USD,IDEALPRO-001,MARGIN,,"[{'type': 'MarginBalance', 'initial': '0.00', 'maintenance': '2.35', 'currency': 'USD', 'instrument_id': 'EUR/USD.IDEALPRO'}]",False,{}
100000.00,0.00,100000.00,EUR,IDEALPRO-001,MARGIN,,"[{'type': 'MarginBalance', 'initial': '0.00', 'maintenance': '2.35', 'currency': 'USD', 'instrument_id': 'EUR/USD.IDEALPRO'}]",False,{}
99999.84,2.35,99997.49,USD,IDEALPRO-001,MARGIN,,"[{'type': 'MarginBalance', 'initial': '0.00', 'maintenance': '2.35', 'currency': 'USD', 'instrument_id': 'EUR/USD.IDEALPRO'}]",False,{}
100000.00,0.00,100000.00,EUR,IDEALPRO-001,MARGIN,,"[{'type': 'MarginBalance', 'initial': '0.00', 'maintenance': '2.35', 'currency': 'USD', 'instrument_id': 'EUR/USD.IDEALPRO'}]",False,{}
99999.84,2.35,99997.49,USD,IDEALPRO-001,MARGIN,,"[{'type': 'MarginBalance', 'initial': '0.00', 'maintenance': '2.35', 'currency': 'USD', 'instrument_id': 'EUR/USD.IDEALPRO'}]",False,{}
100000.00,0.00,100000.00,EUR,IDEALPRO-001,MARGIN,,"[{'type': 'MarginBalance', 'initial': '0.00', 'maintenance': '2.35', 'currency': 'USD', 'instrument_id': 'EUR/USD.IDEALPRO'}]",False,{}
99999.84,2.35,99997.49,USD,IDEALPRO-001,MARGIN,,"[{'type': 'MarginBalance', 'initial': '0.00', 'maintenance': '2.35', 'currency': 'USD', 'instrument_id': 'EUR/USD.IDEALPRO'}]",False,{}
100000.00,0.00,100000.00,EUR,IDEALPRO-001,MARGIN,,"[{'type': 'MarginBalance', 'initial': '0.00', 'maintenance': '2.35', 'currency': 'USD', 'instrument_id': 'EUR/USD.IDEALPRO'}]",False,{}
99999.81,0.00,99999.81,USD,IDEALPRO-001,MARGIN,,[],False,{}
100000.00,0.00,100000.00,EUR,IDEALPRO-001,MARGIN,,[],False,{}
99999.81,0.00,99999.81,USD,IDEALPRO-001,MARGIN,,[],False,{}
100000.00,0.00,100000.00,EUR,IDEALPRO-001,MARGIN,,[],False,{}
99999.81,0.00,99999.81,USD,IDEALPRO-001,MARGIN,,[],False,{}
100000.00,0.00,100000.00,EUR,IDEALPRO-001,MARGIN,,[],False,{}
99999.81,0.00,99999.81,USD,IDEALPRO-001,MARGIN,,[],False,{}
100000.00,0.00,100000.00,EUR,IDEALPRO-001,MARGIN,,[],False,{}
99999.81,0.00,99999.81,USD,IDEALPRO-001,MARGIN,,[],False,{}
100000.00,0.00,100000.00,EUR,IDEALPRO-001,MARGIN,,[],False,{}
99999.81,0.00,99999.81,USD,IDEALPRO-001,MARGIN,,[],False,{}
100000.00,0.00,100000.00,EUR,IDEALPRO-001,MARGIN,,[],False,{}
99999.81,2.35,99997.46,USD,IDEALPRO-001,MARGIN,,"[{'type': 'MarginBalance', 'initial': '0.00', 'maintenance': '2.35', 'currency': 'USD', 'instrument_id': 'EUR/USD.IDEALPRO'}]",False,{}
100000.00,0.00,100000.00,EUR,IDEALPRO-001,MARGIN,,"[{'type': 'MarginBalance', 'initial': '0.00', 'maintenance': '2.35', 'currency': 'USD', 'instrument_id': 'EUR/USD.IDEALPRO'}]",False,{}
99999.81,2.35,99997.46,USD,IDEALPRO-001,MARGIN,,"[{'type': 'MarginBalance', 'initial': '0.00', 'maintenance': '2.35', 'currency': 'USD', 'instrument_id': 'EUR/USD.IDEALPRO'}]",False,{}
100000.00,0.00,100000.00,EUR,IDEALPRO-001,MARGIN,,"[{'type': 'MarginBalance', 'initial': '0.00', 'maintenance': '2.35', 'currency': 'USD', 'instrument_id': 'EUR/USD.IDEALPRO'}]",False,{}
99999.81,2.35,99997.46,USD,IDEALPRO-001,MARGIN,,"[{'type': 'MarginBalance', 'initial': '0.00', 'maintenance': '2.35', 'currency': 'USD', 'instrument_id': 'EUR/USD.IDEALPRO'}]",False,{}
100000.00,0.00,100000.00,EUR,IDEALPRO-001,MARGIN,,"[{'type': 'MarginBalance', 'initial': '0.00', 'maintenance': '2.35', 'currency': 'USD', 'instrument_id': 'EUR/USD.IDEALPRO'}]",False,{}
99999.75,0.00,99999.75,USD,IDEALPRO-001,MARGIN,,[],False,{}
100000.00,0.00,100000.00,EUR,IDEALPRO-001,MARGIN,,[],False,{}
99999.75,0.00,99999.75,USD,IDEALPRO-001,MARGIN,,[],False,{}
100000.00,0.00,100000.00,EUR,IDEALPRO-001,MARGIN,,[],False,{}
99999.75,0.00,99999.75,USD,IDEALPRO-001,MARGIN,,[],False,{}
100000.00,0.00,100000.00,EUR,IDEALPRO-001,MARGIN,,[],False,{}
99999.75,0.00,99999.75,USD,IDEALPRO-001,MARGIN,,[],False,{}
100000.00,0.00,100000.00,EUR,IDEALPRO-001,MARGIN,,[],False,{}
99999.75,0.00,99999.75,USD,IDEALPRO-001,MARGIN,,[],False,{}
100000.00,0.00,100000.00,EUR,IDEALPRO-001,MARGIN,,[],False,{}
99999.75,2.35,99997.40,USD,IDEALPRO-001,MARGIN,,"[{'type': 'MarginBalance', 'initial': '0.00', 'maintenance': '2.35', 'currency': 'USD', 'instrument_id': 'EUR/USD.IDEALPRO'}]",False,{}
100000.00,0.00,100000.00,EUR,IDEALPRO-001,MARGIN,,"[{'type': 'MarginBalance', 'initial': '0.00', 'maintenance': '2.35', 'currency': 'USD', 'instrument_id': 'EUR/USD.IDEALPRO'}]",False,{}
99999.75,2.35,99997.40,USD,IDEALPRO-001,MARGIN,,"[{'type': 'MarginBalance', 'initial': '0.00', 'maintenance': '2.35', 'currency': 'USD', 'instrument_id': 'EUR/USD.IDEALPRO'}]",False,{}
100000.00,0.00,100000.00,EUR,IDEALPRO-001,MARGIN,,"[{'type': 'MarginBalance', 'initial': '0.00', 'maintenance': '2.35', 'currency': 'USD', 'instrument_id': 'EUR/USD.IDEALPRO'}]",False,{}
99999.75,2.35,99997.40,USD,IDEALPRO-001,MARGIN,,"[{'type': 'MarginBalance', 'initial': '0.00', 'maintenance': '2.35', 'currency': 'USD', 'instrument_id': 'EUR/USD.IDEALPRO'}]",False,{}
100000.00,0.00,100000.00,EUR,IDEALPRO-001,MARGIN,,"[{'type': 'MarginBalance', 'initial': '0.00', 'maintenance': '2.35', 'currency': 'USD', 'instrument_id': 'EUR/USD.IDEALPRO'}]",False,{}
99999.75,2.35,99997.40,USD,IDEALPRO-001,MARGIN,,"[{'type': 'MarginBalance', 'initial': '0.00', 'maintenance': '2.35', 'currency': 'USD', 'instrument_id': 'EUR/USD.IDEALPRO'}]",False,{}
100000.00,0.00,100000.00,EUR,IDEALPRO-001,MARGIN,,"[{'type': 'MarginBalance', 'initial': '0.00', 'maintenance': '2.35', 'currency': 'USD', 'instrument_id': 'EUR/USD.IDEALPRO'}]",False,{}
99999.73,0.00,99999.73,USD,IDEALPRO-001,MARGIN,,[],False,{}
100000.00,0.00,100000.00,EUR,IDEALPRO-001,MARGIN,,[],False,{}
99999.73,0.00,99999.73,USD,IDEALPRO-001,MARGIN,,[],False,{}
100000.00,0.00,100000.00,EUR,IDEALPRO-001,MARGIN,,[],False,{}
99999.73,0.00,99999.73,USD,IDEALPRO-001,MARGIN,,[],False,{}
100000.00,0.00,100000.00,EUR,IDEALPRO-001,MARGIN,,[],False,{}
99999.73,0.00,99999.73,USD,IDEALPRO-001,MARGIN,,[],False,{}
100000.00,0.00,100000.00,EUR,IDEALPRO-001,MARGIN,,[],False,{}
99999.73,0.00,99999.73,USD,IDEALPRO-001,MARGIN,,[],False,{}
100000.00,0.00,100000.00,EUR,IDEALPRO-001,MARGIN,,[],False,{}
99999.73,0.00,99999.73,USD,IDEALPRO-001,MARGIN,,[],False,{}
100000.00,0.00,100000.00,EUR,IDEALPRO-001,MARGIN,,[],False,{}
99999.73,2.35,99997.38,USD,IDEALPRO-001,MARGIN,,"[{'type': 'MarginBalance', 'initial': '0.00', 'maintenance': '2.35', 'currency': 'USD', 'instrument_id': 'EUR/USD.IDEALPRO'}]",False,{}
100000.00,0.00,100000.00,EUR,IDEALPRO-001,MARGIN,,"[{'type': 'MarginBalance', 'initial': '0.00', 'maintenance': '2.35', 'currency': 'USD', 'instrument_id': 'EUR/USD.IDEALPRO'}]",False,{}
99999.73,2.35,99997.38,USD,IDEALPRO-001,MARGIN,,"[{'type': 'MarginBalance', 'initial': '0.00', 'maintenance': '2.35', 'currency': 'USD', 'instrument_id': 'EUR/USD.IDEALPRO'}]",False,{}
100000.00,0.00,100000.00,EUR,IDEALPRO-001,MARGIN,,"[{'type': 'MarginBalance', 'initial': '0.00', 'maintenance': '2.35', 'currency': 'USD', 'instrument_id': 'EUR/USD.IDEALPRO'}]",False,{}
99999.73,2.35,99997.38,USD,IDEALPRO-001,MARGIN,,"[{'type': 'MarginBalance', 'initial': '0.00', 'maintenance': '2.35', 'currency': 'USD', 'instrument_id': 'EUR/USD.IDEALPRO'}]",False,{}
100000.00,0.00,100000.00,EUR,IDEALPRO-001,MARGIN,,"[{'type': 'MarginBalance', 'initial': '0.00', 'maintenance': '2.35', 'currency': 'USD', 'instrument_id': 'EUR/USD.IDEALPRO'}]",False,{}
99999.67,0.00,99999.67,USD,IDEALPRO-001,MARGIN,,[],False,{}
100000.00,0.00,100000.00,EUR,IDEALPRO-001,MARGIN,,[],False,{}
99999.67,0.00,99999.67,USD,IDEALPRO-001,MARGIN,,[],False,{}
100000.00,0.00,100000.00,EUR,IDEALPRO-001,MARGIN,,[],False,{}
99999.67,0.00,99999.67,USD,IDEALPRO-001,MARGIN,,[],False,{}
100000.00,0.00,100000.00,EUR,IDEALPRO-001,MARGIN,,[],False,{}
99999.67,0.00,99999.67,USD,IDEALPRO-001,MARGIN,,[],False,{}
100000.00,0.00,100000.00,EUR,IDEALPRO-001,MARGIN,,[],False,{}
99999.67,0.00,99999.67,USD,IDEALPRO-001,MARGIN,,[],False,{}
100000.00,0.00,100000.00,EUR,IDEALPRO-001,MARGIN,,[],False,{}
99999.67,2.35,99997.32,USD,IDEALPRO-001,MARGIN,,"[{'type': 'MarginBalance', 'initial': '0.00', 'maintenance': '2.35', 'currency': 'USD', 'instrument_id': 'EUR/USD.IDEALPRO'}]",False,{}
100000.00,0.00,100000.00,EUR,IDEALPRO-001,MARGIN,,"[{'type': 'MarginBalance', 'initial': '0.00', 'maintenance': '2.35', 'currency': 'USD', 'instrument_id': 'EUR/USD.IDEALPRO'}]",False,{}
99999.67,2.35,99997.32,USD,IDEALPRO-001,MARGIN,,"[{'type': 'MarginBalance', 'initial': '0.00', 'maintenance': '2.35', 'currency': 'USD', 'instrument_id': 'EUR/USD.IDEALPRO'}]",False,{}
100000.00,0.00,100000.00,EUR,IDEALPRO-001,MARGIN,,"[{'type': 'MarginBalance', 'initial': '0.00', 'maintenance': '2.35', 'currency': 'USD', 'instrument_id': 'EUR/USD.IDEALPRO'}]",False,{}
99999.67,2.35,99997.32,USD,IDEALPRO-001,MARGIN,,"[{'type': 'MarginBalance', 'initial': '0.00', 'maintenance': '2.35', 'currency': 'USD', 'instrument_id': 'EUR/USD.IDEALPRO'}]",False,{}
100000.00,0.00,100000.00,EUR,IDEALPRO-001,MARGIN,,"[{'type': 'MarginBalance', 'initial': '0.00', 'maintenance': '2.35', 'currency': 'USD', 'instrument_id': 'EUR/USD.IDEALPRO'}]",False,{}
99999.61,0.00,99999.61,USD,IDEALPRO-001,MARGIN,,[],False,{}
100000.00,0.00,100000.00,EUR,IDEALPRO-001,MARGIN,,[],False,{}
99999.61,0.00,99999.61,USD,IDEALPRO-001,MARGIN,,[],False,{}
100000.00,0.00,100000.00,EUR,IDEALPRO-001,MARGIN,,[],False,{}
99999.61,0.00,99999.61,USD,IDEALPRO-001,MARGIN,,[],False,{}
100000.00,0.00,100000.00,EUR,IDEALPRO-001,MARGIN,,[],False,{}
99999.61,0.00,99999.61,USD,IDEALPRO-001,MARGIN,,[],False,{}
100000.00,0.00,100000.00,EUR,IDEALPRO-001,MARGIN,,[],False,{}
99999.61,0.00,99999.61,USD,IDEALPRO-001,MARGIN,,[],False,{}
100000.00,0.00,100000.00,EUR,IDEALPRO-001,MARGIN,,[],False,{}
99999.61,2.35,99997.26,USD,IDEALPRO-001,MARGIN,,"[{'type': 'MarginBalance', 'initial': '0.00', 'maintenance': '2.35', 'currency': 'USD', 'instrument_id': 'EUR/USD.IDEALPRO'}]",False,{}
100000.00,0.00,100000.00,EUR,IDEALPRO-001,MARGIN,,"[{'type': 'MarginBalance', 'initial': '0.00', 'maintenance': '2.35', 'currency': 'USD', 'instrument_id': 'EUR/USD.IDEALPRO'}]",False,{}
99999.61,2.35,99997.26,USD,IDEALPRO-001,MARGIN,,"[{'type': 'MarginBalance', 'initial': '0.00', 'maintenance': '2.35', 'currency': 'USD', 'instrument_id': 'EUR/USD.IDEALPRO'}]",False,{}
100000.00,0.00,100000.00,EUR,IDEALPRO-001,MARGIN,,"[{'type': 'MarginBalance', 'initial': '0.00', 'maintenance': '2.35', 'currency': 'USD', 'instrument_id': 'EUR/USD.IDEALPRO'}]",False,{}
99999.61,2.35,99997.26,USD,IDEALPRO-001,MARGIN,,"[{'type': 'MarginBalance', 'initial': '0.00', 'maintenance': '2.35', 'currency': 'USD', 'instrument_id': 'EUR/USD.IDEALPRO'}]",False,{}
100000.00,0.00,100000.00,EUR,IDEALPRO-001,MARGIN,,"[{'type': 'MarginBalance', 'initial': '0.00', 'maintenance': '2.35', 'currency': 'USD', 'instrument_id': 'EUR/USD.IDEALPRO'}]",False,{}
99999.61,2.35,99997.26,USD,IDEALPRO-001,MARGIN,,"[{'type': 'MarginBalance', 'initial': '0.00', 'maintenance': '2.35', 'currency': 'USD', 'instrument_id': 'EUR/USD.IDEALPRO'}]",False,{}
100000.00,0.00,100000.00,EUR,IDEALPRO-001,MARGIN,,"[{'type': 'MarginBalance', 'initial': '0.00', 'maintenance': '2.35', 'currency': 'USD', 'instrument_id': 'EUR/USD.IDEALPRO'}]",False,{}
99999.58,0.00,99999.58,USD,IDEALPRO-001,MARGIN,,[],False,{}
100000.00,0.00,100000.00,EUR,IDEALPRO-001,MARGIN,,[],False,{}
99999.58,0.00,99999.58,USD,IDEALPRO-001,MARGIN,,[],False,{}
100000.00,0.00,100000.00,EUR,IDEALPRO-001,MARGIN,,[],False,{}
99999.58,0.00,99999.58,USD,IDEALPRO-001,MARGIN,,[],False,{}
100000.00,0.00,100000.00,EUR,IDEALPRO-001,MARGIN,,[],False,{}
99999.58,0.00,99999.58,USD,IDEALPRO-001,MARGIN,,[],False,{}
100000.00,0.00,100000.00,EUR,IDEALPRO-001,MARGIN,,[],False,{}
99999.58,0.00,99999.58,USD,IDEALPRO-001,MARGIN,,[],False,{}
100000.00,0.00,100000.00,EUR,IDEALPRO-001,MARGIN,,[],False,{}
99999.58,0.00,99999.58,USD,IDEALPRO-001,MARGIN,,[],False,{}
100000.00,0.00,100000.00,EUR,IDEALPRO-001,MARGIN,,[],False,{}
99999.58,2.35,99997.23,USD,IDEALPRO-001,MARGIN,,"[{'type': 'MarginBalance', 'initial': '0.00', 'maintenance': '2.35', 'currency': 'USD', 'instrument_id': 'EUR/USD.IDEALPRO'}]",False,{}
100000.00,0.00,100000.00,EUR,IDEALPRO-001,MARGIN,,"[{'type': 'MarginBalance', 'initial': '0.00', 'maintenance': '2.35', 'currency': 'USD', 'instrument_id': 'EUR/USD.IDEALPRO'}]",False,{}
99999.58,2.35,99997.23,USD,IDEALPRO-001,MARGIN,,"[{'type': 'MarginBalance', 'initial': '0.00', 'maintenance': '2.35', 'currency': 'USD', 'instrument_id': 'EUR/USD.IDEALPRO'}]",False,{}
100000.00,0.00,100000.00,EUR,IDEALPRO-001,MARGIN,,"[{'type': 'MarginBalance', 'initial': '0.00', 'maintenance': '2.35', 'currency': 'USD', 'instrument_id': 'EUR/USD.IDEALPRO'}]",False,{}
99999.58,2.35,99997.23,USD,IDEALPRO-001,MARGIN,,"[{'type': 'MarginBalance', 'initial': '0.00', 'maintenance': '2.35', 'currency': 'USD', 'instrument_id': 'EUR/USD.IDEALPRO'}]",False,{}
100000.00,0.00,100000.00,EUR,IDEALPRO-001,MARGIN,,"[{'type': 'MarginBalance', 'initial': '0.00', 'maintenance': '2.35', 'currency': 'USD', 'instrument_id': 'EUR/USD.IDEALPRO'}]",False,{}
99999.52,0.00,99999.52,USD,IDEALPRO-001,MARGIN,,[],False,{}
100000.00,0.00,100000.00,EUR,IDEALPRO-001,MARGIN,,[],False,{}
99999.52,0.00,99999.52,USD,IDEALPRO-001,MARGIN,,[],False,{}
100000.00,0.00,100000.00,EUR,IDEALPRO-001,MARGIN,,[],False,{}
99999.52,0.00,99999.52,USD,IDEALPRO-001,MARGIN,,[],False,{}
100000.00,0.00,100000.00,EUR,IDEALPRO-001,MARGIN,,[],False,{}
99999.52,0.00,99999.52,USD,IDEALPRO-001,MARGIN,,[],False,{}
100000.00,0.00,100000.00,EUR,IDEALPRO-001,MARGIN,,[],False,{}
99999.52,0.00,99999.52,USD,IDEALPRO-001,MARGIN,,[],False,{}
100000.00,0.00,100000.00,EUR,IDEALPRO-001,MARGIN,,[],False,{}
99999.52,2.35,99997.17,USD,IDEALPRO-001,MARGIN,,"[{'type': 'MarginBalance', 'initial': '0.00', 'maintenance': '2.35', 'currency': 'USD', 'instrument_id': 'EUR/USD.IDEALPRO'}]",False,{}
100000.00,0.00,100000.00,EUR,IDEALPRO-001,MARGIN,,"[{'type': 'MarginBalance', 'initial': '0.00', 'maintenance': '2.35', 'currency': 'USD', 'instrument_id': 'EUR/USD.IDEALPRO'}]",False,{}
99999.52,2.35,99997.17,USD,IDEALPRO-001,MARGIN,,"[{'type': 'MarginBalance', 'initial': '0.00', 'maintenance': '2.35', 'currency': 'USD', 'instrument_id': 'EUR/USD.IDEALPRO'}]",False,{}
100000.00,0.00,100000.00,EUR,IDEALPRO-001,MARGIN,,"[{'type': 'MarginBalance', 'initial': '0.00', 'maintenance': '2.35', 'currency': 'USD', 'instrument_id': 'EUR/USD.IDEALPRO'}]",False,{}
99999.52,2.35,99997.17,USD,IDEALPRO-001,MARGIN,,"[{'type': 'MarginBalance', 'initial': '0.00', 'maintenance': '2.35', 'currency': 'USD', 'instrument_id': 'EUR/USD.IDEALPRO'}]",False,{}
100000.00,0.00,100000.00,EUR,IDEALPRO-001,MARGIN,,"[{'type': 'MarginBalance', 'initial': '0.00', 'maintenance': '2.35', 'currency': 'USD', 'instrument_id': 'EUR/USD.IDEALPRO'}]",False,{}
99999.52,2.35,99997.17,USD,IDEALPRO-001,MARGIN,,"[{'type': 'MarginBalance', 'initial': '0.00', 'maintenance': '2.35', 'currency': 'USD', 'instrument_id': 'EUR/USD.IDEALPRO'}]",False,{}
100000.00,0.00,100000.00,EUR,IDEALPRO-001,MARGIN,,"[{'type': 'MarginBalance', 'initial': '0.00', 'maintenance': '2.35', 'currency': 'USD', 'instrument_id': 'EUR/USD.IDEALPRO'}]",False,{}
99999.50,0.00,99999.50,USD,IDEALPRO-001,MARGIN,,[],False,{}
100000.00,0.00,100000.00,EUR,IDEALPRO-001,MARGIN,,[],False,{}
99999.50,0.00,99999.50,USD,IDEALPRO-001,MARGIN,,[],False,{}
100000.00,0.00,100000.00,EUR,IDEALPRO-001,MARGIN,,[],False,{}
99999.50,0.00,99999.50,USD,IDEALPRO-001,MARGIN,,[],False,{}
100000.00,0.00,100000.00,EUR,IDEALPRO-001,MARGIN,,[],False,{}
99999.50,0.00,99999.50,USD,IDEALPRO-001,MARGIN,,[],False,{}
100000.00,0.00,100000.00,EUR,IDEALPRO-001,MARGIN,,[],False,{}
99999.50,0.00,99999.50,USD,IDEALPRO-001,MARGIN,,[],False,{}
100000.00,0.00,100000.00,EUR,IDEALPRO-001,MARGIN,,[],False,{}
99999.50,0.00,99999.50,USD,IDEALPRO-001,MARGIN,,[],False,{}
100000.00,0.00,100000.00,EUR,IDEALPRO-001,MARGIN,,[],False,{}
99999.50,2.35,99997.15,USD,IDEALPRO-001,MARGIN,,"[{'type': 'MarginBalance', 'initial': '0.00', 'maintenance': '2.35', 'currency': 'USD', 'instrument_id': 'EUR/USD.IDEALPRO'}]",False,{}
100000.00,0.00,100000.00,EUR,IDEALPRO-001,MARGIN,,"[{'type': 'MarginBalance', 'initial': '0.00', 'maintenance': '2.35', 'currency': 'USD', 'instrument_id': 'EUR/USD.IDEALPRO'}]",False,{}
99999.50,2.35,99997.15,USD,IDEALPRO-001,MARGIN,,"[{'type': 'MarginBalance', 'initial': '0.00', 'maintenance': '2.35', 'currency': 'USD', 'instrument_id': 'EUR/USD.IDEALPRO'}]",False,{}
100000.00,0.00,100000.00,EUR,IDEALPRO-001,MARGIN,,"[{'type': 'MarginBalance', 'initial': '0.00', 'maintenance': '2.35', 'currency': 'USD', 'instrument_id': 'EUR/USD.IDEALPRO'}]",False,{}
99999.50,2.35,99997.15,USD,IDEALPRO-001,MARGIN,,"[{'type': 'MarginBalance', 'initial': '0.00', 'maintenance': '2.35', 'currency': 'USD', 'instrument_id': 'EUR/USD.IDEALPRO'}]",False,{}
100000.00,0.00,100000.00,EUR,IDEALPRO-001,MARGIN,,"[{'type': 'MarginBalance', 'initial': '0.00', 'maintenance': '2.35', 'currency': 'USD', 'instrument_id': 'EUR/USD.IDEALPRO'}]",False,{}
99999.50,2.35,99997.15,USD,IDEALPRO-001,MARGIN,,"[{'type': 'MarginBalance', 'initial': '0.00', 'maintenance': '2.35', 'currency': 'USD', 'instrument_id': 'EUR/USD.IDEALPRO'}]",False,{}
100000.00,0.00,100000.00,EUR,IDEALPRO-001,MARGIN,,"[{'type': 'MarginBalance', 'initial': '0.00', 'maintenance': '2.35', 'currency': 'USD', 'instrument_id': 'EUR/USD.IDEALPRO'}]",False,{}
99999.47,0.00,99999.47,USD,IDEALPRO-001,MARGIN,,[],False,{}
100000.00,0.00,100000.00,EUR,IDEALPRO-001,MARGIN,,[],False,{}
99999.47,0.00,99999.47,USD,IDEALPRO-001,MARGIN,,[],False,{}
100000.00,0.00,100000.00,EUR,IDEALPRO-001,MARGIN,,[],False,{}
99999.47,0.00,99999.47,USD,IDEALPRO-001,MARGIN,,[],False,{}
100000.00,0.00,100000.00,EUR,IDEALPRO-001,MARGIN,,[],False,{}
99999.47,0.00,99999.47,USD,IDEALPRO-001,MARGIN,,[],False,{}
100000.00,0.00,100000.00,EUR,IDEALPRO-001,MARGIN,,[],False,{}
99999.47,0.00,99999.47,USD,IDEALPRO-001,MARGIN,,[],False,{}
100000.00,0.00,100000.00,EUR,IDEALPRO-001,MARGIN,,[],False,{}
99999.47,0.00,99999.47,USD,IDEALPRO-001,MARGIN,,[],False,{}
100000.00,0.00,100000.00,EUR,IDEALPRO-001,MARGIN,,[],False,{}
99999.47,2.35,99997.12,USD,IDEALPRO-001,MARGIN,,"[{'type': 'MarginBalance', 'initial': '0.00', 'maintenance': '2.35', 'currency': 'USD', 'instrument_id': 'EUR/USD.IDEALPRO'}]",False,{}
100000.00,0.00,100000.00,EUR,IDEALPRO-001,MARGIN,,"[{'type': 'MarginBalance', 'initial': '0.00', 'maintenance': '2.35', 'currency': 'USD', 'instrument_id': 'EUR/USD.IDEALPRO'}]",False,{}
99999.47,2.35,99997.12,USD,IDEALPRO-001,MARGIN,,"[{'type': 'MarginBalance', 'initial': '0.00', 'maintenance': '2.35', 'currency': 'USD', 'instrument_id': 'EUR/USD.IDEALPRO'}]",False,{}
100000.00,0.00,100000.00,EUR,IDEALPRO-001,MARGIN,,"[{'type': 'MarginBalance', 'initial': '0.00', 'maintenance': '2.35', 'currency': 'USD', 'instrument_id': 'EUR/USD.IDEALPRO'}]",False,{}
99999.47,2.35,99997.12,USD,IDEALPRO-001,MARGIN,,"[{'type': 'MarginBalance', 'initial': '0.00', 'maintenance': '2.35', 'currency': 'USD', 'instrument_id': 'EUR/USD.IDEALPRO'}]",False,{}
100000.00,0.00,100000.00,EUR,IDEALPRO-001,MARGIN,,"[{'type': 'MarginBalance', 'initial': '0.00', 'maintenance': '2.35', 'currency': 'USD', 'instrument_id': 'EUR/USD.IDEALPRO'}]",False,{}
99999.41,0.00,99999.41,USD,IDEALPRO-001,MARGIN,,[],False,{}
100000.00,0.00,100000.00,EUR,IDEALPRO-001,MARGIN,,[],False,{}
99999.41,0.00,99999.41,USD,IDEALPRO-001,MARGIN,,[],False,{}
100000.00,0.00,100000.00,EUR,IDEALPRO-001,MARGIN,,[],False,{}
99999.41,0.00,99999.41,USD,IDEALPRO-001,MARGIN,,[],False,{}
100000.00,0.00,100000.00,EUR,IDEALPRO-001,MARGIN,,[],False,{}
99999.41,0.00,99999.41,USD,IDEALPRO-001,MARGIN,,[],False,{}
100000.00,0.00,100000.00,EUR,IDEALPRO-001,MARGIN,,[],False,{}
99999.41,0.00,99999.41,USD,IDEALPRO-001,MARGIN,,[],False,{}
100000.00,0.00,100000.00,EUR,IDEALPRO-001,MARGIN,,[],False,{}
99999.41,2.35,99997.06,USD,IDEALPRO-001,MARGIN,,"[{'type': 'MarginBalance', 'initial': '0.00', 'maintenance': '2.35', 'currency': 'USD', 'instrument_id': 'EUR/USD.IDEALPRO'}]",False,{}
100000.00,0.00,100000.00,EUR,IDEALPRO-001,MARGIN,,"[{'type': 'MarginBalance', 'initial': '0.00', 'maintenance': '2.35', 'currency': 'USD', 'instrument_id': 'EUR/USD.IDEALPRO'}]",False,{}
99999.41,2.35,99997.06,USD,IDEALPRO-001,MARGIN,,"[{'type': 'MarginBalance', 'initial': '0.00', 'maintenance': '2.35', 'currency': 'USD', 'instrument_id': 'EUR/USD.IDEALPRO'}]",False,{}
100000.00,0.00,100000.00,EUR,IDEALPRO-001,MARGIN,,"[{'type': 'MarginBalance', 'initial': '0.00', 'maintenance': '2.35', 'currency': 'USD', 'instrument_id': 'EUR/USD.IDEALPRO'}]",False,{}
99999.41,2.35,99997.06,USD,IDEALPRO-001,MARGIN,,"[{'type': 'MarginBalance', 'initial': '0.00', 'maintenance': '2.35', 'currency': 'USD', 'instrument_id': 'EUR/USD.IDEALPRO'}]",False,{}
100000.00,0.00,100000.00,EUR,IDEALPRO-001,MARGIN,,"[{'type': 'MarginBalance', 'initial': '0.00', 'maintenance': '2.35', 'currency': 'USD', 'instrument_id': 'EUR/USD.IDEALPRO'}]",False,{}
99999.35,0.00,99999.35,USD,IDEALPRO-001,MARGIN,,[],False,{}
100000.00,0.00,100000.00,EUR,IDEALPRO-001,MARGIN,,[],False,{}
99999.35,0.00,99999.35,USD,IDEALPRO-001,MARGIN,,[],False,{}
100000.00,0.00,100000.00,EUR,IDEALPRO-001,MARGIN,,[],False,{}
99999.35,0.00,99999.35,USD,IDEALPRO-001,MARGIN,,[],False,{}
100000.00,0.00,100000.00,EUR,IDEALPRO-001,MARGIN,,[],False,{}
99999.35,0.00,99999.35,USD,IDEALPRO-001,MARGIN,,[],False,{}
100000.00,0.00,100000.00,EUR,IDEALPRO-001,MARGIN,,[],False,{}
99999.35,0.00,99999.35,USD,IDEALPRO-001,MARGIN,,[],False,{}
100000.00,0.00,100000.00,EUR,IDEALPRO-001,MARGIN,,[],False,{}
99999.35,2.35,99997.00,USD,IDEALPRO-001,MARGIN,,"[{'type': 'MarginBalance', 'initial': '0.00', 'maintenance': '2.35', 'currency': 'USD', 'instrument_id': 'EUR/USD.IDEALPRO'}]",False,{}
100000.00,0.00,100000.00,EUR,IDEALPRO-001,MARGIN,,"[{'type': 'MarginBalance', 'initial': '0.00', 'maintenance': '2.35', 'currency': 'USD', 'instrument_id': 'EUR/USD.IDEALPRO'}]",False,{}
99999.35,2.35,99997.00,USD,IDEALPRO-001,MARGIN,,"[{'type': 'MarginBalance', 'initial': '0.00', 'maintenance': '2.35', 'currency': 'USD', 'instrument_id': 'EUR/USD.IDEALPRO'}]",False,{}
100000.00,0.00,100000.00,EUR,IDEALPRO-001,MARGIN,,"[{'type': 'MarginBalance', 'initial': '0.00', 'maintenance': '2.35', 'currency': 'USD', 'instrument_id': 'EUR/USD.IDEALPRO'}]",False,{}
99999.35,2.35,99997.00,USD,IDEALPRO-001,MARGIN,,"[{'type': 'MarginBalance', 'initial': '0.00', 'maintenance': '2.35', 'currency': 'USD', 'instrument_id': 'EUR/USD.IDEALPRO'}]",False,{}
100000.00,0.00,100000.00,EUR,IDEALPRO-001,MARGIN,,"[{'type': 'MarginBalance', 'initial': '0.00', 'maintenance': '2.35', 'currency': 'USD', 'instrument_id': 'EUR/USD.IDEALPRO'}]",False,{}
99999.35,2.35,99997.00,USD,IDEALPRO-001,MARGIN,,"[{'type': 'MarginBalance', 'initial': '0.00', 'maintenance': '2.35', 'currency': 'USD', 'instrument_id': 'EUR/USD.IDEALPRO'}]",False,{}
100000.00,0.00,100000.00,EUR,IDEALPRO-001,MARGIN,,"[{'type': 'MarginBalance', 'initial': '0.00', 'maintenance': '2.35', 'currency': 'USD', 'instrument_id': 'EUR/USD.IDEALPRO'}]",False,{}
99999.45,0.00,99999.45,USD,IDEALPRO-001,MARGIN,,[],False,{}
100000.00,0.00,100000.00,EUR,IDEALPRO-001,MARGIN,,[],False,{}
99999.45,0.00,99999.45,USD,IDEALPRO-001,MARGIN,,[],False,{}
100000.00,0.00,100000.00,EUR,IDEALPRO-001,MARGIN,,[],False,{}
99999.45,0.00,99999.45,USD,IDEALPRO-001,MARGIN,,[],False,{}
100000.00,0.00,100000.00,EUR,IDEALPRO-001,MARGIN,,[],False,{}
99999.45,0.00,99999.45,USD,IDEALPRO-001,MARGIN,,[],False,{}
100000.00,0.00,100000.00,EUR,IDEALPRO-001,MARGIN,,[],False,{}
99999.45,0.00,99999.45,USD,IDEALPRO-001,MARGIN,,[],False,{}
100000.00,0.00,100000.00,EUR,IDEALPRO-001,MARGIN,,[],False,{}
99999.45,0.00,99999.45,USD,IDEALPRO-001,MARGIN,,[],False,{}
100000.00,0.00,100000.00,EUR,IDEALPRO-001,MARGIN,,[],False,{}
99999.45,2.35,99997.10,USD,IDEALPRO-001,MARGIN,,"[{'type': 'MarginBalance', 'initial': '0.00', 'maintenance': '2.35', 'currency': 'USD', 'instrument_id': 'EUR/USD.IDEALPRO'}]",False,{}
100000.00,0.00,100000.00,EUR,IDEALPRO-001,MARGIN,,"[{'type': 'MarginBalance', 'initial': '0.00', 'maintenance': '2.35', 'currency': 'USD', 'instrument_id': 'EUR/USD.IDEALPRO'}]",False,{}
99999.45,2.35,99997.10,USD,IDEALPRO-001,MARGIN,,"[{'type': 'MarginBalance', 'initial': '0.00', 'maintenance': '2.35', 'currency': 'USD', 'instrument_id': 'EUR/USD.IDEALPRO'}]",False,{}
100000.00,0.00,100000.00,EUR,IDEALPRO-001,MARGIN,,"[{'type': 'MarginBalance', 'initial': '0.00', 'maintenance': '2.35', 'currency': 'USD', 'instrument_id': 'EUR/USD.IDEALPRO'}]",False,{}
99999.45,2.35,99997.10,USD,IDEALPRO-001,MARGIN,,"[{'type': 'MarginBalance', 'initial': '0.00', 'maintenance': '2.35', 'currency': 'USD', 'instrument_id': 'EUR/USD.IDEALPRO'}]",False,{}
100000.00,0.00,100000.00,EUR,IDEALPRO-001,MARGIN,,"[{'type': 'MarginBalance', 'initial': '0.00', 'maintenance': '2.35', 'currency': 'USD', 'instrument_id': 'EUR/USD.IDEALPRO'}]",False,{}
99999.45,2.35,99997.10,USD,IDEALPRO-001,MARGIN,,"[{'type': 'MarginBalance', 'initial': '0.00', 'maintenance': '2.35', 'currency': 'USD', 'instrument_id': 'EUR/USD.IDEALPRO'}]",False,{}
100000.00,0.00,100000.00,EUR,IDEALPRO-001,MARGIN,,"[{'type': 'MarginBalance', 'initial': '0.00', 'maintenance': '2.35', 'currency': 'USD', 'instrument_id': 'EUR/USD.IDEALPRO'}]",False,{}
99999.60,0.00,99999.60,USD,IDEALPRO-001,MARGIN,,[],False,{}
100000.00,0.00,100000.00,EUR,IDEALPRO-001,MARGIN,,[],False,{}
99999.60,0.00,99999.60,USD,IDEALPRO-001,MARGIN,,[],False,{}
100000.00,0.00,100000.00,EUR,IDEALPRO-001,MARGIN,,[],False,{}
99999.60,0.00,99999.60,USD,IDEALPRO-001,MARGIN,,[],False,{}
100000.00,0.00,100000.00,EUR,IDEALPRO-001,MARGIN,,[],False,{}
99999.60,0.00,99999.60,USD,IDEALPRO-001,MARGIN,,[],False,{}
100000.00,0.00,100000.00,EUR,IDEALPRO-001,MARGIN,,[],False,{}
99999.60,0.00,99999.60,USD,IDEALPRO-001,MARGIN,,[],False,{}
100000.00,0.00,100000.00,EUR,IDEALPRO-001,MARGIN,,[],False,{}
99999.60,0.00,99999.60,USD,IDEALPRO-001,MARGIN,,[],False,{}
100000.00,0.00,100000.00,EUR,IDEALPRO-001,MARGIN,,[],False,{}
99999.60,2.34,99997.26,USD,IDEALPRO-001,MARGIN,,"[{'type': 'MarginBalance', 'initial': '0.00', 'maintenance': '2.34', 'currency': 'USD', 'instrument_id': 'EUR/USD.IDEALPRO'}]",False,{}
100000.00,0.00,100000.00,EUR,IDEALPRO-001,MARGIN,,"[{'type': 'MarginBalance', 'initial': '0.00', 'maintenance': '2.34', 'currency': 'USD', 'instrument_id': 'EUR/USD.IDEALPRO'}]",False,{}
99999.60,2.34,99997.26,USD,IDEALPRO-001,MARGIN,,"[{'type': 'MarginBalance', 'initial': '0.00', 'maintenance': '2.34', 'currency': 'USD', 'instrument_id': 'EUR/USD.IDEALPRO'}]",False,{}
100000.00,0.00,100000.00,EUR,IDEALPRO-001,MARGIN,,"[{'type': 'MarginBalance', 'initial': '0.00', 'maintenance': '2.34', 'currency': 'USD', 'instrument_id': 'EUR/USD.IDEALPRO'}]",False,{}
99999.60,2.34,99997.26,USD,IDEALPRO-001,MARGIN,,"[{'type': 'MarginBalance', 'initial': '0.00', 'maintenance': '2.34', 'currency': 'USD', 'instrument_id': 'EUR/USD.IDEALPRO'}]",False,{}
100000.00,0.00,100000.00,EUR,IDEALPRO-001,MARGIN,,"[{'type': 'MarginBalance', 'initial': '0.00', 'maintenance': '2.34', 'currency': 'USD', 'instrument_id': 'EUR/USD.IDEALPRO'}]",False,{}
99999.54,0.00,99999.54,USD,IDEALPRO-001,MARGIN,,[],False,{}
100000.00,0.00,100000.00,EUR,IDEALPRO-001,MARGIN,,[],False,{}
99999.54,0.00,99999.54,USD,IDEALPRO-001,MARGIN,,[],False,{}
100000.00,0.00,100000.00,EUR,IDEALPRO-001,MARGIN,,[],False,{}
99999.54,0.00,99999.54,USD,IDEALPRO-001,MARGIN,,[],False,{}
100000.00,0.00,100000.00,EUR,IDEALPRO-001,MARGIN,,[],False,{}
99999.54,0.00,99999.54,USD,IDEALPRO-001,MARGIN,,[],False,{}
100000.00,0.00,100000.00,EUR,IDEALPRO-001,MARGIN,,[],False,{}
99999.54,0.00,99999.54,USD,IDEALPRO-001,MARGIN,,[],False,{}
100000.00,0.00,100000.00,EUR,IDEALPRO-001,MARGIN,,[],False,{}
99999.54,2.34,99997.20,USD,IDEALPRO-001,MARGIN,,"[{'type': 'MarginBalance', 'initial': '0.00', 'maintenance': '2.34', 'currency': 'USD', 'instrument_id': 'EUR/USD.IDEALPRO'}]",False,{}
100000.00,0.00,100000.00,EUR,IDEALPRO-001,MARGIN,,"[{'type': 'MarginBalance', 'initial': '0.00', 'maintenance': '2.34', 'currency': 'USD', 'instrument_id': 'EUR/USD.IDEALPRO'}]",False,{}
99999.54,2.34,99997.20,USD,IDEALPRO-001,MARGIN,,"[{'type': 'MarginBalance', 'initial': '0.00', 'maintenance': '2.34', 'currency': 'USD', 'instrument_id': 'EUR/USD.IDEALPRO'}]",False,{}
100000.00,0.00,100000.00,EUR,IDEALPRO-001,MARGIN,,"[{'type': 'MarginBalance', 'initial': '0.00', 'maintenance': '2.34', 'currency': 'USD', 'instrument_id': 'EUR/USD.IDEALPRO'}]",False,{}
99999.54,2.34,99997.20,USD,IDEALPRO-001,MARGIN,,"[{'type': 'MarginBalance', 'initial': '0.00', 'maintenance': '2.34', 'currency': 'USD', 'instrument_id': 'EUR/USD.IDEALPRO'}]",False,{}
100000.00,0.00,100000.00,EUR,IDEALPRO-001,MARGIN,,"[{'type': 'MarginBalance', 'initial': '0.00', 'maintenance': '2.34', 'currency': 'USD', 'instrument_id': 'EUR/USD.IDEALPRO'}]",False,{}
99999.54,2.34,99997.20,USD,IDEALPRO-001,MARGIN,,"[{'type': 'MarginBalance', 'initial': '0.00', 'maintenance': '2.34', 'currency': 'USD', 'instrument_id': 'EUR/USD.IDEALPRO'}]",False,{}
100000.00,0.00,100000.00,EUR,IDEALPRO-001,MARGIN,,"[{'type': 'MarginBalance', 'initial': '0.00', 'maintenance': '2.34', 'currency': 'USD', 'instrument_id': 'EUR/USD.IDEALPRO'}]",False,{}
99999.72,0.00,99999.72,USD,IDEALPRO-001,MARGIN,,[],False,{}
100000.00,0.00,100000.00,EUR,IDEALPRO-001,MARGIN,,[],False,{}
99999.72,0.00,99999.72,USD,IDEALPRO-001,MARGIN,,[],False,{}
100000.00,0.00,100000.00,EUR,IDEALPRO-001,MARGIN,,[],False,{}
99999.72,0.00,99999.72,USD,IDEALPRO-001,MARGIN,,[],False,{}
100000.00,0.00,100000.00,EUR,IDEALPRO-001,MARGIN,,[],False,{}
99999.72,0.00,99999.72,USD,IDEALPRO-001,MARGIN,,[],False,{}
100000.00,0.00,100000.00,EUR,IDEALPRO-001,MARGIN,,[],False,{}
99999.72,0.00,99999.72,USD,IDEALPRO-001,MARGIN,,[],False,{}
100000.00,0.00,100000.00,EUR,IDEALPRO-001,MARGIN,,[],False,{}
99999.72,0.00,99999.72,USD,IDEALPRO-001,MARGIN,,[],False,{}
100000.00,0.00,100000.00,EUR,IDEALPRO-001,MARGIN,,[],False,{}
99999.72,2.34,99997.38,USD,IDEALPRO-001,MARGIN,,"[{'type': 'MarginBalance', 'initial': '0.00', 'maintenance': '2.34', 'currency': 'USD', 'instrument_id': 'EUR/USD.IDEALPRO'}]",False,{}
100000.00,0.00,100000.00,EUR,IDEALPRO-001,MARGIN,,"[{'type': 'MarginBalance', 'initial': '0.00', 'maintenance': '2.34', 'currency': 'USD', 'instrument_id': 'EUR/USD.IDEALPRO'}]",False,{}
99999.72,2.34,99997.38,USD,IDEALPRO-001,MARGIN,,"[{'type': 'MarginBalance', 'initial': '0.00', 'maintenance': '2.34', 'currency': 'USD', 'instrument_id': 'EUR/USD.IDEALPRO'}]",False,{}
100000.00,0.00,100000.00,EUR,IDEALPRO-001,MARGIN,,"[{'type': 'MarginBalance', 'initial': '0.00', 'maintenance': '2.34', 'currency': 'USD', 'instrument_id': 'EUR/USD.IDEALPRO'}]",False,{}
99999.72,2.34,99997.38,USD,IDEALPRO-001,MARGIN,,"[{'type': 'MarginBalance', 'initial': '0.00', 'maintenance': '2.34', 'currency': 'USD', 'instrument_id': 'EUR/USD.IDEALPRO'}]",False,{}
100000.00,0.00,100000.00,EUR,IDEALPRO-001,MARGIN,,"[{'type': 'MarginBalance', 'initial': '0.00', 'maintenance': '2.34', 'currency': 'USD', 'instrument_id': 'EUR/USD.IDEALPRO'}]",False,{}
99999.72,2.34,99997.38,USD,IDEALPRO-001,MARGIN,,"[{'type': 'MarginBalance', 'initial': '0.00', 'maintenance': '2.34', 'currency': 'USD', 'instrument_id': 'EUR/USD.IDEALPRO'}]",False,{}
100000.00,0.00,100000.00,EUR,IDEALPRO-001,MARGIN,,"[{'type': 'MarginBalance', 'initial': '0.00', 'maintenance': '2.34', 'currency': 'USD', 'instrument_id': 'EUR/USD.IDEALPRO'}]",False,{}
99999.76,0.00,99999.76,USD,IDEALPRO-001,MARGIN,,[],False,{}
100000.00,0.00,100000.00,EUR,IDEALPRO-001,MARGIN,,[],False,{}
99999.76,0.00,99999.76,USD,IDEALPRO-001,MARGIN,,[],False,{}
100000.00,0.00,100000.00,EUR,IDEALPRO-001,MARGIN,,[],False,{}
99999.76,0.00,99999.76,USD,IDEALPRO-001,MARGIN,,[],False,{}
100000.00,0.00,100000.00,EUR,IDEALPRO-001,MARGIN,,[],False,{}
99999.76,0.00,99999.76,USD,IDEALPRO-001,MARGIN,,[],False,{}
100000.00,0.00,100000.00,EUR,IDEALPRO-001,MARGIN,,[],False,{}
99999.76,0.00,99999.76,USD,IDEALPRO-001,MARGIN,,[],False,{}
100000.00,0.00,100000.00,EUR,IDEALPRO-001,MARGIN,,[],False,{}
99999.76,0.00,99999.76,USD,IDEALPRO-001,MARGIN,,[],False,{}
100000.00,0.00,100000.00,EUR,IDEALPRO-001,MARGIN,,[],False,{}
99999.76,2.34,99997.42,USD,IDEALPRO-001,MARGIN,,"[{'type': 'MarginBalance', 'initial': '0.00', 'maintenance': '2.34', 'currency': 'USD', 'instrument_id': 'EUR/USD.IDEALPRO'}]",False,{}
100000.00,0.00,100000.00,EUR,IDEALPRO-001,MARGIN,,"[{'type': 'MarginBalance', 'initial': '0.00', 'maintenance': '2.34', 'currency': 'USD', 'instrument_id': 'EUR/USD.IDEALPRO'}]",False,{}
99999.76,2.34,99997.42,USD,IDEALPRO-001,MARGIN,,"[{'type': 'MarginBalance', 'initial': '0.00', 'maintenance': '2.34', 'currency': 'USD', 'instrument_id': 'EUR/USD.IDEALPRO'}]",False,{}
100000.00,0.00,100000.00,EUR,IDEALPRO-001,MARGIN,,"[{'type': 'MarginBalance', 'initial': '0.00', 'maintenance': '2.34', 'currency': 'USD', 'instrument_id': 'EUR/USD.IDEALPRO'}]",False,{}
99999.76,2.34,99997.42,USD,IDEALPRO-001,MARGIN,,"[{'type': 'MarginBalance', 'initial': '0.00', 'maintenance': '2.34', 'currency': 'USD', 'instrument_id': 'EUR/USD.IDEALPRO'}]",False,{}
100000.00,0.00,100000.00,EUR,IDEALPRO-001,MARGIN,,"[{'type': 'MarginBalance', 'initial': '0.00', 'maintenance': '2.34', 'currency': 'USD', 'instrument_id': 'EUR/USD.IDEALPRO'}]",False,{}
99999.76,2.34,99997.42,USD,IDEALPRO-001,MARGIN,,"[{'type': 'MarginBalance', 'initial': '0.00', 'maintenance': '2.34', 'currency': 'USD', 'instrument_id': 'EUR/USD.IDEALPRO'}]",False,{}
100000.00,0.00,100000.00,EUR,IDEALPRO-001,MARGIN,,"[{'type': 'MarginBalance', 'initial': '0.00', 'maintenance': '2.34', 'currency': 'USD', 'instrument_id': 'EUR/USD.IDEALPRO'}]",False,{}
99999.71,0.00,99999.71,USD,IDEALPRO-001,MARGIN,,[],False,{}
100000.00,0.00,100000.00,EUR,IDEALPRO-001,MARGIN,,[],False,{}
99999.71,0.00,99999.71,USD,IDEALPRO-001,MARGIN,,[],False,{}
100000.00,0.00,100000.00,EUR,IDEALPRO-001,MARGIN,,[],False,{}
99999.71,0.00,99999.71,USD,IDEALPRO-001,MARGIN,,[],False,{}
100000.00,0.00,100000.00,EUR,IDEALPRO-001,MARGIN,,[],False,{}
99999.71,0.00,99999.71,USD,IDEALPRO-001,MARGIN,,[],False,{}
100000.00,0.00,100000.00,EUR,IDEALPRO-001,MARGIN,,[],False,{}
99999.71,0.00,99999.71,USD,IDEALPRO-001,MARGIN,,[],False,{}
100000.00,0.00,100000.00,EUR,IDEALPRO-001,MARGIN,,[],False,{}
99999.71,0.00,99999.71,USD,IDEALPRO-001,MARGIN,,[],False,{}
100000.00,0.00,100000.00,EUR,IDEALPRO-001,MARGIN,,[],False,{}
99999.71,2.34,99997.37,USD,IDEALPRO-001,MARGIN,,"[{'type': 'MarginBalance', 'initial': '0.00', 'maintenance': '2.34', 'currency': 'USD', 'instrument_id': 'EUR/USD.IDEALPRO'}]",False,{}
100000.00,0.00,100000.00,EUR,IDEALPRO-001,MARGIN,,"[{'type': 'MarginBalance', 'initial': '0.00', 'maintenance': '2.34', 'currency': 'USD', 'instrument_id': 'EUR/USD.IDEALPRO'}]",False,{}
99999.71,2.34,99997.37,USD,IDEALPRO-001,MARGIN,,"[{'type': 'MarginBalance', 'initial': '0.00', 'maintenance': '2.34', 'currency': 'USD', 'instrument_id': 'EUR/USD.IDEALPRO'}]",False,{}
100000.00,0.00,100000.00,EUR,IDEALPRO-001,MARGIN,,"[{'type': 'MarginBalance', 'initial': '0.00', 'maintenance': '2.34', 'currency': 'USD', 'instrument_id': 'EUR/USD.IDEALPRO'}]",False,{}
99999.71,2.34,99997.37,USD,IDEALPRO-001,MARGIN,,"[{'type': 'MarginBalance', 'initial': '0.00', 'maintenance': '2.34', 'currency': 'USD', 'instrument_id': 'EUR/USD.IDEALPRO'}]",False,{}
100000.00,0.00,100000.00,EUR,IDEALPRO-001,MARGIN,,"[{'type': 'MarginBalance', 'initial': '0.00', 'maintenance': '2.34', 'currency': 'USD', 'instrument_id': 'EUR/USD.IDEALPRO'}]",False,{}
99999.71,2.34,99997.37,USD,IDEALPRO-001,MARGIN,,"[{'type': 'MarginBalance', 'initial': '0.00', 'maintenance': '2.34', 'currency': 'USD', 'instrument_id': 'EUR/USD.IDEALPRO'}]",False,{}
100000.00,0.00,100000.00,EUR,IDEALPRO-001,MARGIN,,"[{'type': 'MarginBalance', 'initial': '0.00', 'maintenance': '2.34', 'currency': 'USD', 'instrument_id': 'EUR/USD.IDEALPRO'}]",False,{}
99999.70,0.00,99999.70,USD,IDEALPRO-001,MARGIN,,[],False,{}
100000.00,0.00,100000.00,EUR,IDEALPRO-001,MARGIN,,[],False,{}
99999.70,0.00,99999.70,USD,IDEALPRO-001,MARGIN,,[],False,{}
100000.00,0.00,100000.00,EUR,IDEALPRO-001,MARGIN,,[],False,{}
99999.70,0.00,99999.70,USD,IDEALPRO-001,MARGIN,,[],False,{}
100000.00,0.00,100000.00,EUR,IDEALPRO-001,MARGIN,,[],False,{}
99999.70,0.00,99999.70,USD,IDEALPRO-001,MARGIN,,[],False,{}
100000.00,0.00,100000.00,EUR,IDEALPRO-001,MARGIN,,[],False,{}
99999.70,0.00,99999.70,USD,IDEALPRO-001,MARGIN,,[],False,{}
100000.00,0.00,100000.00,EUR,IDEALPRO-001,MARGIN,,[],False,{}
99999.70,0.00,99999.70,USD,IDEALPRO-001,MARGIN,,[],False,{}
100000.00,0.00,100000.00,EUR,IDEALPRO-001,MARGIN,,[],False,{}
99999.70,2.34,99997.36,USD,IDEALPRO-001,MARGIN,,"[{'type': 'MarginBalance', 'initial': '0.00', 'maintenance': '2.34', 'currency': 'USD', 'instrument_id': 'EUR/USD.IDEALPRO'}]",False,{}
100000.00,0.00,100000.00,EUR,IDEALPRO-001,MARGIN,,"[{'type': 'MarginBalance', 'initial': '0.00', 'maintenance': '2.34', 'currency': 'USD', 'instrument_id': 'EUR/USD.IDEALPRO'}]",False,{}
99999.70,2.34,99997.36,USD,IDEALPRO-001,MARGIN,,"[{'type': 'MarginBalance', 'initial': '0.00', 'maintenance': '2.34', 'currency': 'USD', 'instrument_id': 'EUR/USD.IDEALPRO'}]",False,{}
100000.00,0.00,100000.00,EUR,IDEALPRO-001,MARGIN,,"[{'type': 'MarginBalance', 'initial': '0.00', 'maintenance': '2.34', 'currency': 'USD', 'instrument_id': 'EUR/USD.IDEALPRO'}]",False,{}
99999.70,2.34,99997.36,USD,IDEALPRO-001,MARGIN,,"[{'type': 'MarginBalance', 'initial': '0.00', 'maintenance': '2.34', 'currency': 'USD', 'instrument_id': 'EUR/USD.IDEALPRO'}]",False,{}
100000.00,0.00,100000.00,EUR,IDEALPRO-001,MARGIN,,"[{'type': 'MarginBalance', 'initial': '0.00', 'maintenance': '2.34', 'currency': 'USD', 'instrument_id': 'EUR/USD.IDEALPRO'}]",False,{}
99999.70,2.34,99997.36,USD,IDEALPRO-001,MARGIN,,"[{'type': 'MarginBalance', 'initial': '0.00', 'maintenance': '2.34', 'currency': 'USD', 'instrument_id': 'EUR/USD.IDEALPRO'}]",False,{}
100000.00,0.00,100000.00,EUR,IDEALPRO-001,MARGIN,,"[{'type': 'MarginBalance', 'initial': '0.00', 'maintenance': '2.34', 'currency': 'USD', 'instrument_id': 'EUR/USD.IDEALPRO'}]",False,{}
99999.67,0.00,99999.67,USD,IDEALPRO-001,MARGIN,,[],False,{}
100000.00,0.00,100000.00,EUR,IDEALPRO-001,MARGIN,,[],False,{}
99999.67,0.00,99999.67,USD,IDEALPRO-001,MARGIN,,[],False,{}
100000.00,0.00,100000.00,EUR,IDEALPRO-001,MARGIN,,[],False,{}
99999.67,0.00,99999.67,USD,IDEALPRO-001,MARGIN,,[],False,{}
100000.00,0.00,100000.00,EUR,IDEALPRO-001,MARGIN,,[],False,{}
99999.67,0.00,99999.67,USD,IDEALPRO-001,MARGIN,,[],False,{}
100000.00,0.00,100000.00,EUR,IDEALPRO-001,MARGIN,,[],False,{}
99999.67,0.00,99999.67,USD,IDEALPRO-001,MARGIN,,[],False,{}
100000.00,0.00,100000.00,EUR,IDEALPRO-001,MARGIN,,[],False,{}
99999.67,0.00,99999.67,USD,IDEALPRO-001,MARGIN,,[],False,{}
100000.00,0.00,100000.00,EUR,IDEALPRO-001,MARGIN,,[],False,{}
99999.67,2.34,99997.33,USD,IDEALPRO-001,MARGIN,,"[{'type': 'MarginBalance', 'initial': '0.00', 'maintenance': '2.34', 'currency': 'USD', 'instrument_id': 'EUR/USD.IDEALPRO'}]",False,{}
100000.00,0.00,100000.00,EUR,IDEALPRO-001,MARGIN,,"[{'type': 'MarginBalance', 'initial': '0.00', 'maintenance': '2.34', 'currency': 'USD', 'instrument_id': 'EUR/USD.IDEALPRO'}]",False,{}
99999.67,2.34,99997.33,USD,IDEALPRO-001,MARGIN,,"[{'type': 'MarginBalance', 'initial': '0.00', 'maintenance': '2.34', 'currency': 'USD', 'instrument_id': 'EUR/USD.IDEALPRO'}]",False,{}
100000.00,0.00,100000.00,EUR,IDEALPRO-001,MARGIN,,"[{'type': 'MarginBalance', 'initial': '0.00', 'maintenance': '2.34', 'currency': 'USD', 'instrument_id': 'EUR/USD.IDEALPRO'}]",False,{}
99999.67,2.34,99997.33,USD,IDEALPRO-001,MARGIN,,"[{'type': 'MarginBalance', 'initial': '0.00', 'maintenance': '2.34', 'currency': 'USD', 'instrument_id': 'EUR/USD.IDEALPRO'}]",False,{}
100000.00,0.00,100000.00,EUR,IDEALPRO-001,MARGIN,,"[{'type': 'MarginBalance', 'initial': '0.00', 'maintenance': '2.34', 'currency': 'USD', 'instrument_id': 'EUR/USD.IDEALPRO'}]",False,{}
99999.67,2.34,99997.33,USD,IDEALPRO-001,MARGIN,,"[{'type': 'MarginBalance', 'initial': '0.00', 'maintenance': '2.34', 'currency': 'USD', 'instrument_id': 'EUR/USD.IDEALPRO'}]",False,{}
100000.00,0.00,100000.00,EUR,IDEALPRO-001,MARGIN,,"[{'type': 'MarginBalance', 'initial': '0.00', 'maintenance': '2.34', 'currency': 'USD', 'instrument_id': 'EUR/USD.IDEALPRO'}]",False,{}
99999.69,0.00,99999.69,USD,IDEALPRO-001,MARGIN,,[],False,{}
100000.00,0.00,100000.00,EUR,IDEALPRO-001,MARGIN,,[],False,{}
99999.69,0.00,99999.69,USD,IDEALPRO-001,MARGIN,,[],False,{}
100000.00,0.00,100000.00,EUR,IDEALPRO-001,MARGIN,,[],False,{}
99999.69,0.00,99999.69,USD,IDEALPRO-001,MARGIN,,[],False,{}
100000.00,0.00,100000.00,EUR,IDEALPRO-001,MARGIN,,[],False,{}
99999.69,0.00,99999.69,USD,IDEALPRO-001,MARGIN,,[],False,{}
100000.00,0.00,100000.00,EUR,IDEALPRO-001,MARGIN,,[],False,{}
99999.69,0.00,99999.69,USD,IDEALPRO-001,MARGIN,,[],False,{}
100000.00,0.00,100000.00,EUR,IDEALPRO-001,MARGIN,,[],False,{}
99999.69,0.00,99999.69,USD,IDEALPRO-001,MARGIN,,[],False,{}
100000.00,0.00,100000.00,EUR,IDEALPRO-001,MARGIN,,[],False,{}
99999.69,2.34,99997.35,USD,IDEALPRO-001,MARGIN,,"[{'type': 'MarginBalance', 'initial': '0.00', 'maintenance': '2.34', 'currency': 'USD', 'instrument_id': 'EUR/USD.IDEALPRO'}]",False,{}
100000.00,0.00,100000.00,EUR,IDEALPRO-001,MARGIN,,"[{'type': 'MarginBalance', 'initial': '0.00', 'maintenance': '2.34', 'currency': 'USD', 'instrument_id': 'EUR/USD.IDEALPRO'}]",False,{}
99999.69,2.34,99997.35,USD,IDEALPRO-001,MARGIN,,"[{'type': 'MarginBalance', 'initial': '0.00', 'maintenance': '2.34', 'currency': 'USD', 'instrument_id': 'EUR/USD.IDEALPRO'}]",False,{}
100000.00,0.00,100000.00,EUR,IDEALPRO-001,MARGIN,,"[{'type': 'MarginBalance', 'initial': '0.00', 'maintenance': '2.34', 'currency': 'USD', 'instrument_id': 'EUR/USD.IDEALPRO'}]",False,{}
99999.69,2.34,99997.35,USD,IDEALPRO-001,MARGIN,,"[{'type': 'MarginBalance', 'initial': '0.00', 'maintenance': '2.34', 'currency': 'USD', 'instrument_id': 'EUR/USD.IDEALPRO'}]",False,{}
100000.00,0.00,100000.00,EUR,IDEALPRO-001,MARGIN,,"[{'type': 'MarginBalance', 'initial': '0.00', 'maintenance': '2.34', 'currency': 'USD', 'instrument_id': 'EUR/USD.IDEALPRO'}]",False,{}
99999.69,2.34,99997.35,USD,IDEALPRO-001,MARGIN,,"[{'type': 'MarginBalance', 'initial': '0.00', 'maintenance': '2.34', 'currency': 'USD', 'instrument_id': 'EUR/USD.IDEALPRO'}]",False,{}
100000.00,0.00,100000.00,EUR,IDEALPRO-001,MARGIN,,"[{'type': 'MarginBalance', 'initial': '0.00', 'maintenance': '2.34', 'currency': 'USD', 'instrument_id': 'EUR/USD.IDEALPRO'}]",False,{}
99999.64,0.00,99999.64,USD,IDEALPRO-001,MARGIN,,[],False,{}
100000.00,0.00,100000.00,EUR,IDEALPRO-001,MARGIN,,[],False,{}
99999.64,0.00,99999.64,USD,IDEALPRO-001,MARGIN,,[],False,{}
100000.00,0.00,100000.00,EUR,IDEALPRO-001,MARGIN,,[],False,{}
99999.64,0.00,99999.64,USD,IDEALPRO-001,MARGIN,,[],False,{}
100000.00,0.00,100000.00,EUR,IDEALPRO-001,MARGIN,,[],False,{}
99999.64,0.00,99999.64,USD,IDEALPRO-001,MARGIN,,[],False,{}
100000.00,0.00,100000.00,EUR,IDEALPRO-001,MARGIN,,[],False,{}
99999.64,0.00,99999.64,USD,IDEALPRO-001,MARGIN,,[],False,{}
100000.00,0.00,100000.00,EUR,IDEALPRO-001,MARGIN,,[],False,{}
99999.64,0.00,99999.64,USD,IDEALPRO-001,MARGIN,,[],False,{}
100000.00,0.00,100000.00,EUR,IDEALPRO-001,MARGIN,,[],False,{}
99999.64,2.34,99997.30,USD,IDEALPRO-001,MARGIN,,"[{'type': 'MarginBalance', 'initial': '0.00', 'maintenance': '2.34', 'currency': 'USD', 'instrument_id': 'EUR/USD.IDEALPRO'}]",False,{}
100000.00,0.00,100000.00,EUR,IDEALPRO-001,MARGIN,,"[{'type': 'MarginBalance', 'initial': '0.00', 'maintenance': '2.34', 'currency': 'USD', 'instrument_id': 'EUR/USD.IDEALPRO'}]",False,{}
99999.64,2.34,99997.30,USD,IDEALPRO-001,MARGIN,,"[{'type': 'MarginBalance', 'initial': '0.00', 'maintenance': '2.34', 'currency': 'USD', 'instrument_id': 'EUR/USD.IDEALPRO'}]",False,{}
100000.00,0.00,100000.00,EUR,IDEALPRO-001,MARGIN,,"[{'type': 'MarginBalance', 'initial': '0.00', 'maintenance': '2.34', 'currency': 'USD', 'instrument_id': 'EUR/USD.IDEALPRO'}]",False,{}
99999.64,2.34,99997.30,USD,IDEALPRO-001,MARGIN,,"[{'type': 'MarginBalance', 'initial': '0.00', 'maintenance': '2.34', 'currency': 'USD', 'instrument_id': 'EUR/USD.IDEALPRO'}]",False,{}
100000.00,0.00,100000.00,EUR,IDEALPRO-001,MARGIN,,"[{'type': 'MarginBalance', 'initial': '0.00', 'maintenance': '2.34', 'currency': 'USD', 'instrument_id': 'EUR/USD.IDEALPRO'}]",False,{}
99999.64,2.34,99997.30,USD,IDEALPRO-001,MARGIN,,"[{'type': 'MarginBalance', 'initial': '0.00', 'maintenance': '2.34', 'currency': 'USD', 'instrument_id': 'EUR/USD.IDEALPRO'}]",False,{}
100000.00,0.00,100000.00,EUR,IDEALPRO-001,MARGIN,,"[{'type': 'MarginBalance', 'initial': '0.00', 'maintenance': '2.34', 'currency': 'USD', 'instrument_id': 'EUR/USD.IDEALPRO'}]",False,{}
99999.65,0.00,99999.65,USD,IDEALPRO-001,MARGIN,,[],False,{}
100000.00,0.00,100000.00,EUR,IDEALPRO-001,MARGIN,,[],False,{}
99999.65,0.00,99999.65,USD,IDEALPRO-001,MARGIN,,[],False,{}
100000.00,0.00,100000.00,EUR,IDEALPRO-001,MARGIN,,[],False,{}
99999.65,0.00,99999.65,USD,IDEALPRO-001,MARGIN,,[],False,{}
100000.00,0.00,100000.00,EUR,IDEALPRO-001,MARGIN,,[],False,{}
99999.65,0.00,99999.65,USD,IDEALPRO-001,MARGIN,,[],False,{}
100000.00,0.00,100000.00,EUR,IDEALPRO-001,MARGIN,,[],False,{}
99999.65,0.00,99999.65,USD,IDEALPRO-001,MARGIN,,[],False,{}
100000.00,0.00,100000.00,EUR,IDEALPRO-001,MARGIN,,[],False,{}
99999.65,0.00,99999.65,USD,IDEALPRO-001,MARGIN,,[],False,{}
100000.00,0.00,100000.00,EUR,IDEALPRO-001,MARGIN,,[],False,{}
99999.65,2.35,99997.30,USD,IDEALPRO-001,MARGIN,,"[{'type': 'MarginBalance', 'initial': '0.00', 'maintenance': '2.35', 'currency': 'USD', 'instrument_id': 'EUR/USD.IDEALPRO'}]",False,{}
100000.00,0.00,100000.00,EUR,IDEALPRO-001,MARGIN,,"[{'type': 'MarginBalance', 'initial': '0.00', 'maintenance': '2.35', 'currency': 'USD', 'instrument_id': 'EUR/USD.IDEALPRO'}]",False,{}
99999.65,2.35,99997.30,USD,IDEALPRO-001,MARGIN,,"[{'type': 'MarginBalance', 'initial': '0.00', 'maintenance': '2.35', 'currency': 'USD', 'instrument_id': 'EUR/USD.IDEALPRO'}]",False,{}
100000.00,0.00,100000.00,EUR,IDEALPRO-001,MARGIN,,"[{'type': 'MarginBalance', 'initial': '0.00', 'maintenance': '2.35', 'currency': 'USD', 'instrument_id': 'EUR/USD.IDEALPRO'}]",False,{}
99999.65,2.35,99997.30,USD,IDEALPRO-001,MARGIN,,"[{'type': 'MarginBalance', 'initial': '0.00', 'maintenance': '2.35', 'currency': 'USD', 'instrument_id': 'EUR/USD.IDEALPRO'}]",False,{}
100000.00,0.00,100000.00,EUR,IDEALPRO-001,MARGIN,,"[{'type': 'MarginBalance', 'initial': '0.00', 'maintenance': '2.35', 'currency': 'USD', 'instrument_id': 'EUR/USD.IDEALPRO'}]",False,{}
99999.65,2.35,99997.30,USD,IDEALPRO-001,MARGIN,,"[{'type': 'MarginBalance', 'initial': '0.00', 'maintenance': '2.35', 'currency': 'USD', 'instrument_id': 'EUR/USD.IDEALPRO'}]",False,{}
100000.00,0.00,100000.00,EUR,IDEALPRO-001,MARGIN,,"[{'type': 'MarginBalance', 'initial': '0.00', 'maintenance': '2.35', 'currency': 'USD', 'instrument_id': 'EUR/USD.IDEALPRO'}]",False,{}
99999.61,0.00,99999.61,USD,IDEALPRO-001,MARGIN,,[],False,{}
100000.00,0.00,100000.00,EUR,IDEALPRO-001,MARGIN,,[],False,{}
99999.61,0.00,99999.61,USD,IDEALPRO-001,MARGIN,,[],False,{}
100000.00,0.00,100000.00,EUR,IDEALPRO-001,MARGIN,,[],False,{}
99999.61,0.00,99999.61,USD,IDEALPRO-001,MARGIN,,[],False,{}
100000.00,0.00,100000.00,EUR,IDEALPRO-001,MARGIN,,[],False,{}
99999.61,0.00,99999.61,USD,IDEALPRO-001,MARGIN,,[],False,{}
100000.00,0.00,100000.00,EUR,IDEALPRO-001,MARGIN,,[],False,{}
99999.61,0.00,99999.61,USD,IDEALPRO-001,MARGIN,,[],False,{}
100000.00,0.00,100000.00,EUR,IDEALPRO-001,MARGIN,,[],False,{}
99999.61,0.00,99999.61,USD,IDEALPRO-001,MARGIN,,[],False,{}
100000.00,0.00,100000.00,EUR,IDEALPRO-001,MARGIN,,[],False,{}
99999.61,2.34,99997.27,USD,IDEALPRO-001,MARGIN,,"[{'type': 'MarginBalance', 'initial': '0.00', 'maintenance': '2.34', 'currency': 'USD', 'instrument_id': 'EUR/USD.IDEALPRO'}]",False,{}
100000.00,0.00,100000.00,EUR,IDEALPRO-001,MARGIN,,"[{'type': 'MarginBalance', 'initial': '0.00', 'maintenance': '2.34', 'currency': 'USD', 'instrument_id': 'EUR/USD.IDEALPRO'}]",False,{}
99999.61,2.34,99997.27,USD,IDEALPRO-001,MARGIN,,"[{'type': 'MarginBalance', 'initial': '0.00', 'maintenance': '2.34', 'currency': 'USD', 'instrument_id': 'EUR/USD.IDEALPRO'}]",False,{}
100000.00,0.00,100000.00,EUR,IDEALPRO-001,MARGIN,,"[{'type': 'MarginBalance', 'initial': '0.00', 'maintenance': '2.34', 'currency': 'USD', 'instrument_id': 'EUR/USD.IDEALPRO'}]",False,{}
99999.61,2.34,99997.27,USD,IDEALPRO-001,MARGIN,,"[{'type': 'MarginBalance', 'initial': '0.00', 'maintenance': '2.34', 'currency': 'USD', 'instrument_id': 'EUR/USD.IDEALPRO'}]",False,{}
100000.00,0.00,100000.00,EUR,IDEALPRO-001,MARGIN,,"[{'type': 'MarginBalance', 'initial': '0.00', 'maintenance': '2.34', 'currency': 'USD', 'instrument_id': 'EUR/USD.IDEALPRO'}]",False,{}
99999.61,2.34,99997.27,USD,IDEALPRO-001,MARGIN,,"[{'type': 'MarginBalance', 'initial': '0.00', 'maintenance': '2.34', 'currency': 'USD', 'instrument_id': 'EUR/USD.IDEALPRO'}]",False,{}
100000.00,0.00,100000.00,EUR,IDEALPRO-001,MARGIN,,"[{'type': 'MarginBalance', 'initial': '0.00', 'maintenance': '2.34', 'currency': 'USD', 'instrument_id': 'EUR/USD.IDEALPRO'}]",False,{}
99999.61,0.00,99999.61,USD,IDEALPRO-001,MARGIN,,[],False,{}
100000.00,0.00,100000.00,EUR,IDEALPRO-001,MARGIN,,[],False,{}
99999.61,0.00,99999.61,USD,IDEALPRO-001,MARGIN,,[],False,{}
100000.00,0.00,100000.00,EUR,IDEALPRO-001,MARGIN,,[],False,{}
99999.61,0.00,99999.61,USD,IDEALPRO-001,MARGIN,,[],False,{}
100000.00,0.00,100000.00,EUR,IDEALPRO-001,MARGIN,,[],False,{}
99999.61,0.00,99999.61,USD,IDEALPRO-001,MARGIN,,[],False,{}
100000.00,0.00,100000.00,EUR,IDEALPRO-001,MARGIN,,[],False,{}
99999.61,0.00,99999.61,USD,IDEALPRO-001,MARGIN,,[],False,{}
100000.00,0.00,100000.00,EUR,IDEALPRO-001,MARGIN,,[],False,{}
99999.61,0.00,99999.61,USD,IDEALPRO-001,MARGIN,,[],False,{}
100000.00,0.00,100000.00,EUR,IDEALPRO-001,MARGIN,,[],False,{}
99999.61,2.34,99997.27,USD,IDEALPRO-001,MARGIN,,"[{'type': 'MarginBalance', 'initial': '0.00', 'maintenance': '2.34', 'currency': 'USD', 'instrument_id': 'EUR/USD.IDEALPRO'}]",False,{}
100000.00,0.00,100000.00,EUR,IDEALPRO-001,MARGIN,,"[{'type': 'MarginBalance', 'initial': '0.00', 'maintenance': '2.34', 'currency': 'USD', 'instrument_id': 'EUR/USD.IDEALPRO'}]",False,{}
99999.61,2.34,99997.27,USD,IDEALPRO-001,MARGIN,,"[{'type': 'MarginBalance', 'initial': '0.00', 'maintenance': '2.34', 'currency': 'USD', 'instrument_id': 'EUR/USD.IDEALPRO'}]",False,{}
100000.00,0.00,100000.00,EUR,IDEALPRO-001,MARGIN,,"[{'type': 'MarginBalance', 'initial': '0.00', 'maintenance': '2.34', 'currency': 'USD', 'instrument_id': 'EUR/USD.IDEALPRO'}]",False,{}
99999.61,2.34,99997.27,USD,IDEALPRO-001,MARGIN,,"[{'type': 'MarginBalance', 'initial': '0.00', 'maintenance': '2.34', 'currency': 'USD', 'instrument_id': 'EUR/USD.IDEALPRO'}]",False,{}
100000.00,0.00,100000.00,EUR,IDEALPRO-001,MARGIN,,"[{'type': 'MarginBalance', 'initial': '0.00', 'maintenance': '2.34', 'currency': 'USD', 'instrument_id': 'EUR/USD.IDEALPRO'}]",False,{}
99999.61,2.34,99997.27,USD,IDEALPRO-001,MARGIN,,"[{'type': 'MarginBalance', 'initial': '0.00', 'maintenance': '2.34', 'currency': 'USD', 'instrument_id': 'EUR/USD.IDEALPRO'}]",False,{}
100000.00,0.00,100000.00,EUR,IDEALPRO-001,MARGIN,,"[{'type': 'MarginBalance', 'initial': '0.00', 'maintenance': '2.34', 'currency': 'USD', 'instrument_id': 'EUR/USD.IDEALPRO'}]",False,{}
99999.60,0.00,99999.60,USD,IDEALPRO-001,MARGIN,,[],False,{}
100000.00,0.00,100000.00,EUR,IDEALPRO-001,MARGIN,,[],False,{}
99999.60,0.00,99999.60,USD,IDEALPRO-001,MARGIN,,[],False,{}
100000.00,0.00,100000.00,EUR,IDEALPRO-001,MARGIN,,[],False,{}
99999.60,0.00,99999.60,USD,IDEALPRO-001,MARGIN,,[],False,{}
100000.00,0.00,100000.00,EUR,IDEALPRO-001,MARGIN,,[],False,{}
99999.60,0.00,99999.60,USD,IDEALPRO-001,MARGIN,,[],False,{}
100000.00,0.00,100000.00,EUR,IDEALPRO-001,MARGIN,,[],False,{}
99999.60,0.00,99999.60,USD,IDEALPRO-001,MARGIN,,[],False,{}
100000.00,0.00,100000.00,EUR,IDEALPRO-001,MARGIN,,[],False,{}
99999.60,0.00,99999.60,USD,IDEALPRO-001,MARGIN,,[],False,{}
100000.00,0.00,100000.00,EUR,IDEALPRO-001,MARGIN,,[],False,{}
99999.60,2.34,99997.26,USD,IDEALPRO-001,MARGIN,,"[{'type': 'MarginBalance', 'initial': '0.00', 'maintenance': '2.34', 'currency': 'USD', 'instrument_id': 'EUR/USD.IDEALPRO'}]",False,{}
100000.00,0.00,100000.00,EUR,IDEALPRO-001,MARGIN,,"[{'type': 'MarginBalance', 'initial': '0.00', 'maintenance': '2.34', 'currency': 'USD', 'instrument_id': 'EUR/USD.IDEALPRO'}]",False,{}
99999.60,2.34,99997.26,USD,IDEALPRO-001,MARGIN,,"[{'type': 'MarginBalance', 'initial': '0.00', 'maintenance': '2.34', 'currency': 'USD', 'instrument_id': 'EUR/USD.IDEALPRO'}]",False,{}
100000.00,0.00,100000.00,EUR,IDEALPRO-001,MARGIN,,"[{'type': 'MarginBalance', 'initial': '0.00', 'maintenance': '2.34', 'currency': 'USD', 'instrument_id': 'EUR/USD.IDEALPRO'}]",False,{}
99999.60,2.34,99997.26,USD,IDEALPRO-001,MARGIN,,"[{'type': 'MarginBalance', 'initial': '0.00', 'maintenance': '2.34', 'currency': 'USD', 'instrument_id': 'EUR/USD.IDEALPRO'}]",False,{}
100000.00,0.00,100000.00,EUR,IDEALPRO-001,MARGIN,,"[{'type': 'MarginBalance', 'initial': '0.00', 'maintenance': '2.34', 'currency': 'USD', 'instrument_id': 'EUR/USD.IDEALPRO'}]",False,{}
99999.60,2.34,99997.26,USD,IDEALPRO-001,MARGIN,,"[{'type': 'MarginBalance', 'initial': '0.00', 'maintenance': '2.34', 'currency': 'USD', 'instrument_id': 'EUR/USD.IDEALPRO'}]",False,{}
100000.00,0.00,100000.00,EUR,IDEALPRO-001,MARGIN,,"[{'type': 'MarginBalance', 'initial': '0.00', 'maintenance': '2.34', 'currency': 'USD', 'instrument_id': 'EUR/USD.IDEALPRO'}]",False,{}
99999.74,0.00,99999.74,USD,IDEALPRO-001,MARGIN,,[],False,{}
100000.00,0.00,100000.00,EUR,IDEALPRO-001,MARGIN,,[],False,{}
99999.74,0.00,99999.74,USD,IDEALPRO-001,MARGIN,,[],False,{}
100000.00,0.00,100000.00,EUR,IDEALPRO-001,MARGIN,,[],False,{}
99999.74,0.00,99999.74,USD,IDEALPRO-001,MARGIN,,[],False,{}
100000.00,0.00,100000.00,EUR,IDEALPRO-001,MARGIN,,[],False,{}
99999.74,0.00,99999.74,USD,IDEALPRO-001,MARGIN,,[],False,{}
100000.00,0.00,100000.00,EUR,IDEALPRO-001,MARGIN,,[],False,{}
99999.74,0.00,99999.74,USD,IDEALPRO-001,MARGIN,,[],False,{}
100000.00,0.00,100000.00,EUR,IDEALPRO-001,MARGIN,,[],False,{}
99999.74,0.00,99999.74,USD,IDEALPRO-001,MARGIN,,[],False,{}
100000.00,0.00,100000.00,EUR,IDEALPRO-001,MARGIN,,[],False,{}
99999.74,2.35,99997.39,USD,IDEALPRO-001,MARGIN,,"[{'type': 'MarginBalance', 'initial': '0.00', 'maintenance': '2.35', 'currency': 'USD', 'instrument_id': 'EUR/USD.IDEALPRO'}]",False,{}
100000.00,0.00,100000.00,EUR,IDEALPRO-001,MARGIN,,"[{'type': 'MarginBalance', 'initial': '0.00', 'maintenance': '2.35', 'currency': 'USD', 'instrument_id': 'EUR/USD.IDEALPRO'}]",False,{}
99999.74,2.35,99997.39,USD,IDEALPRO-001,MARGIN,,"[{'type': 'MarginBalance', 'initial': '0.00', 'maintenance': '2.35', 'currency': 'USD', 'instrument_id': 'EUR/USD.IDEALPRO'}]",False,{}
100000.00,0.00,100000.00,EUR,IDEALPRO-001,MARGIN,,"[{'type': 'MarginBalance', 'initial': '0.00', 'maintenance': '2.35', 'currency': 'USD', 'instrument_id': 'EUR/USD.IDEALPRO'}]",False,{}
99999.74,2.35,99997.39,USD,IDEALPRO-001,MARGIN,,"[{'type': 'MarginBalance', 'initial': '0.00', 'maintenance': '2.35', 'currency': 'USD', 'instrument_id': 'EUR/USD.IDEALPRO'}]",False,{}
100000.00,0.00,100000.00,EUR,IDEALPRO-001,MARGIN,,"[{'type': 'MarginBalance', 'initial': '0.00', 'maintenance': '2.35', 'currency': 'USD', 'instrument_id': 'EUR/USD.IDEALPRO'}]",False,{}
99999.74,2.35,99997.39,USD,IDEALPRO-001,MARGIN,,"[{'type': 'MarginBalance', 'initial': '0.00', 'maintenance': '2.35', 'currency': 'USD', 'instrument_id': 'EUR/USD.IDEALPRO'}]",False,{}
100000.00,0.00,100000.00,EUR,IDEALPRO-001,MARGIN,,"[{'type': 'MarginBalance', 'initial': '0.00', 'maintenance': '2.35', 'currency': 'USD', 'instrument_id': 'EUR/USD.IDEALPRO'}]",False,{}
99999.72,0.00,99999.72,USD,IDEALPRO-001,MARGIN,,[],False,{}
100000.00,0.00,100000.00,EUR,IDEALPRO-001,MARGIN,,[],False,{}
99999.72,0.00,99999.72,USD,IDEALPRO-001,MARGIN,,[],False,{}
100000.00,0.00,100000.00,EUR,IDEALPRO-001,MARGIN,,[],False,{}
99999.72,0.00,99999.72,USD,IDEALPRO-001,MARGIN,,[],False,{}
100000.00,0.00,100000.00,EUR,IDEALPRO-001,MARGIN,,[],False,{}
99999.72,0.00,99999.72,USD,IDEALPRO-001,MARGIN,,[],False,{}
100000.00,0.00,100000.00,EUR,IDEALPRO-001,MARGIN,,[],False,{}
99999.72,0.00,99999.72,USD,IDEALPRO-001,MARGIN,,[],False,{}
100000.00,0.00,100000.00,EUR,IDEALPRO-001,MARGIN,,[],False,{}
99999.72,0.00,99999.72,USD,IDEALPRO-001,MARGIN,,[],False,{}
100000.00,0.00,100000.00,EUR,IDEALPRO-001,MARGIN,,[],False,{}
99999.72,2.35,99997.37,USD,IDEALPRO-001,MARGIN,,"[{'type': 'MarginBalance', 'initial': '0.00', 'maintenance': '2.35', 'currency': 'USD', 'instrument_id': 'EUR/USD.IDEALPRO'}]",False,{}
100000.00,0.00,100000.00,EUR,IDEALPRO-001,MARGIN,,"[{'type': 'MarginBalance', 'initial': '0.00', 'maintenance': '2.35', 'currency': 'USD', 'instrument_id': 'EUR/USD.IDEALPRO'}]",False,{}
99999.72,2.35,99997.37,USD,IDEALPRO-001,MARGIN,,"[{'type': 'MarginBalance', 'initial': '0.00', 'maintenance': '2.35', 'currency': 'USD', 'instrument_id': 'EUR/USD.IDEALPRO'}]",False,{}
100000.00,0.00,100000.00,EUR,IDEALPRO-001,MARGIN,,"[{'type': 'MarginBalance', 'initial': '0.00', 'maintenance': '2.35', 'currency': 'USD', 'instrument_id': 'EUR/USD.IDEALPRO'}]",False,{}
99999.72,2.35,99997.37,USD,IDEALPRO-001,MARGIN,,"[{'type': 'MarginBalance', 'initial': '0.00', 'maintenance': '2.35', 'currency': 'USD', 'instrument_id': 'EUR/USD.IDEALPRO'}]",False,{}
100000.00,0.00,100000.00,EUR,IDEALPRO-001,MARGIN,,"[{'type': 'MarginBalance', 'initial': '0.00', 'maintenance': '2.35', 'currency': 'USD', 'instrument_id': 'EUR/USD.IDEALPRO'}]",False,{}
99999.72,2.35,99997.37,USD,IDEALPRO-001,MARGIN,,"[{'type': 'MarginBalance', 'initial': '0.00', 'maintenance': '2.35', 'currency': 'USD', 'instrument_id': 'EUR/USD.IDEALPRO'}]",False,{}
100000.00,0.00,100000.00,EUR,IDEALPRO-001,MARGIN,,"[{'type': 'MarginBalance', 'initial': '0.00', 'maintenance': '2.35', 'currency': 'USD', 'instrument_id': 'EUR/USD.IDEALPRO'}]",False,{}
99999.68,0.00,99999.68,USD,IDEALPRO-001,MARGIN,,[],False,{}
100000.00,0.00,100000.00,EUR,IDEALPRO-001,MARGIN,,[],False,{}
99999.68,0.00,99999.68,USD,IDEALPRO-001,MARGIN,,[],False,{}
100000.00,0.00,100000.00,EUR,IDEALPRO-001,MARGIN,,[],False,{}
99999.68,0.00,99999.68,USD,IDEALPRO-001,MARGIN,,[],False,{}
100000.00,0.00,100000.00,EUR,IDEALPRO-001,MARGIN,,[],False,{}
99999.68,0.00,99999.68,USD,IDEALPRO-001,MARGIN,,[],False,{}
100000.00,0.00,100000.00,EUR,IDEALPRO-001,MARGIN,,[],False,{}
99999.68,0.00,99999.68,USD,IDEALPRO-001,MARGIN,,[],False,{}
100000.00,0.00,100000.00,EUR,IDEALPRO-001,MARGIN,,[],False,{}
99999.68,0.00,99999.68,USD,IDEALPRO-001,MARGIN,,[],False,{}
100000.00,0.00,100000.00,EUR,IDEALPRO-001,MARGIN,,[],False,{}
99999.68,2.35,99997.33,USD,IDEALPRO-001,MARGIN,,"[{'type': 'MarginBalance', 'initial': '0.00', 'maintenance': '2.35', 'currency': 'USD', 'instrument_id': 'EUR/USD.IDEALPRO'}]",False,{}
100000.00,0.00,100000.00,EUR,IDEALPRO-001,MARGIN,,"[{'type': 'MarginBalance', 'initial': '0.00', 'maintenance': '2.35', 'currency': 'USD', 'instrument_id': 'EUR/USD.IDEALPRO'}]",False,{}
99999.68,2.35,99997.33,USD,IDEALPRO-001,MARGIN,,"[{'type': 'MarginBalance', 'initial': '0.00', 'maintenance': '2.35', 'currency': 'USD', 'instrument_id': 'EUR/USD.IDEALPRO'}]",False,{}
100000.00,0.00,100000.00,EUR,IDEALPRO-001,MARGIN,,"[{'type': 'MarginBalance', 'initial': '0.00', 'maintenance': '2.35', 'currency': 'USD', 'instrument_id': 'EUR/USD.IDEALPRO'}]",False,{}
99999.68,2.35,99997.33,USD,IDEALPRO-001,MARGIN,,"[{'type': 'MarginBalance', 'initial': '0.00', 'maintenance': '2.35', 'currency': 'USD', 'instrument_id': 'EUR/USD.IDEALPRO'}]",False,{}
100000.00,0.00,100000.00,EUR,IDEALPRO-001,MARGIN,,"[{'type': 'MarginBalance', 'initial': '0.00', 'maintenance': '2.35', 'currency': 'USD', 'instrument_id': 'EUR/USD.IDEALPRO'}]",False,{}
99999.68,2.35,99997.33,USD,IDEALPRO-001,MARGIN,,"[{'type': 'MarginBalance', 'initial': '0.00', 'maintenance': '2.35', 'currency': 'USD', 'instrument_id': 'EUR/USD.IDEALPRO'}]",False,{}
100000.00,0.00,100000.00,EUR,IDEALPRO-001,MARGIN,,"[{'type': 'MarginBalance', 'initial': '0.00', 'maintenance': '2.35', 'currency': 'USD', 'instrument_id': 'EUR/USD.IDEALPRO'}]",False,{}
99999.64,0.00,99999.64,USD,IDEALPRO-001,MARGIN,,[],False,{}
100000.00,0.00,100000.00,EUR,IDEALPRO-001,MARGIN,,[],False,{}
99999.64,0.00,99999.64,USD,IDEALPRO-001,MARGIN,,[],False,{}
100000.00,0.00,100000.00,EUR,IDEALPRO-001,MARGIN,,[],False,{}
99999.64,0.00,99999.64,USD,IDEALPRO-001,MARGIN,,[],False,{}
100000.00,0.00,100000.00,EUR,IDEALPRO-001,MARGIN,,[],False,{}
99999.64,0.00,99999.64,USD,IDEALPRO-001,MARGIN,,[],False,{}
100000.00,0.00,100000.00,EUR,IDEALPRO-001,MARGIN,,[],False,{}
99999.64,0.00,99999.64,USD,IDEALPRO-001,MARGIN,,[],False,{}
100000.00,0.00,100000.00,EUR,IDEALPRO-001,MARGIN,,[],False,{}
99999.64,0.00,99999.64,USD,IDEALPRO-001,MARGIN,,[],False,{}
100000.00,0.00,100000.00,EUR,IDEALPRO-001,MARGIN,,[],False,{}
99999.64,2.35,99997.29,USD,IDEALPRO-001,MARGIN,,"[{'type': 'MarginBalance', 'initial': '0.00', 'maintenance': '2.35', 'currency': 'USD', 'instrument_id': 'EUR/USD.IDEALPRO'}]",False,{}
100000.00,0.00,100000.00,EUR,IDEALPRO-001,MARGIN,,"[{'type': 'MarginBalance', 'initial': '0.00', 'maintenance': '2.35', 'currency': 'USD', 'instrument_id': 'EUR/USD.IDEALPRO'}]",False,{}
99999.64,2.35,99997.29,USD,IDEALPRO-001,MARGIN,,"[{'type': 'MarginBalance', 'initial': '0.00', 'maintenance': '2.35', 'currency': 'USD', 'instrument_id': 'EUR/USD.IDEALPRO'}]",False,{}
100000.00,0.00,100000.00,EUR,IDEALPRO-001,MARGIN,,"[{'type': 'MarginBalance', 'initial': '0.00', 'maintenance': '2.35', 'currency': 'USD', 'instrument_id': 'EUR/USD.IDEALPRO'}]",False,{}
99999.64,2.35,99997.29,USD,IDEALPRO-001,MARGIN,,"[{'type': 'MarginBalance', 'initial': '0.00', 'maintenance': '2.35', 'currency': 'USD', 'instrument_id': 'EUR/USD.IDEALPRO'}]",False,{}
100000.00,0.00,100000.00,EUR,IDEALPRO-001,MARGIN,,"[{'type': 'MarginBalance', 'initial': '0.00', 'maintenance': '2.35', 'currency': 'USD', 'instrument_id': 'EUR/USD.IDEALPRO'}]",False,{}
99999.58,0.00,99999.58,USD,IDEALPRO-001,MARGIN,,[],False,{}
100000.00,0.00,100000.00,EUR,IDEALPRO-001,MARGIN,,[],False,{}
99999.58,0.00,99999.58,USD,IDEALPRO-001,MARGIN,,[],False,{}
100000.00,0.00,100000.00,EUR,IDEALPRO-001,MARGIN,,[],False,{}
99999.58,0.00,99999.58,USD,IDEALPRO-001,MARGIN,,[],False,{}
100000.00,0.00,100000.00,EUR,IDEALPRO-001,MARGIN,,[],False,{}
99999.58,0.00,99999.58,USD,IDEALPRO-001,MARGIN,,[],False,{}
100000.00,0.00,100000.00,EUR,IDEALPRO-001,MARGIN,,[],False,{}
99999.58,0.00,99999.58,USD,IDEALPRO-001,MARGIN,,[],False,{}
100000.00,0.00,100000.00,EUR,IDEALPRO-001,MARGIN,,[],False,{}
99999.58,2.35,99997.23,USD,IDEALPRO-001,MARGIN,,"[{'type': 'MarginBalance', 'initial': '0.00', 'maintenance': '2.35', 'currency': 'USD', 'instrument_id': 'EUR/USD.IDEALPRO'}]",False,{}
100000.00,0.00,100000.00,EUR,IDEALPRO-001,MARGIN,,"[{'type': 'MarginBalance', 'initial': '0.00', 'maintenance': '2.35', 'currency': 'USD', 'instrument_id': 'EUR/USD.IDEALPRO'}]",False,{}
99999.58,2.35,99997.23,USD,IDEALPRO-001,MARGIN,,"[{'type': 'MarginBalance', 'initial': '0.00', 'maintenance': '2.35', 'currency': 'USD', 'instrument_id': 'EUR/USD.IDEALPRO'}]",False,{}
100000.00,0.00,100000.00,EUR,IDEALPRO-001,MARGIN,,"[{'type': 'MarginBalance', 'initial': '0.00', 'maintenance': '2.35', 'currency': 'USD', 'instrument_id': 'EUR/USD.IDEALPRO'}]",False,{}
99999.58,2.35,99997.23,USD,IDEALPRO-001,MARGIN,,"[{'type': 'MarginBalance', 'initial': '0.00', 'maintenance': '2.35', 'currency': 'USD', 'instrument_id': 'EUR/USD.IDEALPRO'}]",False,{}
100000.00,0.00,100000.00,EUR,IDEALPRO-001,MARGIN,,"[{'type': 'MarginBalance', 'initial': '0.00', 'maintenance': '2.35', 'currency': 'USD', 'instrument_id': 'EUR/USD.IDEALPRO'}]",False,{}
99999.52,0.00,99999.52,USD,IDEALPRO-001,MARGIN,,[],False,{}
100000.00,0.00,100000.00,EUR,IDEALPRO-001,MARGIN,,[],False,{}
99999.52,0.00,99999.52,USD,IDEALPRO-001,MARGIN,,[],False,{}
100000.00,0.00,100000.00,EUR,IDEALPRO-001,MARGIN,,[],False,{}
99999.52,0.00,99999.52,USD,IDEALPRO-001,MARGIN,,[],False,{}
100000.00,0.00,100000.00,EUR,IDEALPRO-001,MARGIN,,[],False,{}
99999.52,0.00,99999.52,USD,IDEALPRO-001,MARGIN,,[],False,{}
100000.00,0.00,100000.00,EUR,IDEALPRO-001,MARGIN,,[],False,{}
99999.52,0.00,99999.52,USD,IDEALPRO-001,MARGIN,,[],False,{}
100000.00,0.00,100000.00,EUR,IDEALPRO-001,MARGIN,,[],False,{}
99999.52,2.35,99997.17,USD,IDEALPRO-001,MARGIN,,"[{'type': 'MarginBalance', 'initial': '0.00', 'maintenance': '2.35', 'currency': 'USD', 'instrument_id': 'EUR/USD.IDEALPRO'}]",False,{}
100000.00,0.00,100000.00,EUR,IDEALPRO-001,MARGIN,,"[{'type': 'MarginBalance', 'initial': '0.00', 'maintenance': '2.35', 'currency': 'USD', 'instrument_id': 'EUR/USD.IDEALPRO'}]",False,{}
99999.52,2.35,99997.17,USD,IDEALPRO-001,MARGIN,,"[{'type': 'MarginBalance', 'initial': '0.00', 'maintenance': '2.35', 'currency': 'USD', 'instrument_id': 'EUR/USD.IDEALPRO'}]",False,{}
100000.00,0.00,100000.00,EUR,IDEALPRO-001,MARGIN,,"[{'type': 'MarginBalance', 'initial': '0.00', 'maintenance': '2.35', 'currency': 'USD', 'instrument_id': 'EUR/USD.IDEALPRO'}]",False,{}
99999.52,2.35,99997.17,USD,IDEALPRO-001,MARGIN,,"[{'type': 'MarginBalance', 'initial': '0.00', 'maintenance': '2.35', 'currency': 'USD', 'instrument_id': 'EUR/USD.IDEALPRO'}]",False,{}
100000.00,0.00,100000.00,EUR,IDEALPRO-001,MARGIN,,"[{'type': 'MarginBalance', 'initial': '0.00', 'maintenance': '2.35', 'currency': 'USD', 'instrument_id': 'EUR/USD.IDEALPRO'}]",False,{}
99999.52,2.35,99997.17,USD,IDEALPRO-001,MARGIN,,"[{'type': 'MarginBalance', 'initial': '0.00', 'maintenance': '2.35', 'currency': 'USD', 'instrument_id': 'EUR/USD.IDEALPRO'}]",False,{}
100000.00,0.00,100000.00,EUR,IDEALPRO-001,MARGIN,,"[{'type': 'MarginBalance', 'initial': '0.00', 'maintenance': '2.35', 'currency': 'USD', 'instrument_id': 'EUR/USD.IDEALPRO'}]",False,{}
99999.49,0.00,99999.49,USD,IDEALPRO-001,MARGIN,,[],False,{}
100000.00,0.00,100000.00,EUR,IDEALPRO-001,MARGIN,,[],False,{}
99999.49,0.00,99999.49,USD,IDEALPRO-001,MARGIN,,[],False,{}
100000.00,0.00,100000.00,EUR,IDEALPRO-001,MARGIN,,[],False,{}
99999.49,0.00,99999.49,USD,IDEALPRO-001,MARGIN,,[],False,{}
100000.00,0.00,100000.00,EUR,IDEALPRO-001,MARGIN,,[],False,{}
99999.49,0.00,99999.49,USD,IDEALPRO-001,MARGIN,,[],False,{}
100000.00,0.00,100000.00,EUR,IDEALPRO-001,MARGIN,,[],False,{}
99999.49,0.00,99999.49,USD,IDEALPRO-001,MARGIN,,[],False,{}
100000.00,0.00,100000.00,EUR,IDEALPRO-001,MARGIN,,[],False,{}
99999.49,0.00,99999.49,USD,IDEALPRO-001,MARGIN,,[],False,{}
100000.00,0.00,100000.00,EUR,IDEALPRO-001,MARGIN,,[],False,{}
99999.49,2.35,99997.14,USD,IDEALPRO-001,MARGIN,,"[{'type': 'MarginBalance', 'initial': '0.00', 'maintenance': '2.35', 'currency': 'USD', 'instrument_id': 'EUR/USD.IDEALPRO'}]",False,{}
100000.00,0.00,100000.00,EUR,IDEALPRO-001,MARGIN,,"[{'type': 'MarginBalance', 'initial': '0.00', 'maintenance': '2.35', 'currency': 'USD', 'instrument_id': 'EUR/USD.IDEALPRO'}]",False,{}
99999.49,2.35,99997.14,USD,IDEALPRO-001,MARGIN,,"[{'type': 'MarginBalance', 'initial': '0.00', 'maintenance': '2.35', 'currency': 'USD', 'instrument_id': 'EUR/USD.IDEALPRO'}]",False,{}
100000.00,0.00,100000.00,EUR,IDEALPRO-001,MARGIN,,"[{'type': 'MarginBalance', 'initial': '0.00', 'maintenance': '2.35', 'currency': 'USD', 'instrument_id': 'EUR/USD.IDEALPRO'}]",False,{}
99999.49,2.35,99997.14,USD,IDEALPRO-001,MARGIN,,"[{'type': 'MarginBalance', 'initial': '0.00', 'maintenance': '2.35', 'currency': 'USD', 'instrument_id': 'EUR/USD.IDEALPRO'}]",False,{}
100000.00,0.00,100000.00,EUR,IDEALPRO-001,MARGIN,,"[{'type': 'MarginBalance', 'initial': '0.00', 'maintenance': '2.35', 'currency': 'USD', 'instrument_id': 'EUR/USD.IDEALPRO'}]",False,{}
99999.49,2.35,99997.14,USD,IDEALPRO-001,MARGIN,,"[{'type': 'MarginBalance', 'initial': '0.00', 'maintenance': '2.35', 'currency': 'USD', 'instrument_id': 'EUR/USD.IDEALPRO'}]",False,{}
100000.00,0.00,100000.00,EUR,IDEALPRO-001,MARGIN,,"[{'type': 'MarginBalance', 'initial': '0.00', 'maintenance': '2.35', 'currency': 'USD', 'instrument_id': 'EUR/USD.IDEALPRO'}]",False,{}
99999.45,0.00,99999.45,USD,IDEALPRO-001,MARGIN,,[],False,{}
100000.00,0.00,100000.00,EUR,IDEALPRO-001,MARGIN,,[],False,{}
99999.45,0.00,99999.45,USD,IDEALPRO-001,MARGIN,,[],False,{}
100000.00,0.00,100000.00,EUR,IDEALPRO-001,MARGIN,,[],False,{}
99999.45,0.00,99999.45,USD,IDEALPRO-001,MARGIN,,[],False,{}
100000.00,0.00,100000.00,EUR,IDEALPRO-001,MARGIN,,[],False,{}
99999.45,0.00,99999.45,USD,IDEALPRO-001,MARGIN,,[],False,{}
100000.00,0.00,100000.00,EUR,IDEALPRO-001,MARGIN,,[],False,{}
99999.45,0.00,99999.45,USD,IDEALPRO-001,MARGIN,,[],False,{}
100000.00,0.00,100000.00,EUR,IDEALPRO-001,MARGIN,,[],False,{}
99999.45,0.00,99999.45,USD,IDEALPRO-001,MARGIN,,[],False,{}
100000.00,0.00,100000.00,EUR,IDEALPRO-001,MARGIN,,[],False,{}
99999.45,2.35,99997.10,USD,IDEALPRO-001,MARGIN,,"[{'type': 'MarginBalance', 'initial': '0.00', 'maintenance': '2.35', 'currency': 'USD', 'instrument_id': 'EUR/USD.IDEALPRO'}]",False,{}
100000.00,0.00,100000.00,EUR,IDEALPRO-001,MARGIN,,"[{'type': 'MarginBalance', 'initial': '0.00', 'maintenance': '2.35', 'currency': 'USD', 'instrument_id': 'EUR/USD.IDEALPRO'}]",False,{}
99999.45,2.35,99997.10,USD,IDEALPRO-001,MARGIN,,"[{'type': 'MarginBalance', 'initial': '0.00', 'maintenance': '2.35', 'currency': 'USD', 'instrument_id': 'EUR/USD.IDEALPRO'}]",False,{}
100000.00,0.00,100000.00,EUR,IDEALPRO-001,MARGIN,,"[{'type': 'MarginBalance', 'initial': '0.00', 'maintenance': '2.35', 'currency': 'USD', 'instrument_id': 'EUR/USD.IDEALPRO'}]",False,{}
99999.45,2.35,99997.10,USD,IDEALPRO-001,MARGIN,,"[{'type': 'MarginBalance', 'initial': '0.00', 'maintenance': '2.35', 'currency': 'USD', 'instrument_id': 'EUR/USD.IDEALPRO'}]",False,{}
100000.00,0.00,100000.00,EUR,IDEALPRO-001,MARGIN,,"[{'type': 'MarginBalance', 'initial': '0.00', 'maintenance': '2.35', 'currency': 'USD', 'instrument_id': 'EUR/USD.IDEALPRO'}]",False,{}
99999.39,0.00,99999.39,USD,IDEALPRO-001,MARGIN,,[],False,{}
100000.00,0.00,100000.00,EUR,IDEALPRO-001,MARGIN,,[],False,{}
99999.39,0.00,99999.39,USD,IDEALPRO-001,MARGIN,,[],False,{}
100000.00,0.00,100000.00,EUR,IDEALPRO-001,MARGIN,,[],False,{}
99999.39,0.00,99999.39,USD,IDEALPRO-001,MARGIN,,[],False,{}
100000.00,0.00,100000.00,EUR,IDEALPRO-001,MARGIN,,[],False,{}
99999.39,0.00,99999.39,USD,IDEALPRO-001,MARGIN,,[],False,{}
100000.00,0.00,100000.00,EUR,IDEALPRO-001,MARGIN,,[],False,{}
99999.39,0.00,99999.39,USD,IDEALPRO-001,MARGIN,,[],False,{}
100000.00,0.00,100000.00,EUR,IDEALPRO-001,MARGIN,,[],False,{}
99999.39,2.35,99997.04,USD,IDEALPRO-001,MARGIN,,"[{'type': 'MarginBalance', 'initial': '0.00', 'maintenance': '2.35', 'currency': 'USD', 'instrument_id': 'EUR/USD.IDEALPRO'}]",False,{}
100000.00,0.00,100000.00,EUR,IDEALPRO-001,MARGIN,,"[{'type': 'MarginBalance', 'initial': '0.00', 'maintenance': '2.35', 'currency': 'USD', 'instrument_id': 'EUR/USD.IDEALPRO'}]",False,{}
99999.39,2.35,99997.04,USD,IDEALPRO-001,MARGIN,,"[{'type': 'MarginBalance', 'initial': '0.00', 'maintenance': '2.35', 'currency': 'USD', 'instrument_id': 'EUR/USD.IDEALPRO'}]",False,{}
100000.00,0.00,100000.00,EUR,IDEALPRO-001,MARGIN,,"[{'type': 'MarginBalance', 'initial': '0.00', 'maintenance': '2.35', 'currency': 'USD', 'instrument_id': 'EUR/USD.IDEALPRO'}]",False,{}
99999.39,2.35,99997.04,USD,IDEALPRO-001,MARGIN,,"[{'type': 'MarginBalance', 'initial': '0.00', 'maintenance': '2.35', 'currency': 'USD', 'instrument_id': 'EUR/USD.IDEALPRO'}]",False,{}
100000.00,0.00,100000.00,EUR,IDEALPRO-001,MARGIN,,"[{'type': 'MarginBalance', 'initial': '0.00', 'maintenance': '2.35', 'currency': 'USD', 'instrument_id': 'EUR/USD.IDEALPRO'}]",False,{}
99999.39,2.35,99997.04,USD,IDEALPRO-001,MARGIN,,"[{'type': 'MarginBalance', 'initial': '0.00', 'maintenance': '2.35', 'currency': 'USD', 'instrument_id': 'EUR/USD.IDEALPRO'}]",False,{}
100000.00,0.00,100000.00,EUR,IDEALPRO-001,MARGIN,,"[{'type': 'MarginBalance', 'initial': '0.00', 'maintenance': '2.35', 'currency': 'USD', 'instrument_id': 'EUR/USD.IDEALPRO'}]",False,{}
99999.44,0.00,99999.44,USD,IDEALPRO-001,MARGIN,,[],False,{}
100000.00,0.00,100000.00,EUR,IDEALPRO-001,MARGIN,,[],False,{}
99999.44,0.00,99999.44,USD,IDEALPRO-001,MARGIN,,[],False,{}
100000.00,0.00,100000.00,EUR,IDEALPRO-001,MARGIN,,[],False,{}
99999.44,0.00,99999.44,USD,IDEALPRO-001,MARGIN,,[],False,{}
100000.00,0.00,100000.00,EUR,IDEALPRO-001,MARGIN,,[],False,{}
99999.44,0.00,99999.44,USD,IDEALPRO-001,MARGIN,,[],False,{}
100000.00,0.00,100000.00,EUR,IDEALPRO-001,MARGIN,,[],False,{}
99999.44,0.00,99999.44,USD,IDEALPRO-001,MARGIN,,[],False,{}
100000.00,0.00,100000.00,EUR,IDEALPRO-001,MARGIN,,[],False,{}
99999.44,0.00,99999.44,USD,IDEALPRO-001,MARGIN,,[],False,{}
100000.00,0.00,100000.00,EUR,IDEALPRO-001,MARGIN,,[],False,{}
99999.44,2.35,99997.09,USD,IDEALPRO-001,MARGIN,,"[{'type': 'MarginBalance', 'initial': '0.00', 'maintenance': '2.35', 'currency': 'USD', 'instrument_id': 'EUR/USD.IDEALPRO'}]",False,{}
100000.00,0.00,100000.00,EUR,IDEALPRO-001,MARGIN,,"[{'type': 'MarginBalance', 'initial': '0.00', 'maintenance': '2.35', 'currency': 'USD', 'instrument_id': 'EUR/USD.IDEALPRO'}]",False,{}
99999.44,2.35,99997.09,USD,IDEALPRO-001,MARGIN,,"[{'type': 'MarginBalance', 'initial': '0.00', 'maintenance': '2.35', 'currency': 'USD', 'instrument_id': 'EUR/USD.IDEALPRO'}]",False,{}
100000.00,0.00,100000.00,EUR,IDEALPRO-001,MARGIN,,"[{'type': 'MarginBalance', 'initial': '0.00', 'maintenance': '2.35', 'currency': 'USD', 'instrument_id': 'EUR/USD.IDEALPRO'}]",False,{}
99999.44,2.35,99997.09,USD,IDEALPRO-001,MARGIN,,"[{'type': 'MarginBalance', 'initial': '0.00', 'maintenance': '2.35', 'currency': 'USD', 'instrument_id': 'EUR/USD.IDEALPRO'}]",False,{}
100000.00,0.00,100000.00,EUR,IDEALPRO-001,MARGIN,,"[{'type': 'MarginBalance', 'initial': '0.00', 'maintenance': '2.35', 'currency': 'USD', 'instrument_id': 'EUR/USD.IDEALPRO'}]",False,{}
99999.44,2.35,99997.09,USD,IDEALPRO-001,MARGIN,,"[{'type': 'MarginBalance', 'initial': '0.00', 'maintenance': '2.35', 'currency': 'USD', 'instrument_id': 'EUR/USD.IDEALPRO'}]",False,{}
100000.00,0.00,100000.00,EUR,IDEALPRO-001,MARGIN,,"[{'type': 'MarginBalance', 'initial': '0.00', 'maintenance': '2.35', 'currency': 'USD', 'instrument_id': 'EUR/USD.IDEALPRO'}]",False,{}
99999.53,0.00,99999.53,USD,IDEALPRO-001,MARGIN,,[],False,{}
100000.00,0.00,100000.00,EUR,IDEALPRO-001,MARGIN,,[],False,{}
99999.53,0.00,99999.53,USD,IDEALPRO-001,MARGIN,,[],False,{}
100000.00,0.00,100000.00,EUR,IDEALPRO-001,MARGIN,,[],False,{}
99999.53,0.00,99999.53,USD,IDEALPRO-001,MARGIN,,[],False,{}
100000.00,0.00,100000.00,EUR,IDEALPRO-001,MARGIN,,[],False,{}
99999.53,0.00,99999.53,USD,IDEALPRO-001,MARGIN,,[],False,{}
100000.00,0.00,100000.00,EUR,IDEALPRO-001,MARGIN,,[],False,{}
99999.53,0.00,99999.53,USD,IDEALPRO-001,MARGIN,,[],False,{}
100000.00,0.00,100000.00,EUR,IDEALPRO-001,MARGIN,,[],False,{}
99999.53,0.00,99999.53,USD,IDEALPRO-001,MARGIN,,[],False,{}
100000.00,0.00,100000.00,EUR,IDEALPRO-001,MARGIN,,[],False,{}
99999.53,2.35,99997.18,USD,IDEALPRO-001,MARGIN,,"[{'type': 'MarginBalance', 'initial': '0.00', 'maintenance': '2.35', 'currency': 'USD', 'instrument_id': 'EUR/USD.IDEALPRO'}]",False,{}
100000.00,0.00,100000.00,EUR,IDEALPRO-001,MARGIN,,"[{'type': 'MarginBalance', 'initial': '0.00', 'maintenance': '2.35', 'currency': 'USD', 'instrument_id': 'EUR/USD.IDEALPRO'}]",False,{}
99999.53,2.35,99997.18,USD,IDEALPRO-001,MARGIN,,"[{'type': 'MarginBalance', 'initial': '0.00', 'maintenance': '2.35', 'currency': 'USD', 'instrument_id': 'EUR/USD.IDEALPRO'}]",False,{}
100000.00,0.00,100000.00,EUR,IDEALPRO-001,MARGIN,,"[{'type': 'MarginBalance', 'initial': '0.00', 'maintenance': '2.35', 'currency': 'USD', 'instrument_id': 'EUR/USD.IDEALPRO'}]",False,{}
99999.53,2.35,99997.18,USD,IDEALPRO-001,MARGIN,,"[{'type': 'MarginBalance', 'initial': '0.00', 'maintenance': '2.35', 'currency': 'USD', 'instrument_id': 'EUR/USD.IDEALPRO'}]",False,{}
100000.00,0.00,100000.00,EUR,IDEALPRO-001,MARGIN,,"[{'type': 'MarginBalance', 'initial': '0.00', 'maintenance': '2.35', 'currency': 'USD', 'instrument_id': 'EUR/USD.IDEALPRO'}]",False,{}
99999.53,2.35,99997.18,USD,IDEALPRO-001,MARGIN,,"[{'type': 'MarginBalance', 'initial': '0.00', 'maintenance': '2.35', 'currency': 'USD', 'instrument_id': 'EUR/USD.IDEALPRO'}]",False,{}
100000.00,0.00,100000.00,EUR,IDEALPRO-001,MARGIN,,"[{'type': 'MarginBalance', 'initial': '0.00', 'maintenance': '2.35', 'currency': 'USD', 'instrument_id': 'EUR/USD.IDEALPRO'}]",False,{}
99999.68,0.00,99999.68,USD,IDEALPRO-001,MARGIN,,[],False,{}
100000.00,0.00,100000.00,EUR,IDEALPRO-001,MARGIN,,[],False,{}
99999.68,0.00,99999.68,USD,IDEALPRO-001,MARGIN,,[],False,{}
100000.00,0.00,100000.00,EUR,IDEALPRO-001,MARGIN,,[],False,{}
99999.68,0.00,99999.68,USD,IDEALPRO-001,MARGIN,,[],False,{}
100000.00,0.00,100000.00,EUR,IDEALPRO-001,MARGIN,,[],False,{}
99999.68,0.00,99999.68,USD,IDEALPRO-001,MARGIN,,[],False,{}
100000.00,0.00,100000.00,EUR,IDEALPRO-001,MARGIN,,[],False,{}
99999.68,0.00,99999.68,USD,IDEALPRO-001,MARGIN,,[],False,{}
100000.00,0.00,100000.00,EUR,IDEALPRO-001,MARGIN,,[],False,{}
99999.68,0.00,99999.68,USD,IDEALPRO-001,MARGIN,,[],False,{}
100000.00,0.00,100000.00,EUR,IDEALPRO-001,MARGIN,,[],False,{}
99999.68,2.34,99997.34,USD,IDEALPRO-001,MARGIN,,"[{'type': 'MarginBalance', 'initial': '0.00', 'maintenance': '2.34', 'currency': 'USD', 'instrument_id': 'EUR/USD.IDEALPRO'}]",False,{}
100000.00,0.00,100000.00,EUR,IDEALPRO-001,MARGIN,,"[{'type': 'MarginBalance', 'initial': '0.00', 'maintenance': '2.34', 'currency': 'USD', 'instrument_id': 'EUR/USD.IDEALPRO'}]",False,{}
99999.68,2.34,99997.34,USD,IDEALPRO-001,MARGIN,,"[{'type': 'MarginBalance', 'initial': '0.00', 'maintenance': '2.34', 'currency': 'USD', 'instrument_id': 'EUR/USD.IDEALPRO'}]",False,{}
100000.00,0.00,100000.00,EUR,IDEALPRO-001,MARGIN,,"[{'type': 'MarginBalance', 'initial': '0.00', 'maintenance': '2.34', 'currency': 'USD', 'instrument_id': 'EUR/USD.IDEALPRO'}]",False,{}
99999.68,2.34,99997.34,USD,IDEALPRO-001,MARGIN,,"[{'type': 'MarginBalance', 'initial': '0.00', 'maintenance': '2.34', 'currency': 'USD', 'instrument_id': 'EUR/USD.IDEALPRO'}]",False,{}
100000.00,0.00,100000.00,EUR,IDEALPRO-001,MARGIN,,"[{'type': 'MarginBalance', 'initial': '0.00', 'maintenance': '2.34', 'currency': 'USD', 'instrument_id': 'EUR/USD.IDEALPRO'}]",False,{}
99999.68,2.34,99997.34,USD,IDEALPRO-001,MARGIN,,"[{'type': 'MarginBalance', 'initial': '0.00', 'maintenance': '2.34', 'currency': 'USD', 'instrument_id': 'EUR/USD.IDEALPRO'}]",False,{}
100000.00,0.00,100000.00,EUR,IDEALPRO-001,MARGIN,,"[{'type': 'MarginBalance', 'initial': '0.00', 'maintenance': '2.34', 'currency': 'USD', 'instrument_id': 'EUR/USD.IDEALPRO'}]",False,{}
99999.65,0.00,99999.65,USD,IDEALPRO-001,MARGIN,,[],False,{}
100000.00,0.00,100000.00,EUR,IDEALPRO-001,MARGIN,,[],False,{}
99999.65,0.00,99999.65,USD,IDEALPRO-001,MARGIN,,[],False,{}
100000.00,0.00,100000.00,EUR,IDEALPRO-001,MARGIN,,[],False,{}
99999.65,0.00,99999.65,USD,IDEALPRO-001,MARGIN,,[],False,{}
100000.00,0.00,100000.00,EUR,IDEALPRO-001,MARGIN,,[],False,{}
99999.65,0.00,99999.65,USD,IDEALPRO-001,MARGIN,,[],False,{}
100000.00,0.00,100000.00,EUR,IDEALPRO-001,MARGIN,,[],False,{}
99999.65,0.00,99999.65,USD,IDEALPRO-001,MARGIN,,[],False,{}
100000.00,0.00,100000.00,EUR,IDEALPRO-001,MARGIN,,[],False,{}
99999.65,0.00,99999.65,USD,IDEALPRO-001,MARGIN,,[],False,{}
100000.00,0.00,100000.00,EUR,IDEALPRO-001,MARGIN,,[],False,{}
99999.65,2.34,99997.31,USD,IDEALPRO-001,MARGIN,,"[{'type': 'MarginBalance', 'initial': '0.00', 'maintenance': '2.34', 'currency': 'USD', 'instrument_id': 'EUR/USD.IDEALPRO'}]",False,{}
100000.00,0.00,100000.00,EUR,IDEALPRO-001,MARGIN,,"[{'type': 'MarginBalance', 'initial': '0.00', 'maintenance': '2.34', 'currency': 'USD', 'instrument_id': 'EUR/USD.IDEALPRO'}]",False,{}
99999.65,2.34,99997.31,USD,IDEALPRO-001,MARGIN,,"[{'type': 'MarginBalance', 'initial': '0.00', 'maintenance': '2.34', 'currency': 'USD', 'instrument_id': 'EUR/USD.IDEALPRO'}]",False,{}
100000.00,0.00,100000.00,EUR,IDEALPRO-001,MARGIN,,"[{'type': 'MarginBalance', 'initial': '0.00', 'maintenance': '2.34', 'currency': 'USD', 'instrument_id': 'EUR/USD.IDEALPRO'}]",False,{}
99999.65,2.34,99997.31,USD,IDEALPRO-001,MARGIN,,"[{'type': 'MarginBalance', 'initial': '0.00', 'maintenance': '2.34', 'currency': 'USD', 'instrument_id': 'EUR/USD.IDEALPRO'}]",False,{}
100000.00,0.00,100000.00,EUR,IDEALPRO-001,MARGIN,,"[{'type': 'MarginBalance', 'initial': '0.00', 'maintenance': '2.34', 'currency': 'USD', 'instrument_id': 'EUR/USD.IDEALPRO'}]",False,{}
99999.65,2.34,99997.31,USD,IDEALPRO-001,MARGIN,,"[{'type': 'MarginBalance', 'initial': '0.00', 'maintenance': '2.34', 'currency': 'USD', 'instrument_id': 'EUR/USD.IDEALPRO'}]",False,{}
100000.00,0.00,100000.00,EUR,IDEALPRO-001,MARGIN,,"[{'type': 'MarginBalance', 'initial': '0.00', 'maintenance': '2.34', 'currency': 'USD', 'instrument_id': 'EUR/USD.IDEALPRO'}]",False,{}
99999.68,0.00,99999.68,USD,IDEALPRO-001,MARGIN,,[],False,{}
100000.00,0.00,100000.00,EUR,IDEALPRO-001,MARGIN,,[],False,{}
99999.68,0.00,99999.68,USD,IDEALPRO-001,MARGIN,,[],False,{}
100000.00,0.00,100000.00,EUR,IDEALPRO-001,MARGIN,,[],False,{}
99999.68,0.00,99999.68,USD,IDEALPRO-001,MARGIN,,[],False,{}
100000.00,0.00,100000.00,EUR,IDEALPRO-001,MARGIN,,[],False,{}
99999.68,0.00,99999.68,USD,IDEALPRO-001,MARGIN,,[],False,{}
100000.00,0.00,100000.00,EUR,IDEALPRO-001,MARGIN,,[],False,{}
99999.68,0.00,99999.68,USD,IDEALPRO-001,MARGIN,,[],False,{}
100000.00,0.00,100000.00,EUR,IDEALPRO-001,MARGIN,,[],False,{}
99999.68,0.00,99999.68,USD,IDEALPRO-001,MARGIN,,[],False,{}
100000.00,0.00,100000.00,EUR,IDEALPRO-001,MARGIN,,[],False,{}
99999.68,2.34,99997.34,USD,IDEALPRO-001,MARGIN,,"[{'type': 'MarginBalance', 'initial': '0.00', 'maintenance': '2.34', 'currency': 'USD', 'instrument_id': 'EUR/USD.IDEALPRO'}]",False,{}
100000.00,0.00,100000.00,EUR,IDEALPRO-001,MARGIN,,"[{'type': 'MarginBalance', 'initial': '0.00', 'maintenance': '2.34', 'currency': 'USD', 'instrument_id': 'EUR/USD.IDEALPRO'}]",False,{}
99999.68,2.34,99997.34,USD,IDEALPRO-001,MARGIN,,"[{'type': 'MarginBalance', 'initial': '0.00', 'maintenance': '2.34', 'currency': 'USD', 'instrument_id': 'EUR/USD.IDEALPRO'}]",False,{}
100000.00,0.00,100000.00,EUR,IDEALPRO-001,MARGIN,,"[{'type': 'MarginBalance', 'initial': '0.00', 'maintenance': '2.34', 'currency': 'USD', 'instrument_id': 'EUR/USD.IDEALPRO'}]",False,{}
99999.68,2.34,99997.34,USD,IDEALPRO-001,MARGIN,,"[{'type': 'MarginBalance', 'initial': '0.00', 'maintenance': '2.34', 'currency': 'USD', 'instrument_id': 'EUR/USD.IDEALPRO'}]",False,{}
100000.00,0.00,100000.00,EUR,IDEALPRO-001,MARGIN,,"[{'type': 'MarginBalance', 'initial': '0.00', 'maintenance': '2.34', 'currency': 'USD', 'instrument_id': 'EUR/USD.IDEALPRO'}]",False,{}
99999.68,2.34,99997.34,USD,IDEALPRO-001,MARGIN,,"[{'type': 'MarginBalance', 'initial': '0.00', 'maintenance': '2.34', 'currency': 'USD', 'instrument_id': 'EUR/USD.IDEALPRO'}]",False,{}
100000.00,0.00,100000.00,EUR,IDEALPRO-001,MARGIN,,"[{'type': 'MarginBalance', 'initial': '0.00', 'maintenance': '2.34', 'currency': 'USD', 'instrument_id': 'EUR/USD.IDEALPRO'}]",False,{}
99999.64,0.00,99999.64,USD,IDEALPRO-001,MARGIN,,[],False,{}
100000.00,0.00,100000.00,EUR,IDEALPRO-001,MARGIN,,[],False,{}
99999.64,0.00,99999.64,USD,IDEALPRO-001,MARGIN,,[],False,{}
100000.00,0.00,100000.00,EUR,IDEALPRO-001,MARGIN,,[],False,{}
99999.64,0.00,99999.64,USD,IDEALPRO-001,MARGIN,,[],False,{}
100000.00,0.00,100000.00,EUR,IDEALPRO-001,MARGIN,,[],False,{}
99999.64,0.00,99999.64,USD,IDEALPRO-001,MARGIN,,[],False,{}
100000.00,0.00,100000.00,EUR,IDEALPRO-001,MARGIN,,[],False,{}
99999.64,0.00,99999.64,USD,IDEALPRO-001,MARGIN,,[],False,{}
100000.00,0.00,100000.00,EUR,IDEALPRO-001,MARGIN,,[],False,{}
99999.64,0.00,99999.64,USD,IDEALPRO-001,MARGIN,,[],False,{}
100000.00,0.00,100000.00,EUR,IDEALPRO-001,MARGIN,,[],False,{}
99999.64,2.34,99997.30,USD,IDEALPRO-001,MARGIN,,"[{'type': 'MarginBalance', 'initial': '0.00', 'maintenance': '2.34', 'currency': 'USD', 'instrument_id': 'EUR/USD.IDEALPRO'}]",False,{}
100000.00,0.00,100000.00,EUR,IDEALPRO-001,MARGIN,,"[{'type': 'MarginBalance', 'initial': '0.00', 'maintenance': '2.34', 'currency': 'USD', 'instrument_id': 'EUR/USD.IDEALPRO'}]",False,{}
99999.64,2.34,99997.30,USD,IDEALPRO-001,MARGIN,,"[{'type': 'MarginBalance', 'initial': '0.00', 'maintenance': '2.34', 'currency': 'USD', 'instrument_id': 'EUR/USD.IDEALPRO'}]",False,{}
100000.00,0.00,100000.00,EUR,IDEALPRO-001,MARGIN,,"[{'type': 'MarginBalance', 'initial': '0.00', 'maintenance': '2.34', 'currency': 'USD', 'instrument_id': 'EUR/USD.IDEALPRO'}]",False,{}
99999.64,2.34,99997.30,USD,IDEALPRO-001,MARGIN,,"[{'type': 'MarginBalance', 'initial': '0.00', 'maintenance': '2.34', 'currency': 'USD', 'instrument_id': 'EUR/USD.IDEALPRO'}]",False,{}
100000.00,0.00,100000.00,EUR,IDEALPRO-001,MARGIN,,"[{'type': 'MarginBalance', 'initial': '0.00', 'maintenance': '2.34', 'currency': 'USD', 'instrument_id': 'EUR/USD.IDEALPRO'}]",False,{}
99999.58,0.00,99999.58,USD,IDEALPRO-001,MARGIN,,[],False,{}
100000.00,0.00,100000.00,EUR,IDEALPRO-001,MARGIN,,[],False,{}
99999.58,0.00,99999.58,USD,IDEALPRO-001,MARGIN,,[],False,{}
100000.00,0.00,100000.00,EUR,IDEALPRO-001,MARGIN,,[],False,{}
99999.58,0.00,99999.58,USD,IDEALPRO-001,MARGIN,,[],False,{}
100000.00,0.00,100000.00,EUR,IDEALPRO-001,MARGIN,,[],False,{}
99999.58,0.00,99999.58,USD,IDEALPRO-001,MARGIN,,[],False,{}
100000.00,0.00,100000.00,EUR,IDEALPRO-001,MARGIN,,[],False,{}
99999.58,0.00,99999.58,USD,IDEALPRO-001,MARGIN,,[],False,{}
100000.00,0.00,100000.00,EUR,IDEALPRO-001,MARGIN,,[],False,{}
99999.58,2.34,99997.24,USD,IDEALPRO-001,MARGIN,,"[{'type': 'MarginBalance', 'initial': '0.00', 'maintenance': '2.34', 'currency': 'USD', 'instrument_id': 'EUR/USD.IDEALPRO'}]",False,{}
100000.00,0.00,100000.00,EUR,IDEALPRO-001,MARGIN,,"[{'type': 'MarginBalance', 'initial': '0.00', 'maintenance': '2.34', 'currency': 'USD', 'instrument_id': 'EUR/USD.IDEALPRO'}]",False,{}
99999.58,2.34,99997.24,USD,IDEALPRO-001,MARGIN,,"[{'type': 'MarginBalance', 'initial': '0.00', 'maintenance': '2.34', 'currency': 'USD', 'instrument_id': 'EUR/USD.IDEALPRO'}]",False,{}
100000.00,0.00,100000.00,EUR,IDEALPRO-001,MARGIN,,"[{'type': 'MarginBalance', 'initial': '0.00', 'maintenance': '2.34', 'currency': 'USD', 'instrument_id': 'EUR/USD.IDEALPRO'}]",False,{}
99999.58,2.34,99997.24,USD,IDEALPRO-001,MARGIN,,"[{'type': 'MarginBalance', 'initial': '0.00', 'maintenance': '2.34', 'currency': 'USD', 'instrument_id': 'EUR/USD.IDEALPRO'}]",False,{}
100000.00,0.00,100000.00,EUR,IDEALPRO-001,MARGIN,,"[{'type': 'MarginBalance', 'initial': '0.00', 'maintenance': '2.34', 'currency': 'USD', 'instrument_id': 'EUR/USD.IDEALPRO'}]",False,{}
99999.58,2.34,99997.24,USD,IDEALPRO-001,MARGIN,,"[{'type': 'MarginBalance', 'initial': '0.00', 'maintenance': '2.34', 'currency': 'USD', 'instrument_id': 'EUR/USD.IDEALPRO'}]",False,{}
100000.00,0.00,100000.00,EUR,IDEALPRO-001,MARGIN,,"[{'type': 'MarginBalance', 'initial': '0.00', 'maintenance': '2.34', 'currency': 'USD', 'instrument_id': 'EUR/USD.IDEALPRO'}]",False,{}
99999.67,0.00,99999.67,USD,IDEALPRO-001,MARGIN,,[],False,{}
100000.00,0.00,100000.00,EUR,IDEALPRO-001,MARGIN,,[],False,{}
99999.67,0.00,99999.67,USD,IDEALPRO-001,MARGIN,,[],False,{}
100000.00,0.00,100000.00,EUR,IDEALPRO-001,MARGIN,,[],False,{}
99999.67,0.00,99999.67,USD,IDEALPRO-001,MARGIN,,[],False,{}
100000.00,0.00,100000.00,EUR,IDEALPRO-001,MARGIN,,[],False,{}
99999.67,0.00,99999.67,USD,IDEALPRO-001,MARGIN,,[],False,{}
100000.00,0.00,100000.00,EUR,IDEALPRO-001,MARGIN,,[],False,{}
99999.67,0.00,99999.67,USD,IDEALPRO-001,MARGIN,,[],False,{}
100000.00,0.00,100000.00,EUR,IDEALPRO-001,MARGIN,,[],False,{}
99999.67,0.00,99999.67,USD,IDEALPRO-001,MARGIN,,[],False,{}
100000.00,0.00,100000.00,EUR,IDEALPRO-001,MARGIN,,[],False,{}
99999.67,2.35,99997.32,USD,IDEALPRO-001,MARGIN,,"[{'type': 'MarginBalance', 'initial': '0.00', 'maintenance': '2.35', 'currency': 'USD', 'instrument_id': 'EUR/USD.IDEALPRO'}]",False,{}
100000.00,0.00,100000.00,EUR,IDEALPRO-001,MARGIN,,"[{'type': 'MarginBalance', 'initial': '0.00', 'maintenance': '2.35', 'currency': 'USD', 'instrument_id': 'EUR/USD.IDEALPRO'}]",False,{}
99999.67,2.35,99997.32,USD,IDEALPRO-001,MARGIN,,"[{'type': 'MarginBalance', 'initial': '0.00', 'maintenance': '2.35', 'currency': 'USD', 'instrument_id': 'EUR/USD.IDEALPRO'}]",False,{}
100000.00,0.00,100000.00,EUR,IDEALPRO-001,MARGIN,,"[{'type': 'MarginBalance', 'initial': '0.00', 'maintenance': '2.35', 'currency': 'USD', 'instrument_id': 'EUR/USD.IDEALPRO'}]",False,{}
99999.67,2.35,99997.32,USD,IDEALPRO-001,MARGIN,,"[{'type': 'MarginBalance', 'initial': '0.00', 'maintenance': '2.35', 'currency': 'USD', 'instrument_id': 'EUR/USD.IDEALPRO'}]",False,{}
100000.00,0.00,100000.00,EUR,IDEALPRO-001,MARGIN,,"[{'type': 'MarginBalance', 'initial': '0.00', 'maintenance': '2.35', 'currency': 'USD', 'instrument_id': 'EUR/USD.IDEALPRO'}]",False,{}
99999.67,2.35,99997.32,USD,IDEALPRO-001,MARGIN,,"[{'type': 'MarginBalance', 'initial': '0.00', 'maintenance': '2.35', 'currency': 'USD', 'instrument_id': 'EUR/USD.IDEALPRO'}]",False,{}
100000.00,0.00,100000.00,EUR,IDEALPRO-001,MARGIN,,"[{'type': 'MarginBalance', 'initial': '0.00', 'maintenance': '2.35', 'currency': 'USD', 'instrument_id': 'EUR/USD.IDEALPRO'}]",False,{}
99999.62,0.00,99999.62,USD,IDEALPRO-001,MARGIN,,[],False,{}
100000.00,0.00,100000.00,EUR,IDEALPRO-001,MARGIN,,[],False,{}
99999.62,0.00,99999.62,USD,IDEALPRO-001,MARGIN,,[],False,{}
100000.00,0.00,100000.00,EUR,IDEALPRO-001,MARGIN,,[],False,{}
99999.62,0.00,99999.62,USD,IDEALPRO-001,MARGIN,,[],False,{}
100000.00,0.00,100000.00,EUR,IDEALPRO-001,MARGIN,,[],False,{}
99999.62,0.00,99999.62,USD,IDEALPRO-001,MARGIN,,[],False,{}
100000.00,0.00,100000.00,EUR,IDEALPRO-001,MARGIN,,[],False,{}
99999.62,0.00,99999.62,USD,IDEALPRO-001,MARGIN,,[],False,{}
100000.00,0.00,100000.00,EUR,IDEALPRO-001,MARGIN,,[],False,{}
99999.62,0.00,99999.62,USD,IDEALPRO-001,MARGIN,,[],False,{}
100000.00,0.00,100000.00,EUR,IDEALPRO-001,MARGIN,,[],False,{}
99999.62,2.35,99997.27,USD,IDEALPRO-001,MARGIN,,"[{'type': 'MarginBalance', 'initial': '0.00', 'maintenance': '2.35', 'currency': 'USD', 'instrument_id': 'EUR/USD.IDEALPRO'}]",False,{}
100000.00,0.00,100000.00,EUR,IDEALPRO-001,MARGIN,,"[{'type': 'MarginBalance', 'initial': '0.00', 'maintenance': '2.35', 'currency': 'USD', 'instrument_id': 'EUR/USD.IDEALPRO'}]",False,{}
99999.62,2.34,99997.28,USD,IDEALPRO-001,MARGIN,,"[{'type': 'MarginBalance', 'initial': '0.00', 'maintenance': '2.34', 'currency': 'USD', 'instrument_id': 'EUR/USD.IDEALPRO'}]",False,{}
100000.00,0.00,100000.00,EUR,IDEALPRO-001,MARGIN,,"[{'type': 'MarginBalance', 'initial': '0.00', 'maintenance': '2.34', 'currency': 'USD', 'instrument_id': 'EUR/USD.IDEALPRO'}]",False,{}
99999.62,2.34,99997.28,USD,IDEALPRO-001,MARGIN,,"[{'type': 'MarginBalance', 'initial': '0.00', 'maintenance': '2.34', 'currency': 'USD', 'instrument_id': 'EUR/USD.IDEALPRO'}]",False,{}
100000.00,0.00,100000.00,EUR,IDEALPRO-001,MARGIN,,"[{'type': 'MarginBalance', 'initial': '0.00', 'maintenance': '2.34', 'currency': 'USD', 'instrument_id': 'EUR/USD.IDEALPRO'}]",False,{}
99999.62,2.34,99997.28,USD,IDEALPRO-001,MARGIN,,"[{'type': 'MarginBalance', 'initial': '0.00', 'maintenance': '2.34', 'currency': 'USD', 'instrument_id': 'EUR/USD.IDEALPRO'}]",False,{}
100000.00,0.00,100000.00,EUR,IDEALPRO-001,MARGIN,,"[{'type': 'MarginBalance', 'initial': '0.00', 'maintenance': '2.34', 'currency': 'USD', 'instrument_id': 'EUR/USD.IDEALPRO'}]",False,{}
99999.58,0.00,99999.58,USD,IDEALPRO-001,MARGIN,,[],False,{}
100000.00,0.00,100000.00,EUR,IDEALPRO-001,MARGIN,,[],False,{}
99999.58,0.00,99999.58,USD,IDEALPRO-001,MARGIN,,[],False,{}
100000.00,0.00,100000.00,EUR,IDEALPRO-001,MARGIN,,[],False,{}
99999.58,0.00,99999.58,USD,IDEALPRO-001,MARGIN,,[],False,{}
100000.00,0.00,100000.00,EUR,IDEALPRO-001,MARGIN,,[],False,{}
99999.58,0.00,99999.58,USD,IDEALPRO-001,MARGIN,,[],False,{}
100000.00,0.00,100000.00,EUR,IDEALPRO-001,MARGIN,,[],False,{}
99999.58,0.00,99999.58,USD,IDEALPRO-001,MARGIN,,[],False,{}
100000.00,0.00,100000.00,EUR,IDEALPRO-001,MARGIN,,[],False,{}
99999.58,0.00,99999.58,USD,IDEALPRO-001,MARGIN,,[],False,{}
100000.00,0.00,100000.00,EUR,IDEALPRO-001,MARGIN,,[],False,{}
99999.58,2.34,99997.24,USD,IDEALPRO-001,MARGIN,,"[{'type': 'MarginBalance', 'initial': '0.00', 'maintenance': '2.34', 'currency': 'USD', 'instrument_id': 'EUR/USD.IDEALPRO'}]",False,{}
100000.00,0.00,100000.00,EUR,IDEALPRO-001,MARGIN,,"[{'type': 'MarginBalance', 'initial': '0.00', 'maintenance': '2.34', 'currency': 'USD', 'instrument_id': 'EUR/USD.IDEALPRO'}]",False,{}
99999.58,2.34,99997.24,USD,IDEALPRO-001,MARGIN,,"[{'type': 'MarginBalance', 'initial': '0.00', 'maintenance': '2.34', 'currency': 'USD', 'instrument_id': 'EUR/USD.IDEALPRO'}]",False,{}
100000.00,0.00,100000.00,EUR,IDEALPRO-001,MARGIN,,"[{'type': 'MarginBalance', 'initial': '0.00', 'maintenance': '2.34', 'currency': 'USD', 'instrument_id': 'EUR/USD.IDEALPRO'}]",False,{}
99999.58,2.34,99997.24,USD,IDEALPRO-001,MARGIN,,"[{'type': 'MarginBalance', 'initial': '0.00', 'maintenance': '2.34', 'currency': 'USD', 'instrument_id': 'EUR/USD.IDEALPRO'}]",False,{}
100000.00,0.00,100000.00,EUR,IDEALPRO-001,MARGIN,,"[{'type': 'MarginBalance', 'initial': '0.00', 'maintenance': '2.34', 'currency': 'USD', 'instrument_id': 'EUR/USD.IDEALPRO'}]",False,{}
99999.52,0.00,99999.52,USD,IDEALPRO-001,MARGIN,,[],False,{}
100000.00,0.00,100000.00,EUR,IDEALPRO-001,MARGIN,,[],False,{}
99999.52,0.00,99999.52,USD,IDEALPRO-001,MARGIN,,[],False,{}
100000.00,0.00,100000.00,EUR,IDEALPRO-001,MARGIN,,[],False,{}
99999.52,0.00,99999.52,USD,IDEALPRO-001,MARGIN,,[],False,{}
100000.00,0.00,100000.00,EUR,IDEALPRO-001,MARGIN,,[],False,{}
99999.52,0.00,99999.52,USD,IDEALPRO-001,MARGIN,,[],False,{}
100000.00,0.00,100000.00,EUR,IDEALPRO-001,MARGIN,,[],False,{}
99999.52,0.00,99999.52,USD,IDEALPRO-001,MARGIN,,[],False,{}
100000.00,0.00,100000.00,EUR,IDEALPRO-001,MARGIN,,[],False,{}
99999.52,2.34,99997.18,USD,IDEALPRO-001,MARGIN,,"[{'type': 'MarginBalance', 'initial': '0.00', 'maintenance': '2.34', 'currency': 'USD', 'instrument_id': 'EUR/USD.IDEALPRO'}]",False,{}
100000.00,0.00,100000.00,EUR,IDEALPRO-001,MARGIN,,"[{'type': 'MarginBalance', 'initial': '0.00', 'maintenance': '2.34', 'currency': 'USD', 'instrument_id': 'EUR/USD.IDEALPRO'}]",False,{}
99999.52,2.34,99997.18,USD,IDEALPRO-001,MARGIN,,"[{'type': 'MarginBalance', 'initial': '0.00', 'maintenance': '2.34', 'currency': 'USD', 'instrument_id': 'EUR/USD.IDEALPRO'}]",False,{}
100000.00,0.00,100000.00,EUR,IDEALPRO-001,MARGIN,,"[{'type': 'MarginBalance', 'initial': '0.00', 'maintenance': '2.34', 'currency': 'USD', 'instrument_id': 'EUR/USD.IDEALPRO'}]",False,{}
99999.52,2.34,99997.18,USD,IDEALPRO-001,MARGIN,,"[{'type': 'MarginBalance', 'initial': '0.00', 'maintenance': '2.34', 'currency': 'USD', 'instrument_id': 'EUR/USD.IDEALPRO'}]",False,{}
100000.00,0.00,100000.00,EUR,IDEALPRO-001,MARGIN,,"[{'type': 'MarginBalance', 'initial': '0.00', 'maintenance': '2.34', 'currency': 'USD', 'instrument_id': 'EUR/USD.IDEALPRO'}]",False,{}
99999.52,2.34,99997.18,USD,IDEALPRO-001,MARGIN,,"[{'type': 'MarginBalance', 'initial': '0.00', 'maintenance': '2.34', 'currency': 'USD', 'instrument_id': 'EUR/USD.IDEALPRO'}]",False,{}
100000.00,0.00,100000.00,EUR,IDEALPRO-001,MARGIN,,"[{'type': 'MarginBalance', 'initial': '0.00', 'maintenance': '2.34', 'currency': 'USD', 'instrument_id': 'EUR/USD.IDEALPRO'}]",False,{}
99999.50,0.00,99999.50,USD,IDEALPRO-001,MARGIN,,[],False,{}
100000.00,0.00,100000.00,EUR,IDEALPRO-001,MARGIN,,[],False,{}
99999.50,0.00,99999.50,USD,IDEALPRO-001,MARGIN,,[],False,{}
100000.00,0.00,100000.00,EUR,IDEALPRO-001,MARGIN,,[],False,{}
99999.50,0.00,99999.50,USD,IDEALPRO-001,MARGIN,,[],False,{}
100000.00,0.00,100000.00,EUR,IDEALPRO-001,MARGIN,,[],False,{}
99999.50,0.00,99999.50,USD,IDEALPRO-001,MARGIN,,[],False,{}
100000.00,0.00,100000.00,EUR,IDEALPRO-001,MARGIN,,[],False,{}
99999.50,0.00,99999.50,USD,IDEALPRO-001,MARGIN,,[],False,{}
100000.00,0.00,100000.00,EUR,IDEALPRO-001,MARGIN,,[],False,{}
99999.50,0.00,99999.50,USD,IDEALPRO-001,MARGIN,,[],False,{}
100000.00,0.00,100000.00,EUR,IDEALPRO-001,MARGIN,,[],False,{}
99999.50,2.34,99997.16,USD,IDEALPRO-001,MARGIN,,"[{'type': 'MarginBalance', 'initial': '0.00', 'maintenance': '2.34', 'currency': 'USD', 'instrument_id': 'EUR/USD.IDEALPRO'}]",False,{}
100000.00,0.00,100000.00,EUR,IDEALPRO-001,MARGIN,,"[{'type': 'MarginBalance', 'initial': '0.00', 'maintenance': '2.34', 'currency': 'USD', 'instrument_id': 'EUR/USD.IDEALPRO'}]",False,{}
99999.50,2.34,99997.16,USD,IDEALPRO-001,MARGIN,,"[{'type': 'MarginBalance', 'initial': '0.00', 'maintenance': '2.34', 'currency': 'USD', 'instrument_id': 'EUR/USD.IDEALPRO'}]",False,{}
100000.00,0.00,100000.00,EUR,IDEALPRO-001,MARGIN,,"[{'type': 'MarginBalance', 'initial': '0.00', 'maintenance': '2.34', 'currency': 'USD', 'instrument_id': 'EUR/USD.IDEALPRO'}]",False,{}
99999.50,2.34,99997.16,USD,IDEALPRO-001,MARGIN,,"[{'type': 'MarginBalance', 'initial': '0.00', 'maintenance': '2.34', 'currency': 'USD', 'instrument_id': 'EUR/USD.IDEALPRO'}]",False,{}
100000.00,0.00,100000.00,EUR,IDEALPRO-001,MARGIN,,"[{'type': 'MarginBalance', 'initial': '0.00', 'maintenance': '2.34', 'currency': 'USD', 'instrument_id': 'EUR/USD.IDEALPRO'}]",False,{}
99999.50,2.34,99997.16,USD,IDEALPRO-001,MARGIN,,"[{'type': 'MarginBalance', 'initial': '0.00', 'maintenance': '2.34', 'currency': 'USD', 'instrument_id': 'EUR/USD.IDEALPRO'}]",False,{}
100000.00,0.00,100000.00,EUR,IDEALPRO-001,MARGIN,,"[{'type': 'MarginBalance', 'initial': '0.00', 'maintenance': '2.34', 'currency': 'USD', 'instrument_id': 'EUR/USD.IDEALPRO'}]",False,{}
99999.49,0.00,99999.49,USD,IDEALPRO-001,MARGIN,,[],False,{}
100000.00,0.00,100000.00,EUR,IDEALPRO-001,MARGIN,,[],False,{}
99999.49,0.00,99999.49,USD,IDEALPRO-001,MARGIN,,[],False,{}
100000.00,0.00,100000.00,EUR,IDEALPRO-001,MARGIN,,[],False,{}
99999.49,0.00,99999.49,USD,IDEALPRO-001,MARGIN,,[],False,{}
100000.00,0.00,100000.00,EUR,IDEALPRO-001,MARGIN,,[],False,{}
99999.49,0.00,99999.49,USD,IDEALPRO-001,MARGIN,,[],False,{}
100000.00,0.00,100000.00,EUR,IDEALPRO-001,MARGIN,,[],False,{}
99999.49,0.00,99999.49,USD,IDEALPRO-001,MARGIN,,[],False,{}
100000.00,0.00,100000.00,EUR,IDEALPRO-001,MARGIN,,[],False,{}
99999.49,0.00,99999.49,USD,IDEALPRO-001,MARGIN,,[],False,{}
100000.00,0.00,100000.00,EUR,IDEALPRO-001,MARGIN,,[],False,{}
99999.49,2.34,99997.15,USD,IDEALPRO-001,MARGIN,,"[{'type': 'MarginBalance', 'initial': '0.00', 'maintenance': '2.34', 'currency': 'USD', 'instrument_id': 'EUR/USD.IDEALPRO'}]",False,{}
100000.00,0.00,100000.00,EUR,IDEALPRO-001,MARGIN,,"[{'type': 'MarginBalance', 'initial': '0.00', 'maintenance': '2.34', 'currency': 'USD', 'instrument_id': 'EUR/USD.IDEALPRO'}]",False,{}
99999.49,2.34,99997.15,USD,IDEALPRO-001,MARGIN,,"[{'type': 'MarginBalance', 'initial': '0.00', 'maintenance': '2.34', 'currency': 'USD', 'instrument_id': 'EUR/USD.IDEALPRO'}]",False,{}
100000.00,0.00,100000.00,EUR,IDEALPRO-001,MARGIN,,"[{'type': 'MarginBalance', 'initial': '0.00', 'maintenance': '2.34', 'currency': 'USD', 'instrument_id': 'EUR/USD.IDEALPRO'}]",False,{}
99999.49,2.34,99997.15,USD,IDEALPRO-001,MARGIN,,"[{'type': 'MarginBalance', 'initial': '0.00', 'maintenance': '2.34', 'currency': 'USD', 'instrument_id': 'EUR/USD.IDEALPRO'}]",False,{}
100000.00,0.00,100000.00,EUR,IDEALPRO-001,MARGIN,,"[{'type': 'MarginBalance', 'initial': '0.00', 'maintenance': '2.34', 'currency': 'USD', 'instrument_id': 'EUR/USD.IDEALPRO'}]",False,{}
99999.49,2.34,99997.15,USD,IDEALPRO-001,MARGIN,,"[{'type': 'MarginBalance', 'initial': '0.00', 'maintenance': '2.34', 'currency': 'USD', 'instrument_id': 'EUR/USD.IDEALPRO'}]",False,{}
100000.00,0.00,100000.00,EUR,IDEALPRO-001,MARGIN,,"[{'type': 'MarginBalance', 'initial': '0.00', 'maintenance': '2.34', 'currency': 'USD', 'instrument_id': 'EUR/USD.IDEALPRO'}]",False,{}
99999.48,0.00,99999.48,USD,IDEALPRO-001,MARGIN,,[],False,{}
100000.00,0.00,100000.00,EUR,IDEALPRO-001,MARGIN,,[],False,{}
99999.48,0.00,99999.48,USD,IDEALPRO-001,MARGIN,,[],False,{}
100000.00,0.00,100000.00,EUR,IDEALPRO-001,MARGIN,,[],False,{}
99999.48,0.00,99999.48,USD,IDEALPRO-001,MARGIN,,[],False,{}
100000.00,0.00,100000.00,EUR,IDEALPRO-001,MARGIN,,[],False,{}
99999.48,0.00,99999.48,USD,IDEALPRO-001,MARGIN,,[],False,{}
100000.00,0.00,100000.00,EUR,IDEALPRO-001,MARGIN,,[],False,{}
99999.48,0.00,99999.48,USD,IDEALPRO-001,MARGIN,,[],False,{}
100000.00,0.00,100000.00,EUR,IDEALPRO-001,MARGIN,,[],False,{}
99999.48,0.00,99999.48,USD,IDEALPRO-001,MARGIN,,[],False,{}
100000.00,0.00,100000.00,EUR,IDEALPRO-001,MARGIN,,[],False,{}
99999.48,2.34,99997.14,USD,IDEALPRO-001,MARGIN,,"[{'type': 'MarginBalance', 'initial': '0.00', 'maintenance': '2.34', 'currency': 'USD', 'instrument_id': 'EUR/USD.IDEALPRO'}]",False,{}
100000.00,0.00,100000.00,EUR,IDEALPRO-001,MARGIN,,"[{'type': 'MarginBalance', 'initial': '0.00', 'maintenance': '2.34', 'currency': 'USD', 'instrument_id': 'EUR/USD.IDEALPRO'}]",False,{}
99999.48,2.34,99997.14,USD,IDEALPRO-001,MARGIN,,"[{'type': 'MarginBalance', 'initial': '0.00', 'maintenance': '2.34', 'currency': 'USD', 'instrument_id': 'EUR/USD.IDEALPRO'}]",False,{}
100000.00,0.00,100000.00,EUR,IDEALPRO-001,MARGIN,,"[{'type': 'MarginBalance', 'initial': '0.00', 'maintenance': '2.34', 'currency': 'USD', 'instrument_id': 'EUR/USD.IDEALPRO'}]",False,{}
99999.48,2.34,99997.14,USD,IDEALPRO-001,MARGIN,,"[{'type': 'MarginBalance', 'initial': '0.00', 'maintenance': '2.34', 'currency': 'USD', 'instrument_id': 'EUR/USD.IDEALPRO'}]",False,{}
100000.00,0.00,100000.00,EUR,IDEALPRO-001,MARGIN,,"[{'type': 'MarginBalance', 'initial': '0.00', 'maintenance': '2.34', 'currency': 'USD', 'instrument_id': 'EUR/USD.IDEALPRO'}]",False,{}
99999.78,0.00,99999.78,USD,IDEALPRO-001,MARGIN,,[],False,{}
100000.00,0.00,100000.00,EUR,IDEALPRO-001,MARGIN,,[],False,{}
99999.78,0.00,99999.78,USD,IDEALPRO-001,MARGIN,,[],False,{}
100000.00,0.00,100000.00,EUR,IDEALPRO-001,MARGIN,,[],False,{}
99999.78,0.00,99999.78,USD,IDEALPRO-001,MARGIN,,[],False,{}
100000.00,0.00,100000.00,EUR,IDEALPRO-001,MARGIN,,[],False,{}
99999.78,0.00,99999.78,USD,IDEALPRO-001,MARGIN,,[],False,{}
100000.00,0.00,100000.00,EUR,IDEALPRO-001,MARGIN,,[],False,{}
99999.78,0.00,99999.78,USD,IDEALPRO-001,MARGIN,,[],False,{}
100000.00,0.00,100000.00,EUR,IDEALPRO-001,MARGIN,,[],False,{}
99999.78,2.33,99997.45,USD,IDEALPRO-001,MARGIN,,"[{'type': 'MarginBalance', 'initial': '0.00', 'maintenance': '2.33', 'currency': 'USD', 'instrument_id': 'EUR/USD.IDEALPRO'}]",False,{}
100000.00,0.00,100000.00,EUR,IDEALPRO-001,MARGIN,,"[{'type': 'MarginBalance', 'initial': '0.00', 'maintenance': '2.33', 'currency': 'USD', 'instrument_id': 'EUR/USD.IDEALPRO'}]",False,{}
99999.78,2.33,99997.45,USD,IDEALPRO-001,MARGIN,,"[{'type': 'MarginBalance', 'initial': '0.00', 'maintenance': '2.33', 'currency': 'USD', 'instrument_id': 'EUR/USD.IDEALPRO'}]",False,{}
100000.00,0.00,100000.00,EUR,IDEALPRO-001,MARGIN,,"[{'type': 'MarginBalance', 'initial': '0.00', 'maintenance': '2.33', 'currency': 'USD', 'instrument_id': 'EUR/USD.IDEALPRO'}]",False,{}
99999.78,2.33,99997.45,USD,IDEALPRO-001,MARGIN,,"[{'type': 'MarginBalance', 'initial': '0.00', 'maintenance': '2.33', 'currency': 'USD', 'instrument_id': 'EUR/USD.IDEALPRO'}]",False,{}
100000.00,0.00,100000.00,EUR,IDEALPRO-001,MARGIN,,"[{'type': 'MarginBalance', 'initial': '0.00', 'maintenance': '2.33', 'currency': 'USD', 'instrument_id': 'EUR/USD.IDEALPRO'}]",False,{}
99999.78,2.33,99997.45,USD,IDEALPRO-001,MARGIN,,"[{'type': 'MarginBalance', 'initial': '0.00', 'maintenance': '2.33', 'currency': 'USD', 'instrument_id': 'EUR/USD.IDEALPRO'}]",False,{}
100000.00,0.00,100000.00,EUR,IDEALPRO-001,MARGIN,,"[{'type': 'MarginBalance', 'initial': '0.00', 'maintenance': '2.33', 'currency': 'USD', 'instrument_id': 'EUR/USD.IDEALPRO'}]",False,{}
99999.80,0.00,99999.80,USD,IDEALPRO-001,MARGIN,,[],False,{}
100000.00,0.00,100000.00,EUR,IDEALPRO-001,MARGIN,,[],False,{}
99999.80,0.00,99999.80,USD,IDEALPRO-001,MARGIN,,[],False,{}
100000.00,0.00,100000.00,EUR,IDEALPRO-001,MARGIN,,[],False,{}
99999.80,0.00,99999.80,USD,IDEALPRO-001,MARGIN,,[],False,{}
100000.00,0.00,100000.00,EUR,IDEALPRO-001,MARGIN,,[],False,{}
99999.80,0.00,99999.80,USD,IDEALPRO-001,MARGIN,,[],False,{}
100000.00,0.00,100000.00,EUR,IDEALPRO-001,MARGIN,,[],False,{}
99999.80,0.00,99999.80,USD,IDEALPRO-001,MARGIN,,[],False,{}
100000.00,0.00,100000.00,EUR,IDEALPRO-001,MARGIN,,[],False,{}
99999.80,0.00,99999.80,USD,IDEALPRO-001,MARGIN,,[],False,{}
100000.00,0.00,100000.00,EUR,IDEALPRO-001,MARGIN,,[],False,{}
99999.80,2.33,99997.47,USD,IDEALPRO-001,MARGIN,,"[{'type': 'MarginBalance', 'initial': '0.00', 'maintenance': '2.33', 'currency': 'USD', 'instrument_id': 'EUR/USD.IDEALPRO'}]",False,{}
100000.00,0.00,100000.00,EUR,IDEALPRO-001,MARGIN,,"[{'type': 'MarginBalance', 'initial': '0.00', 'maintenance': '2.33', 'currency': 'USD', 'instrument_id': 'EUR/USD.IDEALPRO'}]",False,{}
99999.80,2.33,99997.47,USD,IDEALPRO-001,MARGIN,,"[{'type': 'MarginBalance', 'initial': '0.00', 'maintenance': '2.33', 'currency': 'USD', 'instrument_id': 'EUR/USD.IDEALPRO'}]",False,{}
100000.00,0.00,100000.00,EUR,IDEALPRO-001,MARGIN,,"[{'type': 'MarginBalance', 'initial': '0.00', 'maintenance': '2.33', 'currency': 'USD', 'instrument_id': 'EUR/USD.IDEALPRO'}]",False,{}
99999.80,2.33,99997.47,USD,IDEALPRO-001,MARGIN,,"[{'type': 'MarginBalance', 'initial': '0.00', 'maintenance': '2.33', 'currency': 'USD', 'instrument_id': 'EUR/USD.IDEALPRO'}]",False,{}
100000.00,0.00,100000.00,EUR,IDEALPRO-001,MARGIN,,"[{'type': 'MarginBalance', 'initial': '0.00', 'maintenance': '2.33', 'currency': 'USD', 'instrument_id': 'EUR/USD.IDEALPRO'}]",False,{}
99999.74,0.00,99999.74,USD,IDEALPRO-001,MARGIN,,[],False,{}
100000.00,0.00,100000.00,EUR,IDEALPRO-001,MARGIN,,[],False,{}
99999.74,0.00,99999.74,USD,IDEALPRO-001,MARGIN,,[],False,{}
100000.00,0.00,100000.00,EUR,IDEALPRO-001,MARGIN,,[],False,{}
99999.74,0.00,99999.74,USD,IDEALPRO-001,MARGIN,,[],False,{}
100000.00,0.00,100000.00,EUR,IDEALPRO-001,MARGIN,,[],False,{}
99999.74,0.00,99999.74,USD,IDEALPRO-001,MARGIN,,[],False,{}
100000.00,0.00,100000.00,EUR,IDEALPRO-001,MARGIN,,[],False,{}
99999.74,0.00,99999.74,USD,IDEALPRO-001,MARGIN,,[],False,{}
100000.00,0.00,100000.00,EUR,IDEALPRO-001,MARGIN,,[],False,{}
99999.74,2.33,99997.41,USD,IDEALPRO-001,MARGIN,,"[{'type': 'MarginBalance', 'initial': '0.00', 'maintenance': '2.33', 'currency': 'USD', 'instrument_id': 'EUR/USD.IDEALPRO'}]",False,{}
100000.00,0.00,100000.00,EUR,IDEALPRO-001,MARGIN,,"[{'type': 'MarginBalance', 'initial': '0.00', 'maintenance': '2.33', 'currency': 'USD', 'instrument_id': 'EUR/USD.IDEALPRO'}]",False,{}
99999.74,2.33,99997.41,USD,IDEALPRO-001,MARGIN,,"[{'type': 'MarginBalance', 'initial': '0.00', 'maintenance': '2.33', 'currency': 'USD', 'instrument_id': 'EUR/USD.IDEALPRO'}]",False,{}
100000.00,0.00,100000.00,EUR,IDEALPRO-001,MARGIN,,"[{'type': 'MarginBalance', 'initial': '0.00', 'maintenance': '2.33', 'currency': 'USD', 'instrument_id': 'EUR/USD.IDEALPRO'}]",False,{}
99999.74,2.33,99997.41,USD,IDEALPRO-001,MARGIN,,"[{'type': 'MarginBalance', 'initial': '0.00', 'maintenance': '2.33', 'currency': 'USD', 'instrument_id': 'EUR/USD.IDEALPRO'}]",False,{}
100000.00,0.00,100000.00,EUR,IDEALPRO-001,MARGIN,,"[{'type': 'MarginBalance', 'initial': '0.00', 'maintenance': '2.33', 'currency': 'USD', 'instrument_id': 'EUR/USD.IDEALPRO'}]",False,{}
99999.68,0.00,99999.68,USD,IDEALPRO-001,MARGIN,,[],False,{}
100000.00,0.00,100000.00,EUR,IDEALPRO-001,MARGIN,,[],False,{}
99999.68,0.00,99999.68,USD,IDEALPRO-001,MARGIN,,[],False,{}
100000.00,0.00,100000.00,EUR,IDEALPRO-001,MARGIN,,[],False,{}
99999.68,0.00,99999.68,USD,IDEALPRO-001,MARGIN,,[],False,{}
100000.00,0.00,100000.00,EUR,IDEALPRO-001,MARGIN,,[],False,{}
99999.68,0.00,99999.68,USD,IDEALPRO-001,MARGIN,,[],False,{}
100000.00,0.00,100000.00,EUR,IDEALPRO-001,MARGIN,,[],False,{}
99999.68,0.00,99999.68,USD,IDEALPRO-001,MARGIN,,[],False,{}
100000.00,0.00,100000.00,EUR,IDEALPRO-001,MARGIN,,[],False,{}
99999.68,2.33,99997.35,USD,IDEALPRO-001,MARGIN,,"[{'type': 'MarginBalance', 'initial': '0.00', 'maintenance': '2.33', 'currency': 'USD', 'instrument_id': 'EUR/USD.IDEALPRO'}]",False,{}
100000.00,0.00,100000.00,EUR,IDEALPRO-001,MARGIN,,"[{'type': 'MarginBalance', 'initial': '0.00', 'maintenance': '2.33', 'currency': 'USD', 'instrument_id': 'EUR/USD.IDEALPRO'}]",False,{}
99999.68,2.33,99997.35,USD,IDEALPRO-001,MARGIN,,"[{'type': 'MarginBalance', 'initial': '0.00', 'maintenance': '2.33', 'currency': 'USD', 'instrument_id': 'EUR/USD.IDEALPRO'}]",False,{}
100000.00,0.00,100000.00,EUR,IDEALPRO-001,MARGIN,,"[{'type': 'MarginBalance', 'initial': '0.00', 'maintenance': '2.33', 'currency': 'USD', 'instrument_id': 'EUR/USD.IDEALPRO'}]",False,{}
99999.68,2.33,99997.35,USD,IDEALPRO-001,MARGIN,,"[{'type': 'MarginBalance', 'initial': '0.00', 'maintenance': '2.33', 'currency': 'USD', 'instrument_id': 'EUR/USD.IDEALPRO'}]",False,{}
100000.00,0.00,100000.00,EUR,IDEALPRO-001,MARGIN,,"[{'type': 'MarginBalance', 'initial': '0.00', 'maintenance': '2.33', 'currency': 'USD', 'instrument_id': 'EUR/USD.IDEALPRO'}]",False,{}
99999.68,2.33,99997.35,USD,IDEALPRO-001,MARGIN,,"[{'type': 'MarginBalance', 'initial': '0.00', 'maintenance': '2.33', 'currency': 'USD', 'instrument_id': 'EUR/USD.IDEALPRO'}]",False,{}
100000.00,0.00,100000.00,EUR,IDEALPRO-001,MARGIN,,"[{'type': 'MarginBalance', 'initial': '0.00', 'maintenance': '2.33', 'currency': 'USD', 'instrument_id': 'EUR/USD.IDEALPRO'}]",False,{}
99999.66,0.00,99999.66,USD,IDEALPRO-001,MARGIN,,[],False,{}
100000.00,0.00,100000.00,EUR,IDEALPRO-001,MARGIN,,[],False,{}
99999.66,0.00,99999.66,USD,IDEALPRO-001,MARGIN,,[],False,{}
100000.00,0.00,100000.00,EUR,IDEALPRO-001,MARGIN,,[],False,{}
99999.66,0.00,99999.66,USD,IDEALPRO-001,MARGIN,,[],False,{}
100000.00,0.00,100000.00,EUR,IDEALPRO-001,MARGIN,,[],False,{}
99999.66,0.00,99999.66,USD,IDEALPRO-001,MARGIN,,[],False,{}
100000.00,0.00,100000.00,EUR,IDEALPRO-001,MARGIN,,[],False,{}
99999.66,0.00,99999.66,USD,IDEALPRO-001,MARGIN,,[],False,{}
100000.00,0.00,100000.00,EUR,IDEALPRO-001,MARGIN,,[],False,{}
99999.66,0.00,99999.66,USD,IDEALPRO-001,MARGIN,,[],False,{}
100000.00,0.00,100000.00,EUR,IDEALPRO-001,MARGIN,,[],False,{}
99999.66,2.33,99997.33,USD,IDEALPRO-001,MARGIN,,"[{'type': 'MarginBalance', 'initial': '0.00', 'maintenance': '2.33', 'currency': 'USD', 'instrument_id': 'EUR/USD.IDEALPRO'}]",False,{}
100000.00,0.00,100000.00,EUR,IDEALPRO-001,MARGIN,,"[{'type': 'MarginBalance', 'initial': '0.00', 'maintenance': '2.33', 'currency': 'USD', 'instrument_id': 'EUR/USD.IDEALPRO'}]",False,{}
99999.66,2.33,99997.33,USD,IDEALPRO-001,MARGIN,,"[{'type': 'MarginBalance', 'initial': '0.00', 'maintenance': '2.33', 'currency': 'USD', 'instrument_id': 'EUR/USD.IDEALPRO'}]",False,{}
100000.00,0.00,100000.00,EUR,IDEALPRO-001,MARGIN,,"[{'type': 'MarginBalance', 'initial': '0.00', 'maintenance': '2.33', 'currency': 'USD', 'instrument_id': 'EUR/USD.IDEALPRO'}]",False,{}
99999.66,2.33,99997.33,USD,IDEALPRO-001,MARGIN,,"[{'type': 'MarginBalance', 'initial': '0.00', 'maintenance': '2.33', 'currency': 'USD', 'instrument_id': 'EUR/USD.IDEALPRO'}]",False,{}
100000.00,0.00,100000.00,EUR,IDEALPRO-001,MARGIN,,"[{'type': 'MarginBalance', 'initial': '0.00', 'maintenance': '2.33', 'currency': 'USD', 'instrument_id': 'EUR/USD.IDEALPRO'}]",False,{}
99999.66,2.33,99997.33,USD,IDEALPRO-001,MARGIN,,"[{'type': 'MarginBalance', 'initial': '0.00', 'maintenance': '2.33', 'currency': 'USD', 'instrument_id': 'EUR/USD.IDEALPRO'}]",False,{}
100000.00,0.00,100000.00,EUR,IDEALPRO-001,MARGIN,,"[{'type': 'MarginBalance', 'initial': '0.00', 'maintenance': '2.33', 'currency': 'USD', 'instrument_id': 'EUR/USD.IDEALPRO'}]",False,{}
99999.77,0.00,99999.77,USD,IDEALPRO-001,MARGIN,,[],False,{}
100000.00,0.00,100000.00,EUR,IDEALPRO-001,MARGIN,,[],False,{}
99999.77,0.00,99999.77,USD,IDEALPRO-001,MARGIN,,[],False,{}
100000.00,0.00,100000.00,EUR,IDEALPRO-001,MARGIN,,[],False,{}
99999.77,0.00,99999.77,USD,IDEALPRO-001,MARGIN,,[],False,{}
100000.00,0.00,100000.00,EUR,IDEALPRO-001,MARGIN,,[],False,{}
99999.77,0.00,99999.77,USD,IDEALPRO-001,MARGIN,,[],False,{}
100000.00,0.00,100000.00,EUR,IDEALPRO-001,MARGIN,,[],False,{}
99999.77,0.00,99999.77,USD,IDEALPRO-001,MARGIN,,[],False,{}
100000.00,0.00,100000.00,EUR,IDEALPRO-001,MARGIN,,[],False,{}
99999.77,0.00,99999.77,USD,IDEALPRO-001,MARGIN,,[],False,{}
100000.00,0.00,100000.00,EUR,IDEALPRO-001,MARGIN,,[],False,{}
99999.77,2.34,99997.43,USD,IDEALPRO-001,MARGIN,,"[{'type': 'MarginBalance', 'initial': '0.00', 'maintenance': '2.34', 'currency': 'USD', 'instrument_id': 'EUR/USD.IDEALPRO'}]",False,{}
100000.00,0.00,100000.00,EUR,IDEALPRO-001,MARGIN,,"[{'type': 'MarginBalance', 'initial': '0.00', 'maintenance': '2.34', 'currency': 'USD', 'instrument_id': 'EUR/USD.IDEALPRO'}]",False,{}
99999.77,2.34,99997.43,USD,IDEALPRO-001,MARGIN,,"[{'type': 'MarginBalance', 'initial': '0.00', 'maintenance': '2.34', 'currency': 'USD', 'instrument_id': 'EUR/USD.IDEALPRO'}]",False,{}
100000.00,0.00,100000.00,EUR,IDEALPRO-001,MARGIN,,"[{'type': 'MarginBalance', 'initial': '0.00', 'maintenance': '2.34', 'currency': 'USD', 'instrument_id': 'EUR/USD.IDEALPRO'}]",False,{}
99999.77,2.34,99997.43,USD,IDEALPRO-001,MARGIN,,"[{'type': 'MarginBalance', 'initial': '0.00', 'maintenance': '2.34', 'currency': 'USD', 'instrument_id': 'EUR/USD.IDEALPRO'}]",False,{}
100000.00,0.00,100000.00,EUR,IDEALPRO-001,MARGIN,,"[{'type': 'MarginBalance', 'initial': '0.00', 'maintenance': '2.34', 'currency': 'USD', 'instrument_id': 'EUR/USD.IDEALPRO'}]",False,{}
99999.77,2.34,99997.43,USD,IDEALPRO-001,MARGIN,,"[{'type': 'MarginBalance', 'initial': '0.00', 'maintenance': '2.34', 'currency': 'USD', 'instrument_id': 'EUR/USD.IDEALPRO'}]",False,{}
100000.00,0.00,100000.00,EUR,IDEALPRO-001,MARGIN,,"[{'type': 'MarginBalance', 'initial': '0.00', 'maintenance': '2.34', 'currency': 'USD', 'instrument_id': 'EUR/USD.IDEALPRO'}]",False,{}
99999.88,0.00,99999.88,USD,IDEALPRO-001,MARGIN,,[],False,{}
100000.00,0.00,100000.00,EUR,IDEALPRO-001,MARGIN,,[],False,{}
99999.88,0.00,99999.88,USD,IDEALPRO-001,MARGIN,,[],False,{}
100000.00,0.00,100000.00,EUR,IDEALPRO-001,MARGIN,,[],False,{}
99999.88,0.00,99999.88,USD,IDEALPRO-001,MARGIN,,[],False,{}
100000.00,0.00,100000.00,EUR,IDEALPRO-001,MARGIN,,[],False,{}
99999.88,0.00,99999.88,USD,IDEALPRO-001,MARGIN,,[],False,{}
100000.00,0.00,100000.00,EUR,IDEALPRO-001,MARGIN,,[],False,{}
99999.88,0.00,99999.88,USD,IDEALPRO-001,MARGIN,,[],False,{}
100000.00,0.00,100000.00,EUR,IDEALPRO-001,MARGIN,,[],False,{}
99999.88,0.00,99999.88,USD,IDEALPRO-001,MARGIN,,[],False,{}
100000.00,0.00,100000.00,EUR,IDEALPRO-001,MARGIN,,[],False,{}
99999.88,2.34,99997.54,USD,IDEALPRO-001,MARGIN,,"[{'type': 'MarginBalance', 'initial': '0.00', 'maintenance': '2.34', 'currency': 'USD', 'instrument_id': 'EUR/USD.IDEALPRO'}]",False,{}
100000.00,0.00,100000.00,EUR,IDEALPRO-001,MARGIN,,"[{'type': 'MarginBalance', 'initial': '0.00', 'maintenance': '2.34', 'currency': 'USD', 'instrument_id': 'EUR/USD.IDEALPRO'}]",False,{}
99999.88,2.34,99997.54,USD,IDEALPRO-001,MARGIN,,"[{'type': 'MarginBalance', 'initial': '0.00', 'maintenance': '2.34', 'currency': 'USD', 'instrument_id': 'EUR/USD.IDEALPRO'}]",False,{}
100000.00,0.00,100000.00,EUR,IDEALPRO-001,MARGIN,,"[{'type': 'MarginBalance', 'initial': '0.00', 'maintenance': '2.34', 'currency': 'USD', 'instrument_id': 'EUR/USD.IDEALPRO'}]",False,{}
99999.88,2.34,99997.54,USD,IDEALPRO-001,MARGIN,,"[{'type': 'MarginBalance', 'initial': '0.00', 'maintenance': '2.34', 'currency': 'USD', 'instrument_id': 'EUR/USD.IDEALPRO'}]",False,{}
100000.00,0.00,100000.00,EUR,IDEALPRO-001,MARGIN,,"[{'type': 'MarginBalance', 'initial': '0.00', 'maintenance': '2.34', 'currency': 'USD', 'instrument_id': 'EUR/USD.IDEALPRO'}]",False,{}
99999.88,2.34,99997.54,USD,IDEALPRO-001,MARGIN,,"[{'type': 'MarginBalance', 'initial': '0.00', 'maintenance': '2.34', 'currency': 'USD', 'instrument_id': 'EUR/USD.IDEALPRO'}]",False,{}
100000.00,0.00,100000.00,EUR,IDEALPRO-001,MARGIN,,"[{'type': 'MarginBalance', 'initial': '0.00', 'maintenance': '2.34', 'currency': 'USD', 'instrument_id': 'EUR/USD.IDEALPRO'}]",False,{}
99999.87,0.00,99999.87,USD,IDEALPRO-001,MARGIN,,[],False,{}
100000.00,0.00,100000.00,EUR,IDEALPRO-001,MARGIN,,[],False,{}
99999.87,0.00,99999.87,USD,IDEALPRO-001,MARGIN,,[],False,{}
100000.00,0.00,100000.00,EUR,IDEALPRO-001,MARGIN,,[],False,{}
99999.87,0.00,99999.87,USD,IDEALPRO-001,MARGIN,,[],False,{}
100000.00,0.00,100000.00,EUR,IDEALPRO-001,MARGIN,,[],False,{}
99999.87,0.00,99999.87,USD,IDEALPRO-001,MARGIN,,[],False,{}
100000.00,0.00,100000.00,EUR,IDEALPRO-001,MARGIN,,[],False,{}
99999.87,0.00,99999.87,USD,IDEALPRO-001,MARGIN,,[],False,{}
100000.00,0.00,100000.00,EUR,IDEALPRO-001,MARGIN,,[],False,{}
99999.87,0.00,99999.87,USD,IDEALPRO-001,MARGIN,,[],False,{}
100000.00,0.00,100000.00,EUR,IDEALPRO-001,MARGIN,,[],False,{}
99999.87,2.34,99997.53,USD,IDEALPRO-001,MARGIN,,"[{'type': 'MarginBalance', 'initial': '0.00', 'maintenance': '2.34', 'currency': 'USD', 'instrument_id': 'EUR/USD.IDEALPRO'}]",False,{}
100000.00,0.00,100000.00,EUR,IDEALPRO-001,MARGIN,,"[{'type': 'MarginBalance', 'initial': '0.00', 'maintenance': '2.34', 'currency': 'USD', 'instrument_id': 'EUR/USD.IDEALPRO'}]",False,{}
99999.87,2.34,99997.53,USD,IDEALPRO-001,MARGIN,,"[{'type': 'MarginBalance', 'initial': '0.00', 'maintenance': '2.34', 'currency': 'USD', 'instrument_id': 'EUR/USD.IDEALPRO'}]",False,{}
100000.00,0.00,100000.00,EUR,IDEALPRO-001,MARGIN,,"[{'type': 'MarginBalance', 'initial': '0.00', 'maintenance': '2.34', 'currency': 'USD', 'instrument_id': 'EUR/USD.IDEALPRO'}]",False,{}
99999.87,2.34,99997.53,USD,IDEALPRO-001,MARGIN,,"[{'type': 'MarginBalance', 'initial': '0.00', 'maintenance': '2.34', 'currency': 'USD', 'instrument_id': 'EUR/USD.IDEALPRO'}]",False,{}
100000.00,0.00,100000.00,EUR,IDEALPRO-001,MARGIN,,"[{'type': 'MarginBalance', 'initial': '0.00', 'maintenance': '2.34', 'currency': 'USD', 'instrument_id': 'EUR/USD.IDEALPRO'}]",False,{}
99999.87,2.34,99997.53,USD,IDEALPRO-001,MARGIN,,"[{'type': 'MarginBalance', 'initial': '0.00', 'maintenance': '2.34', 'currency': 'USD', 'instrument_id': 'EUR/USD.IDEALPRO'}]",False,{}
100000.00,0.00,100000.00,EUR,IDEALPRO-001,MARGIN,,"[{'type': 'MarginBalance', 'initial': '0.00', 'maintenance': '2.34', 'currency': 'USD', 'instrument_id': 'EUR/USD.IDEALPRO'}]",False,{}
99999.96,0.00,99999.96,USD,IDEALPRO-001,MARGIN,,[],False,{}
100000.00,0.00,100000.00,EUR,IDEALPRO-001,MARGIN,,[],False,{}
99999.96,0.00,99999.96,USD,IDEALPRO-001,MARGIN,,[],False,{}
100000.00,0.00,100000.00,EUR,IDEALPRO-001,MARGIN,,[],False,{}
99999.96,0.00,99999.96,USD,IDEALPRO-001,MARGIN,,[],False,{}
100000.00,0.00,100000.00,EUR,IDEALPRO-001,MARGIN,,[],False,{}
99999.96,0.00,99999.96,USD,IDEALPRO-001,MARGIN,,[],False,{}
100000.00,0.00,100000.00,EUR,IDEALPRO-001,MARGIN,,[],False,{}
99999.96,0.00,99999.96,USD,IDEALPRO-001,MARGIN,,[],False,{}
100000.00,0.00,100000.00,EUR,IDEALPRO-001,MARGIN,,[],False,{}
99999.96,0.00,99999.96,USD,IDEALPRO-001,MARGIN,,[],False,{}
100000.00,0.00,100000.00,EUR,IDEALPRO-001,MARGIN,,[],False,{}
99999.96,2.34,99997.62,USD,IDEALPRO-001,MARGIN,,"[{'type': 'MarginBalance', 'initial': '0.00', 'maintenance': '2.34', 'currency': 'USD', 'instrument_id': 'EUR/USD.IDEALPRO'}]",False,{}
100000.00,0.00,100000.00,EUR,IDEALPRO-001,MARGIN,,"[{'type': 'MarginBalance', 'initial': '0.00', 'maintenance': '2.34', 'currency': 'USD', 'instrument_id': 'EUR/USD.IDEALPRO'}]",False,{}
99999.96,2.34,99997.62,USD,IDEALPRO-001,MARGIN,,"[{'type': 'MarginBalance', 'initial': '0.00', 'maintenance': '2.34', 'currency': 'USD', 'instrument_id': 'EUR/USD.IDEALPRO'}]",False,{}
100000.00,0.00,100000.00,EUR,IDEALPRO-001,MARGIN,,"[{'type': 'MarginBalance', 'initial': '0.00', 'maintenance': '2.34', 'currency': 'USD', 'instrument_id': 'EUR/USD.IDEALPRO'}]",False,{}
99999.96,2.34,99997.62,USD,IDEALPRO-001,MARGIN,,"[{'type': 'MarginBalance', 'initial': '0.00', 'maintenance': '2.34', 'currency': 'USD', 'instrument_id': 'EUR/USD.IDEALPRO'}]",False,{}
100000.00,0.00,100000.00,EUR,IDEALPRO-001,MARGIN,,"[{'type': 'MarginBalance', 'initial': '0.00', 'maintenance': '2.34', 'currency': 'USD', 'instrument_id': 'EUR/USD.IDEALPRO'}]",False,{}
99999.96,2.34,99997.62,USD,IDEALPRO-001,MARGIN,,"[{'type': 'MarginBalance', 'initial': '0.00', 'maintenance': '2.34', 'currency': 'USD', 'instrument_id': 'EUR/USD.IDEALPRO'}]",False,{}
100000.00,0.00,100000.00,EUR,IDEALPRO-001,MARGIN,,"[{'type': 'MarginBalance', 'initial': '0.00', 'maintenance': '2.34', 'currency': 'USD', 'instrument_id': 'EUR/USD.IDEALPRO'}]",False,{}
99999.93,0.00,99999.93,USD,IDEALPRO-001,MARGIN,,[],False,{}
100000.00,0.00,100000.00,EUR,IDEALPRO-001,MARGIN,,[],False,{}
99999.93,0.00,99999.93,USD,IDEALPRO-001,MARGIN,,[],False,{}
100000.00,0.00,100000.00,EUR,IDEALPRO-001,MARGIN,,[],False,{}
99999.93,0.00,99999.93,USD,IDEALPRO-001,MARGIN,,[],False,{}
100000.00,0.00,100000.00,EUR,IDEALPRO-001,MARGIN,,[],False,{}
99999.93,0.00,99999.93,USD,IDEALPRO-001,MARGIN,,[],False,{}
100000.00,0.00,100000.00,EUR,IDEALPRO-001,MARGIN,,[],False,{}
99999.93,0.00,99999.93,USD,IDEALPRO-001,MARGIN,,[],False,{}
100000.00,0.00,100000.00,EUR,IDEALPRO-001,MARGIN,,[],False,{}
99999.93,0.00,99999.93,USD,IDEALPRO-001,MARGIN,,[],False,{}
100000.00,0.00,100000.00,EUR,IDEALPRO-001,MARGIN,,[],False,{}
99999.93,2.34,99997.59,USD,IDEALPRO-001,MARGIN,,"[{'type': 'MarginBalance', 'initial': '0.00', 'maintenance': '2.34', 'currency': 'USD', 'instrument_id': 'EUR/USD.IDEALPRO'}]",False,{}
100000.00,0.00,100000.00,EUR,IDEALPRO-001,MARGIN,,"[{'type': 'MarginBalance', 'initial': '0.00', 'maintenance': '2.34', 'currency': 'USD', 'instrument_id': 'EUR/USD.IDEALPRO'}]",False,{}
99999.93,2.34,99997.59,USD,IDEALPRO-001,MARGIN,,"[{'type': 'MarginBalance', 'initial': '0.00', 'maintenance': '2.34', 'currency': 'USD', 'instrument_id': 'EUR/USD.IDEALPRO'}]",False,{}
100000.00,0.00,100000.00,EUR,IDEALPRO-001,MARGIN,,"[{'type': 'MarginBalance', 'initial': '0.00', 'maintenance': '2.34', 'currency': 'USD', 'instrument_id': 'EUR/USD.IDEALPRO'}]",False,{}
99999.93,2.34,99997.59,USD,IDEALPRO-001,MARGIN,,"[{'type': 'MarginBalance', 'initial': '0.00', 'maintenance': '2.34', 'currency': 'USD', 'instrument_id': 'EUR/USD.IDEALPRO'}]",False,{}
100000.00,0.00,100000.00,EUR,IDEALPRO-001,MARGIN,,"[{'type': 'MarginBalance', 'initial': '0.00', 'maintenance': '2.34', 'currency': 'USD', 'instrument_id': 'EUR/USD.IDEALPRO'}]",False,{}
99999.93,2.34,99997.59,USD,IDEALPRO-001,MARGIN,,"[{'type': 'MarginBalance', 'initial': '0.00', 'maintenance': '2.34', 'currency': 'USD', 'instrument_id': 'EUR/USD.IDEALPRO'}]",False,{}
100000.00,0.00,100000.00,EUR,IDEALPRO-001,MARGIN,,"[{'type': 'MarginBalance', 'initial': '0.00', 'maintenance': '2.34', 'currency': 'USD', 'instrument_id': 'EUR/USD.IDEALPRO'}]",False,{}
99999.95,0.00,99999.95,USD,IDEALPRO-001,MARGIN,,[],False,{}
100000.00,0.00,100000.00,EUR,IDEALPRO-001,MARGIN,,[],False,{}
99999.95,0.00,99999.95,USD,IDEALPRO-001,MARGIN,,[],False,{}
100000.00,0.00,100000.00,EUR,IDEALPRO-001,MARGIN,,[],False,{}
99999.95,0.00,99999.95,USD,IDEALPRO-001,MARGIN,,[],False,{}
100000.00,0.00,100000.00,EUR,IDEALPRO-001,MARGIN,,[],False,{}
99999.95,0.00,99999.95,USD,IDEALPRO-001,MARGIN,,[],False,{}
100000.00,0.00,100000.00,EUR,IDEALPRO-001,MARGIN,,[],False,{}
99999.95,0.00,99999.95,USD,IDEALPRO-001,MARGIN,,[],False,{}
100000.00,0.00,100000.00,EUR,IDEALPRO-001,MARGIN,,[],False,{}
99999.95,0.00,99999.95,USD,IDEALPRO-001,MARGIN,,[],False,{}
100000.00,0.00,100000.00,EUR,IDEALPRO-001,MARGIN,,[],False,{}
99999.95,2.34,99997.61,USD,IDEALPRO-001,MARGIN,,"[{'type': 'MarginBalance', 'initial': '0.00', 'maintenance': '2.34', 'currency': 'USD', 'instrument_id': 'EUR/USD.IDEALPRO'}]",False,{}
100000.00,0.00,100000.00,EUR,IDEALPRO-001,MARGIN,,"[{'type': 'MarginBalance', 'initial': '0.00', 'maintenance': '2.34', 'currency': 'USD', 'instrument_id': 'EUR/USD.IDEALPRO'}]",False,{}
99999.95,2.34,99997.61,USD,IDEALPRO-001,MARGIN,,"[{'type': 'MarginBalance', 'initial': '0.00', 'maintenance': '2.34', 'currency': 'USD', 'instrument_id': 'EUR/USD.IDEALPRO'}]",False,{}
100000.00,0.00,100000.00,EUR,IDEALPRO-001,MARGIN,,"[{'type': 'MarginBalance', 'initial': '0.00', 'maintenance': '2.34', 'currency': 'USD', 'instrument_id': 'EUR/USD.IDEALPRO'}]",False,{}
99999.95,2.34,99997.61,USD,IDEALPRO-001,MARGIN,,"[{'type': 'MarginBalance', 'initial': '0.00', 'maintenance': '2.34', 'currency': 'USD', 'instrument_id': 'EUR/USD.IDEALPRO'}]",False,{}
100000.00,0.00,100000.00,EUR,IDEALPRO-001,MARGIN,,"[{'type': 'MarginBalance', 'initial': '0.00', 'maintenance': '2.34', 'currency': 'USD', 'instrument_id': 'EUR/USD.IDEALPRO'}]",False,{}
99999.95,2.34,99997.61,USD,IDEALPRO-001,MARGIN,,"[{'type': 'MarginBalance', 'initial': '0.00', 'maintenance': '2.34', 'currency': 'USD', 'instrument_id': 'EUR/USD.IDEALPRO'}]",False,{}
100000.00,0.00,100000.00,EUR,IDEALPRO-001,MARGIN,,"[{'type': 'MarginBalance', 'initial': '0.00', 'maintenance': '2.34', 'currency': 'USD', 'instrument_id': 'EUR/USD.IDEALPRO'}]",False,{}
99999.93,0.00,99999.93,USD,IDEALPRO-001,MARGIN,,[],False,{}
100000.00,0.00,100000.00,EUR,IDEALPRO-001,MARGIN,,[],False,{}
99999.93,0.00,99999.93,USD,IDEALPRO-001,MARGIN,,[],False,{}
100000.00,0.00,100000.00,EUR,IDEALPRO-001,MARGIN,,[],False,{}
99999.93,0.00,99999.93,USD,IDEALPRO-001,MARGIN,,[],False,{}
100000.00,0.00,100000.00,EUR,IDEALPRO-001,MARGIN,,[],False,{}
99999.93,0.00,99999.93,USD,IDEALPRO-001,MARGIN,,[],False,{}
100000.00,0.00,100000.00,EUR,IDEALPRO-001,MARGIN,,[],False,{}
99999.93,0.00,99999.93,USD,IDEALPRO-001,MARGIN,,[],False,{}
100000.00,0.00,100000.00,EUR,IDEALPRO-001,MARGIN,,[],False,{}
99999.93,0.00,99999.93,USD,IDEALPRO-001,MARGIN,,[],False,{}
100000.00,0.00,100000.00,EUR,IDEALPRO-001,MARGIN,,[],False,{}
99999.93,2.34,99997.59,USD,IDEALPRO-001,MARGIN,,"[{'type': 'MarginBalance', 'initial': '0.00', 'maintenance': '2.34', 'currency': 'USD', 'instrument_id': 'EUR/USD.IDEALPRO'}]",False,{}
100000.00,0.00,100000.00,EUR,IDEALPRO-001,MARGIN,,"[{'type': 'MarginBalance', 'initial': '0.00', 'maintenance': '2.34', 'currency': 'USD', 'instrument_id': 'EUR/USD.IDEALPRO'}]",False,{}
99999.93,2.34,99997.59,USD,IDEALPRO-001,MARGIN,,"[{'type': 'MarginBalance', 'initial': '0.00', 'maintenance': '2.34', 'currency': 'USD', 'instrument_id': 'EUR/USD.IDEALPRO'}]",False,{}
100000.00,0.00,100000.00,EUR,IDEALPRO-001,MARGIN,,"[{'type': 'MarginBalance', 'initial': '0.00', 'maintenance': '2.34', 'currency': 'USD', 'instrument_id': 'EUR/USD.IDEALPRO'}]",False,{}
99999.93,2.34,99997.59,USD,IDEALPRO-001,MARGIN,,"[{'type': 'MarginBalance', 'initial': '0.00', 'maintenance': '2.34', 'currency': 'USD', 'instrument_id': 'EUR/USD.IDEALPRO'}]",False,{}
100000.00,0.00,100000.00,EUR,IDEALPRO-001,MARGIN,,"[{'type': 'MarginBalance', 'initial': '0.00', 'maintenance': '2.34', 'currency': 'USD', 'instrument_id': 'EUR/USD.IDEALPRO'}]",False,{}
99999.93,2.34,99997.59,USD,IDEALPRO-001,MARGIN,,"[{'type': 'MarginBalance', 'initial': '0.00', 'maintenance': '2.34', 'currency': 'USD', 'instrument_id': 'EUR/USD.IDEALPRO'}]",False,{}
100000.00,0.00,100000.00,EUR,IDEALPRO-001,MARGIN,,"[{'type': 'MarginBalance', 'initial': '0.00', 'maintenance': '2.34', 'currency': 'USD', 'instrument_id': 'EUR/USD.IDEALPRO'}]",False,{}
99999.91,0.00,99999.91,USD,IDEALPRO-001,MARGIN,,[],False,{}
100000.00,0.00,100000.00,EUR,IDEALPRO-001,MARGIN,,[],False,{}
99999.91,0.00,99999.91,USD,IDEALPRO-001,MARGIN,,[],False,{}
100000.00,0.00,100000.00,EUR,IDEALPRO-001,MARGIN,,[],False,{}
99999.91,0.00,99999.91,USD,IDEALPRO-001,MARGIN,,[],False,{}
100000.00,0.00,100000.00,EUR,IDEALPRO-001,MARGIN,,[],False,{}
99999.91,0.00,99999.91,USD,IDEALPRO-001,MARGIN,,[],False,{}
100000.00,0.00,100000.00,EUR,IDEALPRO-001,MARGIN,,[],False,{}
99999.91,0.00,99999.91,USD,IDEALPRO-001,MARGIN,,[],False,{}
100000.00,0.00,100000.00,EUR,IDEALPRO-001,MARGIN,,[],False,{}
99999.91,0.00,99999.91,USD,IDEALPRO-001,MARGIN,,[],False,{}
100000.00,0.00,100000.00,EUR,IDEALPRO-001,MARGIN,,[],False,{}
99999.91,2.34,99997.57,USD,IDEALPRO-001,MARGIN,,"[{'type': 'MarginBalance', 'initial': '0.00', 'maintenance': '2.34', 'currency': 'USD', 'instrument_id': 'EUR/USD.IDEALPRO'}]",False,{}
100000.00,0.00,100000.00,EUR,IDEALPRO-001,MARGIN,,"[{'type': 'MarginBalance', 'initial': '0.00', 'maintenance': '2.34', 'currency': 'USD', 'instrument_id': 'EUR/USD.IDEALPRO'}]",False,{}
99999.91,2.34,99997.57,USD,IDEALPRO-001,MARGIN,,"[{'type': 'MarginBalance', 'initial': '0.00', 'maintenance': '2.34', 'currency': 'USD', 'instrument_id': 'EUR/USD.IDEALPRO'}]",False,{}
100000.00,0.00,100000.00,EUR,IDEALPRO-001,MARGIN,,"[{'type': 'MarginBalance', 'initial': '0.00', 'maintenance': '2.34', 'currency': 'USD', 'instrument_id': 'EUR/USD.IDEALPRO'}]",False,{}
99999.91,2.34,99997.57,USD,IDEALPRO-001,MARGIN,,"[{'type': 'MarginBalance', 'initial': '0.00', 'maintenance': '2.34', 'currency': 'USD', 'instrument_id': 'EUR/USD.IDEALPRO'}]",False,{}
100000.00,0.00,100000.00,EUR,IDEALPRO-001,MARGIN,,"[{'type': 'MarginBalance', 'initial': '0.00', 'maintenance': '2.34', 'currency': 'USD', 'instrument_id': 'EUR/USD.IDEALPRO'}]",False,{}
99999.91,2.34,99997.57,USD,IDEALPRO-001,MARGIN,,"[{'type': 'MarginBalance', 'initial': '0.00', 'maintenance': '2.34', 'currency': 'USD', 'instrument_id': 'EUR/USD.IDEALPRO'}]",False,{}
100000.00,0.00,100000.00,EUR,IDEALPRO-001,MARGIN,,"[{'type': 'MarginBalance', 'initial': '0.00', 'maintenance': '2.34', 'currency': 'USD', 'instrument_id': 'EUR/USD.IDEALPRO'}]",False,{}
99999.89,0.00,99999.89,USD,IDEALPRO-001,MARGIN,,[],False,{}
100000.00,0.00,100000.00,EUR,IDEALPRO-001,MARGIN,,[],False,{}
99999.89,0.00,99999.89,USD,IDEALPRO-001,MARGIN,,[],False,{}
100000.00,0.00,100000.00,EUR,IDEALPRO-001,MARGIN,,[],False,{}
99999.89,0.00,99999.89,USD,IDEALPRO-001,MARGIN,,[],False,{}
100000.00,0.00,100000.00,EUR,IDEALPRO-001,MARGIN,,[],False,{}
99999.89,0.00,99999.89,USD,IDEALPRO-001,MARGIN,,[],False,{}
100000.00,0.00,100000.00,EUR,IDEALPRO-001,MARGIN,,[],False,{}
99999.89,0.00,99999.89,USD,IDEALPRO-001,MARGIN,,[],False,{}
100000.00,0.00,100000.00,EUR,IDEALPRO-001,MARGIN,,[],False,{}
99999.89,0.00,99999.89,USD,IDEALPRO-001,MARGIN,,[],False,{}
100000.00,0.00,100000.00,EUR,IDEALPRO-001,MARGIN,,[],False,{}
99999.89,2.34,99997.55,USD,IDEALPRO-001,MARGIN,,"[{'type': 'MarginBalance', 'initial': '0.00', 'maintenance': '2.34', 'currency': 'USD', 'instrument_id': 'EUR/USD.IDEALPRO'}]",False,{}
100000.00,0.00,100000.00,EUR,IDEALPRO-001,MARGIN,,"[{'type': 'MarginBalance', 'initial': '0.00', 'maintenance': '2.34', 'currency': 'USD', 'instrument_id': 'EUR/USD.IDEALPRO'}]",False,{}
99999.89,2.34,99997.55,USD,IDEALPRO-001,MARGIN,,"[{'type': 'MarginBalance', 'initial': '0.00', 'maintenance': '2.34', 'currency': 'USD', 'instrument_id': 'EUR/USD.IDEALPRO'}]",False,{}
100000.00,0.00,100000.00,EUR,IDEALPRO-001,MARGIN,,"[{'type': 'MarginBalance', 'initial': '0.00', 'maintenance': '2.34', 'currency': 'USD', 'instrument_id': 'EUR/USD.IDEALPRO'}]",False,{}
99999.89,2.34,99997.55,USD,IDEALPRO-001,MARGIN,,"[{'type': 'MarginBalance', 'initial': '0.00', 'maintenance': '2.34', 'currency': 'USD', 'instrument_id': 'EUR/USD.IDEALPRO'}]",False,{}
100000.00,0.00,100000.00,EUR,IDEALPRO-001,MARGIN,,"[{'type': 'MarginBalance', 'initial': '0.00', 'maintenance': '2.34', 'currency': 'USD', 'instrument_id': 'EUR/USD.IDEALPRO'}]",False,{}
99999.89,2.34,99997.55,USD,IDEALPRO-001,MARGIN,,"[{'type': 'MarginBalance', 'initial': '0.00', 'maintenance': '2.34', 'currency': 'USD', 'instrument_id': 'EUR/USD.IDEALPRO'}]",False,{}
100000.00,0.00,100000.00,EUR,IDEALPRO-001,MARGIN,,"[{'type': 'MarginBalance', 'initial': '0.00', 'maintenance': '2.34', 'currency': 'USD', 'instrument_id': 'EUR/USD.IDEALPRO'}]",False,{}
99999.89,0.00,99999.89,USD,IDEALPRO-001,MARGIN,,[],False,{}
100000.00,0.00,100000.00,EUR,IDEALPRO-001,MARGIN,,[],False,{}
99999.89,0.00,99999.89,USD,IDEALPRO-001,MARGIN,,[],False,{}
100000.00,0.00,100000.00,EUR,IDEALPRO-001,MARGIN,,[],False,{}
99999.89,0.00,99999.89,USD,IDEALPRO-001,MARGIN,,[],False,{}
100000.00,0.00,100000.00,EUR,IDEALPRO-001,MARGIN,,[],False,{}
99999.89,0.00,99999.89,USD,IDEALPRO-001,MARGIN,,[],False,{}
100000.00,0.00,100000.00,EUR,IDEALPRO-001,MARGIN,,[],False,{}
99999.89,0.00,99999.89,USD,IDEALPRO-001,MARGIN,,[],False,{}
100000.00,0.00,100000.00,EUR,IDEALPRO-001,MARGIN,,[],False,{}
99999.89,0.00,99999.89,USD,IDEALPRO-001,MARGIN,,[],False,{}
100000.00,0.00,100000.00,EUR,IDEALPRO-001,MARGIN,,[],False,{}
99999.89,2.34,99997.55,USD,IDEALPRO-001,MARGIN,,"[{'type': 'MarginBalance', 'initial': '0.00', 'maintenance': '2.34', 'currency': 'USD', 'instrument_id': 'EUR/USD.IDEALPRO'}]",False,{}
100000.00,0.00,100000.00,EUR,IDEALPRO-001,MARGIN,,"[{'type': 'MarginBalance', 'initial': '0.00', 'maintenance': '2.34', 'currency': 'USD', 'instrument_id': 'EUR/USD.IDEALPRO'}]",False,{}
99999.89,2.34,99997.55,USD,IDEALPRO-001,MARGIN,,"[{'type': 'MarginBalance', 'initial': '0.00', 'maintenance': '2.34', 'currency': 'USD', 'instrument_id': 'EUR/USD.IDEALPRO'}]",False,{}
100000.00,0.00,100000.00,EUR,IDEALPRO-001,MARGIN,,"[{'type': 'MarginBalance', 'initial': '0.00', 'maintenance': '2.34', 'currency': 'USD', 'instrument_id': 'EUR/USD.IDEALPRO'}]",False,{}
99999.89,2.34,99997.55,USD,IDEALPRO-001,MARGIN,,"[{'type': 'MarginBalance', 'initial': '0.00', 'maintenance': '2.34', 'currency': 'USD', 'instrument_id': 'EUR/USD.IDEALPRO'}]",False,{}
100000.00,0.00,100000.00,EUR,IDEALPRO-001,MARGIN,,"[{'type': 'MarginBalance', 'initial': '0.00', 'maintenance': '2.34', 'currency': 'USD', 'instrument_id': 'EUR/USD.IDEALPRO'}]",False,{}
99999.89,2.34,99997.55,USD,IDEALPRO-001,MARGIN,,"[{'type': 'MarginBalance', 'initial': '0.00', 'maintenance': '2.34', 'currency': 'USD', 'instrument_id': 'EUR/USD.IDEALPRO'}]",False,{}
100000.00,0.00,100000.00,EUR,IDEALPRO-001,MARGIN,,"[{'type': 'MarginBalance', 'initial': '0.00', 'maintenance': '2.34', 'currency': 'USD', 'instrument_id': 'EUR/USD.IDEALPRO'}]",False,{}
99999.85,0.00,99999.85,USD,IDEALPRO-001,MARGIN,,[],False,{}
100000.00,0.00,100000.00,EUR,IDEALPRO-001,MARGIN,,[],False,{}
99999.85,0.00,99999.85,USD,IDEALPRO-001,MARGIN,,[],False,{}
100000.00,0.00,100000.00,EUR,IDEALPRO-001,MARGIN,,[],False,{}
99999.85,0.00,99999.85,USD,IDEALPRO-001,MARGIN,,[],False,{}
100000.00,0.00,100000.00,EUR,IDEALPRO-001,MARGIN,,[],False,{}
99999.85,0.00,99999.85,USD,IDEALPRO-001,MARGIN,,[],False,{}
100000.00,0.00,100000.00,EUR,IDEALPRO-001,MARGIN,,[],False,{}
99999.85,0.00,99999.85,USD,IDEALPRO-001,MARGIN,,[],False,{}
100000.00,0.00,100000.00,EUR,IDEALPRO-001,MARGIN,,[],False,{}
99999.85,0.00,99999.85,USD,IDEALPRO-001,MARGIN,,[],False,{}
100000.00,0.00,100000.00,EUR,IDEALPRO-001,MARGIN,,[],False,{}
99999.85,2.34,99997.51,USD,IDEALPRO-001,MARGIN,,"[{'type': 'MarginBalance', 'initial': '0.00', 'maintenance': '2.34', 'currency': 'USD', 'instrument_id': 'EUR/USD.IDEALPRO'}]",False,{}
100000.00,0.00,100000.00,EUR,IDEALPRO-001,MARGIN,,"[{'type': 'MarginBalance', 'initial': '0.00', 'maintenance': '2.34', 'currency': 'USD', 'instrument_id': 'EUR/USD.IDEALPRO'}]",False,{}
99999.85,2.34,99997.51,USD,IDEALPRO-001,MARGIN,,"[{'type': 'MarginBalance', 'initial': '0.00', 'maintenance': '2.34', 'currency': 'USD', 'instrument_id': 'EUR/USD.IDEALPRO'}]",False,{}
100000.00,0.00,100000.00,EUR,IDEALPRO-001,MARGIN,,"[{'type': 'MarginBalance', 'initial': '0.00', 'maintenance': '2.34', 'currency': 'USD', 'instrument_id': 'EUR/USD.IDEALPRO'}]",False,{}
99999.85,2.34,99997.51,USD,IDEALPRO-001,MARGIN,,"[{'type': 'MarginBalance', 'initial': '0.00', 'maintenance': '2.34', 'currency': 'USD', 'instrument_id': 'EUR/USD.IDEALPRO'}]",False,{}
100000.00,0.00,100000.00,EUR,IDEALPRO-001,MARGIN,,"[{'type': 'MarginBalance', 'initial': '0.00', 'maintenance': '2.34', 'currency': 'USD', 'instrument_id': 'EUR/USD.IDEALPRO'}]",False,{}
99999.85,2.34,99997.51,USD,IDEALPRO-001,MARGIN,,"[{'type': 'MarginBalance', 'initial': '0.00', 'maintenance': '2.34', 'currency': 'USD', 'instrument_id': 'EUR/USD.IDEALPRO'}]",False,{}
100000.00,0.00,100000.00,EUR,IDEALPRO-001,MARGIN,,"[{'type': 'MarginBalance', 'initial': '0.00', 'maintenance': '2.34', 'currency': 'USD', 'instrument_id': 'EUR/USD.IDEALPRO'}]",False,{}
99999.80,0.00,99999.80,USD,IDEALPRO-001,MARGIN,,[],False,{}
100000.00,0.00,100000.00,EUR,IDEALPRO-001,MARGIN,,[],False,{}
99999.80,0.00,99999.80,USD,IDEALPRO-001,MARGIN,,[],False,{}
100000.00,0.00,100000.00,EUR,IDEALPRO-001,MARGIN,,[],False,{}
99999.80,0.00,99999.80,USD,IDEALPRO-001,MARGIN,,[],False,{}
100000.00,0.00,100000.00,EUR,IDEALPRO-001,MARGIN,,[],False,{}
99999.80,0.00,99999.80,USD,IDEALPRO-001,MARGIN,,[],False,{}
100000.00,0.00,100000.00,EUR,IDEALPRO-001,MARGIN,,[],False,{}
99999.80,0.00,99999.80,USD,IDEALPRO-001,MARGIN,,[],False,{}
100000.00,0.00,100000.00,EUR,IDEALPRO-001,MARGIN,,[],False,{}
99999.80,0.00,99999.80,USD,IDEALPRO-001,MARGIN,,[],False,{}
100000.00,0.00,100000.00,EUR,IDEALPRO-001,MARGIN,,[],False,{}
99999.80,2.34,99997.46,USD,IDEALPRO-001,MARGIN,,"[{'type': 'MarginBalance', 'initial': '0.00', 'maintenance': '2.34', 'currency': 'USD', 'instrument_id': 'EUR/USD.IDEALPRO'}]",False,{}
100000.00,0.00,100000.00,EUR,IDEALPRO-001,MARGIN,,"[{'type': 'MarginBalance', 'initial': '0.00', 'maintenance': '2.34', 'currency': 'USD', 'instrument_id': 'EUR/USD.IDEALPRO'}]",False,{}
99999.80,2.34,99997.46,USD,IDEALPRO-001,MARGIN,,"[{'type': 'MarginBalance', 'initial': '0.00', 'maintenance': '2.34', 'currency': 'USD', 'instrument_id': 'EUR/USD.IDEALPRO'}]",False,{}
100000.00,0.00,100000.00,EUR,IDEALPRO-001,MARGIN,,"[{'type': 'MarginBalance', 'initial': '0.00', 'maintenance': '2.34', 'currency': 'USD', 'instrument_id': 'EUR/USD.IDEALPRO'}]",False,{}
99999.80,2.34,99997.46,USD,IDEALPRO-001,MARGIN,,"[{'type': 'MarginBalance', 'initial': '0.00', 'maintenance': '2.34', 'currency': 'USD', 'instrument_id': 'EUR/USD.IDEALPRO'}]",False,{}
100000.00,0.00,100000.00,EUR,IDEALPRO-001,MARGIN,,"[{'type': 'MarginBalance', 'initial': '0.00', 'maintenance': '2.34', 'currency': 'USD', 'instrument_id': 'EUR/USD.IDEALPRO'}]",False,{}
99999.80,2.34,99997.46,USD,IDEALPRO-001,MARGIN,,"[{'type': 'MarginBalance', 'initial': '0.00', 'maintenance': '2.34', 'currency': 'USD', 'instrument_id': 'EUR/USD.IDEALPRO'}]",False,{}
100000.00,0.00,100000.00,EUR,IDEALPRO-001,MARGIN,,"[{'type': 'MarginBalance', 'initial': '0.00', 'maintenance': '2.34', 'currency': 'USD', 'instrument_id': 'EUR/USD.IDEALPRO'}]",False,{}
99999.77,0.00,99999.77,USD,IDEALPRO-001,MARGIN,,[],False,{}
100000.00,0.00,100000.00,EUR,IDEALPRO-001,MARGIN,,[],False,{}
99999.77,0.00,99999.77,USD,IDEALPRO-001,MARGIN,,[],False,{}
100000.00,0.00,100000.00,EUR,IDEALPRO-001,MARGIN,,[],False,{}
99999.77,0.00,99999.77,USD,IDEALPRO-001,MARGIN,,[],False,{}
100000.00,0.00,100000.00,EUR,IDEALPRO-001,MARGIN,,[],False,{}
99999.77,0.00,99999.77,USD,IDEALPRO-001,MARGIN,,[],False,{}
100000.00,0.00,100000.00,EUR,IDEALPRO-001,MARGIN,,[],False,{}
99999.77,0.00,99999.77,USD,IDEALPRO-001,MARGIN,,[],False,{}
100000.00,0.00,100000.00,EUR,IDEALPRO-001,MARGIN,,[],False,{}
99999.77,0.00,99999.77,USD,IDEALPRO-001,MARGIN,,[],False,{}
100000.00,0.00,100000.00,EUR,IDEALPRO-001,MARGIN,,[],False,{}
99999.77,2.34,99997.43,USD,IDEALPRO-001,MARGIN,,"[{'type': 'MarginBalance', 'initial': '0.00', 'maintenance': '2.34', 'currency': 'USD', 'instrument_id': 'EUR/USD.IDEALPRO'}]",False,{}
100000.00,0.00,100000.00,EUR,IDEALPRO-001,MARGIN,,"[{'type': 'MarginBalance', 'initial': '0.00', 'maintenance': '2.34', 'currency': 'USD', 'instrument_id': 'EUR/USD.IDEALPRO'}]",False,{}
99999.77,2.34,99997.43,USD,IDEALPRO-001,MARGIN,,"[{'type': 'MarginBalance', 'initial': '0.00', 'maintenance': '2.34', 'currency': 'USD', 'instrument_id': 'EUR/USD.IDEALPRO'}]",False,{}
100000.00,0.00,100000.00,EUR,IDEALPRO-001,MARGIN,,"[{'type': 'MarginBalance', 'initial': '0.00', 'maintenance': '2.34', 'currency': 'USD', 'instrument_id': 'EUR/USD.IDEALPRO'}]",False,{}
99999.77,2.34,99997.43,USD,IDEALPRO-001,MARGIN,,"[{'type': 'MarginBalance', 'initial': '0.00', 'maintenance': '2.34', 'currency': 'USD', 'instrument_id': 'EUR/USD.IDEALPRO'}]",False,{}
100000.00,0.00,100000.00,EUR,IDEALPRO-001,MARGIN,,"[{'type': 'MarginBalance', 'initial': '0.00', 'maintenance': '2.34', 'currency': 'USD', 'instrument_id': 'EUR/USD.IDEALPRO'}]",False,{}
99999.77,2.34,99997.43,USD,IDEALPRO-001,MARGIN,,"[{'type': 'MarginBalance', 'initial': '0.00', 'maintenance': '2.34', 'currency': 'USD', 'instrument_id': 'EUR/USD.IDEALPRO'}]",False,{}
100000.00,0.00,100000.00,EUR,IDEALPRO-001,MARGIN,,"[{'type': 'MarginBalance', 'initial': '0.00', 'maintenance': '2.34', 'currency': 'USD', 'instrument_id': 'EUR/USD.IDEALPRO'}]",False,{}
99999.75,0.00,99999.75,USD,IDEALPRO-001,MARGIN,,[],False,{}
100000.00,0.00,100000.00,EUR,IDEALPRO-001,MARGIN,,[],False,{}
99999.75,0.00,99999.75,USD,IDEALPRO-001,MARGIN,,[],False,{}
100000.00,0.00,100000.00,EUR,IDEALPRO-001,MARGIN,,[],False,{}
99999.75,0.00,99999.75,USD,IDEALPRO-001,MARGIN,,[],False,{}
100000.00,0.00,100000.00,EUR,IDEALPRO-001,MARGIN,,[],False,{}
99999.75,0.00,99999.75,USD,IDEALPRO-001,MARGIN,,[],False,{}
100000.00,0.00,100000.00,EUR,IDEALPRO-001,MARGIN,,[],False,{}
99999.75,0.00,99999.75,USD,IDEALPRO-001,MARGIN,,[],False,{}
100000.00,0.00,100000.00,EUR,IDEALPRO-001,MARGIN,,[],False,{}
99999.75,0.00,99999.75,USD,IDEALPRO-001,MARGIN,,[],False,{}
100000.00,0.00,100000.00,EUR,IDEALPRO-001,MARGIN,,[],False,{}
99999.75,2.34,99997.41,USD,IDEALPRO-001,MARGIN,,"[{'type': 'MarginBalance', 'initial': '0.00', 'maintenance': '2.34', 'currency': 'USD', 'instrument_id': 'EUR/USD.IDEALPRO'}]",False,{}
100000.00,0.00,100000.00,EUR,IDEALPRO-001,MARGIN,,"[{'type': 'MarginBalance', 'initial': '0.00', 'maintenance': '2.34', 'currency': 'USD', 'instrument_id': 'EUR/USD.IDEALPRO'}]",False,{}
99999.75,2.34,99997.41,USD,IDEALPRO-001,MARGIN,,"[{'type': 'MarginBalance', 'initial': '0.00', 'maintenance': '2.34', 'currency': 'USD', 'instrument_id': 'EUR/USD.IDEALPRO'}]",False,{}
100000.00,0.00,100000.00,EUR,IDEALPRO-001,MARGIN,,"[{'type': 'MarginBalance', 'initial': '0.00', 'maintenance': '2.34', 'currency': 'USD', 'instrument_id': 'EUR/USD.IDEALPRO'}]",False,{}
99999.75,2.34,99997.41,USD,IDEALPRO-001,MARGIN,,"[{'type': 'MarginBalance', 'initial': '0.00', 'maintenance': '2.34', 'currency': 'USD', 'instrument_id': 'EUR/USD.IDEALPRO'}]",False,{}
100000.00,0.00,100000.00,EUR,IDEALPRO-001,MARGIN,,"[{'type': 'MarginBalance', 'initial': '0.00', 'maintenance': '2.34', 'currency': 'USD', 'instrument_id': 'EUR/USD.IDEALPRO'}]",False,{}
99999.75,2.34,99997.41,USD,IDEALPRO-001,MARGIN,,"[{'type': 'MarginBalance', 'initial': '0.00', 'maintenance': '2.34', 'currency': 'USD', 'instrument_id': 'EUR/USD.IDEALPRO'}]",False,{}
100000.00,0.00,100000.00,EUR,IDEALPRO-001,MARGIN,,"[{'type': 'MarginBalance', 'initial': '0.00', 'maintenance': '2.34', 'currency': 'USD', 'instrument_id': 'EUR/USD.IDEALPRO'}]",False,{}
99999.72,0.00,99999.72,USD,IDEALPRO-001,MARGIN,,[],False,{}
100000.00,0.00,100000.00,EUR,IDEALPRO-001,MARGIN,,[],False,{}
99999.72,0.00,99999.72,USD,IDEALPRO-001,MARGIN,,[],False,{}
100000.00,0.00,100000.00,EUR,IDEALPRO-001,MARGIN,,[],False,{}
99999.72,0.00,99999.72,USD,IDEALPRO-001,MARGIN,,[],False,{}
100000.00,0.00,100000.00,EUR,IDEALPRO-001,MARGIN,,[],False,{}
99999.72,0.00,99999.72,USD,IDEALPRO-001,MARGIN,,[],False,{}
100000.00,0.00,100000.00,EUR,IDEALPRO-001,MARGIN,,[],False,{}
99999.72,0.00,99999.72,USD,IDEALPRO-001,MARGIN,,[],False,{}
100000.00,0.00,100000.00,EUR,IDEALPRO-001,MARGIN,,[],False,{}
99999.72,0.00,99999.72,USD,IDEALPRO-001,MARGIN,,[],False,{}
100000.00,0.00,100000.00,EUR,IDEALPRO-001,MARGIN,,[],False,{}
99999.72,2.34,99997.38,USD,IDEALPRO-001,MARGIN,,"[{'type': 'MarginBalance', 'initial': '0.00', 'maintenance': '2.34', 'currency': 'USD', 'instrument_id': 'EUR/USD.IDEALPRO'}]",False,{}
100000.00,0.00,100000.00,EUR,IDEALPRO-001,MARGIN,,"[{'type': 'MarginBalance', 'initial': '0.00', 'maintenance': '2.34', 'currency': 'USD', 'instrument_id': 'EUR/USD.IDEALPRO'}]",False,{}
99999.72,2.34,99997.38,USD,IDEALPRO-001,MARGIN,,"[{'type': 'MarginBalance', 'initial': '0.00', 'maintenance': '2.34', 'currency': 'USD', 'instrument_id': 'EUR/USD.IDEALPRO'}]",False,{}
100000.00,0.00,100000.00,EUR,IDEALPRO-001,MARGIN,,"[{'type': 'MarginBalance', 'initial': '0.00', 'maintenance': '2.34', 'currency': 'USD', 'instrument_id': 'EUR/USD.IDEALPRO'}]",False,{}
99999.72,2.34,99997.38,USD,IDEALPRO-001,MARGIN,,"[{'type': 'MarginBalance', 'initial': '0.00', 'maintenance': '2.34', 'currency': 'USD', 'instrument_id': 'EUR/USD.IDEALPRO'}]",False,{}
100000.00,0.00,100000.00,EUR,IDEALPRO-001,MARGIN,,"[{'type': 'MarginBalance', 'initial': '0.00', 'maintenance': '2.34', 'currency': 'USD', 'instrument_id': 'EUR/USD.IDEALPRO'}]",False,{}
99999.72,2.34,99997.38,USD,IDEALPRO-001,MARGIN,,"[{'type': 'MarginBalance', 'initial': '0.00', 'maintenance': '2.34', 'currency': 'USD', 'instrument_id': 'EUR/USD.IDEALPRO'}]",False,{}
100000.00,0.00,100000.00,EUR,IDEALPRO-001,MARGIN,,"[{'type': 'MarginBalance', 'initial': '0.00', 'maintenance': '2.34', 'currency': 'USD', 'instrument_id': 'EUR/USD.IDEALPRO'}]",False,{}
99999.69,0.00,99999.69,USD,IDEALPRO-001,MARGIN,,[],False,{}
100000.00,0.00,100000.00,EUR,IDEALPRO-001,MARGIN,,[],False,{}
99999.69,0.00,99999.69,USD,IDEALPRO-001,MARGIN,,[],False,{}
100000.00,0.00,100000.00,EUR,IDEALPRO-001,MARGIN,,[],False,{}
99999.69,0.00,99999.69,USD,IDEALPRO-001,MARGIN,,[],False,{}
100000.00,0.00,100000.00,EUR,IDEALPRO-001,MARGIN,,[],False,{}
99999.69,0.00,99999.69,USD,IDEALPRO-001,MARGIN,,[],False,{}
100000.00,0.00,100000.00,EUR,IDEALPRO-001,MARGIN,,[],False,{}
99999.69,0.00,99999.69,USD,IDEALPRO-001,MARGIN,,[],False,{}
100000.00,0.00,100000.00,EUR,IDEALPRO-001,MARGIN,,[],False,{}
99999.69,0.00,99999.69,USD,IDEALPRO-001,MARGIN,,[],False,{}
100000.00,0.00,100000.00,EUR,IDEALPRO-001,MARGIN,,[],False,{}
99999.69,2.34,99997.35,USD,IDEALPRO-001,MARGIN,,"[{'type': 'MarginBalance', 'initial': '0.00', 'maintenance': '2.34', 'currency': 'USD', 'instrument_id': 'EUR/USD.IDEALPRO'}]",False,{}
100000.00,0.00,100000.00,EUR,IDEALPRO-001,MARGIN,,"[{'type': 'MarginBalance', 'initial': '0.00', 'maintenance': '2.34', 'currency': 'USD', 'instrument_id': 'EUR/USD.IDEALPRO'}]",False,{}
99999.69,2.34,99997.35,USD,IDEALPRO-001,MARGIN,,"[{'type': 'MarginBalance', 'initial': '0.00', 'maintenance': '2.34', 'currency': 'USD', 'instrument_id': 'EUR/USD.IDEALPRO'}]",False,{}
100000.00,0.00,100000.00,EUR,IDEALPRO-001,MARGIN,,"[{'type': 'MarginBalance', 'initial': '0.00', 'maintenance': '2.34', 'currency': 'USD', 'instrument_id': 'EUR/USD.IDEALPRO'}]",False,{}
99999.69,2.34,99997.35,USD,IDEALPRO-001,MARGIN,,"[{'type': 'MarginBalance', 'initial': '0.00', 'maintenance': '2.34', 'currency': 'USD', 'instrument_id': 'EUR/USD.IDEALPRO'}]",False,{}
100000.00,0.00,100000.00,EUR,IDEALPRO-001,MARGIN,,"[{'type': 'MarginBalance', 'initial': '0.00', 'maintenance': '2.34', 'currency': 'USD', 'instrument_id': 'EUR/USD.IDEALPRO'}]",False,{}
99999.63,0.00,99999.63,USD,IDEALPRO-001,MARGIN,,[],False,{}
100000.00,0.00,100000.00,EUR,IDEALPRO-001,MARGIN,,[],False,{}
99999.63,0.00,99999.63,USD,IDEALPRO-001,MARGIN,,[],False,{}
100000.00,0.00,100000.00,EUR,IDEALPRO-001,MARGIN,,[],False,{}
99999.63,0.00,99999.63,USD,IDEALPRO-001,MARGIN,,[],False,{}
100000.00,0.00,100000.00,EUR,IDEALPRO-001,MARGIN,,[],False,{}
99999.63,0.00,99999.63,USD,IDEALPRO-001,MARGIN,,[],False,{}
100000.00,0.00,100000.00,EUR,IDEALPRO-001,MARGIN,,[],False,{}
99999.63,0.00,99999.63,USD,IDEALPRO-001,MARGIN,,[],False,{}
100000.00,0.00,100000.00,EUR,IDEALPRO-001,MARGIN,,[],False,{}
99999.63,2.34,99997.29,USD,IDEALPRO-001,MARGIN,,"[{'type': 'MarginBalance', 'initial': '0.00', 'maintenance': '2.34', 'currency': 'USD', 'instrument_id': 'EUR/USD.IDEALPRO'}]",False,{}
100000.00,0.00,100000.00,EUR,IDEALPRO-001,MARGIN,,"[{'type': 'MarginBalance', 'initial': '0.00', 'maintenance': '2.34', 'currency': 'USD', 'instrument_id': 'EUR/USD.IDEALPRO'}]",False,{}
99999.63,2.34,99997.29,USD,IDEALPRO-001,MARGIN,,"[{'type': 'MarginBalance', 'initial': '0.00', 'maintenance': '2.34', 'currency': 'USD', 'instrument_id': 'EUR/USD.IDEALPRO'}]",False,{}
100000.00,0.00,100000.00,EUR,IDEALPRO-001,MARGIN,,"[{'type': 'MarginBalance', 'initial': '0.00', 'maintenance': '2.34', 'currency': 'USD', 'instrument_id': 'EUR/USD.IDEALPRO'}]",False,{}
99999.63,2.34,99997.29,USD,IDEALPRO-001,MARGIN,,"[{'type': 'MarginBalance', 'initial': '0.00', 'maintenance': '2.34', 'currency': 'USD', 'instrument_id': 'EUR/USD.IDEALPRO'}]",False,{}
100000.00,0.00,100000.00,EUR,IDEALPRO-001,MARGIN,,"[{'type': 'MarginBalance', 'initial': '0.00', 'maintenance': '2.34', 'currency': 'USD', 'instrument_id': 'EUR/USD.IDEALPRO'}]",False,{}
99999.63,2.34,99997.29,USD,IDEALPRO-001,MARGIN,,"[{'type': 'MarginBalance', 'initial': '0.00', 'maintenance': '2.34', 'currency': 'USD', 'instrument_id': 'EUR/USD.IDEALPRO'}]",False,{}
100000.00,0.00,100000.00,EUR,IDEALPRO-001,MARGIN,,"[{'type': 'MarginBalance', 'initial': '0.00', 'maintenance': '2.34', 'currency': 'USD', 'instrument_id': 'EUR/USD.IDEALPRO'}]",False,{}
99999.60,0.00,99999.60,USD,IDEALPRO-001,MARGIN,,[],False,{}
100000.00,0.00,100000.00,EUR,IDEALPRO-001,MARGIN,,[],False,{}
99999.60,0.00,99999.60,USD,IDEALPRO-001,MARGIN,,[],False,{}
100000.00,0.00,100000.00,EUR,IDEALPRO-001,MARGIN,,[],False,{}
99999.60,0.00,99999.60,USD,IDEALPRO-001,MARGIN,,[],False,{}
100000.00,0.00,100000.00,EUR,IDEALPRO-001,MARGIN,,[],False,{}
99999.60,0.00,99999.60,USD,IDEALPRO-001,MARGIN,,[],False,{}
100000.00,0.00,100000.00,EUR,IDEALPRO-001,MARGIN,,[],False,{}
99999.60,0.00,99999.60,USD,IDEALPRO-001,MARGIN,,[],False,{}
100000.00,0.00,100000.00,EUR,IDEALPRO-001,MARGIN,,[],False,{}
99999.60,0.00,99999.60,USD,IDEALPRO-001,MARGIN,,[],False,{}
100000.00,0.00,100000.00,EUR,IDEALPRO-001,MARGIN,,[],False,{}
99999.60,2.34,99997.26,USD,IDEALPRO-001,MARGIN,,"[{'type': 'MarginBalance', 'initial': '0.00', 'maintenance': '2.34', 'currency': 'USD', 'instrument_id': 'EUR/USD.IDEALPRO'}]",False,{}
100000.00,0.00,100000.00,EUR,IDEALPRO-001,MARGIN,,"[{'type': 'MarginBalance', 'initial': '0.00', 'maintenance': '2.34', 'currency': 'USD', 'instrument_id': 'EUR/USD.IDEALPRO'}]",False,{}
99999.60,2.34,99997.26,USD,IDEALPRO-001,MARGIN,,"[{'type': 'MarginBalance', 'initial': '0.00', 'maintenance': '2.34', 'currency': 'USD', 'instrument_id': 'EUR/USD.IDEALPRO'}]",False,{}
100000.00,0.00,100000.00,EUR,IDEALPRO-001,MARGIN,,"[{'type': 'MarginBalance', 'initial': '0.00', 'maintenance': '2.34', 'currency': 'USD', 'instrument_id': 'EUR/USD.IDEALPRO'}]",False,{}
99999.60,2.34,99997.26,USD,IDEALPRO-001,MARGIN,,"[{'type': 'MarginBalance', 'initial': '0.00', 'maintenance': '2.34', 'currency': 'USD', 'instrument_id': 'EUR/USD.IDEALPRO'}]",False,{}
100000.00,0.00,100000.00,EUR,IDEALPRO-001,MARGIN,,"[{'type': 'MarginBalance', 'initial': '0.00', 'maintenance': '2.34', 'currency': 'USD', 'instrument_id': 'EUR/USD.IDEALPRO'}]",False,{}
99999.60,2.34,99997.26,USD,IDEALPRO-001,MARGIN,,"[{'type': 'MarginBalance', 'initial': '0.00', 'maintenance': '2.34', 'currency': 'USD', 'instrument_id': 'EUR/USD.IDEALPRO'}]",False,{}
100000.00,0.00,100000.00,EUR,IDEALPRO-001,MARGIN,,"[{'type': 'MarginBalance', 'initial': '0.00', 'maintenance': '2.34', 'currency': 'USD', 'instrument_id': 'EUR/USD.IDEALPRO'}]",False,{}
99999.68,0.00,99999.68,USD,IDEALPRO-001,MARGIN,,[],False,{}
100000.00,0.00,100000.00,EUR,IDEALPRO-001,MARGIN,,[],False,{}
99999.68,0.00,99999.68,USD,IDEALPRO-001,MARGIN,,[],False,{}
100000.00,0.00,100000.00,EUR,IDEALPRO-001,MARGIN,,[],False,{}
99999.68,0.00,99999.68,USD,IDEALPRO-001,MARGIN,,[],False,{}
100000.00,0.00,100000.00,EUR,IDEALPRO-001,MARGIN,,[],False,{}
99999.68,0.00,99999.68,USD,IDEALPRO-001,MARGIN,,[],False,{}
100000.00,0.00,100000.00,EUR,IDEALPRO-001,MARGIN,,[],False,{}
99999.68,0.00,99999.68,USD,IDEALPRO-001,MARGIN,,[],False,{}
100000.00,0.00,100000.00,EUR,IDEALPRO-001,MARGIN,,[],False,{}
99999.68,0.00,99999.68,USD,IDEALPRO-001,MARGIN,,[],False,{}
100000.00,0.00,100000.00,EUR,IDEALPRO-001,MARGIN,,[],False,{}
99999.68,2.34,99997.34,USD,IDEALPRO-001,MARGIN,,"[{'type': 'MarginBalance', 'initial': '0.00', 'maintenance': '2.34', 'currency': 'USD', 'instrument_id': 'EUR/USD.IDEALPRO'}]",False,{}
100000.00,0.00,100000.00,EUR,IDEALPRO-001,MARGIN,,"[{'type': 'MarginBalance', 'initial': '0.00', 'maintenance': '2.34', 'currency': 'USD', 'instrument_id': 'EUR/USD.IDEALPRO'}]",False,{}
99999.68,2.33,99997.35,USD,IDEALPRO-001,MARGIN,,"[{'type': 'MarginBalance', 'initial': '0.00', 'maintenance': '2.33', 'currency': 'USD', 'instrument_id': 'EUR/USD.IDEALPRO'}]",False,{}
100000.00,0.00,100000.00,EUR,IDEALPRO-001,MARGIN,,"[{'type': 'MarginBalance', 'initial': '0.00', 'maintenance': '2.33', 'currency': 'USD', 'instrument_id': 'EUR/USD.IDEALPRO'}]",False,{}
99999.68,2.33,99997.35,USD,IDEALPRO-001,MARGIN,,"[{'type': 'MarginBalance', 'initial': '0.00', 'maintenance': '2.33', 'currency': 'USD', 'instrument_id': 'EUR/USD.IDEALPRO'}]",False,{}
100000.00,0.00,100000.00,EUR,IDEALPRO-001,MARGIN,,"[{'type': 'MarginBalance', 'initial': '0.00', 'maintenance': '2.33', 'currency': 'USD', 'instrument_id': 'EUR/USD.IDEALPRO'}]",False,{}
99999.68,2.33,99997.35,USD,IDEALPRO-001,MARGIN,,"[{'type': 'MarginBalance', 'initial': '0.00', 'maintenance': '2.33', 'currency': 'USD', 'instrument_id': 'EUR/USD.IDEALPRO'}]",False,{}
100000.00,0.00,100000.00,EUR,IDEALPRO-001,MARGIN,,"[{'type': 'MarginBalance', 'initial': '0.00', 'maintenance': '2.33', 'currency': 'USD', 'instrument_id': 'EUR/USD.IDEALPRO'}]",False,{}
99999.79,0.00,99999.79,USD,IDEALPRO-001,MARGIN,,[],False,{}
100000.00,0.00,100000.00,EUR,IDEALPRO-001,MARGIN,,[],False,{}
99999.79,0.00,99999.79,USD,IDEALPRO-001,MARGIN,,[],False,{}
100000.00,0.00,100000.00,EUR,IDEALPRO-001,MARGIN,,[],False,{}
99999.79,0.00,99999.79,USD,IDEALPRO-001,MARGIN,,[],False,{}
100000.00,0.00,100000.00,EUR,IDEALPRO-001,MARGIN,,[],False,{}
99999.79,0.00,99999.79,USD,IDEALPRO-001,MARGIN,,[],False,{}
100000.00,0.00,100000.00,EUR,IDEALPRO-001,MARGIN,,[],False,{}
99999.79,0.00,99999.79,USD,IDEALPRO-001,MARGIN,,[],False,{}
100000.00,0.00,100000.00,EUR,IDEALPRO-001,MARGIN,,[],False,{}
99999.79,0.00,99999.79,USD,IDEALPRO-001,MARGIN,,[],False,{}
100000.00,0.00,100000.00,EUR,IDEALPRO-001,MARGIN,,[],False,{}
99999.79,2.33,99997.46,USD,IDEALPRO-001,MARGIN,,"[{'type': 'MarginBalance', 'initial': '0.00', 'maintenance': '2.33', 'currency': 'USD', 'instrument_id': 'EUR/USD.IDEALPRO'}]",False,{}
100000.00,0.00,100000.00,EUR,IDEALPRO-001,MARGIN,,"[{'type': 'MarginBalance', 'initial': '0.00', 'maintenance': '2.33', 'currency': 'USD', 'instrument_id': 'EUR/USD.IDEALPRO'}]",False,{}
99999.79,2.33,99997.46,USD,IDEALPRO-001,MARGIN,,"[{'type': 'MarginBalance', 'initial': '0.00', 'maintenance': '2.33', 'currency': 'USD', 'instrument_id': 'EUR/USD.IDEALPRO'}]",False,{}
100000.00,0.00,100000.00,EUR,IDEALPRO-001,MARGIN,,"[{'type': 'MarginBalance', 'initial': '0.00', 'maintenance': '2.33', 'currency': 'USD', 'instrument_id': 'EUR/USD.IDEALPRO'}]",False,{}
99999.79,2.33,99997.46,USD,IDEALPRO-001,MARGIN,,"[{'type': 'MarginBalance', 'initial': '0.00', 'maintenance': '2.33', 'currency': 'USD', 'instrument_id': 'EUR/USD.IDEALPRO'}]",False,{}
100000.00,0.00,100000.00,EUR,IDEALPRO-001,MARGIN,,"[{'type': 'MarginBalance', 'initial': '0.00', 'maintenance': '2.33', 'currency': 'USD', 'instrument_id': 'EUR/USD.IDEALPRO'}]",False,{}
99999.79,2.33,99997.46,USD,IDEALPRO-001,MARGIN,,"[{'type': 'MarginBalance', 'initial': '0.00', 'maintenance': '2.33', 'currency': 'USD', 'instrument_id': 'EUR/USD.IDEALPRO'}]",False,{}
100000.00,0.00,100000.00,EUR,IDEALPRO-001,MARGIN,,"[{'type': 'MarginBalance', 'initial': '0.00', 'maintenance': '2.33', 'currency': 'USD', 'instrument_id': 'EUR/USD.IDEALPRO'}]",False,{}
99999.87,0.00,99999.87,USD,IDEALPRO-001,MARGIN,,[],False,{}
100000.00,0.00,100000.00,EUR,IDEALPRO-001,MARGIN,,[],False,{}
99999.87,0.00,99999.87,USD,IDEALPRO-001,MARGIN,,[],False,{}
100000.00,0.00,100000.00,EUR,IDEALPRO-001,MARGIN,,[],False,{}
99999.87,0.00,99999.87,USD,IDEALPRO-001,MARGIN,,[],False,{}
100000.00,0.00,100000.00,EUR,IDEALPRO-001,MARGIN,,[],False,{}
99999.87,0.00,99999.87,USD,IDEALPRO-001,MARGIN,,[],False,{}
100000.00,0.00,100000.00,EUR,IDEALPRO-001,MARGIN,,[],False,{}
99999.87,0.00,99999.87,USD,IDEALPRO-001,MARGIN,,[],False,{}
100000.00,0.00,100000.00,EUR,IDEALPRO-001,MARGIN,,[],False,{}
99999.87,0.00,99999.87,USD,IDEALPRO-001,MARGIN,,[],False,{}
100000.00,0.00,100000.00,EUR,IDEALPRO-001,MARGIN,,[],False,{}
99999.87,2.33,99997.54,USD,IDEALPRO-001,MARGIN,,"[{'type': 'MarginBalance', 'initial': '0.00', 'maintenance': '2.33', 'currency': 'USD', 'instrument_id': 'EUR/USD.IDEALPRO'}]",False,{}
100000.00,0.00,100000.00,EUR,IDEALPRO-001,MARGIN,,"[{'type': 'MarginBalance', 'initial': '0.00', 'maintenance': '2.33', 'currency': 'USD', 'instrument_id': 'EUR/USD.IDEALPRO'}]",False,{}
99999.87,2.33,99997.54,USD,IDEALPRO-001,MARGIN,,"[{'type': 'MarginBalance', 'initial': '0.00', 'maintenance': '2.33', 'currency': 'USD', 'instrument_id': 'EUR/USD.IDEALPRO'}]",False,{}
100000.00,0.00,100000.00,EUR,IDEALPRO-001,MARGIN,,"[{'type': 'MarginBalance', 'initial': '0.00', 'maintenance': '2.33', 'currency': 'USD', 'instrument_id': 'EUR/USD.IDEALPRO'}]",False,{}
99999.87,2.33,99997.54,USD,IDEALPRO-001,MARGIN,,"[{'type': 'MarginBalance', 'initial': '0.00', 'maintenance': '2.33', 'currency': 'USD', 'instrument_id': 'EUR/USD.IDEALPRO'}]",False,{}
100000.00,0.00,100000.00,EUR,IDEALPRO-001,MARGIN,,"[{'type': 'MarginBalance', 'initial': '0.00', 'maintenance': '2.33', 'currency': 'USD', 'instrument_id': 'EUR/USD.IDEALPRO'}]",False,{}
99999.81,0.00,99999.81,USD,IDEALPRO-001,MARGIN,,[],False,{}
100000.00,0.00,100000.00,EUR,IDEALPRO-001,MARGIN,,[],False,{}
99999.81,0.00,99999.81,USD,IDEALPRO-001,MARGIN,,[],False,{}
100000.00,0.00,100000.00,EUR,IDEALPRO-001,MARGIN,,[],False,{}
99999.81,0.00,99999.81,USD,IDEALPRO-001,MARGIN,,[],False,{}
100000.00,0.00,100000.00,EUR,IDEALPRO-001,MARGIN,,[],False,{}
99999.81,0.00,99999.81,USD,IDEALPRO-001,MARGIN,,[],False,{}
100000.00,0.00,100000.00,EUR,IDEALPRO-001,MARGIN,,[],False,{}
99999.81,0.00,99999.81,USD,IDEALPRO-001,MARGIN,,[],False,{}
100000.00,0.00,100000.00,EUR,IDEALPRO-001,MARGIN,,[],False,{}
99999.81,2.33,99997.48,USD,IDEALPRO-001,MARGIN,,"[{'type': 'MarginBalance', 'initial': '0.00', 'maintenance': '2.33', 'currency': 'USD', 'instrument_id': 'EUR/USD.IDEALPRO'}]",False,{}
100000.00,0.00,100000.00,EUR,IDEALPRO-001,MARGIN,,"[{'type': 'MarginBalance', 'initial': '0.00', 'maintenance': '2.33', 'currency': 'USD', 'instrument_id': 'EUR/USD.IDEALPRO'}]",False,{}
99999.81,2.33,99997.48,USD,IDEALPRO-001,MARGIN,,"[{'type': 'MarginBalance', 'initial': '0.00', 'maintenance': '2.33', 'currency': 'USD', 'instrument_id': 'EUR/USD.IDEALPRO'}]",False,{}
100000.00,0.00,100000.00,EUR,IDEALPRO-001,MARGIN,,"[{'type': 'MarginBalance', 'initial': '0.00', 'maintenance': '2.33', 'currency': 'USD', 'instrument_id': 'EUR/USD.IDEALPRO'}]",False,{}
99999.81,2.33,99997.48,USD,IDEALPRO-001,MARGIN,,"[{'type': 'MarginBalance', 'initial': '0.00', 'maintenance': '2.33', 'currency': 'USD', 'instrument_id': 'EUR/USD.IDEALPRO'}]",False,{}
100000.00,0.00,100000.00,EUR,IDEALPRO-001,MARGIN,,"[{'type': 'MarginBalance', 'initial': '0.00', 'maintenance': '2.33', 'currency': 'USD', 'instrument_id': 'EUR/USD.IDEALPRO'}]",False,{}
99999.81,2.33,99997.48,USD,IDEALPRO-001,MARGIN,,"[{'type': 'MarginBalance', 'initial': '0.00', 'maintenance': '2.33', 'currency': 'USD', 'instrument_id': 'EUR/USD.IDEALPRO'}]",False,{}
100000.00,0.00,100000.00,EUR,IDEALPRO-001,MARGIN,,"[{'type': 'MarginBalance', 'initial': '0.00', 'maintenance': '2.33', 'currency': 'USD', 'instrument_id': 'EUR/USD.IDEALPRO'}]",False,{}
99999.80,0.00,99999.80,USD,IDEALPRO-001,MARGIN,,[],False,{}
100000.00,0.00,100000.00,EUR,IDEALPRO-001,MARGIN,,[],False,{}
99999.80,0.00,99999.80,USD,IDEALPRO-001,MARGIN,,[],False,{}
100000.00,0.00,100000.00,EUR,IDEALPRO-001,MARGIN,,[],False,{}
99999.80,0.00,99999.80,USD,IDEALPRO-001,MARGIN,,[],False,{}
100000.00,0.00,100000.00,EUR,IDEALPRO-001,MARGIN,,[],False,{}
99999.80,0.00,99999.80,USD,IDEALPRO-001,MARGIN,,[],False,{}
100000.00,0.00,100000.00,EUR,IDEALPRO-001,MARGIN,,[],False,{}
99999.80,0.00,99999.80,USD,IDEALPRO-001,MARGIN,,[],False,{}
100000.00,0.00,100000.00,EUR,IDEALPRO-001,MARGIN,,[],False,{}
99999.80,0.00,99999.80,USD,IDEALPRO-001,MARGIN,,[],False,{}
100000.00,0.00,100000.00,EUR,IDEALPRO-001,MARGIN,,[],False,{}
99999.80,2.33,99997.47,USD,IDEALPRO-001,MARGIN,,"[{'type': 'MarginBalance', 'initial': '0.00', 'maintenance': '2.33', 'currency': 'USD', 'instrument_id': 'EUR/USD.IDEALPRO'}]",False,{}
100000.00,0.00,100000.00,EUR,IDEALPRO-001,MARGIN,,"[{'type': 'MarginBalance', 'initial': '0.00', 'maintenance': '2.33', 'currency': 'USD', 'instrument_id': 'EUR/USD.IDEALPRO'}]",False,{}
99999.80,2.33,99997.47,USD,IDEALPRO-001,MARGIN,,"[{'type': 'MarginBalance', 'initial': '0.00', 'maintenance': '2.33', 'currency': 'USD', 'instrument_id': 'EUR/USD.IDEALPRO'}]",False,{}
100000.00,0.00,100000.00,EUR,IDEALPRO-001,MARGIN,,"[{'type': 'MarginBalance', 'initial': '0.00', 'maintenance': '2.33', 'currency': 'USD', 'instrument_id': 'EUR/USD.IDEALPRO'}]",False,{}
99999.80,2.33,99997.47,USD,IDEALPRO-001,MARGIN,,"[{'type': 'MarginBalance', 'initial': '0.00', 'maintenance': '2.33', 'currency': 'USD', 'instrument_id': 'EUR/USD.IDEALPRO'}]",False,{}
100000.00,0.00,100000.00,EUR,IDEALPRO-001,MARGIN,,"[{'type': 'MarginBalance', 'initial': '0.00', 'maintenance': '2.33', 'currency': 'USD', 'instrument_id': 'EUR/USD.IDEALPRO'}]",False,{}
99999.74,0.00,99999.74,USD,IDEALPRO-001,MARGIN,,[],False,{}
100000.00,0.00,100000.00,EUR,IDEALPRO-001,MARGIN,,[],False,{}
99999.74,0.00,99999.74,USD,IDEALPRO-001,MARGIN,,[],False,{}
100000.00,0.00,100000.00,EUR,IDEALPRO-001,MARGIN,,[],False,{}
99999.74,0.00,99999.74,USD,IDEALPRO-001,MARGIN,,[],False,{}
100000.00,0.00,100000.00,EUR,IDEALPRO-001,MARGIN,,[],False,{}
99999.74,0.00,99999.74,USD,IDEALPRO-001,MARGIN,,[],False,{}
100000.00,0.00,100000.00,EUR,IDEALPRO-001,MARGIN,,[],False,{}
99999.74,0.00,99999.74,USD,IDEALPRO-001,MARGIN,,[],False,{}
100000.00,0.00,100000.00,EUR,IDEALPRO-001,MARGIN,,[],False,{}
99999.74,2.33,99997.41,USD,IDEALPRO-001,MARGIN,,"[{'type': 'MarginBalance', 'initial': '0.00', 'maintenance': '2.33', 'currency': 'USD', 'instrument_id': 'EUR/USD.IDEALPRO'}]",False,{}
100000.00,0.00,100000.00,EUR,IDEALPRO-001,MARGIN,,"[{'type': 'MarginBalance', 'initial': '0.00', 'maintenance': '2.33', 'currency': 'USD', 'instrument_id': 'EUR/USD.IDEALPRO'}]",False,{}
99999.74,2.33,99997.41,USD,IDEALPRO-001,MARGIN,,"[{'type': 'MarginBalance', 'initial': '0.00', 'maintenance': '2.33', 'currency': 'USD', 'instrument_id': 'EUR/USD.IDEALPRO'}]",False,{}
100000.00,0.00,100000.00,EUR,IDEALPRO-001,MARGIN,,"[{'type': 'MarginBalance', 'initial': '0.00', 'maintenance': '2.33', 'currency': 'USD', 'instrument_id': 'EUR/USD.IDEALPRO'}]",False,{}
99999.74,2.33,99997.41,USD,IDEALPRO-001,MARGIN,,"[{'type': 'MarginBalance', 'initial': '0.00', 'maintenance': '2.33', 'currency': 'USD', 'instrument_id': 'EUR/USD.IDEALPRO'}]",False,{}
100000.00,0.00,100000.00,EUR,IDEALPRO-001,MARGIN,,"[{'type': 'MarginBalance', 'initial': '0.00', 'maintenance': '2.33', 'currency': 'USD', 'instrument_id': 'EUR/USD.IDEALPRO'}]",False,{}
99999.74,2.33,99997.41,USD,IDEALPRO-001,MARGIN,,"[{'type': 'MarginBalance', 'initial': '0.00', 'maintenance': '2.33', 'currency': 'USD', 'instrument_id': 'EUR/USD.IDEALPRO'}]",False,{}
100000.00,0.00,100000.00,EUR,IDEALPRO-001,MARGIN,,"[{'type': 'MarginBalance', 'initial': '0.00', 'maintenance': '2.33', 'currency': 'USD', 'instrument_id': 'EUR/USD.IDEALPRO'}]",False,{}
99999.72,0.00,99999.72,USD,IDEALPRO-001,MARGIN,,[],False,{}
100000.00,0.00,100000.00,EUR,IDEALPRO-001,MARGIN,,[],False,{}
99999.72,0.00,99999.72,USD,IDEALPRO-001,MARGIN,,[],False,{}
100000.00,0.00,100000.00,EUR,IDEALPRO-001,MARGIN,,[],False,{}
99999.72,0.00,99999.72,USD,IDEALPRO-001,MARGIN,,[],False,{}
100000.00,0.00,100000.00,EUR,IDEALPRO-001,MARGIN,,[],False,{}
99999.72,0.00,99999.72,USD,IDEALPRO-001,MARGIN,,[],False,{}
100000.00,0.00,100000.00,EUR,IDEALPRO-001,MARGIN,,[],False,{}
99999.72,0.00,99999.72,USD,IDEALPRO-001,MARGIN,,[],False,{}
100000.00,0.00,100000.00,EUR,IDEALPRO-001,MARGIN,,[],False,{}
99999.72,0.00,99999.72,USD,IDEALPRO-001,MARGIN,,[],False,{}
100000.00,0.00,100000.00,EUR,IDEALPRO-001,MARGIN,,[],False,{}
99999.72,2.33,99997.39,USD,IDEALPRO-001,MARGIN,,"[{'type': 'MarginBalance', 'initial': '0.00', 'maintenance': '2.33', 'currency': 'USD', 'instrument_id': 'EUR/USD.IDEALPRO'}]",False,{}
100000.00,0.00,100000.00,EUR,IDEALPRO-001,MARGIN,,"[{'type': 'MarginBalance', 'initial': '0.00', 'maintenance': '2.33', 'currency': 'USD', 'instrument_id': 'EUR/USD.IDEALPRO'}]",False,{}
99999.72,2.33,99997.39,USD,IDEALPRO-001,MARGIN,,"[{'type': 'MarginBalance', 'initial': '0.00', 'maintenance': '2.33', 'currency': 'USD', 'instrument_id': 'EUR/USD.IDEALPRO'}]",False,{}
100000.00,0.00,100000.00,EUR,IDEALPRO-001,MARGIN,,"[{'type': 'MarginBalance', 'initial': '0.00', 'maintenance': '2.33', 'currency': 'USD', 'instrument_id': 'EUR/USD.IDEALPRO'}]",False,{}
99999.72,2.33,99997.39,USD,IDEALPRO-001,MARGIN,,"[{'type': 'MarginBalance', 'initial': '0.00', 'maintenance': '2.33', 'currency': 'USD', 'instrument_id': 'EUR/USD.IDEALPRO'}]",False,{}
100000.00,0.00,100000.00,EUR,IDEALPRO-001,MARGIN,,"[{'type': 'MarginBalance', 'initial': '0.00', 'maintenance': '2.33', 'currency': 'USD', 'instrument_id': 'EUR/USD.IDEALPRO'}]",False,{}
99999.72,2.33,99997.39,USD,IDEALPRO-001,MARGIN,,"[{'type': 'MarginBalance', 'initial': '0.00', 'maintenance': '2.33', 'currency': 'USD', 'instrument_id': 'EUR/USD.IDEALPRO'}]",False,{}
100000.00,0.00,100000.00,EUR,IDEALPRO-001,MARGIN,,"[{'type': 'MarginBalance', 'initial': '0.00', 'maintenance': '2.33', 'currency': 'USD', 'instrument_id': 'EUR/USD.IDEALPRO'}]",False,{}
99999.69,0.00,99999.69,USD,IDEALPRO-001,MARGIN,,[],False,{}
100000.00,0.00,100000.00,EUR,IDEALPRO-001,MARGIN,,[],False,{}
99999.69,0.00,99999.69,USD,IDEALPRO-001,MARGIN,,[],False,{}
100000.00,0.00,100000.00,EUR,IDEALPRO-001,MARGIN,,[],False,{}
99999.69,0.00,99999.69,USD,IDEALPRO-001,MARGIN,,[],False,{}
100000.00,0.00,100000.00,EUR,IDEALPRO-001,MARGIN,,[],False,{}
99999.69,0.00,99999.69,USD,IDEALPRO-001,MARGIN,,[],False,{}
100000.00,0.00,100000.00,EUR,IDEALPRO-001,MARGIN,,[],False,{}
99999.69,0.00,99999.69,USD,IDEALPRO-001,MARGIN,,[],False,{}
100000.00,0.00,100000.00,EUR,IDEALPRO-001,MARGIN,,[],False,{}
99999.69,0.00,99999.69,USD,IDEALPRO-001,MARGIN,,[],False,{}
100000.00,0.00,100000.00,EUR,IDEALPRO-001,MARGIN,,[],False,{}
99999.69,2.33,99997.36,USD,IDEALPRO-001,MARGIN,,"[{'type': 'MarginBalance', 'initial': '0.00', 'maintenance': '2.33', 'currency': 'USD', 'instrument_id': 'EUR/USD.IDEALPRO'}]",False,{}
100000.00,0.00,100000.00,EUR,IDEALPRO-001,MARGIN,,"[{'type': 'MarginBalance', 'initial': '0.00', 'maintenance': '2.33', 'currency': 'USD', 'instrument_id': 'EUR/USD.IDEALPRO'}]",False,{}
99999.69,2.33,99997.36,USD,IDEALPRO-001,MARGIN,,"[{'type': 'MarginBalance', 'initial': '0.00', 'maintenance': '2.33', 'currency': 'USD', 'instrument_id': 'EUR/USD.IDEALPRO'}]",False,{}
100000.00,0.00,100000.00,EUR,IDEALPRO-001,MARGIN,,"[{'type': 'MarginBalance', 'initial': '0.00', 'maintenance': '2.33', 'currency': 'USD', 'instrument_id': 'EUR/USD.IDEALPRO'}]",False,{}
99999.69,2.33,99997.36,USD,IDEALPRO-001,MARGIN,,"[{'type': 'MarginBalance', 'initial': '0.00', 'maintenance': '2.33', 'currency': 'USD', 'instrument_id': 'EUR/USD.IDEALPRO'}]",False,{}
100000.00,0.00,100000.00,EUR,IDEALPRO-001,MARGIN,,"[{'type': 'MarginBalance', 'initial': '0.00', 'maintenance': '2.33', 'currency': 'USD', 'instrument_id': 'EUR/USD.IDEALPRO'}]",False,{}
99999.63,0.00,99999.63,USD,IDEALPRO-001,MARGIN,,[],False,{}
100000.00,0.00,100000.00,EUR,IDEALPRO-001,MARGIN,,[],False,{}
99999.63,0.00,99999.63,USD,IDEALPRO-001,MARGIN,,[],False,{}
100000.00,0.00,100000.00,EUR,IDEALPRO-001,MARGIN,,[],False,{}
99999.63,0.00,99999.63,USD,IDEALPRO-001,MARGIN,,[],False,{}
100000.00,0.00,100000.00,EUR,IDEALPRO-001,MARGIN,,[],False,{}
99999.63,0.00,99999.63,USD,IDEALPRO-001,MARGIN,,[],False,{}
100000.00,0.00,100000.00,EUR,IDEALPRO-001,MARGIN,,[],False,{}
99999.63,0.00,99999.63,USD,IDEALPRO-001,MARGIN,,[],False,{}
100000.00,0.00,100000.00,EUR,IDEALPRO-001,MARGIN,,[],False,{}
99999.63,2.34,99997.29,USD,IDEALPRO-001,MARGIN,,"[{'type': 'MarginBalance', 'initial': '0.00', 'maintenance': '2.34', 'currency': 'USD', 'instrument_id': 'EUR/USD.IDEALPRO'}]",False,{}
100000.00,0.00,100000.00,EUR,IDEALPRO-001,MARGIN,,"[{'type': 'MarginBalance', 'initial': '0.00', 'maintenance': '2.34', 'currency': 'USD', 'instrument_id': 'EUR/USD.IDEALPRO'}]",False,{}
99999.63,2.34,99997.29,USD,IDEALPRO-001,MARGIN,,"[{'type': 'MarginBalance', 'initial': '0.00', 'maintenance': '2.34', 'currency': 'USD', 'instrument_id': 'EUR/USD.IDEALPRO'}]",False,{}
100000.00,0.00,100000.00,EUR,IDEALPRO-001,MARGIN,,"[{'type': 'MarginBalance', 'initial': '0.00', 'maintenance': '2.34', 'currency': 'USD', 'instrument_id': 'EUR/USD.IDEALPRO'}]",False,{}
99999.63,2.34,99997.29,USD,IDEALPRO-001,MARGIN,,"[{'type': 'MarginBalance', 'initial': '0.00', 'maintenance': '2.34', 'currency': 'USD', 'instrument_id': 'EUR/USD.IDEALPRO'}]",False,{}
100000.00,0.00,100000.00,EUR,IDEALPRO-001,MARGIN,,"[{'type': 'MarginBalance', 'initial': '0.00', 'maintenance': '2.34', 'currency': 'USD', 'instrument_id': 'EUR/USD.IDEALPRO'}]",False,{}
99999.63,2.34,99997.29,USD,IDEALPRO-001,MARGIN,,"[{'type': 'MarginBalance', 'initial': '0.00', 'maintenance': '2.34', 'currency': 'USD', 'instrument_id': 'EUR/USD.IDEALPRO'}]",False,{}
100000.00,0.00,100000.00,EUR,IDEALPRO-001,MARGIN,,"[{'type': 'MarginBalance', 'initial': '0.00', 'maintenance': '2.34', 'currency': 'USD', 'instrument_id': 'EUR/USD.IDEALPRO'}]",False,{}
99999.60,0.00,99999.60,USD,IDEALPRO-001,MARGIN,,[],False,{}
100000.00,0.00,100000.00,EUR,IDEALPRO-001,MARGIN,,[],False,{}
99999.60,0.00,99999.60,USD,IDEALPRO-001,MARGIN,,[],False,{}
100000.00,0.00,100000.00,EUR,IDEALPRO-001,MARGIN,,[],False,{}
99999.60,0.00,99999.60,USD,IDEALPRO-001,MARGIN,,[],False,{}
100000.00,0.00,100000.00,EUR,IDEALPRO-001,MARGIN,,[],False,{}
99999.60,0.00,99999.60,USD,IDEALPRO-001,MARGIN,,[],False,{}
100000.00,0.00,100000.00,EUR,IDEALPRO-001,MARGIN,,[],False,{}
99999.60,0.00,99999.60,USD,IDEALPRO-001,MARGIN,,[],False,{}
100000.00,0.00,100000.00,EUR,IDEALPRO-001,MARGIN,,[],False,{}
99999.60,0.00,99999.60,USD,IDEALPRO-001,MARGIN,,[],False,{}
100000.00,0.00,100000.00,EUR,IDEALPRO-001,MARGIN,,[],False,{}
99999.60,2.34,99997.26,USD,IDEALPRO-001,MARGIN,,"[{'type': 'MarginBalance', 'initial': '0.00', 'maintenance': '2.34', 'currency': 'USD', 'instrument_id': 'EUR/USD.IDEALPRO'}]",False,{}
100000.00,0.00,100000.00,EUR,IDEALPRO-001,MARGIN,,"[{'type': 'MarginBalance', 'initial': '0.00', 'maintenance': '2.34', 'currency': 'USD', 'instrument_id': 'EUR/USD.IDEALPRO'}]",False,{}
99999.60,2.34,99997.26,USD,IDEALPRO-001,MARGIN,,"[{'type': 'MarginBalance', 'initial': '0.00', 'maintenance': '2.34', 'currency': 'USD', 'instrument_id': 'EUR/USD.IDEALPRO'}]",False,{}
100000.00,0.00,100000.00,EUR,IDEALPRO-001,MARGIN,,"[{'type': 'MarginBalance', 'initial': '0.00', 'maintenance': '2.34', 'currency': 'USD', 'instrument_id': 'EUR/USD.IDEALPRO'}]",False,{}
99999.60,2.34,99997.26,USD,IDEALPRO-001,MARGIN,,"[{'type': 'MarginBalance', 'initial': '0.00', 'maintenance': '2.34', 'currency': 'USD', 'instrument_id': 'EUR/USD.IDEALPRO'}]",False,{}
100000.00,0.00,100000.00,EUR,IDEALPRO-001,MARGIN,,"[{'type': 'MarginBalance', 'initial': '0.00', 'maintenance': '2.34', 'currency': 'USD', 'instrument_id': 'EUR/USD.IDEALPRO'}]",False,{}
99999.54,0.00,99999.54,USD,IDEALPRO-001,MARGIN,,[],False,{}
100000.00,0.00,100000.00,EUR,IDEALPRO-001,MARGIN,,[],False,{}
99999.54,0.00,99999.54,USD,IDEALPRO-001,MARGIN,,[],False,{}
100000.00,0.00,100000.00,EUR,IDEALPRO-001,MARGIN,,[],False,{}
99999.54,0.00,99999.54,USD,IDEALPRO-001,MARGIN,,[],False,{}
100000.00,0.00,100000.00,EUR,IDEALPRO-001,MARGIN,,[],False,{}
99999.54,0.00,99999.54,USD,IDEALPRO-001,MARGIN,,[],False,{}
100000.00,0.00,100000.00,EUR,IDEALPRO-001,MARGIN,,[],False,{}
99999.54,0.00,99999.54,USD,IDEALPRO-001,MARGIN,,[],False,{}
100000.00,0.00,100000.00,EUR,IDEALPRO-001,MARGIN,,[],False,{}
99999.54,2.33,99997.21,USD,IDEALPRO-001,MARGIN,,"[{'type': 'MarginBalance', 'initial': '0.00', 'maintenance': '2.33', 'currency': 'USD', 'instrument_id': 'EUR/USD.IDEALPRO'}]",False,{}
100000.00,0.00,100000.00,EUR,IDEALPRO-001,MARGIN,,"[{'type': 'MarginBalance', 'initial': '0.00', 'maintenance': '2.33', 'currency': 'USD', 'instrument_id': 'EUR/USD.IDEALPRO'}]",False,{}
99999.54,2.33,99997.21,USD,IDEALPRO-001,MARGIN,,"[{'type': 'MarginBalance', 'initial': '0.00', 'maintenance': '2.33', 'currency': 'USD', 'instrument_id': 'EUR/USD.IDEALPRO'}]",False,{}
100000.00,0.00,100000.00,EUR,IDEALPRO-001,MARGIN,,"[{'type': 'MarginBalance', 'initial': '0.00', 'maintenance': '2.33', 'currency': 'USD', 'instrument_id': 'EUR/USD.IDEALPRO'}]",False,{}
99999.54,2.33,99997.21,USD,IDEALPRO-001,MARGIN,,"[{'type': 'MarginBalance', 'initial': '0.00', 'maintenance': '2.33', 'currency': 'USD', 'instrument_id': 'EUR/USD.IDEALPRO'}]",False,{}
100000.00,0.00,100000.00,EUR,IDEALPRO-001,MARGIN,,"[{'type': 'MarginBalance', 'initial': '0.00', 'maintenance': '2.33', 'currency': 'USD', 'instrument_id': 'EUR/USD.IDEALPRO'}]",False,{}
99999.54,2.33,99997.21,USD,IDEALPRO-001,MARGIN,,"[{'type': 'MarginBalance', 'initial': '0.00', 'maintenance': '2.33', 'currency': 'USD', 'instrument_id': 'EUR/USD.IDEALPRO'}]",False,{}
100000.00,0.00,100000.00,EUR,IDEALPRO-001,MARGIN,,"[{'type': 'MarginBalance', 'initial': '0.00', 'maintenance': '2.33', 'currency': 'USD', 'instrument_id': 'EUR/USD.IDEALPRO'}]",False,{}
99999.52,0.00,99999.52,USD,IDEALPRO-001,MARGIN,,[],False,{}
100000.00,0.00,100000.00,EUR,IDEALPRO-001,MARGIN,,[],False,{}
99999.52,0.00,99999.52,USD,IDEALPRO-001,MARGIN,,[],False,{}
100000.00,0.00,100000.00,EUR,IDEALPRO-001,MARGIN,,[],False,{}
99999.52,0.00,99999.52,USD,IDEALPRO-001,MARGIN,,[],False,{}
100000.00,0.00,100000.00,EUR,IDEALPRO-001,MARGIN,,[],False,{}
99999.52,0.00,99999.52,USD,IDEALPRO-001,MARGIN,,[],False,{}
100000.00,0.00,100000.00,EUR,IDEALPRO-001,MARGIN,,[],False,{}
99999.52,0.00,99999.52,USD,IDEALPRO-001,MARGIN,,[],False,{}
100000.00,0.00,100000.00,EUR,IDEALPRO-001,MARGIN,,[],False,{}
99999.52,0.00,99999.52,USD,IDEALPRO-001,MARGIN,,[],False,{}
100000.00,0.00,100000.00,EUR,IDEALPRO-001,MARGIN,,[],False,{}
99999.52,2.33,99997.19,USD,IDEALPRO-001,MARGIN,,"[{'type': 'MarginBalance', 'initial': '0.00', 'maintenance': '2.33', 'currency': 'USD', 'instrument_id': 'EUR/USD.IDEALPRO'}]",False,{}
100000.00,0.00,100000.00,EUR,IDEALPRO-001,MARGIN,,"[{'type': 'MarginBalance', 'initial': '0.00', 'maintenance': '2.33', 'currency': 'USD', 'instrument_id': 'EUR/USD.IDEALPRO'}]",False,{}
99999.52,2.33,99997.19,USD,IDEALPRO-001,MARGIN,,"[{'type': 'MarginBalance', 'initial': '0.00', 'maintenance': '2.33', 'currency': 'USD', 'instrument_id': 'EUR/USD.IDEALPRO'}]",False,{}
100000.00,0.00,100000.00,EUR,IDEALPRO-001,MARGIN,,"[{'type': 'MarginBalance', 'initial': '0.00', 'maintenance': '2.33', 'currency': 'USD', 'instrument_id': 'EUR/USD.IDEALPRO'}]",False,{}
99999.52,2.33,99997.19,USD,IDEALPRO-001,MARGIN,,"[{'type': 'MarginBalance', 'initial': '0.00', 'maintenance': '2.33', 'currency': 'USD', 'instrument_id': 'EUR/USD.IDEALPRO'}]",False,{}
100000.00,0.00,100000.00,EUR,IDEALPRO-001,MARGIN,,"[{'type': 'MarginBalance', 'initial': '0.00', 'maintenance': '2.33', 'currency': 'USD', 'instrument_id': 'EUR/USD.IDEALPRO'}]",False,{}
99999.52,2.33,99997.19,USD,IDEALPRO-001,MARGIN,,"[{'type': 'MarginBalance', 'initial': '0.00', 'maintenance': '2.33', 'currency': 'USD', 'instrument_id': 'EUR/USD.IDEALPRO'}]",False,{}
100000.00,0.00,100000.00,EUR,IDEALPRO-001,MARGIN,,"[{'type': 'MarginBalance', 'initial': '0.00', 'maintenance': '2.33', 'currency': 'USD', 'instrument_id': 'EUR/USD.IDEALPRO'}]",False,{}
99999.52,0.00,99999.52,USD,IDEALPRO-001,MARGIN,,[],False,{}
100000.00,0.00,100000.00,EUR,IDEALPRO-001,MARGIN,,[],False,{}
99999.52,0.00,99999.52,USD,IDEALPRO-001,MARGIN,,[],False,{}
100000.00,0.00,100000.00,EUR,IDEALPRO-001,MARGIN,,[],False,{}
99999.52,0.00,99999.52,USD,IDEALPRO-001,MARGIN,,[],False,{}
100000.00,0.00,100000.00,EUR,IDEALPRO-001,MARGIN,,[],False,{}
99999.52,0.00,99999.52,USD,IDEALPRO-001,MARGIN,,[],False,{}
100000.00,0.00,100000.00,EUR,IDEALPRO-001,MARGIN,,[],False,{}
99999.52,0.00,99999.52,USD,IDEALPRO-001,MARGIN,,[],False,{}
100000.00,0.00,100000.00,EUR,IDEALPRO-001,MARGIN,,[],False,{}
99999.52,0.00,99999.52,USD,IDEALPRO-001,MARGIN,,[],False,{}
100000.00,0.00,100000.00,EUR,IDEALPRO-001,MARGIN,,[],False,{}
99999.52,2.33,99997.19,USD,IDEALPRO-001,MARGIN,,"[{'type': 'MarginBalance', 'initial': '0.00', 'maintenance': '2.33', 'currency': 'USD', 'instrument_id': 'EUR/USD.IDEALPRO'}]",False,{}
100000.00,0.00,100000.00,EUR,IDEALPRO-001,MARGIN,,"[{'type': 'MarginBalance', 'initial': '0.00', 'maintenance': '2.33', 'currency': 'USD', 'instrument_id': 'EUR/USD.IDEALPRO'}]",False,{}
99999.52,2.33,99997.19,USD,IDEALPRO-001,MARGIN,,"[{'type': 'MarginBalance', 'initial': '0.00', 'maintenance': '2.33', 'currency': 'USD', 'instrument_id': 'EUR/USD.IDEALPRO'}]",False,{}
100000.00,0.00,100000.00,EUR,IDEALPRO-001,MARGIN,,"[{'type': 'MarginBalance', 'initial': '0.00', 'maintenance': '2.33', 'currency': 'USD', 'instrument_id': 'EUR/USD.IDEALPRO'}]",False,{}
99999.52,2.33,99997.19,USD,IDEALPRO-001,MARGIN,,"[{'type': 'MarginBalance', 'initial': '0.00', 'maintenance': '2.33', 'currency': 'USD', 'instrument_id': 'EUR/USD.IDEALPRO'}]",False,{}
100000.00,0.00,100000.00,EUR,IDEALPRO-001,MARGIN,,"[{'type': 'MarginBalance', 'initial': '0.00', 'maintenance': '2.33', 'currency': 'USD', 'instrument_id': 'EUR/USD.IDEALPRO'}]",False,{}
99999.52,2.33,99997.19,USD,IDEALPRO-001,MARGIN,,"[{'type': 'MarginBalance', 'initial': '0.00', 'maintenance': '2.33', 'currency': 'USD', 'instrument_id': 'EUR/USD.IDEALPRO'}]",False,{}
100000.00,0.00,100000.00,EUR,IDEALPRO-001,MARGIN,,"[{'type': 'MarginBalance', 'initial': '0.00', 'maintenance': '2.33', 'currency': 'USD', 'instrument_id': 'EUR/USD.IDEALPRO'}]",False,{}
99999.70,0.00,99999.70,USD,IDEALPRO-001,MARGIN,,[],False,{}
100000.00,0.00,100000.00,EUR,IDEALPRO-001,MARGIN,,[],False,{}
99999.70,0.00,99999.70,USD,IDEALPRO-001,MARGIN,,[],False,{}
100000.00,0.00,100000.00,EUR,IDEALPRO-001,MARGIN,,[],False,{}
99999.70,0.00,99999.70,USD,IDEALPRO-001,MARGIN,,[],False,{}
100000.00,0.00,100000.00,EUR,IDEALPRO-001,MARGIN,,[],False,{}
99999.70,0.00,99999.70,USD,IDEALPRO-001,MARGIN,,[],False,{}
100000.00,0.00,100000.00,EUR,IDEALPRO-001,MARGIN,,[],False,{}
99999.70,0.00,99999.70,USD,IDEALPRO-001,MARGIN,,[],False,{}
100000.00,0.00,100000.00,EUR,IDEALPRO-001,MARGIN,,[],False,{}
99999.70,0.00,99999.70,USD,IDEALPRO-001,MARGIN,,[],False,{}
100000.00,0.00,100000.00,EUR,IDEALPRO-001,MARGIN,,[],False,{}
99999.70,2.33,99997.37,USD,IDEALPRO-001,MARGIN,,"[{'type': 'MarginBalance', 'initial': '0.00', 'maintenance': '2.33', 'currency': 'USD', 'instrument_id': 'EUR/USD.IDEALPRO'}]",False,{}
100000.00,0.00,100000.00,EUR,IDEALPRO-001,MARGIN,,"[{'type': 'MarginBalance', 'initial': '0.00', 'maintenance': '2.33', 'currency': 'USD', 'instrument_id': 'EUR/USD.IDEALPRO'}]",False,{}
99999.70,2.33,99997.37,USD,IDEALPRO-001,MARGIN,,"[{'type': 'MarginBalance', 'initial': '0.00', 'maintenance': '2.33', 'currency': 'USD', 'instrument_id': 'EUR/USD.IDEALPRO'}]",False,{}
100000.00,0.00,100000.00,EUR,IDEALPRO-001,MARGIN,,"[{'type': 'MarginBalance', 'initial': '0.00', 'maintenance': '2.33', 'currency': 'USD', 'instrument_id': 'EUR/USD.IDEALPRO'}]",False,{}
99999.70,2.33,99997.37,USD,IDEALPRO-001,MARGIN,,"[{'type': 'MarginBalance', 'initial': '0.00', 'maintenance': '2.33', 'currency': 'USD', 'instrument_id': 'EUR/USD.IDEALPRO'}]",False,{}
100000.00,0.00,100000.00,EUR,IDEALPRO-001,MARGIN,,"[{'type': 'MarginBalance', 'initial': '0.00', 'maintenance': '2.33', 'currency': 'USD', 'instrument_id': 'EUR/USD.IDEALPRO'}]",False,{}
99999.70,2.33,99997.37,USD,IDEALPRO-001,MARGIN,,"[{'type': 'MarginBalance', 'initial': '0.00', 'maintenance': '2.33', 'currency': 'USD', 'instrument_id': 'EUR/USD.IDEALPRO'}]",False,{}
100000.00,0.00,100000.00,EUR,IDEALPRO-001,MARGIN,,"[{'type': 'MarginBalance', 'initial': '0.00', 'maintenance': '2.33', 'currency': 'USD', 'instrument_id': 'EUR/USD.IDEALPRO'}]",False,{}
99999.80,0.00,99999.80,USD,IDEALPRO-001,MARGIN,,[],False,{}
100000.00,0.00,100000.00,EUR,IDEALPRO-001,MARGIN,,[],False,{}
99999.80,0.00,99999.80,USD,IDEALPRO-001,MARGIN,,[],False,{}
100000.00,0.00,100000.00,EUR,IDEALPRO-001,MARGIN,,[],False,{}
99999.80,0.00,99999.80,USD,IDEALPRO-001,MARGIN,,[],False,{}
100000.00,0.00,100000.00,EUR,IDEALPRO-001,MARGIN,,[],False,{}
99999.80,0.00,99999.80,USD,IDEALPRO-001,MARGIN,,[],False,{}
100000.00,0.00,100000.00,EUR,IDEALPRO-001,MARGIN,,[],False,{}
99999.80,0.00,99999.80,USD,IDEALPRO-001,MARGIN,,[],False,{}
100000.00,0.00,100000.00,EUR,IDEALPRO-001,MARGIN,,[],False,{}
99999.80,0.00,99999.80,USD,IDEALPRO-001,MARGIN,,[],False,{}
100000.00,0.00,100000.00,EUR,IDEALPRO-001,MARGIN,,[],False,{}
99999.80,2.33,99997.47,USD,IDEALPRO-001,MARGIN,,"[{'type': 'MarginBalance', 'initial': '0.00', 'maintenance': '2.33', 'currency': 'USD', 'instrument_id': 'EUR/USD.IDEALPRO'}]",False,{}
100000.00,0.00,100000.00,EUR,IDEALPRO-001,MARGIN,,"[{'type': 'MarginBalance', 'initial': '0.00', 'maintenance': '2.33', 'currency': 'USD', 'instrument_id': 'EUR/USD.IDEALPRO'}]",False,{}
99999.80,2.33,99997.47,USD,IDEALPRO-001,MARGIN,,"[{'type': 'MarginBalance', 'initial': '0.00', 'maintenance': '2.33', 'currency': 'USD', 'instrument_id': 'EUR/USD.IDEALPRO'}]",False,{}
100000.00,0.00,100000.00,EUR,IDEALPRO-001,MARGIN,,"[{'type': 'MarginBalance', 'initial': '0.00', 'maintenance': '2.33', 'currency': 'USD', 'instrument_id': 'EUR/USD.IDEALPRO'}]",False,{}
99999.80,2.33,99997.47,USD,IDEALPRO-001,MARGIN,,"[{'type': 'MarginBalance', 'initial': '0.00', 'maintenance': '2.33', 'currency': 'USD', 'instrument_id': 'EUR/USD.IDEALPRO'}]",False,{}
100000.00,0.00,100000.00,EUR,IDEALPRO-001,MARGIN,,"[{'type': 'MarginBalance', 'initial': '0.00', 'maintenance': '2.33', 'currency': 'USD', 'instrument_id': 'EUR/USD.IDEALPRO'}]",False,{}
99999.80,2.33,99997.47,USD,IDEALPRO-001,MARGIN,,"[{'type': 'MarginBalance', 'initial': '0.00', 'maintenance': '2.33', 'currency': 'USD', 'instrument_id': 'EUR/USD.IDEALPRO'}]",False,{}
100000.00,0.00,100000.00,EUR,IDEALPRO-001,MARGIN,,"[{'type': 'MarginBalance', 'initial': '0.00', 'maintenance': '2.33', 'currency': 'USD', 'instrument_id': 'EUR/USD.IDEALPRO'}]",False,{}
99999.95,0.00,99999.95,USD,IDEALPRO-001,MARGIN,,[],False,{}
100000.00,0.00,100000.00,EUR,IDEALPRO-001,MARGIN,,[],False,{}
99999.95,0.00,99999.95,USD,IDEALPRO-001,MARGIN,,[],False,{}
100000.00,0.00,100000.00,EUR,IDEALPRO-001,MARGIN,,[],False,{}
99999.95,0.00,99999.95,USD,IDEALPRO-001,MARGIN,,[],False,{}
100000.00,0.00,100000.00,EUR,IDEALPRO-001,MARGIN,,[],False,{}
99999.95,0.00,99999.95,USD,IDEALPRO-001,MARGIN,,[],False,{}
100000.00,0.00,100000.00,EUR,IDEALPRO-001,MARGIN,,[],False,{}
99999.95,0.00,99999.95,USD,IDEALPRO-001,MARGIN,,[],False,{}
100000.00,0.00,100000.00,EUR,IDEALPRO-001,MARGIN,,[],False,{}
99999.95,0.00,99999.95,USD,IDEALPRO-001,MARGIN,,[],False,{}
100000.00,0.00,100000.00,EUR,IDEALPRO-001,MARGIN,,[],False,{}
99999.95,2.32,99997.63,USD,IDEALPRO-001,MARGIN,,"[{'type': 'MarginBalance', 'initial': '0.00', 'maintenance': '2.32', 'currency': 'USD', 'instrument_id': 'EUR/USD.IDEALPRO'}]",False,{}
100000.00,0.00,100000.00,EUR,IDEALPRO-001,MARGIN,,"[{'type': 'MarginBalance', 'initial': '0.00', 'maintenance': '2.32', 'currency': 'USD', 'instrument_id': 'EUR/USD.IDEALPRO'}]",False,{}
99999.95,2.32,99997.63,USD,IDEALPRO-001,MARGIN,,"[{'type': 'MarginBalance', 'initial': '0.00', 'maintenance': '2.32', 'currency': 'USD', 'instrument_id': 'EUR/USD.IDEALPRO'}]",False,{}
100000.00,0.00,100000.00,EUR,IDEALPRO-001,MARGIN,,"[{'type': 'MarginBalance', 'initial': '0.00', 'maintenance': '2.32', 'currency': 'USD', 'instrument_id': 'EUR/USD.IDEALPRO'}]",False,{}
99999.95,2.32,99997.63,USD,IDEALPRO-001,MARGIN,,"[{'type': 'MarginBalance', 'initial': '0.00', 'maintenance': '2.32', 'currency': 'USD', 'instrument_id': 'EUR/USD.IDEALPRO'}]",False,{}
100000.00,0.00,100000.00,EUR,IDEALPRO-001,MARGIN,,"[{'type': 'MarginBalance', 'initial': '0.00', 'maintenance': '2.32', 'currency': 'USD', 'instrument_id': 'EUR/USD.IDEALPRO'}]",False,{}
99999.95,2.32,99997.63,USD,IDEALPRO-001,MARGIN,,"[{'type': 'MarginBalance', 'initial': '0.00', 'maintenance': '2.32', 'currency': 'USD', 'instrument_id': 'EUR/USD.IDEALPRO'}]",False,{}
100000.00,0.00,100000.00,EUR,IDEALPRO-001,MARGIN,,"[{'type': 'MarginBalance', 'initial': '0.00', 'maintenance': '2.32', 'currency': 'USD', 'instrument_id': 'EUR/USD.IDEALPRO'}]",False,{}
99999.95,0.00,99999.95,USD,IDEALPRO-001,MARGIN,,[],False,{}
100000.00,0.00,100000.00,EUR,IDEALPRO-001,MARGIN,,[],False,{}
99999.95,0.00,99999.95,USD,IDEALPRO-001,MARGIN,,[],False,{}
100000.00,0.00,100000.00,EUR,IDEALPRO-001,MARGIN,,[],False,{}
99999.95,0.00,99999.95,USD,IDEALPRO-001,MARGIN,,[],False,{}
100000.00,0.00,100000.00,EUR,IDEALPRO-001,MARGIN,,[],False,{}
99999.95,0.00,99999.95,USD,IDEALPRO-001,MARGIN,,[],False,{}
100000.00,0.00,100000.00,EUR,IDEALPRO-001,MARGIN,,[],False,{}
99999.95,0.00,99999.95,USD,IDEALPRO-001,MARGIN,,[],False,{}
100000.00,0.00,100000.00,EUR,IDEALPRO-001,MARGIN,,[],False,{}
99999.95,0.00,99999.95,USD,IDEALPRO-001,MARGIN,,[],False,{}
100000.00,0.00,100000.00,EUR,IDEALPRO-001,MARGIN,,[],False,{}
99999.95,2.32,99997.63,USD,IDEALPRO-001,MARGIN,,"[{'type': 'MarginBalance', 'initial': '0.00', 'maintenance': '2.32', 'currency': 'USD', 'instrument_id': 'EUR/USD.IDEALPRO'}]",False,{}
100000.00,0.00,100000.00,EUR,IDEALPRO-001,MARGIN,,"[{'type': 'MarginBalance', 'initial': '0.00', 'maintenance': '2.32', 'currency': 'USD', 'instrument_id': 'EUR/USD.IDEALPRO'}]",False,{}
99999.95,2.32,99997.63,USD,IDEALPRO-001,MARGIN,,"[{'type': 'MarginBalance', 'initial': '0.00', 'maintenance': '2.32', 'currency': 'USD', 'instrument_id': 'EUR/USD.IDEALPRO'}]",False,{}
100000.00,0.00,100000.00,EUR,IDEALPRO-001,MARGIN,,"[{'type': 'MarginBalance', 'initial': '0.00', 'maintenance': '2.32', 'currency': 'USD', 'instrument_id': 'EUR/USD.IDEALPRO'}]",False,{}
99999.95,2.32,99997.63,USD,IDEALPRO-001,MARGIN,,"[{'type': 'MarginBalance', 'initial': '0.00', 'maintenance': '2.32', 'currency': 'USD', 'instrument_id': 'EUR/USD.IDEALPRO'}]",False,{}
100000.00,0.00,100000.00,EUR,IDEALPRO-001,MARGIN,,"[{'type': 'MarginBalance', 'initial': '0.00', 'maintenance': '2.32', 'currency': 'USD', 'instrument_id': 'EUR/USD.IDEALPRO'}]",False,{}
99999.95,2.32,99997.63,USD,IDEALPRO-001,MARGIN,,"[{'type': 'MarginBalance', 'initial': '0.00', 'maintenance': '2.32', 'currency': 'USD', 'instrument_id': 'EUR/USD.IDEALPRO'}]",False,{}
100000.00,0.00,100000.00,EUR,IDEALPRO-001,MARGIN,,"[{'type': 'MarginBalance', 'initial': '0.00', 'maintenance': '2.32', 'currency': 'USD', 'instrument_id': 'EUR/USD.IDEALPRO'}]",False,{}
99999.97,0.00,99999.97,USD,IDEALPRO-001,MARGIN,,[],False,{}
100000.00,0.00,100000.00,EUR,IDEALPRO-001,MARGIN,,[],False,{}
99999.97,0.00,99999.97,USD,IDEALPRO-001,MARGIN,,[],False,{}
100000.00,0.00,100000.00,EUR,IDEALPRO-001,MARGIN,,[],False,{}
99999.97,0.00,99999.97,USD,IDEALPRO-001,MARGIN,,[],False,{}
100000.00,0.00,100000.00,EUR,IDEALPRO-001,MARGIN,,[],False,{}
99999.97,0.00,99999.97,USD,IDEALPRO-001,MARGIN,,[],False,{}
100000.00,0.00,100000.00,EUR,IDEALPRO-001,MARGIN,,[],False,{}
99999.97,0.00,99999.97,USD,IDEALPRO-001,MARGIN,,[],False,{}
100000.00,0.00,100000.00,EUR,IDEALPRO-001,MARGIN,,[],False,{}
99999.97,0.00,99999.97,USD,IDEALPRO-001,MARGIN,,[],False,{}
100000.00,0.00,100000.00,EUR,IDEALPRO-001,MARGIN,,[],False,{}
99999.97,2.32,99997.65,USD,IDEALPRO-001,MARGIN,,"[{'type': 'MarginBalance', 'initial': '0.00', 'maintenance': '2.32', 'currency': 'USD', 'instrument_id': 'EUR/USD.IDEALPRO'}]",False,{}
100000.00,0.00,100000.00,EUR,IDEALPRO-001,MARGIN,,"[{'type': 'MarginBalance', 'initial': '0.00', 'maintenance': '2.32', 'currency': 'USD', 'instrument_id': 'EUR/USD.IDEALPRO'}]",False,{}
99999.97,2.32,99997.65,USD,IDEALPRO-001,MARGIN,,"[{'type': 'MarginBalance', 'initial': '0.00', 'maintenance': '2.32', 'currency': 'USD', 'instrument_id': 'EUR/USD.IDEALPRO'}]",False,{}
100000.00,0.00,100000.00,EUR,IDEALPRO-001,MARGIN,,"[{'type': 'MarginBalance', 'initial': '0.00', 'maintenance': '2.32', 'currency': 'USD', 'instrument_id': 'EUR/USD.IDEALPRO'}]",False,{}
99999.97,2.32,99997.65,USD,IDEALPRO-001,MARGIN,,"[{'type': 'MarginBalance', 'initial': '0.00', 'maintenance': '2.32', 'currency': 'USD', 'instrument_id': 'EUR/USD.IDEALPRO'}]",False,{}
100000.00,0.00,100000.00,EUR,IDEALPRO-001,MARGIN,,"[{'type': 'MarginBalance', 'initial': '0.00', 'maintenance': '2.32', 'currency': 'USD', 'instrument_id': 'EUR/USD.IDEALPRO'}]",False,{}
99999.97,2.32,99997.65,USD,IDEALPRO-001,MARGIN,,"[{'type': 'MarginBalance', 'initial': '0.00', 'maintenance': '2.32', 'currency': 'USD', 'instrument_id': 'EUR/USD.IDEALPRO'}]",False,{}
100000.00,0.00,100000.00,EUR,IDEALPRO-001,MARGIN,,"[{'type': 'MarginBalance', 'initial': '0.00', 'maintenance': '2.32', 'currency': 'USD', 'instrument_id': 'EUR/USD.IDEALPRO'}]",False,{}
99999.93,0.00,99999.93,USD,IDEALPRO-001,MARGIN,,[],False,{}
100000.00,0.00,100000.00,EUR,IDEALPRO-001,MARGIN,,[],False,{}
99999.93,0.00,99999.93,USD,IDEALPRO-001,MARGIN,,[],False,{}
100000.00,0.00,100000.00,EUR,IDEALPRO-001,MARGIN,,[],False,{}
99999.93,0.00,99999.93,USD,IDEALPRO-001,MARGIN,,[],False,{}
100000.00,0.00,100000.00,EUR,IDEALPRO-001,MARGIN,,[],False,{}
99999.93,0.00,99999.93,USD,IDEALPRO-001,MARGIN,,[],False,{}
100000.00,0.00,100000.00,EUR,IDEALPRO-001,MARGIN,,[],False,{}
99999.93,0.00,99999.93,USD,IDEALPRO-001,MARGIN,,[],False,{}
100000.00,0.00,100000.00,EUR,IDEALPRO-001,MARGIN,,[],False,{}
99999.93,0.00,99999.93,USD,IDEALPRO-001,MARGIN,,[],False,{}
100000.00,0.00,100000.00,EUR,IDEALPRO-001,MARGIN,,[],False,{}
99999.93,2.32,99997.61,USD,IDEALPRO-001,MARGIN,,"[{'type': 'MarginBalance', 'initial': '0.00', 'maintenance': '2.32', 'currency': 'USD', 'instrument_id': 'EUR/USD.IDEALPRO'}]",False,{}
100000.00,0.00,100000.00,EUR,IDEALPRO-001,MARGIN,,"[{'type': 'MarginBalance', 'initial': '0.00', 'maintenance': '2.32', 'currency': 'USD', 'instrument_id': 'EUR/USD.IDEALPRO'}]",False,{}
99999.93,2.32,99997.61,USD,IDEALPRO-001,MARGIN,,"[{'type': 'MarginBalance', 'initial': '0.00', 'maintenance': '2.32', 'currency': 'USD', 'instrument_id': 'EUR/USD.IDEALPRO'}]",False,{}
100000.00,0.00,100000.00,EUR,IDEALPRO-001,MARGIN,,"[{'type': 'MarginBalance', 'initial': '0.00', 'maintenance': '2.32', 'currency': 'USD', 'instrument_id': 'EUR/USD.IDEALPRO'}]",False,{}
99999.93,2.32,99997.61,USD,IDEALPRO-001,MARGIN,,"[{'type': 'MarginBalance', 'initial': '0.00', 'maintenance': '2.32', 'currency': 'USD', 'instrument_id': 'EUR/USD.IDEALPRO'}]",False,{}
100000.00,0.00,100000.00,EUR,IDEALPRO-001,MARGIN,,"[{'type': 'MarginBalance', 'initial': '0.00', 'maintenance': '2.32', 'currency': 'USD', 'instrument_id': 'EUR/USD.IDEALPRO'}]",False,{}
99999.93,2.32,99997.61,USD,IDEALPRO-001,MARGIN,,"[{'type': 'MarginBalance', 'initial': '0.00', 'maintenance': '2.32', 'currency': 'USD', 'instrument_id': 'EUR/USD.IDEALPRO'}]",False,{}
100000.00,0.00,100000.00,EUR,IDEALPRO-001,MARGIN,,"[{'type': 'MarginBalance', 'initial': '0.00', 'maintenance': '2.32', 'currency': 'USD', 'instrument_id': 'EUR/USD.IDEALPRO'}]",False,{}
99999.89,0.00,99999.89,USD,IDEALPRO-001,MARGIN,,[],False,{}
100000.00,0.00,100000.00,EUR,IDEALPRO-001,MARGIN,,[],False,{}
99999.89,0.00,99999.89,USD,IDEALPRO-001,MARGIN,,[],False,{}
100000.00,0.00,100000.00,EUR,IDEALPRO-001,MARGIN,,[],False,{}
99999.89,0.00,99999.89,USD,IDEALPRO-001,MARGIN,,[],False,{}
100000.00,0.00,100000.00,EUR,IDEALPRO-001,MARGIN,,[],False,{}
99999.89,0.00,99999.89,USD,IDEALPRO-001,MARGIN,,[],False,{}
100000.00,0.00,100000.00,EUR,IDEALPRO-001,MARGIN,,[],False,{}
99999.89,0.00,99999.89,USD,IDEALPRO-001,MARGIN,,[],False,{}
100000.00,0.00,100000.00,EUR,IDEALPRO-001,MARGIN,,[],False,{}
99999.89,0.00,99999.89,USD,IDEALPRO-001,MARGIN,,[],False,{}
100000.00,0.00,100000.00,EUR,IDEALPRO-001,MARGIN,,[],False,{}
99999.89,2.32,99997.57,USD,IDEALPRO-001,MARGIN,,"[{'type': 'MarginBalance', 'initial': '0.00', 'maintenance': '2.32', 'currency': 'USD', 'instrument_id': 'EUR/USD.IDEALPRO'}]",False,{}
100000.00,0.00,100000.00,EUR,IDEALPRO-001,MARGIN,,"[{'type': 'MarginBalance', 'initial': '0.00', 'maintenance': '2.32', 'currency': 'USD', 'instrument_id': 'EUR/USD.IDEALPRO'}]",False,{}
99999.89,2.32,99997.57,USD,IDEALPRO-001,MARGIN,,"[{'type': 'MarginBalance', 'initial': '0.00', 'maintenance': '2.32', 'currency': 'USD', 'instrument_id': 'EUR/USD.IDEALPRO'}]",False,{}
100000.00,0.00,100000.00,EUR,IDEALPRO-001,MARGIN,,"[{'type': 'MarginBalance', 'initial': '0.00', 'maintenance': '2.32', 'currency': 'USD', 'instrument_id': 'EUR/USD.IDEALPRO'}]",False,{}
99999.89,2.32,99997.57,USD,IDEALPRO-001,MARGIN,,"[{'type': 'MarginBalance', 'initial': '0.00', 'maintenance': '2.32', 'currency': 'USD', 'instrument_id': 'EUR/USD.IDEALPRO'}]",False,{}
100000.00,0.00,100000.00,EUR,IDEALPRO-001,MARGIN,,"[{'type': 'MarginBalance', 'initial': '0.00', 'maintenance': '2.32', 'currency': 'USD', 'instrument_id': 'EUR/USD.IDEALPRO'}]",False,{}
99999.83,0.00,99999.83,USD,IDEALPRO-001,MARGIN,,[],False,{}
100000.00,0.00,100000.00,EUR,IDEALPRO-001,MARGIN,,[],False,{}
99999.83,0.00,99999.83,USD,IDEALPRO-001,MARGIN,,[],False,{}
100000.00,0.00,100000.00,EUR,IDEALPRO-001,MARGIN,,[],False,{}
99999.83,0.00,99999.83,USD,IDEALPRO-001,MARGIN,,[],False,{}
100000.00,0.00,100000.00,EUR,IDEALPRO-001,MARGIN,,[],False,{}
99999.83,0.00,99999.83,USD,IDEALPRO-001,MARGIN,,[],False,{}
100000.00,0.00,100000.00,EUR,IDEALPRO-001,MARGIN,,[],False,{}
99999.83,0.00,99999.83,USD,IDEALPRO-001,MARGIN,,[],False,{}
100000.00,0.00,100000.00,EUR,IDEALPRO-001,MARGIN,,[],False,{}
99999.83,2.32,99997.51,USD,IDEALPRO-001,MARGIN,,"[{'type': 'MarginBalance', 'initial': '0.00', 'maintenance': '2.32', 'currency': 'USD', 'instrument_id': 'EUR/USD.IDEALPRO'}]",False,{}
100000.00,0.00,100000.00,EUR,IDEALPRO-001,MARGIN,,"[{'type': 'MarginBalance', 'initial': '0.00', 'maintenance': '2.32', 'currency': 'USD', 'instrument_id': 'EUR/USD.IDEALPRO'}]",False,{}
99999.83,2.32,99997.51,USD,IDEALPRO-001,MARGIN,,"[{'type': 'MarginBalance', 'initial': '0.00', 'maintenance': '2.32', 'currency': 'USD', 'instrument_id': 'EUR/USD.IDEALPRO'}]",False,{}
100000.00,0.00,100000.00,EUR,IDEALPRO-001,MARGIN,,"[{'type': 'MarginBalance', 'initial': '0.00', 'maintenance': '2.32', 'currency': 'USD', 'instrument_id': 'EUR/USD.IDEALPRO'}]",False,{}
99999.83,2.32,99997.51,USD,IDEALPRO-001,MARGIN,,"[{'type': 'MarginBalance', 'initial': '0.00', 'maintenance': '2.32', 'currency': 'USD', 'instrument_id': 'EUR/USD.IDEALPRO'}]",False,{}
100000.00,0.00,100000.00,EUR,IDEALPRO-001,MARGIN,,"[{'type': 'MarginBalance', 'initial': '0.00', 'maintenance': '2.32', 'currency': 'USD', 'instrument_id': 'EUR/USD.IDEALPRO'}]",False,{}
99999.83,2.32,99997.51,USD,IDEALPRO-001,MARGIN,,"[{'type': 'MarginBalance', 'initial': '0.00', 'maintenance': '2.32', 'currency': 'USD', 'instrument_id': 'EUR/USD.IDEALPRO'}]",False,{}
100000.00,0.00,100000.00,EUR,IDEALPRO-001,MARGIN,,"[{'type': 'MarginBalance', 'initial': '0.00', 'maintenance': '2.32', 'currency': 'USD', 'instrument_id': 'EUR/USD.IDEALPRO'}]",False,{}
99999.95,0.00,99999.95,USD,IDEALPRO-001,MARGIN,,[],False,{}
100000.00,0.00,100000.00,EUR,IDEALPRO-001,MARGIN,,[],False,{}
99999.95,0.00,99999.95,USD,IDEALPRO-001,MARGIN,,[],False,{}
100000.00,0.00,100000.00,EUR,IDEALPRO-001,MARGIN,,[],False,{}
99999.95,0.00,99999.95,USD,IDEALPRO-001,MARGIN,,[],False,{}
100000.00,0.00,100000.00,EUR,IDEALPRO-001,MARGIN,,[],False,{}
99999.95,0.00,99999.95,USD,IDEALPRO-001,MARGIN,,[],False,{}
100000.00,0.00,100000.00,EUR,IDEALPRO-001,MARGIN,,[],False,{}
99999.95,0.00,99999.95,USD,IDEALPRO-001,MARGIN,,[],False,{}
100000.00,0.00,100000.00,EUR,IDEALPRO-001,MARGIN,,[],False,{}
99999.95,0.00,99999.95,USD,IDEALPRO-001,MARGIN,,[],False,{}
100000.00,0.00,100000.00,EUR,IDEALPRO-001,MARGIN,,[],False,{}
99999.95,2.32,99997.63,USD,IDEALPRO-001,MARGIN,,"[{'type': 'MarginBalance', 'initial': '0.00', 'maintenance': '2.32', 'currency': 'USD', 'instrument_id': 'EUR/USD.IDEALPRO'}]",False,{}
100000.00,0.00,100000.00,EUR,IDEALPRO-001,MARGIN,,"[{'type': 'MarginBalance', 'initial': '0.00', 'maintenance': '2.32', 'currency': 'USD', 'instrument_id': 'EUR/USD.IDEALPRO'}]",False,{}
99999.95,2.32,99997.63,USD,IDEALPRO-001,MARGIN,,"[{'type': 'MarginBalance', 'initial': '0.00', 'maintenance': '2.32', 'currency': 'USD', 'instrument_id': 'EUR/USD.IDEALPRO'}]",False,{}
100000.00,0.00,100000.00,EUR,IDEALPRO-001,MARGIN,,"[{'type': 'MarginBalance', 'initial': '0.00', 'maintenance': '2.32', 'currency': 'USD', 'instrument_id': 'EUR/USD.IDEALPRO'}]",False,{}
99999.95,2.32,99997.63,USD,IDEALPRO-001,MARGIN,,"[{'type': 'MarginBalance', 'initial': '0.00', 'maintenance': '2.32', 'currency': 'USD', 'instrument_id': 'EUR/USD.IDEALPRO'}]",False,{}
100000.00,0.00,100000.00,EUR,IDEALPRO-001,MARGIN,,"[{'type': 'MarginBalance', 'initial': '0.00', 'maintenance': '2.32', 'currency': 'USD', 'instrument_id': 'EUR/USD.IDEALPRO'}]",False,{}
99999.95,2.32,99997.63,USD,IDEALPRO-001,MARGIN,,"[{'type': 'MarginBalance', 'initial': '0.00', 'maintenance': '2.32', 'currency': 'USD', 'instrument_id': 'EUR/USD.IDEALPRO'}]",False,{}
100000.00,0.00,100000.00,EUR,IDEALPRO-001,MARGIN,,"[{'type': 'MarginBalance', 'initial': '0.00', 'maintenance': '2.32', 'currency': 'USD', 'instrument_id': 'EUR/USD.IDEALPRO'}]",False,{}
99999.90,0.00,99999.90,USD,IDEALPRO-001,MARGIN,,[],False,{}
100000.00,0.00,100000.00,EUR,IDEALPRO-001,MARGIN,,[],False,{}
99999.90,0.00,99999.90,USD,IDEALPRO-001,MARGIN,,[],False,{}
100000.00,0.00,100000.00,EUR,IDEALPRO-001,MARGIN,,[],False,{}
99999.90,0.00,99999.90,USD,IDEALPRO-001,MARGIN,,[],False,{}
100000.00,0.00,100000.00,EUR,IDEALPRO-001,MARGIN,,[],False,{}
99999.90,0.00,99999.90,USD,IDEALPRO-001,MARGIN,,[],False,{}
100000.00,0.00,100000.00,EUR,IDEALPRO-001,MARGIN,,[],False,{}
99999.90,0.00,99999.90,USD,IDEALPRO-001,MARGIN,,[],False,{}
100000.00,0.00,100000.00,EUR,IDEALPRO-001,MARGIN,,[],False,{}
99999.90,0.00,99999.90,USD,IDEALPRO-001,MARGIN,,[],False,{}
100000.00,0.00,100000.00,EUR,IDEALPRO-001,MARGIN,,[],False,{}
99999.90,2.32,99997.58,USD,IDEALPRO-001,MARGIN,,"[{'type': 'MarginBalance', 'initial': '0.00', 'maintenance': '2.32', 'currency': 'USD', 'instrument_id': 'EUR/USD.IDEALPRO'}]",False,{}
100000.00,0.00,100000.00,EUR,IDEALPRO-001,MARGIN,,"[{'type': 'MarginBalance', 'initial': '0.00', 'maintenance': '2.32', 'currency': 'USD', 'instrument_id': 'EUR/USD.IDEALPRO'}]",False,{}
99999.90,2.32,99997.58,USD,IDEALPRO-001,MARGIN,,"[{'type': 'MarginBalance', 'initial': '0.00', 'maintenance': '2.32', 'currency': 'USD', 'instrument_id': 'EUR/USD.IDEALPRO'}]",False,{}
100000.00,0.00,100000.00,EUR,IDEALPRO-001,MARGIN,,"[{'type': 'MarginBalance', 'initial': '0.00', 'maintenance': '2.32', 'currency': 'USD', 'instrument_id': 'EUR/USD.IDEALPRO'}]",False,{}
99999.90,2.32,99997.58,USD,IDEALPRO-001,MARGIN,,"[{'type': 'MarginBalance', 'initial': '0.00', 'maintenance': '2.32', 'currency': 'USD', 'instrument_id': 'EUR/USD.IDEALPRO'}]",False,{}
100000.00,0.00,100000.00,EUR,IDEALPRO-001,MARGIN,,"[{'type': 'MarginBalance', 'initial': '0.00', 'maintenance': '2.32', 'currency': 'USD', 'instrument_id': 'EUR/USD.IDEALPRO'}]",False,{}
99999.90,2.32,99997.58,USD,IDEALPRO-001,MARGIN,,"[{'type': 'MarginBalance', 'initial': '0.00', 'maintenance': '2.32', 'currency': 'USD', 'instrument_id': 'EUR/USD.IDEALPRO'}]",False,{}
100000.00,0.00,100000.00,EUR,IDEALPRO-001,MARGIN,,"[{'type': 'MarginBalance', 'initial': '0.00', 'maintenance': '2.32', 'currency': 'USD', 'instrument_id': 'EUR/USD.IDEALPRO'}]",False,{}
100000.03,0.00,100000.03,USD,IDEALPRO-001,MARGIN,,[],False,{}
100000.00,0.00,100000.00,EUR,IDEALPRO-001,MARGIN,,[],False,{}
100000.03,0.00,100000.03,USD,IDEALPRO-001,MARGIN,,[],False,{}
100000.00,0.00,100000.00,EUR,IDEALPRO-001,MARGIN,,[],False,{}
100000.03,0.00,100000.03,USD,IDEALPRO-001,MARGIN,,[],False,{}
100000.00,0.00,100000.00,EUR,IDEALPRO-001,MARGIN,,[],False,{}
100000.03,0.00,100000.03,USD,IDEALPRO-001,MARGIN,,[],False,{}
100000.00,0.00,100000.00,EUR,IDEALPRO-001,MARGIN,,[],False,{}
100000.03,0.00,100000.03,USD,IDEALPRO-001,MARGIN,,[],False,{}
100000.00,0.00,100000.00,EUR,IDEALPRO-001,MARGIN,,[],False,{}
100000.03,0.00,100000.03,USD,IDEALPRO-001,MARGIN,,[],False,{}
100000.00,0.00,100000.00,EUR,IDEALPRO-001,MARGIN,,[],False,{}
100000.03,2.33,99997.70,USD,IDEALPRO-001,MARGIN,,"[{'type': 'MarginBalance', 'initial': '0.00', 'maintenance': '2.33', 'currency': 'USD', 'instrument_id': 'EUR/USD.IDEALPRO'}]",False,{}
100000.00,0.00,100000.00,EUR,IDEALPRO-001,MARGIN,,"[{'type': 'MarginBalance', 'initial': '0.00', 'maintenance': '2.33', 'currency': 'USD', 'instrument_id': 'EUR/USD.IDEALPRO'}]",False,{}
100000.03,2.33,99997.70,USD,IDEALPRO-001,MARGIN,,"[{'type': 'MarginBalance', 'initial': '0.00', 'maintenance': '2.33', 'currency': 'USD', 'instrument_id': 'EUR/USD.IDEALPRO'}]",False,{}
100000.00,0.00,100000.00,EUR,IDEALPRO-001,MARGIN,,"[{'type': 'MarginBalance', 'initial': '0.00', 'maintenance': '2.33', 'currency': 'USD', 'instrument_id': 'EUR/USD.IDEALPRO'}]",False,{}
100000.03,2.33,99997.70,USD,IDEALPRO-001,MARGIN,,"[{'type': 'MarginBalance', 'initial': '0.00', 'maintenance': '2.33', 'currency': 'USD', 'instrument_id': 'EUR/USD.IDEALPRO'}]",False,{}
100000.00,0.00,100000.00,EUR,IDEALPRO-001,MARGIN,,"[{'type': 'MarginBalance', 'initial': '0.00', 'maintenance': '2.33', 'currency': 'USD', 'instrument_id': 'EUR/USD.IDEALPRO'}]",False,{}
100000.03,2.33,99997.70,USD,IDEALPRO-001,MARGIN,,"[{'type': 'MarginBalance', 'initial': '0.00', 'maintenance': '2.33', 'currency': 'USD', 'instrument_id': 'EUR/USD.IDEALPRO'}]",False,{}
100000.00,0.00,100000.00,EUR,IDEALPRO-001,MARGIN,,"[{'type': 'MarginBalance', 'initial': '0.00', 'maintenance': '2.33', 'currency': 'USD', 'instrument_id': 'EUR/USD.IDEALPRO'}]",False,{}
100000.04,0.00,100000.04,USD,IDEALPRO-001,MARGIN,,[],False,{}
100000.00,0.00,100000.00,EUR,IDEALPRO-001,MARGIN,,[],False,{}
100000.04,0.00,100000.04,USD,IDEALPRO-001,MARGIN,,[],False,{}
100000.00,0.00,100000.00,EUR,IDEALPRO-001,MARGIN,,[],False,{}
100000.04,0.00,100000.04,USD,IDEALPRO-001,MARGIN,,[],False,{}
100000.00,0.00,100000.00,EUR,IDEALPRO-001,MARGIN,,[],False,{}
100000.04,0.00,100000.04,USD,IDEALPRO-001,MARGIN,,[],False,{}
100000.00,0.00,100000.00,EUR,IDEALPRO-001,MARGIN,,[],False,{}
100000.04,0.00,100000.04,USD,IDEALPRO-001,MARGIN,,[],False,{}
100000.00,0.00,100000.00,EUR,IDEALPRO-001,MARGIN,,[],False,{}
100000.04,0.00,100000.04,USD,IDEALPRO-001,MARGIN,,[],False,{}
100000.00,0.00,100000.00,EUR,IDEALPRO-001,MARGIN,,[],False,{}
100000.04,2.33,99997.71,USD,IDEALPRO-001,MARGIN,,"[{'type': 'MarginBalance', 'initial': '0.00', 'maintenance': '2.33', 'currency': 'USD', 'instrument_id': 'EUR/USD.IDEALPRO'}]",False,{}
100000.00,0.00,100000.00,EUR,IDEALPRO-001,MARGIN,,"[{'type': 'MarginBalance', 'initial': '0.00', 'maintenance': '2.33', 'currency': 'USD', 'instrument_id': 'EUR/USD.IDEALPRO'}]",False,{}
100000.04,2.33,99997.71,USD,IDEALPRO-001,MARGIN,,"[{'type': 'MarginBalance', 'initial': '0.00', 'maintenance': '2.33', 'currency': 'USD', 'instrument_id': 'EUR/USD.IDEALPRO'}]",False,{}
100000.00,0.00,100000.00,EUR,IDEALPRO-001,MARGIN,,"[{'type': 'MarginBalance', 'initial': '0.00', 'maintenance': '2.33', 'currency': 'USD', 'instrument_id': 'EUR/USD.IDEALPRO'}]",False,{}
100000.04,2.33,99997.71,USD,IDEALPRO-001,MARGIN,,"[{'type': 'MarginBalance', 'initial': '0.00', 'maintenance': '2.33', 'currency': 'USD', 'instrument_id': 'EUR/USD.IDEALPRO'}]",False,{}
100000.00,0.00,100000.00,EUR,IDEALPRO-001,MARGIN,,"[{'type': 'MarginBalance', 'initial': '0.00', 'maintenance': '2.33', 'currency': 'USD', 'instrument_id': 'EUR/USD.IDEALPRO'}]",False,{}
99999.98,0.00,99999.98,USD,IDEALPRO-001,MARGIN,,[],False,{}
100000.00,0.00,100000.00,EUR,IDEALPRO-001,MARGIN,,[],False,{}
99999.98,0.00,99999.98,USD,IDEALPRO-001,MARGIN,,[],False,{}
100000.00,0.00,100000.00,EUR,IDEALPRO-001,MARGIN,,[],False,{}
99999.98,0.00,99999.98,USD,IDEALPRO-001,MARGIN,,[],False,{}
100000.00,0.00,100000.00,EUR,IDEALPRO-001,MARGIN,,[],False,{}
99999.98,0.00,99999.98,USD,IDEALPRO-001,MARGIN,,[],False,{}
100000.00,0.00,100000.00,EUR,IDEALPRO-001,MARGIN,,[],False,{}
99999.98,0.00,99999.98,USD,IDEALPRO-001,MARGIN,,[],False,{}
100000.00,0.00,100000.00,EUR,IDEALPRO-001,MARGIN,,[],False,{}
99999.98,2.33,99997.65,USD,IDEALPRO-001,MARGIN,,"[{'type': 'MarginBalance', 'initial': '0.00', 'maintenance': '2.33', 'currency': 'USD', 'instrument_id': 'EUR/USD.IDEALPRO'}]",False,{}
100000.00,0.00,100000.00,EUR,IDEALPRO-001,MARGIN,,"[{'type': 'MarginBalance', 'initial': '0.00', 'maintenance': '2.33', 'currency': 'USD', 'instrument_id': 'EUR/USD.IDEALPRO'}]",False,{}
99999.98,2.33,99997.65,USD,IDEALPRO-001,MARGIN,,"[{'type': 'MarginBalance', 'initial': '0.00', 'maintenance': '2.33', 'currency': 'USD', 'instrument_id': 'EUR/USD.IDEALPRO'}]",False,{}
100000.00,0.00,100000.00,EUR,IDEALPRO-001,MARGIN,,"[{'type': 'MarginBalance', 'initial': '0.00', 'maintenance': '2.33', 'currency': 'USD', 'instrument_id': 'EUR/USD.IDEALPRO'}]",False,{}
99999.98,2.33,99997.65,USD,IDEALPRO-001,MARGIN,,"[{'type': 'MarginBalance', 'initial': '0.00', 'maintenance': '2.33', 'currency': 'USD', 'instrument_id': 'EUR/USD.IDEALPRO'}]",False,{}
100000.00,0.00,100000.00,EUR,IDEALPRO-001,MARGIN,,"[{'type': 'MarginBalance', 'initial': '0.00', 'maintenance': '2.33', 'currency': 'USD', 'instrument_id': 'EUR/USD.IDEALPRO'}]",False,{}
99999.92,0.00,99999.92,USD,IDEALPRO-001,MARGIN,,[],False,{}
100000.00,0.00,100000.00,EUR,IDEALPRO-001,MARGIN,,[],False,{}
99999.92,0.00,99999.92,USD,IDEALPRO-001,MARGIN,,[],False,{}
100000.00,0.00,100000.00,EUR,IDEALPRO-001,MARGIN,,[],False,{}
99999.92,0.00,99999.92,USD,IDEALPRO-001,MARGIN,,[],False,{}
100000.00,0.00,100000.00,EUR,IDEALPRO-001,MARGIN,,[],False,{}
99999.92,0.00,99999.92,USD,IDEALPRO-001,MARGIN,,[],False,{}
100000.00,0.00,100000.00,EUR,IDEALPRO-001,MARGIN,,[],False,{}
99999.92,0.00,99999.92,USD,IDEALPRO-001,MARGIN,,[],False,{}
100000.00,0.00,100000.00,EUR,IDEALPRO-001,MARGIN,,[],False,{}
99999.92,2.33,99997.59,USD,IDEALPRO-001,MARGIN,,"[{'type': 'MarginBalance', 'initial': '0.00', 'maintenance': '2.33', 'currency': 'USD', 'instrument_id': 'EUR/USD.IDEALPRO'}]",False,{}
100000.00,0.00,100000.00,EUR,IDEALPRO-001,MARGIN,,"[{'type': 'MarginBalance', 'initial': '0.00', 'maintenance': '2.33', 'currency': 'USD', 'instrument_id': 'EUR/USD.IDEALPRO'}]",False,{}
99999.92,2.33,99997.59,USD,IDEALPRO-001,MARGIN,,"[{'type': 'MarginBalance', 'initial': '0.00', 'maintenance': '2.33', 'currency': 'USD', 'instrument_id': 'EUR/USD.IDEALPRO'}]",False,{}
100000.00,0.00,100000.00,EUR,IDEALPRO-001,MARGIN,,"[{'type': 'MarginBalance', 'initial': '0.00', 'maintenance': '2.33', 'currency': 'USD', 'instrument_id': 'EUR/USD.IDEALPRO'}]",False,{}
99999.92,2.33,99997.59,USD,IDEALPRO-001,MARGIN,,"[{'type': 'MarginBalance', 'initial': '0.00', 'maintenance': '2.33', 'currency': 'USD', 'instrument_id': 'EUR/USD.IDEALPRO'}]",False,{}
100000.00,0.00,100000.00,EUR,IDEALPRO-001,MARGIN,,"[{'type': 'MarginBalance', 'initial': '0.00', 'maintenance': '2.33', 'currency': 'USD', 'instrument_id': 'EUR/USD.IDEALPRO'}]",False,{}
99999.86,0.00,99999.86,USD,IDEALPRO-001,MARGIN,,[],False,{}
100000.00,0.00,100000.00,EUR,IDEALPRO-001,MARGIN,,[],False,{}
99999.86,0.00,99999.86,USD,IDEALPRO-001,MARGIN,,[],False,{}
100000.00,0.00,100000.00,EUR,IDEALPRO-001,MARGIN,,[],False,{}
99999.86,0.00,99999.86,USD,IDEALPRO-001,MARGIN,,[],False,{}
100000.00,0.00,100000.00,EUR,IDEALPRO-001,MARGIN,,[],False,{}
99999.86,0.00,99999.86,USD,IDEALPRO-001,MARGIN,,[],False,{}
100000.00,0.00,100000.00,EUR,IDEALPRO-001,MARGIN,,[],False,{}
99999.86,0.00,99999.86,USD,IDEALPRO-001,MARGIN,,[],False,{}
100000.00,0.00,100000.00,EUR,IDEALPRO-001,MARGIN,,[],False,{}
99999.86,2.33,99997.53,USD,IDEALPRO-001,MARGIN,,"[{'type': 'MarginBalance', 'initial': '0.00', 'maintenance': '2.33', 'currency': 'USD', 'instrument_id': 'EUR/USD.IDEALPRO'}]",False,{}
100000.00,0.00,100000.00,EUR,IDEALPRO-001,MARGIN,,"[{'type': 'MarginBalance', 'initial': '0.00', 'maintenance': '2.33', 'currency': 'USD', 'instrument_id': 'EUR/USD.IDEALPRO'}]",False,{}
99999.86,2.33,99997.53,USD,IDEALPRO-001,MARGIN,,"[{'type': 'MarginBalance', 'initial': '0.00', 'maintenance': '2.33', 'currency': 'USD', 'instrument_id': 'EUR/USD.IDEALPRO'}]",False,{}
100000.00,0.00,100000.00,EUR,IDEALPRO-001,MARGIN,,"[{'type': 'MarginBalance', 'initial': '0.00', 'maintenance': '2.33', 'currency': 'USD', 'instrument_id': 'EUR/USD.IDEALPRO'}]",False,{}
99999.86,2.33,99997.53,USD,IDEALPRO-001,MARGIN,,"[{'type': 'MarginBalance', 'initial': '0.00', 'maintenance': '2.33', 'currency': 'USD', 'instrument_id': 'EUR/USD.IDEALPRO'}]",False,{}
100000.00,0.00,100000.00,EUR,IDEALPRO-001,MARGIN,,"[{'type': 'MarginBalance', 'initial': '0.00', 'maintenance': '2.33', 'currency': 'USD', 'instrument_id': 'EUR/USD.IDEALPRO'}]",False,{}
99999.86,2.33,99997.53,USD,IDEALPRO-001,MARGIN,,"[{'type': 'MarginBalance', 'initial': '0.00', 'maintenance': '2.33', 'currency': 'USD', 'instrument_id': 'EUR/USD.IDEALPRO'}]",False,{}
100000.00,0.00,100000.00,EUR,IDEALPRO-001,MARGIN,,"[{'type': 'MarginBalance', 'initial': '0.00', 'maintenance': '2.33', 'currency': 'USD', 'instrument_id': 'EUR/USD.IDEALPRO'}]",False,{}
99999.97,0.00,99999.97,USD,IDEALPRO-001,MARGIN,,[],False,{}
100000.00,0.00,100000.00,EUR,IDEALPRO-001,MARGIN,,[],False,{}
99999.97,0.00,99999.97,USD,IDEALPRO-001,MARGIN,,[],False,{}
100000.00,0.00,100000.00,EUR,IDEALPRO-001,MARGIN,,[],False,{}
99999.97,0.00,99999.97,USD,IDEALPRO-001,MARGIN,,[],False,{}
100000.00,0.00,100000.00,EUR,IDEALPRO-001,MARGIN,,[],False,{}
99999.97,0.00,99999.97,USD,IDEALPRO-001,MARGIN,,[],False,{}
100000.00,0.00,100000.00,EUR,IDEALPRO-001,MARGIN,,[],False,{}
99999.97,0.00,99999.97,USD,IDEALPRO-001,MARGIN,,[],False,{}
100000.00,0.00,100000.00,EUR,IDEALPRO-001,MARGIN,,[],False,{}
99999.97,0.00,99999.97,USD,IDEALPRO-001,MARGIN,,[],False,{}
100000.00,0.00,100000.00,EUR,IDEALPRO-001,MARGIN,,[],False,{}
99999.97,2.32,99997.65,USD,IDEALPRO-001,MARGIN,,"[{'type': 'MarginBalance', 'initial': '0.00', 'maintenance': '2.32', 'currency': 'USD', 'instrument_id': 'EUR/USD.IDEALPRO'}]",False,{}
100000.00,0.00,100000.00,EUR,IDEALPRO-001,MARGIN,,"[{'type': 'MarginBalance', 'initial': '0.00', 'maintenance': '2.32', 'currency': 'USD', 'instrument_id': 'EUR/USD.IDEALPRO'}]",False,{}
99999.97,2.32,99997.65,USD,IDEALPRO-001,MARGIN,,"[{'type': 'MarginBalance', 'initial': '0.00', 'maintenance': '2.32', 'currency': 'USD', 'instrument_id': 'EUR/USD.IDEALPRO'}]",False,{}
100000.00,0.00,100000.00,EUR,IDEALPRO-001,MARGIN,,"[{'type': 'MarginBalance', 'initial': '0.00', 'maintenance': '2.32', 'currency': 'USD', 'instrument_id': 'EUR/USD.IDEALPRO'}]",False,{}
99999.97,2.32,99997.65,USD,IDEALPRO-001,MARGIN,,"[{'type': 'MarginBalance', 'initial': '0.00', 'maintenance': '2.32', 'currency': 'USD', 'instrument_id': 'EUR/USD.IDEALPRO'}]",False,{}
100000.00,0.00,100000.00,EUR,IDEALPRO-001,MARGIN,,"[{'type': 'MarginBalance', 'initial': '0.00', 'maintenance': '2.32', 'currency': 'USD', 'instrument_id': 'EUR/USD.IDEALPRO'}]",False,{}
99999.97,2.32,99997.65,USD,IDEALPRO-001,MARGIN,,"[{'type': 'MarginBalance', 'initial': '0.00', 'maintenance': '2.32', 'currency': 'USD', 'instrument_id': 'EUR/USD.IDEALPRO'}]",False,{}
100000.00,0.00,100000.00,EUR,IDEALPRO-001,MARGIN,,"[{'type': 'MarginBalance', 'initial': '0.00', 'maintenance': '2.32', 'currency': 'USD', 'instrument_id': 'EUR/USD.IDEALPRO'}]",False,{}
100000.05,0.00,100000.05,USD,IDEALPRO-001,MARGIN,,[],False,{}
100000.00,0.00,100000.00,EUR,IDEALPRO-001,MARGIN,,[],False,{}
100000.05,0.00,100000.05,USD,IDEALPRO-001,MARGIN,,[],False,{}
100000.00,0.00,100000.00,EUR,IDEALPRO-001,MARGIN,,[],False,{}
100000.05,0.00,100000.05,USD,IDEALPRO-001,MARGIN,,[],False,{}
100000.00,0.00,100000.00,EUR,IDEALPRO-001,MARGIN,,[],False,{}
100000.05,0.00,100000.05,USD,IDEALPRO-001,MARGIN,,[],False,{}
100000.00,0.00,100000.00,EUR,IDEALPRO-001,MARGIN,,[],False,{}
100000.05,0.00,100000.05,USD,IDEALPRO-001,MARGIN,,[],False,{}
100000.00,0.00,100000.00,EUR,IDEALPRO-001,MARGIN,,[],False,{}
100000.05,0.00,100000.05,USD,IDEALPRO-001,MARGIN,,[],False,{}
100000.00,0.00,100000.00,EUR,IDEALPRO-001,MARGIN,,[],False,{}
100000.05,2.32,99997.73,USD,IDEALPRO-001,MARGIN,,"[{'type': 'MarginBalance', 'initial': '0.00', 'maintenance': '2.32', 'currency': 'USD', 'instrument_id': 'EUR/USD.IDEALPRO'}]",False,{}
100000.00,0.00,100000.00,EUR,IDEALPRO-001,MARGIN,,"[{'type': 'MarginBalance', 'initial': '0.00', 'maintenance': '2.32', 'currency': 'USD', 'instrument_id': 'EUR/USD.IDEALPRO'}]",False,{}
100000.05,2.32,99997.73,USD,IDEALPRO-001,MARGIN,,"[{'type': 'MarginBalance', 'initial': '0.00', 'maintenance': '2.32', 'currency': 'USD', 'instrument_id': 'EUR/USD.IDEALPRO'}]",False,{}
100000.00,0.00,100000.00,EUR,IDEALPRO-001,MARGIN,,"[{'type': 'MarginBalance', 'initial': '0.00', 'maintenance': '2.32', 'currency': 'USD', 'instrument_id': 'EUR/USD.IDEALPRO'}]",False,{}
100000.05,2.32,99997.73,USD,IDEALPRO-001,MARGIN,,"[{'type': 'MarginBalance', 'initial': '0.00', 'maintenance': '2.32', 'currency': 'USD', 'instrument_id': 'EUR/USD.IDEALPRO'}]",False,{}
100000.00,0.00,100000.00,EUR,IDEALPRO-001,MARGIN,,"[{'type': 'MarginBalance', 'initial': '0.00', 'maintenance': '2.32', 'currency': 'USD', 'instrument_id': 'EUR/USD.IDEALPRO'}]",False,{}
100000.05,2.32,99997.73,USD,IDEALPRO-001,MARGIN,,"[{'type': 'MarginBalance', 'initial': '0.00', 'maintenance': '2.32', 'currency': 'USD', 'instrument_id': 'EUR/USD.IDEALPRO'}]",False,{}
100000.00,0.00,100000.00,EUR,IDEALPRO-001,MARGIN,,"[{'type': 'MarginBalance', 'initial': '0.00', 'maintenance': '2.32', 'currency': 'USD', 'instrument_id': 'EUR/USD.IDEALPRO'}]",False,{}
100000.02,0.00,100000.02,USD,IDEALPRO-001,MARGIN,,[],False,{}
100000.00,0.00,100000.00,EUR,IDEALPRO-001,MARGIN,,[],False,{}
100000.02,0.00,100000.02,USD,IDEALPRO-001,MARGIN,,[],False,{}
100000.00,0.00,100000.00,EUR,IDEALPRO-001,MARGIN,,[],False,{}
100000.02,0.00,100000.02,USD,IDEALPRO-001,MARGIN,,[],False,{}
100000.00,0.00,100000.00,EUR,IDEALPRO-001,MARGIN,,[],False,{}
100000.02,0.00,100000.02,USD,IDEALPRO-001,MARGIN,,[],False,{}
100000.00,0.00,100000.00,EUR,IDEALPRO-001,MARGIN,,[],False,{}
100000.02,0.00,100000.02,USD,IDEALPRO-001,MARGIN,,[],False,{}
100000.00,0.00,100000.00,EUR,IDEALPRO-001,MARGIN,,[],False,{}
100000.02,0.00,100000.02,USD,IDEALPRO-001,MARGIN,,[],False,{}
100000.00,0.00,100000.00,EUR,IDEALPRO-001,MARGIN,,[],False,{}
100000.02,2.32,99997.70,USD,IDEALPRO-001,MARGIN,,"[{'type': 'MarginBalance', 'initial': '0.00', 'maintenance': '2.32', 'currency': 'USD', 'instrument_id': 'EUR/USD.IDEALPRO'}]",False,{}
100000.00,0.00,100000.00,EUR,IDEALPRO-001,MARGIN,,"[{'type': 'MarginBalance', 'initial': '0.00', 'maintenance': '2.32', 'currency': 'USD', 'instrument_id': 'EUR/USD.IDEALPRO'}]",False,{}
100000.02,2.32,99997.70,USD,IDEALPRO-001,MARGIN,,"[{'type': 'MarginBalance', 'initial': '0.00', 'maintenance': '2.32', 'currency': 'USD', 'instrument_id': 'EUR/USD.IDEALPRO'}]",False,{}
100000.00,0.00,100000.00,EUR,IDEALPRO-001,MARGIN,,"[{'type': 'MarginBalance', 'initial': '0.00', 'maintenance': '2.32', 'currency': 'USD', 'instrument_id': 'EUR/USD.IDEALPRO'}]",False,{}
100000.02,2.32,99997.70,USD,IDEALPRO-001,MARGIN,,"[{'type': 'MarginBalance', 'initial': '0.00', 'maintenance': '2.32', 'currency': 'USD', 'instrument_id': 'EUR/USD.IDEALPRO'}]",False,{}
100000.00,0.00,100000.00,EUR,IDEALPRO-001,MARGIN,,"[{'type': 'MarginBalance', 'initial': '0.00', 'maintenance': '2.32', 'currency': 'USD', 'instrument_id': 'EUR/USD.IDEALPRO'}]",False,{}
99999.96,0.00,99999.96,USD,IDEALPRO-001,MARGIN,,[],False,{}
100000.00,0.00,100000.00,EUR,IDEALPRO-001,MARGIN,,[],False,{}
99999.96,0.00,99999.96,USD,IDEALPRO-001,MARGIN,,[],False,{}
100000.00,0.00,100000.00,EUR,IDEALPRO-001,MARGIN,,[],False,{}
99999.96,0.00,99999.96,USD,IDEALPRO-001,MARGIN,,[],False,{}
100000.00,0.00,100000.00,EUR,IDEALPRO-001,MARGIN,,[],False,{}
99999.96,0.00,99999.96,USD,IDEALPRO-001,MARGIN,,[],False,{}
100000.00,0.00,100000.00,EUR,IDEALPRO-001,MARGIN,,[],False,{}
99999.96,0.00,99999.96,USD,IDEALPRO-001,MARGIN,,[],False,{}
100000.00,0.00,100000.00,EUR,IDEALPRO-001,MARGIN,,[],False,{}
99999.96,2.32,99997.64,USD,IDEALPRO-001,MARGIN,,"[{'type': 'MarginBalance', 'initial': '0.00', 'maintenance': '2.32', 'currency': 'USD', 'instrument_id': 'EUR/USD.IDEALPRO'}]",False,{}
100000.00,0.00,100000.00,EUR,IDEALPRO-001,MARGIN,,"[{'type': 'MarginBalance', 'initial': '0.00', 'maintenance': '2.32', 'currency': 'USD', 'instrument_id': 'EUR/USD.IDEALPRO'}]",False,{}
99999.96,2.32,99997.64,USD,IDEALPRO-001,MARGIN,,"[{'type': 'MarginBalance', 'initial': '0.00', 'maintenance': '2.32', 'currency': 'USD', 'instrument_id': 'EUR/USD.IDEALPRO'}]",False,{}
100000.00,0.00,100000.00,EUR,IDEALPRO-001,MARGIN,,"[{'type': 'MarginBalance', 'initial': '0.00', 'maintenance': '2.32', 'currency': 'USD', 'instrument_id': 'EUR/USD.IDEALPRO'}]",False,{}
99999.96,2.32,99997.64,USD,IDEALPRO-001,MARGIN,,"[{'type': 'MarginBalance', 'initial': '0.00', 'maintenance': '2.32', 'currency': 'USD', 'instrument_id': 'EUR/USD.IDEALPRO'}]",False,{}
100000.00,0.00,100000.00,EUR,IDEALPRO-001,MARGIN,,"[{'type': 'MarginBalance', 'initial': '0.00', 'maintenance': '2.32', 'currency': 'USD', 'instrument_id': 'EUR/USD.IDEALPRO'}]",False,{}
99999.96,2.32,99997.64,USD,IDEALPRO-001,MARGIN,,"[{'type': 'MarginBalance', 'initial': '0.00', 'maintenance': '2.32', 'currency': 'USD', 'instrument_id': 'EUR/USD.IDEALPRO'}]",False,{}
100000.00,0.00,100000.00,EUR,IDEALPRO-001,MARGIN,,"[{'type': 'MarginBalance', 'initial': '0.00', 'maintenance': '2.32', 'currency': 'USD', 'instrument_id': 'EUR/USD.IDEALPRO'}]",False,{}
100000.18,0.00,100000.18,USD,IDEALPRO-001,MARGIN,,[],False,{}
100000.00,0.00,100000.00,EUR,IDEALPRO-001,MARGIN,,[],False,{}
100000.18,0.00,100000.18,USD,IDEALPRO-001,MARGIN,,[],False,{}
100000.00,0.00,100000.00,EUR,IDEALPRO-001,MARGIN,,[],False,{}
100000.18,0.00,100000.18,USD,IDEALPRO-001,MARGIN,,[],False,{}
100000.00,0.00,100000.00,EUR,IDEALPRO-001,MARGIN,,[],False,{}
100000.18,0.00,100000.18,USD,IDEALPRO-001,MARGIN,,[],False,{}
100000.00,0.00,100000.00,EUR,IDEALPRO-001,MARGIN,,[],False,{}
100000.18,0.00,100000.18,USD,IDEALPRO-001,MARGIN,,[],False,{}
100000.00,0.00,100000.00,EUR,IDEALPRO-001,MARGIN,,[],False,{}
100000.18,0.00,100000.18,USD,IDEALPRO-001,MARGIN,,[],False,{}
100000.00,0.00,100000.00,EUR,IDEALPRO-001,MARGIN,,[],False,{}
100000.18,2.33,99997.85,USD,IDEALPRO-001,MARGIN,,"[{'type': 'MarginBalance', 'initial': '0.00', 'maintenance': '2.33', 'currency': 'USD', 'instrument_id': 'EUR/USD.IDEALPRO'}]",False,{}
100000.00,0.00,100000.00,EUR,IDEALPRO-001,MARGIN,,"[{'type': 'MarginBalance', 'initial': '0.00', 'maintenance': '2.33', 'currency': 'USD', 'instrument_id': 'EUR/USD.IDEALPRO'}]",False,{}
100000.18,2.33,99997.85,USD,IDEALPRO-001,MARGIN,,"[{'type': 'MarginBalance', 'initial': '0.00', 'maintenance': '2.33', 'currency': 'USD', 'instrument_id': 'EUR/USD.IDEALPRO'}]",False,{}
100000.00,0.00,100000.00,EUR,IDEALPRO-001,MARGIN,,"[{'type': 'MarginBalance', 'initial': '0.00', 'maintenance': '2.33', 'currency': 'USD', 'instrument_id': 'EUR/USD.IDEALPRO'}]",False,{}
100000.18,2.33,99997.85,USD,IDEALPRO-001,MARGIN,,"[{'type': 'MarginBalance', 'initial': '0.00', 'maintenance': '2.33', 'currency': 'USD', 'instrument_id': 'EUR/USD.IDEALPRO'}]",False,{}
100000.00,0.00,100000.00,EUR,IDEALPRO-001,MARGIN,,"[{'type': 'MarginBalance', 'initial': '0.00', 'maintenance': '2.33', 'currency': 'USD', 'instrument_id': 'EUR/USD.IDEALPRO'}]",False,{}
100000.18,2.33,99997.85,USD,IDEALPRO-001,MARGIN,,"[{'type': 'MarginBalance', 'initial': '0.00', 'maintenance': '2.33', 'currency': 'USD', 'instrument_id': 'EUR/USD.IDEALPRO'}]",False,{}
100000.00,0.00,100000.00,EUR,IDEALPRO-001,MARGIN,,"[{'type': 'MarginBalance', 'initial': '0.00', 'maintenance': '2.33', 'currency': 'USD', 'instrument_id': 'EUR/USD.IDEALPRO'}]",False,{}
100000.16,0.00,100000.16,USD,IDEALPRO-001,MARGIN,,[],False,{}
100000.00,0.00,100000.00,EUR,IDEALPRO-001,MARGIN,,[],False,{}
100000.16,0.00,100000.16,USD,IDEALPRO-001,MARGIN,,[],False,{}
100000.00,0.00,100000.00,EUR,IDEALPRO-001,MARGIN,,[],False,{}
100000.16,0.00,100000.16,USD,IDEALPRO-001,MARGIN,,[],False,{}
100000.00,0.00,100000.00,EUR,IDEALPRO-001,MARGIN,,[],False,{}
100000.16,0.00,100000.16,USD,IDEALPRO-001,MARGIN,,[],False,{}
100000.00,0.00,100000.00,EUR,IDEALPRO-001,MARGIN,,[],False,{}
100000.16,0.00,100000.16,USD,IDEALPRO-001,MARGIN,,[],False,{}
100000.00,0.00,100000.00,EUR,IDEALPRO-001,MARGIN,,[],False,{}
100000.16,0.00,100000.16,USD,IDEALPRO-001,MARGIN,,[],False,{}
100000.00,0.00,100000.00,EUR,IDEALPRO-001,MARGIN,,[],False,{}
100000.16,2.33,99997.83,USD,IDEALPRO-001,MARGIN,,"[{'type': 'MarginBalance', 'initial': '0.00', 'maintenance': '2.33', 'currency': 'USD', 'instrument_id': 'EUR/USD.IDEALPRO'}]",False,{}
100000.00,0.00,100000.00,EUR,IDEALPRO-001,MARGIN,,"[{'type': 'MarginBalance', 'initial': '0.00', 'maintenance': '2.33', 'currency': 'USD', 'instrument_id': 'EUR/USD.IDEALPRO'}]",False,{}
100000.16,2.33,99997.83,USD,IDEALPRO-001,MARGIN,,"[{'type': 'MarginBalance', 'initial': '0.00', 'maintenance': '2.33', 'currency': 'USD', 'instrument_id': 'EUR/USD.IDEALPRO'}]",False,{}
100000.00,0.00,100000.00,EUR,IDEALPRO-001,MARGIN,,"[{'type': 'MarginBalance', 'initial': '0.00', 'maintenance': '2.33', 'currency': 'USD', 'instrument_id': 'EUR/USD.IDEALPRO'}]",False,{}
100000.16,2.33,99997.83,USD,IDEALPRO-001,MARGIN,,"[{'type': 'MarginBalance', 'initial': '0.00', 'maintenance': '2.33', 'currency': 'USD', 'instrument_id': 'EUR/USD.IDEALPRO'}]",False,{}
100000.00,0.00,100000.00,EUR,IDEALPRO-001,MARGIN,,"[{'type': 'MarginBalance', 'initial': '0.00', 'maintenance': '2.33', 'currency': 'USD', 'instrument_id': 'EUR/USD.IDEALPRO'}]",False,{}
100000.16,2.33,99997.83,USD,IDEALPRO-001,MARGIN,,"[{'type': 'MarginBalance', 'initial': '0.00', 'maintenance': '2.33', 'currency': 'USD', 'instrument_id': 'EUR/USD.IDEALPRO'}]",False,{}
100000.00,0.00,100000.00,EUR,IDEALPRO-001,MARGIN,,"[{'type': 'MarginBalance', 'initial': '0.00', 'maintenance': '2.33', 'currency': 'USD', 'instrument_id': 'EUR/USD.IDEALPRO'}]",False,{}
100000.20,0.00,100000.20,USD,IDEALPRO-001,MARGIN,,[],False,{}
100000.00,0.00,100000.00,EUR,IDEALPRO-001,MARGIN,,[],False,{}
100000.20,0.00,100000.20,USD,IDEALPRO-001,MARGIN,,[],False,{}
100000.00,0.00,100000.00,EUR,IDEALPRO-001,MARGIN,,[],False,{}
100000.20,0.00,100000.20,USD,IDEALPRO-001,MARGIN,,[],False,{}
100000.00,0.00,100000.00,EUR,IDEALPRO-001,MARGIN,,[],False,{}
100000.20,0.00,100000.20,USD,IDEALPRO-001,MARGIN,,[],False,{}
100000.00,0.00,100000.00,EUR,IDEALPRO-001,MARGIN,,[],False,{}
100000.20,0.00,100000.20,USD,IDEALPRO-001,MARGIN,,[],False,{}
100000.00,0.00,100000.00,EUR,IDEALPRO-001,MARGIN,,[],False,{}
100000.20,0.00,100000.20,USD,IDEALPRO-001,MARGIN,,[],False,{}
100000.00,0.00,100000.00,EUR,IDEALPRO-001,MARGIN,,[],False,{}
100000.20,2.33,99997.87,USD,IDEALPRO-001,MARGIN,,"[{'type': 'MarginBalance', 'initial': '0.00', 'maintenance': '2.33', 'currency': 'USD', 'instrument_id': 'EUR/USD.IDEALPRO'}]",False,{}
100000.00,0.00,100000.00,EUR,IDEALPRO-001,MARGIN,,"[{'type': 'MarginBalance', 'initial': '0.00', 'maintenance': '2.33', 'currency': 'USD', 'instrument_id': 'EUR/USD.IDEALPRO'}]",False,{}
100000.20,2.33,99997.87,USD,IDEALPRO-001,MARGIN,,"[{'type': 'MarginBalance', 'initial': '0.00', 'maintenance': '2.33', 'currency': 'USD', 'instrument_id': 'EUR/USD.IDEALPRO'}]",False,{}
100000.00,0.00,100000.00,EUR,IDEALPRO-001,MARGIN,,"[{'type': 'MarginBalance', 'initial': '0.00', 'maintenance': '2.33', 'currency': 'USD', 'instrument_id': 'EUR/USD.IDEALPRO'}]",False,{}
100000.20,2.33,99997.87,USD,IDEALPRO-001,MARGIN,,"[{'type': 'MarginBalance', 'initial': '0.00', 'maintenance': '2.33', 'currency': 'USD', 'instrument_id': 'EUR/USD.IDEALPRO'}]",False,{}
100000.00,0.00,100000.00,EUR,IDEALPRO-001,MARGIN,,"[{'type': 'MarginBalance', 'initial': '0.00', 'maintenance': '2.33', 'currency': 'USD', 'instrument_id': 'EUR/USD.IDEALPRO'}]",False,{}
100000.20,2.33,99997.87,USD,IDEALPRO-001,MARGIN,,"[{'type': 'MarginBalance', 'initial': '0.00', 'maintenance': '2.33', 'currency': 'USD', 'instrument_id': 'EUR/USD.IDEALPRO'}]",False,{}
100000.00,0.00,100000.00,EUR,IDEALPRO-001,MARGIN,,"[{'type': 'MarginBalance', 'initial': '0.00', 'maintenance': '2.33', 'currency': 'USD', 'instrument_id': 'EUR/USD.IDEALPRO'}]",False,{}
100000.27,0.00,100000.27,USD,IDEALPRO-001,MARGIN,,[],False,{}
100000.00,0.00,100000.00,EUR,IDEALPRO-001,MARGIN,,[],False,{}
100000.27,0.00,100000.27,USD,IDEALPRO-001,MARGIN,,[],False,{}
100000.00,0.00,100000.00,EUR,IDEALPRO-001,MARGIN,,[],False,{}
100000.27,0.00,100000.27,USD,IDEALPRO-001,MARGIN,,[],False,{}
100000.00,0.00,100000.00,EUR,IDEALPRO-001,MARGIN,,[],False,{}
100000.27,0.00,100000.27,USD,IDEALPRO-001,MARGIN,,[],False,{}
100000.00,0.00,100000.00,EUR,IDEALPRO-001,MARGIN,,[],False,{}
100000.27,0.00,100000.27,USD,IDEALPRO-001,MARGIN,,[],False,{}
100000.00,0.00,100000.00,EUR,IDEALPRO-001,MARGIN,,[],False,{}
100000.27,0.00,100000.27,USD,IDEALPRO-001,MARGIN,,[],False,{}
100000.00,0.00,100000.00,EUR,IDEALPRO-001,MARGIN,,[],False,{}
100000.27,2.33,99997.94,USD,IDEALPRO-001,MARGIN,,"[{'type': 'MarginBalance', 'initial': '0.00', 'maintenance': '2.33', 'currency': 'USD', 'instrument_id': 'EUR/USD.IDEALPRO'}]",False,{}
100000.00,0.00,100000.00,EUR,IDEALPRO-001,MARGIN,,"[{'type': 'MarginBalance', 'initial': '0.00', 'maintenance': '2.33', 'currency': 'USD', 'instrument_id': 'EUR/USD.IDEALPRO'}]",False,{}
100000.27,2.33,99997.94,USD,IDEALPRO-001,MARGIN,,"[{'type': 'MarginBalance', 'initial': '0.00', 'maintenance': '2.33', 'currency': 'USD', 'instrument_id': 'EUR/USD.IDEALPRO'}]",False,{}
100000.00,0.00,100000.00,EUR,IDEALPRO-001,MARGIN,,"[{'type': 'MarginBalance', 'initial': '0.00', 'maintenance': '2.33', 'currency': 'USD', 'instrument_id': 'EUR/USD.IDEALPRO'}]",False,{}
100000.27,2.33,99997.94,USD,IDEALPRO-001,MARGIN,,"[{'type': 'MarginBalance', 'initial': '0.00', 'maintenance': '2.33', 'currency': 'USD', 'instrument_id': 'EUR/USD.IDEALPRO'}]",False,{}
100000.00,0.00,100000.00,EUR,IDEALPRO-001,MARGIN,,"[{'type': 'MarginBalance', 'initial': '0.00', 'maintenance': '2.33', 'currency': 'USD', 'instrument_id': 'EUR/USD.IDEALPRO'}]",False,{}
100000.27,2.33,99997.94,USD,IDEALPRO-001,MARGIN,,"[{'type': 'MarginBalance', 'initial': '0.00', 'maintenance': '2.33', 'currency': 'USD', 'instrument_id': 'EUR/USD.IDEALPRO'}]",False,{}
100000.00,0.00,100000.00,EUR,IDEALPRO-001,MARGIN,,"[{'type': 'MarginBalance', 'initial': '0.00', 'maintenance': '2.33', 'currency': 'USD', 'instrument_id': 'EUR/USD.IDEALPRO'}]",False,{}
100000.31,0.00,100000.31,USD,IDEALPRO-001,MARGIN,,[],False,{}
100000.00,0.00,100000.00,EUR,IDEALPRO-001,MARGIN,,[],False,{}
100000.31,0.00,100000.31,USD,IDEALPRO-001,MARGIN,,[],False,{}
100000.00,0.00,100000.00,EUR,IDEALPRO-001,MARGIN,,[],False,{}
100000.31,0.00,100000.31,USD,IDEALPRO-001,MARGIN,,[],False,{}
100000.00,0.00,100000.00,EUR,IDEALPRO-001,MARGIN,,[],False,{}
100000.31,0.00,100000.31,USD,IDEALPRO-001,MARGIN,,[],False,{}
100000.00,0.00,100000.00,EUR,IDEALPRO-001,MARGIN,,[],False,{}
100000.31,0.00,100000.31,USD,IDEALPRO-001,MARGIN,,[],False,{}
100000.00,0.00,100000.00,EUR,IDEALPRO-001,MARGIN,,[],False,{}
100000.31,0.00,100000.31,USD,IDEALPRO-001,MARGIN,,[],False,{}
100000.00,0.00,100000.00,EUR,IDEALPRO-001,MARGIN,,[],False,{}
100000.31,2.33,99997.98,USD,IDEALPRO-001,MARGIN,,"[{'type': 'MarginBalance', 'initial': '0.00', 'maintenance': '2.33', 'currency': 'USD', 'instrument_id': 'EUR/USD.IDEALPRO'}]",False,{}
100000.00,0.00,100000.00,EUR,IDEALPRO-001,MARGIN,,"[{'type': 'MarginBalance', 'initial': '0.00', 'maintenance': '2.33', 'currency': 'USD', 'instrument_id': 'EUR/USD.IDEALPRO'}]",False,{}
100000.31,2.33,99997.98,USD,IDEALPRO-001,MARGIN,,"[{'type': 'MarginBalance', 'initial': '0.00', 'maintenance': '2.33', 'currency': 'USD', 'instrument_id': 'EUR/USD.IDEALPRO'}]",False,{}
100000.00,0.00,100000.00,EUR,IDEALPRO-001,MARGIN,,"[{'type': 'MarginBalance', 'initial': '0.00', 'maintenance': '2.33', 'currency': 'USD', 'instrument_id': 'EUR/USD.IDEALPRO'}]",False,{}
100000.31,2.33,99997.98,USD,IDEALPRO-001,MARGIN,,"[{'type': 'MarginBalance', 'initial': '0.00', 'maintenance': '2.33', 'currency': 'USD', 'instrument_id': 'EUR/USD.IDEALPRO'}]",False,{}
100000.00,0.00,100000.00,EUR,IDEALPRO-001,MARGIN,,"[{'type': 'MarginBalance', 'initial': '0.00', 'maintenance': '2.33', 'currency': 'USD', 'instrument_id': 'EUR/USD.IDEALPRO'}]",False,{}
100000.31,2.33,99997.98,USD,IDEALPRO-001,MARGIN,,"[{'type': 'MarginBalance', 'initial': '0.00', 'maintenance': '2.33', 'currency': 'USD', 'instrument_id': 'EUR/USD.IDEALPRO'}]",False,{}
100000.00,0.00,100000.00,EUR,IDEALPRO-001,MARGIN,,"[{'type': 'MarginBalance', 'initial': '0.00', 'maintenance': '2.33', 'currency': 'USD', 'instrument_id': 'EUR/USD.IDEALPRO'}]",False,{}
100000.31,0.00,100000.31,USD,IDEALPRO-001,MARGIN,,[],False,{}
100000.00,0.00,100000.00,EUR,IDEALPRO-001,MARGIN,,[],False,{}
100000.31,0.00,100000.31,USD,IDEALPRO-001,MARGIN,,[],False,{}
100000.00,0.00,100000.00,EUR,IDEALPRO-001,MARGIN,,[],False,{}
100000.31,0.00,100000.31,USD,IDEALPRO-001,MARGIN,,[],False,{}
100000.00,0.00,100000.00,EUR,IDEALPRO-001,MARGIN,,[],False,{}
100000.31,0.00,100000.31,USD,IDEALPRO-001,MARGIN,,[],False,{}
100000.00,0.00,100000.00,EUR,IDEALPRO-001,MARGIN,,[],False,{}
100000.31,0.00,100000.31,USD,IDEALPRO-001,MARGIN,,[],False,{}
100000.00,0.00,100000.00,EUR,IDEALPRO-001,MARGIN,,[],False,{}
100000.31,0.00,100000.31,USD,IDEALPRO-001,MARGIN,,[],False,{}
100000.00,0.00,100000.00,EUR,IDEALPRO-001,MARGIN,,[],False,{}
100000.31,2.33,99997.98,USD,IDEALPRO-001,MARGIN,,"[{'type': 'MarginBalance', 'initial': '0.00', 'maintenance': '2.33', 'currency': 'USD', 'instrument_id': 'EUR/USD.IDEALPRO'}]",False,{}
100000.00,0.00,100000.00,EUR,IDEALPRO-001,MARGIN,,"[{'type': 'MarginBalance', 'initial': '0.00', 'maintenance': '2.33', 'currency': 'USD', 'instrument_id': 'EUR/USD.IDEALPRO'}]",False,{}
100000.31,2.33,99997.98,USD,IDEALPRO-001,MARGIN,,"[{'type': 'MarginBalance', 'initial': '0.00', 'maintenance': '2.33', 'currency': 'USD', 'instrument_id': 'EUR/USD.IDEALPRO'}]",False,{}
100000.00,0.00,100000.00,EUR,IDEALPRO-001,MARGIN,,"[{'type': 'MarginBalance', 'initial': '0.00', 'maintenance': '2.33', 'currency': 'USD', 'instrument_id': 'EUR/USD.IDEALPRO'}]",False,{}
100000.31,2.33,99997.98,USD,IDEALPRO-001,MARGIN,,"[{'type': 'MarginBalance', 'initial': '0.00', 'maintenance': '2.33', 'currency': 'USD', 'instrument_id': 'EUR/USD.IDEALPRO'}]",False,{}
100000.00,0.00,100000.00,EUR,IDEALPRO-001,MARGIN,,"[{'type': 'MarginBalance', 'initial': '0.00', 'maintenance': '2.33', 'currency': 'USD', 'instrument_id': 'EUR/USD.IDEALPRO'}]",False,{}
100000.31,2.33,99997.98,USD,IDEALPRO-001,MARGIN,,"[{'type': 'MarginBalance', 'initial': '0.00', 'maintenance': '2.33', 'currency': 'USD', 'instrument_id': 'EUR/USD.IDEALPRO'}]",False,{}
100000.00,0.00,100000.00,EUR,IDEALPRO-001,MARGIN,,"[{'type': 'MarginBalance', 'initial': '0.00', 'maintenance': '2.33', 'currency': 'USD', 'instrument_id': 'EUR/USD.IDEALPRO'}]",False,{}
100000.29,0.00,100000.29,USD,IDEALPRO-001,MARGIN,,[],False,{}
100000.00,0.00,100000.00,EUR,IDEALPRO-001,MARGIN,,[],False,{}
100000.29,0.00,100000.29,USD,IDEALPRO-001,MARGIN,,[],False,{}
100000.00,0.00,100000.00,EUR,IDEALPRO-001,MARGIN,,[],False,{}
100000.29,0.00,100000.29,USD,IDEALPRO-001,MARGIN,,[],False,{}
100000.00,0.00,100000.00,EUR,IDEALPRO-001,MARGIN,,[],False,{}
100000.29,0.00,100000.29,USD,IDEALPRO-001,MARGIN,,[],False,{}
100000.00,0.00,100000.00,EUR,IDEALPRO-001,MARGIN,,[],False,{}
100000.29,0.00,100000.29,USD,IDEALPRO-001,MARGIN,,[],False,{}
100000.00,0.00,100000.00,EUR,IDEALPRO-001,MARGIN,,[],False,{}
100000.29,0.00,100000.29,USD,IDEALPRO-001,MARGIN,,[],False,{}
100000.00,0.00,100000.00,EUR,IDEALPRO-001,MARGIN,,[],False,{}
100000.29,2.32,99997.97,USD,IDEALPRO-001,MARGIN,,"[{'type': 'MarginBalance', 'initial': '0.00', 'maintenance': '2.32', 'currency': 'USD', 'instrument_id': 'EUR/USD.IDEALPRO'}]",False,{}
100000.00,0.00,100000.00,EUR,IDEALPRO-001,MARGIN,,"[{'type': 'MarginBalance', 'initial': '0.00', 'maintenance': '2.32', 'currency': 'USD', 'instrument_id': 'EUR/USD.IDEALPRO'}]",False,{}
100000.29,2.32,99997.97,USD,IDEALPRO-001,MARGIN,,"[{'type': 'MarginBalance', 'initial': '0.00', 'maintenance': '2.32', 'currency': 'USD', 'instrument_id': 'EUR/USD.IDEALPRO'}]",False,{}
100000.00,0.00,100000.00,EUR,IDEALPRO-001,MARGIN,,"[{'type': 'MarginBalance', 'initial': '0.00', 'maintenance': '2.32', 'currency': 'USD', 'instrument_id': 'EUR/USD.IDEALPRO'}]",False,{}
100000.29,2.32,99997.97,USD,IDEALPRO-001,MARGIN,,"[{'type': 'MarginBalance', 'initial': '0.00', 'maintenance': '2.32', 'currency': 'USD', 'instrument_id': 'EUR/USD.IDEALPRO'}]",False,{}
100000.00,0.00,100000.00,EUR,IDEALPRO-001,MARGIN,,"[{'type': 'MarginBalance', 'initial': '0.00', 'maintenance': '2.32', 'currency': 'USD', 'instrument_id': 'EUR/USD.IDEALPRO'}]",False,{}
100000.23,0.00,100000.23,USD,IDEALPRO-001,MARGIN,,[],False,{}
100000.00,0.00,100000.00,EUR,IDEALPRO-001,MARGIN,,[],False,{}
100000.23,0.00,100000.23,USD,IDEALPRO-001,MARGIN,,[],False,{}
100000.00,0.00,100000.00,EUR,IDEALPRO-001,MARGIN,,[],False,{}
100000.23,0.00,100000.23,USD,IDEALPRO-001,MARGIN,,[],False,{}
100000.00,0.00,100000.00,EUR,IDEALPRO-001,MARGIN,,[],False,{}
100000.23,0.00,100000.23,USD,IDEALPRO-001,MARGIN,,[],False,{}
100000.00,0.00,100000.00,EUR,IDEALPRO-001,MARGIN,,[],False,{}
100000.23,0.00,100000.23,USD,IDEALPRO-001,MARGIN,,[],False,{}
100000.00,0.00,100000.00,EUR,IDEALPRO-001,MARGIN,,[],False,{}
100000.23,2.32,99997.91,USD,IDEALPRO-001,MARGIN,,"[{'type': 'MarginBalance', 'initial': '0.00', 'maintenance': '2.32', 'currency': 'USD', 'instrument_id': 'EUR/USD.IDEALPRO'}]",False,{}
100000.00,0.00,100000.00,EUR,IDEALPRO-001,MARGIN,,"[{'type': 'MarginBalance', 'initial': '0.00', 'maintenance': '2.32', 'currency': 'USD', 'instrument_id': 'EUR/USD.IDEALPRO'}]",False,{}
100000.23,2.32,99997.91,USD,IDEALPRO-001,MARGIN,,"[{'type': 'MarginBalance', 'initial': '0.00', 'maintenance': '2.32', 'currency': 'USD', 'instrument_id': 'EUR/USD.IDEALPRO'}]",False,{}
100000.00,0.00,100000.00,EUR,IDEALPRO-001,MARGIN,,"[{'type': 'MarginBalance', 'initial': '0.00', 'maintenance': '2.32', 'currency': 'USD', 'instrument_id': 'EUR/USD.IDEALPRO'}]",False,{}
100000.23,2.32,99997.91,USD,IDEALPRO-001,MARGIN,,"[{'type': 'MarginBalance', 'initial': '0.00', 'maintenance': '2.32', 'currency': 'USD', 'instrument_id': 'EUR/USD.IDEALPRO'}]",False,{}
100000.00,0.00,100000.00,EUR,IDEALPRO-001,MARGIN,,"[{'type': 'MarginBalance', 'initial': '0.00', 'maintenance': '2.32', 'currency': 'USD', 'instrument_id': 'EUR/USD.IDEALPRO'}]",False,{}
100000.23,2.32,99997.91,USD,IDEALPRO-001,MARGIN,,"[{'type': 'MarginBalance', 'initial': '0.00', 'maintenance': '2.32', 'currency': 'USD', 'instrument_id': 'EUR/USD.IDEALPRO'}]",False,{}
100000.00,0.00,100000.00,EUR,IDEALPRO-001,MARGIN,,"[{'type': 'MarginBalance', 'initial': '0.00', 'maintenance': '2.32', 'currency': 'USD', 'instrument_id': 'EUR/USD.IDEALPRO'}]",False,{}
100000.25,0.00,100000.25,USD,IDEALPRO-001,MARGIN,,[],False,{}
100000.00,0.00,100000.00,EUR,IDEALPRO-001,MARGIN,,[],False,{}
100000.25,0.00,100000.25,USD,IDEALPRO-001,MARGIN,,[],False,{}
100000.00,0.00,100000.00,EUR,IDEALPRO-001,MARGIN,,[],False,{}
100000.25,0.00,100000.25,USD,IDEALPRO-001,MARGIN,,[],False,{}
100000.00,0.00,100000.00,EUR,IDEALPRO-001,MARGIN,,[],False,{}
100000.25,0.00,100000.25,USD,IDEALPRO-001,MARGIN,,[],False,{}
100000.00,0.00,100000.00,EUR,IDEALPRO-001,MARGIN,,[],False,{}
100000.25,0.00,100000.25,USD,IDEALPRO-001,MARGIN,,[],False,{}
100000.00,0.00,100000.00,EUR,IDEALPRO-001,MARGIN,,[],False,{}
100000.25,0.00,100000.25,USD,IDEALPRO-001,MARGIN,,[],False,{}
100000.00,0.00,100000.00,EUR,IDEALPRO-001,MARGIN,,[],False,{}
100000.25,2.32,99997.93,USD,IDEALPRO-001,MARGIN,,"[{'type': 'MarginBalance', 'initial': '0.00', 'maintenance': '2.32', 'currency': 'USD', 'instrument_id': 'EUR/USD.IDEALPRO'}]",False,{}
100000.00,0.00,100000.00,EUR,IDEALPRO-001,MARGIN,,"[{'type': 'MarginBalance', 'initial': '0.00', 'maintenance': '2.32', 'currency': 'USD', 'instrument_id': 'EUR/USD.IDEALPRO'}]",False,{}
100000.25,2.32,99997.93,USD,IDEALPRO-001,MARGIN,,"[{'type': 'MarginBalance', 'initial': '0.00', 'maintenance': '2.32', 'currency': 'USD', 'instrument_id': 'EUR/USD.IDEALPRO'}]",False,{}
100000.00,0.00,100000.00,EUR,IDEALPRO-001,MARGIN,,"[{'type': 'MarginBalance', 'initial': '0.00', 'maintenance': '2.32', 'currency': 'USD', 'instrument_id': 'EUR/USD.IDEALPRO'}]",False,{}
100000.25,2.32,99997.93,USD,IDEALPRO-001,MARGIN,,"[{'type': 'MarginBalance', 'initial': '0.00', 'maintenance': '2.32', 'currency': 'USD', 'instrument_id': 'EUR/USD.IDEALPRO'}]",False,{}
100000.00,0.00,100000.00,EUR,IDEALPRO-001,MARGIN,,"[{'type': 'MarginBalance', 'initial': '0.00', 'maintenance': '2.32', 'currency': 'USD', 'instrument_id': 'EUR/USD.IDEALPRO'}]",False,{}
100000.19,0.00,100000.19,USD,IDEALPRO-001,MARGIN,,[],False,{}
100000.00,0.00,100000.00,EUR,IDEALPRO-001,MARGIN,,[],False,{}
100000.19,0.00,100000.19,USD,IDEALPRO-001,MARGIN,,[],False,{}
100000.00,0.00,100000.00,EUR,IDEALPRO-001,MARGIN,,[],False,{}
100000.19,0.00,100000.19,USD,IDEALPRO-001,MARGIN,,[],False,{}
100000.00,0.00,100000.00,EUR,IDEALPRO-001,MARGIN,,[],False,{}
100000.19,0.00,100000.19,USD,IDEALPRO-001,MARGIN,,[],False,{}
100000.00,0.00,100000.00,EUR,IDEALPRO-001,MARGIN,,[],False,{}
100000.19,0.00,100000.19,USD,IDEALPRO-001,MARGIN,,[],False,{}
100000.00,0.00,100000.00,EUR,IDEALPRO-001,MARGIN,,[],False,{}
100000.19,2.32,99997.87,USD,IDEALPRO-001,MARGIN,,"[{'type': 'MarginBalance', 'initial': '0.00', 'maintenance': '2.32', 'currency': 'USD', 'instrument_id': 'EUR/USD.IDEALPRO'}]",False,{}
100000.00,0.00,100000.00,EUR,IDEALPRO-001,MARGIN,,"[{'type': 'MarginBalance', 'initial': '0.00', 'maintenance': '2.32', 'currency': 'USD', 'instrument_id': 'EUR/USD.IDEALPRO'}]",False,{}
100000.19,2.32,99997.87,USD,IDEALPRO-001,MARGIN,,"[{'type': 'MarginBalance', 'initial': '0.00', 'maintenance': '2.32', 'currency': 'USD', 'instrument_id': 'EUR/USD.IDEALPRO'}]",False,{}
100000.00,0.00,100000.00,EUR,IDEALPRO-001,MARGIN,,"[{'type': 'MarginBalance', 'initial': '0.00', 'maintenance': '2.32', 'currency': 'USD', 'instrument_id': 'EUR/USD.IDEALPRO'}]",False,{}
100000.19,2.32,99997.87,USD,IDEALPRO-001,MARGIN,,"[{'type': 'MarginBalance', 'initial': '0.00', 'maintenance': '2.32', 'currency': 'USD', 'instrument_id': 'EUR/USD.IDEALPRO'}]",False,{}
100000.00,0.00,100000.00,EUR,IDEALPRO-001,MARGIN,,"[{'type': 'MarginBalance', 'initial': '0.00', 'maintenance': '2.32', 'currency': 'USD', 'instrument_id': 'EUR/USD.IDEALPRO'}]",False,{}
100000.19,2.32,99997.87,USD,IDEALPRO-001,MARGIN,,"[{'type': 'MarginBalance', 'initial': '0.00', 'maintenance': '2.32', 'currency': 'USD', 'instrument_id': 'EUR/USD.IDEALPRO'}]",False,{}
100000.00,0.00,100000.00,EUR,IDEALPRO-001,MARGIN,,"[{'type': 'MarginBalance', 'initial': '0.00', 'maintenance': '2.32', 'currency': 'USD', 'instrument_id': 'EUR/USD.IDEALPRO'}]",False,{}
100000.33,0.00,100000.33,USD,IDEALPRO-001,MARGIN,,[],False,{}
100000.00,0.00,100000.00,EUR,IDEALPRO-001,MARGIN,,[],False,{}
100000.33,0.00,100000.33,USD,IDEALPRO-001,MARGIN,,[],False,{}
100000.00,0.00,100000.00,EUR,IDEALPRO-001,MARGIN,,[],False,{}
100000.33,0.00,100000.33,USD,IDEALPRO-001,MARGIN,,[],False,{}
100000.00,0.00,100000.00,EUR,IDEALPRO-001,MARGIN,,[],False,{}
100000.33,0.00,100000.33,USD,IDEALPRO-001,MARGIN,,[],False,{}
100000.00,0.00,100000.00,EUR,IDEALPRO-001,MARGIN,,[],False,{}
100000.33,0.00,100000.33,USD,IDEALPRO-001,MARGIN,,[],False,{}
100000.00,0.00,100000.00,EUR,IDEALPRO-001,MARGIN,,[],False,{}
100000.33,0.00,100000.33,USD,IDEALPRO-001,MARGIN,,[],False,{}
100000.00,0.00,100000.00,EUR,IDEALPRO-001,MARGIN,,[],False,{}
100000.33,2.32,99998.01,USD,IDEALPRO-001,MARGIN,,"[{'type': 'MarginBalance', 'initial': '0.00', 'maintenance': '2.32', 'currency': 'USD', 'instrument_id': 'EUR/USD.IDEALPRO'}]",False,{}
100000.00,0.00,100000.00,EUR,IDEALPRO-001,MARGIN,,"[{'type': 'MarginBalance', 'initial': '0.00', 'maintenance': '2.32', 'currency': 'USD', 'instrument_id': 'EUR/USD.IDEALPRO'}]",False,{}
100000.33,2.32,99998.01,USD,IDEALPRO-001,MARGIN,,"[{'type': 'MarginBalance', 'initial': '0.00', 'maintenance': '2.32', 'currency': 'USD', 'instrument_id': 'EUR/USD.IDEALPRO'}]",False,{}
100000.00,0.00,100000.00,EUR,IDEALPRO-001,MARGIN,,"[{'type': 'MarginBalance', 'initial': '0.00', 'maintenance': '2.32', 'currency': 'USD', 'instrument_id': 'EUR/USD.IDEALPRO'}]",False,{}
100000.33,2.32,99998.01,USD,IDEALPRO-001,MARGIN,,"[{'type': 'MarginBalance', 'initial': '0.00', 'maintenance': '2.32', 'currency': 'USD', 'instrument_id': 'EUR/USD.IDEALPRO'}]",False,{}
100000.00,0.00,100000.00,EUR,IDEALPRO-001,MARGIN,,"[{'type': 'MarginBalance', 'initial': '0.00', 'maintenance': '2.32', 'currency': 'USD', 'instrument_id': 'EUR/USD.IDEALPRO'}]",False,{}
100000.33,2.32,99998.01,USD,IDEALPRO-001,MARGIN,,"[{'type': 'MarginBalance', 'initial': '0.00', 'maintenance': '2.32', 'currency': 'USD', 'instrument_id': 'EUR/USD.IDEALPRO'}]",False,{}
100000.00,0.00,100000.00,EUR,IDEALPRO-001,MARGIN,,"[{'type': 'MarginBalance', 'initial': '0.00', 'maintenance': '2.32', 'currency': 'USD', 'instrument_id': 'EUR/USD.IDEALPRO'}]",False,{}
100000.32,0.00,100000.32,USD,IDEALPRO-001,MARGIN,,[],False,{}
100000.00,0.00,100000.00,EUR,IDEALPRO-001,MARGIN,,[],False,{}
100000.32,0.00,100000.32,USD,IDEALPRO-001,MARGIN,,[],False,{}
100000.00,0.00,100000.00,EUR,IDEALPRO-001,MARGIN,,[],False,{}
100000.32,0.00,100000.32,USD,IDEALPRO-001,MARGIN,,[],False,{}
100000.00,0.00,100000.00,EUR,IDEALPRO-001,MARGIN,,[],False,{}
100000.32,0.00,100000.32,USD,IDEALPRO-001,MARGIN,,[],False,{}
100000.00,0.00,100000.00,EUR,IDEALPRO-001,MARGIN,,[],False,{}
100000.32,0.00,100000.32,USD,IDEALPRO-001,MARGIN,,[],False,{}
100000.00,0.00,100000.00,EUR,IDEALPRO-001,MARGIN,,[],False,{}
100000.32,0.00,100000.32,USD,IDEALPRO-001,MARGIN,,[],False,{}
100000.00,0.00,100000.00,EUR,IDEALPRO-001,MARGIN,,[],False,{}
100000.32,2.32,99998.00,USD,IDEALPRO-001,MARGIN,,"[{'type': 'MarginBalance', 'initial': '0.00', 'maintenance': '2.32', 'currency': 'USD', 'instrument_id': 'EUR/USD.IDEALPRO'}]",False,{}
100000.00,0.00,100000.00,EUR,IDEALPRO-001,MARGIN,,"[{'type': 'MarginBalance', 'initial': '0.00', 'maintenance': '2.32', 'currency': 'USD', 'instrument_id': 'EUR/USD.IDEALPRO'}]",False,{}
100000.32,2.32,99998.00,USD,IDEALPRO-001,MARGIN,,"[{'type': 'MarginBalance', 'initial': '0.00', 'maintenance': '2.32', 'currency': 'USD', 'instrument_id': 'EUR/USD.IDEALPRO'}]",False,{}
100000.00,0.00,100000.00,EUR,IDEALPRO-001,MARGIN,,"[{'type': 'MarginBalance', 'initial': '0.00', 'maintenance': '2.32', 'currency': 'USD', 'instrument_id': 'EUR/USD.IDEALPRO'}]",False,{}
100000.32,2.32,99998.00,USD,IDEALPRO-001,MARGIN,,"[{'type': 'MarginBalance', 'initial': '0.00', 'maintenance': '2.32', 'currency': 'USD', 'instrument_id': 'EUR/USD.IDEALPRO'}]",False,{}
100000.00,0.00,100000.00,EUR,IDEALPRO-001,MARGIN,,"[{'type': 'MarginBalance', 'initial': '0.00', 'maintenance': '2.32', 'currency': 'USD', 'instrument_id': 'EUR/USD.IDEALPRO'}]",False,{}
100000.26,0.00,100000.26,USD,IDEALPRO-001,MARGIN,,[],False,{}
100000.00,0.00,100000.00,EUR,IDEALPRO-001,MARGIN,,[],False,{}
100000.26,0.00,100000.26,USD,IDEALPRO-001,MARGIN,,[],False,{}
100000.00,0.00,100000.00,EUR,IDEALPRO-001,MARGIN,,[],False,{}
100000.26,0.00,100000.26,USD,IDEALPRO-001,MARGIN,,[],False,{}
100000.00,0.00,100000.00,EUR,IDEALPRO-001,MARGIN,,[],False,{}
100000.26,0.00,100000.26,USD,IDEALPRO-001,MARGIN,,[],False,{}
100000.00,0.00,100000.00,EUR,IDEALPRO-001,MARGIN,,[],False,{}
100000.26,0.00,100000.26,USD,IDEALPRO-001,MARGIN,,[],False,{}
100000.00,0.00,100000.00,EUR,IDEALPRO-001,MARGIN,,[],False,{}
100000.26,2.32,99997.94,USD,IDEALPRO-001,MARGIN,,"[{'type': 'MarginBalance', 'initial': '0.00', 'maintenance': '2.32', 'currency': 'USD', 'instrument_id': 'EUR/USD.IDEALPRO'}]",False,{}
100000.00,0.00,100000.00,EUR,IDEALPRO-001,MARGIN,,"[{'type': 'MarginBalance', 'initial': '0.00', 'maintenance': '2.32', 'currency': 'USD', 'instrument_id': 'EUR/USD.IDEALPRO'}]",False,{}
100000.26,2.32,99997.94,USD,IDEALPRO-001,MARGIN,,"[{'type': 'MarginBalance', 'initial': '0.00', 'maintenance': '2.32', 'currency': 'USD', 'instrument_id': 'EUR/USD.IDEALPRO'}]",False,{}
100000.00,0.00,100000.00,EUR,IDEALPRO-001,MARGIN,,"[{'type': 'MarginBalance', 'initial': '0.00', 'maintenance': '2.32', 'currency': 'USD', 'instrument_id': 'EUR/USD.IDEALPRO'}]",False,{}
100000.26,2.32,99997.94,USD,IDEALPRO-001,MARGIN,,"[{'type': 'MarginBalance', 'initial': '0.00', 'maintenance': '2.32', 'currency': 'USD', 'instrument_id': 'EUR/USD.IDEALPRO'}]",False,{}
100000.00,0.00,100000.00,EUR,IDEALPRO-001,MARGIN,,"[{'type': 'MarginBalance', 'initial': '0.00', 'maintenance': '2.32', 'currency': 'USD', 'instrument_id': 'EUR/USD.IDEALPRO'}]",False,{}
100000.20,0.00,100000.20,USD,IDEALPRO-001,MARGIN,,[],False,{}
100000.00,0.00,100000.00,EUR,IDEALPRO-001,MARGIN,,[],False,{}
100000.20,0.00,100000.20,USD,IDEALPRO-001,MARGIN,,[],False,{}
100000.00,0.00,100000.00,EUR,IDEALPRO-001,MARGIN,,[],False,{}
100000.20,0.00,100000.20,USD,IDEALPRO-001,MARGIN,,[],False,{}
100000.00,0.00,100000.00,EUR,IDEALPRO-001,MARGIN,,[],False,{}
100000.20,0.00,100000.20,USD,IDEALPRO-001,MARGIN,,[],False,{}
100000.00,0.00,100000.00,EUR,IDEALPRO-001,MARGIN,,[],False,{}
100000.20,0.00,100000.20,USD,IDEALPRO-001,MARGIN,,[],False,{}
100000.00,0.00,100000.00,EUR,IDEALPRO-001,MARGIN,,[],False,{}
100000.20,2.32,99997.88,USD,IDEALPRO-001,MARGIN,,"[{'type': 'MarginBalance', 'initial': '0.00', 'maintenance': '2.32', 'currency': 'USD', 'instrument_id': 'EUR/USD.IDEALPRO'}]",False,{}
100000.00,0.00,100000.00,EUR,IDEALPRO-001,MARGIN,,"[{'type': 'MarginBalance', 'initial': '0.00', 'maintenance': '2.32', 'currency': 'USD', 'instrument_id': 'EUR/USD.IDEALPRO'}]",False,{}
100000.20,2.32,99997.88,USD,IDEALPRO-001,MARGIN,,"[{'type': 'MarginBalance', 'initial': '0.00', 'maintenance': '2.32', 'currency': 'USD', 'instrument_id': 'EUR/USD.IDEALPRO'}]",False,{}
100000.00,0.00,100000.00,EUR,IDEALPRO-001,MARGIN,,"[{'type': 'MarginBalance', 'initial': '0.00', 'maintenance': '2.32', 'currency': 'USD', 'instrument_id': 'EUR/USD.IDEALPRO'}]",False,{}
100000.20,2.32,99997.88,USD,IDEALPRO-001,MARGIN,,"[{'type': 'MarginBalance', 'initial': '0.00', 'maintenance': '2.32', 'currency': 'USD', 'instrument_id': 'EUR/USD.IDEALPRO'}]",False,{}
100000.00,0.00,100000.00,EUR,IDEALPRO-001,MARGIN,,"[{'type': 'MarginBalance', 'initial': '0.00', 'maintenance': '2.32', 'currency': 'USD', 'instrument_id': 'EUR/USD.IDEALPRO'}]",False,{}
100000.14,0.00,100000.14,USD,IDEALPRO-001,MARGIN,,[],False,{}
100000.00,0.00,100000.00,EUR,IDEALPRO-001,MARGIN,,[],False,{}
100000.14,0.00,100000.14,USD,IDEALPRO-001,MARGIN,,[],False,{}
100000.00,0.00,100000.00,EUR,IDEALPRO-001,MARGIN,,[],False,{}
100000.14,0.00,100000.14,USD,IDEALPRO-001,MARGIN,,[],False,{}
100000.00,0.00,100000.00,EUR,IDEALPRO-001,MARGIN,,[],False,{}
100000.14,0.00,100000.14,USD,IDEALPRO-001,MARGIN,,[],False,{}
100000.00,0.00,100000.00,EUR,IDEALPRO-001,MARGIN,,[],False,{}
100000.14,0.00,100000.14,USD,IDEALPRO-001,MARGIN,,[],False,{}
100000.00,0.00,100000.00,EUR,IDEALPRO-001,MARGIN,,[],False,{}
100000.14,2.31,99997.83,USD,IDEALPRO-001,MARGIN,,"[{'type': 'MarginBalance', 'initial': '0.00', 'maintenance': '2.31', 'currency': 'USD', 'instrument_id': 'EUR/USD.IDEALPRO'}]",False,{}
100000.00,0.00,100000.00,EUR,IDEALPRO-001,MARGIN,,"[{'type': 'MarginBalance', 'initial': '0.00', 'maintenance': '2.31', 'currency': 'USD', 'instrument_id': 'EUR/USD.IDEALPRO'}]",False,{}
100000.14,2.31,99997.83,USD,IDEALPRO-001,MARGIN,,"[{'type': 'MarginBalance', 'initial': '0.00', 'maintenance': '2.31', 'currency': 'USD', 'instrument_id': 'EUR/USD.IDEALPRO'}]",False,{}
100000.00,0.00,100000.00,EUR,IDEALPRO-001,MARGIN,,"[{'type': 'MarginBalance', 'initial': '0.00', 'maintenance': '2.31', 'currency': 'USD', 'instrument_id': 'EUR/USD.IDEALPRO'}]",False,{}
100000.14,2.31,99997.83,USD,IDEALPRO-001,MARGIN,,"[{'type': 'MarginBalance', 'initial': '0.00', 'maintenance': '2.31', 'currency': 'USD', 'instrument_id': 'EUR/USD.IDEALPRO'}]",False,{}
100000.00,0.00,100000.00,EUR,IDEALPRO-001,MARGIN,,"[{'type': 'MarginBalance', 'initial': '0.00', 'maintenance': '2.31', 'currency': 'USD', 'instrument_id': 'EUR/USD.IDEALPRO'}]",False,{}
100000.14,2.31,99997.83,USD,IDEALPRO-001,MARGIN,,"[{'type': 'MarginBalance', 'initial': '0.00', 'maintenance': '2.31', 'currency': 'USD', 'instrument_id': 'EUR/USD.IDEALPRO'}]",False,{}
100000.00,0.00,100000.00,EUR,IDEALPRO-001,MARGIN,,"[{'type': 'MarginBalance', 'initial': '0.00', 'maintenance': '2.31', 'currency': 'USD', 'instrument_id': 'EUR/USD.IDEALPRO'}]",False,{}
100000.31,0.00,100000.31,USD,IDEALPRO-001,MARGIN,,[],False,{}
100000.00,0.00,100000.00,EUR,IDEALPRO-001,MARGIN,,[],False,{}
100000.31,0.00,100000.31,USD,IDEALPRO-001,MARGIN,,[],False,{}
100000.00,0.00,100000.00,EUR,IDEALPRO-001,MARGIN,,[],False,{}
100000.31,0.00,100000.31,USD,IDEALPRO-001,MARGIN,,[],False,{}
100000.00,0.00,100000.00,EUR,IDEALPRO-001,MARGIN,,[],False,{}
100000.31,0.00,100000.31,USD,IDEALPRO-001,MARGIN,,[],False,{}
100000.00,0.00,100000.00,EUR,IDEALPRO-001,MARGIN,,[],False,{}
100000.31,0.00,100000.31,USD,IDEALPRO-001,MARGIN,,[],False,{}
100000.00,0.00,100000.00,EUR,IDEALPRO-001,MARGIN,,[],False,{}
100000.31,0.00,100000.31,USD,IDEALPRO-001,MARGIN,,[],False,{}
100000.00,0.00,100000.00,EUR,IDEALPRO-001,MARGIN,,[],False,{}
100000.31,2.31,99998.00,USD,IDEALPRO-001,MARGIN,,"[{'type': 'MarginBalance', 'initial': '0.00', 'maintenance': '2.31', 'currency': 'USD', 'instrument_id': 'EUR/USD.IDEALPRO'}]",False,{}
100000.00,0.00,100000.00,EUR,IDEALPRO-001,MARGIN,,"[{'type': 'MarginBalance', 'initial': '0.00', 'maintenance': '2.31', 'currency': 'USD', 'instrument_id': 'EUR/USD.IDEALPRO'}]",False,{}
100000.31,2.31,99998.00,USD,IDEALPRO-001,MARGIN,,"[{'type': 'MarginBalance', 'initial': '0.00', 'maintenance': '2.31', 'currency': 'USD', 'instrument_id': 'EUR/USD.IDEALPRO'}]",False,{}
100000.00,0.00,100000.00,EUR,IDEALPRO-001,MARGIN,,"[{'type': 'MarginBalance', 'initial': '0.00', 'maintenance': '2.31', 'currency': 'USD', 'instrument_id': 'EUR/USD.IDEALPRO'}]",False,{}
100000.31,2.31,99998.00,USD,IDEALPRO-001,MARGIN,,"[{'type': 'MarginBalance', 'initial': '0.00', 'maintenance': '2.31', 'currency': 'USD', 'instrument_id': 'EUR/USD.IDEALPRO'}]",False,{}
100000.00,0.00,100000.00,EUR,IDEALPRO-001,MARGIN,,"[{'type': 'MarginBalance', 'initial': '0.00', 'maintenance': '2.31', 'currency': 'USD', 'instrument_id': 'EUR/USD.IDEALPRO'}]",False,{}
100000.31,2.31,99998.00,USD,IDEALPRO-001,MARGIN,,"[{'type': 'MarginBalance', 'initial': '0.00', 'maintenance': '2.31', 'currency': 'USD', 'instrument_id': 'EUR/USD.IDEALPRO'}]",False,{}
100000.00,0.00,100000.00,EUR,IDEALPRO-001,MARGIN,,"[{'type': 'MarginBalance', 'initial': '0.00', 'maintenance': '2.31', 'currency': 'USD', 'instrument_id': 'EUR/USD.IDEALPRO'}]",False,{}
100000.27,0.00,100000.27,USD,IDEALPRO-001,MARGIN,,[],False,{}
100000.00,0.00,100000.00,EUR,IDEALPRO-001,MARGIN,,[],False,{}
100000.27,0.00,100000.27,USD,IDEALPRO-001,MARGIN,,[],False,{}
100000.00,0.00,100000.00,EUR,IDEALPRO-001,MARGIN,,[],False,{}
100000.27,0.00,100000.27,USD,IDEALPRO-001,MARGIN,,[],False,{}
100000.00,0.00,100000.00,EUR,IDEALPRO-001,MARGIN,,[],False,{}
100000.27,0.00,100000.27,USD,IDEALPRO-001,MARGIN,,[],False,{}
100000.00,0.00,100000.00,EUR,IDEALPRO-001,MARGIN,,[],False,{}
100000.27,0.00,100000.27,USD,IDEALPRO-001,MARGIN,,[],False,{}
100000.00,0.00,100000.00,EUR,IDEALPRO-001,MARGIN,,[],False,{}
100000.27,0.00,100000.27,USD,IDEALPRO-001,MARGIN,,[],False,{}
100000.00,0.00,100000.00,EUR,IDEALPRO-001,MARGIN,,[],False,{}
100000.27,2.31,99997.96,USD,IDEALPRO-001,MARGIN,,"[{'type': 'MarginBalance', 'initial': '0.00', 'maintenance': '2.31', 'currency': 'USD', 'instrument_id': 'EUR/USD.IDEALPRO'}]",False,{}
100000.00,0.00,100000.00,EUR,IDEALPRO-001,MARGIN,,"[{'type': 'MarginBalance', 'initial': '0.00', 'maintenance': '2.31', 'currency': 'USD', 'instrument_id': 'EUR/USD.IDEALPRO'}]",False,{}
100000.27,2.31,99997.96,USD,IDEALPRO-001,MARGIN,,"[{'type': 'MarginBalance', 'initial': '0.00', 'maintenance': '2.31', 'currency': 'USD', 'instrument_id': 'EUR/USD.IDEALPRO'}]",False,{}
100000.00,0.00,100000.00,EUR,IDEALPRO-001,MARGIN,,"[{'type': 'MarginBalance', 'initial': '0.00', 'maintenance': '2.31', 'currency': 'USD', 'instrument_id': 'EUR/USD.IDEALPRO'}]",False,{}
100000.27,2.31,99997.96,USD,IDEALPRO-001,MARGIN,,"[{'type': 'MarginBalance', 'initial': '0.00', 'maintenance': '2.31', 'currency': 'USD', 'instrument_id': 'EUR/USD.IDEALPRO'}]",False,{}
100000.00,0.00,100000.00,EUR,IDEALPRO-001,MARGIN,,"[{'type': 'MarginBalance', 'initial': '0.00', 'maintenance': '2.31', 'currency': 'USD', 'instrument_id': 'EUR/USD.IDEALPRO'}]",False,{}
100000.27,2.31,99997.96,USD,IDEALPRO-001,MARGIN,,"[{'type': 'MarginBalance', 'initial': '0.00', 'maintenance': '2.31', 'currency': 'USD', 'instrument_id': 'EUR/USD.IDEALPRO'}]",False,{}
100000.00,0.00,100000.00,EUR,IDEALPRO-001,MARGIN,,"[{'type': 'MarginBalance', 'initial': '0.00', 'maintenance': '2.31', 'currency': 'USD', 'instrument_id': 'EUR/USD.IDEALPRO'}]",False,{}
100000.31,0.00,100000.31,USD,IDEALPRO-001,MARGIN,,[],False,{}
100000.00,0.00,100000.00,EUR,IDEALPRO-001,MARGIN,,[],False,{}
100000.31,0.00,100000.31,USD,IDEALPRO-001,MARGIN,,[],False,{}
100000.00,0.00,100000.00,EUR,IDEALPRO-001,MARGIN,,[],False,{}
100000.31,0.00,100000.31,USD,IDEALPRO-001,MARGIN,,[],False,{}
100000.00,0.00,100000.00,EUR,IDEALPRO-001,MARGIN,,[],False,{}
100000.31,0.00,100000.31,USD,IDEALPRO-001,MARGIN,,[],False,{}
100000.00,0.00,100000.00,EUR,IDEALPRO-001,MARGIN,,[],False,{}
100000.31,0.00,100000.31,USD,IDEALPRO-001,MARGIN,,[],False,{}
100000.00,0.00,100000.00,EUR,IDEALPRO-001,MARGIN,,[],False,{}
100000.31,0.00,100000.31,USD,IDEALPRO-001,MARGIN,,[],False,{}
100000.00,0.00,100000.00,EUR,IDEALPRO-001,MARGIN,,[],False,{}
100000.31,2.31,99998.00,USD,IDEALPRO-001,MARGIN,,"[{'type': 'MarginBalance', 'initial': '0.00', 'maintenance': '2.31', 'currency': 'USD', 'instrument_id': 'EUR/USD.IDEALPRO'}]",False,{}
100000.00,0.00,100000.00,EUR,IDEALPRO-001,MARGIN,,"[{'type': 'MarginBalance', 'initial': '0.00', 'maintenance': '2.31', 'currency': 'USD', 'instrument_id': 'EUR/USD.IDEALPRO'}]",False,{}
100000.31,2.31,99998.00,USD,IDEALPRO-001,MARGIN,,"[{'type': 'MarginBalance', 'initial': '0.00', 'maintenance': '2.31', 'currency': 'USD', 'instrument_id': 'EUR/USD.IDEALPRO'}]",False,{}
100000.00,0.00,100000.00,EUR,IDEALPRO-001,MARGIN,,"[{'type': 'MarginBalance', 'initial': '0.00', 'maintenance': '2.31', 'currency': 'USD', 'instrument_id': 'EUR/USD.IDEALPRO'}]",False,{}
100000.31,2.31,99998.00,USD,IDEALPRO-001,MARGIN,,"[{'type': 'MarginBalance', 'initial': '0.00', 'maintenance': '2.31', 'currency': 'USD', 'instrument_id': 'EUR/USD.IDEALPRO'}]",False,{}
100000.00,0.00,100000.00,EUR,IDEALPRO-001,MARGIN,,"[{'type': 'MarginBalance', 'initial': '0.00', 'maintenance': '2.31', 'currency': 'USD', 'instrument_id': 'EUR/USD.IDEALPRO'}]",False,{}
100000.31,2.31,99998.00,USD,IDEALPRO-001,MARGIN,,"[{'type': 'MarginBalance', 'initial': '0.00', 'maintenance': '2.31', 'currency': 'USD', 'instrument_id': 'EUR/USD.IDEALPRO'}]",False,{}
100000.00,0.00,100000.00,EUR,IDEALPRO-001,MARGIN,,"[{'type': 'MarginBalance', 'initial': '0.00', 'maintenance': '2.31', 'currency': 'USD', 'instrument_id': 'EUR/USD.IDEALPRO'}]",False,{}
100000.31,0.00,100000.31,USD,IDEALPRO-001,MARGIN,,[],False,{}
100000.00,0.00,100000.00,EUR,IDEALPRO-001,MARGIN,,[],False,{}
100000.31,0.00,100000.31,USD,IDEALPRO-001,MARGIN,,[],False,{}
100000.00,0.00,100000.00,EUR,IDEALPRO-001,MARGIN,,[],False,{}
100000.31,0.00,100000.31,USD,IDEALPRO-001,MARGIN,,[],False,{}
100000.00,0.00,100000.00,EUR,IDEALPRO-001,MARGIN,,[],False,{}
100000.31,0.00,100000.31,USD,IDEALPRO-001,MARGIN,,[],False,{}
100000.00,0.00,100000.00,EUR,IDEALPRO-001,MARGIN,,[],False,{}
100000.31,0.00,100000.31,USD,IDEALPRO-001,MARGIN,,[],False,{}
100000.00,0.00,100000.00,EUR,IDEALPRO-001,MARGIN,,[],False,{}
100000.31,0.00,100000.31,USD,IDEALPRO-001,MARGIN,,[],False,{}
100000.00,0.00,100000.00,EUR,IDEALPRO-001,MARGIN,,[],False,{}
100000.31,2.31,99998.00,USD,IDEALPRO-001,MARGIN,,"[{'type': 'MarginBalance', 'initial': '0.00', 'maintenance': '2.31', 'currency': 'USD', 'instrument_id': 'EUR/USD.IDEALPRO'}]",False,{}
100000.00,0.00,100000.00,EUR,IDEALPRO-001,MARGIN,,"[{'type': 'MarginBalance', 'initial': '0.00', 'maintenance': '2.31', 'currency': 'USD', 'instrument_id': 'EUR/USD.IDEALPRO'}]",False,{}
100000.31,2.31,99998.00,USD,IDEALPRO-001,MARGIN,,"[{'type': 'MarginBalance', 'initial': '0.00', 'maintenance': '2.31', 'currency': 'USD', 'instrument_id': 'EUR/USD.IDEALPRO'}]",False,{}
100000.00,0.00,100000.00,EUR,IDEALPRO-001,MARGIN,,"[{'type': 'MarginBalance', 'initial': '0.00', 'maintenance': '2.31', 'currency': 'USD', 'instrument_id': 'EUR/USD.IDEALPRO'}]",False,{}
100000.31,2.31,99998.00,USD,IDEALPRO-001,MARGIN,,"[{'type': 'MarginBalance', 'initial': '0.00', 'maintenance': '2.31', 'currency': 'USD', 'instrument_id': 'EUR/USD.IDEALPRO'}]",False,{}
100000.00,0.00,100000.00,EUR,IDEALPRO-001,MARGIN,,"[{'type': 'MarginBalance', 'initial': '0.00', 'maintenance': '2.31', 'currency': 'USD', 'instrument_id': 'EUR/USD.IDEALPRO'}]",False,{}
100000.31,2.31,99998.00,USD,IDEALPRO-001,MARGIN,,"[{'type': 'MarginBalance', 'initial': '0.00', 'maintenance': '2.31', 'currency': 'USD', 'instrument_id': 'EUR/USD.IDEALPRO'}]",False,{}
100000.00,0.00,100000.00,EUR,IDEALPRO-001,MARGIN,,"[{'type': 'MarginBalance', 'initial': '0.00', 'maintenance': '2.31', 'currency': 'USD', 'instrument_id': 'EUR/USD.IDEALPRO'}]",False,{}
100000.30,0.00,100000.30,USD,IDEALPRO-001,MARGIN,,[],False,{}
100000.00,0.00,100000.00,EUR,IDEALPRO-001,MARGIN,,[],False,{}
100000.30,0.00,100000.30,USD,IDEALPRO-001,MARGIN,,[],False,{}
100000.00,0.00,100000.00,EUR,IDEALPRO-001,MARGIN,,[],False,{}
100000.30,0.00,100000.30,USD,IDEALPRO-001,MARGIN,,[],False,{}
100000.00,0.00,100000.00,EUR,IDEALPRO-001,MARGIN,,[],False,{}
100000.30,0.00,100000.30,USD,IDEALPRO-001,MARGIN,,[],False,{}
100000.00,0.00,100000.00,EUR,IDEALPRO-001,MARGIN,,[],False,{}
100000.30,0.00,100000.30,USD,IDEALPRO-001,MARGIN,,[],False,{}
100000.00,0.00,100000.00,EUR,IDEALPRO-001,MARGIN,,[],False,{}
100000.30,0.00,100000.30,USD,IDEALPRO-001,MARGIN,,[],False,{}
100000.00,0.00,100000.00,EUR,IDEALPRO-001,MARGIN,,[],False,{}
100000.30,2.31,99997.99,USD,IDEALPRO-001,MARGIN,,"[{'type': 'MarginBalance', 'initial': '0.00', 'maintenance': '2.31', 'currency': 'USD', 'instrument_id': 'EUR/USD.IDEALPRO'}]",False,{}
100000.00,0.00,100000.00,EUR,IDEALPRO-001,MARGIN,,"[{'type': 'MarginBalance', 'initial': '0.00', 'maintenance': '2.31', 'currency': 'USD', 'instrument_id': 'EUR/USD.IDEALPRO'}]",False,{}
100000.30,2.31,99997.99,USD,IDEALPRO-001,MARGIN,,"[{'type': 'MarginBalance', 'initial': '0.00', 'maintenance': '2.31', 'currency': 'USD', 'instrument_id': 'EUR/USD.IDEALPRO'}]",False,{}
100000.00,0.00,100000.00,EUR,IDEALPRO-001,MARGIN,,"[{'type': 'MarginBalance', 'initial': '0.00', 'maintenance': '2.31', 'currency': 'USD', 'instrument_id': 'EUR/USD.IDEALPRO'}]",False,{}
100000.30,2.31,99997.99,USD,IDEALPRO-001,MARGIN,,"[{'type': 'MarginBalance', 'initial': '0.00', 'maintenance': '2.31', 'currency': 'USD', 'instrument_id': 'EUR/USD.IDEALPRO'}]",False,{}
100000.00,0.00,100000.00,EUR,IDEALPRO-001,MARGIN,,"[{'type': 'MarginBalance', 'initial': '0.00', 'maintenance': '2.31', 'currency': 'USD', 'instrument_id': 'EUR/USD.IDEALPRO'}]",False,{}
100000.30,2.31,99997.99,USD,IDEALPRO-001,MARGIN,,"[{'type': 'MarginBalance', 'initial': '0.00', 'maintenance': '2.31', 'currency': 'USD', 'instrument_id': 'EUR/USD.IDEALPRO'}]",False,{}
100000.00,0.00,100000.00,EUR,IDEALPRO-001,MARGIN,,"[{'type': 'MarginBalance', 'initial': '0.00', 'maintenance': '2.31', 'currency': 'USD', 'instrument_id': 'EUR/USD.IDEALPRO'}]",False,{}
100000.28,0.00,100000.28,USD,IDEALPRO-001,MARGIN,,[],False,{}
100000.00,0.00,100000.00,EUR,IDEALPRO-001,MARGIN,,[],False,{}
100000.28,0.00,100000.28,USD,IDEALPRO-001,MARGIN,,[],False,{}
100000.00,0.00,100000.00,EUR,IDEALPRO-001,MARGIN,,[],False,{}
100000.28,0.00,100000.28,USD,IDEALPRO-001,MARGIN,,[],False,{}
100000.00,0.00,100000.00,EUR,IDEALPRO-001,MARGIN,,[],False,{}
