trader_id,strategy_id,instrument_id,venue_order_id,account_id,trade_id,position_id,order_side,order_type,last_qty,last_px,currency,commission,liquidity_side,event_id,ts_event,ts_init,info,reconciliation
BACKTESTER-001,MovingAverageCrossover-MA_CROSS,EUR/USD.IDEALPRO,IDEALPRO-1-001,IDEALPRO-001,IDEALPRO-1-841,EUR/USD.IDEALPRO-MovingAverageCrossover-MA_CROSS,SELL,MARKET,0.01,1.03134,USD,0.00 USD,TAKER,74ea599e-f011-4038-aaca-207a08cad6ac,2025-01-02 14:00:00+00:00,2025-01-02 14:00:00+00:00,{},False
BACKTESTER-001,MovingAverageCrossover-MA_CROSS,EUR/USD.IDEALPRO,IDEALPRO-1-001,IDEALPRO-001,IDEALPRO-1-842,EUR/USD.IDEALPRO-MovingAverageCrossover-MA_CROSS,SELL,MARKET,99999.99,1.03133,USD,2.06 USD,TAKER,3fc33166-c3b4-445e-94bf-cbda073ea396,2025-01-02 14:00:00+00:00,2025-01-02 14:00:00+00:00,{},False
BACKTESTER-001,MovingAverageCrossover-MA_CROSS,EUR/USD.IDEALPRO,IDEALPRO-1-003,IDEALPRO-001,IDEALPRO-1-966,EUR/USD.IDEALPRO-MovingAverageCrossover-MA_CROSS,BUY,LIMIT,0.01,1.02634,USD,0.00 USD,MAKER,2852de3a-277f-42ba-8ae9-35b32f73645a,2025-01-02 16:03:00+00:00,2025-01-02 16:03:00+00:00,{},False
BACKTESTER-001,MovingAverageCrossover-MA_CROSS,EUR/USD.IDEALPRO,IDEALPRO-1-003,IDEALPRO-001,IDEALPRO-1-967,EUR/USD.IDEALPRO-MovingAverageCrossover-MA_CROSS,BUY,LIMIT,99999.99,1.02634,USD,2.05 USD,MAKER,b812d863-8ad8-483f-981e-ad0f3b4603d2,2025-01-02 16:03:00+00:00,2025-01-02 16:03:00+00:00,{},False
BACKTESTER-001,MovingAverageCrossover-MA_CROSS,EUR/USD.IDEALPRO,IDEALPRO-1-004,IDEALPRO-001,IDEALPRO-1-3050,EUR/USD.IDEALPRO-MovingAverageCrossover-MA_CROSS,BUY,MARKET,0.01,1.03164,USD,0.00 USD,TAKER,444fbe52-707b-49a2-a814-c58b2932783a,2025-01-06 03:15:00+00:00,2025-01-06 03:15:00+00:00,{},False
BACKTESTER-001,MovingAverageCrossover-MA_CROSS,EUR/USD.IDEALPRO,IDEALPRO-1-004,IDEALPRO-001,IDEALPRO-1-3051,EUR/USD.IDEALPRO-MovingAverageCrossover-MA_CROSS,BUY,MARKET,99999.99,1.03165,USD,2.06 USD,TAKER,6d21e7e8-1a94-462b-accf-02a0d259c5bf,2025-01-06 03:15:00+00:00,2025-01-06 03:15:00+00:00,{},False
BACKTESTER-001,MovingAverageCrossover-MA_CROSS,EUR/USD.IDEALPRO,IDEALPRO-1-006,IDEALPRO-001,IDEALPRO-1-3408,EUR/USD.IDEALPRO-MovingAverageCrossover-MA_CROSS,SELL,LIMIT,0.01,1.03664,USD,0.00 USD,MAKER,19198920-26fa-497a-8864-0526ed03e1d7,2025-01-06 09:11:00+00:00,2025-01-06 09:11:00+00:00,{},False
BACKTESTER-001,MovingAverageCrossover-MA_CROSS,EUR/USD.IDEALPRO,IDEALPRO-1-006,IDEALPRO-001,IDEALPRO-1-3409,EUR/USD.IDEALPRO-MovingAverageCrossover-MA_CROSS,SELL,LIMIT,99999.99,1.03664,USD,2.07 USD,MAKER,2266afb0-278f-433a-bdb0-d9c8c99941aa,2025-01-06 09:11:00+00:00,2025-01-06 09:11:00+00:00,{},False
BACKTESTER-001,MovingAverageCrossover-MA_CROSS,EUR/USD.IDEALPRO,IDEALPRO-1-007,IDEALPRO-001,IDEALPRO-1-5994,EUR/USD.IDEALPRO-MovingAverageCrossover-MA_CROSS,SELL,MARKET,0.01,1.03478,USD,0.00 USD,TAKER,80feaf10-abf1-4a4b-80b5-f5313c9f957d,2025-01-08 04:45:00+00:00,2025-01-08 04:45:00+00:00,{},False
BACKTESTER-001,MovingAverageCrossover-MA_CROSS,EUR/USD.IDEALPRO,IDEALPRO-1-007,IDEALPRO-001,IDEALPRO-1-5995,EUR/USD.IDEALPRO-MovingAverageCrossover-MA_CROSS,SELL,MARKET,99999.99,1.03477,USD,2.07 USD,TAKER,2fc186ae-58a3-4d80-85cb-e1a3adf20584,2025-01-08 04:45:00+00:00,2025-01-08 04:45:00+00:00,{},False
BACKTESTER-001,MovingAverageCrossover-MA_CROSS,EUR/USD.IDEALPRO,IDEALPRO-1-009,IDEALPRO-001,IDEALPRO-1-6402,EUR/USD.IDEALPRO-MovingAverageCrossover-MA_CROSS,BUY,LIMIT,0.01,1.02978,USD,0.00 USD,MAKER,ba46aae1-16f1-420e-9ed1-e1ec8b96f5a5,2025-01-08 11:31:00+00:00,2025-01-08 11:31:00+00:00,{},False
BACKTESTER-001,MovingAverageCrossover-MA_CROSS,EUR/USD.IDEALPRO,IDEALPRO-1-009,IDEALPRO-001,IDEALPRO-1-6403,EUR/USD.IDEALPRO-MovingAverageCrossover-MA_CROSS,BUY,LIMIT,99999.99,1.02978,USD,2.06 USD,MAKER,1dd83eaa-3f73-4849-8822-15746fcd96f5,2025-01-08 11:31:00+00:00,2025-01-08 11:31:00+00:00,{},False
BACKTESTER-001,MovingAverageCrossover-MA_CROSS,EUR/USD.IDEALPRO,IDEALPRO-1-010,IDEALPRO-001,IDEALPRO-1-12298,EUR/USD.IDEALPRO-MovingAverageCrossover-MA_CROSS,BUY,MARKET,0.01,1.02685,USD,0.00 USD,TAKER,9248b15f-a3fa-4c0d-a14c-6ba051a64bdb,2025-01-14 14:45:00+00:00,2025-01-14 14:45:00+00:00,{},False
BACKTESTER-001,MovingAverageCrossover-MA_CROSS,EUR/USD.IDEALPRO,IDEALPRO-1-010,IDEALPRO-001,IDEALPRO-1-12299,EUR/USD.IDEALPRO-MovingAverageCrossover-MA_CROSS,BUY,MARKET,99999.99,1.02686,USD,2.05 USD,TAKER,a4232442-b86b-48a5-bf90-ba7741b5586f,2025-01-14 14:45:00+00:00,2025-01-14 14:45:00+00:00,{},False
BACKTESTER-001,MovingAverageCrossover-MA_CROSS,EUR/USD.IDEALPRO,IDEALPRO-1-012,IDEALPRO-001,IDEALPRO-1-13651,EUR/USD.IDEALPRO-MovingAverageCrossover-MA_CROSS,SELL,LIMIT,0.01,1.03185,USD,0.00 USD,MAKER,dd5723d1-d863-4e7a-b87d-cafd8551b4d9,2025-01-15 13:31:00+00:00,2025-01-15 13:31:00+00:00,{},False
BACKTESTER-001,MovingAverageCrossover-MA_CROSS,EUR/USD.IDEALPRO,IDEALPRO-1-012,IDEALPRO-001,IDEALPRO-1-13652,EUR/USD.IDEALPRO-MovingAverageCrossover-MA_CROSS,SELL,LIMIT,99999.99,1.03185,USD,2.06 USD,MAKER,3a53392a-1e7e-4065-8c57-006b9ac31e02,2025-01-15 13:31:00+00:00,2025-01-15 13:31:00+00:00,{},False
BACKTESTER-001,MovingAverageCrossover-MA_CROSS,EUR/USD.IDEALPRO,IDEALPRO-1-013,IDEALPRO-001,IDEALPRO-1-16502,EUR/USD.IDEALPRO-MovingAverageCrossover-MA_CROSS,SELL,MARKET,0.01,1.02863,USD,0.00 USD,TAKER,ed511807-7982-42e8-87c3-49ef4aca9e77,2025-01-17 13:30:00+00:00,2025-01-17 13:30:00+00:00,{},False
BACKTESTER-001,MovingAverageCrossover-MA_CROSS,EUR/USD.IDEALPRO,IDEALPRO-1-013,IDEALPRO-001,IDEALPRO-1-16503,EUR/USD.IDEALPRO-MovingAverageCrossover-MA_CROSS,SELL,MARKET,99999.99,1.02862,USD,2.06 USD,TAKER,8e364597-ca81-44d1-a5f8-abc3c0ef1256,2025-01-17 13:30:00+00:00,2025-01-17 13:30:00+00:00,{},False
BACKTESTER-001,MovingAverageCrossover-MA_CROSS,EUR/USD.IDEALPRO,IDEALPRO-1-014,IDEALPRO-001,IDEALPRO-1-16600,EUR/USD.IDEALPRO-MovingAverageCrossover-MA_CROSS,BUY,STOP_MARKET,0.01,1.03223,USD,0.00 USD,TAKER,d1afe438-54ff-4971-b009-bef1bb66e6a2,2025-01-17 15:06:00+00:00,2025-01-17 15:06:00+00:00,{},False
BACKTESTER-001,MovingAverageCrossover-MA_CROSS,EUR/USD.IDEALPRO,IDEALPRO-1-014,IDEALPRO-001,IDEALPRO-1-16601,EUR/USD.IDEALPRO-MovingAverageCrossover-MA_CROSS,BUY,STOP_MARKET,99999.99,1.03224,USD,2.06 USD,TAKER,d253b2fb-4288-4dd1-a7d4-cf847e4c9cee,2025-01-17 15:06:00+00:00,2025-01-17 15:06:00+00:00,{},False
BACKTESTER-001,MovingAverageCrossover-MA_CROSS,EUR/USD.IDEALPRO,IDEALPRO-1-016,IDEALPRO-001,IDEALPRO-1-17676,EUR/USD.IDEALPRO-MovingAverageCrossover-MA_CROSS,BUY,MARKET,0.01,1.03136,USD,0.00 USD,TAKER,3cf7ac4a-7989-4645-95bd-2f97390060b9,2025-01-20 09:15:00+00:00,2025-01-20 09:15:00+00:00,{},False
BACKTESTER-001,MovingAverageCrossover-MA_CROSS,EUR/USD.IDEALPRO,IDEALPRO-1-016,IDEALPRO-001,IDEALPRO-1-17677,EUR/USD.IDEALPRO-MovingAverageCrossover-MA_CROSS,BUY,MARKET,99999.99,1.03137,USD,2.06 USD,TAKER,aa1264cf-bfa5-4bb2-a17d-d737eb21a916,2025-01-20 09:15:00+00:00,2025-01-20 09:15:00+00:00,{},False
BACKTESTER-001,MovingAverageCrossover-MA_CROSS,EUR/USD.IDEALPRO,IDEALPRO-1-018,IDEALPRO-001,IDEALPRO-1-17935,EUR/USD.IDEALPRO-MovingAverageCrossover-MA_CROSS,SELL,LIMIT,0.01,1.03636,USD,0.00 USD,MAKER,019b9fa3-2386-455a-a7f3-9cef27c69977,2025-01-20 13:32:00+00:00,2025-01-20 13:32:00+00:00,{},False
BACKTESTER-001,MovingAverageCrossover-MA_CROSS,EUR/USD.IDEALPRO,IDEALPRO-1-018,IDEALPRO-001,IDEALPRO-1-17936,EUR/USD.IDEALPRO-MovingAverageCrossover-MA_CROSS,SELL,LIMIT,99999.99,1.03636,USD,2.07 USD,MAKER,4b2dd1b7-b2e5-43ae-8231-226ceb2a6ebf,2025-01-20 13:32:00+00:00,2025-01-20 13:32:00+00:00,{},False
BACKTESTER-001,MovingAverageCrossover-MA_CROSS,EUR/USD.IDEALPRO,IDEALPRO-1-019,IDEALPRO-001,IDEALPRO-1-26035,EUR/USD.IDEALPRO-MovingAverageCrossover-MA_CROSS,SELL,MARKET,0.01,1.04364,USD,0.00 USD,TAKER,7b059667-5781-4f73-bea2-a7fbee7e076a,2025-01-28 06:00:00+00:00,2025-01-28 06:00:00+00:00,{},False
BACKTESTER-001,MovingAverageCrossover-MA_CROSS,EUR/USD.IDEALPRO,IDEALPRO-1-019,IDEALPRO-001,IDEALPRO-1-26036,EUR/USD.IDEALPRO-MovingAverageCrossover-MA_CROSS,SELL,MARKET,99999.99,1.04363,USD,2.09 USD,TAKER,f535e584-4b26-4099-b77a-a93f649bbd1d,2025-01-28 06:00:00+00:00,2025-01-28 06:00:00+00:00,{},False
BACKTESTER-001,MovingAverageCrossover-MA_CROSS,EUR/USD.IDEALPRO,IDEALPRO-1-021,IDEALPRO-001,IDEALPRO-1-27900,EUR/USD.IDEALPRO-MovingAverageCrossover-MA_CROSS,BUY,LIMIT,0.01,1.03864,USD,0.00 USD,MAKER,968df3c9-1d66-41aa-8f27-7ae14ede794f,2025-01-29 13:18:00+00:00,2025-01-29 13:18:00+00:00,{},False
BACKTESTER-001,MovingAverageCrossover-MA_CROSS,EUR/USD.IDEALPRO,IDEALPRO-1-021,IDEALPRO-001,IDEALPRO-1-27901,EUR/USD.IDEALPRO-MovingAverageCrossover-MA_CROSS,BUY,LIMIT,99999.99,1.03864,USD,2.08 USD,MAKER,2bfbddfb-174f-465c-91b9-a9fc56a2565f,2025-01-29 13:18:00+00:00,2025-01-29 13:18:00+00:00,{},False
BACKTESTER-001,MovingAverageCrossover-MA_CROSS,EUR/USD.IDEALPRO,IDEALPRO-1-022,IDEALPRO-001,IDEALPRO-1-33764,EUR/USD.IDEALPRO-MovingAverageCrossover-MA_CROSS,BUY,MARKET,0.01,1.03801,USD,0.00 USD,TAKER,a98fed59-7b94-4e40-b798-3e6bc23e52d4,2025-02-04 16:00:00+00:00,2025-02-04 16:00:00+00:00,{},False
BACKTESTER-001,MovingAverageCrossover-MA_CROSS,EUR/USD.IDEALPRO,IDEALPRO-1-022,IDEALPRO-001,IDEALPRO-1-33765,EUR/USD.IDEALPRO-MovingAverageCrossover-MA_CROSS,BUY,MARKET,99999.99,1.03802,USD,2.08 USD,TAKER,e504ff6f-d63e-4812-89e3-a11638481a63,2025-02-04 16:00:00+00:00,2025-02-04 16:00:00+00:00,{},False
BACKTESTER-001,MovingAverageCrossover-MA_CROSS,EUR/USD.IDEALPRO,IDEALPRO-1-024,IDEALPRO-001,IDEALPRO-1-34882,EUR/USD.IDEALPRO-MovingAverageCrossover-MA_CROSS,SELL,LIMIT,0.01,1.04301,USD,0.00 USD,MAKER,832f1e5f-c42b-477d-b8c6-e3c1fe1cb1cd,2025-02-05 10:51:00+00:00,2025-02-05 10:51:00+00:00,{},False
BACKTESTER-001,MovingAverageCrossover-MA_CROSS,EUR/USD.IDEALPRO,IDEALPRO-1-024,IDEALPRO-001,IDEALPRO-1-34883,EUR/USD.IDEALPRO-MovingAverageCrossover-MA_CROSS,SELL,LIMIT,99999.99,1.04301,USD,2.09 USD,MAKER,5561b34d-b779-4459-b137-3076e2b16c01,2025-02-05 10:51:00+00:00,2025-02-05 10:51:00+00:00,{},False
BACKTESTER-001,MovingAverageCrossover-MA_CROSS,EUR/USD.IDEALPRO,IDEALPRO-1-025,IDEALPRO-001,IDEALPRO-1-36963,EUR/USD.IDEALPRO-MovingAverageCrossover-MA_CROSS,SELL,MARKET,0.01,1.03856,USD,0.00 USD,TAKER,4588a587-f142-4533-b429-156e59becdd3,2025-02-06 21:45:00+00:00,2025-02-06 21:45:00+00:00,{},False
BACKTESTER-001,MovingAverageCrossover-MA_CROSS,EUR/USD.IDEALPRO,IDEALPRO-1-025,IDEALPRO-001,IDEALPRO-1-36964,EUR/USD.IDEALPRO-MovingAverageCrossover-MA_CROSS,SELL,MARKET,99999.99,1.03855,USD,2.08 USD,TAKER,51890c11-b29b-4957-b610-374e4cfb09df,2025-02-06 21:45:00+00:00,2025-02-06 21:45:00+00:00,{},False
BACKTESTER-001,MovingAverageCrossover-MA_CROSS,EUR/USD.IDEALPRO,IDEALPRO-1-028,IDEALPRO-001,IDEALPRO-1-37070,EUR/USD.IDEALPRO-MovingAverageCrossover-MA_CROSS,BUY,MARKET,0.01,1.03855,USD,0.00 USD,TAKER,b7e239fe-1b39-4960-bbdf-8536757b5b1e,2025-02-06 23:45:00+00:00,2025-02-06 23:45:00+00:00,{},False
BACKTESTER-001,MovingAverageCrossover-MA_CROSS,EUR/USD.IDEALPRO,IDEALPRO-1-028,IDEALPRO-001,IDEALPRO-1-37071,EUR/USD.IDEALPRO-MovingAverageCrossover-MA_CROSS,BUY,MARKET,99999.99,1.03856,USD,2.08 USD,TAKER,68941c72-5e4b-4b49-924a-aec2fc9df3b4,2025-02-06 23:45:00+00:00,2025-02-06 23:45:00+00:00,{},False
BACKTESTER-001,MovingAverageCrossover-MA_CROSS,EUR/USD.IDEALPRO,IDEALPRO-1-029,IDEALPRO-001,IDEALPRO-1-37717,EUR/USD.IDEALPRO-MovingAverageCrossover-MA_CROSS,SELL,MARKET,0.01,1.03880,USD,0.00 USD,TAKER,0682bbec-9a73-427d-8083-0d3d00788f9e,2025-02-07 10:30:00+00:00,2025-02-07 10:30:00+00:00,{},False
BACKTESTER-001,MovingAverageCrossover-MA_CROSS,EUR/USD.IDEALPRO,IDEALPRO-1-029,IDEALPRO-001,IDEALPRO-1-37718,EUR/USD.IDEALPRO-MovingAverageCrossover-MA_CROSS,SELL,MARKET,99999.99,1.03879,USD,2.08 USD,TAKER,23d97aca-0f7c-4092-a3a2-e8c41089d8cb,2025-02-07 10:30:00+00:00,2025-02-07 10:30:00+00:00,{},False
BACKTESTER-001,MovingAverageCrossover-MA_CROSS,EUR/USD.IDEALPRO,IDEALPRO-1-031,IDEALPRO-001,IDEALPRO-1-38044,EUR/USD.IDEALPRO-MovingAverageCrossover-MA_CROSS,BUY,LIMIT,0.01,1.03380,USD,0.00 USD,MAKER,2256d1ca-badc-4a9d-ba5f-971b2b7af263,2025-02-07 15:55:00+00:00,2025-02-07 15:55:00+00:00,{},False
BACKTESTER-001,MovingAverageCrossover-MA_CROSS,EUR/USD.IDEALPRO,IDEALPRO-1-031,IDEALPRO-001,IDEALPRO-1-38045,EUR/USD.IDEALPRO-MovingAverageCrossover-MA_CROSS,BUY,LIMIT,99999.99,1.03380,USD,2.07 USD,MAKER,534cab65-23f1-4c0f-9a3b-d72861ad9c57,2025-02-07 15:55:00+00:00,2025-02-07 15:55:00+00:00,{},False
BACKTESTER-001,MovingAverageCrossover-MA_CROSS,EUR/USD.IDEALPRO,IDEALPRO-1-032,IDEALPRO-001,IDEALPRO-1-41171,EUR/USD.IDEALPRO-MovingAverageCrossover-MA_CROSS,BUY,MARKET,0.01,1.03622,USD,0.00 USD,TAKER,77906289-3f34-447d-8e82-575586cf5c22,2025-02-11 20:30:00+00:00,2025-02-11 20:30:00+00:00,{},False
BACKTESTER-001,MovingAverageCrossover-MA_CROSS,EUR/USD.IDEALPRO,IDEALPRO-1-032,IDEALPRO-001,IDEALPRO-1-41172,EUR/USD.IDEALPRO-MovingAverageCrossover-MA_CROSS,BUY,MARKET,99999.99,1.03623,USD,2.07 USD,TAKER,63634e1b-39f0-4e54-b8ba-ac8e3d136578,2025-02-11 20:30:00+00:00,2025-02-11 20:30:00+00:00,{},False
BACKTESTER-001,MovingAverageCrossover-MA_CROSS,EUR/USD.IDEALPRO,IDEALPRO-1-033,IDEALPRO-001,IDEALPRO-1-42179,EUR/USD.IDEALPRO-MovingAverageCrossover-MA_CROSS,SELL,STOP_MARKET,0.01,1.03262,USD,0.00 USD,TAKER,befa93d8-00a5-4d07-a70e-e4b5515c2645,2025-02-12 13:31:00+00:00,2025-02-12 13:31:00+00:00,{},False
BACKTESTER-001,MovingAverageCrossover-MA_CROSS,EUR/USD.IDEALPRO,IDEALPRO-1-033,IDEALPRO-001,IDEALPRO-1-42180,EUR/USD.IDEALPRO-MovingAverageCrossover-MA_CROSS,SELL,STOP_MARKET,99999.99,1.03261,USD,2.07 USD,TAKER,0f84dbde-4938-4e7a-823a-0e2a55b52587,2025-02-12 13:31:00+00:00,2025-02-12 13:31:00+00:00,{},False
BACKTESTER-001,MovingAverageCrossover-MA_CROSS,EUR/USD.IDEALPRO,IDEALPRO-1-035,IDEALPRO-001,IDEALPRO-1-47610,EUR/USD.IDEALPRO-MovingAverageCrossover-MA_CROSS,SELL,MARKET,0.01,1.04568,USD,0.00 USD,TAKER,00e1c7dd-325c-408e-ac96-2afb2ffa48f6,2025-02-18 09:00:00+00:00,2025-02-18 09:00:00+00:00,{},False
BACKTESTER-001,MovingAverageCrossover-MA_CROSS,EUR/USD.IDEALPRO,IDEALPRO-1-035,IDEALPRO-001,IDEALPRO-1-47611,EUR/USD.IDEALPRO-MovingAverageCrossover-MA_CROSS,SELL,MARKET,99999.99,1.04567,USD,2.09 USD,TAKER,7c453b02-d36c-4775-a2f6-463757700bf4,2025-02-18 09:00:00+00:00,2025-02-18 09:00:00+00:00,{},False
BACKTESTER-001,MovingAverageCrossover-MA_CROSS,EUR/USD.IDEALPRO,IDEALPRO-1-037,IDEALPRO-001,IDEALPRO-1-49478,EUR/USD.IDEALPRO-MovingAverageCrossover-MA_CROSS,BUY,LIMIT,0.01,1.04068,USD,0.00 USD,MAKER,ff4b8710-8a65-4d7f-afe0-e6ef533db12c,2025-02-19 16:21:00+00:00,2025-02-19 16:21:00+00:00,{},False
BACKTESTER-001,MovingAverageCrossover-MA_CROSS,EUR/USD.IDEALPRO,IDEALPRO-1-037,IDEALPRO-001,IDEALPRO-1-49479,EUR/USD.IDEALPRO-MovingAverageCrossover-MA_CROSS,BUY,LIMIT,99999.99,1.04068,USD,2.08 USD,MAKER,2ce14730-6954-46be-9b43-f2529457c3c0,2025-02-19 16:21:00+00:00,2025-02-19 16:21:00+00:00,{},False
BACKTESTER-001,MovingAverageCrossover-MA_CROSS,EUR/USD.IDEALPRO,IDEALPRO-1-038,IDEALPRO-001,IDEALPRO-1-50989,EUR/USD.IDEALPRO-MovingAverageCrossover-MA_CROSS,BUY,MARKET,0.01,1.04942,USD,0.00 USD,TAKER,5e4a667e-15b4-46d3-b63a-872d5e038f6a,2025-02-20 17:45:00+00:00,2025-02-20 17:45:00+00:00,{},False
BACKTESTER-001,MovingAverageCrossover-MA_CROSS,EUR/USD.IDEALPRO,IDEALPRO-1-038,IDEALPRO-001,IDEALPRO-1-50990,EUR/USD.IDEALPRO-MovingAverageCrossover-MA_CROSS,BUY,MARKET,99999.99,1.04943,USD,2.10 USD,TAKER,acb94f93-f3dc-4ded-9c4d-a470be950479,2025-02-20 17:45:00+00:00,2025-02-20 17:45:00+00:00,{},False
BACKTESTER-001,MovingAverageCrossover-MA_CROSS,EUR/USD.IDEALPRO,IDEALPRO-1-039,IDEALPRO-001,IDEALPRO-1-52275,EUR/USD.IDEALPRO-MovingAverageCrossover-MA_CROSS,SELL,STOP_MARKET,0.01,1.04582,USD,0.00 USD,TAKER,a8a777a0-0377-47b3-9e02-8bf0a3c8ef91,2025-02-21 15:24:00+00:00,2025-02-21 15:24:00+00:00,{},False
BACKTESTER-001,MovingAverageCrossover-MA_CROSS,EUR/USD.IDEALPRO,IDEALPRO-1-039,IDEALPRO-001,IDEALPRO-1-52276,EUR/USD.IDEALPRO-MovingAverageCrossover-MA_CROSS,SELL,STOP_MARKET,99999.99,1.04581,USD,2.09 USD,TAKER,a3cb3f0e-41ee-46d5-9199-6a648d8e1259,2025-02-21 15:24:00+00:00,2025-02-21 15:24:00+00:00,{},False
BACKTESTER-001,MovingAverageCrossover-MA_CROSS,EUR/USD.IDEALPRO,IDEALPRO-1-041,IDEALPRO-001,IDEALPRO-1-54068,EUR/USD.IDEALPRO-MovingAverageCrossover-MA_CROSS,SELL,MARKET,0.01,1.04641,USD,0.00 USD,TAKER,44e2b49c-f698-4624-a644-acd04e7b52fa,2025-02-24 21:30:00+00:00,2025-02-24 21:30:00+00:00,{},False
BACKTESTER-001,MovingAverageCrossover-MA_CROSS,EUR/USD.IDEALPRO,IDEALPRO-1-041,IDEALPRO-001,IDEALPRO-1-54069,EUR/USD.IDEALPRO-MovingAverageCrossover-MA_CROSS,SELL,MARKET,99999.99,1.04640,USD,2.09 USD,TAKER,188c884a-9b49-4051-8427-d8b36d44232b,2025-02-24 21:30:00+00:00,2025-02-24 21:30:00+00:00,{},False
BACKTESTER-001,MovingAverageCrossover-MA_CROSS,EUR/USD.IDEALPRO,IDEALPRO-1-042,IDEALPRO-001,IDEALPRO-1-54950,EUR/USD.IDEALPRO-MovingAverageCrossover-MA_CROSS,BUY,STOP_MARKET,0.01,1.05001,USD,0.00 USD,TAKER,e0587d06-a43b-4761-afd9-3db0a87705ed,2025-02-25 12:25:00+00:00,2025-02-25 12:25:00+00:00,{},False
BACKTESTER-001,MovingAverageCrossover-MA_CROSS,EUR/USD.IDEALPRO,IDEALPRO-1-042,IDEALPRO-001,IDEALPRO-1-54951,EUR/USD.IDEALPRO-MovingAverageCrossover-MA_CROSS,BUY,STOP_MARKET,99999.99,1.05002,USD,2.10 USD,TAKER,0348ea51-8dd1-46ca-b3db-01da424f0ad0,2025-02-25 12:25:00+00:00,2025-02-25 12:25:00+00:00,{},False
BACKTESTER-001,MovingAverageCrossover-MA_CROSS,EUR/USD.IDEALPRO,IDEALPRO-1-044,IDEALPRO-001,IDEALPRO-1-55137,EUR/USD.IDEALPRO-MovingAverageCrossover-MA_CROSS,BUY,MARKET,0.01,1.05177,USD,0.00 USD,TAKER,f6a56f3f-fcf2-4a46-bcef-5d4d31b14327,2025-02-25 15:30:00+00:00,2025-02-25 15:30:00+00:00,{},False
BACKTESTER-001,MovingAverageCrossover-MA_CROSS,EUR/USD.IDEALPRO,IDEALPRO-1-044,IDEALPRO-001,IDEALPRO-1-55138,EUR/USD.IDEALPRO-MovingAverageCrossover-MA_CROSS,BUY,MARKET,99999.99,1.05178,USD,2.10 USD,TAKER,6e487d2b-6845-40bd-a846-00912659de88,2025-02-25 15:30:00+00:00,2025-02-25 15:30:00+00:00,{},False
BACKTESTER-001,MovingAverageCrossover-MA_CROSS,EUR/USD.IDEALPRO,IDEALPRO-1-045,IDEALPRO-001,IDEALPRO-1-56407,EUR/USD.IDEALPRO-MovingAverageCrossover-MA_CROSS,SELL,STOP_MARKET,0.01,1.04817,USD,0.00 USD,TAKER,77c56096-d47d-461c-ab1d-9dbadc3b8e9b,2025-02-26 12:53:00+00:00,2025-02-26 12:53:00+00:00,{},False
BACKTESTER-001,MovingAverageCrossover-MA_CROSS,EUR/USD.IDEALPRO,IDEALPRO-1-045,IDEALPRO-001,IDEALPRO-1-56408,EUR/USD.IDEALPRO-MovingAverageCrossover-MA_CROSS,SELL,STOP_MARKET,99999.99,1.04816,USD,2.10 USD,TAKER,f77f0daa-2fd6-4d6f-af60-b505f435df01,2025-02-26 12:53:00+00:00,2025-02-26 12:53:00+00:00,{},False
BACKTESTER-001,MovingAverageCrossover-MA_CROSS,EUR/USD.IDEALPRO,IDEALPRO-1-047,IDEALPRO-001,IDEALPRO-1-57286,EUR/USD.IDEALPRO-MovingAverageCrossover-MA_CROSS,SELL,MARKET,0.01,1.04722,USD,0.00 USD,TAKER,fab4902c-c4b8-4947-937f-bf920a65c040,2025-02-27 03:45:00+00:00,2025-02-27 03:45:00+00:00,{},False
BACKTESTER-001,MovingAverageCrossover-MA_CROSS,EUR/USD.IDEALPRO,IDEALPRO-1-047,IDEALPRO-001,IDEALPRO-1-57287,EUR/USD.IDEALPRO-MovingAverageCrossover-MA_CROSS,SELL,MARKET,99999.99,1.04721,USD,2.09 USD,TAKER,b628a99d-bfb6-4d5d-b098-373d4417195d,2025-02-27 03:45:00+00:00,2025-02-27 03:45:00+00:00,{},False
BACKTESTER-001,MovingAverageCrossover-MA_CROSS,EUR/USD.IDEALPRO,IDEALPRO-1-049,IDEALPRO-001,IDEALPRO-1-57901,EUR/USD.IDEALPRO-MovingAverageCrossover-MA_CROSS,BUY,LIMIT,0.01,1.04222,USD,0.00 USD,MAKER,9cb9d3d0-3ad0-4334-9455-a7aef1ebd71f,2025-02-27 13:58:00+00:00,2025-02-27 13:58:00+00:00,{},False
BACKTESTER-001,MovingAverageCrossover-MA_CROSS,EUR/USD.IDEALPRO,IDEALPRO-1-049,IDEALPRO-001,IDEALPRO-1-57902,EUR/USD.IDEALPRO-MovingAverageCrossover-MA_CROSS,BUY,LIMIT,99999.99,1.04222,USD,2.08 USD,MAKER,ecff339d-abfc-4475-bb49-5970c5c73d35,2025-02-27 13:58:00+00:00,2025-02-27 13:58:00+00:00,{},False
BACKTESTER-001,MovingAverageCrossover-MA_CROSS,EUR/USD.IDEALPRO,IDEALPRO-1-050,IDEALPRO-001,IDEALPRO-1-60785,EUR/USD.IDEALPRO-MovingAverageCrossover-MA_CROSS,BUY,MARKET,0.01,1.04846,USD,0.00 USD,TAKER,abf97ffb-78c0-4280-b759-91945cf5fa4c,2025-03-03 14:30:00+00:00,2025-03-03 14:30:00+00:00,{},False
BACKTESTER-001,MovingAverageCrossover-MA_CROSS,EUR/USD.IDEALPRO,IDEALPRO-1-050,IDEALPRO-001,IDEALPRO-1-60786,EUR/USD.IDEALPRO-MovingAverageCrossover-MA_CROSS,BUY,MARKET,99999.99,1.04847,USD,2.10 USD,TAKER,c3784818-2623-4357-86e9-c91d03e9c55b,2025-03-03 14:30:00+00:00,2025-03-03 14:30:00+00:00,{},False
BACKTESTER-001,MovingAverageCrossover-MA_CROSS,EUR/USD.IDEALPRO,IDEALPRO-1-052,IDEALPRO-001,IDEALPRO-1-62054,EUR/USD.IDEALPRO-MovingAverageCrossover-MA_CROSS,SELL,LIMIT,0.01,1.05346,USD,0.00 USD,MAKER,5c9f90b1-cc11-4d8f-9f43-7f8cc02b4132,2025-03-04 11:52:00+00:00,2025-03-04 11:52:00+00:00,{},False
BACKTESTER-001,MovingAverageCrossover-MA_CROSS,EUR/USD.IDEALPRO,IDEALPRO-1-052,IDEALPRO-001,IDEALPRO-1-62055,EUR/USD.IDEALPRO-MovingAverageCrossover-MA_CROSS,SELL,LIMIT,99999.99,1.05346,USD,2.11 USD,MAKER,fe001337-b2d7-46be-ad4f-83d785e4a5c4,2025-03-04 11:52:00+00:00,2025-03-04 11:52:00+00:00,{},False
BACKTESTER-001,MovingAverageCrossover-MA_CROSS,EUR/USD.IDEALPRO,IDEALPRO-1-053,IDEALPRO-001,IDEALPRO-1-71964,EUR/USD.IDEALPRO-MovingAverageCrossover-MA_CROSS,SELL,MARKET,0.01,1.08732,USD,0.00 USD,TAKER,b146e1ec-4071-4be0-a78f-722579495e2d,2025-03-13 09:45:00+00:00,2025-03-13 09:45:00+00:00,{},False
BACKTESTER-001,MovingAverageCrossover-MA_CROSS,EUR/USD.IDEALPRO,IDEALPRO-1-053,IDEALPRO-001,IDEALPRO-1-71965,EUR/USD.IDEALPRO-MovingAverageCrossover-MA_CROSS,SELL,MARKET,99999.99,1.08731,USD,2.17 USD,TAKER,6295186c-90c5-4fe8-a0e5-a683aa192a68,2025-03-13 09:45:00+00:00,2025-03-13 09:45:00+00:00,{},False
BACKTESTER-001,MovingAverageCrossover-MA_CROSS,EUR/USD.IDEALPRO,IDEALPRO-1-055,IDEALPRO-001,IDEALPRO-1-72176,EUR/USD.IDEALPRO-MovingAverageCrossover-MA_CROSS,BUY,LIMIT,0.01,1.08232,USD,0.00 USD,MAKER,4ee18934-10b9-4b89-b7d0-a163ee4a61fa,2025-03-13 13:15:00+00:00,2025-03-13 13:15:00+00:00,{},False
BACKTESTER-001,MovingAverageCrossover-MA_CROSS,EUR/USD.IDEALPRO,IDEALPRO-1-055,IDEALPRO-001,IDEALPRO-1-72177,EUR/USD.IDEALPRO-MovingAverageCrossover-MA_CROSS,BUY,LIMIT,99999.99,1.08232,USD,2.16 USD,MAKER,8e2216e9-4af6-4492-b073-70304fd97a63,2025-03-13 13:15:00+00:00,2025-03-13 13:15:00+00:00,{},False
BACKTESTER-001,MovingAverageCrossover-MA_CROSS,EUR/USD.IDEALPRO,IDEALPRO-1-056,IDEALPRO-001,IDEALPRO-1-73993,EUR/USD.IDEALPRO-MovingAverageCrossover-MA_CROSS,BUY,MARKET,0.01,1.08818,USD,0.00 USD,TAKER,7f512233-526a-40db-88c3-9583560d47f7,2025-03-14 19:45:00+00:00,2025-03-14 19:45:00+00:00,{},False
BACKTESTER-001,MovingAverageCrossover-MA_CROSS,EUR/USD.IDEALPRO,IDEALPRO-1-056,IDEALPRO-001,IDEALPRO-1-73994,EUR/USD.IDEALPRO-MovingAverageCrossover-MA_CROSS,BUY,MARKET,99999.99,1.08819,USD,2.18 USD,TAKER,b8830462-bacd-4d1a-8851-f73264b3f517,2025-03-14 19:45:00+00:00,2025-03-14 19:45:00+00:00,{},False
BACKTESTER-001,MovingAverageCrossover-MA_CROSS,EUR/USD.IDEALPRO,IDEALPRO-1-058,IDEALPRO-001,IDEALPRO-1-76139,EUR/USD.IDEALPRO-MovingAverageCrossover-MA_CROSS,SELL,LIMIT,0.01,1.09318,USD,0.00 USD,MAKER,2eb6a666-c4ad-4740-ac16-6a398efb07d1,2025-03-18 07:59:00+00:00,2025-03-18 07:59:00+00:00,{},False
BACKTESTER-001,MovingAverageCrossover-MA_CROSS,EUR/USD.IDEALPRO,IDEALPRO-1-058,IDEALPRO-001,IDEALPRO-1-76140,EUR/USD.IDEALPRO-MovingAverageCrossover-MA_CROSS,SELL,LIMIT,99999.99,1.09318,USD,2.19 USD,MAKER,b9bdda93-6970-4c38-86f0-d22664f6857c,2025-03-18 07:59:00+00:00,2025-03-18 07:59:00+00:00,{},False
BACKTESTER-001,MovingAverageCrossover-MA_CROSS,EUR/USD.IDEALPRO,IDEALPRO-1-059,IDEALPRO-001,IDEALPRO-1-77972,EUR/USD.IDEALPRO-MovingAverageCrossover-MA_CROSS,SELL,MARKET,0.01,1.08965,USD,0.00 USD,TAKER,17d684af-8a2b-40de-a308-fa9aeeecca5b,2025-03-19 14:45:00+00:00,2025-03-19 14:45:00+00:00,{},False
BACKTESTER-001,MovingAverageCrossover-MA_CROSS,EUR/USD.IDEALPRO,IDEALPRO-1-059,IDEALPRO-001,IDEALPRO-1-77973,EUR/USD.IDEALPRO-MovingAverageCrossover-MA_CROSS,SELL,MARKET,99999.99,1.08964,USD,2.18 USD,TAKER,b152f3cd-f914-4674-af1c-ed9acc3e77d7,2025-03-19 14:45:00+00:00,2025-03-19 14:45:00+00:00,{},False
BACKTESTER-001,MovingAverageCrossover-MA_CROSS,EUR/USD.IDEALPRO,IDEALPRO-1-061,IDEALPRO-001,IDEALPRO-1-79079,EUR/USD.IDEALPRO-MovingAverageCrossover-MA_CROSS,BUY,LIMIT,0.01,1.08465,USD,0.00 USD,MAKER,b8743bfc-46d5-4ad4-bc01-b869e8de503f,2025-03-20 09:25:00+00:00,2025-03-20 09:25:00+00:00,{},False
BACKTESTER-001,MovingAverageCrossover-MA_CROSS,EUR/USD.IDEALPRO,IDEALPRO-1-061,IDEALPRO-001,IDEALPRO-1-79080,EUR/USD.IDEALPRO-MovingAverageCrossover-MA_CROSS,BUY,LIMIT,99999.99,1.08465,USD,2.17 USD,MAKER,162e0541-4ab6-4b16-822c-877eabf0cfe6,2025-03-20 09:25:00+00:00,2025-03-20 09:25:00+00:00,{},False
BACKTESTER-001,MovingAverageCrossover-MA_CROSS,EUR/USD.IDEALPRO,IDEALPRO-1-062,IDEALPRO-001,IDEALPRO-1-86886,EUR/USD.IDEALPRO-MovingAverageCrossover-MA_CROSS,BUY,MARKET,0.01,1.07992,USD,0.00 USD,TAKER,68719a04-18e1-44ad-b1fc-773c79c1edc3,2025-03-27 20:45:00+00:00,2025-03-27 20:45:00+00:00,{},False
BACKTESTER-001,MovingAverageCrossover-MA_CROSS,EUR/USD.IDEALPRO,IDEALPRO-1-062,IDEALPRO-001,IDEALPRO-1-86887,EUR/USD.IDEALPRO-MovingAverageCrossover-MA_CROSS,BUY,MARKET,99999.99,1.07993,USD,2.16 USD,TAKER,3ee33c5e-62c6-4a0c-82b3-17d9ae2ee071,2025-03-27 20:45:00+00:00,2025-03-27 20:45:00+00:00,{},False
BACKTESTER-001,MovingAverageCrossover-MA_CROSS,EUR/USD.IDEALPRO,IDEALPRO-1-064,IDEALPRO-001,IDEALPRO-1-88921,EUR/USD.IDEALPRO-MovingAverageCrossover-MA_CROSS,SELL,LIMIT,0.01,1.08492,USD,0.00 USD,MAKER,504d239b-25a2-465f-9bca-97298bb2419f,2025-03-31 07:08:00+00:00,2025-03-31 07:08:00+00:00,{},False
BACKTESTER-001,MovingAverageCrossover-MA_CROSS,EUR/USD.IDEALPRO,IDEALPRO-1-064,IDEALPRO-001,IDEALPRO-1-88922,EUR/USD.IDEALPRO-MovingAverageCrossover-MA_CROSS,SELL,LIMIT,99999.99,1.08492,USD,2.17 USD,MAKER,485d5274-b2e3-426b-8a25-b8dd9f870b98,2025-03-31 07:08:00+00:00,2025-03-31 07:08:00+00:00,{},False
BACKTESTER-001,MovingAverageCrossover-MA_CROSS,EUR/USD.IDEALPRO,IDEALPRO-1-065,IDEALPRO-001,IDEALPRO-1-90715,EUR/USD.IDEALPRO-MovingAverageCrossover-MA_CROSS,SELL,MARKET,0.01,1.07848,USD,0.00 USD,TAKER,b353f668-8c37-4b21-b34f-217fd8a38d81,2025-04-01 13:15:00+00:00,2025-04-01 13:15:00+00:00,{},False
BACKTESTER-001,MovingAverageCrossover-MA_CROSS,EUR/USD.IDEALPRO,IDEALPRO-1-065,IDEALPRO-001,IDEALPRO-1-90716,EUR/USD.IDEALPRO-MovingAverageCrossover-MA_CROSS,SELL,MARKET,99999.99,1.07847,USD,2.16 USD,TAKER,0a5f4fe5-acfd-4178-ba6c-428afb6a4e15,2025-04-01 13:15:00+00:00,2025-04-01 13:15:00+00:00,{},False
BACKTESTER-001,MovingAverageCrossover-MA_CROSS,EUR/USD.IDEALPRO,IDEALPRO-1-066,IDEALPRO-001,IDEALPRO-1-92128,EUR/USD.IDEALPRO-MovingAverageCrossover-MA_CROSS,BUY,STOP_MARKET,0.01,1.08208,USD,0.00 USD,TAKER,574be885-7a38-44af-8303-0ef89a94d0b0,2025-04-02 13:01:00+00:00,2025-04-02 13:01:00+00:00,{},False
BACKTESTER-001,MovingAverageCrossover-MA_CROSS,EUR/USD.IDEALPRO,IDEALPRO-1-066,IDEALPRO-001,IDEALPRO-1-92129,EUR/USD.IDEALPRO-MovingAverageCrossover-MA_CROSS,BUY,STOP_MARKET,99999.99,1.08209,USD,2.16 USD,TAKER,6a789180-d12c-4791-b428-d18421b37cde,2025-04-02 13:01:00+00:00,2025-04-02 13:01:00+00:00,{},False
BACKTESTER-001,MovingAverageCrossover-MA_CROSS,EUR/USD.IDEALPRO,IDEALPRO-1-068,IDEALPRO-001,IDEALPRO-1-92384,EUR/USD.IDEALPRO-MovingAverageCrossover-MA_CROSS,BUY,MARKET,0.01,1.08543,USD,0.00 USD,TAKER,95a714ea-2eda-412a-a4a3-9ac730007b91,2025-04-02 17:15:00+00:00,2025-04-02 17:15:00+00:00,{},False
BACKTESTER-001,MovingAverageCrossover-MA_CROSS,EUR/USD.IDEALPRO,IDEALPRO-1-068,IDEALPRO-001,IDEALPRO-1-92385,EUR/USD.IDEALPRO-MovingAverageCrossover-MA_CROSS,BUY,MARKET,99999.99,1.08544,USD,2.17 USD,TAKER,e18c2f8a-6f01-483f-9961-8a776d798062,2025-04-02 17:15:00+00:00,2025-04-02 17:15:00+00:00,{},False
BACKTESTER-001,MovingAverageCrossover-MA_CROSS,EUR/USD.IDEALPRO,IDEALPRO-1-070,IDEALPRO-001,IDEALPRO-1-92569,EUR/USD.IDEALPRO-MovingAverageCrossover-MA_CROSS,SELL,LIMIT,0.01,1.09043,USD,0.00 USD,MAKER,ba9b6cb6-b9ad-471a-9f8f-42f861477e58,2025-04-02 20:18:00+00:00,2025-04-02 20:18:00+00:00,{},False
BACKTESTER-001,MovingAverageCrossover-MA_CROSS,EUR/USD.IDEALPRO,IDEALPRO-1-070,IDEALPRO-001,IDEALPRO-1-92570,EUR/USD.IDEALPRO-MovingAverageCrossover-MA_CROSS,SELL,LIMIT,99999.99,1.09043,USD,2.18 USD,MAKER,94daa071-3b16-4694-8abe-b3799c5c9c27,2025-04-02 20:18:00+00:00,2025-04-02 20:18:00+00:00,{},False
BACKTESTER-001,MovingAverageCrossover-MA_CROSS,EUR/USD.IDEALPRO,IDEALPRO-1-071,IDEALPRO-001,IDEALPRO-1-96273,EUR/USD.IDEALPRO-MovingAverageCrossover-MA_CROSS,SELL,MARKET,0.01,1.09719,USD,0.00 USD,TAKER,21d79295-93f4-48a6-ad59-be3be9bd168c,2025-04-07 10:45:00+00:00,2025-04-07 10:45:00+00:00,{},False
BACKTESTER-001,MovingAverageCrossover-MA_CROSS,EUR/USD.IDEALPRO,IDEALPRO-1-071,IDEALPRO-001,IDEALPRO-1-96274,EUR/USD.IDEALPRO-MovingAverageCrossover-MA_CROSS,SELL,MARKET,99999.99,1.09718,USD,2.19 USD,TAKER,59526a4f-1b36-4c0b-8d9d-0447791aa14d,2025-04-07 10:45:00+00:00,2025-04-07 10:45:00+00:00,{},False
BACKTESTER-001,MovingAverageCrossover-MA_CROSS,EUR/USD.IDEALPRO,IDEALPRO-1-073,IDEALPRO-001,IDEALPRO-1-96521,EUR/USD.IDEALPRO-MovingAverageCrossover-MA_CROSS,BUY,LIMIT,0.01,1.09219,USD,0.00 USD,MAKER,a8cc3794-ecc5-4a62-bf61-c518f9ac6fa2,2025-04-07 14:51:00+00:00,2025-04-07 14:51:00+00:00,{},False
BACKTESTER-001,MovingAverageCrossover-MA_CROSS,EUR/USD.IDEALPRO,IDEALPRO-1-073,IDEALPRO-001,IDEALPRO-1-96522,EUR/USD.IDEALPRO-MovingAverageCrossover-MA_CROSS,BUY,LIMIT,99999.99,1.09219,USD,2.18 USD,MAKER,c79cd5dd-91ef-42f4-856f-642a492eb007,2025-04-07 14:51:00+00:00,2025-04-07 14:51:00+00:00,{},False
BACKTESTER-001,MovingAverageCrossover-MA_CROSS,EUR/USD.IDEALPRO,IDEALPRO-1-074,IDEALPRO-001,IDEALPRO-1-98662,EUR/USD.IDEALPRO-MovingAverageCrossover-MA_CROSS,BUY,MARKET,0.01,1.10200,USD,0.00 USD,TAKER,4783f5aa-3a01-44f5-ada3-42424950a499,2025-04-09 03:00:00+00:00,2025-04-09 03:00:00+00:00,{},False
BACKTESTER-001,MovingAverageCrossover-MA_CROSS,EUR/USD.IDEALPRO,IDEALPRO-1-074,IDEALPRO-001,IDEALPRO-1-98663,EUR/USD.IDEALPRO-MovingAverageCrossover-MA_CROSS,BUY,MARKET,99999.99,1.10201,USD,2.20 USD,TAKER,deeb0386-baab-46b8-a9bb-7199379c5031,2025-04-09 03:00:00+00:00,2025-04-09 03:00:00+00:00,{},False
BACKTESTER-001,MovingAverageCrossover-MA_CROSS,EUR/USD.IDEALPRO,IDEALPRO-1-076,IDEALPRO-001,IDEALPRO-1-98898,EUR/USD.IDEALPRO-MovingAverageCrossover-MA_CROSS,SELL,LIMIT,0.01,1.10700,USD,0.00 USD,MAKER,027d6224-823f-4671-9347-0205ee01aa55,2025-04-09 06:54:00+00:00,2025-04-09 06:54:00+00:00,{},False
BACKTESTER-001,MovingAverageCrossover-MA_CROSS,EUR/USD.IDEALPRO,IDEALPRO-1-076,IDEALPRO-001,IDEALPRO-1-98899,EUR/USD.IDEALPRO-MovingAverageCrossover-MA_CROSS,SELL,LIMIT,99999.99,1.10700,USD,2.21 USD,MAKER,c7e05bf5-9f23-47db-adee-1a36cd0735cc,2025-04-09 06:54:00+00:00,2025-04-09 06:54:00+00:00,{},False
BACKTESTER-001,MovingAverageCrossover-MA_CROSS,EUR/USD.IDEALPRO,IDEALPRO-1-077,IDEALPRO-001,IDEALPRO-1-100076,EUR/USD.IDEALPRO-MovingAverageCrossover-MA_CROSS,SELL,MARKET,0.01,1.09644,USD,0.00 USD,TAKER,7eb87128-c93f-4b4d-ac42-56f1ff3b7984,2025-04-10 02:45:00+00:00,2025-04-10 02:45:00+00:00,{},False
BACKTESTER-001,MovingAverageCrossover-MA_CROSS,EUR/USD.IDEALPRO,IDEALPRO-1-077,IDEALPRO-001,IDEALPRO-1-100077,EUR/USD.IDEALPRO-MovingAverageCrossover-MA_CROSS,SELL,MARKET,99999.99,1.09643,USD,2.19 USD,TAKER,0f4137a1-a0fd-4004-8f47-8c05fd8476a7,2025-04-10 02:45:00+00:00,2025-04-10 02:45:00+00:00,{},False
BACKTESTER-001,MovingAverageCrossover-MA_CROSS,EUR/USD.IDEALPRO,IDEALPRO-1-078,IDEALPRO-001,IDEALPRO-1-100366,EUR/USD.IDEALPRO-MovingAverageCrossover-MA_CROSS,BUY,STOP_MARKET,0.01,1.10004,USD,0.00 USD,TAKER,057a7f9a-e863-4245-9102-09366c143048,2025-04-10 07:33:00+00:00,2025-04-10 07:33:00+00:00,{},False
BACKTESTER-001,MovingAverageCrossover-MA_CROSS,EUR/USD.IDEALPRO,IDEALPRO-1-078,IDEALPRO-001,IDEALPRO-1-100367,EUR/USD.IDEALPRO-MovingAverageCrossover-MA_CROSS,BUY,STOP_MARKET,99999.99,1.10005,USD,2.20 USD,TAKER,6c9eb97a-4a7e-4cdd-9446-84a926122594,2025-04-10 07:33:00+00:00,2025-04-10 07:33:00+00:00,{},False
BACKTESTER-001,MovingAverageCrossover-MA_CROSS,EUR/USD.IDEALPRO,IDEALPRO-1-080,IDEALPRO-001,IDEALPRO-1-100395,EUR/USD.IDEALPRO-MovingAverageCrossover-MA_CROSS,BUY,MARKET,0.01,1.10265,USD,0.00 USD,TAKER,d0284326-6f0b-4221-9448-9e30559bbbb7,2025-04-10 08:00:00+00:00,2025-04-10 08:00:00+00:00,{},False
BACKTESTER-001,MovingAverageCrossover-MA_CROSS,EUR/USD.IDEALPRO,IDEALPRO-1-080,IDEALPRO-001,IDEALPRO-1-100396,EUR/USD.IDEALPRO-MovingAverageCrossover-MA_CROSS,BUY,MARKET,99999.99,1.10266,USD,2.21 USD,TAKER,cc8d7953-ef0b-48d2-be96-50ac1be60b49,2025-04-10 08:00:00+00:00,2025-04-10 08:00:00+00:00,{},False
BACKTESTER-001,MovingAverageCrossover-MA_CROSS,EUR/USD.IDEALPRO,IDEALPRO-1-082,IDEALPRO-001,IDEALPRO-1-100555,EUR/USD.IDEALPRO-MovingAverageCrossover-MA_CROSS,SELL,LIMIT,0.01,1.10765,USD,0.00 USD,MAKER,f422dd7a-f9fe-44ab-9eac-a0814972015d,2025-04-10 10:38:00+00:00,2025-04-10 10:38:00+00:00,{},False
BACKTESTER-001,MovingAverageCrossover-MA_CROSS,EUR/USD.IDEALPRO,IDEALPRO-1-082,IDEALPRO-001,IDEALPRO-1-100556,EUR/USD.IDEALPRO-MovingAverageCrossover-MA_CROSS,SELL,LIMIT,99999.99,1.10765,USD,2.22 USD,MAKER,ce189edb-9afd-4503-9490-4244931de806,2025-04-10 10:38:00+00:00,2025-04-10 10:38:00+00:00,{},False
BACKTESTER-001,MovingAverageCrossover-MA_CROSS,EUR/USD.IDEALPRO,IDEALPRO-1-083,IDEALPRO-001,IDEALPRO-1-105154,EUR/USD.IDEALPRO-MovingAverageCrossover-MA_CROSS,SELL,MARKET,0.01,1.12889,USD,0.00 USD,TAKER,61a65036-8cfc-4fad-98bc-2227d0227513,2025-04-15 16:00:00+00:00,2025-04-15 16:00:00+00:00,{},False
BACKTESTER-001,MovingAverageCrossover-MA_CROSS,EUR/USD.IDEALPRO,IDEALPRO-1-083,IDEALPRO-001,IDEALPRO-1-105155,EUR/USD.IDEALPRO-MovingAverageCrossover-MA_CROSS,SELL,MARKET,99999.99,1.12888,USD,2.26 USD,TAKER,aa55823e-a3e8-4ad0-b3af-e6683434e87d,2025-04-15 16:00:00+00:00,2025-04-15 16:00:00+00:00,{},False
BACKTESTER-001,MovingAverageCrossover-MA_CROSS,EUR/USD.IDEALPRO,IDEALPRO-1-084,IDEALPRO-001,IDEALPRO-1-105702,EUR/USD.IDEALPRO-MovingAverageCrossover-MA_CROSS,BUY,STOP_MARKET,0.01,1.13249,USD,0.00 USD,TAKER,406db0fa-7ff6-4768-9d2e-2cc6dfa210a1,2025-04-16 01:21:00+00:00,2025-04-16 01:21:00+00:00,{},False
BACKTESTER-001,MovingAverageCrossover-MA_CROSS,EUR/USD.IDEALPRO,IDEALPRO-1-084,IDEALPRO-001,IDEALPRO-1-105703,EUR/USD.IDEALPRO-MovingAverageCrossover-MA_CROSS,BUY,STOP_MARKET,99999.99,1.13250,USD,2.26 USD,TAKER,6f8163bd-1fe8-48d8-9c23-fae9d9ddff4d,2025-04-16 01:21:00+00:00,2025-04-16 01:21:00+00:00,{},False
BACKTESTER-001,MovingAverageCrossover-MA_CROSS,EUR/USD.IDEALPRO,IDEALPRO-1-086,IDEALPRO-001,IDEALPRO-1-106238,EUR/USD.IDEALPRO-MovingAverageCrossover-MA_CROSS,BUY,MARKET,0.01,1.13665,USD,0.00 USD,TAKER,b47452f0-d2e9-4707-afbb-7398282e2b80,2025-04-16 10:15:00+00:00,2025-04-16 10:15:00+00:00,{},False
BACKTESTER-001,MovingAverageCrossover-MA_CROSS,EUR/USD.IDEALPRO,IDEALPRO-1-086,IDEALPRO-001,IDEALPRO-1-106239,EUR/USD.IDEALPRO-MovingAverageCrossover-MA_CROSS,BUY,MARKET,99999.99,1.13666,USD,2.27 USD,TAKER,647427fc-6e6e-4bf6-a053-87ce7181a23a,2025-04-16 10:15:00+00:00,2025-04-16 10:15:00+00:00,{},False
BACKTESTER-001,MovingAverageCrossover-MA_CROSS,EUR/USD.IDEALPRO,IDEALPRO-1-088,IDEALPRO-001,IDEALPRO-1-109736,EUR/USD.IDEALPRO-MovingAverageCrossover-MA_CROSS,SELL,LIMIT,0.01,1.14165,USD,0.00 USD,MAKER,2bc21820-c416-4cb8-9853-175b5c5d40f0,2025-04-21 00:01:00+00:00,2025-04-21 00:01:00+00:00,{},False
BACKTESTER-001,MovingAverageCrossover-MA_CROSS,EUR/USD.IDEALPRO,IDEALPRO-1-088,IDEALPRO-001,IDEALPRO-1-109737,EUR/USD.IDEALPRO-MovingAverageCrossover-MA_CROSS,SELL,LIMIT,99999.99,1.14165,USD,2.28 USD,MAKER,5678270b-8f1b-4bcb-8738-9b3e730cc9dc,2025-04-21 00:01:00+00:00,2025-04-21 00:01:00+00:00,{},False
BACKTESTER-001,MovingAverageCrossover-MA_CROSS,EUR/USD.IDEALPRO,IDEALPRO-1-089,IDEALPRO-001,IDEALPRO-1-112437,EUR/USD.IDEALPRO-MovingAverageCrossover-MA_CROSS,SELL,MARKET,0.01,1.14094,USD,0.00 USD,TAKER,4cd5fc54-eaa0-47bf-85f4-f3e1c80c8b74,2025-04-22 21:30:00+00:00,2025-04-22 21:30:00+00:00,{},False
BACKTESTER-001,MovingAverageCrossover-MA_CROSS,EUR/USD.IDEALPRO,IDEALPRO-1-089,IDEALPRO-001,IDEALPRO-1-112438,EUR/USD.IDEALPRO-MovingAverageCrossover-MA_CROSS,SELL,MARKET,99999.99,1.14093,USD,2.28 USD,TAKER,d8026561-1137-44c4-907c-e925fefde3cc,2025-04-22 21:30:00+00:00,2025-04-22 21:30:00+00:00,{},False
BACKTESTER-001,MovingAverageCrossover-MA_CROSS,EUR/USD.IDEALPRO,IDEALPRO-1-091,IDEALPRO-001,IDEALPRO-1-112470,EUR/USD.IDEALPRO-MovingAverageCrossover-MA_CROSS,BUY,LIMIT,0.01,1.13594,USD,0.00 USD,MAKER,9e7c5d95-71ec-47a4-9b93-9f90357c5c93,2025-04-22 22:01:00+00:00,2025-04-22 22:01:00+00:00,{},False
BACKTESTER-001,MovingAverageCrossover-MA_CROSS,EUR/USD.IDEALPRO,IDEALPRO-1-091,IDEALPRO-001,IDEALPRO-1-112471,EUR/USD.IDEALPRO-MovingAverageCrossover-MA_CROSS,BUY,LIMIT,99999.99,1.13594,USD,2.27 USD,MAKER,fca03d76-eb23-482e-9fb4-7be6190ecd9c,2025-04-22 22:01:00+00:00,2025-04-22 22:01:00+00:00,{},False
BACKTESTER-001,MovingAverageCrossover-MA_CROSS,EUR/USD.IDEALPRO,IDEALPRO-1-092,IDEALPRO-001,IDEALPRO-1-116896,EUR/USD.IDEALPRO-MovingAverageCrossover-MA_CROSS,BUY,MARKET,0.01,1.13601,USD,0.00 USD,TAKER,978458f8-ad3a-4e84-ad81-37bc3cc99a8b,2025-04-28 00:30:00+00:00,2025-04-28 00:30:00+00:00,{},False
BACKTESTER-001,MovingAverageCrossover-MA_CROSS,EUR/USD.IDEALPRO,IDEALPRO-1-092,IDEALPRO-001,IDEALPRO-1-116897,EUR/USD.IDEALPRO-MovingAverageCrossover-MA_CROSS,BUY,MARKET,99999.99,1.13602,USD,2.27 USD,TAKER,1989362e-f70e-4234-958a-c7de6a005fd7,2025-04-28 00:30:00+00:00,2025-04-28 00:30:00+00:00,{},False
BACKTESTER-001,MovingAverageCrossover-MA_CROSS,EUR/USD.IDEALPRO,IDEALPRO-1-095,IDEALPRO-001,IDEALPRO-1-117093,EUR/USD.IDEALPRO-MovingAverageCrossover-MA_CROSS,SELL,MARKET,0.01,1.13552,USD,0.00 USD,TAKER,f63f74b4-d5d3-472f-b98e-6cdd9ede3ff4,2025-04-28 03:45:00+00:00,2025-04-28 03:45:00+00:00,{},False
BACKTESTER-001,MovingAverageCrossover-MA_CROSS,EUR/USD.IDEALPRO,IDEALPRO-1-095,IDEALPRO-001,IDEALPRO-1-117094,EUR/USD.IDEALPRO-MovingAverageCrossover-MA_CROSS,SELL,MARKET,99999.99,1.13551,USD,2.27 USD,TAKER,b9ca9c7d-d8c5-4ce3-9c21-57d7ba57e195,2025-04-28 03:45:00+00:00,2025-04-28 03:45:00+00:00,{},False
BACKTESTER-001,MovingAverageCrossover-MA_CROSS,EUR/USD.IDEALPRO,IDEALPRO-1-096,IDEALPRO-001,IDEALPRO-1-117815,EUR/USD.IDEALPRO-MovingAverageCrossover-MA_CROSS,BUY,MARKET,0.01,1.13881,USD,0.00 USD,TAKER,8d87aede-4905-4966-9676-5fae4b52fa77,2025-04-28 15:45:00+00:00,2025-04-28 15:45:00+00:00,{},False
BACKTESTER-001,MovingAverageCrossover-MA_CROSS,EUR/USD.IDEALPRO,IDEALPRO-1-096,IDEALPRO-001,IDEALPRO-1-117816,EUR/USD.IDEALPRO-MovingAverageCrossover-MA_CROSS,BUY,MARKET,99999.99,1.13882,USD,2.28 USD,TAKER,33073b26-02e7-438e-9cc2-736a15bfcc2d,2025-04-28 15:45:00+00:00,2025-04-28 15:45:00+00:00,{},False
BACKTESTER-001,MovingAverageCrossover-MA_CROSS,EUR/USD.IDEALPRO,IDEALPRO-1-099,IDEALPRO-001,IDEALPRO-1-120322,EUR/USD.IDEALPRO-MovingAverageCrossover-MA_CROSS,SELL,MARKET,0.01,1.13624,USD,0.00 USD,TAKER,03e95c74-504a-4832-b3fc-cc25e162abc6,2025-04-30 10:00:00+00:00,2025-04-30 10:00:00+00:00,{},False
BACKTESTER-001,MovingAverageCrossover-MA_CROSS,EUR/USD.IDEALPRO,IDEALPRO-1-099,IDEALPRO-001,IDEALPRO-1-120323,EUR/USD.IDEALPRO-MovingAverageCrossover-MA_CROSS,SELL,MARKET,99999.99,1.13623,USD,2.27 USD,TAKER,fa681cee-73da-4299-ba5e-75e02e517598,2025-04-30 10:00:00+00:00,2025-04-30 10:00:00+00:00,{},False
BACKTESTER-001,MovingAverageCrossover-MA_CROSS,EUR/USD.IDEALPRO,IDEALPRO-1-100,IDEALPRO-001,IDEALPRO-1-123549,EUR/USD.IDEALPRO-MovingAverageCrossover-MA_CROSS,BUY,MARKET,0.01,1.13374,USD,0.00 USD,TAKER,9fbc58fd-0d9f-4969-b8d4-6e9cba271e02,2025-05-02 16:15:00+00:00,2025-05-02 16:15:00+00:00,{},False
BACKTESTER-001,MovingAverageCrossover-MA_CROSS,EUR/USD.IDEALPRO,IDEALPRO-1-100,IDEALPRO-001,IDEALPRO-1-123550,EUR/USD.IDEALPRO-MovingAverageCrossover-MA_CROSS,BUY,MARKET,99999.99,1.13375,USD,2.27 USD,TAKER,81a535a1-8da6-4437-9a36-2283f1424199,2025-05-02 16:15:00+00:00,2025-05-02 16:15:00+00:00,{},False
BACKTESTER-001,MovingAverageCrossover-MA_CROSS,EUR/USD.IDEALPRO,IDEALPRO-1-101,IDEALPRO-001,IDEALPRO-1-123639,EUR/USD.IDEALPRO-MovingAverageCrossover-MA_CROSS,SELL,STOP_MARKET,0.01,1.13014,USD,0.00 USD,TAKER,d97ca664-4bba-475b-8b7a-04c2f9298bad,2025-05-02 17:43:00+00:00,2025-05-02 17:43:00+00:00,{},False
BACKTESTER-001,MovingAverageCrossover-MA_CROSS,EUR/USD.IDEALPRO,IDEALPRO-1-101,IDEALPRO-001,IDEALPRO-1-123640,EUR/USD.IDEALPRO-MovingAverageCrossover-MA_CROSS,SELL,STOP_MARKET,99999.99,1.13013,USD,2.26 USD,TAKER,209fa625-a6f7-41bb-8323-61fcd4f7b659,2025-05-02 17:43:00+00:00,2025-05-02 17:43:00+00:00,{},False
BACKTESTER-001,MovingAverageCrossover-MA_CROSS,EUR/USD.IDEALPRO,IDEALPRO-1-103,IDEALPRO-001,IDEALPRO-1-123823,EUR/USD.IDEALPRO-MovingAverageCrossover-MA_CROSS,SELL,MARKET,0.01,1.12955,USD,0.00 USD,TAKER,541863fa-f88d-453d-aff8-c9c2ca1d2f5d,2025-05-02 20:45:00+00:00,2025-05-02 20:45:00+00:00,{},False
BACKTESTER-001,MovingAverageCrossover-MA_CROSS,EUR/USD.IDEALPRO,IDEALPRO-1-103,IDEALPRO-001,IDEALPRO-1-123824,EUR/USD.IDEALPRO-MovingAverageCrossover-MA_CROSS,SELL,MARKET,99999.99,1.12954,USD,2.26 USD,TAKER,6183862a-2126-4dda-88b9-093a9fb0a0dd,2025-05-02 20:45:00+00:00,2025-05-02 20:45:00+00:00,{},False
BACKTESTER-001,MovingAverageCrossover-MA_CROSS,EUR/USD.IDEALPRO,IDEALPRO-1-104,IDEALPRO-001,IDEALPRO-1-124078,EUR/USD.IDEALPRO-MovingAverageCrossover-MA_CROSS,BUY,STOP_MARKET,0.01,1.13315,USD,0.00 USD,TAKER,7299227a-2262-4133-a0fe-58da2d7130a1,2025-05-05 01:13:00+00:00,2025-05-05 01:13:00+00:00,{},False
BACKTESTER-001,MovingAverageCrossover-MA_CROSS,EUR/USD.IDEALPRO,IDEALPRO-1-104,IDEALPRO-001,IDEALPRO-1-124079,EUR/USD.IDEALPRO-MovingAverageCrossover-MA_CROSS,BUY,STOP_MARKET,99999.99,1.13316,USD,2.27 USD,TAKER,7d3edc69-d492-4904-af27-fcc17a95ce36,2025-05-05 01:13:00+00:00,2025-05-05 01:13:00+00:00,{},False
BACKTESTER-001,MovingAverageCrossover-MA_CROSS,EUR/USD.IDEALPRO,IDEALPRO-1-106,IDEALPRO-001,IDEALPRO-1-124532,EUR/USD.IDEALPRO-MovingAverageCrossover-MA_CROSS,BUY,MARKET,0.01,1.13277,USD,0.00 USD,TAKER,946229c2-7ee1-4847-879b-3c96778a90a2,2025-05-05 08:45:00+00:00,2025-05-05 08:45:00+00:00,{},False
BACKTESTER-001,MovingAverageCrossover-MA_CROSS,EUR/USD.IDEALPRO,IDEALPRO-1-106,IDEALPRO-001,IDEALPRO-1-124533,EUR/USD.IDEALPRO-MovingAverageCrossover-MA_CROSS,BUY,MARKET,99999.99,1.13278,USD,2.27 USD,TAKER,37367102-50de-4c89-b5bf-f2e938d63634,2025-05-05 08:45:00+00:00,2025-05-05 08:45:00+00:00,{},False
BACKTESTER-001,MovingAverageCrossover-MA_CROSS,EUR/USD.IDEALPRO,IDEALPRO-1-107,IDEALPRO-001,IDEALPRO-1-125454,EUR/USD.IDEALPRO-MovingAverageCrossover-MA_CROSS,SELL,STOP_MARKET,0.01,1.12917,USD,0.00 USD,TAKER,cb85c6a2-d81e-4396-8d97-45db3ed5b09f,2025-05-06 00:20:00+00:00,2025-05-06 00:20:00+00:00,{},False
BACKTESTER-001,MovingAverageCrossover-MA_CROSS,EUR/USD.IDEALPRO,IDEALPRO-1-107,IDEALPRO-001,IDEALPRO-1-125455,EUR/USD.IDEALPRO-MovingAverageCrossover-MA_CROSS,SELL,STOP_MARKET,99999.99,1.12916,USD,2.26 USD,TAKER,7c4359e3-808f-4405-959e-135026f1ceb8,2025-05-06 00:20:00+00:00,2025-05-06 00:20:00+00:00,{},False
BACKTESTER-001,MovingAverageCrossover-MA_CROSS,EUR/USD.IDEALPRO,IDEALPRO-1-109,IDEALPRO-001,IDEALPRO-1-125496,EUR/USD.IDEALPRO-MovingAverageCrossover-MA_CROSS,SELL,MARKET,0.01,1.12861,USD,0.00 USD,TAKER,007c6bcd-3671-49f4-939f-2156ec676a47,2025-05-06 01:00:00+00:00,2025-05-06 01:00:00+00:00,{},False
BACKTESTER-001,MovingAverageCrossover-MA_CROSS,EUR/USD.IDEALPRO,IDEALPRO-1-109,IDEALPRO-001,IDEALPRO-1-125497,EUR/USD.IDEALPRO-MovingAverageCrossover-MA_CROSS,SELL,MARKET,99999.99,1.12860,USD,2.26 USD,TAKER,802ca68e-bc05-4dbc-875c-27f4fad61c2f,2025-05-06 01:00:00+00:00,2025-05-06 01:00:00+00:00,{},False
BACKTESTER-001,MovingAverageCrossover-MA_CROSS,EUR/USD.IDEALPRO,IDEALPRO-1-110,IDEALPRO-001,IDEALPRO-1-125694,EUR/USD.IDEALPRO-MovingAverageCrossover-MA_CROSS,BUY,STOP_MARKET,0.01,1.13221,USD,0.00 USD,TAKER,dc779f66-f1a4-40c2-9293-8ee10a3f6f38,2025-05-06 04:16:00+00:00,2025-05-06 04:16:00+00:00,{},False
BACKTESTER-001,MovingAverageCrossover-MA_CROSS,EUR/USD.IDEALPRO,IDEALPRO-1-110,IDEALPRO-001,IDEALPRO-1-125695,EUR/USD.IDEALPRO-MovingAverageCrossover-MA_CROSS,BUY,STOP_MARKET,99999.99,1.13222,USD,2.26 USD,TAKER,8d29c891-c67f-4110-8bbe-3aaf86a37d13,2025-05-06 04:16:00+00:00,2025-05-06 04:16:00+00:00,{},False
BACKTESTER-001,MovingAverageCrossover-MA_CROSS,EUR/USD.IDEALPRO,IDEALPRO-1-112,IDEALPRO-001,IDEALPRO-1-126115,EUR/USD.IDEALPRO-MovingAverageCrossover-MA_CROSS,BUY,MARKET,0.01,1.13267,USD,0.00 USD,TAKER,19893ef5-ddb0-4f30-8ae7-3fe7ac48354b,2025-05-06 11:15:00+00:00,2025-05-06 11:15:00+00:00,{},False
BACKTESTER-001,MovingAverageCrossover-MA_CROSS,EUR/USD.IDEALPRO,IDEALPRO-1-112,IDEALPRO-001,IDEALPRO-1-126116,EUR/USD.IDEALPRO-MovingAverageCrossover-MA_CROSS,BUY,MARKET,99999.99,1.13268,USD,2.27 USD,TAKER,b12290a6-9e43-4b1f-b7d7-4fff911a9bd7,2025-05-06 11:15:00+00:00,2025-05-06 11:15:00+00:00,{},False
BACKTESTER-001,MovingAverageCrossover-MA_CROSS,EUR/USD.IDEALPRO,IDEALPRO-1-114,IDEALPRO-001,IDEALPRO-1-126611,EUR/USD.IDEALPRO-MovingAverageCrossover-MA_CROSS,SELL,LIMIT,0.01,1.13767,USD,0.00 USD,MAKER,eae57e58-b1bd-4ae7-8083-4d056fa05b94,2025-05-06 19:29:00+00:00,2025-05-06 19:29:00+00:00,{},False
BACKTESTER-001,MovingAverageCrossover-MA_CROSS,EUR/USD.IDEALPRO,IDEALPRO-1-114,IDEALPRO-001,IDEALPRO-1-126612,EUR/USD.IDEALPRO-MovingAverageCrossover-MA_CROSS,SELL,LIMIT,99999.99,1.13767,USD,2.28 USD,MAKER,64931b5b-7af9-41ab-a3a1-2f7494cd684c,2025-05-06 19:29:00+00:00,2025-05-06 19:29:00+00:00,{},False
BACKTESTER-001,MovingAverageCrossover-MA_CROSS,EUR/USD.IDEALPRO,IDEALPRO-1-115,IDEALPRO-001,IDEALPRO-1-128594,EUR/USD.IDEALPRO-MovingAverageCrossover-MA_CROSS,SELL,MARKET,0.01,1.13180,USD,0.00 USD,TAKER,abf9cdde-2f29-4f94-9cc3-54a295ee4489,2025-05-08 05:00:00+00:00,2025-05-08 05:00:00+00:00,{},False
BACKTESTER-001,MovingAverageCrossover-MA_CROSS,EUR/USD.IDEALPRO,IDEALPRO-1-115,IDEALPRO-001,IDEALPRO-1-128595,EUR/USD.IDEALPRO-MovingAverageCrossover-MA_CROSS,SELL,MARKET,99999.99,1.13179,USD,2.26 USD,TAKER,335886ba-a08a-4071-a039-afc09a7764ba,2025-05-08 05:00:00+00:00,2025-05-08 05:00:00+00:00,{},False
BACKTESTER-001,MovingAverageCrossover-MA_CROSS,EUR/USD.IDEALPRO,IDEALPRO-1-117,IDEALPRO-001,IDEALPRO-1-129236,EUR/USD.IDEALPRO-MovingAverageCrossover-MA_CROSS,BUY,LIMIT,0.01,1.12680,USD,0.00 USD,MAKER,438a9ac0-a00d-4972-99f1-ceee8dd38b05,2025-05-08 15:40:00+00:00,2025-05-08 15:40:00+00:00,{},False
BACKTESTER-001,MovingAverageCrossover-MA_CROSS,EUR/USD.IDEALPRO,IDEALPRO-1-117,IDEALPRO-001,IDEALPRO-1-129237,EUR/USD.IDEALPRO-MovingAverageCrossover-MA_CROSS,BUY,LIMIT,99999.99,1.12680,USD,2.25 USD,MAKER,58170eef-20cc-48f8-b318-ca4bbd037096,2025-05-08 15:40:00+00:00,2025-05-08 15:40:00+00:00,{},False
BACKTESTER-001,MovingAverageCrossover-MA_CROSS,EUR/USD.IDEALPRO,IDEALPRO-1-118,IDEALPRO-001,IDEALPRO-1-134028,EUR/USD.IDEALPRO-MovingAverageCrossover-MA_CROSS,BUY,MARKET,0.01,1.11936,USD,0.00 USD,TAKER,ff08ae24-f61e-4bb9-acad-d9371a29230f,2025-05-14 00:30:00+00:00,2025-05-14 00:30:00+00:00,{},False
BACKTESTER-001,MovingAverageCrossover-MA_CROSS,EUR/USD.IDEALPRO,IDEALPRO-1-118,IDEALPRO-001,IDEALPRO-1-134029,EUR/USD.IDEALPRO-MovingAverageCrossover-MA_CROSS,BUY,MARKET,99999.99,1.11937,USD,2.24 USD,TAKER,b54c9157-b362-419b-b6f7-c9ba1cfe4854,2025-05-14 00:30:00+00:00,2025-05-14 00:30:00+00:00,{},False
BACKTESTER-001,MovingAverageCrossover-MA_CROSS,EUR/USD.IDEALPRO,IDEALPRO-1-120,IDEALPRO-001,IDEALPRO-1-134488,EUR/USD.IDEALPRO-MovingAverageCrossover-MA_CROSS,SELL,LIMIT,0.01,1.12436,USD,0.00 USD,MAKER,0bbc2ee1-e7ae-4650-9d3c-dc4ad077d6b4,2025-05-14 08:08:00+00:00,2025-05-14 08:08:00+00:00,{},False
BACKTESTER-001,MovingAverageCrossover-MA_CROSS,EUR/USD.IDEALPRO,IDEALPRO-1-120,IDEALPRO-001,IDEALPRO-1-134489,EUR/USD.IDEALPRO-MovingAverageCrossover-MA_CROSS,SELL,LIMIT,99999.99,1.12436,USD,2.25 USD,MAKER,d903a40c-76e5-4612-ab1f-394c4f621308,2025-05-14 08:08:00+00:00,2025-05-14 08:08:00+00:00,{},False
BACKTESTER-001,MovingAverageCrossover-MA_CROSS,EUR/USD.IDEALPRO,IDEALPRO-1-121,IDEALPRO-001,IDEALPRO-1-137812,EUR/USD.IDEALPRO-MovingAverageCrossover-MA_CROSS,SELL,MARKET,0.01,1.11403,USD,0.00 USD,TAKER,8b9f0e36-3aad-429f-bd97-dcbe189cf67b,2025-05-16 16:00:00+00:00,2025-05-16 16:00:00+00:00,{},False
BACKTESTER-001,MovingAverageCrossover-MA_CROSS,EUR/USD.IDEALPRO,IDEALPRO-1-121,IDEALPRO-001,IDEALPRO-1-137813,EUR/USD.IDEALPRO-MovingAverageCrossover-MA_CROSS,SELL,MARKET,99999.99,1.11402,USD,2.23 USD,TAKER,0594cc8c-16f6-4ea8-9e0c-3b948564a13e,2025-05-16 16:00:00+00:00,2025-05-16 16:00:00+00:00,{},False
BACKTESTER-001,MovingAverageCrossover-MA_CROSS,EUR/USD.IDEALPRO,IDEALPRO-1-122,IDEALPRO-001,IDEALPRO-1-138115,EUR/USD.IDEALPRO-MovingAverageCrossover-MA_CROSS,BUY,STOP_MARKET,0.01,1.11763,USD,0.00 USD,TAKER,5aa08bdc-99d0-4b82-b1cf-f714db074f64,2025-05-18 21:16:00+00:00,2025-05-18 21:16:00+00:00,{},False
BACKTESTER-001,MovingAverageCrossover-MA_CROSS,EUR/USD.IDEALPRO,IDEALPRO-1-122,IDEALPRO-001,IDEALPRO-1-138116,EUR/USD.IDEALPRO-MovingAverageCrossover-MA_CROSS,BUY,STOP_MARKET,99999.99,1.11764,USD,2.24 USD,TAKER,53732e3e-8dea-47cb-9c14-86bc9a51b37b,2025-05-18 21:16:00+00:00,2025-05-18 21:16:00+00:00,{},False
BACKTESTER-001,MovingAverageCrossover-MA_CROSS,EUR/USD.IDEALPRO,IDEALPRO-1-124,IDEALPRO-001,IDEALPRO-1-138791,EUR/USD.IDEALPRO-MovingAverageCrossover-MA_CROSS,BUY,MARKET,0.01,1.12487,USD,0.00 USD,TAKER,9722013e-4de7-4398-a84b-1c09cdffa293,2025-05-19 08:30:00+00:00,2025-05-19 08:30:00+00:00,{},False
BACKTESTER-001,MovingAverageCrossover-MA_CROSS,EUR/USD.IDEALPRO,IDEALPRO-1-124,IDEALPRO-001,IDEALPRO-1-138792,EUR/USD.IDEALPRO-MovingAverageCrossover-MA_CROSS,BUY,MARKET,99999.99,1.12488,USD,2.25 USD,TAKER,01d349d9-9a6a-421c-b404-9e33165c11c3,2025-05-19 08:30:00+00:00,2025-05-19 08:30:00+00:00,{},False
BACKTESTER-001,MovingAverageCrossover-MA_CROSS,EUR/USD.IDEALPRO,IDEALPRO-1-126,IDEALPRO-001,IDEALPRO-1-141164,EUR/USD.IDEALPRO-MovingAverageCrossover-MA_CROSS,SELL,LIMIT,0.01,1.12987,USD,0.00 USD,MAKER,43eeac74-8ada-42fb-8140-70a19fd66222,2025-05-21 00:31:00+00:00,2025-05-21 00:31:00+00:00,{},False
BACKTESTER-001,MovingAverageCrossover-MA_CROSS,EUR/USD.IDEALPRO,IDEALPRO-1-126,IDEALPRO-001,IDEALPRO-1-141165,EUR/USD.IDEALPRO-MovingAverageCrossover-MA_CROSS,SELL,LIMIT,99999.99,1.12987,USD,2.26 USD,MAKER,efc2d570-81c6-496c-a2b7-5444328a7da5,2025-05-21 00:31:00+00:00,2025-05-21 00:31:00+00:00,{},False
BACKTESTER-001,MovingAverageCrossover-MA_CROSS,EUR/USD.IDEALPRO,IDEALPRO-1-127,IDEALPRO-001,IDEALPRO-1-143985,EUR/USD.IDEALPRO-MovingAverageCrossover-MA_CROSS,SELL,MARKET,0.01,1.12822,USD,0.00 USD,TAKER,b3585f7c-dd24-4f7d-9d11-a25e1d3a6fe8,2025-05-23 00:00:00+00:00,2025-05-23 00:00:00+00:00,{},False
BACKTESTER-001,MovingAverageCrossover-MA_CROSS,EUR/USD.IDEALPRO,IDEALPRO-1-127,IDEALPRO-001,IDEALPRO-1-143986,EUR/USD.IDEALPRO-MovingAverageCrossover-MA_CROSS,SELL,MARKET,99999.99,1.12821,USD,2.26 USD,TAKER,3807d709-dbae-4876-be39-a7cafab1e16b,2025-05-23 00:00:00+00:00,2025-05-23 00:00:00+00:00,{},False
BACKTESTER-001,MovingAverageCrossover-MA_CROSS,EUR/USD.IDEALPRO,IDEALPRO-1-128,IDEALPRO-001,IDEALPRO-1-144099,EUR/USD.IDEALPRO-MovingAverageCrossover-MA_CROSS,BUY,STOP_MARKET,0.01,1.13182,USD,0.00 USD,TAKER,288dc009-4d7e-451c-9838-da69620659c0,2025-05-23 01:52:00+00:00,2025-05-23 01:52:00+00:00,{},False
BACKTESTER-001,MovingAverageCrossover-MA_CROSS,EUR/USD.IDEALPRO,IDEALPRO-1-128,IDEALPRO-001,IDEALPRO-1-144100,EUR/USD.IDEALPRO-MovingAverageCrossover-MA_CROSS,BUY,STOP_MARKET,99999.99,1.13183,USD,2.26 USD,TAKER,e5d6c7a2-5b05-4bae-9232-4173a73ef981,2025-05-23 01:52:00+00:00,2025-05-23 01:52:00+00:00,{},False
BACKTESTER-001,MovingAverageCrossover-MA_CROSS,EUR/USD.IDEALPRO,IDEALPRO-1-130,IDEALPRO-001,IDEALPRO-1-144484,EUR/USD.IDEALPRO-MovingAverageCrossover-MA_CROSS,BUY,MARKET,0.01,1.13441,USD,0.00 USD,TAKER,5df935ca-3bc6-49a3-8fb8-15a727a30ee9,2025-05-23 08:15:00+00:00,2025-05-23 08:15:00+00:00,{},False
BACKTESTER-001,MovingAverageCrossover-MA_CROSS,EUR/USD.IDEALPRO,IDEALPRO-1-130,IDEALPRO-001,IDEALPRO-1-144485,EUR/USD.IDEALPRO-MovingAverageCrossover-MA_CROSS,BUY,MARKET,99999.99,1.13442,USD,2.27 USD,TAKER,740b473e-1db5-42f6-8303-3292ea1d6271,2025-05-23 08:15:00+00:00,2025-05-23 08:15:00+00:00,{},False
BACKTESTER-001,MovingAverageCrossover-MA_CROSS,EUR/USD.IDEALPRO,IDEALPRO-1-131,IDEALPRO-001,IDEALPRO-1-144704,EUR/USD.IDEALPRO-MovingAverageCrossover-MA_CROSS,SELL,STOP_MARKET,0.01,1.13081,USD,0.00 USD,TAKER,90289052-6a30-4285-bdfb-f19f790e61c1,2025-05-23 11:53:00+00:00,2025-05-23 11:53:00+00:00,{},False
BACKTESTER-001,MovingAverageCrossover-MA_CROSS,EUR/USD.IDEALPRO,IDEALPRO-1-131,IDEALPRO-001,IDEALPRO-1-144705,EUR/USD.IDEALPRO-MovingAverageCrossover-MA_CROSS,SELL,STOP_MARKET,99999.99,1.13080,USD,2.26 USD,TAKER,320fbe2d-7ac4-4cd7-b1cd-d2cb9fdcb3db,2025-05-23 11:53:00+00:00,2025-05-23 11:53:00+00:00,{},False
BACKTESTER-001,MovingAverageCrossover-MA_CROSS,EUR/USD.IDEALPRO,IDEALPRO-1-133,IDEALPRO-001,IDEALPRO-1-147788,EUR/USD.IDEALPRO-MovingAverageCrossover-MA_CROSS,SELL,MARKET,0.01,1.13298,USD,0.00 USD,TAKER,6a17ad5f-a644-4687-ba9f-a91a0e1b93c8,2025-05-27 15:45:00+00:00,2025-05-27 15:45:00+00:00,{},False
BACKTESTER-001,MovingAverageCrossover-MA_CROSS,EUR/USD.IDEALPRO,IDEALPRO-1-133,IDEALPRO-001,IDEALPRO-1-147789,EUR/USD.IDEALPRO-MovingAverageCrossover-MA_CROSS,SELL,MARKET,99999.99,1.13297,USD,2.27 USD,TAKER,24885732-b176-4cfb-85f0-5c3f3a867620,2025-05-27 15:45:00+00:00,2025-05-27 15:45:00+00:00,{},False
BACKTESTER-001,MovingAverageCrossover-MA_CROSS,EUR/USD.IDEALPRO,IDEALPRO-1-135,IDEALPRO-001,IDEALPRO-1-149647,EUR/USD.IDEALPRO-MovingAverageCrossover-MA_CROSS,BUY,LIMIT,0.01,1.12798,USD,0.00 USD,MAKER,1c92938a-9322-47dc-ae38-288283d10480,2025-05-28 23:12:00+00:00,2025-05-28 23:12:00+00:00,{},False
BACKTESTER-001,MovingAverageCrossover-MA_CROSS,EUR/USD.IDEALPRO,IDEALPRO-1-135,IDEALPRO-001,IDEALPRO-1-149648,EUR/USD.IDEALPRO-MovingAverageCrossover-MA_CROSS,BUY,LIMIT,99999.99,1.12798,USD,2.26 USD,MAKER,b611ec5e-90bb-49d4-b2f4-dc1bf5fd28bc,2025-05-28 23:12:00+00:00,2025-05-28 23:12:00+00:00,{},False
BACKTESTER-001,MovingAverageCrossover-MA_CROSS,EUR/USD.IDEALPRO,IDEALPRO-1-136,IDEALPRO-001,IDEALPRO-1-150822,EUR/USD.IDEALPRO-MovingAverageCrossover-MA_CROSS,BUY,MARKET,0.01,1.13817,USD,0.00 USD,TAKER,7483e7c3-c10a-43de-bf7a-327576f36788,2025-05-29 18:45:00+00:00,2025-05-29 18:45:00+00:00,{},False
BACKTESTER-001,MovingAverageCrossover-MA_CROSS,EUR/USD.IDEALPRO,IDEALPRO-1-136,IDEALPRO-001,IDEALPRO-1-150823,EUR/USD.IDEALPRO-MovingAverageCrossover-MA_CROSS,BUY,MARKET,99999.99,1.13818,USD,2.28 USD,TAKER,0bf89a50-c9e0-4e95-925b-f193cf4c7271,2025-05-29 18:45:00+00:00,2025-05-29 18:45:00+00:00,{},False
BACKTESTER-001,MovingAverageCrossover-MA_CROSS,EUR/USD.IDEALPRO,IDEALPRO-1-137,IDEALPRO-001,IDEALPRO-1-151422,EUR/USD.IDEALPRO-MovingAverageCrossover-MA_CROSS,SELL,STOP_MARKET,0.01,1.13457,USD,0.00 USD,TAKER,125e8c73-e2fb-4792-ae63-986737aca8da,2025-05-30 04:58:00+00:00,2025-05-30 04:58:00+00:00,{},False
BACKTESTER-001,MovingAverageCrossover-MA_CROSS,EUR/USD.IDEALPRO,IDEALPRO-1-137,IDEALPRO-001,IDEALPRO-1-151423,EUR/USD.IDEALPRO-MovingAverageCrossover-MA_CROSS,SELL,STOP_MARKET,99999.99,1.13456,USD,2.27 USD,TAKER,c4b74e9f-0f20-4995-a068-99d5526ac923,2025-05-30 04:58:00+00:00,2025-05-30 04:58:00+00:00,{},False
BACKTESTER-001,MovingAverageCrossover-MA_CROSS,EUR/USD.IDEALPRO,IDEALPRO-1-139,IDEALPRO-001,IDEALPRO-1-155176,EUR/USD.IDEALPRO-MovingAverageCrossover-MA_CROSS,SELL,MARKET,0.01,1.13688,USD,0.00 USD,TAKER,205d68d1-c239-44b5-bf11-d7e7abb52348,2025-06-03 20:00:00+00:00,2025-06-03 20:00:00+00:00,{},False
BACKTESTER-001,MovingAverageCrossover-MA_CROSS,EUR/USD.IDEALPRO,IDEALPRO-1-139,IDEALPRO-001,IDEALPRO-1-155177,EUR/USD.IDEALPRO-MovingAverageCrossover-MA_CROSS,SELL,MARKET,99999.99,1.13687,USD,2.27 USD,TAKER,202de847-b6fc-4373-9f74-22975528399c,2025-06-03 20:00:00+00:00,2025-06-03 20:00:00+00:00,{},False
BACKTESTER-001,MovingAverageCrossover-MA_CROSS,EUR/USD.IDEALPRO,IDEALPRO-1-140,IDEALPRO-001,IDEALPRO-1-156144,EUR/USD.IDEALPRO-MovingAverageCrossover-MA_CROSS,BUY,STOP_MARKET,0.01,1.14048,USD,0.00 USD,TAKER,be9deea4-b357-444c-96a0-815efa53d5ed,2025-06-04 12:21:00+00:00,2025-06-04 12:21:00+00:00,{},False
BACKTESTER-001,MovingAverageCrossover-MA_CROSS,EUR/USD.IDEALPRO,IDEALPRO-1-140,IDEALPRO-001,IDEALPRO-1-156145,EUR/USD.IDEALPRO-MovingAverageCrossover-MA_CROSS,BUY,STOP_MARKET,99999.99,1.14049,USD,2.28 USD,TAKER,53af3b9a-cb36-48f0-a54e-b3c18fffa401,2025-06-04 12:21:00+00:00,2025-06-04 12:21:00+00:00,{},False
BACKTESTER-001,MovingAverageCrossover-MA_CROSS,EUR/USD.IDEALPRO,IDEALPRO-1-142,IDEALPRO-001,IDEALPRO-1-156425,EUR/USD.IDEALPRO-MovingAverageCrossover-MA_CROSS,BUY,MARKET,0.01,1.14331,USD,0.00 USD,TAKER,415b4180-59ed-4ce0-90d8-bb4c80d7b80d,2025-06-04 17:00:00+00:00,2025-06-04 17:00:00+00:00,{},False
BACKTESTER-001,MovingAverageCrossover-MA_CROSS,EUR/USD.IDEALPRO,IDEALPRO-1-142,IDEALPRO-001,IDEALPRO-1-156426,EUR/USD.IDEALPRO-MovingAverageCrossover-MA_CROSS,BUY,MARKET,99999.99,1.14332,USD,2.29 USD,TAKER,4a8a5b4b-310a-4aaa-9329-672986054753,2025-06-04 17:00:00+00:00,2025-06-04 17:00:00+00:00,{},False
BACKTESTER-001,MovingAverageCrossover-MA_CROSS,EUR/USD.IDEALPRO,IDEALPRO-1-144,IDEALPRO-001,IDEALPRO-1-157636,EUR/USD.IDEALPRO-MovingAverageCrossover-MA_CROSS,SELL,LIMIT,0.01,1.14831,USD,0.00 USD,MAKER,a5862767-10e8-4d99-b2a4-2d2de2536453,2025-06-05 13:24:00+00:00,2025-06-05 13:24:00+00:00,{},False
BACKTESTER-001,MovingAverageCrossover-MA_CROSS,EUR/USD.IDEALPRO,IDEALPRO-1-144,IDEALPRO-001,IDEALPRO-1-157637,EUR/USD.IDEALPRO-MovingAverageCrossover-MA_CROSS,SELL,LIMIT,99999.99,1.14831,USD,2.30 USD,MAKER,8424ce06-09b0-4c1e-b874-d966660ebe16,2025-06-05 13:24:00+00:00,2025-06-05 13:24:00+00:00,{},False
BACKTESTER-001,MovingAverageCrossover-MA_CROSS,EUR/USD.IDEALPRO,IDEALPRO-1-145,IDEALPRO-001,IDEALPRO-1-159234,EUR/USD.IDEALPRO-MovingAverageCrossover-MA_CROSS,SELL,MARKET,0.01,1.13950,USD,0.00 USD,TAKER,35f67c3e-f795-4c3d-a878-cf001ea909fe,2025-06-06 16:15:00+00:00,2025-06-06 16:15:00+00:00,{},False
BACKTESTER-001,MovingAverageCrossover-MA_CROSS,EUR/USD.IDEALPRO,IDEALPRO-1-145,IDEALPRO-001,IDEALPRO-1-159235,EUR/USD.IDEALPRO-MovingAverageCrossover-MA_CROSS,SELL,MARKET,99999.99,1.13949,USD,2.28 USD,TAKER,1fb165c7-acb5-455a-ad99-346671dba592,2025-06-06 16:15:00+00:00,2025-06-06 16:15:00+00:00,{},False
BACKTESTER-001,MovingAverageCrossover-MA_CROSS,EUR/USD.IDEALPRO,IDEALPRO-1-146,IDEALPRO-001,IDEALPRO-1-160204,EUR/USD.IDEALPRO-MovingAverageCrossover-MA_CROSS,BUY,STOP_MARKET,0.01,1.14310,USD,0.00 USD,TAKER,00c7fc7b-ccec-4198-aca7-c2cef5511594,2025-06-09 08:38:00+00:00,2025-06-09 08:38:00+00:00,{},False
BACKTESTER-001,MovingAverageCrossover-MA_CROSS,EUR/USD.IDEALPRO,IDEALPRO-1-146,IDEALPRO-001,IDEALPRO-1-160205,EUR/USD.IDEALPRO-MovingAverageCrossover-MA_CROSS,BUY,STOP_MARKET,99999.99,1.14311,USD,2.29 USD,TAKER,8f7beed0-e399-4f66-92cf-82c03a3ab38c,2025-06-09 08:38:00+00:00,2025-06-09 08:38:00+00:00,{},False
BACKTESTER-001,MovingAverageCrossover-MA_CROSS,EUR/USD.IDEALPRO,IDEALPRO-1-148,IDEALPRO-001,IDEALPRO-1-162268,EUR/USD.IDEALPRO-MovingAverageCrossover-MA_CROSS,BUY,MARKET,0.01,1.14264,USD,0.00 USD,TAKER,4b2bfa7a-3d1a-4b03-bd8b-9c6d4014c335,2025-06-10 19:15:00+00:00,2025-06-10 19:15:00+00:00,{},False
BACKTESTER-001,MovingAverageCrossover-MA_CROSS,EUR/USD.IDEALPRO,IDEALPRO-1-148,IDEALPRO-001,IDEALPRO-1-162269,EUR/USD.IDEALPRO-MovingAverageCrossover-MA_CROSS,BUY,MARKET,99999.99,1.14265,USD,2.29 USD,TAKER,1b326f33-71ab-46d8-a160-1a0766e66d28,2025-06-10 19:15:00+00:00,2025-06-10 19:15:00+00:00,{},False
BACKTESTER-001,MovingAverageCrossover-MA_CROSS,EUR/USD.IDEALPRO,IDEALPRO-1-150,IDEALPRO-001,IDEALPRO-1-163294,EUR/USD.IDEALPRO-MovingAverageCrossover-MA_CROSS,SELL,LIMIT,0.01,1.14764,USD,0.00 USD,MAKER,294397d5-163f-461c-acee-6e2ae7786caa,2025-06-11 12:34:00+00:00,2025-06-11 12:34:00+00:00,{},False
BACKTESTER-001,MovingAverageCrossover-MA_CROSS,EUR/USD.IDEALPRO,IDEALPRO-1-150,IDEALPRO-001,IDEALPRO-1-163295,EUR/USD.IDEALPRO-MovingAverageCrossover-MA_CROSS,SELL,LIMIT,99999.99,1.14764,USD,2.30 USD,MAKER,95eb073f-7979-4468-958c-9eaf58df1ff3,2025-06-11 12:34:00+00:00,2025-06-11 12:34:00+00:00,{},False
BACKTESTER-001,MovingAverageCrossover-MA_CROSS,EUR/USD.IDEALPRO,IDEALPRO-1-151,IDEALPRO-001,IDEALPRO-1-168692,EUR/USD.IDEALPRO-MovingAverageCrossover-MA_CROSS,SELL,MARKET,0.01,1.15556,USD,0.00 USD,TAKER,f8609ade-cdf8-4b49-ae00-5840dc0d80b2,2025-06-17 07:30:00+00:00,2025-06-17 07:30:00+00:00,{},False
BACKTESTER-001,MovingAverageCrossover-MA_CROSS,EUR/USD.IDEALPRO,IDEALPRO-1-151,IDEALPRO-001,IDEALPRO-1-168693,EUR/USD.IDEALPRO-MovingAverageCrossover-MA_CROSS,SELL,MARKET,99999.99,1.15555,USD,2.31 USD,TAKER,d785bcd6-f5bb-48b2-b4b8-9e111d21241c,2025-06-17 07:30:00+00:00,2025-06-17 07:30:00+00:00,{},False
BACKTESTER-001,MovingAverageCrossover-MA_CROSS,EUR/USD.IDEALPRO,IDEALPRO-1-154,IDEALPRO-001,IDEALPRO-1-168904,EUR/USD.IDEALPRO-MovingAverageCrossover-MA_CROSS,BUY,MARKET,0.01,1.15682,USD,0.00 USD,TAKER,85800b32-586e-4964-902b-6fa8c610e098,2025-06-17 11:00:00+00:00,2025-06-17 11:00:00+00:00,{},False
BACKTESTER-001,MovingAverageCrossover-MA_CROSS,EUR/USD.IDEALPRO,IDEALPRO-1-154,IDEALPRO-001,IDEALPRO-1-168905,EUR/USD.IDEALPRO-MovingAverageCrossover-MA_CROSS,BUY,MARKET,99999.99,1.15683,USD,2.31 USD,TAKER,d61b50a9-1b61-4e98-97eb-718943b4dd17,2025-06-17 11:00:00+00:00,2025-06-17 11:00:00+00:00,{},False
BACKTESTER-001,MovingAverageCrossover-MA_CROSS,EUR/USD.IDEALPRO,IDEALPRO-1-155,IDEALPRO-001,IDEALPRO-1-169236,EUR/USD.IDEALPRO-MovingAverageCrossover-MA_CROSS,SELL,MARKET,0.01,1.15239,USD,0.00 USD,TAKER,8875843a-1ec9-4ac2-adeb-63cbad5e3193,2025-06-17 16:30:00+00:00,2025-06-17 16:30:00+00:00,{},False
BACKTESTER-001,MovingAverageCrossover-MA_CROSS,EUR/USD.IDEALPRO,IDEALPRO-1-155,IDEALPRO-001,IDEALPRO-1-169237,EUR/USD.IDEALPRO-MovingAverageCrossover-MA_CROSS,SELL,MARKET,99999.99,1.15238,USD,2.30 USD,TAKER,5ae2f873-7195-4296-ade3-8df8b07827c8,2025-06-17 16:30:00+00:00,2025-06-17 16:30:00+00:00,{},False
BACKTESTER-001,MovingAverageCrossover-MA_CROSS,EUR/USD.IDEALPRO,IDEALPRO-1-157,IDEALPRO-001,IDEALPRO-1-170808,EUR/USD.IDEALPRO-MovingAverageCrossover-MA_CROSS,BUY,LIMIT,0.01,1.14739,USD,0.00 USD,MAKER,21779ca7-f27a-45e8-a081-c81bafae0c9b,2025-06-18 18:55:00+00:00,2025-06-18 18:55:00+00:00,{},False
BACKTESTER-001,MovingAverageCrossover-MA_CROSS,EUR/USD.IDEALPRO,IDEALPRO-1-157,IDEALPRO-001,IDEALPRO-1-170815,EUR/USD.IDEALPRO-MovingAverageCrossover-MA_CROSS,BUY,LIMIT,0.01,1.14739,USD,0.00 USD,MAKER,d617c804-7f3d-4e3c-ac1f-552d339c9def,2025-06-18 19:01:00+00:00,2025-06-18 19:01:00+00:00,{},False
BACKTESTER-001,MovingAverageCrossover-MA_CROSS,EUR/USD.IDEALPRO,IDEALPRO-1-157,IDEALPRO-001,IDEALPRO-1-170816,EUR/USD.IDEALPRO-MovingAverageCrossover-MA_CROSS,BUY,LIMIT,99999.98,1.14739,USD,2.29 USD,MAKER,af91e10b-b10c-4af1-b66f-044510a0189e,2025-06-18 19:01:00+00:00,2025-06-18 19:01:00+00:00,{},False
BACKTESTER-001,MovingAverageCrossover-MA_CROSS,EUR/USD.IDEALPRO,IDEALPRO-1-158,IDEALPRO-001,IDEALPRO-1-172751,EUR/USD.IDEALPRO-MovingAverageCrossover-MA_CROSS,BUY,MARKET,0.01,1.15246,USD,0.00 USD,TAKER,81020c3a-997a-4ad3-a38a-763aeefe20cb,2025-06-20 03:45:00+00:00,2025-06-20 03:45:00+00:00,{},False
BACKTESTER-001,MovingAverageCrossover-MA_CROSS,EUR/USD.IDEALPRO,IDEALPRO-1-158,IDEALPRO-001,IDEALPRO-1-172752,EUR/USD.IDEALPRO-MovingAverageCrossover-MA_CROSS,BUY,MARKET,99999.99,1.15247,USD,2.30 USD,TAKER,61342c11-28ce-4150-b14b-9024b85d6222,2025-06-20 03:45:00+00:00,2025-06-20 03:45:00+00:00,{},False
BACKTESTER-001,MovingAverageCrossover-MA_CROSS,EUR/USD.IDEALPRO,IDEALPRO-1-159,IDEALPRO-001,IDEALPRO-1-173789,EUR/USD.IDEALPRO-MovingAverageCrossover-MA_CROSS,SELL,STOP_MARKET,0.01,1.14886,USD,0.00 USD,TAKER,6bca60b4-f71f-48c6-b796-d0e57bbbfe85,2025-06-22 21:16:00+00:00,2025-06-22 21:16:00+00:00,{},False
BACKTESTER-001,MovingAverageCrossover-MA_CROSS,EUR/USD.IDEALPRO,IDEALPRO-1-159,IDEALPRO-001,IDEALPRO-1-173790,EUR/USD.IDEALPRO-MovingAverageCrossover-MA_CROSS,SELL,STOP_MARKET,99999.99,1.14885,USD,2.30 USD,TAKER,b2954aae-a8a7-47be-bf58-8f78596c1825,2025-06-22 21:16:00+00:00,2025-06-22 21:16:00+00:00,{},False
BACKTESTER-001,MovingAverageCrossover-MA_CROSS,EUR/USD.IDEALPRO,IDEALPRO-1-161,IDEALPRO-001,IDEALPRO-1-174375,EUR/USD.IDEALPRO-MovingAverageCrossover-MA_CROSS,SELL,MARKET,0.01,1.15071,USD,0.00 USD,TAKER,33095987-578d-45db-9c5a-342e25c66e10,2025-06-23 07:00:00+00:00,2025-06-23 07:00:00+00:00,{},False
BACKTESTER-001,MovingAverageCrossover-MA_CROSS,EUR/USD.IDEALPRO,IDEALPRO-1-161,IDEALPRO-001,IDEALPRO-1-174376,EUR/USD.IDEALPRO-MovingAverageCrossover-MA_CROSS,SELL,MARKET,99999.99,1.15070,USD,2.30 USD,TAKER,1de41293-c6e1-4f2f-a617-826835e24db3,2025-06-23 07:00:00+00:00,2025-06-23 07:00:00+00:00,{},False
BACKTESTER-001,MovingAverageCrossover-MA_CROSS,EUR/USD.IDEALPRO,IDEALPRO-1-163,IDEALPRO-001,IDEALPRO-1-174526,EUR/USD.IDEALPRO-MovingAverageCrossover-MA_CROSS,BUY,LIMIT,0.01,1.14571,USD,0.00 USD,MAKER,5a9fc8fd-dedc-4cc8-8ed8-d28de0b626a8,2025-06-23 09:29:00+00:00,2025-06-23 09:29:00+00:00,{},False
BACKTESTER-001,MovingAverageCrossover-MA_CROSS,EUR/USD.IDEALPRO,IDEALPRO-1-163,IDEALPRO-001,IDEALPRO-1-174527,EUR/USD.IDEALPRO-MovingAverageCrossover-MA_CROSS,BUY,LIMIT,99999.99,1.14571,USD,2.29 USD,MAKER,e3416f26-b8b9-40df-8ff5-29757bde14b2,2025-06-23 09:29:00+00:00,2025-06-23 09:29:00+00:00,{},False
BACKTESTER-001,MovingAverageCrossover-MA_CROSS,EUR/USD.IDEALPRO,IDEALPRO-1-164,IDEALPRO-001,IDEALPRO-1-175009,EUR/USD.IDEALPRO-MovingAverageCrossover-MA_CROSS,BUY,MARKET,0.01,1.15584,USD,0.00 USD,TAKER,52462e69-bd89-4db5-b70b-0c0680b837db,2025-06-23 17:30:00+00:00,2025-06-23 17:30:00+00:00,{},False
BACKTESTER-001,MovingAverageCrossover-MA_CROSS,EUR/USD.IDEALPRO,IDEALPRO-1-164,IDEALPRO-001,IDEALPRO-1-175010,EUR/USD.IDEALPRO-MovingAverageCrossover-MA_CROSS,BUY,MARKET,99999.99,1.15585,USD,2.31 USD,TAKER,d2d4634c-66d6-454a-9091-3ccf55711995,2025-06-23 17:30:00+00:00,2025-06-23 17:30:00+00:00,{},False
BACKTESTER-001,MovingAverageCrossover-MA_CROSS,EUR/USD.IDEALPRO,IDEALPRO-1-166,IDEALPRO-001,IDEALPRO-1-175373,EUR/USD.IDEALPRO-MovingAverageCrossover-MA_CROSS,SELL,LIMIT,0.01,1.16084,USD,0.00 USD,MAKER,a3c8e5df-47ff-4f25-ba56-8a43e74973a6,2025-06-23 23:47:00+00:00,2025-06-23 23:47:00+00:00,{},False
BACKTESTER-001,MovingAverageCrossover-MA_CROSS,EUR/USD.IDEALPRO,IDEALPRO-1-166,IDEALPRO-001,IDEALPRO-1-175435,EUR/USD.IDEALPRO-MovingAverageCrossover-MA_CROSS,SELL,LIMIT,0.01,1.16084,USD,0.00 USD,MAKER,e258f01a-099f-4342-aea4-61520507f735,2025-06-24 00:48:00+00:00,2025-06-24 00:48:00+00:00,{},False
BACKTESTER-001,MovingAverageCrossover-MA_CROSS,EUR/USD.IDEALPRO,IDEALPRO-1-166,IDEALPRO-001,IDEALPRO-1-175436,EUR/USD.IDEALPRO-MovingAverageCrossover-MA_CROSS,SELL,LIMIT,99999.98,1.16084,USD,2.32 USD,MAKER,6f15c76e-5a80-4400-91a4-aa80f98f7c0b,2025-06-24 00:48:00+00:00,2025-06-24 00:48:00+00:00,{},False
BACKTESTER-001,MovingAverageCrossover-MA_CROSS,EUR/USD.IDEALPRO,IDEALPRO-1-167,IDEALPRO-001,IDEALPRO-1-186249,EUR/USD.IDEALPRO-MovingAverageCrossover-MA_CROSS,SELL,MARKET,0.01,1.17580,USD,0.00 USD,TAKER,3c6d5aa0-8544-420f-904a-495a6660ba94,2025-07-03 14:45:00+00:00,2025-07-03 14:45:00+00:00,{},False
BACKTESTER-001,MovingAverageCrossover-MA_CROSS,EUR/USD.IDEALPRO,IDEALPRO-1-167,IDEALPRO-001,IDEALPRO-1-186250,EUR/USD.IDEALPRO-MovingAverageCrossover-MA_CROSS,SELL,MARKET,99999.99,1.17579,USD,2.35 USD,TAKER,1f8fd257-e51b-4e51-be0d-71c7bec2bc77,2025-07-03 14:45:00+00:00,2025-07-03 14:45:00+00:00,{},False
BACKTESTER-001,MovingAverageCrossover-MA_CROSS,EUR/USD.IDEALPRO,IDEALPRO-1-169,IDEALPRO-001,IDEALPRO-1-189224,EUR/USD.IDEALPRO-MovingAverageCrossover-MA_CROSS,BUY,LIMIT,0.01,1.17080,USD,0.00 USD,MAKER,f9c605e2-b499-41fc-9b36-452f071a4bd5,2025-07-07 16:48:00+00:00,2025-07-07 16:48:00+00:00,{},False
BACKTESTER-001,MovingAverageCrossover-MA_CROSS,EUR/USD.IDEALPRO,IDEALPRO-1-169,IDEALPRO-001,IDEALPRO-1-189225,EUR/USD.IDEALPRO-MovingAverageCrossover-MA_CROSS,BUY,LIMIT,99999.99,1.17080,USD,2.34 USD,MAKER,326a5fe8-b3fb-4dce-b57e-677dd0f6b2c2,2025-07-07 16:48:00+00:00,2025-07-07 16:48:00+00:00,{},False
BACKTESTER-001,MovingAverageCrossover-MA_CROSS,EUR/USD.IDEALPRO,IDEALPRO-1-170,IDEALPRO-001,IDEALPRO-1-192823,EUR/USD.IDEALPRO-MovingAverageCrossover-MA_CROSS,BUY,MARKET,0.01,1.17375,USD,0.00 USD,TAKER,31405ea4-4379-420b-9b8e-8715673fe0e7,2025-07-10 05:30:00+00:00,2025-07-10 05:30:00+00:00,{},False
BACKTESTER-001,MovingAverageCrossover-MA_CROSS,EUR/USD.IDEALPRO,IDEALPRO-1-170,IDEALPRO-001,IDEALPRO-1-192824,EUR/USD.IDEALPRO-MovingAverageCrossover-MA_CROSS,BUY,MARKET,99999.99,1.17376,USD,2.35 USD,TAKER,2e617482-aa45-437c-b384-307034558890,2025-07-10 05:30:00+00:00,2025-07-10 05:30:00+00:00,{},False
BACKTESTER-001,MovingAverageCrossover-MA_CROSS,EUR/USD.IDEALPRO,IDEALPRO-1-171,IDEALPRO-001,IDEALPRO-1-193304,EUR/USD.IDEALPRO-MovingAverageCrossover-MA_CROSS,SELL,STOP_MARKET,0.01,1.17015,USD,0.00 USD,TAKER,d418079f-790b-4a0e-b9e6-a38740f7e0d3,2025-07-10 13:29:00+00:00,2025-07-10 13:29:00+00:00,{},False
BACKTESTER-001,MovingAverageCrossover-MA_CROSS,EUR/USD.IDEALPRO,IDEALPRO-1-171,IDEALPRO-001,IDEALPRO-1-193305,EUR/USD.IDEALPRO-MovingAverageCrossover-MA_CROSS,SELL,STOP_MARKET,99999.99,1.17014,USD,2.34 USD,TAKER,45566a9f-bd6e-40a6-bb9e-de1da980d8a4,2025-07-10 13:29:00+00:00,2025-07-10 13:29:00+00:00,{},False
BACKTESTER-001,MovingAverageCrossover-MA_CROSS,EUR/USD.IDEALPRO,IDEALPRO-1-173,IDEALPRO-001,IDEALPRO-1-193502,EUR/USD.IDEALPRO-MovingAverageCrossover-MA_CROSS,SELL,MARKET,0.01,1.16840,USD,0.00 USD,TAKER,c7f8563b-2008-4aa5-b1b3-2774b352dc51,2025-07-10 16:45:00+00:00,2025-07-10 16:45:00+00:00,{},False
BACKTESTER-001,MovingAverageCrossover-MA_CROSS,EUR/USD.IDEALPRO,IDEALPRO-1-173,IDEALPRO-001,IDEALPRO-1-193503,EUR/USD.IDEALPRO-MovingAverageCrossover-MA_CROSS,SELL,MARKET,99999.99,1.16839,USD,2.34 USD,TAKER,9c130716-a88f-45b9-afc4-2d99771ab8d9,2025-07-10 16:45:00+00:00,2025-07-10 16:45:00+00:00,{},False
BACKTESTER-001,MovingAverageCrossover-MA_CROSS,EUR/USD.IDEALPRO,IDEALPRO-1-175,IDEALPRO-001,IDEALPRO-1-197616,EUR/USD.IDEALPRO-MovingAverageCrossover-MA_CROSS,BUY,LIMIT,0.01,1.16340,USD,0.00 USD,MAKER,098bba8c-58be-447a-8ead-0f132fc7c6d5,2025-07-15 14:02:00+00:00,2025-07-15 14:02:00+00:00,{},False
BACKTESTER-001,MovingAverageCrossover-MA_CROSS,EUR/USD.IDEALPRO,IDEALPRO-1-175,IDEALPRO-001,IDEALPRO-1-197617,EUR/USD.IDEALPRO-MovingAverageCrossover-MA_CROSS,BUY,LIMIT,99999.99,1.16340,USD,2.33 USD,MAKER,4a9d93d9-0763-4486-bdff-ab1458491103,2025-07-15 14:02:00+00:00,2025-07-15 14:02:00+00:00,{},False
BACKTESTER-001,MovingAverageCrossover-MA_CROSS,EUR/USD.IDEALPRO,IDEALPRO-1-176,IDEALPRO-001,IDEALPRO-1-201471,EUR/USD.IDEALPRO-MovingAverageCrossover-MA_CROSS,BUY,MARKET,0.01,1.16206,USD,0.00 USD,TAKER,084f61cc-b155-4680-90e4-b94f4e600d69,2025-07-18 07:00:00+00:00,2025-07-18 07:00:00+00:00,{},False
BACKTESTER-001,MovingAverageCrossover-MA_CROSS,EUR/USD.IDEALPRO,IDEALPRO-1-176,IDEALPRO-001,IDEALPRO-1-201472,EUR/USD.IDEALPRO-MovingAverageCrossover-MA_CROSS,BUY,MARKET,99999.99,1.16207,USD,2.32 USD,TAKER,5ea15280-5278-4259-b251-8d15c49fe4a7,2025-07-18 07:00:00+00:00,2025-07-18 07:00:00+00:00,{},False
BACKTESTER-001,MovingAverageCrossover-MA_CROSS,EUR/USD.IDEALPRO,IDEALPRO-1-178,IDEALPRO-001,IDEALPRO-1-201894,EUR/USD.IDEALPRO-MovingAverageCrossover-MA_CROSS,SELL,LIMIT,0.01,1.16706,USD,0.00 USD,MAKER,96cc4386-7df8-4bfa-a283-22d71b580389,2025-07-18 14:01:00+00:00,2025-07-18 14:01:00+00:00,{},False
BACKTESTER-001,MovingAverageCrossover-MA_CROSS,EUR/USD.IDEALPRO,IDEALPRO-1-178,IDEALPRO-001,IDEALPRO-1-201895,EUR/USD.IDEALPRO-MovingAverageCrossover-MA_CROSS,SELL,LIMIT,99999.99,1.16706,USD,2.33 USD,MAKER,9eba8521-2708-4ea7-975e-34aca3c18a52,2025-07-18 14:01:00+00:00,2025-07-18 14:01:00+00:00,{},False
BACKTESTER-001,MovingAverageCrossover-MA_CROSS,EUR/USD.IDEALPRO,IDEALPRO-1-179,IDEALPRO-001,IDEALPRO-1-208675,EUR/USD.IDEALPRO-MovingAverageCrossover-MA_CROSS,SELL,MARKET,0.01,1.17438,USD,0.00 USD,TAKER,dace41c6-1a50-49f7-ac6a-5fc0cf37dc9f,2025-07-25 08:15:00+00:00,2025-07-25 08:15:00+00:00,{},False
BACKTESTER-001,MovingAverageCrossover-MA_CROSS,EUR/USD.IDEALPRO,IDEALPRO-1-179,IDEALPRO-001,IDEALPRO-1-208676,EUR/USD.IDEALPRO-MovingAverageCrossover-MA_CROSS,SELL,MARKET,99999.99,1.17437,USD,2.35 USD,TAKER,c726734b-08f5-4b30-96bb-d702e73e9dee,2025-07-25 08:15:00+00:00,2025-07-25 08:15:00+00:00,{},False
BACKTESTER-001,MovingAverageCrossover-MA_CROSS,EUR/USD.IDEALPRO,IDEALPRO-1-181,IDEALPRO-001,IDEALPRO-1-210068,EUR/USD.IDEALPRO-MovingAverageCrossover-MA_CROSS,BUY,LIMIT,0.01,1.16938,USD,0.00 USD,MAKER,bd777f24-540c-4bb0-bc7b-46f3f1cb846e,2025-07-28 07:41:00+00:00,2025-07-28 07:41:00+00:00,{},False
BACKTESTER-001,MovingAverageCrossover-MA_CROSS,EUR/USD.IDEALPRO,IDEALPRO-1-181,IDEALPRO-001,IDEALPRO-1-210069,EUR/USD.IDEALPRO-MovingAverageCrossover-MA_CROSS,BUY,LIMIT,99999.99,1.16938,USD,2.34 USD,MAKER,1e5e6384-afa2-474b-b24c-f62fa0b8e45a,2025-07-28 07:41:00+00:00,2025-07-28 07:41:00+00:00,{},False
