total,locked,free,currency,account_id,account_type,base_currency,margins,reported,info
100000.00,0.00,100000.00,USD,IDEALPRO-001,MARGIN,,[],True,{}
100000.00,0.00,100000.00,EUR,IDEALPRO-001,MARGIN,,[],True,{}
100000.00,3111.30,96888.70,USD,IDEALPRO-001,MARGIN,,"[{'type': 'MarginBalance', 'initial': '3111.30', 'maintenance': '0.00', 'currency': 'USD', 'instrument_id': 'EUR/USD.IDEALPRO'}]",False,{}
100000.00,0.00,100000.00,EUR,IDEALPRO-001,MARGIN,,"[{'type': 'MarginBalance', 'initial': '3111.30', 'maintenance': '0.00', 'currency': 'USD', 'instrument_id': 'EUR/USD.IDEALPRO'}]",False,{}
100000.00,3111.30,96888.70,USD,IDEALPRO-001,MARGIN,,"[{'type': 'MarginBalance', 'initial': '3111.30', 'maintenance': '0.00', 'currency': 'USD', 'instrument_id': 'EUR/USD.IDEALPRO'}]",False,{}
100000.00,0.00,100000.00,EUR,IDEALPRO-001,MARGIN,,"[{'type': 'MarginBalance', 'initial': '3111.30', 'maintenance': '0.00', 'currency': 'USD', 'instrument_id': 'EUR/USD.IDEALPRO'}]",False,{}
100000.00,3111.30,96888.70,USD,IDEALPRO-001,MARGIN,,"[{'type': 'MarginBalance', 'initial': '3111.30', 'maintenance': '0.00', 'currency': 'USD', 'instrument_id': 'EUR/USD.IDEALPRO'}]",False,{}
100000.00,0.00,100000.00,EUR,IDEALPRO-001,MARGIN,,"[{'type': 'MarginBalance', 'initial': '3111.30', 'maintenance': '0.00', 'currency': 'USD', 'instrument_id': 'EUR/USD.IDEALPRO'}]",False,{}
99997.93,3111.30,96886.63,USD,IDEALPRO-001,MARGIN,,"[{'type': 'MarginBalance', 'initial': '3111.30', 'maintenance': '0.00', 'currency': 'USD', 'instrument_id': 'EUR/USD.IDEALPRO'}]",False,{}
100000.00,0.00,100000.00,EUR,IDEALPRO-001,MARGIN,,"[{'type': 'MarginBalance', 'initial': '3111.30', 'maintenance': '0.00', 'currency': 'USD', 'instrument_id': 'EUR/USD.IDEALPRO'}]",False,{}
99997.93,2074.20,97923.73,USD,IDEALPRO-001,MARGIN,,"[{'type': 'MarginBalance', 'initial': '0.00', 'maintenance': '2074.20', 'currency': 'USD', 'instrument_id': 'EUR/USD.IDEALPRO'}]",False,{}
100000.00,0.00,100000.00,EUR,IDEALPRO-001,MARGIN,,"[{'type': 'MarginBalance', 'initial': '0.00', 'maintenance': '2074.20', 'currency': 'USD', 'instrument_id': 'EUR/USD.IDEALPRO'}]",False,{}
99997.93,2074.20,97923.73,USD,IDEALPRO-001,MARGIN,,"[{'type': 'MarginBalance', 'initial': '0.00', 'maintenance': '2074.20', 'currency': 'USD', 'instrument_id': 'EUR/USD.IDEALPRO'}]",False,{}
100000.00,0.00,100000.00,EUR,IDEALPRO-001,MARGIN,,"[{'type': 'MarginBalance', 'initial': '0.00', 'maintenance': '2074.20', 'currency': 'USD', 'instrument_id': 'EUR/USD.IDEALPRO'}]",False,{}
99997.93,2074.20,97923.73,USD,IDEALPRO-001,MARGIN,,"[{'type': 'MarginBalance', 'initial': '0.00', 'maintenance': '2074.20', 'currency': 'USD', 'instrument_id': 'EUR/USD.IDEALPRO'}]",False,{}
100000.00,0.00,100000.00,EUR,IDEALPRO-001,MARGIN,,"[{'type': 'MarginBalance', 'initial': '0.00', 'maintenance': '2074.20', 'currency': 'USD', 'instrument_id': 'EUR/USD.IDEALPRO'}]",False,{}
99997.93,2074.20,97923.73,USD,IDEALPRO-001,MARGIN,,"[{'type': 'MarginBalance', 'initial': '0.00', 'maintenance': '2074.20', 'currency': 'USD', 'instrument_id': 'EUR/USD.IDEALPRO'}]",False,{}
100000.00,0.00,100000.00,EUR,IDEALPRO-001,MARGIN,,"[{'type': 'MarginBalance', 'initial': '0.00', 'maintenance': '2074.20', 'currency': 'USD', 'instrument_id': 'EUR/USD.IDEALPRO'}]",False,{}
99791.86,0.00,99791.86,USD,IDEALPRO-001,MARGIN,,[],False,{}
100000.00,0.00,100000.00,EUR,IDEALPRO-001,MARGIN,,[],False,{}
99791.86,0.00,99791.86,USD,IDEALPRO-001,MARGIN,,[],False,{}
100000.00,0.00,100000.00,EUR,IDEALPRO-001,MARGIN,,[],False,{}
99791.86,0.00,99791.86,USD,IDEALPRO-001,MARGIN,,[],False,{}
100000.00,0.00,100000.00,EUR,IDEALPRO-001,MARGIN,,[],False,{}
99791.86,3087.99,96703.87,USD,IDEALPRO-001,MARGIN,,"[{'type': 'MarginBalance', 'initial': '3087.99', 'maintenance': '0.00', 'currency': 'USD', 'instrument_id': 'EUR/USD.IDEALPRO'}]",False,{}
100000.00,0.00,100000.00,EUR,IDEALPRO-001,MARGIN,,"[{'type': 'MarginBalance', 'initial': '3087.99', 'maintenance': '0.00', 'currency': 'USD', 'instrument_id': 'EUR/USD.IDEALPRO'}]",False,{}
99791.86,3087.99,96703.87,USD,IDEALPRO-001,MARGIN,,"[{'type': 'MarginBalance', 'initial': '3087.99', 'maintenance': '0.00', 'currency': 'USD', 'instrument_id': 'EUR/USD.IDEALPRO'}]",False,{}
100000.00,0.00,100000.00,EUR,IDEALPRO-001,MARGIN,,"[{'type': 'MarginBalance', 'initial': '3087.99', 'maintenance': '0.00', 'currency': 'USD', 'instrument_id': 'EUR/USD.IDEALPRO'}]",False,{}
99791.86,3087.99,96703.87,USD,IDEALPRO-001,MARGIN,,"[{'type': 'MarginBalance', 'initial': '3087.99', 'maintenance': '0.00', 'currency': 'USD', 'instrument_id': 'EUR/USD.IDEALPRO'}]",False,{}
100000.00,0.00,100000.00,EUR,IDEALPRO-001,MARGIN,,"[{'type': 'MarginBalance', 'initial': '3087.99', 'maintenance': '0.00', 'currency': 'USD', 'instrument_id': 'EUR/USD.IDEALPRO'}]",False,{}
99789.80,3087.99,96701.81,USD,IDEALPRO-001,MARGIN,,"[{'type': 'MarginBalance', 'initial': '3087.99', 'maintenance': '0.00', 'currency': 'USD', 'instrument_id': 'EUR/USD.IDEALPRO'}]",False,{}
100000.00,0.00,100000.00,EUR,IDEALPRO-001,MARGIN,,"[{'type': 'MarginBalance', 'initial': '3087.99', 'maintenance': '0.00', 'currency': 'USD', 'instrument_id': 'EUR/USD.IDEALPRO'}]",False,{}
99789.80,2058.66,97731.14,USD,IDEALPRO-001,MARGIN,,"[{'type': 'MarginBalance', 'initial': '0.00', 'maintenance': '2058.66', 'currency': 'USD', 'instrument_id': 'EUR/USD.IDEALPRO'}]",False,{}
100000.00,0.00,100000.00,EUR,IDEALPRO-001,MARGIN,,"[{'type': 'MarginBalance', 'initial': '0.00', 'maintenance': '2058.66', 'currency': 'USD', 'instrument_id': 'EUR/USD.IDEALPRO'}]",False,{}
99789.80,2058.66,97731.14,USD,IDEALPRO-001,MARGIN,,"[{'type': 'MarginBalance', 'initial': '0.00', 'maintenance': '2058.66', 'currency': 'USD', 'instrument_id': 'EUR/USD.IDEALPRO'}]",False,{}
100000.00,0.00,100000.00,EUR,IDEALPRO-001,MARGIN,,"[{'type': 'MarginBalance', 'initial': '0.00', 'maintenance': '2058.66', 'currency': 'USD', 'instrument_id': 'EUR/USD.IDEALPRO'}]",False,{}
99789.80,2058.66,97731.14,USD,IDEALPRO-001,MARGIN,,"[{'type': 'MarginBalance', 'initial': '0.00', 'maintenance': '2058.66', 'currency': 'USD', 'instrument_id': 'EUR/USD.IDEALPRO'}]",False,{}
100000.00,0.00,100000.00,EUR,IDEALPRO-001,MARGIN,,"[{'type': 'MarginBalance', 'initial': '0.00', 'maintenance': '2058.66', 'currency': 'USD', 'instrument_id': 'EUR/USD.IDEALPRO'}]",False,{}
100287.73,0.00,100287.73,USD,IDEALPRO-001,MARGIN,,[],False,{}
100000.00,0.00,100000.00,EUR,IDEALPRO-001,MARGIN,,[],False,{}
100287.73,0.00,100287.73,USD,IDEALPRO-001,MARGIN,,[],False,{}
100000.00,0.00,100000.00,EUR,IDEALPRO-001,MARGIN,,[],False,{}
100287.73,3110.46,97177.27,USD,IDEALPRO-001,MARGIN,,"[{'type': 'MarginBalance', 'initial': '3110.46', 'maintenance': '0.00', 'currency': 'USD', 'instrument_id': 'EUR/USD.IDEALPRO'}]",False,{}
100000.00,0.00,100000.00,EUR,IDEALPRO-001,MARGIN,,"[{'type': 'MarginBalance', 'initial': '3110.46', 'maintenance': '0.00', 'currency': 'USD', 'instrument_id': 'EUR/USD.IDEALPRO'}]",False,{}
100287.73,3110.46,97177.27,USD,IDEALPRO-001,MARGIN,,"[{'type': 'MarginBalance', 'initial': '3110.46', 'maintenance': '0.00', 'currency': 'USD', 'instrument_id': 'EUR/USD.IDEALPRO'}]",False,{}
100000.00,0.00,100000.00,EUR,IDEALPRO-001,MARGIN,,"[{'type': 'MarginBalance', 'initial': '3110.46', 'maintenance': '0.00', 'currency': 'USD', 'instrument_id': 'EUR/USD.IDEALPRO'}]",False,{}
100287.73,3110.46,97177.27,USD,IDEALPRO-001,MARGIN,,"[{'type': 'MarginBalance', 'initial': '3110.46', 'maintenance': '0.00', 'currency': 'USD', 'instrument_id': 'EUR/USD.IDEALPRO'}]",False,{}
100000.00,0.00,100000.00,EUR,IDEALPRO-001,MARGIN,,"[{'type': 'MarginBalance', 'initial': '3110.46', 'maintenance': '0.00', 'currency': 'USD', 'instrument_id': 'EUR/USD.IDEALPRO'}]",False,{}
100285.65,3110.46,97175.19,USD,IDEALPRO-001,MARGIN,,"[{'type': 'MarginBalance', 'initial': '3110.46', 'maintenance': '0.00', 'currency': 'USD', 'instrument_id': 'EUR/USD.IDEALPRO'}]",False,{}
100000.00,0.00,100000.00,EUR,IDEALPRO-001,MARGIN,,"[{'type': 'MarginBalance', 'initial': '3110.46', 'maintenance': '0.00', 'currency': 'USD', 'instrument_id': 'EUR/USD.IDEALPRO'}]",False,{}
100285.65,2075.86,98209.79,USD,IDEALPRO-001,MARGIN,,"[{'type': 'MarginBalance', 'initial': '0.00', 'maintenance': '2075.86', 'currency': 'USD', 'instrument_id': 'EUR/USD.IDEALPRO'}]",False,{}
100000.00,0.00,100000.00,EUR,IDEALPRO-001,MARGIN,,"[{'type': 'MarginBalance', 'initial': '0.00', 'maintenance': '2075.86', 'currency': 'USD', 'instrument_id': 'EUR/USD.IDEALPRO'}]",False,{}
100285.65,2075.86,98209.79,USD,IDEALPRO-001,MARGIN,,"[{'type': 'MarginBalance', 'initial': '0.00', 'maintenance': '2075.86', 'currency': 'USD', 'instrument_id': 'EUR/USD.IDEALPRO'}]",False,{}
100000.00,0.00,100000.00,EUR,IDEALPRO-001,MARGIN,,"[{'type': 'MarginBalance', 'initial': '0.00', 'maintenance': '2075.86', 'currency': 'USD', 'instrument_id': 'EUR/USD.IDEALPRO'}]",False,{}
100285.65,2075.86,98209.79,USD,IDEALPRO-001,MARGIN,,"[{'type': 'MarginBalance', 'initial': '0.00', 'maintenance': '2075.86', 'currency': 'USD', 'instrument_id': 'EUR/USD.IDEALPRO'}]",False,{}
100000.00,0.00,100000.00,EUR,IDEALPRO-001,MARGIN,,"[{'type': 'MarginBalance', 'initial': '0.00', 'maintenance': '2075.86', 'currency': 'USD', 'instrument_id': 'EUR/USD.IDEALPRO'}]",False,{}
100894.59,0.00,100894.59,USD,IDEALPRO-001,MARGIN,,[],False,{}
100000.00,0.00,100000.00,EUR,IDEALPRO-001,MARGIN,,[],False,{}
100894.59,0.00,100894.59,USD,IDEALPRO-001,MARGIN,,[],False,{}
100000.00,0.00,100000.00,EUR,IDEALPRO-001,MARGIN,,[],False,{}
100894.59,3096.12,97798.47,USD,IDEALPRO-001,MARGIN,,"[{'type': 'MarginBalance', 'initial': '3096.12', 'maintenance': '0.00', 'currency': 'USD', 'instrument_id': 'EUR/USD.IDEALPRO'}]",False,{}
100000.00,0.00,100000.00,EUR,IDEALPRO-001,MARGIN,,"[{'type': 'MarginBalance', 'initial': '3096.12', 'maintenance': '0.00', 'currency': 'USD', 'instrument_id': 'EUR/USD.IDEALPRO'}]",False,{}
100894.59,3096.12,97798.47,USD,IDEALPRO-001,MARGIN,,"[{'type': 'MarginBalance', 'initial': '3096.12', 'maintenance': '0.00', 'currency': 'USD', 'instrument_id': 'EUR/USD.IDEALPRO'}]",False,{}
100000.00,0.00,100000.00,EUR,IDEALPRO-001,MARGIN,,"[{'type': 'MarginBalance', 'initial': '3096.12', 'maintenance': '0.00', 'currency': 'USD', 'instrument_id': 'EUR/USD.IDEALPRO'}]",False,{}
100894.59,3096.12,97798.47,USD,IDEALPRO-001,MARGIN,,"[{'type': 'MarginBalance', 'initial': '3096.12', 'maintenance': '0.00', 'currency': 'USD', 'instrument_id': 'EUR/USD.IDEALPRO'}]",False,{}
100000.00,0.00,100000.00,EUR,IDEALPRO-001,MARGIN,,"[{'type': 'MarginBalance', 'initial': '3096.12', 'maintenance': '0.00', 'currency': 'USD', 'instrument_id': 'EUR/USD.IDEALPRO'}]",False,{}
100892.53,3096.12,97796.41,USD,IDEALPRO-001,MARGIN,,"[{'type': 'MarginBalance', 'initial': '3096.12', 'maintenance': '0.00', 'currency': 'USD', 'instrument_id': 'EUR/USD.IDEALPRO'}]",False,{}
100000.00,0.00,100000.00,EUR,IDEALPRO-001,MARGIN,,"[{'type': 'MarginBalance', 'initial': '3096.12', 'maintenance': '0.00', 'currency': 'USD', 'instrument_id': 'EUR/USD.IDEALPRO'}]",False,{}
100892.53,2063.70,98828.83,USD,IDEALPRO-001,MARGIN,,"[{'type': 'MarginBalance', 'initial': '0.00', 'maintenance': '2063.70', 'currency': 'USD', 'instrument_id': 'EUR/USD.IDEALPRO'}]",False,{}
100000.00,0.00,100000.00,EUR,IDEALPRO-001,MARGIN,,"[{'type': 'MarginBalance', 'initial': '0.00', 'maintenance': '2063.70', 'currency': 'USD', 'instrument_id': 'EUR/USD.IDEALPRO'}]",False,{}
100892.53,2063.70,98828.83,USD,IDEALPRO-001,MARGIN,,"[{'type': 'MarginBalance', 'initial': '0.00', 'maintenance': '2063.70', 'currency': 'USD', 'instrument_id': 'EUR/USD.IDEALPRO'}]",False,{}
100000.00,0.00,100000.00,EUR,IDEALPRO-001,MARGIN,,"[{'type': 'MarginBalance', 'initial': '0.00', 'maintenance': '2063.70', 'currency': 'USD', 'instrument_id': 'EUR/USD.IDEALPRO'}]",False,{}
100892.53,2063.70,98828.83,USD,IDEALPRO-001,MARGIN,,"[{'type': 'MarginBalance', 'initial': '0.00', 'maintenance': '2063.70', 'currency': 'USD', 'instrument_id': 'EUR/USD.IDEALPRO'}]",False,{}
100000.00,0.00,100000.00,EUR,IDEALPRO-001,MARGIN,,"[{'type': 'MarginBalance', 'initial': '0.00', 'maintenance': '2063.70', 'currency': 'USD', 'instrument_id': 'EUR/USD.IDEALPRO'}]",False,{}
100892.53,2063.70,98828.83,USD,IDEALPRO-001,MARGIN,,"[{'type': 'MarginBalance', 'initial': '0.00', 'maintenance': '2063.70', 'currency': 'USD', 'instrument_id': 'EUR/USD.IDEALPRO'}]",False,{}
100000.00,0.00,100000.00,EUR,IDEALPRO-001,MARGIN,,"[{'type': 'MarginBalance', 'initial': '0.00', 'maintenance': '2063.70', 'currency': 'USD', 'instrument_id': 'EUR/USD.IDEALPRO'}]",False,{}
100706.47,0.00,100706.47,USD,IDEALPRO-001,MARGIN,,[],False,{}
100000.00,0.00,100000.00,EUR,IDEALPRO-001,MARGIN,,[],False,{}
100706.47,0.00,100706.47,USD,IDEALPRO-001,MARGIN,,[],False,{}
100000.00,0.00,100000.00,EUR,IDEALPRO-001,MARGIN,,[],False,{}
100706.47,0.00,100706.47,USD,IDEALPRO-001,MARGIN,,[],False,{}
100000.00,0.00,100000.00,EUR,IDEALPRO-001,MARGIN,,[],False,{}
100706.47,3091.05,97615.42,USD,IDEALPRO-001,MARGIN,,"[{'type': 'MarginBalance', 'initial': '3091.05', 'maintenance': '0.00', 'currency': 'USD', 'instrument_id': 'EUR/USD.IDEALPRO'}]",False,{}
100000.00,0.00,100000.00,EUR,IDEALPRO-001,MARGIN,,"[{'type': 'MarginBalance', 'initial': '3091.05', 'maintenance': '0.00', 'currency': 'USD', 'instrument_id': 'EUR/USD.IDEALPRO'}]",False,{}
100706.47,3091.05,97615.42,USD,IDEALPRO-001,MARGIN,,"[{'type': 'MarginBalance', 'initial': '3091.05', 'maintenance': '0.00', 'currency': 'USD', 'instrument_id': 'EUR/USD.IDEALPRO'}]",False,{}
100000.00,0.00,100000.00,EUR,IDEALPRO-001,MARGIN,,"[{'type': 'MarginBalance', 'initial': '3091.05', 'maintenance': '0.00', 'currency': 'USD', 'instrument_id': 'EUR/USD.IDEALPRO'}]",False,{}
100706.47,3091.05,97615.42,USD,IDEALPRO-001,MARGIN,,"[{'type': 'MarginBalance', 'initial': '3091.05', 'maintenance': '0.00', 'currency': 'USD', 'instrument_id': 'EUR/USD.IDEALPRO'}]",False,{}
100000.00,0.00,100000.00,EUR,IDEALPRO-001,MARGIN,,"[{'type': 'MarginBalance', 'initial': '3091.05', 'maintenance': '0.00', 'currency': 'USD', 'instrument_id': 'EUR/USD.IDEALPRO'}]",False,{}
100704.41,3091.05,97613.36,USD,IDEALPRO-001,MARGIN,,"[{'type': 'MarginBalance', 'initial': '3091.05', 'maintenance': '0.00', 'currency': 'USD', 'instrument_id': 'EUR/USD.IDEALPRO'}]",False,{}
100000.00,0.00,100000.00,EUR,IDEALPRO-001,MARGIN,,"[{'type': 'MarginBalance', 'initial': '3091.05', 'maintenance': '0.00', 'currency': 'USD', 'instrument_id': 'EUR/USD.IDEALPRO'}]",False,{}
100704.41,2060.70,98643.71,USD,IDEALPRO-001,MARGIN,,"[{'type': 'MarginBalance', 'initial': '0.00', 'maintenance': '2060.70', 'currency': 'USD', 'instrument_id': 'EUR/USD.IDEALPRO'}]",False,{}
100000.00,0.00,100000.00,EUR,IDEALPRO-001,MARGIN,,"[{'type': 'MarginBalance', 'initial': '0.00', 'maintenance': '2060.70', 'currency': 'USD', 'instrument_id': 'EUR/USD.IDEALPRO'}]",False,{}
100704.41,2060.70,98643.71,USD,IDEALPRO-001,MARGIN,,"[{'type': 'MarginBalance', 'initial': '0.00', 'maintenance': '2060.70', 'currency': 'USD', 'instrument_id': 'EUR/USD.IDEALPRO'}]",False,{}
100000.00,0.00,100000.00,EUR,IDEALPRO-001,MARGIN,,"[{'type': 'MarginBalance', 'initial': '0.00', 'maintenance': '2060.70', 'currency': 'USD', 'instrument_id': 'EUR/USD.IDEALPRO'}]",False,{}
100704.41,2060.70,98643.71,USD,IDEALPRO-001,MARGIN,,"[{'type': 'MarginBalance', 'initial': '0.00', 'maintenance': '2060.70', 'currency': 'USD', 'instrument_id': 'EUR/USD.IDEALPRO'}]",False,{}
100000.00,0.00,100000.00,EUR,IDEALPRO-001,MARGIN,,"[{'type': 'MarginBalance', 'initial': '0.00', 'maintenance': '2060.70', 'currency': 'USD', 'instrument_id': 'EUR/USD.IDEALPRO'}]",False,{}
100451.35,0.00,100451.35,USD,IDEALPRO-001,MARGIN,,[],False,{}
100000.00,0.00,100000.00,EUR,IDEALPRO-001,MARGIN,,[],False,{}
100451.35,0.00,100451.35,USD,IDEALPRO-001,MARGIN,,[],False,{}
100000.00,0.00,100000.00,EUR,IDEALPRO-001,MARGIN,,[],False,{}
100451.35,3075.81,97375.54,USD,IDEALPRO-001,MARGIN,,"[{'type': 'MarginBalance', 'initial': '3075.81', 'maintenance': '0.00', 'currency': 'USD', 'instrument_id': 'EUR/USD.IDEALPRO'}]",False,{}
100000.00,0.00,100000.00,EUR,IDEALPRO-001,MARGIN,,"[{'type': 'MarginBalance', 'initial': '3075.81', 'maintenance': '0.00', 'currency': 'USD', 'instrument_id': 'EUR/USD.IDEALPRO'}]",False,{}
100451.35,3075.81,97375.54,USD,IDEALPRO-001,MARGIN,,"[{'type': 'MarginBalance', 'initial': '3075.81', 'maintenance': '0.00', 'currency': 'USD', 'instrument_id': 'EUR/USD.IDEALPRO'}]",False,{}
100000.00,0.00,100000.00,EUR,IDEALPRO-001,MARGIN,,"[{'type': 'MarginBalance', 'initial': '3075.81', 'maintenance': '0.00', 'currency': 'USD', 'instrument_id': 'EUR/USD.IDEALPRO'}]",False,{}
100451.35,3075.81,97375.54,USD,IDEALPRO-001,MARGIN,,"[{'type': 'MarginBalance', 'initial': '3075.81', 'maintenance': '0.00', 'currency': 'USD', 'instrument_id': 'EUR/USD.IDEALPRO'}]",False,{}
100000.00,0.00,100000.00,EUR,IDEALPRO-001,MARGIN,,"[{'type': 'MarginBalance', 'initial': '3075.81', 'maintenance': '0.00', 'currency': 'USD', 'instrument_id': 'EUR/USD.IDEALPRO'}]",False,{}
100449.30,3075.81,97373.49,USD,IDEALPRO-001,MARGIN,,"[{'type': 'MarginBalance', 'initial': '3075.81', 'maintenance': '0.00', 'currency': 'USD', 'instrument_id': 'EUR/USD.IDEALPRO'}]",False,{}
100000.00,0.00,100000.00,EUR,IDEALPRO-001,MARGIN,,"[{'type': 'MarginBalance', 'initial': '3075.81', 'maintenance': '0.00', 'currency': 'USD', 'instrument_id': 'EUR/USD.IDEALPRO'}]",False,{}
100449.30,2050.98,98398.32,USD,IDEALPRO-001,MARGIN,,"[{'type': 'MarginBalance', 'initial': '0.00', 'maintenance': '2050.98', 'currency': 'USD', 'instrument_id': 'EUR/USD.IDEALPRO'}]",False,{}
100000.00,0.00,100000.00,EUR,IDEALPRO-001,MARGIN,,"[{'type': 'MarginBalance', 'initial': '0.00', 'maintenance': '2050.98', 'currency': 'USD', 'instrument_id': 'EUR/USD.IDEALPRO'}]",False,{}
100449.30,2050.98,98398.32,USD,IDEALPRO-001,MARGIN,,"[{'type': 'MarginBalance', 'initial': '0.00', 'maintenance': '2050.98', 'currency': 'USD', 'instrument_id': 'EUR/USD.IDEALPRO'}]",False,{}
100000.00,0.00,100000.00,EUR,IDEALPRO-001,MARGIN,,"[{'type': 'MarginBalance', 'initial': '0.00', 'maintenance': '2050.98', 'currency': 'USD', 'instrument_id': 'EUR/USD.IDEALPRO'}]",False,{}
100449.30,2050.98,98398.32,USD,IDEALPRO-001,MARGIN,,"[{'type': 'MarginBalance', 'initial': '0.00', 'maintenance': '2050.98', 'currency': 'USD', 'instrument_id': 'EUR/USD.IDEALPRO'}]",False,{}
100000.00,0.00,100000.00,EUR,IDEALPRO-001,MARGIN,,"[{'type': 'MarginBalance', 'initial': '0.00', 'maintenance': '2050.98', 'currency': 'USD', 'instrument_id': 'EUR/USD.IDEALPRO'}]",False,{}
100218.24,0.00,100218.24,USD,IDEALPRO-001,MARGIN,,[],False,{}
100000.00,0.00,100000.00,EUR,IDEALPRO-001,MARGIN,,[],False,{}
100218.24,0.00,100218.24,USD,IDEALPRO-001,MARGIN,,[],False,{}
100000.00,0.00,100000.00,EUR,IDEALPRO-001,MARGIN,,[],False,{}
100218.24,3077.16,97141.08,USD,IDEALPRO-001,MARGIN,,"[{'type': 'MarginBalance', 'initial': '3077.16', 'maintenance': '0.00', 'currency': 'USD', 'instrument_id': 'EUR/USD.IDEALPRO'}]",False,{}
100000.00,0.00,100000.00,EUR,IDEALPRO-001,MARGIN,,"[{'type': 'MarginBalance', 'initial': '3077.16', 'maintenance': '0.00', 'currency': 'USD', 'instrument_id': 'EUR/USD.IDEALPRO'}]",False,{}
100218.24,3077.16,97141.08,USD,IDEALPRO-001,MARGIN,,"[{'type': 'MarginBalance', 'initial': '3077.16', 'maintenance': '0.00', 'currency': 'USD', 'instrument_id': 'EUR/USD.IDEALPRO'}]",False,{}
100000.00,0.00,100000.00,EUR,IDEALPRO-001,MARGIN,,"[{'type': 'MarginBalance', 'initial': '3077.16', 'maintenance': '0.00', 'currency': 'USD', 'instrument_id': 'EUR/USD.IDEALPRO'}]",False,{}
100218.24,3077.16,97141.08,USD,IDEALPRO-001,MARGIN,,"[{'type': 'MarginBalance', 'initial': '3077.16', 'maintenance': '0.00', 'currency': 'USD', 'instrument_id': 'EUR/USD.IDEALPRO'}]",False,{}
100000.00,0.00,100000.00,EUR,IDEALPRO-001,MARGIN,,"[{'type': 'MarginBalance', 'initial': '3077.16', 'maintenance': '0.00', 'currency': 'USD', 'instrument_id': 'EUR/USD.IDEALPRO'}]",False,{}
100216.19,3077.16,97139.03,USD,IDEALPRO-001,MARGIN,,"[{'type': 'MarginBalance', 'initial': '3077.16', 'maintenance': '0.00', 'currency': 'USD', 'instrument_id': 'EUR/USD.IDEALPRO'}]",False,{}
100000.00,0.00,100000.00,EUR,IDEALPRO-001,MARGIN,,"[{'type': 'MarginBalance', 'initial': '3077.16', 'maintenance': '0.00', 'currency': 'USD', 'instrument_id': 'EUR/USD.IDEALPRO'}]",False,{}
100216.19,2051.44,98164.75,USD,IDEALPRO-001,MARGIN,,"[{'type': 'MarginBalance', 'initial': '0.00', 'maintenance': '2051.44', 'currency': 'USD', 'instrument_id': 'EUR/USD.IDEALPRO'}]",False,{}
100000.00,0.00,100000.00,EUR,IDEALPRO-001,MARGIN,,"[{'type': 'MarginBalance', 'initial': '0.00', 'maintenance': '2051.44', 'currency': 'USD', 'instrument_id': 'EUR/USD.IDEALPRO'}]",False,{}
100216.19,2051.44,98164.75,USD,IDEALPRO-001,MARGIN,,"[{'type': 'MarginBalance', 'initial': '0.00', 'maintenance': '2051.44', 'currency': 'USD', 'instrument_id': 'EUR/USD.IDEALPRO'}]",False,{}
100000.00,0.00,100000.00,EUR,IDEALPRO-001,MARGIN,,"[{'type': 'MarginBalance', 'initial': '0.00', 'maintenance': '2051.44', 'currency': 'USD', 'instrument_id': 'EUR/USD.IDEALPRO'}]",False,{}
100216.19,2051.44,98164.75,USD,IDEALPRO-001,MARGIN,,"[{'type': 'MarginBalance', 'initial': '0.00', 'maintenance': '2051.44', 'currency': 'USD', 'instrument_id': 'EUR/USD.IDEALPRO'}]",False,{}
100000.00,0.00,100000.00,EUR,IDEALPRO-001,MARGIN,,"[{'type': 'MarginBalance', 'initial': '0.00', 'maintenance': '2051.44', 'currency': 'USD', 'instrument_id': 'EUR/USD.IDEALPRO'}]",False,{}
100714.13,0.00,100714.13,USD,IDEALPRO-001,MARGIN,,[],False,{}
100000.00,0.00,100000.00,EUR,IDEALPRO-001,MARGIN,,[],False,{}
100714.13,0.00,100714.13,USD,IDEALPRO-001,MARGIN,,[],False,{}
100000.00,0.00,100000.00,EUR,IDEALPRO-001,MARGIN,,[],False,{}
100714.13,3085.68,97628.45,USD,IDEALPRO-001,MARGIN,,"[{'type': 'MarginBalance', 'initial': '3085.68', 'maintenance': '0.00', 'currency': 'USD', 'instrument_id': 'EUR/USD.IDEALPRO'}]",False,{}
100000.00,0.00,100000.00,EUR,IDEALPRO-001,MARGIN,,"[{'type': 'MarginBalance', 'initial': '3085.68', 'maintenance': '0.00', 'currency': 'USD', 'instrument_id': 'EUR/USD.IDEALPRO'}]",False,{}
100714.13,3085.68,97628.45,USD,IDEALPRO-001,MARGIN,,"[{'type': 'MarginBalance', 'initial': '3085.68', 'maintenance': '0.00', 'currency': 'USD', 'instrument_id': 'EUR/USD.IDEALPRO'}]",False,{}
100000.00,0.00,100000.00,EUR,IDEALPRO-001,MARGIN,,"[{'type': 'MarginBalance', 'initial': '3085.68', 'maintenance': '0.00', 'currency': 'USD', 'instrument_id': 'EUR/USD.IDEALPRO'}]",False,{}
100714.13,3085.68,97628.45,USD,IDEALPRO-001,MARGIN,,"[{'type': 'MarginBalance', 'initial': '3085.68', 'maintenance': '0.00', 'currency': 'USD', 'instrument_id': 'EUR/USD.IDEALPRO'}]",False,{}
100000.00,0.00,100000.00,EUR,IDEALPRO-001,MARGIN,,"[{'type': 'MarginBalance', 'initial': '3085.68', 'maintenance': '0.00', 'currency': 'USD', 'instrument_id': 'EUR/USD.IDEALPRO'}]",False,{}
100712.07,3085.68,97626.39,USD,IDEALPRO-001,MARGIN,,"[{'type': 'MarginBalance', 'initial': '3085.68', 'maintenance': '0.00', 'currency': 'USD', 'instrument_id': 'EUR/USD.IDEALPRO'}]",False,{}
100000.00,0.00,100000.00,EUR,IDEALPRO-001,MARGIN,,"[{'type': 'MarginBalance', 'initial': '3085.68', 'maintenance': '0.00', 'currency': 'USD', 'instrument_id': 'EUR/USD.IDEALPRO'}]",False,{}
100712.07,2057.24,98654.83,USD,IDEALPRO-001,MARGIN,,"[{'type': 'MarginBalance', 'initial': '0.00', 'maintenance': '2057.24', 'currency': 'USD', 'instrument_id': 'EUR/USD.IDEALPRO'}]",False,{}
100000.00,0.00,100000.00,EUR,IDEALPRO-001,MARGIN,,"[{'type': 'MarginBalance', 'initial': '0.00', 'maintenance': '2057.24', 'currency': 'USD', 'instrument_id': 'EUR/USD.IDEALPRO'}]",False,{}
100712.07,2057.24,98654.83,USD,IDEALPRO-001,MARGIN,,"[{'type': 'MarginBalance', 'initial': '0.00', 'maintenance': '2057.24', 'currency': 'USD', 'instrument_id': 'EUR/USD.IDEALPRO'}]",False,{}
100000.00,0.00,100000.00,EUR,IDEALPRO-001,MARGIN,,"[{'type': 'MarginBalance', 'initial': '0.00', 'maintenance': '2057.24', 'currency': 'USD', 'instrument_id': 'EUR/USD.IDEALPRO'}]",False,{}
100712.07,2057.24,98654.83,USD,IDEALPRO-001,MARGIN,,"[{'type': 'MarginBalance', 'initial': '0.00', 'maintenance': '2057.24', 'currency': 'USD', 'instrument_id': 'EUR/USD.IDEALPRO'}]",False,{}
100000.00,0.00,100000.00,EUR,IDEALPRO-001,MARGIN,,"[{'type': 'MarginBalance', 'initial': '0.00', 'maintenance': '2057.24', 'currency': 'USD', 'instrument_id': 'EUR/USD.IDEALPRO'}]",False,{}
100465.01,0.00,100465.01,USD,IDEALPRO-001,MARGIN,,[],False,{}
100000.00,0.00,100000.00,EUR,IDEALPRO-001,MARGIN,,[],False,{}
100465.01,0.00,100465.01,USD,IDEALPRO-001,MARGIN,,[],False,{}
100000.00,0.00,100000.00,EUR,IDEALPRO-001,MARGIN,,[],False,{}
100465.01,3091.68,97373.33,USD,IDEALPRO-001,MARGIN,,"[{'type': 'MarginBalance', 'initial': '3091.68', 'maintenance': '0.00', 'currency': 'USD', 'instrument_id': 'EUR/USD.IDEALPRO'}]",False,{}
100000.00,0.00,100000.00,EUR,IDEALPRO-001,MARGIN,,"[{'type': 'MarginBalance', 'initial': '3091.68', 'maintenance': '0.00', 'currency': 'USD', 'instrument_id': 'EUR/USD.IDEALPRO'}]",False,{}
100465.01,3091.68,97373.33,USD,IDEALPRO-001,MARGIN,,"[{'type': 'MarginBalance', 'initial': '3091.68', 'maintenance': '0.00', 'currency': 'USD', 'instrument_id': 'EUR/USD.IDEALPRO'}]",False,{}
100000.00,0.00,100000.00,EUR,IDEALPRO-001,MARGIN,,"[{'type': 'MarginBalance', 'initial': '3091.68', 'maintenance': '0.00', 'currency': 'USD', 'instrument_id': 'EUR/USD.IDEALPRO'}]",False,{}
100465.01,3091.68,97373.33,USD,IDEALPRO-001,MARGIN,,"[{'type': 'MarginBalance', 'initial': '3091.68', 'maintenance': '0.00', 'currency': 'USD', 'instrument_id': 'EUR/USD.IDEALPRO'}]",False,{}
100000.00,0.00,100000.00,EUR,IDEALPRO-001,MARGIN,,"[{'type': 'MarginBalance', 'initial': '3091.68', 'maintenance': '0.00', 'currency': 'USD', 'instrument_id': 'EUR/USD.IDEALPRO'}]",False,{}
100462.95,3091.68,97371.27,USD,IDEALPRO-001,MARGIN,,"[{'type': 'MarginBalance', 'initial': '3091.68', 'maintenance': '0.00', 'currency': 'USD', 'instrument_id': 'EUR/USD.IDEALPRO'}]",False,{}
100000.00,0.00,100000.00,EUR,IDEALPRO-001,MARGIN,,"[{'type': 'MarginBalance', 'initial': '3091.68', 'maintenance': '0.00', 'currency': 'USD', 'instrument_id': 'EUR/USD.IDEALPRO'}]",False,{}
100462.95,2061.12,98401.83,USD,IDEALPRO-001,MARGIN,,"[{'type': 'MarginBalance', 'initial': '0.00', 'maintenance': '2061.12', 'currency': 'USD', 'instrument_id': 'EUR/USD.IDEALPRO'}]",False,{}
100000.00,0.00,100000.00,EUR,IDEALPRO-001,MARGIN,,"[{'type': 'MarginBalance', 'initial': '0.00', 'maintenance': '2061.12', 'currency': 'USD', 'instrument_id': 'EUR/USD.IDEALPRO'}]",False,{}
100462.95,2061.12,98401.83,USD,IDEALPRO-001,MARGIN,,"[{'type': 'MarginBalance', 'initial': '0.00', 'maintenance': '2061.12', 'currency': 'USD', 'instrument_id': 'EUR/USD.IDEALPRO'}]",False,{}
100000.00,0.00,100000.00,EUR,IDEALPRO-001,MARGIN,,"[{'type': 'MarginBalance', 'initial': '0.00', 'maintenance': '2061.12', 'currency': 'USD', 'instrument_id': 'EUR/USD.IDEALPRO'}]",False,{}
100462.95,2061.12,98401.83,USD,IDEALPRO-001,MARGIN,,"[{'type': 'MarginBalance', 'initial': '0.00', 'maintenance': '2061.12', 'currency': 'USD', 'instrument_id': 'EUR/USD.IDEALPRO'}]",False,{}
100000.00,0.00,100000.00,EUR,IDEALPRO-001,MARGIN,,"[{'type': 'MarginBalance', 'initial': '0.00', 'maintenance': '2061.12', 'currency': 'USD', 'instrument_id': 'EUR/USD.IDEALPRO'}]",False,{}
100462.95,2061.12,98401.83,USD,IDEALPRO-001,MARGIN,,"[{'type': 'MarginBalance', 'initial': '0.00', 'maintenance': '2061.12', 'currency': 'USD', 'instrument_id': 'EUR/USD.IDEALPRO'}]",False,{}
100000.00,0.00,100000.00,EUR,IDEALPRO-001,MARGIN,,"[{'type': 'MarginBalance', 'initial': '0.00', 'maintenance': '2061.12', 'currency': 'USD', 'instrument_id': 'EUR/USD.IDEALPRO'}]",False,{}
100296.89,0.00,100296.89,USD,IDEALPRO-001,MARGIN,,[],False,{}
100000.00,0.00,100000.00,EUR,IDEALPRO-001,MARGIN,,[],False,{}
100296.89,0.00,100296.89,USD,IDEALPRO-001,MARGIN,,[],False,{}
100000.00,0.00,100000.00,EUR,IDEALPRO-001,MARGIN,,[],False,{}
100296.89,0.00,100296.89,USD,IDEALPRO-001,MARGIN,,[],False,{}
100000.00,0.00,100000.00,EUR,IDEALPRO-001,MARGIN,,[],False,{}
100296.89,3091.56,97205.33,USD,IDEALPRO-001,MARGIN,,"[{'type': 'MarginBalance', 'initial': '3091.56', 'maintenance': '0.00', 'currency': 'USD', 'instrument_id': 'EUR/USD.IDEALPRO'}]",False,{}
100000.00,0.00,100000.00,EUR,IDEALPRO-001,MARGIN,,"[{'type': 'MarginBalance', 'initial': '3091.56', 'maintenance': '0.00', 'currency': 'USD', 'instrument_id': 'EUR/USD.IDEALPRO'}]",False,{}
100296.89,3091.56,97205.33,USD,IDEALPRO-001,MARGIN,,"[{'type': 'MarginBalance', 'initial': '3091.56', 'maintenance': '0.00', 'currency': 'USD', 'instrument_id': 'EUR/USD.IDEALPRO'}]",False,{}
100000.00,0.00,100000.00,EUR,IDEALPRO-001,MARGIN,,"[{'type': 'MarginBalance', 'initial': '3091.56', 'maintenance': '0.00', 'currency': 'USD', 'instrument_id': 'EUR/USD.IDEALPRO'}]",False,{}
100296.89,3091.56,97205.33,USD,IDEALPRO-001,MARGIN,,"[{'type': 'MarginBalance', 'initial': '3091.56', 'maintenance': '0.00', 'currency': 'USD', 'instrument_id': 'EUR/USD.IDEALPRO'}]",False,{}
100000.00,0.00,100000.00,EUR,IDEALPRO-001,MARGIN,,"[{'type': 'MarginBalance', 'initial': '3091.56', 'maintenance': '0.00', 'currency': 'USD', 'instrument_id': 'EUR/USD.IDEALPRO'}]",False,{}
100294.83,3091.56,97203.27,USD,IDEALPRO-001,MARGIN,,"[{'type': 'MarginBalance', 'initial': '3091.56', 'maintenance': '0.00', 'currency': 'USD', 'instrument_id': 'EUR/USD.IDEALPRO'}]",False,{}
100000.00,0.00,100000.00,EUR,IDEALPRO-001,MARGIN,,"[{'type': 'MarginBalance', 'initial': '3091.56', 'maintenance': '0.00', 'currency': 'USD', 'instrument_id': 'EUR/USD.IDEALPRO'}]",False,{}
100294.83,2060.46,98234.37,USD,IDEALPRO-001,MARGIN,,"[{'type': 'MarginBalance', 'initial': '0.00', 'maintenance': '2060.46', 'currency': 'USD', 'instrument_id': 'EUR/USD.IDEALPRO'}]",False,{}
100000.00,0.00,100000.00,EUR,IDEALPRO-001,MARGIN,,"[{'type': 'MarginBalance', 'initial': '0.00', 'maintenance': '2060.46', 'currency': 'USD', 'instrument_id': 'EUR/USD.IDEALPRO'}]",False,{}
100294.83,2060.46,98234.37,USD,IDEALPRO-001,MARGIN,,"[{'type': 'MarginBalance', 'initial': '0.00', 'maintenance': '2060.46', 'currency': 'USD', 'instrument_id': 'EUR/USD.IDEALPRO'}]",False,{}
100000.00,0.00,100000.00,EUR,IDEALPRO-001,MARGIN,,"[{'type': 'MarginBalance', 'initial': '0.00', 'maintenance': '2060.46', 'currency': 'USD', 'instrument_id': 'EUR/USD.IDEALPRO'}]",False,{}
100294.83,2060.46,98234.37,USD,IDEALPRO-001,MARGIN,,"[{'type': 'MarginBalance', 'initial': '0.00', 'maintenance': '2060.46', 'currency': 'USD', 'instrument_id': 'EUR/USD.IDEALPRO'}]",False,{}
100000.00,0.00,100000.00,EUR,IDEALPRO-001,MARGIN,,"[{'type': 'MarginBalance', 'initial': '0.00', 'maintenance': '2060.46', 'currency': 'USD', 'instrument_id': 'EUR/USD.IDEALPRO'}]",False,{}
100294.83,2060.46,98234.37,USD,IDEALPRO-001,MARGIN,,"[{'type': 'MarginBalance', 'initial': '0.00', 'maintenance': '2060.46', 'currency': 'USD', 'instrument_id': 'EUR/USD.IDEALPRO'}]",False,{}
100000.00,0.00,100000.00,EUR,IDEALPRO-001,MARGIN,,"[{'type': 'MarginBalance', 'initial': '0.00', 'maintenance': '2060.46', 'currency': 'USD', 'instrument_id': 'EUR/USD.IDEALPRO'}]",False,{}
100170.77,0.00,100170.77,USD,IDEALPRO-001,MARGIN,,[],False,{}
100000.00,0.00,100000.00,EUR,IDEALPRO-001,MARGIN,,[],False,{}
100170.77,0.00,100170.77,USD,IDEALPRO-001,MARGIN,,[],False,{}
100000.00,0.00,100000.00,EUR,IDEALPRO-001,MARGIN,,[],False,{}
100170.77,0.00,100170.77,USD,IDEALPRO-001,MARGIN,,[],False,{}
100000.00,0.00,100000.00,EUR,IDEALPRO-001,MARGIN,,[],False,{}
100170.77,3091.86,97078.91,USD,IDEALPRO-001,MARGIN,,"[{'type': 'MarginBalance', 'initial': '3091.86', 'maintenance': '0.00', 'currency': 'USD', 'instrument_id': 'EUR/USD.IDEALPRO'}]",False,{}
100000.00,0.00,100000.00,EUR,IDEALPRO-001,MARGIN,,"[{'type': 'MarginBalance', 'initial': '3091.86', 'maintenance': '0.00', 'currency': 'USD', 'instrument_id': 'EUR/USD.IDEALPRO'}]",False,{}
100170.77,3091.86,97078.91,USD,IDEALPRO-001,MARGIN,,"[{'type': 'MarginBalance', 'initial': '3091.86', 'maintenance': '0.00', 'currency': 'USD', 'instrument_id': 'EUR/USD.IDEALPRO'}]",False,{}
100000.00,0.00,100000.00,EUR,IDEALPRO-001,MARGIN,,"[{'type': 'MarginBalance', 'initial': '3091.86', 'maintenance': '0.00', 'currency': 'USD', 'instrument_id': 'EUR/USD.IDEALPRO'}]",False,{}
100170.77,3091.86,97078.91,USD,IDEALPRO-001,MARGIN,,"[{'type': 'MarginBalance', 'initial': '3091.86', 'maintenance': '0.00', 'currency': 'USD', 'instrument_id': 'EUR/USD.IDEALPRO'}]",False,{}
100000.00,0.00,100000.00,EUR,IDEALPRO-001,MARGIN,,"[{'type': 'MarginBalance', 'initial': '3091.86', 'maintenance': '0.00', 'currency': 'USD', 'instrument_id': 'EUR/USD.IDEALPRO'}]",False,{}
100168.71,3091.86,97076.85,USD,IDEALPRO-001,MARGIN,,"[{'type': 'MarginBalance', 'initial': '3091.86', 'maintenance': '0.00', 'currency': 'USD', 'instrument_id': 'EUR/USD.IDEALPRO'}]",False,{}
100000.00,0.00,100000.00,EUR,IDEALPRO-001,MARGIN,,"[{'type': 'MarginBalance', 'initial': '3091.86', 'maintenance': '0.00', 'currency': 'USD', 'instrument_id': 'EUR/USD.IDEALPRO'}]",False,{}
100168.71,2061.00,98107.71,USD,IDEALPRO-001,MARGIN,,"[{'type': 'MarginBalance', 'initial': '0.00', 'maintenance': '2061.00', 'currency': 'USD', 'instrument_id': 'EUR/USD.IDEALPRO'}]",False,{}
100000.00,0.00,100000.00,EUR,IDEALPRO-001,MARGIN,,"[{'type': 'MarginBalance', 'initial': '0.00', 'maintenance': '2061.00', 'currency': 'USD', 'instrument_id': 'EUR/USD.IDEALPRO'}]",False,{}
100168.71,2061.00,98107.71,USD,IDEALPRO-001,MARGIN,,"[{'type': 'MarginBalance', 'initial': '0.00', 'maintenance': '2061.00', 'currency': 'USD', 'instrument_id': 'EUR/USD.IDEALPRO'}]",False,{}
100000.00,0.00,100000.00,EUR,IDEALPRO-001,MARGIN,,"[{'type': 'MarginBalance', 'initial': '0.00', 'maintenance': '2061.00', 'currency': 'USD', 'instrument_id': 'EUR/USD.IDEALPRO'}]",False,{}
100168.71,2061.00,98107.71,USD,IDEALPRO-001,MARGIN,,"[{'type': 'MarginBalance', 'initial': '0.00', 'maintenance': '2061.00', 'currency': 'USD', 'instrument_id': 'EUR/USD.IDEALPRO'}]",False,{}
100000.00,0.00,100000.00,EUR,IDEALPRO-001,MARGIN,,"[{'type': 'MarginBalance', 'initial': '0.00', 'maintenance': '2061.00', 'currency': 'USD', 'instrument_id': 'EUR/USD.IDEALPRO'}]",False,{}
100678.64,0.00,100678.64,USD,IDEALPRO-001,MARGIN,,[],False,{}
100000.00,0.00,100000.00,EUR,IDEALPRO-001,MARGIN,,[],False,{}
100678.64,0.00,100678.64,USD,IDEALPRO-001,MARGIN,,[],False,{}
100000.00,0.00,100000.00,EUR,IDEALPRO-001,MARGIN,,[],False,{}
100678.64,3111.63,97567.01,USD,IDEALPRO-001,MARGIN,,"[{'type': 'MarginBalance', 'initial': '3111.63', 'maintenance': '0.00', 'currency': 'USD', 'instrument_id': 'EUR/USD.IDEALPRO'}]",False,{}
100000.00,0.00,100000.00,EUR,IDEALPRO-001,MARGIN,,"[{'type': 'MarginBalance', 'initial': '3111.63', 'maintenance': '0.00', 'currency': 'USD', 'instrument_id': 'EUR/USD.IDEALPRO'}]",False,{}
100678.64,3111.63,97567.01,USD,IDEALPRO-001,MARGIN,,"[{'type': 'MarginBalance', 'initial': '3111.63', 'maintenance': '0.00', 'currency': 'USD', 'instrument_id': 'EUR/USD.IDEALPRO'}]",False,{}
100000.00,0.00,100000.00,EUR,IDEALPRO-001,MARGIN,,"[{'type': 'MarginBalance', 'initial': '3111.63', 'maintenance': '0.00', 'currency': 'USD', 'instrument_id': 'EUR/USD.IDEALPRO'}]",False,{}
100678.64,3111.63,97567.01,USD,IDEALPRO-001,MARGIN,,"[{'type': 'MarginBalance', 'initial': '3111.63', 'maintenance': '0.00', 'currency': 'USD', 'instrument_id': 'EUR/USD.IDEALPRO'}]",False,{}
100000.00,0.00,100000.00,EUR,IDEALPRO-001,MARGIN,,"[{'type': 'MarginBalance', 'initial': '3111.63', 'maintenance': '0.00', 'currency': 'USD', 'instrument_id': 'EUR/USD.IDEALPRO'}]",False,{}
100676.57,3111.63,97564.94,USD,IDEALPRO-001,MARGIN,,"[{'type': 'MarginBalance', 'initial': '3111.63', 'maintenance': '0.00', 'currency': 'USD', 'instrument_id': 'EUR/USD.IDEALPRO'}]",False,{}
100000.00,0.00,100000.00,EUR,IDEALPRO-001,MARGIN,,"[{'type': 'MarginBalance', 'initial': '3111.63', 'maintenance': '0.00', 'currency': 'USD', 'instrument_id': 'EUR/USD.IDEALPRO'}]",False,{}
100676.57,2074.42,98602.15,USD,IDEALPRO-001,MARGIN,,"[{'type': 'MarginBalance', 'initial': '0.00', 'maintenance': '2074.42', 'currency': 'USD', 'instrument_id': 'EUR/USD.IDEALPRO'}]",False,{}
100000.00,0.00,100000.00,EUR,IDEALPRO-001,MARGIN,,"[{'type': 'MarginBalance', 'initial': '0.00', 'maintenance': '2074.42', 'currency': 'USD', 'instrument_id': 'EUR/USD.IDEALPRO'}]",False,{}
100676.57,2074.42,98602.15,USD,IDEALPRO-001,MARGIN,,"[{'type': 'MarginBalance', 'initial': '0.00', 'maintenance': '2074.42', 'currency': 'USD', 'instrument_id': 'EUR/USD.IDEALPRO'}]",False,{}
100000.00,0.00,100000.00,EUR,IDEALPRO-001,MARGIN,,"[{'type': 'MarginBalance', 'initial': '0.00', 'maintenance': '2074.42', 'currency': 'USD', 'instrument_id': 'EUR/USD.IDEALPRO'}]",False,{}
100676.57,2074.42,98602.15,USD,IDEALPRO-001,MARGIN,,"[{'type': 'MarginBalance', 'initial': '0.00', 'maintenance': '2074.42', 'currency': 'USD', 'instrument_id': 'EUR/USD.IDEALPRO'}]",False,{}
100000.00,0.00,100000.00,EUR,IDEALPRO-001,MARGIN,,"[{'type': 'MarginBalance', 'initial': '0.00', 'maintenance': '2074.42', 'currency': 'USD', 'instrument_id': 'EUR/USD.IDEALPRO'}]",False,{}
100423.49,0.00,100423.49,USD,IDEALPRO-001,MARGIN,,[],False,{}
100000.00,0.00,100000.00,EUR,IDEALPRO-001,MARGIN,,[],False,{}
100423.49,0.00,100423.49,USD,IDEALPRO-001,MARGIN,,[],False,{}
100000.00,0.00,100000.00,EUR,IDEALPRO-001,MARGIN,,[],False,{}
100423.49,3120.57,97302.92,USD,IDEALPRO-001,MARGIN,,"[{'type': 'MarginBalance', 'initial': '3120.57', 'maintenance': '0.00', 'currency': 'USD', 'instrument_id': 'EUR/USD.IDEALPRO'}]",False,{}
100000.00,0.00,100000.00,EUR,IDEALPRO-001,MARGIN,,"[{'type': 'MarginBalance', 'initial': '3120.57', 'maintenance': '0.00', 'currency': 'USD', 'instrument_id': 'EUR/USD.IDEALPRO'}]",False,{}
100423.49,0.00,100423.49,USD,IDEALPRO-001,MARGIN,,[],False,{}
100000.00,0.00,100000.00,EUR,IDEALPRO-001,MARGIN,,[],False,{}
100423.49,0.00,100423.49,USD,IDEALPRO-001,MARGIN,,[],False,{}
100000.00,0.00,100000.00,EUR,IDEALPRO-001,MARGIN,,[],False,{}
100423.49,0.00,100423.49,USD,IDEALPRO-001,MARGIN,,[],False,{}
100000.00,0.00,100000.00,EUR,IDEALPRO-001,MARGIN,,[],False,{}
100423.49,3124.44,97299.05,USD,IDEALPRO-001,MARGIN,,"[{'type': 'MarginBalance', 'initial': '3124.44', 'maintenance': '0.00', 'currency': 'USD', 'instrument_id': 'EUR/USD.IDEALPRO'}]",False,{}
100000.00,0.00,100000.00,EUR,IDEALPRO-001,MARGIN,,"[{'type': 'MarginBalance', 'initial': '3124.44', 'maintenance': '0.00', 'currency': 'USD', 'instrument_id': 'EUR/USD.IDEALPRO'}]",False,{}
100423.49,3124.44,97299.05,USD,IDEALPRO-001,MARGIN,,"[{'type': 'MarginBalance', 'initial': '3124.44', 'maintenance': '0.00', 'currency': 'USD', 'instrument_id': 'EUR/USD.IDEALPRO'}]",False,{}
100000.00,0.00,100000.00,EUR,IDEALPRO-001,MARGIN,,"[{'type': 'MarginBalance', 'initial': '3124.44', 'maintenance': '0.00', 'currency': 'USD', 'instrument_id': 'EUR/USD.IDEALPRO'}]",False,{}
100423.49,3124.44,97299.05,USD,IDEALPRO-001,MARGIN,,"[{'type': 'MarginBalance', 'initial': '3124.44', 'maintenance': '0.00', 'currency': 'USD', 'instrument_id': 'EUR/USD.IDEALPRO'}]",False,{}
100000.00,0.00,100000.00,EUR,IDEALPRO-001,MARGIN,,"[{'type': 'MarginBalance', 'initial': '3124.44', 'maintenance': '0.00', 'currency': 'USD', 'instrument_id': 'EUR/USD.IDEALPRO'}]",False,{}
100421.41,3124.44,97296.97,USD,IDEALPRO-001,MARGIN,,"[{'type': 'MarginBalance', 'initial': '3124.44', 'maintenance': '0.00', 'currency': 'USD', 'instrument_id': 'EUR/USD.IDEALPRO'}]",False,{}
100000.00,0.00,100000.00,EUR,IDEALPRO-001,MARGIN,,"[{'type': 'MarginBalance', 'initial': '3124.44', 'maintenance': '0.00', 'currency': 'USD', 'instrument_id': 'EUR/USD.IDEALPRO'}]",False,{}
100421.41,2082.96,98338.45,USD,IDEALPRO-001,MARGIN,,"[{'type': 'MarginBalance', 'initial': '0.00', 'maintenance': '2082.96', 'currency': 'USD', 'instrument_id': 'EUR/USD.IDEALPRO'}]",False,{}
100000.00,0.00,100000.00,EUR,IDEALPRO-001,MARGIN,,"[{'type': 'MarginBalance', 'initial': '0.00', 'maintenance': '2082.96', 'currency': 'USD', 'instrument_id': 'EUR/USD.IDEALPRO'}]",False,{}
100421.41,2082.96,98338.45,USD,IDEALPRO-001,MARGIN,,"[{'type': 'MarginBalance', 'initial': '0.00', 'maintenance': '2082.96', 'currency': 'USD', 'instrument_id': 'EUR/USD.IDEALPRO'}]",False,{}
100000.00,0.00,100000.00,EUR,IDEALPRO-001,MARGIN,,"[{'type': 'MarginBalance', 'initial': '0.00', 'maintenance': '2082.96', 'currency': 'USD', 'instrument_id': 'EUR/USD.IDEALPRO'}]",False,{}
100421.41,2082.96,98338.45,USD,IDEALPRO-001,MARGIN,,"[{'type': 'MarginBalance', 'initial': '0.00', 'maintenance': '2082.96', 'currency': 'USD', 'instrument_id': 'EUR/USD.IDEALPRO'}]",False,{}
100000.00,0.00,100000.00,EUR,IDEALPRO-001,MARGIN,,"[{'type': 'MarginBalance', 'initial': '0.00', 'maintenance': '2082.96', 'currency': 'USD', 'instrument_id': 'EUR/USD.IDEALPRO'}]",False,{}
100421.41,2082.96,98338.45,USD,IDEALPRO-001,MARGIN,,"[{'type': 'MarginBalance', 'initial': '0.00', 'maintenance': '2082.96', 'currency': 'USD', 'instrument_id': 'EUR/USD.IDEALPRO'}]",False,{}
100000.00,0.00,100000.00,EUR,IDEALPRO-001,MARGIN,,"[{'type': 'MarginBalance', 'initial': '0.00', 'maintenance': '2082.96', 'currency': 'USD', 'instrument_id': 'EUR/USD.IDEALPRO'}]",False,{}
100439.33,0.00,100439.33,USD,IDEALPRO-001,MARGIN,,[],False,{}
100000.00,0.00,100000.00,EUR,IDEALPRO-001,MARGIN,,[],False,{}
100439.33,0.00,100439.33,USD,IDEALPRO-001,MARGIN,,[],False,{}
100000.00,0.00,100000.00,EUR,IDEALPRO-001,MARGIN,,[],False,{}
100439.33,0.00,100439.33,USD,IDEALPRO-001,MARGIN,,[],False,{}
100000.00,0.00,100000.00,EUR,IDEALPRO-001,MARGIN,,[],False,{}
100439.33,3119.52,97319.81,USD,IDEALPRO-001,MARGIN,,"[{'type': 'MarginBalance', 'initial': '3119.52', 'maintenance': '0.00', 'currency': 'USD', 'instrument_id': 'EUR/USD.IDEALPRO'}]",False,{}
100000.00,0.00,100000.00,EUR,IDEALPRO-001,MARGIN,,"[{'type': 'MarginBalance', 'initial': '3119.52', 'maintenance': '0.00', 'currency': 'USD', 'instrument_id': 'EUR/USD.IDEALPRO'}]",False,{}
100439.33,3119.52,97319.81,USD,IDEALPRO-001,MARGIN,,"[{'type': 'MarginBalance', 'initial': '3119.52', 'maintenance': '0.00', 'currency': 'USD', 'instrument_id': 'EUR/USD.IDEALPRO'}]",False,{}
100000.00,0.00,100000.00,EUR,IDEALPRO-001,MARGIN,,"[{'type': 'MarginBalance', 'initial': '3119.52', 'maintenance': '0.00', 'currency': 'USD', 'instrument_id': 'EUR/USD.IDEALPRO'}]",False,{}
100439.33,3119.52,97319.81,USD,IDEALPRO-001,MARGIN,,"[{'type': 'MarginBalance', 'initial': '3119.52', 'maintenance': '0.00', 'currency': 'USD', 'instrument_id': 'EUR/USD.IDEALPRO'}]",False,{}
100000.00,0.00,100000.00,EUR,IDEALPRO-001,MARGIN,,"[{'type': 'MarginBalance', 'initial': '3119.52', 'maintenance': '0.00', 'currency': 'USD', 'instrument_id': 'EUR/USD.IDEALPRO'}]",False,{}
100437.25,3119.52,97317.73,USD,IDEALPRO-001,MARGIN,,"[{'type': 'MarginBalance', 'initial': '3119.52', 'maintenance': '0.00', 'currency': 'USD', 'instrument_id': 'EUR/USD.IDEALPRO'}]",False,{}
100000.00,0.00,100000.00,EUR,IDEALPRO-001,MARGIN,,"[{'type': 'MarginBalance', 'initial': '3119.52', 'maintenance': '0.00', 'currency': 'USD', 'instrument_id': 'EUR/USD.IDEALPRO'}]",False,{}
100437.25,2081.30,98355.95,USD,IDEALPRO-001,MARGIN,,"[{'type': 'MarginBalance', 'initial': '0.00', 'maintenance': '2081.30', 'currency': 'USD', 'instrument_id': 'EUR/USD.IDEALPRO'}]",False,{}
100000.00,0.00,100000.00,EUR,IDEALPRO-001,MARGIN,,"[{'type': 'MarginBalance', 'initial': '0.00', 'maintenance': '2081.30', 'currency': 'USD', 'instrument_id': 'EUR/USD.IDEALPRO'}]",False,{}
100437.25,2081.30,98355.95,USD,IDEALPRO-001,MARGIN,,"[{'type': 'MarginBalance', 'initial': '0.00', 'maintenance': '2081.30', 'currency': 'USD', 'instrument_id': 'EUR/USD.IDEALPRO'}]",False,{}
100000.00,0.00,100000.00,EUR,IDEALPRO-001,MARGIN,,"[{'type': 'MarginBalance', 'initial': '0.00', 'maintenance': '2081.30', 'currency': 'USD', 'instrument_id': 'EUR/USD.IDEALPRO'}]",False,{}
100437.25,2081.30,98355.95,USD,IDEALPRO-001,MARGIN,,"[{'type': 'MarginBalance', 'initial': '0.00', 'maintenance': '2081.30', 'currency': 'USD', 'instrument_id': 'EUR/USD.IDEALPRO'}]",False,{}
100000.00,0.00,100000.00,EUR,IDEALPRO-001,MARGIN,,"[{'type': 'MarginBalance', 'initial': '0.00', 'maintenance': '2081.30', 'currency': 'USD', 'instrument_id': 'EUR/USD.IDEALPRO'}]",False,{}
100265.17,0.00,100265.17,USD,IDEALPRO-001,MARGIN,,[],False,{}
100000.00,0.00,100000.00,EUR,IDEALPRO-001,MARGIN,,[],False,{}
100265.17,0.00,100265.17,USD,IDEALPRO-001,MARGIN,,[],False,{}
100000.00,0.00,100000.00,EUR,IDEALPRO-001,MARGIN,,[],False,{}
100265.17,3128.91,97136.26,USD,IDEALPRO-001,MARGIN,,"[{'type': 'MarginBalance', 'initial': '3128.91', 'maintenance': '0.00', 'currency': 'USD', 'instrument_id': 'EUR/USD.IDEALPRO'}]",False,{}
100000.00,0.00,100000.00,EUR,IDEALPRO-001,MARGIN,,"[{'type': 'MarginBalance', 'initial': '3128.91', 'maintenance': '0.00', 'currency': 'USD', 'instrument_id': 'EUR/USD.IDEALPRO'}]",False,{}
100265.17,3128.91,97136.26,USD,IDEALPRO-001,MARGIN,,"[{'type': 'MarginBalance', 'initial': '3128.91', 'maintenance': '0.00', 'currency': 'USD', 'instrument_id': 'EUR/USD.IDEALPRO'}]",False,{}
100000.00,0.00,100000.00,EUR,IDEALPRO-001,MARGIN,,"[{'type': 'MarginBalance', 'initial': '3128.91', 'maintenance': '0.00', 'currency': 'USD', 'instrument_id': 'EUR/USD.IDEALPRO'}]",False,{}
100265.17,3128.91,97136.26,USD,IDEALPRO-001,MARGIN,,"[{'type': 'MarginBalance', 'initial': '3128.91', 'maintenance': '0.00', 'currency': 'USD', 'instrument_id': 'EUR/USD.IDEALPRO'}]",False,{}
100000.00,0.00,100000.00,EUR,IDEALPRO-001,MARGIN,,"[{'type': 'MarginBalance', 'initial': '3128.91', 'maintenance': '0.00', 'currency': 'USD', 'instrument_id': 'EUR/USD.IDEALPRO'}]",False,{}
100263.08,3128.91,97134.17,USD,IDEALPRO-001,MARGIN,,"[{'type': 'MarginBalance', 'initial': '3128.91', 'maintenance': '0.00', 'currency': 'USD', 'instrument_id': 'EUR/USD.IDEALPRO'}]",False,{}
100000.00,0.00,100000.00,EUR,IDEALPRO-001,MARGIN,,"[{'type': 'MarginBalance', 'initial': '3128.91', 'maintenance': '0.00', 'currency': 'USD', 'instrument_id': 'EUR/USD.IDEALPRO'}]",False,{}
100263.08,2085.94,98177.14,USD,IDEALPRO-001,MARGIN,,"[{'type': 'MarginBalance', 'initial': '0.00', 'maintenance': '2085.94', 'currency': 'USD', 'instrument_id': 'EUR/USD.IDEALPRO'}]",False,{}
100000.00,0.00,100000.00,EUR,IDEALPRO-001,MARGIN,,"[{'type': 'MarginBalance', 'initial': '0.00', 'maintenance': '2085.94', 'currency': 'USD', 'instrument_id': 'EUR/USD.IDEALPRO'}]",False,{}
100263.08,2085.94,98177.14,USD,IDEALPRO-001,MARGIN,,"[{'type': 'MarginBalance', 'initial': '0.00', 'maintenance': '2085.94', 'currency': 'USD', 'instrument_id': 'EUR/USD.IDEALPRO'}]",False,{}
100000.00,0.00,100000.00,EUR,IDEALPRO-001,MARGIN,,"[{'type': 'MarginBalance', 'initial': '0.00', 'maintenance': '2085.94', 'currency': 'USD', 'instrument_id': 'EUR/USD.IDEALPRO'}]",False,{}
100263.08,2085.94,98177.14,USD,IDEALPRO-001,MARGIN,,"[{'type': 'MarginBalance', 'initial': '0.00', 'maintenance': '2085.94', 'currency': 'USD', 'instrument_id': 'EUR/USD.IDEALPRO'}]",False,{}
100000.00,0.00,100000.00,EUR,IDEALPRO-001,MARGIN,,"[{'type': 'MarginBalance', 'initial': '0.00', 'maintenance': '2085.94', 'currency': 'USD', 'instrument_id': 'EUR/USD.IDEALPRO'}]",False,{}
100760.98,0.00,100760.98,USD,IDEALPRO-001,MARGIN,,[],False,{}
100000.00,0.00,100000.00,EUR,IDEALPRO-001,MARGIN,,[],False,{}
100760.98,0.00,100760.98,USD,IDEALPRO-001,MARGIN,,[],False,{}
100000.00,0.00,100000.00,EUR,IDEALPRO-001,MARGIN,,[],False,{}
100760.98,3141.66,97619.32,USD,IDEALPRO-001,MARGIN,,"[{'type': 'MarginBalance', 'initial': '3141.66', 'maintenance': '0.00', 'currency': 'USD', 'instrument_id': 'EUR/USD.IDEALPRO'}]",False,{}
100000.00,0.00,100000.00,EUR,IDEALPRO-001,MARGIN,,"[{'type': 'MarginBalance', 'initial': '3141.66', 'maintenance': '0.00', 'currency': 'USD', 'instrument_id': 'EUR/USD.IDEALPRO'}]",False,{}
100760.98,0.00,100760.98,USD,IDEALPRO-001,MARGIN,,[],False,{}
100000.00,0.00,100000.00,EUR,IDEALPRO-001,MARGIN,,[],False,{}
100760.98,0.00,100760.98,USD,IDEALPRO-001,MARGIN,,[],False,{}
100000.00,0.00,100000.00,EUR,IDEALPRO-001,MARGIN,,[],False,{}
100760.98,0.00,100760.98,USD,IDEALPRO-001,MARGIN,,[],False,{}
100000.00,0.00,100000.00,EUR,IDEALPRO-001,MARGIN,,[],False,{}
100760.98,3154.38,97606.60,USD,IDEALPRO-001,MARGIN,,"[{'type': 'MarginBalance', 'initial': '3154.38', 'maintenance': '0.00', 'currency': 'USD', 'instrument_id': 'EUR/USD.IDEALPRO'}]",False,{}
100000.00,0.00,100000.00,EUR,IDEALPRO-001,MARGIN,,"[{'type': 'MarginBalance', 'initial': '3154.38', 'maintenance': '0.00', 'currency': 'USD', 'instrument_id': 'EUR/USD.IDEALPRO'}]",False,{}
100760.98,3154.38,97606.60,USD,IDEALPRO-001,MARGIN,,"[{'type': 'MarginBalance', 'initial': '3154.38', 'maintenance': '0.00', 'currency': 'USD', 'instrument_id': 'EUR/USD.IDEALPRO'}]",False,{}
100000.00,0.00,100000.00,EUR,IDEALPRO-001,MARGIN,,"[{'type': 'MarginBalance', 'initial': '3154.38', 'maintenance': '0.00', 'currency': 'USD', 'instrument_id': 'EUR/USD.IDEALPRO'}]",False,{}
100760.98,3154.38,97606.60,USD,IDEALPRO-001,MARGIN,,"[{'type': 'MarginBalance', 'initial': '3154.38', 'maintenance': '0.00', 'currency': 'USD', 'instrument_id': 'EUR/USD.IDEALPRO'}]",False,{}
100000.00,0.00,100000.00,EUR,IDEALPRO-001,MARGIN,,"[{'type': 'MarginBalance', 'initial': '3154.38', 'maintenance': '0.00', 'currency': 'USD', 'instrument_id': 'EUR/USD.IDEALPRO'}]",False,{}
100758.88,3154.38,97604.50,USD,IDEALPRO-001,MARGIN,,"[{'type': 'MarginBalance', 'initial': '3154.38', 'maintenance': '0.00', 'currency': 'USD', 'instrument_id': 'EUR/USD.IDEALPRO'}]",False,{}
100000.00,0.00,100000.00,EUR,IDEALPRO-001,MARGIN,,"[{'type': 'MarginBalance', 'initial': '3154.38', 'maintenance': '0.00', 'currency': 'USD', 'instrument_id': 'EUR/USD.IDEALPRO'}]",False,{}
100758.88,2102.92,98655.96,USD,IDEALPRO-001,MARGIN,,"[{'type': 'MarginBalance', 'initial': '0.00', 'maintenance': '2102.92', 'currency': 'USD', 'instrument_id': 'EUR/USD.IDEALPRO'}]",False,{}
100000.00,0.00,100000.00,EUR,IDEALPRO-001,MARGIN,,"[{'type': 'MarginBalance', 'initial': '0.00', 'maintenance': '2102.92', 'currency': 'USD', 'instrument_id': 'EUR/USD.IDEALPRO'}]",False,{}
100758.88,2102.92,98655.96,USD,IDEALPRO-001,MARGIN,,"[{'type': 'MarginBalance', 'initial': '0.00', 'maintenance': '2102.92', 'currency': 'USD', 'instrument_id': 'EUR/USD.IDEALPRO'}]",False,{}
100000.00,0.00,100000.00,EUR,IDEALPRO-001,MARGIN,,"[{'type': 'MarginBalance', 'initial': '0.00', 'maintenance': '2102.92', 'currency': 'USD', 'instrument_id': 'EUR/USD.IDEALPRO'}]",False,{}
100758.88,2102.92,98655.96,USD,IDEALPRO-001,MARGIN,,"[{'type': 'MarginBalance', 'initial': '0.00', 'maintenance': '2102.92', 'currency': 'USD', 'instrument_id': 'EUR/USD.IDEALPRO'}]",False,{}
100000.00,0.00,100000.00,EUR,IDEALPRO-001,MARGIN,,"[{'type': 'MarginBalance', 'initial': '0.00', 'maintenance': '2102.92', 'currency': 'USD', 'instrument_id': 'EUR/USD.IDEALPRO'}]",False,{}
100505.78,0.00,100505.78,USD,IDEALPRO-001,MARGIN,,[],False,{}
100000.00,0.00,100000.00,EUR,IDEALPRO-001,MARGIN,,[],False,{}
100505.78,0.00,100505.78,USD,IDEALPRO-001,MARGIN,,[],False,{}
100000.00,0.00,100000.00,EUR,IDEALPRO-001,MARGIN,,[],False,{}
100505.78,3131.19,97374.59,USD,IDEALPRO-001,MARGIN,,"[{'type': 'MarginBalance', 'initial': '3131.19', 'maintenance': '0.00', 'currency': 'USD', 'instrument_id': 'EUR/USD.IDEALPRO'}]",False,{}
100000.00,0.00,100000.00,EUR,IDEALPRO-001,MARGIN,,"[{'type': 'MarginBalance', 'initial': '3131.19', 'maintenance': '0.00', 'currency': 'USD', 'instrument_id': 'EUR/USD.IDEALPRO'}]",False,{}
100505.78,3131.19,97374.59,USD,IDEALPRO-001,MARGIN,,"[{'type': 'MarginBalance', 'initial': '3131.19', 'maintenance': '0.00', 'currency': 'USD', 'instrument_id': 'EUR/USD.IDEALPRO'}]",False,{}
100000.00,0.00,100000.00,EUR,IDEALPRO-001,MARGIN,,"[{'type': 'MarginBalance', 'initial': '3131.19', 'maintenance': '0.00', 'currency': 'USD', 'instrument_id': 'EUR/USD.IDEALPRO'}]",False,{}
100505.78,3131.19,97374.59,USD,IDEALPRO-001,MARGIN,,"[{'type': 'MarginBalance', 'initial': '3131.19', 'maintenance': '0.00', 'currency': 'USD', 'instrument_id': 'EUR/USD.IDEALPRO'}]",False,{}
100000.00,0.00,100000.00,EUR,IDEALPRO-001,MARGIN,,"[{'type': 'MarginBalance', 'initial': '3131.19', 'maintenance': '0.00', 'currency': 'USD', 'instrument_id': 'EUR/USD.IDEALPRO'}]",False,{}
100503.69,3131.19,97372.50,USD,IDEALPRO-001,MARGIN,,"[{'type': 'MarginBalance', 'initial': '3131.19', 'maintenance': '0.00', 'currency': 'USD', 'instrument_id': 'EUR/USD.IDEALPRO'}]",False,{}
100000.00,0.00,100000.00,EUR,IDEALPRO-001,MARGIN,,"[{'type': 'MarginBalance', 'initial': '3131.19', 'maintenance': '0.00', 'currency': 'USD', 'instrument_id': 'EUR/USD.IDEALPRO'}]",False,{}
100503.69,2088.76,98414.93,USD,IDEALPRO-001,MARGIN,,"[{'type': 'MarginBalance', 'initial': '0.00', 'maintenance': '2088.76', 'currency': 'USD', 'instrument_id': 'EUR/USD.IDEALPRO'}]",False,{}
100000.00,0.00,100000.00,EUR,IDEALPRO-001,MARGIN,,"[{'type': 'MarginBalance', 'initial': '0.00', 'maintenance': '2088.76', 'currency': 'USD', 'instrument_id': 'EUR/USD.IDEALPRO'}]",False,{}
100503.69,2088.76,98414.93,USD,IDEALPRO-001,MARGIN,,"[{'type': 'MarginBalance', 'initial': '0.00', 'maintenance': '2088.76', 'currency': 'USD', 'instrument_id': 'EUR/USD.IDEALPRO'}]",False,{}
100000.00,0.00,100000.00,EUR,IDEALPRO-001,MARGIN,,"[{'type': 'MarginBalance', 'initial': '0.00', 'maintenance': '2088.76', 'currency': 'USD', 'instrument_id': 'EUR/USD.IDEALPRO'}]",False,{}
100503.69,2088.76,98414.93,USD,IDEALPRO-001,MARGIN,,"[{'type': 'MarginBalance', 'initial': '0.00', 'maintenance': '2088.76', 'currency': 'USD', 'instrument_id': 'EUR/USD.IDEALPRO'}]",False,{}
100000.00,0.00,100000.00,EUR,IDEALPRO-001,MARGIN,,"[{'type': 'MarginBalance', 'initial': '0.00', 'maintenance': '2088.76', 'currency': 'USD', 'instrument_id': 'EUR/USD.IDEALPRO'}]",False,{}
100503.69,2088.76,98414.93,USD,IDEALPRO-001,MARGIN,,"[{'type': 'MarginBalance', 'initial': '0.00', 'maintenance': '2088.76', 'currency': 'USD', 'instrument_id': 'EUR/USD.IDEALPRO'}]",False,{}
100000.00,0.00,100000.00,EUR,IDEALPRO-001,MARGIN,,"[{'type': 'MarginBalance', 'initial': '0.00', 'maintenance': '2088.76', 'currency': 'USD', 'instrument_id': 'EUR/USD.IDEALPRO'}]",False,{}
100527.60,0.00,100527.60,USD,IDEALPRO-001,MARGIN,,[],False,{}
100000.00,0.00,100000.00,EUR,IDEALPRO-001,MARGIN,,[],False,{}
100527.60,0.00,100527.60,USD,IDEALPRO-001,MARGIN,,[],False,{}
100000.00,0.00,100000.00,EUR,IDEALPRO-001,MARGIN,,[],False,{}
100527.60,0.00,100527.60,USD,IDEALPRO-001,MARGIN,,[],False,{}
100000.00,0.00,100000.00,EUR,IDEALPRO-001,MARGIN,,[],False,{}
100527.60,3127.32,97400.28,USD,IDEALPRO-001,MARGIN,,"[{'type': 'MarginBalance', 'initial': '3127.32', 'maintenance': '0.00', 'currency': 'USD', 'instrument_id': 'EUR/USD.IDEALPRO'}]",False,{}
100000.00,0.00,100000.00,EUR,IDEALPRO-001,MARGIN,,"[{'type': 'MarginBalance', 'initial': '3127.32', 'maintenance': '0.00', 'currency': 'USD', 'instrument_id': 'EUR/USD.IDEALPRO'}]",False,{}
100527.60,0.00,100527.60,USD,IDEALPRO-001,MARGIN,,[],False,{}
100000.00,0.00,100000.00,EUR,IDEALPRO-001,MARGIN,,[],False,{}
100527.60,0.00,100527.60,USD,IDEALPRO-001,MARGIN,,[],False,{}
100000.00,0.00,100000.00,EUR,IDEALPRO-001,MARGIN,,[],False,{}
100527.60,0.00,100527.60,USD,IDEALPRO-001,MARGIN,,[],False,{}
100000.00,0.00,100000.00,EUR,IDEALPRO-001,MARGIN,,[],False,{}
100527.60,3127.74,97399.86,USD,IDEALPRO-001,MARGIN,,"[{'type': 'MarginBalance', 'initial': '3127.74', 'maintenance': '0.00', 'currency': 'USD', 'instrument_id': 'EUR/USD.IDEALPRO'}]",False,{}
100000.00,0.00,100000.00,EUR,IDEALPRO-001,MARGIN,,"[{'type': 'MarginBalance', 'initial': '3127.74', 'maintenance': '0.00', 'currency': 'USD', 'instrument_id': 'EUR/USD.IDEALPRO'}]",False,{}
100527.60,3127.74,97399.86,USD,IDEALPRO-001,MARGIN,,"[{'type': 'MarginBalance', 'initial': '3127.74', 'maintenance': '0.00', 'currency': 'USD', 'instrument_id': 'EUR/USD.IDEALPRO'}]",False,{}
100000.00,0.00,100000.00,EUR,IDEALPRO-001,MARGIN,,"[{'type': 'MarginBalance', 'initial': '3127.74', 'maintenance': '0.00', 'currency': 'USD', 'instrument_id': 'EUR/USD.IDEALPRO'}]",False,{}
100527.60,3127.74,97399.86,USD,IDEALPRO-001,MARGIN,,"[{'type': 'MarginBalance', 'initial': '3127.74', 'maintenance': '0.00', 'currency': 'USD', 'instrument_id': 'EUR/USD.IDEALPRO'}]",False,{}
100000.00,0.00,100000.00,EUR,IDEALPRO-001,MARGIN,,"[{'type': 'MarginBalance', 'initial': '3127.74', 'maintenance': '0.00', 'currency': 'USD', 'instrument_id': 'EUR/USD.IDEALPRO'}]",False,{}
100525.52,3127.74,97397.78,USD,IDEALPRO-001,MARGIN,,"[{'type': 'MarginBalance', 'initial': '3127.74', 'maintenance': '0.00', 'currency': 'USD', 'instrument_id': 'EUR/USD.IDEALPRO'}]",False,{}
100000.00,0.00,100000.00,EUR,IDEALPRO-001,MARGIN,,"[{'type': 'MarginBalance', 'initial': '3127.74', 'maintenance': '0.00', 'currency': 'USD', 'instrument_id': 'EUR/USD.IDEALPRO'}]",False,{}
100525.52,2084.94,98440.58,USD,IDEALPRO-001,MARGIN,,"[{'type': 'MarginBalance', 'initial': '0.00', 'maintenance': '2084.94', 'currency': 'USD', 'instrument_id': 'EUR/USD.IDEALPRO'}]",False,{}
100000.00,0.00,100000.00,EUR,IDEALPRO-001,MARGIN,,"[{'type': 'MarginBalance', 'initial': '0.00', 'maintenance': '2084.94', 'currency': 'USD', 'instrument_id': 'EUR/USD.IDEALPRO'}]",False,{}
100525.52,2084.94,98440.58,USD,IDEALPRO-001,MARGIN,,"[{'type': 'MarginBalance', 'initial': '0.00', 'maintenance': '2084.94', 'currency': 'USD', 'instrument_id': 'EUR/USD.IDEALPRO'}]",False,{}
100000.00,0.00,100000.00,EUR,IDEALPRO-001,MARGIN,,"[{'type': 'MarginBalance', 'initial': '0.00', 'maintenance': '2084.94', 'currency': 'USD', 'instrument_id': 'EUR/USD.IDEALPRO'}]",False,{}
100525.52,2084.94,98440.58,USD,IDEALPRO-001,MARGIN,,"[{'type': 'MarginBalance', 'initial': '0.00', 'maintenance': '2084.94', 'currency': 'USD', 'instrument_id': 'EUR/USD.IDEALPRO'}]",False,{}
100000.00,0.00,100000.00,EUR,IDEALPRO-001,MARGIN,,"[{'type': 'MarginBalance', 'initial': '0.00', 'maintenance': '2084.94', 'currency': 'USD', 'instrument_id': 'EUR/USD.IDEALPRO'}]",False,{}
100283.44,0.00,100283.44,USD,IDEALPRO-001,MARGIN,,[],False,{}
100000.00,0.00,100000.00,EUR,IDEALPRO-001,MARGIN,,[],False,{}
100283.44,0.00,100283.44,USD,IDEALPRO-001,MARGIN,,[],False,{}
100000.00,0.00,100000.00,EUR,IDEALPRO-001,MARGIN,,[],False,{}
100283.44,3117.57,97165.87,USD,IDEALPRO-001,MARGIN,,"[{'type': 'MarginBalance', 'initial': '3117.57', 'maintenance': '0.00', 'currency': 'USD', 'instrument_id': 'EUR/USD.IDEALPRO'}]",False,{}
100000.00,0.00,100000.00,EUR,IDEALPRO-001,MARGIN,,"[{'type': 'MarginBalance', 'initial': '3117.57', 'maintenance': '0.00', 'currency': 'USD', 'instrument_id': 'EUR/USD.IDEALPRO'}]",False,{}
100283.44,3117.57,97165.87,USD,IDEALPRO-001,MARGIN,,"[{'type': 'MarginBalance', 'initial': '3117.57', 'maintenance': '0.00', 'currency': 'USD', 'instrument_id': 'EUR/USD.IDEALPRO'}]",False,{}
100000.00,0.00,100000.00,EUR,IDEALPRO-001,MARGIN,,"[{'type': 'MarginBalance', 'initial': '3117.57', 'maintenance': '0.00', 'currency': 'USD', 'instrument_id': 'EUR/USD.IDEALPRO'}]",False,{}
100283.44,3117.57,97165.87,USD,IDEALPRO-001,MARGIN,,"[{'type': 'MarginBalance', 'initial': '3117.57', 'maintenance': '0.00', 'currency': 'USD', 'instrument_id': 'EUR/USD.IDEALPRO'}]",False,{}
100000.00,0.00,100000.00,EUR,IDEALPRO-001,MARGIN,,"[{'type': 'MarginBalance', 'initial': '3117.57', 'maintenance': '0.00', 'currency': 'USD', 'instrument_id': 'EUR/USD.IDEALPRO'}]",False,{}
100281.36,3117.57,97163.79,USD,IDEALPRO-001,MARGIN,,"[{'type': 'MarginBalance', 'initial': '3117.57', 'maintenance': '0.00', 'currency': 'USD', 'instrument_id': 'EUR/USD.IDEALPRO'}]",False,{}
100000.00,0.00,100000.00,EUR,IDEALPRO-001,MARGIN,,"[{'type': 'MarginBalance', 'initial': '3117.57', 'maintenance': '0.00', 'currency': 'USD', 'instrument_id': 'EUR/USD.IDEALPRO'}]",False,{}
100281.36,2078.86,98202.50,USD,IDEALPRO-001,MARGIN,,"[{'type': 'MarginBalance', 'initial': '0.00', 'maintenance': '2078.86', 'currency': 'USD', 'instrument_id': 'EUR/USD.IDEALPRO'}]",False,{}
100000.00,0.00,100000.00,EUR,IDEALPRO-001,MARGIN,,"[{'type': 'MarginBalance', 'initial': '0.00', 'maintenance': '2078.86', 'currency': 'USD', 'instrument_id': 'EUR/USD.IDEALPRO'}]",False,{}
100281.36,2078.86,98202.50,USD,IDEALPRO-001,MARGIN,,"[{'type': 'MarginBalance', 'initial': '0.00', 'maintenance': '2078.86', 'currency': 'USD', 'instrument_id': 'EUR/USD.IDEALPRO'}]",False,{}
100000.00,0.00,100000.00,EUR,IDEALPRO-001,MARGIN,,"[{'type': 'MarginBalance', 'initial': '0.00', 'maintenance': '2078.86', 'currency': 'USD', 'instrument_id': 'EUR/USD.IDEALPRO'}]",False,{}
100281.36,2078.86,98202.50,USD,IDEALPRO-001,MARGIN,,"[{'type': 'MarginBalance', 'initial': '0.00', 'maintenance': '2078.86', 'currency': 'USD', 'instrument_id': 'EUR/USD.IDEALPRO'}]",False,{}
100000.00,0.00,100000.00,EUR,IDEALPRO-001,MARGIN,,"[{'type': 'MarginBalance', 'initial': '0.00', 'maintenance': '2078.86', 'currency': 'USD', 'instrument_id': 'EUR/USD.IDEALPRO'}]",False,{}
100052.28,0.00,100052.28,USD,IDEALPRO-001,MARGIN,,[],False,{}
100000.00,0.00,100000.00,EUR,IDEALPRO-001,MARGIN,,[],False,{}
100052.28,0.00,100052.28,USD,IDEALPRO-001,MARGIN,,[],False,{}
100000.00,0.00,100000.00,EUR,IDEALPRO-001,MARGIN,,[],False,{}
100052.28,3129.87,96922.41,USD,IDEALPRO-001,MARGIN,,"[{'type': 'MarginBalance', 'initial': '3129.87', 'maintenance': '0.00', 'currency': 'USD', 'instrument_id': 'EUR/USD.IDEALPRO'}]",False,{}
100000.00,0.00,100000.00,EUR,IDEALPRO-001,MARGIN,,"[{'type': 'MarginBalance', 'initial': '3129.87', 'maintenance': '0.00', 'currency': 'USD', 'instrument_id': 'EUR/USD.IDEALPRO'}]",False,{}
100052.28,3129.87,96922.41,USD,IDEALPRO-001,MARGIN,,"[{'type': 'MarginBalance', 'initial': '3129.87', 'maintenance': '0.00', 'currency': 'USD', 'instrument_id': 'EUR/USD.IDEALPRO'}]",False,{}
100000.00,0.00,100000.00,EUR,IDEALPRO-001,MARGIN,,"[{'type': 'MarginBalance', 'initial': '3129.87', 'maintenance': '0.00', 'currency': 'USD', 'instrument_id': 'EUR/USD.IDEALPRO'}]",False,{}
100052.28,3129.87,96922.41,USD,IDEALPRO-001,MARGIN,,"[{'type': 'MarginBalance', 'initial': '3129.87', 'maintenance': '0.00', 'currency': 'USD', 'instrument_id': 'EUR/USD.IDEALPRO'}]",False,{}
100000.00,0.00,100000.00,EUR,IDEALPRO-001,MARGIN,,"[{'type': 'MarginBalance', 'initial': '3129.87', 'maintenance': '0.00', 'currency': 'USD', 'instrument_id': 'EUR/USD.IDEALPRO'}]",False,{}
100050.19,3129.87,96920.32,USD,IDEALPRO-001,MARGIN,,"[{'type': 'MarginBalance', 'initial': '3129.87', 'maintenance': '0.00', 'currency': 'USD', 'instrument_id': 'EUR/USD.IDEALPRO'}]",False,{}
100000.00,0.00,100000.00,EUR,IDEALPRO-001,MARGIN,,"[{'type': 'MarginBalance', 'initial': '3129.87', 'maintenance': '0.00', 'currency': 'USD', 'instrument_id': 'EUR/USD.IDEALPRO'}]",False,{}
100050.19,2086.50,97963.69,USD,IDEALPRO-001,MARGIN,,"[{'type': 'MarginBalance', 'initial': '0.00', 'maintenance': '2086.50', 'currency': 'USD', 'instrument_id': 'EUR/USD.IDEALPRO'}]",False,{}
100000.00,0.00,100000.00,EUR,IDEALPRO-001,MARGIN,,"[{'type': 'MarginBalance', 'initial': '0.00', 'maintenance': '2086.50', 'currency': 'USD', 'instrument_id': 'EUR/USD.IDEALPRO'}]",False,{}
100050.19,2086.50,97963.69,USD,IDEALPRO-001,MARGIN,,"[{'type': 'MarginBalance', 'initial': '0.00', 'maintenance': '2086.50', 'currency': 'USD', 'instrument_id': 'EUR/USD.IDEALPRO'}]",False,{}
100000.00,0.00,100000.00,EUR,IDEALPRO-001,MARGIN,,"[{'type': 'MarginBalance', 'initial': '0.00', 'maintenance': '2086.50', 'currency': 'USD', 'instrument_id': 'EUR/USD.IDEALPRO'}]",False,{}
100050.19,2086.50,97963.69,USD,IDEALPRO-001,MARGIN,,"[{'type': 'MarginBalance', 'initial': '0.00', 'maintenance': '2086.50', 'currency': 'USD', 'instrument_id': 'EUR/USD.IDEALPRO'}]",False,{}
100000.00,0.00,100000.00,EUR,IDEALPRO-001,MARGIN,,"[{'type': 'MarginBalance', 'initial': '0.00', 'maintenance': '2086.50', 'currency': 'USD', 'instrument_id': 'EUR/USD.IDEALPRO'}]",False,{}
99801.11,0.00,99801.11,USD,IDEALPRO-001,MARGIN,,[],False,{}
100000.00,0.00,100000.00,EUR,IDEALPRO-001,MARGIN,,[],False,{}
99801.11,0.00,99801.11,USD,IDEALPRO-001,MARGIN,,[],False,{}
100000.00,0.00,100000.00,EUR,IDEALPRO-001,MARGIN,,[],False,{}
99801.11,3117.09,96684.02,USD,IDEALPRO-001,MARGIN,,"[{'type': 'MarginBalance', 'initial': '3117.09', 'maintenance': '0.00', 'currency': 'USD', 'instrument_id': 'EUR/USD.IDEALPRO'}]",False,{}
100000.00,0.00,100000.00,EUR,IDEALPRO-001,MARGIN,,"[{'type': 'MarginBalance', 'initial': '3117.09', 'maintenance': '0.00', 'currency': 'USD', 'instrument_id': 'EUR/USD.IDEALPRO'}]",False,{}
99801.11,3117.09,96684.02,USD,IDEALPRO-001,MARGIN,,"[{'type': 'MarginBalance', 'initial': '3117.09', 'maintenance': '0.00', 'currency': 'USD', 'instrument_id': 'EUR/USD.IDEALPRO'}]",False,{}
100000.00,0.00,100000.00,EUR,IDEALPRO-001,MARGIN,,"[{'type': 'MarginBalance', 'initial': '3117.09', 'maintenance': '0.00', 'currency': 'USD', 'instrument_id': 'EUR/USD.IDEALPRO'}]",False,{}
99801.11,3117.09,96684.02,USD,IDEALPRO-001,MARGIN,,"[{'type': 'MarginBalance', 'initial': '3117.09', 'maintenance': '0.00', 'currency': 'USD', 'instrument_id': 'EUR/USD.IDEALPRO'}]",False,{}
100000.00,0.00,100000.00,EUR,IDEALPRO-001,MARGIN,,"[{'type': 'MarginBalance', 'initial': '3117.09', 'maintenance': '0.00', 'currency': 'USD', 'instrument_id': 'EUR/USD.IDEALPRO'}]",False,{}
99799.03,3117.09,96681.94,USD,IDEALPRO-001,MARGIN,,"[{'type': 'MarginBalance', 'initial': '3117.09', 'maintenance': '0.00', 'currency': 'USD', 'instrument_id': 'EUR/USD.IDEALPRO'}]",False,{}
100000.00,0.00,100000.00,EUR,IDEALPRO-001,MARGIN,,"[{'type': 'MarginBalance', 'initial': '3117.09', 'maintenance': '0.00', 'currency': 'USD', 'instrument_id': 'EUR/USD.IDEALPRO'}]",False,{}
99799.03,2078.06,97720.97,USD,IDEALPRO-001,MARGIN,,"[{'type': 'MarginBalance', 'initial': '0.00', 'maintenance': '2078.06', 'currency': 'USD', 'instrument_id': 'EUR/USD.IDEALPRO'}]",False,{}
100000.00,0.00,100000.00,EUR,IDEALPRO-001,MARGIN,,"[{'type': 'MarginBalance', 'initial': '0.00', 'maintenance': '2078.06', 'currency': 'USD', 'instrument_id': 'EUR/USD.IDEALPRO'}]",False,{}
99799.03,2078.06,97720.97,USD,IDEALPRO-001,MARGIN,,"[{'type': 'MarginBalance', 'initial': '0.00', 'maintenance': '2078.06', 'currency': 'USD', 'instrument_id': 'EUR/USD.IDEALPRO'}]",False,{}
100000.00,0.00,100000.00,EUR,IDEALPRO-001,MARGIN,,"[{'type': 'MarginBalance', 'initial': '0.00', 'maintenance': '2078.06', 'currency': 'USD', 'instrument_id': 'EUR/USD.IDEALPRO'}]",False,{}
99799.03,2078.06,97720.97,USD,IDEALPRO-001,MARGIN,,"[{'type': 'MarginBalance', 'initial': '0.00', 'maintenance': '2078.06', 'currency': 'USD', 'instrument_id': 'EUR/USD.IDEALPRO'}]",False,{}
100000.00,0.00,100000.00,EUR,IDEALPRO-001,MARGIN,,"[{'type': 'MarginBalance', 'initial': '0.00', 'maintenance': '2078.06', 'currency': 'USD', 'instrument_id': 'EUR/USD.IDEALPRO'}]",False,{}
99545.95,0.00,99545.95,USD,IDEALPRO-001,MARGIN,,[],False,{}
100000.00,0.00,100000.00,EUR,IDEALPRO-001,MARGIN,,[],False,{}
99545.95,0.00,99545.95,USD,IDEALPRO-001,MARGIN,,[],False,{}
100000.00,0.00,100000.00,EUR,IDEALPRO-001,MARGIN,,[],False,{}
99545.95,3129.60,96416.35,USD,IDEALPRO-001,MARGIN,,"[{'type': 'MarginBalance', 'initial': '3129.60', 'maintenance': '0.00', 'currency': 'USD', 'instrument_id': 'EUR/USD.IDEALPRO'}]",False,{}
100000.00,0.00,100000.00,EUR,IDEALPRO-001,MARGIN,,"[{'type': 'MarginBalance', 'initial': '3129.60', 'maintenance': '0.00', 'currency': 'USD', 'instrument_id': 'EUR/USD.IDEALPRO'}]",False,{}
99545.95,3129.60,96416.35,USD,IDEALPRO-001,MARGIN,,"[{'type': 'MarginBalance', 'initial': '3129.60', 'maintenance': '0.00', 'currency': 'USD', 'instrument_id': 'EUR/USD.IDEALPRO'}]",False,{}
100000.00,0.00,100000.00,EUR,IDEALPRO-001,MARGIN,,"[{'type': 'MarginBalance', 'initial': '3129.60', 'maintenance': '0.00', 'currency': 'USD', 'instrument_id': 'EUR/USD.IDEALPRO'}]",False,{}
99545.95,3129.60,96416.35,USD,IDEALPRO-001,MARGIN,,"[{'type': 'MarginBalance', 'initial': '3129.60', 'maintenance': '0.00', 'currency': 'USD', 'instrument_id': 'EUR/USD.IDEALPRO'}]",False,{}
100000.00,0.00,100000.00,EUR,IDEALPRO-001,MARGIN,,"[{'type': 'MarginBalance', 'initial': '3129.60', 'maintenance': '0.00', 'currency': 'USD', 'instrument_id': 'EUR/USD.IDEALPRO'}]",False,{}
99543.87,3129.60,96414.27,USD,IDEALPRO-001,MARGIN,,"[{'type': 'MarginBalance', 'initial': '3129.60', 'maintenance': '0.00', 'currency': 'USD', 'instrument_id': 'EUR/USD.IDEALPRO'}]",False,{}
100000.00,0.00,100000.00,EUR,IDEALPRO-001,MARGIN,,"[{'type': 'MarginBalance', 'initial': '3129.60', 'maintenance': '0.00', 'currency': 'USD', 'instrument_id': 'EUR/USD.IDEALPRO'}]",False,{}
99543.87,2084.94,97458.93,USD,IDEALPRO-001,MARGIN,,"[{'type': 'MarginBalance', 'initial': '0.00', 'maintenance': '2084.94', 'currency': 'USD', 'instrument_id': 'EUR/USD.IDEALPRO'}]",False,{}
100000.00,0.00,100000.00,EUR,IDEALPRO-001,MARGIN,,"[{'type': 'MarginBalance', 'initial': '0.00', 'maintenance': '2084.94', 'currency': 'USD', 'instrument_id': 'EUR/USD.IDEALPRO'}]",False,{}
99543.87,2084.94,97458.93,USD,IDEALPRO-001,MARGIN,,"[{'type': 'MarginBalance', 'initial': '0.00', 'maintenance': '2084.94', 'currency': 'USD', 'instrument_id': 'EUR/USD.IDEALPRO'}]",False,{}
100000.00,0.00,100000.00,EUR,IDEALPRO-001,MARGIN,,"[{'type': 'MarginBalance', 'initial': '0.00', 'maintenance': '2084.94', 'currency': 'USD', 'instrument_id': 'EUR/USD.IDEALPRO'}]",False,{}
99543.87,2084.94,97458.93,USD,IDEALPRO-001,MARGIN,,"[{'type': 'MarginBalance', 'initial': '0.00', 'maintenance': '2084.94', 'currency': 'USD', 'instrument_id': 'EUR/USD.IDEALPRO'}]",False,{}
100000.00,0.00,100000.00,EUR,IDEALPRO-001,MARGIN,,"[{'type': 'MarginBalance', 'initial': '0.00', 'maintenance': '2084.94', 'currency': 'USD', 'instrument_id': 'EUR/USD.IDEALPRO'}]",False,{}
99363.79,0.00,99363.79,USD,IDEALPRO-001,MARGIN,,[],False,{}
100000.00,0.00,100000.00,EUR,IDEALPRO-001,MARGIN,,[],False,{}
99363.79,0.00,99363.79,USD,IDEALPRO-001,MARGIN,,[],False,{}
100000.00,0.00,100000.00,EUR,IDEALPRO-001,MARGIN,,[],False,{}
99363.79,3112.08,96251.71,USD,IDEALPRO-001,MARGIN,,"[{'type': 'MarginBalance', 'initial': '3112.08', 'maintenance': '0.00', 'currency': 'USD', 'instrument_id': 'EUR/USD.IDEALPRO'}]",False,{}
100000.00,0.00,100000.00,EUR,IDEALPRO-001,MARGIN,,"[{'type': 'MarginBalance', 'initial': '3112.08', 'maintenance': '0.00', 'currency': 'USD', 'instrument_id': 'EUR/USD.IDEALPRO'}]",False,{}
99363.79,0.00,99363.79,USD,IDEALPRO-001,MARGIN,,[],False,{}
100000.00,0.00,100000.00,EUR,IDEALPRO-001,MARGIN,,[],False,{}
99363.79,0.00,99363.79,USD,IDEALPRO-001,MARGIN,,[],False,{}
100000.00,0.00,100000.00,EUR,IDEALPRO-001,MARGIN,,[],False,{}
99363.79,0.00,99363.79,USD,IDEALPRO-001,MARGIN,,[],False,{}
100000.00,0.00,100000.00,EUR,IDEALPRO-001,MARGIN,,[],False,{}
99363.79,3090.66,96273.13,USD,IDEALPRO-001,MARGIN,,"[{'type': 'MarginBalance', 'initial': '3090.66', 'maintenance': '0.00', 'currency': 'USD', 'instrument_id': 'EUR/USD.IDEALPRO'}]",False,{}
100000.00,0.00,100000.00,EUR,IDEALPRO-001,MARGIN,,"[{'type': 'MarginBalance', 'initial': '3090.66', 'maintenance': '0.00', 'currency': 'USD', 'instrument_id': 'EUR/USD.IDEALPRO'}]",False,{}
99363.79,3090.66,96273.13,USD,IDEALPRO-001,MARGIN,,"[{'type': 'MarginBalance', 'initial': '3090.66', 'maintenance': '0.00', 'currency': 'USD', 'instrument_id': 'EUR/USD.IDEALPRO'}]",False,{}
100000.00,0.00,100000.00,EUR,IDEALPRO-001,MARGIN,,"[{'type': 'MarginBalance', 'initial': '3090.66', 'maintenance': '0.00', 'currency': 'USD', 'instrument_id': 'EUR/USD.IDEALPRO'}]",False,{}
99363.79,3090.66,96273.13,USD,IDEALPRO-001,MARGIN,,"[{'type': 'MarginBalance', 'initial': '3090.66', 'maintenance': '0.00', 'currency': 'USD', 'instrument_id': 'EUR/USD.IDEALPRO'}]",False,{}
100000.00,0.00,100000.00,EUR,IDEALPRO-001,MARGIN,,"[{'type': 'MarginBalance', 'initial': '3090.66', 'maintenance': '0.00', 'currency': 'USD', 'instrument_id': 'EUR/USD.IDEALPRO'}]",False,{}
99361.73,3090.66,96271.07,USD,IDEALPRO-001,MARGIN,,"[{'type': 'MarginBalance', 'initial': '3090.66', 'maintenance': '0.00', 'currency': 'USD', 'instrument_id': 'EUR/USD.IDEALPRO'}]",False,{}
100000.00,0.00,100000.00,EUR,IDEALPRO-001,MARGIN,,"[{'type': 'MarginBalance', 'initial': '3090.66', 'maintenance': '0.00', 'currency': 'USD', 'instrument_id': 'EUR/USD.IDEALPRO'}]",False,{}
99361.73,2060.44,97301.29,USD,IDEALPRO-001,MARGIN,,"[{'type': 'MarginBalance', 'initial': '0.00', 'maintenance': '2060.44', 'currency': 'USD', 'instrument_id': 'EUR/USD.IDEALPRO'}]",False,{}
100000.00,0.00,100000.00,EUR,IDEALPRO-001,MARGIN,,"[{'type': 'MarginBalance', 'initial': '0.00', 'maintenance': '2060.44', 'currency': 'USD', 'instrument_id': 'EUR/USD.IDEALPRO'}]",False,{}
99361.73,2060.44,97301.29,USD,IDEALPRO-001,MARGIN,,"[{'type': 'MarginBalance', 'initial': '0.00', 'maintenance': '2060.44', 'currency': 'USD', 'instrument_id': 'EUR/USD.IDEALPRO'}]",False,{}
100000.00,0.00,100000.00,EUR,IDEALPRO-001,MARGIN,,"[{'type': 'MarginBalance', 'initial': '0.00', 'maintenance': '2060.44', 'currency': 'USD', 'instrument_id': 'EUR/USD.IDEALPRO'}]",False,{}
99361.73,2060.44,97301.29,USD,IDEALPRO-001,MARGIN,,"[{'type': 'MarginBalance', 'initial': '0.00', 'maintenance': '2060.44', 'currency': 'USD', 'instrument_id': 'EUR/USD.IDEALPRO'}]",False,{}
100000.00,0.00,100000.00,EUR,IDEALPRO-001,MARGIN,,"[{'type': 'MarginBalance', 'initial': '0.00', 'maintenance': '2060.44', 'currency': 'USD', 'instrument_id': 'EUR/USD.IDEALPRO'}]",False,{}
99108.67,0.00,99108.67,USD,IDEALPRO-001,MARGIN,,[],False,{}
100000.00,0.00,100000.00,EUR,IDEALPRO-001,MARGIN,,[],False,{}
99108.67,0.00,99108.67,USD,IDEALPRO-001,MARGIN,,[],False,{}
100000.00,0.00,100000.00,EUR,IDEALPRO-001,MARGIN,,[],False,{}
99108.67,3119.25,95989.42,USD,IDEALPRO-001,MARGIN,,"[{'type': 'MarginBalance', 'initial': '3119.25', 'maintenance': '0.00', 'currency': 'USD', 'instrument_id': 'EUR/USD.IDEALPRO'}]",False,{}
100000.00,0.00,100000.00,EUR,IDEALPRO-001,MARGIN,,"[{'type': 'MarginBalance', 'initial': '3119.25', 'maintenance': '0.00', 'currency': 'USD', 'instrument_id': 'EUR/USD.IDEALPRO'}]",False,{}
99108.67,3119.25,95989.42,USD,IDEALPRO-001,MARGIN,,"[{'type': 'MarginBalance', 'initial': '3119.25', 'maintenance': '0.00', 'currency': 'USD', 'instrument_id': 'EUR/USD.IDEALPRO'}]",False,{}
100000.00,0.00,100000.00,EUR,IDEALPRO-001,MARGIN,,"[{'type': 'MarginBalance', 'initial': '3119.25', 'maintenance': '0.00', 'currency': 'USD', 'instrument_id': 'EUR/USD.IDEALPRO'}]",False,{}
99108.67,3119.25,95989.42,USD,IDEALPRO-001,MARGIN,,"[{'type': 'MarginBalance', 'initial': '3119.25', 'maintenance': '0.00', 'currency': 'USD', 'instrument_id': 'EUR/USD.IDEALPRO'}]",False,{}
100000.00,0.00,100000.00,EUR,IDEALPRO-001,MARGIN,,"[{'type': 'MarginBalance', 'initial': '3119.25', 'maintenance': '0.00', 'currency': 'USD', 'instrument_id': 'EUR/USD.IDEALPRO'}]",False,{}
99106.59,3119.25,95987.34,USD,IDEALPRO-001,MARGIN,,"[{'type': 'MarginBalance', 'initial': '3119.25', 'maintenance': '0.00', 'currency': 'USD', 'instrument_id': 'EUR/USD.IDEALPRO'}]",False,{}
100000.00,0.00,100000.00,EUR,IDEALPRO-001,MARGIN,,"[{'type': 'MarginBalance', 'initial': '3119.25', 'maintenance': '0.00', 'currency': 'USD', 'instrument_id': 'EUR/USD.IDEALPRO'}]",False,{}
99106.59,2080.60,97025.99,USD,IDEALPRO-001,MARGIN,,"[{'type': 'MarginBalance', 'initial': '0.00', 'maintenance': '2080.60', 'currency': 'USD', 'instrument_id': 'EUR/USD.IDEALPRO'}]",False,{}
100000.00,0.00,100000.00,EUR,IDEALPRO-001,MARGIN,,"[{'type': 'MarginBalance', 'initial': '0.00', 'maintenance': '2080.60', 'currency': 'USD', 'instrument_id': 'EUR/USD.IDEALPRO'}]",False,{}
99106.59,2080.60,97025.99,USD,IDEALPRO-001,MARGIN,,"[{'type': 'MarginBalance', 'initial': '0.00', 'maintenance': '2080.60', 'currency': 'USD', 'instrument_id': 'EUR/USD.IDEALPRO'}]",False,{}
100000.00,0.00,100000.00,EUR,IDEALPRO-001,MARGIN,,"[{'type': 'MarginBalance', 'initial': '0.00', 'maintenance': '2080.60', 'currency': 'USD', 'instrument_id': 'EUR/USD.IDEALPRO'}]",False,{}
99106.59,2080.60,97025.99,USD,IDEALPRO-001,MARGIN,,"[{'type': 'MarginBalance', 'initial': '0.00', 'maintenance': '2080.60', 'currency': 'USD', 'instrument_id': 'EUR/USD.IDEALPRO'}]",False,{}
100000.00,0.00,100000.00,EUR,IDEALPRO-001,MARGIN,,"[{'type': 'MarginBalance', 'initial': '0.00', 'maintenance': '2080.60', 'currency': 'USD', 'instrument_id': 'EUR/USD.IDEALPRO'}]",False,{}
99106.59,2080.60,97025.99,USD,IDEALPRO-001,MARGIN,,"[{'type': 'MarginBalance', 'initial': '0.00', 'maintenance': '2080.60', 'currency': 'USD', 'instrument_id': 'EUR/USD.IDEALPRO'}]",False,{}
100000.00,0.00,100000.00,EUR,IDEALPRO-001,MARGIN,,"[{'type': 'MarginBalance', 'initial': '0.00', 'maintenance': '2080.60', 'currency': 'USD', 'instrument_id': 'EUR/USD.IDEALPRO'}]",False,{}
99246.51,0.00,99246.51,USD,IDEALPRO-001,MARGIN,,[],False,{}
100000.00,0.00,100000.00,EUR,IDEALPRO-001,MARGIN,,[],False,{}
99246.51,0.00,99246.51,USD,IDEALPRO-001,MARGIN,,[],False,{}
100000.00,0.00,100000.00,EUR,IDEALPRO-001,MARGIN,,[],False,{}
99246.51,0.00,99246.51,USD,IDEALPRO-001,MARGIN,,[],False,{}
100000.00,0.00,100000.00,EUR,IDEALPRO-001,MARGIN,,[],False,{}
99246.51,3112.50,96134.01,USD,IDEALPRO-001,MARGIN,,"[{'type': 'MarginBalance', 'initial': '3112.50', 'maintenance': '0.00', 'currency': 'USD', 'instrument_id': 'EUR/USD.IDEALPRO'}]",False,{}
100000.00,0.00,100000.00,EUR,IDEALPRO-001,MARGIN,,"[{'type': 'MarginBalance', 'initial': '3112.50', 'maintenance': '0.00', 'currency': 'USD', 'instrument_id': 'EUR/USD.IDEALPRO'}]",False,{}
99246.51,3112.50,96134.01,USD,IDEALPRO-001,MARGIN,,"[{'type': 'MarginBalance', 'initial': '3112.50', 'maintenance': '0.00', 'currency': 'USD', 'instrument_id': 'EUR/USD.IDEALPRO'}]",False,{}
100000.00,0.00,100000.00,EUR,IDEALPRO-001,MARGIN,,"[{'type': 'MarginBalance', 'initial': '3112.50', 'maintenance': '0.00', 'currency': 'USD', 'instrument_id': 'EUR/USD.IDEALPRO'}]",False,{}
99246.51,3112.50,96134.01,USD,IDEALPRO-001,MARGIN,,"[{'type': 'MarginBalance', 'initial': '3112.50', 'maintenance': '0.00', 'currency': 'USD', 'instrument_id': 'EUR/USD.IDEALPRO'}]",False,{}
100000.00,0.00,100000.00,EUR,IDEALPRO-001,MARGIN,,"[{'type': 'MarginBalance', 'initial': '3112.50', 'maintenance': '0.00', 'currency': 'USD', 'instrument_id': 'EUR/USD.IDEALPRO'}]",False,{}
99244.44,3112.50,96131.94,USD,IDEALPRO-001,MARGIN,,"[{'type': 'MarginBalance', 'initial': '3112.50', 'maintenance': '0.00', 'currency': 'USD', 'instrument_id': 'EUR/USD.IDEALPRO'}]",False,{}
100000.00,0.00,100000.00,EUR,IDEALPRO-001,MARGIN,,"[{'type': 'MarginBalance', 'initial': '3112.50', 'maintenance': '0.00', 'currency': 'USD', 'instrument_id': 'EUR/USD.IDEALPRO'}]",False,{}
99244.44,2075.00,97169.44,USD,IDEALPRO-001,MARGIN,,"[{'type': 'MarginBalance', 'initial': '0.00', 'maintenance': '2075.00', 'currency': 'USD', 'instrument_id': 'EUR/USD.IDEALPRO'}]",False,{}
100000.00,0.00,100000.00,EUR,IDEALPRO-001,MARGIN,,"[{'type': 'MarginBalance', 'initial': '0.00', 'maintenance': '2075.00', 'currency': 'USD', 'instrument_id': 'EUR/USD.IDEALPRO'}]",False,{}
99244.44,2075.00,97169.44,USD,IDEALPRO-001,MARGIN,,"[{'type': 'MarginBalance', 'initial': '0.00', 'maintenance': '2075.00', 'currency': 'USD', 'instrument_id': 'EUR/USD.IDEALPRO'}]",False,{}
100000.00,0.00,100000.00,EUR,IDEALPRO-001,MARGIN,,"[{'type': 'MarginBalance', 'initial': '0.00', 'maintenance': '2075.00', 'currency': 'USD', 'instrument_id': 'EUR/USD.IDEALPRO'}]",False,{}
99244.44,2075.00,97169.44,USD,IDEALPRO-001,MARGIN,,"[{'type': 'MarginBalance', 'initial': '0.00', 'maintenance': '2075.00', 'currency': 'USD', 'instrument_id': 'EUR/USD.IDEALPRO'}]",False,{}
100000.00,0.00,100000.00,EUR,IDEALPRO-001,MARGIN,,"[{'type': 'MarginBalance', 'initial': '0.00', 'maintenance': '2075.00', 'currency': 'USD', 'instrument_id': 'EUR/USD.IDEALPRO'}]",False,{}
99742.38,0.00,99742.38,USD,IDEALPRO-001,MARGIN,,[],False,{}
100000.00,0.00,100000.00,EUR,IDEALPRO-001,MARGIN,,[],False,{}
99742.38,0.00,99742.38,USD,IDEALPRO-001,MARGIN,,[],False,{}
100000.00,0.00,100000.00,EUR,IDEALPRO-001,MARGIN,,[],False,{}
99742.38,3099.69,96642.69,USD,IDEALPRO-001,MARGIN,,"[{'type': 'MarginBalance', 'initial': '3099.69', 'maintenance': '0.00', 'currency': 'USD', 'instrument_id': 'EUR/USD.IDEALPRO'}]",False,{}
100000.00,0.00,100000.00,EUR,IDEALPRO-001,MARGIN,,"[{'type': 'MarginBalance', 'initial': '3099.69', 'maintenance': '0.00', 'currency': 'USD', 'instrument_id': 'EUR/USD.IDEALPRO'}]",False,{}
99742.38,3099.69,96642.69,USD,IDEALPRO-001,MARGIN,,"[{'type': 'MarginBalance', 'initial': '3099.69', 'maintenance': '0.00', 'currency': 'USD', 'instrument_id': 'EUR/USD.IDEALPRO'}]",False,{}
100000.00,0.00,100000.00,EUR,IDEALPRO-001,MARGIN,,"[{'type': 'MarginBalance', 'initial': '3099.69', 'maintenance': '0.00', 'currency': 'USD', 'instrument_id': 'EUR/USD.IDEALPRO'}]",False,{}
99742.38,3099.69,96642.69,USD,IDEALPRO-001,MARGIN,,"[{'type': 'MarginBalance', 'initial': '3099.69', 'maintenance': '0.00', 'currency': 'USD', 'instrument_id': 'EUR/USD.IDEALPRO'}]",False,{}
100000.00,0.00,100000.00,EUR,IDEALPRO-001,MARGIN,,"[{'type': 'MarginBalance', 'initial': '3099.69', 'maintenance': '0.00', 'currency': 'USD', 'instrument_id': 'EUR/USD.IDEALPRO'}]",False,{}
99740.31,3099.69,96640.62,USD,IDEALPRO-001,MARGIN,,"[{'type': 'MarginBalance', 'initial': '3099.69', 'maintenance': '0.00', 'currency': 'USD', 'instrument_id': 'EUR/USD.IDEALPRO'}]",False,{}
100000.00,0.00,100000.00,EUR,IDEALPRO-001,MARGIN,,"[{'type': 'MarginBalance', 'initial': '3099.69', 'maintenance': '0.00', 'currency': 'USD', 'instrument_id': 'EUR/USD.IDEALPRO'}]",False,{}
99740.31,2066.02,97674.29,USD,IDEALPRO-001,MARGIN,,"[{'type': 'MarginBalance', 'initial': '0.00', 'maintenance': '2066.02', 'currency': 'USD', 'instrument_id': 'EUR/USD.IDEALPRO'}]",False,{}
100000.00,0.00,100000.00,EUR,IDEALPRO-001,MARGIN,,"[{'type': 'MarginBalance', 'initial': '0.00', 'maintenance': '2066.02', 'currency': 'USD', 'instrument_id': 'EUR/USD.IDEALPRO'}]",False,{}
99740.31,2066.02,97674.29,USD,IDEALPRO-001,MARGIN,,"[{'type': 'MarginBalance', 'initial': '0.00', 'maintenance': '2066.02', 'currency': 'USD', 'instrument_id': 'EUR/USD.IDEALPRO'}]",False,{}
100000.00,0.00,100000.00,EUR,IDEALPRO-001,MARGIN,,"[{'type': 'MarginBalance', 'initial': '0.00', 'maintenance': '2066.02', 'currency': 'USD', 'instrument_id': 'EUR/USD.IDEALPRO'}]",False,{}
99740.31,2066.02,97674.29,USD,IDEALPRO-001,MARGIN,,"[{'type': 'MarginBalance', 'initial': '0.00', 'maintenance': '2066.02', 'currency': 'USD', 'instrument_id': 'EUR/USD.IDEALPRO'}]",False,{}
100000.00,0.00,100000.00,EUR,IDEALPRO-001,MARGIN,,"[{'type': 'MarginBalance', 'initial': '0.00', 'maintenance': '2066.02', 'currency': 'USD', 'instrument_id': 'EUR/USD.IDEALPRO'}]",False,{}
99509.25,0.00,99509.25,USD,IDEALPRO-001,MARGIN,,[],False,{}
100000.00,0.00,100000.00,EUR,IDEALPRO-001,MARGIN,,[],False,{}
99509.25,0.00,99509.25,USD,IDEALPRO-001,MARGIN,,[],False,{}
100000.00,0.00,100000.00,EUR,IDEALPRO-001,MARGIN,,[],False,{}
99509.25,3094.56,96414.69,USD,IDEALPRO-001,MARGIN,,"[{'type': 'MarginBalance', 'initial': '3094.56', 'maintenance': '0.00', 'currency': 'USD', 'instrument_id': 'EUR/USD.IDEALPRO'}]",False,{}
100000.00,0.00,100000.00,EUR,IDEALPRO-001,MARGIN,,"[{'type': 'MarginBalance', 'initial': '3094.56', 'maintenance': '0.00', 'currency': 'USD', 'instrument_id': 'EUR/USD.IDEALPRO'}]",False,{}
99509.25,0.00,99509.25,USD,IDEALPRO-001,MARGIN,,[],False,{}
100000.00,0.00,100000.00,EUR,IDEALPRO-001,MARGIN,,[],False,{}
99509.25,0.00,99509.25,USD,IDEALPRO-001,MARGIN,,[],False,{}
100000.00,0.00,100000.00,EUR,IDEALPRO-001,MARGIN,,[],False,{}
99509.25,0.00,99509.25,USD,IDEALPRO-001,MARGIN,,[],False,{}
100000.00,0.00,100000.00,EUR,IDEALPRO-001,MARGIN,,[],False,{}
99509.25,3095.43,96413.82,USD,IDEALPRO-001,MARGIN,,"[{'type': 'MarginBalance', 'initial': '3095.43', 'maintenance': '0.00', 'currency': 'USD', 'instrument_id': 'EUR/USD.IDEALPRO'}]",False,{}
100000.00,0.00,100000.00,EUR,IDEALPRO-001,MARGIN,,"[{'type': 'MarginBalance', 'initial': '3095.43', 'maintenance': '0.00', 'currency': 'USD', 'instrument_id': 'EUR/USD.IDEALPRO'}]",False,{}
99509.25,3095.43,96413.82,USD,IDEALPRO-001,MARGIN,,"[{'type': 'MarginBalance', 'initial': '3095.43', 'maintenance': '0.00', 'currency': 'USD', 'instrument_id': 'EUR/USD.IDEALPRO'}]",False,{}
100000.00,0.00,100000.00,EUR,IDEALPRO-001,MARGIN,,"[{'type': 'MarginBalance', 'initial': '3095.43', 'maintenance': '0.00', 'currency': 'USD', 'instrument_id': 'EUR/USD.IDEALPRO'}]",False,{}
99509.25,3095.43,96413.82,USD,IDEALPRO-001,MARGIN,,"[{'type': 'MarginBalance', 'initial': '3095.43', 'maintenance': '0.00', 'currency': 'USD', 'instrument_id': 'EUR/USD.IDEALPRO'}]",False,{}
100000.00,0.00,100000.00,EUR,IDEALPRO-001,MARGIN,,"[{'type': 'MarginBalance', 'initial': '3095.43', 'maintenance': '0.00', 'currency': 'USD', 'instrument_id': 'EUR/USD.IDEALPRO'}]",False,{}
99507.19,3095.43,96411.76,USD,IDEALPRO-001,MARGIN,,"[{'type': 'MarginBalance', 'initial': '3095.43', 'maintenance': '0.00', 'currency': 'USD', 'instrument_id': 'EUR/USD.IDEALPRO'}]",False,{}
100000.00,0.00,100000.00,EUR,IDEALPRO-001,MARGIN,,"[{'type': 'MarginBalance', 'initial': '3095.43', 'maintenance': '0.00', 'currency': 'USD', 'instrument_id': 'EUR/USD.IDEALPRO'}]",False,{}
99507.19,2063.62,97443.57,USD,IDEALPRO-001,MARGIN,,"[{'type': 'MarginBalance', 'initial': '0.00', 'maintenance': '2063.62', 'currency': 'USD', 'instrument_id': 'EUR/USD.IDEALPRO'}]",False,{}
100000.00,0.00,100000.00,EUR,IDEALPRO-001,MARGIN,,"[{'type': 'MarginBalance', 'initial': '0.00', 'maintenance': '2063.62', 'currency': 'USD', 'instrument_id': 'EUR/USD.IDEALPRO'}]",False,{}
99507.19,2063.62,97443.57,USD,IDEALPRO-001,MARGIN,,"[{'type': 'MarginBalance', 'initial': '0.00', 'maintenance': '2063.62', 'currency': 'USD', 'instrument_id': 'EUR/USD.IDEALPRO'}]",False,{}
100000.00,0.00,100000.00,EUR,IDEALPRO-001,MARGIN,,"[{'type': 'MarginBalance', 'initial': '0.00', 'maintenance': '2063.62', 'currency': 'USD', 'instrument_id': 'EUR/USD.IDEALPRO'}]",False,{}
99507.19,2063.62,97443.57,USD,IDEALPRO-001,MARGIN,,"[{'type': 'MarginBalance', 'initial': '0.00', 'maintenance': '2063.62', 'currency': 'USD', 'instrument_id': 'EUR/USD.IDEALPRO'}]",False,{}
100000.00,0.00,100000.00,EUR,IDEALPRO-001,MARGIN,,"[{'type': 'MarginBalance', 'initial': '0.00', 'maintenance': '2063.62', 'currency': 'USD', 'instrument_id': 'EUR/USD.IDEALPRO'}]",False,{}
100005.12,0.00,100005.12,USD,IDEALPRO-001,MARGIN,,[],False,{}
100000.00,0.00,100000.00,EUR,IDEALPRO-001,MARGIN,,[],False,{}
100005.12,0.00,100005.12,USD,IDEALPRO-001,MARGIN,,[],False,{}
100000.00,0.00,100000.00,EUR,IDEALPRO-001,MARGIN,,[],False,{}
100005.12,3102.21,96902.91,USD,IDEALPRO-001,MARGIN,,"[{'type': 'MarginBalance', 'initial': '3102.21', 'maintenance': '0.00', 'currency': 'USD', 'instrument_id': 'EUR/USD.IDEALPRO'}]",False,{}
100000.00,0.00,100000.00,EUR,IDEALPRO-001,MARGIN,,"[{'type': 'MarginBalance', 'initial': '3102.21', 'maintenance': '0.00', 'currency': 'USD', 'instrument_id': 'EUR/USD.IDEALPRO'}]",False,{}
100005.12,3102.21,96902.91,USD,IDEALPRO-001,MARGIN,,"[{'type': 'MarginBalance', 'initial': '3102.21', 'maintenance': '0.00', 'currency': 'USD', 'instrument_id': 'EUR/USD.IDEALPRO'}]",False,{}
100000.00,0.00,100000.00,EUR,IDEALPRO-001,MARGIN,,"[{'type': 'MarginBalance', 'initial': '3102.21', 'maintenance': '0.00', 'currency': 'USD', 'instrument_id': 'EUR/USD.IDEALPRO'}]",False,{}
100005.12,3102.21,96902.91,USD,IDEALPRO-001,MARGIN,,"[{'type': 'MarginBalance', 'initial': '3102.21', 'maintenance': '0.00', 'currency': 'USD', 'instrument_id': 'EUR/USD.IDEALPRO'}]",False,{}
100000.00,0.00,100000.00,EUR,IDEALPRO-001,MARGIN,,"[{'type': 'MarginBalance', 'initial': '3102.21', 'maintenance': '0.00', 'currency': 'USD', 'instrument_id': 'EUR/USD.IDEALPRO'}]",False,{}
100003.05,3102.21,96900.84,USD,IDEALPRO-001,MARGIN,,"[{'type': 'MarginBalance', 'initial': '3102.21', 'maintenance': '0.00', 'currency': 'USD', 'instrument_id': 'EUR/USD.IDEALPRO'}]",False,{}
100000.00,0.00,100000.00,EUR,IDEALPRO-001,MARGIN,,"[{'type': 'MarginBalance', 'initial': '3102.21', 'maintenance': '0.00', 'currency': 'USD', 'instrument_id': 'EUR/USD.IDEALPRO'}]",False,{}
100003.05,2071.88,97931.17,USD,IDEALPRO-001,MARGIN,,"[{'type': 'MarginBalance', 'initial': '0.00', 'maintenance': '2071.88', 'currency': 'USD', 'instrument_id': 'EUR/USD.IDEALPRO'}]",False,{}
100000.00,0.00,100000.00,EUR,IDEALPRO-001,MARGIN,,"[{'type': 'MarginBalance', 'initial': '0.00', 'maintenance': '2071.88', 'currency': 'USD', 'instrument_id': 'EUR/USD.IDEALPRO'}]",False,{}
100003.05,2071.88,97931.17,USD,IDEALPRO-001,MARGIN,,"[{'type': 'MarginBalance', 'initial': '0.00', 'maintenance': '2071.88', 'currency': 'USD', 'instrument_id': 'EUR/USD.IDEALPRO'}]",False,{}
100000.00,0.00,100000.00,EUR,IDEALPRO-001,MARGIN,,"[{'type': 'MarginBalance', 'initial': '0.00', 'maintenance': '2071.88', 'currency': 'USD', 'instrument_id': 'EUR/USD.IDEALPRO'}]",False,{}
100003.05,2071.88,97931.17,USD,IDEALPRO-001,MARGIN,,"[{'type': 'MarginBalance', 'initial': '0.00', 'maintenance': '2071.88', 'currency': 'USD', 'instrument_id': 'EUR/USD.IDEALPRO'}]",False,{}
100000.00,0.00,100000.00,EUR,IDEALPRO-001,MARGIN,,"[{'type': 'MarginBalance', 'initial': '0.00', 'maintenance': '2071.88', 'currency': 'USD', 'instrument_id': 'EUR/USD.IDEALPRO'}]",False,{}
99936.98,0.00,99936.98,USD,IDEALPRO-001,MARGIN,,[],False,{}
100000.00,0.00,100000.00,EUR,IDEALPRO-001,MARGIN,,[],False,{}
99936.98,0.00,99936.98,USD,IDEALPRO-001,MARGIN,,[],False,{}
100000.00,0.00,100000.00,EUR,IDEALPRO-001,MARGIN,,[],False,{}
99936.98,3127.89,96809.09,USD,IDEALPRO-001,MARGIN,,"[{'type': 'MarginBalance', 'initial': '3127.89', 'maintenance': '0.00', 'currency': 'USD', 'instrument_id': 'EUR/USD.IDEALPRO'}]",False,{}
100000.00,0.00,100000.00,EUR,IDEALPRO-001,MARGIN,,"[{'type': 'MarginBalance', 'initial': '3127.89', 'maintenance': '0.00', 'currency': 'USD', 'instrument_id': 'EUR/USD.IDEALPRO'}]",False,{}
99936.98,3127.89,96809.09,USD,IDEALPRO-001,MARGIN,,"[{'type': 'MarginBalance', 'initial': '3127.89', 'maintenance': '0.00', 'currency': 'USD', 'instrument_id': 'EUR/USD.IDEALPRO'}]",False,{}
100000.00,0.00,100000.00,EUR,IDEALPRO-001,MARGIN,,"[{'type': 'MarginBalance', 'initial': '3127.89', 'maintenance': '0.00', 'currency': 'USD', 'instrument_id': 'EUR/USD.IDEALPRO'}]",False,{}
99936.98,3127.89,96809.09,USD,IDEALPRO-001,MARGIN,,"[{'type': 'MarginBalance', 'initial': '3127.89', 'maintenance': '0.00', 'currency': 'USD', 'instrument_id': 'EUR/USD.IDEALPRO'}]",False,{}
100000.00,0.00,100000.00,EUR,IDEALPRO-001,MARGIN,,"[{'type': 'MarginBalance', 'initial': '3127.89', 'maintenance': '0.00', 'currency': 'USD', 'instrument_id': 'EUR/USD.IDEALPRO'}]",False,{}
99934.90,3127.89,96807.01,USD,IDEALPRO-001,MARGIN,,"[{'type': 'MarginBalance', 'initial': '3127.89', 'maintenance': '0.00', 'currency': 'USD', 'instrument_id': 'EUR/USD.IDEALPRO'}]",False,{}
100000.00,0.00,100000.00,EUR,IDEALPRO-001,MARGIN,,"[{'type': 'MarginBalance', 'initial': '3127.89', 'maintenance': '0.00', 'currency': 'USD', 'instrument_id': 'EUR/USD.IDEALPRO'}]",False,{}
99934.90,2083.86,97851.04,USD,IDEALPRO-001,MARGIN,,"[{'type': 'MarginBalance', 'initial': '0.00', 'maintenance': '2083.86', 'currency': 'USD', 'instrument_id': 'EUR/USD.IDEALPRO'}]",False,{}
100000.00,0.00,100000.00,EUR,IDEALPRO-001,MARGIN,,"[{'type': 'MarginBalance', 'initial': '0.00', 'maintenance': '2083.86', 'currency': 'USD', 'instrument_id': 'EUR/USD.IDEALPRO'}]",False,{}
99934.90,2083.86,97851.04,USD,IDEALPRO-001,MARGIN,,"[{'type': 'MarginBalance', 'initial': '0.00', 'maintenance': '2083.86', 'currency': 'USD', 'instrument_id': 'EUR/USD.IDEALPRO'}]",False,{}
100000.00,0.00,100000.00,EUR,IDEALPRO-001,MARGIN,,"[{'type': 'MarginBalance', 'initial': '0.00', 'maintenance': '2083.86', 'currency': 'USD', 'instrument_id': 'EUR/USD.IDEALPRO'}]",False,{}
99934.90,2083.86,97851.04,USD,IDEALPRO-001,MARGIN,,"[{'type': 'MarginBalance', 'initial': '0.00', 'maintenance': '2083.86', 'currency': 'USD', 'instrument_id': 'EUR/USD.IDEALPRO'}]",False,{}
100000.00,0.00,100000.00,EUR,IDEALPRO-001,MARGIN,,"[{'type': 'MarginBalance', 'initial': '0.00', 'maintenance': '2083.86', 'currency': 'USD', 'instrument_id': 'EUR/USD.IDEALPRO'}]",False,{}
99751.82,0.00,99751.82,USD,IDEALPRO-001,MARGIN,,[],False,{}
100000.00,0.00,100000.00,EUR,IDEALPRO-001,MARGIN,,[],False,{}
99751.82,0.00,99751.82,USD,IDEALPRO-001,MARGIN,,[],False,{}
100000.00,0.00,100000.00,EUR,IDEALPRO-001,MARGIN,,[],False,{}
99751.82,3116.55,96635.27,USD,IDEALPRO-001,MARGIN,,"[{'type': 'MarginBalance', 'initial': '3116.55', 'maintenance': '0.00', 'currency': 'USD', 'instrument_id': 'EUR/USD.IDEALPRO'}]",False,{}
100000.00,0.00,100000.00,EUR,IDEALPRO-001,MARGIN,,"[{'type': 'MarginBalance', 'initial': '3116.55', 'maintenance': '0.00', 'currency': 'USD', 'instrument_id': 'EUR/USD.IDEALPRO'}]",False,{}
99751.82,3116.55,96635.27,USD,IDEALPRO-001,MARGIN,,"[{'type': 'MarginBalance', 'initial': '3116.55', 'maintenance': '0.00', 'currency': 'USD', 'instrument_id': 'EUR/USD.IDEALPRO'}]",False,{}
100000.00,0.00,100000.00,EUR,IDEALPRO-001,MARGIN,,"[{'type': 'MarginBalance', 'initial': '3116.55', 'maintenance': '0.00', 'currency': 'USD', 'instrument_id': 'EUR/USD.IDEALPRO'}]",False,{}
99751.82,3116.55,96635.27,USD,IDEALPRO-001,MARGIN,,"[{'type': 'MarginBalance', 'initial': '3116.55', 'maintenance': '0.00', 'currency': 'USD', 'instrument_id': 'EUR/USD.IDEALPRO'}]",False,{}
100000.00,0.00,100000.00,EUR,IDEALPRO-001,MARGIN,,"[{'type': 'MarginBalance', 'initial': '3116.55', 'maintenance': '0.00', 'currency': 'USD', 'instrument_id': 'EUR/USD.IDEALPRO'}]",False,{}
99749.74,3116.55,96633.19,USD,IDEALPRO-001,MARGIN,,"[{'type': 'MarginBalance', 'initial': '3116.55', 'maintenance': '0.00', 'currency': 'USD', 'instrument_id': 'EUR/USD.IDEALPRO'}]",False,{}
100000.00,0.00,100000.00,EUR,IDEALPRO-001,MARGIN,,"[{'type': 'MarginBalance', 'initial': '3116.55', 'maintenance': '0.00', 'currency': 'USD', 'instrument_id': 'EUR/USD.IDEALPRO'}]",False,{}
99749.74,2077.70,97672.04,USD,IDEALPRO-001,MARGIN,,"[{'type': 'MarginBalance', 'initial': '0.00', 'maintenance': '2077.70', 'currency': 'USD', 'instrument_id': 'EUR/USD.IDEALPRO'}]",False,{}
100000.00,0.00,100000.00,EUR,IDEALPRO-001,MARGIN,,"[{'type': 'MarginBalance', 'initial': '0.00', 'maintenance': '2077.70', 'currency': 'USD', 'instrument_id': 'EUR/USD.IDEALPRO'}]",False,{}
99749.74,2077.70,97672.04,USD,IDEALPRO-001,MARGIN,,"[{'type': 'MarginBalance', 'initial': '0.00', 'maintenance': '2077.70', 'currency': 'USD', 'instrument_id': 'EUR/USD.IDEALPRO'}]",False,{}
100000.00,0.00,100000.00,EUR,IDEALPRO-001,MARGIN,,"[{'type': 'MarginBalance', 'initial': '0.00', 'maintenance': '2077.70', 'currency': 'USD', 'instrument_id': 'EUR/USD.IDEALPRO'}]",False,{}
99749.74,2077.70,97672.04,USD,IDEALPRO-001,MARGIN,,"[{'type': 'MarginBalance', 'initial': '0.00', 'maintenance': '2077.70', 'currency': 'USD', 'instrument_id': 'EUR/USD.IDEALPRO'}]",False,{}
100000.00,0.00,100000.00,EUR,IDEALPRO-001,MARGIN,,"[{'type': 'MarginBalance', 'initial': '0.00', 'maintenance': '2077.70', 'currency': 'USD', 'instrument_id': 'EUR/USD.IDEALPRO'}]",False,{}
99496.66,0.00,99496.66,USD,IDEALPRO-001,MARGIN,,[],False,{}
100000.00,0.00,100000.00,EUR,IDEALPRO-001,MARGIN,,[],False,{}
99496.66,0.00,99496.66,USD,IDEALPRO-001,MARGIN,,[],False,{}
100000.00,0.00,100000.00,EUR,IDEALPRO-001,MARGIN,,[],False,{}
99496.66,3129.30,96367.36,USD,IDEALPRO-001,MARGIN,,"[{'type': 'MarginBalance', 'initial': '3129.30', 'maintenance': '0.00', 'currency': 'USD', 'instrument_id': 'EUR/USD.IDEALPRO'}]",False,{}
100000.00,0.00,100000.00,EUR,IDEALPRO-001,MARGIN,,"[{'type': 'MarginBalance', 'initial': '3129.30', 'maintenance': '0.00', 'currency': 'USD', 'instrument_id': 'EUR/USD.IDEALPRO'}]",False,{}
99496.66,3129.30,96367.36,USD,IDEALPRO-001,MARGIN,,"[{'type': 'MarginBalance', 'initial': '3129.30', 'maintenance': '0.00', 'currency': 'USD', 'instrument_id': 'EUR/USD.IDEALPRO'}]",False,{}
100000.00,0.00,100000.00,EUR,IDEALPRO-001,MARGIN,,"[{'type': 'MarginBalance', 'initial': '3129.30', 'maintenance': '0.00', 'currency': 'USD', 'instrument_id': 'EUR/USD.IDEALPRO'}]",False,{}
99496.66,3129.30,96367.36,USD,IDEALPRO-001,MARGIN,,"[{'type': 'MarginBalance', 'initial': '3129.30', 'maintenance': '0.00', 'currency': 'USD', 'instrument_id': 'EUR/USD.IDEALPRO'}]",False,{}
100000.00,0.00,100000.00,EUR,IDEALPRO-001,MARGIN,,"[{'type': 'MarginBalance', 'initial': '3129.30', 'maintenance': '0.00', 'currency': 'USD', 'instrument_id': 'EUR/USD.IDEALPRO'}]",False,{}
99496.66,3129.30,96367.36,USD,IDEALPRO-001,MARGIN,,"[{'type': 'MarginBalance', 'initial': '3129.30', 'maintenance': '0.00', 'currency': 'USD', 'instrument_id': 'EUR/USD.IDEALPRO'}]",False,{}
100000.00,0.00,100000.00,EUR,IDEALPRO-001,MARGIN,,"[{'type': 'MarginBalance', 'initial': '3129.30', 'maintenance': '0.00', 'currency': 'USD', 'instrument_id': 'EUR/USD.IDEALPRO'}]",False,{}
99496.66,3129.30,96367.36,USD,IDEALPRO-001,MARGIN,,"[{'type': 'MarginBalance', 'initial': '3129.30', 'maintenance': '0.00', 'currency': 'USD', 'instrument_id': 'EUR/USD.IDEALPRO'}]",False,{}
100000.00,0.00,100000.00,EUR,IDEALPRO-001,MARGIN,,"[{'type': 'MarginBalance', 'initial': '3129.30', 'maintenance': '0.00', 'currency': 'USD', 'instrument_id': 'EUR/USD.IDEALPRO'}]",False,{}
99496.66,3129.30,96367.36,USD,IDEALPRO-001,MARGIN,,"[{'type': 'MarginBalance', 'initial': '3129.30', 'maintenance': '0.00', 'currency': 'USD', 'instrument_id': 'EUR/USD.IDEALPRO'}]",False,{}
100000.00,0.00,100000.00,EUR,IDEALPRO-001,MARGIN,,"[{'type': 'MarginBalance', 'initial': '3129.30', 'maintenance': '0.00', 'currency': 'USD', 'instrument_id': 'EUR/USD.IDEALPRO'}]",False,{}
99494.57,3129.30,96365.27,USD,IDEALPRO-001,MARGIN,,"[{'type': 'MarginBalance', 'initial': '3129.30', 'maintenance': '0.00', 'currency': 'USD', 'instrument_id': 'EUR/USD.IDEALPRO'}]",False,{}
100000.00,0.00,100000.00,EUR,IDEALPRO-001,MARGIN,,"[{'type': 'MarginBalance', 'initial': '3129.30', 'maintenance': '0.00', 'currency': 'USD', 'instrument_id': 'EUR/USD.IDEALPRO'}]",False,{}
99494.57,2086.20,97408.37,USD,IDEALPRO-001,MARGIN,,"[{'type': 'MarginBalance', 'initial': '0.00', 'maintenance': '2086.20', 'currency': 'USD', 'instrument_id': 'EUR/USD.IDEALPRO'}]",False,{}
100000.00,0.00,100000.00,EUR,IDEALPRO-001,MARGIN,,"[{'type': 'MarginBalance', 'initial': '0.00', 'maintenance': '2086.20', 'currency': 'USD', 'instrument_id': 'EUR/USD.IDEALPRO'}]",False,{}
99494.57,2086.20,97408.37,USD,IDEALPRO-001,MARGIN,,"[{'type': 'MarginBalance', 'initial': '0.00', 'maintenance': '2086.20', 'currency': 'USD', 'instrument_id': 'EUR/USD.IDEALPRO'}]",False,{}
100000.00,0.00,100000.00,EUR,IDEALPRO-001,MARGIN,,"[{'type': 'MarginBalance', 'initial': '0.00', 'maintenance': '2086.20', 'currency': 'USD', 'instrument_id': 'EUR/USD.IDEALPRO'}]",False,{}
99494.57,2086.20,97408.37,USD,IDEALPRO-001,MARGIN,,"[{'type': 'MarginBalance', 'initial': '0.00', 'maintenance': '2086.20', 'currency': 'USD', 'instrument_id': 'EUR/USD.IDEALPRO'}]",False,{}
100000.00,0.00,100000.00,EUR,IDEALPRO-001,MARGIN,,"[{'type': 'MarginBalance', 'initial': '0.00', 'maintenance': '2086.20', 'currency': 'USD', 'instrument_id': 'EUR/USD.IDEALPRO'}]",False,{}
99494.57,2086.20,97408.37,USD,IDEALPRO-001,MARGIN,,"[{'type': 'MarginBalance', 'initial': '0.00', 'maintenance': '2086.20', 'currency': 'USD', 'instrument_id': 'EUR/USD.IDEALPRO'}]",False,{}
100000.00,0.00,100000.00,EUR,IDEALPRO-001,MARGIN,,"[{'type': 'MarginBalance', 'initial': '0.00', 'maintenance': '2086.20', 'currency': 'USD', 'instrument_id': 'EUR/USD.IDEALPRO'}]",False,{}
99494.57,2086.20,97408.37,USD,IDEALPRO-001,MARGIN,,"[{'type': 'MarginBalance', 'initial': '0.00', 'maintenance': '2086.20', 'currency': 'USD', 'instrument_id': 'EUR/USD.IDEALPRO'}]",False,{}
100000.00,0.00,100000.00,EUR,IDEALPRO-001,MARGIN,,"[{'type': 'MarginBalance', 'initial': '0.00', 'maintenance': '2086.20', 'currency': 'USD', 'instrument_id': 'EUR/USD.IDEALPRO'}]",False,{}
99241.49,0.00,99241.49,USD,IDEALPRO-001,MARGIN,,[],False,{}
100000.00,0.00,100000.00,EUR,IDEALPRO-001,MARGIN,,[],False,{}
99241.49,0.00,99241.49,USD,IDEALPRO-001,MARGIN,,[],False,{}
100000.00,0.00,100000.00,EUR,IDEALPRO-001,MARGIN,,[],False,{}
99241.49,3146.55,96094.94,USD,IDEALPRO-001,MARGIN,,"[{'type': 'MarginBalance', 'initial': '3146.55', 'maintenance': '0.00', 'currency': 'USD', 'instrument_id': 'EUR/USD.IDEALPRO'}]",False,{}
100000.00,0.00,100000.00,EUR,IDEALPRO-001,MARGIN,,"[{'type': 'MarginBalance', 'initial': '3146.55', 'maintenance': '0.00', 'currency': 'USD', 'instrument_id': 'EUR/USD.IDEALPRO'}]",False,{}
99241.49,0.00,99241.49,USD,IDEALPRO-001,MARGIN,,[],False,{}
100000.00,0.00,100000.00,EUR,IDEALPRO-001,MARGIN,,[],False,{}
99241.49,0.00,99241.49,USD,IDEALPRO-001,MARGIN,,[],False,{}
100000.00,0.00,100000.00,EUR,IDEALPRO-001,MARGIN,,[],False,{}
99241.49,0.00,99241.49,USD,IDEALPRO-001,MARGIN,,[],False,{}
100000.00,0.00,100000.00,EUR,IDEALPRO-001,MARGIN,,[],False,{}
99241.49,3138.24,96103.25,USD,IDEALPRO-001,MARGIN,,"[{'type': 'MarginBalance', 'initial': '3138.24', 'maintenance': '0.00', 'currency': 'USD', 'instrument_id': 'EUR/USD.IDEALPRO'}]",False,{}
100000.00,0.00,100000.00,EUR,IDEALPRO-001,MARGIN,,"[{'type': 'MarginBalance', 'initial': '3138.24', 'maintenance': '0.00', 'currency': 'USD', 'instrument_id': 'EUR/USD.IDEALPRO'}]",False,{}
99241.49,3138.24,96103.25,USD,IDEALPRO-001,MARGIN,,"[{'type': 'MarginBalance', 'initial': '3138.24', 'maintenance': '0.00', 'currency': 'USD', 'instrument_id': 'EUR/USD.IDEALPRO'}]",False,{}
100000.00,0.00,100000.00,EUR,IDEALPRO-001,MARGIN,,"[{'type': 'MarginBalance', 'initial': '3138.24', 'maintenance': '0.00', 'currency': 'USD', 'instrument_id': 'EUR/USD.IDEALPRO'}]",False,{}
99241.49,3138.24,96103.25,USD,IDEALPRO-001,MARGIN,,"[{'type': 'MarginBalance', 'initial': '3138.24', 'maintenance': '0.00', 'currency': 'USD', 'instrument_id': 'EUR/USD.IDEALPRO'}]",False,{}
100000.00,0.00,100000.00,EUR,IDEALPRO-001,MARGIN,,"[{'type': 'MarginBalance', 'initial': '3138.24', 'maintenance': '0.00', 'currency': 'USD', 'instrument_id': 'EUR/USD.IDEALPRO'}]",False,{}
99239.40,3138.24,96101.16,USD,IDEALPRO-001,MARGIN,,"[{'type': 'MarginBalance', 'initial': '3138.24', 'maintenance': '0.00', 'currency': 'USD', 'instrument_id': 'EUR/USD.IDEALPRO'}]",False,{}
100000.00,0.00,100000.00,EUR,IDEALPRO-001,MARGIN,,"[{'type': 'MarginBalance', 'initial': '3138.24', 'maintenance': '0.00', 'currency': 'USD', 'instrument_id': 'EUR/USD.IDEALPRO'}]",False,{}
99239.40,2091.76,97147.64,USD,IDEALPRO-001,MARGIN,,"[{'type': 'MarginBalance', 'initial': '0.00', 'maintenance': '2091.76', 'currency': 'USD', 'instrument_id': 'EUR/USD.IDEALPRO'}]",False,{}
100000.00,0.00,100000.00,EUR,IDEALPRO-001,MARGIN,,"[{'type': 'MarginBalance', 'initial': '0.00', 'maintenance': '2091.76', 'currency': 'USD', 'instrument_id': 'EUR/USD.IDEALPRO'}]",False,{}
99239.40,2091.76,97147.64,USD,IDEALPRO-001,MARGIN,,"[{'type': 'MarginBalance', 'initial': '0.00', 'maintenance': '2091.76', 'currency': 'USD', 'instrument_id': 'EUR/USD.IDEALPRO'}]",False,{}
100000.00,0.00,100000.00,EUR,IDEALPRO-001,MARGIN,,"[{'type': 'MarginBalance', 'initial': '0.00', 'maintenance': '2091.76', 'currency': 'USD', 'instrument_id': 'EUR/USD.IDEALPRO'}]",False,{}
99239.40,2091.76,97147.64,USD,IDEALPRO-001,MARGIN,,"[{'type': 'MarginBalance', 'initial': '0.00', 'maintenance': '2091.76', 'currency': 'USD', 'instrument_id': 'EUR/USD.IDEALPRO'}]",False,{}
100000.00,0.00,100000.00,EUR,IDEALPRO-001,MARGIN,,"[{'type': 'MarginBalance', 'initial': '0.00', 'maintenance': '2091.76', 'currency': 'USD', 'instrument_id': 'EUR/USD.IDEALPRO'}]",False,{}
99006.31,0.00,99006.31,USD,IDEALPRO-001,MARGIN,,[],False,{}
100000.00,0.00,100000.00,EUR,IDEALPRO-001,MARGIN,,[],False,{}
99006.31,0.00,99006.31,USD,IDEALPRO-001,MARGIN,,[],False,{}
100000.00,0.00,100000.00,EUR,IDEALPRO-001,MARGIN,,[],False,{}
99006.31,3130.47,95875.84,USD,IDEALPRO-001,MARGIN,,"[{'type': 'MarginBalance', 'initial': '3130.47', 'maintenance': '0.00', 'currency': 'USD', 'instrument_id': 'EUR/USD.IDEALPRO'}]",False,{}
100000.00,0.00,100000.00,EUR,IDEALPRO-001,MARGIN,,"[{'type': 'MarginBalance', 'initial': '3130.47', 'maintenance': '0.00', 'currency': 'USD', 'instrument_id': 'EUR/USD.IDEALPRO'}]",False,{}
99006.31,0.00,99006.31,USD,IDEALPRO-001,MARGIN,,[],False,{}
100000.00,0.00,100000.00,EUR,IDEALPRO-001,MARGIN,,[],False,{}
99006.31,0.00,99006.31,USD,IDEALPRO-001,MARGIN,,[],False,{}
100000.00,0.00,100000.00,EUR,IDEALPRO-001,MARGIN,,[],False,{}
99006.31,0.00,99006.31,USD,IDEALPRO-001,MARGIN,,[],False,{}
100000.00,0.00,100000.00,EUR,IDEALPRO-001,MARGIN,,[],False,{}
99006.31,3129.96,95876.35,USD,IDEALPRO-001,MARGIN,,"[{'type': 'MarginBalance', 'initial': '3129.96', 'maintenance': '0.00', 'currency': 'USD', 'instrument_id': 'EUR/USD.IDEALPRO'}]",False,{}
100000.00,0.00,100000.00,EUR,IDEALPRO-001,MARGIN,,"[{'type': 'MarginBalance', 'initial': '3129.96', 'maintenance': '0.00', 'currency': 'USD', 'instrument_id': 'EUR/USD.IDEALPRO'}]",False,{}
99006.31,3129.96,95876.35,USD,IDEALPRO-001,MARGIN,,"[{'type': 'MarginBalance', 'initial': '3129.96', 'maintenance': '0.00', 'currency': 'USD', 'instrument_id': 'EUR/USD.IDEALPRO'}]",False,{}
100000.00,0.00,100000.00,EUR,IDEALPRO-001,MARGIN,,"[{'type': 'MarginBalance', 'initial': '3129.96', 'maintenance': '0.00', 'currency': 'USD', 'instrument_id': 'EUR/USD.IDEALPRO'}]",False,{}
99006.31,3129.96,95876.35,USD,IDEALPRO-001,MARGIN,,"[{'type': 'MarginBalance', 'initial': '3129.96', 'maintenance': '0.00', 'currency': 'USD', 'instrument_id': 'EUR/USD.IDEALPRO'}]",False,{}
100000.00,0.00,100000.00,EUR,IDEALPRO-001,MARGIN,,"[{'type': 'MarginBalance', 'initial': '3129.96', 'maintenance': '0.00', 'currency': 'USD', 'instrument_id': 'EUR/USD.IDEALPRO'}]",False,{}
99004.22,3129.96,95874.26,USD,IDEALPRO-001,MARGIN,,"[{'type': 'MarginBalance', 'initial': '3129.96', 'maintenance': '0.00', 'currency': 'USD', 'instrument_id': 'EUR/USD.IDEALPRO'}]",False,{}
100000.00,0.00,100000.00,EUR,IDEALPRO-001,MARGIN,,"[{'type': 'MarginBalance', 'initial': '3129.96', 'maintenance': '0.00', 'currency': 'USD', 'instrument_id': 'EUR/USD.IDEALPRO'}]",False,{}
99004.22,2086.28,96917.94,USD,IDEALPRO-001,MARGIN,,"[{'type': 'MarginBalance', 'initial': '0.00', 'maintenance': '2086.28', 'currency': 'USD', 'instrument_id': 'EUR/USD.IDEALPRO'}]",False,{}
100000.00,0.00,100000.00,EUR,IDEALPRO-001,MARGIN,,"[{'type': 'MarginBalance', 'initial': '0.00', 'maintenance': '2086.28', 'currency': 'USD', 'instrument_id': 'EUR/USD.IDEALPRO'}]",False,{}
99004.22,2086.28,96917.94,USD,IDEALPRO-001,MARGIN,,"[{'type': 'MarginBalance', 'initial': '0.00', 'maintenance': '2086.28', 'currency': 'USD', 'instrument_id': 'EUR/USD.IDEALPRO'}]",False,{}
100000.00,0.00,100000.00,EUR,IDEALPRO-001,MARGIN,,"[{'type': 'MarginBalance', 'initial': '0.00', 'maintenance': '2086.28', 'currency': 'USD', 'instrument_id': 'EUR/USD.IDEALPRO'}]",False,{}
99004.22,2086.28,96917.94,USD,IDEALPRO-001,MARGIN,,"[{'type': 'MarginBalance', 'initial': '0.00', 'maintenance': '2086.28', 'currency': 'USD', 'instrument_id': 'EUR/USD.IDEALPRO'}]",False,{}
100000.00,0.00,100000.00,EUR,IDEALPRO-001,MARGIN,,"[{'type': 'MarginBalance', 'initial': '0.00', 'maintenance': '2086.28', 'currency': 'USD', 'instrument_id': 'EUR/USD.IDEALPRO'}]",False,{}
99520.12,0.00,99520.12,USD,IDEALPRO-001,MARGIN,,[],False,{}
100000.00,0.00,100000.00,EUR,IDEALPRO-001,MARGIN,,[],False,{}
99520.12,0.00,99520.12,USD,IDEALPRO-001,MARGIN,,[],False,{}
100000.00,0.00,100000.00,EUR,IDEALPRO-001,MARGIN,,[],False,{}
99520.12,3140.76,96379.36,USD,IDEALPRO-001,MARGIN,,"[{'type': 'MarginBalance', 'initial': '3140.76', 'maintenance': '0.00', 'currency': 'USD', 'instrument_id': 'EUR/USD.IDEALPRO'}]",False,{}
100000.00,0.00,100000.00,EUR,IDEALPRO-001,MARGIN,,"[{'type': 'MarginBalance', 'initial': '3140.76', 'maintenance': '0.00', 'currency': 'USD', 'instrument_id': 'EUR/USD.IDEALPRO'}]",False,{}
99520.12,3140.76,96379.36,USD,IDEALPRO-001,MARGIN,,"[{'type': 'MarginBalance', 'initial': '3140.76', 'maintenance': '0.00', 'currency': 'USD', 'instrument_id': 'EUR/USD.IDEALPRO'}]",False,{}
100000.00,0.00,100000.00,EUR,IDEALPRO-001,MARGIN,,"[{'type': 'MarginBalance', 'initial': '3140.76', 'maintenance': '0.00', 'currency': 'USD', 'instrument_id': 'EUR/USD.IDEALPRO'}]",False,{}
99520.12,3140.76,96379.36,USD,IDEALPRO-001,MARGIN,,"[{'type': 'MarginBalance', 'initial': '3140.76', 'maintenance': '0.00', 'currency': 'USD', 'instrument_id': 'EUR/USD.IDEALPRO'}]",False,{}
100000.00,0.00,100000.00,EUR,IDEALPRO-001,MARGIN,,"[{'type': 'MarginBalance', 'initial': '3140.76', 'maintenance': '0.00', 'currency': 'USD', 'instrument_id': 'EUR/USD.IDEALPRO'}]",False,{}
99520.12,3140.76,96379.36,USD,IDEALPRO-001,MARGIN,,"[{'type': 'MarginBalance', 'initial': '3140.76', 'maintenance': '0.00', 'currency': 'USD', 'instrument_id': 'EUR/USD.IDEALPRO'}]",False,{}
100000.00,0.00,100000.00,EUR,IDEALPRO-001,MARGIN,,"[{'type': 'MarginBalance', 'initial': '3140.76', 'maintenance': '0.00', 'currency': 'USD', 'instrument_id': 'EUR/USD.IDEALPRO'}]",False,{}
99520.12,3140.76,96379.36,USD,IDEALPRO-001,MARGIN,,"[{'type': 'MarginBalance', 'initial': '3140.76', 'maintenance': '0.00', 'currency': 'USD', 'instrument_id': 'EUR/USD.IDEALPRO'}]",False,{}
100000.00,0.00,100000.00,EUR,IDEALPRO-001,MARGIN,,"[{'type': 'MarginBalance', 'initial': '3140.76', 'maintenance': '0.00', 'currency': 'USD', 'instrument_id': 'EUR/USD.IDEALPRO'}]",False,{}
99520.12,3140.76,96379.36,USD,IDEALPRO-001,MARGIN,,"[{'type': 'MarginBalance', 'initial': '3140.76', 'maintenance': '0.00', 'currency': 'USD', 'instrument_id': 'EUR/USD.IDEALPRO'}]",False,{}
100000.00,0.00,100000.00,EUR,IDEALPRO-001,MARGIN,,"[{'type': 'MarginBalance', 'initial': '3140.76', 'maintenance': '0.00', 'currency': 'USD', 'instrument_id': 'EUR/USD.IDEALPRO'}]",False,{}
99518.03,3140.76,96377.27,USD,IDEALPRO-001,MARGIN,,"[{'type': 'MarginBalance', 'initial': '3140.76', 'maintenance': '0.00', 'currency': 'USD', 'instrument_id': 'EUR/USD.IDEALPRO'}]",False,{}
100000.00,0.00,100000.00,EUR,IDEALPRO-001,MARGIN,,"[{'type': 'MarginBalance', 'initial': '3140.76', 'maintenance': '0.00', 'currency': 'USD', 'instrument_id': 'EUR/USD.IDEALPRO'}]",False,{}
99518.03,2093.84,97424.19,USD,IDEALPRO-001,MARGIN,,"[{'type': 'MarginBalance', 'initial': '0.00', 'maintenance': '2093.84', 'currency': 'USD', 'instrument_id': 'EUR/USD.IDEALPRO'}]",False,{}
100000.00,0.00,100000.00,EUR,IDEALPRO-001,MARGIN,,"[{'type': 'MarginBalance', 'initial': '0.00', 'maintenance': '2093.84', 'currency': 'USD', 'instrument_id': 'EUR/USD.IDEALPRO'}]",False,{}
99518.03,2093.84,97424.19,USD,IDEALPRO-001,MARGIN,,"[{'type': 'MarginBalance', 'initial': '0.00', 'maintenance': '2093.84', 'currency': 'USD', 'instrument_id': 'EUR/USD.IDEALPRO'}]",False,{}
100000.00,0.00,100000.00,EUR,IDEALPRO-001,MARGIN,,"[{'type': 'MarginBalance', 'initial': '0.00', 'maintenance': '2093.84', 'currency': 'USD', 'instrument_id': 'EUR/USD.IDEALPRO'}]",False,{}
99518.03,2093.84,97424.19,USD,IDEALPRO-001,MARGIN,,"[{'type': 'MarginBalance', 'initial': '0.00', 'maintenance': '2093.84', 'currency': 'USD', 'instrument_id': 'EUR/USD.IDEALPRO'}]",False,{}
100000.00,0.00,100000.00,EUR,IDEALPRO-001,MARGIN,,"[{'type': 'MarginBalance', 'initial': '0.00', 'maintenance': '2093.84', 'currency': 'USD', 'instrument_id': 'EUR/USD.IDEALPRO'}]",False,{}
99518.03,2093.84,97424.19,USD,IDEALPRO-001,MARGIN,,"[{'type': 'MarginBalance', 'initial': '0.00', 'maintenance': '2093.84', 'currency': 'USD', 'instrument_id': 'EUR/USD.IDEALPRO'}]",False,{}
100000.00,0.00,100000.00,EUR,IDEALPRO-001,MARGIN,,"[{'type': 'MarginBalance', 'initial': '0.00', 'maintenance': '2093.84', 'currency': 'USD', 'instrument_id': 'EUR/USD.IDEALPRO'}]",False,{}
99518.03,2093.84,97424.19,USD,IDEALPRO-001,MARGIN,,"[{'type': 'MarginBalance', 'initial': '0.00', 'maintenance': '2093.84', 'currency': 'USD', 'instrument_id': 'EUR/USD.IDEALPRO'}]",False,{}
100000.00,0.00,100000.00,EUR,IDEALPRO-001,MARGIN,,"[{'type': 'MarginBalance', 'initial': '0.00', 'maintenance': '2093.84', 'currency': 'USD', 'instrument_id': 'EUR/USD.IDEALPRO'}]",False,{}
99264.93,0.00,99264.93,USD,IDEALPRO-001,MARGIN,,[],False,{}
100000.00,0.00,100000.00,EUR,IDEALPRO-001,MARGIN,,[],False,{}
99264.93,0.00,99264.93,USD,IDEALPRO-001,MARGIN,,[],False,{}
100000.00,0.00,100000.00,EUR,IDEALPRO-001,MARGIN,,[],False,{}
99264.93,3151.29,96113.64,USD,IDEALPRO-001,MARGIN,,"[{'type': 'MarginBalance', 'initial': '3151.29', 'maintenance': '0.00', 'currency': 'USD', 'instrument_id': 'EUR/USD.IDEALPRO'}]",False,{}
100000.00,0.00,100000.00,EUR,IDEALPRO-001,MARGIN,,"[{'type': 'MarginBalance', 'initial': '3151.29', 'maintenance': '0.00', 'currency': 'USD', 'instrument_id': 'EUR/USD.IDEALPRO'}]",False,{}
99264.93,3151.29,96113.64,USD,IDEALPRO-001,MARGIN,,"[{'type': 'MarginBalance', 'initial': '3151.29', 'maintenance': '0.00', 'currency': 'USD', 'instrument_id': 'EUR/USD.IDEALPRO'}]",False,{}
100000.00,0.00,100000.00,EUR,IDEALPRO-001,MARGIN,,"[{'type': 'MarginBalance', 'initial': '3151.29', 'maintenance': '0.00', 'currency': 'USD', 'instrument_id': 'EUR/USD.IDEALPRO'}]",False,{}
99264.93,3151.29,96113.64,USD,IDEALPRO-001,MARGIN,,"[{'type': 'MarginBalance', 'initial': '3151.29', 'maintenance': '0.00', 'currency': 'USD', 'instrument_id': 'EUR/USD.IDEALPRO'}]",False,{}
100000.00,0.00,100000.00,EUR,IDEALPRO-001,MARGIN,,"[{'type': 'MarginBalance', 'initial': '3151.29', 'maintenance': '0.00', 'currency': 'USD', 'instrument_id': 'EUR/USD.IDEALPRO'}]",False,{}
99262.83,3151.29,96111.54,USD,IDEALPRO-001,MARGIN,,"[{'type': 'MarginBalance', 'initial': '3151.29', 'maintenance': '0.00', 'currency': 'USD', 'instrument_id': 'EUR/USD.IDEALPRO'}]",False,{}
100000.00,0.00,100000.00,EUR,IDEALPRO-001,MARGIN,,"[{'type': 'MarginBalance', 'initial': '3151.29', 'maintenance': '0.00', 'currency': 'USD', 'instrument_id': 'EUR/USD.IDEALPRO'}]",False,{}
99262.83,2100.86,97161.97,USD,IDEALPRO-001,MARGIN,,"[{'type': 'MarginBalance', 'initial': '0.00', 'maintenance': '2100.86', 'currency': 'USD', 'instrument_id': 'EUR/USD.IDEALPRO'}]",False,{}
100000.00,0.00,100000.00,EUR,IDEALPRO-001,MARGIN,,"[{'type': 'MarginBalance', 'initial': '0.00', 'maintenance': '2100.86', 'currency': 'USD', 'instrument_id': 'EUR/USD.IDEALPRO'}]",False,{}
99262.83,2100.86,97161.97,USD,IDEALPRO-001,MARGIN,,"[{'type': 'MarginBalance', 'initial': '0.00', 'maintenance': '2100.86', 'currency': 'USD', 'instrument_id': 'EUR/USD.IDEALPRO'}]",False,{}
100000.00,0.00,100000.00,EUR,IDEALPRO-001,MARGIN,,"[{'type': 'MarginBalance', 'initial': '0.00', 'maintenance': '2100.86', 'currency': 'USD', 'instrument_id': 'EUR/USD.IDEALPRO'}]",False,{}
99262.83,2100.86,97161.97,USD,IDEALPRO-001,MARGIN,,"[{'type': 'MarginBalance', 'initial': '0.00', 'maintenance': '2100.86', 'currency': 'USD', 'instrument_id': 'EUR/USD.IDEALPRO'}]",False,{}
100000.00,0.00,100000.00,EUR,IDEALPRO-001,MARGIN,,"[{'type': 'MarginBalance', 'initial': '0.00', 'maintenance': '2100.86', 'currency': 'USD', 'instrument_id': 'EUR/USD.IDEALPRO'}]",False,{}
99009.73,0.00,99009.73,USD,IDEALPRO-001,MARGIN,,[],False,{}
100000.00,0.00,100000.00,EUR,IDEALPRO-001,MARGIN,,[],False,{}
99009.73,0.00,99009.73,USD,IDEALPRO-001,MARGIN,,[],False,{}
100000.00,0.00,100000.00,EUR,IDEALPRO-001,MARGIN,,[],False,{}
99009.73,3141.00,95868.73,USD,IDEALPRO-001,MARGIN,,"[{'type': 'MarginBalance', 'initial': '3141.00', 'maintenance': '0.00', 'currency': 'USD', 'instrument_id': 'EUR/USD.IDEALPRO'}]",False,{}
100000.00,0.00,100000.00,EUR,IDEALPRO-001,MARGIN,,"[{'type': 'MarginBalance', 'initial': '3141.00', 'maintenance': '0.00', 'currency': 'USD', 'instrument_id': 'EUR/USD.IDEALPRO'}]",False,{}
99009.73,3141.00,95868.73,USD,IDEALPRO-001,MARGIN,,"[{'type': 'MarginBalance', 'initial': '3141.00', 'maintenance': '0.00', 'currency': 'USD', 'instrument_id': 'EUR/USD.IDEALPRO'}]",False,{}
100000.00,0.00,100000.00,EUR,IDEALPRO-001,MARGIN,,"[{'type': 'MarginBalance', 'initial': '3141.00', 'maintenance': '0.00', 'currency': 'USD', 'instrument_id': 'EUR/USD.IDEALPRO'}]",False,{}
99009.73,3141.00,95868.73,USD,IDEALPRO-001,MARGIN,,"[{'type': 'MarginBalance', 'initial': '3141.00', 'maintenance': '0.00', 'currency': 'USD', 'instrument_id': 'EUR/USD.IDEALPRO'}]",False,{}
100000.00,0.00,100000.00,EUR,IDEALPRO-001,MARGIN,,"[{'type': 'MarginBalance', 'initial': '3141.00', 'maintenance': '0.00', 'currency': 'USD', 'instrument_id': 'EUR/USD.IDEALPRO'}]",False,{}
99007.64,3141.00,95866.64,USD,IDEALPRO-001,MARGIN,,"[{'type': 'MarginBalance', 'initial': '3141.00', 'maintenance': '0.00', 'currency': 'USD', 'instrument_id': 'EUR/USD.IDEALPRO'}]",False,{}
100000.00,0.00,100000.00,EUR,IDEALPRO-001,MARGIN,,"[{'type': 'MarginBalance', 'initial': '3141.00', 'maintenance': '0.00', 'currency': 'USD', 'instrument_id': 'EUR/USD.IDEALPRO'}]",False,{}
99007.64,2094.40,96913.24,USD,IDEALPRO-001,MARGIN,,"[{'type': 'MarginBalance', 'initial': '0.00', 'maintenance': '2094.40', 'currency': 'USD', 'instrument_id': 'EUR/USD.IDEALPRO'}]",False,{}
100000.00,0.00,100000.00,EUR,IDEALPRO-001,MARGIN,,"[{'type': 'MarginBalance', 'initial': '0.00', 'maintenance': '2094.40', 'currency': 'USD', 'instrument_id': 'EUR/USD.IDEALPRO'}]",False,{}
99007.64,2094.40,96913.24,USD,IDEALPRO-001,MARGIN,,"[{'type': 'MarginBalance', 'initial': '0.00', 'maintenance': '2094.40', 'currency': 'USD', 'instrument_id': 'EUR/USD.IDEALPRO'}]",False,{}
100000.00,0.00,100000.00,EUR,IDEALPRO-001,MARGIN,,"[{'type': 'MarginBalance', 'initial': '0.00', 'maintenance': '2094.40', 'currency': 'USD', 'instrument_id': 'EUR/USD.IDEALPRO'}]",False,{}
99007.64,2094.40,96913.24,USD,IDEALPRO-001,MARGIN,,"[{'type': 'MarginBalance', 'initial': '0.00', 'maintenance': '2094.40', 'currency': 'USD', 'instrument_id': 'EUR/USD.IDEALPRO'}]",False,{}
100000.00,0.00,100000.00,EUR,IDEALPRO-001,MARGIN,,"[{'type': 'MarginBalance', 'initial': '0.00', 'maintenance': '2094.40', 'currency': 'USD', 'instrument_id': 'EUR/USD.IDEALPRO'}]",False,{}
99007.64,2094.40,96913.24,USD,IDEALPRO-001,MARGIN,,"[{'type': 'MarginBalance', 'initial': '0.00', 'maintenance': '2094.40', 'currency': 'USD', 'instrument_id': 'EUR/USD.IDEALPRO'}]",False,{}
100000.00,0.00,100000.00,EUR,IDEALPRO-001,MARGIN,,"[{'type': 'MarginBalance', 'initial': '0.00', 'maintenance': '2094.40', 'currency': 'USD', 'instrument_id': 'EUR/USD.IDEALPRO'}]",False,{}
98972.54,0.00,98972.54,USD,IDEALPRO-001,MARGIN,,[],False,{}
100000.00,0.00,100000.00,EUR,IDEALPRO-001,MARGIN,,[],False,{}
98972.54,0.00,98972.54,USD,IDEALPRO-001,MARGIN,,[],False,{}
100000.00,0.00,100000.00,EUR,IDEALPRO-001,MARGIN,,[],False,{}
98972.54,0.00,98972.54,USD,IDEALPRO-001,MARGIN,,[],False,{}
100000.00,0.00,100000.00,EUR,IDEALPRO-001,MARGIN,,[],False,{}
98972.54,3147.72,95824.82,USD,IDEALPRO-001,MARGIN,,"[{'type': 'MarginBalance', 'initial': '3147.72', 'maintenance': '0.00', 'currency': 'USD', 'instrument_id': 'EUR/USD.IDEALPRO'}]",False,{}
100000.00,0.00,100000.00,EUR,IDEALPRO-001,MARGIN,,"[{'type': 'MarginBalance', 'initial': '3147.72', 'maintenance': '0.00', 'currency': 'USD', 'instrument_id': 'EUR/USD.IDEALPRO'}]",False,{}
98972.54,3147.72,95824.82,USD,IDEALPRO-001,MARGIN,,"[{'type': 'MarginBalance', 'initial': '3147.72', 'maintenance': '0.00', 'currency': 'USD', 'instrument_id': 'EUR/USD.IDEALPRO'}]",False,{}
100000.00,0.00,100000.00,EUR,IDEALPRO-001,MARGIN,,"[{'type': 'MarginBalance', 'initial': '3147.72', 'maintenance': '0.00', 'currency': 'USD', 'instrument_id': 'EUR/USD.IDEALPRO'}]",False,{}
98972.54,3147.72,95824.82,USD,IDEALPRO-001,MARGIN,,"[{'type': 'MarginBalance', 'initial': '3147.72', 'maintenance': '0.00', 'currency': 'USD', 'instrument_id': 'EUR/USD.IDEALPRO'}]",False,{}
100000.00,0.00,100000.00,EUR,IDEALPRO-001,MARGIN,,"[{'type': 'MarginBalance', 'initial': '3147.72', 'maintenance': '0.00', 'currency': 'USD', 'instrument_id': 'EUR/USD.IDEALPRO'}]",False,{}
98970.44,3147.72,95822.72,USD,IDEALPRO-001,MARGIN,,"[{'type': 'MarginBalance', 'initial': '3147.72', 'maintenance': '0.00', 'currency': 'USD', 'instrument_id': 'EUR/USD.IDEALPRO'}]",False,{}
100000.00,0.00,100000.00,EUR,IDEALPRO-001,MARGIN,,"[{'type': 'MarginBalance', 'initial': '3147.72', 'maintenance': '0.00', 'currency': 'USD', 'instrument_id': 'EUR/USD.IDEALPRO'}]",False,{}
98970.44,2098.48,96871.96,USD,IDEALPRO-001,MARGIN,,"[{'type': 'MarginBalance', 'initial': '0.00', 'maintenance': '2098.48', 'currency': 'USD', 'instrument_id': 'EUR/USD.IDEALPRO'}]",False,{}
100000.00,0.00,100000.00,EUR,IDEALPRO-001,MARGIN,,"[{'type': 'MarginBalance', 'initial': '0.00', 'maintenance': '2098.48', 'currency': 'USD', 'instrument_id': 'EUR/USD.IDEALPRO'}]",False,{}
98970.44,2098.48,96871.96,USD,IDEALPRO-001,MARGIN,,"[{'type': 'MarginBalance', 'initial': '0.00', 'maintenance': '2098.48', 'currency': 'USD', 'instrument_id': 'EUR/USD.IDEALPRO'}]",False,{}
100000.00,0.00,100000.00,EUR,IDEALPRO-001,MARGIN,,"[{'type': 'MarginBalance', 'initial': '0.00', 'maintenance': '2098.48', 'currency': 'USD', 'instrument_id': 'EUR/USD.IDEALPRO'}]",False,{}
98970.44,2098.48,96871.96,USD,IDEALPRO-001,MARGIN,,"[{'type': 'MarginBalance', 'initial': '0.00', 'maintenance': '2098.48', 'currency': 'USD', 'instrument_id': 'EUR/USD.IDEALPRO'}]",False,{}
100000.00,0.00,100000.00,EUR,IDEALPRO-001,MARGIN,,"[{'type': 'MarginBalance', 'initial': '0.00', 'maintenance': '2098.48', 'currency': 'USD', 'instrument_id': 'EUR/USD.IDEALPRO'}]",False,{}
98717.34,0.00,98717.34,USD,IDEALPRO-001,MARGIN,,[],False,{}
100000.00,0.00,100000.00,EUR,IDEALPRO-001,MARGIN,,[],False,{}
98717.34,0.00,98717.34,USD,IDEALPRO-001,MARGIN,,[],False,{}
100000.00,0.00,100000.00,EUR,IDEALPRO-001,MARGIN,,[],False,{}
98717.34,3156.96,95560.38,USD,IDEALPRO-001,MARGIN,,"[{'type': 'MarginBalance', 'initial': '3156.96', 'maintenance': '0.00', 'currency': 'USD', 'instrument_id': 'EUR/USD.IDEALPRO'}]",False,{}
100000.00,0.00,100000.00,EUR,IDEALPRO-001,MARGIN,,"[{'type': 'MarginBalance', 'initial': '3156.96', 'maintenance': '0.00', 'currency': 'USD', 'instrument_id': 'EUR/USD.IDEALPRO'}]",False,{}
98717.34,3156.96,95560.38,USD,IDEALPRO-001,MARGIN,,"[{'type': 'MarginBalance', 'initial': '3156.96', 'maintenance': '0.00', 'currency': 'USD', 'instrument_id': 'EUR/USD.IDEALPRO'}]",False,{}
100000.00,0.00,100000.00,EUR,IDEALPRO-001,MARGIN,,"[{'type': 'MarginBalance', 'initial': '3156.96', 'maintenance': '0.00', 'currency': 'USD', 'instrument_id': 'EUR/USD.IDEALPRO'}]",False,{}
98717.34,3156.96,95560.38,USD,IDEALPRO-001,MARGIN,,"[{'type': 'MarginBalance', 'initial': '3156.96', 'maintenance': '0.00', 'currency': 'USD', 'instrument_id': 'EUR/USD.IDEALPRO'}]",False,{}
100000.00,0.00,100000.00,EUR,IDEALPRO-001,MARGIN,,"[{'type': 'MarginBalance', 'initial': '3156.96', 'maintenance': '0.00', 'currency': 'USD', 'instrument_id': 'EUR/USD.IDEALPRO'}]",False,{}
98715.24,3156.96,95558.28,USD,IDEALPRO-001,MARGIN,,"[{'type': 'MarginBalance', 'initial': '3156.96', 'maintenance': '0.00', 'currency': 'USD', 'instrument_id': 'EUR/USD.IDEALPRO'}]",False,{}
100000.00,0.00,100000.00,EUR,IDEALPRO-001,MARGIN,,"[{'type': 'MarginBalance', 'initial': '3156.96', 'maintenance': '0.00', 'currency': 'USD', 'instrument_id': 'EUR/USD.IDEALPRO'}]",False,{}
98715.24,2099.72,96615.52,USD,IDEALPRO-001,MARGIN,,"[{'type': 'MarginBalance', 'initial': '0.00', 'maintenance': '2099.72', 'currency': 'USD', 'instrument_id': 'EUR/USD.IDEALPRO'}]",False,{}
100000.00,0.00,100000.00,EUR,IDEALPRO-001,MARGIN,,"[{'type': 'MarginBalance', 'initial': '0.00', 'maintenance': '2099.72', 'currency': 'USD', 'instrument_id': 'EUR/USD.IDEALPRO'}]",False,{}
98715.24,2099.72,96615.52,USD,IDEALPRO-001,MARGIN,,"[{'type': 'MarginBalance', 'initial': '0.00', 'maintenance': '2099.72', 'currency': 'USD', 'instrument_id': 'EUR/USD.IDEALPRO'}]",False,{}
100000.00,0.00,100000.00,EUR,IDEALPRO-001,MARGIN,,"[{'type': 'MarginBalance', 'initial': '0.00', 'maintenance': '2099.72', 'currency': 'USD', 'instrument_id': 'EUR/USD.IDEALPRO'}]",False,{}
98715.24,2099.72,96615.52,USD,IDEALPRO-001,MARGIN,,"[{'type': 'MarginBalance', 'initial': '0.00', 'maintenance': '2099.72', 'currency': 'USD', 'instrument_id': 'EUR/USD.IDEALPRO'}]",False,{}
100000.00,0.00,100000.00,EUR,IDEALPRO-001,MARGIN,,"[{'type': 'MarginBalance', 'initial': '0.00', 'maintenance': '2099.72', 'currency': 'USD', 'instrument_id': 'EUR/USD.IDEALPRO'}]",False,{}
98708.14,0.00,98708.14,USD,IDEALPRO-001,MARGIN,,[],False,{}
100000.00,0.00,100000.00,EUR,IDEALPRO-001,MARGIN,,[],False,{}
98708.14,0.00,98708.14,USD,IDEALPRO-001,MARGIN,,[],False,{}
100000.00,0.00,100000.00,EUR,IDEALPRO-001,MARGIN,,[],False,{}
98708.14,3145.32,95562.82,USD,IDEALPRO-001,MARGIN,,"[{'type': 'MarginBalance', 'initial': '3145.32', 'maintenance': '0.00', 'currency': 'USD', 'instrument_id': 'EUR/USD.IDEALPRO'}]",False,{}
100000.00,0.00,100000.00,EUR,IDEALPRO-001,MARGIN,,"[{'type': 'MarginBalance', 'initial': '3145.32', 'maintenance': '0.00', 'currency': 'USD', 'instrument_id': 'EUR/USD.IDEALPRO'}]",False,{}
98708.14,3145.32,95562.82,USD,IDEALPRO-001,MARGIN,,"[{'type': 'MarginBalance', 'initial': '3145.32', 'maintenance': '0.00', 'currency': 'USD', 'instrument_id': 'EUR/USD.IDEALPRO'}]",False,{}
100000.00,0.00,100000.00,EUR,IDEALPRO-001,MARGIN,,"[{'type': 'MarginBalance', 'initial': '3145.32', 'maintenance': '0.00', 'currency': 'USD', 'instrument_id': 'EUR/USD.IDEALPRO'}]",False,{}
98708.14,3145.32,95562.82,USD,IDEALPRO-001,MARGIN,,"[{'type': 'MarginBalance', 'initial': '3145.32', 'maintenance': '0.00', 'currency': 'USD', 'instrument_id': 'EUR/USD.IDEALPRO'}]",False,{}
100000.00,0.00,100000.00,EUR,IDEALPRO-001,MARGIN,,"[{'type': 'MarginBalance', 'initial': '3145.32', 'maintenance': '0.00', 'currency': 'USD', 'instrument_id': 'EUR/USD.IDEALPRO'}]",False,{}
98706.04,3145.32,95560.72,USD,IDEALPRO-001,MARGIN,,"[{'type': 'MarginBalance', 'initial': '3145.32', 'maintenance': '0.00', 'currency': 'USD', 'instrument_id': 'EUR/USD.IDEALPRO'}]",False,{}
100000.00,0.00,100000.00,EUR,IDEALPRO-001,MARGIN,,"[{'type': 'MarginBalance', 'initial': '3145.32', 'maintenance': '0.00', 'currency': 'USD', 'instrument_id': 'EUR/USD.IDEALPRO'}]",False,{}
98706.04,2096.88,96609.16,USD,IDEALPRO-001,MARGIN,,"[{'type': 'MarginBalance', 'initial': '0.00', 'maintenance': '2096.88', 'currency': 'USD', 'instrument_id': 'EUR/USD.IDEALPRO'}]",False,{}
100000.00,0.00,100000.00,EUR,IDEALPRO-001,MARGIN,,"[{'type': 'MarginBalance', 'initial': '0.00', 'maintenance': '2096.88', 'currency': 'USD', 'instrument_id': 'EUR/USD.IDEALPRO'}]",False,{}
98706.04,2096.88,96609.16,USD,IDEALPRO-001,MARGIN,,"[{'type': 'MarginBalance', 'initial': '0.00', 'maintenance': '2096.88', 'currency': 'USD', 'instrument_id': 'EUR/USD.IDEALPRO'}]",False,{}
100000.00,0.00,100000.00,EUR,IDEALPRO-001,MARGIN,,"[{'type': 'MarginBalance', 'initial': '0.00', 'maintenance': '2096.88', 'currency': 'USD', 'instrument_id': 'EUR/USD.IDEALPRO'}]",False,{}
98706.04,2096.88,96609.16,USD,IDEALPRO-001,MARGIN,,"[{'type': 'MarginBalance', 'initial': '0.00', 'maintenance': '2096.88', 'currency': 'USD', 'instrument_id': 'EUR/USD.IDEALPRO'}]",False,{}
100000.00,0.00,100000.00,EUR,IDEALPRO-001,MARGIN,,"[{'type': 'MarginBalance', 'initial': '0.00', 'maintenance': '2096.88', 'currency': 'USD', 'instrument_id': 'EUR/USD.IDEALPRO'}]",False,{}
99203.95,0.00,99203.95,USD,IDEALPRO-001,MARGIN,,[],False,{}
100000.00,0.00,100000.00,EUR,IDEALPRO-001,MARGIN,,[],False,{}
99203.95,0.00,99203.95,USD,IDEALPRO-001,MARGIN,,[],False,{}
100000.00,0.00,100000.00,EUR,IDEALPRO-001,MARGIN,,[],False,{}
99203.95,3123.00,96080.95,USD,IDEALPRO-001,MARGIN,,"[{'type': 'MarginBalance', 'initial': '3123.00', 'maintenance': '0.00', 'currency': 'USD', 'instrument_id': 'EUR/USD.IDEALPRO'}]",False,{}
100000.00,0.00,100000.00,EUR,IDEALPRO-001,MARGIN,,"[{'type': 'MarginBalance', 'initial': '3123.00', 'maintenance': '0.00', 'currency': 'USD', 'instrument_id': 'EUR/USD.IDEALPRO'}]",False,{}
99203.95,3123.00,96080.95,USD,IDEALPRO-001,MARGIN,,"[{'type': 'MarginBalance', 'initial': '3123.00', 'maintenance': '0.00', 'currency': 'USD', 'instrument_id': 'EUR/USD.IDEALPRO'}]",False,{}
100000.00,0.00,100000.00,EUR,IDEALPRO-001,MARGIN,,"[{'type': 'MarginBalance', 'initial': '3123.00', 'maintenance': '0.00', 'currency': 'USD', 'instrument_id': 'EUR/USD.IDEALPRO'}]",False,{}
99203.95,3123.00,96080.95,USD,IDEALPRO-001,MARGIN,,"[{'type': 'MarginBalance', 'initial': '3123.00', 'maintenance': '0.00', 'currency': 'USD', 'instrument_id': 'EUR/USD.IDEALPRO'}]",False,{}
100000.00,0.00,100000.00,EUR,IDEALPRO-001,MARGIN,,"[{'type': 'MarginBalance', 'initial': '3123.00', 'maintenance': '0.00', 'currency': 'USD', 'instrument_id': 'EUR/USD.IDEALPRO'}]",False,{}
99201.87,3123.00,96078.87,USD,IDEALPRO-001,MARGIN,,"[{'type': 'MarginBalance', 'initial': '3123.00', 'maintenance': '0.00', 'currency': 'USD', 'instrument_id': 'EUR/USD.IDEALPRO'}]",False,{}
100000.00,0.00,100000.00,EUR,IDEALPRO-001,MARGIN,,"[{'type': 'MarginBalance', 'initial': '3123.00', 'maintenance': '0.00', 'currency': 'USD', 'instrument_id': 'EUR/USD.IDEALPRO'}]",False,{}
99201.87,2082.00,97119.87,USD,IDEALPRO-001,MARGIN,,"[{'type': 'MarginBalance', 'initial': '0.00', 'maintenance': '2082.00', 'currency': 'USD', 'instrument_id': 'EUR/USD.IDEALPRO'}]",False,{}
100000.00,0.00,100000.00,EUR,IDEALPRO-001,MARGIN,,"[{'type': 'MarginBalance', 'initial': '0.00', 'maintenance': '2082.00', 'currency': 'USD', 'instrument_id': 'EUR/USD.IDEALPRO'}]",False,{}
99201.87,2082.00,97119.87,USD,IDEALPRO-001,MARGIN,,"[{'type': 'MarginBalance', 'initial': '0.00', 'maintenance': '2082.00', 'currency': 'USD', 'instrument_id': 'EUR/USD.IDEALPRO'}]",False,{}
100000.00,0.00,100000.00,EUR,IDEALPRO-001,MARGIN,,"[{'type': 'MarginBalance', 'initial': '0.00', 'maintenance': '2082.00', 'currency': 'USD', 'instrument_id': 'EUR/USD.IDEALPRO'}]",False,{}
99201.87,2082.00,97119.87,USD,IDEALPRO-001,MARGIN,,"[{'type': 'MarginBalance', 'initial': '0.00', 'maintenance': '2082.00', 'currency': 'USD', 'instrument_id': 'EUR/USD.IDEALPRO'}]",False,{}
100000.00,0.00,100000.00,EUR,IDEALPRO-001,MARGIN,,"[{'type': 'MarginBalance', 'initial': '0.00', 'maintenance': '2082.00', 'currency': 'USD', 'instrument_id': 'EUR/USD.IDEALPRO'}]",False,{}
98948.79,0.00,98948.79,USD,IDEALPRO-001,MARGIN,,[],False,{}
100000.00,0.00,100000.00,EUR,IDEALPRO-001,MARGIN,,[],False,{}
98948.79,0.00,98948.79,USD,IDEALPRO-001,MARGIN,,[],False,{}
100000.00,0.00,100000.00,EUR,IDEALPRO-001,MARGIN,,[],False,{}
98948.79,3109.11,95839.68,USD,IDEALPRO-001,MARGIN,,"[{'type': 'MarginBalance', 'initial': '3109.11', 'maintenance': '0.00', 'currency': 'USD', 'instrument_id': 'EUR/USD.IDEALPRO'}]",False,{}
100000.00,0.00,100000.00,EUR,IDEALPRO-001,MARGIN,,"[{'type': 'MarginBalance', 'initial': '3109.11', 'maintenance': '0.00', 'currency': 'USD', 'instrument_id': 'EUR/USD.IDEALPRO'}]",False,{}
98948.79,3109.11,95839.68,USD,IDEALPRO-001,MARGIN,,"[{'type': 'MarginBalance', 'initial': '3109.11', 'maintenance': '0.00', 'currency': 'USD', 'instrument_id': 'EUR/USD.IDEALPRO'}]",False,{}
100000.00,0.00,100000.00,EUR,IDEALPRO-001,MARGIN,,"[{'type': 'MarginBalance', 'initial': '3109.11', 'maintenance': '0.00', 'currency': 'USD', 'instrument_id': 'EUR/USD.IDEALPRO'}]",False,{}
98948.79,3109.11,95839.68,USD,IDEALPRO-001,MARGIN,,"[{'type': 'MarginBalance', 'initial': '3109.11', 'maintenance': '0.00', 'currency': 'USD', 'instrument_id': 'EUR/USD.IDEALPRO'}]",False,{}
100000.00,0.00,100000.00,EUR,IDEALPRO-001,MARGIN,,"[{'type': 'MarginBalance', 'initial': '3109.11', 'maintenance': '0.00', 'currency': 'USD', 'instrument_id': 'EUR/USD.IDEALPRO'}]",False,{}
98946.72,3109.11,95837.61,USD,IDEALPRO-001,MARGIN,,"[{'type': 'MarginBalance', 'initial': '3109.11', 'maintenance': '0.00', 'currency': 'USD', 'instrument_id': 'EUR/USD.IDEALPRO'}]",False,{}
100000.00,0.00,100000.00,EUR,IDEALPRO-001,MARGIN,,"[{'type': 'MarginBalance', 'initial': '3109.11', 'maintenance': '0.00', 'currency': 'USD', 'instrument_id': 'EUR/USD.IDEALPRO'}]",False,{}
98946.72,2073.50,96873.22,USD,IDEALPRO-001,MARGIN,,"[{'type': 'MarginBalance', 'initial': '0.00', 'maintenance': '2073.50', 'currency': 'USD', 'instrument_id': 'EUR/USD.IDEALPRO'}]",False,{}
100000.00,0.00,100000.00,EUR,IDEALPRO-001,MARGIN,,"[{'type': 'MarginBalance', 'initial': '0.00', 'maintenance': '2073.50', 'currency': 'USD', 'instrument_id': 'EUR/USD.IDEALPRO'}]",False,{}
98946.72,2073.50,96873.22,USD,IDEALPRO-001,MARGIN,,"[{'type': 'MarginBalance', 'initial': '0.00', 'maintenance': '2073.50', 'currency': 'USD', 'instrument_id': 'EUR/USD.IDEALPRO'}]",False,{}
100000.00,0.00,100000.00,EUR,IDEALPRO-001,MARGIN,,"[{'type': 'MarginBalance', 'initial': '0.00', 'maintenance': '2073.50', 'currency': 'USD', 'instrument_id': 'EUR/USD.IDEALPRO'}]",False,{}
98946.72,2073.50,96873.22,USD,IDEALPRO-001,MARGIN,,"[{'type': 'MarginBalance', 'initial': '0.00', 'maintenance': '2073.50', 'currency': 'USD', 'instrument_id': 'EUR/USD.IDEALPRO'}]",False,{}
100000.00,0.00,100000.00,EUR,IDEALPRO-001,MARGIN,,"[{'type': 'MarginBalance', 'initial': '0.00', 'maintenance': '2073.50', 'currency': 'USD', 'instrument_id': 'EUR/USD.IDEALPRO'}]",False,{}
98731.64,0.00,98731.64,USD,IDEALPRO-001,MARGIN,,[],False,{}
100000.00,0.00,100000.00,EUR,IDEALPRO-001,MARGIN,,[],False,{}
98731.64,0.00,98731.64,USD,IDEALPRO-001,MARGIN,,[],False,{}
100000.00,0.00,100000.00,EUR,IDEALPRO-001,MARGIN,,[],False,{}
98731.64,3125.25,95606.39,USD,IDEALPRO-001,MARGIN,,"[{'type': 'MarginBalance', 'initial': '3125.25', 'maintenance': '0.00', 'currency': 'USD', 'instrument_id': 'EUR/USD.IDEALPRO'}]",False,{}
100000.00,0.00,100000.00,EUR,IDEALPRO-001,MARGIN,,"[{'type': 'MarginBalance', 'initial': '3125.25', 'maintenance': '0.00', 'currency': 'USD', 'instrument_id': 'EUR/USD.IDEALPRO'}]",False,{}
98731.64,3125.25,95606.39,USD,IDEALPRO-001,MARGIN,,"[{'type': 'MarginBalance', 'initial': '3125.25', 'maintenance': '0.00', 'currency': 'USD', 'instrument_id': 'EUR/USD.IDEALPRO'}]",False,{}
100000.00,0.00,100000.00,EUR,IDEALPRO-001,MARGIN,,"[{'type': 'MarginBalance', 'initial': '3125.25', 'maintenance': '0.00', 'currency': 'USD', 'instrument_id': 'EUR/USD.IDEALPRO'}]",False,{}
98731.64,3125.25,95606.39,USD,IDEALPRO-001,MARGIN,,"[{'type': 'MarginBalance', 'initial': '3125.25', 'maintenance': '0.00', 'currency': 'USD', 'instrument_id': 'EUR/USD.IDEALPRO'}]",False,{}
100000.00,0.00,100000.00,EUR,IDEALPRO-001,MARGIN,,"[{'type': 'MarginBalance', 'initial': '3125.25', 'maintenance': '0.00', 'currency': 'USD', 'instrument_id': 'EUR/USD.IDEALPRO'}]",False,{}
98729.56,3125.25,95604.31,USD,IDEALPRO-001,MARGIN,,"[{'type': 'MarginBalance', 'initial': '3125.25', 'maintenance': '0.00', 'currency': 'USD', 'instrument_id': 'EUR/USD.IDEALPRO'}]",False,{}
100000.00,0.00,100000.00,EUR,IDEALPRO-001,MARGIN,,"[{'type': 'MarginBalance', 'initial': '3125.25', 'maintenance': '0.00', 'currency': 'USD', 'instrument_id': 'EUR/USD.IDEALPRO'}]",False,{}
98729.56,2082.48,96647.08,USD,IDEALPRO-001,MARGIN,,"[{'type': 'MarginBalance', 'initial': '0.00', 'maintenance': '2082.48', 'currency': 'USD', 'instrument_id': 'EUR/USD.IDEALPRO'}]",False,{}
100000.00,0.00,100000.00,EUR,IDEALPRO-001,MARGIN,,"[{'type': 'MarginBalance', 'initial': '0.00', 'maintenance': '2082.48', 'currency': 'USD', 'instrument_id': 'EUR/USD.IDEALPRO'}]",False,{}
98729.56,2082.48,96647.08,USD,IDEALPRO-001,MARGIN,,"[{'type': 'MarginBalance', 'initial': '0.00', 'maintenance': '2082.48', 'currency': 'USD', 'instrument_id': 'EUR/USD.IDEALPRO'}]",False,{}
100000.00,0.00,100000.00,EUR,IDEALPRO-001,MARGIN,,"[{'type': 'MarginBalance', 'initial': '0.00', 'maintenance': '2082.48', 'currency': 'USD', 'instrument_id': 'EUR/USD.IDEALPRO'}]",False,{}
98729.56,2082.48,96647.08,USD,IDEALPRO-001,MARGIN,,"[{'type': 'MarginBalance', 'initial': '0.00', 'maintenance': '2082.48', 'currency': 'USD', 'instrument_id': 'EUR/USD.IDEALPRO'}]",False,{}
100000.00,0.00,100000.00,EUR,IDEALPRO-001,MARGIN,,"[{'type': 'MarginBalance', 'initial': '0.00', 'maintenance': '2082.48', 'currency': 'USD', 'instrument_id': 'EUR/USD.IDEALPRO'}]",False,{}
98527.48,0.00,98527.48,USD,IDEALPRO-001,MARGIN,,[],False,{}
100000.00,0.00,100000.00,EUR,IDEALPRO-001,MARGIN,,[],False,{}
98527.48,0.00,98527.48,USD,IDEALPRO-001,MARGIN,,[],False,{}
100000.00,0.00,100000.00,EUR,IDEALPRO-001,MARGIN,,[],False,{}
98527.48,3236.34,95291.14,USD,IDEALPRO-001,MARGIN,,"[{'type': 'MarginBalance', 'initial': '3236.34', 'maintenance': '0.00', 'currency': 'USD', 'instrument_id': 'EUR/USD.IDEALPRO'}]",False,{}
100000.00,0.00,100000.00,EUR,IDEALPRO-001,MARGIN,,"[{'type': 'MarginBalance', 'initial': '3236.34', 'maintenance': '0.00', 'currency': 'USD', 'instrument_id': 'EUR/USD.IDEALPRO'}]",False,{}
98527.48,3236.34,95291.14,USD,IDEALPRO-001,MARGIN,,"[{'type': 'MarginBalance', 'initial': '3236.34', 'maintenance': '0.00', 'currency': 'USD', 'instrument_id': 'EUR/USD.IDEALPRO'}]",False,{}
100000.00,0.00,100000.00,EUR,IDEALPRO-001,MARGIN,,"[{'type': 'MarginBalance', 'initial': '3236.34', 'maintenance': '0.00', 'currency': 'USD', 'instrument_id': 'EUR/USD.IDEALPRO'}]",False,{}
98527.48,3236.34,95291.14,USD,IDEALPRO-001,MARGIN,,"[{'type': 'MarginBalance', 'initial': '3236.34', 'maintenance': '0.00', 'currency': 'USD', 'instrument_id': 'EUR/USD.IDEALPRO'}]",False,{}
100000.00,0.00,100000.00,EUR,IDEALPRO-001,MARGIN,,"[{'type': 'MarginBalance', 'initial': '3236.34', 'maintenance': '0.00', 'currency': 'USD', 'instrument_id': 'EUR/USD.IDEALPRO'}]",False,{}
98527.48,3236.34,95291.14,USD,IDEALPRO-001,MARGIN,,"[{'type': 'MarginBalance', 'initial': '3236.34', 'maintenance': '0.00', 'currency': 'USD', 'instrument_id': 'EUR/USD.IDEALPRO'}]",False,{}
100000.00,0.00,100000.00,EUR,IDEALPRO-001,MARGIN,,"[{'type': 'MarginBalance', 'initial': '3236.34', 'maintenance': '0.00', 'currency': 'USD', 'instrument_id': 'EUR/USD.IDEALPRO'}]",False,{}
98527.48,3236.34,95291.14,USD,IDEALPRO-001,MARGIN,,"[{'type': 'MarginBalance', 'initial': '3236.34', 'maintenance': '0.00', 'currency': 'USD', 'instrument_id': 'EUR/USD.IDEALPRO'}]",False,{}
100000.00,0.00,100000.00,EUR,IDEALPRO-001,MARGIN,,"[{'type': 'MarginBalance', 'initial': '3236.34', 'maintenance': '0.00', 'currency': 'USD', 'instrument_id': 'EUR/USD.IDEALPRO'}]",False,{}
98527.48,3236.34,95291.14,USD,IDEALPRO-001,MARGIN,,"[{'type': 'MarginBalance', 'initial': '3236.34', 'maintenance': '0.00', 'currency': 'USD', 'instrument_id': 'EUR/USD.IDEALPRO'}]",False,{}
100000.00,0.00,100000.00,EUR,IDEALPRO-001,MARGIN,,"[{'type': 'MarginBalance', 'initial': '3236.34', 'maintenance': '0.00', 'currency': 'USD', 'instrument_id': 'EUR/USD.IDEALPRO'}]",False,{}
98525.32,3236.34,95288.98,USD,IDEALPRO-001,MARGIN,,"[{'type': 'MarginBalance', 'initial': '3236.34', 'maintenance': '0.00', 'currency': 'USD', 'instrument_id': 'EUR/USD.IDEALPRO'}]",False,{}
100000.00,0.00,100000.00,EUR,IDEALPRO-001,MARGIN,,"[{'type': 'MarginBalance', 'initial': '3236.34', 'maintenance': '0.00', 'currency': 'USD', 'instrument_id': 'EUR/USD.IDEALPRO'}]",False,{}
98525.32,2157.56,96367.76,USD,IDEALPRO-001,MARGIN,,"[{'type': 'MarginBalance', 'initial': '0.00', 'maintenance': '2157.56', 'currency': 'USD', 'instrument_id': 'EUR/USD.IDEALPRO'}]",False,{}
100000.00,0.00,100000.00,EUR,IDEALPRO-001,MARGIN,,"[{'type': 'MarginBalance', 'initial': '0.00', 'maintenance': '2157.56', 'currency': 'USD', 'instrument_id': 'EUR/USD.IDEALPRO'}]",False,{}
98525.32,2157.56,96367.76,USD,IDEALPRO-001,MARGIN,,"[{'type': 'MarginBalance', 'initial': '0.00', 'maintenance': '2157.56', 'currency': 'USD', 'instrument_id': 'EUR/USD.IDEALPRO'}]",False,{}
100000.00,0.00,100000.00,EUR,IDEALPRO-001,MARGIN,,"[{'type': 'MarginBalance', 'initial': '0.00', 'maintenance': '2157.56', 'currency': 'USD', 'instrument_id': 'EUR/USD.IDEALPRO'}]",False,{}
98525.32,2157.56,96367.76,USD,IDEALPRO-001,MARGIN,,"[{'type': 'MarginBalance', 'initial': '0.00', 'maintenance': '2157.56', 'currency': 'USD', 'instrument_id': 'EUR/USD.IDEALPRO'}]",False,{}
100000.00,0.00,100000.00,EUR,IDEALPRO-001,MARGIN,,"[{'type': 'MarginBalance', 'initial': '0.00', 'maintenance': '2157.56', 'currency': 'USD', 'instrument_id': 'EUR/USD.IDEALPRO'}]",False,{}
98525.32,2157.56,96367.76,USD,IDEALPRO-001,MARGIN,,"[{'type': 'MarginBalance', 'initial': '0.00', 'maintenance': '2157.56', 'currency': 'USD', 'instrument_id': 'EUR/USD.IDEALPRO'}]",False,{}
100000.00,0.00,100000.00,EUR,IDEALPRO-001,MARGIN,,"[{'type': 'MarginBalance', 'initial': '0.00', 'maintenance': '2157.56', 'currency': 'USD', 'instrument_id': 'EUR/USD.IDEALPRO'}]",False,{}
98525.32,2157.56,96367.76,USD,IDEALPRO-001,MARGIN,,"[{'type': 'MarginBalance', 'initial': '0.00', 'maintenance': '2157.56', 'currency': 'USD', 'instrument_id': 'EUR/USD.IDEALPRO'}]",False,{}
100000.00,0.00,100000.00,EUR,IDEALPRO-001,MARGIN,,"[{'type': 'MarginBalance', 'initial': '0.00', 'maintenance': '2157.56', 'currency': 'USD', 'instrument_id': 'EUR/USD.IDEALPRO'}]",False,{}
98272.16,0.00,98272.16,USD,IDEALPRO-001,MARGIN,,[],False,{}
100000.00,0.00,100000.00,EUR,IDEALPRO-001,MARGIN,,[],False,{}
98272.16,0.00,98272.16,USD,IDEALPRO-001,MARGIN,,[],False,{}
100000.00,0.00,100000.00,EUR,IDEALPRO-001,MARGIN,,[],False,{}
98272.16,3242.58,95029.58,USD,IDEALPRO-001,MARGIN,,"[{'type': 'MarginBalance', 'initial': '3242.58', 'maintenance': '0.00', 'currency': 'USD', 'instrument_id': 'EUR/USD.IDEALPRO'}]",False,{}
100000.00,0.00,100000.00,EUR,IDEALPRO-001,MARGIN,,"[{'type': 'MarginBalance', 'initial': '3242.58', 'maintenance': '0.00', 'currency': 'USD', 'instrument_id': 'EUR/USD.IDEALPRO'}]",False,{}
98272.16,3242.58,95029.58,USD,IDEALPRO-001,MARGIN,,"[{'type': 'MarginBalance', 'initial': '3242.58', 'maintenance': '0.00', 'currency': 'USD', 'instrument_id': 'EUR/USD.IDEALPRO'}]",False,{}
100000.00,0.00,100000.00,EUR,IDEALPRO-001,MARGIN,,"[{'type': 'MarginBalance', 'initial': '3242.58', 'maintenance': '0.00', 'currency': 'USD', 'instrument_id': 'EUR/USD.IDEALPRO'}]",False,{}
98272.16,3242.58,95029.58,USD,IDEALPRO-001,MARGIN,,"[{'type': 'MarginBalance', 'initial': '3242.58', 'maintenance': '0.00', 'currency': 'USD', 'instrument_id': 'EUR/USD.IDEALPRO'}]",False,{}
100000.00,0.00,100000.00,EUR,IDEALPRO-001,MARGIN,,"[{'type': 'MarginBalance', 'initial': '3242.58', 'maintenance': '0.00', 'currency': 'USD', 'instrument_id': 'EUR/USD.IDEALPRO'}]",False,{}
98272.16,3242.58,95029.58,USD,IDEALPRO-001,MARGIN,,"[{'type': 'MarginBalance', 'initial': '3242.58', 'maintenance': '0.00', 'currency': 'USD', 'instrument_id': 'EUR/USD.IDEALPRO'}]",False,{}
100000.00,0.00,100000.00,EUR,IDEALPRO-001,MARGIN,,"[{'type': 'MarginBalance', 'initial': '3242.58', 'maintenance': '0.00', 'currency': 'USD', 'instrument_id': 'EUR/USD.IDEALPRO'}]",False,{}
98272.16,3242.58,95029.58,USD,IDEALPRO-001,MARGIN,,"[{'type': 'MarginBalance', 'initial': '3242.58', 'maintenance': '0.00', 'currency': 'USD', 'instrument_id': 'EUR/USD.IDEALPRO'}]",False,{}
100000.00,0.00,100000.00,EUR,IDEALPRO-001,MARGIN,,"[{'type': 'MarginBalance', 'initial': '3242.58', 'maintenance': '0.00', 'currency': 'USD', 'instrument_id': 'EUR/USD.IDEALPRO'}]",False,{}
98272.16,3242.58,95029.58,USD,IDEALPRO-001,MARGIN,,"[{'type': 'MarginBalance', 'initial': '3242.58', 'maintenance': '0.00', 'currency': 'USD', 'instrument_id': 'EUR/USD.IDEALPRO'}]",False,{}
100000.00,0.00,100000.00,EUR,IDEALPRO-001,MARGIN,,"[{'type': 'MarginBalance', 'initial': '3242.58', 'maintenance': '0.00', 'currency': 'USD', 'instrument_id': 'EUR/USD.IDEALPRO'}]",False,{}
98270.00,3242.58,95027.42,USD,IDEALPRO-001,MARGIN,,"[{'type': 'MarginBalance', 'initial': '3242.58', 'maintenance': '0.00', 'currency': 'USD', 'instrument_id': 'EUR/USD.IDEALPRO'}]",False,{}
100000.00,0.00,100000.00,EUR,IDEALPRO-001,MARGIN,,"[{'type': 'MarginBalance', 'initial': '3242.58', 'maintenance': '0.00', 'currency': 'USD', 'instrument_id': 'EUR/USD.IDEALPRO'}]",False,{}
98270.00,2161.72,96108.28,USD,IDEALPRO-001,MARGIN,,"[{'type': 'MarginBalance', 'initial': '0.00', 'maintenance': '2161.72', 'currency': 'USD', 'instrument_id': 'EUR/USD.IDEALPRO'}]",False,{}
100000.00,0.00,100000.00,EUR,IDEALPRO-001,MARGIN,,"[{'type': 'MarginBalance', 'initial': '0.00', 'maintenance': '2161.72', 'currency': 'USD', 'instrument_id': 'EUR/USD.IDEALPRO'}]",False,{}
98270.00,2161.72,96108.28,USD,IDEALPRO-001,MARGIN,,"[{'type': 'MarginBalance', 'initial': '0.00', 'maintenance': '2161.72', 'currency': 'USD', 'instrument_id': 'EUR/USD.IDEALPRO'}]",False,{}
100000.00,0.00,100000.00,EUR,IDEALPRO-001,MARGIN,,"[{'type': 'MarginBalance', 'initial': '0.00', 'maintenance': '2161.72', 'currency': 'USD', 'instrument_id': 'EUR/USD.IDEALPRO'}]",False,{}
98270.00,2161.72,96108.28,USD,IDEALPRO-001,MARGIN,,"[{'type': 'MarginBalance', 'initial': '0.00', 'maintenance': '2161.72', 'currency': 'USD', 'instrument_id': 'EUR/USD.IDEALPRO'}]",False,{}
100000.00,0.00,100000.00,EUR,IDEALPRO-001,MARGIN,,"[{'type': 'MarginBalance', 'initial': '0.00', 'maintenance': '2161.72', 'currency': 'USD', 'instrument_id': 'EUR/USD.IDEALPRO'}]",False,{}
98270.00,2161.72,96108.28,USD,IDEALPRO-001,MARGIN,,"[{'type': 'MarginBalance', 'initial': '0.00', 'maintenance': '2161.72', 'currency': 'USD', 'instrument_id': 'EUR/USD.IDEALPRO'}]",False,{}
100000.00,0.00,100000.00,EUR,IDEALPRO-001,MARGIN,,"[{'type': 'MarginBalance', 'initial': '0.00', 'maintenance': '2161.72', 'currency': 'USD', 'instrument_id': 'EUR/USD.IDEALPRO'}]",False,{}
98270.00,2161.72,96108.28,USD,IDEALPRO-001,MARGIN,,"[{'type': 'MarginBalance', 'initial': '0.00', 'maintenance': '2161.72', 'currency': 'USD', 'instrument_id': 'EUR/USD.IDEALPRO'}]",False,{}
100000.00,0.00,100000.00,EUR,IDEALPRO-001,MARGIN,,"[{'type': 'MarginBalance', 'initial': '0.00', 'maintenance': '2161.72', 'currency': 'USD', 'instrument_id': 'EUR/USD.IDEALPRO'}]",False,{}
98767.83,0.00,98767.83,USD,IDEALPRO-001,MARGIN,,[],False,{}
100000.00,0.00,100000.00,EUR,IDEALPRO-001,MARGIN,,[],False,{}
98767.83,0.00,98767.83,USD,IDEALPRO-001,MARGIN,,[],False,{}
100000.00,0.00,100000.00,EUR,IDEALPRO-001,MARGIN,,[],False,{}
98767.83,3249.48,95518.35,USD,IDEALPRO-001,MARGIN,,"[{'type': 'MarginBalance', 'initial': '3249.48', 'maintenance': '0.00', 'currency': 'USD', 'instrument_id': 'EUR/USD.IDEALPRO'}]",False,{}
100000.00,0.00,100000.00,EUR,IDEALPRO-001,MARGIN,,"[{'type': 'MarginBalance', 'initial': '3249.48', 'maintenance': '0.00', 'currency': 'USD', 'instrument_id': 'EUR/USD.IDEALPRO'}]",False,{}
98767.83,3249.48,95518.35,USD,IDEALPRO-001,MARGIN,,"[{'type': 'MarginBalance', 'initial': '3249.48', 'maintenance': '0.00', 'currency': 'USD', 'instrument_id': 'EUR/USD.IDEALPRO'}]",False,{}
100000.00,0.00,100000.00,EUR,IDEALPRO-001,MARGIN,,"[{'type': 'MarginBalance', 'initial': '3249.48', 'maintenance': '0.00', 'currency': 'USD', 'instrument_id': 'EUR/USD.IDEALPRO'}]",False,{}
98767.83,3249.48,95518.35,USD,IDEALPRO-001,MARGIN,,"[{'type': 'MarginBalance', 'initial': '3249.48', 'maintenance': '0.00', 'currency': 'USD', 'instrument_id': 'EUR/USD.IDEALPRO'}]",False,{}
100000.00,0.00,100000.00,EUR,IDEALPRO-001,MARGIN,,"[{'type': 'MarginBalance', 'initial': '3249.48', 'maintenance': '0.00', 'currency': 'USD', 'instrument_id': 'EUR/USD.IDEALPRO'}]",False,{}
98765.66,3249.48,95516.18,USD,IDEALPRO-001,MARGIN,,"[{'type': 'MarginBalance', 'initial': '3249.48', 'maintenance': '0.00', 'currency': 'USD', 'instrument_id': 'EUR/USD.IDEALPRO'}]",False,{}
100000.00,0.00,100000.00,EUR,IDEALPRO-001,MARGIN,,"[{'type': 'MarginBalance', 'initial': '3249.48', 'maintenance': '0.00', 'currency': 'USD', 'instrument_id': 'EUR/USD.IDEALPRO'}]",False,{}
98765.66,2167.04,96598.62,USD,IDEALPRO-001,MARGIN,,"[{'type': 'MarginBalance', 'initial': '0.00', 'maintenance': '2167.04', 'currency': 'USD', 'instrument_id': 'EUR/USD.IDEALPRO'}]",False,{}
100000.00,0.00,100000.00,EUR,IDEALPRO-001,MARGIN,,"[{'type': 'MarginBalance', 'initial': '0.00', 'maintenance': '2167.04', 'currency': 'USD', 'instrument_id': 'EUR/USD.IDEALPRO'}]",False,{}
98765.66,2167.04,96598.62,USD,IDEALPRO-001,MARGIN,,"[{'type': 'MarginBalance', 'initial': '0.00', 'maintenance': '2167.04', 'currency': 'USD', 'instrument_id': 'EUR/USD.IDEALPRO'}]",False,{}
100000.00,0.00,100000.00,EUR,IDEALPRO-001,MARGIN,,"[{'type': 'MarginBalance', 'initial': '0.00', 'maintenance': '2167.04', 'currency': 'USD', 'instrument_id': 'EUR/USD.IDEALPRO'}]",False,{}
98765.66,2167.04,96598.62,USD,IDEALPRO-001,MARGIN,,"[{'type': 'MarginBalance', 'initial': '0.00', 'maintenance': '2167.04', 'currency': 'USD', 'instrument_id': 'EUR/USD.IDEALPRO'}]",False,{}
100000.00,0.00,100000.00,EUR,IDEALPRO-001,MARGIN,,"[{'type': 'MarginBalance', 'initial': '0.00', 'maintenance': '2167.04', 'currency': 'USD', 'instrument_id': 'EUR/USD.IDEALPRO'}]",False,{}
98548.49,0.00,98548.49,USD,IDEALPRO-001,MARGIN,,[],False,{}
100000.00,0.00,100000.00,EUR,IDEALPRO-001,MARGIN,,[],False,{}
98548.49,0.00,98548.49,USD,IDEALPRO-001,MARGIN,,[],False,{}
100000.00,0.00,100000.00,EUR,IDEALPRO-001,MARGIN,,[],False,{}
98548.49,3251.70,95296.79,USD,IDEALPRO-001,MARGIN,,"[{'type': 'MarginBalance', 'initial': '3251.70', 'maintenance': '0.00', 'currency': 'USD', 'instrument_id': 'EUR/USD.IDEALPRO'}]",False,{}
100000.00,0.00,100000.00,EUR,IDEALPRO-001,MARGIN,,"[{'type': 'MarginBalance', 'initial': '3251.70', 'maintenance': '0.00', 'currency': 'USD', 'instrument_id': 'EUR/USD.IDEALPRO'}]",False,{}
98548.49,3251.70,95296.79,USD,IDEALPRO-001,MARGIN,,"[{'type': 'MarginBalance', 'initial': '3251.70', 'maintenance': '0.00', 'currency': 'USD', 'instrument_id': 'EUR/USD.IDEALPRO'}]",False,{}
100000.00,0.00,100000.00,EUR,IDEALPRO-001,MARGIN,,"[{'type': 'MarginBalance', 'initial': '3251.70', 'maintenance': '0.00', 'currency': 'USD', 'instrument_id': 'EUR/USD.IDEALPRO'}]",False,{}
98548.49,3251.70,95296.79,USD,IDEALPRO-001,MARGIN,,"[{'type': 'MarginBalance', 'initial': '3251.70', 'maintenance': '0.00', 'currency': 'USD', 'instrument_id': 'EUR/USD.IDEALPRO'}]",False,{}
100000.00,0.00,100000.00,EUR,IDEALPRO-001,MARGIN,,"[{'type': 'MarginBalance', 'initial': '3251.70', 'maintenance': '0.00', 'currency': 'USD', 'instrument_id': 'EUR/USD.IDEALPRO'}]",False,{}
98546.32,3251.70,95294.62,USD,IDEALPRO-001,MARGIN,,"[{'type': 'MarginBalance', 'initial': '3251.70', 'maintenance': '0.00', 'currency': 'USD', 'instrument_id': 'EUR/USD.IDEALPRO'}]",False,{}
100000.00,0.00,100000.00,EUR,IDEALPRO-001,MARGIN,,"[{'type': 'MarginBalance', 'initial': '3251.70', 'maintenance': '0.00', 'currency': 'USD', 'instrument_id': 'EUR/USD.IDEALPRO'}]",False,{}
98546.32,2167.54,96378.78,USD,IDEALPRO-001,MARGIN,,"[{'type': 'MarginBalance', 'initial': '0.00', 'maintenance': '2167.54', 'currency': 'USD', 'instrument_id': 'EUR/USD.IDEALPRO'}]",False,{}
100000.00,0.00,100000.00,EUR,IDEALPRO-001,MARGIN,,"[{'type': 'MarginBalance', 'initial': '0.00', 'maintenance': '2167.54', 'currency': 'USD', 'instrument_id': 'EUR/USD.IDEALPRO'}]",False,{}
98546.32,2167.54,96378.78,USD,IDEALPRO-001,MARGIN,,"[{'type': 'MarginBalance', 'initial': '0.00', 'maintenance': '2167.54', 'currency': 'USD', 'instrument_id': 'EUR/USD.IDEALPRO'}]",False,{}
100000.00,0.00,100000.00,EUR,IDEALPRO-001,MARGIN,,"[{'type': 'MarginBalance', 'initial': '0.00', 'maintenance': '2167.54', 'currency': 'USD', 'instrument_id': 'EUR/USD.IDEALPRO'}]",False,{}
98546.32,2167.54,96378.78,USD,IDEALPRO-001,MARGIN,,"[{'type': 'MarginBalance', 'initial': '0.00', 'maintenance': '2167.54', 'currency': 'USD', 'instrument_id': 'EUR/USD.IDEALPRO'}]",False,{}
100000.00,0.00,100000.00,EUR,IDEALPRO-001,MARGIN,,"[{'type': 'MarginBalance', 'initial': '0.00', 'maintenance': '2167.54', 'currency': 'USD', 'instrument_id': 'EUR/USD.IDEALPRO'}]",False,{}
98546.32,2167.54,96378.78,USD,IDEALPRO-001,MARGIN,,"[{'type': 'MarginBalance', 'initial': '0.00', 'maintenance': '2167.54', 'currency': 'USD', 'instrument_id': 'EUR/USD.IDEALPRO'}]",False,{}
100000.00,0.00,100000.00,EUR,IDEALPRO-001,MARGIN,,"[{'type': 'MarginBalance', 'initial': '0.00', 'maintenance': '2167.54', 'currency': 'USD', 'instrument_id': 'EUR/USD.IDEALPRO'}]",False,{}
98513.15,0.00,98513.15,USD,IDEALPRO-001,MARGIN,,[],False,{}
100000.00,0.00,100000.00,EUR,IDEALPRO-001,MARGIN,,[],False,{}
98513.15,0.00,98513.15,USD,IDEALPRO-001,MARGIN,,[],False,{}
100000.00,0.00,100000.00,EUR,IDEALPRO-001,MARGIN,,[],False,{}
98513.15,0.00,98513.15,USD,IDEALPRO-001,MARGIN,,[],False,{}
100000.00,0.00,100000.00,EUR,IDEALPRO-001,MARGIN,,[],False,{}
98513.15,3253.86,95259.29,USD,IDEALPRO-001,MARGIN,,"[{'type': 'MarginBalance', 'initial': '3253.86', 'maintenance': '0.00', 'currency': 'USD', 'instrument_id': 'EUR/USD.IDEALPRO'}]",False,{}
100000.00,0.00,100000.00,EUR,IDEALPRO-001,MARGIN,,"[{'type': 'MarginBalance', 'initial': '3253.86', 'maintenance': '0.00', 'currency': 'USD', 'instrument_id': 'EUR/USD.IDEALPRO'}]",False,{}
98513.15,3253.86,95259.29,USD,IDEALPRO-001,MARGIN,,"[{'type': 'MarginBalance', 'initial': '3253.86', 'maintenance': '0.00', 'currency': 'USD', 'instrument_id': 'EUR/USD.IDEALPRO'}]",False,{}
100000.00,0.00,100000.00,EUR,IDEALPRO-001,MARGIN,,"[{'type': 'MarginBalance', 'initial': '3253.86', 'maintenance': '0.00', 'currency': 'USD', 'instrument_id': 'EUR/USD.IDEALPRO'}]",False,{}
98513.15,3253.86,95259.29,USD,IDEALPRO-001,MARGIN,,"[{'type': 'MarginBalance', 'initial': '3253.86', 'maintenance': '0.00', 'currency': 'USD', 'instrument_id': 'EUR/USD.IDEALPRO'}]",False,{}
100000.00,0.00,100000.00,EUR,IDEALPRO-001,MARGIN,,"[{'type': 'MarginBalance', 'initial': '3253.86', 'maintenance': '0.00', 'currency': 'USD', 'instrument_id': 'EUR/USD.IDEALPRO'}]",False,{}
98510.98,3253.86,95257.12,USD,IDEALPRO-001,MARGIN,,"[{'type': 'MarginBalance', 'initial': '3253.86', 'maintenance': '0.00', 'currency': 'USD', 'instrument_id': 'EUR/USD.IDEALPRO'}]",False,{}
100000.00,0.00,100000.00,EUR,IDEALPRO-001,MARGIN,,"[{'type': 'MarginBalance', 'initial': '3253.86', 'maintenance': '0.00', 'currency': 'USD', 'instrument_id': 'EUR/USD.IDEALPRO'}]",False,{}
98510.98,2169.24,96341.74,USD,IDEALPRO-001,MARGIN,,"[{'type': 'MarginBalance', 'initial': '0.00', 'maintenance': '2169.24', 'currency': 'USD', 'instrument_id': 'EUR/USD.IDEALPRO'}]",False,{}
100000.00,0.00,100000.00,EUR,IDEALPRO-001,MARGIN,,"[{'type': 'MarginBalance', 'initial': '0.00', 'maintenance': '2169.24', 'currency': 'USD', 'instrument_id': 'EUR/USD.IDEALPRO'}]",False,{}
98510.98,2169.24,96341.74,USD,IDEALPRO-001,MARGIN,,"[{'type': 'MarginBalance', 'initial': '0.00', 'maintenance': '2169.24', 'currency': 'USD', 'instrument_id': 'EUR/USD.IDEALPRO'}]",False,{}
100000.00,0.00,100000.00,EUR,IDEALPRO-001,MARGIN,,"[{'type': 'MarginBalance', 'initial': '0.00', 'maintenance': '2169.24', 'currency': 'USD', 'instrument_id': 'EUR/USD.IDEALPRO'}]",False,{}
98510.98,2169.24,96341.74,USD,IDEALPRO-001,MARGIN,,"[{'type': 'MarginBalance', 'initial': '0.00', 'maintenance': '2169.24', 'currency': 'USD', 'instrument_id': 'EUR/USD.IDEALPRO'}]",False,{}
100000.00,0.00,100000.00,EUR,IDEALPRO-001,MARGIN,,"[{'type': 'MarginBalance', 'initial': '0.00', 'maintenance': '2169.24', 'currency': 'USD', 'instrument_id': 'EUR/USD.IDEALPRO'}]",False,{}
99008.80,0.00,99008.80,USD,IDEALPRO-001,MARGIN,,[],False,{}
100000.00,0.00,100000.00,EUR,IDEALPRO-001,MARGIN,,[],False,{}
99008.80,0.00,99008.80,USD,IDEALPRO-001,MARGIN,,[],False,{}
100000.00,0.00,100000.00,EUR,IDEALPRO-001,MARGIN,,[],False,{}
99008.80,3271.86,95736.94,USD,IDEALPRO-001,MARGIN,,"[{'type': 'MarginBalance', 'initial': '3271.86', 'maintenance': '0.00', 'currency': 'USD', 'instrument_id': 'EUR/USD.IDEALPRO'}]",False,{}
100000.00,0.00,100000.00,EUR,IDEALPRO-001,MARGIN,,"[{'type': 'MarginBalance', 'initial': '3271.86', 'maintenance': '0.00', 'currency': 'USD', 'instrument_id': 'EUR/USD.IDEALPRO'}]",False,{}
99008.80,3271.86,95736.94,USD,IDEALPRO-001,MARGIN,,"[{'type': 'MarginBalance', 'initial': '3271.86', 'maintenance': '0.00', 'currency': 'USD', 'instrument_id': 'EUR/USD.IDEALPRO'}]",False,{}
100000.00,0.00,100000.00,EUR,IDEALPRO-001,MARGIN,,"[{'type': 'MarginBalance', 'initial': '3271.86', 'maintenance': '0.00', 'currency': 'USD', 'instrument_id': 'EUR/USD.IDEALPRO'}]",False,{}
99008.80,3271.86,95736.94,USD,IDEALPRO-001,MARGIN,,"[{'type': 'MarginBalance', 'initial': '3271.86', 'maintenance': '0.00', 'currency': 'USD', 'instrument_id': 'EUR/USD.IDEALPRO'}]",False,{}
100000.00,0.00,100000.00,EUR,IDEALPRO-001,MARGIN,,"[{'type': 'MarginBalance', 'initial': '3271.86', 'maintenance': '0.00', 'currency': 'USD', 'instrument_id': 'EUR/USD.IDEALPRO'}]",False,{}
99006.62,3271.86,95734.76,USD,IDEALPRO-001,MARGIN,,"[{'type': 'MarginBalance', 'initial': '3271.86', 'maintenance': '0.00', 'currency': 'USD', 'instrument_id': 'EUR/USD.IDEALPRO'}]",False,{}
100000.00,0.00,100000.00,EUR,IDEALPRO-001,MARGIN,,"[{'type': 'MarginBalance', 'initial': '3271.86', 'maintenance': '0.00', 'currency': 'USD', 'instrument_id': 'EUR/USD.IDEALPRO'}]",False,{}
99006.62,2181.24,96825.38,USD,IDEALPRO-001,MARGIN,,"[{'type': 'MarginBalance', 'initial': '0.00', 'maintenance': '2181.24', 'currency': 'USD', 'instrument_id': 'EUR/USD.IDEALPRO'}]",False,{}
100000.00,0.00,100000.00,EUR,IDEALPRO-001,MARGIN,,"[{'type': 'MarginBalance', 'initial': '0.00', 'maintenance': '2181.24', 'currency': 'USD', 'instrument_id': 'EUR/USD.IDEALPRO'}]",False,{}
99006.62,2181.24,96825.38,USD,IDEALPRO-001,MARGIN,,"[{'type': 'MarginBalance', 'initial': '0.00', 'maintenance': '2181.24', 'currency': 'USD', 'instrument_id': 'EUR/USD.IDEALPRO'}]",False,{}
100000.00,0.00,100000.00,EUR,IDEALPRO-001,MARGIN,,"[{'type': 'MarginBalance', 'initial': '0.00', 'maintenance': '2181.24', 'currency': 'USD', 'instrument_id': 'EUR/USD.IDEALPRO'}]",False,{}
99006.62,2181.24,96825.38,USD,IDEALPRO-001,MARGIN,,"[{'type': 'MarginBalance', 'initial': '0.00', 'maintenance': '2181.24', 'currency': 'USD', 'instrument_id': 'EUR/USD.IDEALPRO'}]",False,{}
100000.00,0.00,100000.00,EUR,IDEALPRO-001,MARGIN,,"[{'type': 'MarginBalance', 'initial': '0.00', 'maintenance': '2181.24', 'currency': 'USD', 'instrument_id': 'EUR/USD.IDEALPRO'}]",False,{}
99006.62,2181.24,96825.38,USD,IDEALPRO-001,MARGIN,,"[{'type': 'MarginBalance', 'initial': '0.00', 'maintenance': '2181.24', 'currency': 'USD', 'instrument_id': 'EUR/USD.IDEALPRO'}]",False,{}
100000.00,0.00,100000.00,EUR,IDEALPRO-001,MARGIN,,"[{'type': 'MarginBalance', 'initial': '0.00', 'maintenance': '2181.24', 'currency': 'USD', 'instrument_id': 'EUR/USD.IDEALPRO'}]",False,{}
98870.44,0.00,98870.44,USD,IDEALPRO-001,MARGIN,,[],False,{}
100000.00,0.00,100000.00,EUR,IDEALPRO-001,MARGIN,,[],False,{}
98870.44,0.00,98870.44,USD,IDEALPRO-001,MARGIN,,[],False,{}
100000.00,0.00,100000.00,EUR,IDEALPRO-001,MARGIN,,[],False,{}
98870.44,0.00,98870.44,USD,IDEALPRO-001,MARGIN,,[],False,{}
100000.00,0.00,100000.00,EUR,IDEALPRO-001,MARGIN,,[],False,{}
98870.44,3263.43,95607.01,USD,IDEALPRO-001,MARGIN,,"[{'type': 'MarginBalance', 'initial': '3263.43', 'maintenance': '0.00', 'currency': 'USD', 'instrument_id': 'EUR/USD.IDEALPRO'}]",False,{}
100000.00,0.00,100000.00,EUR,IDEALPRO-001,MARGIN,,"[{'type': 'MarginBalance', 'initial': '3263.43', 'maintenance': '0.00', 'currency': 'USD', 'instrument_id': 'EUR/USD.IDEALPRO'}]",False,{}
98870.44,3263.43,95607.01,USD,IDEALPRO-001,MARGIN,,"[{'type': 'MarginBalance', 'initial': '3263.43', 'maintenance': '0.00', 'currency': 'USD', 'instrument_id': 'EUR/USD.IDEALPRO'}]",False,{}
100000.00,0.00,100000.00,EUR,IDEALPRO-001,MARGIN,,"[{'type': 'MarginBalance', 'initial': '3263.43', 'maintenance': '0.00', 'currency': 'USD', 'instrument_id': 'EUR/USD.IDEALPRO'}]",False,{}
98870.44,3263.43,95607.01,USD,IDEALPRO-001,MARGIN,,"[{'type': 'MarginBalance', 'initial': '3263.43', 'maintenance': '0.00', 'currency': 'USD', 'instrument_id': 'EUR/USD.IDEALPRO'}]",False,{}
100000.00,0.00,100000.00,EUR,IDEALPRO-001,MARGIN,,"[{'type': 'MarginBalance', 'initial': '3263.43', 'maintenance': '0.00', 'currency': 'USD', 'instrument_id': 'EUR/USD.IDEALPRO'}]",False,{}
98868.26,3263.43,95604.83,USD,IDEALPRO-001,MARGIN,,"[{'type': 'MarginBalance', 'initial': '3263.43', 'maintenance': '0.00', 'currency': 'USD', 'instrument_id': 'EUR/USD.IDEALPRO'}]",False,{}
100000.00,0.00,100000.00,EUR,IDEALPRO-001,MARGIN,,"[{'type': 'MarginBalance', 'initial': '3263.43', 'maintenance': '0.00', 'currency': 'USD', 'instrument_id': 'EUR/USD.IDEALPRO'}]",False,{}
98868.26,2178.62,96689.64,USD,IDEALPRO-001,MARGIN,,"[{'type': 'MarginBalance', 'initial': '0.00', 'maintenance': '2178.62', 'currency': 'USD', 'instrument_id': 'EUR/USD.IDEALPRO'}]",False,{}
100000.00,0.00,100000.00,EUR,IDEALPRO-001,MARGIN,,"[{'type': 'MarginBalance', 'initial': '0.00', 'maintenance': '2178.62', 'currency': 'USD', 'instrument_id': 'EUR/USD.IDEALPRO'}]",False,{}
98868.26,2178.62,96689.64,USD,IDEALPRO-001,MARGIN,,"[{'type': 'MarginBalance', 'initial': '0.00', 'maintenance': '2178.62', 'currency': 'USD', 'instrument_id': 'EUR/USD.IDEALPRO'}]",False,{}
100000.00,0.00,100000.00,EUR,IDEALPRO-001,MARGIN,,"[{'type': 'MarginBalance', 'initial': '0.00', 'maintenance': '2178.62', 'currency': 'USD', 'instrument_id': 'EUR/USD.IDEALPRO'}]",False,{}
98868.26,2178.62,96689.64,USD,IDEALPRO-001,MARGIN,,"[{'type': 'MarginBalance', 'initial': '0.00', 'maintenance': '2178.62', 'currency': 'USD', 'instrument_id': 'EUR/USD.IDEALPRO'}]",False,{}
100000.00,0.00,100000.00,EUR,IDEALPRO-001,MARGIN,,"[{'type': 'MarginBalance', 'initial': '0.00', 'maintenance': '2178.62', 'currency': 'USD', 'instrument_id': 'EUR/USD.IDEALPRO'}]",False,{}
98765.08,0.00,98765.08,USD,IDEALPRO-001,MARGIN,,[],False,{}
100000.00,0.00,100000.00,EUR,IDEALPRO-001,MARGIN,,[],False,{}
98765.08,0.00,98765.08,USD,IDEALPRO-001,MARGIN,,[],False,{}
100000.00,0.00,100000.00,EUR,IDEALPRO-001,MARGIN,,[],False,{}
98765.08,3273.84,95491.24,USD,IDEALPRO-001,MARGIN,,"[{'type': 'MarginBalance', 'initial': '3273.84', 'maintenance': '0.00', 'currency': 'USD', 'instrument_id': 'EUR/USD.IDEALPRO'}]",False,{}
100000.00,0.00,100000.00,EUR,IDEALPRO-001,MARGIN,,"[{'type': 'MarginBalance', 'initial': '3273.84', 'maintenance': '0.00', 'currency': 'USD', 'instrument_id': 'EUR/USD.IDEALPRO'}]",False,{}
98765.08,3273.84,95491.24,USD,IDEALPRO-001,MARGIN,,"[{'type': 'MarginBalance', 'initial': '3273.84', 'maintenance': '0.00', 'currency': 'USD', 'instrument_id': 'EUR/USD.IDEALPRO'}]",False,{}
100000.00,0.00,100000.00,EUR,IDEALPRO-001,MARGIN,,"[{'type': 'MarginBalance', 'initial': '3273.84', 'maintenance': '0.00', 'currency': 'USD', 'instrument_id': 'EUR/USD.IDEALPRO'}]",False,{}
98765.08,3273.84,95491.24,USD,IDEALPRO-001,MARGIN,,"[{'type': 'MarginBalance', 'initial': '3273.84', 'maintenance': '0.00', 'currency': 'USD', 'instrument_id': 'EUR/USD.IDEALPRO'}]",False,{}
100000.00,0.00,100000.00,EUR,IDEALPRO-001,MARGIN,,"[{'type': 'MarginBalance', 'initial': '3273.84', 'maintenance': '0.00', 'currency': 'USD', 'instrument_id': 'EUR/USD.IDEALPRO'}]",False,{}
98762.90,3273.84,95489.06,USD,IDEALPRO-001,MARGIN,,"[{'type': 'MarginBalance', 'initial': '3273.84', 'maintenance': '0.00', 'currency': 'USD', 'instrument_id': 'EUR/USD.IDEALPRO'}]",False,{}
100000.00,0.00,100000.00,EUR,IDEALPRO-001,MARGIN,,"[{'type': 'MarginBalance', 'initial': '3273.84', 'maintenance': '0.00', 'currency': 'USD', 'instrument_id': 'EUR/USD.IDEALPRO'}]",False,{}
98762.90,2181.58,96581.32,USD,IDEALPRO-001,MARGIN,,"[{'type': 'MarginBalance', 'initial': '0.00', 'maintenance': '2181.58', 'currency': 'USD', 'instrument_id': 'EUR/USD.IDEALPRO'}]",False,{}
100000.00,0.00,100000.00,EUR,IDEALPRO-001,MARGIN,,"[{'type': 'MarginBalance', 'initial': '0.00', 'maintenance': '2181.58', 'currency': 'USD', 'instrument_id': 'EUR/USD.IDEALPRO'}]",False,{}
98762.90,2181.58,96581.32,USD,IDEALPRO-001,MARGIN,,"[{'type': 'MarginBalance', 'initial': '0.00', 'maintenance': '2181.58', 'currency': 'USD', 'instrument_id': 'EUR/USD.IDEALPRO'}]",False,{}
100000.00,0.00,100000.00,EUR,IDEALPRO-001,MARGIN,,"[{'type': 'MarginBalance', 'initial': '0.00', 'maintenance': '2181.58', 'currency': 'USD', 'instrument_id': 'EUR/USD.IDEALPRO'}]",False,{}
98762.90,2181.58,96581.32,USD,IDEALPRO-001,MARGIN,,"[{'type': 'MarginBalance', 'initial': '0.00', 'maintenance': '2181.58', 'currency': 'USD', 'instrument_id': 'EUR/USD.IDEALPRO'}]",False,{}
100000.00,0.00,100000.00,EUR,IDEALPRO-001,MARGIN,,"[{'type': 'MarginBalance', 'initial': '0.00', 'maintenance': '2181.58', 'currency': 'USD', 'instrument_id': 'EUR/USD.IDEALPRO'}]",False,{}
98558.72,0.00,98558.72,USD,IDEALPRO-001,MARGIN,,[],False,{}
100000.00,0.00,100000.00,EUR,IDEALPRO-001,MARGIN,,[],False,{}
98558.72,0.00,98558.72,USD,IDEALPRO-001,MARGIN,,[],False,{}
100000.00,0.00,100000.00,EUR,IDEALPRO-001,MARGIN,,[],False,{}
98558.72,3266.52,95292.20,USD,IDEALPRO-001,MARGIN,,"[{'type': 'MarginBalance', 'initial': '3266.52', 'maintenance': '0.00', 'currency': 'USD', 'instrument_id': 'EUR/USD.IDEALPRO'}]",False,{}
100000.00,0.00,100000.00,EUR,IDEALPRO-001,MARGIN,,"[{'type': 'MarginBalance', 'initial': '3266.52', 'maintenance': '0.00', 'currency': 'USD', 'instrument_id': 'EUR/USD.IDEALPRO'}]",False,{}
98558.72,3266.52,95292.20,USD,IDEALPRO-001,MARGIN,,"[{'type': 'MarginBalance', 'initial': '3266.52', 'maintenance': '0.00', 'currency': 'USD', 'instrument_id': 'EUR/USD.IDEALPRO'}]",False,{}
100000.00,0.00,100000.00,EUR,IDEALPRO-001,MARGIN,,"[{'type': 'MarginBalance', 'initial': '3266.52', 'maintenance': '0.00', 'currency': 'USD', 'instrument_id': 'EUR/USD.IDEALPRO'}]",False,{}
98558.72,3266.52,95292.20,USD,IDEALPRO-001,MARGIN,,"[{'type': 'MarginBalance', 'initial': '3266.52', 'maintenance': '0.00', 'currency': 'USD', 'instrument_id': 'EUR/USD.IDEALPRO'}]",False,{}
100000.00,0.00,100000.00,EUR,IDEALPRO-001,MARGIN,,"[{'type': 'MarginBalance', 'initial': '3266.52', 'maintenance': '0.00', 'currency': 'USD', 'instrument_id': 'EUR/USD.IDEALPRO'}]",False,{}
98556.54,3266.52,95290.02,USD,IDEALPRO-001,MARGIN,,"[{'type': 'MarginBalance', 'initial': '3266.52', 'maintenance': '0.00', 'currency': 'USD', 'instrument_id': 'EUR/USD.IDEALPRO'}]",False,{}
100000.00,0.00,100000.00,EUR,IDEALPRO-001,MARGIN,,"[{'type': 'MarginBalance', 'initial': '3266.52', 'maintenance': '0.00', 'currency': 'USD', 'instrument_id': 'EUR/USD.IDEALPRO'}]",False,{}
98556.54,2178.16,96378.38,USD,IDEALPRO-001,MARGIN,,"[{'type': 'MarginBalance', 'initial': '0.00', 'maintenance': '2178.16', 'currency': 'USD', 'instrument_id': 'EUR/USD.IDEALPRO'}]",False,{}
100000.00,0.00,100000.00,EUR,IDEALPRO-001,MARGIN,,"[{'type': 'MarginBalance', 'initial': '0.00', 'maintenance': '2178.16', 'currency': 'USD', 'instrument_id': 'EUR/USD.IDEALPRO'}]",False,{}
98556.54,2178.16,96378.38,USD,IDEALPRO-001,MARGIN,,"[{'type': 'MarginBalance', 'initial': '0.00', 'maintenance': '2178.16', 'currency': 'USD', 'instrument_id': 'EUR/USD.IDEALPRO'}]",False,{}
100000.00,0.00,100000.00,EUR,IDEALPRO-001,MARGIN,,"[{'type': 'MarginBalance', 'initial': '0.00', 'maintenance': '2178.16', 'currency': 'USD', 'instrument_id': 'EUR/USD.IDEALPRO'}]",False,{}
98556.54,2178.16,96378.38,USD,IDEALPRO-001,MARGIN,,"[{'type': 'MarginBalance', 'initial': '0.00', 'maintenance': '2178.16', 'currency': 'USD', 'instrument_id': 'EUR/USD.IDEALPRO'}]",False,{}
100000.00,0.00,100000.00,EUR,IDEALPRO-001,MARGIN,,"[{'type': 'MarginBalance', 'initial': '0.00', 'maintenance': '2178.16', 'currency': 'USD', 'instrument_id': 'EUR/USD.IDEALPRO'}]",False,{}
99078.37,0.00,99078.37,USD,IDEALPRO-001,MARGIN,,[],False,{}
100000.00,0.00,100000.00,EUR,IDEALPRO-001,MARGIN,,[],False,{}
99078.37,0.00,99078.37,USD,IDEALPRO-001,MARGIN,,[],False,{}
100000.00,0.00,100000.00,EUR,IDEALPRO-001,MARGIN,,[],False,{}
99078.37,3269.58,95808.79,USD,IDEALPRO-001,MARGIN,,"[{'type': 'MarginBalance', 'initial': '3269.58', 'maintenance': '0.00', 'currency': 'USD', 'instrument_id': 'EUR/USD.IDEALPRO'}]",False,{}
100000.00,0.00,100000.00,EUR,IDEALPRO-001,MARGIN,,"[{'type': 'MarginBalance', 'initial': '3269.58', 'maintenance': '0.00', 'currency': 'USD', 'instrument_id': 'EUR/USD.IDEALPRO'}]",False,{}
99078.37,3269.58,95808.79,USD,IDEALPRO-001,MARGIN,,"[{'type': 'MarginBalance', 'initial': '3269.58', 'maintenance': '0.00', 'currency': 'USD', 'instrument_id': 'EUR/USD.IDEALPRO'}]",False,{}
100000.00,0.00,100000.00,EUR,IDEALPRO-001,MARGIN,,"[{'type': 'MarginBalance', 'initial': '3269.58', 'maintenance': '0.00', 'currency': 'USD', 'instrument_id': 'EUR/USD.IDEALPRO'}]",False,{}
99078.37,3269.58,95808.79,USD,IDEALPRO-001,MARGIN,,"[{'type': 'MarginBalance', 'initial': '3269.58', 'maintenance': '0.00', 'currency': 'USD', 'instrument_id': 'EUR/USD.IDEALPRO'}]",False,{}
100000.00,0.00,100000.00,EUR,IDEALPRO-001,MARGIN,,"[{'type': 'MarginBalance', 'initial': '3269.58', 'maintenance': '0.00', 'currency': 'USD', 'instrument_id': 'EUR/USD.IDEALPRO'}]",False,{}
99076.19,3269.58,95806.61,USD,IDEALPRO-001,MARGIN,,"[{'type': 'MarginBalance', 'initial': '3269.58', 'maintenance': '0.00', 'currency': 'USD', 'instrument_id': 'EUR/USD.IDEALPRO'}]",False,{}
100000.00,0.00,100000.00,EUR,IDEALPRO-001,MARGIN,,"[{'type': 'MarginBalance', 'initial': '3269.58', 'maintenance': '0.00', 'currency': 'USD', 'instrument_id': 'EUR/USD.IDEALPRO'}]",False,{}
99076.19,2179.54,96896.65,USD,IDEALPRO-001,MARGIN,,"[{'type': 'MarginBalance', 'initial': '0.00', 'maintenance': '2179.54', 'currency': 'USD', 'instrument_id': 'EUR/USD.IDEALPRO'}]",False,{}
100000.00,0.00,100000.00,EUR,IDEALPRO-001,MARGIN,,"[{'type': 'MarginBalance', 'initial': '0.00', 'maintenance': '2179.54', 'currency': 'USD', 'instrument_id': 'EUR/USD.IDEALPRO'}]",False,{}
99076.19,2179.54,96896.65,USD,IDEALPRO-001,MARGIN,,"[{'type': 'MarginBalance', 'initial': '0.00', 'maintenance': '2179.54', 'currency': 'USD', 'instrument_id': 'EUR/USD.IDEALPRO'}]",False,{}
100000.00,0.00,100000.00,EUR,IDEALPRO-001,MARGIN,,"[{'type': 'MarginBalance', 'initial': '0.00', 'maintenance': '2179.54', 'currency': 'USD', 'instrument_id': 'EUR/USD.IDEALPRO'}]",False,{}
99076.19,2179.54,96896.65,USD,IDEALPRO-001,MARGIN,,"[{'type': 'MarginBalance', 'initial': '0.00', 'maintenance': '2179.54', 'currency': 'USD', 'instrument_id': 'EUR/USD.IDEALPRO'}]",False,{}
100000.00,0.00,100000.00,EUR,IDEALPRO-001,MARGIN,,"[{'type': 'MarginBalance', 'initial': '0.00', 'maintenance': '2179.54', 'currency': 'USD', 'instrument_id': 'EUR/USD.IDEALPRO'}]",False,{}
98832.02,0.00,98832.02,USD,IDEALPRO-001,MARGIN,,[],False,{}
100000.00,0.00,100000.00,EUR,IDEALPRO-001,MARGIN,,[],False,{}
98832.02,0.00,98832.02,USD,IDEALPRO-001,MARGIN,,[],False,{}
100000.00,0.00,100000.00,EUR,IDEALPRO-001,MARGIN,,[],False,{}
98832.02,3262.83,95569.19,USD,IDEALPRO-001,MARGIN,,"[{'type': 'MarginBalance', 'initial': '3262.83', 'maintenance': '0.00', 'currency': 'USD', 'instrument_id': 'EUR/USD.IDEALPRO'}]",False,{}
100000.00,0.00,100000.00,EUR,IDEALPRO-001,MARGIN,,"[{'type': 'MarginBalance', 'initial': '3262.83', 'maintenance': '0.00', 'currency': 'USD', 'instrument_id': 'EUR/USD.IDEALPRO'}]",False,{}
98832.02,3262.83,95569.19,USD,IDEALPRO-001,MARGIN,,"[{'type': 'MarginBalance', 'initial': '3262.83', 'maintenance': '0.00', 'currency': 'USD', 'instrument_id': 'EUR/USD.IDEALPRO'}]",False,{}
100000.00,0.00,100000.00,EUR,IDEALPRO-001,MARGIN,,"[{'type': 'MarginBalance', 'initial': '3262.83', 'maintenance': '0.00', 'currency': 'USD', 'instrument_id': 'EUR/USD.IDEALPRO'}]",False,{}
98832.02,3262.83,95569.19,USD,IDEALPRO-001,MARGIN,,"[{'type': 'MarginBalance', 'initial': '3262.83', 'maintenance': '0.00', 'currency': 'USD', 'instrument_id': 'EUR/USD.IDEALPRO'}]",False,{}
100000.00,0.00,100000.00,EUR,IDEALPRO-001,MARGIN,,"[{'type': 'MarginBalance', 'initial': '3262.83', 'maintenance': '0.00', 'currency': 'USD', 'instrument_id': 'EUR/USD.IDEALPRO'}]",False,{}
98829.84,3262.83,95567.01,USD,IDEALPRO-001,MARGIN,,"[{'type': 'MarginBalance', 'initial': '3262.83', 'maintenance': '0.00', 'currency': 'USD', 'instrument_id': 'EUR/USD.IDEALPRO'}]",False,{}
100000.00,0.00,100000.00,EUR,IDEALPRO-001,MARGIN,,"[{'type': 'MarginBalance', 'initial': '3262.83', 'maintenance': '0.00', 'currency': 'USD', 'instrument_id': 'EUR/USD.IDEALPRO'}]",False,{}
98829.84,2175.22,96654.62,USD,IDEALPRO-001,MARGIN,,"[{'type': 'MarginBalance', 'initial': '0.00', 'maintenance': '2175.22', 'currency': 'USD', 'instrument_id': 'EUR/USD.IDEALPRO'}]",False,{}
100000.00,0.00,100000.00,EUR,IDEALPRO-001,MARGIN,,"[{'type': 'MarginBalance', 'initial': '0.00', 'maintenance': '2175.22', 'currency': 'USD', 'instrument_id': 'EUR/USD.IDEALPRO'}]",False,{}
98829.84,2175.22,96654.62,USD,IDEALPRO-001,MARGIN,,"[{'type': 'MarginBalance', 'initial': '0.00', 'maintenance': '2175.22', 'currency': 'USD', 'instrument_id': 'EUR/USD.IDEALPRO'}]",False,{}
100000.00,0.00,100000.00,EUR,IDEALPRO-001,MARGIN,,"[{'type': 'MarginBalance', 'initial': '0.00', 'maintenance': '2175.22', 'currency': 'USD', 'instrument_id': 'EUR/USD.IDEALPRO'}]",False,{}
98829.84,2175.22,96654.62,USD,IDEALPRO-001,MARGIN,,"[{'type': 'MarginBalance', 'initial': '0.00', 'maintenance': '2175.22', 'currency': 'USD', 'instrument_id': 'EUR/USD.IDEALPRO'}]",False,{}
100000.00,0.00,100000.00,EUR,IDEALPRO-001,MARGIN,,"[{'type': 'MarginBalance', 'initial': '0.00', 'maintenance': '2175.22', 'currency': 'USD', 'instrument_id': 'EUR/USD.IDEALPRO'}]",False,{}
98576.66,0.00,98576.66,USD,IDEALPRO-001,MARGIN,,[],False,{}
100000.00,0.00,100000.00,EUR,IDEALPRO-001,MARGIN,,[],False,{}
98576.66,0.00,98576.66,USD,IDEALPRO-001,MARGIN,,[],False,{}
100000.00,0.00,100000.00,EUR,IDEALPRO-001,MARGIN,,[],False,{}
98576.66,3272.22,95304.44,USD,IDEALPRO-001,MARGIN,,"[{'type': 'MarginBalance', 'initial': '3272.22', 'maintenance': '0.00', 'currency': 'USD', 'instrument_id': 'EUR/USD.IDEALPRO'}]",False,{}
100000.00,0.00,100000.00,EUR,IDEALPRO-001,MARGIN,,"[{'type': 'MarginBalance', 'initial': '3272.22', 'maintenance': '0.00', 'currency': 'USD', 'instrument_id': 'EUR/USD.IDEALPRO'}]",False,{}
98576.66,3272.22,95304.44,USD,IDEALPRO-001,MARGIN,,"[{'type': 'MarginBalance', 'initial': '3272.22', 'maintenance': '0.00', 'currency': 'USD', 'instrument_id': 'EUR/USD.IDEALPRO'}]",False,{}
100000.00,0.00,100000.00,EUR,IDEALPRO-001,MARGIN,,"[{'type': 'MarginBalance', 'initial': '3272.22', 'maintenance': '0.00', 'currency': 'USD', 'instrument_id': 'EUR/USD.IDEALPRO'}]",False,{}
98576.66,3272.22,95304.44,USD,IDEALPRO-001,MARGIN,,"[{'type': 'MarginBalance', 'initial': '3272.22', 'maintenance': '0.00', 'currency': 'USD', 'instrument_id': 'EUR/USD.IDEALPRO'}]",False,{}
100000.00,0.00,100000.00,EUR,IDEALPRO-001,MARGIN,,"[{'type': 'MarginBalance', 'initial': '3272.22', 'maintenance': '0.00', 'currency': 'USD', 'instrument_id': 'EUR/USD.IDEALPRO'}]",False,{}
98574.48,3272.22,95302.26,USD,IDEALPRO-001,MARGIN,,"[{'type': 'MarginBalance', 'initial': '3272.22', 'maintenance': '0.00', 'currency': 'USD', 'instrument_id': 'EUR/USD.IDEALPRO'}]",False,{}
100000.00,0.00,100000.00,EUR,IDEALPRO-001,MARGIN,,"[{'type': 'MarginBalance', 'initial': '3272.22', 'maintenance': '0.00', 'currency': 'USD', 'instrument_id': 'EUR/USD.IDEALPRO'}]",False,{}
98574.48,2181.44,96393.04,USD,IDEALPRO-001,MARGIN,,"[{'type': 'MarginBalance', 'initial': '0.00', 'maintenance': '2181.44', 'currency': 'USD', 'instrument_id': 'EUR/USD.IDEALPRO'}]",False,{}
100000.00,0.00,100000.00,EUR,IDEALPRO-001,MARGIN,,"[{'type': 'MarginBalance', 'initial': '0.00', 'maintenance': '2181.44', 'currency': 'USD', 'instrument_id': 'EUR/USD.IDEALPRO'}]",False,{}
98574.48,2181.44,96393.04,USD,IDEALPRO-001,MARGIN,,"[{'type': 'MarginBalance', 'initial': '0.00', 'maintenance': '2181.44', 'currency': 'USD', 'instrument_id': 'EUR/USD.IDEALPRO'}]",False,{}
100000.00,0.00,100000.00,EUR,IDEALPRO-001,MARGIN,,"[{'type': 'MarginBalance', 'initial': '0.00', 'maintenance': '2181.44', 'currency': 'USD', 'instrument_id': 'EUR/USD.IDEALPRO'}]",False,{}
98574.48,2181.44,96393.04,USD,IDEALPRO-001,MARGIN,,"[{'type': 'MarginBalance', 'initial': '0.00', 'maintenance': '2181.44', 'currency': 'USD', 'instrument_id': 'EUR/USD.IDEALPRO'}]",False,{}
100000.00,0.00,100000.00,EUR,IDEALPRO-001,MARGIN,,"[{'type': 'MarginBalance', 'initial': '0.00', 'maintenance': '2181.44', 'currency': 'USD', 'instrument_id': 'EUR/USD.IDEALPRO'}]",False,{}
98574.48,2181.44,96393.04,USD,IDEALPRO-001,MARGIN,,"[{'type': 'MarginBalance', 'initial': '0.00', 'maintenance': '2181.44', 'currency': 'USD', 'instrument_id': 'EUR/USD.IDEALPRO'}]",False,{}
100000.00,0.00,100000.00,EUR,IDEALPRO-001,MARGIN,,"[{'type': 'MarginBalance', 'initial': '0.00', 'maintenance': '2181.44', 'currency': 'USD', 'instrument_id': 'EUR/USD.IDEALPRO'}]",False,{}
98603.30,0.00,98603.30,USD,IDEALPRO-001,MARGIN,,[],False,{}
100000.00,0.00,100000.00,EUR,IDEALPRO-001,MARGIN,,[],False,{}
98603.30,0.00,98603.30,USD,IDEALPRO-001,MARGIN,,[],False,{}
100000.00,0.00,100000.00,EUR,IDEALPRO-001,MARGIN,,[],False,{}
98603.30,0.00,98603.30,USD,IDEALPRO-001,MARGIN,,[],False,{}
100000.00,0.00,100000.00,EUR,IDEALPRO-001,MARGIN,,[],False,{}
98603.30,3285.48,95317.82,USD,IDEALPRO-001,MARGIN,,"[{'type': 'MarginBalance', 'initial': '3285.48', 'maintenance': '0.00', 'currency': 'USD', 'instrument_id': 'EUR/USD.IDEALPRO'}]",False,{}
100000.00,0.00,100000.00,EUR,IDEALPRO-001,MARGIN,,"[{'type': 'MarginBalance', 'initial': '3285.48', 'maintenance': '0.00', 'currency': 'USD', 'instrument_id': 'EUR/USD.IDEALPRO'}]",False,{}
98603.30,3285.48,95317.82,USD,IDEALPRO-001,MARGIN,,"[{'type': 'MarginBalance', 'initial': '3285.48', 'maintenance': '0.00', 'currency': 'USD', 'instrument_id': 'EUR/USD.IDEALPRO'}]",False,{}
100000.00,0.00,100000.00,EUR,IDEALPRO-001,MARGIN,,"[{'type': 'MarginBalance', 'initial': '3285.48', 'maintenance': '0.00', 'currency': 'USD', 'instrument_id': 'EUR/USD.IDEALPRO'}]",False,{}
98603.30,3285.48,95317.82,USD,IDEALPRO-001,MARGIN,,"[{'type': 'MarginBalance', 'initial': '3285.48', 'maintenance': '0.00', 'currency': 'USD', 'instrument_id': 'EUR/USD.IDEALPRO'}]",False,{}
100000.00,0.00,100000.00,EUR,IDEALPRO-001,MARGIN,,"[{'type': 'MarginBalance', 'initial': '3285.48', 'maintenance': '0.00', 'currency': 'USD', 'instrument_id': 'EUR/USD.IDEALPRO'}]",False,{}
98601.11,3285.48,95315.63,USD,IDEALPRO-001,MARGIN,,"[{'type': 'MarginBalance', 'initial': '3285.48', 'maintenance': '0.00', 'currency': 'USD', 'instrument_id': 'EUR/USD.IDEALPRO'}]",False,{}
100000.00,0.00,100000.00,EUR,IDEALPRO-001,MARGIN,,"[{'type': 'MarginBalance', 'initial': '3285.48', 'maintenance': '0.00', 'currency': 'USD', 'instrument_id': 'EUR/USD.IDEALPRO'}]",False,{}
98601.11,2188.70,96412.41,USD,IDEALPRO-001,MARGIN,,"[{'type': 'MarginBalance', 'initial': '0.00', 'maintenance': '2188.70', 'currency': 'USD', 'instrument_id': 'EUR/USD.IDEALPRO'}]",False,{}
100000.00,0.00,100000.00,EUR,IDEALPRO-001,MARGIN,,"[{'type': 'MarginBalance', 'initial': '0.00', 'maintenance': '2188.70', 'currency': 'USD', 'instrument_id': 'EUR/USD.IDEALPRO'}]",False,{}
98601.11,2188.70,96412.41,USD,IDEALPRO-001,MARGIN,,"[{'type': 'MarginBalance', 'initial': '0.00', 'maintenance': '2188.70', 'currency': 'USD', 'instrument_id': 'EUR/USD.IDEALPRO'}]",False,{}
100000.00,0.00,100000.00,EUR,IDEALPRO-001,MARGIN,,"[{'type': 'MarginBalance', 'initial': '0.00', 'maintenance': '2188.70', 'currency': 'USD', 'instrument_id': 'EUR/USD.IDEALPRO'}]",False,{}
98601.11,2188.70,96412.41,USD,IDEALPRO-001,MARGIN,,"[{'type': 'MarginBalance', 'initial': '0.00', 'maintenance': '2188.70', 'currency': 'USD', 'instrument_id': 'EUR/USD.IDEALPRO'}]",False,{}
100000.00,0.00,100000.00,EUR,IDEALPRO-001,MARGIN,,"[{'type': 'MarginBalance', 'initial': '0.00', 'maintenance': '2188.70', 'currency': 'USD', 'instrument_id': 'EUR/USD.IDEALPRO'}]",False,{}
98428.92,0.00,98428.92,USD,IDEALPRO-001,MARGIN,,[],False,{}
100000.00,0.00,100000.00,EUR,IDEALPRO-001,MARGIN,,[],False,{}
98428.92,0.00,98428.92,USD,IDEALPRO-001,MARGIN,,[],False,{}
100000.00,0.00,100000.00,EUR,IDEALPRO-001,MARGIN,,[],False,{}
98428.92,3271.89,95157.03,USD,IDEALPRO-001,MARGIN,,"[{'type': 'MarginBalance', 'initial': '3271.89', 'maintenance': '0.00', 'currency': 'USD', 'instrument_id': 'EUR/USD.IDEALPRO'}]",False,{}
100000.00,0.00,100000.00,EUR,IDEALPRO-001,MARGIN,,"[{'type': 'MarginBalance', 'initial': '3271.89', 'maintenance': '0.00', 'currency': 'USD', 'instrument_id': 'EUR/USD.IDEALPRO'}]",False,{}
98428.92,3271.89,95157.03,USD,IDEALPRO-001,MARGIN,,"[{'type': 'MarginBalance', 'initial': '3271.89', 'maintenance': '0.00', 'currency': 'USD', 'instrument_id': 'EUR/USD.IDEALPRO'}]",False,{}
100000.00,0.00,100000.00,EUR,IDEALPRO-001,MARGIN,,"[{'type': 'MarginBalance', 'initial': '3271.89', 'maintenance': '0.00', 'currency': 'USD', 'instrument_id': 'EUR/USD.IDEALPRO'}]",False,{}
98428.92,3271.89,95157.03,USD,IDEALPRO-001,MARGIN,,"[{'type': 'MarginBalance', 'initial': '3271.89', 'maintenance': '0.00', 'currency': 'USD', 'instrument_id': 'EUR/USD.IDEALPRO'}]",False,{}
100000.00,0.00,100000.00,EUR,IDEALPRO-001,MARGIN,,"[{'type': 'MarginBalance', 'initial': '3271.89', 'maintenance': '0.00', 'currency': 'USD', 'instrument_id': 'EUR/USD.IDEALPRO'}]",False,{}
98426.74,3271.89,95154.85,USD,IDEALPRO-001,MARGIN,,"[{'type': 'MarginBalance', 'initial': '3271.89', 'maintenance': '0.00', 'currency': 'USD', 'instrument_id': 'EUR/USD.IDEALPRO'}]",False,{}
100000.00,0.00,100000.00,EUR,IDEALPRO-001,MARGIN,,"[{'type': 'MarginBalance', 'initial': '3271.89', 'maintenance': '0.00', 'currency': 'USD', 'instrument_id': 'EUR/USD.IDEALPRO'}]",False,{}
98426.74,2182.50,96244.24,USD,IDEALPRO-001,MARGIN,,"[{'type': 'MarginBalance', 'initial': '0.00', 'maintenance': '2182.50', 'currency': 'USD', 'instrument_id': 'EUR/USD.IDEALPRO'}]",False,{}
100000.00,0.00,100000.00,EUR,IDEALPRO-001,MARGIN,,"[{'type': 'MarginBalance', 'initial': '0.00', 'maintenance': '2182.50', 'currency': 'USD', 'instrument_id': 'EUR/USD.IDEALPRO'}]",False,{}
98426.74,2182.50,96244.24,USD,IDEALPRO-001,MARGIN,,"[{'type': 'MarginBalance', 'initial': '0.00', 'maintenance': '2182.50', 'currency': 'USD', 'instrument_id': 'EUR/USD.IDEALPRO'}]",False,{}
100000.00,0.00,100000.00,EUR,IDEALPRO-001,MARGIN,,"[{'type': 'MarginBalance', 'initial': '0.00', 'maintenance': '2182.50', 'currency': 'USD', 'instrument_id': 'EUR/USD.IDEALPRO'}]",False,{}
98426.74,2182.50,96244.24,USD,IDEALPRO-001,MARGIN,,"[{'type': 'MarginBalance', 'initial': '0.00', 'maintenance': '2182.50', 'currency': 'USD', 'instrument_id': 'EUR/USD.IDEALPRO'}]",False,{}
100000.00,0.00,100000.00,EUR,IDEALPRO-001,MARGIN,,"[{'type': 'MarginBalance', 'initial': '0.00', 'maintenance': '2182.50', 'currency': 'USD', 'instrument_id': 'EUR/USD.IDEALPRO'}]",False,{}
98235.55,0.00,98235.55,USD,IDEALPRO-001,MARGIN,,[],False,{}
100000.00,0.00,100000.00,EUR,IDEALPRO-001,MARGIN,,[],False,{}
98235.55,0.00,98235.55,USD,IDEALPRO-001,MARGIN,,[],False,{}
100000.00,0.00,100000.00,EUR,IDEALPRO-001,MARGIN,,[],False,{}
98235.55,3283.44,94952.11,USD,IDEALPRO-001,MARGIN,,"[{'type': 'MarginBalance', 'initial': '3283.44', 'maintenance': '0.00', 'currency': 'USD', 'instrument_id': 'EUR/USD.IDEALPRO'}]",False,{}
100000.00,0.00,100000.00,EUR,IDEALPRO-001,MARGIN,,"[{'type': 'MarginBalance', 'initial': '3283.44', 'maintenance': '0.00', 'currency': 'USD', 'instrument_id': 'EUR/USD.IDEALPRO'}]",False,{}
98235.55,3283.44,94952.11,USD,IDEALPRO-001,MARGIN,,"[{'type': 'MarginBalance', 'initial': '3283.44', 'maintenance': '0.00', 'currency': 'USD', 'instrument_id': 'EUR/USD.IDEALPRO'}]",False,{}
100000.00,0.00,100000.00,EUR,IDEALPRO-001,MARGIN,,"[{'type': 'MarginBalance', 'initial': '3283.44', 'maintenance': '0.00', 'currency': 'USD', 'instrument_id': 'EUR/USD.IDEALPRO'}]",False,{}
98235.55,3283.44,94952.11,USD,IDEALPRO-001,MARGIN,,"[{'type': 'MarginBalance', 'initial': '3283.44', 'maintenance': '0.00', 'currency': 'USD', 'instrument_id': 'EUR/USD.IDEALPRO'}]",False,{}
100000.00,0.00,100000.00,EUR,IDEALPRO-001,MARGIN,,"[{'type': 'MarginBalance', 'initial': '3283.44', 'maintenance': '0.00', 'currency': 'USD', 'instrument_id': 'EUR/USD.IDEALPRO'}]",False,{}
98233.36,3283.44,94949.92,USD,IDEALPRO-001,MARGIN,,"[{'type': 'MarginBalance', 'initial': '3283.44', 'maintenance': '0.00', 'currency': 'USD', 'instrument_id': 'EUR/USD.IDEALPRO'}]",False,{}
100000.00,0.00,100000.00,EUR,IDEALPRO-001,MARGIN,,"[{'type': 'MarginBalance', 'initial': '3283.44', 'maintenance': '0.00', 'currency': 'USD', 'instrument_id': 'EUR/USD.IDEALPRO'}]",False,{}
98233.36,2188.96,96044.40,USD,IDEALPRO-001,MARGIN,,"[{'type': 'MarginBalance', 'initial': '0.00', 'maintenance': '2188.96', 'currency': 'USD', 'instrument_id': 'EUR/USD.IDEALPRO'}]",False,{}
100000.00,0.00,100000.00,EUR,IDEALPRO-001,MARGIN,,"[{'type': 'MarginBalance', 'initial': '0.00', 'maintenance': '2188.96', 'currency': 'USD', 'instrument_id': 'EUR/USD.IDEALPRO'}]",False,{}
98233.36,2188.96,96044.40,USD,IDEALPRO-001,MARGIN,,"[{'type': 'MarginBalance', 'initial': '0.00', 'maintenance': '2188.96', 'currency': 'USD', 'instrument_id': 'EUR/USD.IDEALPRO'}]",False,{}
100000.00,0.00,100000.00,EUR,IDEALPRO-001,MARGIN,,"[{'type': 'MarginBalance', 'initial': '0.00', 'maintenance': '2188.96', 'currency': 'USD', 'instrument_id': 'EUR/USD.IDEALPRO'}]",False,{}
98233.36,2188.96,96044.40,USD,IDEALPRO-001,MARGIN,,"[{'type': 'MarginBalance', 'initial': '0.00', 'maintenance': '2188.96', 'currency': 'USD', 'instrument_id': 'EUR/USD.IDEALPRO'}]",False,{}
100000.00,0.00,100000.00,EUR,IDEALPRO-001,MARGIN,,"[{'type': 'MarginBalance', 'initial': '0.00', 'maintenance': '2188.96', 'currency': 'USD', 'instrument_id': 'EUR/USD.IDEALPRO'}]",False,{}
98233.36,2188.96,96044.40,USD,IDEALPRO-001,MARGIN,,"[{'type': 'MarginBalance', 'initial': '0.00', 'maintenance': '2188.96', 'currency': 'USD', 'instrument_id': 'EUR/USD.IDEALPRO'}]",False,{}
100000.00,0.00,100000.00,EUR,IDEALPRO-001,MARGIN,,"[{'type': 'MarginBalance', 'initial': '0.00', 'maintenance': '2188.96', 'currency': 'USD', 'instrument_id': 'EUR/USD.IDEALPRO'}]",False,{}
97990.18,0.00,97990.18,USD,IDEALPRO-001,MARGIN,,[],False,{}
100000.00,0.00,100000.00,EUR,IDEALPRO-001,MARGIN,,[],False,{}
97990.18,0.00,97990.18,USD,IDEALPRO-001,MARGIN,,[],False,{}
100000.00,0.00,100000.00,EUR,IDEALPRO-001,MARGIN,,[],False,{}
97990.18,0.00,97990.18,USD,IDEALPRO-001,MARGIN,,[],False,{}
100000.00,0.00,100000.00,EUR,IDEALPRO-001,MARGIN,,[],False,{}
97990.18,3272.88,94717.30,USD,IDEALPRO-001,MARGIN,,"[{'type': 'MarginBalance', 'initial': '3272.88', 'maintenance': '0.00', 'currency': 'USD', 'instrument_id': 'EUR/USD.IDEALPRO'}]",False,{}
100000.00,0.00,100000.00,EUR,IDEALPRO-001,MARGIN,,"[{'type': 'MarginBalance', 'initial': '3272.88', 'maintenance': '0.00', 'currency': 'USD', 'instrument_id': 'EUR/USD.IDEALPRO'}]",False,{}
97990.18,3272.88,94717.30,USD,IDEALPRO-001,MARGIN,,"[{'type': 'MarginBalance', 'initial': '3272.88', 'maintenance': '0.00', 'currency': 'USD', 'instrument_id': 'EUR/USD.IDEALPRO'}]",False,{}
100000.00,0.00,100000.00,EUR,IDEALPRO-001,MARGIN,,"[{'type': 'MarginBalance', 'initial': '3272.88', 'maintenance': '0.00', 'currency': 'USD', 'instrument_id': 'EUR/USD.IDEALPRO'}]",False,{}
97990.18,3272.88,94717.30,USD,IDEALPRO-001,MARGIN,,"[{'type': 'MarginBalance', 'initial': '3272.88', 'maintenance': '0.00', 'currency': 'USD', 'instrument_id': 'EUR/USD.IDEALPRO'}]",False,{}
100000.00,0.00,100000.00,EUR,IDEALPRO-001,MARGIN,,"[{'type': 'MarginBalance', 'initial': '3272.88', 'maintenance': '0.00', 'currency': 'USD', 'instrument_id': 'EUR/USD.IDEALPRO'}]",False,{}
97988.00,3272.88,94715.12,USD,IDEALPRO-001,MARGIN,,"[{'type': 'MarginBalance', 'initial': '3272.88', 'maintenance': '0.00', 'currency': 'USD', 'instrument_id': 'EUR/USD.IDEALPRO'}]",False,{}
100000.00,0.00,100000.00,EUR,IDEALPRO-001,MARGIN,,"[{'type': 'MarginBalance', 'initial': '3272.88', 'maintenance': '0.00', 'currency': 'USD', 'instrument_id': 'EUR/USD.IDEALPRO'}]",False,{}
97988.00,2181.92,95806.08,USD,IDEALPRO-001,MARGIN,,"[{'type': 'MarginBalance', 'initial': '0.00', 'maintenance': '2181.92', 'currency': 'USD', 'instrument_id': 'EUR/USD.IDEALPRO'}]",False,{}
100000.00,0.00,100000.00,EUR,IDEALPRO-001,MARGIN,,"[{'type': 'MarginBalance', 'initial': '0.00', 'maintenance': '2181.92', 'currency': 'USD', 'instrument_id': 'EUR/USD.IDEALPRO'}]",False,{}
97988.00,2181.92,95806.08,USD,IDEALPRO-001,MARGIN,,"[{'type': 'MarginBalance', 'initial': '0.00', 'maintenance': '2181.92', 'currency': 'USD', 'instrument_id': 'EUR/USD.IDEALPRO'}]",False,{}
100000.00,0.00,100000.00,EUR,IDEALPRO-001,MARGIN,,"[{'type': 'MarginBalance', 'initial': '0.00', 'maintenance': '2181.92', 'currency': 'USD', 'instrument_id': 'EUR/USD.IDEALPRO'}]",False,{}
97988.00,2181.92,95806.08,USD,IDEALPRO-001,MARGIN,,"[{'type': 'MarginBalance', 'initial': '0.00', 'maintenance': '2181.92', 'currency': 'USD', 'instrument_id': 'EUR/USD.IDEALPRO'}]",False,{}
100000.00,0.00,100000.00,EUR,IDEALPRO-001,MARGIN,,"[{'type': 'MarginBalance', 'initial': '0.00', 'maintenance': '2181.92', 'currency': 'USD', 'instrument_id': 'EUR/USD.IDEALPRO'}]",False,{}
97734.82,0.00,97734.82,USD,IDEALPRO-001,MARGIN,,[],False,{}
100000.00,0.00,100000.00,EUR,IDEALPRO-001,MARGIN,,[],False,{}
97734.82,0.00,97734.82,USD,IDEALPRO-001,MARGIN,,[],False,{}
100000.00,0.00,100000.00,EUR,IDEALPRO-001,MARGIN,,[],False,{}
97734.82,3260.04,94474.78,USD,IDEALPRO-001,MARGIN,,"[{'type': 'MarginBalance', 'initial': '3260.04', 'maintenance': '0.00', 'currency': 'USD', 'instrument_id': 'EUR/USD.IDEALPRO'}]",False,{}
100000.00,0.00,100000.00,EUR,IDEALPRO-001,MARGIN,,"[{'type': 'MarginBalance', 'initial': '3260.04', 'maintenance': '0.00', 'currency': 'USD', 'instrument_id': 'EUR/USD.IDEALPRO'}]",False,{}
97734.82,3260.04,94474.78,USD,IDEALPRO-001,MARGIN,,"[{'type': 'MarginBalance', 'initial': '3260.04', 'maintenance': '0.00', 'currency': 'USD', 'instrument_id': 'EUR/USD.IDEALPRO'}]",False,{}
100000.00,0.00,100000.00,EUR,IDEALPRO-001,MARGIN,,"[{'type': 'MarginBalance', 'initial': '3260.04', 'maintenance': '0.00', 'currency': 'USD', 'instrument_id': 'EUR/USD.IDEALPRO'}]",False,{}
97734.82,3260.04,94474.78,USD,IDEALPRO-001,MARGIN,,"[{'type': 'MarginBalance', 'initial': '3260.04', 'maintenance': '0.00', 'currency': 'USD', 'instrument_id': 'EUR/USD.IDEALPRO'}]",False,{}
100000.00,0.00,100000.00,EUR,IDEALPRO-001,MARGIN,,"[{'type': 'MarginBalance', 'initial': '3260.04', 'maintenance': '0.00', 'currency': 'USD', 'instrument_id': 'EUR/USD.IDEALPRO'}]",False,{}
97732.65,3260.04,94472.61,USD,IDEALPRO-001,MARGIN,,"[{'type': 'MarginBalance', 'initial': '3260.04', 'maintenance': '0.00', 'currency': 'USD', 'instrument_id': 'EUR/USD.IDEALPRO'}]",False,{}
100000.00,0.00,100000.00,EUR,IDEALPRO-001,MARGIN,,"[{'type': 'MarginBalance', 'initial': '3260.04', 'maintenance': '0.00', 'currency': 'USD', 'instrument_id': 'EUR/USD.IDEALPRO'}]",False,{}
97732.65,2173.36,95559.29,USD,IDEALPRO-001,MARGIN,,"[{'type': 'MarginBalance', 'initial': '0.00', 'maintenance': '2173.36', 'currency': 'USD', 'instrument_id': 'EUR/USD.IDEALPRO'}]",False,{}
100000.00,0.00,100000.00,EUR,IDEALPRO-001,MARGIN,,"[{'type': 'MarginBalance', 'initial': '0.00', 'maintenance': '2173.36', 'currency': 'USD', 'instrument_id': 'EUR/USD.IDEALPRO'}]",False,{}
97732.65,2173.36,95559.29,USD,IDEALPRO-001,MARGIN,,"[{'type': 'MarginBalance', 'initial': '0.00', 'maintenance': '2173.36', 'currency': 'USD', 'instrument_id': 'EUR/USD.IDEALPRO'}]",False,{}
100000.00,0.00,100000.00,EUR,IDEALPRO-001,MARGIN,,"[{'type': 'MarginBalance', 'initial': '0.00', 'maintenance': '2173.36', 'currency': 'USD', 'instrument_id': 'EUR/USD.IDEALPRO'}]",False,{}
97732.65,2173.36,95559.29,USD,IDEALPRO-001,MARGIN,,"[{'type': 'MarginBalance', 'initial': '0.00', 'maintenance': '2173.36', 'currency': 'USD', 'instrument_id': 'EUR/USD.IDEALPRO'}]",False,{}
100000.00,0.00,100000.00,EUR,IDEALPRO-001,MARGIN,,"[{'type': 'MarginBalance', 'initial': '0.00', 'maintenance': '2173.36', 'currency': 'USD', 'instrument_id': 'EUR/USD.IDEALPRO'}]",False,{}
98230.49,0.00,98230.49,USD,IDEALPRO-001,MARGIN,,[],False,{}
100000.00,0.00,100000.00,EUR,IDEALPRO-001,MARGIN,,[],False,{}
98230.49,0.00,98230.49,USD,IDEALPRO-001,MARGIN,,[],False,{}
100000.00,0.00,100000.00,EUR,IDEALPRO-001,MARGIN,,[],False,{}
98230.49,3256.29,94974.20,USD,IDEALPRO-001,MARGIN,,"[{'type': 'MarginBalance', 'initial': '3256.29', 'maintenance': '0.00', 'currency': 'USD', 'instrument_id': 'EUR/USD.IDEALPRO'}]",False,{}
100000.00,0.00,100000.00,EUR,IDEALPRO-001,MARGIN,,"[{'type': 'MarginBalance', 'initial': '3256.29', 'maintenance': '0.00', 'currency': 'USD', 'instrument_id': 'EUR/USD.IDEALPRO'}]",False,{}
98230.49,3256.29,94974.20,USD,IDEALPRO-001,MARGIN,,"[{'type': 'MarginBalance', 'initial': '3256.29', 'maintenance': '0.00', 'currency': 'USD', 'instrument_id': 'EUR/USD.IDEALPRO'}]",False,{}
100000.00,0.00,100000.00,EUR,IDEALPRO-001,MARGIN,,"[{'type': 'MarginBalance', 'initial': '3256.29', 'maintenance': '0.00', 'currency': 'USD', 'instrument_id': 'EUR/USD.IDEALPRO'}]",False,{}
98230.49,3256.29,94974.20,USD,IDEALPRO-001,MARGIN,,"[{'type': 'MarginBalance', 'initial': '3256.29', 'maintenance': '0.00', 'currency': 'USD', 'instrument_id': 'EUR/USD.IDEALPRO'}]",False,{}
100000.00,0.00,100000.00,EUR,IDEALPRO-001,MARGIN,,"[{'type': 'MarginBalance', 'initial': '3256.29', 'maintenance': '0.00', 'currency': 'USD', 'instrument_id': 'EUR/USD.IDEALPRO'}]",False,{}
98228.32,3256.29,94972.03,USD,IDEALPRO-001,MARGIN,,"[{'type': 'MarginBalance', 'initial': '3256.29', 'maintenance': '0.00', 'currency': 'USD', 'instrument_id': 'EUR/USD.IDEALPRO'}]",False,{}
100000.00,0.00,100000.00,EUR,IDEALPRO-001,MARGIN,,"[{'type': 'MarginBalance', 'initial': '3256.29', 'maintenance': '0.00', 'currency': 'USD', 'instrument_id': 'EUR/USD.IDEALPRO'}]",False,{}
98228.32,2169.84,96058.48,USD,IDEALPRO-001,MARGIN,,"[{'type': 'MarginBalance', 'initial': '0.00', 'maintenance': '2169.84', 'currency': 'USD', 'instrument_id': 'EUR/USD.IDEALPRO'}]",False,{}
100000.00,0.00,100000.00,EUR,IDEALPRO-001,MARGIN,,"[{'type': 'MarginBalance', 'initial': '0.00', 'maintenance': '2169.84', 'currency': 'USD', 'instrument_id': 'EUR/USD.IDEALPRO'}]",False,{}
98228.32,2169.84,96058.48,USD,IDEALPRO-001,MARGIN,,"[{'type': 'MarginBalance', 'initial': '0.00', 'maintenance': '2169.84', 'currency': 'USD', 'instrument_id': 'EUR/USD.IDEALPRO'}]",False,{}
100000.00,0.00,100000.00,EUR,IDEALPRO-001,MARGIN,,"[{'type': 'MarginBalance', 'initial': '0.00', 'maintenance': '2169.84', 'currency': 'USD', 'instrument_id': 'EUR/USD.IDEALPRO'}]",False,{}
98228.32,2169.84,96058.48,USD,IDEALPRO-001,MARGIN,,"[{'type': 'MarginBalance', 'initial': '0.00', 'maintenance': '2169.84', 'currency': 'USD', 'instrument_id': 'EUR/USD.IDEALPRO'}]",False,{}
100000.00,0.00,100000.00,EUR,IDEALPRO-001,MARGIN,,"[{'type': 'MarginBalance', 'initial': '0.00', 'maintenance': '2169.84', 'currency': 'USD', 'instrument_id': 'EUR/USD.IDEALPRO'}]",False,{}
98228.32,2169.84,96058.48,USD,IDEALPRO-001,MARGIN,,"[{'type': 'MarginBalance', 'initial': '0.00', 'maintenance': '2169.84', 'currency': 'USD', 'instrument_id': 'EUR/USD.IDEALPRO'}]",False,{}
100000.00,0.00,100000.00,EUR,IDEALPRO-001,MARGIN,,"[{'type': 'MarginBalance', 'initial': '0.00', 'maintenance': '2169.84', 'currency': 'USD', 'instrument_id': 'EUR/USD.IDEALPRO'}]",False,{}
98066.15,0.00,98066.15,USD,IDEALPRO-001,MARGIN,,[],False,{}
100000.00,0.00,100000.00,EUR,IDEALPRO-001,MARGIN,,[],False,{}
98066.15,0.00,98066.15,USD,IDEALPRO-001,MARGIN,,[],False,{}
100000.00,0.00,100000.00,EUR,IDEALPRO-001,MARGIN,,[],False,{}
98066.15,0.00,98066.15,USD,IDEALPRO-001,MARGIN,,[],False,{}
100000.00,0.00,100000.00,EUR,IDEALPRO-001,MARGIN,,[],False,{}
98066.15,3253.98,94812.17,USD,IDEALPRO-001,MARGIN,,"[{'type': 'MarginBalance', 'initial': '3253.98', 'maintenance': '0.00', 'currency': 'USD', 'instrument_id': 'EUR/USD.IDEALPRO'}]",False,{}
100000.00,0.00,100000.00,EUR,IDEALPRO-001,MARGIN,,"[{'type': 'MarginBalance', 'initial': '3253.98', 'maintenance': '0.00', 'currency': 'USD', 'instrument_id': 'EUR/USD.IDEALPRO'}]",False,{}
98066.15,3253.98,94812.17,USD,IDEALPRO-001,MARGIN,,"[{'type': 'MarginBalance', 'initial': '3253.98', 'maintenance': '0.00', 'currency': 'USD', 'instrument_id': 'EUR/USD.IDEALPRO'}]",False,{}
100000.00,0.00,100000.00,EUR,IDEALPRO-001,MARGIN,,"[{'type': 'MarginBalance', 'initial': '3253.98', 'maintenance': '0.00', 'currency': 'USD', 'instrument_id': 'EUR/USD.IDEALPRO'}]",False,{}
98066.15,3253.98,94812.17,USD,IDEALPRO-001,MARGIN,,"[{'type': 'MarginBalance', 'initial': '3253.98', 'maintenance': '0.00', 'currency': 'USD', 'instrument_id': 'EUR/USD.IDEALPRO'}]",False,{}
100000.00,0.00,100000.00,EUR,IDEALPRO-001,MARGIN,,"[{'type': 'MarginBalance', 'initial': '3253.98', 'maintenance': '0.00', 'currency': 'USD', 'instrument_id': 'EUR/USD.IDEALPRO'}]",False,{}
98063.98,3253.98,94810.00,USD,IDEALPRO-001,MARGIN,,"[{'type': 'MarginBalance', 'initial': '3253.98', 'maintenance': '0.00', 'currency': 'USD', 'instrument_id': 'EUR/USD.IDEALPRO'}]",False,{}
100000.00,0.00,100000.00,EUR,IDEALPRO-001,MARGIN,,"[{'type': 'MarginBalance', 'initial': '3253.98', 'maintenance': '0.00', 'currency': 'USD', 'instrument_id': 'EUR/USD.IDEALPRO'}]",False,{}
98063.98,2169.32,95894.66,USD,IDEALPRO-001,MARGIN,,"[{'type': 'MarginBalance', 'initial': '0.00', 'maintenance': '2169.32', 'currency': 'USD', 'instrument_id': 'EUR/USD.IDEALPRO'}]",False,{}
100000.00,0.00,100000.00,EUR,IDEALPRO-001,MARGIN,,"[{'type': 'MarginBalance', 'initial': '0.00', 'maintenance': '2169.32', 'currency': 'USD', 'instrument_id': 'EUR/USD.IDEALPRO'}]",False,{}
98063.98,2169.32,95894.66,USD,IDEALPRO-001,MARGIN,,"[{'type': 'MarginBalance', 'initial': '0.00', 'maintenance': '2169.32', 'currency': 'USD', 'instrument_id': 'EUR/USD.IDEALPRO'}]",False,{}
100000.00,0.00,100000.00,EUR,IDEALPRO-001,MARGIN,,"[{'type': 'MarginBalance', 'initial': '0.00', 'maintenance': '2169.32', 'currency': 'USD', 'instrument_id': 'EUR/USD.IDEALPRO'}]",False,{}
98063.98,2169.32,95894.66,USD,IDEALPRO-001,MARGIN,,"[{'type': 'MarginBalance', 'initial': '0.00', 'maintenance': '2169.32', 'currency': 'USD', 'instrument_id': 'EUR/USD.IDEALPRO'}]",False,{}
100000.00,0.00,100000.00,EUR,IDEALPRO-001,MARGIN,,"[{'type': 'MarginBalance', 'initial': '0.00', 'maintenance': '2169.32', 'currency': 'USD', 'instrument_id': 'EUR/USD.IDEALPRO'}]",False,{}
97810.82,0.00,97810.82,USD,IDEALPRO-001,MARGIN,,[],False,{}
100000.00,0.00,100000.00,EUR,IDEALPRO-001,MARGIN,,[],False,{}
97810.82,0.00,97810.82,USD,IDEALPRO-001,MARGIN,,[],False,{}
100000.00,0.00,100000.00,EUR,IDEALPRO-001,MARGIN,,[],False,{}
97810.82,3238.02,94572.80,USD,IDEALPRO-001,MARGIN,,"[{'type': 'MarginBalance', 'initial': '3238.02', 'maintenance': '0.00', 'currency': 'USD', 'instrument_id': 'EUR/USD.IDEALPRO'}]",False,{}
100000.00,0.00,100000.00,EUR,IDEALPRO-001,MARGIN,,"[{'type': 'MarginBalance', 'initial': '3238.02', 'maintenance': '0.00', 'currency': 'USD', 'instrument_id': 'EUR/USD.IDEALPRO'}]",False,{}
97810.82,3238.02,94572.80,USD,IDEALPRO-001,MARGIN,,"[{'type': 'MarginBalance', 'initial': '3238.02', 'maintenance': '0.00', 'currency': 'USD', 'instrument_id': 'EUR/USD.IDEALPRO'}]",False,{}
100000.00,0.00,100000.00,EUR,IDEALPRO-001,MARGIN,,"[{'type': 'MarginBalance', 'initial': '3238.02', 'maintenance': '0.00', 'currency': 'USD', 'instrument_id': 'EUR/USD.IDEALPRO'}]",False,{}
97810.82,3238.02,94572.80,USD,IDEALPRO-001,MARGIN,,"[{'type': 'MarginBalance', 'initial': '3238.02', 'maintenance': '0.00', 'currency': 'USD', 'instrument_id': 'EUR/USD.IDEALPRO'}]",False,{}
100000.00,0.00,100000.00,EUR,IDEALPRO-001,MARGIN,,"[{'type': 'MarginBalance', 'initial': '3238.02', 'maintenance': '0.00', 'currency': 'USD', 'instrument_id': 'EUR/USD.IDEALPRO'}]",False,{}
97808.66,3238.02,94570.64,USD,IDEALPRO-001,MARGIN,,"[{'type': 'MarginBalance', 'initial': '3238.02', 'maintenance': '0.00', 'currency': 'USD', 'instrument_id': 'EUR/USD.IDEALPRO'}]",False,{}
100000.00,0.00,100000.00,EUR,IDEALPRO-001,MARGIN,,"[{'type': 'MarginBalance', 'initial': '3238.02', 'maintenance': '0.00', 'currency': 'USD', 'instrument_id': 'EUR/USD.IDEALPRO'}]",False,{}
97808.66,2160.72,95647.94,USD,IDEALPRO-001,MARGIN,,"[{'type': 'MarginBalance', 'initial': '0.00', 'maintenance': '2160.72', 'currency': 'USD', 'instrument_id': 'EUR/USD.IDEALPRO'}]",False,{}
100000.00,0.00,100000.00,EUR,IDEALPRO-001,MARGIN,,"[{'type': 'MarginBalance', 'initial': '0.00', 'maintenance': '2160.72', 'currency': 'USD', 'instrument_id': 'EUR/USD.IDEALPRO'}]",False,{}
97808.66,2160.72,95647.94,USD,IDEALPRO-001,MARGIN,,"[{'type': 'MarginBalance', 'initial': '0.00', 'maintenance': '2160.72', 'currency': 'USD', 'instrument_id': 'EUR/USD.IDEALPRO'}]",False,{}
100000.00,0.00,100000.00,EUR,IDEALPRO-001,MARGIN,,"[{'type': 'MarginBalance', 'initial': '0.00', 'maintenance': '2160.72', 'currency': 'USD', 'instrument_id': 'EUR/USD.IDEALPRO'}]",False,{}
97808.66,2160.72,95647.94,USD,IDEALPRO-001,MARGIN,,"[{'type': 'MarginBalance', 'initial': '0.00', 'maintenance': '2160.72', 'currency': 'USD', 'instrument_id': 'EUR/USD.IDEALPRO'}]",False,{}
100000.00,0.00,100000.00,EUR,IDEALPRO-001,MARGIN,,"[{'type': 'MarginBalance', 'initial': '0.00', 'maintenance': '2160.72', 'currency': 'USD', 'instrument_id': 'EUR/USD.IDEALPRO'}]",False,{}
97657.50,0.00,97657.50,USD,IDEALPRO-001,MARGIN,,[],False,{}
100000.00,0.00,100000.00,EUR,IDEALPRO-001,MARGIN,,[],False,{}
97657.50,0.00,97657.50,USD,IDEALPRO-001,MARGIN,,[],False,{}
100000.00,0.00,100000.00,EUR,IDEALPRO-001,MARGIN,,[],False,{}
97657.50,3246.30,94411.20,USD,IDEALPRO-001,MARGIN,,"[{'type': 'MarginBalance', 'initial': '3246.30', 'maintenance': '0.00', 'currency': 'USD', 'instrument_id': 'EUR/USD.IDEALPRO'}]",False,{}
100000.00,0.00,100000.00,EUR,IDEALPRO-001,MARGIN,,"[{'type': 'MarginBalance', 'initial': '3246.30', 'maintenance': '0.00', 'currency': 'USD', 'instrument_id': 'EUR/USD.IDEALPRO'}]",False,{}
97657.50,3246.30,94411.20,USD,IDEALPRO-001,MARGIN,,"[{'type': 'MarginBalance', 'initial': '3246.30', 'maintenance': '0.00', 'currency': 'USD', 'instrument_id': 'EUR/USD.IDEALPRO'}]",False,{}
100000.00,0.00,100000.00,EUR,IDEALPRO-001,MARGIN,,"[{'type': 'MarginBalance', 'initial': '3246.30', 'maintenance': '0.00', 'currency': 'USD', 'instrument_id': 'EUR/USD.IDEALPRO'}]",False,{}
97657.50,3246.30,94411.20,USD,IDEALPRO-001,MARGIN,,"[{'type': 'MarginBalance', 'initial': '3246.30', 'maintenance': '0.00', 'currency': 'USD', 'instrument_id': 'EUR/USD.IDEALPRO'}]",False,{}
100000.00,0.00,100000.00,EUR,IDEALPRO-001,MARGIN,,"[{'type': 'MarginBalance', 'initial': '3246.30', 'maintenance': '0.00', 'currency': 'USD', 'instrument_id': 'EUR/USD.IDEALPRO'}]",False,{}
97655.34,3246.30,94409.04,USD,IDEALPRO-001,MARGIN,,"[{'type': 'MarginBalance', 'initial': '3246.30', 'maintenance': '0.00', 'currency': 'USD', 'instrument_id': 'EUR/USD.IDEALPRO'}]",False,{}
100000.00,0.00,100000.00,EUR,IDEALPRO-001,MARGIN,,"[{'type': 'MarginBalance', 'initial': '3246.30', 'maintenance': '0.00', 'currency': 'USD', 'instrument_id': 'EUR/USD.IDEALPRO'}]",False,{}
97655.34,2164.20,95491.14,USD,IDEALPRO-001,MARGIN,,"[{'type': 'MarginBalance', 'initial': '0.00', 'maintenance': '2164.20', 'currency': 'USD', 'instrument_id': 'EUR/USD.IDEALPRO'}]",False,{}
100000.00,0.00,100000.00,EUR,IDEALPRO-001,MARGIN,,"[{'type': 'MarginBalance', 'initial': '0.00', 'maintenance': '2164.20', 'currency': 'USD', 'instrument_id': 'EUR/USD.IDEALPRO'}]",False,{}
97655.34,2164.20,95491.14,USD,IDEALPRO-001,MARGIN,,"[{'type': 'MarginBalance', 'initial': '0.00', 'maintenance': '2164.20', 'currency': 'USD', 'instrument_id': 'EUR/USD.IDEALPRO'}]",False,{}
100000.00,0.00,100000.00,EUR,IDEALPRO-001,MARGIN,,"[{'type': 'MarginBalance', 'initial': '0.00', 'maintenance': '2164.20', 'currency': 'USD', 'instrument_id': 'EUR/USD.IDEALPRO'}]",False,{}
97655.34,2164.20,95491.14,USD,IDEALPRO-001,MARGIN,,"[{'type': 'MarginBalance', 'initial': '0.00', 'maintenance': '2164.20', 'currency': 'USD', 'instrument_id': 'EUR/USD.IDEALPRO'}]",False,{}
100000.00,0.00,100000.00,EUR,IDEALPRO-001,MARGIN,,"[{'type': 'MarginBalance', 'initial': '0.00', 'maintenance': '2164.20', 'currency': 'USD', 'instrument_id': 'EUR/USD.IDEALPRO'}]",False,{}
97402.18,0.00,97402.18,USD,IDEALPRO-001,MARGIN,,[],False,{}
100000.00,0.00,100000.00,EUR,IDEALPRO-001,MARGIN,,[],False,{}
97402.18,0.00,97402.18,USD,IDEALPRO-001,MARGIN,,[],False,{}
100000.00,0.00,100000.00,EUR,IDEALPRO-001,MARGIN,,[],False,{}
97402.18,3237.75,94164.43,USD,IDEALPRO-001,MARGIN,,"[{'type': 'MarginBalance', 'initial': '3237.75', 'maintenance': '0.00', 'currency': 'USD', 'instrument_id': 'EUR/USD.IDEALPRO'}]",False,{}
100000.00,0.00,100000.00,EUR,IDEALPRO-001,MARGIN,,"[{'type': 'MarginBalance', 'initial': '3237.75', 'maintenance': '0.00', 'currency': 'USD', 'instrument_id': 'EUR/USD.IDEALPRO'}]",False,{}
97402.18,3237.75,94164.43,USD,IDEALPRO-001,MARGIN,,"[{'type': 'MarginBalance', 'initial': '3237.75', 'maintenance': '0.00', 'currency': 'USD', 'instrument_id': 'EUR/USD.IDEALPRO'}]",False,{}
100000.00,0.00,100000.00,EUR,IDEALPRO-001,MARGIN,,"[{'type': 'MarginBalance', 'initial': '3237.75', 'maintenance': '0.00', 'currency': 'USD', 'instrument_id': 'EUR/USD.IDEALPRO'}]",False,{}
97402.18,3237.75,94164.43,USD,IDEALPRO-001,MARGIN,,"[{'type': 'MarginBalance', 'initial': '3237.75', 'maintenance': '0.00', 'currency': 'USD', 'instrument_id': 'EUR/USD.IDEALPRO'}]",False,{}
100000.00,0.00,100000.00,EUR,IDEALPRO-001,MARGIN,,"[{'type': 'MarginBalance', 'initial': '3237.75', 'maintenance': '0.00', 'currency': 'USD', 'instrument_id': 'EUR/USD.IDEALPRO'}]",False,{}
97400.02,3237.75,94162.27,USD,IDEALPRO-001,MARGIN,,"[{'type': 'MarginBalance', 'initial': '3237.75', 'maintenance': '0.00', 'currency': 'USD', 'instrument_id': 'EUR/USD.IDEALPRO'}]",False,{}
100000.00,0.00,100000.00,EUR,IDEALPRO-001,MARGIN,,"[{'type': 'MarginBalance', 'initial': '3237.75', 'maintenance': '0.00', 'currency': 'USD', 'instrument_id': 'EUR/USD.IDEALPRO'}]",False,{}
97400.02,2158.50,95241.52,USD,IDEALPRO-001,MARGIN,,"[{'type': 'MarginBalance', 'initial': '0.00', 'maintenance': '2158.50', 'currency': 'USD', 'instrument_id': 'EUR/USD.IDEALPRO'}]",False,{}
100000.00,0.00,100000.00,EUR,IDEALPRO-001,MARGIN,,"[{'type': 'MarginBalance', 'initial': '0.00', 'maintenance': '2158.50', 'currency': 'USD', 'instrument_id': 'EUR/USD.IDEALPRO'}]",False,{}
97400.02,2158.50,95241.52,USD,IDEALPRO-001,MARGIN,,"[{'type': 'MarginBalance', 'initial': '0.00', 'maintenance': '2158.50', 'currency': 'USD', 'instrument_id': 'EUR/USD.IDEALPRO'}]",False,{}
100000.00,0.00,100000.00,EUR,IDEALPRO-001,MARGIN,,"[{'type': 'MarginBalance', 'initial': '0.00', 'maintenance': '2158.50', 'currency': 'USD', 'instrument_id': 'EUR/USD.IDEALPRO'}]",False,{}
97400.02,2158.50,95241.52,USD,IDEALPRO-001,MARGIN,,"[{'type': 'MarginBalance', 'initial': '0.00', 'maintenance': '2158.50', 'currency': 'USD', 'instrument_id': 'EUR/USD.IDEALPRO'}]",False,{}
100000.00,0.00,100000.00,EUR,IDEALPRO-001,MARGIN,,"[{'type': 'MarginBalance', 'initial': '0.00', 'maintenance': '2158.50', 'currency': 'USD', 'instrument_id': 'EUR/USD.IDEALPRO'}]",False,{}
97400.02,2158.50,95241.52,USD,IDEALPRO-001,MARGIN,,"[{'type': 'MarginBalance', 'initial': '0.00', 'maintenance': '2158.50', 'currency': 'USD', 'instrument_id': 'EUR/USD.IDEALPRO'}]",False,{}
100000.00,0.00,100000.00,EUR,IDEALPRO-001,MARGIN,,"[{'type': 'MarginBalance', 'initial': '0.00', 'maintenance': '2158.50', 'currency': 'USD', 'instrument_id': 'EUR/USD.IDEALPRO'}]",False,{}
97368.86,0.00,97368.86,USD,IDEALPRO-001,MARGIN,,[],False,{}
100000.00,0.00,100000.00,EUR,IDEALPRO-001,MARGIN,,[],False,{}
97368.86,0.00,97368.86,USD,IDEALPRO-001,MARGIN,,[],False,{}
100000.00,0.00,100000.00,EUR,IDEALPRO-001,MARGIN,,[],False,{}
97368.86,0.00,97368.86,USD,IDEALPRO-001,MARGIN,,[],False,{}
100000.00,0.00,100000.00,EUR,IDEALPRO-001,MARGIN,,[],False,{}
97368.86,3235.32,94133.54,USD,IDEALPRO-001,MARGIN,,"[{'type': 'MarginBalance', 'initial': '3235.32', 'maintenance': '0.00', 'currency': 'USD', 'instrument_id': 'EUR/USD.IDEALPRO'}]",False,{}
100000.00,0.00,100000.00,EUR,IDEALPRO-001,MARGIN,,"[{'type': 'MarginBalance', 'initial': '3235.32', 'maintenance': '0.00', 'currency': 'USD', 'instrument_id': 'EUR/USD.IDEALPRO'}]",False,{}
97368.86,3235.32,94133.54,USD,IDEALPRO-001,MARGIN,,"[{'type': 'MarginBalance', 'initial': '3235.32', 'maintenance': '0.00', 'currency': 'USD', 'instrument_id': 'EUR/USD.IDEALPRO'}]",False,{}
100000.00,0.00,100000.00,EUR,IDEALPRO-001,MARGIN,,"[{'type': 'MarginBalance', 'initial': '3235.32', 'maintenance': '0.00', 'currency': 'USD', 'instrument_id': 'EUR/USD.IDEALPRO'}]",False,{}
97368.86,3235.32,94133.54,USD,IDEALPRO-001,MARGIN,,"[{'type': 'MarginBalance', 'initial': '3235.32', 'maintenance': '0.00', 'currency': 'USD', 'instrument_id': 'EUR/USD.IDEALPRO'}]",False,{}
100000.00,0.00,100000.00,EUR,IDEALPRO-001,MARGIN,,"[{'type': 'MarginBalance', 'initial': '3235.32', 'maintenance': '0.00', 'currency': 'USD', 'instrument_id': 'EUR/USD.IDEALPRO'}]",False,{}
97366.70,3235.32,94131.38,USD,IDEALPRO-001,MARGIN,,"[{'type': 'MarginBalance', 'initial': '3235.32', 'maintenance': '0.00', 'currency': 'USD', 'instrument_id': 'EUR/USD.IDEALPRO'}]",False,{}
100000.00,0.00,100000.00,EUR,IDEALPRO-001,MARGIN,,"[{'type': 'MarginBalance', 'initial': '3235.32', 'maintenance': '0.00', 'currency': 'USD', 'instrument_id': 'EUR/USD.IDEALPRO'}]",False,{}
97366.70,2156.88,95209.82,USD,IDEALPRO-001,MARGIN,,"[{'type': 'MarginBalance', 'initial': '0.00', 'maintenance': '2156.88', 'currency': 'USD', 'instrument_id': 'EUR/USD.IDEALPRO'}]",False,{}
100000.00,0.00,100000.00,EUR,IDEALPRO-001,MARGIN,,"[{'type': 'MarginBalance', 'initial': '0.00', 'maintenance': '2156.88', 'currency': 'USD', 'instrument_id': 'EUR/USD.IDEALPRO'}]",False,{}
97366.70,2156.88,95209.82,USD,IDEALPRO-001,MARGIN,,"[{'type': 'MarginBalance', 'initial': '0.00', 'maintenance': '2156.88', 'currency': 'USD', 'instrument_id': 'EUR/USD.IDEALPRO'}]",False,{}
100000.00,0.00,100000.00,EUR,IDEALPRO-001,MARGIN,,"[{'type': 'MarginBalance', 'initial': '0.00', 'maintenance': '2156.88', 'currency': 'USD', 'instrument_id': 'EUR/USD.IDEALPRO'}]",False,{}
97366.70,2156.88,95209.82,USD,IDEALPRO-001,MARGIN,,"[{'type': 'MarginBalance', 'initial': '0.00', 'maintenance': '2156.88', 'currency': 'USD', 'instrument_id': 'EUR/USD.IDEALPRO'}]",False,{}
100000.00,0.00,100000.00,EUR,IDEALPRO-001,MARGIN,,"[{'type': 'MarginBalance', 'initial': '0.00', 'maintenance': '2156.88', 'currency': 'USD', 'instrument_id': 'EUR/USD.IDEALPRO'}]",False,{}
97864.55,0.00,97864.55,USD,IDEALPRO-001,MARGIN,,[],False,{}
100000.00,0.00,100000.00,EUR,IDEALPRO-001,MARGIN,,[],False,{}
97864.55,0.00,97864.55,USD,IDEALPRO-001,MARGIN,,[],False,{}
100000.00,0.00,100000.00,EUR,IDEALPRO-001,MARGIN,,[],False,{}
97864.55,3233.43,94631.12,USD,IDEALPRO-001,MARGIN,,"[{'type': 'MarginBalance', 'initial': '3233.43', 'maintenance': '0.00', 'currency': 'USD', 'instrument_id': 'EUR/USD.IDEALPRO'}]",False,{}
100000.00,0.00,100000.00,EUR,IDEALPRO-001,MARGIN,,"[{'type': 'MarginBalance', 'initial': '3233.43', 'maintenance': '0.00', 'currency': 'USD', 'instrument_id': 'EUR/USD.IDEALPRO'}]",False,{}
97864.55,0.00,97864.55,USD,IDEALPRO-001,MARGIN,,[],False,{}
100000.00,0.00,100000.00,EUR,IDEALPRO-001,MARGIN,,[],False,{}
97864.55,0.00,97864.55,USD,IDEALPRO-001,MARGIN,,[],False,{}
100000.00,0.00,100000.00,EUR,IDEALPRO-001,MARGIN,,[],False,{}
97864.55,0.00,97864.55,USD,IDEALPRO-001,MARGIN,,[],False,{}
100000.00,0.00,100000.00,EUR,IDEALPRO-001,MARGIN,,[],False,{}
97864.55,3236.58,94627.97,USD,IDEALPRO-001,MARGIN,,"[{'type': 'MarginBalance', 'initial': '3236.58', 'maintenance': '0.00', 'currency': 'USD', 'instrument_id': 'EUR/USD.IDEALPRO'}]",False,{}
100000.00,0.00,100000.00,EUR,IDEALPRO-001,MARGIN,,"[{'type': 'MarginBalance', 'initial': '3236.58', 'maintenance': '0.00', 'currency': 'USD', 'instrument_id': 'EUR/USD.IDEALPRO'}]",False,{}
97864.55,3236.58,94627.97,USD,IDEALPRO-001,MARGIN,,"[{'type': 'MarginBalance', 'initial': '3236.58', 'maintenance': '0.00', 'currency': 'USD', 'instrument_id': 'EUR/USD.IDEALPRO'}]",False,{}
100000.00,0.00,100000.00,EUR,IDEALPRO-001,MARGIN,,"[{'type': 'MarginBalance', 'initial': '3236.58', 'maintenance': '0.00', 'currency': 'USD', 'instrument_id': 'EUR/USD.IDEALPRO'}]",False,{}
97864.55,3236.58,94627.97,USD,IDEALPRO-001,MARGIN,,"[{'type': 'MarginBalance', 'initial': '3236.58', 'maintenance': '0.00', 'currency': 'USD', 'instrument_id': 'EUR/USD.IDEALPRO'}]",False,{}
100000.00,0.00,100000.00,EUR,IDEALPRO-001,MARGIN,,"[{'type': 'MarginBalance', 'initial': '3236.58', 'maintenance': '0.00', 'currency': 'USD', 'instrument_id': 'EUR/USD.IDEALPRO'}]",False,{}
97862.39,3236.58,94625.81,USD,IDEALPRO-001,MARGIN,,"[{'type': 'MarginBalance', 'initial': '3236.58', 'maintenance': '0.00', 'currency': 'USD', 'instrument_id': 'EUR/USD.IDEALPRO'}]",False,{}
100000.00,0.00,100000.00,EUR,IDEALPRO-001,MARGIN,,"[{'type': 'MarginBalance', 'initial': '3236.58', 'maintenance': '0.00', 'currency': 'USD', 'instrument_id': 'EUR/USD.IDEALPRO'}]",False,{}
97862.39,2158.16,95704.23,USD,IDEALPRO-001,MARGIN,,"[{'type': 'MarginBalance', 'initial': '0.00', 'maintenance': '2158.16', 'currency': 'USD', 'instrument_id': 'EUR/USD.IDEALPRO'}]",False,{}
100000.00,0.00,100000.00,EUR,IDEALPRO-001,MARGIN,,"[{'type': 'MarginBalance', 'initial': '0.00', 'maintenance': '2158.16', 'currency': 'USD', 'instrument_id': 'EUR/USD.IDEALPRO'}]",False,{}
97862.39,2158.16,95704.23,USD,IDEALPRO-001,MARGIN,,"[{'type': 'MarginBalance', 'initial': '0.00', 'maintenance': '2158.16', 'currency': 'USD', 'instrument_id': 'EUR/USD.IDEALPRO'}]",False,{}
100000.00,0.00,100000.00,EUR,IDEALPRO-001,MARGIN,,"[{'type': 'MarginBalance', 'initial': '0.00', 'maintenance': '2158.16', 'currency': 'USD', 'instrument_id': 'EUR/USD.IDEALPRO'}]",False,{}
97862.39,2158.16,95704.23,USD,IDEALPRO-001,MARGIN,,"[{'type': 'MarginBalance', 'initial': '0.00', 'maintenance': '2158.16', 'currency': 'USD', 'instrument_id': 'EUR/USD.IDEALPRO'}]",False,{}
100000.00,0.00,100000.00,EUR,IDEALPRO-001,MARGIN,,"[{'type': 'MarginBalance', 'initial': '0.00', 'maintenance': '2158.16', 'currency': 'USD', 'instrument_id': 'EUR/USD.IDEALPRO'}]",False,{}
97631.23,0.00,97631.23,USD,IDEALPRO-001,MARGIN,,[],False,{}
100000.00,0.00,100000.00,EUR,IDEALPRO-001,MARGIN,,[],False,{}
97631.23,0.00,97631.23,USD,IDEALPRO-001,MARGIN,,[],False,{}
100000.00,0.00,100000.00,EUR,IDEALPRO-001,MARGIN,,[],False,{}
97631.23,3250.05,94381.18,USD,IDEALPRO-001,MARGIN,,"[{'type': 'MarginBalance', 'initial': '3250.05', 'maintenance': '0.00', 'currency': 'USD', 'instrument_id': 'EUR/USD.IDEALPRO'}]",False,{}
100000.00,0.00,100000.00,EUR,IDEALPRO-001,MARGIN,,"[{'type': 'MarginBalance', 'initial': '3250.05', 'maintenance': '0.00', 'currency': 'USD', 'instrument_id': 'EUR/USD.IDEALPRO'}]",False,{}
97631.23,3250.05,94381.18,USD,IDEALPRO-001,MARGIN,,"[{'type': 'MarginBalance', 'initial': '3250.05', 'maintenance': '0.00', 'currency': 'USD', 'instrument_id': 'EUR/USD.IDEALPRO'}]",False,{}
100000.00,0.00,100000.00,EUR,IDEALPRO-001,MARGIN,,"[{'type': 'MarginBalance', 'initial': '3250.05', 'maintenance': '0.00', 'currency': 'USD', 'instrument_id': 'EUR/USD.IDEALPRO'}]",False,{}
97631.23,3250.05,94381.18,USD,IDEALPRO-001,MARGIN,,"[{'type': 'MarginBalance', 'initial': '3250.05', 'maintenance': '0.00', 'currency': 'USD', 'instrument_id': 'EUR/USD.IDEALPRO'}]",False,{}
100000.00,0.00,100000.00,EUR,IDEALPRO-001,MARGIN,,"[{'type': 'MarginBalance', 'initial': '3250.05', 'maintenance': '0.00', 'currency': 'USD', 'instrument_id': 'EUR/USD.IDEALPRO'}]",False,{}
97629.06,3250.05,94379.01,USD,IDEALPRO-001,MARGIN,,"[{'type': 'MarginBalance', 'initial': '3250.05', 'maintenance': '0.00', 'currency': 'USD', 'instrument_id': 'EUR/USD.IDEALPRO'}]",False,{}
100000.00,0.00,100000.00,EUR,IDEALPRO-001,MARGIN,,"[{'type': 'MarginBalance', 'initial': '3250.05', 'maintenance': '0.00', 'currency': 'USD', 'instrument_id': 'EUR/USD.IDEALPRO'}]",False,{}
97629.06,2166.70,95462.36,USD,IDEALPRO-001,MARGIN,,"[{'type': 'MarginBalance', 'initial': '0.00', 'maintenance': '2166.70', 'currency': 'USD', 'instrument_id': 'EUR/USD.IDEALPRO'}]",False,{}
100000.00,0.00,100000.00,EUR,IDEALPRO-001,MARGIN,,"[{'type': 'MarginBalance', 'initial': '0.00', 'maintenance': '2166.70', 'currency': 'USD', 'instrument_id': 'EUR/USD.IDEALPRO'}]",False,{}
97629.06,2166.70,95462.36,USD,IDEALPRO-001,MARGIN,,"[{'type': 'MarginBalance', 'initial': '0.00', 'maintenance': '2166.70', 'currency': 'USD', 'instrument_id': 'EUR/USD.IDEALPRO'}]",False,{}
100000.00,0.00,100000.00,EUR,IDEALPRO-001,MARGIN,,"[{'type': 'MarginBalance', 'initial': '0.00', 'maintenance': '2166.70', 'currency': 'USD', 'instrument_id': 'EUR/USD.IDEALPRO'}]",False,{}
97629.06,2166.70,95462.36,USD,IDEALPRO-001,MARGIN,,"[{'type': 'MarginBalance', 'initial': '0.00', 'maintenance': '2166.70', 'currency': 'USD', 'instrument_id': 'EUR/USD.IDEALPRO'}]",False,{}
100000.00,0.00,100000.00,EUR,IDEALPRO-001,MARGIN,,"[{'type': 'MarginBalance', 'initial': '0.00', 'maintenance': '2166.70', 'currency': 'USD', 'instrument_id': 'EUR/USD.IDEALPRO'}]",False,{}
97375.90,0.00,97375.90,USD,IDEALPRO-001,MARGIN,,[],False,{}
100000.00,0.00,100000.00,EUR,IDEALPRO-001,MARGIN,,[],False,{}
97375.90,0.00,97375.90,USD,IDEALPRO-001,MARGIN,,[],False,{}
100000.00,0.00,100000.00,EUR,IDEALPRO-001,MARGIN,,[],False,{}
97375.90,3245.58,94130.32,USD,IDEALPRO-001,MARGIN,,"[{'type': 'MarginBalance', 'initial': '3245.58', 'maintenance': '0.00', 'currency': 'USD', 'instrument_id': 'EUR/USD.IDEALPRO'}]",False,{}
100000.00,0.00,100000.00,EUR,IDEALPRO-001,MARGIN,,"[{'type': 'MarginBalance', 'initial': '3245.58', 'maintenance': '0.00', 'currency': 'USD', 'instrument_id': 'EUR/USD.IDEALPRO'}]",False,{}
97375.90,3245.58,94130.32,USD,IDEALPRO-001,MARGIN,,"[{'type': 'MarginBalance', 'initial': '3245.58', 'maintenance': '0.00', 'currency': 'USD', 'instrument_id': 'EUR/USD.IDEALPRO'}]",False,{}
100000.00,0.00,100000.00,EUR,IDEALPRO-001,MARGIN,,"[{'type': 'MarginBalance', 'initial': '3245.58', 'maintenance': '0.00', 'currency': 'USD', 'instrument_id': 'EUR/USD.IDEALPRO'}]",False,{}
97375.90,3245.58,94130.32,USD,IDEALPRO-001,MARGIN,,"[{'type': 'MarginBalance', 'initial': '3245.58', 'maintenance': '0.00', 'currency': 'USD', 'instrument_id': 'EUR/USD.IDEALPRO'}]",False,{}
100000.00,0.00,100000.00,EUR,IDEALPRO-001,MARGIN,,"[{'type': 'MarginBalance', 'initial': '3245.58', 'maintenance': '0.00', 'currency': 'USD', 'instrument_id': 'EUR/USD.IDEALPRO'}]",False,{}
97373.73,3245.58,94128.15,USD,IDEALPRO-001,MARGIN,,"[{'type': 'MarginBalance', 'initial': '3245.58', 'maintenance': '0.00', 'currency': 'USD', 'instrument_id': 'EUR/USD.IDEALPRO'}]",False,{}
100000.00,0.00,100000.00,EUR,IDEALPRO-001,MARGIN,,"[{'type': 'MarginBalance', 'initial': '3245.58', 'maintenance': '0.00', 'currency': 'USD', 'instrument_id': 'EUR/USD.IDEALPRO'}]",False,{}
97373.73,2165.28,95208.45,USD,IDEALPRO-001,MARGIN,,"[{'type': 'MarginBalance', 'initial': '0.00', 'maintenance': '2165.28', 'currency': 'USD', 'instrument_id': 'EUR/USD.IDEALPRO'}]",False,{}
100000.00,0.00,100000.00,EUR,IDEALPRO-001,MARGIN,,"[{'type': 'MarginBalance', 'initial': '0.00', 'maintenance': '2165.28', 'currency': 'USD', 'instrument_id': 'EUR/USD.IDEALPRO'}]",False,{}
97373.73,2165.28,95208.45,USD,IDEALPRO-001,MARGIN,,"[{'type': 'MarginBalance', 'initial': '0.00', 'maintenance': '2165.28', 'currency': 'USD', 'instrument_id': 'EUR/USD.IDEALPRO'}]",False,{}
100000.00,0.00,100000.00,EUR,IDEALPRO-001,MARGIN,,"[{'type': 'MarginBalance', 'initial': '0.00', 'maintenance': '2165.28', 'currency': 'USD', 'instrument_id': 'EUR/USD.IDEALPRO'}]",False,{}
97373.73,2165.28,95208.45,USD,IDEALPRO-001,MARGIN,,"[{'type': 'MarginBalance', 'initial': '0.00', 'maintenance': '2165.28', 'currency': 'USD', 'instrument_id': 'EUR/USD.IDEALPRO'}]",False,{}
100000.00,0.00,100000.00,EUR,IDEALPRO-001,MARGIN,,"[{'type': 'MarginBalance', 'initial': '0.00', 'maintenance': '2165.28', 'currency': 'USD', 'instrument_id': 'EUR/USD.IDEALPRO'}]",False,{}
97373.73,2165.28,95208.45,USD,IDEALPRO-001,MARGIN,,"[{'type': 'MarginBalance', 'initial': '0.00', 'maintenance': '2165.28', 'currency': 'USD', 'instrument_id': 'EUR/USD.IDEALPRO'}]",False,{}
100000.00,0.00,100000.00,EUR,IDEALPRO-001,MARGIN,,"[{'type': 'MarginBalance', 'initial': '0.00', 'maintenance': '2165.28', 'currency': 'USD', 'instrument_id': 'EUR/USD.IDEALPRO'}]",False,{}
97382.56,0.00,97382.56,USD,IDEALPRO-001,MARGIN,,[],False,{}
100000.00,0.00,100000.00,EUR,IDEALPRO-001,MARGIN,,[],False,{}
97382.56,0.00,97382.56,USD,IDEALPRO-001,MARGIN,,[],False,{}
100000.00,0.00,100000.00,EUR,IDEALPRO-001,MARGIN,,[],False,{}
97382.56,0.00,97382.56,USD,IDEALPRO-001,MARGIN,,[],False,{}
100000.00,0.00,100000.00,EUR,IDEALPRO-001,MARGIN,,[],False,{}
97382.56,3241.23,94141.33,USD,IDEALPRO-001,MARGIN,,"[{'type': 'MarginBalance', 'initial': '3241.23', 'maintenance': '0.00', 'currency': 'USD', 'instrument_id': 'EUR/USD.IDEALPRO'}]",False,{}
100000.00,0.00,100000.00,EUR,IDEALPRO-001,MARGIN,,"[{'type': 'MarginBalance', 'initial': '3241.23', 'maintenance': '0.00', 'currency': 'USD', 'instrument_id': 'EUR/USD.IDEALPRO'}]",False,{}
97382.56,3241.23,94141.33,USD,IDEALPRO-001,MARGIN,,"[{'type': 'MarginBalance', 'initial': '3241.23', 'maintenance': '0.00', 'currency': 'USD', 'instrument_id': 'EUR/USD.IDEALPRO'}]",False,{}
100000.00,0.00,100000.00,EUR,IDEALPRO-001,MARGIN,,"[{'type': 'MarginBalance', 'initial': '3241.23', 'maintenance': '0.00', 'currency': 'USD', 'instrument_id': 'EUR/USD.IDEALPRO'}]",False,{}
97382.56,3241.23,94141.33,USD,IDEALPRO-001,MARGIN,,"[{'type': 'MarginBalance', 'initial': '3241.23', 'maintenance': '0.00', 'currency': 'USD', 'instrument_id': 'EUR/USD.IDEALPRO'}]",False,{}
100000.00,0.00,100000.00,EUR,IDEALPRO-001,MARGIN,,"[{'type': 'MarginBalance', 'initial': '3241.23', 'maintenance': '0.00', 'currency': 'USD', 'instrument_id': 'EUR/USD.IDEALPRO'}]",False,{}
97380.40,3241.23,94139.17,USD,IDEALPRO-001,MARGIN,,"[{'type': 'MarginBalance', 'initial': '3241.23', 'maintenance': '0.00', 'currency': 'USD', 'instrument_id': 'EUR/USD.IDEALPRO'}]",False,{}
100000.00,0.00,100000.00,EUR,IDEALPRO-001,MARGIN,,"[{'type': 'MarginBalance', 'initial': '3241.23', 'maintenance': '0.00', 'currency': 'USD', 'instrument_id': 'EUR/USD.IDEALPRO'}]",False,{}
97380.40,2160.82,95219.58,USD,IDEALPRO-001,MARGIN,,"[{'type': 'MarginBalance', 'initial': '0.00', 'maintenance': '2160.82', 'currency': 'USD', 'instrument_id': 'EUR/USD.IDEALPRO'}]",False,{}
100000.00,0.00,100000.00,EUR,IDEALPRO-001,MARGIN,,"[{'type': 'MarginBalance', 'initial': '0.00', 'maintenance': '2160.82', 'currency': 'USD', 'instrument_id': 'EUR/USD.IDEALPRO'}]",False,{}
97380.40,2160.82,95219.58,USD,IDEALPRO-001,MARGIN,,"[{'type': 'MarginBalance', 'initial': '0.00', 'maintenance': '2160.82', 'currency': 'USD', 'instrument_id': 'EUR/USD.IDEALPRO'}]",False,{}
100000.00,0.00,100000.00,EUR,IDEALPRO-001,MARGIN,,"[{'type': 'MarginBalance', 'initial': '0.00', 'maintenance': '2160.82', 'currency': 'USD', 'instrument_id': 'EUR/USD.IDEALPRO'}]",False,{}
97380.40,2160.82,95219.58,USD,IDEALPRO-001,MARGIN,,"[{'type': 'MarginBalance', 'initial': '0.00', 'maintenance': '2160.82', 'currency': 'USD', 'instrument_id': 'EUR/USD.IDEALPRO'}]",False,{}
100000.00,0.00,100000.00,EUR,IDEALPRO-001,MARGIN,,"[{'type': 'MarginBalance', 'initial': '0.00', 'maintenance': '2160.82', 'currency': 'USD', 'instrument_id': 'EUR/USD.IDEALPRO'}]",False,{}
97127.23,0.00,97127.23,USD,IDEALPRO-001,MARGIN,,[],False,{}
100000.00,0.00,100000.00,EUR,IDEALPRO-001,MARGIN,,[],False,{}
97127.23,0.00,97127.23,USD,IDEALPRO-001,MARGIN,,[],False,{}
100000.00,0.00,100000.00,EUR,IDEALPRO-001,MARGIN,,[],False,{}
97127.23,3242.85,93884.38,USD,IDEALPRO-001,MARGIN,,"[{'type': 'MarginBalance', 'initial': '3242.85', 'maintenance': '0.00', 'currency': 'USD', 'instrument_id': 'EUR/USD.IDEALPRO'}]",False,{}
100000.00,0.00,100000.00,EUR,IDEALPRO-001,MARGIN,,"[{'type': 'MarginBalance', 'initial': '3242.85', 'maintenance': '0.00', 'currency': 'USD', 'instrument_id': 'EUR/USD.IDEALPRO'}]",False,{}
97127.23,3242.85,93884.38,USD,IDEALPRO-001,MARGIN,,"[{'type': 'MarginBalance', 'initial': '3242.85', 'maintenance': '0.00', 'currency': 'USD', 'instrument_id': 'EUR/USD.IDEALPRO'}]",False,{}
100000.00,0.00,100000.00,EUR,IDEALPRO-001,MARGIN,,"[{'type': 'MarginBalance', 'initial': '3242.85', 'maintenance': '0.00', 'currency': 'USD', 'instrument_id': 'EUR/USD.IDEALPRO'}]",False,{}
97127.23,3242.85,93884.38,USD,IDEALPRO-001,MARGIN,,"[{'type': 'MarginBalance', 'initial': '3242.85', 'maintenance': '0.00', 'currency': 'USD', 'instrument_id': 'EUR/USD.IDEALPRO'}]",False,{}
100000.00,0.00,100000.00,EUR,IDEALPRO-001,MARGIN,,"[{'type': 'MarginBalance', 'initial': '3242.85', 'maintenance': '0.00', 'currency': 'USD', 'instrument_id': 'EUR/USD.IDEALPRO'}]",False,{}
97125.07,3242.85,93882.22,USD,IDEALPRO-001,MARGIN,,"[{'type': 'MarginBalance', 'initial': '3242.85', 'maintenance': '0.00', 'currency': 'USD', 'instrument_id': 'EUR/USD.IDEALPRO'}]",False,{}
100000.00,0.00,100000.00,EUR,IDEALPRO-001,MARGIN,,"[{'type': 'MarginBalance', 'initial': '3242.85', 'maintenance': '0.00', 'currency': 'USD', 'instrument_id': 'EUR/USD.IDEALPRO'}]",False,{}
97125.07,2161.90,94963.17,USD,IDEALPRO-001,MARGIN,,"[{'type': 'MarginBalance', 'initial': '0.00', 'maintenance': '2161.90', 'currency': 'USD', 'instrument_id': 'EUR/USD.IDEALPRO'}]",False,{}
100000.00,0.00,100000.00,EUR,IDEALPRO-001,MARGIN,,"[{'type': 'MarginBalance', 'initial': '0.00', 'maintenance': '2161.90', 'currency': 'USD', 'instrument_id': 'EUR/USD.IDEALPRO'}]",False,{}
97125.07,2161.90,94963.17,USD,IDEALPRO-001,MARGIN,,"[{'type': 'MarginBalance', 'initial': '0.00', 'maintenance': '2161.90', 'currency': 'USD', 'instrument_id': 'EUR/USD.IDEALPRO'}]",False,{}
100000.00,0.00,100000.00,EUR,IDEALPRO-001,MARGIN,,"[{'type': 'MarginBalance', 'initial': '0.00', 'maintenance': '2161.90', 'currency': 'USD', 'instrument_id': 'EUR/USD.IDEALPRO'}]",False,{}
97125.07,2161.90,94963.17,USD,IDEALPRO-001,MARGIN,,"[{'type': 'MarginBalance', 'initial': '0.00', 'maintenance': '2161.90', 'currency': 'USD', 'instrument_id': 'EUR/USD.IDEALPRO'}]",False,{}
100000.00,0.00,100000.00,EUR,IDEALPRO-001,MARGIN,,"[{'type': 'MarginBalance', 'initial': '0.00', 'maintenance': '2161.90', 'currency': 'USD', 'instrument_id': 'EUR/USD.IDEALPRO'}]",False,{}
97622.90,0.00,97622.90,USD,IDEALPRO-001,MARGIN,,[],False,{}
100000.00,0.00,100000.00,EUR,IDEALPRO-001,MARGIN,,[],False,{}
97622.90,0.00,97622.90,USD,IDEALPRO-001,MARGIN,,[],False,{}
100000.00,0.00,100000.00,EUR,IDEALPRO-001,MARGIN,,[],False,{}
97622.90,3300.12,94322.78,USD,IDEALPRO-001,MARGIN,,"[{'type': 'MarginBalance', 'initial': '3300.12', 'maintenance': '0.00', 'currency': 'USD', 'instrument_id': 'EUR/USD.IDEALPRO'}]",False,{}
100000.00,0.00,100000.00,EUR,IDEALPRO-001,MARGIN,,"[{'type': 'MarginBalance', 'initial': '3300.12', 'maintenance': '0.00', 'currency': 'USD', 'instrument_id': 'EUR/USD.IDEALPRO'}]",False,{}
97622.90,0.00,97622.90,USD,IDEALPRO-001,MARGIN,,[],False,{}
100000.00,0.00,100000.00,EUR,IDEALPRO-001,MARGIN,,[],False,{}
97622.90,0.00,97622.90,USD,IDEALPRO-001,MARGIN,,[],False,{}
100000.00,0.00,100000.00,EUR,IDEALPRO-001,MARGIN,,[],False,{}
97622.90,0.00,97622.90,USD,IDEALPRO-001,MARGIN,,[],False,{}
100000.00,0.00,100000.00,EUR,IDEALPRO-001,MARGIN,,[],False,{}
97622.90,3302.55,94320.35,USD,IDEALPRO-001,MARGIN,,"[{'type': 'MarginBalance', 'initial': '3302.55', 'maintenance': '0.00', 'currency': 'USD', 'instrument_id': 'EUR/USD.IDEALPRO'}]",False,{}
100000.00,0.00,100000.00,EUR,IDEALPRO-001,MARGIN,,"[{'type': 'MarginBalance', 'initial': '3302.55', 'maintenance': '0.00', 'currency': 'USD', 'instrument_id': 'EUR/USD.IDEALPRO'}]",False,{}
97622.90,3302.55,94320.35,USD,IDEALPRO-001,MARGIN,,"[{'type': 'MarginBalance', 'initial': '3302.55', 'maintenance': '0.00', 'currency': 'USD', 'instrument_id': 'EUR/USD.IDEALPRO'}]",False,{}
100000.00,0.00,100000.00,EUR,IDEALPRO-001,MARGIN,,"[{'type': 'MarginBalance', 'initial': '3302.55', 'maintenance': '0.00', 'currency': 'USD', 'instrument_id': 'EUR/USD.IDEALPRO'}]",False,{}
97622.90,3302.55,94320.35,USD,IDEALPRO-001,MARGIN,,"[{'type': 'MarginBalance', 'initial': '3302.55', 'maintenance': '0.00', 'currency': 'USD', 'instrument_id': 'EUR/USD.IDEALPRO'}]",False,{}
100000.00,0.00,100000.00,EUR,IDEALPRO-001,MARGIN,,"[{'type': 'MarginBalance', 'initial': '3302.55', 'maintenance': '0.00', 'currency': 'USD', 'instrument_id': 'EUR/USD.IDEALPRO'}]",False,{}
97620.70,3302.55,94318.15,USD,IDEALPRO-001,MARGIN,,"[{'type': 'MarginBalance', 'initial': '3302.55', 'maintenance': '0.00', 'currency': 'USD', 'instrument_id': 'EUR/USD.IDEALPRO'}]",False,{}
100000.00,0.00,100000.00,EUR,IDEALPRO-001,MARGIN,,"[{'type': 'MarginBalance', 'initial': '3302.55', 'maintenance': '0.00', 'currency': 'USD', 'instrument_id': 'EUR/USD.IDEALPRO'}]",False,{}
97620.70,2200.62,95420.08,USD,IDEALPRO-001,MARGIN,,"[{'type': 'MarginBalance', 'initial': '0.00', 'maintenance': '2200.62', 'currency': 'USD', 'instrument_id': 'EUR/USD.IDEALPRO'}]",False,{}
100000.00,0.00,100000.00,EUR,IDEALPRO-001,MARGIN,,"[{'type': 'MarginBalance', 'initial': '0.00', 'maintenance': '2200.62', 'currency': 'USD', 'instrument_id': 'EUR/USD.IDEALPRO'}]",False,{}
97620.70,2200.62,95420.08,USD,IDEALPRO-001,MARGIN,,"[{'type': 'MarginBalance', 'initial': '0.00', 'maintenance': '2200.62', 'currency': 'USD', 'instrument_id': 'EUR/USD.IDEALPRO'}]",False,{}
100000.00,0.00,100000.00,EUR,IDEALPRO-001,MARGIN,,"[{'type': 'MarginBalance', 'initial': '0.00', 'maintenance': '2200.62', 'currency': 'USD', 'instrument_id': 'EUR/USD.IDEALPRO'}]",False,{}
97620.70,2200.62,95420.08,USD,IDEALPRO-001,MARGIN,,"[{'type': 'MarginBalance', 'initial': '0.00', 'maintenance': '2200.62', 'currency': 'USD', 'instrument_id': 'EUR/USD.IDEALPRO'}]",False,{}
100000.00,0.00,100000.00,EUR,IDEALPRO-001,MARGIN,,"[{'type': 'MarginBalance', 'initial': '0.00', 'maintenance': '2200.62', 'currency': 'USD', 'instrument_id': 'EUR/USD.IDEALPRO'}]",False,{}
97421.50,0.00,97421.50,USD,IDEALPRO-001,MARGIN,,[],False,{}
100000.00,0.00,100000.00,EUR,IDEALPRO-001,MARGIN,,[],False,{}
97421.50,0.00,97421.50,USD,IDEALPRO-001,MARGIN,,[],False,{}
100000.00,0.00,100000.00,EUR,IDEALPRO-001,MARGIN,,[],False,{}
97421.50,3286.11,94135.39,USD,IDEALPRO-001,MARGIN,,"[{'type': 'MarginBalance', 'initial': '3286.11', 'maintenance': '0.00', 'currency': 'USD', 'instrument_id': 'EUR/USD.IDEALPRO'}]",False,{}
100000.00,0.00,100000.00,EUR,IDEALPRO-001,MARGIN,,"[{'type': 'MarginBalance', 'initial': '3286.11', 'maintenance': '0.00', 'currency': 'USD', 'instrument_id': 'EUR/USD.IDEALPRO'}]",False,{}
97421.50,3286.11,94135.39,USD,IDEALPRO-001,MARGIN,,"[{'type': 'MarginBalance', 'initial': '3286.11', 'maintenance': '0.00', 'currency': 'USD', 'instrument_id': 'EUR/USD.IDEALPRO'}]",False,{}
100000.00,0.00,100000.00,EUR,IDEALPRO-001,MARGIN,,"[{'type': 'MarginBalance', 'initial': '3286.11', 'maintenance': '0.00', 'currency': 'USD', 'instrument_id': 'EUR/USD.IDEALPRO'}]",False,{}
97421.50,3286.11,94135.39,USD,IDEALPRO-001,MARGIN,,"[{'type': 'MarginBalance', 'initial': '3286.11', 'maintenance': '0.00', 'currency': 'USD', 'instrument_id': 'EUR/USD.IDEALPRO'}]",False,{}
100000.00,0.00,100000.00,EUR,IDEALPRO-001,MARGIN,,"[{'type': 'MarginBalance', 'initial': '3286.11', 'maintenance': '0.00', 'currency': 'USD', 'instrument_id': 'EUR/USD.IDEALPRO'}]",False,{}
97419.31,3286.11,94133.20,USD,IDEALPRO-001,MARGIN,,"[{'type': 'MarginBalance', 'initial': '3286.11', 'maintenance': '0.00', 'currency': 'USD', 'instrument_id': 'EUR/USD.IDEALPRO'}]",False,{}
100000.00,0.00,100000.00,EUR,IDEALPRO-001,MARGIN,,"[{'type': 'MarginBalance', 'initial': '3286.11', 'maintenance': '0.00', 'currency': 'USD', 'instrument_id': 'EUR/USD.IDEALPRO'}]",False,{}
97419.31,2190.74,95228.57,USD,IDEALPRO-001,MARGIN,,"[{'type': 'MarginBalance', 'initial': '0.00', 'maintenance': '2190.74', 'currency': 'USD', 'instrument_id': 'EUR/USD.IDEALPRO'}]",False,{}
100000.00,0.00,100000.00,EUR,IDEALPRO-001,MARGIN,,"[{'type': 'MarginBalance', 'initial': '0.00', 'maintenance': '2190.74', 'currency': 'USD', 'instrument_id': 'EUR/USD.IDEALPRO'}]",False,{}
97419.31,2190.74,95228.57,USD,IDEALPRO-001,MARGIN,,"[{'type': 'MarginBalance', 'initial': '0.00', 'maintenance': '2190.74', 'currency': 'USD', 'instrument_id': 'EUR/USD.IDEALPRO'}]",False,{}
100000.00,0.00,100000.00,EUR,IDEALPRO-001,MARGIN,,"[{'type': 'MarginBalance', 'initial': '0.00', 'maintenance': '2190.74', 'currency': 'USD', 'instrument_id': 'EUR/USD.IDEALPRO'}]",False,{}
97419.31,2190.74,95228.57,USD,IDEALPRO-001,MARGIN,,"[{'type': 'MarginBalance', 'initial': '0.00', 'maintenance': '2190.74', 'currency': 'USD', 'instrument_id': 'EUR/USD.IDEALPRO'}]",False,{}
100000.00,0.00,100000.00,EUR,IDEALPRO-001,MARGIN,,"[{'type': 'MarginBalance', 'initial': '0.00', 'maintenance': '2190.74', 'currency': 'USD', 'instrument_id': 'EUR/USD.IDEALPRO'}]",False,{}
97166.11,0.00,97166.11,USD,IDEALPRO-001,MARGIN,,[],False,{}
100000.00,0.00,100000.00,EUR,IDEALPRO-001,MARGIN,,[],False,{}
97166.11,0.00,97166.11,USD,IDEALPRO-001,MARGIN,,[],False,{}
100000.00,0.00,100000.00,EUR,IDEALPRO-001,MARGIN,,[],False,{}
97166.11,3290.49,93875.62,USD,IDEALPRO-001,MARGIN,,"[{'type': 'MarginBalance', 'initial': '3290.49', 'maintenance': '0.00', 'currency': 'USD', 'instrument_id': 'EUR/USD.IDEALPRO'}]",False,{}
100000.00,0.00,100000.00,EUR,IDEALPRO-001,MARGIN,,"[{'type': 'MarginBalance', 'initial': '3290.49', 'maintenance': '0.00', 'currency': 'USD', 'instrument_id': 'EUR/USD.IDEALPRO'}]",False,{}
97166.11,0.00,97166.11,USD,IDEALPRO-001,MARGIN,,[],False,{}
100000.00,0.00,100000.00,EUR,IDEALPRO-001,MARGIN,,[],False,{}
97166.11,0.00,97166.11,USD,IDEALPRO-001,MARGIN,,[],False,{}
100000.00,0.00,100000.00,EUR,IDEALPRO-001,MARGIN,,[],False,{}
97166.11,0.00,97166.11,USD,IDEALPRO-001,MARGIN,,[],False,{}
100000.00,0.00,100000.00,EUR,IDEALPRO-001,MARGIN,,[],False,{}
97166.11,3275.97,93890.14,USD,IDEALPRO-001,MARGIN,,"[{'type': 'MarginBalance', 'initial': '3275.97', 'maintenance': '0.00', 'currency': 'USD', 'instrument_id': 'EUR/USD.IDEALPRO'}]",False,{}
100000.00,0.00,100000.00,EUR,IDEALPRO-001,MARGIN,,"[{'type': 'MarginBalance', 'initial': '3275.97', 'maintenance': '0.00', 'currency': 'USD', 'instrument_id': 'EUR/USD.IDEALPRO'}]",False,{}
97166.11,3275.97,93890.14,USD,IDEALPRO-001,MARGIN,,"[{'type': 'MarginBalance', 'initial': '3275.97', 'maintenance': '0.00', 'currency': 'USD', 'instrument_id': 'EUR/USD.IDEALPRO'}]",False,{}
100000.00,0.00,100000.00,EUR,IDEALPRO-001,MARGIN,,"[{'type': 'MarginBalance', 'initial': '3275.97', 'maintenance': '0.00', 'currency': 'USD', 'instrument_id': 'EUR/USD.IDEALPRO'}]",False,{}
97166.11,3275.97,93890.14,USD,IDEALPRO-001,MARGIN,,"[{'type': 'MarginBalance', 'initial': '3275.97', 'maintenance': '0.00', 'currency': 'USD', 'instrument_id': 'EUR/USD.IDEALPRO'}]",False,{}
100000.00,0.00,100000.00,EUR,IDEALPRO-001,MARGIN,,"[{'type': 'MarginBalance', 'initial': '3275.97', 'maintenance': '0.00', 'currency': 'USD', 'instrument_id': 'EUR/USD.IDEALPRO'}]",False,{}
97163.93,3275.97,93887.96,USD,IDEALPRO-001,MARGIN,,"[{'type': 'MarginBalance', 'initial': '3275.97', 'maintenance': '0.00', 'currency': 'USD', 'instrument_id': 'EUR/USD.IDEALPRO'}]",False,{}
100000.00,0.00,100000.00,EUR,IDEALPRO-001,MARGIN,,"[{'type': 'MarginBalance', 'initial': '3275.97', 'maintenance': '0.00', 'currency': 'USD', 'instrument_id': 'EUR/USD.IDEALPRO'}]",False,{}
97163.93,2183.98,94979.95,USD,IDEALPRO-001,MARGIN,,"[{'type': 'MarginBalance', 'initial': '0.00', 'maintenance': '2183.98', 'currency': 'USD', 'instrument_id': 'EUR/USD.IDEALPRO'}]",False,{}
100000.00,0.00,100000.00,EUR,IDEALPRO-001,MARGIN,,"[{'type': 'MarginBalance', 'initial': '0.00', 'maintenance': '2183.98', 'currency': 'USD', 'instrument_id': 'EUR/USD.IDEALPRO'}]",False,{}
97163.93,2183.98,94979.95,USD,IDEALPRO-001,MARGIN,,"[{'type': 'MarginBalance', 'initial': '0.00', 'maintenance': '2183.98', 'currency': 'USD', 'instrument_id': 'EUR/USD.IDEALPRO'}]",False,{}
100000.00,0.00,100000.00,EUR,IDEALPRO-001,MARGIN,,"[{'type': 'MarginBalance', 'initial': '0.00', 'maintenance': '2183.98', 'currency': 'USD', 'instrument_id': 'EUR/USD.IDEALPRO'}]",False,{}
97163.93,2183.98,94979.95,USD,IDEALPRO-001,MARGIN,,"[{'type': 'MarginBalance', 'initial': '0.00', 'maintenance': '2183.98', 'currency': 'USD', 'instrument_id': 'EUR/USD.IDEALPRO'}]",False,{}
100000.00,0.00,100000.00,EUR,IDEALPRO-001,MARGIN,,"[{'type': 'MarginBalance', 'initial': '0.00', 'maintenance': '2183.98', 'currency': 'USD', 'instrument_id': 'EUR/USD.IDEALPRO'}]",False,{}
96910.74,0.00,96910.74,USD,IDEALPRO-001,MARGIN,,[],False,{}
100000.00,0.00,100000.00,EUR,IDEALPRO-001,MARGIN,,[],False,{}
96910.74,0.00,96910.74,USD,IDEALPRO-001,MARGIN,,[],False,{}
100000.00,0.00,100000.00,EUR,IDEALPRO-001,MARGIN,,[],False,{}
96910.74,3291.81,93618.93,USD,IDEALPRO-001,MARGIN,,"[{'type': 'MarginBalance', 'initial': '3291.81', 'maintenance': '0.00', 'currency': 'USD', 'instrument_id': 'EUR/USD.IDEALPRO'}]",False,{}
100000.00,0.00,100000.00,EUR,IDEALPRO-001,MARGIN,,"[{'type': 'MarginBalance', 'initial': '3291.81', 'maintenance': '0.00', 'currency': 'USD', 'instrument_id': 'EUR/USD.IDEALPRO'}]",False,{}
96910.74,3291.81,93618.93,USD,IDEALPRO-001,MARGIN,,"[{'type': 'MarginBalance', 'initial': '3291.81', 'maintenance': '0.00', 'currency': 'USD', 'instrument_id': 'EUR/USD.IDEALPRO'}]",False,{}
100000.00,0.00,100000.00,EUR,IDEALPRO-001,MARGIN,,"[{'type': 'MarginBalance', 'initial': '3291.81', 'maintenance': '0.00', 'currency': 'USD', 'instrument_id': 'EUR/USD.IDEALPRO'}]",False,{}
96910.74,3291.81,93618.93,USD,IDEALPRO-001,MARGIN,,"[{'type': 'MarginBalance', 'initial': '3291.81', 'maintenance': '0.00', 'currency': 'USD', 'instrument_id': 'EUR/USD.IDEALPRO'}]",False,{}
100000.00,0.00,100000.00,EUR,IDEALPRO-001,MARGIN,,"[{'type': 'MarginBalance', 'initial': '3291.81', 'maintenance': '0.00', 'currency': 'USD', 'instrument_id': 'EUR/USD.IDEALPRO'}]",False,{}
96908.55,3291.81,93616.74,USD,IDEALPRO-001,MARGIN,,"[{'type': 'MarginBalance', 'initial': '3291.81', 'maintenance': '0.00', 'currency': 'USD', 'instrument_id': 'EUR/USD.IDEALPRO'}]",False,{}
100000.00,0.00,100000.00,EUR,IDEALPRO-001,MARGIN,,"[{'type': 'MarginBalance', 'initial': '3291.81', 'maintenance': '0.00', 'currency': 'USD', 'instrument_id': 'EUR/USD.IDEALPRO'}]",False,{}
96908.55,2193.76,94714.79,USD,IDEALPRO-001,MARGIN,,"[{'type': 'MarginBalance', 'initial': '0.00', 'maintenance': '2193.76', 'currency': 'USD', 'instrument_id': 'EUR/USD.IDEALPRO'}]",False,{}
100000.00,0.00,100000.00,EUR,IDEALPRO-001,MARGIN,,"[{'type': 'MarginBalance', 'initial': '0.00', 'maintenance': '2193.76', 'currency': 'USD', 'instrument_id': 'EUR/USD.IDEALPRO'}]",False,{}
96908.55,2193.76,94714.79,USD,IDEALPRO-001,MARGIN,,"[{'type': 'MarginBalance', 'initial': '0.00', 'maintenance': '2193.76', 'currency': 'USD', 'instrument_id': 'EUR/USD.IDEALPRO'}]",False,{}
100000.00,0.00,100000.00,EUR,IDEALPRO-001,MARGIN,,"[{'type': 'MarginBalance', 'initial': '0.00', 'maintenance': '2193.76', 'currency': 'USD', 'instrument_id': 'EUR/USD.IDEALPRO'}]",False,{}
96908.55,2193.76,94714.79,USD,IDEALPRO-001,MARGIN,,"[{'type': 'MarginBalance', 'initial': '0.00', 'maintenance': '2193.76', 'currency': 'USD', 'instrument_id': 'EUR/USD.IDEALPRO'}]",False,{}
100000.00,0.00,100000.00,EUR,IDEALPRO-001,MARGIN,,"[{'type': 'MarginBalance', 'initial': '0.00', 'maintenance': '2193.76', 'currency': 'USD', 'instrument_id': 'EUR/USD.IDEALPRO'}]",False,{}
96694.36,0.00,96694.36,USD,IDEALPRO-001,MARGIN,,[],False,{}
100000.00,0.00,100000.00,EUR,IDEALPRO-001,MARGIN,,[],False,{}
96694.36,0.00,96694.36,USD,IDEALPRO-001,MARGIN,,[],False,{}
100000.00,0.00,100000.00,EUR,IDEALPRO-001,MARGIN,,[],False,{}
96694.36,3293.22,93401.14,USD,IDEALPRO-001,MARGIN,,"[{'type': 'MarginBalance', 'initial': '3293.22', 'maintenance': '0.00', 'currency': 'USD', 'instrument_id': 'EUR/USD.IDEALPRO'}]",False,{}
100000.00,0.00,100000.00,EUR,IDEALPRO-001,MARGIN,,"[{'type': 'MarginBalance', 'initial': '3293.22', 'maintenance': '0.00', 'currency': 'USD', 'instrument_id': 'EUR/USD.IDEALPRO'}]",False,{}
96694.36,3293.22,93401.14,USD,IDEALPRO-001,MARGIN,,"[{'type': 'MarginBalance', 'initial': '3293.22', 'maintenance': '0.00', 'currency': 'USD', 'instrument_id': 'EUR/USD.IDEALPRO'}]",False,{}
100000.00,0.00,100000.00,EUR,IDEALPRO-001,MARGIN,,"[{'type': 'MarginBalance', 'initial': '3293.22', 'maintenance': '0.00', 'currency': 'USD', 'instrument_id': 'EUR/USD.IDEALPRO'}]",False,{}
96694.36,3293.22,93401.14,USD,IDEALPRO-001,MARGIN,,"[{'type': 'MarginBalance', 'initial': '3293.22', 'maintenance': '0.00', 'currency': 'USD', 'instrument_id': 'EUR/USD.IDEALPRO'}]",False,{}
100000.00,0.00,100000.00,EUR,IDEALPRO-001,MARGIN,,"[{'type': 'MarginBalance', 'initial': '3293.22', 'maintenance': '0.00', 'currency': 'USD', 'instrument_id': 'EUR/USD.IDEALPRO'}]",False,{}
96692.16,3293.22,93398.94,USD,IDEALPRO-001,MARGIN,,"[{'type': 'MarginBalance', 'initial': '3293.22', 'maintenance': '0.00', 'currency': 'USD', 'instrument_id': 'EUR/USD.IDEALPRO'}]",False,{}
100000.00,0.00,100000.00,EUR,IDEALPRO-001,MARGIN,,"[{'type': 'MarginBalance', 'initial': '3293.22', 'maintenance': '0.00', 'currency': 'USD', 'instrument_id': 'EUR/USD.IDEALPRO'}]",False,{}
96692.16,2195.48,94496.68,USD,IDEALPRO-001,MARGIN,,"[{'type': 'MarginBalance', 'initial': '0.00', 'maintenance': '2195.48', 'currency': 'USD', 'instrument_id': 'EUR/USD.IDEALPRO'}]",False,{}
100000.00,0.00,100000.00,EUR,IDEALPRO-001,MARGIN,,"[{'type': 'MarginBalance', 'initial': '0.00', 'maintenance': '2195.48', 'currency': 'USD', 'instrument_id': 'EUR/USD.IDEALPRO'}]",False,{}
96692.16,2195.48,94496.68,USD,IDEALPRO-001,MARGIN,,"[{'type': 'MarginBalance', 'initial': '0.00', 'maintenance': '2195.48', 'currency': 'USD', 'instrument_id': 'EUR/USD.IDEALPRO'}]",False,{}
100000.00,0.00,100000.00,EUR,IDEALPRO-001,MARGIN,,"[{'type': 'MarginBalance', 'initial': '0.00', 'maintenance': '2195.48', 'currency': 'USD', 'instrument_id': 'EUR/USD.IDEALPRO'}]",False,{}
96692.16,2195.48,94496.68,USD,IDEALPRO-001,MARGIN,,"[{'type': 'MarginBalance', 'initial': '0.00', 'maintenance': '2195.48', 'currency': 'USD', 'instrument_id': 'EUR/USD.IDEALPRO'}]",False,{}
100000.00,0.00,100000.00,EUR,IDEALPRO-001,MARGIN,,"[{'type': 'MarginBalance', 'initial': '0.00', 'maintenance': '2195.48', 'currency': 'USD', 'instrument_id': 'EUR/USD.IDEALPRO'}]",False,{}
96438.96,0.00,96438.96,USD,IDEALPRO-001,MARGIN,,[],False,{}
100000.00,0.00,100000.00,EUR,IDEALPRO-001,MARGIN,,[],False,{}
96438.96,0.00,96438.96,USD,IDEALPRO-001,MARGIN,,[],False,{}
100000.00,0.00,100000.00,EUR,IDEALPRO-001,MARGIN,,[],False,{}
96438.96,3311.31,93127.65,USD,IDEALPRO-001,MARGIN,,"[{'type': 'MarginBalance', 'initial': '3311.31', 'maintenance': '0.00', 'currency': 'USD', 'instrument_id': 'EUR/USD.IDEALPRO'}]",False,{}
100000.00,0.00,100000.00,EUR,IDEALPRO-001,MARGIN,,"[{'type': 'MarginBalance', 'initial': '3311.31', 'maintenance': '0.00', 'currency': 'USD', 'instrument_id': 'EUR/USD.IDEALPRO'}]",False,{}
96438.96,3311.31,93127.65,USD,IDEALPRO-001,MARGIN,,"[{'type': 'MarginBalance', 'initial': '3311.31', 'maintenance': '0.00', 'currency': 'USD', 'instrument_id': 'EUR/USD.IDEALPRO'}]",False,{}
100000.00,0.00,100000.00,EUR,IDEALPRO-001,MARGIN,,"[{'type': 'MarginBalance', 'initial': '3311.31', 'maintenance': '0.00', 'currency': 'USD', 'instrument_id': 'EUR/USD.IDEALPRO'}]",False,{}
96438.96,3311.31,93127.65,USD,IDEALPRO-001,MARGIN,,"[{'type': 'MarginBalance', 'initial': '3311.31', 'maintenance': '0.00', 'currency': 'USD', 'instrument_id': 'EUR/USD.IDEALPRO'}]",False,{}
100000.00,0.00,100000.00,EUR,IDEALPRO-001,MARGIN,,"[{'type': 'MarginBalance', 'initial': '3311.31', 'maintenance': '0.00', 'currency': 'USD', 'instrument_id': 'EUR/USD.IDEALPRO'}]",False,{}
96436.75,3311.31,93125.44,USD,IDEALPRO-001,MARGIN,,"[{'type': 'MarginBalance', 'initial': '3311.31', 'maintenance': '0.00', 'currency': 'USD', 'instrument_id': 'EUR/USD.IDEALPRO'}]",False,{}
100000.00,0.00,100000.00,EUR,IDEALPRO-001,MARGIN,,"[{'type': 'MarginBalance', 'initial': '3311.31', 'maintenance': '0.00', 'currency': 'USD', 'instrument_id': 'EUR/USD.IDEALPRO'}]",False,{}
96436.75,2207.54,94229.21,USD,IDEALPRO-001,MARGIN,,"[{'type': 'MarginBalance', 'initial': '0.00', 'maintenance': '2207.54', 'currency': 'USD', 'instrument_id': 'EUR/USD.IDEALPRO'}]",False,{}
100000.00,0.00,100000.00,EUR,IDEALPRO-001,MARGIN,,"[{'type': 'MarginBalance', 'initial': '0.00', 'maintenance': '2207.54', 'currency': 'USD', 'instrument_id': 'EUR/USD.IDEALPRO'}]",False,{}
96436.75,2207.54,94229.21,USD,IDEALPRO-001,MARGIN,,"[{'type': 'MarginBalance', 'initial': '0.00', 'maintenance': '2207.54', 'currency': 'USD', 'instrument_id': 'EUR/USD.IDEALPRO'}]",False,{}
100000.00,0.00,100000.00,EUR,IDEALPRO-001,MARGIN,,"[{'type': 'MarginBalance', 'initial': '0.00', 'maintenance': '2207.54', 'currency': 'USD', 'instrument_id': 'EUR/USD.IDEALPRO'}]",False,{}
96436.75,2207.54,94229.21,USD,IDEALPRO-001,MARGIN,,"[{'type': 'MarginBalance', 'initial': '0.00', 'maintenance': '2207.54', 'currency': 'USD', 'instrument_id': 'EUR/USD.IDEALPRO'}]",False,{}
100000.00,0.00,100000.00,EUR,IDEALPRO-001,MARGIN,,"[{'type': 'MarginBalance', 'initial': '0.00', 'maintenance': '2207.54', 'currency': 'USD', 'instrument_id': 'EUR/USD.IDEALPRO'}]",False,{}
96934.53,0.00,96934.53,USD,IDEALPRO-001,MARGIN,,[],False,{}
100000.00,0.00,100000.00,EUR,IDEALPRO-001,MARGIN,,[],False,{}
96934.53,0.00,96934.53,USD,IDEALPRO-001,MARGIN,,[],False,{}
100000.00,0.00,100000.00,EUR,IDEALPRO-001,MARGIN,,[],False,{}
96934.53,3385.71,93548.82,USD,IDEALPRO-001,MARGIN,,"[{'type': 'MarginBalance', 'initial': '3385.71', 'maintenance': '0.00', 'currency': 'USD', 'instrument_id': 'EUR/USD.IDEALPRO'}]",False,{}
100000.00,0.00,100000.00,EUR,IDEALPRO-001,MARGIN,,"[{'type': 'MarginBalance', 'initial': '3385.71', 'maintenance': '0.00', 'currency': 'USD', 'instrument_id': 'EUR/USD.IDEALPRO'}]",False,{}
96934.53,3385.71,93548.82,USD,IDEALPRO-001,MARGIN,,"[{'type': 'MarginBalance', 'initial': '3385.71', 'maintenance': '0.00', 'currency': 'USD', 'instrument_id': 'EUR/USD.IDEALPRO'}]",False,{}
100000.00,0.00,100000.00,EUR,IDEALPRO-001,MARGIN,,"[{'type': 'MarginBalance', 'initial': '3385.71', 'maintenance': '0.00', 'currency': 'USD', 'instrument_id': 'EUR/USD.IDEALPRO'}]",False,{}
96934.53,3385.71,93548.82,USD,IDEALPRO-001,MARGIN,,"[{'type': 'MarginBalance', 'initial': '3385.71', 'maintenance': '0.00', 'currency': 'USD', 'instrument_id': 'EUR/USD.IDEALPRO'}]",False,{}
100000.00,0.00,100000.00,EUR,IDEALPRO-001,MARGIN,,"[{'type': 'MarginBalance', 'initial': '3385.71', 'maintenance': '0.00', 'currency': 'USD', 'instrument_id': 'EUR/USD.IDEALPRO'}]",False,{}
96932.27,3385.71,93546.56,USD,IDEALPRO-001,MARGIN,,"[{'type': 'MarginBalance', 'initial': '3385.71', 'maintenance': '0.00', 'currency': 'USD', 'instrument_id': 'EUR/USD.IDEALPRO'}]",False,{}
100000.00,0.00,100000.00,EUR,IDEALPRO-001,MARGIN,,"[{'type': 'MarginBalance', 'initial': '3385.71', 'maintenance': '0.00', 'currency': 'USD', 'instrument_id': 'EUR/USD.IDEALPRO'}]",False,{}
96932.27,2259.26,94673.01,USD,IDEALPRO-001,MARGIN,,"[{'type': 'MarginBalance', 'initial': '0.00', 'maintenance': '2259.26', 'currency': 'USD', 'instrument_id': 'EUR/USD.IDEALPRO'}]",False,{}
100000.00,0.00,100000.00,EUR,IDEALPRO-001,MARGIN,,"[{'type': 'MarginBalance', 'initial': '0.00', 'maintenance': '2259.26', 'currency': 'USD', 'instrument_id': 'EUR/USD.IDEALPRO'}]",False,{}
96932.27,2259.26,94673.01,USD,IDEALPRO-001,MARGIN,,"[{'type': 'MarginBalance', 'initial': '0.00', 'maintenance': '2259.26', 'currency': 'USD', 'instrument_id': 'EUR/USD.IDEALPRO'}]",False,{}
100000.00,0.00,100000.00,EUR,IDEALPRO-001,MARGIN,,"[{'type': 'MarginBalance', 'initial': '0.00', 'maintenance': '2259.26', 'currency': 'USD', 'instrument_id': 'EUR/USD.IDEALPRO'}]",False,{}
96932.27,2259.26,94673.01,USD,IDEALPRO-001,MARGIN,,"[{'type': 'MarginBalance', 'initial': '0.00', 'maintenance': '2259.26', 'currency': 'USD', 'instrument_id': 'EUR/USD.IDEALPRO'}]",False,{}
100000.00,0.00,100000.00,EUR,IDEALPRO-001,MARGIN,,"[{'type': 'MarginBalance', 'initial': '0.00', 'maintenance': '2259.26', 'currency': 'USD', 'instrument_id': 'EUR/USD.IDEALPRO'}]",False,{}
96785.01,0.00,96785.01,USD,IDEALPRO-001,MARGIN,,[],False,{}
100000.00,0.00,100000.00,EUR,IDEALPRO-001,MARGIN,,[],False,{}
96785.01,0.00,96785.01,USD,IDEALPRO-001,MARGIN,,[],False,{}
100000.00,0.00,100000.00,EUR,IDEALPRO-001,MARGIN,,[],False,{}
96785.01,3409.65,93375.36,USD,IDEALPRO-001,MARGIN,,"[{'type': 'MarginBalance', 'initial': '3409.65', 'maintenance': '0.00', 'currency': 'USD', 'instrument_id': 'EUR/USD.IDEALPRO'}]",False,{}
100000.00,0.00,100000.00,EUR,IDEALPRO-001,MARGIN,,"[{'type': 'MarginBalance', 'initial': '3409.65', 'maintenance': '0.00', 'currency': 'USD', 'instrument_id': 'EUR/USD.IDEALPRO'}]",False,{}
96785.01,0.00,96785.01,USD,IDEALPRO-001,MARGIN,,[],False,{}
100000.00,0.00,100000.00,EUR,IDEALPRO-001,MARGIN,,[],False,{}
96785.01,0.00,96785.01,USD,IDEALPRO-001,MARGIN,,[],False,{}
100000.00,0.00,100000.00,EUR,IDEALPRO-001,MARGIN,,[],False,{}
96785.01,0.00,96785.01,USD,IDEALPRO-001,MARGIN,,[],False,{}
100000.00,0.00,100000.00,EUR,IDEALPRO-001,MARGIN,,[],False,{}
96785.01,3391.92,93393.09,USD,IDEALPRO-001,MARGIN,,"[{'type': 'MarginBalance', 'initial': '3391.92', 'maintenance': '0.00', 'currency': 'USD', 'instrument_id': 'EUR/USD.IDEALPRO'}]",False,{}
100000.00,0.00,100000.00,EUR,IDEALPRO-001,MARGIN,,"[{'type': 'MarginBalance', 'initial': '3391.92', 'maintenance': '0.00', 'currency': 'USD', 'instrument_id': 'EUR/USD.IDEALPRO'}]",False,{}
96785.01,3391.92,93393.09,USD,IDEALPRO-001,MARGIN,,"[{'type': 'MarginBalance', 'initial': '3391.92', 'maintenance': '0.00', 'currency': 'USD', 'instrument_id': 'EUR/USD.IDEALPRO'}]",False,{}
100000.00,0.00,100000.00,EUR,IDEALPRO-001,MARGIN,,"[{'type': 'MarginBalance', 'initial': '3391.92', 'maintenance': '0.00', 'currency': 'USD', 'instrument_id': 'EUR/USD.IDEALPRO'}]",False,{}
96785.01,3391.92,93393.09,USD,IDEALPRO-001,MARGIN,,"[{'type': 'MarginBalance', 'initial': '3391.92', 'maintenance': '0.00', 'currency': 'USD', 'instrument_id': 'EUR/USD.IDEALPRO'}]",False,{}
100000.00,0.00,100000.00,EUR,IDEALPRO-001,MARGIN,,"[{'type': 'MarginBalance', 'initial': '3391.92', 'maintenance': '0.00', 'currency': 'USD', 'instrument_id': 'EUR/USD.IDEALPRO'}]",False,{}
96782.75,3391.92,93390.83,USD,IDEALPRO-001,MARGIN,,"[{'type': 'MarginBalance', 'initial': '3391.92', 'maintenance': '0.00', 'currency': 'USD', 'instrument_id': 'EUR/USD.IDEALPRO'}]",False,{}
100000.00,0.00,100000.00,EUR,IDEALPRO-001,MARGIN,,"[{'type': 'MarginBalance', 'initial': '3391.92', 'maintenance': '0.00', 'currency': 'USD', 'instrument_id': 'EUR/USD.IDEALPRO'}]",False,{}
96782.75,2264.96,94517.79,USD,IDEALPRO-001,MARGIN,,"[{'type': 'MarginBalance', 'initial': '0.00', 'maintenance': '2264.96', 'currency': 'USD', 'instrument_id': 'EUR/USD.IDEALPRO'}]",False,{}
100000.00,0.00,100000.00,EUR,IDEALPRO-001,MARGIN,,"[{'type': 'MarginBalance', 'initial': '0.00', 'maintenance': '2264.96', 'currency': 'USD', 'instrument_id': 'EUR/USD.IDEALPRO'}]",False,{}
96782.75,2264.96,94517.79,USD,IDEALPRO-001,MARGIN,,"[{'type': 'MarginBalance', 'initial': '0.00', 'maintenance': '2264.96', 'currency': 'USD', 'instrument_id': 'EUR/USD.IDEALPRO'}]",False,{}
100000.00,0.00,100000.00,EUR,IDEALPRO-001,MARGIN,,"[{'type': 'MarginBalance', 'initial': '0.00', 'maintenance': '2264.96', 'currency': 'USD', 'instrument_id': 'EUR/USD.IDEALPRO'}]",False,{}
96782.75,2264.96,94517.79,USD,IDEALPRO-001,MARGIN,,"[{'type': 'MarginBalance', 'initial': '0.00', 'maintenance': '2264.96', 'currency': 'USD', 'instrument_id': 'EUR/USD.IDEALPRO'}]",False,{}
100000.00,0.00,100000.00,EUR,IDEALPRO-001,MARGIN,,"[{'type': 'MarginBalance', 'initial': '0.00', 'maintenance': '2264.96', 'currency': 'USD', 'instrument_id': 'EUR/USD.IDEALPRO'}]",False,{}
96713.48,0.00,96713.48,USD,IDEALPRO-001,MARGIN,,[],False,{}
100000.00,0.00,100000.00,EUR,IDEALPRO-001,MARGIN,,[],False,{}
96713.48,0.00,96713.48,USD,IDEALPRO-001,MARGIN,,[],False,{}
100000.00,0.00,100000.00,EUR,IDEALPRO-001,MARGIN,,[],False,{}
96713.48,3398.31,93315.17,USD,IDEALPRO-001,MARGIN,,"[{'type': 'MarginBalance', 'initial': '3398.31', 'maintenance': '0.00', 'currency': 'USD', 'instrument_id': 'EUR/USD.IDEALPRO'}]",False,{}
100000.00,0.00,100000.00,EUR,IDEALPRO-001,MARGIN,,"[{'type': 'MarginBalance', 'initial': '3398.31', 'maintenance': '0.00', 'currency': 'USD', 'instrument_id': 'EUR/USD.IDEALPRO'}]",False,{}
96713.48,3398.31,93315.17,USD,IDEALPRO-001,MARGIN,,"[{'type': 'MarginBalance', 'initial': '3398.31', 'maintenance': '0.00', 'currency': 'USD', 'instrument_id': 'EUR/USD.IDEALPRO'}]",False,{}
100000.00,0.00,100000.00,EUR,IDEALPRO-001,MARGIN,,"[{'type': 'MarginBalance', 'initial': '3398.31', 'maintenance': '0.00', 'currency': 'USD', 'instrument_id': 'EUR/USD.IDEALPRO'}]",False,{}
96713.48,3398.31,93315.17,USD,IDEALPRO-001,MARGIN,,"[{'type': 'MarginBalance', 'initial': '3398.31', 'maintenance': '0.00', 'currency': 'USD', 'instrument_id': 'EUR/USD.IDEALPRO'}]",False,{}
100000.00,0.00,100000.00,EUR,IDEALPRO-001,MARGIN,,"[{'type': 'MarginBalance', 'initial': '3398.31', 'maintenance': '0.00', 'currency': 'USD', 'instrument_id': 'EUR/USD.IDEALPRO'}]",False,{}
96711.21,3398.31,93312.90,USD,IDEALPRO-001,MARGIN,,"[{'type': 'MarginBalance', 'initial': '3398.31', 'maintenance': '0.00', 'currency': 'USD', 'instrument_id': 'EUR/USD.IDEALPRO'}]",False,{}
100000.00,0.00,100000.00,EUR,IDEALPRO-001,MARGIN,,"[{'type': 'MarginBalance', 'initial': '3398.31', 'maintenance': '0.00', 'currency': 'USD', 'instrument_id': 'EUR/USD.IDEALPRO'}]",False,{}
96711.21,2265.54,94445.67,USD,IDEALPRO-001,MARGIN,,"[{'type': 'MarginBalance', 'initial': '0.00', 'maintenance': '2265.54', 'currency': 'USD', 'instrument_id': 'EUR/USD.IDEALPRO'}]",False,{}
100000.00,0.00,100000.00,EUR,IDEALPRO-001,MARGIN,,"[{'type': 'MarginBalance', 'initial': '0.00', 'maintenance': '2265.54', 'currency': 'USD', 'instrument_id': 'EUR/USD.IDEALPRO'}]",False,{}
96711.21,2265.54,94445.67,USD,IDEALPRO-001,MARGIN,,"[{'type': 'MarginBalance', 'initial': '0.00', 'maintenance': '2265.54', 'currency': 'USD', 'instrument_id': 'EUR/USD.IDEALPRO'}]",False,{}
100000.00,0.00,100000.00,EUR,IDEALPRO-001,MARGIN,,"[{'type': 'MarginBalance', 'initial': '0.00', 'maintenance': '2265.54', 'currency': 'USD', 'instrument_id': 'EUR/USD.IDEALPRO'}]",False,{}
96711.21,2265.54,94445.67,USD,IDEALPRO-001,MARGIN,,"[{'type': 'MarginBalance', 'initial': '0.00', 'maintenance': '2265.54', 'currency': 'USD', 'instrument_id': 'EUR/USD.IDEALPRO'}]",False,{}
100000.00,0.00,100000.00,EUR,IDEALPRO-001,MARGIN,,"[{'type': 'MarginBalance', 'initial': '0.00', 'maintenance': '2265.54', 'currency': 'USD', 'instrument_id': 'EUR/USD.IDEALPRO'}]",False,{}
97208.93,0.00,97208.93,USD,IDEALPRO-001,MARGIN,,[],False,{}
100000.00,0.00,100000.00,EUR,IDEALPRO-001,MARGIN,,[],False,{}
97208.93,0.00,97208.93,USD,IDEALPRO-001,MARGIN,,[],False,{}
100000.00,0.00,100000.00,EUR,IDEALPRO-001,MARGIN,,[],False,{}
97208.93,3412.29,93796.64,USD,IDEALPRO-001,MARGIN,,"[{'type': 'MarginBalance', 'initial': '3412.29', 'maintenance': '0.00', 'currency': 'USD', 'instrument_id': 'EUR/USD.IDEALPRO'}]",False,{}
100000.00,0.00,100000.00,EUR,IDEALPRO-001,MARGIN,,"[{'type': 'MarginBalance', 'initial': '3412.29', 'maintenance': '0.00', 'currency': 'USD', 'instrument_id': 'EUR/USD.IDEALPRO'}]",False,{}
97208.93,3412.29,93796.64,USD,IDEALPRO-001,MARGIN,,"[{'type': 'MarginBalance', 'initial': '3412.29', 'maintenance': '0.00', 'currency': 'USD', 'instrument_id': 'EUR/USD.IDEALPRO'}]",False,{}
100000.00,0.00,100000.00,EUR,IDEALPRO-001,MARGIN,,"[{'type': 'MarginBalance', 'initial': '3412.29', 'maintenance': '0.00', 'currency': 'USD', 'instrument_id': 'EUR/USD.IDEALPRO'}]",False,{}
97208.93,3412.29,93796.64,USD,IDEALPRO-001,MARGIN,,"[{'type': 'MarginBalance', 'initial': '3412.29', 'maintenance': '0.00', 'currency': 'USD', 'instrument_id': 'EUR/USD.IDEALPRO'}]",False,{}
100000.00,0.00,100000.00,EUR,IDEALPRO-001,MARGIN,,"[{'type': 'MarginBalance', 'initial': '3412.29', 'maintenance': '0.00', 'currency': 'USD', 'instrument_id': 'EUR/USD.IDEALPRO'}]",False,{}
97206.66,3412.29,93794.37,USD,IDEALPRO-001,MARGIN,,"[{'type': 'MarginBalance', 'initial': '3412.29', 'maintenance': '0.00', 'currency': 'USD', 'instrument_id': 'EUR/USD.IDEALPRO'}]",False,{}
100000.00,0.00,100000.00,EUR,IDEALPRO-001,MARGIN,,"[{'type': 'MarginBalance', 'initial': '3412.29', 'maintenance': '0.00', 'currency': 'USD', 'instrument_id': 'EUR/USD.IDEALPRO'}]",False,{}
97206.66,2275.00,94931.66,USD,IDEALPRO-001,MARGIN,,"[{'type': 'MarginBalance', 'initial': '0.00', 'maintenance': '2275.00', 'currency': 'USD', 'instrument_id': 'EUR/USD.IDEALPRO'}]",False,{}
100000.00,0.00,100000.00,EUR,IDEALPRO-001,MARGIN,,"[{'type': 'MarginBalance', 'initial': '0.00', 'maintenance': '2275.00', 'currency': 'USD', 'instrument_id': 'EUR/USD.IDEALPRO'}]",False,{}
97206.66,2275.00,94931.66,USD,IDEALPRO-001,MARGIN,,"[{'type': 'MarginBalance', 'initial': '0.00', 'maintenance': '2275.00', 'currency': 'USD', 'instrument_id': 'EUR/USD.IDEALPRO'}]",False,{}
100000.00,0.00,100000.00,EUR,IDEALPRO-001,MARGIN,,"[{'type': 'MarginBalance', 'initial': '0.00', 'maintenance': '2275.00', 'currency': 'USD', 'instrument_id': 'EUR/USD.IDEALPRO'}]",False,{}
97206.66,2275.00,94931.66,USD,IDEALPRO-001,MARGIN,,"[{'type': 'MarginBalance', 'initial': '0.00', 'maintenance': '2275.00', 'currency': 'USD', 'instrument_id': 'EUR/USD.IDEALPRO'}]",False,{}
100000.00,0.00,100000.00,EUR,IDEALPRO-001,MARGIN,,"[{'type': 'MarginBalance', 'initial': '0.00', 'maintenance': '2275.00', 'currency': 'USD', 'instrument_id': 'EUR/USD.IDEALPRO'}]",False,{}
97206.66,2275.00,94931.66,USD,IDEALPRO-001,MARGIN,,"[{'type': 'MarginBalance', 'initial': '0.00', 'maintenance': '2275.00', 'currency': 'USD', 'instrument_id': 'EUR/USD.IDEALPRO'}]",False,{}
100000.00,0.00,100000.00,EUR,IDEALPRO-001,MARGIN,,"[{'type': 'MarginBalance', 'initial': '0.00', 'maintenance': '2275.00', 'currency': 'USD', 'instrument_id': 'EUR/USD.IDEALPRO'}]",False,{}
97261.39,0.00,97261.39,USD,IDEALPRO-001,MARGIN,,[],False,{}
100000.00,0.00,100000.00,EUR,IDEALPRO-001,MARGIN,,[],False,{}
97261.39,0.00,97261.39,USD,IDEALPRO-001,MARGIN,,[],False,{}
100000.00,0.00,100000.00,EUR,IDEALPRO-001,MARGIN,,[],False,{}
97261.39,0.00,97261.39,USD,IDEALPRO-001,MARGIN,,[],False,{}
100000.00,0.00,100000.00,EUR,IDEALPRO-001,MARGIN,,[],False,{}
97261.39,3446.97,93814.42,USD,IDEALPRO-001,MARGIN,,"[{'type': 'MarginBalance', 'initial': '3446.97', 'maintenance': '0.00', 'currency': 'USD', 'instrument_id': 'EUR/USD.IDEALPRO'}]",False,{}
100000.00,0.00,100000.00,EUR,IDEALPRO-001,MARGIN,,"[{'type': 'MarginBalance', 'initial': '3446.97', 'maintenance': '0.00', 'currency': 'USD', 'instrument_id': 'EUR/USD.IDEALPRO'}]",False,{}
97261.39,3446.97,93814.42,USD,IDEALPRO-001,MARGIN,,"[{'type': 'MarginBalance', 'initial': '3446.97', 'maintenance': '0.00', 'currency': 'USD', 'instrument_id': 'EUR/USD.IDEALPRO'}]",False,{}
100000.00,0.00,100000.00,EUR,IDEALPRO-001,MARGIN,,"[{'type': 'MarginBalance', 'initial': '3446.97', 'maintenance': '0.00', 'currency': 'USD', 'instrument_id': 'EUR/USD.IDEALPRO'}]",False,{}
97261.39,3446.97,93814.42,USD,IDEALPRO-001,MARGIN,,"[{'type': 'MarginBalance', 'initial': '3446.97', 'maintenance': '0.00', 'currency': 'USD', 'instrument_id': 'EUR/USD.IDEALPRO'}]",False,{}
100000.00,0.00,100000.00,EUR,IDEALPRO-001,MARGIN,,"[{'type': 'MarginBalance', 'initial': '3446.97', 'maintenance': '0.00', 'currency': 'USD', 'instrument_id': 'EUR/USD.IDEALPRO'}]",False,{}
97259.09,3446.97,93812.12,USD,IDEALPRO-001,MARGIN,,"[{'type': 'MarginBalance', 'initial': '3446.97', 'maintenance': '0.00', 'currency': 'USD', 'instrument_id': 'EUR/USD.IDEALPRO'}]",False,{}
100000.00,0.00,100000.00,EUR,IDEALPRO-001,MARGIN,,"[{'type': 'MarginBalance', 'initial': '3446.97', 'maintenance': '0.00', 'currency': 'USD', 'instrument_id': 'EUR/USD.IDEALPRO'}]",False,{}
97259.09,2298.34,94960.75,USD,IDEALPRO-001,MARGIN,,"[{'type': 'MarginBalance', 'initial': '0.00', 'maintenance': '2298.34', 'currency': 'USD', 'instrument_id': 'EUR/USD.IDEALPRO'}]",False,{}
100000.00,0.00,100000.00,EUR,IDEALPRO-001,MARGIN,,"[{'type': 'MarginBalance', 'initial': '0.00', 'maintenance': '2298.34', 'currency': 'USD', 'instrument_id': 'EUR/USD.IDEALPRO'}]",False,{}
97259.09,2298.34,94960.75,USD,IDEALPRO-001,MARGIN,,"[{'type': 'MarginBalance', 'initial': '0.00', 'maintenance': '2298.34', 'currency': 'USD', 'instrument_id': 'EUR/USD.IDEALPRO'}]",False,{}
100000.00,0.00,100000.00,EUR,IDEALPRO-001,MARGIN,,"[{'type': 'MarginBalance', 'initial': '0.00', 'maintenance': '2298.34', 'currency': 'USD', 'instrument_id': 'EUR/USD.IDEALPRO'}]",False,{}
97259.09,2298.34,94960.75,USD,IDEALPRO-001,MARGIN,,"[{'type': 'MarginBalance', 'initial': '0.00', 'maintenance': '2298.34', 'currency': 'USD', 'instrument_id': 'EUR/USD.IDEALPRO'}]",False,{}
100000.00,0.00,100000.00,EUR,IDEALPRO-001,MARGIN,,"[{'type': 'MarginBalance', 'initial': '0.00', 'maintenance': '2298.34', 'currency': 'USD', 'instrument_id': 'EUR/USD.IDEALPRO'}]",False,{}
97023.79,0.00,97023.79,USD,IDEALPRO-001,MARGIN,,[],False,{}
100000.00,0.00,100000.00,EUR,IDEALPRO-001,MARGIN,,[],False,{}
97023.79,0.00,97023.79,USD,IDEALPRO-001,MARGIN,,[],False,{}
100000.00,0.00,100000.00,EUR,IDEALPRO-001,MARGIN,,[],False,{}
97023.79,3461.31,93562.48,USD,IDEALPRO-001,MARGIN,,"[{'type': 'MarginBalance', 'initial': '3461.31', 'maintenance': '0.00', 'currency': 'USD', 'instrument_id': 'EUR/USD.IDEALPRO'}]",False,{}
100000.00,0.00,100000.00,EUR,IDEALPRO-001,MARGIN,,"[{'type': 'MarginBalance', 'initial': '3461.31', 'maintenance': '0.00', 'currency': 'USD', 'instrument_id': 'EUR/USD.IDEALPRO'}]",False,{}
97023.79,3461.31,93562.48,USD,IDEALPRO-001,MARGIN,,"[{'type': 'MarginBalance', 'initial': '3461.31', 'maintenance': '0.00', 'currency': 'USD', 'instrument_id': 'EUR/USD.IDEALPRO'}]",False,{}
100000.00,0.00,100000.00,EUR,IDEALPRO-001,MARGIN,,"[{'type': 'MarginBalance', 'initial': '3461.31', 'maintenance': '0.00', 'currency': 'USD', 'instrument_id': 'EUR/USD.IDEALPRO'}]",False,{}
97023.79,3461.31,93562.48,USD,IDEALPRO-001,MARGIN,,"[{'type': 'MarginBalance', 'initial': '3461.31', 'maintenance': '0.00', 'currency': 'USD', 'instrument_id': 'EUR/USD.IDEALPRO'}]",False,{}
100000.00,0.00,100000.00,EUR,IDEALPRO-001,MARGIN,,"[{'type': 'MarginBalance', 'initial': '3461.31', 'maintenance': '0.00', 'currency': 'USD', 'instrument_id': 'EUR/USD.IDEALPRO'}]",False,{}
97021.48,3461.31,93560.17,USD,IDEALPRO-001,MARGIN,,"[{'type': 'MarginBalance', 'initial': '3461.31', 'maintenance': '0.00', 'currency': 'USD', 'instrument_id': 'EUR/USD.IDEALPRO'}]",False,{}
100000.00,0.00,100000.00,EUR,IDEALPRO-001,MARGIN,,"[{'type': 'MarginBalance', 'initial': '3461.31', 'maintenance': '0.00', 'currency': 'USD', 'instrument_id': 'EUR/USD.IDEALPRO'}]",False,{}
97021.48,2307.54,94713.94,USD,IDEALPRO-001,MARGIN,,"[{'type': 'MarginBalance', 'initial': '0.00', 'maintenance': '2307.54', 'currency': 'USD', 'instrument_id': 'EUR/USD.IDEALPRO'}]",False,{}
100000.00,0.00,100000.00,EUR,IDEALPRO-001,MARGIN,,"[{'type': 'MarginBalance', 'initial': '0.00', 'maintenance': '2307.54', 'currency': 'USD', 'instrument_id': 'EUR/USD.IDEALPRO'}]",False,{}
97021.48,2307.54,94713.94,USD,IDEALPRO-001,MARGIN,,"[{'type': 'MarginBalance', 'initial': '0.00', 'maintenance': '2307.54', 'currency': 'USD', 'instrument_id': 'EUR/USD.IDEALPRO'}]",False,{}
100000.00,0.00,100000.00,EUR,IDEALPRO-001,MARGIN,,"[{'type': 'MarginBalance', 'initial': '0.00', 'maintenance': '2307.54', 'currency': 'USD', 'instrument_id': 'EUR/USD.IDEALPRO'}]",False,{}
97021.48,2307.54,94713.94,USD,IDEALPRO-001,MARGIN,,"[{'type': 'MarginBalance', 'initial': '0.00', 'maintenance': '2307.54', 'currency': 'USD', 'instrument_id': 'EUR/USD.IDEALPRO'}]",False,{}
100000.00,0.00,100000.00,EUR,IDEALPRO-001,MARGIN,,"[{'type': 'MarginBalance', 'initial': '0.00', 'maintenance': '2307.54', 'currency': 'USD', 'instrument_id': 'EUR/USD.IDEALPRO'}]",False,{}
96768.18,0.00,96768.18,USD,IDEALPRO-001,MARGIN,,[],False,{}
100000.00,0.00,100000.00,EUR,IDEALPRO-001,MARGIN,,[],False,{}
96768.18,0.00,96768.18,USD,IDEALPRO-001,MARGIN,,[],False,{}
100000.00,0.00,100000.00,EUR,IDEALPRO-001,MARGIN,,[],False,{}
96768.18,3448.86,93319.32,USD,IDEALPRO-001,MARGIN,,"[{'type': 'MarginBalance', 'initial': '3448.86', 'maintenance': '0.00', 'currency': 'USD', 'instrument_id': 'EUR/USD.IDEALPRO'}]",False,{}
100000.00,0.00,100000.00,EUR,IDEALPRO-001,MARGIN,,"[{'type': 'MarginBalance', 'initial': '3448.86', 'maintenance': '0.00', 'currency': 'USD', 'instrument_id': 'EUR/USD.IDEALPRO'}]",False,{}
96768.18,3448.86,93319.32,USD,IDEALPRO-001,MARGIN,,"[{'type': 'MarginBalance', 'initial': '3448.86', 'maintenance': '0.00', 'currency': 'USD', 'instrument_id': 'EUR/USD.IDEALPRO'}]",False,{}
100000.00,0.00,100000.00,EUR,IDEALPRO-001,MARGIN,,"[{'type': 'MarginBalance', 'initial': '3448.86', 'maintenance': '0.00', 'currency': 'USD', 'instrument_id': 'EUR/USD.IDEALPRO'}]",False,{}
96768.18,3448.86,93319.32,USD,IDEALPRO-001,MARGIN,,"[{'type': 'MarginBalance', 'initial': '3448.86', 'maintenance': '0.00', 'currency': 'USD', 'instrument_id': 'EUR/USD.IDEALPRO'}]",False,{}
100000.00,0.00,100000.00,EUR,IDEALPRO-001,MARGIN,,"[{'type': 'MarginBalance', 'initial': '3448.86', 'maintenance': '0.00', 'currency': 'USD', 'instrument_id': 'EUR/USD.IDEALPRO'}]",False,{}
96765.88,3448.86,93317.02,USD,IDEALPRO-001,MARGIN,,"[{'type': 'MarginBalance', 'initial': '3448.86', 'maintenance': '0.00', 'currency': 'USD', 'instrument_id': 'EUR/USD.IDEALPRO'}]",False,{}
100000.00,0.00,100000.00,EUR,IDEALPRO-001,MARGIN,,"[{'type': 'MarginBalance', 'initial': '3448.86', 'maintenance': '0.00', 'currency': 'USD', 'instrument_id': 'EUR/USD.IDEALPRO'}]",False,{}
96765.88,2299.96,94465.92,USD,IDEALPRO-001,MARGIN,,"[{'type': 'MarginBalance', 'initial': '0.00', 'maintenance': '2299.96', 'currency': 'USD', 'instrument_id': 'EUR/USD.IDEALPRO'}]",False,{}
100000.00,0.00,100000.00,EUR,IDEALPRO-001,MARGIN,,"[{'type': 'MarginBalance', 'initial': '0.00', 'maintenance': '2299.96', 'currency': 'USD', 'instrument_id': 'EUR/USD.IDEALPRO'}]",False,{}
96765.88,2299.96,94465.92,USD,IDEALPRO-001,MARGIN,,"[{'type': 'MarginBalance', 'initial': '0.00', 'maintenance': '2299.96', 'currency': 'USD', 'instrument_id': 'EUR/USD.IDEALPRO'}]",False,{}
100000.00,0.00,100000.00,EUR,IDEALPRO-001,MARGIN,,"[{'type': 'MarginBalance', 'initial': '0.00', 'maintenance': '2299.96', 'currency': 'USD', 'instrument_id': 'EUR/USD.IDEALPRO'}]",False,{}
96765.88,2299.96,94465.92,USD,IDEALPRO-001,MARGIN,,"[{'type': 'MarginBalance', 'initial': '0.00', 'maintenance': '2299.96', 'currency': 'USD', 'instrument_id': 'EUR/USD.IDEALPRO'}]",False,{}
100000.00,0.00,100000.00,EUR,IDEALPRO-001,MARGIN,,"[{'type': 'MarginBalance', 'initial': '0.00', 'maintenance': '2299.96', 'currency': 'USD', 'instrument_id': 'EUR/USD.IDEALPRO'}]",False,{}
97299.59,0.00,97299.59,USD,IDEALPRO-001,MARGIN,,[],False,{}
100000.00,0.00,100000.00,EUR,IDEALPRO-001,MARGIN,,[],False,{}
97299.59,0.00,97299.59,USD,IDEALPRO-001,MARGIN,,[],False,{}
100000.00,0.00,100000.00,EUR,IDEALPRO-001,MARGIN,,[],False,{}
97299.59,3424.26,93875.33,USD,IDEALPRO-001,MARGIN,,"[{'type': 'MarginBalance', 'initial': '3424.26', 'maintenance': '0.00', 'currency': 'USD', 'instrument_id': 'EUR/USD.IDEALPRO'}]",False,{}
100000.00,0.00,100000.00,EUR,IDEALPRO-001,MARGIN,,"[{'type': 'MarginBalance', 'initial': '3424.26', 'maintenance': '0.00', 'currency': 'USD', 'instrument_id': 'EUR/USD.IDEALPRO'}]",False,{}
97299.59,3424.26,93875.33,USD,IDEALPRO-001,MARGIN,,"[{'type': 'MarginBalance', 'initial': '3424.26', 'maintenance': '0.00', 'currency': 'USD', 'instrument_id': 'EUR/USD.IDEALPRO'}]",False,{}
100000.00,0.00,100000.00,EUR,IDEALPRO-001,MARGIN,,"[{'type': 'MarginBalance', 'initial': '3424.26', 'maintenance': '0.00', 'currency': 'USD', 'instrument_id': 'EUR/USD.IDEALPRO'}]",False,{}
97299.59,3424.26,93875.33,USD,IDEALPRO-001,MARGIN,,"[{'type': 'MarginBalance', 'initial': '3424.26', 'maintenance': '0.00', 'currency': 'USD', 'instrument_id': 'EUR/USD.IDEALPRO'}]",False,{}
100000.00,0.00,100000.00,EUR,IDEALPRO-001,MARGIN,,"[{'type': 'MarginBalance', 'initial': '3424.26', 'maintenance': '0.00', 'currency': 'USD', 'instrument_id': 'EUR/USD.IDEALPRO'}]",False,{}
97297.31,3424.26,93873.05,USD,IDEALPRO-001,MARGIN,,"[{'type': 'MarginBalance', 'initial': '3424.26', 'maintenance': '0.00', 'currency': 'USD', 'instrument_id': 'EUR/USD.IDEALPRO'}]",False,{}
100000.00,0.00,100000.00,EUR,IDEALPRO-001,MARGIN,,"[{'type': 'MarginBalance', 'initial': '3424.26', 'maintenance': '0.00', 'currency': 'USD', 'instrument_id': 'EUR/USD.IDEALPRO'}]",False,{}
97297.31,2282.20,95015.11,USD,IDEALPRO-001,MARGIN,,"[{'type': 'MarginBalance', 'initial': '0.00', 'maintenance': '2282.20', 'currency': 'USD', 'instrument_id': 'EUR/USD.IDEALPRO'}]",False,{}
100000.00,0.00,100000.00,EUR,IDEALPRO-001,MARGIN,,"[{'type': 'MarginBalance', 'initial': '0.00', 'maintenance': '2282.20', 'currency': 'USD', 'instrument_id': 'EUR/USD.IDEALPRO'}]",False,{}
97297.31,2282.20,95015.11,USD,IDEALPRO-001,MARGIN,,"[{'type': 'MarginBalance', 'initial': '0.00', 'maintenance': '2282.20', 'currency': 'USD', 'instrument_id': 'EUR/USD.IDEALPRO'}]",False,{}
100000.00,0.00,100000.00,EUR,IDEALPRO-001,MARGIN,,"[{'type': 'MarginBalance', 'initial': '0.00', 'maintenance': '2282.20', 'currency': 'USD', 'instrument_id': 'EUR/USD.IDEALPRO'}]",False,{}
97297.31,2282.20,95015.11,USD,IDEALPRO-001,MARGIN,,"[{'type': 'MarginBalance', 'initial': '0.00', 'maintenance': '2282.20', 'currency': 'USD', 'instrument_id': 'EUR/USD.IDEALPRO'}]",False,{}
100000.00,0.00,100000.00,EUR,IDEALPRO-001,MARGIN,,"[{'type': 'MarginBalance', 'initial': '0.00', 'maintenance': '2282.20', 'currency': 'USD', 'instrument_id': 'EUR/USD.IDEALPRO'}]",False,{}
97076.03,0.00,97076.03,USD,IDEALPRO-001,MARGIN,,[],False,{}
100000.00,0.00,100000.00,EUR,IDEALPRO-001,MARGIN,,[],False,{}
97076.03,0.00,97076.03,USD,IDEALPRO-001,MARGIN,,[],False,{}
100000.00,0.00,100000.00,EUR,IDEALPRO-001,MARGIN,,[],False,{}
97076.03,3404.64,93671.39,USD,IDEALPRO-001,MARGIN,,"[{'type': 'MarginBalance', 'initial': '3404.64', 'maintenance': '0.00', 'currency': 'USD', 'instrument_id': 'EUR/USD.IDEALPRO'}]",False,{}
100000.00,0.00,100000.00,EUR,IDEALPRO-001,MARGIN,,"[{'type': 'MarginBalance', 'initial': '3404.64', 'maintenance': '0.00', 'currency': 'USD', 'instrument_id': 'EUR/USD.IDEALPRO'}]",False,{}
97076.03,3404.64,93671.39,USD,IDEALPRO-001,MARGIN,,"[{'type': 'MarginBalance', 'initial': '3404.64', 'maintenance': '0.00', 'currency': 'USD', 'instrument_id': 'EUR/USD.IDEALPRO'}]",False,{}
100000.00,0.00,100000.00,EUR,IDEALPRO-001,MARGIN,,"[{'type': 'MarginBalance', 'initial': '3404.64', 'maintenance': '0.00', 'currency': 'USD', 'instrument_id': 'EUR/USD.IDEALPRO'}]",False,{}
97076.03,3404.64,93671.39,USD,IDEALPRO-001,MARGIN,,"[{'type': 'MarginBalance', 'initial': '3404.64', 'maintenance': '0.00', 'currency': 'USD', 'instrument_id': 'EUR/USD.IDEALPRO'}]",False,{}
100000.00,0.00,100000.00,EUR,IDEALPRO-001,MARGIN,,"[{'type': 'MarginBalance', 'initial': '3404.64', 'maintenance': '0.00', 'currency': 'USD', 'instrument_id': 'EUR/USD.IDEALPRO'}]",False,{}
97073.76,3404.64,93669.12,USD,IDEALPRO-001,MARGIN,,"[{'type': 'MarginBalance', 'initial': '3404.64', 'maintenance': '0.00', 'currency': 'USD', 'instrument_id': 'EUR/USD.IDEALPRO'}]",False,{}
100000.00,0.00,100000.00,EUR,IDEALPRO-001,MARGIN,,"[{'type': 'MarginBalance', 'initial': '3404.64', 'maintenance': '0.00', 'currency': 'USD', 'instrument_id': 'EUR/USD.IDEALPRO'}]",False,{}
97073.76,2271.28,94802.48,USD,IDEALPRO-001,MARGIN,,"[{'type': 'MarginBalance', 'initial': '0.00', 'maintenance': '2271.28', 'currency': 'USD', 'instrument_id': 'EUR/USD.IDEALPRO'}]",False,{}
100000.00,0.00,100000.00,EUR,IDEALPRO-001,MARGIN,,"[{'type': 'MarginBalance', 'initial': '0.00', 'maintenance': '2271.28', 'currency': 'USD', 'instrument_id': 'EUR/USD.IDEALPRO'}]",False,{}
97073.76,2271.28,94802.48,USD,IDEALPRO-001,MARGIN,,"[{'type': 'MarginBalance', 'initial': '0.00', 'maintenance': '2271.28', 'currency': 'USD', 'instrument_id': 'EUR/USD.IDEALPRO'}]",False,{}
100000.00,0.00,100000.00,EUR,IDEALPRO-001,MARGIN,,"[{'type': 'MarginBalance', 'initial': '0.00', 'maintenance': '2271.28', 'currency': 'USD', 'instrument_id': 'EUR/USD.IDEALPRO'}]",False,{}
97073.76,2271.28,94802.48,USD,IDEALPRO-001,MARGIN,,"[{'type': 'MarginBalance', 'initial': '0.00', 'maintenance': '2271.28', 'currency': 'USD', 'instrument_id': 'EUR/USD.IDEALPRO'}]",False,{}
100000.00,0.00,100000.00,EUR,IDEALPRO-001,MARGIN,,"[{'type': 'MarginBalance', 'initial': '0.00', 'maintenance': '2271.28', 'currency': 'USD', 'instrument_id': 'EUR/USD.IDEALPRO'}]",False,{}
96896.49,0.00,96896.49,USD,IDEALPRO-001,MARGIN,,[],False,{}
100000.00,0.00,100000.00,EUR,IDEALPRO-001,MARGIN,,[],False,{}
96896.49,0.00,96896.49,USD,IDEALPRO-001,MARGIN,,[],False,{}
100000.00,0.00,100000.00,EUR,IDEALPRO-001,MARGIN,,[],False,{}
96896.49,3414.00,93482.49,USD,IDEALPRO-001,MARGIN,,"[{'type': 'MarginBalance', 'initial': '3414.00', 'maintenance': '0.00', 'currency': 'USD', 'instrument_id': 'EUR/USD.IDEALPRO'}]",False,{}
100000.00,0.00,100000.00,EUR,IDEALPRO-001,MARGIN,,"[{'type': 'MarginBalance', 'initial': '3414.00', 'maintenance': '0.00', 'currency': 'USD', 'instrument_id': 'EUR/USD.IDEALPRO'}]",False,{}
96896.49,3414.00,93482.49,USD,IDEALPRO-001,MARGIN,,"[{'type': 'MarginBalance', 'initial': '3414.00', 'maintenance': '0.00', 'currency': 'USD', 'instrument_id': 'EUR/USD.IDEALPRO'}]",False,{}
100000.00,0.00,100000.00,EUR,IDEALPRO-001,MARGIN,,"[{'type': 'MarginBalance', 'initial': '3414.00', 'maintenance': '0.00', 'currency': 'USD', 'instrument_id': 'EUR/USD.IDEALPRO'}]",False,{}
96896.49,3414.00,93482.49,USD,IDEALPRO-001,MARGIN,,"[{'type': 'MarginBalance', 'initial': '3414.00', 'maintenance': '0.00', 'currency': 'USD', 'instrument_id': 'EUR/USD.IDEALPRO'}]",False,{}
100000.00,0.00,100000.00,EUR,IDEALPRO-001,MARGIN,,"[{'type': 'MarginBalance', 'initial': '3414.00', 'maintenance': '0.00', 'currency': 'USD', 'instrument_id': 'EUR/USD.IDEALPRO'}]",False,{}
96894.21,3414.00,93480.21,USD,IDEALPRO-001,MARGIN,,"[{'type': 'MarginBalance', 'initial': '3414.00', 'maintenance': '0.00', 'currency': 'USD', 'instrument_id': 'EUR/USD.IDEALPRO'}]",False,{}
100000.00,0.00,100000.00,EUR,IDEALPRO-001,MARGIN,,"[{'type': 'MarginBalance', 'initial': '3414.00', 'maintenance': '0.00', 'currency': 'USD', 'instrument_id': 'EUR/USD.IDEALPRO'}]",False,{}
96894.21,2276.00,94618.21,USD,IDEALPRO-001,MARGIN,,"[{'type': 'MarginBalance', 'initial': '0.00', 'maintenance': '2276.00', 'currency': 'USD', 'instrument_id': 'EUR/USD.IDEALPRO'}]",False,{}
100000.00,0.00,100000.00,EUR,IDEALPRO-001,MARGIN,,"[{'type': 'MarginBalance', 'initial': '0.00', 'maintenance': '2276.00', 'currency': 'USD', 'instrument_id': 'EUR/USD.IDEALPRO'}]",False,{}
96894.21,2276.00,94618.21,USD,IDEALPRO-001,MARGIN,,"[{'type': 'MarginBalance', 'initial': '0.00', 'maintenance': '2276.00', 'currency': 'USD', 'instrument_id': 'EUR/USD.IDEALPRO'}]",False,{}
100000.00,0.00,100000.00,EUR,IDEALPRO-001,MARGIN,,"[{'type': 'MarginBalance', 'initial': '0.00', 'maintenance': '2276.00', 'currency': 'USD', 'instrument_id': 'EUR/USD.IDEALPRO'}]",False,{}
96894.21,2276.00,94618.21,USD,IDEALPRO-001,MARGIN,,"[{'type': 'MarginBalance', 'initial': '0.00', 'maintenance': '2276.00', 'currency': 'USD', 'instrument_id': 'EUR/USD.IDEALPRO'}]",False,{}
100000.00,0.00,100000.00,EUR,IDEALPRO-001,MARGIN,,"[{'type': 'MarginBalance', 'initial': '0.00', 'maintenance': '2276.00', 'currency': 'USD', 'instrument_id': 'EUR/USD.IDEALPRO'}]",False,{}
96640.94,0.00,96640.94,USD,IDEALPRO-001,MARGIN,,[],False,{}
100000.00,0.00,100000.00,EUR,IDEALPRO-001,MARGIN,,[],False,{}
96640.94,0.00,96640.94,USD,IDEALPRO-001,MARGIN,,[],False,{}
100000.00,0.00,100000.00,EUR,IDEALPRO-001,MARGIN,,[],False,{}
96640.94,3404.19,93236.75,USD,IDEALPRO-001,MARGIN,,"[{'type': 'MarginBalance', 'initial': '3404.19', 'maintenance': '0.00', 'currency': 'USD', 'instrument_id': 'EUR/USD.IDEALPRO'}]",False,{}
100000.00,0.00,100000.00,EUR,IDEALPRO-001,MARGIN,,"[{'type': 'MarginBalance', 'initial': '3404.19', 'maintenance': '0.00', 'currency': 'USD', 'instrument_id': 'EUR/USD.IDEALPRO'}]",False,{}
96640.94,3404.19,93236.75,USD,IDEALPRO-001,MARGIN,,"[{'type': 'MarginBalance', 'initial': '3404.19', 'maintenance': '0.00', 'currency': 'USD', 'instrument_id': 'EUR/USD.IDEALPRO'}]",False,{}
100000.00,0.00,100000.00,EUR,IDEALPRO-001,MARGIN,,"[{'type': 'MarginBalance', 'initial': '3404.19', 'maintenance': '0.00', 'currency': 'USD', 'instrument_id': 'EUR/USD.IDEALPRO'}]",False,{}
96640.94,3404.19,93236.75,USD,IDEALPRO-001,MARGIN,,"[{'type': 'MarginBalance', 'initial': '3404.19', 'maintenance': '0.00', 'currency': 'USD', 'instrument_id': 'EUR/USD.IDEALPRO'}]",False,{}
100000.00,0.00,100000.00,EUR,IDEALPRO-001,MARGIN,,"[{'type': 'MarginBalance', 'initial': '3404.19', 'maintenance': '0.00', 'currency': 'USD', 'instrument_id': 'EUR/USD.IDEALPRO'}]",False,{}
96638.67,3404.19,93234.48,USD,IDEALPRO-001,MARGIN,,"[{'type': 'MarginBalance', 'initial': '3404.19', 'maintenance': '0.00', 'currency': 'USD', 'instrument_id': 'EUR/USD.IDEALPRO'}]",False,{}
100000.00,0.00,100000.00,EUR,IDEALPRO-001,MARGIN,,"[{'type': 'MarginBalance', 'initial': '3404.19', 'maintenance': '0.00', 'currency': 'USD', 'instrument_id': 'EUR/USD.IDEALPRO'}]",False,{}
96638.67,2270.06,94368.61,USD,IDEALPRO-001,MARGIN,,"[{'type': 'MarginBalance', 'initial': '0.00', 'maintenance': '2270.06', 'currency': 'USD', 'instrument_id': 'EUR/USD.IDEALPRO'}]",False,{}
100000.00,0.00,100000.00,EUR,IDEALPRO-001,MARGIN,,"[{'type': 'MarginBalance', 'initial': '0.00', 'maintenance': '2270.06', 'currency': 'USD', 'instrument_id': 'EUR/USD.IDEALPRO'}]",False,{}
96638.67,2270.06,94368.61,USD,IDEALPRO-001,MARGIN,,"[{'type': 'MarginBalance', 'initial': '0.00', 'maintenance': '2270.06', 'currency': 'USD', 'instrument_id': 'EUR/USD.IDEALPRO'}]",False,{}
100000.00,0.00,100000.00,EUR,IDEALPRO-001,MARGIN,,"[{'type': 'MarginBalance', 'initial': '0.00', 'maintenance': '2270.06', 'currency': 'USD', 'instrument_id': 'EUR/USD.IDEALPRO'}]",False,{}
96638.67,2270.06,94368.61,USD,IDEALPRO-001,MARGIN,,"[{'type': 'MarginBalance', 'initial': '0.00', 'maintenance': '2270.06', 'currency': 'USD', 'instrument_id': 'EUR/USD.IDEALPRO'}]",False,{}
100000.00,0.00,100000.00,EUR,IDEALPRO-001,MARGIN,,"[{'type': 'MarginBalance', 'initial': '0.00', 'maintenance': '2270.06', 'currency': 'USD', 'instrument_id': 'EUR/USD.IDEALPRO'}]",False,{}
96415.40,0.00,96415.40,USD,IDEALPRO-001,MARGIN,,[],False,{}
100000.00,0.00,100000.00,EUR,IDEALPRO-001,MARGIN,,[],False,{}
96415.40,0.00,96415.40,USD,IDEALPRO-001,MARGIN,,[],False,{}
100000.00,0.00,100000.00,EUR,IDEALPRO-001,MARGIN,,[],False,{}
96415.40,3412.71,93002.69,USD,IDEALPRO-001,MARGIN,,"[{'type': 'MarginBalance', 'initial': '3412.71', 'maintenance': '0.00', 'currency': 'USD', 'instrument_id': 'EUR/USD.IDEALPRO'}]",False,{}
100000.00,0.00,100000.00,EUR,IDEALPRO-001,MARGIN,,"[{'type': 'MarginBalance', 'initial': '3412.71', 'maintenance': '0.00', 'currency': 'USD', 'instrument_id': 'EUR/USD.IDEALPRO'}]",False,{}
96415.40,3412.71,93002.69,USD,IDEALPRO-001,MARGIN,,"[{'type': 'MarginBalance', 'initial': '3412.71', 'maintenance': '0.00', 'currency': 'USD', 'instrument_id': 'EUR/USD.IDEALPRO'}]",False,{}
100000.00,0.00,100000.00,EUR,IDEALPRO-001,MARGIN,,"[{'type': 'MarginBalance', 'initial': '3412.71', 'maintenance': '0.00', 'currency': 'USD', 'instrument_id': 'EUR/USD.IDEALPRO'}]",False,{}
96415.40,3412.71,93002.69,USD,IDEALPRO-001,MARGIN,,"[{'type': 'MarginBalance', 'initial': '3412.71', 'maintenance': '0.00', 'currency': 'USD', 'instrument_id': 'EUR/USD.IDEALPRO'}]",False,{}
100000.00,0.00,100000.00,EUR,IDEALPRO-001,MARGIN,,"[{'type': 'MarginBalance', 'initial': '3412.71', 'maintenance': '0.00', 'currency': 'USD', 'instrument_id': 'EUR/USD.IDEALPRO'}]",False,{}
96413.12,3412.71,93000.41,USD,IDEALPRO-001,MARGIN,,"[{'type': 'MarginBalance', 'initial': '3412.71', 'maintenance': '0.00', 'currency': 'USD', 'instrument_id': 'EUR/USD.IDEALPRO'}]",False,{}
100000.00,0.00,100000.00,EUR,IDEALPRO-001,MARGIN,,"[{'type': 'MarginBalance', 'initial': '3412.71', 'maintenance': '0.00', 'currency': 'USD', 'instrument_id': 'EUR/USD.IDEALPRO'}]",False,{}
96413.12,2275.14,94137.98,USD,IDEALPRO-001,MARGIN,,"[{'type': 'MarginBalance', 'initial': '0.00', 'maintenance': '2275.14', 'currency': 'USD', 'instrument_id': 'EUR/USD.IDEALPRO'}]",False,{}
100000.00,0.00,100000.00,EUR,IDEALPRO-001,MARGIN,,"[{'type': 'MarginBalance', 'initial': '0.00', 'maintenance': '2275.14', 'currency': 'USD', 'instrument_id': 'EUR/USD.IDEALPRO'}]",False,{}
96413.12,2275.14,94137.98,USD,IDEALPRO-001,MARGIN,,"[{'type': 'MarginBalance', 'initial': '0.00', 'maintenance': '2275.14', 'currency': 'USD', 'instrument_id': 'EUR/USD.IDEALPRO'}]",False,{}
100000.00,0.00,100000.00,EUR,IDEALPRO-001,MARGIN,,"[{'type': 'MarginBalance', 'initial': '0.00', 'maintenance': '2275.14', 'currency': 'USD', 'instrument_id': 'EUR/USD.IDEALPRO'}]",False,{}
96413.12,2275.14,94137.98,USD,IDEALPRO-001,MARGIN,,"[{'type': 'MarginBalance', 'initial': '0.00', 'maintenance': '2275.14', 'currency': 'USD', 'instrument_id': 'EUR/USD.IDEALPRO'}]",False,{}
100000.00,0.00,100000.00,EUR,IDEALPRO-001,MARGIN,,"[{'type': 'MarginBalance', 'initial': '0.00', 'maintenance': '2275.14', 'currency': 'USD', 'instrument_id': 'EUR/USD.IDEALPRO'}]",False,{}
96159.85,0.00,96159.85,USD,IDEALPRO-001,MARGIN,,[],False,{}
100000.00,0.00,100000.00,EUR,IDEALPRO-001,MARGIN,,[],False,{}
96159.85,0.00,96159.85,USD,IDEALPRO-001,MARGIN,,[],False,{}
100000.00,0.00,100000.00,EUR,IDEALPRO-001,MARGIN,,[],False,{}
96159.85,3403.53,92756.32,USD,IDEALPRO-001,MARGIN,,"[{'type': 'MarginBalance', 'initial': '3403.53', 'maintenance': '0.00', 'currency': 'USD', 'instrument_id': 'EUR/USD.IDEALPRO'}]",False,{}
100000.00,0.00,100000.00,EUR,IDEALPRO-001,MARGIN,,"[{'type': 'MarginBalance', 'initial': '3403.53', 'maintenance': '0.00', 'currency': 'USD', 'instrument_id': 'EUR/USD.IDEALPRO'}]",False,{}
96159.85,3403.53,92756.32,USD,IDEALPRO-001,MARGIN,,"[{'type': 'MarginBalance', 'initial': '3403.53', 'maintenance': '0.00', 'currency': 'USD', 'instrument_id': 'EUR/USD.IDEALPRO'}]",False,{}
100000.00,0.00,100000.00,EUR,IDEALPRO-001,MARGIN,,"[{'type': 'MarginBalance', 'initial': '3403.53', 'maintenance': '0.00', 'currency': 'USD', 'instrument_id': 'EUR/USD.IDEALPRO'}]",False,{}
96159.85,3403.53,92756.32,USD,IDEALPRO-001,MARGIN,,"[{'type': 'MarginBalance', 'initial': '3403.53', 'maintenance': '0.00', 'currency': 'USD', 'instrument_id': 'EUR/USD.IDEALPRO'}]",False,{}
100000.00,0.00,100000.00,EUR,IDEALPRO-001,MARGIN,,"[{'type': 'MarginBalance', 'initial': '3403.53', 'maintenance': '0.00', 'currency': 'USD', 'instrument_id': 'EUR/USD.IDEALPRO'}]",False,{}
96157.58,3403.53,92754.05,USD,IDEALPRO-001,MARGIN,,"[{'type': 'MarginBalance', 'initial': '3403.53', 'maintenance': '0.00', 'currency': 'USD', 'instrument_id': 'EUR/USD.IDEALPRO'}]",False,{}
100000.00,0.00,100000.00,EUR,IDEALPRO-001,MARGIN,,"[{'type': 'MarginBalance', 'initial': '3403.53', 'maintenance': '0.00', 'currency': 'USD', 'instrument_id': 'EUR/USD.IDEALPRO'}]",False,{}
96157.58,2271.50,93886.08,USD,IDEALPRO-001,MARGIN,,"[{'type': 'MarginBalance', 'initial': '0.00', 'maintenance': '2271.50', 'currency': 'USD', 'instrument_id': 'EUR/USD.IDEALPRO'}]",False,{}
100000.00,0.00,100000.00,EUR,IDEALPRO-001,MARGIN,,"[{'type': 'MarginBalance', 'initial': '0.00', 'maintenance': '2271.50', 'currency': 'USD', 'instrument_id': 'EUR/USD.IDEALPRO'}]",False,{}
96157.58,2271.50,93886.08,USD,IDEALPRO-001,MARGIN,,"[{'type': 'MarginBalance', 'initial': '0.00', 'maintenance': '2271.50', 'currency': 'USD', 'instrument_id': 'EUR/USD.IDEALPRO'}]",False,{}
100000.00,0.00,100000.00,EUR,IDEALPRO-001,MARGIN,,"[{'type': 'MarginBalance', 'initial': '0.00', 'maintenance': '2271.50', 'currency': 'USD', 'instrument_id': 'EUR/USD.IDEALPRO'}]",False,{}
96157.58,2271.50,93886.08,USD,IDEALPRO-001,MARGIN,,"[{'type': 'MarginBalance', 'initial': '0.00', 'maintenance': '2271.50', 'currency': 'USD', 'instrument_id': 'EUR/USD.IDEALPRO'}]",False,{}
100000.00,0.00,100000.00,EUR,IDEALPRO-001,MARGIN,,"[{'type': 'MarginBalance', 'initial': '0.00', 'maintenance': '2271.50', 'currency': 'USD', 'instrument_id': 'EUR/USD.IDEALPRO'}]",False,{}
96028.31,0.00,96028.31,USD,IDEALPRO-001,MARGIN,,[],False,{}
100000.00,0.00,100000.00,EUR,IDEALPRO-001,MARGIN,,[],False,{}
96028.31,0.00,96028.31,USD,IDEALPRO-001,MARGIN,,[],False,{}
100000.00,0.00,100000.00,EUR,IDEALPRO-001,MARGIN,,[],False,{}
96028.31,3410.70,92617.61,USD,IDEALPRO-001,MARGIN,,"[{'type': 'MarginBalance', 'initial': '3410.70', 'maintenance': '0.00', 'currency': 'USD', 'instrument_id': 'EUR/USD.IDEALPRO'}]",False,{}
100000.00,0.00,100000.00,EUR,IDEALPRO-001,MARGIN,,"[{'type': 'MarginBalance', 'initial': '3410.70', 'maintenance': '0.00', 'currency': 'USD', 'instrument_id': 'EUR/USD.IDEALPRO'}]",False,{}
96028.31,0.00,96028.31,USD,IDEALPRO-001,MARGIN,,[],False,{}
100000.00,0.00,100000.00,EUR,IDEALPRO-001,MARGIN,,[],False,{}
96028.31,0.00,96028.31,USD,IDEALPRO-001,MARGIN,,[],False,{}
100000.00,0.00,100000.00,EUR,IDEALPRO-001,MARGIN,,[],False,{}
96028.31,0.00,96028.31,USD,IDEALPRO-001,MARGIN,,[],False,{}
100000.00,0.00,100000.00,EUR,IDEALPRO-001,MARGIN,,[],False,{}
96028.31,3416.91,92611.40,USD,IDEALPRO-001,MARGIN,,"[{'type': 'MarginBalance', 'initial': '3416.91', 'maintenance': '0.00', 'currency': 'USD', 'instrument_id': 'EUR/USD.IDEALPRO'}]",False,{}
100000.00,0.00,100000.00,EUR,IDEALPRO-001,MARGIN,,"[{'type': 'MarginBalance', 'initial': '3416.91', 'maintenance': '0.00', 'currency': 'USD', 'instrument_id': 'EUR/USD.IDEALPRO'}]",False,{}
96028.31,3416.91,92611.40,USD,IDEALPRO-001,MARGIN,,"[{'type': 'MarginBalance', 'initial': '3416.91', 'maintenance': '0.00', 'currency': 'USD', 'instrument_id': 'EUR/USD.IDEALPRO'}]",False,{}
100000.00,0.00,100000.00,EUR,IDEALPRO-001,MARGIN,,"[{'type': 'MarginBalance', 'initial': '3416.91', 'maintenance': '0.00', 'currency': 'USD', 'instrument_id': 'EUR/USD.IDEALPRO'}]",False,{}
96028.31,3416.91,92611.40,USD,IDEALPRO-001,MARGIN,,"[{'type': 'MarginBalance', 'initial': '3416.91', 'maintenance': '0.00', 'currency': 'USD', 'instrument_id': 'EUR/USD.IDEALPRO'}]",False,{}
100000.00,0.00,100000.00,EUR,IDEALPRO-001,MARGIN,,"[{'type': 'MarginBalance', 'initial': '3416.91', 'maintenance': '0.00', 'currency': 'USD', 'instrument_id': 'EUR/USD.IDEALPRO'}]",False,{}
96026.03,3416.91,92609.12,USD,IDEALPRO-001,MARGIN,,"[{'type': 'MarginBalance', 'initial': '3416.91', 'maintenance': '0.00', 'currency': 'USD', 'instrument_id': 'EUR/USD.IDEALPRO'}]",False,{}
100000.00,0.00,100000.00,EUR,IDEALPRO-001,MARGIN,,"[{'type': 'MarginBalance', 'initial': '3416.91', 'maintenance': '0.00', 'currency': 'USD', 'instrument_id': 'EUR/USD.IDEALPRO'}]",False,{}
96026.03,2279.88,93746.15,USD,IDEALPRO-001,MARGIN,,"[{'type': 'MarginBalance', 'initial': '0.00', 'maintenance': '2279.88', 'currency': 'USD', 'instrument_id': 'EUR/USD.IDEALPRO'}]",False,{}
100000.00,0.00,100000.00,EUR,IDEALPRO-001,MARGIN,,"[{'type': 'MarginBalance', 'initial': '0.00', 'maintenance': '2279.88', 'currency': 'USD', 'instrument_id': 'EUR/USD.IDEALPRO'}]",False,{}
96026.03,2279.88,93746.15,USD,IDEALPRO-001,MARGIN,,"[{'type': 'MarginBalance', 'initial': '0.00', 'maintenance': '2279.88', 'currency': 'USD', 'instrument_id': 'EUR/USD.IDEALPRO'}]",False,{}
100000.00,0.00,100000.00,EUR,IDEALPRO-001,MARGIN,,"[{'type': 'MarginBalance', 'initial': '0.00', 'maintenance': '2279.88', 'currency': 'USD', 'instrument_id': 'EUR/USD.IDEALPRO'}]",False,{}
96026.03,2279.88,93746.15,USD,IDEALPRO-001,MARGIN,,"[{'type': 'MarginBalance', 'initial': '0.00', 'maintenance': '2279.88', 'currency': 'USD', 'instrument_id': 'EUR/USD.IDEALPRO'}]",False,{}
100000.00,0.00,100000.00,EUR,IDEALPRO-001,MARGIN,,"[{'type': 'MarginBalance', 'initial': '0.00', 'maintenance': '2279.88', 'currency': 'USD', 'instrument_id': 'EUR/USD.IDEALPRO'}]",False,{}
95869.75,0.00,95869.75,USD,IDEALPRO-001,MARGIN,,[],False,{}
100000.00,0.00,100000.00,EUR,IDEALPRO-001,MARGIN,,[],False,{}
95869.75,0.00,95869.75,USD,IDEALPRO-001,MARGIN,,[],False,{}
100000.00,0.00,100000.00,EUR,IDEALPRO-001,MARGIN,,[],False,{}
95869.75,3396.75,92473.00,USD,IDEALPRO-001,MARGIN,,"[{'type': 'MarginBalance', 'initial': '3396.75', 'maintenance': '0.00', 'currency': 'USD', 'instrument_id': 'EUR/USD.IDEALPRO'}]",False,{}
100000.00,0.00,100000.00,EUR,IDEALPRO-001,MARGIN,,"[{'type': 'MarginBalance', 'initial': '3396.75', 'maintenance': '0.00', 'currency': 'USD', 'instrument_id': 'EUR/USD.IDEALPRO'}]",False,{}
95869.75,3396.75,92473.00,USD,IDEALPRO-001,MARGIN,,"[{'type': 'MarginBalance', 'initial': '3396.75', 'maintenance': '0.00', 'currency': 'USD', 'instrument_id': 'EUR/USD.IDEALPRO'}]",False,{}
100000.00,0.00,100000.00,EUR,IDEALPRO-001,MARGIN,,"[{'type': 'MarginBalance', 'initial': '3396.75', 'maintenance': '0.00', 'currency': 'USD', 'instrument_id': 'EUR/USD.IDEALPRO'}]",False,{}
95869.75,3396.75,92473.00,USD,IDEALPRO-001,MARGIN,,"[{'type': 'MarginBalance', 'initial': '3396.75', 'maintenance': '0.00', 'currency': 'USD', 'instrument_id': 'EUR/USD.IDEALPRO'}]",False,{}
100000.00,0.00,100000.00,EUR,IDEALPRO-001,MARGIN,,"[{'type': 'MarginBalance', 'initial': '3396.75', 'maintenance': '0.00', 'currency': 'USD', 'instrument_id': 'EUR/USD.IDEALPRO'}]",False,{}
95867.49,3396.75,92470.74,USD,IDEALPRO-001,MARGIN,,"[{'type': 'MarginBalance', 'initial': '3396.75', 'maintenance': '0.00', 'currency': 'USD', 'instrument_id': 'EUR/USD.IDEALPRO'}]",False,{}
100000.00,0.00,100000.00,EUR,IDEALPRO-001,MARGIN,,"[{'type': 'MarginBalance', 'initial': '3396.75', 'maintenance': '0.00', 'currency': 'USD', 'instrument_id': 'EUR/USD.IDEALPRO'}]",False,{}
95867.49,2264.50,93602.99,USD,IDEALPRO-001,MARGIN,,"[{'type': 'MarginBalance', 'initial': '0.00', 'maintenance': '2264.50', 'currency': 'USD', 'instrument_id': 'EUR/USD.IDEALPRO'}]",False,{}
100000.00,0.00,100000.00,EUR,IDEALPRO-001,MARGIN,,"[{'type': 'MarginBalance', 'initial': '0.00', 'maintenance': '2264.50', 'currency': 'USD', 'instrument_id': 'EUR/USD.IDEALPRO'}]",False,{}
95867.49,2264.50,93602.99,USD,IDEALPRO-001,MARGIN,,"[{'type': 'MarginBalance', 'initial': '0.00', 'maintenance': '2264.50', 'currency': 'USD', 'instrument_id': 'EUR/USD.IDEALPRO'}]",False,{}
100000.00,0.00,100000.00,EUR,IDEALPRO-001,MARGIN,,"[{'type': 'MarginBalance', 'initial': '0.00', 'maintenance': '2264.50', 'currency': 'USD', 'instrument_id': 'EUR/USD.IDEALPRO'}]",False,{}
95867.49,2264.50,93602.99,USD,IDEALPRO-001,MARGIN,,"[{'type': 'MarginBalance', 'initial': '0.00', 'maintenance': '2264.50', 'currency': 'USD', 'instrument_id': 'EUR/USD.IDEALPRO'}]",False,{}
100000.00,0.00,100000.00,EUR,IDEALPRO-001,MARGIN,,"[{'type': 'MarginBalance', 'initial': '0.00', 'maintenance': '2264.50', 'currency': 'USD', 'instrument_id': 'EUR/USD.IDEALPRO'}]",False,{}
95614.23,0.00,95614.23,USD,IDEALPRO-001,MARGIN,,[],False,{}
100000.00,0.00,100000.00,EUR,IDEALPRO-001,MARGIN,,[],False,{}
95614.23,0.00,95614.23,USD,IDEALPRO-001,MARGIN,,[],False,{}
100000.00,0.00,100000.00,EUR,IDEALPRO-001,MARGIN,,[],False,{}
95614.23,3384.39,92229.84,USD,IDEALPRO-001,MARGIN,,"[{'type': 'MarginBalance', 'initial': '3384.39', 'maintenance': '0.00', 'currency': 'USD', 'instrument_id': 'EUR/USD.IDEALPRO'}]",False,{}
100000.00,0.00,100000.00,EUR,IDEALPRO-001,MARGIN,,"[{'type': 'MarginBalance', 'initial': '3384.39', 'maintenance': '0.00', 'currency': 'USD', 'instrument_id': 'EUR/USD.IDEALPRO'}]",False,{}
95614.23,3384.39,92229.84,USD,IDEALPRO-001,MARGIN,,"[{'type': 'MarginBalance', 'initial': '3384.39', 'maintenance': '0.00', 'currency': 'USD', 'instrument_id': 'EUR/USD.IDEALPRO'}]",False,{}
100000.00,0.00,100000.00,EUR,IDEALPRO-001,MARGIN,,"[{'type': 'MarginBalance', 'initial': '3384.39', 'maintenance': '0.00', 'currency': 'USD', 'instrument_id': 'EUR/USD.IDEALPRO'}]",False,{}
95614.23,3384.39,92229.84,USD,IDEALPRO-001,MARGIN,,"[{'type': 'MarginBalance', 'initial': '3384.39', 'maintenance': '0.00', 'currency': 'USD', 'instrument_id': 'EUR/USD.IDEALPRO'}]",False,{}
100000.00,0.00,100000.00,EUR,IDEALPRO-001,MARGIN,,"[{'type': 'MarginBalance', 'initial': '3384.39', 'maintenance': '0.00', 'currency': 'USD', 'instrument_id': 'EUR/USD.IDEALPRO'}]",False,{}
95611.97,3384.39,92227.58,USD,IDEALPRO-001,MARGIN,,"[{'type': 'MarginBalance', 'initial': '3384.39', 'maintenance': '0.00', 'currency': 'USD', 'instrument_id': 'EUR/USD.IDEALPRO'}]",False,{}
100000.00,0.00,100000.00,EUR,IDEALPRO-001,MARGIN,,"[{'type': 'MarginBalance', 'initial': '3384.39', 'maintenance': '0.00', 'currency': 'USD', 'instrument_id': 'EUR/USD.IDEALPRO'}]",False,{}
95611.97,2256.26,93355.71,USD,IDEALPRO-001,MARGIN,,"[{'type': 'MarginBalance', 'initial': '0.00', 'maintenance': '2256.26', 'currency': 'USD', 'instrument_id': 'EUR/USD.IDEALPRO'}]",False,{}
100000.00,0.00,100000.00,EUR,IDEALPRO-001,MARGIN,,"[{'type': 'MarginBalance', 'initial': '0.00', 'maintenance': '2256.26', 'currency': 'USD', 'instrument_id': 'EUR/USD.IDEALPRO'}]",False,{}
95611.97,2256.26,93355.71,USD,IDEALPRO-001,MARGIN,,"[{'type': 'MarginBalance', 'initial': '0.00', 'maintenance': '2256.26', 'currency': 'USD', 'instrument_id': 'EUR/USD.IDEALPRO'}]",False,{}
100000.00,0.00,100000.00,EUR,IDEALPRO-001,MARGIN,,"[{'type': 'MarginBalance', 'initial': '0.00', 'maintenance': '2256.26', 'currency': 'USD', 'instrument_id': 'EUR/USD.IDEALPRO'}]",False,{}
95611.97,2256.26,93355.71,USD,IDEALPRO-001,MARGIN,,"[{'type': 'MarginBalance', 'initial': '0.00', 'maintenance': '2256.26', 'currency': 'USD', 'instrument_id': 'EUR/USD.IDEALPRO'}]",False,{}
100000.00,0.00,100000.00,EUR,IDEALPRO-001,MARGIN,,"[{'type': 'MarginBalance', 'initial': '0.00', 'maintenance': '2256.26', 'currency': 'USD', 'instrument_id': 'EUR/USD.IDEALPRO'}]",False,{}
95358.71,0.00,95358.71,USD,IDEALPRO-001,MARGIN,,[],False,{}
100000.00,0.00,100000.00,EUR,IDEALPRO-001,MARGIN,,[],False,{}
95358.71,0.00,95358.71,USD,IDEALPRO-001,MARGIN,,[],False,{}
100000.00,0.00,100000.00,EUR,IDEALPRO-001,MARGIN,,[],False,{}
95358.71,3393.33,91965.38,USD,IDEALPRO-001,MARGIN,,"[{'type': 'MarginBalance', 'initial': '3393.33', 'maintenance': '0.00', 'currency': 'USD', 'instrument_id': 'EUR/USD.IDEALPRO'}]",False,{}
100000.00,0.00,100000.00,EUR,IDEALPRO-001,MARGIN,,"[{'type': 'MarginBalance', 'initial': '3393.33', 'maintenance': '0.00', 'currency': 'USD', 'instrument_id': 'EUR/USD.IDEALPRO'}]",False,{}
95358.71,3393.33,91965.38,USD,IDEALPRO-001,MARGIN,,"[{'type': 'MarginBalance', 'initial': '3393.33', 'maintenance': '0.00', 'currency': 'USD', 'instrument_id': 'EUR/USD.IDEALPRO'}]",False,{}
100000.00,0.00,100000.00,EUR,IDEALPRO-001,MARGIN,,"[{'type': 'MarginBalance', 'initial': '3393.33', 'maintenance': '0.00', 'currency': 'USD', 'instrument_id': 'EUR/USD.IDEALPRO'}]",False,{}
95358.71,3393.33,91965.38,USD,IDEALPRO-001,MARGIN,,"[{'type': 'MarginBalance', 'initial': '3393.33', 'maintenance': '0.00', 'currency': 'USD', 'instrument_id': 'EUR/USD.IDEALPRO'}]",False,{}
100000.00,0.00,100000.00,EUR,IDEALPRO-001,MARGIN,,"[{'type': 'MarginBalance', 'initial': '3393.33', 'maintenance': '0.00', 'currency': 'USD', 'instrument_id': 'EUR/USD.IDEALPRO'}]",False,{}
95356.45,3393.33,91963.12,USD,IDEALPRO-001,MARGIN,,"[{'type': 'MarginBalance', 'initial': '3393.33', 'maintenance': '0.00', 'currency': 'USD', 'instrument_id': 'EUR/USD.IDEALPRO'}]",False,{}
100000.00,0.00,100000.00,EUR,IDEALPRO-001,MARGIN,,"[{'type': 'MarginBalance', 'initial': '3393.33', 'maintenance': '0.00', 'currency': 'USD', 'instrument_id': 'EUR/USD.IDEALPRO'}]",False,{}
95356.45,2261.98,93094.47,USD,IDEALPRO-001,MARGIN,,"[{'type': 'MarginBalance', 'initial': '0.00', 'maintenance': '2261.98', 'currency': 'USD', 'instrument_id': 'EUR/USD.IDEALPRO'}]",False,{}
100000.00,0.00,100000.00,EUR,IDEALPRO-001,MARGIN,,"[{'type': 'MarginBalance', 'initial': '0.00', 'maintenance': '2261.98', 'currency': 'USD', 'instrument_id': 'EUR/USD.IDEALPRO'}]",False,{}
95356.45,2261.98,93094.47,USD,IDEALPRO-001,MARGIN,,"[{'type': 'MarginBalance', 'initial': '0.00', 'maintenance': '2261.98', 'currency': 'USD', 'instrument_id': 'EUR/USD.IDEALPRO'}]",False,{}
100000.00,0.00,100000.00,EUR,IDEALPRO-001,MARGIN,,"[{'type': 'MarginBalance', 'initial': '0.00', 'maintenance': '2261.98', 'currency': 'USD', 'instrument_id': 'EUR/USD.IDEALPRO'}]",False,{}
95356.45,2261.98,93094.47,USD,IDEALPRO-001,MARGIN,,"[{'type': 'MarginBalance', 'initial': '0.00', 'maintenance': '2261.98', 'currency': 'USD', 'instrument_id': 'EUR/USD.IDEALPRO'}]",False,{}
100000.00,0.00,100000.00,EUR,IDEALPRO-001,MARGIN,,"[{'type': 'MarginBalance', 'initial': '0.00', 'maintenance': '2261.98', 'currency': 'USD', 'instrument_id': 'EUR/USD.IDEALPRO'}]",False,{}
95866.18,0.00,95866.18,USD,IDEALPRO-001,MARGIN,,[],False,{}
100000.00,0.00,100000.00,EUR,IDEALPRO-001,MARGIN,,[],False,{}
95866.18,0.00,95866.18,USD,IDEALPRO-001,MARGIN,,[],False,{}
100000.00,0.00,100000.00,EUR,IDEALPRO-001,MARGIN,,[],False,{}
95866.18,3388.89,92477.29,USD,IDEALPRO-001,MARGIN,,"[{'type': 'MarginBalance', 'initial': '3388.89', 'maintenance': '0.00', 'currency': 'USD', 'instrument_id': 'EUR/USD.IDEALPRO'}]",False,{}
100000.00,0.00,100000.00,EUR,IDEALPRO-001,MARGIN,,"[{'type': 'MarginBalance', 'initial': '3388.89', 'maintenance': '0.00', 'currency': 'USD', 'instrument_id': 'EUR/USD.IDEALPRO'}]",False,{}
95866.18,3388.89,92477.29,USD,IDEALPRO-001,MARGIN,,"[{'type': 'MarginBalance', 'initial': '3388.89', 'maintenance': '0.00', 'currency': 'USD', 'instrument_id': 'EUR/USD.IDEALPRO'}]",False,{}
100000.00,0.00,100000.00,EUR,IDEALPRO-001,MARGIN,,"[{'type': 'MarginBalance', 'initial': '3388.89', 'maintenance': '0.00', 'currency': 'USD', 'instrument_id': 'EUR/USD.IDEALPRO'}]",False,{}
95866.18,3388.89,92477.29,USD,IDEALPRO-001,MARGIN,,"[{'type': 'MarginBalance', 'initial': '3388.89', 'maintenance': '0.00', 'currency': 'USD', 'instrument_id': 'EUR/USD.IDEALPRO'}]",False,{}
100000.00,0.00,100000.00,EUR,IDEALPRO-001,MARGIN,,"[{'type': 'MarginBalance', 'initial': '3388.89', 'maintenance': '0.00', 'currency': 'USD', 'instrument_id': 'EUR/USD.IDEALPRO'}]",False,{}
95863.92,3388.89,92475.03,USD,IDEALPRO-001,MARGIN,,"[{'type': 'MarginBalance', 'initial': '3388.89', 'maintenance': '0.00', 'currency': 'USD', 'instrument_id': 'EUR/USD.IDEALPRO'}]",False,{}
100000.00,0.00,100000.00,EUR,IDEALPRO-001,MARGIN,,"[{'type': 'MarginBalance', 'initial': '3388.89', 'maintenance': '0.00', 'currency': 'USD', 'instrument_id': 'EUR/USD.IDEALPRO'}]",False,{}
95863.92,2259.94,93603.98,USD,IDEALPRO-001,MARGIN,,"[{'type': 'MarginBalance', 'initial': '0.00', 'maintenance': '2259.94', 'currency': 'USD', 'instrument_id': 'EUR/USD.IDEALPRO'}]",False,{}
100000.00,0.00,100000.00,EUR,IDEALPRO-001,MARGIN,,"[{'type': 'MarginBalance', 'initial': '0.00', 'maintenance': '2259.94', 'currency': 'USD', 'instrument_id': 'EUR/USD.IDEALPRO'}]",False,{}
95863.92,2259.94,93603.98,USD,IDEALPRO-001,MARGIN,,"[{'type': 'MarginBalance', 'initial': '0.00', 'maintenance': '2259.94', 'currency': 'USD', 'instrument_id': 'EUR/USD.IDEALPRO'}]",False,{}
100000.00,0.00,100000.00,EUR,IDEALPRO-001,MARGIN,,"[{'type': 'MarginBalance', 'initial': '0.00', 'maintenance': '2259.94', 'currency': 'USD', 'instrument_id': 'EUR/USD.IDEALPRO'}]",False,{}
95863.92,2259.94,93603.98,USD,IDEALPRO-001,MARGIN,,"[{'type': 'MarginBalance', 'initial': '0.00', 'maintenance': '2259.94', 'currency': 'USD', 'instrument_id': 'EUR/USD.IDEALPRO'}]",False,{}
100000.00,0.00,100000.00,EUR,IDEALPRO-001,MARGIN,,"[{'type': 'MarginBalance', 'initial': '0.00', 'maintenance': '2259.94', 'currency': 'USD', 'instrument_id': 'EUR/USD.IDEALPRO'}]",False,{}
95644.66,0.00,95644.66,USD,IDEALPRO-001,MARGIN,,[],False,{}
100000.00,0.00,100000.00,EUR,IDEALPRO-001,MARGIN,,[],False,{}
95644.66,0.00,95644.66,USD,IDEALPRO-001,MARGIN,,[],False,{}
100000.00,0.00,100000.00,EUR,IDEALPRO-001,MARGIN,,[],False,{}
95644.66,3400.98,92243.68,USD,IDEALPRO-001,MARGIN,,"[{'type': 'MarginBalance', 'initial': '3400.98', 'maintenance': '0.00', 'currency': 'USD', 'instrument_id': 'EUR/USD.IDEALPRO'}]",False,{}
100000.00,0.00,100000.00,EUR,IDEALPRO-001,MARGIN,,"[{'type': 'MarginBalance', 'initial': '3400.98', 'maintenance': '0.00', 'currency': 'USD', 'instrument_id': 'EUR/USD.IDEALPRO'}]",False,{}
95644.66,3400.98,92243.68,USD,IDEALPRO-001,MARGIN,,"[{'type': 'MarginBalance', 'initial': '3400.98', 'maintenance': '0.00', 'currency': 'USD', 'instrument_id': 'EUR/USD.IDEALPRO'}]",False,{}
100000.00,0.00,100000.00,EUR,IDEALPRO-001,MARGIN,,"[{'type': 'MarginBalance', 'initial': '3400.98', 'maintenance': '0.00', 'currency': 'USD', 'instrument_id': 'EUR/USD.IDEALPRO'}]",False,{}
95644.66,3400.98,92243.68,USD,IDEALPRO-001,MARGIN,,"[{'type': 'MarginBalance', 'initial': '3400.98', 'maintenance': '0.00', 'currency': 'USD', 'instrument_id': 'EUR/USD.IDEALPRO'}]",False,{}
100000.00,0.00,100000.00,EUR,IDEALPRO-001,MARGIN,,"[{'type': 'MarginBalance', 'initial': '3400.98', 'maintenance': '0.00', 'currency': 'USD', 'instrument_id': 'EUR/USD.IDEALPRO'}]",False,{}
95644.66,3400.98,92243.68,USD,IDEALPRO-001,MARGIN,,"[{'type': 'MarginBalance', 'initial': '3400.98', 'maintenance': '0.00', 'currency': 'USD', 'instrument_id': 'EUR/USD.IDEALPRO'}]",False,{}
100000.00,0.00,100000.00,EUR,IDEALPRO-001,MARGIN,,"[{'type': 'MarginBalance', 'initial': '3400.98', 'maintenance': '0.00', 'currency': 'USD', 'instrument_id': 'EUR/USD.IDEALPRO'}]",False,{}
95644.66,3400.98,92243.68,USD,IDEALPRO-001,MARGIN,,"[{'type': 'MarginBalance', 'initial': '3400.98', 'maintenance': '0.00', 'currency': 'USD', 'instrument_id': 'EUR/USD.IDEALPRO'}]",False,{}
100000.00,0.00,100000.00,EUR,IDEALPRO-001,MARGIN,,"[{'type': 'MarginBalance', 'initial': '3400.98', 'maintenance': '0.00', 'currency': 'USD', 'instrument_id': 'EUR/USD.IDEALPRO'}]",False,{}
95644.66,3400.98,92243.68,USD,IDEALPRO-001,MARGIN,,"[{'type': 'MarginBalance', 'initial': '3400.98', 'maintenance': '0.00', 'currency': 'USD', 'instrument_id': 'EUR/USD.IDEALPRO'}]",False,{}
100000.00,0.00,100000.00,EUR,IDEALPRO-001,MARGIN,,"[{'type': 'MarginBalance', 'initial': '3400.98', 'maintenance': '0.00', 'currency': 'USD', 'instrument_id': 'EUR/USD.IDEALPRO'}]",False,{}
95642.39,3400.98,92241.41,USD,IDEALPRO-001,MARGIN,,"[{'type': 'MarginBalance', 'initial': '3400.98', 'maintenance': '0.00', 'currency': 'USD', 'instrument_id': 'EUR/USD.IDEALPRO'}]",False,{}
100000.00,0.00,100000.00,EUR,IDEALPRO-001,MARGIN,,"[{'type': 'MarginBalance', 'initial': '3400.98', 'maintenance': '0.00', 'currency': 'USD', 'instrument_id': 'EUR/USD.IDEALPRO'}]",False,{}
95642.39,2267.32,93375.07,USD,IDEALPRO-001,MARGIN,,"[{'type': 'MarginBalance', 'initial': '0.00', 'maintenance': '2267.32', 'currency': 'USD', 'instrument_id': 'EUR/USD.IDEALPRO'}]",False,{}
100000.00,0.00,100000.00,EUR,IDEALPRO-001,MARGIN,,"[{'type': 'MarginBalance', 'initial': '0.00', 'maintenance': '2267.32', 'currency': 'USD', 'instrument_id': 'EUR/USD.IDEALPRO'}]",False,{}
95642.39,2267.32,93375.07,USD,IDEALPRO-001,MARGIN,,"[{'type': 'MarginBalance', 'initial': '0.00', 'maintenance': '2267.32', 'currency': 'USD', 'instrument_id': 'EUR/USD.IDEALPRO'}]",False,{}
100000.00,0.00,100000.00,EUR,IDEALPRO-001,MARGIN,,"[{'type': 'MarginBalance', 'initial': '0.00', 'maintenance': '2267.32', 'currency': 'USD', 'instrument_id': 'EUR/USD.IDEALPRO'}]",False,{}
95642.39,2267.32,93375.07,USD,IDEALPRO-001,MARGIN,,"[{'type': 'MarginBalance', 'initial': '0.00', 'maintenance': '2267.32', 'currency': 'USD', 'instrument_id': 'EUR/USD.IDEALPRO'}]",False,{}
100000.00,0.00,100000.00,EUR,IDEALPRO-001,MARGIN,,"[{'type': 'MarginBalance', 'initial': '0.00', 'maintenance': '2267.32', 'currency': 'USD', 'instrument_id': 'EUR/USD.IDEALPRO'}]",False,{}
95642.39,2267.32,93375.07,USD,IDEALPRO-001,MARGIN,,"[{'type': 'MarginBalance', 'initial': '0.00', 'maintenance': '2267.32', 'currency': 'USD', 'instrument_id': 'EUR/USD.IDEALPRO'}]",False,{}
100000.00,0.00,100000.00,EUR,IDEALPRO-001,MARGIN,,"[{'type': 'MarginBalance', 'initial': '0.00', 'maintenance': '2267.32', 'currency': 'USD', 'instrument_id': 'EUR/USD.IDEALPRO'}]",False,{}
95642.39,2267.32,93375.07,USD,IDEALPRO-001,MARGIN,,"[{'type': 'MarginBalance', 'initial': '0.00', 'maintenance': '2267.32', 'currency': 'USD', 'instrument_id': 'EUR/USD.IDEALPRO'}]",False,{}
100000.00,0.00,100000.00,EUR,IDEALPRO-001,MARGIN,,"[{'type': 'MarginBalance', 'initial': '0.00', 'maintenance': '2267.32', 'currency': 'USD', 'instrument_id': 'EUR/USD.IDEALPRO'}]",False,{}
95389.13,0.00,95389.13,USD,IDEALPRO-001,MARGIN,,[],False,{}
100000.00,0.00,100000.00,EUR,IDEALPRO-001,MARGIN,,[],False,{}
95389.13,0.00,95389.13,USD,IDEALPRO-001,MARGIN,,[],False,{}
100000.00,0.00,100000.00,EUR,IDEALPRO-001,MARGIN,,[],False,{}
95389.13,3390.69,91998.44,USD,IDEALPRO-001,MARGIN,,"[{'type': 'MarginBalance', 'initial': '3390.69', 'maintenance': '0.00', 'currency': 'USD', 'instrument_id': 'EUR/USD.IDEALPRO'}]",False,{}
100000.00,0.00,100000.00,EUR,IDEALPRO-001,MARGIN,,"[{'type': 'MarginBalance', 'initial': '3390.69', 'maintenance': '0.00', 'currency': 'USD', 'instrument_id': 'EUR/USD.IDEALPRO'}]",False,{}
95389.13,3390.69,91998.44,USD,IDEALPRO-001,MARGIN,,"[{'type': 'MarginBalance', 'initial': '3390.69', 'maintenance': '0.00', 'currency': 'USD', 'instrument_id': 'EUR/USD.IDEALPRO'}]",False,{}
100000.00,0.00,100000.00,EUR,IDEALPRO-001,MARGIN,,"[{'type': 'MarginBalance', 'initial': '3390.69', 'maintenance': '0.00', 'currency': 'USD', 'instrument_id': 'EUR/USD.IDEALPRO'}]",False,{}
95389.13,3390.69,91998.44,USD,IDEALPRO-001,MARGIN,,"[{'type': 'MarginBalance', 'initial': '3390.69', 'maintenance': '0.00', 'currency': 'USD', 'instrument_id': 'EUR/USD.IDEALPRO'}]",False,{}
100000.00,0.00,100000.00,EUR,IDEALPRO-001,MARGIN,,"[{'type': 'MarginBalance', 'initial': '3390.69', 'maintenance': '0.00', 'currency': 'USD', 'instrument_id': 'EUR/USD.IDEALPRO'}]",False,{}
95386.87,3390.69,91996.18,USD,IDEALPRO-001,MARGIN,,"[{'type': 'MarginBalance', 'initial': '3390.69', 'maintenance': '0.00', 'currency': 'USD', 'instrument_id': 'EUR/USD.IDEALPRO'}]",False,{}
100000.00,0.00,100000.00,EUR,IDEALPRO-001,MARGIN,,"[{'type': 'MarginBalance', 'initial': '3390.69', 'maintenance': '0.00', 'currency': 'USD', 'instrument_id': 'EUR/USD.IDEALPRO'}]",False,{}
95386.87,2261.32,93125.55,USD,IDEALPRO-001,MARGIN,,"[{'type': 'MarginBalance', 'initial': '0.00', 'maintenance': '2261.32', 'currency': 'USD', 'instrument_id': 'EUR/USD.IDEALPRO'}]",False,{}
100000.00,0.00,100000.00,EUR,IDEALPRO-001,MARGIN,,"[{'type': 'MarginBalance', 'initial': '0.00', 'maintenance': '2261.32', 'currency': 'USD', 'instrument_id': 'EUR/USD.IDEALPRO'}]",False,{}
95386.87,2261.32,93125.55,USD,IDEALPRO-001,MARGIN,,"[{'type': 'MarginBalance', 'initial': '0.00', 'maintenance': '2261.32', 'currency': 'USD', 'instrument_id': 'EUR/USD.IDEALPRO'}]",False,{}
100000.00,0.00,100000.00,EUR,IDEALPRO-001,MARGIN,,"[{'type': 'MarginBalance', 'initial': '0.00', 'maintenance': '2261.32', 'currency': 'USD', 'instrument_id': 'EUR/USD.IDEALPRO'}]",False,{}
95386.87,2261.32,93125.55,USD,IDEALPRO-001,MARGIN,,"[{'type': 'MarginBalance', 'initial': '0.00', 'maintenance': '2261.32', 'currency': 'USD', 'instrument_id': 'EUR/USD.IDEALPRO'}]",False,{}
100000.00,0.00,100000.00,EUR,IDEALPRO-001,MARGIN,,"[{'type': 'MarginBalance', 'initial': '0.00', 'maintenance': '2261.32', 'currency': 'USD', 'instrument_id': 'EUR/USD.IDEALPRO'}]",False,{}
95176.60,0.00,95176.60,USD,IDEALPRO-001,MARGIN,,[],False,{}
100000.00,0.00,100000.00,EUR,IDEALPRO-001,MARGIN,,[],False,{}
95176.60,0.00,95176.60,USD,IDEALPRO-001,MARGIN,,[],False,{}
100000.00,0.00,100000.00,EUR,IDEALPRO-001,MARGIN,,[],False,{}
95176.60,3400.80,91775.80,USD,IDEALPRO-001,MARGIN,,"[{'type': 'MarginBalance', 'initial': '3400.80', 'maintenance': '0.00', 'currency': 'USD', 'instrument_id': 'EUR/USD.IDEALPRO'}]",False,{}
100000.00,0.00,100000.00,EUR,IDEALPRO-001,MARGIN,,"[{'type': 'MarginBalance', 'initial': '3400.80', 'maintenance': '0.00', 'currency': 'USD', 'instrument_id': 'EUR/USD.IDEALPRO'}]",False,{}
95176.60,3400.80,91775.80,USD,IDEALPRO-001,MARGIN,,"[{'type': 'MarginBalance', 'initial': '3400.80', 'maintenance': '0.00', 'currency': 'USD', 'instrument_id': 'EUR/USD.IDEALPRO'}]",False,{}
100000.00,0.00,100000.00,EUR,IDEALPRO-001,MARGIN,,"[{'type': 'MarginBalance', 'initial': '3400.80', 'maintenance': '0.00', 'currency': 'USD', 'instrument_id': 'EUR/USD.IDEALPRO'}]",False,{}
95176.60,3400.80,91775.80,USD,IDEALPRO-001,MARGIN,,"[{'type': 'MarginBalance', 'initial': '3400.80', 'maintenance': '0.00', 'currency': 'USD', 'instrument_id': 'EUR/USD.IDEALPRO'}]",False,{}
100000.00,0.00,100000.00,EUR,IDEALPRO-001,MARGIN,,"[{'type': 'MarginBalance', 'initial': '3400.80', 'maintenance': '0.00', 'currency': 'USD', 'instrument_id': 'EUR/USD.IDEALPRO'}]",False,{}
95174.33,3400.80,91773.53,USD,IDEALPRO-001,MARGIN,,"[{'type': 'MarginBalance', 'initial': '3400.80', 'maintenance': '0.00', 'currency': 'USD', 'instrument_id': 'EUR/USD.IDEALPRO'}]",False,{}
100000.00,0.00,100000.00,EUR,IDEALPRO-001,MARGIN,,"[{'type': 'MarginBalance', 'initial': '3400.80', 'maintenance': '0.00', 'currency': 'USD', 'instrument_id': 'EUR/USD.IDEALPRO'}]",False,{}
95174.33,2267.20,92907.13,USD,IDEALPRO-001,MARGIN,,"[{'type': 'MarginBalance', 'initial': '0.00', 'maintenance': '2267.20', 'currency': 'USD', 'instrument_id': 'EUR/USD.IDEALPRO'}]",False,{}
100000.00,0.00,100000.00,EUR,IDEALPRO-001,MARGIN,,"[{'type': 'MarginBalance', 'initial': '0.00', 'maintenance': '2267.20', 'currency': 'USD', 'instrument_id': 'EUR/USD.IDEALPRO'}]",False,{}
95174.33,2267.20,92907.13,USD,IDEALPRO-001,MARGIN,,"[{'type': 'MarginBalance', 'initial': '0.00', 'maintenance': '2267.20', 'currency': 'USD', 'instrument_id': 'EUR/USD.IDEALPRO'}]",False,{}
100000.00,0.00,100000.00,EUR,IDEALPRO-001,MARGIN,,"[{'type': 'MarginBalance', 'initial': '0.00', 'maintenance': '2267.20', 'currency': 'USD', 'instrument_id': 'EUR/USD.IDEALPRO'}]",False,{}
95174.33,2267.20,92907.13,USD,IDEALPRO-001,MARGIN,,"[{'type': 'MarginBalance', 'initial': '0.00', 'maintenance': '2267.20', 'currency': 'USD', 'instrument_id': 'EUR/USD.IDEALPRO'}]",False,{}
100000.00,0.00,100000.00,EUR,IDEALPRO-001,MARGIN,,"[{'type': 'MarginBalance', 'initial': '0.00', 'maintenance': '2267.20', 'currency': 'USD', 'instrument_id': 'EUR/USD.IDEALPRO'}]",False,{}
94921.07,0.00,94921.07,USD,IDEALPRO-001,MARGIN,,[],False,{}
100000.00,0.00,100000.00,EUR,IDEALPRO-001,MARGIN,,[],False,{}
94921.07,0.00,94921.07,USD,IDEALPRO-001,MARGIN,,[],False,{}
100000.00,0.00,100000.00,EUR,IDEALPRO-001,MARGIN,,[],False,{}
94921.07,3399.21,91521.86,USD,IDEALPRO-001,MARGIN,,"[{'type': 'MarginBalance', 'initial': '3399.21', 'maintenance': '0.00', 'currency': 'USD', 'instrument_id': 'EUR/USD.IDEALPRO'}]",False,{}
100000.00,0.00,100000.00,EUR,IDEALPRO-001,MARGIN,,"[{'type': 'MarginBalance', 'initial': '3399.21', 'maintenance': '0.00', 'currency': 'USD', 'instrument_id': 'EUR/USD.IDEALPRO'}]",False,{}
94921.07,3399.21,91521.86,USD,IDEALPRO-001,MARGIN,,"[{'type': 'MarginBalance', 'initial': '3399.21', 'maintenance': '0.00', 'currency': 'USD', 'instrument_id': 'EUR/USD.IDEALPRO'}]",False,{}
100000.00,0.00,100000.00,EUR,IDEALPRO-001,MARGIN,,"[{'type': 'MarginBalance', 'initial': '3399.21', 'maintenance': '0.00', 'currency': 'USD', 'instrument_id': 'EUR/USD.IDEALPRO'}]",False,{}
94921.07,3399.21,91521.86,USD,IDEALPRO-001,MARGIN,,"[{'type': 'MarginBalance', 'initial': '3399.21', 'maintenance': '0.00', 'currency': 'USD', 'instrument_id': 'EUR/USD.IDEALPRO'}]",False,{}
100000.00,0.00,100000.00,EUR,IDEALPRO-001,MARGIN,,"[{'type': 'MarginBalance', 'initial': '3399.21', 'maintenance': '0.00', 'currency': 'USD', 'instrument_id': 'EUR/USD.IDEALPRO'}]",False,{}
94918.80,3399.21,91519.59,USD,IDEALPRO-001,MARGIN,,"[{'type': 'MarginBalance', 'initial': '3399.21', 'maintenance': '0.00', 'currency': 'USD', 'instrument_id': 'EUR/USD.IDEALPRO'}]",False,{}
100000.00,0.00,100000.00,EUR,IDEALPRO-001,MARGIN,,"[{'type': 'MarginBalance', 'initial': '3399.21', 'maintenance': '0.00', 'currency': 'USD', 'instrument_id': 'EUR/USD.IDEALPRO'}]",False,{}
94918.80,2267.28,92651.52,USD,IDEALPRO-001,MARGIN,,"[{'type': 'MarginBalance', 'initial': '0.00', 'maintenance': '2267.28', 'currency': 'USD', 'instrument_id': 'EUR/USD.IDEALPRO'}]",False,{}
100000.00,0.00,100000.00,EUR,IDEALPRO-001,MARGIN,,"[{'type': 'MarginBalance', 'initial': '0.00', 'maintenance': '2267.28', 'currency': 'USD', 'instrument_id': 'EUR/USD.IDEALPRO'}]",False,{}
94918.80,2267.28,92651.52,USD,IDEALPRO-001,MARGIN,,"[{'type': 'MarginBalance', 'initial': '0.00', 'maintenance': '2267.28', 'currency': 'USD', 'instrument_id': 'EUR/USD.IDEALPRO'}]",False,{}
100000.00,0.00,100000.00,EUR,IDEALPRO-001,MARGIN,,"[{'type': 'MarginBalance', 'initial': '0.00', 'maintenance': '2267.28', 'currency': 'USD', 'instrument_id': 'EUR/USD.IDEALPRO'}]",False,{}
94918.80,2267.28,92651.52,USD,IDEALPRO-001,MARGIN,,"[{'type': 'MarginBalance', 'initial': '0.00', 'maintenance': '2267.28', 'currency': 'USD', 'instrument_id': 'EUR/USD.IDEALPRO'}]",False,{}
100000.00,0.00,100000.00,EUR,IDEALPRO-001,MARGIN,,"[{'type': 'MarginBalance', 'initial': '0.00', 'maintenance': '2267.28', 'currency': 'USD', 'instrument_id': 'EUR/USD.IDEALPRO'}]",False,{}
94722.53,0.00,94722.53,USD,IDEALPRO-001,MARGIN,,[],False,{}
100000.00,0.00,100000.00,EUR,IDEALPRO-001,MARGIN,,[],False,{}
94722.53,0.00,94722.53,USD,IDEALPRO-001,MARGIN,,[],False,{}
100000.00,0.00,100000.00,EUR,IDEALPRO-001,MARGIN,,[],False,{}
94722.53,3409.62,91312.91,USD,IDEALPRO-001,MARGIN,,"[{'type': 'MarginBalance', 'initial': '3409.62', 'maintenance': '0.00', 'currency': 'USD', 'instrument_id': 'EUR/USD.IDEALPRO'}]",False,{}
100000.00,0.00,100000.00,EUR,IDEALPRO-001,MARGIN,,"[{'type': 'MarginBalance', 'initial': '3409.62', 'maintenance': '0.00', 'currency': 'USD', 'instrument_id': 'EUR/USD.IDEALPRO'}]",False,{}
94722.53,3409.62,91312.91,USD,IDEALPRO-001,MARGIN,,"[{'type': 'MarginBalance', 'initial': '3409.62', 'maintenance': '0.00', 'currency': 'USD', 'instrument_id': 'EUR/USD.IDEALPRO'}]",False,{}
100000.00,0.00,100000.00,EUR,IDEALPRO-001,MARGIN,,"[{'type': 'MarginBalance', 'initial': '3409.62', 'maintenance': '0.00', 'currency': 'USD', 'instrument_id': 'EUR/USD.IDEALPRO'}]",False,{}
94722.53,3409.62,91312.91,USD,IDEALPRO-001,MARGIN,,"[{'type': 'MarginBalance', 'initial': '3409.62', 'maintenance': '0.00', 'currency': 'USD', 'instrument_id': 'EUR/USD.IDEALPRO'}]",False,{}
100000.00,0.00,100000.00,EUR,IDEALPRO-001,MARGIN,,"[{'type': 'MarginBalance', 'initial': '3409.62', 'maintenance': '0.00', 'currency': 'USD', 'instrument_id': 'EUR/USD.IDEALPRO'}]",False,{}
94720.26,3409.62,91310.64,USD,IDEALPRO-001,MARGIN,,"[{'type': 'MarginBalance', 'initial': '3409.62', 'maintenance': '0.00', 'currency': 'USD', 'instrument_id': 'EUR/USD.IDEALPRO'}]",False,{}
100000.00,0.00,100000.00,EUR,IDEALPRO-001,MARGIN,,"[{'type': 'MarginBalance', 'initial': '3409.62', 'maintenance': '0.00', 'currency': 'USD', 'instrument_id': 'EUR/USD.IDEALPRO'}]",False,{}
94720.26,2273.08,92447.18,USD,IDEALPRO-001,MARGIN,,"[{'type': 'MarginBalance', 'initial': '0.00', 'maintenance': '2273.08', 'currency': 'USD', 'instrument_id': 'EUR/USD.IDEALPRO'}]",False,{}
100000.00,0.00,100000.00,EUR,IDEALPRO-001,MARGIN,,"[{'type': 'MarginBalance', 'initial': '0.00', 'maintenance': '2273.08', 'currency': 'USD', 'instrument_id': 'EUR/USD.IDEALPRO'}]",False,{}
94720.26,2273.08,92447.18,USD,IDEALPRO-001,MARGIN,,"[{'type': 'MarginBalance', 'initial': '0.00', 'maintenance': '2273.08', 'currency': 'USD', 'instrument_id': 'EUR/USD.IDEALPRO'}]",False,{}
100000.00,0.00,100000.00,EUR,IDEALPRO-001,MARGIN,,"[{'type': 'MarginBalance', 'initial': '0.00', 'maintenance': '2273.08', 'currency': 'USD', 'instrument_id': 'EUR/USD.IDEALPRO'}]",False,{}
94720.26,2273.08,92447.18,USD,IDEALPRO-001,MARGIN,,"[{'type': 'MarginBalance', 'initial': '0.00', 'maintenance': '2273.08', 'currency': 'USD', 'instrument_id': 'EUR/USD.IDEALPRO'}]",False,{}
100000.00,0.00,100000.00,EUR,IDEALPRO-001,MARGIN,,"[{'type': 'MarginBalance', 'initial': '0.00', 'maintenance': '2273.08', 'currency': 'USD', 'instrument_id': 'EUR/USD.IDEALPRO'}]",False,{}
94466.99,0.00,94466.99,USD,IDEALPRO-001,MARGIN,,[],False,{}
100000.00,0.00,100000.00,EUR,IDEALPRO-001,MARGIN,,[],False,{}
94466.99,0.00,94466.99,USD,IDEALPRO-001,MARGIN,,[],False,{}
100000.00,0.00,100000.00,EUR,IDEALPRO-001,MARGIN,,[],False,{}
94466.99,3403.83,91063.16,USD,IDEALPRO-001,MARGIN,,"[{'type': 'MarginBalance', 'initial': '3403.83', 'maintenance': '0.00', 'currency': 'USD', 'instrument_id': 'EUR/USD.IDEALPRO'}]",False,{}
100000.00,0.00,100000.00,EUR,IDEALPRO-001,MARGIN,,"[{'type': 'MarginBalance', 'initial': '3403.83', 'maintenance': '0.00', 'currency': 'USD', 'instrument_id': 'EUR/USD.IDEALPRO'}]",False,{}
94466.99,3403.83,91063.16,USD,IDEALPRO-001,MARGIN,,"[{'type': 'MarginBalance', 'initial': '3403.83', 'maintenance': '0.00', 'currency': 'USD', 'instrument_id': 'EUR/USD.IDEALPRO'}]",False,{}
100000.00,0.00,100000.00,EUR,IDEALPRO-001,MARGIN,,"[{'type': 'MarginBalance', 'initial': '3403.83', 'maintenance': '0.00', 'currency': 'USD', 'instrument_id': 'EUR/USD.IDEALPRO'}]",False,{}
94466.99,3403.83,91063.16,USD,IDEALPRO-001,MARGIN,,"[{'type': 'MarginBalance', 'initial': '3403.83', 'maintenance': '0.00', 'currency': 'USD', 'instrument_id': 'EUR/USD.IDEALPRO'}]",False,{}
100000.00,0.00,100000.00,EUR,IDEALPRO-001,MARGIN,,"[{'type': 'MarginBalance', 'initial': '3403.83', 'maintenance': '0.00', 'currency': 'USD', 'instrument_id': 'EUR/USD.IDEALPRO'}]",False,{}
94464.72,3403.83,91060.89,USD,IDEALPRO-001,MARGIN,,"[{'type': 'MarginBalance', 'initial': '3403.83', 'maintenance': '0.00', 'currency': 'USD', 'instrument_id': 'EUR/USD.IDEALPRO'}]",False,{}
100000.00,0.00,100000.00,EUR,IDEALPRO-001,MARGIN,,"[{'type': 'MarginBalance', 'initial': '3403.83', 'maintenance': '0.00', 'currency': 'USD', 'instrument_id': 'EUR/USD.IDEALPRO'}]",False,{}
94464.72,2269.22,92195.50,USD,IDEALPRO-001,MARGIN,,"[{'type': 'MarginBalance', 'initial': '0.00', 'maintenance': '2269.22', 'currency': 'USD', 'instrument_id': 'EUR/USD.IDEALPRO'}]",False,{}
100000.00,0.00,100000.00,EUR,IDEALPRO-001,MARGIN,,"[{'type': 'MarginBalance', 'initial': '0.00', 'maintenance': '2269.22', 'currency': 'USD', 'instrument_id': 'EUR/USD.IDEALPRO'}]",False,{}
94464.72,2269.22,92195.50,USD,IDEALPRO-001,MARGIN,,"[{'type': 'MarginBalance', 'initial': '0.00', 'maintenance': '2269.22', 'currency': 'USD', 'instrument_id': 'EUR/USD.IDEALPRO'}]",False,{}
100000.00,0.00,100000.00,EUR,IDEALPRO-001,MARGIN,,"[{'type': 'MarginBalance', 'initial': '0.00', 'maintenance': '2269.22', 'currency': 'USD', 'instrument_id': 'EUR/USD.IDEALPRO'}]",False,{}
94464.72,2269.22,92195.50,USD,IDEALPRO-001,MARGIN,,"[{'type': 'MarginBalance', 'initial': '0.00', 'maintenance': '2269.22', 'currency': 'USD', 'instrument_id': 'EUR/USD.IDEALPRO'}]",False,{}
100000.00,0.00,100000.00,EUR,IDEALPRO-001,MARGIN,,"[{'type': 'MarginBalance', 'initial': '0.00', 'maintenance': '2269.22', 'currency': 'USD', 'instrument_id': 'EUR/USD.IDEALPRO'}]",False,{}
94962.46,0.00,94962.46,USD,IDEALPRO-001,MARGIN,,[],False,{}
100000.00,0.00,100000.00,EUR,IDEALPRO-001,MARGIN,,[],False,{}
94962.46,0.00,94962.46,USD,IDEALPRO-001,MARGIN,,[],False,{}
100000.00,0.00,100000.00,EUR,IDEALPRO-001,MARGIN,,[],False,{}
94962.46,3375.87,91586.59,USD,IDEALPRO-001,MARGIN,,"[{'type': 'MarginBalance', 'initial': '3375.87', 'maintenance': '0.00', 'currency': 'USD', 'instrument_id': 'EUR/USD.IDEALPRO'}]",False,{}
100000.00,0.00,100000.00,EUR,IDEALPRO-001,MARGIN,,"[{'type': 'MarginBalance', 'initial': '3375.87', 'maintenance': '0.00', 'currency': 'USD', 'instrument_id': 'EUR/USD.IDEALPRO'}]",False,{}
94962.46,3375.87,91586.59,USD,IDEALPRO-001,MARGIN,,"[{'type': 'MarginBalance', 'initial': '3375.87', 'maintenance': '0.00', 'currency': 'USD', 'instrument_id': 'EUR/USD.IDEALPRO'}]",False,{}
100000.00,0.00,100000.00,EUR,IDEALPRO-001,MARGIN,,"[{'type': 'MarginBalance', 'initial': '3375.87', 'maintenance': '0.00', 'currency': 'USD', 'instrument_id': 'EUR/USD.IDEALPRO'}]",False,{}
94962.46,3375.87,91586.59,USD,IDEALPRO-001,MARGIN,,"[{'type': 'MarginBalance', 'initial': '3375.87', 'maintenance': '0.00', 'currency': 'USD', 'instrument_id': 'EUR/USD.IDEALPRO'}]",False,{}
100000.00,0.00,100000.00,EUR,IDEALPRO-001,MARGIN,,"[{'type': 'MarginBalance', 'initial': '3375.87', 'maintenance': '0.00', 'currency': 'USD', 'instrument_id': 'EUR/USD.IDEALPRO'}]",False,{}
94960.21,3375.87,91584.34,USD,IDEALPRO-001,MARGIN,,"[{'type': 'MarginBalance', 'initial': '3375.87', 'maintenance': '0.00', 'currency': 'USD', 'instrument_id': 'EUR/USD.IDEALPRO'}]",False,{}
100000.00,0.00,100000.00,EUR,IDEALPRO-001,MARGIN,,"[{'type': 'MarginBalance', 'initial': '3375.87', 'maintenance': '0.00', 'currency': 'USD', 'instrument_id': 'EUR/USD.IDEALPRO'}]",False,{}
94960.21,2250.58,92709.63,USD,IDEALPRO-001,MARGIN,,"[{'type': 'MarginBalance', 'initial': '0.00', 'maintenance': '2250.58', 'currency': 'USD', 'instrument_id': 'EUR/USD.IDEALPRO'}]",False,{}
100000.00,0.00,100000.00,EUR,IDEALPRO-001,MARGIN,,"[{'type': 'MarginBalance', 'initial': '0.00', 'maintenance': '2250.58', 'currency': 'USD', 'instrument_id': 'EUR/USD.IDEALPRO'}]",False,{}
94960.21,2250.58,92709.63,USD,IDEALPRO-001,MARGIN,,"[{'type': 'MarginBalance', 'initial': '0.00', 'maintenance': '2250.58', 'currency': 'USD', 'instrument_id': 'EUR/USD.IDEALPRO'}]",False,{}
100000.00,0.00,100000.00,EUR,IDEALPRO-001,MARGIN,,"[{'type': 'MarginBalance', 'initial': '0.00', 'maintenance': '2250.58', 'currency': 'USD', 'instrument_id': 'EUR/USD.IDEALPRO'}]",False,{}
94960.21,2250.58,92709.63,USD,IDEALPRO-001,MARGIN,,"[{'type': 'MarginBalance', 'initial': '0.00', 'maintenance': '2250.58', 'currency': 'USD', 'instrument_id': 'EUR/USD.IDEALPRO'}]",False,{}
100000.00,0.00,100000.00,EUR,IDEALPRO-001,MARGIN,,"[{'type': 'MarginBalance', 'initial': '0.00', 'maintenance': '2250.58', 'currency': 'USD', 'instrument_id': 'EUR/USD.IDEALPRO'}]",False,{}
94706.96,0.00,94706.96,USD,IDEALPRO-001,MARGIN,,[],False,{}
100000.00,0.00,100000.00,EUR,IDEALPRO-001,MARGIN,,[],False,{}
94706.96,0.00,94706.96,USD,IDEALPRO-001,MARGIN,,[],False,{}
100000.00,0.00,100000.00,EUR,IDEALPRO-001,MARGIN,,[],False,{}
94706.96,3364.23,91342.73,USD,IDEALPRO-001,MARGIN,,"[{'type': 'MarginBalance', 'initial': '3364.23', 'maintenance': '0.00', 'currency': 'USD', 'instrument_id': 'EUR/USD.IDEALPRO'}]",False,{}
100000.00,0.00,100000.00,EUR,IDEALPRO-001,MARGIN,,"[{'type': 'MarginBalance', 'initial': '3364.23', 'maintenance': '0.00', 'currency': 'USD', 'instrument_id': 'EUR/USD.IDEALPRO'}]",False,{}
94706.96,3364.23,91342.73,USD,IDEALPRO-001,MARGIN,,"[{'type': 'MarginBalance', 'initial': '3364.23', 'maintenance': '0.00', 'currency': 'USD', 'instrument_id': 'EUR/USD.IDEALPRO'}]",False,{}
100000.00,0.00,100000.00,EUR,IDEALPRO-001,MARGIN,,"[{'type': 'MarginBalance', 'initial': '3364.23', 'maintenance': '0.00', 'currency': 'USD', 'instrument_id': 'EUR/USD.IDEALPRO'}]",False,{}
94706.96,3364.23,91342.73,USD,IDEALPRO-001,MARGIN,,"[{'type': 'MarginBalance', 'initial': '3364.23', 'maintenance': '0.00', 'currency': 'USD', 'instrument_id': 'EUR/USD.IDEALPRO'}]",False,{}
100000.00,0.00,100000.00,EUR,IDEALPRO-001,MARGIN,,"[{'type': 'MarginBalance', 'initial': '3364.23', 'maintenance': '0.00', 'currency': 'USD', 'instrument_id': 'EUR/USD.IDEALPRO'}]",False,{}
94704.71,3364.23,91340.48,USD,IDEALPRO-001,MARGIN,,"[{'type': 'MarginBalance', 'initial': '3364.23', 'maintenance': '0.00', 'currency': 'USD', 'instrument_id': 'EUR/USD.IDEALPRO'}]",False,{}
100000.00,0.00,100000.00,EUR,IDEALPRO-001,MARGIN,,"[{'type': 'MarginBalance', 'initial': '3364.23', 'maintenance': '0.00', 'currency': 'USD', 'instrument_id': 'EUR/USD.IDEALPRO'}]",False,{}
94704.71,2245.02,92459.69,USD,IDEALPRO-001,MARGIN,,"[{'type': 'MarginBalance', 'initial': '0.00', 'maintenance': '2245.02', 'currency': 'USD', 'instrument_id': 'EUR/USD.IDEALPRO'}]",False,{}
100000.00,0.00,100000.00,EUR,IDEALPRO-001,MARGIN,,"[{'type': 'MarginBalance', 'initial': '0.00', 'maintenance': '2245.02', 'currency': 'USD', 'instrument_id': 'EUR/USD.IDEALPRO'}]",False,{}
94704.71,2245.02,92459.69,USD,IDEALPRO-001,MARGIN,,"[{'type': 'MarginBalance', 'initial': '0.00', 'maintenance': '2245.02', 'currency': 'USD', 'instrument_id': 'EUR/USD.IDEALPRO'}]",False,{}
100000.00,0.00,100000.00,EUR,IDEALPRO-001,MARGIN,,"[{'type': 'MarginBalance', 'initial': '0.00', 'maintenance': '2245.02', 'currency': 'USD', 'instrument_id': 'EUR/USD.IDEALPRO'}]",False,{}
94704.71,2245.02,92459.69,USD,IDEALPRO-001,MARGIN,,"[{'type': 'MarginBalance', 'initial': '0.00', 'maintenance': '2245.02', 'currency': 'USD', 'instrument_id': 'EUR/USD.IDEALPRO'}]",False,{}
100000.00,0.00,100000.00,EUR,IDEALPRO-001,MARGIN,,"[{'type': 'MarginBalance', 'initial': '0.00', 'maintenance': '2245.02', 'currency': 'USD', 'instrument_id': 'EUR/USD.IDEALPRO'}]",False,{}
94561.46,0.00,94561.46,USD,IDEALPRO-001,MARGIN,,[],False,{}
100000.00,0.00,100000.00,EUR,IDEALPRO-001,MARGIN,,[],False,{}
94561.46,0.00,94561.46,USD,IDEALPRO-001,MARGIN,,[],False,{}
100000.00,0.00,100000.00,EUR,IDEALPRO-001,MARGIN,,[],False,{}
94561.46,3331.89,91229.57,USD,IDEALPRO-001,MARGIN,,"[{'type': 'MarginBalance', 'initial': '3331.89', 'maintenance': '0.00', 'currency': 'USD', 'instrument_id': 'EUR/USD.IDEALPRO'}]",False,{}
100000.00,0.00,100000.00,EUR,IDEALPRO-001,MARGIN,,"[{'type': 'MarginBalance', 'initial': '3331.89', 'maintenance': '0.00', 'currency': 'USD', 'instrument_id': 'EUR/USD.IDEALPRO'}]",False,{}
94561.46,0.00,94561.46,USD,IDEALPRO-001,MARGIN,,[],False,{}
100000.00,0.00,100000.00,EUR,IDEALPRO-001,MARGIN,,[],False,{}
94561.46,0.00,94561.46,USD,IDEALPRO-001,MARGIN,,[],False,{}
100000.00,0.00,100000.00,EUR,IDEALPRO-001,MARGIN,,[],False,{}
94561.46,0.00,94561.46,USD,IDEALPRO-001,MARGIN,,[],False,{}
100000.00,0.00,100000.00,EUR,IDEALPRO-001,MARGIN,,[],False,{}
94561.46,3355.59,91205.87,USD,IDEALPRO-001,MARGIN,,"[{'type': 'MarginBalance', 'initial': '3355.59', 'maintenance': '0.00', 'currency': 'USD', 'instrument_id': 'EUR/USD.IDEALPRO'}]",False,{}
100000.00,0.00,100000.00,EUR,IDEALPRO-001,MARGIN,,"[{'type': 'MarginBalance', 'initial': '3355.59', 'maintenance': '0.00', 'currency': 'USD', 'instrument_id': 'EUR/USD.IDEALPRO'}]",False,{}
94561.46,3355.59,91205.87,USD,IDEALPRO-001,MARGIN,,"[{'type': 'MarginBalance', 'initial': '3355.59', 'maintenance': '0.00', 'currency': 'USD', 'instrument_id': 'EUR/USD.IDEALPRO'}]",False,{}
100000.00,0.00,100000.00,EUR,IDEALPRO-001,MARGIN,,"[{'type': 'MarginBalance', 'initial': '3355.59', 'maintenance': '0.00', 'currency': 'USD', 'instrument_id': 'EUR/USD.IDEALPRO'}]",False,{}
94561.46,3355.59,91205.87,USD,IDEALPRO-001,MARGIN,,"[{'type': 'MarginBalance', 'initial': '3355.59', 'maintenance': '0.00', 'currency': 'USD', 'instrument_id': 'EUR/USD.IDEALPRO'}]",False,{}
100000.00,0.00,100000.00,EUR,IDEALPRO-001,MARGIN,,"[{'type': 'MarginBalance', 'initial': '3355.59', 'maintenance': '0.00', 'currency': 'USD', 'instrument_id': 'EUR/USD.IDEALPRO'}]",False,{}
94559.22,3355.59,91203.63,USD,IDEALPRO-001,MARGIN,,"[{'type': 'MarginBalance', 'initial': '3355.59', 'maintenance': '0.00', 'currency': 'USD', 'instrument_id': 'EUR/USD.IDEALPRO'}]",False,{}
100000.00,0.00,100000.00,EUR,IDEALPRO-001,MARGIN,,"[{'type': 'MarginBalance', 'initial': '3355.59', 'maintenance': '0.00', 'currency': 'USD', 'instrument_id': 'EUR/USD.IDEALPRO'}]",False,{}
94559.22,2237.84,92321.38,USD,IDEALPRO-001,MARGIN,,"[{'type': 'MarginBalance', 'initial': '0.00', 'maintenance': '2237.84', 'currency': 'USD', 'instrument_id': 'EUR/USD.IDEALPRO'}]",False,{}
100000.00,0.00,100000.00,EUR,IDEALPRO-001,MARGIN,,"[{'type': 'MarginBalance', 'initial': '0.00', 'maintenance': '2237.84', 'currency': 'USD', 'instrument_id': 'EUR/USD.IDEALPRO'}]",False,{}
94559.22,2237.84,92321.38,USD,IDEALPRO-001,MARGIN,,"[{'type': 'MarginBalance', 'initial': '0.00', 'maintenance': '2237.84', 'currency': 'USD', 'instrument_id': 'EUR/USD.IDEALPRO'}]",False,{}
100000.00,0.00,100000.00,EUR,IDEALPRO-001,MARGIN,,"[{'type': 'MarginBalance', 'initial': '0.00', 'maintenance': '2237.84', 'currency': 'USD', 'instrument_id': 'EUR/USD.IDEALPRO'}]",False,{}
94559.22,2237.84,92321.38,USD,IDEALPRO-001,MARGIN,,"[{'type': 'MarginBalance', 'initial': '0.00', 'maintenance': '2237.84', 'currency': 'USD', 'instrument_id': 'EUR/USD.IDEALPRO'}]",False,{}
100000.00,0.00,100000.00,EUR,IDEALPRO-001,MARGIN,,"[{'type': 'MarginBalance', 'initial': '0.00', 'maintenance': '2237.84', 'currency': 'USD', 'instrument_id': 'EUR/USD.IDEALPRO'}]",False,{}
94344.98,0.00,94344.98,USD,IDEALPRO-001,MARGIN,,[],False,{}
100000.00,0.00,100000.00,EUR,IDEALPRO-001,MARGIN,,[],False,{}
94344.98,0.00,94344.98,USD,IDEALPRO-001,MARGIN,,[],False,{}
100000.00,0.00,100000.00,EUR,IDEALPRO-001,MARGIN,,[],False,{}
94344.98,3362.55,90982.43,USD,IDEALPRO-001,MARGIN,,"[{'type': 'MarginBalance', 'initial': '3362.55', 'maintenance': '0.00', 'currency': 'USD', 'instrument_id': 'EUR/USD.IDEALPRO'}]",False,{}
100000.00,0.00,100000.00,EUR,IDEALPRO-001,MARGIN,,"[{'type': 'MarginBalance', 'initial': '3362.55', 'maintenance': '0.00', 'currency': 'USD', 'instrument_id': 'EUR/USD.IDEALPRO'}]",False,{}
94344.98,3362.55,90982.43,USD,IDEALPRO-001,MARGIN,,"[{'type': 'MarginBalance', 'initial': '3362.55', 'maintenance': '0.00', 'currency': 'USD', 'instrument_id': 'EUR/USD.IDEALPRO'}]",False,{}
100000.00,0.00,100000.00,EUR,IDEALPRO-001,MARGIN,,"[{'type': 'MarginBalance', 'initial': '3362.55', 'maintenance': '0.00', 'currency': 'USD', 'instrument_id': 'EUR/USD.IDEALPRO'}]",False,{}
94344.98,3362.55,90982.43,USD,IDEALPRO-001,MARGIN,,"[{'type': 'MarginBalance', 'initial': '3362.55', 'maintenance': '0.00', 'currency': 'USD', 'instrument_id': 'EUR/USD.IDEALPRO'}]",False,{}
100000.00,0.00,100000.00,EUR,IDEALPRO-001,MARGIN,,"[{'type': 'MarginBalance', 'initial': '3362.55', 'maintenance': '0.00', 'currency': 'USD', 'instrument_id': 'EUR/USD.IDEALPRO'}]",False,{}
94342.74,3362.55,90980.19,USD,IDEALPRO-001,MARGIN,,"[{'type': 'MarginBalance', 'initial': '3362.55', 'maintenance': '0.00', 'currency': 'USD', 'instrument_id': 'EUR/USD.IDEALPRO'}]",False,{}
100000.00,0.00,100000.00,EUR,IDEALPRO-001,MARGIN,,"[{'type': 'MarginBalance', 'initial': '3362.55', 'maintenance': '0.00', 'currency': 'USD', 'instrument_id': 'EUR/USD.IDEALPRO'}]",False,{}
94342.74,2241.70,92101.04,USD,IDEALPRO-001,MARGIN,,"[{'type': 'MarginBalance', 'initial': '0.00', 'maintenance': '2241.70', 'currency': 'USD', 'instrument_id': 'EUR/USD.IDEALPRO'}]",False,{}
100000.00,0.00,100000.00,EUR,IDEALPRO-001,MARGIN,,"[{'type': 'MarginBalance', 'initial': '0.00', 'maintenance': '2241.70', 'currency': 'USD', 'instrument_id': 'EUR/USD.IDEALPRO'}]",False,{}
94342.74,2241.70,92101.04,USD,IDEALPRO-001,MARGIN,,"[{'type': 'MarginBalance', 'initial': '0.00', 'maintenance': '2241.70', 'currency': 'USD', 'instrument_id': 'EUR/USD.IDEALPRO'}]",False,{}
100000.00,0.00,100000.00,EUR,IDEALPRO-001,MARGIN,,"[{'type': 'MarginBalance', 'initial': '0.00', 'maintenance': '2241.70', 'currency': 'USD', 'instrument_id': 'EUR/USD.IDEALPRO'}]",False,{}
94342.74,2241.70,92101.04,USD,IDEALPRO-001,MARGIN,,"[{'type': 'MarginBalance', 'initial': '0.00', 'maintenance': '2241.70', 'currency': 'USD', 'instrument_id': 'EUR/USD.IDEALPRO'}]",False,{}
100000.00,0.00,100000.00,EUR,IDEALPRO-001,MARGIN,,"[{'type': 'MarginBalance', 'initial': '0.00', 'maintenance': '2241.70', 'currency': 'USD', 'instrument_id': 'EUR/USD.IDEALPRO'}]",False,{}
94089.50,0.00,94089.50,USD,IDEALPRO-001,MARGIN,,[],False,{}
100000.00,0.00,100000.00,EUR,IDEALPRO-001,MARGIN,,[],False,{}
94089.50,0.00,94089.50,USD,IDEALPRO-001,MARGIN,,[],False,{}
100000.00,0.00,100000.00,EUR,IDEALPRO-001,MARGIN,,[],False,{}
94089.50,3353.61,90735.89,USD,IDEALPRO-001,MARGIN,,"[{'type': 'MarginBalance', 'initial': '3353.61', 'maintenance': '0.00', 'currency': 'USD', 'instrument_id': 'EUR/USD.IDEALPRO'}]",False,{}
100000.00,0.00,100000.00,EUR,IDEALPRO-001,MARGIN,,"[{'type': 'MarginBalance', 'initial': '3353.61', 'maintenance': '0.00', 'currency': 'USD', 'instrument_id': 'EUR/USD.IDEALPRO'}]",False,{}
94089.50,3353.61,90735.89,USD,IDEALPRO-001,MARGIN,,"[{'type': 'MarginBalance', 'initial': '3353.61', 'maintenance': '0.00', 'currency': 'USD', 'instrument_id': 'EUR/USD.IDEALPRO'}]",False,{}
100000.00,0.00,100000.00,EUR,IDEALPRO-001,MARGIN,,"[{'type': 'MarginBalance', 'initial': '3353.61', 'maintenance': '0.00', 'currency': 'USD', 'instrument_id': 'EUR/USD.IDEALPRO'}]",False,{}
94089.50,3353.61,90735.89,USD,IDEALPRO-001,MARGIN,,"[{'type': 'MarginBalance', 'initial': '3353.61', 'maintenance': '0.00', 'currency': 'USD', 'instrument_id': 'EUR/USD.IDEALPRO'}]",False,{}
100000.00,0.00,100000.00,EUR,IDEALPRO-001,MARGIN,,"[{'type': 'MarginBalance', 'initial': '3353.61', 'maintenance': '0.00', 'currency': 'USD', 'instrument_id': 'EUR/USD.IDEALPRO'}]",False,{}
94087.26,3353.61,90733.65,USD,IDEALPRO-001,MARGIN,,"[{'type': 'MarginBalance', 'initial': '3353.61', 'maintenance': '0.00', 'currency': 'USD', 'instrument_id': 'EUR/USD.IDEALPRO'}]",False,{}
100000.00,0.00,100000.00,EUR,IDEALPRO-001,MARGIN,,"[{'type': 'MarginBalance', 'initial': '3353.61', 'maintenance': '0.00', 'currency': 'USD', 'instrument_id': 'EUR/USD.IDEALPRO'}]",False,{}
94087.26,2236.18,91851.08,USD,IDEALPRO-001,MARGIN,,"[{'type': 'MarginBalance', 'initial': '0.00', 'maintenance': '2236.18', 'currency': 'USD', 'instrument_id': 'EUR/USD.IDEALPRO'}]",False,{}
100000.00,0.00,100000.00,EUR,IDEALPRO-001,MARGIN,,"[{'type': 'MarginBalance', 'initial': '0.00', 'maintenance': '2236.18', 'currency': 'USD', 'instrument_id': 'EUR/USD.IDEALPRO'}]",False,{}
94087.26,2236.18,91851.08,USD,IDEALPRO-001,MARGIN,,"[{'type': 'MarginBalance', 'initial': '0.00', 'maintenance': '2236.18', 'currency': 'USD', 'instrument_id': 'EUR/USD.IDEALPRO'}]",False,{}
100000.00,0.00,100000.00,EUR,IDEALPRO-001,MARGIN,,"[{'type': 'MarginBalance', 'initial': '0.00', 'maintenance': '2236.18', 'currency': 'USD', 'instrument_id': 'EUR/USD.IDEALPRO'}]",False,{}
94087.26,2236.18,91851.08,USD,IDEALPRO-001,MARGIN,,"[{'type': 'MarginBalance', 'initial': '0.00', 'maintenance': '2236.18', 'currency': 'USD', 'instrument_id': 'EUR/USD.IDEALPRO'}]",False,{}
100000.00,0.00,100000.00,EUR,IDEALPRO-001,MARGIN,,"[{'type': 'MarginBalance', 'initial': '0.00', 'maintenance': '2236.18', 'currency': 'USD', 'instrument_id': 'EUR/USD.IDEALPRO'}]",False,{}
93856.02,0.00,93856.02,USD,IDEALPRO-001,MARGIN,,[],False,{}
100000.00,0.00,100000.00,EUR,IDEALPRO-001,MARGIN,,[],False,{}
93856.02,0.00,93856.02,USD,IDEALPRO-001,MARGIN,,[],False,{}
100000.00,0.00,100000.00,EUR,IDEALPRO-001,MARGIN,,[],False,{}
93856.02,3361.95,90494.07,USD,IDEALPRO-001,MARGIN,,"[{'type': 'MarginBalance', 'initial': '3361.95', 'maintenance': '0.00', 'currency': 'USD', 'instrument_id': 'EUR/USD.IDEALPRO'}]",False,{}
100000.00,0.00,100000.00,EUR,IDEALPRO-001,MARGIN,,"[{'type': 'MarginBalance', 'initial': '3361.95', 'maintenance': '0.00', 'currency': 'USD', 'instrument_id': 'EUR/USD.IDEALPRO'}]",False,{}
93856.02,3361.95,90494.07,USD,IDEALPRO-001,MARGIN,,"[{'type': 'MarginBalance', 'initial': '3361.95', 'maintenance': '0.00', 'currency': 'USD', 'instrument_id': 'EUR/USD.IDEALPRO'}]",False,{}
100000.00,0.00,100000.00,EUR,IDEALPRO-001,MARGIN,,"[{'type': 'MarginBalance', 'initial': '3361.95', 'maintenance': '0.00', 'currency': 'USD', 'instrument_id': 'EUR/USD.IDEALPRO'}]",False,{}
93856.02,3361.95,90494.07,USD,IDEALPRO-001,MARGIN,,"[{'type': 'MarginBalance', 'initial': '3361.95', 'maintenance': '0.00', 'currency': 'USD', 'instrument_id': 'EUR/USD.IDEALPRO'}]",False,{}
100000.00,0.00,100000.00,EUR,IDEALPRO-001,MARGIN,,"[{'type': 'MarginBalance', 'initial': '3361.95', 'maintenance': '0.00', 'currency': 'USD', 'instrument_id': 'EUR/USD.IDEALPRO'}]",False,{}
93853.78,3361.95,90491.83,USD,IDEALPRO-001,MARGIN,,"[{'type': 'MarginBalance', 'initial': '3361.95', 'maintenance': '0.00', 'currency': 'USD', 'instrument_id': 'EUR/USD.IDEALPRO'}]",False,{}
100000.00,0.00,100000.00,EUR,IDEALPRO-001,MARGIN,,"[{'type': 'MarginBalance', 'initial': '3361.95', 'maintenance': '0.00', 'currency': 'USD', 'instrument_id': 'EUR/USD.IDEALPRO'}]",False,{}
93853.78,2240.68,91613.10,USD,IDEALPRO-001,MARGIN,,"[{'type': 'MarginBalance', 'initial': '0.00', 'maintenance': '2240.68', 'currency': 'USD', 'instrument_id': 'EUR/USD.IDEALPRO'}]",False,{}
100000.00,0.00,100000.00,EUR,IDEALPRO-001,MARGIN,,"[{'type': 'MarginBalance', 'initial': '0.00', 'maintenance': '2240.68', 'currency': 'USD', 'instrument_id': 'EUR/USD.IDEALPRO'}]",False,{}
93853.78,2240.68,91613.10,USD,IDEALPRO-001,MARGIN,,"[{'type': 'MarginBalance', 'initial': '0.00', 'maintenance': '2240.68', 'currency': 'USD', 'instrument_id': 'EUR/USD.IDEALPRO'}]",False,{}
100000.00,0.00,100000.00,EUR,IDEALPRO-001,MARGIN,,"[{'type': 'MarginBalance', 'initial': '0.00', 'maintenance': '2240.68', 'currency': 'USD', 'instrument_id': 'EUR/USD.IDEALPRO'}]",False,{}
93853.78,2240.68,91613.10,USD,IDEALPRO-001,MARGIN,,"[{'type': 'MarginBalance', 'initial': '0.00', 'maintenance': '2240.68', 'currency': 'USD', 'instrument_id': 'EUR/USD.IDEALPRO'}]",False,{}
100000.00,0.00,100000.00,EUR,IDEALPRO-001,MARGIN,,"[{'type': 'MarginBalance', 'initial': '0.00', 'maintenance': '2240.68', 'currency': 'USD', 'instrument_id': 'EUR/USD.IDEALPRO'}]",False,{}
93853.78,2240.68,91613.10,USD,IDEALPRO-001,MARGIN,,"[{'type': 'MarginBalance', 'initial': '0.00', 'maintenance': '2240.68', 'currency': 'USD', 'instrument_id': 'EUR/USD.IDEALPRO'}]",False,{}
100000.00,0.00,100000.00,EUR,IDEALPRO-001,MARGIN,,"[{'type': 'MarginBalance', 'initial': '0.00', 'maintenance': '2240.68', 'currency': 'USD', 'instrument_id': 'EUR/USD.IDEALPRO'}]",False,{}
93684.54,0.00,93684.54,USD,IDEALPRO-001,MARGIN,,[],False,{}
100000.00,0.00,100000.00,EUR,IDEALPRO-001,MARGIN,,[],False,{}
93684.54,0.00,93684.54,USD,IDEALPRO-001,MARGIN,,[],False,{}
100000.00,0.00,100000.00,EUR,IDEALPRO-001,MARGIN,,[],False,{}
93684.54,0.00,93684.54,USD,IDEALPRO-001,MARGIN,,[],False,{}
100000.00,0.00,100000.00,EUR,IDEALPRO-001,MARGIN,,[],False,{}
93684.54,3359.19,90325.35,USD,IDEALPRO-001,MARGIN,,"[{'type': 'MarginBalance', 'initial': '3359.19', 'maintenance': '0.00', 'currency': 'USD', 'instrument_id': 'EUR/USD.IDEALPRO'}]",False,{}
100000.00,0.00,100000.00,EUR,IDEALPRO-001,MARGIN,,"[{'type': 'MarginBalance', 'initial': '3359.19', 'maintenance': '0.00', 'currency': 'USD', 'instrument_id': 'EUR/USD.IDEALPRO'}]",False,{}
93684.54,3359.19,90325.35,USD,IDEALPRO-001,MARGIN,,"[{'type': 'MarginBalance', 'initial': '3359.19', 'maintenance': '0.00', 'currency': 'USD', 'instrument_id': 'EUR/USD.IDEALPRO'}]",False,{}
100000.00,0.00,100000.00,EUR,IDEALPRO-001,MARGIN,,"[{'type': 'MarginBalance', 'initial': '3359.19', 'maintenance': '0.00', 'currency': 'USD', 'instrument_id': 'EUR/USD.IDEALPRO'}]",False,{}
93684.54,3359.19,90325.35,USD,IDEALPRO-001,MARGIN,,"[{'type': 'MarginBalance', 'initial': '3359.19', 'maintenance': '0.00', 'currency': 'USD', 'instrument_id': 'EUR/USD.IDEALPRO'}]",False,{}
100000.00,0.00,100000.00,EUR,IDEALPRO-001,MARGIN,,"[{'type': 'MarginBalance', 'initial': '3359.19', 'maintenance': '0.00', 'currency': 'USD', 'instrument_id': 'EUR/USD.IDEALPRO'}]",False,{}
93682.30,3359.19,90323.11,USD,IDEALPRO-001,MARGIN,,"[{'type': 'MarginBalance', 'initial': '3359.19', 'maintenance': '0.00', 'currency': 'USD', 'instrument_id': 'EUR/USD.IDEALPRO'}]",False,{}
100000.00,0.00,100000.00,EUR,IDEALPRO-001,MARGIN,,"[{'type': 'MarginBalance', 'initial': '3359.19', 'maintenance': '0.00', 'currency': 'USD', 'instrument_id': 'EUR/USD.IDEALPRO'}]",False,{}
93682.30,2237.98,91444.32,USD,IDEALPRO-001,MARGIN,,"[{'type': 'MarginBalance', 'initial': '0.00', 'maintenance': '2237.98', 'currency': 'USD', 'instrument_id': 'EUR/USD.IDEALPRO'}]",False,{}
100000.00,0.00,100000.00,EUR,IDEALPRO-001,MARGIN,,"[{'type': 'MarginBalance', 'initial': '0.00', 'maintenance': '2237.98', 'currency': 'USD', 'instrument_id': 'EUR/USD.IDEALPRO'}]",False,{}
93682.30,2237.98,91444.32,USD,IDEALPRO-001,MARGIN,,"[{'type': 'MarginBalance', 'initial': '0.00', 'maintenance': '2237.98', 'currency': 'USD', 'instrument_id': 'EUR/USD.IDEALPRO'}]",False,{}
100000.00,0.00,100000.00,EUR,IDEALPRO-001,MARGIN,,"[{'type': 'MarginBalance', 'initial': '0.00', 'maintenance': '2237.98', 'currency': 'USD', 'instrument_id': 'EUR/USD.IDEALPRO'}]",False,{}
93682.30,2237.98,91444.32,USD,IDEALPRO-001,MARGIN,,"[{'type': 'MarginBalance', 'initial': '0.00', 'maintenance': '2237.98', 'currency': 'USD', 'instrument_id': 'EUR/USD.IDEALPRO'}]",False,{}
100000.00,0.00,100000.00,EUR,IDEALPRO-001,MARGIN,,"[{'type': 'MarginBalance', 'initial': '0.00', 'maintenance': '2237.98', 'currency': 'USD', 'instrument_id': 'EUR/USD.IDEALPRO'}]",False,{}
94254.05,0.00,94254.05,USD,IDEALPRO-001,MARGIN,,[],False,{}
100000.00,0.00,100000.00,EUR,IDEALPRO-001,MARGIN,,[],False,{}
94254.05,0.00,94254.05,USD,IDEALPRO-001,MARGIN,,[],False,{}
100000.00,0.00,100000.00,EUR,IDEALPRO-001,MARGIN,,[],False,{}
94254.05,3366.48,90887.57,USD,IDEALPRO-001,MARGIN,,"[{'type': 'MarginBalance', 'initial': '3366.48', 'maintenance': '0.00', 'currency': 'USD', 'instrument_id': 'EUR/USD.IDEALPRO'}]",False,{}
100000.00,0.00,100000.00,EUR,IDEALPRO-001,MARGIN,,"[{'type': 'MarginBalance', 'initial': '3366.48', 'maintenance': '0.00', 'currency': 'USD', 'instrument_id': 'EUR/USD.IDEALPRO'}]",False,{}
94254.05,3366.48,90887.57,USD,IDEALPRO-001,MARGIN,,"[{'type': 'MarginBalance', 'initial': '3366.48', 'maintenance': '0.00', 'currency': 'USD', 'instrument_id': 'EUR/USD.IDEALPRO'}]",False,{}
100000.00,0.00,100000.00,EUR,IDEALPRO-001,MARGIN,,"[{'type': 'MarginBalance', 'initial': '3366.48', 'maintenance': '0.00', 'currency': 'USD', 'instrument_id': 'EUR/USD.IDEALPRO'}]",False,{}
94254.05,3366.48,90887.57,USD,IDEALPRO-001,MARGIN,,"[{'type': 'MarginBalance', 'initial': '3366.48', 'maintenance': '0.00', 'currency': 'USD', 'instrument_id': 'EUR/USD.IDEALPRO'}]",False,{}
100000.00,0.00,100000.00,EUR,IDEALPRO-001,MARGIN,,"[{'type': 'MarginBalance', 'initial': '3366.48', 'maintenance': '0.00', 'currency': 'USD', 'instrument_id': 'EUR/USD.IDEALPRO'}]",False,{}
94251.81,3366.48,90885.33,USD,IDEALPRO-001,MARGIN,,"[{'type': 'MarginBalance', 'initial': '3366.48', 'maintenance': '0.00', 'currency': 'USD', 'instrument_id': 'EUR/USD.IDEALPRO'}]",False,{}
100000.00,0.00,100000.00,EUR,IDEALPRO-001,MARGIN,,"[{'type': 'MarginBalance', 'initial': '3366.48', 'maintenance': '0.00', 'currency': 'USD', 'instrument_id': 'EUR/USD.IDEALPRO'}]",False,{}
94251.81,2244.48,92007.33,USD,IDEALPRO-001,MARGIN,,"[{'type': 'MarginBalance', 'initial': '0.00', 'maintenance': '2244.48', 'currency': 'USD', 'instrument_id': 'EUR/USD.IDEALPRO'}]",False,{}
100000.00,0.00,100000.00,EUR,IDEALPRO-001,MARGIN,,"[{'type': 'MarginBalance', 'initial': '0.00', 'maintenance': '2244.48', 'currency': 'USD', 'instrument_id': 'EUR/USD.IDEALPRO'}]",False,{}
94251.81,2244.48,92007.33,USD,IDEALPRO-001,MARGIN,,"[{'type': 'MarginBalance', 'initial': '0.00', 'maintenance': '2244.48', 'currency': 'USD', 'instrument_id': 'EUR/USD.IDEALPRO'}]",False,{}
100000.00,0.00,100000.00,EUR,IDEALPRO-001,MARGIN,,"[{'type': 'MarginBalance', 'initial': '0.00', 'maintenance': '2244.48', 'currency': 'USD', 'instrument_id': 'EUR/USD.IDEALPRO'}]",False,{}
94251.81,2244.48,92007.33,USD,IDEALPRO-001,MARGIN,,"[{'type': 'MarginBalance', 'initial': '0.00', 'maintenance': '2244.48', 'currency': 'USD', 'instrument_id': 'EUR/USD.IDEALPRO'}]",False,{}
100000.00,0.00,100000.00,EUR,IDEALPRO-001,MARGIN,,"[{'type': 'MarginBalance', 'initial': '0.00', 'maintenance': '2244.48', 'currency': 'USD', 'instrument_id': 'EUR/USD.IDEALPRO'}]",False,{}
94006.56,0.00,94006.56,USD,IDEALPRO-001,MARGIN,,[],False,{}
100000.00,0.00,100000.00,EUR,IDEALPRO-001,MARGIN,,[],False,{}
94006.56,0.00,94006.56,USD,IDEALPRO-001,MARGIN,,[],False,{}
100000.00,0.00,100000.00,EUR,IDEALPRO-001,MARGIN,,[],False,{}
94006.56,3378.54,90628.02,USD,IDEALPRO-001,MARGIN,,"[{'type': 'MarginBalance', 'initial': '3378.54', 'maintenance': '0.00', 'currency': 'USD', 'instrument_id': 'EUR/USD.IDEALPRO'}]",False,{}
100000.00,0.00,100000.00,EUR,IDEALPRO-001,MARGIN,,"[{'type': 'MarginBalance', 'initial': '3378.54', 'maintenance': '0.00', 'currency': 'USD', 'instrument_id': 'EUR/USD.IDEALPRO'}]",False,{}
94006.56,3378.54,90628.02,USD,IDEALPRO-001,MARGIN,,"[{'type': 'MarginBalance', 'initial': '3378.54', 'maintenance': '0.00', 'currency': 'USD', 'instrument_id': 'EUR/USD.IDEALPRO'}]",False,{}
100000.00,0.00,100000.00,EUR,IDEALPRO-001,MARGIN,,"[{'type': 'MarginBalance', 'initial': '3378.54', 'maintenance': '0.00', 'currency': 'USD', 'instrument_id': 'EUR/USD.IDEALPRO'}]",False,{}
94006.56,3378.54,90628.02,USD,IDEALPRO-001,MARGIN,,"[{'type': 'MarginBalance', 'initial': '3378.54', 'maintenance': '0.00', 'currency': 'USD', 'instrument_id': 'EUR/USD.IDEALPRO'}]",False,{}
100000.00,0.00,100000.00,EUR,IDEALPRO-001,MARGIN,,"[{'type': 'MarginBalance', 'initial': '3378.54', 'maintenance': '0.00', 'currency': 'USD', 'instrument_id': 'EUR/USD.IDEALPRO'}]",False,{}
94004.31,3378.54,90625.77,USD,IDEALPRO-001,MARGIN,,"[{'type': 'MarginBalance', 'initial': '3378.54', 'maintenance': '0.00', 'currency': 'USD', 'instrument_id': 'EUR/USD.IDEALPRO'}]",False,{}
100000.00,0.00,100000.00,EUR,IDEALPRO-001,MARGIN,,"[{'type': 'MarginBalance', 'initial': '3378.54', 'maintenance': '0.00', 'currency': 'USD', 'instrument_id': 'EUR/USD.IDEALPRO'}]",False,{}
94004.31,2250.82,91753.49,USD,IDEALPRO-001,MARGIN,,"[{'type': 'MarginBalance', 'initial': '0.00', 'maintenance': '2250.82', 'currency': 'USD', 'instrument_id': 'EUR/USD.IDEALPRO'}]",False,{}
100000.00,0.00,100000.00,EUR,IDEALPRO-001,MARGIN,,"[{'type': 'MarginBalance', 'initial': '0.00', 'maintenance': '2250.82', 'currency': 'USD', 'instrument_id': 'EUR/USD.IDEALPRO'}]",False,{}
94004.31,2250.82,91753.49,USD,IDEALPRO-001,MARGIN,,"[{'type': 'MarginBalance', 'initial': '0.00', 'maintenance': '2250.82', 'currency': 'USD', 'instrument_id': 'EUR/USD.IDEALPRO'}]",False,{}
100000.00,0.00,100000.00,EUR,IDEALPRO-001,MARGIN,,"[{'type': 'MarginBalance', 'initial': '0.00', 'maintenance': '2250.82', 'currency': 'USD', 'instrument_id': 'EUR/USD.IDEALPRO'}]",False,{}
94004.31,2250.82,91753.49,USD,IDEALPRO-001,MARGIN,,"[{'type': 'MarginBalance', 'initial': '0.00', 'maintenance': '2250.82', 'currency': 'USD', 'instrument_id': 'EUR/USD.IDEALPRO'}]",False,{}
100000.00,0.00,100000.00,EUR,IDEALPRO-001,MARGIN,,"[{'type': 'MarginBalance', 'initial': '0.00', 'maintenance': '2250.82', 'currency': 'USD', 'instrument_id': 'EUR/USD.IDEALPRO'}]",False,{}
93828.06,0.00,93828.06,USD,IDEALPRO-001,MARGIN,,[],False,{}
100000.00,0.00,100000.00,EUR,IDEALPRO-001,MARGIN,,[],False,{}
93828.06,0.00,93828.06,USD,IDEALPRO-001,MARGIN,,[],False,{}
100000.00,0.00,100000.00,EUR,IDEALPRO-001,MARGIN,,[],False,{}
93828.06,3368.49,90459.57,USD,IDEALPRO-001,MARGIN,,"[{'type': 'MarginBalance', 'initial': '3368.49', 'maintenance': '0.00', 'currency': 'USD', 'instrument_id': 'EUR/USD.IDEALPRO'}]",False,{}
100000.00,0.00,100000.00,EUR,IDEALPRO-001,MARGIN,,"[{'type': 'MarginBalance', 'initial': '3368.49', 'maintenance': '0.00', 'currency': 'USD', 'instrument_id': 'EUR/USD.IDEALPRO'}]",False,{}
93828.06,3368.49,90459.57,USD,IDEALPRO-001,MARGIN,,"[{'type': 'MarginBalance', 'initial': '3368.49', 'maintenance': '0.00', 'currency': 'USD', 'instrument_id': 'EUR/USD.IDEALPRO'}]",False,{}
100000.00,0.00,100000.00,EUR,IDEALPRO-001,MARGIN,,"[{'type': 'MarginBalance', 'initial': '3368.49', 'maintenance': '0.00', 'currency': 'USD', 'instrument_id': 'EUR/USD.IDEALPRO'}]",False,{}
93828.06,3368.49,90459.57,USD,IDEALPRO-001,MARGIN,,"[{'type': 'MarginBalance', 'initial': '3368.49', 'maintenance': '0.00', 'currency': 'USD', 'instrument_id': 'EUR/USD.IDEALPRO'}]",False,{}
100000.00,0.00,100000.00,EUR,IDEALPRO-001,MARGIN,,"[{'type': 'MarginBalance', 'initial': '3368.49', 'maintenance': '0.00', 'currency': 'USD', 'instrument_id': 'EUR/USD.IDEALPRO'}]",False,{}
93825.81,3368.49,90457.32,USD,IDEALPRO-001,MARGIN,,"[{'type': 'MarginBalance', 'initial': '3368.49', 'maintenance': '0.00', 'currency': 'USD', 'instrument_id': 'EUR/USD.IDEALPRO'}]",False,{}
100000.00,0.00,100000.00,EUR,IDEALPRO-001,MARGIN,,"[{'type': 'MarginBalance', 'initial': '3368.49', 'maintenance': '0.00', 'currency': 'USD', 'instrument_id': 'EUR/USD.IDEALPRO'}]",False,{}
93825.81,2246.58,91579.23,USD,IDEALPRO-001,MARGIN,,"[{'type': 'MarginBalance', 'initial': '0.00', 'maintenance': '2246.58', 'currency': 'USD', 'instrument_id': 'EUR/USD.IDEALPRO'}]",False,{}
100000.00,0.00,100000.00,EUR,IDEALPRO-001,MARGIN,,"[{'type': 'MarginBalance', 'initial': '0.00', 'maintenance': '2246.58', 'currency': 'USD', 'instrument_id': 'EUR/USD.IDEALPRO'}]",False,{}
93825.81,2246.58,91579.23,USD,IDEALPRO-001,MARGIN,,"[{'type': 'MarginBalance', 'initial': '0.00', 'maintenance': '2246.58', 'currency': 'USD', 'instrument_id': 'EUR/USD.IDEALPRO'}]",False,{}
100000.00,0.00,100000.00,EUR,IDEALPRO-001,MARGIN,,"[{'type': 'MarginBalance', 'initial': '0.00', 'maintenance': '2246.58', 'currency': 'USD', 'instrument_id': 'EUR/USD.IDEALPRO'}]",False,{}
93825.81,2246.58,91579.23,USD,IDEALPRO-001,MARGIN,,"[{'type': 'MarginBalance', 'initial': '0.00', 'maintenance': '2246.58', 'currency': 'USD', 'instrument_id': 'EUR/USD.IDEALPRO'}]",False,{}
100000.00,0.00,100000.00,EUR,IDEALPRO-001,MARGIN,,"[{'type': 'MarginBalance', 'initial': '0.00', 'maintenance': '2246.58', 'currency': 'USD', 'instrument_id': 'EUR/USD.IDEALPRO'}]",False,{}
93618.56,0.00,93618.56,USD,IDEALPRO-001,MARGIN,,[],False,{}
100000.00,0.00,100000.00,EUR,IDEALPRO-001,MARGIN,,[],False,{}
93618.56,0.00,93618.56,USD,IDEALPRO-001,MARGIN,,[],False,{}
100000.00,0.00,100000.00,EUR,IDEALPRO-001,MARGIN,,[],False,{}
93618.56,3376.98,90241.58,USD,IDEALPRO-001,MARGIN,,"[{'type': 'MarginBalance', 'initial': '3376.98', 'maintenance': '0.00', 'currency': 'USD', 'instrument_id': 'EUR/USD.IDEALPRO'}]",False,{}
100000.00,0.00,100000.00,EUR,IDEALPRO-001,MARGIN,,"[{'type': 'MarginBalance', 'initial': '3376.98', 'maintenance': '0.00', 'currency': 'USD', 'instrument_id': 'EUR/USD.IDEALPRO'}]",False,{}
93618.56,3376.98,90241.58,USD,IDEALPRO-001,MARGIN,,"[{'type': 'MarginBalance', 'initial': '3376.98', 'maintenance': '0.00', 'currency': 'USD', 'instrument_id': 'EUR/USD.IDEALPRO'}]",False,{}
100000.00,0.00,100000.00,EUR,IDEALPRO-001,MARGIN,,"[{'type': 'MarginBalance', 'initial': '3376.98', 'maintenance': '0.00', 'currency': 'USD', 'instrument_id': 'EUR/USD.IDEALPRO'}]",False,{}
93618.56,3376.98,90241.58,USD,IDEALPRO-001,MARGIN,,"[{'type': 'MarginBalance', 'initial': '3376.98', 'maintenance': '0.00', 'currency': 'USD', 'instrument_id': 'EUR/USD.IDEALPRO'}]",False,{}
100000.00,0.00,100000.00,EUR,IDEALPRO-001,MARGIN,,"[{'type': 'MarginBalance', 'initial': '3376.98', 'maintenance': '0.00', 'currency': 'USD', 'instrument_id': 'EUR/USD.IDEALPRO'}]",False,{}
93616.31,3376.98,90239.33,USD,IDEALPRO-001,MARGIN,,"[{'type': 'MarginBalance', 'initial': '3376.98', 'maintenance': '0.00', 'currency': 'USD', 'instrument_id': 'EUR/USD.IDEALPRO'}]",False,{}
100000.00,0.00,100000.00,EUR,IDEALPRO-001,MARGIN,,"[{'type': 'MarginBalance', 'initial': '3376.98', 'maintenance': '0.00', 'currency': 'USD', 'instrument_id': 'EUR/USD.IDEALPRO'}]",False,{}
93616.31,2251.00,91365.31,USD,IDEALPRO-001,MARGIN,,"[{'type': 'MarginBalance', 'initial': '0.00', 'maintenance': '2251.00', 'currency': 'USD', 'instrument_id': 'EUR/USD.IDEALPRO'}]",False,{}
100000.00,0.00,100000.00,EUR,IDEALPRO-001,MARGIN,,"[{'type': 'MarginBalance', 'initial': '0.00', 'maintenance': '2251.00', 'currency': 'USD', 'instrument_id': 'EUR/USD.IDEALPRO'}]",False,{}
93616.31,2251.00,91365.31,USD,IDEALPRO-001,MARGIN,,"[{'type': 'MarginBalance', 'initial': '0.00', 'maintenance': '2251.00', 'currency': 'USD', 'instrument_id': 'EUR/USD.IDEALPRO'}]",False,{}
100000.00,0.00,100000.00,EUR,IDEALPRO-001,MARGIN,,"[{'type': 'MarginBalance', 'initial': '0.00', 'maintenance': '2251.00', 'currency': 'USD', 'instrument_id': 'EUR/USD.IDEALPRO'}]",False,{}
93616.31,2251.00,91365.31,USD,IDEALPRO-001,MARGIN,,"[{'type': 'MarginBalance', 'initial': '0.00', 'maintenance': '2251.00', 'currency': 'USD', 'instrument_id': 'EUR/USD.IDEALPRO'}]",False,{}
100000.00,0.00,100000.00,EUR,IDEALPRO-001,MARGIN,,"[{'type': 'MarginBalance', 'initial': '0.00', 'maintenance': '2251.00', 'currency': 'USD', 'instrument_id': 'EUR/USD.IDEALPRO'}]",False,{}
94130.05,0.00,94130.05,USD,IDEALPRO-001,MARGIN,,[],False,{}
100000.00,0.00,100000.00,EUR,IDEALPRO-001,MARGIN,,[],False,{}
94130.05,0.00,94130.05,USD,IDEALPRO-001,MARGIN,,[],False,{}
100000.00,0.00,100000.00,EUR,IDEALPRO-001,MARGIN,,[],False,{}
94130.05,3396.54,90733.51,USD,IDEALPRO-001,MARGIN,,"[{'type': 'MarginBalance', 'initial': '3396.54', 'maintenance': '0.00', 'currency': 'USD', 'instrument_id': 'EUR/USD.IDEALPRO'}]",False,{}
100000.00,0.00,100000.00,EUR,IDEALPRO-001,MARGIN,,"[{'type': 'MarginBalance', 'initial': '3396.54', 'maintenance': '0.00', 'currency': 'USD', 'instrument_id': 'EUR/USD.IDEALPRO'}]",False,{}
94130.05,3396.54,90733.51,USD,IDEALPRO-001,MARGIN,,"[{'type': 'MarginBalance', 'initial': '3396.54', 'maintenance': '0.00', 'currency': 'USD', 'instrument_id': 'EUR/USD.IDEALPRO'}]",False,{}
100000.00,0.00,100000.00,EUR,IDEALPRO-001,MARGIN,,"[{'type': 'MarginBalance', 'initial': '3396.54', 'maintenance': '0.00', 'currency': 'USD', 'instrument_id': 'EUR/USD.IDEALPRO'}]",False,{}
94130.05,3396.54,90733.51,USD,IDEALPRO-001,MARGIN,,"[{'type': 'MarginBalance', 'initial': '3396.54', 'maintenance': '0.00', 'currency': 'USD', 'instrument_id': 'EUR/USD.IDEALPRO'}]",False,{}
100000.00,0.00,100000.00,EUR,IDEALPRO-001,MARGIN,,"[{'type': 'MarginBalance', 'initial': '3396.54', 'maintenance': '0.00', 'currency': 'USD', 'instrument_id': 'EUR/USD.IDEALPRO'}]",False,{}
94127.79,3396.54,90731.25,USD,IDEALPRO-001,MARGIN,,"[{'type': 'MarginBalance', 'initial': '3396.54', 'maintenance': '0.00', 'currency': 'USD', 'instrument_id': 'EUR/USD.IDEALPRO'}]",False,{}
100000.00,0.00,100000.00,EUR,IDEALPRO-001,MARGIN,,"[{'type': 'MarginBalance', 'initial': '3396.54', 'maintenance': '0.00', 'currency': 'USD', 'instrument_id': 'EUR/USD.IDEALPRO'}]",False,{}
94127.79,2264.46,91863.33,USD,IDEALPRO-001,MARGIN,,"[{'type': 'MarginBalance', 'initial': '0.00', 'maintenance': '2264.46', 'currency': 'USD', 'instrument_id': 'EUR/USD.IDEALPRO'}]",False,{}
100000.00,0.00,100000.00,EUR,IDEALPRO-001,MARGIN,,"[{'type': 'MarginBalance', 'initial': '0.00', 'maintenance': '2264.46', 'currency': 'USD', 'instrument_id': 'EUR/USD.IDEALPRO'}]",False,{}
94127.79,2264.46,91863.33,USD,IDEALPRO-001,MARGIN,,"[{'type': 'MarginBalance', 'initial': '0.00', 'maintenance': '2264.46', 'currency': 'USD', 'instrument_id': 'EUR/USD.IDEALPRO'}]",False,{}
100000.00,0.00,100000.00,EUR,IDEALPRO-001,MARGIN,,"[{'type': 'MarginBalance', 'initial': '0.00', 'maintenance': '2264.46', 'currency': 'USD', 'instrument_id': 'EUR/USD.IDEALPRO'}]",False,{}
94127.79,2264.46,91863.33,USD,IDEALPRO-001,MARGIN,,"[{'type': 'MarginBalance', 'initial': '0.00', 'maintenance': '2264.46', 'currency': 'USD', 'instrument_id': 'EUR/USD.IDEALPRO'}]",False,{}
100000.00,0.00,100000.00,EUR,IDEALPRO-001,MARGIN,,"[{'type': 'MarginBalance', 'initial': '0.00', 'maintenance': '2264.46', 'currency': 'USD', 'instrument_id': 'EUR/USD.IDEALPRO'}]",False,{}
94630.54,0.00,94630.54,USD,IDEALPRO-001,MARGIN,,[],False,{}
100000.00,0.00,100000.00,EUR,IDEALPRO-001,MARGIN,,[],False,{}
94630.54,0.00,94630.54,USD,IDEALPRO-001,MARGIN,,[],False,{}
100000.00,0.00,100000.00,EUR,IDEALPRO-001,MARGIN,,[],False,{}
94630.54,3395.10,91235.44,USD,IDEALPRO-001,MARGIN,,"[{'type': 'MarginBalance', 'initial': '3395.10', 'maintenance': '0.00', 'currency': 'USD', 'instrument_id': 'EUR/USD.IDEALPRO'}]",False,{}
100000.00,0.00,100000.00,EUR,IDEALPRO-001,MARGIN,,"[{'type': 'MarginBalance', 'initial': '3395.10', 'maintenance': '0.00', 'currency': 'USD', 'instrument_id': 'EUR/USD.IDEALPRO'}]",False,{}
94630.54,3395.10,91235.44,USD,IDEALPRO-001,MARGIN,,"[{'type': 'MarginBalance', 'initial': '3395.10', 'maintenance': '0.00', 'currency': 'USD', 'instrument_id': 'EUR/USD.IDEALPRO'}]",False,{}
100000.00,0.00,100000.00,EUR,IDEALPRO-001,MARGIN,,"[{'type': 'MarginBalance', 'initial': '3395.10', 'maintenance': '0.00', 'currency': 'USD', 'instrument_id': 'EUR/USD.IDEALPRO'}]",False,{}
94630.54,3395.10,91235.44,USD,IDEALPRO-001,MARGIN,,"[{'type': 'MarginBalance', 'initial': '3395.10', 'maintenance': '0.00', 'currency': 'USD', 'instrument_id': 'EUR/USD.IDEALPRO'}]",False,{}
100000.00,0.00,100000.00,EUR,IDEALPRO-001,MARGIN,,"[{'type': 'MarginBalance', 'initial': '3395.10', 'maintenance': '0.00', 'currency': 'USD', 'instrument_id': 'EUR/USD.IDEALPRO'}]",False,{}
94628.28,3395.10,91233.18,USD,IDEALPRO-001,MARGIN,,"[{'type': 'MarginBalance', 'initial': '3395.10', 'maintenance': '0.00', 'currency': 'USD', 'instrument_id': 'EUR/USD.IDEALPRO'}]",False,{}
100000.00,0.00,100000.00,EUR,IDEALPRO-001,MARGIN,,"[{'type': 'MarginBalance', 'initial': '3395.10', 'maintenance': '0.00', 'currency': 'USD', 'instrument_id': 'EUR/USD.IDEALPRO'}]",False,{}
94628.28,2262.26,92366.02,USD,IDEALPRO-001,MARGIN,,"[{'type': 'MarginBalance', 'initial': '0.00', 'maintenance': '2262.26', 'currency': 'USD', 'instrument_id': 'EUR/USD.IDEALPRO'}]",False,{}
100000.00,0.00,100000.00,EUR,IDEALPRO-001,MARGIN,,"[{'type': 'MarginBalance', 'initial': '0.00', 'maintenance': '2262.26', 'currency': 'USD', 'instrument_id': 'EUR/USD.IDEALPRO'}]",False,{}
94628.28,2262.26,92366.02,USD,IDEALPRO-001,MARGIN,,"[{'type': 'MarginBalance', 'initial': '0.00', 'maintenance': '2262.26', 'currency': 'USD', 'instrument_id': 'EUR/USD.IDEALPRO'}]",False,{}
100000.00,0.00,100000.00,EUR,IDEALPRO-001,MARGIN,,"[{'type': 'MarginBalance', 'initial': '0.00', 'maintenance': '2262.26', 'currency': 'USD', 'instrument_id': 'EUR/USD.IDEALPRO'}]",False,{}
94628.28,2262.26,92366.02,USD,IDEALPRO-001,MARGIN,,"[{'type': 'MarginBalance', 'initial': '0.00', 'maintenance': '2262.26', 'currency': 'USD', 'instrument_id': 'EUR/USD.IDEALPRO'}]",False,{}
100000.00,0.00,100000.00,EUR,IDEALPRO-001,MARGIN,,"[{'type': 'MarginBalance', 'initial': '0.00', 'maintenance': '2262.26', 'currency': 'USD', 'instrument_id': 'EUR/USD.IDEALPRO'}]",False,{}
95183.01,0.00,95183.01,USD,IDEALPRO-001,MARGIN,,[],False,{}
100000.00,0.00,100000.00,EUR,IDEALPRO-001,MARGIN,,[],False,{}
95183.01,0.00,95183.01,USD,IDEALPRO-001,MARGIN,,[],False,{}
100000.00,0.00,100000.00,EUR,IDEALPRO-001,MARGIN,,[],False,{}
95183.01,3410.91,91772.10,USD,IDEALPRO-001,MARGIN,,"[{'type': 'MarginBalance', 'initial': '3410.91', 'maintenance': '0.00', 'currency': 'USD', 'instrument_id': 'EUR/USD.IDEALPRO'}]",False,{}
100000.00,0.00,100000.00,EUR,IDEALPRO-001,MARGIN,,"[{'type': 'MarginBalance', 'initial': '3410.91', 'maintenance': '0.00', 'currency': 'USD', 'instrument_id': 'EUR/USD.IDEALPRO'}]",False,{}
95183.01,3410.91,91772.10,USD,IDEALPRO-001,MARGIN,,"[{'type': 'MarginBalance', 'initial': '3410.91', 'maintenance': '0.00', 'currency': 'USD', 'instrument_id': 'EUR/USD.IDEALPRO'}]",False,{}
100000.00,0.00,100000.00,EUR,IDEALPRO-001,MARGIN,,"[{'type': 'MarginBalance', 'initial': '3410.91', 'maintenance': '0.00', 'currency': 'USD', 'instrument_id': 'EUR/USD.IDEALPRO'}]",False,{}
95183.01,3410.91,91772.10,USD,IDEALPRO-001,MARGIN,,"[{'type': 'MarginBalance', 'initial': '3410.91', 'maintenance': '0.00', 'currency': 'USD', 'instrument_id': 'EUR/USD.IDEALPRO'}]",False,{}
100000.00,0.00,100000.00,EUR,IDEALPRO-001,MARGIN,,"[{'type': 'MarginBalance', 'initial': '3410.91', 'maintenance': '0.00', 'currency': 'USD', 'instrument_id': 'EUR/USD.IDEALPRO'}]",False,{}
95180.74,3410.91,91769.83,USD,IDEALPRO-001,MARGIN,,"[{'type': 'MarginBalance', 'initial': '3410.91', 'maintenance': '0.00', 'currency': 'USD', 'instrument_id': 'EUR/USD.IDEALPRO'}]",False,{}
100000.00,0.00,100000.00,EUR,IDEALPRO-001,MARGIN,,"[{'type': 'MarginBalance', 'initial': '3410.91', 'maintenance': '0.00', 'currency': 'USD', 'instrument_id': 'EUR/USD.IDEALPRO'}]",False,{}
95180.74,2274.98,92905.76,USD,IDEALPRO-001,MARGIN,,"[{'type': 'MarginBalance', 'initial': '0.00', 'maintenance': '2274.98', 'currency': 'USD', 'instrument_id': 'EUR/USD.IDEALPRO'}]",False,{}
100000.00,0.00,100000.00,EUR,IDEALPRO-001,MARGIN,,"[{'type': 'MarginBalance', 'initial': '0.00', 'maintenance': '2274.98', 'currency': 'USD', 'instrument_id': 'EUR/USD.IDEALPRO'}]",False,{}
95180.74,2274.98,92905.76,USD,IDEALPRO-001,MARGIN,,"[{'type': 'MarginBalance', 'initial': '0.00', 'maintenance': '2274.98', 'currency': 'USD', 'instrument_id': 'EUR/USD.IDEALPRO'}]",False,{}
100000.00,0.00,100000.00,EUR,IDEALPRO-001,MARGIN,,"[{'type': 'MarginBalance', 'initial': '0.00', 'maintenance': '2274.98', 'currency': 'USD', 'instrument_id': 'EUR/USD.IDEALPRO'}]",False,{}
95180.74,2274.98,92905.76,USD,IDEALPRO-001,MARGIN,,"[{'type': 'MarginBalance', 'initial': '0.00', 'maintenance': '2274.98', 'currency': 'USD', 'instrument_id': 'EUR/USD.IDEALPRO'}]",False,{}
100000.00,0.00,100000.00,EUR,IDEALPRO-001,MARGIN,,"[{'type': 'MarginBalance', 'initial': '0.00', 'maintenance': '2274.98', 'currency': 'USD', 'instrument_id': 'EUR/USD.IDEALPRO'}]",False,{}
94979.46,0.00,94979.46,USD,IDEALPRO-001,MARGIN,,[],False,{}
100000.00,0.00,100000.00,EUR,IDEALPRO-001,MARGIN,,[],False,{}
94979.46,0.00,94979.46,USD,IDEALPRO-001,MARGIN,,[],False,{}
100000.00,0.00,100000.00,EUR,IDEALPRO-001,MARGIN,,[],False,{}
94979.46,3419.67,91559.79,USD,IDEALPRO-001,MARGIN,,"[{'type': 'MarginBalance', 'initial': '3419.67', 'maintenance': '0.00', 'currency': 'USD', 'instrument_id': 'EUR/USD.IDEALPRO'}]",False,{}
100000.00,0.00,100000.00,EUR,IDEALPRO-001,MARGIN,,"[{'type': 'MarginBalance', 'initial': '3419.67', 'maintenance': '0.00', 'currency': 'USD', 'instrument_id': 'EUR/USD.IDEALPRO'}]",False,{}
94979.46,3419.67,91559.79,USD,IDEALPRO-001,MARGIN,,"[{'type': 'MarginBalance', 'initial': '3419.67', 'maintenance': '0.00', 'currency': 'USD', 'instrument_id': 'EUR/USD.IDEALPRO'}]",False,{}
100000.00,0.00,100000.00,EUR,IDEALPRO-001,MARGIN,,"[{'type': 'MarginBalance', 'initial': '3419.67', 'maintenance': '0.00', 'currency': 'USD', 'instrument_id': 'EUR/USD.IDEALPRO'}]",False,{}
94979.46,3419.67,91559.79,USD,IDEALPRO-001,MARGIN,,"[{'type': 'MarginBalance', 'initial': '3419.67', 'maintenance': '0.00', 'currency': 'USD', 'instrument_id': 'EUR/USD.IDEALPRO'}]",False,{}
100000.00,0.00,100000.00,EUR,IDEALPRO-001,MARGIN,,"[{'type': 'MarginBalance', 'initial': '3419.67', 'maintenance': '0.00', 'currency': 'USD', 'instrument_id': 'EUR/USD.IDEALPRO'}]",False,{}
94977.18,3419.67,91557.51,USD,IDEALPRO-001,MARGIN,,"[{'type': 'MarginBalance', 'initial': '3419.67', 'maintenance': '0.00', 'currency': 'USD', 'instrument_id': 'EUR/USD.IDEALPRO'}]",False,{}
100000.00,0.00,100000.00,EUR,IDEALPRO-001,MARGIN,,"[{'type': 'MarginBalance', 'initial': '3419.67', 'maintenance': '0.00', 'currency': 'USD', 'instrument_id': 'EUR/USD.IDEALPRO'}]",False,{}
94977.18,2279.78,92697.40,USD,IDEALPRO-001,MARGIN,,"[{'type': 'MarginBalance', 'initial': '0.00', 'maintenance': '2279.78', 'currency': 'USD', 'instrument_id': 'EUR/USD.IDEALPRO'}]",False,{}
100000.00,0.00,100000.00,EUR,IDEALPRO-001,MARGIN,,"[{'type': 'MarginBalance', 'initial': '0.00', 'maintenance': '2279.78', 'currency': 'USD', 'instrument_id': 'EUR/USD.IDEALPRO'}]",False,{}
94977.18,2279.78,92697.40,USD,IDEALPRO-001,MARGIN,,"[{'type': 'MarginBalance', 'initial': '0.00', 'maintenance': '2279.78', 'currency': 'USD', 'instrument_id': 'EUR/USD.IDEALPRO'}]",False,{}
100000.00,0.00,100000.00,EUR,IDEALPRO-001,MARGIN,,"[{'type': 'MarginBalance', 'initial': '0.00', 'maintenance': '2279.78', 'currency': 'USD', 'instrument_id': 'EUR/USD.IDEALPRO'}]",False,{}
94977.18,2279.78,92697.40,USD,IDEALPRO-001,MARGIN,,"[{'type': 'MarginBalance', 'initial': '0.00', 'maintenance': '2279.78', 'currency': 'USD', 'instrument_id': 'EUR/USD.IDEALPRO'}]",False,{}
100000.00,0.00,100000.00,EUR,IDEALPRO-001,MARGIN,,"[{'type': 'MarginBalance', 'initial': '0.00', 'maintenance': '2279.78', 'currency': 'USD', 'instrument_id': 'EUR/USD.IDEALPRO'}]",False,{}
94723.91,0.00,94723.91,USD,IDEALPRO-001,MARGIN,,[],False,{}
100000.00,0.00,100000.00,EUR,IDEALPRO-001,MARGIN,,[],False,{}
94723.91,0.00,94723.91,USD,IDEALPRO-001,MARGIN,,[],False,{}
100000.00,0.00,100000.00,EUR,IDEALPRO-001,MARGIN,,[],False,{}
94723.91,3414.84,91309.07,USD,IDEALPRO-001,MARGIN,,"[{'type': 'MarginBalance', 'initial': '3414.84', 'maintenance': '0.00', 'currency': 'USD', 'instrument_id': 'EUR/USD.IDEALPRO'}]",False,{}
100000.00,0.00,100000.00,EUR,IDEALPRO-001,MARGIN,,"[{'type': 'MarginBalance', 'initial': '3414.84', 'maintenance': '0.00', 'currency': 'USD', 'instrument_id': 'EUR/USD.IDEALPRO'}]",False,{}
94723.91,0.00,94723.91,USD,IDEALPRO-001,MARGIN,,[],False,{}
100000.00,0.00,100000.00,EUR,IDEALPRO-001,MARGIN,,[],False,{}
94723.91,0.00,94723.91,USD,IDEALPRO-001,MARGIN,,[],False,{}
100000.00,0.00,100000.00,EUR,IDEALPRO-001,MARGIN,,[],False,{}
94723.91,0.00,94723.91,USD,IDEALPRO-001,MARGIN,,[],False,{}
100000.00,0.00,100000.00,EUR,IDEALPRO-001,MARGIN,,[],False,{}
94723.91,3401.10,91322.81,USD,IDEALPRO-001,MARGIN,,"[{'type': 'MarginBalance', 'initial': '3401.10', 'maintenance': '0.00', 'currency': 'USD', 'instrument_id': 'EUR/USD.IDEALPRO'}]",False,{}
100000.00,0.00,100000.00,EUR,IDEALPRO-001,MARGIN,,"[{'type': 'MarginBalance', 'initial': '3401.10', 'maintenance': '0.00', 'currency': 'USD', 'instrument_id': 'EUR/USD.IDEALPRO'}]",False,{}
94723.91,3401.10,91322.81,USD,IDEALPRO-001,MARGIN,,"[{'type': 'MarginBalance', 'initial': '3401.10', 'maintenance': '0.00', 'currency': 'USD', 'instrument_id': 'EUR/USD.IDEALPRO'}]",False,{}
100000.00,0.00,100000.00,EUR,IDEALPRO-001,MARGIN,,"[{'type': 'MarginBalance', 'initial': '3401.10', 'maintenance': '0.00', 'currency': 'USD', 'instrument_id': 'EUR/USD.IDEALPRO'}]",False,{}
94723.91,3401.10,91322.81,USD,IDEALPRO-001,MARGIN,,"[{'type': 'MarginBalance', 'initial': '3401.10', 'maintenance': '0.00', 'currency': 'USD', 'instrument_id': 'EUR/USD.IDEALPRO'}]",False,{}
100000.00,0.00,100000.00,EUR,IDEALPRO-001,MARGIN,,"[{'type': 'MarginBalance', 'initial': '3401.10', 'maintenance': '0.00', 'currency': 'USD', 'instrument_id': 'EUR/USD.IDEALPRO'}]",False,{}
94721.64,3401.10,91320.54,USD,IDEALPRO-001,MARGIN,,"[{'type': 'MarginBalance', 'initial': '3401.10', 'maintenance': '0.00', 'currency': 'USD', 'instrument_id': 'EUR/USD.IDEALPRO'}]",False,{}
100000.00,0.00,100000.00,EUR,IDEALPRO-001,MARGIN,,"[{'type': 'MarginBalance', 'initial': '3401.10', 'maintenance': '0.00', 'currency': 'USD', 'instrument_id': 'EUR/USD.IDEALPRO'}]",False,{}
94721.64,2267.40,92454.24,USD,IDEALPRO-001,MARGIN,,"[{'type': 'MarginBalance', 'initial': '0.00', 'maintenance': '2267.40', 'currency': 'USD', 'instrument_id': 'EUR/USD.IDEALPRO'}]",False,{}
100000.00,0.00,100000.00,EUR,IDEALPRO-001,MARGIN,,"[{'type': 'MarginBalance', 'initial': '0.00', 'maintenance': '2267.40', 'currency': 'USD', 'instrument_id': 'EUR/USD.IDEALPRO'}]",False,{}
94721.64,2267.40,92454.24,USD,IDEALPRO-001,MARGIN,,"[{'type': 'MarginBalance', 'initial': '0.00', 'maintenance': '2267.40', 'currency': 'USD', 'instrument_id': 'EUR/USD.IDEALPRO'}]",False,{}
100000.00,0.00,100000.00,EUR,IDEALPRO-001,MARGIN,,"[{'type': 'MarginBalance', 'initial': '0.00', 'maintenance': '2267.40', 'currency': 'USD', 'instrument_id': 'EUR/USD.IDEALPRO'}]",False,{}
94721.64,2267.40,92454.24,USD,IDEALPRO-001,MARGIN,,"[{'type': 'MarginBalance', 'initial': '0.00', 'maintenance': '2267.40', 'currency': 'USD', 'instrument_id': 'EUR/USD.IDEALPRO'}]",False,{}
100000.00,0.00,100000.00,EUR,IDEALPRO-001,MARGIN,,"[{'type': 'MarginBalance', 'initial': '0.00', 'maintenance': '2267.40', 'currency': 'USD', 'instrument_id': 'EUR/USD.IDEALPRO'}]",False,{}
94468.38,0.00,94468.38,USD,IDEALPRO-001,MARGIN,,[],False,{}
100000.00,0.00,100000.00,EUR,IDEALPRO-001,MARGIN,,[],False,{}
94468.38,0.00,94468.38,USD,IDEALPRO-001,MARGIN,,[],False,{}
100000.00,0.00,100000.00,EUR,IDEALPRO-001,MARGIN,,[],False,{}
94468.38,3390.33,91078.05,USD,IDEALPRO-001,MARGIN,,"[{'type': 'MarginBalance', 'initial': '3390.33', 'maintenance': '0.00', 'currency': 'USD', 'instrument_id': 'EUR/USD.IDEALPRO'}]",False,{}
100000.00,0.00,100000.00,EUR,IDEALPRO-001,MARGIN,,"[{'type': 'MarginBalance', 'initial': '3390.33', 'maintenance': '0.00', 'currency': 'USD', 'instrument_id': 'EUR/USD.IDEALPRO'}]",False,{}
94468.38,3390.33,91078.05,USD,IDEALPRO-001,MARGIN,,"[{'type': 'MarginBalance', 'initial': '3390.33', 'maintenance': '0.00', 'currency': 'USD', 'instrument_id': 'EUR/USD.IDEALPRO'}]",False,{}
100000.00,0.00,100000.00,EUR,IDEALPRO-001,MARGIN,,"[{'type': 'MarginBalance', 'initial': '3390.33', 'maintenance': '0.00', 'currency': 'USD', 'instrument_id': 'EUR/USD.IDEALPRO'}]",False,{}
94468.38,3390.33,91078.05,USD,IDEALPRO-001,MARGIN,,"[{'type': 'MarginBalance', 'initial': '3390.33', 'maintenance': '0.00', 'currency': 'USD', 'instrument_id': 'EUR/USD.IDEALPRO'}]",False,{}
100000.00,0.00,100000.00,EUR,IDEALPRO-001,MARGIN,,"[{'type': 'MarginBalance', 'initial': '3390.33', 'maintenance': '0.00', 'currency': 'USD', 'instrument_id': 'EUR/USD.IDEALPRO'}]",False,{}
94468.38,3390.33,91078.05,USD,IDEALPRO-001,MARGIN,,"[{'type': 'MarginBalance', 'initial': '3390.33', 'maintenance': '0.00', 'currency': 'USD', 'instrument_id': 'EUR/USD.IDEALPRO'}]",False,{}
100000.00,0.00,100000.00,EUR,IDEALPRO-001,MARGIN,,"[{'type': 'MarginBalance', 'initial': '3390.33', 'maintenance': '0.00', 'currency': 'USD', 'instrument_id': 'EUR/USD.IDEALPRO'}]",False,{}
94468.38,3390.33,91078.05,USD,IDEALPRO-001,MARGIN,,"[{'type': 'MarginBalance', 'initial': '3390.33', 'maintenance': '0.00', 'currency': 'USD', 'instrument_id': 'EUR/USD.IDEALPRO'}]",False,{}
100000.00,0.00,100000.00,EUR,IDEALPRO-001,MARGIN,,"[{'type': 'MarginBalance', 'initial': '3390.33', 'maintenance': '0.00', 'currency': 'USD', 'instrument_id': 'EUR/USD.IDEALPRO'}]",False,{}
94468.38,3390.33,91078.05,USD,IDEALPRO-001,MARGIN,,"[{'type': 'MarginBalance', 'initial': '3390.33', 'maintenance': '0.00', 'currency': 'USD', 'instrument_id': 'EUR/USD.IDEALPRO'}]",False,{}
100000.00,0.00,100000.00,EUR,IDEALPRO-001,MARGIN,,"[{'type': 'MarginBalance', 'initial': '3390.33', 'maintenance': '0.00', 'currency': 'USD', 'instrument_id': 'EUR/USD.IDEALPRO'}]",False,{}
94466.12,3390.33,91075.79,USD,IDEALPRO-001,MARGIN,,"[{'type': 'MarginBalance', 'initial': '3390.33', 'maintenance': '0.00', 'currency': 'USD', 'instrument_id': 'EUR/USD.IDEALPRO'}]",False,{}
100000.00,0.00,100000.00,EUR,IDEALPRO-001,MARGIN,,"[{'type': 'MarginBalance', 'initial': '3390.33', 'maintenance': '0.00', 'currency': 'USD', 'instrument_id': 'EUR/USD.IDEALPRO'}]",False,{}
94466.12,2260.22,92205.90,USD,IDEALPRO-001,MARGIN,,"[{'type': 'MarginBalance', 'initial': '0.00', 'maintenance': '2260.22', 'currency': 'USD', 'instrument_id': 'EUR/USD.IDEALPRO'}]",False,{}
100000.00,0.00,100000.00,EUR,IDEALPRO-001,MARGIN,,"[{'type': 'MarginBalance', 'initial': '0.00', 'maintenance': '2260.22', 'currency': 'USD', 'instrument_id': 'EUR/USD.IDEALPRO'}]",False,{}
94466.12,2260.22,92205.90,USD,IDEALPRO-001,MARGIN,,"[{'type': 'MarginBalance', 'initial': '0.00', 'maintenance': '2260.22', 'currency': 'USD', 'instrument_id': 'EUR/USD.IDEALPRO'}]",False,{}
100000.00,0.00,100000.00,EUR,IDEALPRO-001,MARGIN,,"[{'type': 'MarginBalance', 'initial': '0.00', 'maintenance': '2260.22', 'currency': 'USD', 'instrument_id': 'EUR/USD.IDEALPRO'}]",False,{}
94466.12,2260.22,92205.90,USD,IDEALPRO-001,MARGIN,,"[{'type': 'MarginBalance', 'initial': '0.00', 'maintenance': '2260.22', 'currency': 'USD', 'instrument_id': 'EUR/USD.IDEALPRO'}]",False,{}
100000.00,0.00,100000.00,EUR,IDEALPRO-001,MARGIN,,"[{'type': 'MarginBalance', 'initial': '0.00', 'maintenance': '2260.22', 'currency': 'USD', 'instrument_id': 'EUR/USD.IDEALPRO'}]",False,{}
94466.12,2260.22,92205.90,USD,IDEALPRO-001,MARGIN,,"[{'type': 'MarginBalance', 'initial': '0.00', 'maintenance': '2260.22', 'currency': 'USD', 'instrument_id': 'EUR/USD.IDEALPRO'}]",False,{}
100000.00,0.00,100000.00,EUR,IDEALPRO-001,MARGIN,,"[{'type': 'MarginBalance', 'initial': '0.00', 'maintenance': '2260.22', 'currency': 'USD', 'instrument_id': 'EUR/USD.IDEALPRO'}]",False,{}
94466.12,2260.22,92205.90,USD,IDEALPRO-001,MARGIN,,"[{'type': 'MarginBalance', 'initial': '0.00', 'maintenance': '2260.22', 'currency': 'USD', 'instrument_id': 'EUR/USD.IDEALPRO'}]",False,{}
100000.00,0.00,100000.00,EUR,IDEALPRO-001,MARGIN,,"[{'type': 'MarginBalance', 'initial': '0.00', 'maintenance': '2260.22', 'currency': 'USD', 'instrument_id': 'EUR/USD.IDEALPRO'}]",False,{}
94963.87,0.00,94963.87,USD,IDEALPRO-001,MARGIN,,[],False,{}
100000.00,0.00,100000.00,EUR,IDEALPRO-001,MARGIN,,[],False,{}
94963.87,0.00,94963.87,USD,IDEALPRO-001,MARGIN,,[],False,{}
100000.00,0.00,100000.00,EUR,IDEALPRO-001,MARGIN,,[],False,{}
94963.87,3385.14,91578.73,USD,IDEALPRO-001,MARGIN,,"[{'type': 'MarginBalance', 'initial': '3385.14', 'maintenance': '0.00', 'currency': 'USD', 'instrument_id': 'EUR/USD.IDEALPRO'}]",False,{}
100000.00,0.00,100000.00,EUR,IDEALPRO-001,MARGIN,,"[{'type': 'MarginBalance', 'initial': '3385.14', 'maintenance': '0.00', 'currency': 'USD', 'instrument_id': 'EUR/USD.IDEALPRO'}]",False,{}
94963.87,3385.14,91578.73,USD,IDEALPRO-001,MARGIN,,"[{'type': 'MarginBalance', 'initial': '3385.14', 'maintenance': '0.00', 'currency': 'USD', 'instrument_id': 'EUR/USD.IDEALPRO'}]",False,{}
100000.00,0.00,100000.00,EUR,IDEALPRO-001,MARGIN,,"[{'type': 'MarginBalance', 'initial': '3385.14', 'maintenance': '0.00', 'currency': 'USD', 'instrument_id': 'EUR/USD.IDEALPRO'}]",False,{}
94963.87,3385.14,91578.73,USD,IDEALPRO-001,MARGIN,,"[{'type': 'MarginBalance', 'initial': '3385.14', 'maintenance': '0.00', 'currency': 'USD', 'instrument_id': 'EUR/USD.IDEALPRO'}]",False,{}
100000.00,0.00,100000.00,EUR,IDEALPRO-001,MARGIN,,"[{'type': 'MarginBalance', 'initial': '3385.14', 'maintenance': '0.00', 'currency': 'USD', 'instrument_id': 'EUR/USD.IDEALPRO'}]",False,{}
94961.61,3385.14,91576.47,USD,IDEALPRO-001,MARGIN,,"[{'type': 'MarginBalance', 'initial': '3385.14', 'maintenance': '0.00', 'currency': 'USD', 'instrument_id': 'EUR/USD.IDEALPRO'}]",False,{}
100000.00,0.00,100000.00,EUR,IDEALPRO-001,MARGIN,,"[{'type': 'MarginBalance', 'initial': '3385.14', 'maintenance': '0.00', 'currency': 'USD', 'instrument_id': 'EUR/USD.IDEALPRO'}]",False,{}
94961.61,2256.76,92704.85,USD,IDEALPRO-001,MARGIN,,"[{'type': 'MarginBalance', 'initial': '0.00', 'maintenance': '2256.76', 'currency': 'USD', 'instrument_id': 'EUR/USD.IDEALPRO'}]",False,{}
100000.00,0.00,100000.00,EUR,IDEALPRO-001,MARGIN,,"[{'type': 'MarginBalance', 'initial': '0.00', 'maintenance': '2256.76', 'currency': 'USD', 'instrument_id': 'EUR/USD.IDEALPRO'}]",False,{}
94961.61,2256.76,92704.85,USD,IDEALPRO-001,MARGIN,,"[{'type': 'MarginBalance', 'initial': '0.00', 'maintenance': '2256.76', 'currency': 'USD', 'instrument_id': 'EUR/USD.IDEALPRO'}]",False,{}
100000.00,0.00,100000.00,EUR,IDEALPRO-001,MARGIN,,"[{'type': 'MarginBalance', 'initial': '0.00', 'maintenance': '2256.76', 'currency': 'USD', 'instrument_id': 'EUR/USD.IDEALPRO'}]",False,{}
94961.61,2256.76,92704.85,USD,IDEALPRO-001,MARGIN,,"[{'type': 'MarginBalance', 'initial': '0.00', 'maintenance': '2256.76', 'currency': 'USD', 'instrument_id': 'EUR/USD.IDEALPRO'}]",False,{}
100000.00,0.00,100000.00,EUR,IDEALPRO-001,MARGIN,,"[{'type': 'MarginBalance', 'initial': '0.00', 'maintenance': '2256.76', 'currency': 'USD', 'instrument_id': 'EUR/USD.IDEALPRO'}]",False,{}
95459.34,0.00,95459.34,USD,IDEALPRO-001,MARGIN,,[],False,{}
100000.00,0.00,100000.00,EUR,IDEALPRO-001,MARGIN,,[],False,{}
95459.34,0.00,95459.34,USD,IDEALPRO-001,MARGIN,,[],False,{}
100000.00,0.00,100000.00,EUR,IDEALPRO-001,MARGIN,,[],False,{}
95459.34,3401.31,92058.03,USD,IDEALPRO-001,MARGIN,,"[{'type': 'MarginBalance', 'initial': '3401.31', 'maintenance': '0.00', 'currency': 'USD', 'instrument_id': 'EUR/USD.IDEALPRO'}]",False,{}
100000.00,0.00,100000.00,EUR,IDEALPRO-001,MARGIN,,"[{'type': 'MarginBalance', 'initial': '3401.31', 'maintenance': '0.00', 'currency': 'USD', 'instrument_id': 'EUR/USD.IDEALPRO'}]",False,{}
95459.34,3401.31,92058.03,USD,IDEALPRO-001,MARGIN,,"[{'type': 'MarginBalance', 'initial': '3401.31', 'maintenance': '0.00', 'currency': 'USD', 'instrument_id': 'EUR/USD.IDEALPRO'}]",False,{}
100000.00,0.00,100000.00,EUR,IDEALPRO-001,MARGIN,,"[{'type': 'MarginBalance', 'initial': '3401.31', 'maintenance': '0.00', 'currency': 'USD', 'instrument_id': 'EUR/USD.IDEALPRO'}]",False,{}
95459.34,3401.31,92058.03,USD,IDEALPRO-001,MARGIN,,"[{'type': 'MarginBalance', 'initial': '3401.31', 'maintenance': '0.00', 'currency': 'USD', 'instrument_id': 'EUR/USD.IDEALPRO'}]",False,{}
100000.00,0.00,100000.00,EUR,IDEALPRO-001,MARGIN,,"[{'type': 'MarginBalance', 'initial': '3401.31', 'maintenance': '0.00', 'currency': 'USD', 'instrument_id': 'EUR/USD.IDEALPRO'}]",False,{}
95457.07,3401.31,92055.76,USD,IDEALPRO-001,MARGIN,,"[{'type': 'MarginBalance', 'initial': '3401.31', 'maintenance': '0.00', 'currency': 'USD', 'instrument_id': 'EUR/USD.IDEALPRO'}]",False,{}
100000.00,0.00,100000.00,EUR,IDEALPRO-001,MARGIN,,"[{'type': 'MarginBalance', 'initial': '3401.31', 'maintenance': '0.00', 'currency': 'USD', 'instrument_id': 'EUR/USD.IDEALPRO'}]",False,{}
95457.07,2268.34,93188.73,USD,IDEALPRO-001,MARGIN,,"[{'type': 'MarginBalance', 'initial': '0.00', 'maintenance': '2268.34', 'currency': 'USD', 'instrument_id': 'EUR/USD.IDEALPRO'}]",False,{}
100000.00,0.00,100000.00,EUR,IDEALPRO-001,MARGIN,,"[{'type': 'MarginBalance', 'initial': '0.00', 'maintenance': '2268.34', 'currency': 'USD', 'instrument_id': 'EUR/USD.IDEALPRO'}]",False,{}
95457.07,2268.34,93188.73,USD,IDEALPRO-001,MARGIN,,"[{'type': 'MarginBalance', 'initial': '0.00', 'maintenance': '2268.34', 'currency': 'USD', 'instrument_id': 'EUR/USD.IDEALPRO'}]",False,{}
100000.00,0.00,100000.00,EUR,IDEALPRO-001,MARGIN,,"[{'type': 'MarginBalance', 'initial': '0.00', 'maintenance': '2268.34', 'currency': 'USD', 'instrument_id': 'EUR/USD.IDEALPRO'}]",False,{}
95457.07,2268.34,93188.73,USD,IDEALPRO-001,MARGIN,,"[{'type': 'MarginBalance', 'initial': '0.00', 'maintenance': '2268.34', 'currency': 'USD', 'instrument_id': 'EUR/USD.IDEALPRO'}]",False,{}
100000.00,0.00,100000.00,EUR,IDEALPRO-001,MARGIN,,"[{'type': 'MarginBalance', 'initial': '0.00', 'maintenance': '2268.34', 'currency': 'USD', 'instrument_id': 'EUR/USD.IDEALPRO'}]",False,{}
95243.80,0.00,95243.80,USD,IDEALPRO-001,MARGIN,,[],False,{}
100000.00,0.00,100000.00,EUR,IDEALPRO-001,MARGIN,,[],False,{}
95243.80,0.00,95243.80,USD,IDEALPRO-001,MARGIN,,[],False,{}
100000.00,0.00,100000.00,EUR,IDEALPRO-001,MARGIN,,[],False,{}
95243.80,3409.62,91834.18,USD,IDEALPRO-001,MARGIN,,"[{'type': 'MarginBalance', 'initial': '3409.62', 'maintenance': '0.00', 'currency': 'USD', 'instrument_id': 'EUR/USD.IDEALPRO'}]",False,{}
100000.00,0.00,100000.00,EUR,IDEALPRO-001,MARGIN,,"[{'type': 'MarginBalance', 'initial': '3409.62', 'maintenance': '0.00', 'currency': 'USD', 'instrument_id': 'EUR/USD.IDEALPRO'}]",False,{}
95243.80,3409.62,91834.18,USD,IDEALPRO-001,MARGIN,,"[{'type': 'MarginBalance', 'initial': '3409.62', 'maintenance': '0.00', 'currency': 'USD', 'instrument_id': 'EUR/USD.IDEALPRO'}]",False,{}
100000.00,0.00,100000.00,EUR,IDEALPRO-001,MARGIN,,"[{'type': 'MarginBalance', 'initial': '3409.62', 'maintenance': '0.00', 'currency': 'USD', 'instrument_id': 'EUR/USD.IDEALPRO'}]",False,{}
95243.80,3409.62,91834.18,USD,IDEALPRO-001,MARGIN,,"[{'type': 'MarginBalance', 'initial': '3409.62', 'maintenance': '0.00', 'currency': 'USD', 'instrument_id': 'EUR/USD.IDEALPRO'}]",False,{}
100000.00,0.00,100000.00,EUR,IDEALPRO-001,MARGIN,,"[{'type': 'MarginBalance', 'initial': '3409.62', 'maintenance': '0.00', 'currency': 'USD', 'instrument_id': 'EUR/USD.IDEALPRO'}]",False,{}
95241.53,3409.62,91831.91,USD,IDEALPRO-001,MARGIN,,"[{'type': 'MarginBalance', 'initial': '3409.62', 'maintenance': '0.00', 'currency': 'USD', 'instrument_id': 'EUR/USD.IDEALPRO'}]",False,{}
100000.00,0.00,100000.00,EUR,IDEALPRO-001,MARGIN,,"[{'type': 'MarginBalance', 'initial': '3409.62', 'maintenance': '0.00', 'currency': 'USD', 'instrument_id': 'EUR/USD.IDEALPRO'}]",False,{}
95241.53,2271.48,92970.05,USD,IDEALPRO-001,MARGIN,,"[{'type': 'MarginBalance', 'initial': '0.00', 'maintenance': '2271.48', 'currency': 'USD', 'instrument_id': 'EUR/USD.IDEALPRO'}]",False,{}
100000.00,0.00,100000.00,EUR,IDEALPRO-001,MARGIN,,"[{'type': 'MarginBalance', 'initial': '0.00', 'maintenance': '2271.48', 'currency': 'USD', 'instrument_id': 'EUR/USD.IDEALPRO'}]",False,{}
95241.53,2271.48,92970.05,USD,IDEALPRO-001,MARGIN,,"[{'type': 'MarginBalance', 'initial': '0.00', 'maintenance': '2271.48', 'currency': 'USD', 'instrument_id': 'EUR/USD.IDEALPRO'}]",False,{}
100000.00,0.00,100000.00,EUR,IDEALPRO-001,MARGIN,,"[{'type': 'MarginBalance', 'initial': '0.00', 'maintenance': '2271.48', 'currency': 'USD', 'instrument_id': 'EUR/USD.IDEALPRO'}]",False,{}
95241.53,2271.48,92970.05,USD,IDEALPRO-001,MARGIN,,"[{'type': 'MarginBalance', 'initial': '0.00', 'maintenance': '2271.48', 'currency': 'USD', 'instrument_id': 'EUR/USD.IDEALPRO'}]",False,{}
100000.00,0.00,100000.00,EUR,IDEALPRO-001,MARGIN,,"[{'type': 'MarginBalance', 'initial': '0.00', 'maintenance': '2271.48', 'currency': 'USD', 'instrument_id': 'EUR/USD.IDEALPRO'}]",False,{}
95819.25,0.00,95819.25,USD,IDEALPRO-001,MARGIN,,[],False,{}
100000.00,0.00,100000.00,EUR,IDEALPRO-001,MARGIN,,[],False,{}
95819.25,0.00,95819.25,USD,IDEALPRO-001,MARGIN,,[],False,{}
100000.00,0.00,100000.00,EUR,IDEALPRO-001,MARGIN,,[],False,{}
95819.25,3425.88,92393.37,USD,IDEALPRO-001,MARGIN,,"[{'type': 'MarginBalance', 'initial': '3425.88', 'maintenance': '0.00', 'currency': 'USD', 'instrument_id': 'EUR/USD.IDEALPRO'}]",False,{}
100000.00,0.00,100000.00,EUR,IDEALPRO-001,MARGIN,,"[{'type': 'MarginBalance', 'initial': '3425.88', 'maintenance': '0.00', 'currency': 'USD', 'instrument_id': 'EUR/USD.IDEALPRO'}]",False,{}
95819.25,3425.88,92393.37,USD,IDEALPRO-001,MARGIN,,"[{'type': 'MarginBalance', 'initial': '3425.88', 'maintenance': '0.00', 'currency': 'USD', 'instrument_id': 'EUR/USD.IDEALPRO'}]",False,{}
100000.00,0.00,100000.00,EUR,IDEALPRO-001,MARGIN,,"[{'type': 'MarginBalance', 'initial': '3425.88', 'maintenance': '0.00', 'currency': 'USD', 'instrument_id': 'EUR/USD.IDEALPRO'}]",False,{}
95819.25,3425.88,92393.37,USD,IDEALPRO-001,MARGIN,,"[{'type': 'MarginBalance', 'initial': '3425.88', 'maintenance': '0.00', 'currency': 'USD', 'instrument_id': 'EUR/USD.IDEALPRO'}]",False,{}
100000.00,0.00,100000.00,EUR,IDEALPRO-001,MARGIN,,"[{'type': 'MarginBalance', 'initial': '3425.88', 'maintenance': '0.00', 'currency': 'USD', 'instrument_id': 'EUR/USD.IDEALPRO'}]",False,{}
95819.25,3425.88,92393.37,USD,IDEALPRO-001,MARGIN,,"[{'type': 'MarginBalance', 'initial': '3425.88', 'maintenance': '0.00', 'currency': 'USD', 'instrument_id': 'EUR/USD.IDEALPRO'}]",False,{}
100000.00,0.00,100000.00,EUR,IDEALPRO-001,MARGIN,,"[{'type': 'MarginBalance', 'initial': '3425.88', 'maintenance': '0.00', 'currency': 'USD', 'instrument_id': 'EUR/USD.IDEALPRO'}]",False,{}
95819.25,3425.88,92393.37,USD,IDEALPRO-001,MARGIN,,"[{'type': 'MarginBalance', 'initial': '3425.88', 'maintenance': '0.00', 'currency': 'USD', 'instrument_id': 'EUR/USD.IDEALPRO'}]",False,{}
100000.00,0.00,100000.00,EUR,IDEALPRO-001,MARGIN,,"[{'type': 'MarginBalance', 'initial': '3425.88', 'maintenance': '0.00', 'currency': 'USD', 'instrument_id': 'EUR/USD.IDEALPRO'}]",False,{}
95819.25,3425.88,92393.37,USD,IDEALPRO-001,MARGIN,,"[{'type': 'MarginBalance', 'initial': '3425.88', 'maintenance': '0.00', 'currency': 'USD', 'instrument_id': 'EUR/USD.IDEALPRO'}]",False,{}
100000.00,0.00,100000.00,EUR,IDEALPRO-001,MARGIN,,"[{'type': 'MarginBalance', 'initial': '3425.88', 'maintenance': '0.00', 'currency': 'USD', 'instrument_id': 'EUR/USD.IDEALPRO'}]",False,{}
95816.97,3425.88,92391.09,USD,IDEALPRO-001,MARGIN,,"[{'type': 'MarginBalance', 'initial': '3425.88', 'maintenance': '0.00', 'currency': 'USD', 'instrument_id': 'EUR/USD.IDEALPRO'}]",False,{}
100000.00,0.00,100000.00,EUR,IDEALPRO-001,MARGIN,,"[{'type': 'MarginBalance', 'initial': '3425.88', 'maintenance': '0.00', 'currency': 'USD', 'instrument_id': 'EUR/USD.IDEALPRO'}]",False,{}
95816.97,2283.92,93533.05,USD,IDEALPRO-001,MARGIN,,"[{'type': 'MarginBalance', 'initial': '0.00', 'maintenance': '2283.92', 'currency': 'USD', 'instrument_id': 'EUR/USD.IDEALPRO'}]",False,{}
100000.00,0.00,100000.00,EUR,IDEALPRO-001,MARGIN,,"[{'type': 'MarginBalance', 'initial': '0.00', 'maintenance': '2283.92', 'currency': 'USD', 'instrument_id': 'EUR/USD.IDEALPRO'}]",False,{}
95816.97,2283.92,93533.05,USD,IDEALPRO-001,MARGIN,,"[{'type': 'MarginBalance', 'initial': '0.00', 'maintenance': '2283.92', 'currency': 'USD', 'instrument_id': 'EUR/USD.IDEALPRO'}]",False,{}
100000.00,0.00,100000.00,EUR,IDEALPRO-001,MARGIN,,"[{'type': 'MarginBalance', 'initial': '0.00', 'maintenance': '2283.92', 'currency': 'USD', 'instrument_id': 'EUR/USD.IDEALPRO'}]",False,{}
95816.97,2283.92,93533.05,USD,IDEALPRO-001,MARGIN,,"[{'type': 'MarginBalance', 'initial': '0.00', 'maintenance': '2283.92', 'currency': 'USD', 'instrument_id': 'EUR/USD.IDEALPRO'}]",False,{}
100000.00,0.00,100000.00,EUR,IDEALPRO-001,MARGIN,,"[{'type': 'MarginBalance', 'initial': '0.00', 'maintenance': '2283.92', 'currency': 'USD', 'instrument_id': 'EUR/USD.IDEALPRO'}]",False,{}
95816.97,2283.92,93533.05,USD,IDEALPRO-001,MARGIN,,"[{'type': 'MarginBalance', 'initial': '0.00', 'maintenance': '2283.92', 'currency': 'USD', 'instrument_id': 'EUR/USD.IDEALPRO'}]",False,{}
100000.00,0.00,100000.00,EUR,IDEALPRO-001,MARGIN,,"[{'type': 'MarginBalance', 'initial': '0.00', 'maintenance': '2283.92', 'currency': 'USD', 'instrument_id': 'EUR/USD.IDEALPRO'}]",False,{}
95816.97,2283.92,93533.05,USD,IDEALPRO-001,MARGIN,,"[{'type': 'MarginBalance', 'initial': '0.00', 'maintenance': '2283.92', 'currency': 'USD', 'instrument_id': 'EUR/USD.IDEALPRO'}]",False,{}
100000.00,0.00,100000.00,EUR,IDEALPRO-001,MARGIN,,"[{'type': 'MarginBalance', 'initial': '0.00', 'maintenance': '2283.92', 'currency': 'USD', 'instrument_id': 'EUR/USD.IDEALPRO'}]",False,{}
96314.70,0.00,96314.70,USD,IDEALPRO-001,MARGIN,,[],False,{}
100000.00,0.00,100000.00,EUR,IDEALPRO-001,MARGIN,,[],False,{}
96314.70,0.00,96314.70,USD,IDEALPRO-001,MARGIN,,[],False,{}
100000.00,0.00,100000.00,EUR,IDEALPRO-001,MARGIN,,[],False,{}
96314.70,3417.06,92897.64,USD,IDEALPRO-001,MARGIN,,"[{'type': 'MarginBalance', 'initial': '3417.06', 'maintenance': '0.00', 'currency': 'USD', 'instrument_id': 'EUR/USD.IDEALPRO'}]",False,{}
100000.00,0.00,100000.00,EUR,IDEALPRO-001,MARGIN,,"[{'type': 'MarginBalance', 'initial': '3417.06', 'maintenance': '0.00', 'currency': 'USD', 'instrument_id': 'EUR/USD.IDEALPRO'}]",False,{}
96314.70,0.00,96314.70,USD,IDEALPRO-001,MARGIN,,[],False,{}
100000.00,0.00,100000.00,EUR,IDEALPRO-001,MARGIN,,[],False,{}
96314.70,0.00,96314.70,USD,IDEALPRO-001,MARGIN,,[],False,{}
100000.00,0.00,100000.00,EUR,IDEALPRO-001,MARGIN,,[],False,{}
96314.70,0.00,96314.70,USD,IDEALPRO-001,MARGIN,,[],False,{}
100000.00,0.00,100000.00,EUR,IDEALPRO-001,MARGIN,,[],False,{}
96314.70,3422.55,92892.15,USD,IDEALPRO-001,MARGIN,,"[{'type': 'MarginBalance', 'initial': '3422.55', 'maintenance': '0.00', 'currency': 'USD', 'instrument_id': 'EUR/USD.IDEALPRO'}]",False,{}
100000.00,0.00,100000.00,EUR,IDEALPRO-001,MARGIN,,"[{'type': 'MarginBalance', 'initial': '3422.55', 'maintenance': '0.00', 'currency': 'USD', 'instrument_id': 'EUR/USD.IDEALPRO'}]",False,{}
96314.70,3422.55,92892.15,USD,IDEALPRO-001,MARGIN,,"[{'type': 'MarginBalance', 'initial': '3422.55', 'maintenance': '0.00', 'currency': 'USD', 'instrument_id': 'EUR/USD.IDEALPRO'}]",False,{}
100000.00,0.00,100000.00,EUR,IDEALPRO-001,MARGIN,,"[{'type': 'MarginBalance', 'initial': '3422.55', 'maintenance': '0.00', 'currency': 'USD', 'instrument_id': 'EUR/USD.IDEALPRO'}]",False,{}
96314.70,3422.55,92892.15,USD,IDEALPRO-001,MARGIN,,"[{'type': 'MarginBalance', 'initial': '3422.55', 'maintenance': '0.00', 'currency': 'USD', 'instrument_id': 'EUR/USD.IDEALPRO'}]",False,{}
100000.00,0.00,100000.00,EUR,IDEALPRO-001,MARGIN,,"[{'type': 'MarginBalance', 'initial': '3422.55', 'maintenance': '0.00', 'currency': 'USD', 'instrument_id': 'EUR/USD.IDEALPRO'}]",False,{}
96312.42,3422.55,92889.87,USD,IDEALPRO-001,MARGIN,,"[{'type': 'MarginBalance', 'initial': '3422.55', 'maintenance': '0.00', 'currency': 'USD', 'instrument_id': 'EUR/USD.IDEALPRO'}]",False,{}
100000.00,0.00,100000.00,EUR,IDEALPRO-001,MARGIN,,"[{'type': 'MarginBalance', 'initial': '3422.55', 'maintenance': '0.00', 'currency': 'USD', 'instrument_id': 'EUR/USD.IDEALPRO'}]",False,{}
96312.42,2281.82,94030.60,USD,IDEALPRO-001,MARGIN,,"[{'type': 'MarginBalance', 'initial': '0.00', 'maintenance': '2281.82', 'currency': 'USD', 'instrument_id': 'EUR/USD.IDEALPRO'}]",False,{}
100000.00,0.00,100000.00,EUR,IDEALPRO-001,MARGIN,,"[{'type': 'MarginBalance', 'initial': '0.00', 'maintenance': '2281.82', 'currency': 'USD', 'instrument_id': 'EUR/USD.IDEALPRO'}]",False,{}
96312.42,2281.82,94030.60,USD,IDEALPRO-001,MARGIN,,"[{'type': 'MarginBalance', 'initial': '0.00', 'maintenance': '2281.82', 'currency': 'USD', 'instrument_id': 'EUR/USD.IDEALPRO'}]",False,{}
100000.00,0.00,100000.00,EUR,IDEALPRO-001,MARGIN,,"[{'type': 'MarginBalance', 'initial': '0.00', 'maintenance': '2281.82', 'currency': 'USD', 'instrument_id': 'EUR/USD.IDEALPRO'}]",False,{}
96312.42,2281.82,94030.60,USD,IDEALPRO-001,MARGIN,,"[{'type': 'MarginBalance', 'initial': '0.00', 'maintenance': '2281.82', 'currency': 'USD', 'instrument_id': 'EUR/USD.IDEALPRO'}]",False,{}
100000.00,0.00,100000.00,EUR,IDEALPRO-001,MARGIN,,"[{'type': 'MarginBalance', 'initial': '0.00', 'maintenance': '2281.82', 'currency': 'USD', 'instrument_id': 'EUR/USD.IDEALPRO'}]",False,{}
96312.42,2281.82,94030.60,USD,IDEALPRO-001,MARGIN,,"[{'type': 'MarginBalance', 'initial': '0.00', 'maintenance': '2281.82', 'currency': 'USD', 'instrument_id': 'EUR/USD.IDEALPRO'}]",False,{}
100000.00,0.00,100000.00,EUR,IDEALPRO-001,MARGIN,,"[{'type': 'MarginBalance', 'initial': '0.00', 'maintenance': '2281.82', 'currency': 'USD', 'instrument_id': 'EUR/USD.IDEALPRO'}]",False,{}
96135.13,0.00,96135.13,USD,IDEALPRO-001,MARGIN,,[],False,{}
100000.00,0.00,100000.00,EUR,IDEALPRO-001,MARGIN,,[],False,{}
96135.13,0.00,96135.13,USD,IDEALPRO-001,MARGIN,,[],False,{}
100000.00,0.00,100000.00,EUR,IDEALPRO-001,MARGIN,,[],False,{}
96135.13,0.00,96135.13,USD,IDEALPRO-001,MARGIN,,[],False,{}
100000.00,0.00,100000.00,EUR,IDEALPRO-001,MARGIN,,[],False,{}
96135.13,3432.09,92703.04,USD,IDEALPRO-001,MARGIN,,"[{'type': 'MarginBalance', 'initial': '3432.09', 'maintenance': '0.00', 'currency': 'USD', 'instrument_id': 'EUR/USD.IDEALPRO'}]",False,{}
100000.00,0.00,100000.00,EUR,IDEALPRO-001,MARGIN,,"[{'type': 'MarginBalance', 'initial': '3432.09', 'maintenance': '0.00', 'currency': 'USD', 'instrument_id': 'EUR/USD.IDEALPRO'}]",False,{}
96135.13,3432.09,92703.04,USD,IDEALPRO-001,MARGIN,,"[{'type': 'MarginBalance', 'initial': '3432.09', 'maintenance': '0.00', 'currency': 'USD', 'instrument_id': 'EUR/USD.IDEALPRO'}]",False,{}
100000.00,0.00,100000.00,EUR,IDEALPRO-001,MARGIN,,"[{'type': 'MarginBalance', 'initial': '3432.09', 'maintenance': '0.00', 'currency': 'USD', 'instrument_id': 'EUR/USD.IDEALPRO'}]",False,{}
96135.13,3432.09,92703.04,USD,IDEALPRO-001,MARGIN,,"[{'type': 'MarginBalance', 'initial': '3432.09', 'maintenance': '0.00', 'currency': 'USD', 'instrument_id': 'EUR/USD.IDEALPRO'}]",False,{}
100000.00,0.00,100000.00,EUR,IDEALPRO-001,MARGIN,,"[{'type': 'MarginBalance', 'initial': '3432.09', 'maintenance': '0.00', 'currency': 'USD', 'instrument_id': 'EUR/USD.IDEALPRO'}]",False,{}
96132.84,3432.09,92700.75,USD,IDEALPRO-001,MARGIN,,"[{'type': 'MarginBalance', 'initial': '3432.09', 'maintenance': '0.00', 'currency': 'USD', 'instrument_id': 'EUR/USD.IDEALPRO'}]",False,{}
100000.00,0.00,100000.00,EUR,IDEALPRO-001,MARGIN,,"[{'type': 'MarginBalance', 'initial': '3432.09', 'maintenance': '0.00', 'currency': 'USD', 'instrument_id': 'EUR/USD.IDEALPRO'}]",False,{}
96132.84,2288.06,93844.78,USD,IDEALPRO-001,MARGIN,,"[{'type': 'MarginBalance', 'initial': '0.00', 'maintenance': '2288.06', 'currency': 'USD', 'instrument_id': 'EUR/USD.IDEALPRO'}]",False,{}
100000.00,0.00,100000.00,EUR,IDEALPRO-001,MARGIN,,"[{'type': 'MarginBalance', 'initial': '0.00', 'maintenance': '2288.06', 'currency': 'USD', 'instrument_id': 'EUR/USD.IDEALPRO'}]",False,{}
96132.84,2288.06,93844.78,USD,IDEALPRO-001,MARGIN,,"[{'type': 'MarginBalance', 'initial': '0.00', 'maintenance': '2288.06', 'currency': 'USD', 'instrument_id': 'EUR/USD.IDEALPRO'}]",False,{}
100000.00,0.00,100000.00,EUR,IDEALPRO-001,MARGIN,,"[{'type': 'MarginBalance', 'initial': '0.00', 'maintenance': '2288.06', 'currency': 'USD', 'instrument_id': 'EUR/USD.IDEALPRO'}]",False,{}
96132.84,2288.06,93844.78,USD,IDEALPRO-001,MARGIN,,"[{'type': 'MarginBalance', 'initial': '0.00', 'maintenance': '2288.06', 'currency': 'USD', 'instrument_id': 'EUR/USD.IDEALPRO'}]",False,{}
100000.00,0.00,100000.00,EUR,IDEALPRO-001,MARGIN,,"[{'type': 'MarginBalance', 'initial': '0.00', 'maintenance': '2288.06', 'currency': 'USD', 'instrument_id': 'EUR/USD.IDEALPRO'}]",False,{}
96630.56,0.00,96630.56,USD,IDEALPRO-001,MARGIN,,[],False,{}
100000.00,0.00,100000.00,EUR,IDEALPRO-001,MARGIN,,[],False,{}
96630.56,0.00,96630.56,USD,IDEALPRO-001,MARGIN,,[],False,{}
100000.00,0.00,100000.00,EUR,IDEALPRO-001,MARGIN,,[],False,{}
96630.56,3427.23,93203.33,USD,IDEALPRO-001,MARGIN,,"[{'type': 'MarginBalance', 'initial': '3427.23', 'maintenance': '0.00', 'currency': 'USD', 'instrument_id': 'EUR/USD.IDEALPRO'}]",False,{}
100000.00,0.00,100000.00,EUR,IDEALPRO-001,MARGIN,,"[{'type': 'MarginBalance', 'initial': '3427.23', 'maintenance': '0.00', 'currency': 'USD', 'instrument_id': 'EUR/USD.IDEALPRO'}]",False,{}
96630.56,3427.23,93203.33,USD,IDEALPRO-001,MARGIN,,"[{'type': 'MarginBalance', 'initial': '3427.23', 'maintenance': '0.00', 'currency': 'USD', 'instrument_id': 'EUR/USD.IDEALPRO'}]",False,{}
100000.00,0.00,100000.00,EUR,IDEALPRO-001,MARGIN,,"[{'type': 'MarginBalance', 'initial': '3427.23', 'maintenance': '0.00', 'currency': 'USD', 'instrument_id': 'EUR/USD.IDEALPRO'}]",False,{}
96630.56,3427.23,93203.33,USD,IDEALPRO-001,MARGIN,,"[{'type': 'MarginBalance', 'initial': '3427.23', 'maintenance': '0.00', 'currency': 'USD', 'instrument_id': 'EUR/USD.IDEALPRO'}]",False,{}
100000.00,0.00,100000.00,EUR,IDEALPRO-001,MARGIN,,"[{'type': 'MarginBalance', 'initial': '3427.23', 'maintenance': '0.00', 'currency': 'USD', 'instrument_id': 'EUR/USD.IDEALPRO'}]",False,{}
96628.28,3427.23,93201.05,USD,IDEALPRO-001,MARGIN,,"[{'type': 'MarginBalance', 'initial': '3427.23', 'maintenance': '0.00', 'currency': 'USD', 'instrument_id': 'EUR/USD.IDEALPRO'}]",False,{}
100000.00,0.00,100000.00,EUR,IDEALPRO-001,MARGIN,,"[{'type': 'MarginBalance', 'initial': '3427.23', 'maintenance': '0.00', 'currency': 'USD', 'instrument_id': 'EUR/USD.IDEALPRO'}]",False,{}
96628.28,2284.08,94344.20,USD,IDEALPRO-001,MARGIN,,"[{'type': 'MarginBalance', 'initial': '0.00', 'maintenance': '2284.08', 'currency': 'USD', 'instrument_id': 'EUR/USD.IDEALPRO'}]",False,{}
100000.00,0.00,100000.00,EUR,IDEALPRO-001,MARGIN,,"[{'type': 'MarginBalance', 'initial': '0.00', 'maintenance': '2284.08', 'currency': 'USD', 'instrument_id': 'EUR/USD.IDEALPRO'}]",False,{}
96628.28,2284.08,94344.20,USD,IDEALPRO-001,MARGIN,,"[{'type': 'MarginBalance', 'initial': '0.00', 'maintenance': '2284.08', 'currency': 'USD', 'instrument_id': 'EUR/USD.IDEALPRO'}]",False,{}
100000.00,0.00,100000.00,EUR,IDEALPRO-001,MARGIN,,"[{'type': 'MarginBalance', 'initial': '0.00', 'maintenance': '2284.08', 'currency': 'USD', 'instrument_id': 'EUR/USD.IDEALPRO'}]",False,{}
96628.28,2284.08,94344.20,USD,IDEALPRO-001,MARGIN,,"[{'type': 'MarginBalance', 'initial': '0.00', 'maintenance': '2284.08', 'currency': 'USD', 'instrument_id': 'EUR/USD.IDEALPRO'}]",False,{}
100000.00,0.00,100000.00,EUR,IDEALPRO-001,MARGIN,,"[{'type': 'MarginBalance', 'initial': '0.00', 'maintenance': '2284.08', 'currency': 'USD', 'instrument_id': 'EUR/USD.IDEALPRO'}]",False,{}
96412.00,0.00,96412.00,USD,IDEALPRO-001,MARGIN,,[],False,{}
100000.00,0.00,100000.00,EUR,IDEALPRO-001,MARGIN,,[],False,{}
96412.00,0.00,96412.00,USD,IDEALPRO-001,MARGIN,,[],False,{}
100000.00,0.00,100000.00,EUR,IDEALPRO-001,MARGIN,,[],False,{}
96412.00,3421.11,92990.89,USD,IDEALPRO-001,MARGIN,,"[{'type': 'MarginBalance', 'initial': '3421.11', 'maintenance': '0.00', 'currency': 'USD', 'instrument_id': 'EUR/USD.IDEALPRO'}]",False,{}
100000.00,0.00,100000.00,EUR,IDEALPRO-001,MARGIN,,"[{'type': 'MarginBalance', 'initial': '3421.11', 'maintenance': '0.00', 'currency': 'USD', 'instrument_id': 'EUR/USD.IDEALPRO'}]",False,{}
96412.00,3421.11,92990.89,USD,IDEALPRO-001,MARGIN,,"[{'type': 'MarginBalance', 'initial': '3421.11', 'maintenance': '0.00', 'currency': 'USD', 'instrument_id': 'EUR/USD.IDEALPRO'}]",False,{}
100000.00,0.00,100000.00,EUR,IDEALPRO-001,MARGIN,,"[{'type': 'MarginBalance', 'initial': '3421.11', 'maintenance': '0.00', 'currency': 'USD', 'instrument_id': 'EUR/USD.IDEALPRO'}]",False,{}
96412.00,3421.11,92990.89,USD,IDEALPRO-001,MARGIN,,"[{'type': 'MarginBalance', 'initial': '3421.11', 'maintenance': '0.00', 'currency': 'USD', 'instrument_id': 'EUR/USD.IDEALPRO'}]",False,{}
100000.00,0.00,100000.00,EUR,IDEALPRO-001,MARGIN,,"[{'type': 'MarginBalance', 'initial': '3421.11', 'maintenance': '0.00', 'currency': 'USD', 'instrument_id': 'EUR/USD.IDEALPRO'}]",False,{}
96409.72,3421.11,92988.61,USD,IDEALPRO-001,MARGIN,,"[{'type': 'MarginBalance', 'initial': '3421.11', 'maintenance': '0.00', 'currency': 'USD', 'instrument_id': 'EUR/USD.IDEALPRO'}]",False,{}
100000.00,0.00,100000.00,EUR,IDEALPRO-001,MARGIN,,"[{'type': 'MarginBalance', 'initial': '3421.11', 'maintenance': '0.00', 'currency': 'USD', 'instrument_id': 'EUR/USD.IDEALPRO'}]",False,{}
96409.72,2281.54,94128.18,USD,IDEALPRO-001,MARGIN,,"[{'type': 'MarginBalance', 'initial': '0.00', 'maintenance': '2281.54', 'currency': 'USD', 'instrument_id': 'EUR/USD.IDEALPRO'}]",False,{}
100000.00,0.00,100000.00,EUR,IDEALPRO-001,MARGIN,,"[{'type': 'MarginBalance', 'initial': '0.00', 'maintenance': '2281.54', 'currency': 'USD', 'instrument_id': 'EUR/USD.IDEALPRO'}]",False,{}
96409.72,2281.54,94128.18,USD,IDEALPRO-001,MARGIN,,"[{'type': 'MarginBalance', 'initial': '0.00', 'maintenance': '2281.54', 'currency': 'USD', 'instrument_id': 'EUR/USD.IDEALPRO'}]",False,{}
100000.00,0.00,100000.00,EUR,IDEALPRO-001,MARGIN,,"[{'type': 'MarginBalance', 'initial': '0.00', 'maintenance': '2281.54', 'currency': 'USD', 'instrument_id': 'EUR/USD.IDEALPRO'}]",False,{}
96409.72,2281.54,94128.18,USD,IDEALPRO-001,MARGIN,,"[{'type': 'MarginBalance', 'initial': '0.00', 'maintenance': '2281.54', 'currency': 'USD', 'instrument_id': 'EUR/USD.IDEALPRO'}]",False,{}
100000.00,0.00,100000.00,EUR,IDEALPRO-001,MARGIN,,"[{'type': 'MarginBalance', 'initial': '0.00', 'maintenance': '2281.54', 'currency': 'USD', 'instrument_id': 'EUR/USD.IDEALPRO'}]",False,{}
96409.72,2281.54,94128.18,USD,IDEALPRO-001,MARGIN,,"[{'type': 'MarginBalance', 'initial': '0.00', 'maintenance': '2281.54', 'currency': 'USD', 'instrument_id': 'EUR/USD.IDEALPRO'}]",False,{}
100000.00,0.00,100000.00,EUR,IDEALPRO-001,MARGIN,,"[{'type': 'MarginBalance', 'initial': '0.00', 'maintenance': '2281.54', 'currency': 'USD', 'instrument_id': 'EUR/USD.IDEALPRO'}]",False,{}
96243.44,0.00,96243.44,USD,IDEALPRO-001,MARGIN,,[],False,{}
100000.00,0.00,100000.00,EUR,IDEALPRO-001,MARGIN,,[],False,{}
96243.44,0.00,96243.44,USD,IDEALPRO-001,MARGIN,,[],False,{}
100000.00,0.00,100000.00,EUR,IDEALPRO-001,MARGIN,,[],False,{}
96243.44,0.00,96243.44,USD,IDEALPRO-001,MARGIN,,[],False,{}
100000.00,0.00,100000.00,EUR,IDEALPRO-001,MARGIN,,[],False,{}
96243.44,3417.84,92825.60,USD,IDEALPRO-001,MARGIN,,"[{'type': 'MarginBalance', 'initial': '3417.84', 'maintenance': '0.00', 'currency': 'USD', 'instrument_id': 'EUR/USD.IDEALPRO'}]",False,{}
100000.00,0.00,100000.00,EUR,IDEALPRO-001,MARGIN,,"[{'type': 'MarginBalance', 'initial': '3417.84', 'maintenance': '0.00', 'currency': 'USD', 'instrument_id': 'EUR/USD.IDEALPRO'}]",False,{}
96243.44,3417.84,92825.60,USD,IDEALPRO-001,MARGIN,,"[{'type': 'MarginBalance', 'initial': '3417.84', 'maintenance': '0.00', 'currency': 'USD', 'instrument_id': 'EUR/USD.IDEALPRO'}]",False,{}
100000.00,0.00,100000.00,EUR,IDEALPRO-001,MARGIN,,"[{'type': 'MarginBalance', 'initial': '3417.84', 'maintenance': '0.00', 'currency': 'USD', 'instrument_id': 'EUR/USD.IDEALPRO'}]",False,{}
96243.44,3417.84,92825.60,USD,IDEALPRO-001,MARGIN,,"[{'type': 'MarginBalance', 'initial': '3417.84', 'maintenance': '0.00', 'currency': 'USD', 'instrument_id': 'EUR/USD.IDEALPRO'}]",False,{}
100000.00,0.00,100000.00,EUR,IDEALPRO-001,MARGIN,,"[{'type': 'MarginBalance', 'initial': '3417.84', 'maintenance': '0.00', 'currency': 'USD', 'instrument_id': 'EUR/USD.IDEALPRO'}]",False,{}
96241.16,3417.84,92823.32,USD,IDEALPRO-001,MARGIN,,"[{'type': 'MarginBalance', 'initial': '3417.84', 'maintenance': '0.00', 'currency': 'USD', 'instrument_id': 'EUR/USD.IDEALPRO'}]",False,{}
100000.00,0.00,100000.00,EUR,IDEALPRO-001,MARGIN,,"[{'type': 'MarginBalance', 'initial': '3417.84', 'maintenance': '0.00', 'currency': 'USD', 'instrument_id': 'EUR/USD.IDEALPRO'}]",False,{}
96241.16,2278.74,93962.42,USD,IDEALPRO-001,MARGIN,,"[{'type': 'MarginBalance', 'initial': '0.00', 'maintenance': '2278.74', 'currency': 'USD', 'instrument_id': 'EUR/USD.IDEALPRO'}]",False,{}
100000.00,0.00,100000.00,EUR,IDEALPRO-001,MARGIN,,"[{'type': 'MarginBalance', 'initial': '0.00', 'maintenance': '2278.74', 'currency': 'USD', 'instrument_id': 'EUR/USD.IDEALPRO'}]",False,{}
96241.16,2278.74,93962.42,USD,IDEALPRO-001,MARGIN,,"[{'type': 'MarginBalance', 'initial': '0.00', 'maintenance': '2278.74', 'currency': 'USD', 'instrument_id': 'EUR/USD.IDEALPRO'}]",False,{}
100000.00,0.00,100000.00,EUR,IDEALPRO-001,MARGIN,,"[{'type': 'MarginBalance', 'initial': '0.00', 'maintenance': '2278.74', 'currency': 'USD', 'instrument_id': 'EUR/USD.IDEALPRO'}]",False,{}
96241.16,2278.74,93962.42,USD,IDEALPRO-001,MARGIN,,"[{'type': 'MarginBalance', 'initial': '0.00', 'maintenance': '2278.74', 'currency': 'USD', 'instrument_id': 'EUR/USD.IDEALPRO'}]",False,{}
100000.00,0.00,100000.00,EUR,IDEALPRO-001,MARGIN,,"[{'type': 'MarginBalance', 'initial': '0.00', 'maintenance': '2278.74', 'currency': 'USD', 'instrument_id': 'EUR/USD.IDEALPRO'}]",False,{}
95996.88,0.00,95996.88,USD,IDEALPRO-001,MARGIN,,[],False,{}
100000.00,0.00,100000.00,EUR,IDEALPRO-001,MARGIN,,[],False,{}
95996.88,0.00,95996.88,USD,IDEALPRO-001,MARGIN,,[],False,{}
100000.00,0.00,100000.00,EUR,IDEALPRO-001,MARGIN,,[],False,{}
95996.88,3427.56,92569.32,USD,IDEALPRO-001,MARGIN,,"[{'type': 'MarginBalance', 'initial': '3427.56', 'maintenance': '0.00', 'currency': 'USD', 'instrument_id': 'EUR/USD.IDEALPRO'}]",False,{}
100000.00,0.00,100000.00,EUR,IDEALPRO-001,MARGIN,,"[{'type': 'MarginBalance', 'initial': '3427.56', 'maintenance': '0.00', 'currency': 'USD', 'instrument_id': 'EUR/USD.IDEALPRO'}]",False,{}
95996.88,3427.56,92569.32,USD,IDEALPRO-001,MARGIN,,"[{'type': 'MarginBalance', 'initial': '3427.56', 'maintenance': '0.00', 'currency': 'USD', 'instrument_id': 'EUR/USD.IDEALPRO'}]",False,{}
100000.00,0.00,100000.00,EUR,IDEALPRO-001,MARGIN,,"[{'type': 'MarginBalance', 'initial': '3427.56', 'maintenance': '0.00', 'currency': 'USD', 'instrument_id': 'EUR/USD.IDEALPRO'}]",False,{}
95996.88,3427.56,92569.32,USD,IDEALPRO-001,MARGIN,,"[{'type': 'MarginBalance', 'initial': '3427.56', 'maintenance': '0.00', 'currency': 'USD', 'instrument_id': 'EUR/USD.IDEALPRO'}]",False,{}
100000.00,0.00,100000.00,EUR,IDEALPRO-001,MARGIN,,"[{'type': 'MarginBalance', 'initial': '3427.56', 'maintenance': '0.00', 'currency': 'USD', 'instrument_id': 'EUR/USD.IDEALPRO'}]",False,{}
95994.59,3427.56,92567.03,USD,IDEALPRO-001,MARGIN,,"[{'type': 'MarginBalance', 'initial': '3427.56', 'maintenance': '0.00', 'currency': 'USD', 'instrument_id': 'EUR/USD.IDEALPRO'}]",False,{}
100000.00,0.00,100000.00,EUR,IDEALPRO-001,MARGIN,,"[{'type': 'MarginBalance', 'initial': '3427.56', 'maintenance': '0.00', 'currency': 'USD', 'instrument_id': 'EUR/USD.IDEALPRO'}]",False,{}
95994.59,2285.04,93709.55,USD,IDEALPRO-001,MARGIN,,"[{'type': 'MarginBalance', 'initial': '0.00', 'maintenance': '2285.04', 'currency': 'USD', 'instrument_id': 'EUR/USD.IDEALPRO'}]",False,{}
100000.00,0.00,100000.00,EUR,IDEALPRO-001,MARGIN,,"[{'type': 'MarginBalance', 'initial': '0.00', 'maintenance': '2285.04', 'currency': 'USD', 'instrument_id': 'EUR/USD.IDEALPRO'}]",False,{}
95994.59,2285.04,93709.55,USD,IDEALPRO-001,MARGIN,,"[{'type': 'MarginBalance', 'initial': '0.00', 'maintenance': '2285.04', 'currency': 'USD', 'instrument_id': 'EUR/USD.IDEALPRO'}]",False,{}
100000.00,0.00,100000.00,EUR,IDEALPRO-001,MARGIN,,"[{'type': 'MarginBalance', 'initial': '0.00', 'maintenance': '2285.04', 'currency': 'USD', 'instrument_id': 'EUR/USD.IDEALPRO'}]",False,{}
95994.59,2285.04,93709.55,USD,IDEALPRO-001,MARGIN,,"[{'type': 'MarginBalance', 'initial': '0.00', 'maintenance': '2285.04', 'currency': 'USD', 'instrument_id': 'EUR/USD.IDEALPRO'}]",False,{}
100000.00,0.00,100000.00,EUR,IDEALPRO-001,MARGIN,,"[{'type': 'MarginBalance', 'initial': '0.00', 'maintenance': '2285.04', 'currency': 'USD', 'instrument_id': 'EUR/USD.IDEALPRO'}]",False,{}
95994.59,2285.04,93709.55,USD,IDEALPRO-001,MARGIN,,"[{'type': 'MarginBalance', 'initial': '0.00', 'maintenance': '2285.04', 'currency': 'USD', 'instrument_id': 'EUR/USD.IDEALPRO'}]",False,{}
100000.00,0.00,100000.00,EUR,IDEALPRO-001,MARGIN,,"[{'type': 'MarginBalance', 'initial': '0.00', 'maintenance': '2285.04', 'currency': 'USD', 'instrument_id': 'EUR/USD.IDEALPRO'}]",False,{}
95874.31,0.00,95874.31,USD,IDEALPRO-001,MARGIN,,[],False,{}
100000.00,0.00,100000.00,EUR,IDEALPRO-001,MARGIN,,[],False,{}
95874.31,0.00,95874.31,USD,IDEALPRO-001,MARGIN,,[],False,{}
100000.00,0.00,100000.00,EUR,IDEALPRO-001,MARGIN,,[],False,{}
95874.31,0.00,95874.31,USD,IDEALPRO-001,MARGIN,,[],False,{}
100000.00,0.00,100000.00,EUR,IDEALPRO-001,MARGIN,,[],False,{}
95874.31,3430.74,92443.57,USD,IDEALPRO-001,MARGIN,,"[{'type': 'MarginBalance', 'initial': '3430.74', 'maintenance': '0.00', 'currency': 'USD', 'instrument_id': 'EUR/USD.IDEALPRO'}]",False,{}
100000.00,0.00,100000.00,EUR,IDEALPRO-001,MARGIN,,"[{'type': 'MarginBalance', 'initial': '3430.74', 'maintenance': '0.00', 'currency': 'USD', 'instrument_id': 'EUR/USD.IDEALPRO'}]",False,{}
95874.31,3430.74,92443.57,USD,IDEALPRO-001,MARGIN,,"[{'type': 'MarginBalance', 'initial': '3430.74', 'maintenance': '0.00', 'currency': 'USD', 'instrument_id': 'EUR/USD.IDEALPRO'}]",False,{}
100000.00,0.00,100000.00,EUR,IDEALPRO-001,MARGIN,,"[{'type': 'MarginBalance', 'initial': '3430.74', 'maintenance': '0.00', 'currency': 'USD', 'instrument_id': 'EUR/USD.IDEALPRO'}]",False,{}
95874.31,3430.74,92443.57,USD,IDEALPRO-001,MARGIN,,"[{'type': 'MarginBalance', 'initial': '3430.74', 'maintenance': '0.00', 'currency': 'USD', 'instrument_id': 'EUR/USD.IDEALPRO'}]",False,{}
100000.00,0.00,100000.00,EUR,IDEALPRO-001,MARGIN,,"[{'type': 'MarginBalance', 'initial': '3430.74', 'maintenance': '0.00', 'currency': 'USD', 'instrument_id': 'EUR/USD.IDEALPRO'}]",False,{}
95872.02,3430.74,92441.28,USD,IDEALPRO-001,MARGIN,,"[{'type': 'MarginBalance', 'initial': '3430.74', 'maintenance': '0.00', 'currency': 'USD', 'instrument_id': 'EUR/USD.IDEALPRO'}]",False,{}
100000.00,0.00,100000.00,EUR,IDEALPRO-001,MARGIN,,"[{'type': 'MarginBalance', 'initial': '3430.74', 'maintenance': '0.00', 'currency': 'USD', 'instrument_id': 'EUR/USD.IDEALPRO'}]",False,{}
95872.02,2287.16,93584.86,USD,IDEALPRO-001,MARGIN,,"[{'type': 'MarginBalance', 'initial': '0.00', 'maintenance': '2287.16', 'currency': 'USD', 'instrument_id': 'EUR/USD.IDEALPRO'}]",False,{}
100000.00,0.00,100000.00,EUR,IDEALPRO-001,MARGIN,,"[{'type': 'MarginBalance', 'initial': '0.00', 'maintenance': '2287.16', 'currency': 'USD', 'instrument_id': 'EUR/USD.IDEALPRO'}]",False,{}
95872.02,2287.16,93584.86,USD,IDEALPRO-001,MARGIN,,"[{'type': 'MarginBalance', 'initial': '0.00', 'maintenance': '2287.16', 'currency': 'USD', 'instrument_id': 'EUR/USD.IDEALPRO'}]",False,{}
100000.00,0.00,100000.00,EUR,IDEALPRO-001,MARGIN,,"[{'type': 'MarginBalance', 'initial': '0.00', 'maintenance': '2287.16', 'currency': 'USD', 'instrument_id': 'EUR/USD.IDEALPRO'}]",False,{}
95872.02,2287.16,93584.86,USD,IDEALPRO-001,MARGIN,,"[{'type': 'MarginBalance', 'initial': '0.00', 'maintenance': '2287.16', 'currency': 'USD', 'instrument_id': 'EUR/USD.IDEALPRO'}]",False,{}
100000.00,0.00,100000.00,EUR,IDEALPRO-001,MARGIN,,"[{'type': 'MarginBalance', 'initial': '0.00', 'maintenance': '2287.16', 'currency': 'USD', 'instrument_id': 'EUR/USD.IDEALPRO'}]",False,{}
96369.72,0.00,96369.72,USD,IDEALPRO-001,MARGIN,,[],False,{}
100000.00,0.00,100000.00,EUR,IDEALPRO-001,MARGIN,,[],False,{}
96369.72,0.00,96369.72,USD,IDEALPRO-001,MARGIN,,[],False,{}
100000.00,0.00,100000.00,EUR,IDEALPRO-001,MARGIN,,[],False,{}
96369.72,3464.22,92905.50,USD,IDEALPRO-001,MARGIN,,"[{'type': 'MarginBalance', 'initial': '3464.22', 'maintenance': '0.00', 'currency': 'USD', 'instrument_id': 'EUR/USD.IDEALPRO'}]",False,{}
100000.00,0.00,100000.00,EUR,IDEALPRO-001,MARGIN,,"[{'type': 'MarginBalance', 'initial': '3464.22', 'maintenance': '0.00', 'currency': 'USD', 'instrument_id': 'EUR/USD.IDEALPRO'}]",False,{}
96369.72,3464.22,92905.50,USD,IDEALPRO-001,MARGIN,,"[{'type': 'MarginBalance', 'initial': '3464.22', 'maintenance': '0.00', 'currency': 'USD', 'instrument_id': 'EUR/USD.IDEALPRO'}]",False,{}
100000.00,0.00,100000.00,EUR,IDEALPRO-001,MARGIN,,"[{'type': 'MarginBalance', 'initial': '3464.22', 'maintenance': '0.00', 'currency': 'USD', 'instrument_id': 'EUR/USD.IDEALPRO'}]",False,{}
96369.72,3464.22,92905.50,USD,IDEALPRO-001,MARGIN,,"[{'type': 'MarginBalance', 'initial': '3464.22', 'maintenance': '0.00', 'currency': 'USD', 'instrument_id': 'EUR/USD.IDEALPRO'}]",False,{}
100000.00,0.00,100000.00,EUR,IDEALPRO-001,MARGIN,,"[{'type': 'MarginBalance', 'initial': '3464.22', 'maintenance': '0.00', 'currency': 'USD', 'instrument_id': 'EUR/USD.IDEALPRO'}]",False,{}
96367.41,3464.22,92903.19,USD,IDEALPRO-001,MARGIN,,"[{'type': 'MarginBalance', 'initial': '3464.22', 'maintenance': '0.00', 'currency': 'USD', 'instrument_id': 'EUR/USD.IDEALPRO'}]",False,{}
100000.00,0.00,100000.00,EUR,IDEALPRO-001,MARGIN,,"[{'type': 'MarginBalance', 'initial': '3464.22', 'maintenance': '0.00', 'currency': 'USD', 'instrument_id': 'EUR/USD.IDEALPRO'}]",False,{}
96367.41,2309.48,94057.93,USD,IDEALPRO-001,MARGIN,,"[{'type': 'MarginBalance', 'initial': '0.00', 'maintenance': '2309.48', 'currency': 'USD', 'instrument_id': 'EUR/USD.IDEALPRO'}]",False,{}
100000.00,0.00,100000.00,EUR,IDEALPRO-001,MARGIN,,"[{'type': 'MarginBalance', 'initial': '0.00', 'maintenance': '2309.48', 'currency': 'USD', 'instrument_id': 'EUR/USD.IDEALPRO'}]",False,{}
96367.41,2309.48,94057.93,USD,IDEALPRO-001,MARGIN,,"[{'type': 'MarginBalance', 'initial': '0.00', 'maintenance': '2309.48', 'currency': 'USD', 'instrument_id': 'EUR/USD.IDEALPRO'}]",False,{}
100000.00,0.00,100000.00,EUR,IDEALPRO-001,MARGIN,,"[{'type': 'MarginBalance', 'initial': '0.00', 'maintenance': '2309.48', 'currency': 'USD', 'instrument_id': 'EUR/USD.IDEALPRO'}]",False,{}
96367.41,2309.48,94057.93,USD,IDEALPRO-001,MARGIN,,"[{'type': 'MarginBalance', 'initial': '0.00', 'maintenance': '2309.48', 'currency': 'USD', 'instrument_id': 'EUR/USD.IDEALPRO'}]",False,{}
100000.00,0.00,100000.00,EUR,IDEALPRO-001,MARGIN,,"[{'type': 'MarginBalance', 'initial': '0.00', 'maintenance': '2309.48', 'currency': 'USD', 'instrument_id': 'EUR/USD.IDEALPRO'}]",False,{}
96865.11,0.00,96865.11,USD,IDEALPRO-001,MARGIN,,[],False,{}
100000.00,0.00,100000.00,EUR,IDEALPRO-001,MARGIN,,[],False,{}
96865.11,0.00,96865.11,USD,IDEALPRO-001,MARGIN,,[],False,{}
100000.00,0.00,100000.00,EUR,IDEALPRO-001,MARGIN,,[],False,{}
96865.11,3468.60,93396.51,USD,IDEALPRO-001,MARGIN,,"[{'type': 'MarginBalance', 'initial': '3468.60', 'maintenance': '0.00', 'currency': 'USD', 'instrument_id': 'EUR/USD.IDEALPRO'}]",False,{}
100000.00,0.00,100000.00,EUR,IDEALPRO-001,MARGIN,,"[{'type': 'MarginBalance', 'initial': '3468.60', 'maintenance': '0.00', 'currency': 'USD', 'instrument_id': 'EUR/USD.IDEALPRO'}]",False,{}
96865.11,3468.60,93396.51,USD,IDEALPRO-001,MARGIN,,"[{'type': 'MarginBalance', 'initial': '3468.60', 'maintenance': '0.00', 'currency': 'USD', 'instrument_id': 'EUR/USD.IDEALPRO'}]",False,{}
100000.00,0.00,100000.00,EUR,IDEALPRO-001,MARGIN,,"[{'type': 'MarginBalance', 'initial': '3468.60', 'maintenance': '0.00', 'currency': 'USD', 'instrument_id': 'EUR/USD.IDEALPRO'}]",False,{}
96865.11,3468.60,93396.51,USD,IDEALPRO-001,MARGIN,,"[{'type': 'MarginBalance', 'initial': '3468.60', 'maintenance': '0.00', 'currency': 'USD', 'instrument_id': 'EUR/USD.IDEALPRO'}]",False,{}
100000.00,0.00,100000.00,EUR,IDEALPRO-001,MARGIN,,"[{'type': 'MarginBalance', 'initial': '3468.60', 'maintenance': '0.00', 'currency': 'USD', 'instrument_id': 'EUR/USD.IDEALPRO'}]",False,{}
96862.80,3468.60,93394.20,USD,IDEALPRO-001,MARGIN,,"[{'type': 'MarginBalance', 'initial': '3468.60', 'maintenance': '0.00', 'currency': 'USD', 'instrument_id': 'EUR/USD.IDEALPRO'}]",False,{}
100000.00,0.00,100000.00,EUR,IDEALPRO-001,MARGIN,,"[{'type': 'MarginBalance', 'initial': '3468.60', 'maintenance': '0.00', 'currency': 'USD', 'instrument_id': 'EUR/USD.IDEALPRO'}]",False,{}
96862.80,2312.18,94550.62,USD,IDEALPRO-001,MARGIN,,"[{'type': 'MarginBalance', 'initial': '0.00', 'maintenance': '2312.18', 'currency': 'USD', 'instrument_id': 'EUR/USD.IDEALPRO'}]",False,{}
100000.00,0.00,100000.00,EUR,IDEALPRO-001,MARGIN,,"[{'type': 'MarginBalance', 'initial': '0.00', 'maintenance': '2312.18', 'currency': 'USD', 'instrument_id': 'EUR/USD.IDEALPRO'}]",False,{}
96862.80,2312.18,94550.62,USD,IDEALPRO-001,MARGIN,,"[{'type': 'MarginBalance', 'initial': '0.00', 'maintenance': '2312.18', 'currency': 'USD', 'instrument_id': 'EUR/USD.IDEALPRO'}]",False,{}
100000.00,0.00,100000.00,EUR,IDEALPRO-001,MARGIN,,"[{'type': 'MarginBalance', 'initial': '0.00', 'maintenance': '2312.18', 'currency': 'USD', 'instrument_id': 'EUR/USD.IDEALPRO'}]",False,{}
96862.80,2312.18,94550.62,USD,IDEALPRO-001,MARGIN,,"[{'type': 'MarginBalance', 'initial': '0.00', 'maintenance': '2312.18', 'currency': 'USD', 'instrument_id': 'EUR/USD.IDEALPRO'}]",False,{}
100000.00,0.00,100000.00,EUR,IDEALPRO-001,MARGIN,,"[{'type': 'MarginBalance', 'initial': '0.00', 'maintenance': '2312.18', 'currency': 'USD', 'instrument_id': 'EUR/USD.IDEALPRO'}]",False,{}
96620.49,0.00,96620.49,USD,IDEALPRO-001,MARGIN,,[],False,{}
100000.00,0.00,100000.00,EUR,IDEALPRO-001,MARGIN,,[],False,{}
96620.49,0.00,96620.49,USD,IDEALPRO-001,MARGIN,,[],False,{}
100000.00,0.00,100000.00,EUR,IDEALPRO-001,MARGIN,,[],False,{}
96620.49,3458.70,93161.79,USD,IDEALPRO-001,MARGIN,,"[{'type': 'MarginBalance', 'initial': '3458.70', 'maintenance': '0.00', 'currency': 'USD', 'instrument_id': 'EUR/USD.IDEALPRO'}]",False,{}
100000.00,0.00,100000.00,EUR,IDEALPRO-001,MARGIN,,"[{'type': 'MarginBalance', 'initial': '3458.70', 'maintenance': '0.00', 'currency': 'USD', 'instrument_id': 'EUR/USD.IDEALPRO'}]",False,{}
96620.49,3458.70,93161.79,USD,IDEALPRO-001,MARGIN,,"[{'type': 'MarginBalance', 'initial': '3458.70', 'maintenance': '0.00', 'currency': 'USD', 'instrument_id': 'EUR/USD.IDEALPRO'}]",False,{}
100000.00,0.00,100000.00,EUR,IDEALPRO-001,MARGIN,,"[{'type': 'MarginBalance', 'initial': '3458.70', 'maintenance': '0.00', 'currency': 'USD', 'instrument_id': 'EUR/USD.IDEALPRO'}]",False,{}
96620.49,3458.70,93161.79,USD,IDEALPRO-001,MARGIN,,"[{'type': 'MarginBalance', 'initial': '3458.70', 'maintenance': '0.00', 'currency': 'USD', 'instrument_id': 'EUR/USD.IDEALPRO'}]",False,{}
100000.00,0.00,100000.00,EUR,IDEALPRO-001,MARGIN,,"[{'type': 'MarginBalance', 'initial': '3458.70', 'maintenance': '0.00', 'currency': 'USD', 'instrument_id': 'EUR/USD.IDEALPRO'}]",False,{}
96618.18,3458.70,93159.48,USD,IDEALPRO-001,MARGIN,,"[{'type': 'MarginBalance', 'initial': '3458.70', 'maintenance': '0.00', 'currency': 'USD', 'instrument_id': 'EUR/USD.IDEALPRO'}]",False,{}
100000.00,0.00,100000.00,EUR,IDEALPRO-001,MARGIN,,"[{'type': 'MarginBalance', 'initial': '3458.70', 'maintenance': '0.00', 'currency': 'USD', 'instrument_id': 'EUR/USD.IDEALPRO'}]",False,{}
96618.18,2305.80,94312.38,USD,IDEALPRO-001,MARGIN,,"[{'type': 'MarginBalance', 'initial': '0.00', 'maintenance': '2305.80', 'currency': 'USD', 'instrument_id': 'EUR/USD.IDEALPRO'}]",False,{}
100000.00,0.00,100000.00,EUR,IDEALPRO-001,MARGIN,,"[{'type': 'MarginBalance', 'initial': '0.00', 'maintenance': '2305.80', 'currency': 'USD', 'instrument_id': 'EUR/USD.IDEALPRO'}]",False,{}
96618.18,2305.80,94312.38,USD,IDEALPRO-001,MARGIN,,"[{'type': 'MarginBalance', 'initial': '0.00', 'maintenance': '2305.80', 'currency': 'USD', 'instrument_id': 'EUR/USD.IDEALPRO'}]",False,{}
100000.00,0.00,100000.00,EUR,IDEALPRO-001,MARGIN,,"[{'type': 'MarginBalance', 'initial': '0.00', 'maintenance': '2305.80', 'currency': 'USD', 'instrument_id': 'EUR/USD.IDEALPRO'}]",False,{}
96618.18,2305.80,94312.38,USD,IDEALPRO-001,MARGIN,,"[{'type': 'MarginBalance', 'initial': '0.00', 'maintenance': '2305.80', 'currency': 'USD', 'instrument_id': 'EUR/USD.IDEALPRO'}]",False,{}
100000.00,0.00,100000.00,EUR,IDEALPRO-001,MARGIN,,"[{'type': 'MarginBalance', 'initial': '0.00', 'maintenance': '2305.80', 'currency': 'USD', 'instrument_id': 'EUR/USD.IDEALPRO'}]",False,{}
96364.87,0.00,96364.87,USD,IDEALPRO-001,MARGIN,,[],False,{}
100000.00,0.00,100000.00,EUR,IDEALPRO-001,MARGIN,,[],False,{}
96364.87,0.00,96364.87,USD,IDEALPRO-001,MARGIN,,[],False,{}
100000.00,0.00,100000.00,EUR,IDEALPRO-001,MARGIN,,[],False,{}
96364.87,3467.88,92896.99,USD,IDEALPRO-001,MARGIN,,"[{'type': 'MarginBalance', 'initial': '3467.88', 'maintenance': '0.00', 'currency': 'USD', 'instrument_id': 'EUR/USD.IDEALPRO'}]",False,{}
100000.00,0.00,100000.00,EUR,IDEALPRO-001,MARGIN,,"[{'type': 'MarginBalance', 'initial': '3467.88', 'maintenance': '0.00', 'currency': 'USD', 'instrument_id': 'EUR/USD.IDEALPRO'}]",False,{}
96364.87,0.00,96364.87,USD,IDEALPRO-001,MARGIN,,[],False,{}
100000.00,0.00,100000.00,EUR,IDEALPRO-001,MARGIN,,[],False,{}
96364.87,0.00,96364.87,USD,IDEALPRO-001,MARGIN,,[],False,{}
100000.00,0.00,100000.00,EUR,IDEALPRO-001,MARGIN,,[],False,{}
96364.87,0.00,96364.87,USD,IDEALPRO-001,MARGIN,,[],False,{}
100000.00,0.00,100000.00,EUR,IDEALPRO-001,MARGIN,,[],False,{}
96364.87,3470.01,92894.86,USD,IDEALPRO-001,MARGIN,,"[{'type': 'MarginBalance', 'initial': '3470.01', 'maintenance': '0.00', 'currency': 'USD', 'instrument_id': 'EUR/USD.IDEALPRO'}]",False,{}
100000.00,0.00,100000.00,EUR,IDEALPRO-001,MARGIN,,"[{'type': 'MarginBalance', 'initial': '3470.01', 'maintenance': '0.00', 'currency': 'USD', 'instrument_id': 'EUR/USD.IDEALPRO'}]",False,{}
96364.87,0.00,96364.87,USD,IDEALPRO-001,MARGIN,,[],False,{}
100000.00,0.00,100000.00,EUR,IDEALPRO-001,MARGIN,,[],False,{}
96364.87,0.00,96364.87,USD,IDEALPRO-001,MARGIN,,[],False,{}
100000.00,0.00,100000.00,EUR,IDEALPRO-001,MARGIN,,[],False,{}
96364.87,0.00,96364.87,USD,IDEALPRO-001,MARGIN,,[],False,{}
100000.00,0.00,100000.00,EUR,IDEALPRO-001,MARGIN,,[],False,{}
96364.87,3470.85,92894.02,USD,IDEALPRO-001,MARGIN,,"[{'type': 'MarginBalance', 'initial': '3470.85', 'maintenance': '0.00', 'currency': 'USD', 'instrument_id': 'EUR/USD.IDEALPRO'}]",False,{}
100000.00,0.00,100000.00,EUR,IDEALPRO-001,MARGIN,,"[{'type': 'MarginBalance', 'initial': '3470.85', 'maintenance': '0.00', 'currency': 'USD', 'instrument_id': 'EUR/USD.IDEALPRO'}]",False,{}
96364.87,3470.85,92894.02,USD,IDEALPRO-001,MARGIN,,"[{'type': 'MarginBalance', 'initial': '3470.85', 'maintenance': '0.00', 'currency': 'USD', 'instrument_id': 'EUR/USD.IDEALPRO'}]",False,{}
100000.00,0.00,100000.00,EUR,IDEALPRO-001,MARGIN,,"[{'type': 'MarginBalance', 'initial': '3470.85', 'maintenance': '0.00', 'currency': 'USD', 'instrument_id': 'EUR/USD.IDEALPRO'}]",False,{}
96364.87,3470.85,92894.02,USD,IDEALPRO-001,MARGIN,,"[{'type': 'MarginBalance', 'initial': '3470.85', 'maintenance': '0.00', 'currency': 'USD', 'instrument_id': 'EUR/USD.IDEALPRO'}]",False,{}
100000.00,0.00,100000.00,EUR,IDEALPRO-001,MARGIN,,"[{'type': 'MarginBalance', 'initial': '3470.85', 'maintenance': '0.00', 'currency': 'USD', 'instrument_id': 'EUR/USD.IDEALPRO'}]",False,{}
96362.56,3470.85,92891.71,USD,IDEALPRO-001,MARGIN,,"[{'type': 'MarginBalance', 'initial': '3470.85', 'maintenance': '0.00', 'currency': 'USD', 'instrument_id': 'EUR/USD.IDEALPRO'}]",False,{}
100000.00,0.00,100000.00,EUR,IDEALPRO-001,MARGIN,,"[{'type': 'MarginBalance', 'initial': '3470.85', 'maintenance': '0.00', 'currency': 'USD', 'instrument_id': 'EUR/USD.IDEALPRO'}]",False,{}
96362.56,2313.56,94049.00,USD,IDEALPRO-001,MARGIN,,"[{'type': 'MarginBalance', 'initial': '0.00', 'maintenance': '2313.56', 'currency': 'USD', 'instrument_id': 'EUR/USD.IDEALPRO'}]",False,{}
100000.00,0.00,100000.00,EUR,IDEALPRO-001,MARGIN,,"[{'type': 'MarginBalance', 'initial': '0.00', 'maintenance': '2313.56', 'currency': 'USD', 'instrument_id': 'EUR/USD.IDEALPRO'}]",False,{}
96362.56,2313.56,94049.00,USD,IDEALPRO-001,MARGIN,,"[{'type': 'MarginBalance', 'initial': '0.00', 'maintenance': '2313.56', 'currency': 'USD', 'instrument_id': 'EUR/USD.IDEALPRO'}]",False,{}
100000.00,0.00,100000.00,EUR,IDEALPRO-001,MARGIN,,"[{'type': 'MarginBalance', 'initial': '0.00', 'maintenance': '2313.56', 'currency': 'USD', 'instrument_id': 'EUR/USD.IDEALPRO'}]",False,{}
96362.56,2313.56,94049.00,USD,IDEALPRO-001,MARGIN,,"[{'type': 'MarginBalance', 'initial': '0.00', 'maintenance': '2313.56', 'currency': 'USD', 'instrument_id': 'EUR/USD.IDEALPRO'}]",False,{}
100000.00,0.00,100000.00,EUR,IDEALPRO-001,MARGIN,,"[{'type': 'MarginBalance', 'initial': '0.00', 'maintenance': '2313.56', 'currency': 'USD', 'instrument_id': 'EUR/USD.IDEALPRO'}]",False,{}
96126.25,0.00,96126.25,USD,IDEALPRO-001,MARGIN,,[],False,{}
100000.00,0.00,100000.00,EUR,IDEALPRO-001,MARGIN,,[],False,{}
96126.25,0.00,96126.25,USD,IDEALPRO-001,MARGIN,,[],False,{}
100000.00,0.00,100000.00,EUR,IDEALPRO-001,MARGIN,,[],False,{}
96126.25,3456.15,92670.10,USD,IDEALPRO-001,MARGIN,,"[{'type': 'MarginBalance', 'initial': '3456.15', 'maintenance': '0.00', 'currency': 'USD', 'instrument_id': 'EUR/USD.IDEALPRO'}]",False,{}
100000.00,0.00,100000.00,EUR,IDEALPRO-001,MARGIN,,"[{'type': 'MarginBalance', 'initial': '3456.15', 'maintenance': '0.00', 'currency': 'USD', 'instrument_id': 'EUR/USD.IDEALPRO'}]",False,{}
96126.25,3456.15,92670.10,USD,IDEALPRO-001,MARGIN,,"[{'type': 'MarginBalance', 'initial': '3456.15', 'maintenance': '0.00', 'currency': 'USD', 'instrument_id': 'EUR/USD.IDEALPRO'}]",False,{}
100000.00,0.00,100000.00,EUR,IDEALPRO-001,MARGIN,,"[{'type': 'MarginBalance', 'initial': '3456.15', 'maintenance': '0.00', 'currency': 'USD', 'instrument_id': 'EUR/USD.IDEALPRO'}]",False,{}
96126.25,3456.15,92670.10,USD,IDEALPRO-001,MARGIN,,"[{'type': 'MarginBalance', 'initial': '3456.15', 'maintenance': '0.00', 'currency': 'USD', 'instrument_id': 'EUR/USD.IDEALPRO'}]",False,{}
100000.00,0.00,100000.00,EUR,IDEALPRO-001,MARGIN,,"[{'type': 'MarginBalance', 'initial': '3456.15', 'maintenance': '0.00', 'currency': 'USD', 'instrument_id': 'EUR/USD.IDEALPRO'}]",False,{}
96123.94,3456.15,92667.79,USD,IDEALPRO-001,MARGIN,,"[{'type': 'MarginBalance', 'initial': '3456.15', 'maintenance': '0.00', 'currency': 'USD', 'instrument_id': 'EUR/USD.IDEALPRO'}]",False,{}
100000.00,0.00,100000.00,EUR,IDEALPRO-001,MARGIN,,"[{'type': 'MarginBalance', 'initial': '3456.15', 'maintenance': '0.00', 'currency': 'USD', 'instrument_id': 'EUR/USD.IDEALPRO'}]",False,{}
96123.94,2306.50,93817.44,USD,IDEALPRO-001,MARGIN,,"[{'type': 'MarginBalance', 'initial': '0.00', 'maintenance': '2306.50', 'currency': 'USD', 'instrument_id': 'EUR/USD.IDEALPRO'}]",False,{}
100000.00,0.00,100000.00,EUR,IDEALPRO-001,MARGIN,,"[{'type': 'MarginBalance', 'initial': '0.00', 'maintenance': '2306.50', 'currency': 'USD', 'instrument_id': 'EUR/USD.IDEALPRO'}]",False,{}
96123.94,2306.50,93817.44,USD,IDEALPRO-001,MARGIN,,"[{'type': 'MarginBalance', 'initial': '0.00', 'maintenance': '2306.50', 'currency': 'USD', 'instrument_id': 'EUR/USD.IDEALPRO'}]",False,{}
100000.00,0.00,100000.00,EUR,IDEALPRO-001,MARGIN,,"[{'type': 'MarginBalance', 'initial': '0.00', 'maintenance': '2306.50', 'currency': 'USD', 'instrument_id': 'EUR/USD.IDEALPRO'}]",False,{}
96123.94,2306.50,93817.44,USD,IDEALPRO-001,MARGIN,,"[{'type': 'MarginBalance', 'initial': '0.00', 'maintenance': '2306.50', 'currency': 'USD', 'instrument_id': 'EUR/USD.IDEALPRO'}]",False,{}
100000.00,0.00,100000.00,EUR,IDEALPRO-001,MARGIN,,"[{'type': 'MarginBalance', 'initial': '0.00', 'maintenance': '2306.50', 'currency': 'USD', 'instrument_id': 'EUR/USD.IDEALPRO'}]",False,{}
96123.94,2306.50,93817.44,USD,IDEALPRO-001,MARGIN,,"[{'type': 'MarginBalance', 'initial': '0.00', 'maintenance': '2306.50', 'currency': 'USD', 'instrument_id': 'EUR/USD.IDEALPRO'}]",False,{}
100000.00,0.00,100000.00,EUR,IDEALPRO-001,MARGIN,,"[{'type': 'MarginBalance', 'initial': '0.00', 'maintenance': '2306.50', 'currency': 'USD', 'instrument_id': 'EUR/USD.IDEALPRO'}]",False,{}
96283.64,0.00,96283.64,USD,IDEALPRO-001,MARGIN,,[],False,{}
100000.00,0.00,100000.00,EUR,IDEALPRO-001,MARGIN,,[],False,{}
96283.64,0.00,96283.64,USD,IDEALPRO-001,MARGIN,,[],False,{}
100000.00,0.00,100000.00,EUR,IDEALPRO-001,MARGIN,,[],False,{}
96283.64,0.00,96283.64,USD,IDEALPRO-001,MARGIN,,[],False,{}
100000.00,0.00,100000.00,EUR,IDEALPRO-001,MARGIN,,[],False,{}
96283.64,3440.01,92843.63,USD,IDEALPRO-001,MARGIN,,"[{'type': 'MarginBalance', 'initial': '3440.01', 'maintenance': '0.00', 'currency': 'USD', 'instrument_id': 'EUR/USD.IDEALPRO'}]",False,{}
100000.00,0.00,100000.00,EUR,IDEALPRO-001,MARGIN,,"[{'type': 'MarginBalance', 'initial': '3440.01', 'maintenance': '0.00', 'currency': 'USD', 'instrument_id': 'EUR/USD.IDEALPRO'}]",False,{}
96283.64,3440.01,92843.63,USD,IDEALPRO-001,MARGIN,,"[{'type': 'MarginBalance', 'initial': '3440.01', 'maintenance': '0.00', 'currency': 'USD', 'instrument_id': 'EUR/USD.IDEALPRO'}]",False,{}
100000.00,0.00,100000.00,EUR,IDEALPRO-001,MARGIN,,"[{'type': 'MarginBalance', 'initial': '3440.01', 'maintenance': '0.00', 'currency': 'USD', 'instrument_id': 'EUR/USD.IDEALPRO'}]",False,{}
96283.64,3440.01,92843.63,USD,IDEALPRO-001,MARGIN,,"[{'type': 'MarginBalance', 'initial': '3440.01', 'maintenance': '0.00', 'currency': 'USD', 'instrument_id': 'EUR/USD.IDEALPRO'}]",False,{}
100000.00,0.00,100000.00,EUR,IDEALPRO-001,MARGIN,,"[{'type': 'MarginBalance', 'initial': '3440.01', 'maintenance': '0.00', 'currency': 'USD', 'instrument_id': 'EUR/USD.IDEALPRO'}]",False,{}
96281.35,3440.01,92841.34,USD,IDEALPRO-001,MARGIN,,"[{'type': 'MarginBalance', 'initial': '3440.01', 'maintenance': '0.00', 'currency': 'USD', 'instrument_id': 'EUR/USD.IDEALPRO'}]",False,{}
100000.00,0.00,100000.00,EUR,IDEALPRO-001,MARGIN,,"[{'type': 'MarginBalance', 'initial': '3440.01', 'maintenance': '0.00', 'currency': 'USD', 'instrument_id': 'EUR/USD.IDEALPRO'}]",False,{}
96281.35,2293.88,93987.47,USD,IDEALPRO-001,MARGIN,,"[{'type': 'MarginBalance', 'initial': '0.00', 'maintenance': '2293.88', 'currency': 'USD', 'instrument_id': 'EUR/USD.IDEALPRO'}]",False,{}
100000.00,0.00,100000.00,EUR,IDEALPRO-001,MARGIN,,"[{'type': 'MarginBalance', 'initial': '0.00', 'maintenance': '2293.88', 'currency': 'USD', 'instrument_id': 'EUR/USD.IDEALPRO'}]",False,{}
96281.35,2293.88,93987.47,USD,IDEALPRO-001,MARGIN,,"[{'type': 'MarginBalance', 'initial': '0.00', 'maintenance': '2293.88', 'currency': 'USD', 'instrument_id': 'EUR/USD.IDEALPRO'}]",False,{}
100000.00,0.00,100000.00,EUR,IDEALPRO-001,MARGIN,,"[{'type': 'MarginBalance', 'initial': '0.00', 'maintenance': '2293.88', 'currency': 'USD', 'instrument_id': 'EUR/USD.IDEALPRO'}]",False,{}
96281.35,2293.88,93987.47,USD,IDEALPRO-001,MARGIN,,"[{'type': 'MarginBalance', 'initial': '0.00', 'maintenance': '2293.88', 'currency': 'USD', 'instrument_id': 'EUR/USD.IDEALPRO'}]",False,{}
100000.00,0.00,100000.00,EUR,IDEALPRO-001,MARGIN,,"[{'type': 'MarginBalance', 'initial': '0.00', 'maintenance': '2293.88', 'currency': 'USD', 'instrument_id': 'EUR/USD.IDEALPRO'}]",False,{}
96281.35,2293.88,93987.47,USD,IDEALPRO-001,MARGIN,,"[{'type': 'MarginBalance', 'initial': '0.00', 'maintenance': '2293.88', 'currency': 'USD', 'instrument_id': 'EUR/USD.IDEALPRO'}]",False,{}
100000.00,0.00,100000.00,EUR,IDEALPRO-001,MARGIN,,"[{'type': 'MarginBalance', 'initial': '0.00', 'maintenance': '2293.88', 'currency': 'USD', 'instrument_id': 'EUR/USD.IDEALPRO'}]",False,{}
96186.05,0.00,96186.05,USD,IDEALPRO-001,MARGIN,,[],False,{}
100000.00,0.00,100000.00,EUR,IDEALPRO-001,MARGIN,,[],False,{}
96186.05,0.00,96186.05,USD,IDEALPRO-001,MARGIN,,[],False,{}
100000.00,0.00,100000.00,EUR,IDEALPRO-001,MARGIN,,[],False,{}
96186.05,0.00,96186.05,USD,IDEALPRO-001,MARGIN,,[],False,{}
100000.00,0.00,100000.00,EUR,IDEALPRO-001,MARGIN,,[],False,{}
96186.05,3437.91,92748.14,USD,IDEALPRO-001,MARGIN,,"[{'type': 'MarginBalance', 'initial': '3437.91', 'maintenance': '0.00', 'currency': 'USD', 'instrument_id': 'EUR/USD.IDEALPRO'}]",False,{}
100000.00,0.00,100000.00,EUR,IDEALPRO-001,MARGIN,,"[{'type': 'MarginBalance', 'initial': '3437.91', 'maintenance': '0.00', 'currency': 'USD', 'instrument_id': 'EUR/USD.IDEALPRO'}]",False,{}
96186.05,3437.91,92748.14,USD,IDEALPRO-001,MARGIN,,"[{'type': 'MarginBalance', 'initial': '3437.91', 'maintenance': '0.00', 'currency': 'USD', 'instrument_id': 'EUR/USD.IDEALPRO'}]",False,{}
100000.00,0.00,100000.00,EUR,IDEALPRO-001,MARGIN,,"[{'type': 'MarginBalance', 'initial': '3437.91', 'maintenance': '0.00', 'currency': 'USD', 'instrument_id': 'EUR/USD.IDEALPRO'}]",False,{}
96186.05,3437.91,92748.14,USD,IDEALPRO-001,MARGIN,,"[{'type': 'MarginBalance', 'initial': '3437.91', 'maintenance': '0.00', 'currency': 'USD', 'instrument_id': 'EUR/USD.IDEALPRO'}]",False,{}
100000.00,0.00,100000.00,EUR,IDEALPRO-001,MARGIN,,"[{'type': 'MarginBalance', 'initial': '3437.91', 'maintenance': '0.00', 'currency': 'USD', 'instrument_id': 'EUR/USD.IDEALPRO'}]",False,{}
96183.76,3437.91,92745.85,USD,IDEALPRO-001,MARGIN,,"[{'type': 'MarginBalance', 'initial': '3437.91', 'maintenance': '0.00', 'currency': 'USD', 'instrument_id': 'EUR/USD.IDEALPRO'}]",False,{}
100000.00,0.00,100000.00,EUR,IDEALPRO-001,MARGIN,,"[{'type': 'MarginBalance', 'initial': '3437.91', 'maintenance': '0.00', 'currency': 'USD', 'instrument_id': 'EUR/USD.IDEALPRO'}]",False,{}
96183.76,2291.94,93891.82,USD,IDEALPRO-001,MARGIN,,"[{'type': 'MarginBalance', 'initial': '0.00', 'maintenance': '2291.94', 'currency': 'USD', 'instrument_id': 'EUR/USD.IDEALPRO'}]",False,{}
100000.00,0.00,100000.00,EUR,IDEALPRO-001,MARGIN,,"[{'type': 'MarginBalance', 'initial': '0.00', 'maintenance': '2291.94', 'currency': 'USD', 'instrument_id': 'EUR/USD.IDEALPRO'}]",False,{}
96183.76,2291.94,93891.82,USD,IDEALPRO-001,MARGIN,,"[{'type': 'MarginBalance', 'initial': '0.00', 'maintenance': '2291.94', 'currency': 'USD', 'instrument_id': 'EUR/USD.IDEALPRO'}]",False,{}
100000.00,0.00,100000.00,EUR,IDEALPRO-001,MARGIN,,"[{'type': 'MarginBalance', 'initial': '0.00', 'maintenance': '2291.94', 'currency': 'USD', 'instrument_id': 'EUR/USD.IDEALPRO'}]",False,{}
96183.76,2291.94,93891.82,USD,IDEALPRO-001,MARGIN,,"[{'type': 'MarginBalance', 'initial': '0.00', 'maintenance': '2291.94', 'currency': 'USD', 'instrument_id': 'EUR/USD.IDEALPRO'}]",False,{}
100000.00,0.00,100000.00,EUR,IDEALPRO-001,MARGIN,,"[{'type': 'MarginBalance', 'initial': '0.00', 'maintenance': '2291.94', 'currency': 'USD', 'instrument_id': 'EUR/USD.IDEALPRO'}]",False,{}
95930.46,0.00,95930.46,USD,IDEALPRO-001,MARGIN,,[],False,{}
100000.00,0.00,100000.00,EUR,IDEALPRO-001,MARGIN,,[],False,{}
95930.46,0.00,95930.46,USD,IDEALPRO-001,MARGIN,,[],False,{}
100000.00,0.00,100000.00,EUR,IDEALPRO-001,MARGIN,,[],False,{}
95930.46,3449.19,92481.27,USD,IDEALPRO-001,MARGIN,,"[{'type': 'MarginBalance', 'initial': '3449.19', 'maintenance': '0.00', 'currency': 'USD', 'instrument_id': 'EUR/USD.IDEALPRO'}]",False,{}
100000.00,0.00,100000.00,EUR,IDEALPRO-001,MARGIN,,"[{'type': 'MarginBalance', 'initial': '3449.19', 'maintenance': '0.00', 'currency': 'USD', 'instrument_id': 'EUR/USD.IDEALPRO'}]",False,{}
95930.46,3449.19,92481.27,USD,IDEALPRO-001,MARGIN,,"[{'type': 'MarginBalance', 'initial': '3449.19', 'maintenance': '0.00', 'currency': 'USD', 'instrument_id': 'EUR/USD.IDEALPRO'}]",False,{}
100000.00,0.00,100000.00,EUR,IDEALPRO-001,MARGIN,,"[{'type': 'MarginBalance', 'initial': '3449.19', 'maintenance': '0.00', 'currency': 'USD', 'instrument_id': 'EUR/USD.IDEALPRO'}]",False,{}
95930.46,3449.19,92481.27,USD,IDEALPRO-001,MARGIN,,"[{'type': 'MarginBalance', 'initial': '3449.19', 'maintenance': '0.00', 'currency': 'USD', 'instrument_id': 'EUR/USD.IDEALPRO'}]",False,{}
100000.00,0.00,100000.00,EUR,IDEALPRO-001,MARGIN,,"[{'type': 'MarginBalance', 'initial': '3449.19', 'maintenance': '0.00', 'currency': 'USD', 'instrument_id': 'EUR/USD.IDEALPRO'}]",False,{}
95928.16,3449.19,92478.97,USD,IDEALPRO-001,MARGIN,,"[{'type': 'MarginBalance', 'initial': '3449.19', 'maintenance': '0.00', 'currency': 'USD', 'instrument_id': 'EUR/USD.IDEALPRO'}]",False,{}
100000.00,0.00,100000.00,EUR,IDEALPRO-001,MARGIN,,"[{'type': 'MarginBalance', 'initial': '3449.19', 'maintenance': '0.00', 'currency': 'USD', 'instrument_id': 'EUR/USD.IDEALPRO'}]",False,{}
95928.16,2299.38,93628.78,USD,IDEALPRO-001,MARGIN,,"[{'type': 'MarginBalance', 'initial': '0.00', 'maintenance': '2299.38', 'currency': 'USD', 'instrument_id': 'EUR/USD.IDEALPRO'}]",False,{}
100000.00,0.00,100000.00,EUR,IDEALPRO-001,MARGIN,,"[{'type': 'MarginBalance', 'initial': '0.00', 'maintenance': '2299.38', 'currency': 'USD', 'instrument_id': 'EUR/USD.IDEALPRO'}]",False,{}
95928.16,2299.38,93628.78,USD,IDEALPRO-001,MARGIN,,"[{'type': 'MarginBalance', 'initial': '0.00', 'maintenance': '2299.38', 'currency': 'USD', 'instrument_id': 'EUR/USD.IDEALPRO'}]",False,{}
100000.00,0.00,100000.00,EUR,IDEALPRO-001,MARGIN,,"[{'type': 'MarginBalance', 'initial': '0.00', 'maintenance': '2299.38', 'currency': 'USD', 'instrument_id': 'EUR/USD.IDEALPRO'}]",False,{}
95928.16,2299.38,93628.78,USD,IDEALPRO-001,MARGIN,,"[{'type': 'MarginBalance', 'initial': '0.00', 'maintenance': '2299.38', 'currency': 'USD', 'instrument_id': 'EUR/USD.IDEALPRO'}]",False,{}
100000.00,0.00,100000.00,EUR,IDEALPRO-001,MARGIN,,"[{'type': 'MarginBalance', 'initial': '0.00', 'maintenance': '2299.38', 'currency': 'USD', 'instrument_id': 'EUR/USD.IDEALPRO'}]",False,{}
95678.87,0.00,95678.87,USD,IDEALPRO-001,MARGIN,,[],False,{}
100000.00,0.00,100000.00,EUR,IDEALPRO-001,MARGIN,,[],False,{}
95678.87,0.00,95678.87,USD,IDEALPRO-001,MARGIN,,[],False,{}
100000.00,0.00,100000.00,EUR,IDEALPRO-001,MARGIN,,[],False,{}
95678.87,3441.60,92237.27,USD,IDEALPRO-001,MARGIN,,"[{'type': 'MarginBalance', 'initial': '3441.60', 'maintenance': '0.00', 'currency': 'USD', 'instrument_id': 'EUR/USD.IDEALPRO'}]",False,{}
100000.00,0.00,100000.00,EUR,IDEALPRO-001,MARGIN,,"[{'type': 'MarginBalance', 'initial': '3441.60', 'maintenance': '0.00', 'currency': 'USD', 'instrument_id': 'EUR/USD.IDEALPRO'}]",False,{}
95678.87,3441.60,92237.27,USD,IDEALPRO-001,MARGIN,,"[{'type': 'MarginBalance', 'initial': '3441.60', 'maintenance': '0.00', 'currency': 'USD', 'instrument_id': 'EUR/USD.IDEALPRO'}]",False,{}
100000.00,0.00,100000.00,EUR,IDEALPRO-001,MARGIN,,"[{'type': 'MarginBalance', 'initial': '3441.60', 'maintenance': '0.00', 'currency': 'USD', 'instrument_id': 'EUR/USD.IDEALPRO'}]",False,{}
95678.87,3441.60,92237.27,USD,IDEALPRO-001,MARGIN,,"[{'type': 'MarginBalance', 'initial': '3441.60', 'maintenance': '0.00', 'currency': 'USD', 'instrument_id': 'EUR/USD.IDEALPRO'}]",False,{}
100000.00,0.00,100000.00,EUR,IDEALPRO-001,MARGIN,,"[{'type': 'MarginBalance', 'initial': '3441.60', 'maintenance': '0.00', 'currency': 'USD', 'instrument_id': 'EUR/USD.IDEALPRO'}]",False,{}
95678.87,3441.60,92237.27,USD,IDEALPRO-001,MARGIN,,"[{'type': 'MarginBalance', 'initial': '3441.60', 'maintenance': '0.00', 'currency': 'USD', 'instrument_id': 'EUR/USD.IDEALPRO'}]",False,{}
100000.00,0.00,100000.00,EUR,IDEALPRO-001,MARGIN,,"[{'type': 'MarginBalance', 'initial': '3441.60', 'maintenance': '0.00', 'currency': 'USD', 'instrument_id': 'EUR/USD.IDEALPRO'}]",False,{}
95678.87,3441.60,92237.27,USD,IDEALPRO-001,MARGIN,,"[{'type': 'MarginBalance', 'initial': '3441.60', 'maintenance': '0.00', 'currency': 'USD', 'instrument_id': 'EUR/USD.IDEALPRO'}]",False,{}
100000.00,0.00,100000.00,EUR,IDEALPRO-001,MARGIN,,"[{'type': 'MarginBalance', 'initial': '3441.60', 'maintenance': '0.00', 'currency': 'USD', 'instrument_id': 'EUR/USD.IDEALPRO'}]",False,{}
95678.87,3441.60,92237.27,USD,IDEALPRO-001,MARGIN,,"[{'type': 'MarginBalance', 'initial': '3441.60', 'maintenance': '0.00', 'currency': 'USD', 'instrument_id': 'EUR/USD.IDEALPRO'}]",False,{}
100000.00,0.00,100000.00,EUR,IDEALPRO-001,MARGIN,,"[{'type': 'MarginBalance', 'initial': '3441.60', 'maintenance': '0.00', 'currency': 'USD', 'instrument_id': 'EUR/USD.IDEALPRO'}]",False,{}
95676.58,3441.60,92234.98,USD,IDEALPRO-001,MARGIN,,"[{'type': 'MarginBalance', 'initial': '3441.60', 'maintenance': '0.00', 'currency': 'USD', 'instrument_id': 'EUR/USD.IDEALPRO'}]",False,{}
100000.00,0.00,100000.00,EUR,IDEALPRO-001,MARGIN,,"[{'type': 'MarginBalance', 'initial': '3441.60', 'maintenance': '0.00', 'currency': 'USD', 'instrument_id': 'EUR/USD.IDEALPRO'}]",False,{}
95676.58,2294.40,93382.18,USD,IDEALPRO-001,MARGIN,,"[{'type': 'MarginBalance', 'initial': '0.00', 'maintenance': '2294.40', 'currency': 'USD', 'instrument_id': 'EUR/USD.IDEALPRO'}]",False,{}
100000.00,0.00,100000.00,EUR,IDEALPRO-001,MARGIN,,"[{'type': 'MarginBalance', 'initial': '0.00', 'maintenance': '2294.40', 'currency': 'USD', 'instrument_id': 'EUR/USD.IDEALPRO'}]",False,{}
95676.58,2294.40,93382.18,USD,IDEALPRO-001,MARGIN,,"[{'type': 'MarginBalance', 'initial': '0.00', 'maintenance': '2294.40', 'currency': 'USD', 'instrument_id': 'EUR/USD.IDEALPRO'}]",False,{}
100000.00,0.00,100000.00,EUR,IDEALPRO-001,MARGIN,,"[{'type': 'MarginBalance', 'initial': '0.00', 'maintenance': '2294.40', 'currency': 'USD', 'instrument_id': 'EUR/USD.IDEALPRO'}]",False,{}
95676.58,2294.40,93382.18,USD,IDEALPRO-001,MARGIN,,"[{'type': 'MarginBalance', 'initial': '0.00', 'maintenance': '2294.40', 'currency': 'USD', 'instrument_id': 'EUR/USD.IDEALPRO'}]",False,{}
100000.00,0.00,100000.00,EUR,IDEALPRO-001,MARGIN,,"[{'type': 'MarginBalance', 'initial': '0.00', 'maintenance': '2294.40', 'currency': 'USD', 'instrument_id': 'EUR/USD.IDEALPRO'}]",False,{}
95676.58,2294.40,93382.18,USD,IDEALPRO-001,MARGIN,,"[{'type': 'MarginBalance', 'initial': '0.00', 'maintenance': '2294.40', 'currency': 'USD', 'instrument_id': 'EUR/USD.IDEALPRO'}]",False,{}
100000.00,0.00,100000.00,EUR,IDEALPRO-001,MARGIN,,"[{'type': 'MarginBalance', 'initial': '0.00', 'maintenance': '2294.40', 'currency': 'USD', 'instrument_id': 'EUR/USD.IDEALPRO'}]",False,{}
95676.58,2294.40,93382.18,USD,IDEALPRO-001,MARGIN,,"[{'type': 'MarginBalance', 'initial': '0.00', 'maintenance': '2294.40', 'currency': 'USD', 'instrument_id': 'EUR/USD.IDEALPRO'}]",False,{}
100000.00,0.00,100000.00,EUR,IDEALPRO-001,MARGIN,,"[{'type': 'MarginBalance', 'initial': '0.00', 'maintenance': '2294.40', 'currency': 'USD', 'instrument_id': 'EUR/USD.IDEALPRO'}]",False,{}
95423.28,0.00,95423.28,USD,IDEALPRO-001,MARGIN,,[],False,{}
100000.00,0.00,100000.00,EUR,IDEALPRO-001,MARGIN,,[],False,{}
95423.28,0.00,95423.28,USD,IDEALPRO-001,MARGIN,,[],False,{}
100000.00,0.00,100000.00,EUR,IDEALPRO-001,MARGIN,,[],False,{}
95423.28,3460.80,91962.48,USD,IDEALPRO-001,MARGIN,,"[{'type': 'MarginBalance', 'initial': '3460.80', 'maintenance': '0.00', 'currency': 'USD', 'instrument_id': 'EUR/USD.IDEALPRO'}]",False,{}
100000.00,0.00,100000.00,EUR,IDEALPRO-001,MARGIN,,"[{'type': 'MarginBalance', 'initial': '3460.80', 'maintenance': '0.00', 'currency': 'USD', 'instrument_id': 'EUR/USD.IDEALPRO'}]",False,{}
95423.28,3460.80,91962.48,USD,IDEALPRO-001,MARGIN,,"[{'type': 'MarginBalance', 'initial': '3460.80', 'maintenance': '0.00', 'currency': 'USD', 'instrument_id': 'EUR/USD.IDEALPRO'}]",False,{}
100000.00,0.00,100000.00,EUR,IDEALPRO-001,MARGIN,,"[{'type': 'MarginBalance', 'initial': '3460.80', 'maintenance': '0.00', 'currency': 'USD', 'instrument_id': 'EUR/USD.IDEALPRO'}]",False,{}
95423.28,3460.80,91962.48,USD,IDEALPRO-001,MARGIN,,"[{'type': 'MarginBalance', 'initial': '3460.80', 'maintenance': '0.00', 'currency': 'USD', 'instrument_id': 'EUR/USD.IDEALPRO'}]",False,{}
100000.00,0.00,100000.00,EUR,IDEALPRO-001,MARGIN,,"[{'type': 'MarginBalance', 'initial': '3460.80', 'maintenance': '0.00', 'currency': 'USD', 'instrument_id': 'EUR/USD.IDEALPRO'}]",False,{}
95420.97,3460.80,91960.17,USD,IDEALPRO-001,MARGIN,,"[{'type': 'MarginBalance', 'initial': '3460.80', 'maintenance': '0.00', 'currency': 'USD', 'instrument_id': 'EUR/USD.IDEALPRO'}]",False,{}
100000.00,0.00,100000.00,EUR,IDEALPRO-001,MARGIN,,"[{'type': 'MarginBalance', 'initial': '3460.80', 'maintenance': '0.00', 'currency': 'USD', 'instrument_id': 'EUR/USD.IDEALPRO'}]",False,{}
95420.97,2307.20,93113.77,USD,IDEALPRO-001,MARGIN,,"[{'type': 'MarginBalance', 'initial': '0.00', 'maintenance': '2307.20', 'currency': 'USD', 'instrument_id': 'EUR/USD.IDEALPRO'}]",False,{}
100000.00,0.00,100000.00,EUR,IDEALPRO-001,MARGIN,,"[{'type': 'MarginBalance', 'initial': '0.00', 'maintenance': '2307.20', 'currency': 'USD', 'instrument_id': 'EUR/USD.IDEALPRO'}]",False,{}
95420.97,2307.20,93113.77,USD,IDEALPRO-001,MARGIN,,"[{'type': 'MarginBalance', 'initial': '0.00', 'maintenance': '2307.20', 'currency': 'USD', 'instrument_id': 'EUR/USD.IDEALPRO'}]",False,{}
100000.00,0.00,100000.00,EUR,IDEALPRO-001,MARGIN,,"[{'type': 'MarginBalance', 'initial': '0.00', 'maintenance': '2307.20', 'currency': 'USD', 'instrument_id': 'EUR/USD.IDEALPRO'}]",False,{}
95420.97,2307.20,93113.77,USD,IDEALPRO-001,MARGIN,,"[{'type': 'MarginBalance', 'initial': '0.00', 'maintenance': '2307.20', 'currency': 'USD', 'instrument_id': 'EUR/USD.IDEALPRO'}]",False,{}
100000.00,0.00,100000.00,EUR,IDEALPRO-001,MARGIN,,"[{'type': 'MarginBalance', 'initial': '0.00', 'maintenance': '2307.20', 'currency': 'USD', 'instrument_id': 'EUR/USD.IDEALPRO'}]",False,{}
95918.65,0.00,95918.65,USD,IDEALPRO-001,MARGIN,,[],False,{}
100000.00,0.00,100000.00,EUR,IDEALPRO-001,MARGIN,,[],False,{}
95918.65,0.00,95918.65,USD,IDEALPRO-001,MARGIN,,[],False,{}
100000.00,0.00,100000.00,EUR,IDEALPRO-001,MARGIN,,[],False,{}
95918.65,3479.70,92438.95,USD,IDEALPRO-001,MARGIN,,"[{'type': 'MarginBalance', 'initial': '3479.70', 'maintenance': '0.00', 'currency': 'USD', 'instrument_id': 'EUR/USD.IDEALPRO'}]",False,{}
100000.00,0.00,100000.00,EUR,IDEALPRO-001,MARGIN,,"[{'type': 'MarginBalance', 'initial': '3479.70', 'maintenance': '0.00', 'currency': 'USD', 'instrument_id': 'EUR/USD.IDEALPRO'}]",False,{}
95918.65,3479.70,92438.95,USD,IDEALPRO-001,MARGIN,,"[{'type': 'MarginBalance', 'initial': '3479.70', 'maintenance': '0.00', 'currency': 'USD', 'instrument_id': 'EUR/USD.IDEALPRO'}]",False,{}
100000.00,0.00,100000.00,EUR,IDEALPRO-001,MARGIN,,"[{'type': 'MarginBalance', 'initial': '3479.70', 'maintenance': '0.00', 'currency': 'USD', 'instrument_id': 'EUR/USD.IDEALPRO'}]",False,{}
95918.65,3479.70,92438.95,USD,IDEALPRO-001,MARGIN,,"[{'type': 'MarginBalance', 'initial': '3479.70', 'maintenance': '0.00', 'currency': 'USD', 'instrument_id': 'EUR/USD.IDEALPRO'}]",False,{}
100000.00,0.00,100000.00,EUR,IDEALPRO-001,MARGIN,,"[{'type': 'MarginBalance', 'initial': '3479.70', 'maintenance': '0.00', 'currency': 'USD', 'instrument_id': 'EUR/USD.IDEALPRO'}]",False,{}
95916.33,3479.70,92436.63,USD,IDEALPRO-001,MARGIN,,"[{'type': 'MarginBalance', 'initial': '3479.70', 'maintenance': '0.00', 'currency': 'USD', 'instrument_id': 'EUR/USD.IDEALPRO'}]",False,{}
100000.00,0.00,100000.00,EUR,IDEALPRO-001,MARGIN,,"[{'type': 'MarginBalance', 'initial': '3479.70', 'maintenance': '0.00', 'currency': 'USD', 'instrument_id': 'EUR/USD.IDEALPRO'}]",False,{}
95916.33,2319.80,93596.53,USD,IDEALPRO-001,MARGIN,,"[{'type': 'MarginBalance', 'initial': '0.00', 'maintenance': '2319.80', 'currency': 'USD', 'instrument_id': 'EUR/USD.IDEALPRO'}]",False,{}
100000.00,0.00,100000.00,EUR,IDEALPRO-001,MARGIN,,"[{'type': 'MarginBalance', 'initial': '0.00', 'maintenance': '2319.80', 'currency': 'USD', 'instrument_id': 'EUR/USD.IDEALPRO'}]",False,{}
95916.33,2319.80,93596.53,USD,IDEALPRO-001,MARGIN,,"[{'type': 'MarginBalance', 'initial': '0.00', 'maintenance': '2319.80', 'currency': 'USD', 'instrument_id': 'EUR/USD.IDEALPRO'}]",False,{}
100000.00,0.00,100000.00,EUR,IDEALPRO-001,MARGIN,,"[{'type': 'MarginBalance', 'initial': '0.00', 'maintenance': '2319.80', 'currency': 'USD', 'instrument_id': 'EUR/USD.IDEALPRO'}]",False,{}
95916.33,2319.80,93596.53,USD,IDEALPRO-001,MARGIN,,"[{'type': 'MarginBalance', 'initial': '0.00', 'maintenance': '2319.80', 'currency': 'USD', 'instrument_id': 'EUR/USD.IDEALPRO'}]",False,{}
100000.00,0.00,100000.00,EUR,IDEALPRO-001,MARGIN,,"[{'type': 'MarginBalance', 'initial': '0.00', 'maintenance': '2319.80', 'currency': 'USD', 'instrument_id': 'EUR/USD.IDEALPRO'}]",False,{}
95663.01,0.00,95663.01,USD,IDEALPRO-001,MARGIN,,[],False,{}
100000.00,0.00,100000.00,EUR,IDEALPRO-001,MARGIN,,[],False,{}
95663.01,0.00,95663.01,USD,IDEALPRO-001,MARGIN,,[],False,{}
100000.00,0.00,100000.00,EUR,IDEALPRO-001,MARGIN,,[],False,{}
95663.01,3488.94,92174.07,USD,IDEALPRO-001,MARGIN,,"[{'type': 'MarginBalance', 'initial': '3488.94', 'maintenance': '0.00', 'currency': 'USD', 'instrument_id': 'EUR/USD.IDEALPRO'}]",False,{}
100000.00,0.00,100000.00,EUR,IDEALPRO-001,MARGIN,,"[{'type': 'MarginBalance', 'initial': '3488.94', 'maintenance': '0.00', 'currency': 'USD', 'instrument_id': 'EUR/USD.IDEALPRO'}]",False,{}
95663.01,0.00,95663.01,USD,IDEALPRO-001,MARGIN,,[],False,{}
100000.00,0.00,100000.00,EUR,IDEALPRO-001,MARGIN,,[],False,{}
95663.01,0.00,95663.01,USD,IDEALPRO-001,MARGIN,,[],False,{}
100000.00,0.00,100000.00,EUR,IDEALPRO-001,MARGIN,,[],False,{}
95663.01,0.00,95663.01,USD,IDEALPRO-001,MARGIN,,[],False,{}
100000.00,0.00,100000.00,EUR,IDEALPRO-001,MARGIN,,[],False,{}
95663.01,3508.02,92154.99,USD,IDEALPRO-001,MARGIN,,"[{'type': 'MarginBalance', 'initial': '3508.02', 'maintenance': '0.00', 'currency': 'USD', 'instrument_id': 'EUR/USD.IDEALPRO'}]",False,{}
100000.00,0.00,100000.00,EUR,IDEALPRO-001,MARGIN,,"[{'type': 'MarginBalance', 'initial': '3508.02', 'maintenance': '0.00', 'currency': 'USD', 'instrument_id': 'EUR/USD.IDEALPRO'}]",False,{}
95663.01,3508.02,92154.99,USD,IDEALPRO-001,MARGIN,,"[{'type': 'MarginBalance', 'initial': '3508.02', 'maintenance': '0.00', 'currency': 'USD', 'instrument_id': 'EUR/USD.IDEALPRO'}]",False,{}
100000.00,0.00,100000.00,EUR,IDEALPRO-001,MARGIN,,"[{'type': 'MarginBalance', 'initial': '3508.02', 'maintenance': '0.00', 'currency': 'USD', 'instrument_id': 'EUR/USD.IDEALPRO'}]",False,{}
95663.01,3508.02,92154.99,USD,IDEALPRO-001,MARGIN,,"[{'type': 'MarginBalance', 'initial': '3508.02', 'maintenance': '0.00', 'currency': 'USD', 'instrument_id': 'EUR/USD.IDEALPRO'}]",False,{}
100000.00,0.00,100000.00,EUR,IDEALPRO-001,MARGIN,,"[{'type': 'MarginBalance', 'initial': '3508.02', 'maintenance': '0.00', 'currency': 'USD', 'instrument_id': 'EUR/USD.IDEALPRO'}]",False,{}
95660.67,3508.02,92152.65,USD,IDEALPRO-001,MARGIN,,"[{'type': 'MarginBalance', 'initial': '3508.02', 'maintenance': '0.00', 'currency': 'USD', 'instrument_id': 'EUR/USD.IDEALPRO'}]",False,{}
100000.00,0.00,100000.00,EUR,IDEALPRO-001,MARGIN,,"[{'type': 'MarginBalance', 'initial': '3508.02', 'maintenance': '0.00', 'currency': 'USD', 'instrument_id': 'EUR/USD.IDEALPRO'}]",False,{}
95660.67,2339.30,93321.37,USD,IDEALPRO-001,MARGIN,,"[{'type': 'MarginBalance', 'initial': '0.00', 'maintenance': '2339.30', 'currency': 'USD', 'instrument_id': 'EUR/USD.IDEALPRO'}]",False,{}
100000.00,0.00,100000.00,EUR,IDEALPRO-001,MARGIN,,"[{'type': 'MarginBalance', 'initial': '0.00', 'maintenance': '2339.30', 'currency': 'USD', 'instrument_id': 'EUR/USD.IDEALPRO'}]",False,{}
95660.67,2339.30,93321.37,USD,IDEALPRO-001,MARGIN,,"[{'type': 'MarginBalance', 'initial': '0.00', 'maintenance': '2339.30', 'currency': 'USD', 'instrument_id': 'EUR/USD.IDEALPRO'}]",False,{}
100000.00,0.00,100000.00,EUR,IDEALPRO-001,MARGIN,,"[{'type': 'MarginBalance', 'initial': '0.00', 'maintenance': '2339.30', 'currency': 'USD', 'instrument_id': 'EUR/USD.IDEALPRO'}]",False,{}
95660.67,2339.30,93321.37,USD,IDEALPRO-001,MARGIN,,"[{'type': 'MarginBalance', 'initial': '0.00', 'maintenance': '2339.30', 'currency': 'USD', 'instrument_id': 'EUR/USD.IDEALPRO'}]",False,{}
100000.00,0.00,100000.00,EUR,IDEALPRO-001,MARGIN,,"[{'type': 'MarginBalance', 'initial': '0.00', 'maintenance': '2339.30', 'currency': 'USD', 'instrument_id': 'EUR/USD.IDEALPRO'}]",False,{}
95438.33,0.00,95438.33,USD,IDEALPRO-001,MARGIN,,[],False,{}
100000.00,0.00,100000.00,EUR,IDEALPRO-001,MARGIN,,[],False,{}
95438.33,0.00,95438.33,USD,IDEALPRO-001,MARGIN,,[],False,{}
100000.00,0.00,100000.00,EUR,IDEALPRO-001,MARGIN,,[],False,{}
95438.33,3524.10,91914.23,USD,IDEALPRO-001,MARGIN,,"[{'type': 'MarginBalance', 'initial': '3524.10', 'maintenance': '0.00', 'currency': 'USD', 'instrument_id': 'EUR/USD.IDEALPRO'}]",False,{}
100000.00,0.00,100000.00,EUR,IDEALPRO-001,MARGIN,,"[{'type': 'MarginBalance', 'initial': '3524.10', 'maintenance': '0.00', 'currency': 'USD', 'instrument_id': 'EUR/USD.IDEALPRO'}]",False,{}
95438.33,3524.10,91914.23,USD,IDEALPRO-001,MARGIN,,"[{'type': 'MarginBalance', 'initial': '3524.10', 'maintenance': '0.00', 'currency': 'USD', 'instrument_id': 'EUR/USD.IDEALPRO'}]",False,{}
100000.00,0.00,100000.00,EUR,IDEALPRO-001,MARGIN,,"[{'type': 'MarginBalance', 'initial': '3524.10', 'maintenance': '0.00', 'currency': 'USD', 'instrument_id': 'EUR/USD.IDEALPRO'}]",False,{}
95438.33,3524.10,91914.23,USD,IDEALPRO-001,MARGIN,,"[{'type': 'MarginBalance', 'initial': '3524.10', 'maintenance': '0.00', 'currency': 'USD', 'instrument_id': 'EUR/USD.IDEALPRO'}]",False,{}
100000.00,0.00,100000.00,EUR,IDEALPRO-001,MARGIN,,"[{'type': 'MarginBalance', 'initial': '3524.10', 'maintenance': '0.00', 'currency': 'USD', 'instrument_id': 'EUR/USD.IDEALPRO'}]",False,{}
95435.98,3524.10,91911.88,USD,IDEALPRO-001,MARGIN,,"[{'type': 'MarginBalance', 'initial': '3524.10', 'maintenance': '0.00', 'currency': 'USD', 'instrument_id': 'EUR/USD.IDEALPRO'}]",False,{}
100000.00,0.00,100000.00,EUR,IDEALPRO-001,MARGIN,,"[{'type': 'MarginBalance', 'initial': '3524.10', 'maintenance': '0.00', 'currency': 'USD', 'instrument_id': 'EUR/USD.IDEALPRO'}]",False,{}
95435.98,2347.40,93088.58,USD,IDEALPRO-001,MARGIN,,"[{'type': 'MarginBalance', 'initial': '0.00', 'maintenance': '2347.40', 'currency': 'USD', 'instrument_id': 'EUR/USD.IDEALPRO'}]",False,{}
100000.00,0.00,100000.00,EUR,IDEALPRO-001,MARGIN,,"[{'type': 'MarginBalance', 'initial': '0.00', 'maintenance': '2347.40', 'currency': 'USD', 'instrument_id': 'EUR/USD.IDEALPRO'}]",False,{}
95435.98,2347.40,93088.58,USD,IDEALPRO-001,MARGIN,,"[{'type': 'MarginBalance', 'initial': '0.00', 'maintenance': '2347.40', 'currency': 'USD', 'instrument_id': 'EUR/USD.IDEALPRO'}]",False,{}
100000.00,0.00,100000.00,EUR,IDEALPRO-001,MARGIN,,"[{'type': 'MarginBalance', 'initial': '0.00', 'maintenance': '2347.40', 'currency': 'USD', 'instrument_id': 'EUR/USD.IDEALPRO'}]",False,{}
95435.98,2347.40,93088.58,USD,IDEALPRO-001,MARGIN,,"[{'type': 'MarginBalance', 'initial': '0.00', 'maintenance': '2347.40', 'currency': 'USD', 'instrument_id': 'EUR/USD.IDEALPRO'}]",False,{}
100000.00,0.00,100000.00,EUR,IDEALPRO-001,MARGIN,,"[{'type': 'MarginBalance', 'initial': '0.00', 'maintenance': '2347.40', 'currency': 'USD', 'instrument_id': 'EUR/USD.IDEALPRO'}]",False,{}
95282.64,0.00,95282.64,USD,IDEALPRO-001,MARGIN,,[],False,{}
100000.00,0.00,100000.00,EUR,IDEALPRO-001,MARGIN,,[],False,{}
95282.64,0.00,95282.64,USD,IDEALPRO-001,MARGIN,,[],False,{}
100000.00,0.00,100000.00,EUR,IDEALPRO-001,MARGIN,,[],False,{}
95282.64,3529.20,91753.44,USD,IDEALPRO-001,MARGIN,,"[{'type': 'MarginBalance', 'initial': '3529.20', 'maintenance': '0.00', 'currency': 'USD', 'instrument_id': 'EUR/USD.IDEALPRO'}]",False,{}
100000.00,0.00,100000.00,EUR,IDEALPRO-001,MARGIN,,"[{'type': 'MarginBalance', 'initial': '3529.20', 'maintenance': '0.00', 'currency': 'USD', 'instrument_id': 'EUR/USD.IDEALPRO'}]",False,{}
95282.64,3529.20,91753.44,USD,IDEALPRO-001,MARGIN,,"[{'type': 'MarginBalance', 'initial': '3529.20', 'maintenance': '0.00', 'currency': 'USD', 'instrument_id': 'EUR/USD.IDEALPRO'}]",False,{}
100000.00,0.00,100000.00,EUR,IDEALPRO-001,MARGIN,,"[{'type': 'MarginBalance', 'initial': '3529.20', 'maintenance': '0.00', 'currency': 'USD', 'instrument_id': 'EUR/USD.IDEALPRO'}]",False,{}
95282.64,3529.20,91753.44,USD,IDEALPRO-001,MARGIN,,"[{'type': 'MarginBalance', 'initial': '3529.20', 'maintenance': '0.00', 'currency': 'USD', 'instrument_id': 'EUR/USD.IDEALPRO'}]",False,{}
100000.00,0.00,100000.00,EUR,IDEALPRO-001,MARGIN,,"[{'type': 'MarginBalance', 'initial': '3529.20', 'maintenance': '0.00', 'currency': 'USD', 'instrument_id': 'EUR/USD.IDEALPRO'}]",False,{}
95280.29,3529.20,91751.09,USD,IDEALPRO-001,MARGIN,,"[{'type': 'MarginBalance', 'initial': '3529.20', 'maintenance': '0.00', 'currency': 'USD', 'instrument_id': 'EUR/USD.IDEALPRO'}]",False,{}
100000.00,0.00,100000.00,EUR,IDEALPRO-001,MARGIN,,"[{'type': 'MarginBalance', 'initial': '3529.20', 'maintenance': '0.00', 'currency': 'USD', 'instrument_id': 'EUR/USD.IDEALPRO'}]",False,{}
95280.29,2352.80,92927.49,USD,IDEALPRO-001,MARGIN,,"[{'type': 'MarginBalance', 'initial': '0.00', 'maintenance': '2352.80', 'currency': 'USD', 'instrument_id': 'EUR/USD.IDEALPRO'}]",False,{}
100000.00,0.00,100000.00,EUR,IDEALPRO-001,MARGIN,,"[{'type': 'MarginBalance', 'initial': '0.00', 'maintenance': '2352.80', 'currency': 'USD', 'instrument_id': 'EUR/USD.IDEALPRO'}]",False,{}
95280.29,2352.80,92927.49,USD,IDEALPRO-001,MARGIN,,"[{'type': 'MarginBalance', 'initial': '0.00', 'maintenance': '2352.80', 'currency': 'USD', 'instrument_id': 'EUR/USD.IDEALPRO'}]",False,{}
100000.00,0.00,100000.00,EUR,IDEALPRO-001,MARGIN,,"[{'type': 'MarginBalance', 'initial': '0.00', 'maintenance': '2352.80', 'currency': 'USD', 'instrument_id': 'EUR/USD.IDEALPRO'}]",False,{}
95280.29,2352.80,92927.49,USD,IDEALPRO-001,MARGIN,,"[{'type': 'MarginBalance', 'initial': '0.00', 'maintenance': '2352.80', 'currency': 'USD', 'instrument_id': 'EUR/USD.IDEALPRO'}]",False,{}
100000.00,0.00,100000.00,EUR,IDEALPRO-001,MARGIN,,"[{'type': 'MarginBalance', 'initial': '0.00', 'maintenance': '2352.80', 'currency': 'USD', 'instrument_id': 'EUR/USD.IDEALPRO'}]",False,{}
95026.93,0.00,95026.93,USD,IDEALPRO-001,MARGIN,,[],False,{}
100000.00,0.00,100000.00,EUR,IDEALPRO-001,MARGIN,,[],False,{}
95026.93,0.00,95026.93,USD,IDEALPRO-001,MARGIN,,[],False,{}
100000.00,0.00,100000.00,EUR,IDEALPRO-001,MARGIN,,[],False,{}
95026.93,3541.29,91485.64,USD,IDEALPRO-001,MARGIN,,"[{'type': 'MarginBalance', 'initial': '3541.29', 'maintenance': '0.00', 'currency': 'USD', 'instrument_id': 'EUR/USD.IDEALPRO'}]",False,{}
100000.00,0.00,100000.00,EUR,IDEALPRO-001,MARGIN,,"[{'type': 'MarginBalance', 'initial': '3541.29', 'maintenance': '0.00', 'currency': 'USD', 'instrument_id': 'EUR/USD.IDEALPRO'}]",False,{}
95026.93,3541.29,91485.64,USD,IDEALPRO-001,MARGIN,,"[{'type': 'MarginBalance', 'initial': '3541.29', 'maintenance': '0.00', 'currency': 'USD', 'instrument_id': 'EUR/USD.IDEALPRO'}]",False,{}
100000.00,0.00,100000.00,EUR,IDEALPRO-001,MARGIN,,"[{'type': 'MarginBalance', 'initial': '3541.29', 'maintenance': '0.00', 'currency': 'USD', 'instrument_id': 'EUR/USD.IDEALPRO'}]",False,{}
95026.93,3541.29,91485.64,USD,IDEALPRO-001,MARGIN,,"[{'type': 'MarginBalance', 'initial': '3541.29', 'maintenance': '0.00', 'currency': 'USD', 'instrument_id': 'EUR/USD.IDEALPRO'}]",False,{}
100000.00,0.00,100000.00,EUR,IDEALPRO-001,MARGIN,,"[{'type': 'MarginBalance', 'initial': '3541.29', 'maintenance': '0.00', 'currency': 'USD', 'instrument_id': 'EUR/USD.IDEALPRO'}]",False,{}
95024.57,3541.29,91483.28,USD,IDEALPRO-001,MARGIN,,"[{'type': 'MarginBalance', 'initial': '3541.29', 'maintenance': '0.00', 'currency': 'USD', 'instrument_id': 'EUR/USD.IDEALPRO'}]",False,{}
100000.00,0.00,100000.00,EUR,IDEALPRO-001,MARGIN,,"[{'type': 'MarginBalance', 'initial': '3541.29', 'maintenance': '0.00', 'currency': 'USD', 'instrument_id': 'EUR/USD.IDEALPRO'}]",False,{}
95024.57,2360.86,92663.71,USD,IDEALPRO-001,MARGIN,,"[{'type': 'MarginBalance', 'initial': '0.00', 'maintenance': '2360.86', 'currency': 'USD', 'instrument_id': 'EUR/USD.IDEALPRO'}]",False,{}
100000.00,0.00,100000.00,EUR,IDEALPRO-001,MARGIN,,"[{'type': 'MarginBalance', 'initial': '0.00', 'maintenance': '2360.86', 'currency': 'USD', 'instrument_id': 'EUR/USD.IDEALPRO'}]",False,{}
95024.57,2360.86,92663.71,USD,IDEALPRO-001,MARGIN,,"[{'type': 'MarginBalance', 'initial': '0.00', 'maintenance': '2360.86', 'currency': 'USD', 'instrument_id': 'EUR/USD.IDEALPRO'}]",False,{}
100000.00,0.00,100000.00,EUR,IDEALPRO-001,MARGIN,,"[{'type': 'MarginBalance', 'initial': '0.00', 'maintenance': '2360.86', 'currency': 'USD', 'instrument_id': 'EUR/USD.IDEALPRO'}]",False,{}
95024.57,2360.86,92663.71,USD,IDEALPRO-001,MARGIN,,"[{'type': 'MarginBalance', 'initial': '0.00', 'maintenance': '2360.86', 'currency': 'USD', 'instrument_id': 'EUR/USD.IDEALPRO'}]",False,{}
100000.00,0.00,100000.00,EUR,IDEALPRO-001,MARGIN,,"[{'type': 'MarginBalance', 'initial': '0.00', 'maintenance': '2360.86', 'currency': 'USD', 'instrument_id': 'EUR/USD.IDEALPRO'}]",False,{}
95024.57,2360.86,92663.71,USD,IDEALPRO-001,MARGIN,,"[{'type': 'MarginBalance', 'initial': '0.00', 'maintenance': '2360.86', 'currency': 'USD', 'instrument_id': 'EUR/USD.IDEALPRO'}]",False,{}
100000.00,0.00,100000.00,EUR,IDEALPRO-001,MARGIN,,"[{'type': 'MarginBalance', 'initial': '0.00', 'maintenance': '2360.86', 'currency': 'USD', 'instrument_id': 'EUR/USD.IDEALPRO'}]",False,{}
94841.21,0.00,94841.21,USD,IDEALPRO-001,MARGIN,,[],False,{}
100000.00,0.00,100000.00,EUR,IDEALPRO-001,MARGIN,,[],False,{}
94841.21,0.00,94841.21,USD,IDEALPRO-001,MARGIN,,[],False,{}
100000.00,0.00,100000.00,EUR,IDEALPRO-001,MARGIN,,[],False,{}
94841.21,0.00,94841.21,USD,IDEALPRO-001,MARGIN,,[],False,{}
100000.00,0.00,100000.00,EUR,IDEALPRO-001,MARGIN,,[],False,{}
94841.21,3538.65,91302.56,USD,IDEALPRO-001,MARGIN,,"[{'type': 'MarginBalance', 'initial': '3538.65', 'maintenance': '0.00', 'currency': 'USD', 'instrument_id': 'EUR/USD.IDEALPRO'}]",False,{}
100000.00,0.00,100000.00,EUR,IDEALPRO-001,MARGIN,,"[{'type': 'MarginBalance', 'initial': '3538.65', 'maintenance': '0.00', 'currency': 'USD', 'instrument_id': 'EUR/USD.IDEALPRO'}]",False,{}
94841.21,3538.65,91302.56,USD,IDEALPRO-001,MARGIN,,"[{'type': 'MarginBalance', 'initial': '3538.65', 'maintenance': '0.00', 'currency': 'USD', 'instrument_id': 'EUR/USD.IDEALPRO'}]",False,{}
100000.00,0.00,100000.00,EUR,IDEALPRO-001,MARGIN,,"[{'type': 'MarginBalance', 'initial': '3538.65', 'maintenance': '0.00', 'currency': 'USD', 'instrument_id': 'EUR/USD.IDEALPRO'}]",False,{}
94841.21,3538.65,91302.56,USD,IDEALPRO-001,MARGIN,,"[{'type': 'MarginBalance', 'initial': '3538.65', 'maintenance': '0.00', 'currency': 'USD', 'instrument_id': 'EUR/USD.IDEALPRO'}]",False,{}
100000.00,0.00,100000.00,EUR,IDEALPRO-001,MARGIN,,"[{'type': 'MarginBalance', 'initial': '3538.65', 'maintenance': '0.00', 'currency': 'USD', 'instrument_id': 'EUR/USD.IDEALPRO'}]",False,{}
94841.21,3538.65,91302.56,USD,IDEALPRO-001,MARGIN,,"[{'type': 'MarginBalance', 'initial': '3538.65', 'maintenance': '0.00', 'currency': 'USD', 'instrument_id': 'EUR/USD.IDEALPRO'}]",False,{}
100000.00,0.00,100000.00,EUR,IDEALPRO-001,MARGIN,,"[{'type': 'MarginBalance', 'initial': '3538.65', 'maintenance': '0.00', 'currency': 'USD', 'instrument_id': 'EUR/USD.IDEALPRO'}]",False,{}
94841.21,3538.65,91302.56,USD,IDEALPRO-001,MARGIN,,"[{'type': 'MarginBalance', 'initial': '3538.65', 'maintenance': '0.00', 'currency': 'USD', 'instrument_id': 'EUR/USD.IDEALPRO'}]",False,{}
100000.00,0.00,100000.00,EUR,IDEALPRO-001,MARGIN,,"[{'type': 'MarginBalance', 'initial': '3538.65', 'maintenance': '0.00', 'currency': 'USD', 'instrument_id': 'EUR/USD.IDEALPRO'}]",False,{}
94841.21,3538.65,91302.56,USD,IDEALPRO-001,MARGIN,,"[{'type': 'MarginBalance', 'initial': '3538.65', 'maintenance': '0.00', 'currency': 'USD', 'instrument_id': 'EUR/USD.IDEALPRO'}]",False,{}
100000.00,0.00,100000.00,EUR,IDEALPRO-001,MARGIN,,"[{'type': 'MarginBalance', 'initial': '3538.65', 'maintenance': '0.00', 'currency': 'USD', 'instrument_id': 'EUR/USD.IDEALPRO'}]",False,{}
94841.21,3538.65,91302.56,USD,IDEALPRO-001,MARGIN,,"[{'type': 'MarginBalance', 'initial': '3538.65', 'maintenance': '0.00', 'currency': 'USD', 'instrument_id': 'EUR/USD.IDEALPRO'}]",False,{}
100000.00,0.00,100000.00,EUR,IDEALPRO-001,MARGIN,,"[{'type': 'MarginBalance', 'initial': '3538.65', 'maintenance': '0.00', 'currency': 'USD', 'instrument_id': 'EUR/USD.IDEALPRO'}]",False,{}
94841.21,3538.65,91302.56,USD,IDEALPRO-001,MARGIN,,"[{'type': 'MarginBalance', 'initial': '3538.65', 'maintenance': '0.00', 'currency': 'USD', 'instrument_id': 'EUR/USD.IDEALPRO'}]",False,{}
100000.00,0.00,100000.00,EUR,IDEALPRO-001,MARGIN,,"[{'type': 'MarginBalance', 'initial': '3538.65', 'maintenance': '0.00', 'currency': 'USD', 'instrument_id': 'EUR/USD.IDEALPRO'}]",False,{}
94841.21,3538.65,91302.56,USD,IDEALPRO-001,MARGIN,,"[{'type': 'MarginBalance', 'initial': '3538.65', 'maintenance': '0.00', 'currency': 'USD', 'instrument_id': 'EUR/USD.IDEALPRO'}]",False,{}
100000.00,0.00,100000.00,EUR,IDEALPRO-001,MARGIN,,"[{'type': 'MarginBalance', 'initial': '3538.65', 'maintenance': '0.00', 'currency': 'USD', 'instrument_id': 'EUR/USD.IDEALPRO'}]",False,{}
94838.85,3538.65,91300.20,USD,IDEALPRO-001,MARGIN,,"[{'type': 'MarginBalance', 'initial': '3538.65', 'maintenance': '0.00', 'currency': 'USD', 'instrument_id': 'EUR/USD.IDEALPRO'}]",False,{}
100000.00,0.00,100000.00,EUR,IDEALPRO-001,MARGIN,,"[{'type': 'MarginBalance', 'initial': '3538.65', 'maintenance': '0.00', 'currency': 'USD', 'instrument_id': 'EUR/USD.IDEALPRO'}]",False,{}
94838.85,2359.10,92479.75,USD,IDEALPRO-001,MARGIN,,"[{'type': 'MarginBalance', 'initial': '0.00', 'maintenance': '2359.10', 'currency': 'USD', 'instrument_id': 'EUR/USD.IDEALPRO'}]",False,{}
100000.00,0.00,100000.00,EUR,IDEALPRO-001,MARGIN,,"[{'type': 'MarginBalance', 'initial': '0.00', 'maintenance': '2359.10', 'currency': 'USD', 'instrument_id': 'EUR/USD.IDEALPRO'}]",False,{}
94838.85,2359.10,92479.75,USD,IDEALPRO-001,MARGIN,,"[{'type': 'MarginBalance', 'initial': '0.00', 'maintenance': '2359.10', 'currency': 'USD', 'instrument_id': 'EUR/USD.IDEALPRO'}]",False,{}
100000.00,0.00,100000.00,EUR,IDEALPRO-001,MARGIN,,"[{'type': 'MarginBalance', 'initial': '0.00', 'maintenance': '2359.10', 'currency': 'USD', 'instrument_id': 'EUR/USD.IDEALPRO'}]",False,{}
94838.85,2359.10,92479.75,USD,IDEALPRO-001,MARGIN,,"[{'type': 'MarginBalance', 'initial': '0.00', 'maintenance': '2359.10', 'currency': 'USD', 'instrument_id': 'EUR/USD.IDEALPRO'}]",False,{}
100000.00,0.00,100000.00,EUR,IDEALPRO-001,MARGIN,,"[{'type': 'MarginBalance', 'initial': '0.00', 'maintenance': '2359.10', 'currency': 'USD', 'instrument_id': 'EUR/USD.IDEALPRO'}]",False,{}
94838.85,2359.10,92479.75,USD,IDEALPRO-001,MARGIN,,"[{'type': 'MarginBalance', 'initial': '0.00', 'maintenance': '2359.10', 'currency': 'USD', 'instrument_id': 'EUR/USD.IDEALPRO'}]",False,{}
100000.00,0.00,100000.00,EUR,IDEALPRO-001,MARGIN,,"[{'type': 'MarginBalance', 'initial': '0.00', 'maintenance': '2359.10', 'currency': 'USD', 'instrument_id': 'EUR/USD.IDEALPRO'}]",False,{}
94838.85,2359.10,92479.75,USD,IDEALPRO-001,MARGIN,,"[{'type': 'MarginBalance', 'initial': '0.00', 'maintenance': '2359.10', 'currency': 'USD', 'instrument_id': 'EUR/USD.IDEALPRO'}]",False,{}
100000.00,0.00,100000.00,EUR,IDEALPRO-001,MARGIN,,"[{'type': 'MarginBalance', 'initial': '0.00', 'maintenance': '2359.10', 'currency': 'USD', 'instrument_id': 'EUR/USD.IDEALPRO'}]",False,{}
94838.85,2359.10,92479.75,USD,IDEALPRO-001,MARGIN,,"[{'type': 'MarginBalance', 'initial': '0.00', 'maintenance': '2359.10', 'currency': 'USD', 'instrument_id': 'EUR/USD.IDEALPRO'}]",False,{}
100000.00,0.00,100000.00,EUR,IDEALPRO-001,MARGIN,,"[{'type': 'MarginBalance', 'initial': '0.00', 'maintenance': '2359.10', 'currency': 'USD', 'instrument_id': 'EUR/USD.IDEALPRO'}]",False,{}
94812.49,0.00,94812.49,USD,IDEALPRO-001,MARGIN,,[],False,{}
100000.00,0.00,100000.00,EUR,IDEALPRO-001,MARGIN,,[],False,{}
94812.49,0.00,94812.49,USD,IDEALPRO-001,MARGIN,,[],False,{}
100000.00,0.00,100000.00,EUR,IDEALPRO-001,MARGIN,,[],False,{}
94812.49,0.00,94812.49,USD,IDEALPRO-001,MARGIN,,[],False,{}
100000.00,0.00,100000.00,EUR,IDEALPRO-001,MARGIN,,[],False,{}
94812.49,3533.79,91278.70,USD,IDEALPRO-001,MARGIN,,"[{'type': 'MarginBalance', 'initial': '3533.79', 'maintenance': '0.00', 'currency': 'USD', 'instrument_id': 'EUR/USD.IDEALPRO'}]",False,{}
100000.00,0.00,100000.00,EUR,IDEALPRO-001,MARGIN,,"[{'type': 'MarginBalance', 'initial': '3533.79', 'maintenance': '0.00', 'currency': 'USD', 'instrument_id': 'EUR/USD.IDEALPRO'}]",False,{}
94812.49,0.00,94812.49,USD,IDEALPRO-001,MARGIN,,[],False,{}
100000.00,0.00,100000.00,EUR,IDEALPRO-001,MARGIN,,[],False,{}
94812.49,0.00,94812.49,USD,IDEALPRO-001,MARGIN,,[],False,{}
100000.00,0.00,100000.00,EUR,IDEALPRO-001,MARGIN,,[],False,{}
94812.49,0.00,94812.49,USD,IDEALPRO-001,MARGIN,,[],False,{}
100000.00,0.00,100000.00,EUR,IDEALPRO-001,MARGIN,,[],False,{}
94812.49,3530.25,91282.24,USD,IDEALPRO-001,MARGIN,,"[{'type': 'MarginBalance', 'initial': '3530.25', 'maintenance': '0.00', 'currency': 'USD', 'instrument_id': 'EUR/USD.IDEALPRO'}]",False,{}
100000.00,0.00,100000.00,EUR,IDEALPRO-001,MARGIN,,"[{'type': 'MarginBalance', 'initial': '3530.25', 'maintenance': '0.00', 'currency': 'USD', 'instrument_id': 'EUR/USD.IDEALPRO'}]",False,{}
94812.49,3530.25,91282.24,USD,IDEALPRO-001,MARGIN,,"[{'type': 'MarginBalance', 'initial': '3530.25', 'maintenance': '0.00', 'currency': 'USD', 'instrument_id': 'EUR/USD.IDEALPRO'}]",False,{}
100000.00,0.00,100000.00,EUR,IDEALPRO-001,MARGIN,,"[{'type': 'MarginBalance', 'initial': '3530.25', 'maintenance': '0.00', 'currency': 'USD', 'instrument_id': 'EUR/USD.IDEALPRO'}]",False,{}
94812.49,3530.25,91282.24,USD,IDEALPRO-001,MARGIN,,"[{'type': 'MarginBalance', 'initial': '3530.25', 'maintenance': '0.00', 'currency': 'USD', 'instrument_id': 'EUR/USD.IDEALPRO'}]",False,{}
100000.00,0.00,100000.00,EUR,IDEALPRO-001,MARGIN,,"[{'type': 'MarginBalance', 'initial': '3530.25', 'maintenance': '0.00', 'currency': 'USD', 'instrument_id': 'EUR/USD.IDEALPRO'}]",False,{}
94810.14,3530.25,91279.89,USD,IDEALPRO-001,MARGIN,,"[{'type': 'MarginBalance', 'initial': '3530.25', 'maintenance': '0.00', 'currency': 'USD', 'instrument_id': 'EUR/USD.IDEALPRO'}]",False,{}
100000.00,0.00,100000.00,EUR,IDEALPRO-001,MARGIN,,"[{'type': 'MarginBalance', 'initial': '3530.25', 'maintenance': '0.00', 'currency': 'USD', 'instrument_id': 'EUR/USD.IDEALPRO'}]",False,{}
94810.14,2354.40,92455.74,USD,IDEALPRO-001,MARGIN,,"[{'type': 'MarginBalance', 'initial': '0.00', 'maintenance': '2354.40', 'currency': 'USD', 'instrument_id': 'EUR/USD.IDEALPRO'}]",False,{}
100000.00,0.00,100000.00,EUR,IDEALPRO-001,MARGIN,,"[{'type': 'MarginBalance', 'initial': '0.00', 'maintenance': '2354.40', 'currency': 'USD', 'instrument_id': 'EUR/USD.IDEALPRO'}]",False,{}
94810.14,2354.40,92455.74,USD,IDEALPRO-001,MARGIN,,"[{'type': 'MarginBalance', 'initial': '0.00', 'maintenance': '2354.40', 'currency': 'USD', 'instrument_id': 'EUR/USD.IDEALPRO'}]",False,{}
100000.00,0.00,100000.00,EUR,IDEALPRO-001,MARGIN,,"[{'type': 'MarginBalance', 'initial': '0.00', 'maintenance': '2354.40', 'currency': 'USD', 'instrument_id': 'EUR/USD.IDEALPRO'}]",False,{}
94810.14,2354.40,92455.74,USD,IDEALPRO-001,MARGIN,,"[{'type': 'MarginBalance', 'initial': '0.00', 'maintenance': '2354.40', 'currency': 'USD', 'instrument_id': 'EUR/USD.IDEALPRO'}]",False,{}
100000.00,0.00,100000.00,EUR,IDEALPRO-001,MARGIN,,"[{'type': 'MarginBalance', 'initial': '0.00', 'maintenance': '2354.40', 'currency': 'USD', 'instrument_id': 'EUR/USD.IDEALPRO'}]",False,{}
95352.80,0.00,95352.80,USD,IDEALPRO-001,MARGIN,,[],False,{}
100000.00,0.00,100000.00,EUR,IDEALPRO-001,MARGIN,,[],False,{}
95352.80,0.00,95352.80,USD,IDEALPRO-001,MARGIN,,[],False,{}
100000.00,0.00,100000.00,EUR,IDEALPRO-001,MARGIN,,[],False,{}
95352.80,3523.80,91829.00,USD,IDEALPRO-001,MARGIN,,"[{'type': 'MarginBalance', 'initial': '3523.80', 'maintenance': '0.00', 'currency': 'USD', 'instrument_id': 'EUR/USD.IDEALPRO'}]",False,{}
100000.00,0.00,100000.00,EUR,IDEALPRO-001,MARGIN,,"[{'type': 'MarginBalance', 'initial': '3523.80', 'maintenance': '0.00', 'currency': 'USD', 'instrument_id': 'EUR/USD.IDEALPRO'}]",False,{}
95352.80,3523.80,91829.00,USD,IDEALPRO-001,MARGIN,,"[{'type': 'MarginBalance', 'initial': '3523.80', 'maintenance': '0.00', 'currency': 'USD', 'instrument_id': 'EUR/USD.IDEALPRO'}]",False,{}
100000.00,0.00,100000.00,EUR,IDEALPRO-001,MARGIN,,"[{'type': 'MarginBalance', 'initial': '3523.80', 'maintenance': '0.00', 'currency': 'USD', 'instrument_id': 'EUR/USD.IDEALPRO'}]",False,{}
95352.80,3523.80,91829.00,USD,IDEALPRO-001,MARGIN,,"[{'type': 'MarginBalance', 'initial': '3523.80', 'maintenance': '0.00', 'currency': 'USD', 'instrument_id': 'EUR/USD.IDEALPRO'}]",False,{}
100000.00,0.00,100000.00,EUR,IDEALPRO-001,MARGIN,,"[{'type': 'MarginBalance', 'initial': '3523.80', 'maintenance': '0.00', 'currency': 'USD', 'instrument_id': 'EUR/USD.IDEALPRO'}]",False,{}
95350.45,3523.80,91826.65,USD,IDEALPRO-001,MARGIN,,"[{'type': 'MarginBalance', 'initial': '3523.80', 'maintenance': '0.00', 'currency': 'USD', 'instrument_id': 'EUR/USD.IDEALPRO'}]",False,{}
100000.00,0.00,100000.00,EUR,IDEALPRO-001,MARGIN,,"[{'type': 'MarginBalance', 'initial': '3523.80', 'maintenance': '0.00', 'currency': 'USD', 'instrument_id': 'EUR/USD.IDEALPRO'}]",False,{}
95350.45,2348.70,93001.75,USD,IDEALPRO-001,MARGIN,,"[{'type': 'MarginBalance', 'initial': '0.00', 'maintenance': '2348.70', 'currency': 'USD', 'instrument_id': 'EUR/USD.IDEALPRO'}]",False,{}
100000.00,0.00,100000.00,EUR,IDEALPRO-001,MARGIN,,"[{'type': 'MarginBalance', 'initial': '0.00', 'maintenance': '2348.70', 'currency': 'USD', 'instrument_id': 'EUR/USD.IDEALPRO'}]",False,{}
95350.45,2348.70,93001.75,USD,IDEALPRO-001,MARGIN,,"[{'type': 'MarginBalance', 'initial': '0.00', 'maintenance': '2348.70', 'currency': 'USD', 'instrument_id': 'EUR/USD.IDEALPRO'}]",False,{}
100000.00,0.00,100000.00,EUR,IDEALPRO-001,MARGIN,,"[{'type': 'MarginBalance', 'initial': '0.00', 'maintenance': '2348.70', 'currency': 'USD', 'instrument_id': 'EUR/USD.IDEALPRO'}]",False,{}
95350.45,2348.70,93001.75,USD,IDEALPRO-001,MARGIN,,"[{'type': 'MarginBalance', 'initial': '0.00', 'maintenance': '2348.70', 'currency': 'USD', 'instrument_id': 'EUR/USD.IDEALPRO'}]",False,{}
100000.00,0.00,100000.00,EUR,IDEALPRO-001,MARGIN,,"[{'type': 'MarginBalance', 'initial': '0.00', 'maintenance': '2348.70', 'currency': 'USD', 'instrument_id': 'EUR/USD.IDEALPRO'}]",False,{}
95122.11,0.00,95122.11,USD,IDEALPRO-001,MARGIN,,[],False,{}
100000.00,0.00,100000.00,EUR,IDEALPRO-001,MARGIN,,[],False,{}
95122.11,0.00,95122.11,USD,IDEALPRO-001,MARGIN,,[],False,{}
100000.00,0.00,100000.00,EUR,IDEALPRO-001,MARGIN,,[],False,{}
95122.11,3514.83,91607.28,USD,IDEALPRO-001,MARGIN,,"[{'type': 'MarginBalance', 'initial': '3514.83', 'maintenance': '0.00', 'currency': 'USD', 'instrument_id': 'EUR/USD.IDEALPRO'}]",False,{}
100000.00,0.00,100000.00,EUR,IDEALPRO-001,MARGIN,,"[{'type': 'MarginBalance', 'initial': '3514.83', 'maintenance': '0.00', 'currency': 'USD', 'instrument_id': 'EUR/USD.IDEALPRO'}]",False,{}
95122.11,3514.83,91607.28,USD,IDEALPRO-001,MARGIN,,"[{'type': 'MarginBalance', 'initial': '3514.83', 'maintenance': '0.00', 'currency': 'USD', 'instrument_id': 'EUR/USD.IDEALPRO'}]",False,{}
100000.00,0.00,100000.00,EUR,IDEALPRO-001,MARGIN,,"[{'type': 'MarginBalance', 'initial': '3514.83', 'maintenance': '0.00', 'currency': 'USD', 'instrument_id': 'EUR/USD.IDEALPRO'}]",False,{}
95122.11,3514.83,91607.28,USD,IDEALPRO-001,MARGIN,,"[{'type': 'MarginBalance', 'initial': '3514.83', 'maintenance': '0.00', 'currency': 'USD', 'instrument_id': 'EUR/USD.IDEALPRO'}]",False,{}
100000.00,0.00,100000.00,EUR,IDEALPRO-001,MARGIN,,"[{'type': 'MarginBalance', 'initial': '3514.83', 'maintenance': '0.00', 'currency': 'USD', 'instrument_id': 'EUR/USD.IDEALPRO'}]",False,{}
95119.77,3514.83,91604.94,USD,IDEALPRO-001,MARGIN,,"[{'type': 'MarginBalance', 'initial': '3514.83', 'maintenance': '0.00', 'currency': 'USD', 'instrument_id': 'EUR/USD.IDEALPRO'}]",False,{}
100000.00,0.00,100000.00,EUR,IDEALPRO-001,MARGIN,,"[{'type': 'MarginBalance', 'initial': '3514.83', 'maintenance': '0.00', 'currency': 'USD', 'instrument_id': 'EUR/USD.IDEALPRO'}]",False,{}
95119.77,2344.18,92775.59,USD,IDEALPRO-001,MARGIN,,"[{'type': 'MarginBalance', 'initial': '0.00', 'maintenance': '2344.18', 'currency': 'USD', 'instrument_id': 'EUR/USD.IDEALPRO'}]",False,{}
100000.00,0.00,100000.00,EUR,IDEALPRO-001,MARGIN,,"[{'type': 'MarginBalance', 'initial': '0.00', 'maintenance': '2344.18', 'currency': 'USD', 'instrument_id': 'EUR/USD.IDEALPRO'}]",False,{}
95119.77,2344.18,92775.59,USD,IDEALPRO-001,MARGIN,,"[{'type': 'MarginBalance', 'initial': '0.00', 'maintenance': '2344.18', 'currency': 'USD', 'instrument_id': 'EUR/USD.IDEALPRO'}]",False,{}
100000.00,0.00,100000.00,EUR,IDEALPRO-001,MARGIN,,"[{'type': 'MarginBalance', 'initial': '0.00', 'maintenance': '2344.18', 'currency': 'USD', 'instrument_id': 'EUR/USD.IDEALPRO'}]",False,{}
95119.77,2344.18,92775.59,USD,IDEALPRO-001,MARGIN,,"[{'type': 'MarginBalance', 'initial': '0.00', 'maintenance': '2344.18', 'currency': 'USD', 'instrument_id': 'EUR/USD.IDEALPRO'}]",False,{}
100000.00,0.00,100000.00,EUR,IDEALPRO-001,MARGIN,,"[{'type': 'MarginBalance', 'initial': '0.00', 'maintenance': '2344.18', 'currency': 'USD', 'instrument_id': 'EUR/USD.IDEALPRO'}]",False,{}
95119.77,2344.18,92775.59,USD,IDEALPRO-001,MARGIN,,"[{'type': 'MarginBalance', 'initial': '0.00', 'maintenance': '2344.18', 'currency': 'USD', 'instrument_id': 'EUR/USD.IDEALPRO'}]",False,{}
100000.00,0.00,100000.00,EUR,IDEALPRO-001,MARGIN,,"[{'type': 'MarginBalance', 'initial': '0.00', 'maintenance': '2344.18', 'currency': 'USD', 'instrument_id': 'EUR/USD.IDEALPRO'}]",False,{}
95152.43,0.00,95152.43,USD,IDEALPRO-001,MARGIN,,[],False,{}
100000.00,0.00,100000.00,EUR,IDEALPRO-001,MARGIN,,[],False,{}
95152.43,0.00,95152.43,USD,IDEALPRO-001,MARGIN,,[],False,{}
100000.00,0.00,100000.00,EUR,IDEALPRO-001,MARGIN,,[],False,{}
95152.43,0.00,95152.43,USD,IDEALPRO-001,MARGIN,,[],False,{}
100000.00,0.00,100000.00,EUR,IDEALPRO-001,MARGIN,,[],False,{}
95152.43,3511.80,91640.63,USD,IDEALPRO-001,MARGIN,,"[{'type': 'MarginBalance', 'initial': '3511.80', 'maintenance': '0.00', 'currency': 'USD', 'instrument_id': 'EUR/USD.IDEALPRO'}]",False,{}
100000.00,0.00,100000.00,EUR,IDEALPRO-001,MARGIN,,"[{'type': 'MarginBalance', 'initial': '3511.80', 'maintenance': '0.00', 'currency': 'USD', 'instrument_id': 'EUR/USD.IDEALPRO'}]",False,{}
95152.43,3511.80,91640.63,USD,IDEALPRO-001,MARGIN,,"[{'type': 'MarginBalance', 'initial': '3511.80', 'maintenance': '0.00', 'currency': 'USD', 'instrument_id': 'EUR/USD.IDEALPRO'}]",False,{}
100000.00,0.00,100000.00,EUR,IDEALPRO-001,MARGIN,,"[{'type': 'MarginBalance', 'initial': '3511.80', 'maintenance': '0.00', 'currency': 'USD', 'instrument_id': 'EUR/USD.IDEALPRO'}]",False,{}
95152.43,3511.80,91640.63,USD,IDEALPRO-001,MARGIN,,"[{'type': 'MarginBalance', 'initial': '3511.80', 'maintenance': '0.00', 'currency': 'USD', 'instrument_id': 'EUR/USD.IDEALPRO'}]",False,{}
100000.00,0.00,100000.00,EUR,IDEALPRO-001,MARGIN,,"[{'type': 'MarginBalance', 'initial': '3511.80', 'maintenance': '0.00', 'currency': 'USD', 'instrument_id': 'EUR/USD.IDEALPRO'}]",False,{}
95150.09,3511.80,91638.29,USD,IDEALPRO-001,MARGIN,,"[{'type': 'MarginBalance', 'initial': '3511.80', 'maintenance': '0.00', 'currency': 'USD', 'instrument_id': 'EUR/USD.IDEALPRO'}]",False,{}
100000.00,0.00,100000.00,EUR,IDEALPRO-001,MARGIN,,"[{'type': 'MarginBalance', 'initial': '3511.80', 'maintenance': '0.00', 'currency': 'USD', 'instrument_id': 'EUR/USD.IDEALPRO'}]",False,{}
95150.09,2341.20,92808.89,USD,IDEALPRO-001,MARGIN,,"[{'type': 'MarginBalance', 'initial': '0.00', 'maintenance': '2341.20', 'currency': 'USD', 'instrument_id': 'EUR/USD.IDEALPRO'}]",False,{}
100000.00,0.00,100000.00,EUR,IDEALPRO-001,MARGIN,,"[{'type': 'MarginBalance', 'initial': '0.00', 'maintenance': '2341.20', 'currency': 'USD', 'instrument_id': 'EUR/USD.IDEALPRO'}]",False,{}
95150.09,2341.20,92808.89,USD,IDEALPRO-001,MARGIN,,"[{'type': 'MarginBalance', 'initial': '0.00', 'maintenance': '2341.20', 'currency': 'USD', 'instrument_id': 'EUR/USD.IDEALPRO'}]",False,{}
100000.00,0.00,100000.00,EUR,IDEALPRO-001,MARGIN,,"[{'type': 'MarginBalance', 'initial': '0.00', 'maintenance': '2341.20', 'currency': 'USD', 'instrument_id': 'EUR/USD.IDEALPRO'}]",False,{}
95150.09,2341.20,92808.89,USD,IDEALPRO-001,MARGIN,,"[{'type': 'MarginBalance', 'initial': '0.00', 'maintenance': '2341.20', 'currency': 'USD', 'instrument_id': 'EUR/USD.IDEALPRO'}]",False,{}
100000.00,0.00,100000.00,EUR,IDEALPRO-001,MARGIN,,"[{'type': 'MarginBalance', 'initial': '0.00', 'maintenance': '2341.20', 'currency': 'USD', 'instrument_id': 'EUR/USD.IDEALPRO'}]",False,{}
95150.09,2341.20,92808.89,USD,IDEALPRO-001,MARGIN,,"[{'type': 'MarginBalance', 'initial': '0.00', 'maintenance': '2341.20', 'currency': 'USD', 'instrument_id': 'EUR/USD.IDEALPRO'}]",False,{}
100000.00,0.00,100000.00,EUR,IDEALPRO-001,MARGIN,,"[{'type': 'MarginBalance', 'initial': '0.00', 'maintenance': '2341.20', 'currency': 'USD', 'instrument_id': 'EUR/USD.IDEALPRO'}]",False,{}
95291.75,0.00,95291.75,USD,IDEALPRO-001,MARGIN,,[],False,{}
100000.00,0.00,100000.00,EUR,IDEALPRO-001,MARGIN,,[],False,{}
95291.75,0.00,95291.75,USD,IDEALPRO-001,MARGIN,,[],False,{}
100000.00,0.00,100000.00,EUR,IDEALPRO-001,MARGIN,,[],False,{}
95291.75,0.00,95291.75,USD,IDEALPRO-001,MARGIN,,[],False,{}
100000.00,0.00,100000.00,EUR,IDEALPRO-001,MARGIN,,[],False,{}
95291.75,3499.80,91791.95,USD,IDEALPRO-001,MARGIN,,"[{'type': 'MarginBalance', 'initial': '3499.80', 'maintenance': '0.00', 'currency': 'USD', 'instrument_id': 'EUR/USD.IDEALPRO'}]",False,{}
100000.00,0.00,100000.00,EUR,IDEALPRO-001,MARGIN,,"[{'type': 'MarginBalance', 'initial': '3499.80', 'maintenance': '0.00', 'currency': 'USD', 'instrument_id': 'EUR/USD.IDEALPRO'}]",False,{}
95291.75,3499.80,91791.95,USD,IDEALPRO-001,MARGIN,,"[{'type': 'MarginBalance', 'initial': '3499.80', 'maintenance': '0.00', 'currency': 'USD', 'instrument_id': 'EUR/USD.IDEALPRO'}]",False,{}
100000.00,0.00,100000.00,EUR,IDEALPRO-001,MARGIN,,"[{'type': 'MarginBalance', 'initial': '3499.80', 'maintenance': '0.00', 'currency': 'USD', 'instrument_id': 'EUR/USD.IDEALPRO'}]",False,{}
95291.75,3499.80,91791.95,USD,IDEALPRO-001,MARGIN,,"[{'type': 'MarginBalance', 'initial': '3499.80', 'maintenance': '0.00', 'currency': 'USD', 'instrument_id': 'EUR/USD.IDEALPRO'}]",False,{}
100000.00,0.00,100000.00,EUR,IDEALPRO-001,MARGIN,,"[{'type': 'MarginBalance', 'initial': '3499.80', 'maintenance': '0.00', 'currency': 'USD', 'instrument_id': 'EUR/USD.IDEALPRO'}]",False,{}
95289.42,3499.80,91789.62,USD,IDEALPRO-001,MARGIN,,"[{'type': 'MarginBalance', 'initial': '3499.80', 'maintenance': '0.00', 'currency': 'USD', 'instrument_id': 'EUR/USD.IDEALPRO'}]",False,{}
100000.00,0.00,100000.00,EUR,IDEALPRO-001,MARGIN,,"[{'type': 'MarginBalance', 'initial': '3499.80', 'maintenance': '0.00', 'currency': 'USD', 'instrument_id': 'EUR/USD.IDEALPRO'}]",False,{}
95289.42,2334.14,92955.28,USD,IDEALPRO-001,MARGIN,,"[{'type': 'MarginBalance', 'initial': '0.00', 'maintenance': '2334.14', 'currency': 'USD', 'instrument_id': 'EUR/USD.IDEALPRO'}]",False,{}
100000.00,0.00,100000.00,EUR,IDEALPRO-001,MARGIN,,"[{'type': 'MarginBalance', 'initial': '0.00', 'maintenance': '2334.14', 'currency': 'USD', 'instrument_id': 'EUR/USD.IDEALPRO'}]",False,{}
95289.42,2334.14,92955.28,USD,IDEALPRO-001,MARGIN,,"[{'type': 'MarginBalance', 'initial': '0.00', 'maintenance': '2334.14', 'currency': 'USD', 'instrument_id': 'EUR/USD.IDEALPRO'}]",False,{}
100000.00,0.00,100000.00,EUR,IDEALPRO-001,MARGIN,,"[{'type': 'MarginBalance', 'initial': '0.00', 'maintenance': '2334.14', 'currency': 'USD', 'instrument_id': 'EUR/USD.IDEALPRO'}]",False,{}
95289.42,2334.14,92955.28,USD,IDEALPRO-001,MARGIN,,"[{'type': 'MarginBalance', 'initial': '0.00', 'maintenance': '2334.14', 'currency': 'USD', 'instrument_id': 'EUR/USD.IDEALPRO'}]",False,{}
100000.00,0.00,100000.00,EUR,IDEALPRO-001,MARGIN,,"[{'type': 'MarginBalance', 'initial': '0.00', 'maintenance': '2334.14', 'currency': 'USD', 'instrument_id': 'EUR/USD.IDEALPRO'}]",False,{}
95083.08,0.00,95083.08,USD,IDEALPRO-001,MARGIN,,[],False,{}
100000.00,0.00,100000.00,EUR,IDEALPRO-001,MARGIN,,[],False,{}
95083.08,0.00,95083.08,USD,IDEALPRO-001,MARGIN,,[],False,{}
100000.00,0.00,100000.00,EUR,IDEALPRO-001,MARGIN,,[],False,{}
95083.08,3508.47,91574.61,USD,IDEALPRO-001,MARGIN,,"[{'type': 'MarginBalance', 'initial': '3508.47', 'maintenance': '0.00', 'currency': 'USD', 'instrument_id': 'EUR/USD.IDEALPRO'}]",False,{}
100000.00,0.00,100000.00,EUR,IDEALPRO-001,MARGIN,,"[{'type': 'MarginBalance', 'initial': '3508.47', 'maintenance': '0.00', 'currency': 'USD', 'instrument_id': 'EUR/USD.IDEALPRO'}]",False,{}
95083.08,3508.47,91574.61,USD,IDEALPRO-001,MARGIN,,"[{'type': 'MarginBalance', 'initial': '3508.47', 'maintenance': '0.00', 'currency': 'USD', 'instrument_id': 'EUR/USD.IDEALPRO'}]",False,{}
100000.00,0.00,100000.00,EUR,IDEALPRO-001,MARGIN,,"[{'type': 'MarginBalance', 'initial': '3508.47', 'maintenance': '0.00', 'currency': 'USD', 'instrument_id': 'EUR/USD.IDEALPRO'}]",False,{}
95083.08,3508.47,91574.61,USD,IDEALPRO-001,MARGIN,,"[{'type': 'MarginBalance', 'initial': '3508.47', 'maintenance': '0.00', 'currency': 'USD', 'instrument_id': 'EUR/USD.IDEALPRO'}]",False,{}
100000.00,0.00,100000.00,EUR,IDEALPRO-001,MARGIN,,"[{'type': 'MarginBalance', 'initial': '3508.47', 'maintenance': '0.00', 'currency': 'USD', 'instrument_id': 'EUR/USD.IDEALPRO'}]",False,{}
95080.74,3508.47,91572.27,USD,IDEALPRO-001,MARGIN,,"[{'type': 'MarginBalance', 'initial': '3508.47', 'maintenance': '0.00', 'currency': 'USD', 'instrument_id': 'EUR/USD.IDEALPRO'}]",False,{}
100000.00,0.00,100000.00,EUR,IDEALPRO-001,MARGIN,,"[{'type': 'MarginBalance', 'initial': '3508.47', 'maintenance': '0.00', 'currency': 'USD', 'instrument_id': 'EUR/USD.IDEALPRO'}]",False,{}
95080.74,2338.88,92741.86,USD,IDEALPRO-001,MARGIN,,"[{'type': 'MarginBalance', 'initial': '0.00', 'maintenance': '2338.88', 'currency': 'USD', 'instrument_id': 'EUR/USD.IDEALPRO'}]",False,{}
100000.00,0.00,100000.00,EUR,IDEALPRO-001,MARGIN,,"[{'type': 'MarginBalance', 'initial': '0.00', 'maintenance': '2338.88', 'currency': 'USD', 'instrument_id': 'EUR/USD.IDEALPRO'}]",False,{}
95080.74,2338.88,92741.86,USD,IDEALPRO-001,MARGIN,,"[{'type': 'MarginBalance', 'initial': '0.00', 'maintenance': '2338.88', 'currency': 'USD', 'instrument_id': 'EUR/USD.IDEALPRO'}]",False,{}
100000.00,0.00,100000.00,EUR,IDEALPRO-001,MARGIN,,"[{'type': 'MarginBalance', 'initial': '0.00', 'maintenance': '2338.88', 'currency': 'USD', 'instrument_id': 'EUR/USD.IDEALPRO'}]",False,{}
95080.74,2338.88,92741.86,USD,IDEALPRO-001,MARGIN,,"[{'type': 'MarginBalance', 'initial': '0.00', 'maintenance': '2338.88', 'currency': 'USD', 'instrument_id': 'EUR/USD.IDEALPRO'}]",False,{}
100000.00,0.00,100000.00,EUR,IDEALPRO-001,MARGIN,,"[{'type': 'MarginBalance', 'initial': '0.00', 'maintenance': '2338.88', 'currency': 'USD', 'instrument_id': 'EUR/USD.IDEALPRO'}]",False,{}
94832.41,0.00,94832.41,USD,IDEALPRO-001,MARGIN,,[],False,{}
100000.00,0.00,100000.00,EUR,IDEALPRO-001,MARGIN,,[],False,{}
94832.41,0.00,94832.41,USD,IDEALPRO-001,MARGIN,,[],False,{}
100000.00,0.00,100000.00,EUR,IDEALPRO-001,MARGIN,,[],False,{}
94832.41,3498.75,91333.66,USD,IDEALPRO-001,MARGIN,,"[{'type': 'MarginBalance', 'initial': '3498.75', 'maintenance': '0.00', 'currency': 'USD', 'instrument_id': 'EUR/USD.IDEALPRO'}]",False,{}
100000.00,0.00,100000.00,EUR,IDEALPRO-001,MARGIN,,"[{'type': 'MarginBalance', 'initial': '3498.75', 'maintenance': '0.00', 'currency': 'USD', 'instrument_id': 'EUR/USD.IDEALPRO'}]",False,{}
94832.41,3498.75,91333.66,USD,IDEALPRO-001,MARGIN,,"[{'type': 'MarginBalance', 'initial': '3498.75', 'maintenance': '0.00', 'currency': 'USD', 'instrument_id': 'EUR/USD.IDEALPRO'}]",False,{}
100000.00,0.00,100000.00,EUR,IDEALPRO-001,MARGIN,,"[{'type': 'MarginBalance', 'initial': '3498.75', 'maintenance': '0.00', 'currency': 'USD', 'instrument_id': 'EUR/USD.IDEALPRO'}]",False,{}
94832.41,3498.75,91333.66,USD,IDEALPRO-001,MARGIN,,"[{'type': 'MarginBalance', 'initial': '3498.75', 'maintenance': '0.00', 'currency': 'USD', 'instrument_id': 'EUR/USD.IDEALPRO'}]",False,{}
100000.00,0.00,100000.00,EUR,IDEALPRO-001,MARGIN,,"[{'type': 'MarginBalance', 'initial': '3498.75', 'maintenance': '0.00', 'currency': 'USD', 'instrument_id': 'EUR/USD.IDEALPRO'}]",False,{}
94830.08,3498.75,91331.33,USD,IDEALPRO-001,MARGIN,,"[{'type': 'MarginBalance', 'initial': '3498.75', 'maintenance': '0.00', 'currency': 'USD', 'instrument_id': 'EUR/USD.IDEALPRO'}]",False,{}
100000.00,0.00,100000.00,EUR,IDEALPRO-001,MARGIN,,"[{'type': 'MarginBalance', 'initial': '3498.75', 'maintenance': '0.00', 'currency': 'USD', 'instrument_id': 'EUR/USD.IDEALPRO'}]",False,{}
94830.08,2332.50,92497.58,USD,IDEALPRO-001,MARGIN,,"[{'type': 'MarginBalance', 'initial': '0.00', 'maintenance': '2332.50', 'currency': 'USD', 'instrument_id': 'EUR/USD.IDEALPRO'}]",False,{}
100000.00,0.00,100000.00,EUR,IDEALPRO-001,MARGIN,,"[{'type': 'MarginBalance', 'initial': '0.00', 'maintenance': '2332.50', 'currency': 'USD', 'instrument_id': 'EUR/USD.IDEALPRO'}]",False,{}
94830.08,2332.50,92497.58,USD,IDEALPRO-001,MARGIN,,"[{'type': 'MarginBalance', 'initial': '0.00', 'maintenance': '2332.50', 'currency': 'USD', 'instrument_id': 'EUR/USD.IDEALPRO'}]",False,{}
100000.00,0.00,100000.00,EUR,IDEALPRO-001,MARGIN,,"[{'type': 'MarginBalance', 'initial': '0.00', 'maintenance': '2332.50', 'currency': 'USD', 'instrument_id': 'EUR/USD.IDEALPRO'}]",False,{}
94830.08,2332.50,92497.58,USD,IDEALPRO-001,MARGIN,,"[{'type': 'MarginBalance', 'initial': '0.00', 'maintenance': '2332.50', 'currency': 'USD', 'instrument_id': 'EUR/USD.IDEALPRO'}]",False,{}
100000.00,0.00,100000.00,EUR,IDEALPRO-001,MARGIN,,"[{'type': 'MarginBalance', 'initial': '0.00', 'maintenance': '2332.50', 'currency': 'USD', 'instrument_id': 'EUR/USD.IDEALPRO'}]",False,{}
94830.08,2332.50,92497.58,USD,IDEALPRO-001,MARGIN,,"[{'type': 'MarginBalance', 'initial': '0.00', 'maintenance': '2332.50', 'currency': 'USD', 'instrument_id': 'EUR/USD.IDEALPRO'}]",False,{}
100000.00,0.00,100000.00,EUR,IDEALPRO-001,MARGIN,,"[{'type': 'MarginBalance', 'initial': '0.00', 'maintenance': '2332.50', 'currency': 'USD', 'instrument_id': 'EUR/USD.IDEALPRO'}]",False,{}
94641.74,0.00,94641.74,USD,IDEALPRO-001,MARGIN,,[],False,{}
100000.00,0.00,100000.00,EUR,IDEALPRO-001,MARGIN,,[],False,{}
94641.74,0.00,94641.74,USD,IDEALPRO-001,MARGIN,,[],False,{}
100000.00,0.00,100000.00,EUR,IDEALPRO-001,MARGIN,,[],False,{}
94641.74,0.00,94641.74,USD,IDEALPRO-001,MARGIN,,[],False,{}
100000.00,0.00,100000.00,EUR,IDEALPRO-001,MARGIN,,[],False,{}
94641.74,3486.57,91155.17,USD,IDEALPRO-001,MARGIN,,"[{'type': 'MarginBalance', 'initial': '3486.57', 'maintenance': '0.00', 'currency': 'USD', 'instrument_id': 'EUR/USD.IDEALPRO'}]",False,{}
100000.00,0.00,100000.00,EUR,IDEALPRO-001,MARGIN,,"[{'type': 'MarginBalance', 'initial': '3486.57', 'maintenance': '0.00', 'currency': 'USD', 'instrument_id': 'EUR/USD.IDEALPRO'}]",False,{}
94641.74,0.00,94641.74,USD,IDEALPRO-001,MARGIN,,[],False,{}
100000.00,0.00,100000.00,EUR,IDEALPRO-001,MARGIN,,[],False,{}
94641.74,0.00,94641.74,USD,IDEALPRO-001,MARGIN,,[],False,{}
100000.00,0.00,100000.00,EUR,IDEALPRO-001,MARGIN,,[],False,{}
94641.74,0.00,94641.74,USD,IDEALPRO-001,MARGIN,,[],False,{}
100000.00,0.00,100000.00,EUR,IDEALPRO-001,MARGIN,,[],False,{}
94641.74,3488.31,91153.43,USD,IDEALPRO-001,MARGIN,,"[{'type': 'MarginBalance', 'initial': '3488.31', 'maintenance': '0.00', 'currency': 'USD', 'instrument_id': 'EUR/USD.IDEALPRO'}]",False,{}
100000.00,0.00,100000.00,EUR,IDEALPRO-001,MARGIN,,"[{'type': 'MarginBalance', 'initial': '3488.31', 'maintenance': '0.00', 'currency': 'USD', 'instrument_id': 'EUR/USD.IDEALPRO'}]",False,{}
94641.74,3488.31,91153.43,USD,IDEALPRO-001,MARGIN,,"[{'type': 'MarginBalance', 'initial': '3488.31', 'maintenance': '0.00', 'currency': 'USD', 'instrument_id': 'EUR/USD.IDEALPRO'}]",False,{}
100000.00,0.00,100000.00,EUR,IDEALPRO-001,MARGIN,,"[{'type': 'MarginBalance', 'initial': '3488.31', 'maintenance': '0.00', 'currency': 'USD', 'instrument_id': 'EUR/USD.IDEALPRO'}]",False,{}
94641.74,3488.31,91153.43,USD,IDEALPRO-001,MARGIN,,"[{'type': 'MarginBalance', 'initial': '3488.31', 'maintenance': '0.00', 'currency': 'USD', 'instrument_id': 'EUR/USD.IDEALPRO'}]",False,{}
100000.00,0.00,100000.00,EUR,IDEALPRO-001,MARGIN,,"[{'type': 'MarginBalance', 'initial': '3488.31', 'maintenance': '0.00', 'currency': 'USD', 'instrument_id': 'EUR/USD.IDEALPRO'}]",False,{}
94639.42,3488.31,91151.11,USD,IDEALPRO-001,MARGIN,,"[{'type': 'MarginBalance', 'initial': '3488.31', 'maintenance': '0.00', 'currency': 'USD', 'instrument_id': 'EUR/USD.IDEALPRO'}]",False,{}
100000.00,0.00,100000.00,EUR,IDEALPRO-001,MARGIN,,"[{'type': 'MarginBalance', 'initial': '3488.31', 'maintenance': '0.00', 'currency': 'USD', 'instrument_id': 'EUR/USD.IDEALPRO'}]",False,{}
94639.42,2324.90,92314.52,USD,IDEALPRO-001,MARGIN,,"[{'type': 'MarginBalance', 'initial': '0.00', 'maintenance': '2324.90', 'currency': 'USD', 'instrument_id': 'EUR/USD.IDEALPRO'}]",False,{}
100000.00,0.00,100000.00,EUR,IDEALPRO-001,MARGIN,,"[{'type': 'MarginBalance', 'initial': '0.00', 'maintenance': '2324.90', 'currency': 'USD', 'instrument_id': 'EUR/USD.IDEALPRO'}]",False,{}
94639.42,2324.90,92314.52,USD,IDEALPRO-001,MARGIN,,"[{'type': 'MarginBalance', 'initial': '0.00', 'maintenance': '2324.90', 'currency': 'USD', 'instrument_id': 'EUR/USD.IDEALPRO'}]",False,{}
100000.00,0.00,100000.00,EUR,IDEALPRO-001,MARGIN,,"[{'type': 'MarginBalance', 'initial': '0.00', 'maintenance': '2324.90', 'currency': 'USD', 'instrument_id': 'EUR/USD.IDEALPRO'}]",False,{}
94639.42,2324.90,92314.52,USD,IDEALPRO-001,MARGIN,,"[{'type': 'MarginBalance', 'initial': '0.00', 'maintenance': '2324.90', 'currency': 'USD', 'instrument_id': 'EUR/USD.IDEALPRO'}]",False,{}
100000.00,0.00,100000.00,EUR,IDEALPRO-001,MARGIN,,"[{'type': 'MarginBalance', 'initial': '0.00', 'maintenance': '2324.90', 'currency': 'USD', 'instrument_id': 'EUR/USD.IDEALPRO'}]",False,{}
94418.10,0.00,94418.10,USD,IDEALPRO-001,MARGIN,,[],False,{}
100000.00,0.00,100000.00,EUR,IDEALPRO-001,MARGIN,,[],False,{}
94418.10,0.00,94418.10,USD,IDEALPRO-001,MARGIN,,[],False,{}
100000.00,0.00,100000.00,EUR,IDEALPRO-001,MARGIN,,[],False,{}
94418.10,3479.58,90938.52,USD,IDEALPRO-001,MARGIN,,"[{'type': 'MarginBalance', 'initial': '3479.58', 'maintenance': '0.00', 'currency': 'USD', 'instrument_id': 'EUR/USD.IDEALPRO'}]",False,{}
100000.00,0.00,100000.00,EUR,IDEALPRO-001,MARGIN,,"[{'type': 'MarginBalance', 'initial': '3479.58', 'maintenance': '0.00', 'currency': 'USD', 'instrument_id': 'EUR/USD.IDEALPRO'}]",False,{}
94418.10,0.00,94418.10,USD,IDEALPRO-001,MARGIN,,[],False,{}
100000.00,0.00,100000.00,EUR,IDEALPRO-001,MARGIN,,[],False,{}
94418.10,0.00,94418.10,USD,IDEALPRO-001,MARGIN,,[],False,{}
100000.00,0.00,100000.00,EUR,IDEALPRO-001,MARGIN,,[],False,{}
94418.10,0.00,94418.10,USD,IDEALPRO-001,MARGIN,,[],False,{}
100000.00,0.00,100000.00,EUR,IDEALPRO-001,MARGIN,,[],False,{}
94418.10,3490.44,90927.66,USD,IDEALPRO-001,MARGIN,,"[{'type': 'MarginBalance', 'initial': '3490.44', 'maintenance': '0.00', 'currency': 'USD', 'instrument_id': 'EUR/USD.IDEALPRO'}]",False,{}
100000.00,0.00,100000.00,EUR,IDEALPRO-001,MARGIN,,"[{'type': 'MarginBalance', 'initial': '3490.44', 'maintenance': '0.00', 'currency': 'USD', 'instrument_id': 'EUR/USD.IDEALPRO'}]",False,{}
94418.10,3490.44,90927.66,USD,IDEALPRO-001,MARGIN,,"[{'type': 'MarginBalance', 'initial': '3490.44', 'maintenance': '0.00', 'currency': 'USD', 'instrument_id': 'EUR/USD.IDEALPRO'}]",False,{}
100000.00,0.00,100000.00,EUR,IDEALPRO-001,MARGIN,,"[{'type': 'MarginBalance', 'initial': '3490.44', 'maintenance': '0.00', 'currency': 'USD', 'instrument_id': 'EUR/USD.IDEALPRO'}]",False,{}
94418.10,3490.44,90927.66,USD,IDEALPRO-001,MARGIN,,"[{'type': 'MarginBalance', 'initial': '3490.44', 'maintenance': '0.00', 'currency': 'USD', 'instrument_id': 'EUR/USD.IDEALPRO'}]",False,{}
100000.00,0.00,100000.00,EUR,IDEALPRO-001,MARGIN,,"[{'type': 'MarginBalance', 'initial': '3490.44', 'maintenance': '0.00', 'currency': 'USD', 'instrument_id': 'EUR/USD.IDEALPRO'}]",False,{}
94415.77,3490.44,90925.33,USD,IDEALPRO-001,MARGIN,,"[{'type': 'MarginBalance', 'initial': '3490.44', 'maintenance': '0.00', 'currency': 'USD', 'instrument_id': 'EUR/USD.IDEALPRO'}]",False,{}
100000.00,0.00,100000.00,EUR,IDEALPRO-001,MARGIN,,"[{'type': 'MarginBalance', 'initial': '3490.44', 'maintenance': '0.00', 'currency': 'USD', 'instrument_id': 'EUR/USD.IDEALPRO'}]",False,{}
94415.77,2326.96,92088.81,USD,IDEALPRO-001,MARGIN,,"[{'type': 'MarginBalance', 'initial': '0.00', 'maintenance': '2326.96', 'currency': 'USD', 'instrument_id': 'EUR/USD.IDEALPRO'}]",False,{}
100000.00,0.00,100000.00,EUR,IDEALPRO-001,MARGIN,,"[{'type': 'MarginBalance', 'initial': '0.00', 'maintenance': '2326.96', 'currency': 'USD', 'instrument_id': 'EUR/USD.IDEALPRO'}]",False,{}
94415.77,2326.96,92088.81,USD,IDEALPRO-001,MARGIN,,"[{'type': 'MarginBalance', 'initial': '0.00', 'maintenance': '2326.96', 'currency': 'USD', 'instrument_id': 'EUR/USD.IDEALPRO'}]",False,{}
100000.00,0.00,100000.00,EUR,IDEALPRO-001,MARGIN,,"[{'type': 'MarginBalance', 'initial': '0.00', 'maintenance': '2326.96', 'currency': 'USD', 'instrument_id': 'EUR/USD.IDEALPRO'}]",False,{}
94415.77,2326.96,92088.81,USD,IDEALPRO-001,MARGIN,,"[{'type': 'MarginBalance', 'initial': '0.00', 'maintenance': '2326.96', 'currency': 'USD', 'instrument_id': 'EUR/USD.IDEALPRO'}]",False,{}
100000.00,0.00,100000.00,EUR,IDEALPRO-001,MARGIN,,"[{'type': 'MarginBalance', 'initial': '0.00', 'maintenance': '2326.96', 'currency': 'USD', 'instrument_id': 'EUR/USD.IDEALPRO'}]",False,{}
94162.45,0.00,94162.45,USD,IDEALPRO-001,MARGIN,,[],False,{}
100000.00,0.00,100000.00,EUR,IDEALPRO-001,MARGIN,,[],False,{}
94162.45,0.00,94162.45,USD,IDEALPRO-001,MARGIN,,[],False,{}
100000.00,0.00,100000.00,EUR,IDEALPRO-001,MARGIN,,[],False,{}
94162.45,3477.21,90685.24,USD,IDEALPRO-001,MARGIN,,"[{'type': 'MarginBalance', 'initial': '3477.21', 'maintenance': '0.00', 'currency': 'USD', 'instrument_id': 'EUR/USD.IDEALPRO'}]",False,{}
100000.00,0.00,100000.00,EUR,IDEALPRO-001,MARGIN,,"[{'type': 'MarginBalance', 'initial': '3477.21', 'maintenance': '0.00', 'currency': 'USD', 'instrument_id': 'EUR/USD.IDEALPRO'}]",False,{}
94162.45,3477.21,90685.24,USD,IDEALPRO-001,MARGIN,,"[{'type': 'MarginBalance', 'initial': '3477.21', 'maintenance': '0.00', 'currency': 'USD', 'instrument_id': 'EUR/USD.IDEALPRO'}]",False,{}
100000.00,0.00,100000.00,EUR,IDEALPRO-001,MARGIN,,"[{'type': 'MarginBalance', 'initial': '3477.21', 'maintenance': '0.00', 'currency': 'USD', 'instrument_id': 'EUR/USD.IDEALPRO'}]",False,{}
94162.45,3477.21,90685.24,USD,IDEALPRO-001,MARGIN,,"[{'type': 'MarginBalance', 'initial': '3477.21', 'maintenance': '0.00', 'currency': 'USD', 'instrument_id': 'EUR/USD.IDEALPRO'}]",False,{}
100000.00,0.00,100000.00,EUR,IDEALPRO-001,MARGIN,,"[{'type': 'MarginBalance', 'initial': '3477.21', 'maintenance': '0.00', 'currency': 'USD', 'instrument_id': 'EUR/USD.IDEALPRO'}]",False,{}
94160.13,3477.21,90682.92,USD,IDEALPRO-001,MARGIN,,"[{'type': 'MarginBalance', 'initial': '3477.21', 'maintenance': '0.00', 'currency': 'USD', 'instrument_id': 'EUR/USD.IDEALPRO'}]",False,{}
100000.00,0.00,100000.00,EUR,IDEALPRO-001,MARGIN,,"[{'type': 'MarginBalance', 'initial': '3477.21', 'maintenance': '0.00', 'currency': 'USD', 'instrument_id': 'EUR/USD.IDEALPRO'}]",False,{}
94160.13,2319.42,91840.71,USD,IDEALPRO-001,MARGIN,,"[{'type': 'MarginBalance', 'initial': '0.00', 'maintenance': '2319.42', 'currency': 'USD', 'instrument_id': 'EUR/USD.IDEALPRO'}]",False,{}
100000.00,0.00,100000.00,EUR,IDEALPRO-001,MARGIN,,"[{'type': 'MarginBalance', 'initial': '0.00', 'maintenance': '2319.42', 'currency': 'USD', 'instrument_id': 'EUR/USD.IDEALPRO'}]",False,{}
94160.13,2319.42,91840.71,USD,IDEALPRO-001,MARGIN,,"[{'type': 'MarginBalance', 'initial': '0.00', 'maintenance': '2319.42', 'currency': 'USD', 'instrument_id': 'EUR/USD.IDEALPRO'}]",False,{}
100000.00,0.00,100000.00,EUR,IDEALPRO-001,MARGIN,,"[{'type': 'MarginBalance', 'initial': '0.00', 'maintenance': '2319.42', 'currency': 'USD', 'instrument_id': 'EUR/USD.IDEALPRO'}]",False,{}
94160.13,2319.42,91840.71,USD,IDEALPRO-001,MARGIN,,"[{'type': 'MarginBalance', 'initial': '0.00', 'maintenance': '2319.42', 'currency': 'USD', 'instrument_id': 'EUR/USD.IDEALPRO'}]",False,{}
100000.00,0.00,100000.00,EUR,IDEALPRO-001,MARGIN,,"[{'type': 'MarginBalance', 'initial': '0.00', 'maintenance': '2319.42', 'currency': 'USD', 'instrument_id': 'EUR/USD.IDEALPRO'}]",False,{}
93970.81,0.00,93970.81,USD,IDEALPRO-001,MARGIN,,[],False,{}
100000.00,0.00,100000.00,EUR,IDEALPRO-001,MARGIN,,[],False,{}
93970.81,0.00,93970.81,USD,IDEALPRO-001,MARGIN,,[],False,{}
100000.00,0.00,100000.00,EUR,IDEALPRO-001,MARGIN,,[],False,{}
93970.81,3485.07,90485.74,USD,IDEALPRO-001,MARGIN,,"[{'type': 'MarginBalance', 'initial': '3485.07', 'maintenance': '0.00', 'currency': 'USD', 'instrument_id': 'EUR/USD.IDEALPRO'}]",False,{}
100000.00,0.00,100000.00,EUR,IDEALPRO-001,MARGIN,,"[{'type': 'MarginBalance', 'initial': '3485.07', 'maintenance': '0.00', 'currency': 'USD', 'instrument_id': 'EUR/USD.IDEALPRO'}]",False,{}
93970.81,3485.07,90485.74,USD,IDEALPRO-001,MARGIN,,"[{'type': 'MarginBalance', 'initial': '3485.07', 'maintenance': '0.00', 'currency': 'USD', 'instrument_id': 'EUR/USD.IDEALPRO'}]",False,{}
100000.00,0.00,100000.00,EUR,IDEALPRO-001,MARGIN,,"[{'type': 'MarginBalance', 'initial': '3485.07', 'maintenance': '0.00', 'currency': 'USD', 'instrument_id': 'EUR/USD.IDEALPRO'}]",False,{}
93970.81,3485.07,90485.74,USD,IDEALPRO-001,MARGIN,,"[{'type': 'MarginBalance', 'initial': '3485.07', 'maintenance': '0.00', 'currency': 'USD', 'instrument_id': 'EUR/USD.IDEALPRO'}]",False,{}
100000.00,0.00,100000.00,EUR,IDEALPRO-001,MARGIN,,"[{'type': 'MarginBalance', 'initial': '3485.07', 'maintenance': '0.00', 'currency': 'USD', 'instrument_id': 'EUR/USD.IDEALPRO'}]",False,{}
93968.49,3485.07,90483.42,USD,IDEALPRO-001,MARGIN,,"[{'type': 'MarginBalance', 'initial': '3485.07', 'maintenance': '0.00', 'currency': 'USD', 'instrument_id': 'EUR/USD.IDEALPRO'}]",False,{}
100000.00,0.00,100000.00,EUR,IDEALPRO-001,MARGIN,,"[{'type': 'MarginBalance', 'initial': '3485.07', 'maintenance': '0.00', 'currency': 'USD', 'instrument_id': 'EUR/USD.IDEALPRO'}]",False,{}
93968.49,2323.24,91645.25,USD,IDEALPRO-001,MARGIN,,"[{'type': 'MarginBalance', 'initial': '0.00', 'maintenance': '2323.24', 'currency': 'USD', 'instrument_id': 'EUR/USD.IDEALPRO'}]",False,{}
100000.00,0.00,100000.00,EUR,IDEALPRO-001,MARGIN,,"[{'type': 'MarginBalance', 'initial': '0.00', 'maintenance': '2323.24', 'currency': 'USD', 'instrument_id': 'EUR/USD.IDEALPRO'}]",False,{}
93968.49,2323.24,91645.25,USD,IDEALPRO-001,MARGIN,,"[{'type': 'MarginBalance', 'initial': '0.00', 'maintenance': '2323.24', 'currency': 'USD', 'instrument_id': 'EUR/USD.IDEALPRO'}]",False,{}
100000.00,0.00,100000.00,EUR,IDEALPRO-001,MARGIN,,"[{'type': 'MarginBalance', 'initial': '0.00', 'maintenance': '2323.24', 'currency': 'USD', 'instrument_id': 'EUR/USD.IDEALPRO'}]",False,{}
93968.49,2323.24,91645.25,USD,IDEALPRO-001,MARGIN,,"[{'type': 'MarginBalance', 'initial': '0.00', 'maintenance': '2323.24', 'currency': 'USD', 'instrument_id': 'EUR/USD.IDEALPRO'}]",False,{}
100000.00,0.00,100000.00,EUR,IDEALPRO-001,MARGIN,,"[{'type': 'MarginBalance', 'initial': '0.00', 'maintenance': '2323.24', 'currency': 'USD', 'instrument_id': 'EUR/USD.IDEALPRO'}]",False,{}
94473.16,0.00,94473.16,USD,IDEALPRO-001,MARGIN,,[],False,{}
100000.00,0.00,100000.00,EUR,IDEALPRO-001,MARGIN,,[],False,{}
94473.16,0.00,94473.16,USD,IDEALPRO-001,MARGIN,,[],False,{}
100000.00,0.00,100000.00,EUR,IDEALPRO-001,MARGIN,,[],False,{}
94473.16,3486.90,90986.26,USD,IDEALPRO-001,MARGIN,,"[{'type': 'MarginBalance', 'initial': '3486.90', 'maintenance': '0.00', 'currency': 'USD', 'instrument_id': 'EUR/USD.IDEALPRO'}]",False,{}
100000.00,0.00,100000.00,EUR,IDEALPRO-001,MARGIN,,"[{'type': 'MarginBalance', 'initial': '3486.90', 'maintenance': '0.00', 'currency': 'USD', 'instrument_id': 'EUR/USD.IDEALPRO'}]",False,{}
94473.16,3486.90,90986.26,USD,IDEALPRO-001,MARGIN,,"[{'type': 'MarginBalance', 'initial': '3486.90', 'maintenance': '0.00', 'currency': 'USD', 'instrument_id': 'EUR/USD.IDEALPRO'}]",False,{}
100000.00,0.00,100000.00,EUR,IDEALPRO-001,MARGIN,,"[{'type': 'MarginBalance', 'initial': '3486.90', 'maintenance': '0.00', 'currency': 'USD', 'instrument_id': 'EUR/USD.IDEALPRO'}]",False,{}
94473.16,3486.90,90986.26,USD,IDEALPRO-001,MARGIN,,"[{'type': 'MarginBalance', 'initial': '3486.90', 'maintenance': '0.00', 'currency': 'USD', 'instrument_id': 'EUR/USD.IDEALPRO'}]",False,{}
100000.00,0.00,100000.00,EUR,IDEALPRO-001,MARGIN,,"[{'type': 'MarginBalance', 'initial': '3486.90', 'maintenance': '0.00', 'currency': 'USD', 'instrument_id': 'EUR/USD.IDEALPRO'}]",False,{}
94470.84,3486.90,90983.94,USD,IDEALPRO-001,MARGIN,,"[{'type': 'MarginBalance', 'initial': '3486.90', 'maintenance': '0.00', 'currency': 'USD', 'instrument_id': 'EUR/USD.IDEALPRO'}]",False,{}
100000.00,0.00,100000.00,EUR,IDEALPRO-001,MARGIN,,"[{'type': 'MarginBalance', 'initial': '3486.90', 'maintenance': '0.00', 'currency': 'USD', 'instrument_id': 'EUR/USD.IDEALPRO'}]",False,{}
94470.84,2324.74,92146.10,USD,IDEALPRO-001,MARGIN,,"[{'type': 'MarginBalance', 'initial': '0.00', 'maintenance': '2324.74', 'currency': 'USD', 'instrument_id': 'EUR/USD.IDEALPRO'}]",False,{}
100000.00,0.00,100000.00,EUR,IDEALPRO-001,MARGIN,,"[{'type': 'MarginBalance', 'initial': '0.00', 'maintenance': '2324.74', 'currency': 'USD', 'instrument_id': 'EUR/USD.IDEALPRO'}]",False,{}
94470.84,2324.74,92146.10,USD,IDEALPRO-001,MARGIN,,"[{'type': 'MarginBalance', 'initial': '0.00', 'maintenance': '2324.74', 'currency': 'USD', 'instrument_id': 'EUR/USD.IDEALPRO'}]",False,{}
100000.00,0.00,100000.00,EUR,IDEALPRO-001,MARGIN,,"[{'type': 'MarginBalance', 'initial': '0.00', 'maintenance': '2324.74', 'currency': 'USD', 'instrument_id': 'EUR/USD.IDEALPRO'}]",False,{}
94470.84,2324.74,92146.10,USD,IDEALPRO-001,MARGIN,,"[{'type': 'MarginBalance', 'initial': '0.00', 'maintenance': '2324.74', 'currency': 'USD', 'instrument_id': 'EUR/USD.IDEALPRO'}]",False,{}
100000.00,0.00,100000.00,EUR,IDEALPRO-001,MARGIN,,"[{'type': 'MarginBalance', 'initial': '0.00', 'maintenance': '2324.74', 'currency': 'USD', 'instrument_id': 'EUR/USD.IDEALPRO'}]",False,{}
94470.84,2324.74,92146.10,USD,IDEALPRO-001,MARGIN,,"[{'type': 'MarginBalance', 'initial': '0.00', 'maintenance': '2324.74', 'currency': 'USD', 'instrument_id': 'EUR/USD.IDEALPRO'}]",False,{}
100000.00,0.00,100000.00,EUR,IDEALPRO-001,MARGIN,,"[{'type': 'MarginBalance', 'initial': '0.00', 'maintenance': '2324.74', 'currency': 'USD', 'instrument_id': 'EUR/USD.IDEALPRO'}]",False,{}
94285.51,0.00,94285.51,USD,IDEALPRO-001,MARGIN,,[],False,{}
100000.00,0.00,100000.00,EUR,IDEALPRO-001,MARGIN,,[],False,{}
94285.51,0.00,94285.51,USD,IDEALPRO-001,MARGIN,,[],False,{}
100000.00,0.00,100000.00,EUR,IDEALPRO-001,MARGIN,,[],False,{}
94285.51,0.00,94285.51,USD,IDEALPRO-001,MARGIN,,[],False,{}
100000.00,0.00,100000.00,EUR,IDEALPRO-001,MARGIN,,[],False,{}
94285.51,3518.94,90766.57,USD,IDEALPRO-001,MARGIN,,"[{'type': 'MarginBalance', 'initial': '3518.94', 'maintenance': '0.00', 'currency': 'USD', 'instrument_id': 'EUR/USD.IDEALPRO'}]",False,{}
100000.00,0.00,100000.00,EUR,IDEALPRO-001,MARGIN,,"[{'type': 'MarginBalance', 'initial': '3518.94', 'maintenance': '0.00', 'currency': 'USD', 'instrument_id': 'EUR/USD.IDEALPRO'}]",False,{}
94285.51,3518.94,90766.57,USD,IDEALPRO-001,MARGIN,,"[{'type': 'MarginBalance', 'initial': '3518.94', 'maintenance': '0.00', 'currency': 'USD', 'instrument_id': 'EUR/USD.IDEALPRO'}]",False,{}
100000.00,0.00,100000.00,EUR,IDEALPRO-001,MARGIN,,"[{'type': 'MarginBalance', 'initial': '3518.94', 'maintenance': '0.00', 'currency': 'USD', 'instrument_id': 'EUR/USD.IDEALPRO'}]",False,{}
94285.51,3518.94,90766.57,USD,IDEALPRO-001,MARGIN,,"[{'type': 'MarginBalance', 'initial': '3518.94', 'maintenance': '0.00', 'currency': 'USD', 'instrument_id': 'EUR/USD.IDEALPRO'}]",False,{}
100000.00,0.00,100000.00,EUR,IDEALPRO-001,MARGIN,,"[{'type': 'MarginBalance', 'initial': '3518.94', 'maintenance': '0.00', 'currency': 'USD', 'instrument_id': 'EUR/USD.IDEALPRO'}]",False,{}
94283.16,3518.94,90764.22,USD,IDEALPRO-001,MARGIN,,"[{'type': 'MarginBalance', 'initial': '3518.94', 'maintenance': '0.00', 'currency': 'USD', 'instrument_id': 'EUR/USD.IDEALPRO'}]",False,{}
100000.00,0.00,100000.00,EUR,IDEALPRO-001,MARGIN,,"[{'type': 'MarginBalance', 'initial': '3518.94', 'maintenance': '0.00', 'currency': 'USD', 'instrument_id': 'EUR/USD.IDEALPRO'}]",False,{}
94283.16,2346.76,91936.40,USD,IDEALPRO-001,MARGIN,,"[{'type': 'MarginBalance', 'initial': '0.00', 'maintenance': '2346.76', 'currency': 'USD', 'instrument_id': 'EUR/USD.IDEALPRO'}]",False,{}
100000.00,0.00,100000.00,EUR,IDEALPRO-001,MARGIN,,"[{'type': 'MarginBalance', 'initial': '0.00', 'maintenance': '2346.76', 'currency': 'USD', 'instrument_id': 'EUR/USD.IDEALPRO'}]",False,{}
94283.16,2346.76,91936.40,USD,IDEALPRO-001,MARGIN,,"[{'type': 'MarginBalance', 'initial': '0.00', 'maintenance': '2346.76', 'currency': 'USD', 'instrument_id': 'EUR/USD.IDEALPRO'}]",False,{}
100000.00,0.00,100000.00,EUR,IDEALPRO-001,MARGIN,,"[{'type': 'MarginBalance', 'initial': '0.00', 'maintenance': '2346.76', 'currency': 'USD', 'instrument_id': 'EUR/USD.IDEALPRO'}]",False,{}
94283.16,2346.76,91936.40,USD,IDEALPRO-001,MARGIN,,"[{'type': 'MarginBalance', 'initial': '0.00', 'maintenance': '2346.76', 'currency': 'USD', 'instrument_id': 'EUR/USD.IDEALPRO'}]",False,{}
100000.00,0.00,100000.00,EUR,IDEALPRO-001,MARGIN,,"[{'type': 'MarginBalance', 'initial': '0.00', 'maintenance': '2346.76', 'currency': 'USD', 'instrument_id': 'EUR/USD.IDEALPRO'}]",False,{}
94069.81,0.00,94069.81,USD,IDEALPRO-001,MARGIN,,[],False,{}
100000.00,0.00,100000.00,EUR,IDEALPRO-001,MARGIN,,[],False,{}
94069.81,0.00,94069.81,USD,IDEALPRO-001,MARGIN,,[],False,{}
100000.00,0.00,100000.00,EUR,IDEALPRO-001,MARGIN,,[],False,{}
94069.81,3527.97,90541.84,USD,IDEALPRO-001,MARGIN,,"[{'type': 'MarginBalance', 'initial': '3527.97', 'maintenance': '0.00', 'currency': 'USD', 'instrument_id': 'EUR/USD.IDEALPRO'}]",False,{}
100000.00,0.00,100000.00,EUR,IDEALPRO-001,MARGIN,,"[{'type': 'MarginBalance', 'initial': '3527.97', 'maintenance': '0.00', 'currency': 'USD', 'instrument_id': 'EUR/USD.IDEALPRO'}]",False,{}
94069.81,3527.97,90541.84,USD,IDEALPRO-001,MARGIN,,"[{'type': 'MarginBalance', 'initial': '3527.97', 'maintenance': '0.00', 'currency': 'USD', 'instrument_id': 'EUR/USD.IDEALPRO'}]",False,{}
100000.00,0.00,100000.00,EUR,IDEALPRO-001,MARGIN,,"[{'type': 'MarginBalance', 'initial': '3527.97', 'maintenance': '0.00', 'currency': 'USD', 'instrument_id': 'EUR/USD.IDEALPRO'}]",False,{}
94069.81,3527.97,90541.84,USD,IDEALPRO-001,MARGIN,,"[{'type': 'MarginBalance', 'initial': '3527.97', 'maintenance': '0.00', 'currency': 'USD', 'instrument_id': 'EUR/USD.IDEALPRO'}]",False,{}
100000.00,0.00,100000.00,EUR,IDEALPRO-001,MARGIN,,"[{'type': 'MarginBalance', 'initial': '3527.97', 'maintenance': '0.00', 'currency': 'USD', 'instrument_id': 'EUR/USD.IDEALPRO'}]",False,{}
94067.46,3527.97,90539.49,USD,IDEALPRO-001,MARGIN,,"[{'type': 'MarginBalance', 'initial': '3527.97', 'maintenance': '0.00', 'currency': 'USD', 'instrument_id': 'EUR/USD.IDEALPRO'}]",False,{}
100000.00,0.00,100000.00,EUR,IDEALPRO-001,MARGIN,,"[{'type': 'MarginBalance', 'initial': '3527.97', 'maintenance': '0.00', 'currency': 'USD', 'instrument_id': 'EUR/USD.IDEALPRO'}]",False,{}
94067.46,2351.96,91715.50,USD,IDEALPRO-001,MARGIN,,"[{'type': 'MarginBalance', 'initial': '0.00', 'maintenance': '2351.96', 'currency': 'USD', 'instrument_id': 'EUR/USD.IDEALPRO'}]",False,{}
100000.00,0.00,100000.00,EUR,IDEALPRO-001,MARGIN,,"[{'type': 'MarginBalance', 'initial': '0.00', 'maintenance': '2351.96', 'currency': 'USD', 'instrument_id': 'EUR/USD.IDEALPRO'}]",False,{}
94067.46,2351.96,91715.50,USD,IDEALPRO-001,MARGIN,,"[{'type': 'MarginBalance', 'initial': '0.00', 'maintenance': '2351.96', 'currency': 'USD', 'instrument_id': 'EUR/USD.IDEALPRO'}]",False,{}
100000.00,0.00,100000.00,EUR,IDEALPRO-001,MARGIN,,"[{'type': 'MarginBalance', 'initial': '0.00', 'maintenance': '2351.96', 'currency': 'USD', 'instrument_id': 'EUR/USD.IDEALPRO'}]",False,{}
94067.46,2351.96,91715.50,USD,IDEALPRO-001,MARGIN,,"[{'type': 'MarginBalance', 'initial': '0.00', 'maintenance': '2351.96', 'currency': 'USD', 'instrument_id': 'EUR/USD.IDEALPRO'}]",False,{}
100000.00,0.00,100000.00,EUR,IDEALPRO-001,MARGIN,,"[{'type': 'MarginBalance', 'initial': '0.00', 'maintenance': '2351.96', 'currency': 'USD', 'instrument_id': 'EUR/USD.IDEALPRO'}]",False,{}
94067.46,2351.96,91715.50,USD,IDEALPRO-001,MARGIN,,"[{'type': 'MarginBalance', 'initial': '0.00', 'maintenance': '2351.96', 'currency': 'USD', 'instrument_id': 'EUR/USD.IDEALPRO'}]",False,{}
100000.00,0.00,100000.00,EUR,IDEALPRO-001,MARGIN,,"[{'type': 'MarginBalance', 'initial': '0.00', 'maintenance': '2351.96', 'currency': 'USD', 'instrument_id': 'EUR/USD.IDEALPRO'}]",False,{}
93957.11,0.00,93957.11,USD,IDEALPRO-001,MARGIN,,[],False,{}
100000.00,0.00,100000.00,EUR,IDEALPRO-001,MARGIN,,[],False,{}
93957.11,0.00,93957.11,USD,IDEALPRO-001,MARGIN,,[],False,{}
100000.00,0.00,100000.00,EUR,IDEALPRO-001,MARGIN,,[],False,{}
93957.11,0.00,93957.11,USD,IDEALPRO-001,MARGIN,,[],False,{}
100000.00,0.00,100000.00,EUR,IDEALPRO-001,MARGIN,,[],False,{}
93957.11,3532.71,90424.40,USD,IDEALPRO-001,MARGIN,,"[{'type': 'MarginBalance', 'initial': '3532.71', 'maintenance': '0.00', 'currency': 'USD', 'instrument_id': 'EUR/USD.IDEALPRO'}]",False,{}
100000.00,0.00,100000.00,EUR,IDEALPRO-001,MARGIN,,"[{'type': 'MarginBalance', 'initial': '3532.71', 'maintenance': '0.00', 'currency': 'USD', 'instrument_id': 'EUR/USD.IDEALPRO'}]",False,{}
93957.11,3532.71,90424.40,USD,IDEALPRO-001,MARGIN,,"[{'type': 'MarginBalance', 'initial': '3532.71', 'maintenance': '0.00', 'currency': 'USD', 'instrument_id': 'EUR/USD.IDEALPRO'}]",False,{}
100000.00,0.00,100000.00,EUR,IDEALPRO-001,MARGIN,,"[{'type': 'MarginBalance', 'initial': '3532.71', 'maintenance': '0.00', 'currency': 'USD', 'instrument_id': 'EUR/USD.IDEALPRO'}]",False,{}
93957.11,3532.71,90424.40,USD,IDEALPRO-001,MARGIN,,"[{'type': 'MarginBalance', 'initial': '3532.71', 'maintenance': '0.00', 'currency': 'USD', 'instrument_id': 'EUR/USD.IDEALPRO'}]",False,{}
100000.00,0.00,100000.00,EUR,IDEALPRO-001,MARGIN,,"[{'type': 'MarginBalance', 'initial': '3532.71', 'maintenance': '0.00', 'currency': 'USD', 'instrument_id': 'EUR/USD.IDEALPRO'}]",False,{}
93954.76,3532.71,90422.05,USD,IDEALPRO-001,MARGIN,,"[{'type': 'MarginBalance', 'initial': '3532.71', 'maintenance': '0.00', 'currency': 'USD', 'instrument_id': 'EUR/USD.IDEALPRO'}]",False,{}
100000.00,0.00,100000.00,EUR,IDEALPRO-001,MARGIN,,"[{'type': 'MarginBalance', 'initial': '3532.71', 'maintenance': '0.00', 'currency': 'USD', 'instrument_id': 'EUR/USD.IDEALPRO'}]",False,{}
93954.76,2353.30,91601.46,USD,IDEALPRO-001,MARGIN,,"[{'type': 'MarginBalance', 'initial': '0.00', 'maintenance': '2353.30', 'currency': 'USD', 'instrument_id': 'EUR/USD.IDEALPRO'}]",False,{}
100000.00,0.00,100000.00,EUR,IDEALPRO-001,MARGIN,,"[{'type': 'MarginBalance', 'initial': '0.00', 'maintenance': '2353.30', 'currency': 'USD', 'instrument_id': 'EUR/USD.IDEALPRO'}]",False,{}
93954.76,2353.30,91601.46,USD,IDEALPRO-001,MARGIN,,"[{'type': 'MarginBalance', 'initial': '0.00', 'maintenance': '2353.30', 'currency': 'USD', 'instrument_id': 'EUR/USD.IDEALPRO'}]",False,{}
100000.00,0.00,100000.00,EUR,IDEALPRO-001,MARGIN,,"[{'type': 'MarginBalance', 'initial': '0.00', 'maintenance': '2353.30', 'currency': 'USD', 'instrument_id': 'EUR/USD.IDEALPRO'}]",False,{}
93954.76,2353.30,91601.46,USD,IDEALPRO-001,MARGIN,,"[{'type': 'MarginBalance', 'initial': '0.00', 'maintenance': '2353.30', 'currency': 'USD', 'instrument_id': 'EUR/USD.IDEALPRO'}]",False,{}
100000.00,0.00,100000.00,EUR,IDEALPRO-001,MARGIN,,"[{'type': 'MarginBalance', 'initial': '0.00', 'maintenance': '2353.30', 'currency': 'USD', 'instrument_id': 'EUR/USD.IDEALPRO'}]",False,{}
93793.41,0.00,93793.41,USD,IDEALPRO-001,MARGIN,,[],False,{}
100000.00,0.00,100000.00,EUR,IDEALPRO-001,MARGIN,,[],False,{}
93793.41,0.00,93793.41,USD,IDEALPRO-001,MARGIN,,[],False,{}
100000.00,0.00,100000.00,EUR,IDEALPRO-001,MARGIN,,[],False,{}
93793.41,3525.57,90267.84,USD,IDEALPRO-001,MARGIN,,"[{'type': 'MarginBalance', 'initial': '3525.57', 'maintenance': '0.00', 'currency': 'USD', 'instrument_id': 'EUR/USD.IDEALPRO'}]",False,{}
100000.00,0.00,100000.00,EUR,IDEALPRO-001,MARGIN,,"[{'type': 'MarginBalance', 'initial': '3525.57', 'maintenance': '0.00', 'currency': 'USD', 'instrument_id': 'EUR/USD.IDEALPRO'}]",False,{}
93793.41,0.00,93793.41,USD,IDEALPRO-001,MARGIN,,[],False,{}
100000.00,0.00,100000.00,EUR,IDEALPRO-001,MARGIN,,[],False,{}
93793.41,0.00,93793.41,USD,IDEALPRO-001,MARGIN,,[],False,{}
100000.00,0.00,100000.00,EUR,IDEALPRO-001,MARGIN,,[],False,{}
93793.41,0.00,93793.41,USD,IDEALPRO-001,MARGIN,,[],False,{}
100000.00,0.00,100000.00,EUR,IDEALPRO-001,MARGIN,,[],False,{}
93793.41,3524.07,90269.34,USD,IDEALPRO-001,MARGIN,,"[{'type': 'MarginBalance', 'initial': '3524.07', 'maintenance': '0.00', 'currency': 'USD', 'instrument_id': 'EUR/USD.IDEALPRO'}]",False,{}
100000.00,0.00,100000.00,EUR,IDEALPRO-001,MARGIN,,"[{'type': 'MarginBalance', 'initial': '3524.07', 'maintenance': '0.00', 'currency': 'USD', 'instrument_id': 'EUR/USD.IDEALPRO'}]",False,{}
93793.41,3524.07,90269.34,USD,IDEALPRO-001,MARGIN,,"[{'type': 'MarginBalance', 'initial': '3524.07', 'maintenance': '0.00', 'currency': 'USD', 'instrument_id': 'EUR/USD.IDEALPRO'}]",False,{}
100000.00,0.00,100000.00,EUR,IDEALPRO-001,MARGIN,,"[{'type': 'MarginBalance', 'initial': '3524.07', 'maintenance': '0.00', 'currency': 'USD', 'instrument_id': 'EUR/USD.IDEALPRO'}]",False,{}
93793.41,3524.07,90269.34,USD,IDEALPRO-001,MARGIN,,"[{'type': 'MarginBalance', 'initial': '3524.07', 'maintenance': '0.00', 'currency': 'USD', 'instrument_id': 'EUR/USD.IDEALPRO'}]",False,{}
100000.00,0.00,100000.00,EUR,IDEALPRO-001,MARGIN,,"[{'type': 'MarginBalance', 'initial': '3524.07', 'maintenance': '0.00', 'currency': 'USD', 'instrument_id': 'EUR/USD.IDEALPRO'}]",False,{}
93791.06,3524.07,90266.99,USD,IDEALPRO-001,MARGIN,,"[{'type': 'MarginBalance', 'initial': '3524.07', 'maintenance': '0.00', 'currency': 'USD', 'instrument_id': 'EUR/USD.IDEALPRO'}]",False,{}
100000.00,0.00,100000.00,EUR,IDEALPRO-001,MARGIN,,"[{'type': 'MarginBalance', 'initial': '3524.07', 'maintenance': '0.00', 'currency': 'USD', 'instrument_id': 'EUR/USD.IDEALPRO'}]",False,{}
93791.06,2348.82,91442.24,USD,IDEALPRO-001,MARGIN,,"[{'type': 'MarginBalance', 'initial': '0.00', 'maintenance': '2348.82', 'currency': 'USD', 'instrument_id': 'EUR/USD.IDEALPRO'}]",False,{}
100000.00,0.00,100000.00,EUR,IDEALPRO-001,MARGIN,,"[{'type': 'MarginBalance', 'initial': '0.00', 'maintenance': '2348.82', 'currency': 'USD', 'instrument_id': 'EUR/USD.IDEALPRO'}]",False,{}
93791.06,2348.82,91442.24,USD,IDEALPRO-001,MARGIN,,"[{'type': 'MarginBalance', 'initial': '0.00', 'maintenance': '2348.82', 'currency': 'USD', 'instrument_id': 'EUR/USD.IDEALPRO'}]",False,{}
100000.00,0.00,100000.00,EUR,IDEALPRO-001,MARGIN,,"[{'type': 'MarginBalance', 'initial': '0.00', 'maintenance': '2348.82', 'currency': 'USD', 'instrument_id': 'EUR/USD.IDEALPRO'}]",False,{}
93791.06,2348.82,91442.24,USD,IDEALPRO-001,MARGIN,,"[{'type': 'MarginBalance', 'initial': '0.00', 'maintenance': '2348.82', 'currency': 'USD', 'instrument_id': 'EUR/USD.IDEALPRO'}]",False,{}
100000.00,0.00,100000.00,EUR,IDEALPRO-001,MARGIN,,"[{'type': 'MarginBalance', 'initial': '0.00', 'maintenance': '2348.82', 'currency': 'USD', 'instrument_id': 'EUR/USD.IDEALPRO'}]",False,{}
93565.72,0.00,93565.72,USD,IDEALPRO-001,MARGIN,,[],False,{}
100000.00,0.00,100000.00,EUR,IDEALPRO-001,MARGIN,,[],False,{}
93565.72,0.00,93565.72,USD,IDEALPRO-001,MARGIN,,[],False,{}
100000.00,0.00,100000.00,EUR,IDEALPRO-001,MARGIN,,[],False,{}
93565.72,3514.95,90050.77,USD,IDEALPRO-001,MARGIN,,"[{'type': 'MarginBalance', 'initial': '3514.95', 'maintenance': '0.00', 'currency': 'USD', 'instrument_id': 'EUR/USD.IDEALPRO'}]",False,{}
100000.00,0.00,100000.00,EUR,IDEALPRO-001,MARGIN,,"[{'type': 'MarginBalance', 'initial': '3514.95', 'maintenance': '0.00', 'currency': 'USD', 'instrument_id': 'EUR/USD.IDEALPRO'}]",False,{}
93565.72,0.00,93565.72,USD,IDEALPRO-001,MARGIN,,[],False,{}
100000.00,0.00,100000.00,EUR,IDEALPRO-001,MARGIN,,[],False,{}
93565.72,0.00,93565.72,USD,IDEALPRO-001,MARGIN,,[],False,{}
100000.00,0.00,100000.00,EUR,IDEALPRO-001,MARGIN,,[],False,{}
93565.72,0.00,93565.72,USD,IDEALPRO-001,MARGIN,,[],False,{}
100000.00,0.00,100000.00,EUR,IDEALPRO-001,MARGIN,,[],False,{}
93565.72,3470.22,90095.50,USD,IDEALPRO-001,MARGIN,,"[{'type': 'MarginBalance', 'initial': '3470.22', 'maintenance': '0.00', 'currency': 'USD', 'instrument_id': 'EUR/USD.IDEALPRO'}]",False,{}
100000.00,0.00,100000.00,EUR,IDEALPRO-001,MARGIN,,"[{'type': 'MarginBalance', 'initial': '3470.22', 'maintenance': '0.00', 'currency': 'USD', 'instrument_id': 'EUR/USD.IDEALPRO'}]",False,{}
93565.72,3470.22,90095.50,USD,IDEALPRO-001,MARGIN,,"[{'type': 'MarginBalance', 'initial': '3470.22', 'maintenance': '0.00', 'currency': 'USD', 'instrument_id': 'EUR/USD.IDEALPRO'}]",False,{}
100000.00,0.00,100000.00,EUR,IDEALPRO-001,MARGIN,,"[{'type': 'MarginBalance', 'initial': '3470.22', 'maintenance': '0.00', 'currency': 'USD', 'instrument_id': 'EUR/USD.IDEALPRO'}]",False,{}
93565.72,3470.22,90095.50,USD,IDEALPRO-001,MARGIN,,"[{'type': 'MarginBalance', 'initial': '3470.22', 'maintenance': '0.00', 'currency': 'USD', 'instrument_id': 'EUR/USD.IDEALPRO'}]",False,{}
100000.00,0.00,100000.00,EUR,IDEALPRO-001,MARGIN,,"[{'type': 'MarginBalance', 'initial': '3470.22', 'maintenance': '0.00', 'currency': 'USD', 'instrument_id': 'EUR/USD.IDEALPRO'}]",False,{}
93563.41,3470.22,90093.19,USD,IDEALPRO-001,MARGIN,,"[{'type': 'MarginBalance', 'initial': '3470.22', 'maintenance': '0.00', 'currency': 'USD', 'instrument_id': 'EUR/USD.IDEALPRO'}]",False,{}
100000.00,0.00,100000.00,EUR,IDEALPRO-001,MARGIN,,"[{'type': 'MarginBalance', 'initial': '3470.22', 'maintenance': '0.00', 'currency': 'USD', 'instrument_id': 'EUR/USD.IDEALPRO'}]",False,{}
93563.41,2313.48,91249.93,USD,IDEALPRO-001,MARGIN,,"[{'type': 'MarginBalance', 'initial': '0.00', 'maintenance': '2313.48', 'currency': 'USD', 'instrument_id': 'EUR/USD.IDEALPRO'}]",False,{}
100000.00,0.00,100000.00,EUR,IDEALPRO-001,MARGIN,,"[{'type': 'MarginBalance', 'initial': '0.00', 'maintenance': '2313.48', 'currency': 'USD', 'instrument_id': 'EUR/USD.IDEALPRO'}]",False,{}
93563.41,2313.48,91249.93,USD,IDEALPRO-001,MARGIN,,"[{'type': 'MarginBalance', 'initial': '0.00', 'maintenance': '2313.48', 'currency': 'USD', 'instrument_id': 'EUR/USD.IDEALPRO'}]",False,{}
100000.00,0.00,100000.00,EUR,IDEALPRO-001,MARGIN,,"[{'type': 'MarginBalance', 'initial': '0.00', 'maintenance': '2313.48', 'currency': 'USD', 'instrument_id': 'EUR/USD.IDEALPRO'}]",False,{}
93563.41,2313.48,91249.93,USD,IDEALPRO-001,MARGIN,,"[{'type': 'MarginBalance', 'initial': '0.00', 'maintenance': '2313.48', 'currency': 'USD', 'instrument_id': 'EUR/USD.IDEALPRO'}]",False,{}
100000.00,0.00,100000.00,EUR,IDEALPRO-001,MARGIN,,"[{'type': 'MarginBalance', 'initial': '0.00', 'maintenance': '2313.48', 'currency': 'USD', 'instrument_id': 'EUR/USD.IDEALPRO'}]",False,{}
93310.10,0.00,93310.10,USD,IDEALPRO-001,MARGIN,,[],False,{}
100000.00,0.00,100000.00,EUR,IDEALPRO-001,MARGIN,,[],False,{}
93310.10,0.00,93310.10,USD,IDEALPRO-001,MARGIN,,[],False,{}
100000.00,0.00,100000.00,EUR,IDEALPRO-001,MARGIN,,[],False,{}
93310.10,3459.72,89850.38,USD,IDEALPRO-001,MARGIN,,"[{'type': 'MarginBalance', 'initial': '3459.72', 'maintenance': '0.00', 'currency': 'USD', 'instrument_id': 'EUR/USD.IDEALPRO'}]",False,{}
100000.00,0.00,100000.00,EUR,IDEALPRO-001,MARGIN,,"[{'type': 'MarginBalance', 'initial': '3459.72', 'maintenance': '0.00', 'currency': 'USD', 'instrument_id': 'EUR/USD.IDEALPRO'}]",False,{}
93310.10,0.00,93310.10,USD,IDEALPRO-001,MARGIN,,[],False,{}
100000.00,0.00,100000.00,EUR,IDEALPRO-001,MARGIN,,[],False,{}
93310.10,0.00,93310.10,USD,IDEALPRO-001,MARGIN,,[],False,{}
100000.00,0.00,100000.00,EUR,IDEALPRO-001,MARGIN,,[],False,{}
93310.10,0.00,93310.10,USD,IDEALPRO-001,MARGIN,,[],False,{}
100000.00,0.00,100000.00,EUR,IDEALPRO-001,MARGIN,,[],False,{}
