trader_id,strategy_id,instrument_id,venue_order_id,account_id,trade_id,position_id,order_side,order_type,last_qty,last_px,currency,commission,liquidity_side,event_id,ts_event,ts_init,info,reconciliation
BACKTESTER-001,MovingAverageCrossover-MA_CROSS,EUR/USD.IDEALPRO,IDEALPRO-1-001,IDEALPRO-001,IDEALPRO-1-811,EUR/USD.IDEALPRO-MovingAverageCrossover-MA_CROSS,SELL,MARKET,0.01,1.03184,USD,0.00 USD,TAKER,9731bc6f-6704-4798-a367-e7e1357deb9a,2025-01-02 13:30:00+00:00,2025-01-02 13:30:00+00:00,{},False
BACKTESTER-001,MovingAverageCrossover-MA_CROSS,EUR/USD.IDEALPRO,IDEALPRO-1-001,IDEALPRO-001,IDEALPRO-1-812,EUR/USD.IDEALPRO-MovingAverageCrossover-MA_CROSS,SELL,MARKET,99999.99,1.03183,USD,2.06 USD,TAKER,8ef16813-78bd-4dad-bb9f-bed5f4673149,2025-01-02 13:30:00+00:00,2025-01-02 13:30:00+00:00,{},False
BACKTESTER-001,MovingAverageCrossover-MA_CROSS,EUR/USD.IDEALPRO,IDEALPRO-1-003,IDEALPRO-001,IDEALPRO-1-966,EUR/USD.IDEALPRO-MovingAverageCrossover-MA_CROSS,BUY,LIMIT,0.01,1.02684,USD,0.00 USD,MAKER,b1d9f79f-52cd-4cb9-9214-000c1f0e2478,2025-01-02 16:03:00+00:00,2025-01-02 16:03:00+00:00,{},False
BACKTESTER-001,MovingAverageCrossover-MA_CROSS,EUR/USD.IDEALPRO,IDEALPRO-1-003,IDEALPRO-001,IDEALPRO-1-967,EUR/USD.IDEALPRO-MovingAverageCrossover-MA_CROSS,BUY,LIMIT,99999.99,1.02684,USD,2.05 USD,MAKER,2fe19efd-acf4-4ac2-bba9-e8db88032f22,2025-01-02 16:03:00+00:00,2025-01-02 16:03:00+00:00,{},False
BACKTESTER-001,MovingAverageCrossover-MA_CROSS,EUR/USD.IDEALPRO,IDEALPRO-1-004,IDEALPRO-001,IDEALPRO-1-3035,EUR/USD.IDEALPRO-MovingAverageCrossover-MA_CROSS,BUY,MARKET,0.01,1.03161,USD,0.00 USD,TAKER,290165f1-bee8-49c2-bd03-8e7920e63b13,2025-01-06 03:00:00+00:00,2025-01-06 03:00:00+00:00,{},False
BACKTESTER-001,MovingAverageCrossover-MA_CROSS,EUR/USD.IDEALPRO,IDEALPRO-1-004,IDEALPRO-001,IDEALPRO-1-3036,EUR/USD.IDEALPRO-MovingAverageCrossover-MA_CROSS,BUY,MARKET,99999.99,1.03162,USD,2.06 USD,TAKER,f211538f-f8ad-411e-8ad5-59fb2b5a2644,2025-01-06 03:00:00+00:00,2025-01-06 03:00:00+00:00,{},False
BACKTESTER-001,MovingAverageCrossover-MA_CROSS,EUR/USD.IDEALPRO,IDEALPRO-1-006,IDEALPRO-001,IDEALPRO-1-3408,EUR/USD.IDEALPRO-MovingAverageCrossover-MA_CROSS,SELL,LIMIT,0.01,1.03661,USD,0.00 USD,MAKER,d34e131d-1127-402d-a2a9-c13ca8ac52c4,2025-01-06 09:11:00+00:00,2025-01-06 09:11:00+00:00,{},False
BACKTESTER-001,MovingAverageCrossover-MA_CROSS,EUR/USD.IDEALPRO,IDEALPRO-1-006,IDEALPRO-001,IDEALPRO-1-3409,EUR/USD.IDEALPRO-MovingAverageCrossover-MA_CROSS,SELL,LIMIT,99999.99,1.03661,USD,2.07 USD,MAKER,09bcfe03-12dc-458b-8123-15c321ee0d76,2025-01-06 09:11:00+00:00,2025-01-06 09:11:00+00:00,{},False
BACKTESTER-001,MovingAverageCrossover-MA_CROSS,EUR/USD.IDEALPRO,IDEALPRO-1-007,IDEALPRO-001,IDEALPRO-1-5934,EUR/USD.IDEALPRO-MovingAverageCrossover-MA_CROSS,SELL,MARKET,0.01,1.03469,USD,0.00 USD,TAKER,2275e6e5-6c03-418c-9981-024e1cd28262,2025-01-08 03:45:00+00:00,2025-01-08 03:45:00+00:00,{},False
BACKTESTER-001,MovingAverageCrossover-MA_CROSS,EUR/USD.IDEALPRO,IDEALPRO-1-007,IDEALPRO-001,IDEALPRO-1-5935,EUR/USD.IDEALPRO-MovingAverageCrossover-MA_CROSS,SELL,MARKET,99999.99,1.03468,USD,2.07 USD,TAKER,56f2c32d-53f4-4f09-9ba8-8a6c0d3b6c29,2025-01-08 03:45:00+00:00,2025-01-08 03:45:00+00:00,{},False
BACKTESTER-001,MovingAverageCrossover-MA_CROSS,EUR/USD.IDEALPRO,IDEALPRO-1-009,IDEALPRO-001,IDEALPRO-1-6402,EUR/USD.IDEALPRO-MovingAverageCrossover-MA_CROSS,BUY,LIMIT,0.01,1.02969,USD,0.00 USD,MAKER,4acdb068-c6fe-4b62-a19c-9351beb98d73,2025-01-08 11:31:00+00:00,2025-01-08 11:31:00+00:00,{},False
BACKTESTER-001,MovingAverageCrossover-MA_CROSS,EUR/USD.IDEALPRO,IDEALPRO-1-009,IDEALPRO-001,IDEALPRO-1-6403,EUR/USD.IDEALPRO-MovingAverageCrossover-MA_CROSS,BUY,LIMIT,99999.99,1.02969,USD,2.06 USD,MAKER,e4639439-3c67-4632-b15f-141f47f0c2eb,2025-01-08 11:31:00+00:00,2025-01-08 11:31:00+00:00,{},False
BACKTESTER-001,MovingAverageCrossover-MA_CROSS,EUR/USD.IDEALPRO,IDEALPRO-1-010,IDEALPRO-001,IDEALPRO-1-12208,EUR/USD.IDEALPRO-MovingAverageCrossover-MA_CROSS,BUY,MARKET,0.01,1.02527,USD,0.00 USD,TAKER,54023478-3701-4060-93a6-aaae0be7efcc,2025-01-14 13:15:00+00:00,2025-01-14 13:15:00+00:00,{},False
BACKTESTER-001,MovingAverageCrossover-MA_CROSS,EUR/USD.IDEALPRO,IDEALPRO-1-010,IDEALPRO-001,IDEALPRO-1-12209,EUR/USD.IDEALPRO-MovingAverageCrossover-MA_CROSS,BUY,MARKET,99999.99,1.02528,USD,2.05 USD,TAKER,1a8635e0-512c-4ea6-9d39-8ef9059c6637,2025-01-14 13:15:00+00:00,2025-01-14 13:15:00+00:00,{},False
BACKTESTER-001,MovingAverageCrossover-MA_CROSS,EUR/USD.IDEALPRO,IDEALPRO-1-012,IDEALPRO-001,IDEALPRO-1-12392,EUR/USD.IDEALPRO-MovingAverageCrossover-MA_CROSS,SELL,LIMIT,0.01,1.03027,USD,0.00 USD,MAKER,2bc10635-5b78-40eb-94ff-3c63c8d067cb,2025-01-14 16:17:00+00:00,2025-01-14 16:17:00+00:00,{},False
BACKTESTER-001,MovingAverageCrossover-MA_CROSS,EUR/USD.IDEALPRO,IDEALPRO-1-012,IDEALPRO-001,IDEALPRO-1-12393,EUR/USD.IDEALPRO-MovingAverageCrossover-MA_CROSS,SELL,LIMIT,99999.99,1.03027,USD,2.06 USD,MAKER,abbdddcd-3d90-4850-8cba-f2185a201510,2025-01-14 16:17:00+00:00,2025-01-14 16:17:00+00:00,{},False
BACKTESTER-001,MovingAverageCrossover-MA_CROSS,EUR/USD.IDEALPRO,IDEALPRO-1-013,IDEALPRO-001,IDEALPRO-1-16457,EUR/USD.IDEALPRO-MovingAverageCrossover-MA_CROSS,SELL,MARKET,0.01,1.02957,USD,0.00 USD,TAKER,16e66482-17be-49f7-b377-ba4852b546f4,2025-01-17 12:45:00+00:00,2025-01-17 12:45:00+00:00,{},False
BACKTESTER-001,MovingAverageCrossover-MA_CROSS,EUR/USD.IDEALPRO,IDEALPRO-1-013,IDEALPRO-001,IDEALPRO-1-16458,EUR/USD.IDEALPRO-MovingAverageCrossover-MA_CROSS,SELL,MARKET,99999.99,1.02956,USD,2.06 USD,TAKER,f6f060b6-76f6-4f47-800f-5067da46d150,2025-01-17 12:45:00+00:00,2025-01-17 12:45:00+00:00,{},False
BACKTESTER-001,MovingAverageCrossover-MA_CROSS,EUR/USD.IDEALPRO,IDEALPRO-1-014,IDEALPRO-001,IDEALPRO-1-16606,EUR/USD.IDEALPRO-MovingAverageCrossover-MA_CROSS,BUY,STOP_MARKET,0.01,1.03307,USD,0.00 USD,TAKER,38931762-8cda-4723-b10f-731ea191d1d3,2025-01-17 15:12:00+00:00,2025-01-17 15:12:00+00:00,{},False
BACKTESTER-001,MovingAverageCrossover-MA_CROSS,EUR/USD.IDEALPRO,IDEALPRO-1-014,IDEALPRO-001,IDEALPRO-1-16607,EUR/USD.IDEALPRO-MovingAverageCrossover-MA_CROSS,BUY,STOP_MARKET,99999.99,1.03308,USD,2.07 USD,TAKER,c9fddfc3-2442-49f6-96ab-0f5bee3eab47,2025-01-17 15:12:00+00:00,2025-01-17 15:12:00+00:00,{},False
BACKTESTER-001,MovingAverageCrossover-MA_CROSS,EUR/USD.IDEALPRO,IDEALPRO-1-016,IDEALPRO-001,IDEALPRO-1-17676,EUR/USD.IDEALPRO-MovingAverageCrossover-MA_CROSS,BUY,MARKET,0.01,1.03136,USD,0.00 USD,TAKER,08545c35-1fb1-40e1-9839-cf49dbf6ad3e,2025-01-20 09:15:00+00:00,2025-01-20 09:15:00+00:00,{},False
BACKTESTER-001,MovingAverageCrossover-MA_CROSS,EUR/USD.IDEALPRO,IDEALPRO-1-016,IDEALPRO-001,IDEALPRO-1-17677,EUR/USD.IDEALPRO-MovingAverageCrossover-MA_CROSS,BUY,MARKET,99999.99,1.03137,USD,2.06 USD,TAKER,bd0f96de-2290-4dc4-ad7c-55f94a2dcfa2,2025-01-20 09:15:00+00:00,2025-01-20 09:15:00+00:00,{},False
BACKTESTER-001,MovingAverageCrossover-MA_CROSS,EUR/USD.IDEALPRO,IDEALPRO-1-018,IDEALPRO-001,IDEALPRO-1-17935,EUR/USD.IDEALPRO-MovingAverageCrossover-MA_CROSS,SELL,LIMIT,0.01,1.03636,USD,0.00 USD,MAKER,f468b15c-4fd4-4b98-93ff-4bd8f220ea7f,2025-01-20 13:32:00+00:00,2025-01-20 13:32:00+00:00,{},False
BACKTESTER-001,MovingAverageCrossover-MA_CROSS,EUR/USD.IDEALPRO,IDEALPRO-1-018,IDEALPRO-001,IDEALPRO-1-17936,EUR/USD.IDEALPRO-MovingAverageCrossover-MA_CROSS,SELL,LIMIT,99999.99,1.03636,USD,2.07 USD,MAKER,b93d8226-13c3-4091-9e48-5ff2eec6a69b,2025-01-20 13:32:00+00:00,2025-01-20 13:32:00+00:00,{},False
BACKTESTER-001,MovingAverageCrossover-MA_CROSS,EUR/USD.IDEALPRO,IDEALPRO-1-019,IDEALPRO-001,IDEALPRO-1-22315,EUR/USD.IDEALPRO-MovingAverageCrossover-MA_CROSS,SELL,MARKET,0.01,1.04012,USD,0.00 USD,TAKER,64b49610-cb55-4eee-9c52-e8b2fcdefd91,2025-01-23 15:15:00+00:00,2025-01-23 15:15:00+00:00,{},False
BACKTESTER-001,MovingAverageCrossover-MA_CROSS,EUR/USD.IDEALPRO,IDEALPRO-1-019,IDEALPRO-001,IDEALPRO-1-22316,EUR/USD.IDEALPRO-MovingAverageCrossover-MA_CROSS,SELL,MARKET,99999.99,1.04011,USD,2.08 USD,TAKER,5ab2d231-e142-4c9e-b253-95e2614c2be5,2025-01-23 15:15:00+00:00,2025-01-23 15:15:00+00:00,{},False
BACKTESTER-001,MovingAverageCrossover-MA_CROSS,EUR/USD.IDEALPRO,IDEALPRO-1-020,IDEALPRO-001,IDEALPRO-1-22473,EUR/USD.IDEALPRO-MovingAverageCrossover-MA_CROSS,BUY,STOP_MARKET,0.01,1.04362,USD,0.00 USD,TAKER,6eb518d3-ecba-48cc-b1b3-b2ddb863044e,2025-01-23 17:51:00+00:00,2025-01-23 17:51:00+00:00,{},False
BACKTESTER-001,MovingAverageCrossover-MA_CROSS,EUR/USD.IDEALPRO,IDEALPRO-1-020,IDEALPRO-001,IDEALPRO-1-22474,EUR/USD.IDEALPRO-MovingAverageCrossover-MA_CROSS,BUY,STOP_MARKET,99999.99,1.04363,USD,2.09 USD,TAKER,30c372fa-ead1-46db-a16b-849415264815,2025-01-23 17:51:00+00:00,2025-01-23 17:51:00+00:00,{},False
BACKTESTER-001,MovingAverageCrossover-MA_CROSS,EUR/USD.IDEALPRO,IDEALPRO-1-022,IDEALPRO-001,IDEALPRO-1-22484,EUR/USD.IDEALPRO-MovingAverageCrossover-MA_CROSS,BUY,MARKET,0.01,1.04354,USD,0.00 USD,TAKER,0707304a-6e9e-442a-b71c-8cca5f0996de,2025-01-23 18:00:00+00:00,2025-01-23 18:00:00+00:00,{},False
BACKTESTER-001,MovingAverageCrossover-MA_CROSS,EUR/USD.IDEALPRO,IDEALPRO-1-022,IDEALPRO-001,IDEALPRO-1-22485,EUR/USD.IDEALPRO-MovingAverageCrossover-MA_CROSS,BUY,MARKET,99999.99,1.04355,USD,2.09 USD,TAKER,7c03f02a-b81a-41cd-9af9-361a5be6d727,2025-01-23 18:00:00+00:00,2025-01-23 18:00:00+00:00,{},False
BACKTESTER-001,MovingAverageCrossover-MA_CROSS,EUR/USD.IDEALPRO,IDEALPRO-1-024,IDEALPRO-001,IDEALPRO-1-23327,EUR/USD.IDEALPRO-MovingAverageCrossover-MA_CROSS,SELL,LIMIT,0.01,1.04854,USD,0.00 USD,MAKER,0f92c7fa-51ad-41ec-930d-4d3b7a23eceb,2025-01-24 08:16:00+00:00,2025-01-24 08:16:00+00:00,{},False
BACKTESTER-001,MovingAverageCrossover-MA_CROSS,EUR/USD.IDEALPRO,IDEALPRO-1-024,IDEALPRO-001,IDEALPRO-1-23328,EUR/USD.IDEALPRO-MovingAverageCrossover-MA_CROSS,SELL,LIMIT,99999.99,1.04854,USD,2.10 USD,MAKER,1b254dcb-dc0b-4d49-9fbf-26576188935f,2025-01-24 08:16:00+00:00,2025-01-24 08:16:00+00:00,{},False
BACKTESTER-001,MovingAverageCrossover-MA_CROSS,EUR/USD.IDEALPRO,IDEALPRO-1-025,IDEALPRO-001,IDEALPRO-1-26103,EUR/USD.IDEALPRO-MovingAverageCrossover-MA_CROSS,SELL,MARKET,0.01,1.04376,USD,0.00 USD,TAKER,e5598a4f-bcc8-4c91-a7c1-6828cb5aec60,2025-01-28 07:00:00+00:00,2025-01-28 07:00:00+00:00,{},False
BACKTESTER-001,MovingAverageCrossover-MA_CROSS,EUR/USD.IDEALPRO,IDEALPRO-1-025,IDEALPRO-001,IDEALPRO-1-26104,EUR/USD.IDEALPRO-MovingAverageCrossover-MA_CROSS,SELL,MARKET,99999.99,1.04375,USD,2.09 USD,TAKER,ed9204d8-5e84-4c19-a8a1-095afcb17d37,2025-01-28 07:00:00+00:00,2025-01-28 07:00:00+00:00,{},False
BACKTESTER-001,MovingAverageCrossover-MA_CROSS,EUR/USD.IDEALPRO,IDEALPRO-1-027,IDEALPRO-001,IDEALPRO-1-27908,EUR/USD.IDEALPRO-MovingAverageCrossover-MA_CROSS,BUY,LIMIT,0.01,1.03876,USD,0.00 USD,MAKER,f1fdbbcf-f7ed-47b3-b89f-209150ba05eb,2025-01-29 13:18:00+00:00,2025-01-29 13:18:00+00:00,{},False
BACKTESTER-001,MovingAverageCrossover-MA_CROSS,EUR/USD.IDEALPRO,IDEALPRO-1-027,IDEALPRO-001,IDEALPRO-1-27909,EUR/USD.IDEALPRO-MovingAverageCrossover-MA_CROSS,BUY,LIMIT,99999.99,1.03876,USD,2.08 USD,MAKER,f97a8630-0c91-404d-be62-d67519afb16d,2025-01-29 13:18:00+00:00,2025-01-29 13:18:00+00:00,{},False
BACKTESTER-001,MovingAverageCrossover-MA_CROSS,EUR/USD.IDEALPRO,IDEALPRO-1-028,IDEALPRO-001,IDEALPRO-1-33757,EUR/USD.IDEALPRO-MovingAverageCrossover-MA_CROSS,BUY,MARKET,0.01,1.03794,USD,0.00 USD,TAKER,ac5eb9ab-ecf8-4d94-b313-cf5860f2c3f0,2025-02-04 15:45:00+00:00,2025-02-04 15:45:00+00:00,{},False
BACKTESTER-001,MovingAverageCrossover-MA_CROSS,EUR/USD.IDEALPRO,IDEALPRO-1-028,IDEALPRO-001,IDEALPRO-1-33758,EUR/USD.IDEALPRO-MovingAverageCrossover-MA_CROSS,BUY,MARKET,99999.99,1.03795,USD,2.08 USD,TAKER,aaed325a-1910-4271-bd17-ad6dc405f4b4,2025-02-04 15:45:00+00:00,2025-02-04 15:45:00+00:00,{},False
BACKTESTER-001,MovingAverageCrossover-MA_CROSS,EUR/USD.IDEALPRO,IDEALPRO-1-030,IDEALPRO-001,IDEALPRO-1-34878,EUR/USD.IDEALPRO-MovingAverageCrossover-MA_CROSS,SELL,LIMIT,0.01,1.04294,USD,0.00 USD,MAKER,da767874-236f-4c27-9acd-251a98f767dd,2025-02-05 10:39:00+00:00,2025-02-05 10:39:00+00:00,{},False
BACKTESTER-001,MovingAverageCrossover-MA_CROSS,EUR/USD.IDEALPRO,IDEALPRO-1-030,IDEALPRO-001,IDEALPRO-1-34879,EUR/USD.IDEALPRO-MovingAverageCrossover-MA_CROSS,SELL,LIMIT,99999.99,1.04294,USD,2.09 USD,MAKER,c9da632a-dba4-4e83-b1ff-291df960cc47,2025-02-05 10:39:00+00:00,2025-02-05 10:39:00+00:00,{},False
BACKTESTER-001,MovingAverageCrossover-MA_CROSS,EUR/USD.IDEALPRO,IDEALPRO-1-031,IDEALPRO-001,IDEALPRO-1-36611,EUR/USD.IDEALPRO-MovingAverageCrossover-MA_CROSS,SELL,MARKET,0.01,1.03665,USD,0.00 USD,TAKER,e43a0573-f257-4cae-8212-9ae655d9043e,2025-02-06 15:45:00+00:00,2025-02-06 15:45:00+00:00,{},False
BACKTESTER-001,MovingAverageCrossover-MA_CROSS,EUR/USD.IDEALPRO,IDEALPRO-1-031,IDEALPRO-001,IDEALPRO-1-36612,EUR/USD.IDEALPRO-MovingAverageCrossover-MA_CROSS,SELL,MARKET,99999.99,1.03664,USD,2.07 USD,TAKER,7763dbd3-77fb-4602-b530-a2f7c2658428,2025-02-06 15:45:00+00:00,2025-02-06 15:45:00+00:00,{},False
BACKTESTER-001,MovingAverageCrossover-MA_CROSS,EUR/USD.IDEALPRO,IDEALPRO-1-034,IDEALPRO-001,IDEALPRO-1-37108,EUR/USD.IDEALPRO-MovingAverageCrossover-MA_CROSS,BUY,MARKET,0.01,1.03876,USD,0.00 USD,TAKER,072325bc-d333-4c45-b412-ae46a9029879,2025-02-07 00:15:00+00:00,2025-02-07 00:15:00+00:00,{},False
BACKTESTER-001,MovingAverageCrossover-MA_CROSS,EUR/USD.IDEALPRO,IDEALPRO-1-034,IDEALPRO-001,IDEALPRO-1-37109,EUR/USD.IDEALPRO-MovingAverageCrossover-MA_CROSS,BUY,MARKET,99999.99,1.03877,USD,2.08 USD,TAKER,2c62049b-e8c6-4664-96cb-7652bb80049a,2025-02-07 00:15:00+00:00,2025-02-07 00:15:00+00:00,{},False
BACKTESTER-001,MovingAverageCrossover-MA_CROSS,EUR/USD.IDEALPRO,IDEALPRO-1-035,IDEALPRO-001,IDEALPRO-1-37425,EUR/USD.IDEALPRO-MovingAverageCrossover-MA_CROSS,SELL,MARKET,0.01,1.03786,USD,0.00 USD,TAKER,80327119-3ce6-4c77-8d73-823b4b3a5bd1,2025-02-07 05:30:00+00:00,2025-02-07 05:30:00+00:00,{},False
BACKTESTER-001,MovingAverageCrossover-MA_CROSS,EUR/USD.IDEALPRO,IDEALPRO-1-035,IDEALPRO-001,IDEALPRO-1-37426,EUR/USD.IDEALPRO-MovingAverageCrossover-MA_CROSS,SELL,MARKET,99999.99,1.03785,USD,2.08 USD,TAKER,80c4e957-749d-4a7c-a7bb-012e1b2266bf,2025-02-07 05:30:00+00:00,2025-02-07 05:30:00+00:00,{},False
BACKTESTER-001,MovingAverageCrossover-MA_CROSS,EUR/USD.IDEALPRO,IDEALPRO-1-037,IDEALPRO-001,IDEALPRO-1-38055,EUR/USD.IDEALPRO-MovingAverageCrossover-MA_CROSS,BUY,LIMIT,0.01,1.03286,USD,0.00 USD,MAKER,eba7aea9-e8fa-4308-9737-4332039d37ce,2025-02-07 15:58:00+00:00,2025-02-07 15:58:00+00:00,{},False
BACKTESTER-001,MovingAverageCrossover-MA_CROSS,EUR/USD.IDEALPRO,IDEALPRO-1-037,IDEALPRO-001,IDEALPRO-1-38056,EUR/USD.IDEALPRO-MovingAverageCrossover-MA_CROSS,BUY,LIMIT,99999.99,1.03286,USD,2.07 USD,MAKER,916bf4de-7068-418f-9188-1b21e79bdff4,2025-02-07 15:58:00+00:00,2025-02-07 15:58:00+00:00,{},False
BACKTESTER-001,MovingAverageCrossover-MA_CROSS,EUR/USD.IDEALPRO,IDEALPRO-1-038,IDEALPRO-001,IDEALPRO-1-41164,EUR/USD.IDEALPRO-MovingAverageCrossover-MA_CROSS,BUY,MARKET,0.01,1.03618,USD,0.00 USD,TAKER,f5e9e850-427b-4616-ae5d-f9596b8de98f,2025-02-11 20:15:00+00:00,2025-02-11 20:15:00+00:00,{},False
BACKTESTER-001,MovingAverageCrossover-MA_CROSS,EUR/USD.IDEALPRO,IDEALPRO-1-038,IDEALPRO-001,IDEALPRO-1-41165,EUR/USD.IDEALPRO-MovingAverageCrossover-MA_CROSS,BUY,MARKET,99999.99,1.03619,USD,2.07 USD,TAKER,15b18911-82a3-485a-871e-850a56b9c700,2025-02-11 20:15:00+00:00,2025-02-11 20:15:00+00:00,{},False
BACKTESTER-001,MovingAverageCrossover-MA_CROSS,EUR/USD.IDEALPRO,IDEALPRO-1-039,IDEALPRO-001,IDEALPRO-1-42187,EUR/USD.IDEALPRO-MovingAverageCrossover-MA_CROSS,SELL,STOP_MARKET,0.01,1.03268,USD,0.00 USD,TAKER,e8fd0d12-db87-492d-a6f2-dd489fa6d5ab,2025-02-12 13:31:00+00:00,2025-02-12 13:31:00+00:00,{},False
BACKTESTER-001,MovingAverageCrossover-MA_CROSS,EUR/USD.IDEALPRO,IDEALPRO-1-039,IDEALPRO-001,IDEALPRO-1-42188,EUR/USD.IDEALPRO-MovingAverageCrossover-MA_CROSS,SELL,STOP_MARKET,99999.99,1.03267,USD,2.07 USD,TAKER,6392a9f3-1b91-487f-9978-0da74c1dd9b7,2025-02-12 13:31:00+00:00,2025-02-12 13:31:00+00:00,{},False
BACKTESTER-001,MovingAverageCrossover-MA_CROSS,EUR/USD.IDEALPRO,IDEALPRO-1-041,IDEALPRO-001,IDEALPRO-1-47558,EUR/USD.IDEALPRO-MovingAverageCrossover-MA_CROSS,SELL,MARKET,0.01,1.04635,USD,0.00 USD,TAKER,fadb5200-0148-4c2f-9a46-48ddf389e83b,2025-02-18 08:00:00+00:00,2025-02-18 08:00:00+00:00,{},False
BACKTESTER-001,MovingAverageCrossover-MA_CROSS,EUR/USD.IDEALPRO,IDEALPRO-1-041,IDEALPRO-001,IDEALPRO-1-47559,EUR/USD.IDEALPRO-MovingAverageCrossover-MA_CROSS,SELL,MARKET,99999.99,1.04634,USD,2.09 USD,TAKER,8239b457-0000-4386-ba07-05ce64d32375,2025-02-18 08:00:00+00:00,2025-02-18 08:00:00+00:00,{},False
BACKTESTER-001,MovingAverageCrossover-MA_CROSS,EUR/USD.IDEALPRO,IDEALPRO-1-043,IDEALPRO-001,IDEALPRO-1-49471,EUR/USD.IDEALPRO-MovingAverageCrossover-MA_CROSS,BUY,LIMIT,0.01,1.04135,USD,0.00 USD,MAKER,6a73f7c7-ea0d-43e0-9071-7936b0237a49,2025-02-19 16:06:00+00:00,2025-02-19 16:06:00+00:00,{},False
BACKTESTER-001,MovingAverageCrossover-MA_CROSS,EUR/USD.IDEALPRO,IDEALPRO-1-043,IDEALPRO-001,IDEALPRO-1-49472,EUR/USD.IDEALPRO-MovingAverageCrossover-MA_CROSS,BUY,LIMIT,99999.99,1.04135,USD,2.08 USD,MAKER,f1881813-a3fb-42c1-ac1e-61bd41325821,2025-02-19 16:06:00+00:00,2025-02-19 16:06:00+00:00,{},False
BACKTESTER-001,MovingAverageCrossover-MA_CROSS,EUR/USD.IDEALPRO,IDEALPRO-1-044,IDEALPRO-001,IDEALPRO-1-50967,EUR/USD.IDEALPRO-MovingAverageCrossover-MA_CROSS,BUY,MARKET,0.01,1.04842,USD,0.00 USD,TAKER,c86ba158-e761-413f-8f3a-509abd333821,2025-02-20 17:15:00+00:00,2025-02-20 17:15:00+00:00,{},False
BACKTESTER-001,MovingAverageCrossover-MA_CROSS,EUR/USD.IDEALPRO,IDEALPRO-1-044,IDEALPRO-001,IDEALPRO-1-50968,EUR/USD.IDEALPRO-MovingAverageCrossover-MA_CROSS,BUY,MARKET,99999.99,1.04843,USD,2.10 USD,TAKER,6f57f584-3145-4d2e-8725-ac198719bc7e,2025-02-20 17:15:00+00:00,2025-02-20 17:15:00+00:00,{},False
BACKTESTER-001,MovingAverageCrossover-MA_CROSS,EUR/USD.IDEALPRO,IDEALPRO-1-047,IDEALPRO-001,IDEALPRO-1-53969,EUR/USD.IDEALPRO-MovingAverageCrossover-MA_CROSS,SELL,MARKET,0.01,1.04747,USD,0.00 USD,TAKER,d3793768-f85c-4574-9058-418685814b12,2025-02-24 19:45:00+00:00,2025-02-24 19:45:00+00:00,{},False
BACKTESTER-001,MovingAverageCrossover-MA_CROSS,EUR/USD.IDEALPRO,IDEALPRO-1-047,IDEALPRO-001,IDEALPRO-1-53970,EUR/USD.IDEALPRO-MovingAverageCrossover-MA_CROSS,SELL,MARKET,99999.99,1.04746,USD,2.09 USD,TAKER,562f1017-123d-41b2-9164-e0b98c103a37,2025-02-24 19:45:00+00:00,2025-02-24 19:45:00+00:00,{},False
BACKTESTER-001,MovingAverageCrossover-MA_CROSS,EUR/USD.IDEALPRO,IDEALPRO-1-048,IDEALPRO-001,IDEALPRO-1-55126,EUR/USD.IDEALPRO-MovingAverageCrossover-MA_CROSS,BUY,MARKET,0.01,1.05131,USD,0.00 USD,TAKER,4581b9e0-7016-4109-a1ed-29d3f30db5ee,2025-02-25 15:15:00+00:00,2025-02-25 15:15:00+00:00,{},False
BACKTESTER-001,MovingAverageCrossover-MA_CROSS,EUR/USD.IDEALPRO,IDEALPRO-1-048,IDEALPRO-001,IDEALPRO-1-55127,EUR/USD.IDEALPRO-MovingAverageCrossover-MA_CROSS,BUY,MARKET,99999.99,1.05132,USD,2.10 USD,TAKER,5afe59c2-630e-427e-abb1-65c9e76d37ef,2025-02-25 15:15:00+00:00,2025-02-25 15:15:00+00:00,{},False
BACKTESTER-001,MovingAverageCrossover-MA_CROSS,EUR/USD.IDEALPRO,IDEALPRO-1-049,IDEALPRO-001,IDEALPRO-1-56413,EUR/USD.IDEALPRO-MovingAverageCrossover-MA_CROSS,SELL,STOP_MARKET,0.01,1.04781,USD,0.00 USD,TAKER,3e6c45af-888a-4ce4-a3ee-6cd36f5a4650,2025-02-26 12:55:00+00:00,2025-02-26 12:55:00+00:00,{},False
BACKTESTER-001,MovingAverageCrossover-MA_CROSS,EUR/USD.IDEALPRO,IDEALPRO-1-049,IDEALPRO-001,IDEALPRO-1-56414,EUR/USD.IDEALPRO-MovingAverageCrossover-MA_CROSS,SELL,STOP_MARKET,99999.99,1.04780,USD,2.10 USD,TAKER,76b83206-3f5a-4619-8904-6723e79b8b5b,2025-02-26 12:55:00+00:00,2025-02-26 12:55:00+00:00,{},False
BACKTESTER-001,MovingAverageCrossover-MA_CROSS,EUR/USD.IDEALPRO,IDEALPRO-1-051,IDEALPRO-001,IDEALPRO-1-57305,EUR/USD.IDEALPRO-MovingAverageCrossover-MA_CROSS,SELL,MARKET,0.01,1.04656,USD,0.00 USD,TAKER,ada4fcc8-2225-4db3-845f-416f48ebe875,2025-02-27 04:00:00+00:00,2025-02-27 04:00:00+00:00,{},False
BACKTESTER-001,MovingAverageCrossover-MA_CROSS,EUR/USD.IDEALPRO,IDEALPRO-1-051,IDEALPRO-001,IDEALPRO-1-57306,EUR/USD.IDEALPRO-MovingAverageCrossover-MA_CROSS,SELL,MARKET,99999.99,1.04655,USD,2.09 USD,TAKER,099916dd-24ef-4c44-beee-a532594a1c53,2025-02-27 04:00:00+00:00,2025-02-27 04:00:00+00:00,{},False
BACKTESTER-001,MovingAverageCrossover-MA_CROSS,EUR/USD.IDEALPRO,IDEALPRO-1-053,IDEALPRO-001,IDEALPRO-1-57963,EUR/USD.IDEALPRO-MovingAverageCrossover-MA_CROSS,BUY,LIMIT,0.01,1.04156,USD,0.00 USD,MAKER,e17bd094-dc4f-4340-8498-38d3087bd114,2025-02-27 14:56:00+00:00,2025-02-27 14:56:00+00:00,{},False
BACKTESTER-001,MovingAverageCrossover-MA_CROSS,EUR/USD.IDEALPRO,IDEALPRO-1-053,IDEALPRO-001,IDEALPRO-1-57964,EUR/USD.IDEALPRO-MovingAverageCrossover-MA_CROSS,BUY,LIMIT,99999.99,1.04156,USD,2.08 USD,MAKER,09e69fab-af6d-42db-8f87-1a58927ae419,2025-02-27 14:56:00+00:00,2025-02-27 14:56:00+00:00,{},False
BACKTESTER-001,MovingAverageCrossover-MA_CROSS,EUR/USD.IDEALPRO,IDEALPRO-1-054,IDEALPRO-001,IDEALPRO-1-60759,EUR/USD.IDEALPRO-MovingAverageCrossover-MA_CROSS,BUY,MARKET,0.01,1.04720,USD,0.00 USD,TAKER,afa9308f-ca2a-4983-981f-3774bbf8f6ef,2025-03-03 14:00:00+00:00,2025-03-03 14:00:00+00:00,{},False
BACKTESTER-001,MovingAverageCrossover-MA_CROSS,EUR/USD.IDEALPRO,IDEALPRO-1-054,IDEALPRO-001,IDEALPRO-1-60760,EUR/USD.IDEALPRO-MovingAverageCrossover-MA_CROSS,BUY,MARKET,99999.99,1.04721,USD,2.09 USD,TAKER,ee9d435b-689a-4cf8-8fff-f2b9ecfe1755,2025-03-03 14:00:00+00:00,2025-03-03 14:00:00+00:00,{},False
BACKTESTER-001,MovingAverageCrossover-MA_CROSS,EUR/USD.IDEALPRO,IDEALPRO-1-056,IDEALPRO-001,IDEALPRO-1-61873,EUR/USD.IDEALPRO-MovingAverageCrossover-MA_CROSS,SELL,LIMIT,0.01,1.05220,USD,0.00 USD,MAKER,237db780-6e05-4717-ad9c-743c2e3427a7,2025-03-04 08:47:00+00:00,2025-03-04 08:47:00+00:00,{},False
BACKTESTER-001,MovingAverageCrossover-MA_CROSS,EUR/USD.IDEALPRO,IDEALPRO-1-056,IDEALPRO-001,IDEALPRO-1-61874,EUR/USD.IDEALPRO-MovingAverageCrossover-MA_CROSS,SELL,LIMIT,99999.99,1.05220,USD,2.10 USD,MAKER,841f87a5-5283-4f94-8e2c-2c3eff56f2e8,2025-03-04 08:47:00+00:00,2025-03-04 08:47:00+00:00,{},False
BACKTESTER-001,MovingAverageCrossover-MA_CROSS,EUR/USD.IDEALPRO,IDEALPRO-1-057,IDEALPRO-001,IDEALPRO-1-71968,EUR/USD.IDEALPRO-MovingAverageCrossover-MA_CROSS,SELL,MARKET,0.01,1.08732,USD,0.00 USD,TAKER,7cab80e8-8030-4c44-ab64-b4bcc7c1b965,2025-03-13 09:45:00+00:00,2025-03-13 09:45:00+00:00,{},False
BACKTESTER-001,MovingAverageCrossover-MA_CROSS,EUR/USD.IDEALPRO,IDEALPRO-1-057,IDEALPRO-001,IDEALPRO-1-71969,EUR/USD.IDEALPRO-MovingAverageCrossover-MA_CROSS,SELL,MARKET,99999.99,1.08731,USD,2.17 USD,TAKER,0eb06d16-6035-4151-9b12-bc6ca18c8ef2,2025-03-13 09:45:00+00:00,2025-03-13 09:45:00+00:00,{},False
BACKTESTER-001,MovingAverageCrossover-MA_CROSS,EUR/USD.IDEALPRO,IDEALPRO-1-059,IDEALPRO-001,IDEALPRO-1-72180,EUR/USD.IDEALPRO-MovingAverageCrossover-MA_CROSS,BUY,LIMIT,0.01,1.08232,USD,0.00 USD,MAKER,f7434a94-a3f2-4bbf-95cb-d6a48e1a53f5,2025-03-13 13:15:00+00:00,2025-03-13 13:15:00+00:00,{},False
BACKTESTER-001,MovingAverageCrossover-MA_CROSS,EUR/USD.IDEALPRO,IDEALPRO-1-059,IDEALPRO-001,IDEALPRO-1-72181,EUR/USD.IDEALPRO-MovingAverageCrossover-MA_CROSS,BUY,LIMIT,99999.99,1.08232,USD,2.16 USD,MAKER,681940e5-d7a1-4b8a-b1fa-8ba328ff432a,2025-03-13 13:15:00+00:00,2025-03-13 13:15:00+00:00,{},False
BACKTESTER-001,MovingAverageCrossover-MA_CROSS,EUR/USD.IDEALPRO,IDEALPRO-1-060,IDEALPRO-001,IDEALPRO-1-73952,EUR/USD.IDEALPRO-MovingAverageCrossover-MA_CROSS,BUY,MARKET,0.01,1.08802,USD,0.00 USD,TAKER,f7696755-55a1-47c5-8ee2-e6eacb32d96d,2025-03-14 19:00:00+00:00,2025-03-14 19:00:00+00:00,{},False
BACKTESTER-001,MovingAverageCrossover-MA_CROSS,EUR/USD.IDEALPRO,IDEALPRO-1-060,IDEALPRO-001,IDEALPRO-1-73953,EUR/USD.IDEALPRO-MovingAverageCrossover-MA_CROSS,BUY,MARKET,99999.99,1.08803,USD,2.18 USD,TAKER,6d69242f-84d7-4515-a673-da58e28d7c02,2025-03-14 19:00:00+00:00,2025-03-14 19:00:00+00:00,{},False
BACKTESTER-001,MovingAverageCrossover-MA_CROSS,EUR/USD.IDEALPRO,IDEALPRO-1-062,IDEALPRO-001,IDEALPRO-1-76143,EUR/USD.IDEALPRO-MovingAverageCrossover-MA_CROSS,SELL,LIMIT,0.01,1.09302,USD,0.00 USD,MAKER,2e8d0694-3824-4ac9-b628-3e8ee3e73a50,2025-03-18 07:59:00+00:00,2025-03-18 07:59:00+00:00,{},False
BACKTESTER-001,MovingAverageCrossover-MA_CROSS,EUR/USD.IDEALPRO,IDEALPRO-1-062,IDEALPRO-001,IDEALPRO-1-76144,EUR/USD.IDEALPRO-MovingAverageCrossover-MA_CROSS,SELL,LIMIT,99999.99,1.09302,USD,2.19 USD,MAKER,cc455500-acf7-40ca-a213-85375f0c3454,2025-03-18 07:59:00+00:00,2025-03-18 07:59:00+00:00,{},False
BACKTESTER-001,MovingAverageCrossover-MA_CROSS,EUR/USD.IDEALPRO,IDEALPRO-1-063,IDEALPRO-001,IDEALPRO-1-77931,EUR/USD.IDEALPRO-MovingAverageCrossover-MA_CROSS,SELL,MARKET,0.01,1.08945,USD,0.00 USD,TAKER,fc625a35-d740-4d32-bd0b-76e0bd09ecb8,2025-03-19 14:00:00+00:00,2025-03-19 14:00:00+00:00,{},False
BACKTESTER-001,MovingAverageCrossover-MA_CROSS,EUR/USD.IDEALPRO,IDEALPRO-1-063,IDEALPRO-001,IDEALPRO-1-77932,EUR/USD.IDEALPRO-MovingAverageCrossover-MA_CROSS,SELL,MARKET,99999.99,1.08944,USD,2.18 USD,TAKER,b8145270-3505-4b8e-a34f-adc50f1ff362,2025-03-19 14:00:00+00:00,2025-03-19 14:00:00+00:00,{},False
BACKTESTER-001,MovingAverageCrossover-MA_CROSS,EUR/USD.IDEALPRO,IDEALPRO-1-065,IDEALPRO-001,IDEALPRO-1-79084,EUR/USD.IDEALPRO-MovingAverageCrossover-MA_CROSS,BUY,LIMIT,0.01,1.08445,USD,0.00 USD,MAKER,ecea8eb3-4b2e-422c-9489-a31009fd72ad,2025-03-20 09:26:00+00:00,2025-03-20 09:26:00+00:00,{},False
BACKTESTER-001,MovingAverageCrossover-MA_CROSS,EUR/USD.IDEALPRO,IDEALPRO-1-065,IDEALPRO-001,IDEALPRO-1-79085,EUR/USD.IDEALPRO-MovingAverageCrossover-MA_CROSS,BUY,LIMIT,99999.99,1.08445,USD,2.17 USD,MAKER,e7661eec-2585-4ec6-88ee-3a0ff48b71c2,2025-03-20 09:26:00+00:00,2025-03-20 09:26:00+00:00,{},False
BACKTESTER-001,MovingAverageCrossover-MA_CROSS,EUR/USD.IDEALPRO,IDEALPRO-1-066,IDEALPRO-001,IDEALPRO-1-86830,EUR/USD.IDEALPRO-MovingAverageCrossover-MA_CROSS,BUY,MARKET,0.01,1.07987,USD,0.00 USD,TAKER,d99dda6f-e972-4860-9420-00b8972ac91b,2025-03-27 19:45:00+00:00,2025-03-27 19:45:00+00:00,{},False
BACKTESTER-001,MovingAverageCrossover-MA_CROSS,EUR/USD.IDEALPRO,IDEALPRO-1-066,IDEALPRO-001,IDEALPRO-1-86831,EUR/USD.IDEALPRO-MovingAverageCrossover-MA_CROSS,BUY,MARKET,99999.99,1.07988,USD,2.16 USD,TAKER,06d4517d-244d-4278-a79c-e055db9b3d71,2025-03-27 19:45:00+00:00,2025-03-27 19:45:00+00:00,{},False
BACKTESTER-001,MovingAverageCrossover-MA_CROSS,EUR/USD.IDEALPRO,IDEALPRO-1-068,IDEALPRO-001,IDEALPRO-1-88925,EUR/USD.IDEALPRO-MovingAverageCrossover-MA_CROSS,SELL,LIMIT,0.01,1.08487,USD,0.00 USD,MAKER,aef53809-74fd-426d-8ca1-7453459524ef,2025-03-31 07:08:00+00:00,2025-03-31 07:08:00+00:00,{},False
BACKTESTER-001,MovingAverageCrossover-MA_CROSS,EUR/USD.IDEALPRO,IDEALPRO-1-068,IDEALPRO-001,IDEALPRO-1-88926,EUR/USD.IDEALPRO-MovingAverageCrossover-MA_CROSS,SELL,LIMIT,99999.99,1.08487,USD,2.17 USD,MAKER,73297ed8-3043-45b2-bb10-3b3ca20470e2,2025-03-31 07:08:00+00:00,2025-03-31 07:08:00+00:00,{},False
BACKTESTER-001,MovingAverageCrossover-MA_CROSS,EUR/USD.IDEALPRO,IDEALPRO-1-069,IDEALPRO-001,IDEALPRO-1-90719,EUR/USD.IDEALPRO-MovingAverageCrossover-MA_CROSS,SELL,MARKET,0.01,1.07848,USD,0.00 USD,TAKER,92eb5caf-0f4f-47ed-ae3c-61097c9e42d4,2025-04-01 13:15:00+00:00,2025-04-01 13:15:00+00:00,{},False
BACKTESTER-001,MovingAverageCrossover-MA_CROSS,EUR/USD.IDEALPRO,IDEALPRO-1-069,IDEALPRO-001,IDEALPRO-1-90720,EUR/USD.IDEALPRO-MovingAverageCrossover-MA_CROSS,SELL,MARKET,99999.99,1.07847,USD,2.16 USD,TAKER,9b63b05d-5955-4455-b6e3-100f40a6a5d7,2025-04-01 13:15:00+00:00,2025-04-01 13:15:00+00:00,{},False
BACKTESTER-001,MovingAverageCrossover-MA_CROSS,EUR/USD.IDEALPRO,IDEALPRO-1-070,IDEALPRO-001,IDEALPRO-1-92132,EUR/USD.IDEALPRO-MovingAverageCrossover-MA_CROSS,BUY,STOP_MARKET,0.01,1.08198,USD,0.00 USD,TAKER,64d55337-ba16-4a15-8d44-f0b91f5e4f78,2025-04-02 13:01:00+00:00,2025-04-02 13:01:00+00:00,{},False
BACKTESTER-001,MovingAverageCrossover-MA_CROSS,EUR/USD.IDEALPRO,IDEALPRO-1-070,IDEALPRO-001,IDEALPRO-1-92133,EUR/USD.IDEALPRO-MovingAverageCrossover-MA_CROSS,BUY,STOP_MARKET,99999.99,1.08199,USD,2.16 USD,TAKER,4d68a392-1829-4e34-9698-8910e7e397d5,2025-04-02 13:01:00+00:00,2025-04-02 13:01:00+00:00,{},False
BACKTESTER-001,MovingAverageCrossover-MA_CROSS,EUR/USD.IDEALPRO,IDEALPRO-1-072,IDEALPRO-001,IDEALPRO-1-92403,EUR/USD.IDEALPRO-MovingAverageCrossover-MA_CROSS,BUY,MARKET,0.01,1.08558,USD,0.00 USD,TAKER,f19c170b-b9c0-4357-999b-d41b912ed07c,2025-04-02 17:30:00+00:00,2025-04-02 17:30:00+00:00,{},False
BACKTESTER-001,MovingAverageCrossover-MA_CROSS,EUR/USD.IDEALPRO,IDEALPRO-1-072,IDEALPRO-001,IDEALPRO-1-92404,EUR/USD.IDEALPRO-MovingAverageCrossover-MA_CROSS,BUY,MARKET,99999.99,1.08559,USD,2.17 USD,TAKER,5dc13cfe-7b42-4e35-b68c-566d0c06cb7c,2025-04-02 17:30:00+00:00,2025-04-02 17:30:00+00:00,{},False
BACKTESTER-001,MovingAverageCrossover-MA_CROSS,EUR/USD.IDEALPRO,IDEALPRO-1-074,IDEALPRO-001,IDEALPRO-1-92573,EUR/USD.IDEALPRO-MovingAverageCrossover-MA_CROSS,SELL,LIMIT,0.01,1.09058,USD,0.00 USD,MAKER,72f96cd8-712f-4484-ac09-5640a26dbff8,2025-04-02 20:18:00+00:00,2025-04-02 20:18:00+00:00,{},False
BACKTESTER-001,MovingAverageCrossover-MA_CROSS,EUR/USD.IDEALPRO,IDEALPRO-1-074,IDEALPRO-001,IDEALPRO-1-92574,EUR/USD.IDEALPRO-MovingAverageCrossover-MA_CROSS,SELL,LIMIT,99999.99,1.09058,USD,2.18 USD,MAKER,53744382-4dde-4e9f-97e1-a450c164275c,2025-04-02 20:18:00+00:00,2025-04-02 20:18:00+00:00,{},False
BACKTESTER-001,MovingAverageCrossover-MA_CROSS,EUR/USD.IDEALPRO,IDEALPRO-1-075,IDEALPRO-001,IDEALPRO-1-95752,EUR/USD.IDEALPRO-MovingAverageCrossover-MA_CROSS,SELL,MARKET,0.01,1.09679,USD,0.00 USD,TAKER,1dfa6813-a6a2-4043-a2af-ce152339fbb3,2025-04-07 02:00:00+00:00,2025-04-07 02:00:00+00:00,{},False
BACKTESTER-001,MovingAverageCrossover-MA_CROSS,EUR/USD.IDEALPRO,IDEALPRO-1-075,IDEALPRO-001,IDEALPRO-1-95753,EUR/USD.IDEALPRO-MovingAverageCrossover-MA_CROSS,SELL,MARKET,99999.99,1.09678,USD,2.19 USD,TAKER,14328eae-d6b2-4f5a-90b5-52860e747749,2025-04-07 02:00:00+00:00,2025-04-07 02:00:00+00:00,{},False
BACKTESTER-001,MovingAverageCrossover-MA_CROSS,EUR/USD.IDEALPRO,IDEALPRO-1-076,IDEALPRO-001,IDEALPRO-1-95988,EUR/USD.IDEALPRO-MovingAverageCrossover-MA_CROSS,BUY,STOP_MARKET,0.01,1.10029,USD,0.00 USD,TAKER,7188f527-5556-4888-b8ba-aebad26c9d04,2025-04-07 05:54:00+00:00,2025-04-07 05:54:00+00:00,{},False
BACKTESTER-001,MovingAverageCrossover-MA_CROSS,EUR/USD.IDEALPRO,IDEALPRO-1-076,IDEALPRO-001,IDEALPRO-1-95989,EUR/USD.IDEALPRO-MovingAverageCrossover-MA_CROSS,BUY,STOP_MARKET,99999.99,1.10030,USD,2.20 USD,TAKER,b79e7981-4fd4-41b1-a509-df3a203c02d1,2025-04-07 05:54:00+00:00,2025-04-07 05:54:00+00:00,{},False
BACKTESTER-001,MovingAverageCrossover-MA_CROSS,EUR/USD.IDEALPRO,IDEALPRO-1-078,IDEALPRO-001,IDEALPRO-1-98681,EUR/USD.IDEALPRO-MovingAverageCrossover-MA_CROSS,BUY,MARKET,0.01,1.10225,USD,0.00 USD,TAKER,04d0b16d-5675-4ab4-9c54-f24e0ed1f972,2025-04-09 03:15:00+00:00,2025-04-09 03:15:00+00:00,{},False
BACKTESTER-001,MovingAverageCrossover-MA_CROSS,EUR/USD.IDEALPRO,IDEALPRO-1-078,IDEALPRO-001,IDEALPRO-1-98682,EUR/USD.IDEALPRO-MovingAverageCrossover-MA_CROSS,BUY,MARKET,99999.99,1.10226,USD,2.20 USD,TAKER,a4991dbc-0cb8-4e18-b5f9-0ed1c2a9d270,2025-04-09 03:15:00+00:00,2025-04-09 03:15:00+00:00,{},False
BACKTESTER-001,MovingAverageCrossover-MA_CROSS,EUR/USD.IDEALPRO,IDEALPRO-1-080,IDEALPRO-001,IDEALPRO-1-98902,EUR/USD.IDEALPRO-MovingAverageCrossover-MA_CROSS,SELL,LIMIT,0.01,1.10725,USD,0.00 USD,MAKER,e7751320-02e4-4959-a7ff-bcb095995adc,2025-04-09 06:54:00+00:00,2025-04-09 06:54:00+00:00,{},False
BACKTESTER-001,MovingAverageCrossover-MA_CROSS,EUR/USD.IDEALPRO,IDEALPRO-1-080,IDEALPRO-001,IDEALPRO-1-98903,EUR/USD.IDEALPRO-MovingAverageCrossover-MA_CROSS,SELL,LIMIT,99999.99,1.10725,USD,2.21 USD,MAKER,68343d07-df76-416d-99ac-56e66b793fd2,2025-04-09 06:54:00+00:00,2025-04-09 06:54:00+00:00,{},False
BACKTESTER-001,MovingAverageCrossover-MA_CROSS,EUR/USD.IDEALPRO,IDEALPRO-1-081,IDEALPRO-001,IDEALPRO-1-100050,EUR/USD.IDEALPRO-MovingAverageCrossover-MA_CROSS,SELL,MARKET,0.01,1.09629,USD,0.00 USD,TAKER,6c1fce77-ad32-4a62-816e-3fa4756aebb6,2025-04-10 02:15:00+00:00,2025-04-10 02:15:00+00:00,{},False
BACKTESTER-001,MovingAverageCrossover-MA_CROSS,EUR/USD.IDEALPRO,IDEALPRO-1-081,IDEALPRO-001,IDEALPRO-1-100051,EUR/USD.IDEALPRO-MovingAverageCrossover-MA_CROSS,SELL,MARKET,99999.99,1.09628,USD,2.19 USD,TAKER,33637ecb-b8d3-421b-9ee5-a5e5abcec575,2025-04-10 02:15:00+00:00,2025-04-10 02:15:00+00:00,{},False
BACKTESTER-001,MovingAverageCrossover-MA_CROSS,EUR/USD.IDEALPRO,IDEALPRO-1-082,IDEALPRO-001,IDEALPRO-1-100370,EUR/USD.IDEALPRO-MovingAverageCrossover-MA_CROSS,BUY,STOP_MARKET,0.01,1.09979,USD,0.00 USD,TAKER,d9fe4642-efdc-4018-b6f2-1513745cccaa,2025-04-10 07:33:00+00:00,2025-04-10 07:33:00+00:00,{},False
BACKTESTER-001,MovingAverageCrossover-MA_CROSS,EUR/USD.IDEALPRO,IDEALPRO-1-082,IDEALPRO-001,IDEALPRO-1-100371,EUR/USD.IDEALPRO-MovingAverageCrossover-MA_CROSS,BUY,STOP_MARKET,99999.99,1.09980,USD,2.20 USD,TAKER,d5b6c211-0696-4597-9ca4-fc6c0f2be244,2025-04-10 07:33:00+00:00,2025-04-10 07:33:00+00:00,{},False
BACKTESTER-001,MovingAverageCrossover-MA_CROSS,EUR/USD.IDEALPRO,IDEALPRO-1-084,IDEALPRO-001,IDEALPRO-1-100399,EUR/USD.IDEALPRO-MovingAverageCrossover-MA_CROSS,BUY,MARKET,0.01,1.10265,USD,0.00 USD,TAKER,44570651-04bb-484e-bab8-48397e9d603b,2025-04-10 08:00:00+00:00,2025-04-10 08:00:00+00:00,{},False
BACKTESTER-001,MovingAverageCrossover-MA_CROSS,EUR/USD.IDEALPRO,IDEALPRO-1-084,IDEALPRO-001,IDEALPRO-1-100400,EUR/USD.IDEALPRO-MovingAverageCrossover-MA_CROSS,BUY,MARKET,99999.99,1.10266,USD,2.21 USD,TAKER,a747f5bd-6d5f-42fe-be34-2fee86456dfc,2025-04-10 08:00:00+00:00,2025-04-10 08:00:00+00:00,{},False
BACKTESTER-001,MovingAverageCrossover-MA_CROSS,EUR/USD.IDEALPRO,IDEALPRO-1-086,IDEALPRO-001,IDEALPRO-1-100559,EUR/USD.IDEALPRO-MovingAverageCrossover-MA_CROSS,SELL,LIMIT,0.01,1.10765,USD,0.00 USD,MAKER,befd1f13-447e-4726-9083-b60a2ece7914,2025-04-10 10:38:00+00:00,2025-04-10 10:38:00+00:00,{},False
BACKTESTER-001,MovingAverageCrossover-MA_CROSS,EUR/USD.IDEALPRO,IDEALPRO-1-086,IDEALPRO-001,IDEALPRO-1-100560,EUR/USD.IDEALPRO-MovingAverageCrossover-MA_CROSS,SELL,LIMIT,99999.99,1.10765,USD,2.22 USD,MAKER,bc0c2581-e94e-4b47-8a85-19bb7275ba44,2025-04-10 10:38:00+00:00,2025-04-10 10:38:00+00:00,{},False
BACKTESTER-001,MovingAverageCrossover-MA_CROSS,EUR/USD.IDEALPRO,IDEALPRO-1-087,IDEALPRO-001,IDEALPRO-1-105128,EUR/USD.IDEALPRO-MovingAverageCrossover-MA_CROSS,SELL,MARKET,0.01,1.13088,USD,0.00 USD,TAKER,314f913f-16ba-4ff2-97c7-ddf342ddba2e,2025-04-15 15:30:00+00:00,2025-04-15 15:30:00+00:00,{},False
BACKTESTER-001,MovingAverageCrossover-MA_CROSS,EUR/USD.IDEALPRO,IDEALPRO-1-087,IDEALPRO-001,IDEALPRO-1-105129,EUR/USD.IDEALPRO-MovingAverageCrossover-MA_CROSS,SELL,MARKET,99999.99,1.13087,USD,2.26 USD,TAKER,c7ec0020-96ce-49d8-bc36-b8c168ef88cf,2025-04-15 15:30:00+00:00,2025-04-15 15:30:00+00:00,{},False
BACKTESTER-001,MovingAverageCrossover-MA_CROSS,EUR/USD.IDEALPRO,IDEALPRO-1-088,IDEALPRO-001,IDEALPRO-1-105866,EUR/USD.IDEALPRO-MovingAverageCrossover-MA_CROSS,BUY,STOP_MARKET,0.01,1.13438,USD,0.00 USD,TAKER,b8f82d43-bed4-454b-afa9-53c3de444d1c,2025-04-16 04:01:00+00:00,2025-04-16 04:01:00+00:00,{},False
BACKTESTER-001,MovingAverageCrossover-MA_CROSS,EUR/USD.IDEALPRO,IDEALPRO-1-088,IDEALPRO-001,IDEALPRO-1-105867,EUR/USD.IDEALPRO-MovingAverageCrossover-MA_CROSS,BUY,STOP_MARKET,99999.99,1.13439,USD,2.27 USD,TAKER,c0bc2a8a-692c-4a72-89e4-cea01a280742,2025-04-16 04:01:00+00:00,2025-04-16 04:01:00+00:00,{},False
BACKTESTER-001,MovingAverageCrossover-MA_CROSS,EUR/USD.IDEALPRO,IDEALPRO-1-090,IDEALPRO-001,IDEALPRO-1-106197,EUR/USD.IDEALPRO-MovingAverageCrossover-MA_CROSS,BUY,MARKET,0.01,1.13671,USD,0.00 USD,TAKER,f08c730a-a685-4ecb-a84d-96b8a4854e4f,2025-04-16 09:30:00+00:00,2025-04-16 09:30:00+00:00,{},False
BACKTESTER-001,MovingAverageCrossover-MA_CROSS,EUR/USD.IDEALPRO,IDEALPRO-1-090,IDEALPRO-001,IDEALPRO-1-106198,EUR/USD.IDEALPRO-MovingAverageCrossover-MA_CROSS,BUY,MARKET,99999.99,1.13672,USD,2.27 USD,TAKER,45494a38-d156-42a6-8ef0-fca88da01286,2025-04-16 09:30:00+00:00,2025-04-16 09:30:00+00:00,{},False
BACKTESTER-001,MovingAverageCrossover-MA_CROSS,EUR/USD.IDEALPRO,IDEALPRO-1-092,IDEALPRO-001,IDEALPRO-1-109740,EUR/USD.IDEALPRO-MovingAverageCrossover-MA_CROSS,SELL,LIMIT,0.01,1.14171,USD,0.00 USD,MAKER,ae42979f-ab40-45e6-822e-5b5c28b9bcc5,2025-04-21 00:01:00+00:00,2025-04-21 00:01:00+00:00,{},False
BACKTESTER-001,MovingAverageCrossover-MA_CROSS,EUR/USD.IDEALPRO,IDEALPRO-1-092,IDEALPRO-001,IDEALPRO-1-109741,EUR/USD.IDEALPRO-MovingAverageCrossover-MA_CROSS,SELL,LIMIT,99999.99,1.14171,USD,2.28 USD,MAKER,44a1b349-4120-4e6d-ada2-8e733c0fac51,2025-04-21 00:01:00+00:00,2025-04-21 00:01:00+00:00,{},False
BACKTESTER-001,MovingAverageCrossover-MA_CROSS,EUR/USD.IDEALPRO,IDEALPRO-1-093,IDEALPRO-001,IDEALPRO-1-112411,EUR/USD.IDEALPRO-MovingAverageCrossover-MA_CROSS,SELL,MARKET,0.01,1.14184,USD,0.00 USD,TAKER,55599bd9-8b36-4c1f-9250-e10a1df292b7,2025-04-22 20:45:00+00:00,2025-04-22 20:45:00+00:00,{},False
BACKTESTER-001,MovingAverageCrossover-MA_CROSS,EUR/USD.IDEALPRO,IDEALPRO-1-093,IDEALPRO-001,IDEALPRO-1-112412,EUR/USD.IDEALPRO-MovingAverageCrossover-MA_CROSS,SELL,MARKET,99999.99,1.14183,USD,2.28 USD,TAKER,991980dc-8fbc-4e07-b352-ff26084f36e6,2025-04-22 20:45:00+00:00,2025-04-22 20:45:00+00:00,{},False
BACKTESTER-001,MovingAverageCrossover-MA_CROSS,EUR/USD.IDEALPRO,IDEALPRO-1-095,IDEALPRO-001,IDEALPRO-1-112470,EUR/USD.IDEALPRO-MovingAverageCrossover-MA_CROSS,BUY,LIMIT,0.01,1.13684,USD,0.00 USD,MAKER,acfd7e05-ae1b-48c4-9ebe-ea195517170b,2025-04-22 21:57:00+00:00,2025-04-22 21:57:00+00:00,{},False
BACKTESTER-001,MovingAverageCrossover-MA_CROSS,EUR/USD.IDEALPRO,IDEALPRO-1-095,IDEALPRO-001,IDEALPRO-1-112471,EUR/USD.IDEALPRO-MovingAverageCrossover-MA_CROSS,BUY,LIMIT,99999.99,1.13684,USD,2.27 USD,MAKER,95198ba1-49d9-4b60-b3b9-bb84cf82c408,2025-04-22 21:57:00+00:00,2025-04-22 21:57:00+00:00,{},False
BACKTESTER-001,MovingAverageCrossover-MA_CROSS,EUR/USD.IDEALPRO,IDEALPRO-1-096,IDEALPRO-001,IDEALPRO-1-116855,EUR/USD.IDEALPRO-MovingAverageCrossover-MA_CROSS,BUY,MARKET,0.01,1.13546,USD,0.00 USD,TAKER,f2e948b7-8145-4f02-aea2-e7607e06d290,2025-04-27 23:45:00+00:00,2025-04-27 23:45:00+00:00,{},False
BACKTESTER-001,MovingAverageCrossover-MA_CROSS,EUR/USD.IDEALPRO,IDEALPRO-1-096,IDEALPRO-001,IDEALPRO-1-116856,EUR/USD.IDEALPRO-MovingAverageCrossover-MA_CROSS,BUY,MARKET,99999.99,1.13547,USD,2.27 USD,TAKER,dd42c056-3925-4a11-81a2-46ff2fdc6c00,2025-04-27 23:45:00+00:00,2025-04-27 23:45:00+00:00,{},False
BACKTESTER-001,MovingAverageCrossover-MA_CROSS,EUR/USD.IDEALPRO,IDEALPRO-1-099,IDEALPRO-001,IDEALPRO-1-117097,EUR/USD.IDEALPRO-MovingAverageCrossover-MA_CROSS,SELL,MARKET,0.01,1.13552,USD,0.00 USD,TAKER,292b962f-3ba7-409b-96f9-b3d7155589ae,2025-04-28 03:45:00+00:00,2025-04-28 03:45:00+00:00,{},False
BACKTESTER-001,MovingAverageCrossover-MA_CROSS,EUR/USD.IDEALPRO,IDEALPRO-1-099,IDEALPRO-001,IDEALPRO-1-117098,EUR/USD.IDEALPRO-MovingAverageCrossover-MA_CROSS,SELL,MARKET,99999.99,1.13551,USD,2.27 USD,TAKER,93dbdeab-0c17-49f1-b9cf-4e7b481e2907,2025-04-28 03:45:00+00:00,2025-04-28 03:45:00+00:00,{},False
BACKTESTER-001,MovingAverageCrossover-MA_CROSS,EUR/USD.IDEALPRO,IDEALPRO-1-100,IDEALPRO-001,IDEALPRO-1-117894,EUR/USD.IDEALPRO-MovingAverageCrossover-MA_CROSS,BUY,MARKET,0.01,1.14116,USD,0.00 USD,TAKER,e8333441-771f-46b7-9b78-77dcc3f97b36,2025-04-28 17:00:00+00:00,2025-04-28 17:00:00+00:00,{},False
BACKTESTER-001,MovingAverageCrossover-MA_CROSS,EUR/USD.IDEALPRO,IDEALPRO-1-100,IDEALPRO-001,IDEALPRO-1-117895,EUR/USD.IDEALPRO-MovingAverageCrossover-MA_CROSS,BUY,MARKET,99999.99,1.14117,USD,2.28 USD,TAKER,bef15fa1-80ba-40e6-acff-afea2f34be72,2025-04-28 17:00:00+00:00,2025-04-28 17:00:00+00:00,{},False
BACKTESTER-001,MovingAverageCrossover-MA_CROSS,EUR/USD.IDEALPRO,IDEALPRO-1-101,IDEALPRO-001,IDEALPRO-1-118589,EUR/USD.IDEALPRO-MovingAverageCrossover-MA_CROSS,SELL,STOP_MARKET,0.01,1.13766,USD,0.00 USD,TAKER,54367fb8-a4bb-4d38-b6e3-989f092945ba,2025-04-29 04:48:00+00:00,2025-04-29 04:48:00+00:00,{},False
BACKTESTER-001,MovingAverageCrossover-MA_CROSS,EUR/USD.IDEALPRO,IDEALPRO-1-101,IDEALPRO-001,IDEALPRO-1-118590,EUR/USD.IDEALPRO-MovingAverageCrossover-MA_CROSS,SELL,STOP_MARKET,99999.99,1.13765,USD,2.28 USD,TAKER,7112f18a-c484-466b-b8e2-66ab28d44b37,2025-04-29 04:48:00+00:00,2025-04-29 04:48:00+00:00,{},False
BACKTESTER-001,MovingAverageCrossover-MA_CROSS,EUR/USD.IDEALPRO,IDEALPRO-1-103,IDEALPRO-001,IDEALPRO-1-120253,EUR/USD.IDEALPRO-MovingAverageCrossover-MA_CROSS,SELL,MARKET,0.01,1.13644,USD,0.00 USD,TAKER,e534860f-454a-445b-a96a-57d3d5c339e6,2025-04-30 08:45:00+00:00,2025-04-30 08:45:00+00:00,{},False
BACKTESTER-001,MovingAverageCrossover-MA_CROSS,EUR/USD.IDEALPRO,IDEALPRO-1-103,IDEALPRO-001,IDEALPRO-1-120254,EUR/USD.IDEALPRO-MovingAverageCrossover-MA_CROSS,SELL,MARKET,99999.99,1.13643,USD,2.27 USD,TAKER,3b016a39-a610-4b00-b12b-fcc76ebefaf2,2025-04-30 08:45:00+00:00,2025-04-30 08:45:00+00:00,{},False
BACKTESTER-001,MovingAverageCrossover-MA_CROSS,EUR/USD.IDEALPRO,IDEALPRO-1-105,IDEALPRO-001,IDEALPRO-1-121223,EUR/USD.IDEALPRO-MovingAverageCrossover-MA_CROSS,BUY,LIMIT,0.01,1.13144,USD,0.00 USD,MAKER,112e3462-91cc-4d02-a573-98a832dbad4a,2025-05-01 01:08:00+00:00,2025-05-01 01:08:00+00:00,{},False
BACKTESTER-001,MovingAverageCrossover-MA_CROSS,EUR/USD.IDEALPRO,IDEALPRO-1-105,IDEALPRO-001,IDEALPRO-1-121224,EUR/USD.IDEALPRO-MovingAverageCrossover-MA_CROSS,BUY,LIMIT,99999.99,1.13144,USD,2.26 USD,MAKER,9ddfa35d-8ffe-4a4c-b9e0-c17ccc71ba3f,2025-05-01 01:08:00+00:00,2025-05-01 01:08:00+00:00,{},False
BACKTESTER-001,MovingAverageCrossover-MA_CROSS,EUR/USD.IDEALPRO,IDEALPRO-1-106,IDEALPRO-001,IDEALPRO-1-124532,EUR/USD.IDEALPRO-MovingAverageCrossover-MA_CROSS,BUY,MARKET,0.01,1.13277,USD,0.00 USD,TAKER,b4a31e6a-6563-41da-bf72-36cedb39e742,2025-05-05 08:45:00+00:00,2025-05-05 08:45:00+00:00,{},False
BACKTESTER-001,MovingAverageCrossover-MA_CROSS,EUR/USD.IDEALPRO,IDEALPRO-1-106,IDEALPRO-001,IDEALPRO-1-124533,EUR/USD.IDEALPRO-MovingAverageCrossover-MA_CROSS,BUY,MARKET,99999.99,1.13278,USD,2.27 USD,TAKER,5617152b-b29a-415f-8a2f-f9fa47850159,2025-05-05 08:45:00+00:00,2025-05-05 08:45:00+00:00,{},False
BACKTESTER-001,MovingAverageCrossover-MA_CROSS,EUR/USD.IDEALPRO,IDEALPRO-1-107,IDEALPRO-001,IDEALPRO-1-125454,EUR/USD.IDEALPRO-MovingAverageCrossover-MA_CROSS,SELL,STOP_MARKET,0.01,1.12927,USD,0.00 USD,TAKER,f490c861-e2f1-431d-97e7-5e7abc815abb,2025-05-06 00:20:00+00:00,2025-05-06 00:20:00+00:00,{},False
BACKTESTER-001,MovingAverageCrossover-MA_CROSS,EUR/USD.IDEALPRO,IDEALPRO-1-107,IDEALPRO-001,IDEALPRO-1-125455,EUR/USD.IDEALPRO-MovingAverageCrossover-MA_CROSS,SELL,STOP_MARKET,99999.99,1.12926,USD,2.26 USD,TAKER,4e4beed1-9c2b-4024-aac2-89ef37e84363,2025-05-06 00:20:00+00:00,2025-05-06 00:20:00+00:00,{},False
BACKTESTER-001,MovingAverageCrossover-MA_CROSS,EUR/USD.IDEALPRO,IDEALPRO-1-109,IDEALPRO-001,IDEALPRO-1-125466,EUR/USD.IDEALPRO-MovingAverageCrossover-MA_CROSS,SELL,MARKET,0.01,1.12868,USD,0.00 USD,TAKER,b115d99d-533c-45a0-bef6-7563f4bbc6ee,2025-05-06 00:30:00+00:00,2025-05-06 00:30:00+00:00,{},False
BACKTESTER-001,MovingAverageCrossover-MA_CROSS,EUR/USD.IDEALPRO,IDEALPRO-1-109,IDEALPRO-001,IDEALPRO-1-125467,EUR/USD.IDEALPRO-MovingAverageCrossover-MA_CROSS,SELL,MARKET,99999.99,1.12867,USD,2.26 USD,TAKER,a17c6c62-49e2-4ce6-bb8d-960bbd32d1f7,2025-05-06 00:30:00+00:00,2025-05-06 00:30:00+00:00,{},False
BACKTESTER-001,MovingAverageCrossover-MA_CROSS,EUR/USD.IDEALPRO,IDEALPRO-1-110,IDEALPRO-001,IDEALPRO-1-125694,EUR/USD.IDEALPRO-MovingAverageCrossover-MA_CROSS,BUY,STOP_MARKET,0.01,1.13218,USD,0.00 USD,TAKER,72c9cc64-d523-475f-a601-9efce4e9570b,2025-05-06 04:16:00+00:00,2025-05-06 04:16:00+00:00,{},False
BACKTESTER-001,MovingAverageCrossover-MA_CROSS,EUR/USD.IDEALPRO,IDEALPRO-1-110,IDEALPRO-001,IDEALPRO-1-125695,EUR/USD.IDEALPRO-MovingAverageCrossover-MA_CROSS,BUY,STOP_MARKET,99999.99,1.13219,USD,2.26 USD,TAKER,12069ae1-acfb-41ce-92cd-f0d1d299eb5a,2025-05-06 04:16:00+00:00,2025-05-06 04:16:00+00:00,{},False
BACKTESTER-001,MovingAverageCrossover-MA_CROSS,EUR/USD.IDEALPRO,IDEALPRO-1-112,IDEALPRO-001,IDEALPRO-1-126115,EUR/USD.IDEALPRO-MovingAverageCrossover-MA_CROSS,BUY,MARKET,0.01,1.13267,USD,0.00 USD,TAKER,e57c233e-980e-4b4e-be69-379c7ba58221,2025-05-06 11:15:00+00:00,2025-05-06 11:15:00+00:00,{},False
BACKTESTER-001,MovingAverageCrossover-MA_CROSS,EUR/USD.IDEALPRO,IDEALPRO-1-112,IDEALPRO-001,IDEALPRO-1-126116,EUR/USD.IDEALPRO-MovingAverageCrossover-MA_CROSS,BUY,MARKET,99999.99,1.13268,USD,2.27 USD,TAKER,7c3d8867-651d-4921-a0cf-ea1ab1022265,2025-05-06 11:15:00+00:00,2025-05-06 11:15:00+00:00,{},False
BACKTESTER-001,MovingAverageCrossover-MA_CROSS,EUR/USD.IDEALPRO,IDEALPRO-1-114,IDEALPRO-001,IDEALPRO-1-126611,EUR/USD.IDEALPRO-MovingAverageCrossover-MA_CROSS,SELL,LIMIT,0.01,1.13767,USD,0.00 USD,MAKER,c6867f80-febf-4264-931e-52e8d5a0677e,2025-05-06 19:29:00+00:00,2025-05-06 19:29:00+00:00,{},False
BACKTESTER-001,MovingAverageCrossover-MA_CROSS,EUR/USD.IDEALPRO,IDEALPRO-1-114,IDEALPRO-001,IDEALPRO-1-126612,EUR/USD.IDEALPRO-MovingAverageCrossover-MA_CROSS,SELL,LIMIT,99999.99,1.13767,USD,2.28 USD,MAKER,f8a2c0c0-bd08-4d09-a95b-01c92c89b2e6,2025-05-06 19:29:00+00:00,2025-05-06 19:29:00+00:00,{},False
BACKTESTER-001,MovingAverageCrossover-MA_CROSS,EUR/USD.IDEALPRO,IDEALPRO-1-115,IDEALPRO-001,IDEALPRO-1-128294,EUR/USD.IDEALPRO-MovingAverageCrossover-MA_CROSS,SELL,MARKET,0.01,1.13030,USD,0.00 USD,TAKER,3e8acec3-8197-4a3e-8a80-d765dbcd9eed,2025-05-08 00:00:00+00:00,2025-05-08 00:00:00+00:00,{},False
BACKTESTER-001,MovingAverageCrossover-MA_CROSS,EUR/USD.IDEALPRO,IDEALPRO-1-115,IDEALPRO-001,IDEALPRO-1-128295,EUR/USD.IDEALPRO-MovingAverageCrossover-MA_CROSS,SELL,MARKET,99999.99,1.13029,USD,2.26 USD,TAKER,083c72cf-4794-44b8-8abe-120c0e08187d,2025-05-08 00:00:00+00:00,2025-05-08 00:00:00+00:00,{},False
BACKTESTER-001,MovingAverageCrossover-MA_CROSS,EUR/USD.IDEALPRO,IDEALPRO-1-117,IDEALPRO-001,IDEALPRO-1-129246,EUR/USD.IDEALPRO-MovingAverageCrossover-MA_CROSS,BUY,LIMIT,0.01,1.12530,USD,0.00 USD,MAKER,d8e83cb4-1513-4ddf-ae2f-cf43a5dfe764,2025-05-08 15:50:00+00:00,2025-05-08 15:50:00+00:00,{},False
BACKTESTER-001,MovingAverageCrossover-MA_CROSS,EUR/USD.IDEALPRO,IDEALPRO-1-117,IDEALPRO-001,IDEALPRO-1-129247,EUR/USD.IDEALPRO-MovingAverageCrossover-MA_CROSS,BUY,LIMIT,99999.99,1.12530,USD,2.25 USD,MAKER,f8c92ac2-323c-416c-b74f-57b6c585d522,2025-05-08 15:50:00+00:00,2025-05-08 15:50:00+00:00,{},False
BACKTESTER-001,MovingAverageCrossover-MA_CROSS,EUR/USD.IDEALPRO,IDEALPRO-1-118,IDEALPRO-001,IDEALPRO-1-134028,EUR/USD.IDEALPRO-MovingAverageCrossover-MA_CROSS,BUY,MARKET,0.01,1.11936,USD,0.00 USD,TAKER,e0f40d70-8288-4a24-b9ec-e9a0d4d96d6e,2025-05-14 00:30:00+00:00,2025-05-14 00:30:00+00:00,{},False
BACKTESTER-001,MovingAverageCrossover-MA_CROSS,EUR/USD.IDEALPRO,IDEALPRO-1-118,IDEALPRO-001,IDEALPRO-1-134029,EUR/USD.IDEALPRO-MovingAverageCrossover-MA_CROSS,BUY,MARKET,99999.99,1.11937,USD,2.24 USD,TAKER,06019c7b-bcaa-4bdb-8f40-a485ad4ddb98,2025-05-14 00:30:00+00:00,2025-05-14 00:30:00+00:00,{},False
BACKTESTER-001,MovingAverageCrossover-MA_CROSS,EUR/USD.IDEALPRO,IDEALPRO-1-120,IDEALPRO-001,IDEALPRO-1-134488,EUR/USD.IDEALPRO-MovingAverageCrossover-MA_CROSS,SELL,LIMIT,0.01,1.12436,USD,0.00 USD,MAKER,7765c77b-bd3e-49c7-b316-ed86f8547007,2025-05-14 08:08:00+00:00,2025-05-14 08:08:00+00:00,{},False
BACKTESTER-001,MovingAverageCrossover-MA_CROSS,EUR/USD.IDEALPRO,IDEALPRO-1-120,IDEALPRO-001,IDEALPRO-1-134489,EUR/USD.IDEALPRO-MovingAverageCrossover-MA_CROSS,SELL,LIMIT,99999.99,1.12436,USD,2.25 USD,MAKER,0f0ef191-0e29-430a-bd61-9abf32641625,2025-05-14 08:08:00+00:00,2025-05-14 08:08:00+00:00,{},False
BACKTESTER-001,MovingAverageCrossover-MA_CROSS,EUR/USD.IDEALPRO,IDEALPRO-1-121,IDEALPRO-001,IDEALPRO-1-137812,EUR/USD.IDEALPRO-MovingAverageCrossover-MA_CROSS,SELL,MARKET,0.01,1.11403,USD,0.00 USD,TAKER,8400c0bf-8476-49d1-892d-63d118b2465a,2025-05-16 16:00:00+00:00,2025-05-16 16:00:00+00:00,{},False
BACKTESTER-001,MovingAverageCrossover-MA_CROSS,EUR/USD.IDEALPRO,IDEALPRO-1-121,IDEALPRO-001,IDEALPRO-1-137813,EUR/USD.IDEALPRO-MovingAverageCrossover-MA_CROSS,SELL,MARKET,99999.99,1.11402,USD,2.23 USD,TAKER,88b3b21e-4010-4fc4-a696-fc096c3e3e8b,2025-05-16 16:00:00+00:00,2025-05-16 16:00:00+00:00,{},False
BACKTESTER-001,MovingAverageCrossover-MA_CROSS,EUR/USD.IDEALPRO,IDEALPRO-1-122,IDEALPRO-001,IDEALPRO-1-138115,EUR/USD.IDEALPRO-MovingAverageCrossover-MA_CROSS,BUY,STOP_MARKET,0.01,1.11753,USD,0.00 USD,TAKER,3f6b9d3b-01c6-4d8a-b7dd-bf47f8636165,2025-05-18 21:16:00+00:00,2025-05-18 21:16:00+00:00,{},False
BACKTESTER-001,MovingAverageCrossover-MA_CROSS,EUR/USD.IDEALPRO,IDEALPRO-1-122,IDEALPRO-001,IDEALPRO-1-138116,EUR/USD.IDEALPRO-MovingAverageCrossover-MA_CROSS,BUY,STOP_MARKET,99999.99,1.11754,USD,2.24 USD,TAKER,6526cb08-f547-4c54-95d6-73eb41262e19,2025-05-18 21:16:00+00:00,2025-05-18 21:16:00+00:00,{},False
BACKTESTER-001,MovingAverageCrossover-MA_CROSS,EUR/USD.IDEALPRO,IDEALPRO-1-124,IDEALPRO-001,IDEALPRO-1-138776,EUR/USD.IDEALPRO-MovingAverageCrossover-MA_CROSS,BUY,MARKET,0.01,1.12483,USD,0.00 USD,TAKER,a79a6ba2-8919-4155-ba30-e625832d8594,2025-05-19 08:15:00+00:00,2025-05-19 08:15:00+00:00,{},False
BACKTESTER-001,MovingAverageCrossover-MA_CROSS,EUR/USD.IDEALPRO,IDEALPRO-1-124,IDEALPRO-001,IDEALPRO-1-138777,EUR/USD.IDEALPRO-MovingAverageCrossover-MA_CROSS,BUY,MARKET,99999.99,1.12484,USD,2.25 USD,TAKER,ad8cce67-3d09-4d9d-960d-d9ae58a3b6df,2025-05-19 08:15:00+00:00,2025-05-19 08:15:00+00:00,{},False
BACKTESTER-001,MovingAverageCrossover-MA_CROSS,EUR/USD.IDEALPRO,IDEALPRO-1-126,IDEALPRO-001,IDEALPRO-1-141161,EUR/USD.IDEALPRO-MovingAverageCrossover-MA_CROSS,SELL,LIMIT,0.01,1.12983,USD,0.00 USD,MAKER,346be680-4c45-4ca1-830d-1cbe1225ff27,2025-05-21 00:28:00+00:00,2025-05-21 00:28:00+00:00,{},False
BACKTESTER-001,MovingAverageCrossover-MA_CROSS,EUR/USD.IDEALPRO,IDEALPRO-1-126,IDEALPRO-001,IDEALPRO-1-141165,EUR/USD.IDEALPRO-MovingAverageCrossover-MA_CROSS,SELL,LIMIT,0.01,1.12983,USD,0.00 USD,MAKER,fd56cbf7-1e04-463e-a944-d3e9defcbad1,2025-05-21 00:31:00+00:00,2025-05-21 00:31:00+00:00,{},False
BACKTESTER-001,MovingAverageCrossover-MA_CROSS,EUR/USD.IDEALPRO,IDEALPRO-1-126,IDEALPRO-001,IDEALPRO-1-141166,EUR/USD.IDEALPRO-MovingAverageCrossover-MA_CROSS,SELL,LIMIT,99999.98,1.12983,USD,2.26 USD,MAKER,0c790a5e-531f-488b-9194-73db5ea3ff8e,2025-05-21 00:31:00+00:00,2025-05-21 00:31:00+00:00,{},False
BACKTESTER-001,MovingAverageCrossover-MA_CROSS,EUR/USD.IDEALPRO,IDEALPRO-1-127,IDEALPRO-001,IDEALPRO-1-143626,EUR/USD.IDEALPRO-MovingAverageCrossover-MA_CROSS,SELL,MARKET,0.01,1.12614,USD,0.00 USD,TAKER,393defb5-0a91-45c4-b027-fe1b6b5b5cbf,2025-05-22 17:45:00+00:00,2025-05-22 17:45:00+00:00,{},False
BACKTESTER-001,MovingAverageCrossover-MA_CROSS,EUR/USD.IDEALPRO,IDEALPRO-1-127,IDEALPRO-001,IDEALPRO-1-143627,EUR/USD.IDEALPRO-MovingAverageCrossover-MA_CROSS,SELL,MARKET,99999.99,1.12613,USD,2.25 USD,TAKER,289e8553-334f-4d30-948e-41f62b40342c,2025-05-22 17:45:00+00:00,2025-05-22 17:45:00+00:00,{},False
BACKTESTER-001,MovingAverageCrossover-MA_CROSS,EUR/USD.IDEALPRO,IDEALPRO-1-128,IDEALPRO-001,IDEALPRO-1-144035,EUR/USD.IDEALPRO-MovingAverageCrossover-MA_CROSS,BUY,STOP_MARKET,0.01,1.12964,USD,0.00 USD,TAKER,b84fa79b-7310-4566-82d8-26d6abc2e430,2025-05-23 00:47:00+00:00,2025-05-23 00:47:00+00:00,{},False
BACKTESTER-001,MovingAverageCrossover-MA_CROSS,EUR/USD.IDEALPRO,IDEALPRO-1-128,IDEALPRO-001,IDEALPRO-1-144036,EUR/USD.IDEALPRO-MovingAverageCrossover-MA_CROSS,BUY,STOP_MARKET,99999.99,1.12965,USD,2.26 USD,TAKER,a8643915-0f71-4bed-8ffb-e59b540bda34,2025-05-23 00:47:00+00:00,2025-05-23 00:47:00+00:00,{},False
BACKTESTER-001,MovingAverageCrossover-MA_CROSS,EUR/USD.IDEALPRO,IDEALPRO-1-130,IDEALPRO-001,IDEALPRO-1-144485,EUR/USD.IDEALPRO-MovingAverageCrossover-MA_CROSS,BUY,MARKET,0.01,1.13441,USD,0.00 USD,TAKER,5eb39200-dbb9-496b-b933-83f723a172da,2025-05-23 08:15:00+00:00,2025-05-23 08:15:00+00:00,{},False
BACKTESTER-001,MovingAverageCrossover-MA_CROSS,EUR/USD.IDEALPRO,IDEALPRO-1-130,IDEALPRO-001,IDEALPRO-1-144486,EUR/USD.IDEALPRO-MovingAverageCrossover-MA_CROSS,BUY,MARKET,99999.99,1.13442,USD,2.27 USD,TAKER,afcd7fa7-4e8c-425b-8c51-bdcc044f8897,2025-05-23 08:15:00+00:00,2025-05-23 08:15:00+00:00,{},False
BACKTESTER-001,MovingAverageCrossover-MA_CROSS,EUR/USD.IDEALPRO,IDEALPRO-1-131,IDEALPRO-001,IDEALPRO-1-144705,EUR/USD.IDEALPRO-MovingAverageCrossover-MA_CROSS,SELL,STOP_MARKET,0.01,1.13091,USD,0.00 USD,TAKER,7ac485e0-3226-4066-8578-44b5165e5c55,2025-05-23 11:53:00+00:00,2025-05-23 11:53:00+00:00,{},False
BACKTESTER-001,MovingAverageCrossover-MA_CROSS,EUR/USD.IDEALPRO,IDEALPRO-1-131,IDEALPRO-001,IDEALPRO-1-144706,EUR/USD.IDEALPRO-MovingAverageCrossover-MA_CROSS,SELL,STOP_MARKET,99999.99,1.13090,USD,2.26 USD,TAKER,ad923f05-414f-482d-982a-c64e104a332a,2025-05-23 11:53:00+00:00,2025-05-23 11:53:00+00:00,{},False
BACKTESTER-001,MovingAverageCrossover-MA_CROSS,EUR/USD.IDEALPRO,IDEALPRO-1-133,IDEALPRO-001,IDEALPRO-1-147744,EUR/USD.IDEALPRO-MovingAverageCrossover-MA_CROSS,SELL,MARKET,0.01,1.13411,USD,0.00 USD,TAKER,b927c3f7-7fc1-4da7-b5ad-1e4f82557672,2025-05-27 15:00:00+00:00,2025-05-27 15:00:00+00:00,{},False
BACKTESTER-001,MovingAverageCrossover-MA_CROSS,EUR/USD.IDEALPRO,IDEALPRO-1-133,IDEALPRO-001,IDEALPRO-1-147745,EUR/USD.IDEALPRO-MovingAverageCrossover-MA_CROSS,SELL,MARKET,99999.99,1.13410,USD,2.27 USD,TAKER,35848b63-2183-4740-bd87-d167ca2c55dd,2025-05-27 15:00:00+00:00,2025-05-27 15:00:00+00:00,{},False
BACKTESTER-001,MovingAverageCrossover-MA_CROSS,EUR/USD.IDEALPRO,IDEALPRO-1-135,IDEALPRO-001,IDEALPRO-1-149189,EUR/USD.IDEALPRO-MovingAverageCrossover-MA_CROSS,BUY,LIMIT,0.01,1.12911,USD,0.00 USD,MAKER,d34b9390-2dd0-4fe2-9aab-4482c51f128e,2025-05-28 15:18:00+00:00,2025-05-28 15:18:00+00:00,{},False
BACKTESTER-001,MovingAverageCrossover-MA_CROSS,EUR/USD.IDEALPRO,IDEALPRO-1-135,IDEALPRO-001,IDEALPRO-1-149190,EUR/USD.IDEALPRO-MovingAverageCrossover-MA_CROSS,BUY,LIMIT,99999.99,1.12911,USD,2.26 USD,MAKER,5edf4cff-6bc4-4af0-81c5-16552e31bcb3,2025-05-28 15:18:00+00:00,2025-05-28 15:18:00+00:00,{},False
BACKTESTER-001,MovingAverageCrossover-MA_CROSS,EUR/USD.IDEALPRO,IDEALPRO-1-136,IDEALPRO-001,IDEALPRO-1-150793,EUR/USD.IDEALPRO-MovingAverageCrossover-MA_CROSS,BUY,MARKET,0.01,1.13827,USD,0.00 USD,TAKER,3ef06c88-550c-4420-aa06-8d5ff71d965b,2025-05-29 18:15:00+00:00,2025-05-29 18:15:00+00:00,{},False
BACKTESTER-001,MovingAverageCrossover-MA_CROSS,EUR/USD.IDEALPRO,IDEALPRO-1-136,IDEALPRO-001,IDEALPRO-1-150794,EUR/USD.IDEALPRO-MovingAverageCrossover-MA_CROSS,BUY,MARKET,99999.99,1.13828,USD,2.28 USD,TAKER,c81eaf21-4bf8-4d20-8481-1f1b59b23b83,2025-05-29 18:15:00+00:00,2025-05-29 18:15:00+00:00,{},False
BACKTESTER-001,MovingAverageCrossover-MA_CROSS,EUR/USD.IDEALPRO,IDEALPRO-1-137,IDEALPRO-001,IDEALPRO-1-151351,EUR/USD.IDEALPRO-MovingAverageCrossover-MA_CROSS,SELL,STOP_MARKET,0.01,1.13477,USD,0.00 USD,TAKER,a794664d-11cf-4329-a22f-01f6e13216a7,2025-05-30 03:46:00+00:00,2025-05-30 03:46:00+00:00,{},False
BACKTESTER-001,MovingAverageCrossover-MA_CROSS,EUR/USD.IDEALPRO,IDEALPRO-1-137,IDEALPRO-001,IDEALPRO-1-151352,EUR/USD.IDEALPRO-MovingAverageCrossover-MA_CROSS,SELL,STOP_MARKET,99999.99,1.13476,USD,2.27 USD,TAKER,0507a62b-dd30-4633-9a09-fedfdfe4f3ba,2025-05-30 03:46:00+00:00,2025-05-30 03:46:00+00:00,{},False
BACKTESTER-001,MovingAverageCrossover-MA_CROSS,EUR/USD.IDEALPRO,IDEALPRO-1-139,IDEALPRO-001,IDEALPRO-1-155147,EUR/USD.IDEALPRO-MovingAverageCrossover-MA_CROSS,SELL,MARKET,0.01,1.13723,USD,0.00 USD,TAKER,4370feba-93e7-47ff-bf51-e3e05912a384,2025-06-03 19:30:00+00:00,2025-06-03 19:30:00+00:00,{},False
BACKTESTER-001,MovingAverageCrossover-MA_CROSS,EUR/USD.IDEALPRO,IDEALPRO-1-139,IDEALPRO-001,IDEALPRO-1-155148,EUR/USD.IDEALPRO-MovingAverageCrossover-MA_CROSS,SELL,MARKET,99999.99,1.13722,USD,2.27 USD,TAKER,5239f028-25c5-4144-bd5e-3e09e8b9e529,2025-06-03 19:30:00+00:00,2025-06-03 19:30:00+00:00,{},False
BACKTESTER-001,MovingAverageCrossover-MA_CROSS,EUR/USD.IDEALPRO,IDEALPRO-1-140,IDEALPRO-001,IDEALPRO-1-156146,EUR/USD.IDEALPRO-MovingAverageCrossover-MA_CROSS,BUY,STOP_MARKET,0.01,1.14073,USD,0.00 USD,TAKER,ac6e70c1-4f94-41b0-9bc4-d746986b6a1d,2025-06-04 12:22:00+00:00,2025-06-04 12:22:00+00:00,{},False
BACKTESTER-001,MovingAverageCrossover-MA_CROSS,EUR/USD.IDEALPRO,IDEALPRO-1-140,IDEALPRO-001,IDEALPRO-1-156147,EUR/USD.IDEALPRO-MovingAverageCrossover-MA_CROSS,BUY,STOP_MARKET,99999.99,1.14074,USD,2.28 USD,TAKER,b1442f82-5c63-41a2-ae1a-11ee40108d44,2025-06-04 12:22:00+00:00,2025-06-04 12:22:00+00:00,{},False
BACKTESTER-001,MovingAverageCrossover-MA_CROSS,EUR/USD.IDEALPRO,IDEALPRO-1-142,IDEALPRO-001,IDEALPRO-1-156441,EUR/USD.IDEALPRO-MovingAverageCrossover-MA_CROSS,BUY,MARKET,0.01,1.14298,USD,0.00 USD,TAKER,de09051f-a9e0-42a5-a93e-9aebb402fdb1,2025-06-04 17:15:00+00:00,2025-06-04 17:15:00+00:00,{},False
BACKTESTER-001,MovingAverageCrossover-MA_CROSS,EUR/USD.IDEALPRO,IDEALPRO-1-142,IDEALPRO-001,IDEALPRO-1-156442,EUR/USD.IDEALPRO-MovingAverageCrossover-MA_CROSS,BUY,MARKET,99999.99,1.14299,USD,2.29 USD,TAKER,9bd64b1d-12c2-4f12-9013-3d9447bd19cc,2025-06-04 17:15:00+00:00,2025-06-04 17:15:00+00:00,{},False
BACKTESTER-001,MovingAverageCrossover-MA_CROSS,EUR/USD.IDEALPRO,IDEALPRO-1-144,IDEALPRO-001,IDEALPRO-1-157635,EUR/USD.IDEALPRO-MovingAverageCrossover-MA_CROSS,SELL,LIMIT,0.01,1.14798,USD,0.00 USD,MAKER,ce61aed1-f9d2-40ee-8efa-5a1ae5e813d2,2025-06-05 13:22:00+00:00,2025-06-05 13:22:00+00:00,{},False
BACKTESTER-001,MovingAverageCrossover-MA_CROSS,EUR/USD.IDEALPRO,IDEALPRO-1-144,IDEALPRO-001,IDEALPRO-1-157636,EUR/USD.IDEALPRO-MovingAverageCrossover-MA_CROSS,SELL,LIMIT,99999.99,1.14798,USD,2.30 USD,MAKER,e70d8c3c-5c57-44a1-a1a1-9221282d5586,2025-06-05 13:22:00+00:00,2025-06-05 13:22:00+00:00,{},False
BACKTESTER-001,MovingAverageCrossover-MA_CROSS,EUR/USD.IDEALPRO,IDEALPRO-1-145,IDEALPRO-001,IDEALPRO-1-159280,EUR/USD.IDEALPRO-MovingAverageCrossover-MA_CROSS,SELL,MARKET,0.01,1.13872,USD,0.00 USD,TAKER,e51e18bc-83a1-42b2-8511-1051e6e1c9f2,2025-06-06 17:00:00+00:00,2025-06-06 17:00:00+00:00,{},False
BACKTESTER-001,MovingAverageCrossover-MA_CROSS,EUR/USD.IDEALPRO,IDEALPRO-1-145,IDEALPRO-001,IDEALPRO-1-159281,EUR/USD.IDEALPRO-MovingAverageCrossover-MA_CROSS,SELL,MARKET,99999.99,1.13871,USD,2.28 USD,TAKER,b4ed1330-ebe0-4465-ba5c-db06cc1bb340,2025-06-06 17:00:00+00:00,2025-06-06 17:00:00+00:00,{},False
BACKTESTER-001,MovingAverageCrossover-MA_CROSS,EUR/USD.IDEALPRO,IDEALPRO-1-146,IDEALPRO-001,IDEALPRO-1-159817,EUR/USD.IDEALPRO-MovingAverageCrossover-MA_CROSS,BUY,STOP_MARKET,0.01,1.14222,USD,0.00 USD,TAKER,a0030f42-a470-4076-a4c8-46a96220de23,2025-06-09 02:10:00+00:00,2025-06-09 02:10:00+00:00,{},False
BACKTESTER-001,MovingAverageCrossover-MA_CROSS,EUR/USD.IDEALPRO,IDEALPRO-1-146,IDEALPRO-001,IDEALPRO-1-159818,EUR/USD.IDEALPRO-MovingAverageCrossover-MA_CROSS,BUY,STOP_MARKET,99999.99,1.14223,USD,2.28 USD,TAKER,7fb0ac68-e324-447d-a4d4-439151d5a87c,2025-06-09 02:10:00+00:00,2025-06-09 02:10:00+00:00,{},False
BACKTESTER-001,MovingAverageCrossover-MA_CROSS,EUR/USD.IDEALPRO,IDEALPRO-1-148,IDEALPRO-001,IDEALPRO-1-162194,EUR/USD.IDEALPRO-MovingAverageCrossover-MA_CROSS,BUY,MARKET,0.01,1.14230,USD,0.00 USD,TAKER,b504fe0c-205f-45e5-b56e-5494cbe828f7,2025-06-10 18:00:00+00:00,2025-06-10 18:00:00+00:00,{},False
BACKTESTER-001,MovingAverageCrossover-MA_CROSS,EUR/USD.IDEALPRO,IDEALPRO-1-148,IDEALPRO-001,IDEALPRO-1-162195,EUR/USD.IDEALPRO-MovingAverageCrossover-MA_CROSS,BUY,MARKET,99999.99,1.14231,USD,2.28 USD,TAKER,91bd3585-d575-4085-8b18-ce54e11f3608,2025-06-10 18:00:00+00:00,2025-06-10 18:00:00+00:00,{},False
BACKTESTER-001,MovingAverageCrossover-MA_CROSS,EUR/USD.IDEALPRO,IDEALPRO-1-150,IDEALPRO-001,IDEALPRO-1-163293,EUR/USD.IDEALPRO-MovingAverageCrossover-MA_CROSS,SELL,LIMIT,0.01,1.14730,USD,0.00 USD,MAKER,40c0dc50-e30a-4e3f-b241-8de2a87ab0ff,2025-06-11 12:32:00+00:00,2025-06-11 12:32:00+00:00,{},False
BACKTESTER-001,MovingAverageCrossover-MA_CROSS,EUR/USD.IDEALPRO,IDEALPRO-1-150,IDEALPRO-001,IDEALPRO-1-163294,EUR/USD.IDEALPRO-MovingAverageCrossover-MA_CROSS,SELL,LIMIT,99999.99,1.14730,USD,2.29 USD,MAKER,c09c1b38-1c94-447b-8aa8-d04e41b88035,2025-06-11 12:32:00+00:00,2025-06-11 12:32:00+00:00,{},False
BACKTESTER-001,MovingAverageCrossover-MA_CROSS,EUR/USD.IDEALPRO,IDEALPRO-1-151,IDEALPRO-001,IDEALPRO-1-168603,EUR/USD.IDEALPRO-MovingAverageCrossover-MA_CROSS,SELL,MARKET,0.01,1.15580,USD,0.00 USD,TAKER,617c3316-c129-4ea6-99b8-56c164bed121,2025-06-17 06:00:00+00:00,2025-06-17 06:00:00+00:00,{},False
BACKTESTER-001,MovingAverageCrossover-MA_CROSS,EUR/USD.IDEALPRO,IDEALPRO-1-151,IDEALPRO-001,IDEALPRO-1-168604,EUR/USD.IDEALPRO-MovingAverageCrossover-MA_CROSS,SELL,MARKET,99999.99,1.15579,USD,2.31 USD,TAKER,988b043f-05d2-4127-b17b-f1b390e03c83,2025-06-17 06:00:00+00:00,2025-06-17 06:00:00+00:00,{},False
BACKTESTER-001,MovingAverageCrossover-MA_CROSS,EUR/USD.IDEALPRO,IDEALPRO-1-154,IDEALPRO-001,IDEALPRO-1-168815,EUR/USD.IDEALPRO-MovingAverageCrossover-MA_CROSS,BUY,MARKET,0.01,1.15565,USD,0.00 USD,TAKER,561da010-3308-452a-8431-bc716931ddcb,2025-06-17 09:30:00+00:00,2025-06-17 09:30:00+00:00,{},False
BACKTESTER-001,MovingAverageCrossover-MA_CROSS,EUR/USD.IDEALPRO,IDEALPRO-1-154,IDEALPRO-001,IDEALPRO-1-168816,EUR/USD.IDEALPRO-MovingAverageCrossover-MA_CROSS,BUY,MARKET,99999.99,1.15566,USD,2.31 USD,TAKER,71e01021-82c0-4435-a1b9-c729d63cb85a,2025-06-17 09:30:00+00:00,2025-06-17 09:30:00+00:00,{},False
BACKTESTER-001,MovingAverageCrossover-MA_CROSS,EUR/USD.IDEALPRO,IDEALPRO-1-155,IDEALPRO-001,IDEALPRO-1-169252,EUR/USD.IDEALPRO-MovingAverageCrossover-MA_CROSS,SELL,MARKET,0.01,1.15206,USD,0.00 USD,TAKER,a10c9e7b-c3f1-4267-a94d-20cff029e5b6,2025-06-17 16:45:00+00:00,2025-06-17 16:45:00+00:00,{},False
BACKTESTER-001,MovingAverageCrossover-MA_CROSS,EUR/USD.IDEALPRO,IDEALPRO-1-155,IDEALPRO-001,IDEALPRO-1-169253,EUR/USD.IDEALPRO-MovingAverageCrossover-MA_CROSS,SELL,MARKET,99999.99,1.15205,USD,2.30 USD,TAKER,fa35c05e-519b-429d-8007-541393e3e798,2025-06-17 16:45:00+00:00,2025-06-17 16:45:00+00:00,{},False
BACKTESTER-001,MovingAverageCrossover-MA_CROSS,EUR/USD.IDEALPRO,IDEALPRO-1-157,IDEALPRO-001,IDEALPRO-1-170815,EUR/USD.IDEALPRO-MovingAverageCrossover-MA_CROSS,BUY,LIMIT,0.01,1.14706,USD,0.00 USD,MAKER,00d8ce1a-ca66-4548-88b2-ed78551d7616,2025-06-18 19:01:00+00:00,2025-06-18 19:01:00+00:00,{},False
BACKTESTER-001,MovingAverageCrossover-MA_CROSS,EUR/USD.IDEALPRO,IDEALPRO-1-157,IDEALPRO-001,IDEALPRO-1-170816,EUR/USD.IDEALPRO-MovingAverageCrossover-MA_CROSS,BUY,LIMIT,99999.99,1.14706,USD,2.29 USD,MAKER,090246e3-d308-47fe-95f1-b918129d4ad3,2025-06-18 19:01:00+00:00,2025-06-18 19:01:00+00:00,{},False
BACKTESTER-001,MovingAverageCrossover-MA_CROSS,EUR/USD.IDEALPRO,IDEALPRO-1-158,IDEALPRO-001,IDEALPRO-1-172721,EUR/USD.IDEALPRO-MovingAverageCrossover-MA_CROSS,BUY,MARKET,0.01,1.15230,USD,0.00 USD,TAKER,3449ec81-178a-4829-b3a6-721bd5c22a15,2025-06-20 03:15:00+00:00,2025-06-20 03:15:00+00:00,{},False
BACKTESTER-001,MovingAverageCrossover-MA_CROSS,EUR/USD.IDEALPRO,IDEALPRO-1-158,IDEALPRO-001,IDEALPRO-1-172722,EUR/USD.IDEALPRO-MovingAverageCrossover-MA_CROSS,BUY,MARKET,99999.99,1.15231,USD,2.30 USD,TAKER,070f9fc7-d06a-4a93-bc9b-dc4224ed1fca,2025-06-20 03:15:00+00:00,2025-06-20 03:15:00+00:00,{},False
BACKTESTER-001,MovingAverageCrossover-MA_CROSS,EUR/USD.IDEALPRO,IDEALPRO-1-159,IDEALPRO-001,IDEALPRO-1-173789,EUR/USD.IDEALPRO-MovingAverageCrossover-MA_CROSS,SELL,STOP_MARKET,0.01,1.14880,USD,0.00 USD,TAKER,e1fc732f-18c1-4220-8cd2-0fd8c8899f2e,2025-06-22 21:16:00+00:00,2025-06-22 21:16:00+00:00,{},False
BACKTESTER-001,MovingAverageCrossover-MA_CROSS,EUR/USD.IDEALPRO,IDEALPRO-1-159,IDEALPRO-001,IDEALPRO-1-173790,EUR/USD.IDEALPRO-MovingAverageCrossover-MA_CROSS,SELL,STOP_MARKET,99999.99,1.14879,USD,2.30 USD,TAKER,1200822d-41ed-4c32-9ee6-40ea08f202ea,2025-06-22 21:16:00+00:00,2025-06-22 21:16:00+00:00,{},False
BACKTESTER-001,MovingAverageCrossover-MA_CROSS,EUR/USD.IDEALPRO,IDEALPRO-1-161,IDEALPRO-001,IDEALPRO-1-174360,EUR/USD.IDEALPRO-MovingAverageCrossover-MA_CROSS,SELL,MARKET,0.01,1.15071,USD,0.00 USD,TAKER,71bae31d-c08e-4d1c-afc5-6a24026512c9,2025-06-23 06:45:00+00:00,2025-06-23 06:45:00+00:00,{},False
BACKTESTER-001,MovingAverageCrossover-MA_CROSS,EUR/USD.IDEALPRO,IDEALPRO-1-161,IDEALPRO-001,IDEALPRO-1-174361,EUR/USD.IDEALPRO-MovingAverageCrossover-MA_CROSS,SELL,MARKET,99999.99,1.15070,USD,2.30 USD,TAKER,71ebad13-4820-4fda-a616-ea6ffe05d0ab,2025-06-23 06:45:00+00:00,2025-06-23 06:45:00+00:00,{},False
BACKTESTER-001,MovingAverageCrossover-MA_CROSS,EUR/USD.IDEALPRO,IDEALPRO-1-163,IDEALPRO-001,IDEALPRO-1-174526,EUR/USD.IDEALPRO-MovingAverageCrossover-MA_CROSS,BUY,LIMIT,0.01,1.14571,USD,0.00 USD,MAKER,09e3decd-8c6e-40bd-b094-1b7406b8973d,2025-06-23 09:29:00+00:00,2025-06-23 09:29:00+00:00,{},False
BACKTESTER-001,MovingAverageCrossover-MA_CROSS,EUR/USD.IDEALPRO,IDEALPRO-1-163,IDEALPRO-001,IDEALPRO-1-174527,EUR/USD.IDEALPRO-MovingAverageCrossover-MA_CROSS,BUY,LIMIT,99999.99,1.14571,USD,2.29 USD,MAKER,4a22fd13-2ef1-43c1-8a43-1661f491cfb1,2025-06-23 09:29:00+00:00,2025-06-23 09:29:00+00:00,{},False
BACKTESTER-001,MovingAverageCrossover-MA_CROSS,EUR/USD.IDEALPRO,IDEALPRO-1-164,IDEALPRO-001,IDEALPRO-1-174994,EUR/USD.IDEALPRO-MovingAverageCrossover-MA_CROSS,BUY,MARKET,0.01,1.15467,USD,0.00 USD,TAKER,c0b47a43-51d2-45ef-afc5-2cad1acba4a9,2025-06-23 17:15:00+00:00,2025-06-23 17:15:00+00:00,{},False
BACKTESTER-001,MovingAverageCrossover-MA_CROSS,EUR/USD.IDEALPRO,IDEALPRO-1-164,IDEALPRO-001,IDEALPRO-1-174995,EUR/USD.IDEALPRO-MovingAverageCrossover-MA_CROSS,BUY,MARKET,99999.99,1.15468,USD,2.31 USD,TAKER,6f73ab6f-b781-4899-bdb2-ec55704c9e15,2025-06-23 17:15:00+00:00,2025-06-23 17:15:00+00:00,{},False
BACKTESTER-001,MovingAverageCrossover-MA_CROSS,EUR/USD.IDEALPRO,IDEALPRO-1-166,IDEALPRO-001,IDEALPRO-1-175287,EUR/USD.IDEALPRO-MovingAverageCrossover-MA_CROSS,SELL,LIMIT,0.01,1.15967,USD,0.00 USD,MAKER,907227cf-8755-471b-a0f4-f14df8c5d7c6,2025-06-23 22:21:00+00:00,2025-06-23 22:21:00+00:00,{},False
BACKTESTER-001,MovingAverageCrossover-MA_CROSS,EUR/USD.IDEALPRO,IDEALPRO-1-166,IDEALPRO-001,IDEALPRO-1-175288,EUR/USD.IDEALPRO-MovingAverageCrossover-MA_CROSS,SELL,LIMIT,99999.99,1.15967,USD,2.32 USD,MAKER,e681fa5c-e8a9-4e04-beee-3c090299eb9c,2025-06-23 22:21:00+00:00,2025-06-23 22:21:00+00:00,{},False
BACKTESTER-001,MovingAverageCrossover-MA_CROSS,EUR/USD.IDEALPRO,IDEALPRO-1-167,IDEALPRO-001,IDEALPRO-1-186218,EUR/USD.IDEALPRO-MovingAverageCrossover-MA_CROSS,SELL,MARKET,0.01,1.17612,USD,0.00 USD,TAKER,60927769-01f6-403c-8397-15133451fabe,2025-07-03 14:15:00+00:00,2025-07-03 14:15:00+00:00,{},False
BACKTESTER-001,MovingAverageCrossover-MA_CROSS,EUR/USD.IDEALPRO,IDEALPRO-1-167,IDEALPRO-001,IDEALPRO-1-186219,EUR/USD.IDEALPRO-MovingAverageCrossover-MA_CROSS,SELL,MARKET,99999.99,1.17611,USD,2.35 USD,TAKER,896464f6-f714-4660-9031-c7e9c95625f4,2025-07-03 14:15:00+00:00,2025-07-03 14:15:00+00:00,{},False
BACKTESTER-001,MovingAverageCrossover-MA_CROSS,EUR/USD.IDEALPRO,IDEALPRO-1-169,IDEALPRO-001,IDEALPRO-1-189199,EUR/USD.IDEALPRO-MovingAverageCrossover-MA_CROSS,BUY,LIMIT,0.01,1.17112,USD,0.00 USD,MAKER,f66dddb4-2f54-418d-94b5-ec8ed6e89aa3,2025-07-07 16:24:00+00:00,2025-07-07 16:24:00+00:00,{},False
BACKTESTER-001,MovingAverageCrossover-MA_CROSS,EUR/USD.IDEALPRO,IDEALPRO-1-169,IDEALPRO-001,IDEALPRO-1-189200,EUR/USD.IDEALPRO-MovingAverageCrossover-MA_CROSS,BUY,LIMIT,99999.99,1.17112,USD,2.34 USD,MAKER,76ee183d-7647-4b88-91be-ed5373a93f2a,2025-07-07 16:24:00+00:00,2025-07-07 16:24:00+00:00,{},False
BACKTESTER-001,MovingAverageCrossover-MA_CROSS,EUR/USD.IDEALPRO,IDEALPRO-1-170,IDEALPRO-001,IDEALPRO-1-192822,EUR/USD.IDEALPRO-MovingAverageCrossover-MA_CROSS,BUY,MARKET,0.01,1.17375,USD,0.00 USD,TAKER,3b2efb25-2b59-4116-833b-e4d6ae5a3cb1,2025-07-10 05:30:00+00:00,2025-07-10 05:30:00+00:00,{},False
BACKTESTER-001,MovingAverageCrossover-MA_CROSS,EUR/USD.IDEALPRO,IDEALPRO-1-170,IDEALPRO-001,IDEALPRO-1-192823,EUR/USD.IDEALPRO-MovingAverageCrossover-MA_CROSS,BUY,MARKET,99999.99,1.17376,USD,2.35 USD,TAKER,d0be75b5-2152-4ea2-8efd-5e96ba154342,2025-07-10 05:30:00+00:00,2025-07-10 05:30:00+00:00,{},False
BACKTESTER-001,MovingAverageCrossover-MA_CROSS,EUR/USD.IDEALPRO,IDEALPRO-1-171,IDEALPRO-001,IDEALPRO-1-193245,EUR/USD.IDEALPRO-MovingAverageCrossover-MA_CROSS,SELL,STOP_MARKET,0.01,1.17025,USD,0.00 USD,TAKER,e934144f-8659-4e8e-a410-9da92be34143,2025-07-10 12:31:00+00:00,2025-07-10 12:31:00+00:00,{},False
BACKTESTER-001,MovingAverageCrossover-MA_CROSS,EUR/USD.IDEALPRO,IDEALPRO-1-171,IDEALPRO-001,IDEALPRO-1-193246,EUR/USD.IDEALPRO-MovingAverageCrossover-MA_CROSS,SELL,STOP_MARKET,99999.99,1.17024,USD,2.34 USD,TAKER,a709c184-3d5d-4f8b-9ccb-8e4b979260b9,2025-07-10 12:31:00+00:00,2025-07-10 12:31:00+00:00,{},False
BACKTESTER-001,MovingAverageCrossover-MA_CROSS,EUR/USD.IDEALPRO,IDEALPRO-1-173,IDEALPRO-001,IDEALPRO-1-193501,EUR/USD.IDEALPRO-MovingAverageCrossover-MA_CROSS,SELL,MARKET,0.01,1.16840,USD,0.00 USD,TAKER,3cf03258-b7e4-4cbd-b2cb-d76421ef0f24,2025-07-10 16:45:00+00:00,2025-07-10 16:45:00+00:00,{},False
BACKTESTER-001,MovingAverageCrossover-MA_CROSS,EUR/USD.IDEALPRO,IDEALPRO-1-173,IDEALPRO-001,IDEALPRO-1-193502,EUR/USD.IDEALPRO-MovingAverageCrossover-MA_CROSS,SELL,MARKET,99999.99,1.16839,USD,2.34 USD,TAKER,f821b9e3-c6d2-41ee-bde3-5f198864a7e7,2025-07-10 16:45:00+00:00,2025-07-10 16:45:00+00:00,{},False
BACKTESTER-001,MovingAverageCrossover-MA_CROSS,EUR/USD.IDEALPRO,IDEALPRO-1-175,IDEALPRO-001,IDEALPRO-1-197615,EUR/USD.IDEALPRO-MovingAverageCrossover-MA_CROSS,BUY,LIMIT,0.01,1.16340,USD,0.00 USD,MAKER,5e41f6c3-8977-4354-9a1e-fadb55a5fc26,2025-07-15 14:02:00+00:00,2025-07-15 14:02:00+00:00,{},False
BACKTESTER-001,MovingAverageCrossover-MA_CROSS,EUR/USD.IDEALPRO,IDEALPRO-1-175,IDEALPRO-001,IDEALPRO-1-197616,EUR/USD.IDEALPRO-MovingAverageCrossover-MA_CROSS,BUY,LIMIT,99999.99,1.16340,USD,2.33 USD,MAKER,9194c3db-6e64-487a-899d-3fab31d001b7,2025-07-15 14:02:00+00:00,2025-07-15 14:02:00+00:00,{},False
BACKTESTER-001,MovingAverageCrossover-MA_CROSS,EUR/USD.IDEALPRO,IDEALPRO-1-176,IDEALPRO-001,IDEALPRO-1-201455,EUR/USD.IDEALPRO-MovingAverageCrossover-MA_CROSS,BUY,MARKET,0.01,1.16193,USD,0.00 USD,TAKER,faec1616-5b55-4479-8895-e8c8facd03ef,2025-07-18 06:45:00+00:00,2025-07-18 06:45:00+00:00,{},False
BACKTESTER-001,MovingAverageCrossover-MA_CROSS,EUR/USD.IDEALPRO,IDEALPRO-1-176,IDEALPRO-001,IDEALPRO-1-201456,EUR/USD.IDEALPRO-MovingAverageCrossover-MA_CROSS,BUY,MARKET,99999.99,1.16194,USD,2.32 USD,TAKER,b3b33f28-c12d-443f-ae58-36434d7dfe09,2025-07-18 06:45:00+00:00,2025-07-18 06:45:00+00:00,{},False
BACKTESTER-001,MovingAverageCrossover-MA_CROSS,EUR/USD.IDEALPRO,IDEALPRO-1-178,IDEALPRO-001,IDEALPRO-1-201893,EUR/USD.IDEALPRO-MovingAverageCrossover-MA_CROSS,SELL,LIMIT,0.01,1.16693,USD,0.00 USD,MAKER,c7b29808-6507-42db-a82a-63fc5051fbad,2025-07-18 14:01:00+00:00,2025-07-18 14:01:00+00:00,{},False
BACKTESTER-001,MovingAverageCrossover-MA_CROSS,EUR/USD.IDEALPRO,IDEALPRO-1-178,IDEALPRO-001,IDEALPRO-1-201894,EUR/USD.IDEALPRO-MovingAverageCrossover-MA_CROSS,SELL,LIMIT,99999.99,1.16693,USD,2.33 USD,MAKER,18da4411-d4da-4f5f-a5ec-f2283bcdb943,2025-07-18 14:01:00+00:00,2025-07-18 14:01:00+00:00,{},False
BACKTESTER-001,MovingAverageCrossover-MA_CROSS,EUR/USD.IDEALPRO,IDEALPRO-1-179,IDEALPRO-001,IDEALPRO-1-208554,EUR/USD.IDEALPRO-MovingAverageCrossover-MA_CROSS,SELL,MARKET,0.01,1.17470,USD,0.00 USD,TAKER,100daf15-d3ad-4262-802e-89247db7957a,2025-07-25 06:15:00+00:00,2025-07-25 06:15:00+00:00,{},False
BACKTESTER-001,MovingAverageCrossover-MA_CROSS,EUR/USD.IDEALPRO,IDEALPRO-1-179,IDEALPRO-001,IDEALPRO-1-208555,EUR/USD.IDEALPRO-MovingAverageCrossover-MA_CROSS,SELL,MARKET,99999.99,1.17469,USD,2.35 USD,TAKER,b0bcd58e-0697-4df1-a769-6bac8a6ff8e6,2025-07-25 06:15:00+00:00,2025-07-25 06:15:00+00:00,{},False
BACKTESTER-001,MovingAverageCrossover-MA_CROSS,EUR/USD.IDEALPRO,IDEALPRO-1-181,IDEALPRO-001,IDEALPRO-1-210059,EUR/USD.IDEALPRO-MovingAverageCrossover-MA_CROSS,BUY,LIMIT,0.01,1.16970,USD,0.00 USD,MAKER,471808ec-3798-454a-a62a-a04ae99465c4,2025-07-28 07:33:00+00:00,2025-07-28 07:33:00+00:00,{},False
BACKTESTER-001,MovingAverageCrossover-MA_CROSS,EUR/USD.IDEALPRO,IDEALPRO-1-181,IDEALPRO-001,IDEALPRO-1-210060,EUR/USD.IDEALPRO-MovingAverageCrossover-MA_CROSS,BUY,LIMIT,99999.99,1.16970,USD,2.34 USD,MAKER,535bc86e-7d08-4731-ad1c-85aa062921d5,2025-07-28 07:33:00+00:00,2025-07-28 07:33:00+00:00,{},False
