total,locked,free,currency,account_id,account_type,base_currency,margins,reported,info
100000.00,0.00,100000.00,USD,IDEALPRO-001,MARGIN,,[],True,{}
100000.00,0.00,100000.00,EUR,IDEALPRO-001,MARGIN,,[],True,{}
100000.00,0.00,100000.00,USD,IDEALPRO-001,MARGIN,,[],False,{}
100000.00,0.00,100000.00,EUR,IDEALPRO-001,MARGIN,,[],False,{}
100000.00,0.00,100000.00,USD,IDEALPRO-001,MARGIN,,[],False,{}
100000.00,0.00,100000.00,EUR,IDEALPRO-001,MARGIN,,[],False,{}
99997.94,0.00,99997.94,USD,IDEALPRO-001,MARGIN,,[],False,{}
100000.00,0.00,100000.00,EUR,IDEALPRO-001,MARGIN,,[],False,{}
99997.94,2063.66,97934.28,USD,IDEALPRO-001,MARGIN,,"[{'type': 'MarginBalance', 'initial': '0.00', 'maintenance': '2063.66', 'currency': 'USD', 'instrument_id': 'EUR/USD.IDEALPRO'}]",False,{}
100000.00,0.00,100000.00,EUR,IDEALPRO-001,MARGIN,,"[{'type': 'MarginBalance', 'initial': '0.00', 'maintenance': '2063.66', 'currency': 'USD', 'instrument_id': 'EUR/USD.IDEALPRO'}]",False,{}
99997.94,2063.66,97934.28,USD,IDEALPRO-001,MARGIN,,"[{'type': 'MarginBalance', 'initial': '0.00', 'maintenance': '2063.66', 'currency': 'USD', 'instrument_id': 'EUR/USD.IDEALPRO'}]",False,{}
100000.00,0.00,100000.00,EUR,IDEALPRO-001,MARGIN,,"[{'type': 'MarginBalance', 'initial': '0.00', 'maintenance': '2063.66', 'currency': 'USD', 'instrument_id': 'EUR/USD.IDEALPRO'}]",False,{}
99997.94,2063.66,97934.28,USD,IDEALPRO-001,MARGIN,,"[{'type': 'MarginBalance', 'initial': '0.00', 'maintenance': '2063.66', 'currency': 'USD', 'instrument_id': 'EUR/USD.IDEALPRO'}]",False,{}
100000.00,0.00,100000.00,EUR,IDEALPRO-001,MARGIN,,"[{'type': 'MarginBalance', 'initial': '0.00', 'maintenance': '2063.66', 'currency': 'USD', 'instrument_id': 'EUR/USD.IDEALPRO'}]",False,{}
100494.89,0.00,100494.89,USD,IDEALPRO-001,MARGIN,,[],False,{}
100000.00,0.00,100000.00,EUR,IDEALPRO-001,MARGIN,,[],False,{}
100494.89,0.00,100494.89,USD,IDEALPRO-001,MARGIN,,[],False,{}
100000.00,0.00,100000.00,EUR,IDEALPRO-001,MARGIN,,[],False,{}
100494.89,0.00,100494.89,USD,IDEALPRO-001,MARGIN,,[],False,{}
100000.00,0.00,100000.00,EUR,IDEALPRO-001,MARGIN,,[],False,{}
100494.89,0.00,100494.89,USD,IDEALPRO-001,MARGIN,,[],False,{}
100000.00,0.00,100000.00,EUR,IDEALPRO-001,MARGIN,,[],False,{}
100492.83,0.00,100492.83,USD,IDEALPRO-001,MARGIN,,[],False,{}
100000.00,0.00,100000.00,EUR,IDEALPRO-001,MARGIN,,[],False,{}
100492.83,2063.24,98429.59,USD,IDEALPRO-001,MARGIN,,"[{'type': 'MarginBalance', 'initial': '0.00', 'maintenance': '2063.24', 'currency': 'USD', 'instrument_id': 'EUR/USD.IDEALPRO'}]",False,{}
100000.00,0.00,100000.00,EUR,IDEALPRO-001,MARGIN,,"[{'type': 'MarginBalance', 'initial': '0.00', 'maintenance': '2063.24', 'currency': 'USD', 'instrument_id': 'EUR/USD.IDEALPRO'}]",False,{}
100492.83,2063.24,98429.59,USD,IDEALPRO-001,MARGIN,,"[{'type': 'MarginBalance', 'initial': '0.00', 'maintenance': '2063.24', 'currency': 'USD', 'instrument_id': 'EUR/USD.IDEALPRO'}]",False,{}
100000.00,0.00,100000.00,EUR,IDEALPRO-001,MARGIN,,"[{'type': 'MarginBalance', 'initial': '0.00', 'maintenance': '2063.24', 'currency': 'USD', 'instrument_id': 'EUR/USD.IDEALPRO'}]",False,{}
100492.83,2063.24,98429.59,USD,IDEALPRO-001,MARGIN,,"[{'type': 'MarginBalance', 'initial': '0.00', 'maintenance': '2063.24', 'currency': 'USD', 'instrument_id': 'EUR/USD.IDEALPRO'}]",False,{}
100000.00,0.00,100000.00,EUR,IDEALPRO-001,MARGIN,,"[{'type': 'MarginBalance', 'initial': '0.00', 'maintenance': '2063.24', 'currency': 'USD', 'instrument_id': 'EUR/USD.IDEALPRO'}]",False,{}
100989.76,0.00,100989.76,USD,IDEALPRO-001,MARGIN,,[],False,{}
100000.00,0.00,100000.00,EUR,IDEALPRO-001,MARGIN,,[],False,{}
100989.76,0.00,100989.76,USD,IDEALPRO-001,MARGIN,,[],False,{}
100000.00,0.00,100000.00,EUR,IDEALPRO-001,MARGIN,,[],False,{}
100989.76,0.00,100989.76,USD,IDEALPRO-001,MARGIN,,[],False,{}
100000.00,0.00,100000.00,EUR,IDEALPRO-001,MARGIN,,[],False,{}
100989.76,0.00,100989.76,USD,IDEALPRO-001,MARGIN,,[],False,{}
100000.00,0.00,100000.00,EUR,IDEALPRO-001,MARGIN,,[],False,{}
100987.69,0.00,100987.69,USD,IDEALPRO-001,MARGIN,,[],False,{}
100000.00,0.00,100000.00,EUR,IDEALPRO-001,MARGIN,,[],False,{}
100987.69,2070.06,98917.63,USD,IDEALPRO-001,MARGIN,,"[{'type': 'MarginBalance', 'initial': '0.00', 'maintenance': '2070.06', 'currency': 'USD', 'instrument_id': 'EUR/USD.IDEALPRO'}]",False,{}
100000.00,0.00,100000.00,EUR,IDEALPRO-001,MARGIN,,"[{'type': 'MarginBalance', 'initial': '0.00', 'maintenance': '2070.06', 'currency': 'USD', 'instrument_id': 'EUR/USD.IDEALPRO'}]",False,{}
100987.69,2070.06,98917.63,USD,IDEALPRO-001,MARGIN,,"[{'type': 'MarginBalance', 'initial': '0.00', 'maintenance': '2070.06', 'currency': 'USD', 'instrument_id': 'EUR/USD.IDEALPRO'}]",False,{}
100000.00,0.00,100000.00,EUR,IDEALPRO-001,MARGIN,,"[{'type': 'MarginBalance', 'initial': '0.00', 'maintenance': '2070.06', 'currency': 'USD', 'instrument_id': 'EUR/USD.IDEALPRO'}]",False,{}
100987.69,2070.06,98917.63,USD,IDEALPRO-001,MARGIN,,"[{'type': 'MarginBalance', 'initial': '0.00', 'maintenance': '2070.06', 'currency': 'USD', 'instrument_id': 'EUR/USD.IDEALPRO'}]",False,{}
100000.00,0.00,100000.00,EUR,IDEALPRO-001,MARGIN,,"[{'type': 'MarginBalance', 'initial': '0.00', 'maintenance': '2070.06', 'currency': 'USD', 'instrument_id': 'EUR/USD.IDEALPRO'}]",False,{}
101484.63,0.00,101484.63,USD,IDEALPRO-001,MARGIN,,[],False,{}
100000.00,0.00,100000.00,EUR,IDEALPRO-001,MARGIN,,[],False,{}
101484.63,0.00,101484.63,USD,IDEALPRO-001,MARGIN,,[],False,{}
100000.00,0.00,100000.00,EUR,IDEALPRO-001,MARGIN,,[],False,{}
101484.63,0.00,101484.63,USD,IDEALPRO-001,MARGIN,,[],False,{}
100000.00,0.00,100000.00,EUR,IDEALPRO-001,MARGIN,,[],False,{}
101484.63,0.00,101484.63,USD,IDEALPRO-001,MARGIN,,[],False,{}
100000.00,0.00,100000.00,EUR,IDEALPRO-001,MARGIN,,[],False,{}
101482.58,0.00,101482.58,USD,IDEALPRO-001,MARGIN,,[],False,{}
100000.00,0.00,100000.00,EUR,IDEALPRO-001,MARGIN,,[],False,{}
101482.58,2050.70,99431.88,USD,IDEALPRO-001,MARGIN,,"[{'type': 'MarginBalance', 'initial': '0.00', 'maintenance': '2050.70', 'currency': 'USD', 'instrument_id': 'EUR/USD.IDEALPRO'}]",False,{}
100000.00,0.00,100000.00,EUR,IDEALPRO-001,MARGIN,,"[{'type': 'MarginBalance', 'initial': '0.00', 'maintenance': '2050.70', 'currency': 'USD', 'instrument_id': 'EUR/USD.IDEALPRO'}]",False,{}
101482.58,2050.70,99431.88,USD,IDEALPRO-001,MARGIN,,"[{'type': 'MarginBalance', 'initial': '0.00', 'maintenance': '2050.70', 'currency': 'USD', 'instrument_id': 'EUR/USD.IDEALPRO'}]",False,{}
100000.00,0.00,100000.00,EUR,IDEALPRO-001,MARGIN,,"[{'type': 'MarginBalance', 'initial': '0.00', 'maintenance': '2050.70', 'currency': 'USD', 'instrument_id': 'EUR/USD.IDEALPRO'}]",False,{}
101482.58,2050.70,99431.88,USD,IDEALPRO-001,MARGIN,,"[{'type': 'MarginBalance', 'initial': '0.00', 'maintenance': '2050.70', 'currency': 'USD', 'instrument_id': 'EUR/USD.IDEALPRO'}]",False,{}
100000.00,0.00,100000.00,EUR,IDEALPRO-001,MARGIN,,"[{'type': 'MarginBalance', 'initial': '0.00', 'maintenance': '2050.70', 'currency': 'USD', 'instrument_id': 'EUR/USD.IDEALPRO'}]",False,{}
101979.52,0.00,101979.52,USD,IDEALPRO-001,MARGIN,,[],False,{}
100000.00,0.00,100000.00,EUR,IDEALPRO-001,MARGIN,,[],False,{}
101979.52,0.00,101979.52,USD,IDEALPRO-001,MARGIN,,[],False,{}
100000.00,0.00,100000.00,EUR,IDEALPRO-001,MARGIN,,[],False,{}
101979.52,0.00,101979.52,USD,IDEALPRO-001,MARGIN,,[],False,{}
100000.00,0.00,100000.00,EUR,IDEALPRO-001,MARGIN,,[],False,{}
101979.52,0.00,101979.52,USD,IDEALPRO-001,MARGIN,,[],False,{}
100000.00,0.00,100000.00,EUR,IDEALPRO-001,MARGIN,,[],False,{}
101977.46,0.00,101977.46,USD,IDEALPRO-001,MARGIN,,[],False,{}
100000.00,0.00,100000.00,EUR,IDEALPRO-001,MARGIN,,[],False,{}
101977.46,2058.56,99918.90,USD,IDEALPRO-001,MARGIN,,"[{'type': 'MarginBalance', 'initial': '0.00', 'maintenance': '2058.56', 'currency': 'USD', 'instrument_id': 'EUR/USD.IDEALPRO'}]",False,{}
100000.00,0.00,100000.00,EUR,IDEALPRO-001,MARGIN,,"[{'type': 'MarginBalance', 'initial': '0.00', 'maintenance': '2058.56', 'currency': 'USD', 'instrument_id': 'EUR/USD.IDEALPRO'}]",False,{}
101977.46,2058.56,99918.90,USD,IDEALPRO-001,MARGIN,,"[{'type': 'MarginBalance', 'initial': '0.00', 'maintenance': '2058.56', 'currency': 'USD', 'instrument_id': 'EUR/USD.IDEALPRO'}]",False,{}
100000.00,0.00,100000.00,EUR,IDEALPRO-001,MARGIN,,"[{'type': 'MarginBalance', 'initial': '0.00', 'maintenance': '2058.56', 'currency': 'USD', 'instrument_id': 'EUR/USD.IDEALPRO'}]",False,{}
101977.46,2058.56,99918.90,USD,IDEALPRO-001,MARGIN,,"[{'type': 'MarginBalance', 'initial': '0.00', 'maintenance': '2058.56', 'currency': 'USD', 'instrument_id': 'EUR/USD.IDEALPRO'}]",False,{}
100000.00,0.00,100000.00,EUR,IDEALPRO-001,MARGIN,,"[{'type': 'MarginBalance', 'initial': '0.00', 'maintenance': '2058.56', 'currency': 'USD', 'instrument_id': 'EUR/USD.IDEALPRO'}]",False,{}
101623.39,0.00,101623.39,USD,IDEALPRO-001,MARGIN,,[],False,{}
100000.00,0.00,100000.00,EUR,IDEALPRO-001,MARGIN,,[],False,{}
101623.39,0.00,101623.39,USD,IDEALPRO-001,MARGIN,,[],False,{}
100000.00,0.00,100000.00,EUR,IDEALPRO-001,MARGIN,,[],False,{}
101623.39,0.00,101623.39,USD,IDEALPRO-001,MARGIN,,[],False,{}
100000.00,0.00,100000.00,EUR,IDEALPRO-001,MARGIN,,[],False,{}
101623.39,0.00,101623.39,USD,IDEALPRO-001,MARGIN,,[],False,{}
100000.00,0.00,100000.00,EUR,IDEALPRO-001,MARGIN,,[],False,{}
101621.33,0.00,101621.33,USD,IDEALPRO-001,MARGIN,,[],False,{}
100000.00,0.00,100000.00,EUR,IDEALPRO-001,MARGIN,,[],False,{}
101621.33,2062.74,99558.59,USD,IDEALPRO-001,MARGIN,,"[{'type': 'MarginBalance', 'initial': '0.00', 'maintenance': '2062.74', 'currency': 'USD', 'instrument_id': 'EUR/USD.IDEALPRO'}]",False,{}
100000.00,0.00,100000.00,EUR,IDEALPRO-001,MARGIN,,"[{'type': 'MarginBalance', 'initial': '0.00', 'maintenance': '2062.74', 'currency': 'USD', 'instrument_id': 'EUR/USD.IDEALPRO'}]",False,{}
101621.33,2062.74,99558.59,USD,IDEALPRO-001,MARGIN,,"[{'type': 'MarginBalance', 'initial': '0.00', 'maintenance': '2062.74', 'currency': 'USD', 'instrument_id': 'EUR/USD.IDEALPRO'}]",False,{}
100000.00,0.00,100000.00,EUR,IDEALPRO-001,MARGIN,,"[{'type': 'MarginBalance', 'initial': '0.00', 'maintenance': '2062.74', 'currency': 'USD', 'instrument_id': 'EUR/USD.IDEALPRO'}]",False,{}
101621.33,2062.74,99558.59,USD,IDEALPRO-001,MARGIN,,"[{'type': 'MarginBalance', 'initial': '0.00', 'maintenance': '2062.74', 'currency': 'USD', 'instrument_id': 'EUR/USD.IDEALPRO'}]",False,{}
100000.00,0.00,100000.00,EUR,IDEALPRO-001,MARGIN,,"[{'type': 'MarginBalance', 'initial': '0.00', 'maintenance': '2062.74', 'currency': 'USD', 'instrument_id': 'EUR/USD.IDEALPRO'}]",False,{}
102118.26,0.00,102118.26,USD,IDEALPRO-001,MARGIN,,[],False,{}
100000.00,0.00,100000.00,EUR,IDEALPRO-001,MARGIN,,[],False,{}
102118.26,0.00,102118.26,USD,IDEALPRO-001,MARGIN,,[],False,{}
100000.00,0.00,100000.00,EUR,IDEALPRO-001,MARGIN,,[],False,{}
102118.26,0.00,102118.26,USD,IDEALPRO-001,MARGIN,,[],False,{}
100000.00,0.00,100000.00,EUR,IDEALPRO-001,MARGIN,,[],False,{}
102118.26,0.00,102118.26,USD,IDEALPRO-001,MARGIN,,[],False,{}
100000.00,0.00,100000.00,EUR,IDEALPRO-001,MARGIN,,[],False,{}
102116.18,0.00,102116.18,USD,IDEALPRO-001,MARGIN,,[],False,{}
100000.00,0.00,100000.00,EUR,IDEALPRO-001,MARGIN,,[],False,{}
102116.18,2080.22,100035.96,USD,IDEALPRO-001,MARGIN,,"[{'type': 'MarginBalance', 'initial': '0.00', 'maintenance': '2080.22', 'currency': 'USD', 'instrument_id': 'EUR/USD.IDEALPRO'}]",False,{}
100000.00,0.00,100000.00,EUR,IDEALPRO-001,MARGIN,,"[{'type': 'MarginBalance', 'initial': '0.00', 'maintenance': '2080.22', 'currency': 'USD', 'instrument_id': 'EUR/USD.IDEALPRO'}]",False,{}
102116.18,2080.22,100035.96,USD,IDEALPRO-001,MARGIN,,"[{'type': 'MarginBalance', 'initial': '0.00', 'maintenance': '2080.22', 'currency': 'USD', 'instrument_id': 'EUR/USD.IDEALPRO'}]",False,{}
100000.00,0.00,100000.00,EUR,IDEALPRO-001,MARGIN,,"[{'type': 'MarginBalance', 'initial': '0.00', 'maintenance': '2080.22', 'currency': 'USD', 'instrument_id': 'EUR/USD.IDEALPRO'}]",False,{}
102116.18,2080.22,100035.96,USD,IDEALPRO-001,MARGIN,,"[{'type': 'MarginBalance', 'initial': '0.00', 'maintenance': '2080.22', 'currency': 'USD', 'instrument_id': 'EUR/USD.IDEALPRO'}]",False,{}
100000.00,0.00,100000.00,EUR,IDEALPRO-001,MARGIN,,"[{'type': 'MarginBalance', 'initial': '0.00', 'maintenance': '2080.22', 'currency': 'USD', 'instrument_id': 'EUR/USD.IDEALPRO'}]",False,{}
101762.09,0.00,101762.09,USD,IDEALPRO-001,MARGIN,,[],False,{}
100000.00,0.00,100000.00,EUR,IDEALPRO-001,MARGIN,,[],False,{}
101762.09,0.00,101762.09,USD,IDEALPRO-001,MARGIN,,[],False,{}
100000.00,0.00,100000.00,EUR,IDEALPRO-001,MARGIN,,[],False,{}
101762.09,0.00,101762.09,USD,IDEALPRO-001,MARGIN,,[],False,{}
100000.00,0.00,100000.00,EUR,IDEALPRO-001,MARGIN,,[],False,{}
101762.09,0.00,101762.09,USD,IDEALPRO-001,MARGIN,,[],False,{}
100000.00,0.00,100000.00,EUR,IDEALPRO-001,MARGIN,,[],False,{}
101760.00,0.00,101760.00,USD,IDEALPRO-001,MARGIN,,[],False,{}
100000.00,0.00,100000.00,EUR,IDEALPRO-001,MARGIN,,[],False,{}
101760.00,2087.10,99672.90,USD,IDEALPRO-001,MARGIN,,"[{'type': 'MarginBalance', 'initial': '0.00', 'maintenance': '2087.10', 'currency': 'USD', 'instrument_id': 'EUR/USD.IDEALPRO'}]",False,{}
100000.00,0.00,100000.00,EUR,IDEALPRO-001,MARGIN,,"[{'type': 'MarginBalance', 'initial': '0.00', 'maintenance': '2087.10', 'currency': 'USD', 'instrument_id': 'EUR/USD.IDEALPRO'}]",False,{}
101760.00,2087.10,99672.90,USD,IDEALPRO-001,MARGIN,,"[{'type': 'MarginBalance', 'initial': '0.00', 'maintenance': '2087.10', 'currency': 'USD', 'instrument_id': 'EUR/USD.IDEALPRO'}]",False,{}
100000.00,0.00,100000.00,EUR,IDEALPRO-001,MARGIN,,"[{'type': 'MarginBalance', 'initial': '0.00', 'maintenance': '2087.10', 'currency': 'USD', 'instrument_id': 'EUR/USD.IDEALPRO'}]",False,{}
101760.00,2087.10,99672.90,USD,IDEALPRO-001,MARGIN,,"[{'type': 'MarginBalance', 'initial': '0.00', 'maintenance': '2087.10', 'currency': 'USD', 'instrument_id': 'EUR/USD.IDEALPRO'}]",False,{}
100000.00,0.00,100000.00,EUR,IDEALPRO-001,MARGIN,,"[{'type': 'MarginBalance', 'initial': '0.00', 'maintenance': '2087.10', 'currency': 'USD', 'instrument_id': 'EUR/USD.IDEALPRO'}]",False,{}
102256.90,0.00,102256.90,USD,IDEALPRO-001,MARGIN,,[],False,{}
100000.00,0.00,100000.00,EUR,IDEALPRO-001,MARGIN,,[],False,{}
102256.90,0.00,102256.90,USD,IDEALPRO-001,MARGIN,,[],False,{}
100000.00,0.00,100000.00,EUR,IDEALPRO-001,MARGIN,,[],False,{}
102256.90,0.00,102256.90,USD,IDEALPRO-001,MARGIN,,[],False,{}
100000.00,0.00,100000.00,EUR,IDEALPRO-001,MARGIN,,[],False,{}
102256.90,0.00,102256.90,USD,IDEALPRO-001,MARGIN,,[],False,{}
100000.00,0.00,100000.00,EUR,IDEALPRO-001,MARGIN,,[],False,{}
102254.81,0.00,102254.81,USD,IDEALPRO-001,MARGIN,,[],False,{}
100000.00,0.00,100000.00,EUR,IDEALPRO-001,MARGIN,,[],False,{}
102254.81,2086.10,100168.71,USD,IDEALPRO-001,MARGIN,,"[{'type': 'MarginBalance', 'initial': '0.00', 'maintenance': '2086.10', 'currency': 'USD', 'instrument_id': 'EUR/USD.IDEALPRO'}]",False,{}
100000.00,0.00,100000.00,EUR,IDEALPRO-001,MARGIN,,"[{'type': 'MarginBalance', 'initial': '0.00', 'maintenance': '2086.10', 'currency': 'USD', 'instrument_id': 'EUR/USD.IDEALPRO'}]",False,{}
102254.81,2086.10,100168.71,USD,IDEALPRO-001,MARGIN,,"[{'type': 'MarginBalance', 'initial': '0.00', 'maintenance': '2086.10', 'currency': 'USD', 'instrument_id': 'EUR/USD.IDEALPRO'}]",False,{}
100000.00,0.00,100000.00,EUR,IDEALPRO-001,MARGIN,,"[{'type': 'MarginBalance', 'initial': '0.00', 'maintenance': '2086.10', 'currency': 'USD', 'instrument_id': 'EUR/USD.IDEALPRO'}]",False,{}
102254.81,2086.10,100168.71,USD,IDEALPRO-001,MARGIN,,"[{'type': 'MarginBalance', 'initial': '0.00', 'maintenance': '2086.10', 'currency': 'USD', 'instrument_id': 'EUR/USD.IDEALPRO'}]",False,{}
100000.00,0.00,100000.00,EUR,IDEALPRO-001,MARGIN,,"[{'type': 'MarginBalance', 'initial': '0.00', 'maintenance': '2086.10', 'currency': 'USD', 'instrument_id': 'EUR/USD.IDEALPRO'}]",False,{}
101900.72,0.00,101900.72,USD,IDEALPRO-001,MARGIN,,[],False,{}
100000.00,0.00,100000.00,EUR,IDEALPRO-001,MARGIN,,[],False,{}
101900.72,0.00,101900.72,USD,IDEALPRO-001,MARGIN,,[],False,{}
100000.00,0.00,100000.00,EUR,IDEALPRO-001,MARGIN,,[],False,{}
101900.72,0.00,101900.72,USD,IDEALPRO-001,MARGIN,,[],False,{}
100000.00,0.00,100000.00,EUR,IDEALPRO-001,MARGIN,,[],False,{}
101900.72,0.00,101900.72,USD,IDEALPRO-001,MARGIN,,[],False,{}
100000.00,0.00,100000.00,EUR,IDEALPRO-001,MARGIN,,[],False,{}
101898.64,0.00,101898.64,USD,IDEALPRO-001,MARGIN,,[],False,{}
100000.00,0.00,100000.00,EUR,IDEALPRO-001,MARGIN,,[],False,{}
101898.64,2075.90,99822.74,USD,IDEALPRO-001,MARGIN,,"[{'type': 'MarginBalance', 'initial': '0.00', 'maintenance': '2075.90', 'currency': 'USD', 'instrument_id': 'EUR/USD.IDEALPRO'}]",False,{}
100000.00,0.00,100000.00,EUR,IDEALPRO-001,MARGIN,,"[{'type': 'MarginBalance', 'initial': '0.00', 'maintenance': '2075.90', 'currency': 'USD', 'instrument_id': 'EUR/USD.IDEALPRO'}]",False,{}
101898.64,2075.90,99822.74,USD,IDEALPRO-001,MARGIN,,"[{'type': 'MarginBalance', 'initial': '0.00', 'maintenance': '2075.90', 'currency': 'USD', 'instrument_id': 'EUR/USD.IDEALPRO'}]",False,{}
100000.00,0.00,100000.00,EUR,IDEALPRO-001,MARGIN,,"[{'type': 'MarginBalance', 'initial': '0.00', 'maintenance': '2075.90', 'currency': 'USD', 'instrument_id': 'EUR/USD.IDEALPRO'}]",False,{}
101898.64,2075.90,99822.74,USD,IDEALPRO-001,MARGIN,,"[{'type': 'MarginBalance', 'initial': '0.00', 'maintenance': '2075.90', 'currency': 'USD', 'instrument_id': 'EUR/USD.IDEALPRO'}]",False,{}
100000.00,0.00,100000.00,EUR,IDEALPRO-001,MARGIN,,"[{'type': 'MarginBalance', 'initial': '0.00', 'maintenance': '2075.90', 'currency': 'USD', 'instrument_id': 'EUR/USD.IDEALPRO'}]",False,{}
102395.55,0.00,102395.55,USD,IDEALPRO-001,MARGIN,,[],False,{}
100000.00,0.00,100000.00,EUR,IDEALPRO-001,MARGIN,,[],False,{}
102395.55,0.00,102395.55,USD,IDEALPRO-001,MARGIN,,[],False,{}
100000.00,0.00,100000.00,EUR,IDEALPRO-001,MARGIN,,[],False,{}
102395.55,0.00,102395.55,USD,IDEALPRO-001,MARGIN,,[],False,{}
100000.00,0.00,100000.00,EUR,IDEALPRO-001,MARGIN,,[],False,{}
102395.55,0.00,102395.55,USD,IDEALPRO-001,MARGIN,,[],False,{}
100000.00,0.00,100000.00,EUR,IDEALPRO-001,MARGIN,,[],False,{}
102393.47,0.00,102393.47,USD,IDEALPRO-001,MARGIN,,[],False,{}
100000.00,0.00,100000.00,EUR,IDEALPRO-001,MARGIN,,[],False,{}
102393.47,2077.10,100316.37,USD,IDEALPRO-001,MARGIN,,"[{'type': 'MarginBalance', 'initial': '0.00', 'maintenance': '2077.10', 'currency': 'USD', 'instrument_id': 'EUR/USD.IDEALPRO'}]",False,{}
100000.00,0.00,100000.00,EUR,IDEALPRO-001,MARGIN,,"[{'type': 'MarginBalance', 'initial': '0.00', 'maintenance': '2077.10', 'currency': 'USD', 'instrument_id': 'EUR/USD.IDEALPRO'}]",False,{}
102393.47,2077.10,100316.37,USD,IDEALPRO-001,MARGIN,,"[{'type': 'MarginBalance', 'initial': '0.00', 'maintenance': '2077.10', 'currency': 'USD', 'instrument_id': 'EUR/USD.IDEALPRO'}]",False,{}
100000.00,0.00,100000.00,EUR,IDEALPRO-001,MARGIN,,"[{'type': 'MarginBalance', 'initial': '0.00', 'maintenance': '2077.10', 'currency': 'USD', 'instrument_id': 'EUR/USD.IDEALPRO'}]",False,{}
102393.47,2077.10,100316.37,USD,IDEALPRO-001,MARGIN,,"[{'type': 'MarginBalance', 'initial': '0.00', 'maintenance': '2077.10', 'currency': 'USD', 'instrument_id': 'EUR/USD.IDEALPRO'}]",False,{}
100000.00,0.00,100000.00,EUR,IDEALPRO-001,MARGIN,,"[{'type': 'MarginBalance', 'initial': '0.00', 'maintenance': '2077.10', 'currency': 'USD', 'instrument_id': 'EUR/USD.IDEALPRO'}]",False,{}
102393.47,2077.10,100316.37,USD,IDEALPRO-001,MARGIN,,"[{'type': 'MarginBalance', 'initial': '0.00', 'maintenance': '2077.10', 'currency': 'USD', 'instrument_id': 'EUR/USD.IDEALPRO'}]",False,{}
100000.00,0.00,100000.00,EUR,IDEALPRO-001,MARGIN,,"[{'type': 'MarginBalance', 'initial': '0.00', 'maintenance': '2077.10', 'currency': 'USD', 'instrument_id': 'EUR/USD.IDEALPRO'}]",False,{}
102369.39,0.00,102369.39,USD,IDEALPRO-001,MARGIN,,[],False,{}
100000.00,0.00,100000.00,EUR,IDEALPRO-001,MARGIN,,[],False,{}
102369.39,0.00,102369.39,USD,IDEALPRO-001,MARGIN,,[],False,{}
100000.00,0.00,100000.00,EUR,IDEALPRO-001,MARGIN,,[],False,{}
102369.39,0.00,102369.39,USD,IDEALPRO-001,MARGIN,,[],False,{}
100000.00,0.00,100000.00,EUR,IDEALPRO-001,MARGIN,,[],False,{}
102369.39,0.00,102369.39,USD,IDEALPRO-001,MARGIN,,[],False,{}
100000.00,0.00,100000.00,EUR,IDEALPRO-001,MARGIN,,[],False,{}
102369.39,0.00,102369.39,USD,IDEALPRO-001,MARGIN,,[],False,{}
100000.00,0.00,100000.00,EUR,IDEALPRO-001,MARGIN,,[],False,{}
102367.31,0.00,102367.31,USD,IDEALPRO-001,MARGIN,,[],False,{}
100000.00,0.00,100000.00,EUR,IDEALPRO-001,MARGIN,,[],False,{}
102367.31,2075.70,100291.61,USD,IDEALPRO-001,MARGIN,,"[{'type': 'MarginBalance', 'initial': '0.00', 'maintenance': '2075.70', 'currency': 'USD', 'instrument_id': 'EUR/USD.IDEALPRO'}]",False,{}
100000.00,0.00,100000.00,EUR,IDEALPRO-001,MARGIN,,"[{'type': 'MarginBalance', 'initial': '0.00', 'maintenance': '2075.70', 'currency': 'USD', 'instrument_id': 'EUR/USD.IDEALPRO'}]",False,{}
102367.31,2075.70,100291.61,USD,IDEALPRO-001,MARGIN,,"[{'type': 'MarginBalance', 'initial': '0.00', 'maintenance': '2075.70', 'currency': 'USD', 'instrument_id': 'EUR/USD.IDEALPRO'}]",False,{}
100000.00,0.00,100000.00,EUR,IDEALPRO-001,MARGIN,,"[{'type': 'MarginBalance', 'initial': '0.00', 'maintenance': '2075.70', 'currency': 'USD', 'instrument_id': 'EUR/USD.IDEALPRO'}]",False,{}
102367.31,2075.70,100291.61,USD,IDEALPRO-001,MARGIN,,"[{'type': 'MarginBalance', 'initial': '0.00', 'maintenance': '2075.70', 'currency': 'USD', 'instrument_id': 'EUR/USD.IDEALPRO'}]",False,{}
100000.00,0.00,100000.00,EUR,IDEALPRO-001,MARGIN,,"[{'type': 'MarginBalance', 'initial': '0.00', 'maintenance': '2075.70', 'currency': 'USD', 'instrument_id': 'EUR/USD.IDEALPRO'}]",False,{}
102864.24,0.00,102864.24,USD,IDEALPRO-001,MARGIN,,[],False,{}
100000.00,0.00,100000.00,EUR,IDEALPRO-001,MARGIN,,[],False,{}
102864.24,0.00,102864.24,USD,IDEALPRO-001,MARGIN,,[],False,{}
100000.00,0.00,100000.00,EUR,IDEALPRO-001,MARGIN,,[],False,{}
102864.24,0.00,102864.24,USD,IDEALPRO-001,MARGIN,,[],False,{}
100000.00,0.00,100000.00,EUR,IDEALPRO-001,MARGIN,,[],False,{}
102864.24,0.00,102864.24,USD,IDEALPRO-001,MARGIN,,[],False,{}
100000.00,0.00,100000.00,EUR,IDEALPRO-001,MARGIN,,[],False,{}
102862.17,0.00,102862.17,USD,IDEALPRO-001,MARGIN,,[],False,{}
100000.00,0.00,100000.00,EUR,IDEALPRO-001,MARGIN,,[],False,{}
102862.17,2072.38,100789.79,USD,IDEALPRO-001,MARGIN,,"[{'type': 'MarginBalance', 'initial': '0.00', 'maintenance': '2072.38', 'currency': 'USD', 'instrument_id': 'EUR/USD.IDEALPRO'}]",False,{}
100000.00,0.00,100000.00,EUR,IDEALPRO-001,MARGIN,,"[{'type': 'MarginBalance', 'initial': '0.00', 'maintenance': '2072.38', 'currency': 'USD', 'instrument_id': 'EUR/USD.IDEALPRO'}]",False,{}
102862.17,2072.38,100789.79,USD,IDEALPRO-001,MARGIN,,"[{'type': 'MarginBalance', 'initial': '0.00', 'maintenance': '2072.38', 'currency': 'USD', 'instrument_id': 'EUR/USD.IDEALPRO'}]",False,{}
100000.00,0.00,100000.00,EUR,IDEALPRO-001,MARGIN,,"[{'type': 'MarginBalance', 'initial': '0.00', 'maintenance': '2072.38', 'currency': 'USD', 'instrument_id': 'EUR/USD.IDEALPRO'}]",False,{}
102862.17,2072.38,100789.79,USD,IDEALPRO-001,MARGIN,,"[{'type': 'MarginBalance', 'initial': '0.00', 'maintenance': '2072.38', 'currency': 'USD', 'instrument_id': 'EUR/USD.IDEALPRO'}]",False,{}
100000.00,0.00,100000.00,EUR,IDEALPRO-001,MARGIN,,"[{'type': 'MarginBalance', 'initial': '0.00', 'maintenance': '2072.38', 'currency': 'USD', 'instrument_id': 'EUR/USD.IDEALPRO'}]",False,{}
102508.10,0.00,102508.10,USD,IDEALPRO-001,MARGIN,,[],False,{}
100000.00,0.00,100000.00,EUR,IDEALPRO-001,MARGIN,,[],False,{}
102508.10,0.00,102508.10,USD,IDEALPRO-001,MARGIN,,[],False,{}
100000.00,0.00,100000.00,EUR,IDEALPRO-001,MARGIN,,[],False,{}
102508.10,0.00,102508.10,USD,IDEALPRO-001,MARGIN,,[],False,{}
100000.00,0.00,100000.00,EUR,IDEALPRO-001,MARGIN,,[],False,{}
102508.10,0.00,102508.10,USD,IDEALPRO-001,MARGIN,,[],False,{}
100000.00,0.00,100000.00,EUR,IDEALPRO-001,MARGIN,,[],False,{}
102506.01,0.00,102506.01,USD,IDEALPRO-001,MARGIN,,[],False,{}
100000.00,0.00,100000.00,EUR,IDEALPRO-001,MARGIN,,[],False,{}
102506.01,2091.34,100414.67,USD,IDEALPRO-001,MARGIN,,"[{'type': 'MarginBalance', 'initial': '0.00', 'maintenance': '2091.34', 'currency': 'USD', 'instrument_id': 'EUR/USD.IDEALPRO'}]",False,{}
100000.00,0.00,100000.00,EUR,IDEALPRO-001,MARGIN,,"[{'type': 'MarginBalance', 'initial': '0.00', 'maintenance': '2091.34', 'currency': 'USD', 'instrument_id': 'EUR/USD.IDEALPRO'}]",False,{}
102506.01,2091.34,100414.67,USD,IDEALPRO-001,MARGIN,,"[{'type': 'MarginBalance', 'initial': '0.00', 'maintenance': '2091.34', 'currency': 'USD', 'instrument_id': 'EUR/USD.IDEALPRO'}]",False,{}
100000.00,0.00,100000.00,EUR,IDEALPRO-001,MARGIN,,"[{'type': 'MarginBalance', 'initial': '0.00', 'maintenance': '2091.34', 'currency': 'USD', 'instrument_id': 'EUR/USD.IDEALPRO'}]",False,{}
102506.01,2091.34,100414.67,USD,IDEALPRO-001,MARGIN,,"[{'type': 'MarginBalance', 'initial': '0.00', 'maintenance': '2091.34', 'currency': 'USD', 'instrument_id': 'EUR/USD.IDEALPRO'}]",False,{}
100000.00,0.00,100000.00,EUR,IDEALPRO-001,MARGIN,,"[{'type': 'MarginBalance', 'initial': '0.00', 'maintenance': '2091.34', 'currency': 'USD', 'instrument_id': 'EUR/USD.IDEALPRO'}]",False,{}
103002.93,0.00,103002.93,USD,IDEALPRO-001,MARGIN,,[],False,{}
100000.00,0.00,100000.00,EUR,IDEALPRO-001,MARGIN,,[],False,{}
103002.93,0.00,103002.93,USD,IDEALPRO-001,MARGIN,,[],False,{}
100000.00,0.00,100000.00,EUR,IDEALPRO-001,MARGIN,,[],False,{}
103002.93,0.00,103002.93,USD,IDEALPRO-001,MARGIN,,[],False,{}
100000.00,0.00,100000.00,EUR,IDEALPRO-001,MARGIN,,[],False,{}
103002.93,0.00,103002.93,USD,IDEALPRO-001,MARGIN,,[],False,{}
100000.00,0.00,100000.00,EUR,IDEALPRO-001,MARGIN,,[],False,{}
103000.83,0.00,103000.83,USD,IDEALPRO-001,MARGIN,,[],False,{}
100000.00,0.00,100000.00,EUR,IDEALPRO-001,MARGIN,,[],False,{}
103000.83,2096.86,100903.97,USD,IDEALPRO-001,MARGIN,,"[{'type': 'MarginBalance', 'initial': '0.00', 'maintenance': '2096.86', 'currency': 'USD', 'instrument_id': 'EUR/USD.IDEALPRO'}]",False,{}
100000.00,0.00,100000.00,EUR,IDEALPRO-001,MARGIN,,"[{'type': 'MarginBalance', 'initial': '0.00', 'maintenance': '2096.86', 'currency': 'USD', 'instrument_id': 'EUR/USD.IDEALPRO'}]",False,{}
103000.83,2096.86,100903.97,USD,IDEALPRO-001,MARGIN,,"[{'type': 'MarginBalance', 'initial': '0.00', 'maintenance': '2096.86', 'currency': 'USD', 'instrument_id': 'EUR/USD.IDEALPRO'}]",False,{}
100000.00,0.00,100000.00,EUR,IDEALPRO-001,MARGIN,,"[{'type': 'MarginBalance', 'initial': '0.00', 'maintenance': '2096.86', 'currency': 'USD', 'instrument_id': 'EUR/USD.IDEALPRO'}]",False,{}
103000.83,2096.86,100903.97,USD,IDEALPRO-001,MARGIN,,"[{'type': 'MarginBalance', 'initial': '0.00', 'maintenance': '2096.86', 'currency': 'USD', 'instrument_id': 'EUR/USD.IDEALPRO'}]",False,{}
100000.00,0.00,100000.00,EUR,IDEALPRO-001,MARGIN,,"[{'type': 'MarginBalance', 'initial': '0.00', 'maintenance': '2096.86', 'currency': 'USD', 'instrument_id': 'EUR/USD.IDEALPRO'}]",False,{}
103000.83,2096.86,100903.97,USD,IDEALPRO-001,MARGIN,,"[{'type': 'MarginBalance', 'initial': '0.00', 'maintenance': '2096.86', 'currency': 'USD', 'instrument_id': 'EUR/USD.IDEALPRO'}]",False,{}
100000.00,0.00,100000.00,EUR,IDEALPRO-001,MARGIN,,"[{'type': 'MarginBalance', 'initial': '0.00', 'maintenance': '2096.86', 'currency': 'USD', 'instrument_id': 'EUR/USD.IDEALPRO'}]",False,{}
102875.74,0.00,102875.74,USD,IDEALPRO-001,MARGIN,,[],False,{}
100000.00,0.00,100000.00,EUR,IDEALPRO-001,MARGIN,,[],False,{}
102875.74,0.00,102875.74,USD,IDEALPRO-001,MARGIN,,[],False,{}
100000.00,0.00,100000.00,EUR,IDEALPRO-001,MARGIN,,[],False,{}
102875.74,0.00,102875.74,USD,IDEALPRO-001,MARGIN,,[],False,{}
100000.00,0.00,100000.00,EUR,IDEALPRO-001,MARGIN,,[],False,{}
102875.74,0.00,102875.74,USD,IDEALPRO-001,MARGIN,,[],False,{}
100000.00,0.00,100000.00,EUR,IDEALPRO-001,MARGIN,,[],False,{}
102875.74,0.00,102875.74,USD,IDEALPRO-001,MARGIN,,[],False,{}
100000.00,0.00,100000.00,EUR,IDEALPRO-001,MARGIN,,[],False,{}
102873.64,0.00,102873.64,USD,IDEALPRO-001,MARGIN,,[],False,{}
100000.00,0.00,100000.00,EUR,IDEALPRO-001,MARGIN,,[],False,{}
102873.64,2102.64,100771.00,USD,IDEALPRO-001,MARGIN,,"[{'type': 'MarginBalance', 'initial': '0.00', 'maintenance': '2102.64', 'currency': 'USD', 'instrument_id': 'EUR/USD.IDEALPRO'}]",False,{}
100000.00,0.00,100000.00,EUR,IDEALPRO-001,MARGIN,,"[{'type': 'MarginBalance', 'initial': '0.00', 'maintenance': '2102.64', 'currency': 'USD', 'instrument_id': 'EUR/USD.IDEALPRO'}]",False,{}
102873.64,2102.64,100771.00,USD,IDEALPRO-001,MARGIN,,"[{'type': 'MarginBalance', 'initial': '0.00', 'maintenance': '2102.64', 'currency': 'USD', 'instrument_id': 'EUR/USD.IDEALPRO'}]",False,{}
100000.00,0.00,100000.00,EUR,IDEALPRO-001,MARGIN,,"[{'type': 'MarginBalance', 'initial': '0.00', 'maintenance': '2102.64', 'currency': 'USD', 'instrument_id': 'EUR/USD.IDEALPRO'}]",False,{}
102873.64,2102.64,100771.00,USD,IDEALPRO-001,MARGIN,,"[{'type': 'MarginBalance', 'initial': '0.00', 'maintenance': '2102.64', 'currency': 'USD', 'instrument_id': 'EUR/USD.IDEALPRO'}]",False,{}
100000.00,0.00,100000.00,EUR,IDEALPRO-001,MARGIN,,"[{'type': 'MarginBalance', 'initial': '0.00', 'maintenance': '2102.64', 'currency': 'USD', 'instrument_id': 'EUR/USD.IDEALPRO'}]",False,{}
102519.54,0.00,102519.54,USD,IDEALPRO-001,MARGIN,,[],False,{}
100000.00,0.00,100000.00,EUR,IDEALPRO-001,MARGIN,,[],False,{}
102519.54,0.00,102519.54,USD,IDEALPRO-001,MARGIN,,[],False,{}
100000.00,0.00,100000.00,EUR,IDEALPRO-001,MARGIN,,[],False,{}
102519.54,0.00,102519.54,USD,IDEALPRO-001,MARGIN,,[],False,{}
100000.00,0.00,100000.00,EUR,IDEALPRO-001,MARGIN,,[],False,{}
102519.54,0.00,102519.54,USD,IDEALPRO-001,MARGIN,,[],False,{}
100000.00,0.00,100000.00,EUR,IDEALPRO-001,MARGIN,,[],False,{}
102517.45,0.00,102517.45,USD,IDEALPRO-001,MARGIN,,[],False,{}
100000.00,0.00,100000.00,EUR,IDEALPRO-001,MARGIN,,[],False,{}
102517.45,2093.10,100424.35,USD,IDEALPRO-001,MARGIN,,"[{'type': 'MarginBalance', 'initial': '0.00', 'maintenance': '2093.10', 'currency': 'USD', 'instrument_id': 'EUR/USD.IDEALPRO'}]",False,{}
100000.00,0.00,100000.00,EUR,IDEALPRO-001,MARGIN,,"[{'type': 'MarginBalance', 'initial': '0.00', 'maintenance': '2093.10', 'currency': 'USD', 'instrument_id': 'EUR/USD.IDEALPRO'}]",False,{}
102517.45,2093.10,100424.35,USD,IDEALPRO-001,MARGIN,,"[{'type': 'MarginBalance', 'initial': '0.00', 'maintenance': '2093.10', 'currency': 'USD', 'instrument_id': 'EUR/USD.IDEALPRO'}]",False,{}
100000.00,0.00,100000.00,EUR,IDEALPRO-001,MARGIN,,"[{'type': 'MarginBalance', 'initial': '0.00', 'maintenance': '2093.10', 'currency': 'USD', 'instrument_id': 'EUR/USD.IDEALPRO'}]",False,{}
102517.45,2093.10,100424.35,USD,IDEALPRO-001,MARGIN,,"[{'type': 'MarginBalance', 'initial': '0.00', 'maintenance': '2093.10', 'currency': 'USD', 'instrument_id': 'EUR/USD.IDEALPRO'}]",False,{}
100000.00,0.00,100000.00,EUR,IDEALPRO-001,MARGIN,,"[{'type': 'MarginBalance', 'initial': '0.00', 'maintenance': '2093.10', 'currency': 'USD', 'instrument_id': 'EUR/USD.IDEALPRO'}]",False,{}
103014.37,0.00,103014.37,USD,IDEALPRO-001,MARGIN,,[],False,{}
100000.00,0.00,100000.00,EUR,IDEALPRO-001,MARGIN,,[],False,{}
103014.37,0.00,103014.37,USD,IDEALPRO-001,MARGIN,,[],False,{}
100000.00,0.00,100000.00,EUR,IDEALPRO-001,MARGIN,,[],False,{}
103014.37,0.00,103014.37,USD,IDEALPRO-001,MARGIN,,[],False,{}
100000.00,0.00,100000.00,EUR,IDEALPRO-001,MARGIN,,[],False,{}
103014.37,0.00,103014.37,USD,IDEALPRO-001,MARGIN,,[],False,{}
100000.00,0.00,100000.00,EUR,IDEALPRO-001,MARGIN,,[],False,{}
103012.27,0.00,103012.27,USD,IDEALPRO-001,MARGIN,,[],False,{}
100000.00,0.00,100000.00,EUR,IDEALPRO-001,MARGIN,,[],False,{}
103012.27,2096.94,100915.33,USD,IDEALPRO-001,MARGIN,,"[{'type': 'MarginBalance', 'initial': '0.00', 'maintenance': '2096.94', 'currency': 'USD', 'instrument_id': 'EUR/USD.IDEALPRO'}]",False,{}
100000.00,0.00,100000.00,EUR,IDEALPRO-001,MARGIN,,"[{'type': 'MarginBalance', 'initial': '0.00', 'maintenance': '2096.94', 'currency': 'USD', 'instrument_id': 'EUR/USD.IDEALPRO'}]",False,{}
103012.27,2096.94,100915.33,USD,IDEALPRO-001,MARGIN,,"[{'type': 'MarginBalance', 'initial': '0.00', 'maintenance': '2096.94', 'currency': 'USD', 'instrument_id': 'EUR/USD.IDEALPRO'}]",False,{}
100000.00,0.00,100000.00,EUR,IDEALPRO-001,MARGIN,,"[{'type': 'MarginBalance', 'initial': '0.00', 'maintenance': '2096.94', 'currency': 'USD', 'instrument_id': 'EUR/USD.IDEALPRO'}]",False,{}
103012.27,2096.94,100915.33,USD,IDEALPRO-001,MARGIN,,"[{'type': 'MarginBalance', 'initial': '0.00', 'maintenance': '2096.94', 'currency': 'USD', 'instrument_id': 'EUR/USD.IDEALPRO'}]",False,{}
100000.00,0.00,100000.00,EUR,IDEALPRO-001,MARGIN,,"[{'type': 'MarginBalance', 'initial': '0.00', 'maintenance': '2096.94', 'currency': 'USD', 'instrument_id': 'EUR/USD.IDEALPRO'}]",False,{}
103509.16,0.00,103509.16,USD,IDEALPRO-001,MARGIN,,[],False,{}
100000.00,0.00,100000.00,EUR,IDEALPRO-001,MARGIN,,[],False,{}
103509.16,0.00,103509.16,USD,IDEALPRO-001,MARGIN,,[],False,{}
100000.00,0.00,100000.00,EUR,IDEALPRO-001,MARGIN,,[],False,{}
103509.16,0.00,103509.16,USD,IDEALPRO-001,MARGIN,,[],False,{}
100000.00,0.00,100000.00,EUR,IDEALPRO-001,MARGIN,,[],False,{}
103509.16,0.00,103509.16,USD,IDEALPRO-001,MARGIN,,[],False,{}
100000.00,0.00,100000.00,EUR,IDEALPRO-001,MARGIN,,[],False,{}
103506.99,0.00,103506.99,USD,IDEALPRO-001,MARGIN,,[],False,{}
100000.00,0.00,100000.00,EUR,IDEALPRO-001,MARGIN,,[],False,{}
103506.99,2174.02,101332.97,USD,IDEALPRO-001,MARGIN,,"[{'type': 'MarginBalance', 'initial': '0.00', 'maintenance': '2174.02', 'currency': 'USD', 'instrument_id': 'EUR/USD.IDEALPRO'}]",False,{}
100000.00,0.00,100000.00,EUR,IDEALPRO-001,MARGIN,,"[{'type': 'MarginBalance', 'initial': '0.00', 'maintenance': '2174.02', 'currency': 'USD', 'instrument_id': 'EUR/USD.IDEALPRO'}]",False,{}
103506.99,2174.02,101332.97,USD,IDEALPRO-001,MARGIN,,"[{'type': 'MarginBalance', 'initial': '0.00', 'maintenance': '2174.02', 'currency': 'USD', 'instrument_id': 'EUR/USD.IDEALPRO'}]",False,{}
100000.00,0.00,100000.00,EUR,IDEALPRO-001,MARGIN,,"[{'type': 'MarginBalance', 'initial': '0.00', 'maintenance': '2174.02', 'currency': 'USD', 'instrument_id': 'EUR/USD.IDEALPRO'}]",False,{}
103506.99,2174.02,101332.97,USD,IDEALPRO-001,MARGIN,,"[{'type': 'MarginBalance', 'initial': '0.00', 'maintenance': '2174.02', 'currency': 'USD', 'instrument_id': 'EUR/USD.IDEALPRO'}]",False,{}
100000.00,0.00,100000.00,EUR,IDEALPRO-001,MARGIN,,"[{'type': 'MarginBalance', 'initial': '0.00', 'maintenance': '2174.02', 'currency': 'USD', 'instrument_id': 'EUR/USD.IDEALPRO'}]",False,{}
103152.81,0.00,103152.81,USD,IDEALPRO-001,MARGIN,,[],False,{}
100000.00,0.00,100000.00,EUR,IDEALPRO-001,MARGIN,,[],False,{}
103152.81,0.00,103152.81,USD,IDEALPRO-001,MARGIN,,[],False,{}
100000.00,0.00,100000.00,EUR,IDEALPRO-001,MARGIN,,[],False,{}
103152.81,0.00,103152.81,USD,IDEALPRO-001,MARGIN,,[],False,{}
100000.00,0.00,100000.00,EUR,IDEALPRO-001,MARGIN,,[],False,{}
103152.81,0.00,103152.81,USD,IDEALPRO-001,MARGIN,,[],False,{}
100000.00,0.00,100000.00,EUR,IDEALPRO-001,MARGIN,,[],False,{}
103150.63,0.00,103150.63,USD,IDEALPRO-001,MARGIN,,[],False,{}
100000.00,0.00,100000.00,EUR,IDEALPRO-001,MARGIN,,[],False,{}
103150.63,2176.38,100974.25,USD,IDEALPRO-001,MARGIN,,"[{'type': 'MarginBalance', 'initial': '0.00', 'maintenance': '2176.38', 'currency': 'USD', 'instrument_id': 'EUR/USD.IDEALPRO'}]",False,{}
100000.00,0.00,100000.00,EUR,IDEALPRO-001,MARGIN,,"[{'type': 'MarginBalance', 'initial': '0.00', 'maintenance': '2176.38', 'currency': 'USD', 'instrument_id': 'EUR/USD.IDEALPRO'}]",False,{}
103150.63,2176.38,100974.25,USD,IDEALPRO-001,MARGIN,,"[{'type': 'MarginBalance', 'initial': '0.00', 'maintenance': '2176.38', 'currency': 'USD', 'instrument_id': 'EUR/USD.IDEALPRO'}]",False,{}
100000.00,0.00,100000.00,EUR,IDEALPRO-001,MARGIN,,"[{'type': 'MarginBalance', 'initial': '0.00', 'maintenance': '2176.38', 'currency': 'USD', 'instrument_id': 'EUR/USD.IDEALPRO'}]",False,{}
103150.63,2176.38,100974.25,USD,IDEALPRO-001,MARGIN,,"[{'type': 'MarginBalance', 'initial': '0.00', 'maintenance': '2176.38', 'currency': 'USD', 'instrument_id': 'EUR/USD.IDEALPRO'}]",False,{}
100000.00,0.00,100000.00,EUR,IDEALPRO-001,MARGIN,,"[{'type': 'MarginBalance', 'initial': '0.00', 'maintenance': '2176.38', 'currency': 'USD', 'instrument_id': 'EUR/USD.IDEALPRO'}]",False,{}
103647.44,0.00,103647.44,USD,IDEALPRO-001,MARGIN,,[],False,{}
100000.00,0.00,100000.00,EUR,IDEALPRO-001,MARGIN,,[],False,{}
103647.44,0.00,103647.44,USD,IDEALPRO-001,MARGIN,,[],False,{}
100000.00,0.00,100000.00,EUR,IDEALPRO-001,MARGIN,,[],False,{}
103647.44,0.00,103647.44,USD,IDEALPRO-001,MARGIN,,[],False,{}
100000.00,0.00,100000.00,EUR,IDEALPRO-001,MARGIN,,[],False,{}
103647.44,0.00,103647.44,USD,IDEALPRO-001,MARGIN,,[],False,{}
100000.00,0.00,100000.00,EUR,IDEALPRO-001,MARGIN,,[],False,{}
103645.26,0.00,103645.26,USD,IDEALPRO-001,MARGIN,,[],False,{}
100000.00,0.00,100000.00,EUR,IDEALPRO-001,MARGIN,,[],False,{}
103645.26,2178.88,101466.38,USD,IDEALPRO-001,MARGIN,,"[{'type': 'MarginBalance', 'initial': '0.00', 'maintenance': '2178.88', 'currency': 'USD', 'instrument_id': 'EUR/USD.IDEALPRO'}]",False,{}
100000.00,0.00,100000.00,EUR,IDEALPRO-001,MARGIN,,"[{'type': 'MarginBalance', 'initial': '0.00', 'maintenance': '2178.88', 'currency': 'USD', 'instrument_id': 'EUR/USD.IDEALPRO'}]",False,{}
103645.26,2178.88,101466.38,USD,IDEALPRO-001,MARGIN,,"[{'type': 'MarginBalance', 'initial': '0.00', 'maintenance': '2178.88', 'currency': 'USD', 'instrument_id': 'EUR/USD.IDEALPRO'}]",False,{}
100000.00,0.00,100000.00,EUR,IDEALPRO-001,MARGIN,,"[{'type': 'MarginBalance', 'initial': '0.00', 'maintenance': '2178.88', 'currency': 'USD', 'instrument_id': 'EUR/USD.IDEALPRO'}]",False,{}
103645.26,2178.88,101466.38,USD,IDEALPRO-001,MARGIN,,"[{'type': 'MarginBalance', 'initial': '0.00', 'maintenance': '2178.88', 'currency': 'USD', 'instrument_id': 'EUR/USD.IDEALPRO'}]",False,{}
100000.00,0.00,100000.00,EUR,IDEALPRO-001,MARGIN,,"[{'type': 'MarginBalance', 'initial': '0.00', 'maintenance': '2178.88', 'currency': 'USD', 'instrument_id': 'EUR/USD.IDEALPRO'}]",False,{}
104142.09,0.00,104142.09,USD,IDEALPRO-001,MARGIN,,[],False,{}
100000.00,0.00,100000.00,EUR,IDEALPRO-001,MARGIN,,[],False,{}
104142.09,0.00,104142.09,USD,IDEALPRO-001,MARGIN,,[],False,{}
100000.00,0.00,100000.00,EUR,IDEALPRO-001,MARGIN,,[],False,{}
104142.09,0.00,104142.09,USD,IDEALPRO-001,MARGIN,,[],False,{}
100000.00,0.00,100000.00,EUR,IDEALPRO-001,MARGIN,,[],False,{}
104142.09,0.00,104142.09,USD,IDEALPRO-001,MARGIN,,[],False,{}
100000.00,0.00,100000.00,EUR,IDEALPRO-001,MARGIN,,[],False,{}
104139.93,0.00,104139.93,USD,IDEALPRO-001,MARGIN,,[],False,{}
100000.00,0.00,100000.00,EUR,IDEALPRO-001,MARGIN,,[],False,{}
104139.93,2159.20,101980.73,USD,IDEALPRO-001,MARGIN,,"[{'type': 'MarginBalance', 'initial': '0.00', 'maintenance': '2159.20', 'currency': 'USD', 'instrument_id': 'EUR/USD.IDEALPRO'}]",False,{}
100000.00,0.00,100000.00,EUR,IDEALPRO-001,MARGIN,,"[{'type': 'MarginBalance', 'initial': '0.00', 'maintenance': '2159.20', 'currency': 'USD', 'instrument_id': 'EUR/USD.IDEALPRO'}]",False,{}
104139.93,2159.20,101980.73,USD,IDEALPRO-001,MARGIN,,"[{'type': 'MarginBalance', 'initial': '0.00', 'maintenance': '2159.20', 'currency': 'USD', 'instrument_id': 'EUR/USD.IDEALPRO'}]",False,{}
100000.00,0.00,100000.00,EUR,IDEALPRO-001,MARGIN,,"[{'type': 'MarginBalance', 'initial': '0.00', 'maintenance': '2159.20', 'currency': 'USD', 'instrument_id': 'EUR/USD.IDEALPRO'}]",False,{}
104139.93,2159.20,101980.73,USD,IDEALPRO-001,MARGIN,,"[{'type': 'MarginBalance', 'initial': '0.00', 'maintenance': '2159.20', 'currency': 'USD', 'instrument_id': 'EUR/USD.IDEALPRO'}]",False,{}
100000.00,0.00,100000.00,EUR,IDEALPRO-001,MARGIN,,"[{'type': 'MarginBalance', 'initial': '0.00', 'maintenance': '2159.20', 'currency': 'USD', 'instrument_id': 'EUR/USD.IDEALPRO'}]",False,{}
104636.76,0.00,104636.76,USD,IDEALPRO-001,MARGIN,,[],False,{}
100000.00,0.00,100000.00,EUR,IDEALPRO-001,MARGIN,,[],False,{}
104636.76,0.00,104636.76,USD,IDEALPRO-001,MARGIN,,[],False,{}
100000.00,0.00,100000.00,EUR,IDEALPRO-001,MARGIN,,[],False,{}
104636.76,0.00,104636.76,USD,IDEALPRO-001,MARGIN,,[],False,{}
100000.00,0.00,100000.00,EUR,IDEALPRO-001,MARGIN,,[],False,{}
104636.76,0.00,104636.76,USD,IDEALPRO-001,MARGIN,,[],False,{}
100000.00,0.00,100000.00,EUR,IDEALPRO-001,MARGIN,,[],False,{}
104634.60,0.00,104634.60,USD,IDEALPRO-001,MARGIN,,[],False,{}
100000.00,0.00,100000.00,EUR,IDEALPRO-001,MARGIN,,[],False,{}
104634.60,2159.30,102475.30,USD,IDEALPRO-001,MARGIN,,"[{'type': 'MarginBalance', 'initial': '0.00', 'maintenance': '2159.30', 'currency': 'USD', 'instrument_id': 'EUR/USD.IDEALPRO'}]",False,{}
100000.00,0.00,100000.00,EUR,IDEALPRO-001,MARGIN,,"[{'type': 'MarginBalance', 'initial': '0.00', 'maintenance': '2159.30', 'currency': 'USD', 'instrument_id': 'EUR/USD.IDEALPRO'}]",False,{}
104634.60,2159.30,102475.30,USD,IDEALPRO-001,MARGIN,,"[{'type': 'MarginBalance', 'initial': '0.00', 'maintenance': '2159.30', 'currency': 'USD', 'instrument_id': 'EUR/USD.IDEALPRO'}]",False,{}
100000.00,0.00,100000.00,EUR,IDEALPRO-001,MARGIN,,"[{'type': 'MarginBalance', 'initial': '0.00', 'maintenance': '2159.30', 'currency': 'USD', 'instrument_id': 'EUR/USD.IDEALPRO'}]",False,{}
104634.60,2159.30,102475.30,USD,IDEALPRO-001,MARGIN,,"[{'type': 'MarginBalance', 'initial': '0.00', 'maintenance': '2159.30', 'currency': 'USD', 'instrument_id': 'EUR/USD.IDEALPRO'}]",False,{}
100000.00,0.00,100000.00,EUR,IDEALPRO-001,MARGIN,,"[{'type': 'MarginBalance', 'initial': '0.00', 'maintenance': '2159.30', 'currency': 'USD', 'instrument_id': 'EUR/USD.IDEALPRO'}]",False,{}
104280.43,0.00,104280.43,USD,IDEALPRO-001,MARGIN,,[],False,{}
100000.00,0.00,100000.00,EUR,IDEALPRO-001,MARGIN,,[],False,{}
104280.43,0.00,104280.43,USD,IDEALPRO-001,MARGIN,,[],False,{}
100000.00,0.00,100000.00,EUR,IDEALPRO-001,MARGIN,,[],False,{}
104280.43,0.00,104280.43,USD,IDEALPRO-001,MARGIN,,[],False,{}
100000.00,0.00,100000.00,EUR,IDEALPRO-001,MARGIN,,[],False,{}
104280.43,0.00,104280.43,USD,IDEALPRO-001,MARGIN,,[],False,{}
100000.00,0.00,100000.00,EUR,IDEALPRO-001,MARGIN,,[],False,{}
104278.25,0.00,104278.25,USD,IDEALPRO-001,MARGIN,,[],False,{}
100000.00,0.00,100000.00,EUR,IDEALPRO-001,MARGIN,,[],False,{}
104278.25,2177.26,102100.99,USD,IDEALPRO-001,MARGIN,,"[{'type': 'MarginBalance', 'initial': '0.00', 'maintenance': '2177.26', 'currency': 'USD', 'instrument_id': 'EUR/USD.IDEALPRO'}]",False,{}
100000.00,0.00,100000.00,EUR,IDEALPRO-001,MARGIN,,"[{'type': 'MarginBalance', 'initial': '0.00', 'maintenance': '2177.26', 'currency': 'USD', 'instrument_id': 'EUR/USD.IDEALPRO'}]",False,{}
104278.25,2177.26,102100.99,USD,IDEALPRO-001,MARGIN,,"[{'type': 'MarginBalance', 'initial': '0.00', 'maintenance': '2177.26', 'currency': 'USD', 'instrument_id': 'EUR/USD.IDEALPRO'}]",False,{}
100000.00,0.00,100000.00,EUR,IDEALPRO-001,MARGIN,,"[{'type': 'MarginBalance', 'initial': '0.00', 'maintenance': '2177.26', 'currency': 'USD', 'instrument_id': 'EUR/USD.IDEALPRO'}]",False,{}
104278.25,2177.26,102100.99,USD,IDEALPRO-001,MARGIN,,"[{'type': 'MarginBalance', 'initial': '0.00', 'maintenance': '2177.26', 'currency': 'USD', 'instrument_id': 'EUR/USD.IDEALPRO'}]",False,{}
100000.00,0.00,100000.00,EUR,IDEALPRO-001,MARGIN,,"[{'type': 'MarginBalance', 'initial': '0.00', 'maintenance': '2177.26', 'currency': 'USD', 'instrument_id': 'EUR/USD.IDEALPRO'}]",False,{}
103924.08,0.00,103924.08,USD,IDEALPRO-001,MARGIN,,[],False,{}
100000.00,0.00,100000.00,EUR,IDEALPRO-001,MARGIN,,[],False,{}
103924.08,0.00,103924.08,USD,IDEALPRO-001,MARGIN,,[],False,{}
100000.00,0.00,100000.00,EUR,IDEALPRO-001,MARGIN,,[],False,{}
103924.08,0.00,103924.08,USD,IDEALPRO-001,MARGIN,,[],False,{}
100000.00,0.00,100000.00,EUR,IDEALPRO-001,MARGIN,,[],False,{}
103924.08,0.00,103924.08,USD,IDEALPRO-001,MARGIN,,[],False,{}
100000.00,0.00,100000.00,EUR,IDEALPRO-001,MARGIN,,[],False,{}
103921.89,0.00,103921.89,USD,IDEALPRO-001,MARGIN,,[],False,{}
100000.00,0.00,100000.00,EUR,IDEALPRO-001,MARGIN,,[],False,{}
103921.89,2190.98,101730.91,USD,IDEALPRO-001,MARGIN,,"[{'type': 'MarginBalance', 'initial': '0.00', 'maintenance': '2190.98', 'currency': 'USD', 'instrument_id': 'EUR/USD.IDEALPRO'}]",False,{}
100000.00,0.00,100000.00,EUR,IDEALPRO-001,MARGIN,,"[{'type': 'MarginBalance', 'initial': '0.00', 'maintenance': '2190.98', 'currency': 'USD', 'instrument_id': 'EUR/USD.IDEALPRO'}]",False,{}
103921.89,2190.98,101730.91,USD,IDEALPRO-001,MARGIN,,"[{'type': 'MarginBalance', 'initial': '0.00', 'maintenance': '2190.98', 'currency': 'USD', 'instrument_id': 'EUR/USD.IDEALPRO'}]",False,{}
100000.00,0.00,100000.00,EUR,IDEALPRO-001,MARGIN,,"[{'type': 'MarginBalance', 'initial': '0.00', 'maintenance': '2190.98', 'currency': 'USD', 'instrument_id': 'EUR/USD.IDEALPRO'}]",False,{}
103921.89,2190.98,101730.91,USD,IDEALPRO-001,MARGIN,,"[{'type': 'MarginBalance', 'initial': '0.00', 'maintenance': '2190.98', 'currency': 'USD', 'instrument_id': 'EUR/USD.IDEALPRO'}]",False,{}
100000.00,0.00,100000.00,EUR,IDEALPRO-001,MARGIN,,"[{'type': 'MarginBalance', 'initial': '0.00', 'maintenance': '2190.98', 'currency': 'USD', 'instrument_id': 'EUR/USD.IDEALPRO'}]",False,{}
103567.69,0.00,103567.69,USD,IDEALPRO-001,MARGIN,,[],False,{}
100000.00,0.00,100000.00,EUR,IDEALPRO-001,MARGIN,,[],False,{}
103567.69,0.00,103567.69,USD,IDEALPRO-001,MARGIN,,[],False,{}
100000.00,0.00,100000.00,EUR,IDEALPRO-001,MARGIN,,[],False,{}
103567.69,0.00,103567.69,USD,IDEALPRO-001,MARGIN,,[],False,{}
100000.00,0.00,100000.00,EUR,IDEALPRO-001,MARGIN,,[],False,{}
103567.69,0.00,103567.69,USD,IDEALPRO-001,MARGIN,,[],False,{}
100000.00,0.00,100000.00,EUR,IDEALPRO-001,MARGIN,,[],False,{}
103565.48,0.00,103565.48,USD,IDEALPRO-001,MARGIN,,[],False,{}
100000.00,0.00,100000.00,EUR,IDEALPRO-001,MARGIN,,[],False,{}
103565.48,2206.92,101358.56,USD,IDEALPRO-001,MARGIN,,"[{'type': 'MarginBalance', 'initial': '0.00', 'maintenance': '2206.92', 'currency': 'USD', 'instrument_id': 'EUR/USD.IDEALPRO'}]",False,{}
100000.00,0.00,100000.00,EUR,IDEALPRO-001,MARGIN,,"[{'type': 'MarginBalance', 'initial': '0.00', 'maintenance': '2206.92', 'currency': 'USD', 'instrument_id': 'EUR/USD.IDEALPRO'}]",False,{}
103565.48,2206.92,101358.56,USD,IDEALPRO-001,MARGIN,,"[{'type': 'MarginBalance', 'initial': '0.00', 'maintenance': '2206.92', 'currency': 'USD', 'instrument_id': 'EUR/USD.IDEALPRO'}]",False,{}
100000.00,0.00,100000.00,EUR,IDEALPRO-001,MARGIN,,"[{'type': 'MarginBalance', 'initial': '0.00', 'maintenance': '2206.92', 'currency': 'USD', 'instrument_id': 'EUR/USD.IDEALPRO'}]",False,{}
103565.48,2206.92,101358.56,USD,IDEALPRO-001,MARGIN,,"[{'type': 'MarginBalance', 'initial': '0.00', 'maintenance': '2206.92', 'currency': 'USD', 'instrument_id': 'EUR/USD.IDEALPRO'}]",False,{}
100000.00,0.00,100000.00,EUR,IDEALPRO-001,MARGIN,,"[{'type': 'MarginBalance', 'initial': '0.00', 'maintenance': '2206.92', 'currency': 'USD', 'instrument_id': 'EUR/USD.IDEALPRO'}]",False,{}
104062.26,0.00,104062.26,USD,IDEALPRO-001,MARGIN,,[],False,{}
100000.00,0.00,100000.00,EUR,IDEALPRO-001,MARGIN,,[],False,{}
104062.26,0.00,104062.26,USD,IDEALPRO-001,MARGIN,,[],False,{}
100000.00,0.00,100000.00,EUR,IDEALPRO-001,MARGIN,,[],False,{}
104062.26,0.00,104062.26,USD,IDEALPRO-001,MARGIN,,[],False,{}
100000.00,0.00,100000.00,EUR,IDEALPRO-001,MARGIN,,[],False,{}
104062.26,0.00,104062.26,USD,IDEALPRO-001,MARGIN,,[],False,{}
100000.00,0.00,100000.00,EUR,IDEALPRO-001,MARGIN,,[],False,{}
104060.07,0.00,104060.07,USD,IDEALPRO-001,MARGIN,,[],False,{}
100000.00,0.00,100000.00,EUR,IDEALPRO-001,MARGIN,,[],False,{}
104060.07,2193.94,101866.13,USD,IDEALPRO-001,MARGIN,,"[{'type': 'MarginBalance', 'initial': '0.00', 'maintenance': '2193.94', 'currency': 'USD', 'instrument_id': 'EUR/USD.IDEALPRO'}]",False,{}
100000.00,0.00,100000.00,EUR,IDEALPRO-001,MARGIN,,"[{'type': 'MarginBalance', 'initial': '0.00', 'maintenance': '2193.94', 'currency': 'USD', 'instrument_id': 'EUR/USD.IDEALPRO'}]",False,{}
104060.07,2193.94,101866.13,USD,IDEALPRO-001,MARGIN,,"[{'type': 'MarginBalance', 'initial': '0.00', 'maintenance': '2193.94', 'currency': 'USD', 'instrument_id': 'EUR/USD.IDEALPRO'}]",False,{}
100000.00,0.00,100000.00,EUR,IDEALPRO-001,MARGIN,,"[{'type': 'MarginBalance', 'initial': '0.00', 'maintenance': '2193.94', 'currency': 'USD', 'instrument_id': 'EUR/USD.IDEALPRO'}]",False,{}
104060.07,2193.94,101866.13,USD,IDEALPRO-001,MARGIN,,"[{'type': 'MarginBalance', 'initial': '0.00', 'maintenance': '2193.94', 'currency': 'USD', 'instrument_id': 'EUR/USD.IDEALPRO'}]",False,{}
100000.00,0.00,100000.00,EUR,IDEALPRO-001,MARGIN,,"[{'type': 'MarginBalance', 'initial': '0.00', 'maintenance': '2193.94', 'currency': 'USD', 'instrument_id': 'EUR/USD.IDEALPRO'}]",False,{}
103705.87,0.00,103705.87,USD,IDEALPRO-001,MARGIN,,[],False,{}
100000.00,0.00,100000.00,EUR,IDEALPRO-001,MARGIN,,[],False,{}
103705.87,0.00,103705.87,USD,IDEALPRO-001,MARGIN,,[],False,{}
100000.00,0.00,100000.00,EUR,IDEALPRO-001,MARGIN,,[],False,{}
103705.87,0.00,103705.87,USD,IDEALPRO-001,MARGIN,,[],False,{}
100000.00,0.00,100000.00,EUR,IDEALPRO-001,MARGIN,,[],False,{}
103705.87,0.00,103705.87,USD,IDEALPRO-001,MARGIN,,[],False,{}
100000.00,0.00,100000.00,EUR,IDEALPRO-001,MARGIN,,[],False,{}
103703.66,0.00,103703.66,USD,IDEALPRO-001,MARGIN,,[],False,{}
100000.00,0.00,100000.00,EUR,IDEALPRO-001,MARGIN,,[],False,{}
103703.66,2205.32,101498.34,USD,IDEALPRO-001,MARGIN,,"[{'type': 'MarginBalance', 'initial': '0.00', 'maintenance': '2205.32', 'currency': 'USD', 'instrument_id': 'EUR/USD.IDEALPRO'}]",False,{}
100000.00,0.00,100000.00,EUR,IDEALPRO-001,MARGIN,,"[{'type': 'MarginBalance', 'initial': '0.00', 'maintenance': '2205.32', 'currency': 'USD', 'instrument_id': 'EUR/USD.IDEALPRO'}]",False,{}
103703.66,2205.32,101498.34,USD,IDEALPRO-001,MARGIN,,"[{'type': 'MarginBalance', 'initial': '0.00', 'maintenance': '2205.32', 'currency': 'USD', 'instrument_id': 'EUR/USD.IDEALPRO'}]",False,{}
100000.00,0.00,100000.00,EUR,IDEALPRO-001,MARGIN,,"[{'type': 'MarginBalance', 'initial': '0.00', 'maintenance': '2205.32', 'currency': 'USD', 'instrument_id': 'EUR/USD.IDEALPRO'}]",False,{}
103703.66,2205.32,101498.34,USD,IDEALPRO-001,MARGIN,,"[{'type': 'MarginBalance', 'initial': '0.00', 'maintenance': '2205.32', 'currency': 'USD', 'instrument_id': 'EUR/USD.IDEALPRO'}]",False,{}
100000.00,0.00,100000.00,EUR,IDEALPRO-001,MARGIN,,"[{'type': 'MarginBalance', 'initial': '0.00', 'maintenance': '2205.32', 'currency': 'USD', 'instrument_id': 'EUR/USD.IDEALPRO'}]",False,{}
104200.44,0.00,104200.44,USD,IDEALPRO-001,MARGIN,,[],False,{}
100000.00,0.00,100000.00,EUR,IDEALPRO-001,MARGIN,,[],False,{}
104200.44,0.00,104200.44,USD,IDEALPRO-001,MARGIN,,[],False,{}
100000.00,0.00,100000.00,EUR,IDEALPRO-001,MARGIN,,[],False,{}
104200.44,0.00,104200.44,USD,IDEALPRO-001,MARGIN,,[],False,{}
100000.00,0.00,100000.00,EUR,IDEALPRO-001,MARGIN,,[],False,{}
104200.44,0.00,104200.44,USD,IDEALPRO-001,MARGIN,,[],False,{}
100000.00,0.00,100000.00,EUR,IDEALPRO-001,MARGIN,,[],False,{}
104198.18,0.00,104198.18,USD,IDEALPRO-001,MARGIN,,[],False,{}
100000.00,0.00,100000.00,EUR,IDEALPRO-001,MARGIN,,[],False,{}
104198.18,2261.74,101936.44,USD,IDEALPRO-001,MARGIN,,"[{'type': 'MarginBalance', 'initial': '0.00', 'maintenance': '2261.74', 'currency': 'USD', 'instrument_id': 'EUR/USD.IDEALPRO'}]",False,{}
100000.00,0.00,100000.00,EUR,IDEALPRO-001,MARGIN,,"[{'type': 'MarginBalance', 'initial': '0.00', 'maintenance': '2261.74', 'currency': 'USD', 'instrument_id': 'EUR/USD.IDEALPRO'}]",False,{}
104198.18,2261.74,101936.44,USD,IDEALPRO-001,MARGIN,,"[{'type': 'MarginBalance', 'initial': '0.00', 'maintenance': '2261.74', 'currency': 'USD', 'instrument_id': 'EUR/USD.IDEALPRO'}]",False,{}
100000.00,0.00,100000.00,EUR,IDEALPRO-001,MARGIN,,"[{'type': 'MarginBalance', 'initial': '0.00', 'maintenance': '2261.74', 'currency': 'USD', 'instrument_id': 'EUR/USD.IDEALPRO'}]",False,{}
104198.18,2261.74,101936.44,USD,IDEALPRO-001,MARGIN,,"[{'type': 'MarginBalance', 'initial': '0.00', 'maintenance': '2261.74', 'currency': 'USD', 'instrument_id': 'EUR/USD.IDEALPRO'}]",False,{}
100000.00,0.00,100000.00,EUR,IDEALPRO-001,MARGIN,,"[{'type': 'MarginBalance', 'initial': '0.00', 'maintenance': '2261.74', 'currency': 'USD', 'instrument_id': 'EUR/USD.IDEALPRO'}]",False,{}
103843.91,0.00,103843.91,USD,IDEALPRO-001,MARGIN,,[],False,{}
100000.00,0.00,100000.00,EUR,IDEALPRO-001,MARGIN,,[],False,{}
103843.91,0.00,103843.91,USD,IDEALPRO-001,MARGIN,,[],False,{}
100000.00,0.00,100000.00,EUR,IDEALPRO-001,MARGIN,,[],False,{}
103843.91,0.00,103843.91,USD,IDEALPRO-001,MARGIN,,[],False,{}
100000.00,0.00,100000.00,EUR,IDEALPRO-001,MARGIN,,[],False,{}
103843.91,0.00,103843.91,USD,IDEALPRO-001,MARGIN,,[],False,{}
100000.00,0.00,100000.00,EUR,IDEALPRO-001,MARGIN,,[],False,{}
103841.64,0.00,103841.64,USD,IDEALPRO-001,MARGIN,,[],False,{}
100000.00,0.00,100000.00,EUR,IDEALPRO-001,MARGIN,,[],False,{}
103841.64,2273.32,101568.32,USD,IDEALPRO-001,MARGIN,,"[{'type': 'MarginBalance', 'initial': '0.00', 'maintenance': '2273.32', 'currency': 'USD', 'instrument_id': 'EUR/USD.IDEALPRO'}]",False,{}
100000.00,0.00,100000.00,EUR,IDEALPRO-001,MARGIN,,"[{'type': 'MarginBalance', 'initial': '0.00', 'maintenance': '2273.32', 'currency': 'USD', 'instrument_id': 'EUR/USD.IDEALPRO'}]",False,{}
103841.64,2273.32,101568.32,USD,IDEALPRO-001,MARGIN,,"[{'type': 'MarginBalance', 'initial': '0.00', 'maintenance': '2273.32', 'currency': 'USD', 'instrument_id': 'EUR/USD.IDEALPRO'}]",False,{}
100000.00,0.00,100000.00,EUR,IDEALPRO-001,MARGIN,,"[{'type': 'MarginBalance', 'initial': '0.00', 'maintenance': '2273.32', 'currency': 'USD', 'instrument_id': 'EUR/USD.IDEALPRO'}]",False,{}
103841.64,2273.32,101568.32,USD,IDEALPRO-001,MARGIN,,"[{'type': 'MarginBalance', 'initial': '0.00', 'maintenance': '2273.32', 'currency': 'USD', 'instrument_id': 'EUR/USD.IDEALPRO'}]",False,{}
100000.00,0.00,100000.00,EUR,IDEALPRO-001,MARGIN,,"[{'type': 'MarginBalance', 'initial': '0.00', 'maintenance': '2273.32', 'currency': 'USD', 'instrument_id': 'EUR/USD.IDEALPRO'}]",False,{}
104338.36,0.00,104338.36,USD,IDEALPRO-001,MARGIN,,[],False,{}
100000.00,0.00,100000.00,EUR,IDEALPRO-001,MARGIN,,[],False,{}
104338.36,0.00,104338.36,USD,IDEALPRO-001,MARGIN,,[],False,{}
100000.00,0.00,100000.00,EUR,IDEALPRO-001,MARGIN,,[],False,{}
104338.36,0.00,104338.36,USD,IDEALPRO-001,MARGIN,,[],False,{}
100000.00,0.00,100000.00,EUR,IDEALPRO-001,MARGIN,,[],False,{}
104338.36,0.00,104338.36,USD,IDEALPRO-001,MARGIN,,[],False,{}
100000.00,0.00,100000.00,EUR,IDEALPRO-001,MARGIN,,[],False,{}
104336.08,0.00,104336.08,USD,IDEALPRO-001,MARGIN,,[],False,{}
100000.00,0.00,100000.00,EUR,IDEALPRO-001,MARGIN,,[],False,{}
104336.08,2283.66,102052.42,USD,IDEALPRO-001,MARGIN,,"[{'type': 'MarginBalance', 'initial': '0.00', 'maintenance': '2283.66', 'currency': 'USD', 'instrument_id': 'EUR/USD.IDEALPRO'}]",False,{}
100000.00,0.00,100000.00,EUR,IDEALPRO-001,MARGIN,,"[{'type': 'MarginBalance', 'initial': '0.00', 'maintenance': '2283.66', 'currency': 'USD', 'instrument_id': 'EUR/USD.IDEALPRO'}]",False,{}
104336.08,2283.66,102052.42,USD,IDEALPRO-001,MARGIN,,"[{'type': 'MarginBalance', 'initial': '0.00', 'maintenance': '2283.66', 'currency': 'USD', 'instrument_id': 'EUR/USD.IDEALPRO'}]",False,{}
100000.00,0.00,100000.00,EUR,IDEALPRO-001,MARGIN,,"[{'type': 'MarginBalance', 'initial': '0.00', 'maintenance': '2283.66', 'currency': 'USD', 'instrument_id': 'EUR/USD.IDEALPRO'}]",False,{}
104336.08,2283.66,102052.42,USD,IDEALPRO-001,MARGIN,,"[{'type': 'MarginBalance', 'initial': '0.00', 'maintenance': '2283.66', 'currency': 'USD', 'instrument_id': 'EUR/USD.IDEALPRO'}]",False,{}
100000.00,0.00,100000.00,EUR,IDEALPRO-001,MARGIN,,"[{'type': 'MarginBalance', 'initial': '0.00', 'maintenance': '2283.66', 'currency': 'USD', 'instrument_id': 'EUR/USD.IDEALPRO'}]",False,{}
104832.81,0.00,104832.81,USD,IDEALPRO-001,MARGIN,,[],False,{}
100000.00,0.00,100000.00,EUR,IDEALPRO-001,MARGIN,,[],False,{}
104832.81,0.00,104832.81,USD,IDEALPRO-001,MARGIN,,[],False,{}
100000.00,0.00,100000.00,EUR,IDEALPRO-001,MARGIN,,[],False,{}
104832.81,0.00,104832.81,USD,IDEALPRO-001,MARGIN,,[],False,{}
100000.00,0.00,100000.00,EUR,IDEALPRO-001,MARGIN,,[],False,{}
104832.81,0.00,104832.81,USD,IDEALPRO-001,MARGIN,,[],False,{}
100000.00,0.00,100000.00,EUR,IDEALPRO-001,MARGIN,,[],False,{}
104830.54,0.00,104830.54,USD,IDEALPRO-001,MARGIN,,[],False,{}
100000.00,0.00,100000.00,EUR,IDEALPRO-001,MARGIN,,[],False,{}
104830.54,2271.54,102559.00,USD,IDEALPRO-001,MARGIN,,"[{'type': 'MarginBalance', 'initial': '0.00', 'maintenance': '2271.54', 'currency': 'USD', 'instrument_id': 'EUR/USD.IDEALPRO'}]",False,{}
100000.00,0.00,100000.00,EUR,IDEALPRO-001,MARGIN,,"[{'type': 'MarginBalance', 'initial': '0.00', 'maintenance': '2271.54', 'currency': 'USD', 'instrument_id': 'EUR/USD.IDEALPRO'}]",False,{}
104830.54,2271.54,102559.00,USD,IDEALPRO-001,MARGIN,,"[{'type': 'MarginBalance', 'initial': '0.00', 'maintenance': '2271.54', 'currency': 'USD', 'instrument_id': 'EUR/USD.IDEALPRO'}]",False,{}
100000.00,0.00,100000.00,EUR,IDEALPRO-001,MARGIN,,"[{'type': 'MarginBalance', 'initial': '0.00', 'maintenance': '2271.54', 'currency': 'USD', 'instrument_id': 'EUR/USD.IDEALPRO'}]",False,{}
104830.54,2271.54,102559.00,USD,IDEALPRO-001,MARGIN,,"[{'type': 'MarginBalance', 'initial': '0.00', 'maintenance': '2271.54', 'currency': 'USD', 'instrument_id': 'EUR/USD.IDEALPRO'}]",False,{}
100000.00,0.00,100000.00,EUR,IDEALPRO-001,MARGIN,,"[{'type': 'MarginBalance', 'initial': '0.00', 'maintenance': '2271.54', 'currency': 'USD', 'instrument_id': 'EUR/USD.IDEALPRO'}]",False,{}
104830.54,2271.54,102559.00,USD,IDEALPRO-001,MARGIN,,"[{'type': 'MarginBalance', 'initial': '0.00', 'maintenance': '2271.54', 'currency': 'USD', 'instrument_id': 'EUR/USD.IDEALPRO'}]",False,{}
100000.00,0.00,100000.00,EUR,IDEALPRO-001,MARGIN,,"[{'type': 'MarginBalance', 'initial': '0.00', 'maintenance': '2271.54', 'currency': 'USD', 'instrument_id': 'EUR/USD.IDEALPRO'}]",False,{}
104710.27,0.00,104710.27,USD,IDEALPRO-001,MARGIN,,[],False,{}
100000.00,0.00,100000.00,EUR,IDEALPRO-001,MARGIN,,[],False,{}
104710.27,0.00,104710.27,USD,IDEALPRO-001,MARGIN,,[],False,{}
100000.00,0.00,100000.00,EUR,IDEALPRO-001,MARGIN,,[],False,{}
104710.27,0.00,104710.27,USD,IDEALPRO-001,MARGIN,,[],False,{}
100000.00,0.00,100000.00,EUR,IDEALPRO-001,MARGIN,,[],False,{}
104710.27,0.00,104710.27,USD,IDEALPRO-001,MARGIN,,[],False,{}
100000.00,0.00,100000.00,EUR,IDEALPRO-001,MARGIN,,[],False,{}
104710.27,0.00,104710.27,USD,IDEALPRO-001,MARGIN,,[],False,{}
100000.00,0.00,100000.00,EUR,IDEALPRO-001,MARGIN,,[],False,{}
104707.99,0.00,104707.99,USD,IDEALPRO-001,MARGIN,,[],False,{}
100000.00,0.00,100000.00,EUR,IDEALPRO-001,MARGIN,,[],False,{}
104707.99,2282.34,102425.65,USD,IDEALPRO-001,MARGIN,,"[{'type': 'MarginBalance', 'initial': '0.00', 'maintenance': '2282.34', 'currency': 'USD', 'instrument_id': 'EUR/USD.IDEALPRO'}]",False,{}
100000.00,0.00,100000.00,EUR,IDEALPRO-001,MARGIN,,"[{'type': 'MarginBalance', 'initial': '0.00', 'maintenance': '2282.34', 'currency': 'USD', 'instrument_id': 'EUR/USD.IDEALPRO'}]",False,{}
104707.99,2282.34,102425.65,USD,IDEALPRO-001,MARGIN,,"[{'type': 'MarginBalance', 'initial': '0.00', 'maintenance': '2282.34', 'currency': 'USD', 'instrument_id': 'EUR/USD.IDEALPRO'}]",False,{}
100000.00,0.00,100000.00,EUR,IDEALPRO-001,MARGIN,,"[{'type': 'MarginBalance', 'initial': '0.00', 'maintenance': '2282.34', 'currency': 'USD', 'instrument_id': 'EUR/USD.IDEALPRO'}]",False,{}
104707.99,2282.34,102425.65,USD,IDEALPRO-001,MARGIN,,"[{'type': 'MarginBalance', 'initial': '0.00', 'maintenance': '2282.34', 'currency': 'USD', 'instrument_id': 'EUR/USD.IDEALPRO'}]",False,{}
100000.00,0.00,100000.00,EUR,IDEALPRO-001,MARGIN,,"[{'type': 'MarginBalance', 'initial': '0.00', 'maintenance': '2282.34', 'currency': 'USD', 'instrument_id': 'EUR/USD.IDEALPRO'}]",False,{}
104353.71,0.00,104353.71,USD,IDEALPRO-001,MARGIN,,[],False,{}
100000.00,0.00,100000.00,EUR,IDEALPRO-001,MARGIN,,[],False,{}
104353.71,0.00,104353.71,USD,IDEALPRO-001,MARGIN,,[],False,{}
100000.00,0.00,100000.00,EUR,IDEALPRO-001,MARGIN,,[],False,{}
104353.71,0.00,104353.71,USD,IDEALPRO-001,MARGIN,,[],False,{}
100000.00,0.00,100000.00,EUR,IDEALPRO-001,MARGIN,,[],False,{}
104353.71,0.00,104353.71,USD,IDEALPRO-001,MARGIN,,[],False,{}
100000.00,0.00,100000.00,EUR,IDEALPRO-001,MARGIN,,[],False,{}
104351.44,0.00,104351.44,USD,IDEALPRO-001,MARGIN,,[],False,{}
100000.00,0.00,100000.00,EUR,IDEALPRO-001,MARGIN,,[],False,{}
104351.44,2272.86,102078.58,USD,IDEALPRO-001,MARGIN,,"[{'type': 'MarginBalance', 'initial': '0.00', 'maintenance': '2272.86', 'currency': 'USD', 'instrument_id': 'EUR/USD.IDEALPRO'}]",False,{}
100000.00,0.00,100000.00,EUR,IDEALPRO-001,MARGIN,,"[{'type': 'MarginBalance', 'initial': '0.00', 'maintenance': '2272.86', 'currency': 'USD', 'instrument_id': 'EUR/USD.IDEALPRO'}]",False,{}
104351.44,2272.86,102078.58,USD,IDEALPRO-001,MARGIN,,"[{'type': 'MarginBalance', 'initial': '0.00', 'maintenance': '2272.86', 'currency': 'USD', 'instrument_id': 'EUR/USD.IDEALPRO'}]",False,{}
100000.00,0.00,100000.00,EUR,IDEALPRO-001,MARGIN,,"[{'type': 'MarginBalance', 'initial': '0.00', 'maintenance': '2272.86', 'currency': 'USD', 'instrument_id': 'EUR/USD.IDEALPRO'}]",False,{}
104351.44,2272.86,102078.58,USD,IDEALPRO-001,MARGIN,,"[{'type': 'MarginBalance', 'initial': '0.00', 'maintenance': '2272.86', 'currency': 'USD', 'instrument_id': 'EUR/USD.IDEALPRO'}]",False,{}
100000.00,0.00,100000.00,EUR,IDEALPRO-001,MARGIN,,"[{'type': 'MarginBalance', 'initial': '0.00', 'maintenance': '2272.86', 'currency': 'USD', 'instrument_id': 'EUR/USD.IDEALPRO'}]",False,{}
104848.18,0.00,104848.18,USD,IDEALPRO-001,MARGIN,,[],False,{}
100000.00,0.00,100000.00,EUR,IDEALPRO-001,MARGIN,,[],False,{}
104848.18,0.00,104848.18,USD,IDEALPRO-001,MARGIN,,[],False,{}
100000.00,0.00,100000.00,EUR,IDEALPRO-001,MARGIN,,[],False,{}
104848.18,0.00,104848.18,USD,IDEALPRO-001,MARGIN,,[],False,{}
100000.00,0.00,100000.00,EUR,IDEALPRO-001,MARGIN,,[],False,{}
104848.18,0.00,104848.18,USD,IDEALPRO-001,MARGIN,,[],False,{}
100000.00,0.00,100000.00,EUR,IDEALPRO-001,MARGIN,,[],False,{}
104845.91,0.00,104845.91,USD,IDEALPRO-001,MARGIN,,[],False,{}
100000.00,0.00,100000.00,EUR,IDEALPRO-001,MARGIN,,[],False,{}
104845.91,2265.12,102580.79,USD,IDEALPRO-001,MARGIN,,"[{'type': 'MarginBalance', 'initial': '0.00', 'maintenance': '2265.12', 'currency': 'USD', 'instrument_id': 'EUR/USD.IDEALPRO'}]",False,{}
100000.00,0.00,100000.00,EUR,IDEALPRO-001,MARGIN,,"[{'type': 'MarginBalance', 'initial': '0.00', 'maintenance': '2265.12', 'currency': 'USD', 'instrument_id': 'EUR/USD.IDEALPRO'}]",False,{}
104845.91,2265.12,102580.79,USD,IDEALPRO-001,MARGIN,,"[{'type': 'MarginBalance', 'initial': '0.00', 'maintenance': '2265.12', 'currency': 'USD', 'instrument_id': 'EUR/USD.IDEALPRO'}]",False,{}
100000.00,0.00,100000.00,EUR,IDEALPRO-001,MARGIN,,"[{'type': 'MarginBalance', 'initial': '0.00', 'maintenance': '2265.12', 'currency': 'USD', 'instrument_id': 'EUR/USD.IDEALPRO'}]",False,{}
104845.91,2265.12,102580.79,USD,IDEALPRO-001,MARGIN,,"[{'type': 'MarginBalance', 'initial': '0.00', 'maintenance': '2265.12', 'currency': 'USD', 'instrument_id': 'EUR/USD.IDEALPRO'}]",False,{}
100000.00,0.00,100000.00,EUR,IDEALPRO-001,MARGIN,,"[{'type': 'MarginBalance', 'initial': '0.00', 'maintenance': '2265.12', 'currency': 'USD', 'instrument_id': 'EUR/USD.IDEALPRO'}]",False,{}
104491.65,0.00,104491.65,USD,IDEALPRO-001,MARGIN,,[],False,{}
100000.00,0.00,100000.00,EUR,IDEALPRO-001,MARGIN,,[],False,{}
104491.65,0.00,104491.65,USD,IDEALPRO-001,MARGIN,,[],False,{}
100000.00,0.00,100000.00,EUR,IDEALPRO-001,MARGIN,,[],False,{}
104491.65,0.00,104491.65,USD,IDEALPRO-001,MARGIN,,[],False,{}
100000.00,0.00,100000.00,EUR,IDEALPRO-001,MARGIN,,[],False,{}
104491.65,0.00,104491.65,USD,IDEALPRO-001,MARGIN,,[],False,{}
100000.00,0.00,100000.00,EUR,IDEALPRO-001,MARGIN,,[],False,{}
104489.39,0.00,104489.39,USD,IDEALPRO-001,MARGIN,,[],False,{}
100000.00,0.00,100000.00,EUR,IDEALPRO-001,MARGIN,,[],False,{}
104489.39,2257.34,102232.05,USD,IDEALPRO-001,MARGIN,,"[{'type': 'MarginBalance', 'initial': '0.00', 'maintenance': '2257.34', 'currency': 'USD', 'instrument_id': 'EUR/USD.IDEALPRO'}]",False,{}
100000.00,0.00,100000.00,EUR,IDEALPRO-001,MARGIN,,"[{'type': 'MarginBalance', 'initial': '0.00', 'maintenance': '2257.34', 'currency': 'USD', 'instrument_id': 'EUR/USD.IDEALPRO'}]",False,{}
104489.39,2257.34,102232.05,USD,IDEALPRO-001,MARGIN,,"[{'type': 'MarginBalance', 'initial': '0.00', 'maintenance': '2257.34', 'currency': 'USD', 'instrument_id': 'EUR/USD.IDEALPRO'}]",False,{}
100000.00,0.00,100000.00,EUR,IDEALPRO-001,MARGIN,,"[{'type': 'MarginBalance', 'initial': '0.00', 'maintenance': '2257.34', 'currency': 'USD', 'instrument_id': 'EUR/USD.IDEALPRO'}]",False,{}
104489.39,2257.34,102232.05,USD,IDEALPRO-001,MARGIN,,"[{'type': 'MarginBalance', 'initial': '0.00', 'maintenance': '2257.34', 'currency': 'USD', 'instrument_id': 'EUR/USD.IDEALPRO'}]",False,{}
100000.00,0.00,100000.00,EUR,IDEALPRO-001,MARGIN,,"[{'type': 'MarginBalance', 'initial': '0.00', 'maintenance': '2257.34', 'currency': 'USD', 'instrument_id': 'EUR/USD.IDEALPRO'}]",False,{}
104135.13,0.00,104135.13,USD,IDEALPRO-001,MARGIN,,[],False,{}
100000.00,0.00,100000.00,EUR,IDEALPRO-001,MARGIN,,[],False,{}
104135.13,0.00,104135.13,USD,IDEALPRO-001,MARGIN,,[],False,{}
100000.00,0.00,100000.00,EUR,IDEALPRO-001,MARGIN,,[],False,{}
104135.13,0.00,104135.13,USD,IDEALPRO-001,MARGIN,,[],False,{}
100000.00,0.00,100000.00,EUR,IDEALPRO-001,MARGIN,,[],False,{}
104135.13,0.00,104135.13,USD,IDEALPRO-001,MARGIN,,[],False,{}
100000.00,0.00,100000.00,EUR,IDEALPRO-001,MARGIN,,[],False,{}
104132.86,0.00,104132.86,USD,IDEALPRO-001,MARGIN,,[],False,{}
100000.00,0.00,100000.00,EUR,IDEALPRO-001,MARGIN,,[],False,{}
104132.86,2265.36,101867.50,USD,IDEALPRO-001,MARGIN,,"[{'type': 'MarginBalance', 'initial': '0.00', 'maintenance': '2265.36', 'currency': 'USD', 'instrument_id': 'EUR/USD.IDEALPRO'}]",False,{}
100000.00,0.00,100000.00,EUR,IDEALPRO-001,MARGIN,,"[{'type': 'MarginBalance', 'initial': '0.00', 'maintenance': '2265.36', 'currency': 'USD', 'instrument_id': 'EUR/USD.IDEALPRO'}]",False,{}
104132.86,2265.36,101867.50,USD,IDEALPRO-001,MARGIN,,"[{'type': 'MarginBalance', 'initial': '0.00', 'maintenance': '2265.36', 'currency': 'USD', 'instrument_id': 'EUR/USD.IDEALPRO'}]",False,{}
100000.00,0.00,100000.00,EUR,IDEALPRO-001,MARGIN,,"[{'type': 'MarginBalance', 'initial': '0.00', 'maintenance': '2265.36', 'currency': 'USD', 'instrument_id': 'EUR/USD.IDEALPRO'}]",False,{}
104132.86,2265.36,101867.50,USD,IDEALPRO-001,MARGIN,,"[{'type': 'MarginBalance', 'initial': '0.00', 'maintenance': '2265.36', 'currency': 'USD', 'instrument_id': 'EUR/USD.IDEALPRO'}]",False,{}
100000.00,0.00,100000.00,EUR,IDEALPRO-001,MARGIN,,"[{'type': 'MarginBalance', 'initial': '0.00', 'maintenance': '2265.36', 'currency': 'USD', 'instrument_id': 'EUR/USD.IDEALPRO'}]",False,{}
104629.58,0.00,104629.58,USD,IDEALPRO-001,MARGIN,,[],False,{}
100000.00,0.00,100000.00,EUR,IDEALPRO-001,MARGIN,,[],False,{}
104629.58,0.00,104629.58,USD,IDEALPRO-001,MARGIN,,[],False,{}
100000.00,0.00,100000.00,EUR,IDEALPRO-001,MARGIN,,[],False,{}
104629.58,0.00,104629.58,USD,IDEALPRO-001,MARGIN,,[],False,{}
100000.00,0.00,100000.00,EUR,IDEALPRO-001,MARGIN,,[],False,{}
104629.58,0.00,104629.58,USD,IDEALPRO-001,MARGIN,,[],False,{}
100000.00,0.00,100000.00,EUR,IDEALPRO-001,MARGIN,,[],False,{}
104627.32,0.00,104627.32,USD,IDEALPRO-001,MARGIN,,[],False,{}
100000.00,0.00,100000.00,EUR,IDEALPRO-001,MARGIN,,[],False,{}
104627.32,2260.58,102366.74,USD,IDEALPRO-001,MARGIN,,"[{'type': 'MarginBalance', 'initial': '0.00', 'maintenance': '2260.58', 'currency': 'USD', 'instrument_id': 'EUR/USD.IDEALPRO'}]",False,{}
100000.00,0.00,100000.00,EUR,IDEALPRO-001,MARGIN,,"[{'type': 'MarginBalance', 'initial': '0.00', 'maintenance': '2260.58', 'currency': 'USD', 'instrument_id': 'EUR/USD.IDEALPRO'}]",False,{}
104627.32,2260.58,102366.74,USD,IDEALPRO-001,MARGIN,,"[{'type': 'MarginBalance', 'initial': '0.00', 'maintenance': '2260.58', 'currency': 'USD', 'instrument_id': 'EUR/USD.IDEALPRO'}]",False,{}
100000.00,0.00,100000.00,EUR,IDEALPRO-001,MARGIN,,"[{'type': 'MarginBalance', 'initial': '0.00', 'maintenance': '2260.58', 'currency': 'USD', 'instrument_id': 'EUR/USD.IDEALPRO'}]",False,{}
104627.32,2260.58,102366.74,USD,IDEALPRO-001,MARGIN,,"[{'type': 'MarginBalance', 'initial': '0.00', 'maintenance': '2260.58', 'currency': 'USD', 'instrument_id': 'EUR/USD.IDEALPRO'}]",False,{}
100000.00,0.00,100000.00,EUR,IDEALPRO-001,MARGIN,,"[{'type': 'MarginBalance', 'initial': '0.00', 'maintenance': '2260.58', 'currency': 'USD', 'instrument_id': 'EUR/USD.IDEALPRO'}]",False,{}
105124.07,0.00,105124.07,USD,IDEALPRO-001,MARGIN,,[],False,{}
100000.00,0.00,100000.00,EUR,IDEALPRO-001,MARGIN,,[],False,{}
105124.07,0.00,105124.07,USD,IDEALPRO-001,MARGIN,,[],False,{}
100000.00,0.00,100000.00,EUR,IDEALPRO-001,MARGIN,,[],False,{}
105124.07,0.00,105124.07,USD,IDEALPRO-001,MARGIN,,[],False,{}
100000.00,0.00,100000.00,EUR,IDEALPRO-001,MARGIN,,[],False,{}
105124.07,0.00,105124.07,USD,IDEALPRO-001,MARGIN,,[],False,{}
100000.00,0.00,100000.00,EUR,IDEALPRO-001,MARGIN,,[],False,{}
105121.83,0.00,105121.83,USD,IDEALPRO-001,MARGIN,,[],False,{}
100000.00,0.00,100000.00,EUR,IDEALPRO-001,MARGIN,,[],False,{}
105121.83,2238.74,102883.09,USD,IDEALPRO-001,MARGIN,,"[{'type': 'MarginBalance', 'initial': '0.00', 'maintenance': '2238.74', 'currency': 'USD', 'instrument_id': 'EUR/USD.IDEALPRO'}]",False,{}
100000.00,0.00,100000.00,EUR,IDEALPRO-001,MARGIN,,"[{'type': 'MarginBalance', 'initial': '0.00', 'maintenance': '2238.74', 'currency': 'USD', 'instrument_id': 'EUR/USD.IDEALPRO'}]",False,{}
105121.83,2238.74,102883.09,USD,IDEALPRO-001,MARGIN,,"[{'type': 'MarginBalance', 'initial': '0.00', 'maintenance': '2238.74', 'currency': 'USD', 'instrument_id': 'EUR/USD.IDEALPRO'}]",False,{}
100000.00,0.00,100000.00,EUR,IDEALPRO-001,MARGIN,,"[{'type': 'MarginBalance', 'initial': '0.00', 'maintenance': '2238.74', 'currency': 'USD', 'instrument_id': 'EUR/USD.IDEALPRO'}]",False,{}
105121.83,2238.74,102883.09,USD,IDEALPRO-001,MARGIN,,"[{'type': 'MarginBalance', 'initial': '0.00', 'maintenance': '2238.74', 'currency': 'USD', 'instrument_id': 'EUR/USD.IDEALPRO'}]",False,{}
100000.00,0.00,100000.00,EUR,IDEALPRO-001,MARGIN,,"[{'type': 'MarginBalance', 'initial': '0.00', 'maintenance': '2238.74', 'currency': 'USD', 'instrument_id': 'EUR/USD.IDEALPRO'}]",False,{}
105618.58,0.00,105618.58,USD,IDEALPRO-001,MARGIN,,[],False,{}
100000.00,0.00,100000.00,EUR,IDEALPRO-001,MARGIN,,[],False,{}
105618.58,0.00,105618.58,USD,IDEALPRO-001,MARGIN,,[],False,{}
100000.00,0.00,100000.00,EUR,IDEALPRO-001,MARGIN,,[],False,{}
105618.58,0.00,105618.58,USD,IDEALPRO-001,MARGIN,,[],False,{}
100000.00,0.00,100000.00,EUR,IDEALPRO-001,MARGIN,,[],False,{}
105618.58,0.00,105618.58,USD,IDEALPRO-001,MARGIN,,[],False,{}
100000.00,0.00,100000.00,EUR,IDEALPRO-001,MARGIN,,[],False,{}
105616.35,0.00,105616.35,USD,IDEALPRO-001,MARGIN,,[],False,{}
100000.00,0.00,100000.00,EUR,IDEALPRO-001,MARGIN,,[],False,{}
105616.35,2228.04,103388.31,USD,IDEALPRO-001,MARGIN,,"[{'type': 'MarginBalance', 'initial': '0.00', 'maintenance': '2228.04', 'currency': 'USD', 'instrument_id': 'EUR/USD.IDEALPRO'}]",False,{}
100000.00,0.00,100000.00,EUR,IDEALPRO-001,MARGIN,,"[{'type': 'MarginBalance', 'initial': '0.00', 'maintenance': '2228.04', 'currency': 'USD', 'instrument_id': 'EUR/USD.IDEALPRO'}]",False,{}
105616.35,2228.04,103388.31,USD,IDEALPRO-001,MARGIN,,"[{'type': 'MarginBalance', 'initial': '0.00', 'maintenance': '2228.04', 'currency': 'USD', 'instrument_id': 'EUR/USD.IDEALPRO'}]",False,{}
100000.00,0.00,100000.00,EUR,IDEALPRO-001,MARGIN,,"[{'type': 'MarginBalance', 'initial': '0.00', 'maintenance': '2228.04', 'currency': 'USD', 'instrument_id': 'EUR/USD.IDEALPRO'}]",False,{}
105616.35,2228.04,103388.31,USD,IDEALPRO-001,MARGIN,,"[{'type': 'MarginBalance', 'initial': '0.00', 'maintenance': '2228.04', 'currency': 'USD', 'instrument_id': 'EUR/USD.IDEALPRO'}]",False,{}
100000.00,0.00,100000.00,EUR,IDEALPRO-001,MARGIN,,"[{'type': 'MarginBalance', 'initial': '0.00', 'maintenance': '2228.04', 'currency': 'USD', 'instrument_id': 'EUR/USD.IDEALPRO'}]",False,{}
105262.11,0.00,105262.11,USD,IDEALPRO-001,MARGIN,,[],False,{}
100000.00,0.00,100000.00,EUR,IDEALPRO-001,MARGIN,,[],False,{}
105262.11,0.00,105262.11,USD,IDEALPRO-001,MARGIN,,[],False,{}
100000.00,0.00,100000.00,EUR,IDEALPRO-001,MARGIN,,[],False,{}
105262.11,0.00,105262.11,USD,IDEALPRO-001,MARGIN,,[],False,{}
100000.00,0.00,100000.00,EUR,IDEALPRO-001,MARGIN,,[],False,{}
105262.11,0.00,105262.11,USD,IDEALPRO-001,MARGIN,,[],False,{}
100000.00,0.00,100000.00,EUR,IDEALPRO-001,MARGIN,,[],False,{}
105259.86,0.00,105259.86,USD,IDEALPRO-001,MARGIN,,[],False,{}
100000.00,0.00,100000.00,EUR,IDEALPRO-001,MARGIN,,[],False,{}
105259.86,2249.68,103010.18,USD,IDEALPRO-001,MARGIN,,"[{'type': 'MarginBalance', 'initial': '0.00', 'maintenance': '2249.68', 'currency': 'USD', 'instrument_id': 'EUR/USD.IDEALPRO'}]",False,{}
100000.00,0.00,100000.00,EUR,IDEALPRO-001,MARGIN,,"[{'type': 'MarginBalance', 'initial': '0.00', 'maintenance': '2249.68', 'currency': 'USD', 'instrument_id': 'EUR/USD.IDEALPRO'}]",False,{}
105259.86,2249.68,103010.18,USD,IDEALPRO-001,MARGIN,,"[{'type': 'MarginBalance', 'initial': '0.00', 'maintenance': '2249.68', 'currency': 'USD', 'instrument_id': 'EUR/USD.IDEALPRO'}]",False,{}
100000.00,0.00,100000.00,EUR,IDEALPRO-001,MARGIN,,"[{'type': 'MarginBalance', 'initial': '0.00', 'maintenance': '2249.68', 'currency': 'USD', 'instrument_id': 'EUR/USD.IDEALPRO'}]",False,{}
105259.86,2249.68,103010.18,USD,IDEALPRO-001,MARGIN,,"[{'type': 'MarginBalance', 'initial': '0.00', 'maintenance': '2249.68', 'currency': 'USD', 'instrument_id': 'EUR/USD.IDEALPRO'}]",False,{}
100000.00,0.00,100000.00,EUR,IDEALPRO-001,MARGIN,,"[{'type': 'MarginBalance', 'initial': '0.00', 'maintenance': '2249.68', 'currency': 'USD', 'instrument_id': 'EUR/USD.IDEALPRO'}]",False,{}
105259.86,2249.68,103010.18,USD,IDEALPRO-001,MARGIN,,"[{'type': 'MarginBalance', 'initial': '0.00', 'maintenance': '2249.68', 'currency': 'USD', 'instrument_id': 'EUR/USD.IDEALPRO'}]",False,{}
100000.00,0.00,100000.00,EUR,IDEALPRO-001,MARGIN,,"[{'type': 'MarginBalance', 'initial': '0.00', 'maintenance': '2249.68', 'currency': 'USD', 'instrument_id': 'EUR/USD.IDEALPRO'}]",False,{}
105259.86,2249.68,103010.18,USD,IDEALPRO-001,MARGIN,,"[{'type': 'MarginBalance', 'initial': '0.00', 'maintenance': '2249.68', 'currency': 'USD', 'instrument_id': 'EUR/USD.IDEALPRO'}]",False,{}
100000.00,0.00,100000.00,EUR,IDEALPRO-001,MARGIN,,"[{'type': 'MarginBalance', 'initial': '0.00', 'maintenance': '2249.68', 'currency': 'USD', 'instrument_id': 'EUR/USD.IDEALPRO'}]",False,{}
105756.60,0.00,105756.60,USD,IDEALPRO-001,MARGIN,,[],False,{}
100000.00,0.00,100000.00,EUR,IDEALPRO-001,MARGIN,,[],False,{}
105756.60,0.00,105756.60,USD,IDEALPRO-001,MARGIN,,[],False,{}
100000.00,0.00,100000.00,EUR,IDEALPRO-001,MARGIN,,[],False,{}
105756.60,0.00,105756.60,USD,IDEALPRO-001,MARGIN,,[],False,{}
100000.00,0.00,100000.00,EUR,IDEALPRO-001,MARGIN,,[],False,{}
105756.60,0.00,105756.60,USD,IDEALPRO-001,MARGIN,,[],False,{}
100000.00,0.00,100000.00,EUR,IDEALPRO-001,MARGIN,,[],False,{}
105754.35,0.00,105754.35,USD,IDEALPRO-001,MARGIN,,[],False,{}
100000.00,0.00,100000.00,EUR,IDEALPRO-001,MARGIN,,[],False,{}
105754.35,2252.26,103502.09,USD,IDEALPRO-001,MARGIN,,"[{'type': 'MarginBalance', 'initial': '0.00', 'maintenance': '2252.26', 'currency': 'USD', 'instrument_id': 'EUR/USD.IDEALPRO'}]",False,{}
100000.00,0.00,100000.00,EUR,IDEALPRO-001,MARGIN,,"[{'type': 'MarginBalance', 'initial': '0.00', 'maintenance': '2252.26', 'currency': 'USD', 'instrument_id': 'EUR/USD.IDEALPRO'}]",False,{}
105754.35,2252.26,103502.09,USD,IDEALPRO-001,MARGIN,,"[{'type': 'MarginBalance', 'initial': '0.00', 'maintenance': '2252.26', 'currency': 'USD', 'instrument_id': 'EUR/USD.IDEALPRO'}]",False,{}
100000.00,0.00,100000.00,EUR,IDEALPRO-001,MARGIN,,"[{'type': 'MarginBalance', 'initial': '0.00', 'maintenance': '2252.26', 'currency': 'USD', 'instrument_id': 'EUR/USD.IDEALPRO'}]",False,{}
105754.35,2252.26,103502.09,USD,IDEALPRO-001,MARGIN,,"[{'type': 'MarginBalance', 'initial': '0.00', 'maintenance': '2252.26', 'currency': 'USD', 'instrument_id': 'EUR/USD.IDEALPRO'}]",False,{}
100000.00,0.00,100000.00,EUR,IDEALPRO-001,MARGIN,,"[{'type': 'MarginBalance', 'initial': '0.00', 'maintenance': '2252.26', 'currency': 'USD', 'instrument_id': 'EUR/USD.IDEALPRO'}]",False,{}
105400.09,0.00,105400.09,USD,IDEALPRO-001,MARGIN,,[],False,{}
100000.00,0.00,100000.00,EUR,IDEALPRO-001,MARGIN,,[],False,{}
105400.09,0.00,105400.09,USD,IDEALPRO-001,MARGIN,,[],False,{}
100000.00,0.00,100000.00,EUR,IDEALPRO-001,MARGIN,,[],False,{}
105400.09,0.00,105400.09,USD,IDEALPRO-001,MARGIN,,[],False,{}
100000.00,0.00,100000.00,EUR,IDEALPRO-001,MARGIN,,[],False,{}
105400.09,0.00,105400.09,USD,IDEALPRO-001,MARGIN,,[],False,{}
100000.00,0.00,100000.00,EUR,IDEALPRO-001,MARGIN,,[],False,{}
105397.82,0.00,105397.82,USD,IDEALPRO-001,MARGIN,,[],False,{}
100000.00,0.00,100000.00,EUR,IDEALPRO-001,MARGIN,,[],False,{}
105397.82,2268.84,103128.98,USD,IDEALPRO-001,MARGIN,,"[{'type': 'MarginBalance', 'initial': '0.00', 'maintenance': '2268.84', 'currency': 'USD', 'instrument_id': 'EUR/USD.IDEALPRO'}]",False,{}
100000.00,0.00,100000.00,EUR,IDEALPRO-001,MARGIN,,"[{'type': 'MarginBalance', 'initial': '0.00', 'maintenance': '2268.84', 'currency': 'USD', 'instrument_id': 'EUR/USD.IDEALPRO'}]",False,{}
105397.82,2268.84,103128.98,USD,IDEALPRO-001,MARGIN,,"[{'type': 'MarginBalance', 'initial': '0.00', 'maintenance': '2268.84', 'currency': 'USD', 'instrument_id': 'EUR/USD.IDEALPRO'}]",False,{}
100000.00,0.00,100000.00,EUR,IDEALPRO-001,MARGIN,,"[{'type': 'MarginBalance', 'initial': '0.00', 'maintenance': '2268.84', 'currency': 'USD', 'instrument_id': 'EUR/USD.IDEALPRO'}]",False,{}
105397.82,2268.84,103128.98,USD,IDEALPRO-001,MARGIN,,"[{'type': 'MarginBalance', 'initial': '0.00', 'maintenance': '2268.84', 'currency': 'USD', 'instrument_id': 'EUR/USD.IDEALPRO'}]",False,{}
100000.00,0.00,100000.00,EUR,IDEALPRO-001,MARGIN,,"[{'type': 'MarginBalance', 'initial': '0.00', 'maintenance': '2268.84', 'currency': 'USD', 'instrument_id': 'EUR/USD.IDEALPRO'}]",False,{}
105043.56,0.00,105043.56,USD,IDEALPRO-001,MARGIN,,[],False,{}
100000.00,0.00,100000.00,EUR,IDEALPRO-001,MARGIN,,[],False,{}
105043.56,0.00,105043.56,USD,IDEALPRO-001,MARGIN,,[],False,{}
100000.00,0.00,100000.00,EUR,IDEALPRO-001,MARGIN,,[],False,{}
105043.56,0.00,105043.56,USD,IDEALPRO-001,MARGIN,,[],False,{}
100000.00,0.00,100000.00,EUR,IDEALPRO-001,MARGIN,,[],False,{}
105043.56,0.00,105043.56,USD,IDEALPRO-001,MARGIN,,[],False,{}
100000.00,0.00,100000.00,EUR,IDEALPRO-001,MARGIN,,[],False,{}
105041.29,0.00,105041.29,USD,IDEALPRO-001,MARGIN,,[],False,{}
100000.00,0.00,100000.00,EUR,IDEALPRO-001,MARGIN,,[],False,{}
105041.29,2268.20,102773.09,USD,IDEALPRO-001,MARGIN,,"[{'type': 'MarginBalance', 'initial': '0.00', 'maintenance': '2268.20', 'currency': 'USD', 'instrument_id': 'EUR/USD.IDEALPRO'}]",False,{}
100000.00,0.00,100000.00,EUR,IDEALPRO-001,MARGIN,,"[{'type': 'MarginBalance', 'initial': '0.00', 'maintenance': '2268.20', 'currency': 'USD', 'instrument_id': 'EUR/USD.IDEALPRO'}]",False,{}
105041.29,2268.20,102773.09,USD,IDEALPRO-001,MARGIN,,"[{'type': 'MarginBalance', 'initial': '0.00', 'maintenance': '2268.20', 'currency': 'USD', 'instrument_id': 'EUR/USD.IDEALPRO'}]",False,{}
100000.00,0.00,100000.00,EUR,IDEALPRO-001,MARGIN,,"[{'type': 'MarginBalance', 'initial': '0.00', 'maintenance': '2268.20', 'currency': 'USD', 'instrument_id': 'EUR/USD.IDEALPRO'}]",False,{}
105041.29,2268.20,102773.09,USD,IDEALPRO-001,MARGIN,,"[{'type': 'MarginBalance', 'initial': '0.00', 'maintenance': '2268.20', 'currency': 'USD', 'instrument_id': 'EUR/USD.IDEALPRO'}]",False,{}
100000.00,0.00,100000.00,EUR,IDEALPRO-001,MARGIN,,"[{'type': 'MarginBalance', 'initial': '0.00', 'maintenance': '2268.20', 'currency': 'USD', 'instrument_id': 'EUR/USD.IDEALPRO'}]",False,{}
105538.03,0.00,105538.03,USD,IDEALPRO-001,MARGIN,,[],False,{}
100000.00,0.00,100000.00,EUR,IDEALPRO-001,MARGIN,,[],False,{}
105538.03,0.00,105538.03,USD,IDEALPRO-001,MARGIN,,[],False,{}
100000.00,0.00,100000.00,EUR,IDEALPRO-001,MARGIN,,[],False,{}
105538.03,0.00,105538.03,USD,IDEALPRO-001,MARGIN,,[],False,{}
100000.00,0.00,100000.00,EUR,IDEALPRO-001,MARGIN,,[],False,{}
105538.03,0.00,105538.03,USD,IDEALPRO-001,MARGIN,,[],False,{}
100000.00,0.00,100000.00,EUR,IDEALPRO-001,MARGIN,,[],False,{}
105535.75,0.00,105535.75,USD,IDEALPRO-001,MARGIN,,[],False,{}
100000.00,0.00,100000.00,EUR,IDEALPRO-001,MARGIN,,[],False,{}
105535.75,2276.56,103259.19,USD,IDEALPRO-001,MARGIN,,"[{'type': 'MarginBalance', 'initial': '0.00', 'maintenance': '2276.56', 'currency': 'USD', 'instrument_id': 'EUR/USD.IDEALPRO'}]",False,{}
100000.00,0.00,100000.00,EUR,IDEALPRO-001,MARGIN,,"[{'type': 'MarginBalance', 'initial': '0.00', 'maintenance': '2276.56', 'currency': 'USD', 'instrument_id': 'EUR/USD.IDEALPRO'}]",False,{}
105535.75,2276.56,103259.19,USD,IDEALPRO-001,MARGIN,,"[{'type': 'MarginBalance', 'initial': '0.00', 'maintenance': '2276.56', 'currency': 'USD', 'instrument_id': 'EUR/USD.IDEALPRO'}]",False,{}
100000.00,0.00,100000.00,EUR,IDEALPRO-001,MARGIN,,"[{'type': 'MarginBalance', 'initial': '0.00', 'maintenance': '2276.56', 'currency': 'USD', 'instrument_id': 'EUR/USD.IDEALPRO'}]",False,{}
105535.75,2276.56,103259.19,USD,IDEALPRO-001,MARGIN,,"[{'type': 'MarginBalance', 'initial': '0.00', 'maintenance': '2276.56', 'currency': 'USD', 'instrument_id': 'EUR/USD.IDEALPRO'}]",False,{}
100000.00,0.00,100000.00,EUR,IDEALPRO-001,MARGIN,,"[{'type': 'MarginBalance', 'initial': '0.00', 'maintenance': '2276.56', 'currency': 'USD', 'instrument_id': 'EUR/USD.IDEALPRO'}]",False,{}
105181.48,0.00,105181.48,USD,IDEALPRO-001,MARGIN,,[],False,{}
100000.00,0.00,100000.00,EUR,IDEALPRO-001,MARGIN,,[],False,{}
105181.48,0.00,105181.48,USD,IDEALPRO-001,MARGIN,,[],False,{}
100000.00,0.00,100000.00,EUR,IDEALPRO-001,MARGIN,,[],False,{}
105181.48,0.00,105181.48,USD,IDEALPRO-001,MARGIN,,[],False,{}
100000.00,0.00,100000.00,EUR,IDEALPRO-001,MARGIN,,[],False,{}
105181.48,0.00,105181.48,USD,IDEALPRO-001,MARGIN,,[],False,{}
100000.00,0.00,100000.00,EUR,IDEALPRO-001,MARGIN,,[],False,{}
105179.21,0.00,105179.21,USD,IDEALPRO-001,MARGIN,,[],False,{}
100000.00,0.00,100000.00,EUR,IDEALPRO-001,MARGIN,,[],False,{}
105179.21,2274.44,102904.77,USD,IDEALPRO-001,MARGIN,,"[{'type': 'MarginBalance', 'initial': '0.00', 'maintenance': '2274.44', 'currency': 'USD', 'instrument_id': 'EUR/USD.IDEALPRO'}]",False,{}
100000.00,0.00,100000.00,EUR,IDEALPRO-001,MARGIN,,"[{'type': 'MarginBalance', 'initial': '0.00', 'maintenance': '2274.44', 'currency': 'USD', 'instrument_id': 'EUR/USD.IDEALPRO'}]",False,{}
105179.21,2274.44,102904.77,USD,IDEALPRO-001,MARGIN,,"[{'type': 'MarginBalance', 'initial': '0.00', 'maintenance': '2274.44', 'currency': 'USD', 'instrument_id': 'EUR/USD.IDEALPRO'}]",False,{}
100000.00,0.00,100000.00,EUR,IDEALPRO-001,MARGIN,,"[{'type': 'MarginBalance', 'initial': '0.00', 'maintenance': '2274.44', 'currency': 'USD', 'instrument_id': 'EUR/USD.IDEALPRO'}]",False,{}
105179.21,2274.44,102904.77,USD,IDEALPRO-001,MARGIN,,"[{'type': 'MarginBalance', 'initial': '0.00', 'maintenance': '2274.44', 'currency': 'USD', 'instrument_id': 'EUR/USD.IDEALPRO'}]",False,{}
100000.00,0.00,100000.00,EUR,IDEALPRO-001,MARGIN,,"[{'type': 'MarginBalance', 'initial': '0.00', 'maintenance': '2274.44', 'currency': 'USD', 'instrument_id': 'EUR/USD.IDEALPRO'}]",False,{}
104824.93,0.00,104824.93,USD,IDEALPRO-001,MARGIN,,[],False,{}
100000.00,0.00,100000.00,EUR,IDEALPRO-001,MARGIN,,[],False,{}
104824.93,0.00,104824.93,USD,IDEALPRO-001,MARGIN,,[],False,{}
100000.00,0.00,100000.00,EUR,IDEALPRO-001,MARGIN,,[],False,{}
104824.93,0.00,104824.93,USD,IDEALPRO-001,MARGIN,,[],False,{}
100000.00,0.00,100000.00,EUR,IDEALPRO-001,MARGIN,,[],False,{}
104824.93,0.00,104824.93,USD,IDEALPRO-001,MARGIN,,[],False,{}
100000.00,0.00,100000.00,EUR,IDEALPRO-001,MARGIN,,[],False,{}
104822.65,0.00,104822.65,USD,IDEALPRO-001,MARGIN,,[],False,{}
100000.00,0.00,100000.00,EUR,IDEALPRO-001,MARGIN,,[],False,{}
104822.65,2283.60,102539.05,USD,IDEALPRO-001,MARGIN,,"[{'type': 'MarginBalance', 'initial': '0.00', 'maintenance': '2283.60', 'currency': 'USD', 'instrument_id': 'EUR/USD.IDEALPRO'}]",False,{}
100000.00,0.00,100000.00,EUR,IDEALPRO-001,MARGIN,,"[{'type': 'MarginBalance', 'initial': '0.00', 'maintenance': '2283.60', 'currency': 'USD', 'instrument_id': 'EUR/USD.IDEALPRO'}]",False,{}
104822.65,2283.60,102539.05,USD,IDEALPRO-001,MARGIN,,"[{'type': 'MarginBalance', 'initial': '0.00', 'maintenance': '2283.60', 'currency': 'USD', 'instrument_id': 'EUR/USD.IDEALPRO'}]",False,{}
100000.00,0.00,100000.00,EUR,IDEALPRO-001,MARGIN,,"[{'type': 'MarginBalance', 'initial': '0.00', 'maintenance': '2283.60', 'currency': 'USD', 'instrument_id': 'EUR/USD.IDEALPRO'}]",False,{}
104822.65,2283.60,102539.05,USD,IDEALPRO-001,MARGIN,,"[{'type': 'MarginBalance', 'initial': '0.00', 'maintenance': '2283.60', 'currency': 'USD', 'instrument_id': 'EUR/USD.IDEALPRO'}]",False,{}
100000.00,0.00,100000.00,EUR,IDEALPRO-001,MARGIN,,"[{'type': 'MarginBalance', 'initial': '0.00', 'maintenance': '2283.60', 'currency': 'USD', 'instrument_id': 'EUR/USD.IDEALPRO'}]",False,{}
105319.36,0.00,105319.36,USD,IDEALPRO-001,MARGIN,,[],False,{}
100000.00,0.00,100000.00,EUR,IDEALPRO-001,MARGIN,,[],False,{}
105319.36,0.00,105319.36,USD,IDEALPRO-001,MARGIN,,[],False,{}
100000.00,0.00,100000.00,EUR,IDEALPRO-001,MARGIN,,[],False,{}
105319.36,0.00,105319.36,USD,IDEALPRO-001,MARGIN,,[],False,{}
100000.00,0.00,100000.00,EUR,IDEALPRO-001,MARGIN,,[],False,{}
105319.36,0.00,105319.36,USD,IDEALPRO-001,MARGIN,,[],False,{}
100000.00,0.00,100000.00,EUR,IDEALPRO-001,MARGIN,,[],False,{}
105317.08,0.00,105317.08,USD,IDEALPRO-001,MARGIN,,[],False,{}
100000.00,0.00,100000.00,EUR,IDEALPRO-001,MARGIN,,[],False,{}
105317.08,2277.42,103039.66,USD,IDEALPRO-001,MARGIN,,"[{'type': 'MarginBalance', 'initial': '0.00', 'maintenance': '2277.42', 'currency': 'USD', 'instrument_id': 'EUR/USD.IDEALPRO'}]",False,{}
100000.00,0.00,100000.00,EUR,IDEALPRO-001,MARGIN,,"[{'type': 'MarginBalance', 'initial': '0.00', 'maintenance': '2277.42', 'currency': 'USD', 'instrument_id': 'EUR/USD.IDEALPRO'}]",False,{}
105317.08,2277.42,103039.66,USD,IDEALPRO-001,MARGIN,,"[{'type': 'MarginBalance', 'initial': '0.00', 'maintenance': '2277.42', 'currency': 'USD', 'instrument_id': 'EUR/USD.IDEALPRO'}]",False,{}
100000.00,0.00,100000.00,EUR,IDEALPRO-001,MARGIN,,"[{'type': 'MarginBalance', 'initial': '0.00', 'maintenance': '2277.42', 'currency': 'USD', 'instrument_id': 'EUR/USD.IDEALPRO'}]",False,{}
105317.08,2277.42,103039.66,USD,IDEALPRO-001,MARGIN,,"[{'type': 'MarginBalance', 'initial': '0.00', 'maintenance': '2277.42', 'currency': 'USD', 'instrument_id': 'EUR/USD.IDEALPRO'}]",False,{}
100000.00,0.00,100000.00,EUR,IDEALPRO-001,MARGIN,,"[{'type': 'MarginBalance', 'initial': '0.00', 'maintenance': '2277.42', 'currency': 'USD', 'instrument_id': 'EUR/USD.IDEALPRO'}]",False,{}
104962.80,0.00,104962.80,USD,IDEALPRO-001,MARGIN,,[],False,{}
100000.00,0.00,100000.00,EUR,IDEALPRO-001,MARGIN,,[],False,{}
104962.80,0.00,104962.80,USD,IDEALPRO-001,MARGIN,,[],False,{}
100000.00,0.00,100000.00,EUR,IDEALPRO-001,MARGIN,,[],False,{}
104962.80,0.00,104962.80,USD,IDEALPRO-001,MARGIN,,[],False,{}
100000.00,0.00,100000.00,EUR,IDEALPRO-001,MARGIN,,[],False,{}
104962.80,0.00,104962.80,USD,IDEALPRO-001,MARGIN,,[],False,{}
100000.00,0.00,100000.00,EUR,IDEALPRO-001,MARGIN,,[],False,{}
104960.51,0.00,104960.51,USD,IDEALPRO-001,MARGIN,,[],False,{}
100000.00,0.00,100000.00,EUR,IDEALPRO-001,MARGIN,,[],False,{}
104960.51,2285.26,102675.25,USD,IDEALPRO-001,MARGIN,,"[{'type': 'MarginBalance', 'initial': '0.00', 'maintenance': '2285.26', 'currency': 'USD', 'instrument_id': 'EUR/USD.IDEALPRO'}]",False,{}
100000.00,0.00,100000.00,EUR,IDEALPRO-001,MARGIN,,"[{'type': 'MarginBalance', 'initial': '0.00', 'maintenance': '2285.26', 'currency': 'USD', 'instrument_id': 'EUR/USD.IDEALPRO'}]",False,{}
104960.51,2285.26,102675.25,USD,IDEALPRO-001,MARGIN,,"[{'type': 'MarginBalance', 'initial': '0.00', 'maintenance': '2285.26', 'currency': 'USD', 'instrument_id': 'EUR/USD.IDEALPRO'}]",False,{}
100000.00,0.00,100000.00,EUR,IDEALPRO-001,MARGIN,,"[{'type': 'MarginBalance', 'initial': '0.00', 'maintenance': '2285.26', 'currency': 'USD', 'instrument_id': 'EUR/USD.IDEALPRO'}]",False,{}
104960.51,2285.26,102675.25,USD,IDEALPRO-001,MARGIN,,"[{'type': 'MarginBalance', 'initial': '0.00', 'maintenance': '2285.26', 'currency': 'USD', 'instrument_id': 'EUR/USD.IDEALPRO'}]",False,{}
100000.00,0.00,100000.00,EUR,IDEALPRO-001,MARGIN,,"[{'type': 'MarginBalance', 'initial': '0.00', 'maintenance': '2285.26', 'currency': 'USD', 'instrument_id': 'EUR/USD.IDEALPRO'}]",False,{}
105457.21,0.00,105457.21,USD,IDEALPRO-001,MARGIN,,[],False,{}
100000.00,0.00,100000.00,EUR,IDEALPRO-001,MARGIN,,[],False,{}
105457.21,0.00,105457.21,USD,IDEALPRO-001,MARGIN,,[],False,{}
100000.00,0.00,100000.00,EUR,IDEALPRO-001,MARGIN,,[],False,{}
105457.21,0.00,105457.21,USD,IDEALPRO-001,MARGIN,,[],False,{}
100000.00,0.00,100000.00,EUR,IDEALPRO-001,MARGIN,,[],False,{}
105457.21,0.00,105457.21,USD,IDEALPRO-001,MARGIN,,[],False,{}
100000.00,0.00,100000.00,EUR,IDEALPRO-001,MARGIN,,[],False,{}
105454.91,0.00,105454.91,USD,IDEALPRO-001,MARGIN,,[],False,{}
100000.00,0.00,100000.00,EUR,IDEALPRO-001,MARGIN,,[],False,{}
105454.91,2304.10,103150.81,USD,IDEALPRO-001,MARGIN,,"[{'type': 'MarginBalance', 'initial': '0.00', 'maintenance': '2304.10', 'currency': 'USD', 'instrument_id': 'EUR/USD.IDEALPRO'}]",False,{}
100000.00,0.00,100000.00,EUR,IDEALPRO-001,MARGIN,,"[{'type': 'MarginBalance', 'initial': '0.00', 'maintenance': '2304.10', 'currency': 'USD', 'instrument_id': 'EUR/USD.IDEALPRO'}]",False,{}
105454.91,2304.10,103150.81,USD,IDEALPRO-001,MARGIN,,"[{'type': 'MarginBalance', 'initial': '0.00', 'maintenance': '2304.10', 'currency': 'USD', 'instrument_id': 'EUR/USD.IDEALPRO'}]",False,{}
100000.00,0.00,100000.00,EUR,IDEALPRO-001,MARGIN,,"[{'type': 'MarginBalance', 'initial': '0.00', 'maintenance': '2304.10', 'currency': 'USD', 'instrument_id': 'EUR/USD.IDEALPRO'}]",False,{}
105454.91,2304.10,103150.81,USD,IDEALPRO-001,MARGIN,,"[{'type': 'MarginBalance', 'initial': '0.00', 'maintenance': '2304.10', 'currency': 'USD', 'instrument_id': 'EUR/USD.IDEALPRO'}]",False,{}
100000.00,0.00,100000.00,EUR,IDEALPRO-001,MARGIN,,"[{'type': 'MarginBalance', 'initial': '0.00', 'maintenance': '2304.10', 'currency': 'USD', 'instrument_id': 'EUR/USD.IDEALPRO'}]",False,{}
105951.62,0.00,105951.62,USD,IDEALPRO-001,MARGIN,,[],False,{}
100000.00,0.00,100000.00,EUR,IDEALPRO-001,MARGIN,,[],False,{}
105951.62,0.00,105951.62,USD,IDEALPRO-001,MARGIN,,[],False,{}
100000.00,0.00,100000.00,EUR,IDEALPRO-001,MARGIN,,[],False,{}
105951.62,0.00,105951.62,USD,IDEALPRO-001,MARGIN,,[],False,{}
100000.00,0.00,100000.00,EUR,IDEALPRO-001,MARGIN,,[],False,{}
105951.62,0.00,105951.62,USD,IDEALPRO-001,MARGIN,,[],False,{}
100000.00,0.00,100000.00,EUR,IDEALPRO-001,MARGIN,,[],False,{}
105949.32,0.00,105949.32,USD,IDEALPRO-001,MARGIN,,[],False,{}
100000.00,0.00,100000.00,EUR,IDEALPRO-001,MARGIN,,[],False,{}
105949.32,2304.62,103644.70,USD,IDEALPRO-001,MARGIN,,"[{'type': 'MarginBalance', 'initial': '0.00', 'maintenance': '2304.62', 'currency': 'USD', 'instrument_id': 'EUR/USD.IDEALPRO'}]",False,{}
100000.00,0.00,100000.00,EUR,IDEALPRO-001,MARGIN,,"[{'type': 'MarginBalance', 'initial': '0.00', 'maintenance': '2304.62', 'currency': 'USD', 'instrument_id': 'EUR/USD.IDEALPRO'}]",False,{}
105949.32,2304.62,103644.70,USD,IDEALPRO-001,MARGIN,,"[{'type': 'MarginBalance', 'initial': '0.00', 'maintenance': '2304.62', 'currency': 'USD', 'instrument_id': 'EUR/USD.IDEALPRO'}]",False,{}
100000.00,0.00,100000.00,EUR,IDEALPRO-001,MARGIN,,"[{'type': 'MarginBalance', 'initial': '0.00', 'maintenance': '2304.62', 'currency': 'USD', 'instrument_id': 'EUR/USD.IDEALPRO'}]",False,{}
105949.32,2304.62,103644.70,USD,IDEALPRO-001,MARGIN,,"[{'type': 'MarginBalance', 'initial': '0.00', 'maintenance': '2304.62', 'currency': 'USD', 'instrument_id': 'EUR/USD.IDEALPRO'}]",False,{}
100000.00,0.00,100000.00,EUR,IDEALPRO-001,MARGIN,,"[{'type': 'MarginBalance', 'initial': '0.00', 'maintenance': '2304.62', 'currency': 'USD', 'instrument_id': 'EUR/USD.IDEALPRO'}]",False,{}
105595.02,0.00,105595.02,USD,IDEALPRO-001,MARGIN,,[],False,{}
100000.00,0.00,100000.00,EUR,IDEALPRO-001,MARGIN,,[],False,{}
105595.02,0.00,105595.02,USD,IDEALPRO-001,MARGIN,,[],False,{}
100000.00,0.00,100000.00,EUR,IDEALPRO-001,MARGIN,,[],False,{}
105595.02,0.00,105595.02,USD,IDEALPRO-001,MARGIN,,[],False,{}
100000.00,0.00,100000.00,EUR,IDEALPRO-001,MARGIN,,[],False,{}
105595.02,0.00,105595.02,USD,IDEALPRO-001,MARGIN,,[],False,{}
100000.00,0.00,100000.00,EUR,IDEALPRO-001,MARGIN,,[],False,{}
105592.72,0.00,105592.72,USD,IDEALPRO-001,MARGIN,,[],False,{}
100000.00,0.00,100000.00,EUR,IDEALPRO-001,MARGIN,,[],False,{}
105592.72,2299.32,103293.40,USD,IDEALPRO-001,MARGIN,,"[{'type': 'MarginBalance', 'initial': '0.00', 'maintenance': '2299.32', 'currency': 'USD', 'instrument_id': 'EUR/USD.IDEALPRO'}]",False,{}
100000.00,0.00,100000.00,EUR,IDEALPRO-001,MARGIN,,"[{'type': 'MarginBalance', 'initial': '0.00', 'maintenance': '2299.32', 'currency': 'USD', 'instrument_id': 'EUR/USD.IDEALPRO'}]",False,{}
105592.72,2299.32,103293.40,USD,IDEALPRO-001,MARGIN,,"[{'type': 'MarginBalance', 'initial': '0.00', 'maintenance': '2299.32', 'currency': 'USD', 'instrument_id': 'EUR/USD.IDEALPRO'}]",False,{}
100000.00,0.00,100000.00,EUR,IDEALPRO-001,MARGIN,,"[{'type': 'MarginBalance', 'initial': '0.00', 'maintenance': '2299.32', 'currency': 'USD', 'instrument_id': 'EUR/USD.IDEALPRO'}]",False,{}
105592.72,2299.32,103293.40,USD,IDEALPRO-001,MARGIN,,"[{'type': 'MarginBalance', 'initial': '0.00', 'maintenance': '2299.32', 'currency': 'USD', 'instrument_id': 'EUR/USD.IDEALPRO'}]",False,{}
100000.00,0.00,100000.00,EUR,IDEALPRO-001,MARGIN,,"[{'type': 'MarginBalance', 'initial': '0.00', 'maintenance': '2299.32', 'currency': 'USD', 'instrument_id': 'EUR/USD.IDEALPRO'}]",False,{}
105238.41,0.00,105238.41,USD,IDEALPRO-001,MARGIN,,[],False,{}
100000.00,0.00,100000.00,EUR,IDEALPRO-001,MARGIN,,[],False,{}
105238.41,0.00,105238.41,USD,IDEALPRO-001,MARGIN,,[],False,{}
100000.00,0.00,100000.00,EUR,IDEALPRO-001,MARGIN,,[],False,{}
105238.41,0.00,105238.41,USD,IDEALPRO-001,MARGIN,,[],False,{}
100000.00,0.00,100000.00,EUR,IDEALPRO-001,MARGIN,,[],False,{}
105238.41,0.00,105238.41,USD,IDEALPRO-001,MARGIN,,[],False,{}
100000.00,0.00,100000.00,EUR,IDEALPRO-001,MARGIN,,[],False,{}
105236.10,0.00,105236.10,USD,IDEALPRO-001,MARGIN,,[],False,{}
100000.00,0.00,100000.00,EUR,IDEALPRO-001,MARGIN,,[],False,{}
105236.10,2311.70,102924.40,USD,IDEALPRO-001,MARGIN,,"[{'type': 'MarginBalance', 'initial': '0.00', 'maintenance': '2311.70', 'currency': 'USD', 'instrument_id': 'EUR/USD.IDEALPRO'}]",False,{}
100000.00,0.00,100000.00,EUR,IDEALPRO-001,MARGIN,,"[{'type': 'MarginBalance', 'initial': '0.00', 'maintenance': '2311.70', 'currency': 'USD', 'instrument_id': 'EUR/USD.IDEALPRO'}]",False,{}
105236.10,2311.70,102924.40,USD,IDEALPRO-001,MARGIN,,"[{'type': 'MarginBalance', 'initial': '0.00', 'maintenance': '2311.70', 'currency': 'USD', 'instrument_id': 'EUR/USD.IDEALPRO'}]",False,{}
100000.00,0.00,100000.00,EUR,IDEALPRO-001,MARGIN,,"[{'type': 'MarginBalance', 'initial': '0.00', 'maintenance': '2311.70', 'currency': 'USD', 'instrument_id': 'EUR/USD.IDEALPRO'}]",False,{}
105236.10,2311.70,102924.40,USD,IDEALPRO-001,MARGIN,,"[{'type': 'MarginBalance', 'initial': '0.00', 'maintenance': '2311.70', 'currency': 'USD', 'instrument_id': 'EUR/USD.IDEALPRO'}]",False,{}
100000.00,0.00,100000.00,EUR,IDEALPRO-001,MARGIN,,"[{'type': 'MarginBalance', 'initial': '0.00', 'maintenance': '2311.70', 'currency': 'USD', 'instrument_id': 'EUR/USD.IDEALPRO'}]",False,{}
105236.10,2311.70,102924.40,USD,IDEALPRO-001,MARGIN,,"[{'type': 'MarginBalance', 'initial': '0.00', 'maintenance': '2311.70', 'currency': 'USD', 'instrument_id': 'EUR/USD.IDEALPRO'}]",False,{}
100000.00,0.00,100000.00,EUR,IDEALPRO-001,MARGIN,,"[{'type': 'MarginBalance', 'initial': '0.00', 'maintenance': '2311.70', 'currency': 'USD', 'instrument_id': 'EUR/USD.IDEALPRO'}]",False,{}
105236.10,2311.70,102924.40,USD,IDEALPRO-001,MARGIN,,"[{'type': 'MarginBalance', 'initial': '0.00', 'maintenance': '2311.70', 'currency': 'USD', 'instrument_id': 'EUR/USD.IDEALPRO'}]",False,{}
100000.00,0.00,100000.00,EUR,IDEALPRO-001,MARGIN,,"[{'type': 'MarginBalance', 'initial': '0.00', 'maintenance': '2311.70', 'currency': 'USD', 'instrument_id': 'EUR/USD.IDEALPRO'}]",False,{}
105732.78,0.00,105732.78,USD,IDEALPRO-001,MARGIN,,[],False,{}
100000.00,0.00,100000.00,EUR,IDEALPRO-001,MARGIN,,[],False,{}
105732.78,0.00,105732.78,USD,IDEALPRO-001,MARGIN,,[],False,{}
100000.00,0.00,100000.00,EUR,IDEALPRO-001,MARGIN,,[],False,{}
105732.78,0.00,105732.78,USD,IDEALPRO-001,MARGIN,,[],False,{}
100000.00,0.00,100000.00,EUR,IDEALPRO-001,MARGIN,,[],False,{}
105732.78,0.00,105732.78,USD,IDEALPRO-001,MARGIN,,[],False,{}
100000.00,0.00,100000.00,EUR,IDEALPRO-001,MARGIN,,[],False,{}
105730.43,0.00,105730.43,USD,IDEALPRO-001,MARGIN,,[],False,{}
100000.00,0.00,100000.00,EUR,IDEALPRO-001,MARGIN,,[],False,{}
105730.43,2351.58,103378.85,USD,IDEALPRO-001,MARGIN,,"[{'type': 'MarginBalance', 'initial': '0.00', 'maintenance': '2351.58', 'currency': 'USD', 'instrument_id': 'EUR/USD.IDEALPRO'}]",False,{}
100000.00,0.00,100000.00,EUR,IDEALPRO-001,MARGIN,,"[{'type': 'MarginBalance', 'initial': '0.00', 'maintenance': '2351.58', 'currency': 'USD', 'instrument_id': 'EUR/USD.IDEALPRO'}]",False,{}
105730.43,2351.58,103378.85,USD,IDEALPRO-001,MARGIN,,"[{'type': 'MarginBalance', 'initial': '0.00', 'maintenance': '2351.58', 'currency': 'USD', 'instrument_id': 'EUR/USD.IDEALPRO'}]",False,{}
100000.00,0.00,100000.00,EUR,IDEALPRO-001,MARGIN,,"[{'type': 'MarginBalance', 'initial': '0.00', 'maintenance': '2351.58', 'currency': 'USD', 'instrument_id': 'EUR/USD.IDEALPRO'}]",False,{}
105730.43,2351.58,103378.85,USD,IDEALPRO-001,MARGIN,,"[{'type': 'MarginBalance', 'initial': '0.00', 'maintenance': '2351.58', 'currency': 'USD', 'instrument_id': 'EUR/USD.IDEALPRO'}]",False,{}
100000.00,0.00,100000.00,EUR,IDEALPRO-001,MARGIN,,"[{'type': 'MarginBalance', 'initial': '0.00', 'maintenance': '2351.58', 'currency': 'USD', 'instrument_id': 'EUR/USD.IDEALPRO'}]",False,{}
106227.09,0.00,106227.09,USD,IDEALPRO-001,MARGIN,,[],False,{}
100000.00,0.00,100000.00,EUR,IDEALPRO-001,MARGIN,,[],False,{}
106227.09,0.00,106227.09,USD,IDEALPRO-001,MARGIN,,[],False,{}
100000.00,0.00,100000.00,EUR,IDEALPRO-001,MARGIN,,[],False,{}
106227.09,0.00,106227.09,USD,IDEALPRO-001,MARGIN,,[],False,{}
100000.00,0.00,100000.00,EUR,IDEALPRO-001,MARGIN,,[],False,{}
106227.09,0.00,106227.09,USD,IDEALPRO-001,MARGIN,,[],False,{}
100000.00,0.00,100000.00,EUR,IDEALPRO-001,MARGIN,,[],False,{}
106224.74,0.00,106224.74,USD,IDEALPRO-001,MARGIN,,[],False,{}
100000.00,0.00,100000.00,EUR,IDEALPRO-001,MARGIN,,[],False,{}
106224.74,2347.52,103877.22,USD,IDEALPRO-001,MARGIN,,"[{'type': 'MarginBalance', 'initial': '0.00', 'maintenance': '2347.52', 'currency': 'USD', 'instrument_id': 'EUR/USD.IDEALPRO'}]",False,{}
100000.00,0.00,100000.00,EUR,IDEALPRO-001,MARGIN,,"[{'type': 'MarginBalance', 'initial': '0.00', 'maintenance': '2347.52', 'currency': 'USD', 'instrument_id': 'EUR/USD.IDEALPRO'}]",False,{}
106224.74,2347.52,103877.22,USD,IDEALPRO-001,MARGIN,,"[{'type': 'MarginBalance', 'initial': '0.00', 'maintenance': '2347.52', 'currency': 'USD', 'instrument_id': 'EUR/USD.IDEALPRO'}]",False,{}
100000.00,0.00,100000.00,EUR,IDEALPRO-001,MARGIN,,"[{'type': 'MarginBalance', 'initial': '0.00', 'maintenance': '2347.52', 'currency': 'USD', 'instrument_id': 'EUR/USD.IDEALPRO'}]",False,{}
106224.74,2347.52,103877.22,USD,IDEALPRO-001,MARGIN,,"[{'type': 'MarginBalance', 'initial': '0.00', 'maintenance': '2347.52', 'currency': 'USD', 'instrument_id': 'EUR/USD.IDEALPRO'}]",False,{}
100000.00,0.00,100000.00,EUR,IDEALPRO-001,MARGIN,,"[{'type': 'MarginBalance', 'initial': '0.00', 'maintenance': '2347.52', 'currency': 'USD', 'instrument_id': 'EUR/USD.IDEALPRO'}]",False,{}
105870.40,0.00,105870.40,USD,IDEALPRO-001,MARGIN,,[],False,{}
100000.00,0.00,100000.00,EUR,IDEALPRO-001,MARGIN,,[],False,{}
105870.40,0.00,105870.40,USD,IDEALPRO-001,MARGIN,,[],False,{}
100000.00,0.00,100000.00,EUR,IDEALPRO-001,MARGIN,,[],False,{}
105870.40,0.00,105870.40,USD,IDEALPRO-001,MARGIN,,[],False,{}
100000.00,0.00,100000.00,EUR,IDEALPRO-001,MARGIN,,[],False,{}
105870.40,0.00,105870.40,USD,IDEALPRO-001,MARGIN,,[],False,{}
100000.00,0.00,100000.00,EUR,IDEALPRO-001,MARGIN,,[],False,{}
105868.06,0.00,105868.06,USD,IDEALPRO-001,MARGIN,,[],False,{}
100000.00,0.00,100000.00,EUR,IDEALPRO-001,MARGIN,,[],False,{}
105868.06,2335.42,103532.64,USD,IDEALPRO-001,MARGIN,,"[{'type': 'MarginBalance', 'initial': '0.00', 'maintenance': '2335.42', 'currency': 'USD', 'instrument_id': 'EUR/USD.IDEALPRO'}]",False,{}
100000.00,0.00,100000.00,EUR,IDEALPRO-001,MARGIN,,"[{'type': 'MarginBalance', 'initial': '0.00', 'maintenance': '2335.42', 'currency': 'USD', 'instrument_id': 'EUR/USD.IDEALPRO'}]",False,{}
105868.06,2335.42,103532.64,USD,IDEALPRO-001,MARGIN,,"[{'type': 'MarginBalance', 'initial': '0.00', 'maintenance': '2335.42', 'currency': 'USD', 'instrument_id': 'EUR/USD.IDEALPRO'}]",False,{}
100000.00,0.00,100000.00,EUR,IDEALPRO-001,MARGIN,,"[{'type': 'MarginBalance', 'initial': '0.00', 'maintenance': '2335.42', 'currency': 'USD', 'instrument_id': 'EUR/USD.IDEALPRO'}]",False,{}
105868.06,2335.42,103532.64,USD,IDEALPRO-001,MARGIN,,"[{'type': 'MarginBalance', 'initial': '0.00', 'maintenance': '2335.42', 'currency': 'USD', 'instrument_id': 'EUR/USD.IDEALPRO'}]",False,{}
100000.00,0.00,100000.00,EUR,IDEALPRO-001,MARGIN,,"[{'type': 'MarginBalance', 'initial': '0.00', 'maintenance': '2335.42', 'currency': 'USD', 'instrument_id': 'EUR/USD.IDEALPRO'}]",False,{}
105513.72,0.00,105513.72,USD,IDEALPRO-001,MARGIN,,[],False,{}
100000.00,0.00,100000.00,EUR,IDEALPRO-001,MARGIN,,[],False,{}
105513.72,0.00,105513.72,USD,IDEALPRO-001,MARGIN,,[],False,{}
100000.00,0.00,100000.00,EUR,IDEALPRO-001,MARGIN,,[],False,{}
105513.72,0.00,105513.72,USD,IDEALPRO-001,MARGIN,,[],False,{}
100000.00,0.00,100000.00,EUR,IDEALPRO-001,MARGIN,,[],False,{}
105513.72,0.00,105513.72,USD,IDEALPRO-001,MARGIN,,[],False,{}
100000.00,0.00,100000.00,EUR,IDEALPRO-001,MARGIN,,[],False,{}
105511.40,0.00,105511.40,USD,IDEALPRO-001,MARGIN,,[],False,{}
100000.00,0.00,100000.00,EUR,IDEALPRO-001,MARGIN,,[],False,{}
105511.40,2323.88,103187.52,USD,IDEALPRO-001,MARGIN,,"[{'type': 'MarginBalance', 'initial': '0.00', 'maintenance': '2323.88', 'currency': 'USD', 'instrument_id': 'EUR/USD.IDEALPRO'}]",False,{}
100000.00,0.00,100000.00,EUR,IDEALPRO-001,MARGIN,,"[{'type': 'MarginBalance', 'initial': '0.00', 'maintenance': '2323.88', 'currency': 'USD', 'instrument_id': 'EUR/USD.IDEALPRO'}]",False,{}
105511.40,2323.88,103187.52,USD,IDEALPRO-001,MARGIN,,"[{'type': 'MarginBalance', 'initial': '0.00', 'maintenance': '2323.88', 'currency': 'USD', 'instrument_id': 'EUR/USD.IDEALPRO'}]",False,{}
100000.00,0.00,100000.00,EUR,IDEALPRO-001,MARGIN,,"[{'type': 'MarginBalance', 'initial': '0.00', 'maintenance': '2323.88', 'currency': 'USD', 'instrument_id': 'EUR/USD.IDEALPRO'}]",False,{}
105511.40,2323.88,103187.52,USD,IDEALPRO-001,MARGIN,,"[{'type': 'MarginBalance', 'initial': '0.00', 'maintenance': '2323.88', 'currency': 'USD', 'instrument_id': 'EUR/USD.IDEALPRO'}]",False,{}
100000.00,0.00,100000.00,EUR,IDEALPRO-001,MARGIN,,"[{'type': 'MarginBalance', 'initial': '0.00', 'maintenance': '2323.88', 'currency': 'USD', 'instrument_id': 'EUR/USD.IDEALPRO'}]",False,{}
106008.07,0.00,106008.07,USD,IDEALPRO-001,MARGIN,,[],False,{}
100000.00,0.00,100000.00,EUR,IDEALPRO-001,MARGIN,,[],False,{}
106008.07,0.00,106008.07,USD,IDEALPRO-001,MARGIN,,[],False,{}
100000.00,0.00,100000.00,EUR,IDEALPRO-001,MARGIN,,[],False,{}
106008.07,0.00,106008.07,USD,IDEALPRO-001,MARGIN,,[],False,{}
100000.00,0.00,100000.00,EUR,IDEALPRO-001,MARGIN,,[],False,{}
106008.07,0.00,106008.07,USD,IDEALPRO-001,MARGIN,,[],False,{}
100000.00,0.00,100000.00,EUR,IDEALPRO-001,MARGIN,,[],False,{}
106005.72,0.00,106005.72,USD,IDEALPRO-001,MARGIN,,[],False,{}
100000.00,0.00,100000.00,EUR,IDEALPRO-001,MARGIN,,[],False,{}
106005.72,2349.26,103656.46,USD,IDEALPRO-001,MARGIN,,"[{'type': 'MarginBalance', 'initial': '0.00', 'maintenance': '2349.26', 'currency': 'USD', 'instrument_id': 'EUR/USD.IDEALPRO'}]",False,{}
100000.00,0.00,100000.00,EUR,IDEALPRO-001,MARGIN,,"[{'type': 'MarginBalance', 'initial': '0.00', 'maintenance': '2349.26', 'currency': 'USD', 'instrument_id': 'EUR/USD.IDEALPRO'}]",False,{}
106005.72,2349.26,103656.46,USD,IDEALPRO-001,MARGIN,,"[{'type': 'MarginBalance', 'initial': '0.00', 'maintenance': '2349.26', 'currency': 'USD', 'instrument_id': 'EUR/USD.IDEALPRO'}]",False,{}
100000.00,0.00,100000.00,EUR,IDEALPRO-001,MARGIN,,"[{'type': 'MarginBalance', 'initial': '0.00', 'maintenance': '2349.26', 'currency': 'USD', 'instrument_id': 'EUR/USD.IDEALPRO'}]",False,{}
106005.72,2349.26,103656.46,USD,IDEALPRO-001,MARGIN,,"[{'type': 'MarginBalance', 'initial': '0.00', 'maintenance': '2349.26', 'currency': 'USD', 'instrument_id': 'EUR/USD.IDEALPRO'}]",False,{}
100000.00,0.00,100000.00,EUR,IDEALPRO-001,MARGIN,,"[{'type': 'MarginBalance', 'initial': '0.00', 'maintenance': '2349.26', 'currency': 'USD', 'instrument_id': 'EUR/USD.IDEALPRO'}]",False,{}
106502.38,0.00,106502.38,USD,IDEALPRO-001,MARGIN,,[],False,{}
100000.00,0.00,100000.00,EUR,IDEALPRO-001,MARGIN,,[],False,{}
106502.38,0.00,106502.38,USD,IDEALPRO-001,MARGIN,,[],False,{}
100000.00,0.00,100000.00,EUR,IDEALPRO-001,MARGIN,,[],False,{}
