trader_id,strategy_id,instrument_id,venue_order_id,position_id,account_id,last_trade_id,type,side,quantity,time_in_force,is_reduce_only,is_quote_quantity,filled_qty,liquidity_side,avg_px,slippage,commissions,emulation_trigger,status,contingency_type,order_list_id,linked_order_ids,parent_order_id,exec_algorithm_id,exec_algorithm_params,exec_spawn_id,tags,init_id,ts_init,ts_last,trigger_price,trigger_type,expire_time_ns,trigger_instrument_id,price,is_post_only,display_qty
BACKTESTER-001,MovingAverageCrossover-MA_CROSS,EUR/USD.IDEALPRO,IDEALPRO-1-001,EUR/USD.IDEALPRO-MovingAverageCrossover-MA_CROSS,IDEALPRO-001,IDEALPRO-1-812,MARKET,SELL,100000.00,GTC,False,False,100000.00,TAKER,1.03183500000025,0.0,['2.06 USD'],NO_TRIGGER,FILLED,OTO,OL-20250102-133000-001-MA_CROSS-1,"['O-20250102-133000-001-MA_CROSS-2', 'O-20250102-133000-001-MA_CROSS-3']",,,,,['MA_CROSS'],8c6accaf-3826-4d27-b945-7b8f000cd25d,1735824600000000000,1735824600000000000,,,,,,,
BACKTESTER-001,MovingAverageCrossover-MA_CROSS,EUR/USD.IDEALPRO,IDEALPRO-1-002,EUR/USD.IDEALPRO-MovingAverageCrossover-MA_CROSS,IDEALPRO-001,,STOP_MARKET,BUY,99999.99,GTC,True,False,0.00,NO_LIQUIDITY_SIDE,,,,NO_TRIGGER,CANCELED,OUO,OL-20250102-133000-001-MA_CROSS-1,['O-20250102-133000-001-MA_CROSS-3'],O-20250102-133000-001-MA_CROSS-1,,,,['MA_CROSS_SL'],b3314cbd-f884-438e-aba6-e3aaaeb0ff89,1735824600000000000,1735833780000000000,1.03534,DEFAULT,,,,,
BACKTESTER-001,MovingAverageCrossover-MA_CROSS,EUR/USD.IDEALPRO,IDEALPRO-1-003,EUR/USD.IDEALPRO-MovingAverageCrossover-MA_CROSS,IDEALPRO-001,IDEALPRO-1-967,LIMIT,BUY,100000.00,GTC,True,False,100000.00,MAKER,1.02684,0.0,['2.05 USD'],NO_TRIGGER,FILLED,OUO,OL-20250102-133000-001-MA_CROSS-1,['O-20250102-133000-001-MA_CROSS-2'],O-20250102-133000-001-MA_CROSS-1,,,,['MA_CROSS_TP'],a964363b-84ae-42ed-8bbf-ef7a1abf829a,1735824600000000000,1735833780000000000,,,,,1.02684,True,
BACKTESTER-001,MovingAverageCrossover-MA_CROSS,EUR/USD.IDEALPRO,IDEALPRO-1-004,EUR/USD.IDEALPRO-MovingAverageCrossover-MA_CROSS,IDEALPRO-001,IDEALPRO-1-3036,MARKET,BUY,100000.00,GTC,False,False,100000.00,TAKER,1.03161499999975,0.0,['2.06 USD'],NO_TRIGGER,FILLED,OTO,OL-20250106-030000-001-MA_CROSS-2,"['O-20250106-030000-001-MA_CROSS-5', 'O-20250106-030000-001-MA_CROSS-6']",,,,,['MA_CROSS'],e386c978-8d1d-4ef4-8067-446caeca298f,1736132400000000000,1736132400000000000,,,,,,,
BACKTESTER-001,MovingAverageCrossover-MA_CROSS,EUR/USD.IDEALPRO,IDEALPRO-1-005,EUR/USD.IDEALPRO-MovingAverageCrossover-MA_CROSS,IDEALPRO-001,,STOP_MARKET,SELL,99999.99,GTC,True,False,0.00,NO_LIQUIDITY_SIDE,,,,NO_TRIGGER,CANCELED,OUO,OL-20250106-030000-001-MA_CROSS-2,['O-20250106-030000-001-MA_CROSS-6'],O-20250106-030000-001-MA_CROSS-4,,,,['MA_CROSS_SL'],a07c8942-9039-42b3-989f-c61cc1ca00bf,1736132400000000000,1736154660000000000,1.02811,DEFAULT,,,,,
BACKTESTER-001,MovingAverageCrossover-MA_CROSS,EUR/USD.IDEALPRO,IDEALPRO-1-006,EUR/USD.IDEALPRO-MovingAverageCrossover-MA_CROSS,IDEALPRO-001,IDEALPRO-1-3409,LIMIT,SELL,100000.00,GTC,True,False,100000.00,MAKER,1.03661,0.0,['2.07 USD'],NO_TRIGGER,FILLED,OUO,OL-20250106-030000-001-MA_CROSS-2,['O-20250106-030000-001-MA_CROSS-5'],O-20250106-030000-001-MA_CROSS-4,,,,['MA_CROSS_TP'],177cf84f-fa11-440e-b60d-ad3be2b51328,1736132400000000000,1736154660000000000,,,,,1.03661,True,
BACKTESTER-001,MovingAverageCrossover-MA_CROSS,EUR/USD.IDEALPRO,IDEALPRO-1-007,EUR/USD.IDEALPRO-MovingAverageCrossover-MA_CROSS,IDEALPRO-001,IDEALPRO-1-5935,MARKET,SELL,100000.00,GTC,False,False,100000.00,TAKER,1.03468500000025,0.0,['2.07 USD'],NO_TRIGGER,FILLED,OTO,OL-20250108-034500-001-MA_CROSS-3,"['O-20250108-034500-001-MA_CROSS-8', 'O-20250108-034500-001-MA_CROSS-9']",,,,,['MA_CROSS'],4cf8fea3-231a-45cd-8133-01bbf0374c60,1736307900000000000,1736307900000000000,,,,,,,
BACKTESTER-001,MovingAverageCrossover-MA_CROSS,EUR/USD.IDEALPRO,IDEALPRO-1-008,EUR/USD.IDEALPRO-MovingAverageCrossover-MA_CROSS,IDEALPRO-001,,STOP_MARKET,BUY,99999.99,GTC,True,False,0.00,NO_LIQUIDITY_SIDE,,,,NO_TRIGGER,CANCELED,OUO,OL-20250108-034500-001-MA_CROSS-3,['O-20250108-034500-001-MA_CROSS-9'],O-20250108-034500-001-MA_CROSS-7,,,,['MA_CROSS_SL'],292abb0d-d331-478e-9312-2a6ff205200a,1736307900000000000,1736335860000000000,1.03819,DEFAULT,,,,,
BACKTESTER-001,MovingAverageCrossover-MA_CROSS,EUR/USD.IDEALPRO,IDEALPRO-1-009,EUR/USD.IDEALPRO-MovingAverageCrossover-MA_CROSS,IDEALPRO-001,IDEALPRO-1-6403,LIMIT,BUY,100000.00,GTC,True,False,100000.00,MAKER,1.02969,0.0,['2.06 USD'],NO_TRIGGER,FILLED,OUO,OL-20250108-034500-001-MA_CROSS-3,['O-20250108-034500-001-MA_CROSS-8'],O-20250108-034500-001-MA_CROSS-7,,,,['MA_CROSS_TP'],06a35070-3234-4f6e-9165-ca94311a31f8,1736307900000000000,1736335860000000000,,,,,1.02969,True,
BACKTESTER-001,MovingAverageCrossover-MA_CROSS,EUR/USD.IDEALPRO,IDEALPRO-1-010,EUR/USD.IDEALPRO-MovingAverageCrossover-MA_CROSS,IDEALPRO-001,IDEALPRO-1-12239,MARKET,BUY,100000.00,GTC,False,False,100000.00,TAKER,1.02534499999975,0.0,['2.05 USD'],NO_TRIGGER,FILLED,OTO,OL-20250114-134500-001-MA_CROSS-4,"['O-20250114-134500-001-MA_CROSS-11', 'O-20250114-134500-001-MA_CROSS-12']",,,,,['MA_CROSS'],ed4dd141-b227-4006-9a28-e5e8d07f0c6d,1736862300000000000,1736862300000000000,,,,,,,
BACKTESTER-001,MovingAverageCrossover-MA_CROSS,EUR/USD.IDEALPRO,IDEALPRO-1-011,EUR/USD.IDEALPRO-MovingAverageCrossover-MA_CROSS,IDEALPRO-001,,STOP_MARKET,SELL,99999.99,GTC,True,False,0.00,NO_LIQUIDITY_SIDE,,,,NO_TRIGGER,CANCELED,OUO,OL-20250114-134500-001-MA_CROSS-4,['O-20250114-134500-001-MA_CROSS-12'],O-20250114-134500-001-MA_CROSS-10,,,,['MA_CROSS_SL'],feeca801-9050-45f2-a530-9c506c0b8023,1736862300000000000,1736871420000000000,1.02184,DEFAULT,,,,,
BACKTESTER-001,MovingAverageCrossover-MA_CROSS,EUR/USD.IDEALPRO,IDEALPRO-1-012,EUR/USD.IDEALPRO-MovingAverageCrossover-MA_CROSS,IDEALPRO-001,IDEALPRO-1-12393,LIMIT,SELL,100000.00,GTC,True,False,100000.00,MAKER,1.03034,0.0,['2.06 USD'],NO_TRIGGER,FILLED,OUO,OL-20250114-134500-001-MA_CROSS-4,['O-20250114-134500-001-MA_CROSS-11'],O-20250114-134500-001-MA_CROSS-10,,,,['MA_CROSS_TP'],743c53ca-6547-4d83-bf38-aac7e61c63e0,1736862300000000000,1736871420000000000,,,,,1.03034,True,
BACKTESTER-001,MovingAverageCrossover-MA_CROSS,EUR/USD.IDEALPRO,IDEALPRO-1-013,EUR/USD.IDEALPRO-MovingAverageCrossover-MA_CROSS,IDEALPRO-001,IDEALPRO-1-16458,MARKET,SELL,100000.00,GTC,False,False,100000.00,TAKER,1.02956500000025,0.0,['2.06 USD'],NO_TRIGGER,FILLED,OTO,OL-20250117-124500-001-MA_CROSS-5,"['O-20250117-124500-001-MA_CROSS-14', 'O-20250117-124500-001-MA_CROSS-15']",,,,,['MA_CROSS'],bdf031c8-2fb4-4537-9b3b-b349196c85a4,1737117900000000000,1737117900000000000,,,,,,,
BACKTESTER-001,MovingAverageCrossover-MA_CROSS,EUR/USD.IDEALPRO,IDEALPRO-1-014,EUR/USD.IDEALPRO-MovingAverageCrossover-MA_CROSS,IDEALPRO-001,IDEALPRO-1-16607,STOP_MARKET,BUY,100000.00,GTC,True,False,100000.00,TAKER,1.0330749999997502,4.9999997502325755e-06,['2.07 USD'],NO_TRIGGER,FILLED,OUO,OL-20250117-124500-001-MA_CROSS-5,['O-20250117-124500-001-MA_CROSS-15'],O-20250117-124500-001-MA_CROSS-13,,,,['MA_CROSS_SL'],6595793a-87b3-4e9c-85bd-9538851b435e,1737117900000000000,1737126720000000000,1.03307,DEFAULT,,,,,
BACKTESTER-001,MovingAverageCrossover-MA_CROSS,EUR/USD.IDEALPRO,IDEALPRO-1-015,EUR/USD.IDEALPRO-MovingAverageCrossover-MA_CROSS,IDEALPRO-001,,LIMIT,BUY,99999.99,GTC,True,False,0.00,NO_LIQUIDITY_SIDE,,,,NO_TRIGGER,CANCELED,OUO,OL-20250117-124500-001-MA_CROSS-5,['O-20250117-124500-001-MA_CROSS-14'],O-20250117-124500-001-MA_CROSS-13,,,,['MA_CROSS_TP'],cc2ebf78-c85e-4273-b544-e5da47a8bba2,1737117900000000000,1737126720000000000,,,,,1.02457,True,
BACKTESTER-001,MovingAverageCrossover-MA_CROSS,EUR/USD.IDEALPRO,IDEALPRO-1-016,EUR/USD.IDEALPRO-MovingAverageCrossover-MA_CROSS,IDEALPRO-001,IDEALPRO-1-17677,MARKET,BUY,100000.00,GTC,False,False,100000.00,TAKER,1.03136499999975,0.0,['2.06 USD'],NO_TRIGGER,FILLED,OTO,OL-20250120-091500-001-MA_CROSS-6,"['O-20250120-091500-001-MA_CROSS-17', 'O-20250120-091500-001-MA_CROSS-18']",,,,,['MA_CROSS'],ce043544-a363-4849-914b-cce141f35834,1737364500000000000,1737364500000000000,,,,,,,
BACKTESTER-001,MovingAverageCrossover-MA_CROSS,EUR/USD.IDEALPRO,IDEALPRO-1-017,EUR/USD.IDEALPRO-MovingAverageCrossover-MA_CROSS,IDEALPRO-001,,STOP_MARKET,SELL,99999.99,GTC,True,False,0.00,NO_LIQUIDITY_SIDE,,,,NO_TRIGGER,CANCELED,OUO,OL-20250120-091500-001-MA_CROSS-6,['O-20250120-091500-001-MA_CROSS-18'],O-20250120-091500-001-MA_CROSS-16,,,,['MA_CROSS_SL'],aa7258fc-6852-4f02-ba28-c24e219ff02e,1737364500000000000,1737379920000000000,1.02786,DEFAULT,,,,,
BACKTESTER-001,MovingAverageCrossover-MA_CROSS,EUR/USD.IDEALPRO,IDEALPRO-1-018,EUR/USD.IDEALPRO-MovingAverageCrossover-MA_CROSS,IDEALPRO-001,IDEALPRO-1-17936,LIMIT,SELL,100000.00,GTC,True,False,100000.00,MAKER,1.0363600000000002,-2.220446049250313e-16,['2.07 USD'],NO_TRIGGER,FILLED,OUO,OL-20250120-091500-001-MA_CROSS-6,['O-20250120-091500-001-MA_CROSS-17'],O-20250120-091500-001-MA_CROSS-16,,,,['MA_CROSS_TP'],dbf548ff-f661-4bd3-bf43-c47d5e46ac3b,1737364500000000000,1737379920000000000,,,,,1.03636,True,
BACKTESTER-001,MovingAverageCrossover-MA_CROSS,EUR/USD.IDEALPRO,IDEALPRO-1-019,EUR/USD.IDEALPRO-MovingAverageCrossover-MA_CROSS,IDEALPRO-001,IDEALPRO-1-22316,MARKET,SELL,100000.00,GTC,False,False,100000.00,TAKER,1.0401150000002501,0.0,['2.08 USD'],NO_TRIGGER,FILLED,OTO,OL-20250123-151500-001-MA_CROSS-7,"['O-20250123-151500-001-MA_CROSS-20', 'O-20250123-151500-001-MA_CROSS-21']",,,,,['MA_CROSS'],26efd035-b69b-4cac-99e4-6164e526059a,1737645300000000000,1737645300000000000,,,,,,,
BACKTESTER-001,MovingAverageCrossover-MA_CROSS,EUR/USD.IDEALPRO,IDEALPRO-1-020,EUR/USD.IDEALPRO-MovingAverageCrossover-MA_CROSS,IDEALPRO-001,IDEALPRO-1-22474,STOP_MARKET,BUY,100000.00,GTC,True,False,100000.00,TAKER,1.0436249999997502,4.9999997502325755e-06,['2.09 USD'],NO_TRIGGER,FILLED,OUO,OL-20250123-151500-001-MA_CROSS-7,['O-20250123-151500-001-MA_CROSS-21'],O-20250123-151500-001-MA_CROSS-19,,,,['MA_CROSS_SL'],d49f5834-d234-4c8b-a9e2-ba6f78238771,1737645300000000000,1737654660000000000,1.04362,DEFAULT,,,,,
BACKTESTER-001,MovingAverageCrossover-MA_CROSS,EUR/USD.IDEALPRO,IDEALPRO-1-021,EUR/USD.IDEALPRO-MovingAverageCrossover-MA_CROSS,IDEALPRO-001,,LIMIT,BUY,99999.99,GTC,True,False,0.00,NO_LIQUIDITY_SIDE,,,,NO_TRIGGER,CANCELED,OUO,OL-20250123-151500-001-MA_CROSS-7,['O-20250123-151500-001-MA_CROSS-20'],O-20250123-151500-001-MA_CROSS-19,,,,['MA_CROSS_TP'],af9d279b-346d-4aa5-8381-cc279c496d6d,1737645300000000000,1737654660000000000,,,,,1.03512,True,
BACKTESTER-001,MovingAverageCrossover-MA_CROSS,EUR/USD.IDEALPRO,IDEALPRO-1-022,EUR/USD.IDEALPRO-MovingAverageCrossover-MA_CROSS,IDEALPRO-001,IDEALPRO-1-22485,MARKET,BUY,100000.00,GTC,False,False,100000.00,TAKER,1.04354499999975,0.0,['2.09 USD'],NO_TRIGGER,FILLED,OTO,OL-20250123-180000-001-MA_CROSS-8,"['O-20250123-180000-001-MA_CROSS-23', 'O-20250123-180000-001-MA_CROSS-24']",,,,,['MA_CROSS'],ccc502e2-5956-403c-8620-b005d9356b54,1737655200000000000,1737655200000000000,,,,,,,
BACKTESTER-001,MovingAverageCrossover-MA_CROSS,EUR/USD.IDEALPRO,IDEALPRO-1-023,EUR/USD.IDEALPRO-MovingAverageCrossover-MA_CROSS,IDEALPRO-001,,STOP_MARKET,SELL,99999.99,GTC,True,False,0.00,NO_LIQUIDITY_SIDE,,,,NO_TRIGGER,CANCELED,OUO,OL-20250123-180000-001-MA_CROSS-8,['O-20250123-180000-001-MA_CROSS-24'],O-20250123-180000-001-MA_CROSS-22,,,,['MA_CROSS_SL'],ca084815-dc01-4fcb-b374-dfa19387fdb6,1737655200000000000,1737706560000000000,1.04004,DEFAULT,,,,,
BACKTESTER-001,MovingAverageCrossover-MA_CROSS,EUR/USD.IDEALPRO,IDEALPRO-1-024,EUR/USD.IDEALPRO-MovingAverageCrossover-MA_CROSS,IDEALPRO-001,IDEALPRO-1-23328,LIMIT,SELL,100000.00,GTC,True,False,100000.00,MAKER,1.0485400000000002,-2.220446049250313e-16,['2.10 USD'],NO_TRIGGER,FILLED,OUO,OL-20250123-180000-001-MA_CROSS-8,['O-20250123-180000-001-MA_CROSS-23'],O-20250123-180000-001-MA_CROSS-22,,,,['MA_CROSS_TP'],171de7db-c977-42ed-bcb5-e573f68fc3f8,1737655200000000000,1737706560000000000,,,,,1.04854,True,
BACKTESTER-001,MovingAverageCrossover-MA_CROSS,EUR/USD.IDEALPRO,IDEALPRO-1-025,EUR/USD.IDEALPRO-MovingAverageCrossover-MA_CROSS,IDEALPRO-001,IDEALPRO-1-26104,MARKET,SELL,100000.00,GTC,False,False,100000.00,TAKER,1.04375500000025,0.0,['2.09 USD'],NO_TRIGGER,FILLED,OTO,OL-20250128-070000-001-MA_CROSS-9,"['O-20250128-070000-001-MA_CROSS-26', 'O-20250128-070000-001-MA_CROSS-27']",,,,,['MA_CROSS'],a3b49a4b-c28f-45ca-b965-1f21f3ee6456,1738047600000000000,1738047600000000000,,,,,,,
BACKTESTER-001,MovingAverageCrossover-MA_CROSS,EUR/USD.IDEALPRO,IDEALPRO-1-026,EUR/USD.IDEALPRO-MovingAverageCrossover-MA_CROSS,IDEALPRO-001,,STOP_MARKET,BUY,99999.99,GTC,True,False,0.00,NO_LIQUIDITY_SIDE,,,,NO_TRIGGER,CANCELED,OUO,OL-20250128-070000-001-MA_CROSS-9,['O-20250128-070000-001-MA_CROSS-27'],O-20250128-070000-001-MA_CROSS-25,,,,['MA_CROSS_SL'],a3503f9e-75ae-4be9-a740-5f8531ca5478,1738047600000000000,1738156680000000000,1.04726,DEFAULT,,,,,
BACKTESTER-001,MovingAverageCrossover-MA_CROSS,EUR/USD.IDEALPRO,IDEALPRO-1-027,EUR/USD.IDEALPRO-MovingAverageCrossover-MA_CROSS,IDEALPRO-001,IDEALPRO-1-27909,LIMIT,BUY,100000.00,GTC,True,False,100000.00,MAKER,1.03876,0.0,['2.08 USD'],NO_TRIGGER,FILLED,OUO,OL-20250128-070000-001-MA_CROSS-9,['O-20250128-070000-001-MA_CROSS-26'],O-20250128-070000-001-MA_CROSS-25,,,,['MA_CROSS_TP'],becfaa71-94bd-4e6c-8d99-a438b6a775b1,1738047600000000000,1738156680000000000,,,,,1.03876,True,
BACKTESTER-001,MovingAverageCrossover-MA_CROSS,EUR/USD.IDEALPRO,IDEALPRO-1-028,EUR/USD.IDEALPRO-MovingAverageCrossover-MA_CROSS,IDEALPRO-001,IDEALPRO-1-33758,MARKET,BUY,100000.00,GTC,False,False,100000.00,TAKER,1.03794499999975,0.0,['2.08 USD'],NO_TRIGGER,FILLED,OTO,OL-20250204-154500-001-MA_CROSS-10,"['O-20250204-154500-001-MA_CROSS-29', 'O-20250204-154500-001-MA_CROSS-30']",,,,,['MA_CROSS'],edc415a4-2eae-4b0b-a8f0-df9ed6953514,1738683900000000000,1738683900000000000,,,,,,,
BACKTESTER-001,MovingAverageCrossover-MA_CROSS,EUR/USD.IDEALPRO,IDEALPRO-1-029,EUR/USD.IDEALPRO-MovingAverageCrossover-MA_CROSS,IDEALPRO-001,,STOP_MARKET,SELL,99999.99,GTC,True,False,0.00,NO_LIQUIDITY_SIDE,,,,NO_TRIGGER,CANCELED,OUO,OL-20250204-154500-001-MA_CROSS-10,['O-20250204-154500-001-MA_CROSS-30'],O-20250204-154500-001-MA_CROSS-28,,,,['MA_CROSS_SL'],7c2f14df-b108-4a5d-849a-7f1e0561439d,1738683900000000000,1738751940000000000,1.03444,DEFAULT,,,,,
BACKTESTER-001,MovingAverageCrossover-MA_CROSS,EUR/USD.IDEALPRO,IDEALPRO-1-030,EUR/USD.IDEALPRO-MovingAverageCrossover-MA_CROSS,IDEALPRO-001,IDEALPRO-1-34879,LIMIT,SELL,100000.00,GTC,True,False,100000.00,MAKER,1.0429400000000002,-2.220446049250313e-16,['2.09 USD'],NO_TRIGGER,FILLED,OUO,OL-20250204-154500-001-MA_CROSS-10,['O-20250204-154500-001-MA_CROSS-29'],O-20250204-154500-001-MA_CROSS-28,,,,['MA_CROSS_TP'],4f42f07e-3d1c-4599-a012-fe6fe1a84d3f,1738683900000000000,1738751940000000000,,,,,1.04294,True,
BACKTESTER-001,MovingAverageCrossover-MA_CROSS,EUR/USD.IDEALPRO,IDEALPRO-1-031,EUR/USD.IDEALPRO-MovingAverageCrossover-MA_CROSS,IDEALPRO-001,IDEALPRO-1-36612,MARKET,SELL,100000.00,GTC,False,False,100000.00,TAKER,1.03664500000025,0.0,['2.07 USD'],NO_TRIGGER,FILLED,OTO,OL-20250206-154500-001-MA_CROSS-11,"['O-20250206-154500-001-MA_CROSS-32', 'O-20250206-154500-001-MA_CROSS-33']",,,,,['MA_CROSS'],00a5dbbd-87db-4b9a-8aa4-4d4e5bd919fa,1738856700000000000,1738856700000000000,,,,,,,
BACKTESTER-001,MovingAverageCrossover-MA_CROSS,EUR/USD.IDEALPRO,IDEALPRO-1-032,EUR/USD.IDEALPRO-MovingAverageCrossover-MA_CROSS,IDEALPRO-001,,STOP_MARKET,BUY,99999.99,GTC,True,False,0.00,NO_LIQUIDITY_SIDE,,,,NO_TRIGGER,CANCELED,OUO,OL-20250206-154500-001-MA_CROSS-11,['O-20250206-154500-001-MA_CROSS-33'],O-20250206-154500-001-MA_CROSS-31,,,,['MA_CROSS_SL'],08d75007-0c4e-4a35-adb5-f30d14f802fd,1738856700000000000,1738887300000000000,1.04015,DEFAULT,,,,,
BACKTESTER-001,MovingAverageCrossover-MA_CROSS,EUR/USD.IDEALPRO,IDEALPRO-1-033,EUR/USD.IDEALPRO-MovingAverageCrossover-MA_CROSS,IDEALPRO-001,,LIMIT,BUY,99999.99,GTC,True,False,0.00,NO_LIQUIDITY_SIDE,,,,NO_TRIGGER,CANCELED,OUO,OL-20250206-154500-001-MA_CROSS-11,['O-20250206-154500-001-MA_CROSS-32'],O-20250206-154500-001-MA_CROSS-31,,,,['MA_CROSS_TP'],956b0d59-d44c-46c2-a143-c2598794480f,1738856700000000000,1738887300000000000,,,,,1.03165,True,
BACKTESTER-001,MovingAverageCrossover-MA_CROSS,EUR/USD.IDEALPRO,IDEALPRO-1-034,EUR/USD.IDEALPRO-MovingAverageCrossover-MA_CROSS,IDEALPRO-001,IDEALPRO-1-37109,MARKET,BUY,100000.00,GTC,True,False,100000.00,TAKER,1.0387649999997501,0.0,['2.08 USD'],NO_TRIGGER,FILLED,NO_CONTINGENCY,,,,,,,,43f07dae-44e4-43b2-ac6c-ad7cd2579293,1738887300000000000,1738887300000000000,,,,,,,
BACKTESTER-001,MovingAverageCrossover-MA_CROSS,EUR/USD.IDEALPRO,IDEALPRO-1-035,EUR/USD.IDEALPRO-MovingAverageCrossover-MA_CROSS,IDEALPRO-001,IDEALPRO-1-37426,MARKET,SELL,100000.00,GTC,False,False,100000.00,TAKER,1.0378550000002502,0.0,['2.08 USD'],NO_TRIGGER,FILLED,OTO,OL-20250207-053000-001-MA_CROSS-12,"['O-20250207-053000-001-MA_CROSS-36', 'O-20250207-053000-001-MA_CROSS-37']",,,,,['MA_CROSS'],a93e8f05-6c31-4bb0-b966-298f3885e36d,1738906200000000000,1738906200000000000,,,,,,,
BACKTESTER-001,MovingAverageCrossover-MA_CROSS,EUR/USD.IDEALPRO,IDEALPRO-1-036,EUR/USD.IDEALPRO-MovingAverageCrossover-MA_CROSS,IDEALPRO-001,,STOP_MARKET,BUY,99999.99,GTC,True,False,0.00,NO_LIQUIDITY_SIDE,,,,NO_TRIGGER,CANCELED,OUO,OL-20250207-053000-001-MA_CROSS-12,['O-20250207-053000-001-MA_CROSS-37'],O-20250207-053000-001-MA_CROSS-35,,,,['MA_CROSS_SL'],130fecda-d3b9-4dec-b597-f6c8e4e35770,1738906200000000000,1738943880000000000,1.04136,DEFAULT,,,,,
BACKTESTER-001,MovingAverageCrossover-MA_CROSS,EUR/USD.IDEALPRO,IDEALPRO-1-037,EUR/USD.IDEALPRO-MovingAverageCrossover-MA_CROSS,IDEALPRO-001,IDEALPRO-1-38056,LIMIT,BUY,100000.00,GTC,True,False,100000.00,MAKER,1.0328600000000001,2.220446049250313e-16,['2.07 USD'],NO_TRIGGER,FILLED,OUO,OL-20250207-053000-001-MA_CROSS-12,['O-20250207-053000-001-MA_CROSS-36'],O-20250207-053000-001-MA_CROSS-35,,,,['MA_CROSS_TP'],88bfa31b-e1be-4c26-821d-f6783f965f22,1738906200000000000,1738943880000000000,,,,,1.03286,True,
BACKTESTER-001,MovingAverageCrossover-MA_CROSS,EUR/USD.IDEALPRO,IDEALPRO-1-038,EUR/USD.IDEALPRO-MovingAverageCrossover-MA_CROSS,IDEALPRO-001,IDEALPRO-1-41165,MARKET,BUY,100000.00,GTC,False,False,100000.00,TAKER,1.0361849999997501,0.0,['2.07 USD'],NO_TRIGGER,FILLED,OTO,OL-20250211-201500-001-MA_CROSS-13,"['O-20250211-201500-001-MA_CROSS-39', 'O-20250211-201500-001-MA_CROSS-40']",,,,,['MA_CROSS'],9bce8d97-e205-45a7-884f-ddb5dc7e96d6,1739304900000000000,1739304900000000000,,,,,,,
BACKTESTER-001,MovingAverageCrossover-MA_CROSS,EUR/USD.IDEALPRO,IDEALPRO-1-039,EUR/USD.IDEALPRO-MovingAverageCrossover-MA_CROSS,IDEALPRO-001,IDEALPRO-1-42188,STOP_MARKET,SELL,100000.00,GTC,True,False,100000.00,TAKER,1.03267500000025,4.999999750010531e-06,['2.07 USD'],NO_TRIGGER,FILLED,OUO,OL-20250211-201500-001-MA_CROSS-13,['O-20250211-201500-001-MA_CROSS-40'],O-20250211-201500-001-MA_CROSS-38,,,,['MA_CROSS_SL'],df713154-58a8-4465-8c85-5a74409c3036,1739304900000000000,1739367060000000000,1.03268,DEFAULT,,,,,
BACKTESTER-001,MovingAverageCrossover-MA_CROSS,EUR/USD.IDEALPRO,IDEALPRO-1-040,EUR/USD.IDEALPRO-MovingAverageCrossover-MA_CROSS,IDEALPRO-001,,LIMIT,SELL,99999.99,GTC,True,False,0.00,NO_LIQUIDITY_SIDE,,,,NO_TRIGGER,CANCELED,OUO,OL-20250211-201500-001-MA_CROSS-13,['O-20250211-201500-001-MA_CROSS-39'],O-20250211-201500-001-MA_CROSS-38,,,,['MA_CROSS_TP'],531aefb8-1dc9-4940-9ecc-4b5f6b114a76,1739304900000000000,1739367060000000000,,,,,1.04118,True,
BACKTESTER-001,MovingAverageCrossover-MA_CROSS,EUR/USD.IDEALPRO,IDEALPRO-1-041,EUR/USD.IDEALPRO-MovingAverageCrossover-MA_CROSS,IDEALPRO-001,IDEALPRO-1-47559,MARKET,SELL,100000.00,GTC,False,False,100000.00,TAKER,1.04634500000025,0.0,['2.09 USD'],NO_TRIGGER,FILLED,OTO,OL-20250218-080000-001-MA_CROSS-14,"['O-20250218-080000-001-MA_CROSS-42', 'O-20250218-080000-001-MA_CROSS-43']",,,,,['MA_CROSS'],be290a9d-d676-4fcd-99c2-c14e83d0b59b,1739865600000000000,1739865600000000000,,,,,,,
BACKTESTER-001,MovingAverageCrossover-MA_CROSS,EUR/USD.IDEALPRO,IDEALPRO-1-042,EUR/USD.IDEALPRO-MovingAverageCrossover-MA_CROSS,IDEALPRO-001,,STOP_MARKET,BUY,99999.99,GTC,True,False,0.00,NO_LIQUIDITY_SIDE,,,,NO_TRIGGER,CANCELED,OUO,OL-20250218-080000-001-MA_CROSS-14,['O-20250218-080000-001-MA_CROSS-43'],O-20250218-080000-001-MA_CROSS-41,,,,['MA_CROSS_SL'],a94b3dfb-999a-42be-b68e-78ff6f2f65bb,1739865600000000000,1739981160000000000,1.04985,DEFAULT,,,,,
BACKTESTER-001,MovingAverageCrossover-MA_CROSS,EUR/USD.IDEALPRO,IDEALPRO-1-043,EUR/USD.IDEALPRO-MovingAverageCrossover-MA_CROSS,IDEALPRO-001,IDEALPRO-1-49472,LIMIT,BUY,100000.00,GTC,True,False,100000.00,MAKER,1.04135,0.0,['2.08 USD'],NO_TRIGGER,FILLED,OUO,OL-20250218-080000-001-MA_CROSS-14,['O-20250218-080000-001-MA_CROSS-42'],O-20250218-080000-001-MA_CROSS-41,,,,['MA_CROSS_TP'],a01702ef-2aaa-4aaa-b9e1-fd18053f1bae,1739865600000000000,1739981160000000000,,,,,1.04135,True,
BACKTESTER-001,MovingAverageCrossover-MA_CROSS,EUR/USD.IDEALPRO,IDEALPRO-1-044,EUR/USD.IDEALPRO-MovingAverageCrossover-MA_CROSS,IDEALPRO-001,IDEALPRO-1-50968,MARKET,BUY,100000.00,GTC,False,False,100000.00,TAKER,1.04842499999975,0.0,['2.10 USD'],NO_TRIGGER,FILLED,OTO,OL-20250220-171500-001-MA_CROSS-15,"['O-20250220-171500-001-MA_CROSS-45', 'O-20250220-171500-001-MA_CROSS-46']",,,,,['MA_CROSS'],eee3bd4d-6add-4dd4-90e0-93719263eb1a,1740071700000000000,1740071700000000000,,,,,,,
BACKTESTER-001,MovingAverageCrossover-MA_CROSS,EUR/USD.IDEALPRO,IDEALPRO-1-045,EUR/USD.IDEALPRO-MovingAverageCrossover-MA_CROSS,IDEALPRO-001,,STOP_MARKET,SELL,99999.99,GTC,True,False,0.00,NO_LIQUIDITY_SIDE,,,,NO_TRIGGER,CANCELED,OUO,OL-20250220-171500-001-MA_CROSS-15,['O-20250220-171500-001-MA_CROSS-46'],O-20250220-171500-001-MA_CROSS-44,,,,['MA_CROSS_SL'],55735bb6-9975-40b0-b7f9-bf45ed811bef,1740071700000000000,1740426300000000000,1.04492,DEFAULT,,,,,
BACKTESTER-001,MovingAverageCrossover-MA_CROSS,EUR/USD.IDEALPRO,IDEALPRO-1-046,EUR/USD.IDEALPRO-MovingAverageCrossover-MA_CROSS,IDEALPRO-001,,LIMIT,SELL,99999.99,GTC,True,False,0.00,NO_LIQUIDITY_SIDE,,,,NO_TRIGGER,CANCELED,OUO,OL-20250220-171500-001-MA_CROSS-15,['O-20250220-171500-001-MA_CROSS-45'],O-20250220-171500-001-MA_CROSS-44,,,,['MA_CROSS_TP'],5e36c1bb-cc54-4048-bf39-9c603208ae61,1740071700000000000,1740426300000000000,,,,,1.05342,True,
BACKTESTER-001,MovingAverageCrossover-MA_CROSS,EUR/USD.IDEALPRO,IDEALPRO-1-047,EUR/USD.IDEALPRO-MovingAverageCrossover-MA_CROSS,IDEALPRO-001,IDEALPRO-1-53970,MARKET,SELL,100000.00,GTC,True,False,100000.00,TAKER,1.04746500000025,0.0,['2.09 USD'],NO_TRIGGER,FILLED,NO_CONTINGENCY,,,,,,,,352e9330-05ac-4964-8cb4-3723c93339ad,1740426300000000000,1740426300000000000,,,,,,,
BACKTESTER-001,MovingAverageCrossover-MA_CROSS,EUR/USD.IDEALPRO,IDEALPRO-1-048,EUR/USD.IDEALPRO-MovingAverageCrossover-MA_CROSS,IDEALPRO-001,IDEALPRO-1-55127,MARKET,BUY,100000.00,GTC,False,False,100000.00,TAKER,1.0513149999997502,0.0,['2.10 USD'],NO_TRIGGER,FILLED,OTO,OL-20250225-151500-001-MA_CROSS-16,"['O-20250225-151500-001-MA_CROSS-49', 'O-20250225-151500-001-MA_CROSS-50']",,,,,['MA_CROSS'],8d2a32de-aa58-4957-b77f-66040efa58a2,1740496500000000000,1740496500000000000,,,,,,,
BACKTESTER-001,MovingAverageCrossover-MA_CROSS,EUR/USD.IDEALPRO,IDEALPRO-1-049,EUR/USD.IDEALPRO-MovingAverageCrossover-MA_CROSS,IDEALPRO-001,IDEALPRO-1-56414,STOP_MARKET,SELL,100000.00,GTC,True,False,100000.00,TAKER,1.0478050000002501,4.999999749788486e-06,['2.10 USD'],NO_TRIGGER,FILLED,OUO,OL-20250225-151500-001-MA_CROSS-16,['O-20250225-151500-001-MA_CROSS-50'],O-20250225-151500-001-MA_CROSS-48,,,,['MA_CROSS_SL'],3d034510-cf97-4f99-bd49-befaa94504ce,1740496500000000000,1740574500000000000,1.04781,DEFAULT,,,,,
BACKTESTER-001,MovingAverageCrossover-MA_CROSS,EUR/USD.IDEALPRO,IDEALPRO-1-050,EUR/USD.IDEALPRO-MovingAverageCrossover-MA_CROSS,IDEALPRO-001,,LIMIT,SELL,99999.99,GTC,True,False,0.00,NO_LIQUIDITY_SIDE,,,,NO_TRIGGER,CANCELED,OUO,OL-20250225-151500-001-MA_CROSS-16,['O-20250225-151500-001-MA_CROSS-49'],O-20250225-151500-001-MA_CROSS-48,,,,['MA_CROSS_TP'],eedca153-21c1-43a8-8fa1-cb6ea094a545,1740496500000000000,1740574500000000000,,,,,1.05631,True,
BACKTESTER-001,MovingAverageCrossover-MA_CROSS,EUR/USD.IDEALPRO,IDEALPRO-1-051,EUR/USD.IDEALPRO-MovingAverageCrossover-MA_CROSS,IDEALPRO-001,IDEALPRO-1-57306,MARKET,SELL,100000.00,GTC,False,False,100000.00,TAKER,1.04655500000025,0.0,['2.09 USD'],NO_TRIGGER,FILLED,OTO,OL-20250227-040000-001-MA_CROSS-17,"['O-20250227-040000-001-MA_CROSS-52', 'O-20250227-040000-001-MA_CROSS-53']",,,,,['MA_CROSS'],f1711b1b-8816-4e58-909c-86d3298c3b3e,1740628800000000000,1740628800000000000,,,,,,,
BACKTESTER-001,MovingAverageCrossover-MA_CROSS,EUR/USD.IDEALPRO,IDEALPRO-1-052,EUR/USD.IDEALPRO-MovingAverageCrossover-MA_CROSS,IDEALPRO-001,,STOP_MARKET,BUY,99999.99,GTC,True,False,0.00,NO_LIQUIDITY_SIDE,,,,NO_TRIGGER,CANCELED,OUO,OL-20250227-040000-001-MA_CROSS-17,['O-20250227-040000-001-MA_CROSS-53'],O-20250227-040000-001-MA_CROSS-51,,,,['MA_CROSS_SL'],49b68386-cbfb-4367-bb58-3a1dbf4a87f5,1740628800000000000,1740668160000000000,1.05006,DEFAULT,,,,,
BACKTESTER-001,MovingAverageCrossover-MA_CROSS,EUR/USD.IDEALPRO,IDEALPRO-1-053,EUR/USD.IDEALPRO-MovingAverageCrossover-MA_CROSS,IDEALPRO-001,IDEALPRO-1-57964,LIMIT,BUY,100000.00,GTC,True,False,100000.00,MAKER,1.0415600000000003,2.220446049250313e-16,['2.08 USD'],NO_TRIGGER,FILLED,OUO,OL-20250227-040000-001-MA_CROSS-17,['O-20250227-040000-001-MA_CROSS-52'],O-20250227-040000-001-MA_CROSS-51,,,,['MA_CROSS_TP'],87410d41-67e6-4c91-9e28-7e4680404444,1740628800000000000,1740668160000000000,,,,,1.04156,True,
BACKTESTER-001,MovingAverageCrossover-MA_CROSS,EUR/USD.IDEALPRO,IDEALPRO-1-054,EUR/USD.IDEALPRO-MovingAverageCrossover-MA_CROSS,IDEALPRO-001,IDEALPRO-1-60790,MARKET,BUY,100000.00,GTC,False,False,100000.00,TAKER,1.0484649999997502,0.0,['2.10 USD'],NO_TRIGGER,FILLED,OTO,OL-20250303-143000-001-MA_CROSS-18,"['O-20250303-143000-001-MA_CROSS-55', 'O-20250303-143000-001-MA_CROSS-56']",,,,,['MA_CROSS'],79736e38-cc2e-4747-ac7a-19f54d25f968,1741012200000000000,1741012200000000000,,,,,,,
BACKTESTER-001,MovingAverageCrossover-MA_CROSS,EUR/USD.IDEALPRO,IDEALPRO-1-055,EUR/USD.IDEALPRO-MovingAverageCrossover-MA_CROSS,IDEALPRO-001,,STOP_MARKET,SELL,99999.99,GTC,True,False,0.00,NO_LIQUIDITY_SIDE,,,,NO_TRIGGER,CANCELED,OUO,OL-20250303-143000-001-MA_CROSS-18,['O-20250303-143000-001-MA_CROSS-56'],O-20250303-143000-001-MA_CROSS-54,,,,['MA_CROSS_SL'],ef3d48de-e43f-4f12-b4ab-371687167343,1741012200000000000,1741089120000000000,1.04496,DEFAULT,,,,,
BACKTESTER-001,MovingAverageCrossover-MA_CROSS,EUR/USD.IDEALPRO,IDEALPRO-1-056,EUR/USD.IDEALPRO-MovingAverageCrossover-MA_CROSS,IDEALPRO-001,IDEALPRO-1-62059,LIMIT,SELL,100000.00,GTC,True,False,100000.00,MAKER,1.05346,0.0,['2.11 USD'],NO_TRIGGER,FILLED,OUO,OL-20250303-143000-001-MA_CROSS-18,['O-20250303-143000-001-MA_CROSS-55'],O-20250303-143000-001-MA_CROSS-54,,,,['MA_CROSS_TP'],e0fd36be-cd73-45a1-b281-2eea3fe11d90,1741012200000000000,1741089120000000000,,,,,1.05346,True,
BACKTESTER-001,MovingAverageCrossover-MA_CROSS,EUR/USD.IDEALPRO,IDEALPRO-1-057,EUR/USD.IDEALPRO-MovingAverageCrossover-MA_CROSS,IDEALPRO-001,IDEALPRO-1-71924,MARKET,SELL,100000.00,GTC,False,False,100000.00,TAKER,1.08733500000025,0.0,['2.17 USD'],NO_TRIGGER,FILLED,OTO,OL-20250313-090000-001-MA_CROSS-19,"['O-20250313-090000-001-MA_CROSS-58', 'O-20250313-090000-001-MA_CROSS-59']",,,,,['MA_CROSS'],34c8c8ef-fcaa-4389-bcc1-83a13b2373fd,1741856400000000000,1741856400000000000,,,,,,,
BACKTESTER-001,MovingAverageCrossover-MA_CROSS,EUR/USD.IDEALPRO,IDEALPRO-1-058,EUR/USD.IDEALPRO-MovingAverageCrossover-MA_CROSS,IDEALPRO-001,,STOP_MARKET,BUY,99999.98,GTC,True,False,0.00,NO_LIQUIDITY_SIDE,,,,NO_TRIGGER,CANCELED,OUO,OL-20250313-090000-001-MA_CROSS-19,['O-20250313-090000-001-MA_CROSS-59'],O-20250313-090000-001-MA_CROSS-57,,,,['MA_CROSS_SL'],b65c7f27-0594-4eea-a094-21551432e578,1741856400000000000,1741871700000000000,1.09084,DEFAULT,,,,,
BACKTESTER-001,MovingAverageCrossover-MA_CROSS,EUR/USD.IDEALPRO,IDEALPRO-1-059,EUR/USD.IDEALPRO-MovingAverageCrossover-MA_CROSS,IDEALPRO-001,IDEALPRO-1-72182,LIMIT,BUY,100000.00,GTC,True,False,100000.00,MAKER,1.08234,0.0,['2.16 USD'],NO_TRIGGER,FILLED,OUO,OL-20250313-090000-001-MA_CROSS-19,['O-20250313-090000-001-MA_CROSS-58'],O-20250313-090000-001-MA_CROSS-57,,,,['MA_CROSS_TP'],aa6f0db9-259b-4056-9546-0c5c315b9b24,1741856400000000000,1741871700000000000,,,,,1.08234,True,
BACKTESTER-001,MovingAverageCrossover-MA_CROSS,EUR/USD.IDEALPRO,IDEALPRO-1-060,EUR/USD.IDEALPRO-MovingAverageCrossover-MA_CROSS,IDEALPRO-001,IDEALPRO-1-73999,MARKET,BUY,100000.00,GTC,False,False,100000.00,TAKER,1.08818499999975,0.0,['2.18 USD'],NO_TRIGGER,FILLED,OTO,OL-20250314-194500-001-MA_CROSS-20,"['O-20250314-194500-001-MA_CROSS-61', 'O-20250314-194500-001-MA_CROSS-62']",,,,,['MA_CROSS'],47f0b14e-734f-443a-a5f7-7f0a32f6741a,1741981500000000000,1741981500000000000,,,,,,,
BACKTESTER-001,MovingAverageCrossover-MA_CROSS,EUR/USD.IDEALPRO,IDEALPRO-1-061,EUR/USD.IDEALPRO-MovingAverageCrossover-MA_CROSS,IDEALPRO-001,,STOP_MARKET,SELL,99999.99,GTC,True,False,0.00,NO_LIQUIDITY_SIDE,,,,NO_TRIGGER,CANCELED,OUO,OL-20250314-194500-001-MA_CROSS-20,['O-20250314-194500-001-MA_CROSS-62'],O-20250314-194500-001-MA_CROSS-60,,,,['MA_CROSS_SL'],c851e2cf-5551-43f6-9fc8-bfe83e78a0f4,1741981500000000000,1742284740000000000,1.08468,DEFAULT,,,,,
BACKTESTER-001,MovingAverageCrossover-MA_CROSS,EUR/USD.IDEALPRO,IDEALPRO-1-062,EUR/USD.IDEALPRO-MovingAverageCrossover-MA_CROSS,IDEALPRO-001,IDEALPRO-1-76145,LIMIT,SELL,100000.00,GTC,True,False,100000.00,MAKER,1.09318,0.0,['2.19 USD'],NO_TRIGGER,FILLED,OUO,OL-20250314-194500-001-MA_CROSS-20,['O-20250314-194500-001-MA_CROSS-61'],O-20250314-194500-001-MA_CROSS-60,,,,['MA_CROSS_TP'],d7051672-c84c-4c66-8b90-93bfa738e7b5,1741981500000000000,1742284740000000000,,,,,1.09318,True,
BACKTESTER-001,MovingAverageCrossover-MA_CROSS,EUR/USD.IDEALPRO,IDEALPRO-1-063,EUR/USD.IDEALPRO-MovingAverageCrossover-MA_CROSS,IDEALPRO-001,IDEALPRO-1-77933,MARKET,SELL,100000.00,GTC,False,False,100000.00,TAKER,1.08944500000025,0.0,['2.18 USD'],NO_TRIGGER,FILLED,OTO,OL-20250319-140000-001-MA_CROSS-21,"['O-20250319-140000-001-MA_CROSS-64', 'O-20250319-140000-001-MA_CROSS-65']",,,,,['MA_CROSS'],526bf56f-f2c2-4670-8f89-a709da5fda81,1742392800000000000,1742392800000000000,,,,,,,
BACKTESTER-001,MovingAverageCrossover-MA_CROSS,EUR/USD.IDEALPRO,IDEALPRO-1-064,EUR/USD.IDEALPRO-MovingAverageCrossover-MA_CROSS,IDEALPRO-001,,STOP_MARKET,BUY,99999.99,GTC,True,False,0.00,NO_LIQUIDITY_SIDE,,,,NO_TRIGGER,CANCELED,OUO,OL-20250319-140000-001-MA_CROSS-21,['O-20250319-140000-001-MA_CROSS-65'],O-20250319-140000-001-MA_CROSS-63,,,,['MA_CROSS_SL'],7816569a-2041-4898-8b88-edb949141633,1742392800000000000,1742462760000000000,1.09295,DEFAULT,,,,,
BACKTESTER-001,MovingAverageCrossover-MA_CROSS,EUR/USD.IDEALPRO,IDEALPRO-1-065,EUR/USD.IDEALPRO-MovingAverageCrossover-MA_CROSS,IDEALPRO-001,IDEALPRO-1-79086,LIMIT,BUY,100000.00,GTC,True,False,100000.00,MAKER,1.08445,0.0,['2.17 USD'],NO_TRIGGER,FILLED,OUO,OL-20250319-140000-001-MA_CROSS-21,['O-20250319-140000-001-MA_CROSS-64'],O-20250319-140000-001-MA_CROSS-63,,,,['MA_CROSS_TP'],b12e62cf-ed26-4b2a-8ee4-a30fa2acaeb0,1742392800000000000,1742462760000000000,,,,,1.08445,True,
BACKTESTER-001,MovingAverageCrossover-MA_CROSS,EUR/USD.IDEALPRO,IDEALPRO-1-066,EUR/USD.IDEALPRO-MovingAverageCrossover-MA_CROSS,IDEALPRO-001,IDEALPRO-1-86817,MARKET,BUY,100000.00,GTC,False,False,100000.00,TAKER,1.0798149999997502,0.0,['2.16 USD'],NO_TRIGGER,FILLED,OTO,OL-20250327-193000-001-MA_CROSS-22,"['O-20250327-193000-001-MA_CROSS-67', 'O-20250327-193000-001-MA_CROSS-68']",,,,,['MA_CROSS'],3160b37a-6fc4-4a40-bb41-47047094aff8,1743103800000000000,1743103800000000000,,,,,,,
BACKTESTER-001,MovingAverageCrossover-MA_CROSS,EUR/USD.IDEALPRO,IDEALPRO-1-067,EUR/USD.IDEALPRO-MovingAverageCrossover-MA_CROSS,IDEALPRO-001,,STOP_MARKET,SELL,99999.98,GTC,True,False,0.00,NO_LIQUIDITY_SIDE,,,,NO_TRIGGER,CANCELED,OUO,OL-20250327-193000-001-MA_CROSS-22,['O-20250327-193000-001-MA_CROSS-68'],O-20250327-193000-001-MA_CROSS-66,,,,['MA_CROSS_SL'],ecabd1ea-60fc-4845-a96f-86236e3372fd,1743103800000000000,1743404880000000000,1.07631,DEFAULT,,,,,
BACKTESTER-001,MovingAverageCrossover-MA_CROSS,EUR/USD.IDEALPRO,IDEALPRO-1-068,EUR/USD.IDEALPRO-MovingAverageCrossover-MA_CROSS,IDEALPRO-001,IDEALPRO-1-88928,LIMIT,SELL,100000.00,GTC,True,False,100000.00,MAKER,1.0848100000000003,-2.220446049250313e-16,['2.17 USD'],NO_TRIGGER,FILLED,OUO,OL-20250327-193000-001-MA_CROSS-22,['O-20250327-193000-001-MA_CROSS-67'],O-20250327-193000-001-MA_CROSS-66,,,,['MA_CROSS_TP'],f855ba86-d25d-481f-94fc-0db74312690a,1743103800000000000,1743404880000000000,,,,,1.08481,True,
BACKTESTER-001,MovingAverageCrossover-MA_CROSS,EUR/USD.IDEALPRO,IDEALPRO-1-069,EUR/USD.IDEALPRO-MovingAverageCrossover-MA_CROSS,IDEALPRO-001,IDEALPRO-1-90722,MARKET,SELL,100000.00,GTC,False,False,100000.00,TAKER,1.07847500000025,0.0,['2.16 USD'],NO_TRIGGER,FILLED,OTO,OL-20250401-131500-001-MA_CROSS-23,"['O-20250401-131500-001-MA_CROSS-70', 'O-20250401-131500-001-MA_CROSS-71']",,,,,['MA_CROSS'],3e6cc584-eae5-4626-8295-db1dd0558e78,1743513300000000000,1743513300000000000,,,,,,,
BACKTESTER-001,MovingAverageCrossover-MA_CROSS,EUR/USD.IDEALPRO,IDEALPRO-1-070,EUR/USD.IDEALPRO-MovingAverageCrossover-MA_CROSS,IDEALPRO-001,IDEALPRO-1-92135,STOP_MARKET,BUY,100000.00,GTC,True,False,100000.00,TAKER,1.0819849999997502,4.9999997502325755e-06,['2.16 USD'],NO_TRIGGER,FILLED,OUO,OL-20250401-131500-001-MA_CROSS-23,['O-20250401-131500-001-MA_CROSS-71'],O-20250401-131500-001-MA_CROSS-69,,,,['MA_CROSS_SL'],acf04db8-4cf5-4715-ba51-b85562aa30d8,1743513300000000000,1743598860000000000,1.08198,DEFAULT,,,,,
BACKTESTER-001,MovingAverageCrossover-MA_CROSS,EUR/USD.IDEALPRO,IDEALPRO-1-071,EUR/USD.IDEALPRO-MovingAverageCrossover-MA_CROSS,IDEALPRO-001,,LIMIT,BUY,99999.99,GTC,True,False,0.00,NO_LIQUIDITY_SIDE,,,,NO_TRIGGER,CANCELED,OUO,OL-20250401-131500-001-MA_CROSS-23,['O-20250401-131500-001-MA_CROSS-70'],O-20250401-131500-001-MA_CROSS-69,,,,['MA_CROSS_TP'],4f89b72b-31bc-4e4c-82bc-a00539738819,1743513300000000000,1743598860000000000,,,,,1.07348,True,
BACKTESTER-001,MovingAverageCrossover-MA_CROSS,EUR/USD.IDEALPRO,IDEALPRO-1-072,EUR/USD.IDEALPRO-MovingAverageCrossover-MA_CROSS,IDEALPRO-001,IDEALPRO-1-92406,MARKET,BUY,100000.00,GTC,False,False,100000.00,TAKER,1.08558499999975,0.0,['2.17 USD'],NO_TRIGGER,FILLED,OTO,OL-20250402-173000-001-MA_CROSS-24,"['O-20250402-173000-001-MA_CROSS-73', 'O-20250402-173000-001-MA_CROSS-74']",,,,,['MA_CROSS'],60469fc6-5683-43df-8be4-8584ab23a763,1743615000000000000,1743615000000000000,,,,,,,
BACKTESTER-001,MovingAverageCrossover-MA_CROSS,EUR/USD.IDEALPRO,IDEALPRO-1-073,EUR/USD.IDEALPRO-MovingAverageCrossover-MA_CROSS,IDEALPRO-001,,STOP_MARKET,SELL,99999.99,GTC,True,False,0.00,NO_LIQUIDITY_SIDE,,,,NO_TRIGGER,CANCELED,OUO,OL-20250402-173000-001-MA_CROSS-24,['O-20250402-173000-001-MA_CROSS-74'],O-20250402-173000-001-MA_CROSS-72,,,,['MA_CROSS_SL'],138e7fa0-b422-4bfa-ba53-b7f4875a364e,1743615000000000000,1743625080000000000,1.08208,DEFAULT,,,,,
BACKTESTER-001,MovingAverageCrossover-MA_CROSS,EUR/USD.IDEALPRO,IDEALPRO-1-074,EUR/USD.IDEALPRO-MovingAverageCrossover-MA_CROSS,IDEALPRO-001,IDEALPRO-1-92576,LIMIT,SELL,100000.00,GTC,True,False,100000.00,MAKER,1.09058,0.0,['2.18 USD'],NO_TRIGGER,FILLED,OUO,OL-20250402-173000-001-MA_CROSS-24,['O-20250402-173000-001-MA_CROSS-73'],O-20250402-173000-001-MA_CROSS-72,,,,['MA_CROSS_TP'],a3246968-d095-4bad-8aef-3b8c8ce8717b,1743615000000000000,1743625080000000000,,,,,1.09058,True,
BACKTESTER-001,MovingAverageCrossover-MA_CROSS,EUR/USD.IDEALPRO,IDEALPRO-1-075,EUR/USD.IDEALPRO-MovingAverageCrossover-MA_CROSS,IDEALPRO-001,IDEALPRO-1-95770,MARKET,SELL,100000.00,GTC,False,False,100000.00,TAKER,1.0954950000002501,0.0,['2.19 USD'],NO_TRIGGER,FILLED,OTO,OL-20250407-021500-001-MA_CROSS-25,"['O-20250407-021500-001-MA_CROSS-76', 'O-20250407-021500-001-MA_CROSS-77']",,,,,['MA_CROSS'],4d407d6c-fa04-40d6-a05a-7784e52c8503,1743992100000000000,1743992100000000000,,,,,,,
BACKTESTER-001,MovingAverageCrossover-MA_CROSS,EUR/USD.IDEALPRO,IDEALPRO-1-076,EUR/USD.IDEALPRO-MovingAverageCrossover-MA_CROSS,IDEALPRO-001,IDEALPRO-1-95956,STOP_MARKET,BUY,100000.00,GTC,True,False,100000.00,TAKER,1.0990049999997502,4.9999997502325755e-06,['2.20 USD'],NO_TRIGGER,FILLED,OUO,OL-20250407-021500-001-MA_CROSS-25,['O-20250407-021500-001-MA_CROSS-77'],O-20250407-021500-001-MA_CROSS-75,,,,['MA_CROSS_SL'],efd5b7fb-f06f-41b1-9156-a67e971e8e8f,1743992100000000000,1744003140000000000,1.09900,DEFAULT,,,,,
BACKTESTER-001,MovingAverageCrossover-MA_CROSS,EUR/USD.IDEALPRO,IDEALPRO-1-077,EUR/USD.IDEALPRO-MovingAverageCrossover-MA_CROSS,IDEALPRO-001,,LIMIT,BUY,99999.99,GTC,True,False,0.00,NO_LIQUIDITY_SIDE,,,,NO_TRIGGER,CANCELED,OUO,OL-20250407-021500-001-MA_CROSS-25,['O-20250407-021500-001-MA_CROSS-76'],O-20250407-021500-001-MA_CROSS-75,,,,['MA_CROSS_TP'],76fe8a55-fda5-421e-bd65-17bb2dfb2e67,1743992100000000000,1744003140000000000,,,,,1.09050,True,
BACKTESTER-001,MovingAverageCrossover-MA_CROSS,EUR/USD.IDEALPRO,IDEALPRO-1-078,EUR/USD.IDEALPRO-MovingAverageCrossover-MA_CROSS,IDEALPRO-001,IDEALPRO-1-98684,MARKET,BUY,100000.00,GTC,False,False,100000.00,TAKER,1.10225499999975,0.0,['2.20 USD'],NO_TRIGGER,FILLED,OTO,OL-20250409-031500-001-MA_CROSS-26,"['O-20250409-031500-001-MA_CROSS-79', 'O-20250409-031500-001-MA_CROSS-80']",,,,,['MA_CROSS'],c2736832-d675-4c7b-ad22-e8a5bdb7fb96,1744168500000000000,1744168500000000000,,,,,,,
BACKTESTER-001,MovingAverageCrossover-MA_CROSS,EUR/USD.IDEALPRO,IDEALPRO-1-079,EUR/USD.IDEALPRO-MovingAverageCrossover-MA_CROSS,IDEALPRO-001,,STOP_MARKET,SELL,99999.99,GTC,True,False,0.00,NO_LIQUIDITY_SIDE,,,,NO_TRIGGER,CANCELED,OUO,OL-20250409-031500-001-MA_CROSS-26,['O-20250409-031500-001-MA_CROSS-80'],O-20250409-031500-001-MA_CROSS-78,,,,['MA_CROSS_SL'],0c857cdc-9070-4dc0-8178-8dd7ee752f69,1744168500000000000,1744181640000000000,1.09875,DEFAULT,,,,,
BACKTESTER-001,MovingAverageCrossover-MA_CROSS,EUR/USD.IDEALPRO,IDEALPRO-1-080,EUR/USD.IDEALPRO-MovingAverageCrossover-MA_CROSS,IDEALPRO-001,IDEALPRO-1-98905,LIMIT,SELL,100000.00,GTC,True,False,100000.00,MAKER,1.1072500000000003,-2.220446049250313e-16,['2.21 USD'],NO_TRIGGER,FILLED,OUO,OL-20250409-031500-001-MA_CROSS-26,['O-20250409-031500-001-MA_CROSS-79'],O-20250409-031500-001-MA_CROSS-78,,,,['MA_CROSS_TP'],14cfc0e1-637a-423d-bfc5-c7d9fd72ae21,1744168500000000000,1744181640000000000,,,,,1.10725,True,
BACKTESTER-001,MovingAverageCrossover-MA_CROSS,EUR/USD.IDEALPRO,IDEALPRO-1-081,EUR/USD.IDEALPRO-MovingAverageCrossover-MA_CROSS,IDEALPRO-001,IDEALPRO-1-100053,MARKET,SELL,100000.00,GTC,False,False,100000.00,TAKER,1.09628500000025,0.0,['2.19 USD'],NO_TRIGGER,FILLED,OTO,OL-20250410-021500-001-MA_CROSS-27,"['O-20250410-021500-001-MA_CROSS-82', 'O-20250410-021500-001-MA_CROSS-83']",,,,,['MA_CROSS'],32bf6a96-a4f9-4758-b4c2-4f964a8b440b,1744251300000000000,1744251300000000000,,,,,,,
BACKTESTER-001,MovingAverageCrossover-MA_CROSS,EUR/USD.IDEALPRO,IDEALPRO-1-082,EUR/USD.IDEALPRO-MovingAverageCrossover-MA_CROSS,IDEALPRO-001,IDEALPRO-1-100373,STOP_MARKET,BUY,100000.00,GTC,True,False,100000.00,TAKER,1.09979499999975,4.999999750010531e-06,['2.20 USD'],NO_TRIGGER,FILLED,OUO,OL-20250410-021500-001-MA_CROSS-27,['O-20250410-021500-001-MA_CROSS-83'],O-20250410-021500-001-MA_CROSS-81,,,,['MA_CROSS_SL'],d7cd5d43-0d77-4615-8a73-1c8976d5cffb,1744251300000000000,1744270380000000000,1.09979,DEFAULT,,,,,
BACKTESTER-001,MovingAverageCrossover-MA_CROSS,EUR/USD.IDEALPRO,IDEALPRO-1-083,EUR/USD.IDEALPRO-MovingAverageCrossover-MA_CROSS,IDEALPRO-001,,LIMIT,BUY,99999.99,GTC,True,False,0.00,NO_LIQUIDITY_SIDE,,,,NO_TRIGGER,CANCELED,OUO,OL-20250410-021500-001-MA_CROSS-27,['O-20250410-021500-001-MA_CROSS-82'],O-20250410-021500-001-MA_CROSS-81,,,,['MA_CROSS_TP'],28062484-4edf-4ad7-b83f-495ed3d8e1d5,1744251300000000000,1744270380000000000,,,,,1.09129,True,
BACKTESTER-001,MovingAverageCrossover-MA_CROSS,EUR/USD.IDEALPRO,IDEALPRO-1-084,EUR/USD.IDEALPRO-MovingAverageCrossover-MA_CROSS,IDEALPRO-001,IDEALPRO-1-100402,MARKET,BUY,100000.00,GTC,False,False,100000.00,TAKER,1.10265499999975,0.0,['2.21 USD'],NO_TRIGGER,FILLED,OTO,OL-20250410-080000-001-MA_CROSS-28,"['O-20250410-080000-001-MA_CROSS-85', 'O-20250410-080000-001-MA_CROSS-86']",,,,,['MA_CROSS'],f54bc422-b775-4fdb-849c-fdc48a238569,1744272000000000000,1744272000000000000,,,,,,,
BACKTESTER-001,MovingAverageCrossover-MA_CROSS,EUR/USD.IDEALPRO,IDEALPRO-1-085,EUR/USD.IDEALPRO-MovingAverageCrossover-MA_CROSS,IDEALPRO-001,,STOP_MARKET,SELL,99999.99,GTC,True,False,0.00,NO_LIQUIDITY_SIDE,,,,NO_TRIGGER,CANCELED,OUO,OL-20250410-080000-001-MA_CROSS-28,['O-20250410-080000-001-MA_CROSS-86'],O-20250410-080000-001-MA_CROSS-84,,,,['MA_CROSS_SL'],b1c94a03-3b59-4d61-9b16-110e96c86094,1744272000000000000,1744281480000000000,1.09915,DEFAULT,,,,,
BACKTESTER-001,MovingAverageCrossover-MA_CROSS,EUR/USD.IDEALPRO,IDEALPRO-1-086,EUR/USD.IDEALPRO-MovingAverageCrossover-MA_CROSS,IDEALPRO-001,IDEALPRO-1-100562,LIMIT,SELL,100000.00,GTC,True,False,100000.00,MAKER,1.10765,0.0,['2.22 USD'],NO_TRIGGER,FILLED,OUO,OL-20250410-080000-001-MA_CROSS-28,['O-20250410-080000-001-MA_CROSS-85'],O-20250410-080000-001-MA_CROSS-84,,,,['MA_CROSS_TP'],0bd7d4de-1002-465b-a2dd-c9dcc918f853,1744272000000000000,1744281480000000000,,,,,1.10765,True,
BACKTESTER-001,MovingAverageCrossover-MA_CROSS,EUR/USD.IDEALPRO,IDEALPRO-1-087,EUR/USD.IDEALPRO-MovingAverageCrossover-MA_CROSS,IDEALPRO-001,IDEALPRO-1-105131,MARKET,SELL,100000.00,GTC,False,False,100000.00,TAKER,1.1308750000002503,0.0,['2.26 USD'],NO_TRIGGER,FILLED,OTO,OL-20250415-153000-001-MA_CROSS-29,"['O-20250415-153000-001-MA_CROSS-88', 'O-20250415-153000-001-MA_CROSS-89']",,,,,['MA_CROSS'],2bc0c166-33f9-47a8-a41c-d88b2468f81c,1744731000000000000,1744731000000000000,,,,,,,
BACKTESTER-001,MovingAverageCrossover-MA_CROSS,EUR/USD.IDEALPRO,IDEALPRO-1-088,EUR/USD.IDEALPRO-MovingAverageCrossover-MA_CROSS,IDEALPRO-001,IDEALPRO-1-105869,STOP_MARKET,BUY,100000.00,GTC,True,False,100000.00,TAKER,1.13438499999975,4.999999750010531e-06,['2.27 USD'],NO_TRIGGER,FILLED,OUO,OL-20250415-153000-001-MA_CROSS-29,['O-20250415-153000-001-MA_CROSS-89'],O-20250415-153000-001-MA_CROSS-87,,,,['MA_CROSS_SL'],13ca50b5-a3a8-4274-b789-db1ce5d5d92d,1744731000000000000,1744776060000000000,1.13438,DEFAULT,,,,,
BACKTESTER-001,MovingAverageCrossover-MA_CROSS,EUR/USD.IDEALPRO,IDEALPRO-1-089,EUR/USD.IDEALPRO-MovingAverageCrossover-MA_CROSS,IDEALPRO-001,,LIMIT,BUY,99999.99,GTC,True,False,0.00,NO_LIQUIDITY_SIDE,,,,NO_TRIGGER,CANCELED,OUO,OL-20250415-153000-001-MA_CROSS-29,['O-20250415-153000-001-MA_CROSS-88'],O-20250415-153000-001-MA_CROSS-87,,,,['MA_CROSS_TP'],0d5987cc-bfc4-4daf-93b2-d89214845f46,1744731000000000000,1744776060000000000,,,,,1.12588,True,
BACKTESTER-001,MovingAverageCrossover-MA_CROSS,EUR/USD.IDEALPRO,IDEALPRO-1-090,EUR/USD.IDEALPRO-MovingAverageCrossover-MA_CROSS,IDEALPRO-001,IDEALPRO-1-106200,MARKET,BUY,100000.00,GTC,False,False,100000.00,TAKER,1.1367149999997501,0.0,['2.27 USD'],NO_TRIGGER,FILLED,OTO,OL-20250416-093000-001-MA_CROSS-30,"['O-20250416-093000-001-MA_CROSS-91', 'O-20250416-093000-001-MA_CROSS-92']",,,,,['MA_CROSS'],dd84020c-f58b-4b21-9cbd-a4a10ea8e6d8,1744795800000000000,1744795800000000000,,,,,,,
BACKTESTER-001,MovingAverageCrossover-MA_CROSS,EUR/USD.IDEALPRO,IDEALPRO-1-091,EUR/USD.IDEALPRO-MovingAverageCrossover-MA_CROSS,IDEALPRO-001,,STOP_MARKET,SELL,99999.99,GTC,True,False,0.00,NO_LIQUIDITY_SIDE,,,,NO_TRIGGER,CANCELED,OUO,OL-20250416-093000-001-MA_CROSS-30,['O-20250416-093000-001-MA_CROSS-92'],O-20250416-093000-001-MA_CROSS-90,,,,['MA_CROSS_SL'],7f156766-9527-4648-8ae7-f2b09b4bfaf3,1744795800000000000,1745193660000000000,1.13321,DEFAULT,,,,,
BACKTESTER-001,MovingAverageCrossover-MA_CROSS,EUR/USD.IDEALPRO,IDEALPRO-1-092,EUR/USD.IDEALPRO-MovingAverageCrossover-MA_CROSS,IDEALPRO-001,IDEALPRO-1-109743,LIMIT,SELL,100000.00,GTC,True,False,100000.00,MAKER,1.1417100000000002,-2.220446049250313e-16,['2.28 USD'],NO_TRIGGER,FILLED,OUO,OL-20250416-093000-001-MA_CROSS-30,['O-20250416-093000-001-MA_CROSS-91'],O-20250416-093000-001-MA_CROSS-90,,,,['MA_CROSS_TP'],d5dfa971-d832-47c4-8397-8b03e4e7b4f4,1744795800000000000,1745193660000000000,,,,,1.14171,True,
BACKTESTER-001,MovingAverageCrossover-MA_CROSS,EUR/USD.IDEALPRO,IDEALPRO-1-093,EUR/USD.IDEALPRO-MovingAverageCrossover-MA_CROSS,IDEALPRO-001,IDEALPRO-1-112414,MARKET,SELL,100000.00,GTC,False,False,100000.00,TAKER,1.1418350000002502,0.0,['2.28 USD'],NO_TRIGGER,FILLED,OTO,OL-20250422-204500-001-MA_CROSS-31,"['O-20250422-204500-001-MA_CROSS-94', 'O-20250422-204500-001-MA_CROSS-95']",,,,,['MA_CROSS'],444e505a-a7c1-461d-a42f-26f2519c67c5,1745354700000000000,1745354700000000000,,,,,,,
BACKTESTER-001,MovingAverageCrossover-MA_CROSS,EUR/USD.IDEALPRO,IDEALPRO-1-094,EUR/USD.IDEALPRO-MovingAverageCrossover-MA_CROSS,IDEALPRO-001,,STOP_MARKET,BUY,99999.99,GTC,True,False,0.00,NO_LIQUIDITY_SIDE,,,,NO_TRIGGER,CANCELED,OUO,OL-20250422-204500-001-MA_CROSS-31,['O-20250422-204500-001-MA_CROSS-95'],O-20250422-204500-001-MA_CROSS-93,,,,['MA_CROSS_SL'],16b994d4-c5df-451b-8de3-0c19bb3b7c01,1745354700000000000,1745359020000000000,1.14534,DEFAULT,,,,,
BACKTESTER-001,MovingAverageCrossover-MA_CROSS,EUR/USD.IDEALPRO,IDEALPRO-1-095,EUR/USD.IDEALPRO-MovingAverageCrossover-MA_CROSS,IDEALPRO-001,IDEALPRO-1-112473,LIMIT,BUY,100000.00,GTC,True,False,100000.00,MAKER,1.13684,0.0,['2.27 USD'],NO_TRIGGER,FILLED,OUO,OL-20250422-204500-001-MA_CROSS-31,['O-20250422-204500-001-MA_CROSS-94'],O-20250422-204500-001-MA_CROSS-93,,,,['MA_CROSS_TP'],5c95819c-e3d0-4a0a-b042-3418f1439d5d,1745354700000000000,1745359020000000000,,,,,1.13684,True,
BACKTESTER-001,MovingAverageCrossover-MA_CROSS,EUR/USD.IDEALPRO,IDEALPRO-1-096,EUR/USD.IDEALPRO-MovingAverageCrossover-MA_CROSS,IDEALPRO-001,IDEALPRO-1-116888,MARKET,BUY,100000.00,GTC,False,False,100000.00,TAKER,1.1357649999997501,0.0,['2.27 USD'],NO_TRIGGER,FILLED,OTO,OL-20250428-001500-001-MA_CROSS-32,"['O-20250428-001500-001-MA_CROSS-97', 'O-20250428-001500-001-MA_CROSS-98']",,,,,['MA_CROSS'],566194e7-1914-4273-add7-6328b66faca3,1745799300000000000,1745799300000000000,,,,,,,
BACKTESTER-001,MovingAverageCrossover-MA_CROSS,EUR/USD.IDEALPRO,IDEALPRO-1-097,EUR/USD.IDEALPRO-MovingAverageCrossover-MA_CROSS,IDEALPRO-001,,STOP_MARKET,SELL,99999.99,GTC,True,False,0.00,NO_LIQUIDITY_SIDE,,,,NO_TRIGGER,CANCELED,OUO,OL-20250428-001500-001-MA_CROSS-32,['O-20250428-001500-001-MA_CROSS-98'],O-20250428-001500-001-MA_CROSS-96,,,,['MA_CROSS_SL'],89334464-e035-4114-b425-3aa2fec592ac,1745799300000000000,1745821800000000000,1.13226,DEFAULT,,,,,
BACKTESTER-001,MovingAverageCrossover-MA_CROSS,EUR/USD.IDEALPRO,IDEALPRO-1-098,EUR/USD.IDEALPRO-MovingAverageCrossover-MA_CROSS,IDEALPRO-001,,LIMIT,SELL,99999.99,GTC,True,False,0.00,NO_LIQUIDITY_SIDE,,,,NO_TRIGGER,CANCELED,OUO,OL-20250428-001500-001-MA_CROSS-32,['O-20250428-001500-001-MA_CROSS-97'],O-20250428-001500-001-MA_CROSS-96,,,,['MA_CROSS_TP'],32e8a782-a40f-450e-a896-d5c06edb2bdb,1745799300000000000,1745821800000000000,,,,,1.14076,True,
BACKTESTER-001,MovingAverageCrossover-MA_CROSS,EUR/USD.IDEALPRO,IDEALPRO-1-099,EUR/USD.IDEALPRO-MovingAverageCrossover-MA_CROSS,IDEALPRO-001,IDEALPRO-1-117265,MARKET,SELL,100000.00,GTC,True,False,100000.00,TAKER,1.13652500000025,0.0,['2.27 USD'],NO_TRIGGER,FILLED,NO_CONTINGENCY,,,,,,,,6a14310e-27e9-4fdf-ac2f-eed5b3e039c0,1745821800000000000,1745821800000000000,,,,,,,
BACKTESTER-001,MovingAverageCrossover-MA_CROSS,EUR/USD.IDEALPRO,IDEALPRO-1-100,EUR/USD.IDEALPRO-MovingAverageCrossover-MA_CROSS,IDEALPRO-001,IDEALPRO-1-117897,MARKET,BUY,100000.00,GTC,False,False,100000.00,TAKER,1.1411649999997502,0.0,['2.28 USD'],NO_TRIGGER,FILLED,OTO,OL-20250428-170000-001-MA_CROSS-33,"['O-20250428-170000-001-MA_CROSS-101', 'O-20250428-170000-001-MA_CROSS-102']",,,,,['MA_CROSS'],6c51b9f3-1b85-4433-82b1-bed84fe6b9af,1745859600000000000,1745859600000000000,,,,,,,
BACKTESTER-001,MovingAverageCrossover-MA_CROSS,EUR/USD.IDEALPRO,IDEALPRO-1-101,EUR/USD.IDEALPRO-MovingAverageCrossover-MA_CROSS,IDEALPRO-001,IDEALPRO-1-118592,STOP_MARKET,SELL,100000.00,GTC,True,False,100000.00,TAKER,1.1376550000002499,4.999999750010531e-06,['2.28 USD'],NO_TRIGGER,FILLED,OUO,OL-20250428-170000-001-MA_CROSS-33,['O-20250428-170000-001-MA_CROSS-102'],O-20250428-170000-001-MA_CROSS-100,,,,['MA_CROSS_SL'],37992a47-9f5a-44e4-8c3e-ee0ba3c52f76,1745859600000000000,1745902080000000000,1.13766,DEFAULT,,,,,
BACKTESTER-001,MovingAverageCrossover-MA_CROSS,EUR/USD.IDEALPRO,IDEALPRO-1-102,EUR/USD.IDEALPRO-MovingAverageCrossover-MA_CROSS,IDEALPRO-001,,LIMIT,SELL,99999.99,GTC,True,False,0.00,NO_LIQUIDITY_SIDE,,,,NO_TRIGGER,CANCELED,OUO,OL-20250428-170000-001-MA_CROSS-33,['O-20250428-170000-001-MA_CROSS-101'],O-20250428-170000-001-MA_CROSS-100,,,,['MA_CROSS_TP'],07ab643e-7adc-49f3-ae12-8880c4dc2198,1745859600000000000,1745902080000000000,,,,,1.14616,True,
BACKTESTER-001,MovingAverageCrossover-MA_CROSS,EUR/USD.IDEALPRO,IDEALPRO-1-103,EUR/USD.IDEALPRO-MovingAverageCrossover-MA_CROSS,IDEALPRO-001,IDEALPRO-1-120256,MARKET,SELL,100000.00,GTC,False,False,100000.00,TAKER,1.13643500000025,0.0,['2.27 USD'],NO_TRIGGER,FILLED,OTO,OL-20250430-084500-001-MA_CROSS-34,"['O-20250430-084500-001-MA_CROSS-104', 'O-20250430-084500-001-MA_CROSS-105']",,,,,['MA_CROSS'],44c145d2-dad9-4a11-a26e-eb5ee301664d,1746002700000000000,1746002700000000000,,,,,,,
BACKTESTER-001,MovingAverageCrossover-MA_CROSS,EUR/USD.IDEALPRO,IDEALPRO-1-104,EUR/USD.IDEALPRO-MovingAverageCrossover-MA_CROSS,IDEALPRO-001,,STOP_MARKET,BUY,99999.99,GTC,True,False,0.00,NO_LIQUIDITY_SIDE,,,,NO_TRIGGER,CANCELED,OUO,OL-20250430-084500-001-MA_CROSS-34,['O-20250430-084500-001-MA_CROSS-105'],O-20250430-084500-001-MA_CROSS-103,,,,['MA_CROSS_SL'],9a511bcd-ef42-45d9-b290-6a6a261ccab8,1746002700000000000,1746061680000000000,1.13994,DEFAULT,,,,,
BACKTESTER-001,MovingAverageCrossover-MA_CROSS,EUR/USD.IDEALPRO,IDEALPRO-1-105,EUR/USD.IDEALPRO-MovingAverageCrossover-MA_CROSS,IDEALPRO-001,IDEALPRO-1-121226,LIMIT,BUY,100000.00,GTC,True,False,100000.00,MAKER,1.13144,0.0,['2.26 USD'],NO_TRIGGER,FILLED,OUO,OL-20250430-084500-001-MA_CROSS-34,['O-20250430-084500-001-MA_CROSS-104'],O-20250430-084500-001-MA_CROSS-103,,,,['MA_CROSS_TP'],33760663-501d-425c-938e-9fe86e840c5a,1746002700000000000,1746061680000000000,,,,,1.13144,True,
BACKTESTER-001,MovingAverageCrossover-MA_CROSS,EUR/USD.IDEALPRO,IDEALPRO-1-106,EUR/USD.IDEALPRO-MovingAverageCrossover-MA_CROSS,IDEALPRO-001,IDEALPRO-1-124535,MARKET,BUY,100000.00,GTC,False,False,100000.00,TAKER,1.13277499999975,0.0,['2.27 USD'],NO_TRIGGER,FILLED,OTO,OL-20250505-084500-001-MA_CROSS-35,"['O-20250505-084500-001-MA_CROSS-107', 'O-20250505-084500-001-MA_CROSS-108']",,,,,['MA_CROSS'],37b9f8e6-45cc-4312-bdd5-c3533e1ec7be,1746434700000000000,1746434700000000000,,,,,,,
BACKTESTER-001,MovingAverageCrossover-MA_CROSS,EUR/USD.IDEALPRO,IDEALPRO-1-107,EUR/USD.IDEALPRO-MovingAverageCrossover-MA_CROSS,IDEALPRO-001,IDEALPRO-1-125457,STOP_MARKET,SELL,100000.00,GTC,True,False,100000.00,TAKER,1.12926500000025,4.999999750010531e-06,['2.26 USD'],NO_TRIGGER,FILLED,OUO,OL-20250505-084500-001-MA_CROSS-35,['O-20250505-084500-001-MA_CROSS-108'],O-20250505-084500-001-MA_CROSS-106,,,,['MA_CROSS_SL'],fb44512e-f704-4b11-bc51-063ee3c502ee,1746434700000000000,1746490800000000000,1.12927,DEFAULT,,,,,
BACKTESTER-001,MovingAverageCrossover-MA_CROSS,EUR/USD.IDEALPRO,IDEALPRO-1-108,EUR/USD.IDEALPRO-MovingAverageCrossover-MA_CROSS,IDEALPRO-001,,LIMIT,SELL,99999.99,GTC,True,False,0.00,NO_LIQUIDITY_SIDE,,,,NO_TRIGGER,CANCELED,OUO,OL-20250505-084500-001-MA_CROSS-35,['O-20250505-084500-001-MA_CROSS-107'],O-20250505-084500-001-MA_CROSS-106,,,,['MA_CROSS_TP'],2dd9d371-b564-4518-9922-1453d6473e96,1746434700000000000,1746490800000000000,,,,,1.13777,True,
BACKTESTER-001,MovingAverageCrossover-MA_CROSS,EUR/USD.IDEALPRO,IDEALPRO-1-109,EUR/USD.IDEALPRO-MovingAverageCrossover-MA_CROSS,IDEALPRO-001,IDEALPRO-1-125469,MARKET,SELL,100000.00,GTC,False,False,100000.00,TAKER,1.1286750000002501,0.0,['2.26 USD'],NO_TRIGGER,FILLED,OTO,OL-20250506-003000-001-MA_CROSS-36,"['O-20250506-003000-001-MA_CROSS-110', 'O-20250506-003000-001-MA_CROSS-111']",,,,,['MA_CROSS'],3695f2e4-c337-4476-b1eb-890c84d0c669,1746491400000000000,1746491400000000000,,,,,,,
BACKTESTER-001,MovingAverageCrossover-MA_CROSS,EUR/USD.IDEALPRO,IDEALPRO-1-110,EUR/USD.IDEALPRO-MovingAverageCrossover-MA_CROSS,IDEALPRO-001,IDEALPRO-1-125697,STOP_MARKET,BUY,100000.00,GTC,True,False,100000.00,TAKER,1.13218499999975,4.999999750010531e-06,['2.26 USD'],NO_TRIGGER,FILLED,OUO,OL-20250506-003000-001-MA_CROSS-36,['O-20250506-003000-001-MA_CROSS-111'],O-20250506-003000-001-MA_CROSS-109,,,,['MA_CROSS_SL'],2852485d-4747-4b93-8d62-24d59865c83e,1746491400000000000,1746504960000000000,1.13218,DEFAULT,,,,,
BACKTESTER-001,MovingAverageCrossover-MA_CROSS,EUR/USD.IDEALPRO,IDEALPRO-1-111,EUR/USD.IDEALPRO-MovingAverageCrossover-MA_CROSS,IDEALPRO-001,,LIMIT,BUY,99999.99,GTC,True,False,0.00,NO_LIQUIDITY_SIDE,,,,NO_TRIGGER,CANCELED,OUO,OL-20250506-003000-001-MA_CROSS-36,['O-20250506-003000-001-MA_CROSS-110'],O-20250506-003000-001-MA_CROSS-109,,,,['MA_CROSS_TP'],81b04cf6-449d-4daf-82f1-265c40ecfc84,1746491400000000000,1746504960000000000,,,,,1.12368,True,
BACKTESTER-001,MovingAverageCrossover-MA_CROSS,EUR/USD.IDEALPRO,IDEALPRO-1-112,EUR/USD.IDEALPRO-MovingAverageCrossover-MA_CROSS,IDEALPRO-001,IDEALPRO-1-126118,MARKET,BUY,100000.00,GTC,False,False,100000.00,TAKER,1.13267499999975,0.0,['2.27 USD'],NO_TRIGGER,FILLED,OTO,OL-20250506-111500-001-MA_CROSS-37,"['O-20250506-111500-001-MA_CROSS-113', 'O-20250506-111500-001-MA_CROSS-114']",,,,,['MA_CROSS'],2de0fd62-d6df-4270-bd05-118ab9281595,1746530100000000000,1746530100000000000,,,,,,,
BACKTESTER-001,MovingAverageCrossover-MA_CROSS,EUR/USD.IDEALPRO,IDEALPRO-1-113,EUR/USD.IDEALPRO-MovingAverageCrossover-MA_CROSS,IDEALPRO-001,,STOP_MARKET,SELL,99999.99,GTC,True,False,0.00,NO_LIQUIDITY_SIDE,,,,NO_TRIGGER,CANCELED,OUO,OL-20250506-111500-001-MA_CROSS-37,['O-20250506-111500-001-MA_CROSS-114'],O-20250506-111500-001-MA_CROSS-112,,,,['MA_CROSS_SL'],0d1c559b-b3eb-4659-a9bd-add71cc323d3,1746530100000000000,1746559740000000000,1.12917,DEFAULT,,,,,
BACKTESTER-001,MovingAverageCrossover-MA_CROSS,EUR/USD.IDEALPRO,IDEALPRO-1-114,EUR/USD.IDEALPRO-MovingAverageCrossover-MA_CROSS,IDEALPRO-001,IDEALPRO-1-126614,LIMIT,SELL,100000.00,GTC,True,False,100000.00,MAKER,1.13767,0.0,['2.28 USD'],NO_TRIGGER,FILLED,OUO,OL-20250506-111500-001-MA_CROSS-37,['O-20250506-111500-001-MA_CROSS-113'],O-20250506-111500-001-MA_CROSS-112,,,,['MA_CROSS_TP'],f6004cdb-653d-4d95-ade8-f49c77aec798,1746530100000000000,1746559740000000000,,,,,1.13767,True,
BACKTESTER-001,MovingAverageCrossover-MA_CROSS,EUR/USD.IDEALPRO,IDEALPRO-1-115,EUR/USD.IDEALPRO-MovingAverageCrossover-MA_CROSS,IDEALPRO-001,IDEALPRO-1-128237,MARKET,SELL,100000.00,GTC,False,False,100000.00,TAKER,1.1301250000002503,0.0,['2.26 USD'],NO_TRIGGER,FILLED,OTO,OL-20250507-230000-001-MA_CROSS-38,"['O-20250507-230000-001-MA_CROSS-116', 'O-20250507-230000-001-MA_CROSS-117']",,,,,['MA_CROSS'],5a2de78a-4153-44c1-a9ed-21cafbcf5f96,1746658800000000000,1746658800000000000,,,,,,,
BACKTESTER-001,MovingAverageCrossover-MA_CROSS,EUR/USD.IDEALPRO,IDEALPRO-1-116,EUR/USD.IDEALPRO-MovingAverageCrossover-MA_CROSS,IDEALPRO-001,IDEALPRO-1-128492,STOP_MARKET,BUY,100000.00,GTC,True,False,100000.00,TAKER,1.1336349999997501,4.9999997502325755e-06,['2.27 USD'],NO_TRIGGER,FILLED,OUO,OL-20250507-230000-001-MA_CROSS-38,['O-20250507-230000-001-MA_CROSS-117'],O-20250507-230000-001-MA_CROSS-115,,,,['MA_CROSS_SL'],a1a27d39-b363-445b-b0fd-e5ed6a03e709,1746658800000000000,1746673980000000000,1.13363,DEFAULT,,,,,
BACKTESTER-001,MovingAverageCrossover-MA_CROSS,EUR/USD.IDEALPRO,IDEALPRO-1-117,EUR/USD.IDEALPRO-MovingAverageCrossover-MA_CROSS,IDEALPRO-001,,LIMIT,BUY,99999.99,GTC,True,False,0.00,NO_LIQUIDITY_SIDE,,,,NO_TRIGGER,CANCELED,OUO,OL-20250507-230000-001-MA_CROSS-38,['O-20250507-230000-001-MA_CROSS-116'],O-20250507-230000-001-MA_CROSS-115,,,,['MA_CROSS_TP'],aceea38f-ca10-4312-acc3-ee5525147bd9,1746658800000000000,1746673980000000000,,,,,1.12513,True,
BACKTESTER-001,MovingAverageCrossover-MA_CROSS,EUR/USD.IDEALPRO,IDEALPRO-1-118,EUR/USD.IDEALPRO-MovingAverageCrossover-MA_CROSS,IDEALPRO-001,IDEALPRO-1-134031,MARKET,BUY,100000.00,GTC,False,False,100000.00,TAKER,1.11936499999975,0.0,['2.24 USD'],NO_TRIGGER,FILLED,OTO,OL-20250514-003000-001-MA_CROSS-39,"['O-20250514-003000-001-MA_CROSS-119', 'O-20250514-003000-001-MA_CROSS-120']",,,,,['MA_CROSS'],fc06b8a0-3e84-4c3c-8d33-0ac1224f523a,1747182600000000000,1747182600000000000,,,,,,,
BACKTESTER-001,MovingAverageCrossover-MA_CROSS,EUR/USD.IDEALPRO,IDEALPRO-1-119,EUR/USD.IDEALPRO-MovingAverageCrossover-MA_CROSS,IDEALPRO-001,,STOP_MARKET,SELL,99999.99,GTC,True,False,0.00,NO_LIQUIDITY_SIDE,,,,NO_TRIGGER,CANCELED,OUO,OL-20250514-003000-001-MA_CROSS-39,['O-20250514-003000-001-MA_CROSS-120'],O-20250514-003000-001-MA_CROSS-118,,,,['MA_CROSS_SL'],f8d3349d-2401-46df-a1c6-23c11f9c97b2,1747182600000000000,1747210080000000000,1.11586,DEFAULT,,,,,
BACKTESTER-001,MovingAverageCrossover-MA_CROSS,EUR/USD.IDEALPRO,IDEALPRO-1-120,EUR/USD.IDEALPRO-MovingAverageCrossover-MA_CROSS,IDEALPRO-001,IDEALPRO-1-134491,LIMIT,SELL,100000.00,GTC,True,False,100000.00,MAKER,1.12436,0.0,['2.25 USD'],NO_TRIGGER,FILLED,OUO,OL-20250514-003000-001-MA_CROSS-39,['O-20250514-003000-001-MA_CROSS-119'],O-20250514-003000-001-MA_CROSS-118,,,,['MA_CROSS_TP'],fad5114c-326f-4b47-95c4-ee70b76ff9b6,1747182600000000000,1747210080000000000,,,,,1.12436,True,
BACKTESTER-001,MovingAverageCrossover-MA_CROSS,EUR/USD.IDEALPRO,IDEALPRO-1-121,EUR/USD.IDEALPRO-MovingAverageCrossover-MA_CROSS,IDEALPRO-001,IDEALPRO-1-137815,MARKET,SELL,100000.00,GTC,False,False,100000.00,TAKER,1.1140250000002503,0.0,['2.23 USD'],NO_TRIGGER,FILLED,OTO,OL-20250516-160000-001-MA_CROSS-40,"['O-20250516-160000-001-MA_CROSS-122', 'O-20250516-160000-001-MA_CROSS-123']",,,,,['MA_CROSS'],d94d7319-d242-4878-8962-b3b43db175e8,1747411200000000000,1747411200000000000,,,,,,,
BACKTESTER-001,MovingAverageCrossover-MA_CROSS,EUR/USD.IDEALPRO,IDEALPRO-1-122,EUR/USD.IDEALPRO-MovingAverageCrossover-MA_CROSS,IDEALPRO-001,IDEALPRO-1-138118,STOP_MARKET,BUY,100000.00,GTC,True,False,100000.00,TAKER,1.1175349999997501,4.9999997502325755e-06,['2.24 USD'],NO_TRIGGER,FILLED,OUO,OL-20250516-160000-001-MA_CROSS-40,['O-20250516-160000-001-MA_CROSS-123'],O-20250516-160000-001-MA_CROSS-121,,,,['MA_CROSS_SL'],c88fb5d4-47cd-4dd1-86cd-152e052fbf5a,1747411200000000000,1747602960000000000,1.11753,DEFAULT,,,,,
BACKTESTER-001,MovingAverageCrossover-MA_CROSS,EUR/USD.IDEALPRO,IDEALPRO-1-123,EUR/USD.IDEALPRO-MovingAverageCrossover-MA_CROSS,IDEALPRO-001,,LIMIT,BUY,99999.99,GTC,True,False,0.00,NO_LIQUIDITY_SIDE,,,,NO_TRIGGER,CANCELED,OUO,OL-20250516-160000-001-MA_CROSS-40,['O-20250516-160000-001-MA_CROSS-122'],O-20250516-160000-001-MA_CROSS-121,,,,['MA_CROSS_TP'],18a2c0a9-fa52-4480-8693-22f1d5112984,1747411200000000000,1747602960000000000,,,,,1.10903,True,
BACKTESTER-001,MovingAverageCrossover-MA_CROSS,EUR/USD.IDEALPRO,IDEALPRO-1-124,EUR/USD.IDEALPRO-MovingAverageCrossover-MA_CROSS,IDEALPRO-001,IDEALPRO-1-138779,MARKET,BUY,100000.00,GTC,False,False,100000.00,TAKER,1.1248349999997502,0.0,['2.25 USD'],NO_TRIGGER,FILLED,OTO,OL-20250519-081500-001-MA_CROSS-41,"['O-20250519-081500-001-MA_CROSS-125', 'O-20250519-081500-001-MA_CROSS-126']",,,,,['MA_CROSS'],fba8d9fd-6cc4-4ca1-93cb-4d87c8629f8e,1747642500000000000,1747642500000000000,,,,,,,
BACKTESTER-001,MovingAverageCrossover-MA_CROSS,EUR/USD.IDEALPRO,IDEALPRO-1-125,EUR/USD.IDEALPRO-MovingAverageCrossover-MA_CROSS,IDEALPRO-001,,STOP_MARKET,SELL,99999.98,GTC,True,False,0.00,NO_LIQUIDITY_SIDE,,,,NO_TRIGGER,CANCELED,OUO,OL-20250519-081500-001-MA_CROSS-41,['O-20250519-081500-001-MA_CROSS-126'],O-20250519-081500-001-MA_CROSS-124,,,,['MA_CROSS_SL'],afd4ae9a-b131-4718-a074-7b260f699dda,1747642500000000000,1747787460000000000,1.12133,DEFAULT,,,,,
BACKTESTER-001,MovingAverageCrossover-MA_CROSS,EUR/USD.IDEALPRO,IDEALPRO-1-126,EUR/USD.IDEALPRO-MovingAverageCrossover-MA_CROSS,IDEALPRO-001,IDEALPRO-1-141168,LIMIT,SELL,100000.00,GTC,True,False,100000.00,MAKER,1.12983,0.0,['2.26 USD'],NO_TRIGGER,FILLED,OUO,OL-20250519-081500-001-MA_CROSS-41,['O-20250519-081500-001-MA_CROSS-125'],O-20250519-081500-001-MA_CROSS-124,,,,['MA_CROSS_TP'],9108cc73-c4d2-4515-9cb5-cd213389ee05,1747642500000000000,1747787460000000000,,,,,1.12983,True,
BACKTESTER-001,MovingAverageCrossover-MA_CROSS,EUR/USD.IDEALPRO,IDEALPRO-1-127,EUR/USD.IDEALPRO-MovingAverageCrossover-MA_CROSS,IDEALPRO-001,IDEALPRO-1-143839,MARKET,SELL,100000.00,GTC,False,False,100000.00,TAKER,1.12809500000025,0.0,['2.26 USD'],NO_TRIGGER,FILLED,OTO,OL-20250522-213000-001-MA_CROSS-42,"['O-20250522-213000-001-MA_CROSS-128', 'O-20250522-213000-001-MA_CROSS-129']",,,,,['MA_CROSS'],3f520978-bdf1-48e0-9ee7-05e110980c2a,1747949400000000000,1747949400000000000,,,,,,,
BACKTESTER-001,MovingAverageCrossover-MA_CROSS,EUR/USD.IDEALPRO,IDEALPRO-1-128,EUR/USD.IDEALPRO-MovingAverageCrossover-MA_CROSS,IDEALPRO-001,IDEALPRO-1-144102,STOP_MARKET,BUY,100000.00,GTC,True,False,100000.00,TAKER,1.1316049999997502,4.9999997502325755e-06,['2.26 USD'],NO_TRIGGER,FILLED,OUO,OL-20250522-213000-001-MA_CROSS-42,['O-20250522-213000-001-MA_CROSS-129'],O-20250522-213000-001-MA_CROSS-127,,,,['MA_CROSS_SL'],1e785198-c79c-403d-8b21-39dea6dd256a,1747949400000000000,1747965060000000000,1.13160,DEFAULT,,,,,
BACKTESTER-001,MovingAverageCrossover-MA_CROSS,EUR/USD.IDEALPRO,IDEALPRO-1-129,EUR/USD.IDEALPRO-MovingAverageCrossover-MA_CROSS,IDEALPRO-001,,LIMIT,BUY,99999.99,GTC,True,False,0.00,NO_LIQUIDITY_SIDE,,,,NO_TRIGGER,CANCELED,OUO,OL-20250522-213000-001-MA_CROSS-42,['O-20250522-213000-001-MA_CROSS-128'],O-20250522-213000-001-MA_CROSS-127,,,,['MA_CROSS_TP'],4f2795ce-cfea-40ae-9d92-14a2c8ffca0e,1747949400000000000,1747965060000000000,,,,,1.12310,True,
BACKTESTER-001,MovingAverageCrossover-MA_CROSS,EUR/USD.IDEALPRO,IDEALPRO-1-130,EUR/USD.IDEALPRO-MovingAverageCrossover-MA_CROSS,IDEALPRO-001,IDEALPRO-1-144488,MARKET,BUY,100000.00,GTC,False,False,100000.00,TAKER,1.1344149999997502,0.0,['2.27 USD'],NO_TRIGGER,FILLED,OTO,OL-20250523-081500-001-MA_CROSS-43,"['O-20250523-081500-001-MA_CROSS-131', 'O-20250523-081500-001-MA_CROSS-132']",,,,,['MA_CROSS'],94381618-6d45-40cc-b0db-44ea3f66b0d8,1747988100000000000,1747988100000000000,,,,,,,
BACKTESTER-001,MovingAverageCrossover-MA_CROSS,EUR/USD.IDEALPRO,IDEALPRO-1-131,EUR/USD.IDEALPRO-MovingAverageCrossover-MA_CROSS,IDEALPRO-001,IDEALPRO-1-144708,STOP_MARKET,SELL,100000.00,GTC,True,False,100000.00,TAKER,1.1309050000002503,4.999999749788486e-06,['2.26 USD'],NO_TRIGGER,FILLED,OUO,OL-20250523-081500-001-MA_CROSS-43,['O-20250523-081500-001-MA_CROSS-132'],O-20250523-081500-001-MA_CROSS-130,,,,['MA_CROSS_SL'],750a2574-8706-42aa-a0d3-4c7555c97f76,1747988100000000000,1748001180000000000,1.13091,DEFAULT,,,,,
BACKTESTER-001,MovingAverageCrossover-MA_CROSS,EUR/USD.IDEALPRO,IDEALPRO-1-132,EUR/USD.IDEALPRO-MovingAverageCrossover-MA_CROSS,IDEALPRO-001,,LIMIT,SELL,99999.99,GTC,True,False,0.00,NO_LIQUIDITY_SIDE,,,,NO_TRIGGER,CANCELED,OUO,OL-20250523-081500-001-MA_CROSS-43,['O-20250523-081500-001-MA_CROSS-131'],O-20250523-081500-001-MA_CROSS-130,,,,['MA_CROSS_TP'],da0205b5-7b05-4dee-977b-f22730ae9099,1747988100000000000,1748001180000000000,,,,,1.13941,True,
BACKTESTER-001,MovingAverageCrossover-MA_CROSS,EUR/USD.IDEALPRO,IDEALPRO-1-133,EUR/USD.IDEALPRO-MovingAverageCrossover-MA_CROSS,IDEALPRO-001,IDEALPRO-1-147747,MARKET,SELL,100000.00,GTC,False,False,100000.00,TAKER,1.1341050000002502,0.0,['2.27 USD'],NO_TRIGGER,FILLED,OTO,OL-20250527-150000-001-MA_CROSS-44,"['O-20250527-150000-001-MA_CROSS-134', 'O-20250527-150000-001-MA_CROSS-135']",,,,,['MA_CROSS'],f696f6cb-f34d-4d0e-ab98-048e1bd00905,1748358000000000000,1748358000000000000,,,,,,,
BACKTESTER-001,MovingAverageCrossover-MA_CROSS,EUR/USD.IDEALPRO,IDEALPRO-1-134,EUR/USD.IDEALPRO-MovingAverageCrossover-MA_CROSS,IDEALPRO-001,,STOP_MARKET,BUY,99999.99,GTC,True,False,0.00,NO_LIQUIDITY_SIDE,,,,NO_TRIGGER,CANCELED,OUO,OL-20250527-150000-001-MA_CROSS-44,['O-20250527-150000-001-MA_CROSS-135'],O-20250527-150000-001-MA_CROSS-133,,,,['MA_CROSS_SL'],92ce9ae0-1116-47f7-8f34-d0cfe2501415,1748358000000000000,1748445480000000000,1.13761,DEFAULT,,,,,
BACKTESTER-001,MovingAverageCrossover-MA_CROSS,EUR/USD.IDEALPRO,IDEALPRO-1-135,EUR/USD.IDEALPRO-MovingAverageCrossover-MA_CROSS,IDEALPRO-001,IDEALPRO-1-149192,LIMIT,BUY,100000.00,GTC,True,False,100000.00,MAKER,1.12911,0.0,['2.26 USD'],NO_TRIGGER,FILLED,OUO,OL-20250527-150000-001-MA_CROSS-44,['O-20250527-150000-001-MA_CROSS-134'],O-20250527-150000-001-MA_CROSS-133,,,,['MA_CROSS_TP'],61dfa04e-ed37-4c36-897f-037c827bde33,1748358000000000000,1748445480000000000,,,,,1.12911,True,
BACKTESTER-001,MovingAverageCrossover-MA_CROSS,EUR/USD.IDEALPRO,IDEALPRO-1-136,EUR/USD.IDEALPRO-MovingAverageCrossover-MA_CROSS,IDEALPRO-001,IDEALPRO-1-150796,MARKET,BUY,100000.00,GTC,False,False,100000.00,TAKER,1.1382749999997501,0.0,['2.28 USD'],NO_TRIGGER,FILLED,OTO,OL-20250529-181500-001-MA_CROSS-45,"['O-20250529-181500-001-MA_CROSS-137', 'O-20250529-181500-001-MA_CROSS-138']",,,,,['MA_CROSS'],3d021691-fe36-4a77-9942-b1c69c0fb75c,1748542500000000000,1748542500000000000,,,,,,,
BACKTESTER-001,MovingAverageCrossover-MA_CROSS,EUR/USD.IDEALPRO,IDEALPRO-1-137,EUR/USD.IDEALPRO-MovingAverageCrossover-MA_CROSS,IDEALPRO-001,IDEALPRO-1-151354,STOP_MARKET,SELL,100000.00,GTC,True,False,100000.00,TAKER,1.13476500000025,4.999999750010531e-06,['2.27 USD'],NO_TRIGGER,FILLED,OUO,OL-20250529-181500-001-MA_CROSS-45,['O-20250529-181500-001-MA_CROSS-138'],O-20250529-181500-001-MA_CROSS-136,,,,['MA_CROSS_SL'],3bf06cab-9430-46ae-bc61-16458bd4b6b7,1748542500000000000,1748576760000000000,1.13477,DEFAULT,,,,,
BACKTESTER-001,MovingAverageCrossover-MA_CROSS,EUR/USD.IDEALPRO,IDEALPRO-1-138,EUR/USD.IDEALPRO-MovingAverageCrossover-MA_CROSS,IDEALPRO-001,,LIMIT,SELL,99999.99,GTC,True,False,0.00,NO_LIQUIDITY_SIDE,,,,NO_TRIGGER,CANCELED,OUO,OL-20250529-181500-001-MA_CROSS-45,['O-20250529-181500-001-MA_CROSS-137'],O-20250529-181500-001-MA_CROSS-136,,,,['MA_CROSS_TP'],e465c280-3733-47b5-8b72-67b262015d21,1748542500000000000,1748576760000000000,,,,,1.14327,True,
BACKTESTER-001,MovingAverageCrossover-MA_CROSS,EUR/USD.IDEALPRO,IDEALPRO-1-139,EUR/USD.IDEALPRO-MovingAverageCrossover-MA_CROSS,IDEALPRO-001,IDEALPRO-1-155150,MARKET,SELL,100000.00,GTC,False,False,100000.00,TAKER,1.13722500000025,0.0,['2.27 USD'],NO_TRIGGER,FILLED,OTO,OL-20250603-193000-001-MA_CROSS-46,"['O-20250603-193000-001-MA_CROSS-140', 'O-20250603-193000-001-MA_CROSS-141']",,,,,['MA_CROSS'],c29cce0d-4cae-47d7-abdd-3fa096259d65,1748979000000000000,1748979000000000000,,,,,,,
BACKTESTER-001,MovingAverageCrossover-MA_CROSS,EUR/USD.IDEALPRO,IDEALPRO-1-140,EUR/USD.IDEALPRO-MovingAverageCrossover-MA_CROSS,IDEALPRO-001,IDEALPRO-1-156149,STOP_MARKET,BUY,100000.00,GTC,True,False,100000.00,TAKER,1.14073499999975,4.999999750010531e-06,['2.28 USD'],NO_TRIGGER,FILLED,OUO,OL-20250603-193000-001-MA_CROSS-46,['O-20250603-193000-001-MA_CROSS-141'],O-20250603-193000-001-MA_CROSS-139,,,,['MA_CROSS_SL'],ac27d7da-50cc-4cbc-aa81-83910012be60,1748979000000000000,1749039720000000000,1.14073,DEFAULT,,,,,
BACKTESTER-001,MovingAverageCrossover-MA_CROSS,EUR/USD.IDEALPRO,IDEALPRO-1-141,EUR/USD.IDEALPRO-MovingAverageCrossover-MA_CROSS,IDEALPRO-001,,LIMIT,BUY,99999.99,GTC,True,False,0.00,NO_LIQUIDITY_SIDE,,,,NO_TRIGGER,CANCELED,OUO,OL-20250603-193000-001-MA_CROSS-46,['O-20250603-193000-001-MA_CROSS-140'],O-20250603-193000-001-MA_CROSS-139,,,,['MA_CROSS_TP'],b9a2ba3e-2fc6-42aa-8d7f-d68076b2088c,1748979000000000000,1749039720000000000,,,,,1.13223,True,
BACKTESTER-001,MovingAverageCrossover-MA_CROSS,EUR/USD.IDEALPRO,IDEALPRO-1-142,EUR/USD.IDEALPRO-MovingAverageCrossover-MA_CROSS,IDEALPRO-001,IDEALPRO-1-156684,MARKET,BUY,100000.00,GTC,False,False,100000.00,TAKER,1.14180499999975,0.0,['2.28 USD'],NO_TRIGGER,FILLED,OTO,OL-20250604-213000-001-MA_CROSS-47,"['O-20250604-213000-001-MA_CROSS-143', 'O-20250604-213000-001-MA_CROSS-144']",,,,,['MA_CROSS'],6c2fddc1-cabb-46c1-896b-88c0dd4fe030,1749072600000000000,1749072600000000000,,,,,,,
BACKTESTER-001,MovingAverageCrossover-MA_CROSS,EUR/USD.IDEALPRO,IDEALPRO-1-143,EUR/USD.IDEALPRO-MovingAverageCrossover-MA_CROSS,IDEALPRO-001,,STOP_MARKET,SELL,99999.99,GTC,True,False,0.00,NO_LIQUIDITY_SIDE,,,,NO_TRIGGER,CANCELED,OUO,OL-20250604-213000-001-MA_CROSS-47,['O-20250604-213000-001-MA_CROSS-144'],O-20250604-213000-001-MA_CROSS-142,,,,['MA_CROSS_SL'],2e4e1b88-6f10-4aa8-91b9-cd93a7dfd666,1749072600000000000,1749129660000000000,1.13830,DEFAULT,,,,,
BACKTESTER-001,MovingAverageCrossover-MA_CROSS,EUR/USD.IDEALPRO,IDEALPRO-1-144,EUR/USD.IDEALPRO-MovingAverageCrossover-MA_CROSS,IDEALPRO-001,IDEALPRO-1-157637,LIMIT,SELL,100000.00,GTC,True,False,100000.00,MAKER,1.1468,0.0,['2.29 USD'],NO_TRIGGER,FILLED,OUO,OL-20250604-213000-001-MA_CROSS-47,['O-20250604-213000-001-MA_CROSS-143'],O-20250604-213000-001-MA_CROSS-142,,,,['MA_CROSS_TP'],d544f351-564e-49b9-a82a-3f517bc826cd,1749072600000000000,1749129660000000000,,,,,1.14680,True,
BACKTESTER-001,MovingAverageCrossover-MA_CROSS,EUR/USD.IDEALPRO,IDEALPRO-1-145,EUR/USD.IDEALPRO-MovingAverageCrossover-MA_CROSS,IDEALPRO-001,IDEALPRO-1-159268,MARKET,SELL,100000.00,GTC,False,False,100000.00,TAKER,1.1397950000002501,0.0,['2.28 USD'],NO_TRIGGER,FILLED,OTO,OL-20250606-164500-001-MA_CROSS-48,"['O-20250606-164500-001-MA_CROSS-146', 'O-20250606-164500-001-MA_CROSS-147']",,,,,['MA_CROSS'],9ab8c486-f1d9-4456-b7da-b85751dff60c,1749228300000000000,1749228300000000000,,,,,,,
BACKTESTER-001,MovingAverageCrossover-MA_CROSS,EUR/USD.IDEALPRO,IDEALPRO-1-146,EUR/USD.IDEALPRO-MovingAverageCrossover-MA_CROSS,IDEALPRO-001,IDEALPRO-1-160208,STOP_MARKET,BUY,100000.00,GTC,True,False,100000.00,TAKER,1.1433049999997502,4.9999997502325755e-06,['2.29 USD'],NO_TRIGGER,FILLED,OUO,OL-20250606-164500-001-MA_CROSS-48,['O-20250606-164500-001-MA_CROSS-147'],O-20250606-164500-001-MA_CROSS-145,,,,['MA_CROSS_SL'],f14c504f-3a6e-4857-8ee5-8a7c76d9c3b3,1749228300000000000,1749458280000000000,1.14330,DEFAULT,,,,,
BACKTESTER-001,MovingAverageCrossover-MA_CROSS,EUR/USD.IDEALPRO,IDEALPRO-1-147,EUR/USD.IDEALPRO-MovingAverageCrossover-MA_CROSS,IDEALPRO-001,,LIMIT,BUY,99999.99,GTC,True,False,0.00,NO_LIQUIDITY_SIDE,,,,NO_TRIGGER,CANCELED,OUO,OL-20250606-164500-001-MA_CROSS-48,['O-20250606-164500-001-MA_CROSS-146'],O-20250606-164500-001-MA_CROSS-145,,,,['MA_CROSS_TP'],656664f8-f019-47c6-87e9-70094484aac8,1749228300000000000,1749458280000000000,,,,,1.13480,True,
BACKTESTER-001,MovingAverageCrossover-MA_CROSS,EUR/USD.IDEALPRO,IDEALPRO-1-148,EUR/USD.IDEALPRO-MovingAverageCrossover-MA_CROSS,IDEALPRO-001,IDEALPRO-1-162182,MARKET,BUY,100000.00,GTC,False,False,100000.00,TAKER,1.1426249999997502,0.0,['2.29 USD'],NO_TRIGGER,FILLED,OTO,OL-20250610-174500-001-MA_CROSS-49,"['O-20250610-174500-001-MA_CROSS-149', 'O-20250610-174500-001-MA_CROSS-150']",,,,,['MA_CROSS'],1604ff3b-1652-4873-ad93-d4a5eee1241a,1749577500000000000,1749577500000000000,,,,,,,
BACKTESTER-001,MovingAverageCrossover-MA_CROSS,EUR/USD.IDEALPRO,IDEALPRO-1-149,EUR/USD.IDEALPRO-MovingAverageCrossover-MA_CROSS,IDEALPRO-001,,STOP_MARKET,SELL,99999.99,GTC,True,False,0.00,NO_LIQUIDITY_SIDE,,,,NO_TRIGGER,CANCELED,OUO,OL-20250610-174500-001-MA_CROSS-49,['O-20250610-174500-001-MA_CROSS-150'],O-20250610-174500-001-MA_CROSS-148,,,,['MA_CROSS_SL'],6708a1ac-2088-4fee-b0de-a08f4ee117f4,1749577500000000000,1749645240000000000,1.13912,DEFAULT,,,,,
BACKTESTER-001,MovingAverageCrossover-MA_CROSS,EUR/USD.IDEALPRO,IDEALPRO-1-150,EUR/USD.IDEALPRO-MovingAverageCrossover-MA_CROSS,IDEALPRO-001,IDEALPRO-1-163298,LIMIT,SELL,100000.00,GTC,True,False,100000.00,MAKER,1.1476200000000003,-2.220446049250313e-16,['2.30 USD'],NO_TRIGGER,FILLED,OUO,OL-20250610-174500-001-MA_CROSS-49,['O-20250610-174500-001-MA_CROSS-149'],O-20250610-174500-001-MA_CROSS-148,,,,['MA_CROSS_TP'],e648c467-1c58-45d9-a240-1e513fc2b858,1749577500000000000,1749645240000000000,,,,,1.14762,True,
BACKTESTER-001,MovingAverageCrossover-MA_CROSS,EUR/USD.IDEALPRO,IDEALPRO-1-151,EUR/USD.IDEALPRO-MovingAverageCrossover-MA_CROSS,IDEALPRO-001,IDEALPRO-1-168606,MARKET,SELL,100000.00,GTC,False,False,100000.00,TAKER,1.1557950000002502,0.0,['2.31 USD'],NO_TRIGGER,FILLED,OTO,OL-20250617-060000-001-MA_CROSS-50,"['O-20250617-060000-001-MA_CROSS-152', 'O-20250617-060000-001-MA_CROSS-153']",,,,,['MA_CROSS'],8beccc3c-143b-4f62-9e9a-a70ff9ab38b9,1750140000000000000,1750140000000000000,,,,,,,
BACKTESTER-001,MovingAverageCrossover-MA_CROSS,EUR/USD.IDEALPRO,IDEALPRO-1-152,EUR/USD.IDEALPRO-MovingAverageCrossover-MA_CROSS,IDEALPRO-001,,STOP_MARKET,BUY,99999.99,GTC,True,False,0.00,NO_LIQUIDITY_SIDE,,,,NO_TRIGGER,CANCELED,OUO,OL-20250617-060000-001-MA_CROSS-50,['O-20250617-060000-001-MA_CROSS-153'],O-20250617-060000-001-MA_CROSS-151,,,,['MA_CROSS_SL'],2cdde0ea-070d-4d87-8e73-8239f6c11a20,1750140000000000000,1750152600000000000,1.15930,DEFAULT,,,,,
BACKTESTER-001,MovingAverageCrossover-MA_CROSS,EUR/USD.IDEALPRO,IDEALPRO-1-153,EUR/USD.IDEALPRO-MovingAverageCrossover-MA_CROSS,IDEALPRO-001,,LIMIT,BUY,99999.99,GTC,True,False,0.00,NO_LIQUIDITY_SIDE,,,,NO_TRIGGER,CANCELED,OUO,OL-20250617-060000-001-MA_CROSS-50,['O-20250617-060000-001-MA_CROSS-152'],O-20250617-060000-001-MA_CROSS-151,,,,['MA_CROSS_TP'],0f2d00bc-9517-40f8-a9f4-58e9817c98fc,1750140000000000000,1750152600000000000,,,,,1.15080,True,
BACKTESTER-001,MovingAverageCrossover-MA_CROSS,EUR/USD.IDEALPRO,IDEALPRO-1-154,EUR/USD.IDEALPRO-MovingAverageCrossover-MA_CROSS,IDEALPRO-001,IDEALPRO-1-168818,MARKET,BUY,100000.00,GTC,True,False,100000.00,TAKER,1.15565499999975,0.0,['2.31 USD'],NO_TRIGGER,FILLED,NO_CONTINGENCY,,,,,,,,85e9ed23-5ef9-42ee-b55d-95dcb612ebc0,1750152600000000000,1750152600000000000,,,,,,,
BACKTESTER-001,MovingAverageCrossover-MA_CROSS,EUR/USD.IDEALPRO,IDEALPRO-1-155,EUR/USD.IDEALPRO-MovingAverageCrossover-MA_CROSS,IDEALPRO-001,IDEALPRO-1-169255,MARKET,SELL,100000.00,GTC,False,False,100000.00,TAKER,1.15205500000025,0.0,['2.30 USD'],NO_TRIGGER,FILLED,OTO,OL-20250617-164500-001-MA_CROSS-51,"['O-20250617-164500-001-MA_CROSS-156', 'O-20250617-164500-001-MA_CROSS-157']",,,,,['MA_CROSS'],3733e4de-d4b0-4fc1-acde-a572c2afe004,1750178700000000000,1750178700000000000,,,,,,,
BACKTESTER-001,MovingAverageCrossover-MA_CROSS,EUR/USD.IDEALPRO,IDEALPRO-1-156,EUR/USD.IDEALPRO-MovingAverageCrossover-MA_CROSS,IDEALPRO-001,,STOP_MARKET,BUY,99999.99,GTC,True,False,0.00,NO_LIQUIDITY_SIDE,,,,NO_TRIGGER,CANCELED,OUO,OL-20250617-164500-001-MA_CROSS-51,['O-20250617-164500-001-MA_CROSS-157'],O-20250617-164500-001-MA_CROSS-155,,,,['MA_CROSS_SL'],0a4f29b6-b43e-4330-b9c8-94828345783c,1750178700000000000,1750273260000000000,1.15556,DEFAULT,,,,,
BACKTESTER-001,MovingAverageCrossover-MA_CROSS,EUR/USD.IDEALPRO,IDEALPRO-1-157,EUR/USD.IDEALPRO-MovingAverageCrossover-MA_CROSS,IDEALPRO-001,IDEALPRO-1-170818,LIMIT,BUY,100000.00,GTC,True,False,100000.00,MAKER,1.14706,0.0,['2.29 USD'],NO_TRIGGER,FILLED,OUO,OL-20250617-164500-001-MA_CROSS-51,['O-20250617-164500-001-MA_CROSS-156'],O-20250617-164500-001-MA_CROSS-155,,,,['MA_CROSS_TP'],a99e8be3-1ab3-4730-afdc-723f0378ee3e,1750178700000000000,1750273260000000000,,,,,1.14706,True,
BACKTESTER-001,MovingAverageCrossover-MA_CROSS,EUR/USD.IDEALPRO,IDEALPRO-1-158,EUR/USD.IDEALPRO-MovingAverageCrossover-MA_CROSS,IDEALPRO-001,IDEALPRO-1-172724,MARKET,BUY,100000.00,GTC,False,False,100000.00,TAKER,1.1523049999997503,0.0,['2.30 USD'],NO_TRIGGER,FILLED,OTO,OL-20250620-031500-001-MA_CROSS-52,"['O-20250620-031500-001-MA_CROSS-159', 'O-20250620-031500-001-MA_CROSS-160']",,,,,['MA_CROSS'],3efd4ff3-a2b8-42bd-bdb6-31e58b3ee436,1750389300000000000,1750389300000000000,,,,,,,
BACKTESTER-001,MovingAverageCrossover-MA_CROSS,EUR/USD.IDEALPRO,IDEALPRO-1-159,EUR/USD.IDEALPRO-MovingAverageCrossover-MA_CROSS,IDEALPRO-001,IDEALPRO-1-173792,STOP_MARKET,SELL,100000.00,GTC,True,False,100000.00,TAKER,1.14879500000025,4.999999750010531e-06,['2.30 USD'],NO_TRIGGER,FILLED,OUO,OL-20250620-031500-001-MA_CROSS-52,['O-20250620-031500-001-MA_CROSS-160'],O-20250620-031500-001-MA_CROSS-158,,,,['MA_CROSS_SL'],4dc6f42a-1312-4c54-86cc-154cd1b73f19,1750389300000000000,1750626960000000000,1.14880,DEFAULT,,,,,
BACKTESTER-001,MovingAverageCrossover-MA_CROSS,EUR/USD.IDEALPRO,IDEALPRO-1-160,EUR/USD.IDEALPRO-MovingAverageCrossover-MA_CROSS,IDEALPRO-001,,LIMIT,SELL,99999.99,GTC,True,False,0.00,NO_LIQUIDITY_SIDE,,,,NO_TRIGGER,CANCELED,OUO,OL-20250620-031500-001-MA_CROSS-52,['O-20250620-031500-001-MA_CROSS-159'],O-20250620-031500-001-MA_CROSS-158,,,,['MA_CROSS_TP'],96adc097-c003-42d2-beb3-efe7f58081a1,1750389300000000000,1750626960000000000,,,,,1.15730,True,
BACKTESTER-001,MovingAverageCrossover-MA_CROSS,EUR/USD.IDEALPRO,IDEALPRO-1-161,EUR/USD.IDEALPRO-MovingAverageCrossover-MA_CROSS,IDEALPRO-001,IDEALPRO-1-174363,MARKET,SELL,100000.00,GTC,False,False,100000.00,TAKER,1.15070500000025,0.0,['2.30 USD'],NO_TRIGGER,FILLED,OTO,OL-20250623-064500-001-MA_CROSS-53,"['O-20250623-064500-001-MA_CROSS-162', 'O-20250623-064500-001-MA_CROSS-163']",,,,,['MA_CROSS'],2cdad88e-0176-4aad-a6d1-51ee742536f3,1750661100000000000,1750661100000000000,,,,,,,
BACKTESTER-001,MovingAverageCrossover-MA_CROSS,EUR/USD.IDEALPRO,IDEALPRO-1-162,EUR/USD.IDEALPRO-MovingAverageCrossover-MA_CROSS,IDEALPRO-001,,STOP_MARKET,BUY,99999.99,GTC,True,False,0.00,NO_LIQUIDITY_SIDE,,,,NO_TRIGGER,CANCELED,OUO,OL-20250623-064500-001-MA_CROSS-53,['O-20250623-064500-001-MA_CROSS-163'],O-20250623-064500-001-MA_CROSS-161,,,,['MA_CROSS_SL'],52a125a9-7486-4b44-9acd-7a712e850a1c,1750661100000000000,1750670940000000000,1.15421,DEFAULT,,,,,
BACKTESTER-001,MovingAverageCrossover-MA_CROSS,EUR/USD.IDEALPRO,IDEALPRO-1-163,EUR/USD.IDEALPRO-MovingAverageCrossover-MA_CROSS,IDEALPRO-001,IDEALPRO-1-174529,LIMIT,BUY,100000.00,GTC,True,False,100000.00,MAKER,1.1457100000000002,2.220446049250313e-16,['2.29 USD'],NO_TRIGGER,FILLED,OUO,OL-20250623-064500-001-MA_CROSS-53,['O-20250623-064500-001-MA_CROSS-162'],O-20250623-064500-001-MA_CROSS-161,,,,['MA_CROSS_TP'],f9b49c1f-57e8-468d-a8f9-85ac3d0bb93b,1750661100000000000,1750670940000000000,,,,,1.14571,True,
BACKTESTER-001,MovingAverageCrossover-MA_CROSS,EUR/USD.IDEALPRO,IDEALPRO-1-164,EUR/USD.IDEALPRO-MovingAverageCrossover-MA_CROSS,IDEALPRO-001,IDEALPRO-1-175012,MARKET,BUY,100000.00,GTC,False,False,100000.00,TAKER,1.15584499999975,0.0,['2.31 USD'],NO_TRIGGER,FILLED,OTO,OL-20250623-173000-001-MA_CROSS-54,"['O-20250623-173000-001-MA_CROSS-165', 'O-20250623-173000-001-MA_CROSS-166']",,,,,['MA_CROSS'],85bed73b-eab7-4a58-a2ee-4ab0b45da7ee,1750699800000000000,1750699800000000000,,,,,,,
BACKTESTER-001,MovingAverageCrossover-MA_CROSS,EUR/USD.IDEALPRO,IDEALPRO-1-165,EUR/USD.IDEALPRO-MovingAverageCrossover-MA_CROSS,IDEALPRO-001,,STOP_MARKET,SELL,99999.98,GTC,True,False,0.00,NO_LIQUIDITY_SIDE,,,,NO_TRIGGER,CANCELED,OUO,OL-20250623-173000-001-MA_CROSS-54,['O-20250623-173000-001-MA_CROSS-166'],O-20250623-173000-001-MA_CROSS-164,,,,['MA_CROSS_SL'],cf10c3f0-4ff3-4295-9417-56a205711168,1750699800000000000,1750726080000000000,1.15234,DEFAULT,,,,,
BACKTESTER-001,MovingAverageCrossover-MA_CROSS,EUR/USD.IDEALPRO,IDEALPRO-1-166,EUR/USD.IDEALPRO-MovingAverageCrossover-MA_CROSS,IDEALPRO-001,IDEALPRO-1-175438,LIMIT,SELL,100000.00,GTC,True,False,100000.00,MAKER,1.1608400000000003,-2.220446049250313e-16,['2.32 USD'],NO_TRIGGER,FILLED,OUO,OL-20250623-173000-001-MA_CROSS-54,['O-20250623-173000-001-MA_CROSS-165'],O-20250623-173000-001-MA_CROSS-164,,,,['MA_CROSS_TP'],a5b13cf0-97ad-4d2a-bf8b-7ec30e74217b,1750699800000000000,1750726080000000000,,,,,1.16084,True,
BACKTESTER-001,MovingAverageCrossover-MA_CROSS,EUR/USD.IDEALPRO,IDEALPRO-1-167,EUR/USD.IDEALPRO-MovingAverageCrossover-MA_CROSS,IDEALPRO-001,IDEALPRO-1-186267,MARKET,SELL,100000.00,GTC,False,False,100000.00,TAKER,1.1753150000002501,0.0,['2.35 USD'],NO_TRIGGER,FILLED,OTO,OL-20250703-150000-001-MA_CROSS-55,"['O-20250703-150000-001-MA_CROSS-168', 'O-20250703-150000-001-MA_CROSS-169']",,,,,['MA_CROSS'],17c0954e-5cdf-4e50-a07c-cf54886648b6,1751554800000000000,1751554800000000000,,,,,,,
BACKTESTER-001,MovingAverageCrossover-MA_CROSS,EUR/USD.IDEALPRO,IDEALPRO-1-168,EUR/USD.IDEALPRO-MovingAverageCrossover-MA_CROSS,IDEALPRO-001,IDEALPRO-1-188226,STOP_MARKET,BUY,100000.00,GTC,True,False,100000.00,TAKER,1.17882499999975,4.999999750010531e-06,['2.36 USD'],NO_TRIGGER,FILLED,OUO,OL-20250703-150000-001-MA_CROSS-55,['O-20250703-150000-001-MA_CROSS-169'],O-20250703-150000-001-MA_CROSS-167,,,,['MA_CROSS_SL'],97244e1f-176c-4176-a53e-15998b06c563,1751554800000000000,1751846820000000000,1.17882,DEFAULT,,,,,
BACKTESTER-001,MovingAverageCrossover-MA_CROSS,EUR/USD.IDEALPRO,IDEALPRO-1-169,EUR/USD.IDEALPRO-MovingAverageCrossover-MA_CROSS,IDEALPRO-001,,LIMIT,BUY,99999.99,GTC,True,False,0.00,NO_LIQUIDITY_SIDE,,,,NO_TRIGGER,CANCELED,OUO,OL-20250703-150000-001-MA_CROSS-55,['O-20250703-150000-001-MA_CROSS-168'],O-20250703-150000-001-MA_CROSS-167,,,,['MA_CROSS_TP'],2cf73812-699e-4b15-a520-a73d0c49204c,1751554800000000000,1751846820000000000,,,,,1.17032,True,
BACKTESTER-001,MovingAverageCrossover-MA_CROSS,EUR/USD.IDEALPRO,IDEALPRO-1-170,EUR/USD.IDEALPRO-MovingAverageCrossover-MA_CROSS,IDEALPRO-001,IDEALPRO-1-192826,MARKET,BUY,100000.00,GTC,False,False,100000.00,TAKER,1.17375499999975,0.0,['2.35 USD'],NO_TRIGGER,FILLED,OTO,OL-20250710-053000-001-MA_CROSS-56,"['O-20250710-053000-001-MA_CROSS-171', 'O-20250710-053000-001-MA_CROSS-172']",,,,,['MA_CROSS'],d81761d9-39ea-4a6a-8fac-d763a4cfdbba,1752125400000000000,1752125400000000000,,,,,,,
BACKTESTER-001,MovingAverageCrossover-MA_CROSS,EUR/USD.IDEALPRO,IDEALPRO-1-171,EUR/USD.IDEALPRO-MovingAverageCrossover-MA_CROSS,IDEALPRO-001,IDEALPRO-1-193249,STOP_MARKET,SELL,100000.00,GTC,True,False,100000.00,TAKER,1.17024500000025,4.999999750010531e-06,['2.34 USD'],NO_TRIGGER,FILLED,OUO,OL-20250710-053000-001-MA_CROSS-56,['O-20250710-053000-001-MA_CROSS-172'],O-20250710-053000-001-MA_CROSS-170,,,,['MA_CROSS_SL'],8c9f85db-29b2-4197-bc04-134308e6df50,1752125400000000000,1752150660000000000,1.17025,DEFAULT,,,,,
BACKTESTER-001,MovingAverageCrossover-MA_CROSS,EUR/USD.IDEALPRO,IDEALPRO-1-172,EUR/USD.IDEALPRO-MovingAverageCrossover-MA_CROSS,IDEALPRO-001,,LIMIT,SELL,99999.99,GTC,True,False,0.00,NO_LIQUIDITY_SIDE,,,,NO_TRIGGER,CANCELED,OUO,OL-20250710-053000-001-MA_CROSS-56,['O-20250710-053000-001-MA_CROSS-171'],O-20250710-053000-001-MA_CROSS-170,,,,['MA_CROSS_TP'],91ba8553-5a64-4dd1-924b-66172638e6b4,1752125400000000000,1752150660000000000,,,,,1.17875,True,
BACKTESTER-001,MovingAverageCrossover-MA_CROSS,EUR/USD.IDEALPRO,IDEALPRO-1-173,EUR/USD.IDEALPRO-MovingAverageCrossover-MA_CROSS,IDEALPRO-001,IDEALPRO-1-193910,MARKET,SELL,100000.00,GTC,False,False,100000.00,TAKER,1.17018500000025,0.0,['2.34 USD'],NO_TRIGGER,FILLED,OTO,OL-20250710-234500-001-MA_CROSS-57,"['O-20250710-234500-001-MA_CROSS-174', 'O-20250710-234500-001-MA_CROSS-175']",,,,,['MA_CROSS'],44fdf064-3747-45f4-90b4-4be191dcdcbc,1752191100000000000,1752191100000000000,,,,,,,
BACKTESTER-001,MovingAverageCrossover-MA_CROSS,EUR/USD.IDEALPRO,IDEALPRO-1-174,EUR/USD.IDEALPRO-MovingAverageCrossover-MA_CROSS,IDEALPRO-001,,STOP_MARKET,BUY,99999.99,GTC,True,False,0.00,NO_LIQUIDITY_SIDE,,,,NO_TRIGGER,CANCELED,OUO,OL-20250710-234500-001-MA_CROSS-57,['O-20250710-234500-001-MA_CROSS-175'],O-20250710-234500-001-MA_CROSS-173,,,,['MA_CROSS_SL'],13c86999-199d-4fee-b07e-bdb700caad76,1752191100000000000,1752586500000000000,1.17369,DEFAULT,,,,,
BACKTESTER-001,MovingAverageCrossover-MA_CROSS,EUR/USD.IDEALPRO,IDEALPRO-1-175,EUR/USD.IDEALPRO-MovingAverageCrossover-MA_CROSS,IDEALPRO-001,IDEALPRO-1-197592,LIMIT,BUY,100000.00,GTC,True,False,100000.00,MAKER,1.16519,0.0,['2.33 USD'],NO_TRIGGER,FILLED,OUO,OL-20250710-234500-001-MA_CROSS-57,['O-20250710-234500-001-MA_CROSS-174'],O-20250710-234500-001-MA_CROSS-173,,,,['MA_CROSS_TP'],95e0c39d-ccb9-406d-b8cc-97a91d5923bc,1752191100000000000,1752586500000000000,,,,,1.16519,True,
BACKTESTER-001,MovingAverageCrossover-MA_CROSS,EUR/USD.IDEALPRO,IDEALPRO-1-176,EUR/USD.IDEALPRO-MovingAverageCrossover-MA_CROSS,IDEALPRO-001,IDEALPRO-1-201459,MARKET,BUY,100000.00,GTC,False,False,100000.00,TAKER,1.1619349999997501,0.0,['2.32 USD'],NO_TRIGGER,FILLED,OTO,OL-20250718-064500-001-MA_CROSS-58,"['O-20250718-064500-001-MA_CROSS-177', 'O-20250718-064500-001-MA_CROSS-178']",,,,,['MA_CROSS'],740d5c76-f40d-4bc8-a3de-ebe07397a0bf,1752821100000000000,1752821100000000000,,,,,,,
BACKTESTER-001,MovingAverageCrossover-MA_CROSS,EUR/USD.IDEALPRO,IDEALPRO-1-177,EUR/USD.IDEALPRO-MovingAverageCrossover-MA_CROSS,IDEALPRO-001,,STOP_MARKET,SELL,99999.99,GTC,True,False,0.00,NO_LIQUIDITY_SIDE,,,,NO_TRIGGER,CANCELED,OUO,OL-20250718-064500-001-MA_CROSS-58,['O-20250718-064500-001-MA_CROSS-178'],O-20250718-064500-001-MA_CROSS-176,,,,['MA_CROSS_SL'],2215ded3-d698-4ac0-92c5-241bf1b5559f,1752821100000000000,1752847260000000000,1.15843,DEFAULT,,,,,
BACKTESTER-001,MovingAverageCrossover-MA_CROSS,EUR/USD.IDEALPRO,IDEALPRO-1-178,EUR/USD.IDEALPRO-MovingAverageCrossover-MA_CROSS,IDEALPRO-001,IDEALPRO-1-201897,LIMIT,SELL,100000.00,GTC,True,False,100000.00,MAKER,1.1669300000000002,-2.220446049250313e-16,['2.33 USD'],NO_TRIGGER,FILLED,OUO,OL-20250718-064500-001-MA_CROSS-58,['O-20250718-064500-001-MA_CROSS-177'],O-20250718-064500-001-MA_CROSS-176,,,,['MA_CROSS_TP'],9059f278-acd9-449b-baa8-de5a91b8ed17,1752821100000000000,1752847260000000000,,,,,1.16693,True,
BACKTESTER-001,MovingAverageCrossover-MA_CROSS,EUR/USD.IDEALPRO,IDEALPRO-1-179,EUR/USD.IDEALPRO-MovingAverageCrossover-MA_CROSS,IDEALPRO-001,IDEALPRO-1-208603,MARKET,SELL,100000.00,GTC,False,False,100000.00,TAKER,1.1747850000002502,0.0,['2.35 USD'],NO_TRIGGER,FILLED,OTO,OL-20250725-070000-001-MA_CROSS-59,"['O-20250725-070000-001-MA_CROSS-180', 'O-20250725-070000-001-MA_CROSS-181']",,,,,['MA_CROSS'],c15323f6-54ea-462d-902c-f6909e10f07c,1753426800000000000,1753426800000000000,,,,,,,
BACKTESTER-001,MovingAverageCrossover-MA_CROSS,EUR/USD.IDEALPRO,IDEALPRO-1-180,EUR/USD.IDEALPRO-MovingAverageCrossover-MA_CROSS,IDEALPRO-001,,STOP_MARKET,BUY,99999.99,GTC,True,False,0.00,NO_LIQUIDITY_SIDE,,,,NO_TRIGGER,CANCELED,OUO,OL-20250725-070000-001-MA_CROSS-59,['O-20250725-070000-001-MA_CROSS-181'],O-20250725-070000-001-MA_CROSS-179,,,,['MA_CROSS_SL'],fc7dfeef-c4a2-4b3a-99c7-aa427062b657,1753426800000000000,1753687980000000000,1.17829,DEFAULT,,,,,
BACKTESTER-001,MovingAverageCrossover-MA_CROSS,EUR/USD.IDEALPRO,IDEALPRO-1-181,EUR/USD.IDEALPRO-MovingAverageCrossover-MA_CROSS,IDEALPRO-001,IDEALPRO-1-210063,LIMIT,BUY,100000.00,GTC,True,False,100000.00,MAKER,1.1697900000000003,2.220446049250313e-16,['2.34 USD'],NO_TRIGGER,FILLED,OUO,OL-20250725-070000-001-MA_CROSS-59,['O-20250725-070000-001-MA_CROSS-180'],O-20250725-070000-001-MA_CROSS-179,,,,['MA_CROSS_TP'],4c5b8dfc-a6f2-42d9-a0d4-3ad09588a35f,1753426800000000000,1753687980000000000,,,,,1.16979,True,
