client_order_id,trader_id,strategy_id,instrument_id,venue_order_id,position_id,account_id,last_trade_id,type,side,quantity,time_in_force,is_reduce_only,is_quote_quantity,filled_qty,liquidity_side,avg_px,slippage,commissions,emulation_trigger,status,contingency_type,order_list_id,linked_order_ids,parent_order_id,exec_algorithm_id,exec_algorithm_params,exec_spawn_id,tags,init_id,ts_init,ts_last,trigger_price,trigger_type,expire_time_ns,trigger_instrument_id,price,is_post_only,display_qty
O-20250102-110000-001-V2-1,BACKTESTER-001,MLSignalStrategyV2-V2,EUR/USD.IDEALPRO,IDEALPRO-1-001,EUR/USD.IDEALPRO-MLSignalStrategyV2-V2,IDEALPRO-001,IDEALPRO-1-1320,MARKET,BUY,100000.00,GTC,False,False,100000.00,TAKER,1.03168,0.0,['2.06 USD'],NO_TRIGGER,FILLED,OTO,OL-20250102-110000-001-V2-1,"['O-20250102-110000-001-V2-2', 'O-20250102-110000-001-V2-3']",,,,,['V2_POS1'],b553078f-04bd-44ce-aa7e-1cdd592f4513,1735815600000000000,1735815600000000000,,,,,,,
O-20250102-110000-001-V2-2,BACKTESTER-001,MLSignalStrategyV2-V2,EUR/USD.IDEALPRO,IDEALPRO-1-002,EUR/USD.IDEALPRO-MLSignalStrategyV2-V2,IDEALPRO-001,,STOP_MARKET,SELL,100000.00,GTC,True,False,0.00,NO_LIQUIDITY_SIDE,,,,NO_TRIGGER,CANCELED,OUO,OL-20250102-110000-001-V2-1,['O-20250102-110000-001-V2-3'],O-20250102-110000-001-V2-1,,,,['V2_POS1_SL'],3d68faa0-b330-47ab-b67e-fb8db3a699bb,1735815600000000000,1735815900000000000,1.03092,DEFAULT,,,,,
O-20250102-110000-001-V2-3,BACKTESTER-001,MLSignalStrategyV2-V2,EUR/USD.IDEALPRO,IDEALPRO-1-003,EUR/USD.IDEALPRO-MLSignalStrategyV2-V2,IDEALPRO-001,IDEALPRO-1-1331,LIMIT,SELL,100000.00,GTC,True,False,100000.00,MAKER,1.03244,0.0,['2.06 USD'],NO_TRIGGER,FILLED,OUO,OL-20250102-110000-001-V2-1,['O-20250102-110000-001-V2-2'],O-20250102-110000-001-V2-1,,,,['V2_POS1_TP'],d7303a85-2df0-4eb2-b22f-cbee4c311c0a,1735815600000000000,1735815900000000000,,,,,1.03244,False,
O-20250102-113000-001-V2-4,BACKTESTER-001,MLSignalStrategyV2-V2,EUR/USD.IDEALPRO,IDEALPRO-1-004,EUR/USD.IDEALPRO-MLSignalStrategyV2-V2,IDEALPRO-001,IDEALPRO-1-1382,MARKET,BUY,100000.00,GTC,False,False,100000.00,TAKER,1.03222,0.0,['2.06 USD'],NO_TRIGGER,FILLED,OTO,OL-20250102-113000-001-V2-2,"['O-20250102-113000-001-V2-5', 'O-20250102-113000-001-V2-6']",,,,,['V2_POS1'],38b8fa3e-5d04-48ad-8545-5d0db36aef92,1735817400000000000,1735817400000000000,,,,,,,
O-20250102-113000-001-V2-5,BACKTESTER-001,MLSignalStrategyV2-V2,EUR/USD.IDEALPRO,IDEALPRO-1-005,EUR/USD.IDEALPRO-MLSignalStrategyV2-V2,IDEALPRO-001,,STOP_MARKET,SELL,100000.00,GTC,True,False,0.00,NO_LIQUIDITY_SIDE,,,,NO_TRIGGER,CANCELED,OUO,OL-20250102-113000-001-V2-2,['O-20250102-113000-001-V2-6'],O-20250102-113000-001-V2-4,,,,['V2_POS1_SL'],ccbd139d-0fb6-4576-97aa-0c114e88bf47,1735817400000000000,1735819200000000000,1.03127,DEFAULT,,,,,
O-20250102-113000-001-V2-6,BACKTESTER-001,MLSignalStrategyV2-V2,EUR/USD.IDEALPRO,IDEALPRO-1-006,EUR/USD.IDEALPRO-MLSignalStrategyV2-V2,IDEALPRO-001,IDEALPRO-1-1443,LIMIT,SELL,100000.00,GTC,True,False,100000.00,MAKER,1.03322,-7.00000000000145e-05,['2.07 USD'],NO_TRIGGER,FILLED,OUO,OL-20250102-113000-001-V2-2,['O-20250102-113000-001-V2-5'],O-20250102-113000-001-V2-4,,,,['V2_POS1_TP'],20a746cd-d08d-434f-9649-529cf88addcc,1735817400000000000,1735819200000000000,,,,,1.03315,False,
O-20250102-130000-001-V2-7,BACKTESTER-001,MLSignalStrategyV2-V2,EUR/USD.IDEALPRO,IDEALPRO-1-007,EUR/USD.IDEALPRO-MLSignalStrategyV2-V2,IDEALPRO-001,IDEALPRO-1-1564,MARKET,BUY,100000.00,GTC,False,False,100000.00,TAKER,1.03183,0.0,['2.06 USD'],NO_TRIGGER,FILLED,OTO,OL-20250102-130000-001-V2-3,"['O-20250102-130000-001-V2-8', 'O-20250102-130000-001-V2-9']",,,,,['V2_POS1'],b32d6a54-e9fe-420c-9d3a-5ae9f4958ac4,1735822800000000000,1735822800000000000,,,,,,,
O-20250102-130000-001-V2-8,BACKTESTER-001,MLSignalStrategyV2-V2,EUR/USD.IDEALPRO,IDEALPRO-1-008,EUR/USD.IDEALPRO-MLSignalStrategyV2-V2,IDEALPRO-001,,STOP_MARKET,SELL,100000.00,GTC,True,False,0.00,NO_LIQUIDITY_SIDE,,,,NO_TRIGGER,CANCELED,OUO,OL-20250102-130000-001-V2-3,['O-20250102-130000-001-V2-9'],O-20250102-130000-001-V2-7,,,,['V2_POS1_SL'],7c943585-d1d6-40f0-9def-32b3638cf8e0,1735822800000000000,1735824960000000000,1.03102,DEFAULT,,,,,
O-20250102-130000-001-V2-9,BACKTESTER-001,MLSignalStrategyV2-V2,EUR/USD.IDEALPRO,IDEALPRO-1-009,EUR/USD.IDEALPRO-MLSignalStrategyV2-V2,IDEALPRO-001,IDEALPRO-1-1637,LIMIT,SELL,100000.00,GTC,True,False,100000.00,MAKER,1.03297,-0.00032999999999994145,['2.07 USD'],NO_TRIGGER,FILLED,OUO,OL-20250102-130000-001-V2-3,['O-20250102-130000-001-V2-8'],O-20250102-130000-001-V2-7,,,,['V2_POS1_TP'],616296d9-c4c2-46db-b3a3-78ba02775c64,1735822800000000000,1735824960000000000,,,,,1.03264,False,
O-20250102-141500-001-V2-10,BACKTESTER-001,MLSignalStrategyV2-V2,EUR/USD.IDEALPRO,IDEALPRO-1-010,EUR/USD.IDEALPRO-MLSignalStrategyV2-V2,IDEALPRO-001,IDEALPRO-1-1716,MARKET,BUY,100000.00,GTC,False,False,100000.00,TAKER,1.03109,0.0,['2.06 USD'],NO_TRIGGER,FILLED,OTO,OL-20250102-141500-001-V2-4,"['O-20250102-141500-001-V2-11', 'O-20250102-141500-001-V2-12']",,,,,['V2_POS1'],33e7fb7a-3031-4903-ac14-8027d9c30d75,1735827300000000000,1735827300000000000,,,,,,,
O-20250102-141500-001-V2-11,BACKTESTER-001,MLSignalStrategyV2-V2,EUR/USD.IDEALPRO,IDEALPRO-1-011,EUR/USD.IDEALPRO-MLSignalStrategyV2-V2,IDEALPRO-001,,STOP_MARKET,SELL,100000.00,GTC,True,False,0.00,NO_LIQUIDITY_SIDE,,,,NO_TRIGGER,CANCELED,OUO,OL-20250102-141500-001-V2-4,['O-20250102-141500-001-V2-12'],O-20250102-141500-001-V2-10,,,,['V2_POS1_SL'],9c12eef7-acf6-47db-8ade-bae3ffa4f21e,1735827300000000000,1735827960000000000,1.03019,DEFAULT,,,,,
O-20250102-141500-001-V2-12,BACKTESTER-001,MLSignalStrategyV2-V2,EUR/USD.IDEALPRO,IDEALPRO-1-012,EUR/USD.IDEALPRO-MLSignalStrategyV2-V2,IDEALPRO-001,IDEALPRO-1-1739,LIMIT,SELL,100000.00,GTC,True,False,100000.00,MAKER,1.03201,-2.0000000000131024e-05,['2.06 USD'],NO_TRIGGER,FILLED,OUO,OL-20250102-141500-001-V2-4,['O-20250102-141500-001-V2-11'],O-20250102-141500-001-V2-10,,,,['V2_POS1_TP'],4831bb46-d849-4442-927e-00863605750f,1735827300000000000,1735827960000000000,,,,,1.03199,False,
O-20250102-153000-001-V2-13,BACKTESTER-001,MLSignalStrategyV2-V2,EUR/USD.IDEALPRO,IDEALPRO-1-013,EUR/USD.IDEALPRO-MLSignalStrategyV2-V2,IDEALPRO-001,IDEALPRO-1-1868,MARKET,BUY,100000.00,GTC,False,False,100000.00,TAKER,1.02857,0.0,['2.06 USD'],NO_TRIGGER,FILLED,OTO,OL-20250102-153000-001-V2-5,"['O-20250102-153000-001-V2-14', 'O-20250102-153000-001-V2-15']",,,,,['V2_POS1'],f71046a1-056c-4c24-9f04-5ebe5b5d8c39,1735831800000000000,1735831800000000000,,,,,,,
O-20250102-153000-001-V2-14,BACKTESTER-001,MLSignalStrategyV2-V2,EUR/USD.IDEALPRO,IDEALPRO-1-014,EUR/USD.IDEALPRO-MLSignalStrategyV2-V2,IDEALPRO-001,,STOP_MARKET,SELL,100000.00,GTC,True,False,0.00,NO_LIQUIDITY_SIDE,,,,NO_TRIGGER,CANCELED,OUO,OL-20250102-153000-001-V2-5,['O-20250102-153000-001-V2-15'],O-20250102-153000-001-V2-13,,,,['V2_POS1_SL'],8f45b2cd-4b19-4614-bcea-0385abcf2369,1735831800000000000,1735832580000000000,1.02756,DEFAULT,,,,,
O-20250102-153000-001-V2-15,BACKTESTER-001,MLSignalStrategyV2-V2,EUR/USD.IDEALPRO,IDEALPRO-1-015,EUR/USD.IDEALPRO-MLSignalStrategyV2-V2,IDEALPRO-001,IDEALPRO-1-1895,LIMIT,SELL,100000.00,GTC,True,False,100000.00,MAKER,1.02971,-0.00012999999999996348,['2.06 USD'],NO_TRIGGER,FILLED,OUO,OL-20250102-153000-001-V2-5,['O-20250102-153000-001-V2-14'],O-20250102-153000-001-V2-13,,,,['V2_POS1_TP'],9c20da1a-1a2b-40ed-a5dc-66570c61f5ab,1735831800000000000,1735832580000000000,,,,,1.02958,False,
O-20250102-160000-001-V2-16,BACKTESTER-001,MLSignalStrategyV2-V2,EUR/USD.IDEALPRO,IDEALPRO-1-016,EUR/USD.IDEALPRO-MLSignalStrategyV2-V2,IDEALPRO-001,IDEALPRO-1-1930,MARKET,BUY,100000.00,GTC,False,False,100000.00,TAKER,1.02744,0.0,['2.05 USD'],NO_TRIGGER,FILLED,OTO,OL-20250102-160000-001-V2-6,"['O-20250102-160000-001-V2-17', 'O-20250102-160000-001-V2-18']",,,,,['V2_POS1'],f5df6ec6-94fc-48ad-9b6f-1b7d8eb4638d,1735833600000000000,1735833600000000000,,,,,,,
O-20250102-160000-001-V2-17,BACKTESTER-001,MLSignalStrategyV2-V2,EUR/USD.IDEALPRO,IDEALPRO-1-017,EUR/USD.IDEALPRO-MLSignalStrategyV2-V2,IDEALPRO-001,IDEALPRO-1-1937,STOP_MARKET,SELL,100000.00,GTC,True,False,100000.00,TAKER,1.02608,0.00019999999999997797,['2.05 USD'],NO_TRIGGER,FILLED,OUO,OL-20250102-160000-001-V2-6,['O-20250102-160000-001-V2-18'],O-20250102-160000-001-V2-16,,,,['V2_POS1_SL'],e26de50b-7fe2-4a22-a81f-259b507158dc,1735833600000000000,1735833780000000000,1.02628,DEFAULT,,,,,
O-20250102-160000-001-V2-18,BACKTESTER-001,MLSignalStrategyV2-V2,EUR/USD.IDEALPRO,IDEALPRO-1-018,EUR/USD.IDEALPRO-MLSignalStrategyV2-V2,IDEALPRO-001,,LIMIT,SELL,100000.00,GTC,True,False,0.00,NO_LIQUIDITY_SIDE,,,,NO_TRIGGER,CANCELED,OUO,OL-20250102-160000-001-V2-6,['O-20250102-160000-001-V2-17'],O-20250102-160000-001-V2-16,,,,['V2_POS1_TP'],a3dbe66d-f7ea-4426-a09b-e8cb9248107e,1735833600000000000,1735833780000000000,,,,,1.02858,False,
O-20250102-161500-001-V2-19,BACKTESTER-001,MLSignalStrategyV2-V2,EUR/USD.IDEALPRO,IDEALPRO-1-019,EUR/USD.IDEALPRO-MLSignalStrategyV2-V2,IDEALPRO-001,IDEALPRO-1-1962,MARKET,BUY,100000.00,GTC,False,False,100000.00,TAKER,1.02576,0.0,['2.05 USD'],NO_TRIGGER,FILLED,OTO,OL-20250102-161500-001-V2-7,"['O-20250102-161500-001-V2-20', 'O-20250102-161500-001-V2-21']",,,,,['V2_POS1'],f1eff70b-4b03-4db9-8cf0-58bf86605435,1735834500000000000,1735834500000000000,,,,,,,
O-20250102-161500-001-V2-20,BACKTESTER-001,MLSignalStrategyV2-V2,EUR/USD.IDEALPRO,IDEALPRO-1-020,EUR/USD.IDEALPRO-MLSignalStrategyV2-V2,IDEALPRO-001,IDEALPRO-1-2019,STOP_MARKET,SELL,100000.00,GTC,True,False,100000.00,TAKER,1.0241,0.00025999999999992696,['2.05 USD'],NO_TRIGGER,FILLED,OUO,OL-20250102-161500-001-V2-7,['O-20250102-161500-001-V2-21'],O-20250102-161500-001-V2-19,,,,['V2_POS1_SL'],2f836dfb-efd3-412b-9395-7596c2a1e05d,1735834500000000000,1735836180000000000,1.02436,DEFAULT,,,,,
O-20250102-161500-001-V2-21,BACKTESTER-001,MLSignalStrategyV2-V2,EUR/USD.IDEALPRO,IDEALPRO-1-021,EUR/USD.IDEALPRO-MLSignalStrategyV2-V2,IDEALPRO-001,,LIMIT,SELL,100000.00,GTC,True,False,0.00,NO_LIQUIDITY_SIDE,,,,NO_TRIGGER,CANCELED,OUO,OL-20250102-161500-001-V2-7,['O-20250102-161500-001-V2-20'],O-20250102-161500-001-V2-19,,,,['V2_POS1_TP'],8c2e01ab-5454-4ea6-8612-8150621e2dcb,1735834500000000000,1735836180000000000,,,,,1.02714,False,
O-20250102-164500-001-V2-22,BACKTESTER-001,MLSignalStrategyV2-V2,EUR/USD.IDEALPRO,IDEALPRO-1-022,EUR/USD.IDEALPRO-MLSignalStrategyV2-V2,IDEALPRO-001,IDEALPRO-1-2024,MARKET,BUY,100000.00,GTC,False,False,100000.00,TAKER,1.02456,0.0,['2.05 USD'],NO_TRIGGER,FILLED,OTO,OL-20250102-164500-001-V2-8,"['O-20250102-164500-001-V2-23', 'O-20250102-164500-001-V2-24']",,,,,['V2_POS1'],deeffb93-1449-4065-a6ea-1b9126bf4198,1735836300000000000,1735836300000000000,,,,,,,
O-20250102-164500-001-V2-23,BACKTESTER-001,MLSignalStrategyV2-V2,EUR/USD.IDEALPRO,IDEALPRO-1-023,EUR/USD.IDEALPRO-MLSignalStrategyV2-V2,IDEALPRO-001,,STOP_MARKET,SELL,100000.00,GTC,True,False,0.00,NO_LIQUIDITY_SIDE,,,,NO_TRIGGER,CANCELED,OUO,OL-20250102-164500-001-V2-8,['O-20250102-164500-001-V2-24'],O-20250102-164500-001-V2-22,,,,['V2_POS1_SL'],1fb78886-73c3-4f4b-9ba1-49bc7350e4c7,1735836300000000000,1735837020000000000,1.02307,DEFAULT,,,,,
O-20250102-164500-001-V2-24,BACKTESTER-001,MLSignalStrategyV2-V2,EUR/USD.IDEALPRO,IDEALPRO-1-024,EUR/USD.IDEALPRO-MLSignalStrategyV2-V2,IDEALPRO-001,IDEALPRO-1-2049,LIMIT,SELL,100000.00,GTC,True,False,100000.00,MAKER,1.02611,-6.000000000017103e-05,['2.05 USD'],NO_TRIGGER,FILLED,OUO,OL-20250102-164500-001-V2-8,['O-20250102-164500-001-V2-23'],O-20250102-164500-001-V2-22,,,,['V2_POS1_TP'],c7d4c827-1fe9-484c-a2d0-e56a1fbe1107,1735836300000000000,1735837020000000000,,,,,1.02605,False,
O-20250102-190000-001-V2-25,BACKTESTER-001,MLSignalStrategyV2-V2,EUR/USD.IDEALPRO,IDEALPRO-1-025,EUR/USD.IDEALPRO-MLSignalStrategyV2-V2,IDEALPRO-001,IDEALPRO-1-2296,MARKET,BUY,100000.00,GTC,False,False,100000.00,TAKER,1.02565,0.0,['2.05 USD'],NO_TRIGGER,FILLED,OTO,OL-20250102-190000-001-V2-9,"['O-20250102-190000-001-V2-26', 'O-20250102-190000-001-V2-27']",,,,,['V2_POS1'],c793bfb7-e459-4c92-aa96-cc73ddf5e4b1,1735844400000000000,1735844400000000000,,,,,,,
O-20250102-190000-001-V2-26,BACKTESTER-001,MLSignalStrategyV2-V2,EUR/USD.IDEALPRO,IDEALPRO-1-026,EUR/USD.IDEALPRO-MLSignalStrategyV2-V2,IDEALPRO-001,,STOP_MARKET,SELL,100000.00,GTC,True,False,0.00,NO_LIQUIDITY_SIDE,,,,NO_TRIGGER,CANCELED,OUO,OL-20250102-190000-001-V2-9,['O-20250102-190000-001-V2-27'],O-20250102-190000-001-V2-25,,,,['V2_POS1_SL'],4610b673-9764-45e1-9450-64291a5e607e,1735844400000000000,1735852200000000000,1.02473,DEFAULT,,,,,
O-20250102-190000-001-V2-27,BACKTESTER-001,MLSignalStrategyV2-V2,EUR/USD.IDEALPRO,IDEALPRO-1-027,EUR/USD.IDEALPRO-MLSignalStrategyV2-V2,IDEALPRO-001,IDEALPRO-1-2557,LIMIT,SELL,100000.00,GTC,True,False,100000.00,MAKER,1.02656,-9.999999999843467e-06,['2.05 USD'],NO_TRIGGER,FILLED,OUO,OL-20250102-190000-001-V2-9,['O-20250102-190000-001-V2-26'],O-20250102-190000-001-V2-25,,,,['V2_POS1_TP'],4ab1f639-5a36-42a5-b51b-afa4569f8c73,1735844400000000000,1735852200000000000,,,,,1.02655,False,
O-20250102-220000-001-V2-28,BACKTESTER-001,MLSignalStrategyV2-V2,EUR/USD.IDEALPRO,IDEALPRO-1-028,EUR/USD.IDEALPRO-MLSignalStrategyV2-V2,IDEALPRO-001,IDEALPRO-1-2658,MARKET,BUY,100000.00,GTC,False,False,100000.00,TAKER,1.02667,0.0,['2.05 USD'],NO_TRIGGER,FILLED,OTO,OL-20250102-220000-001-V2-10,"['O-20250102-220000-001-V2-29', 'O-20250102-220000-001-V2-30']",,,,,['V2_POS1'],c9e09ec1-c64c-4a65-a322-1cbbe00eafc0,1735855200000000000,1735855200000000000,,,,,,,
O-20250102-220000-001-V2-29,BACKTESTER-001,MLSignalStrategyV2-V2,EUR/USD.IDEALPRO,IDEALPRO-1-029,EUR/USD.IDEALPRO-MLSignalStrategyV2-V2,IDEALPRO-001,,STOP_MARKET,SELL,100000.00,GTC,True,False,0.00,NO_LIQUIDITY_SIDE,,,,NO_TRIGGER,CANCELED,OUO,OL-20250102-220000-001-V2-10,['O-20250102-220000-001-V2-30'],O-20250102-220000-001-V2-28,,,,['V2_POS1_SL'],ca901c39-34c7-4a9f-abd5-7aeacdc072a4,1735855200000000000,1735865400000000000,1.02618,DEFAULT,,,,,
O-20250102-220000-001-V2-30,BACKTESTER-001,MLSignalStrategyV2-V2,EUR/USD.IDEALPRO,IDEALPRO-1-030,EUR/USD.IDEALPRO-MLSignalStrategyV2-V2,IDEALPRO-001,IDEALPRO-1-2969,LIMIT,SELL,100000.00,GTC,True,False,100000.00,MAKER,1.02716,0.0,['2.05 USD'],NO_TRIGGER,FILLED,OUO,OL-20250102-220000-001-V2-10,['O-20250102-220000-001-V2-29'],O-20250102-220000-001-V2-28,,,,['V2_POS1_TP'],355894a4-a4d5-41f2-95d7-b1be1fc280d7,1735855200000000000,1735865400000000000,,,,,1.02716,False,
O-20250103-081500-001-V2-31,BACKTESTER-001,MLSignalStrategyV2-V2,EUR/USD.IDEALPRO,IDEALPRO-1-031,EUR/USD.IDEALPRO-MLSignalStrategyV2-V2,IDEALPRO-001,IDEALPRO-1-3860,MARKET,BUY,100000.00,GTC,False,False,100000.00,TAKER,1.02845,0.0,['2.06 USD'],NO_TRIGGER,FILLED,OTO,OL-20250103-081500-001-V2-11,"['O-20250103-081500-001-V2-32', 'O-20250103-081500-001-V2-33']",,,,,['V2_POS1'],12826942-b6b4-40a2-9f92-cf5e47f4d593,1735892100000000000,1735892100000000000,,,,,,,
O-20250103-081500-001-V2-32,BACKTESTER-001,MLSignalStrategyV2-V2,EUR/USD.IDEALPRO,IDEALPRO-1-032,EUR/USD.IDEALPRO-MLSignalStrategyV2-V2,IDEALPRO-001,IDEALPRO-1-3893,STOP_MARKET,SELL,100000.00,GTC,True,False,100000.00,TAKER,1.02794,7.999999999985796e-05,['2.06 USD'],NO_TRIGGER,FILLED,OUO,OL-20250103-081500-001-V2-11,['O-20250103-081500-001-V2-33'],O-20250103-081500-001-V2-31,,,,['V2_POS1_SL'],03d261d8-e98d-4cf6-97da-2a58c35383ac,1735892100000000000,1735893060000000000,1.02802,DEFAULT,,,,,
O-20250103-081500-001-V2-33,BACKTESTER-001,MLSignalStrategyV2-V2,EUR/USD.IDEALPRO,IDEALPRO-1-033,EUR/USD.IDEALPRO-MLSignalStrategyV2-V2,IDEALPRO-001,,LIMIT,SELL,100000.00,GTC,True,False,0.00,NO_LIQUIDITY_SIDE,,,,NO_TRIGGER,CANCELED,OUO,OL-20250103-081500-001-V2-11,['O-20250103-081500-001-V2-32'],O-20250103-081500-001-V2-31,,,,['V2_POS1_TP'],ee34fe61-c55b-4e18-ad50-5a4bcbd3ea52,1735892100000000000,1735893060000000000,,,,,1.02888,False,
O-20250103-164500-001-V2-34,BACKTESTER-001,MLSignalStrategyV2-V2,EUR/USD.IDEALPRO,IDEALPRO-1-034,EUR/USD.IDEALPRO-MLSignalStrategyV2-V2,IDEALPRO-001,IDEALPRO-1-4883,MARKET,BUY,100000.00,GTC,False,False,100000.00,TAKER,1.02899,0.0,['2.06 USD'],NO_TRIGGER,FILLED,OTO,OL-20250103-164500-001-V2-12,"['O-20250103-164500-001-V2-35', 'O-20250103-164500-001-V2-36']",,,,,['V2_POS1'],617d2185-d11f-498c-a62f-3b7cb847aac2,1735922700000000000,1735922700000000000,,,,,,,
O-20250103-164500-001-V2-35,BACKTESTER-001,MLSignalStrategyV2-V2,EUR/USD.IDEALPRO,IDEALPRO-1-035,EUR/USD.IDEALPRO-MLSignalStrategyV2-V2,IDEALPRO-001,,STOP_MARKET,SELL,100000.00,GTC,True,False,0.00,NO_LIQUIDITY_SIDE,,,,NO_TRIGGER,CANCELED,OUO,OL-20250103-164500-001-V2-12,['O-20250103-164500-001-V2-36'],O-20250103-164500-001-V2-34,,,,['V2_POS1_SL'],b9d6f136-2077-4d90-93df-3a5cc669194d,1735922700000000000,1735923960000000000,1.02822,DEFAULT,,,,,
O-20250103-164500-001-V2-36,BACKTESTER-001,MLSignalStrategyV2-V2,EUR/USD.IDEALPRO,IDEALPRO-1-036,EUR/USD.IDEALPRO-MLSignalStrategyV2-V2,IDEALPRO-001,IDEALPRO-1-4925,LIMIT,SELL,100000.00,GTC,True,False,100000.00,MAKER,1.02975,-9.999999999843467e-06,['2.06 USD'],NO_TRIGGER,FILLED,OUO,OL-20250103-164500-001-V2-12,['O-20250103-164500-001-V2-35'],O-20250103-164500-001-V2-34,,,,['V2_POS1_TP'],59abbbda-25b0-4f6c-9538-12a0392db806,1735922700000000000,1735923960000000000,,,,,1.02974,False,
O-20250103-171500-001-V2-37,BACKTESTER-001,MLSignalStrategyV2-V2,EUR/USD.IDEALPRO,IDEALPRO-1-037,EUR/USD.IDEALPRO-MLSignalStrategyV2-V2,IDEALPRO-001,IDEALPRO-1-4944,MARKET,BUY,100000.00,GTC,False,False,100000.00,TAKER,1.03025,0.0,['2.06 USD'],NO_TRIGGER,FILLED,OTO,OL-20250103-171500-001-V2-13,"['O-20250103-171500-001-V2-38', 'O-20250103-171500-001-V2-39']",,,,,['V2_POS1'],cbeaebab-ccd7-4b99-88b2-3d7e4d8bddca,1735924500000000000,1735924500000000000,,,,,,,
O-20250103-171500-001-V2-38,BACKTESTER-001,MLSignalStrategyV2-V2,EUR/USD.IDEALPRO,IDEALPRO-1-038,EUR/USD.IDEALPRO-MLSignalStrategyV2-V2,IDEALPRO-001,IDEALPRO-1-5041,STOP_MARKET,SELL,100000.00,GTC,True,False,100000.00,TAKER,1.02943,5.999999999994898e-05,['2.06 USD'],NO_TRIGGER,FILLED,OUO,OL-20250103-171500-001-V2-13,['O-20250103-171500-001-V2-39'],O-20250103-171500-001-V2-37,,,,['V2_POS1_SL'],7916403d-f013-4f70-a074-0c5b12e67ed4,1735924500000000000,1735927380000000000,1.02949,DEFAULT,,,,,
O-20250103-171500-001-V2-39,BACKTESTER-001,MLSignalStrategyV2-V2,EUR/USD.IDEALPRO,IDEALPRO-1-039,EUR/USD.IDEALPRO-MLSignalStrategyV2-V2,IDEALPRO-001,,LIMIT,SELL,100000.00,GTC,True,False,0.00,NO_LIQUIDITY_SIDE,,,,NO_TRIGGER,CANCELED,OUO,OL-20250103-171500-001-V2-13,['O-20250103-171500-001-V2-38'],O-20250103-171500-001-V2-37,,,,['V2_POS1_TP'],8a527bb3-f665-4e42-8ec9-ab8be7995105,1735924500000000000,1735927380000000000,,,,,1.03101,False,
O-20250103-210000-001-V2-40,BACKTESTER-001,MLSignalStrategyV2-V2,EUR/USD.IDEALPRO,IDEALPRO-1-040,EUR/USD.IDEALPRO-MLSignalStrategyV2-V2,IDEALPRO-001,IDEALPRO-1-5396,MARKET,BUY,100000.00,GTC,False,False,100000.00,TAKER,1.0306,0.0,['2.06 USD'],NO_TRIGGER,FILLED,OTO,OL-20250103-210000-001-V2-14,"['O-20250103-210000-001-V2-41', 'O-20250103-210000-001-V2-42']",,,,,['V2_POS1'],0ffa2883-c14d-4122-83c3-1da2234b15a3,1735938000000000000,1735938000000000000,,,,,,,
O-20250103-210000-001-V2-41,BACKTESTER-001,MLSignalStrategyV2-V2,EUR/USD.IDEALPRO,IDEALPRO-1-041,EUR/USD.IDEALPRO-MLSignalStrategyV2-V2,IDEALPRO-001,IDEALPRO-1-5593,STOP_MARKET,SELL,100000.00,GTC,True,False,100000.00,TAKER,1.03011,9.999999999843467e-06,['2.06 USD'],NO_TRIGGER,FILLED,OUO,OL-20250103-210000-001-V2-14,['O-20250103-210000-001-V2-42'],O-20250103-210000-001-V2-40,,,,['V2_POS1_SL'],a6fc995c-86e4-4a24-8494-5a11e78356a8,1735938000000000000,1736117580000000000,1.03012,DEFAULT,,,,,
O-20250103-210000-001-V2-42,BACKTESTER-001,MLSignalStrategyV2-V2,EUR/USD.IDEALPRO,IDEALPRO-1-042,EUR/USD.IDEALPRO-MLSignalStrategyV2-V2,IDEALPRO-001,,LIMIT,SELL,100000.00,GTC,True,False,0.00,NO_LIQUIDITY_SIDE,,,,NO_TRIGGER,CANCELED,OUO,OL-20250103-210000-001-V2-14,['O-20250103-210000-001-V2-41'],O-20250103-210000-001-V2-40,,,,['V2_POS1_TP'],a34ba380-7c3b-4042-b2f3-b60be3c76ff0,1735938000000000000,1736117580000000000,,,,,1.03106,False,
O-20250105-230000-001-V2-43,BACKTESTER-001,MLSignalStrategyV2-V2,EUR/USD.IDEALPRO,IDEALPRO-1-043,EUR/USD.IDEALPRO-MLSignalStrategyV2-V2,IDEALPRO-001,IDEALPRO-1-5608,MARKET,BUY,100000.00,GTC,False,False,100000.00,TAKER,1.03019,0.0,['2.06 USD'],NO_TRIGGER,FILLED,OTO,OL-20250105-230000-001-V2-15,"['O-20250105-230000-001-V2-44', 'O-20250105-230000-001-V2-45']",,,,,['V2_POS1'],e58ba2fc-c149-4bcb-a782-623319ea6100,1736118000000000000,1736118000000000000,,,,,,,
O-20250105-230000-001-V2-44,BACKTESTER-001,MLSignalStrategyV2-V2,EUR/USD.IDEALPRO,IDEALPRO-1-044,EUR/USD.IDEALPRO-MLSignalStrategyV2-V2,IDEALPRO-001,,STOP_MARKET,SELL,100000.00,GTC,True,False,0.00,NO_LIQUIDITY_SIDE,,,,NO_TRIGGER,CANCELED,OUO,OL-20250105-230000-001-V2-15,['O-20250105-230000-001-V2-45'],O-20250105-230000-001-V2-43,,,,['V2_POS1_SL'],8613f965-6708-4089-9adb-bda2c5b152ff,1736118000000000000,1736118060000000000,1.02984,DEFAULT,,,,,
O-20250105-230000-001-V2-45,BACKTESTER-001,MLSignalStrategyV2-V2,EUR/USD.IDEALPRO,IDEALPRO-1-045,EUR/USD.IDEALPRO-MLSignalStrategyV2-V2,IDEALPRO-001,IDEALPRO-1-5611,LIMIT,SELL,100000.00,GTC,True,False,100000.00,MAKER,1.03067,-0.00012999999999996348,['2.06 USD'],NO_TRIGGER,FILLED,OUO,OL-20250105-230000-001-V2-15,['O-20250105-230000-001-V2-44'],O-20250105-230000-001-V2-43,,,,['V2_POS1_TP'],bd8bebc1-47c4-4657-ae51-269a67f734fb,1736118000000000000,1736118060000000000,,,,,1.03054,False,
O-20250106-030000-001-V2-46,BACKTESTER-001,MLSignalStrategyV2-V2,EUR/USD.IDEALPRO,IDEALPRO-1-046,EUR/USD.IDEALPRO-MLSignalStrategyV2-V2,IDEALPRO-001,IDEALPRO-1-6090,MARKET,SELL,100000.00,GTC,False,False,100000.00,TAKER,1.03161,0.0,['2.06 USD'],NO_TRIGGER,FILLED,OTO,OL-20250106-030000-001-V2-16,"['O-20250106-030000-001-V2-47', 'O-20250106-030000-001-V2-48']",,,,,['V2_POS1'],723b7c22-d4f7-4e34-8682-1274d5951d96,1736132400000000000,1736132400000000000,,,,,,,
O-20250106-030000-001-V2-47,BACKTESTER-001,MLSignalStrategyV2-V2,EUR/USD.IDEALPRO,IDEALPRO-1-047,EUR/USD.IDEALPRO-MLSignalStrategyV2-V2,IDEALPRO-001,,STOP_MARKET,BUY,100000.00,GTC,True,False,0.00,NO_LIQUIDITY_SIDE,,,,NO_TRIGGER,CANCELED,OUO,OL-20250106-030000-001-V2-16,['O-20250106-030000-001-V2-48'],O-20250106-030000-001-V2-46,,,,['V2_POS1_SL'],3e9908a1-cc03-4422-a263-da216dc276fe,1736132400000000000,1736142660000000000,1.03201,DEFAULT,,,,,
O-20250106-030000-001-V2-48,BACKTESTER-001,MLSignalStrategyV2-V2,EUR/USD.IDEALPRO,IDEALPRO-1-048,EUR/USD.IDEALPRO-MLSignalStrategyV2-V2,IDEALPRO-001,IDEALPRO-1-6433,LIMIT,BUY,100000.00,GTC,True,False,100000.00,MAKER,1.03121,0.0,['2.06 USD'],NO_TRIGGER,FILLED,OUO,OL-20250106-030000-001-V2-16,['O-20250106-030000-001-V2-47'],O-20250106-030000-001-V2-46,,,,['V2_POS1_TP'],c65afef0-4426-4c4b-8a95-511a6746176c,1736132400000000000,1736142660000000000,,,,,1.03121,False,
O-20250106-081500-001-V2-49,BACKTESTER-001,MLSignalStrategyV2-V2,EUR/USD.IDEALPRO,IDEALPRO-1-049,EUR/USD.IDEALPRO-MLSignalStrategyV2-V2,IDEALPRO-001,IDEALPRO-1-6722,MARKET,SELL,100000.00,GTC,False,False,100000.00,TAKER,1.03372,0.0,['2.07 USD'],NO_TRIGGER,FILLED,OTO,OL-20250106-081500-001-V2-17,"['O-20250106-081500-001-V2-50', 'O-20250106-081500-001-V2-51']",,,,,['V2_POS1'],e4e96b3d-7176-47e9-b159-be7662f08f52,1736151300000000000,1736151300000000000,,,,,,,
O-20250106-081500-001-V2-50,BACKTESTER-001,MLSignalStrategyV2-V2,EUR/USD.IDEALPRO,IDEALPRO-1-050,EUR/USD.IDEALPRO-MLSignalStrategyV2-V2,IDEALPRO-001,IDEALPRO-1-6729,STOP_MARKET,BUY,100000.00,GTC,True,False,100000.00,TAKER,1.03425,2.999999999997449e-05,['2.07 USD'],NO_TRIGGER,FILLED,OUO,OL-20250106-081500-001-V2-17,['O-20250106-081500-001-V2-51'],O-20250106-081500-001-V2-49,,,,['V2_POS1_SL'],92636f1f-3723-4370-93a6-6d0d09bd0e1b,1736151300000000000,1736151480000000000,1.03422,DEFAULT,,,,,
O-20250106-081500-001-V2-51,BACKTESTER-001,MLSignalStrategyV2-V2,EUR/USD.IDEALPRO,IDEALPRO-1-051,EUR/USD.IDEALPRO-MLSignalStrategyV2-V2,IDEALPRO-001,,LIMIT,BUY,100000.00,GTC,True,False,0.00,NO_LIQUIDITY_SIDE,,,,NO_TRIGGER,CANCELED,OUO,OL-20250106-081500-001-V2-17,['O-20250106-081500-001-V2-50'],O-20250106-081500-001-V2-49,,,,['V2_POS1_TP'],99fb7593-4510-4a95-966b-538dd7a56f86,1736151300000000000,1736151480000000000,,,,,1.03322,False,
O-20250106-083000-001-V2-52,BACKTESTER-001,MLSignalStrategyV2-V2,EUR/USD.IDEALPRO,IDEALPRO-1-052,EUR/USD.IDEALPRO-MLSignalStrategyV2-V2,IDEALPRO-001,IDEALPRO-1-6755,MARKET,SELL,100000.00,GTC,False,False,100000.00,TAKER,1.03404,0.0,['2.07 USD'],NO_TRIGGER,FILLED,OTO,OL-20250106-083000-001-V2-18,"['O-20250106-083000-001-V2-53', 'O-20250106-083000-001-V2-54']",,,,,['V2_POS1'],c47f348f-ad0b-4f59-84b0-27363d3fdd5b,1736152200000000000,1736152200000000000,,,,,,,
O-20250106-083000-001-V2-53,BACKTESTER-001,MLSignalStrategyV2-V2,EUR/USD.IDEALPRO,IDEALPRO-1-053,EUR/USD.IDEALPRO-MLSignalStrategyV2-V2,IDEALPRO-001,,STOP_MARKET,BUY,100000.00,GTC,True,False,0.00,NO_LIQUIDITY_SIDE,,,,NO_TRIGGER,CANCELED,OUO,OL-20250106-083000-001-V2-18,['O-20250106-083000-001-V2-54'],O-20250106-083000-001-V2-52,,,,['V2_POS1_SL'],cadb30dd-b921-478c-a74b-87352f140d1d,1736152200000000000,1736153160000000000,1.03459,DEFAULT,,,,,
O-20250106-083000-001-V2-54,BACKTESTER-001,MLSignalStrategyV2-V2,EUR/USD.IDEALPRO,IDEALPRO-1-054,EUR/USD.IDEALPRO-MLSignalStrategyV2-V2,IDEALPRO-001,IDEALPRO-1-6787,LIMIT,BUY,100000.00,GTC,True,False,100000.00,MAKER,1.03329,-0.00019999999999997797,['2.07 USD'],NO_TRIGGER,FILLED,OUO,OL-20250106-083000-001-V2-18,['O-20250106-083000-001-V2-53'],O-20250106-083000-001-V2-52,,,,['V2_POS1_TP'],e28d4d65-4c4f-4785-a72e-2a82fcb52185,1736152200000000000,1736153160000000000,,,,,1.03349,False,
O-20250106-090000-001-V2-55,BACKTESTER-001,MLSignalStrategyV2-V2,EUR/USD.IDEALPRO,IDEALPRO-1-055,EUR/USD.IDEALPRO-MLSignalStrategyV2-V2,IDEALPRO-001,IDEALPRO-1-6816,MARKET,SELL,100000.00,GTC,False,False,100000.00,TAKER,1.03503,0.0,['2.07 USD'],NO_TRIGGER,FILLED,OTO,OL-20250106-090000-001-V2-19,"['O-20250106-090000-001-V2-56', 'O-20250106-090000-001-V2-57']",,,,,['V2_POS1'],24adbf37-2e8c-4070-8fec-f76489cffb81,1736154000000000000,1736154000000000000,,,,,,,
O-20250106-090000-001-V2-56,BACKTESTER-001,MLSignalStrategyV2-V2,EUR/USD.IDEALPRO,IDEALPRO-1-056,EUR/USD.IDEALPRO-MLSignalStrategyV2-V2,IDEALPRO-001,,STOP_MARKET,BUY,100000.00,GTC,True,False,0.00,NO_LIQUIDITY_SIDE,,,,NO_TRIGGER,CANCELED,OUO,OL-20250106-090000-001-V2-19,['O-20250106-090000-001-V2-57'],O-20250106-090000-001-V2-55,,,,['V2_POS1_SL'],449a2d0f-a79d-4cbe-b5a6-b56af0d781ed,1736154000000000000,1736154120000000000,1.03567,DEFAULT,,,,,
O-20250106-090000-001-V2-57,BACKTESTER-001,MLSignalStrategyV2-V2,EUR/USD.IDEALPRO,IDEALPRO-1-057,EUR/USD.IDEALPRO-MLSignalStrategyV2-V2,IDEALPRO-001,IDEALPRO-1-6821,LIMIT,BUY,100000.00,GTC,True,False,100000.00,MAKER,1.03428,-0.00010999999999983245,['2.07 USD'],NO_TRIGGER,FILLED,OUO,OL-20250106-090000-001-V2-19,['O-20250106-090000-001-V2-56'],O-20250106-090000-001-V2-55,,,,['V2_POS1_TP'],e37f1685-f487-49d6-8fac-d1cdb16cbde7,1736154000000000000,1736154120000000000,,,,,1.03439,False,
O-20250106-093000-001-V2-58,BACKTESTER-001,MLSignalStrategyV2-V2,EUR/USD.IDEALPRO,IDEALPRO-1-058,EUR/USD.IDEALPRO-MLSignalStrategyV2-V2,IDEALPRO-001,IDEALPRO-1-6878,MARKET,SELL,100000.00,GTC,False,False,100000.00,TAKER,1.03584,0.0,['2.07 USD'],NO_TRIGGER,FILLED,OTO,OL-20250106-093000-001-V2-20,"['O-20250106-093000-001-V2-59', 'O-20250106-093000-001-V2-60']",,,,,['V2_POS1'],f4f8c50f-2862-4aca-b1c9-8d076a565813,1736155800000000000,1736155800000000000,,,,,,,
O-20250106-093000-001-V2-59,BACKTESTER-001,MLSignalStrategyV2-V2,EUR/USD.IDEALPRO,IDEALPRO-1-059,EUR/USD.IDEALPRO-MLSignalStrategyV2-V2,IDEALPRO-001,,STOP_MARKET,BUY,100000.00,GTC,True,False,0.00,NO_LIQUIDITY_SIDE,,,,NO_TRIGGER,CANCELED,OUO,OL-20250106-093000-001-V2-20,['O-20250106-093000-001-V2-60'],O-20250106-093000-001-V2-58,,,,['V2_POS1_SL'],d8e30674-9083-4978-bbf9-4a8106e047ec,1736155800000000000,1736158080000000000,1.03677,DEFAULT,,,,,
O-20250106-093000-001-V2-60,BACKTESTER-001,MLSignalStrategyV2-V2,EUR/USD.IDEALPRO,IDEALPRO-1-060,EUR/USD.IDEALPRO-MLSignalStrategyV2-V2,IDEALPRO-001,IDEALPRO-1-6955,LIMIT,BUY,100000.00,GTC,True,False,100000.00,MAKER,1.03476,-0.0001500000000000945,['2.07 USD'],NO_TRIGGER,FILLED,OUO,OL-20250106-093000-001-V2-20,['O-20250106-093000-001-V2-59'],O-20250106-093000-001-V2-58,,,,['V2_POS1_TP'],9f2cbdd0-21d4-43ef-8c88-a282c6aefea0,1736155800000000000,1736158080000000000,,,,,1.03491,False,
O-20250106-160000-001-V2-61,BACKTESTER-001,MLSignalStrategyV2-V2,EUR/USD.IDEALPRO,IDEALPRO-1-061,EUR/USD.IDEALPRO-MLSignalStrategyV2-V2,IDEALPRO-001,IDEALPRO-1-7660,MARKET,SELL,100000.00,GTC,False,False,100000.00,TAKER,1.03936,0.0,['2.08 USD'],NO_TRIGGER,FILLED,OTO,OL-20250106-160000-001-V2-21,"['O-20250106-160000-001-V2-62', 'O-20250106-160000-001-V2-63']",,,,,['V2_POS1'],069db579-a0f4-40e6-9e9c-ceed4730fa56,1736179200000000000,1736179200000000000,,,,,,,
O-20250106-160000-001-V2-62,BACKTESTER-001,MLSignalStrategyV2-V2,EUR/USD.IDEALPRO,IDEALPRO-1-062,EUR/USD.IDEALPRO-MLSignalStrategyV2-V2,IDEALPRO-001,,STOP_MARKET,BUY,100000.00,GTC,True,False,0.00,NO_LIQUIDITY_SIDE,,,,NO_TRIGGER,CANCELED,OUO,OL-20250106-160000-001-V2-21,['O-20250106-160000-001-V2-63'],O-20250106-160000-001-V2-61,,,,['V2_POS1_SL'],bf35658a-d23d-4b96-bfe4-add061c645a1,1736179200000000000,1736187000000000000,1.04101,DEFAULT,,,,,
O-20250106-160000-001-V2-63,BACKTESTER-001,MLSignalStrategyV2-V2,EUR/USD.IDEALPRO,IDEALPRO-1-063,EUR/USD.IDEALPRO-MLSignalStrategyV2-V2,IDEALPRO-001,IDEALPRO-1-7921,LIMIT,BUY,100000.00,GTC,True,False,100000.00,MAKER,1.03772,-1.0000000000065512e-05,['2.08 USD'],NO_TRIGGER,FILLED,OUO,OL-20250106-160000-001-V2-21,['O-20250106-160000-001-V2-62'],O-20250106-160000-001-V2-61,,,,['V2_POS1_TP'],cb0140c7-1433-4953-8a8f-8544dc4462d6,1736179200000000000,1736187000000000000,,,,,1.03773,False,
O-20250106-211500-001-V2-64,BACKTESTER-001,MLSignalStrategyV2-V2,EUR/USD.IDEALPRO,IDEALPRO-1-064,EUR/USD.IDEALPRO-MLSignalStrategyV2-V2,IDEALPRO-001,IDEALPRO-1-8293,MARKET,BUY,100000.00,GTC,False,False,100000.00,TAKER,1.0388,0.0,['2.08 USD'],NO_TRIGGER,FILLED,OTO,OL-20250106-211500-001-V2-22,"['O-20250106-211500-001-V2-65', 'O-20250106-211500-001-V2-66']",,,,,['V2_POS1'],3aaaa88f-e1b8-4bee-82ea-76eab9d5d00d,1736198100000000000,1736198100000000000,,,,,,,
O-20250106-211500-001-V2-65,BACKTESTER-001,MLSignalStrategyV2-V2,EUR/USD.IDEALPRO,IDEALPRO-1-065,EUR/USD.IDEALPRO-MLSignalStrategyV2-V2,IDEALPRO-001,,STOP_MARKET,SELL,100000.00,GTC,True,False,0.00,NO_LIQUIDITY_SIDE,,,,NO_TRIGGER,CANCELED,OUO,OL-20250106-211500-001-V2-22,['O-20250106-211500-001-V2-66'],O-20250106-211500-001-V2-64,,,,['V2_POS1_SL'],b7eab90f-32c8-4602-bcab-c8d86f4f0b80,1736198100000000000,1736198460000000000,1.03835,DEFAULT,,,,,
O-20250106-211500-001-V2-66,BACKTESTER-001,MLSignalStrategyV2-V2,EUR/USD.IDEALPRO,IDEALPRO-1-066,EUR/USD.IDEALPRO-MLSignalStrategyV2-V2,IDEALPRO-001,IDEALPRO-1-8305,LIMIT,SELL,100000.00,GTC,True,False,100000.00,MAKER,1.03922,1.0000000000065512e-05,['2.08 USD'],NO_TRIGGER,FILLED,OUO,OL-20250106-211500-001-V2-22,['O-20250106-211500-001-V2-65'],O-20250106-211500-001-V2-64,,,,['V2_POS1_TP'],78acc63c-cafb-4ad4-bcc3-d314748347d4,1736198100000000000,1736198460000000000,,,,,1.03923,False,
O-20250106-213000-001-V2-67,BACKTESTER-001,MLSignalStrategyV2-V2,EUR/USD.IDEALPRO,IDEALPRO-1-067,EUR/USD.IDEALPRO-MLSignalStrategyV2-V2,IDEALPRO-001,IDEALPRO-1-8324,MARKET,BUY,100000.00,GTC,False,False,100000.00,TAKER,1.03913,0.0,['2.08 USD'],NO_TRIGGER,FILLED,OTO,OL-20250106-213000-001-V2-23,"['O-20250106-213000-001-V2-68', 'O-20250106-213000-001-V2-69']",,,,,['V2_POS1'],42b58142-14b5-4003-80eb-583cedbd035d,1736199000000000000,1736199000000000000,,,,,,,
O-20250106-213000-001-V2-68,BACKTESTER-001,MLSignalStrategyV2-V2,EUR/USD.IDEALPRO,IDEALPRO-1-068,EUR/USD.IDEALPRO-MLSignalStrategyV2-V2,IDEALPRO-001,IDEALPRO-1-8481,STOP_MARKET,SELL,100000.00,GTC,True,False,100000.00,TAKER,1.03858,9.999999999998899e-05,['2.08 USD'],NO_TRIGGER,FILLED,OUO,OL-20250106-213000-001-V2-23,['O-20250106-213000-001-V2-69'],O-20250106-213000-001-V2-67,,,,['V2_POS1_SL'],fba19d04-e57d-4f5e-bd28-bc4e2a6578a8,1736199000000000000,1736204580000000000,1.03868,DEFAULT,,,,,
O-20250106-213000-001-V2-69,BACKTESTER-001,MLSignalStrategyV2-V2,EUR/USD.IDEALPRO,IDEALPRO-1-069,EUR/USD.IDEALPRO-MLSignalStrategyV2-V2,IDEALPRO-001,,LIMIT,SELL,100000.00,GTC,True,False,0.00,NO_LIQUIDITY_SIDE,,,,NO_TRIGGER,CANCELED,OUO,OL-20250106-213000-001-V2-23,['O-20250106-213000-001-V2-68'],O-20250106-213000-001-V2-67,,,,['V2_POS1_TP'],078a19cc-e603-46d9-be61-a7f0ecc03565,1736199000000000000,1736204580000000000,,,,,1.03956,False,
O-20250106-234500-001-V2-70,BACKTESTER-001,MLSignalStrategyV2-V2,EUR/USD.IDEALPRO,IDEALPRO-1-070,EUR/USD.IDEALPRO-MLSignalStrategyV2-V2,IDEALPRO-001,IDEALPRO-1-8566,MARKET,SELL,100000.00,GTC,False,False,100000.00,TAKER,1.03853,0.0,['2.08 USD'],NO_TRIGGER,FILLED,OTO,OL-20250106-234500-001-V2-24,"['O-20250106-234500-001-V2-71', 'O-20250106-234500-001-V2-72']",,,,,['V2_POS1'],a2009aa0-af40-46b8-9e5f-ffbc7c06638d,1736207100000000000,1736207100000000000,,,,,,,
O-20250106-234500-001-V2-71,BACKTESTER-001,MLSignalStrategyV2-V2,EUR/USD.IDEALPRO,IDEALPRO-1-071,EUR/USD.IDEALPRO-MLSignalStrategyV2-V2,IDEALPRO-001,,STOP_MARKET,BUY,100000.00,GTC,True,False,0.00,NO_LIQUIDITY_SIDE,,,,NO_TRIGGER,CANCELED,OUO,OL-20250106-234500-001-V2-24,['O-20250106-234500-001-V2-72'],O-20250106-234500-001-V2-70,,,,['V2_POS1_SL'],80dad543-b9b5-4b10-bad8-85e464bf0f71,1736207100000000000,1736207220000000000,1.03885,DEFAULT,,,,,
O-20250106-234500-001-V2-72,BACKTESTER-001,MLSignalStrategyV2-V2,EUR/USD.IDEALPRO,IDEALPRO-1-072,EUR/USD.IDEALPRO-MLSignalStrategyV2-V2,IDEALPRO-001,IDEALPRO-1-8571,LIMIT,BUY,100000.00,GTC,True,False,100000.00,MAKER,1.03818,-2.999999999997449e-05,['2.08 USD'],NO_TRIGGER,FILLED,OUO,OL-20250106-234500-001-V2-24,['O-20250106-234500-001-V2-71'],O-20250106-234500-001-V2-70,,,,['V2_POS1_TP'],f8a74360-6e23-4ec4-a129-9402c46e72ce,1736207100000000000,1736207220000000000,,,,,1.03821,False,
O-20250107-000000-001-V2-73,BACKTESTER-001,MLSignalStrategyV2-V2,EUR/USD.IDEALPRO,IDEALPRO-1-073,EUR/USD.IDEALPRO-MLSignalStrategyV2-V2,IDEALPRO-001,IDEALPRO-1-8598,MARKET,SELL,100000.00,GTC,False,False,100000.00,TAKER,1.03831,0.0,['2.08 USD'],NO_TRIGGER,FILLED,OTO,OL-20250107-000000-001-V2-25,"['O-20250107-000000-001-V2-74', 'O-20250107-000000-001-V2-75']",,,,,['V2_POS1'],49cec47e-e4a9-4120-b60d-5e0667aed786,1736208000000000000,1736208000000000000,,,,,,,
O-20250107-000000-001-V2-74,BACKTESTER-001,MLSignalStrategyV2-V2,EUR/USD.IDEALPRO,IDEALPRO-1-074,EUR/USD.IDEALPRO-MLSignalStrategyV2-V2,IDEALPRO-001,,STOP_MARKET,BUY,100000.00,GTC,True,False,0.00,NO_LIQUIDITY_SIDE,,,,NO_TRIGGER,CANCELED,OUO,OL-20250107-000000-001-V2-25,['O-20250107-000000-001-V2-75'],O-20250107-000000-001-V2-73,,,,['V2_POS1_SL'],1212e36b-3193-4d3e-99b8-354a95d2a652,1736208000000000000,1736209080000000000,1.03863,DEFAULT,,,,,
O-20250107-000000-001-V2-75,BACKTESTER-001,MLSignalStrategyV2-V2,EUR/USD.IDEALPRO,IDEALPRO-1-075,EUR/USD.IDEALPRO-MLSignalStrategyV2-V2,IDEALPRO-001,IDEALPRO-1-8635,LIMIT,BUY,100000.00,GTC,True,False,100000.00,MAKER,1.03792,-9.000000000014552e-05,['2.08 USD'],NO_TRIGGER,FILLED,OUO,OL-20250107-000000-001-V2-25,['O-20250107-000000-001-V2-74'],O-20250107-000000-001-V2-73,,,,['V2_POS1_TP'],ce440d42-daf4-41a0-bb10-02773193089f,1736208000000000000,1736209080000000000,,,,,1.03801,False,
O-20250107-003000-001-V2-76,BACKTESTER-001,MLSignalStrategyV2-V2,EUR/USD.IDEALPRO,IDEALPRO-1-076,EUR/USD.IDEALPRO-MLSignalStrategyV2-V2,IDEALPRO-001,IDEALPRO-1-8660,MARKET,BUY,100000.00,GTC,False,False,100000.00,TAKER,1.03775,0.0,['2.08 USD'],NO_TRIGGER,FILLED,OTO,OL-20250107-003000-001-V2-26,"['O-20250107-003000-001-V2-77', 'O-20250107-003000-001-V2-78']",,,,,['V2_POS1'],94033311-500a-496a-9361-03cbe894f804,1736209800000000000,1736209800000000000,,,,,,,
O-20250107-003000-001-V2-77,BACKTESTER-001,MLSignalStrategyV2-V2,EUR/USD.IDEALPRO,IDEALPRO-1-077,EUR/USD.IDEALPRO-MLSignalStrategyV2-V2,IDEALPRO-001,,STOP_MARKET,SELL,100000.00,GTC,True,False,0.00,NO_LIQUIDITY_SIDE,,,,NO_TRIGGER,CANCELED,OUO,OL-20250107-003000-001-V2-26,['O-20250107-003000-001-V2-78'],O-20250107-003000-001-V2-76,,,,['V2_POS1_SL'],6b09a421-84bb-4a2f-bc94-1b7559163554,1736209800000000000,1736210640000000000,1.03743,DEFAULT,,,,,
O-20250107-003000-001-V2-78,BACKTESTER-001,MLSignalStrategyV2-V2,EUR/USD.IDEALPRO,IDEALPRO-1-078,EUR/USD.IDEALPRO-MLSignalStrategyV2-V2,IDEALPRO-001,IDEALPRO-1-8689,LIMIT,SELL,100000.00,GTC,True,False,100000.00,MAKER,1.03812,-7.00000000000145e-05,['2.08 USD'],NO_TRIGGER,FILLED,OUO,OL-20250107-003000-001-V2-26,['O-20250107-003000-001-V2-77'],O-20250107-003000-001-V2-76,,,,['V2_POS1_TP'],e94356a9-e36f-4a0a-bb56-a97d2756cdb5,1736209800000000000,1736210640000000000,,,,,1.03805,False,
O-20250107-011500-001-V2-79,BACKTESTER-001,MLSignalStrategyV2-V2,EUR/USD.IDEALPRO,IDEALPRO-1-079,EUR/USD.IDEALPRO-MLSignalStrategyV2-V2,IDEALPRO-001,IDEALPRO-1-8753,MARKET,SELL,100000.00,GTC,False,False,100000.00,TAKER,1.03794,0.0,['2.08 USD'],NO_TRIGGER,FILLED,OTO,OL-20250107-011500-001-V2-27,"['O-20250107-011500-001-V2-80', 'O-20250107-011500-001-V2-81']",,,,,['V2_POS1'],b44c71bd-b7fe-4a01-b966-4134af18d09f,1736212500000000000,1736212500000000000,,,,,,,
O-20250107-011500-001-V2-80,BACKTESTER-001,MLSignalStrategyV2-V2,EUR/USD.IDEALPRO,IDEALPRO-1-080,EUR/USD.IDEALPRO-MLSignalStrategyV2-V2,IDEALPRO-001,IDEALPRO-1-8827,STOP_MARKET,BUY,100000.00,GTC,True,False,100000.00,TAKER,1.03832,1.999999999990898e-05,['2.08 USD'],NO_TRIGGER,FILLED,OUO,OL-20250107-011500-001-V2-27,['O-20250107-011500-001-V2-81'],O-20250107-011500-001-V2-79,,,,['V2_POS1_SL'],2f69acc2-7245-4e7d-8ad6-9ddb87583814,1736212500000000000,1736214720000000000,1.03830,DEFAULT,,,,,
O-20250107-011500-001-V2-81,BACKTESTER-001,MLSignalStrategyV2-V2,EUR/USD.IDEALPRO,IDEALPRO-1-081,EUR/USD.IDEALPRO-MLSignalStrategyV2-V2,IDEALPRO-001,,LIMIT,BUY,100000.00,GTC,True,False,0.00,NO_LIQUIDITY_SIDE,,,,NO_TRIGGER,CANCELED,OUO,OL-20250107-011500-001-V2-27,['O-20250107-011500-001-V2-80'],O-20250107-011500-001-V2-79,,,,['V2_POS1_TP'],5701f1df-01bd-4f6d-b061-a9ae4fc1260c,1736212500000000000,1736214720000000000,,,,,1.03758,False,
O-20250107-034500-001-V2-82,BACKTESTER-001,MLSignalStrategyV2-V2,EUR/USD.IDEALPRO,IDEALPRO-1-082,EUR/USD.IDEALPRO-MLSignalStrategyV2-V2,IDEALPRO-001,IDEALPRO-1-9054,MARKET,SELL,100000.00,GTC,False,False,100000.00,TAKER,1.03923,0.0,['2.08 USD'],NO_TRIGGER,FILLED,OTO,OL-20250107-034500-001-V2-28,"['O-20250107-034500-001-V2-83', 'O-20250107-034500-001-V2-84']",,,,,['V2_POS1'],fbf87260-f765-4c32-a96a-abb9017a06de,1736221500000000000,1736221500000000000,,,,,,,
O-20250107-034500-001-V2-83,BACKTESTER-001,MLSignalStrategyV2-V2,EUR/USD.IDEALPRO,IDEALPRO-1-083,EUR/USD.IDEALPRO-MLSignalStrategyV2-V2,IDEALPRO-001,IDEALPRO-1-9245,STOP_MARKET,BUY,100000.00,GTC,True,False,100000.00,TAKER,1.03959,2.999999999997449e-05,['2.08 USD'],NO_TRIGGER,FILLED,OUO,OL-20250107-034500-001-V2-28,['O-20250107-034500-001-V2-84'],O-20250107-034500-001-V2-82,,,,['V2_POS1_SL'],3a422c26-751e-4ceb-822f-804582af618c,1736221500000000000,1736227200000000000,1.03956,DEFAULT,,,,,
O-20250107-034500-001-V2-84,BACKTESTER-001,MLSignalStrategyV2-V2,EUR/USD.IDEALPRO,IDEALPRO-1-084,EUR/USD.IDEALPRO-MLSignalStrategyV2-V2,IDEALPRO-001,,LIMIT,BUY,100000.00,GTC,True,False,0.00,NO_LIQUIDITY_SIDE,,,,NO_TRIGGER,CANCELED,OUO,OL-20250107-034500-001-V2-28,['O-20250107-034500-001-V2-83'],O-20250107-034500-001-V2-82,,,,['V2_POS1_TP'],6c6cc643-5ebe-438a-94a4-7e1c61394851,1736221500000000000,1736227200000000000,,,,,1.03892,False,
O-20250107-091500-001-V2-85,BACKTESTER-001,MLSignalStrategyV2-V2,EUR/USD.IDEALPRO,IDEALPRO-1-085,EUR/USD.IDEALPRO-MLSignalStrategyV2-V2,IDEALPRO-001,IDEALPRO-1-9716,MARKET,SELL,100000.00,GTC,False,False,100000.00,TAKER,1.04263,0.0,['2.09 USD'],NO_TRIGGER,FILLED,OTO,OL-20250107-091500-001-V2-29,"['O-20250107-091500-001-V2-86', 'O-20250107-091500-001-V2-87']",,,,,['V2_POS1'],5158dd51-5cc2-4e8b-9f27-24e496b3e0ed,1736241300000000000,1736241300000000000,,,,,,,
O-20250107-091500-001-V2-86,BACKTESTER-001,MLSignalStrategyV2-V2,EUR/USD.IDEALPRO,IDEALPRO-1-086,EUR/USD.IDEALPRO-MLSignalStrategyV2-V2,IDEALPRO-001,,STOP_MARKET,BUY,100000.00,GTC,True,False,0.00,NO_LIQUIDITY_SIDE,,,,NO_TRIGGER,CANCELED,OUO,OL-20250107-091500-001-V2-29,['O-20250107-091500-001-V2-87'],O-20250107-091500-001-V2-85,,,,['V2_POS1_SL'],e674774b-85cc-4fbd-a778-113c78d63423,1736241300000000000,1736244240000000000,1.04339,DEFAULT,,,,,
O-20250107-091500-001-V2-87,BACKTESTER-001,MLSignalStrategyV2-V2,EUR/USD.IDEALPRO,IDEALPRO-1-087,EUR/USD.IDEALPRO-MLSignalStrategyV2-V2,IDEALPRO-001,IDEALPRO-1-9815,LIMIT,BUY,100000.00,GTC,True,False,100000.00,MAKER,1.04179,-9.999999999998899e-05,['2.08 USD'],NO_TRIGGER,FILLED,OUO,OL-20250107-091500-001-V2-29,['O-20250107-091500-001-V2-86'],O-20250107-091500-001-V2-85,,,,['V2_POS1_TP'],b5a7e20b-3173-4ce4-88bd-b89ba2e035e6,1736241300000000000,1736244240000000000,,,,,1.04189,False,
O-20250107-121500-001-V2-88,BACKTESTER-001,MLSignalStrategyV2-V2,EUR/USD.IDEALPRO,IDEALPRO-1-088,EUR/USD.IDEALPRO-MLSignalStrategyV2-V2,IDEALPRO-001,IDEALPRO-1-10078,MARKET,SELL,100000.00,GTC,False,False,100000.00,TAKER,1.04099,0.0,['2.08 USD'],NO_TRIGGER,FILLED,OTO,OL-20250107-121500-001-V2-30,"['O-20250107-121500-001-V2-89', 'O-20250107-121500-001-V2-90']",,,,,['V2_POS1'],e42fd2c3-3482-461d-ab22-dbb63eb38243,1736252100000000000,1736252100000000000,,,,,,,
O-20250107-121500-001-V2-89,BACKTESTER-001,MLSignalStrategyV2-V2,EUR/USD.IDEALPRO,IDEALPRO-1-089,EUR/USD.IDEALPRO-MLSignalStrategyV2-V2,IDEALPRO-001,,STOP_MARKET,BUY,100000.00,GTC,True,False,0.00,NO_LIQUIDITY_SIDE,,,,NO_TRIGGER,CANCELED,OUO,OL-20250107-121500-001-V2-30,['O-20250107-121500-001-V2-90'],O-20250107-121500-001-V2-88,,,,['V2_POS1_SL'],fdecb85a-3c37-4bcb-ae0f-93ccfbb29894,1736252100000000000,1736253120000000000,1.04166,DEFAULT,,,,,
O-20250107-121500-001-V2-90,BACKTESTER-001,MLSignalStrategyV2-V2,EUR/USD.IDEALPRO,IDEALPRO-1-090,EUR/USD.IDEALPRO-MLSignalStrategyV2-V2,IDEALPRO-001,IDEALPRO-1-10113,LIMIT,BUY,100000.00,GTC,True,False,100000.00,MAKER,1.04028,-3.999999999981796e-05,['2.08 USD'],NO_TRIGGER,FILLED,OUO,OL-20250107-121500-001-V2-30,['O-20250107-121500-001-V2-89'],O-20250107-121500-001-V2-88,,,,['V2_POS1_TP'],02d5fc34-acea-419a-9ed9-9b903fc77dc7,1736252100000000000,1736253120000000000,,,,,1.04032,False,
O-20250107-151500-001-V2-91,BACKTESTER-001,MLSignalStrategyV2-V2,EUR/USD.IDEALPRO,IDEALPRO-1-091,EUR/USD.IDEALPRO-MLSignalStrategyV2-V2,IDEALPRO-001,IDEALPRO-1-10440,MARKET,BUY,100000.00,GTC,False,False,100000.00,TAKER,1.03682,0.0,['2.07 USD'],NO_TRIGGER,FILLED,OTO,OL-20250107-151500-001-V2-31,"['O-20250107-151500-001-V2-92', 'O-20250107-151500-001-V2-93']",,,,,['V2_POS1'],4159e23d-a753-41e2-9785-f3f97f24b016,1736262900000000000,1736262900000000000,,,,,,,
O-20250107-151500-001-V2-92,BACKTESTER-001,MLSignalStrategyV2-V2,EUR/USD.IDEALPRO,IDEALPRO-1-092,EUR/USD.IDEALPRO-MLSignalStrategyV2-V2,IDEALPRO-001,,STOP_MARKET,SELL,100000.00,GTC,True,False,0.00,NO_LIQUIDITY_SIDE,,,,NO_TRIGGER,CANCELED,OUO,OL-20250107-151500-001-V2-31,['O-20250107-151500-001-V2-93'],O-20250107-151500-001-V2-91,,,,['V2_POS1_SL'],25c97496-23e5-4747-9d56-504e7835a676,1736262900000000000,1736263260000000000,1.03600,DEFAULT,,,,,
O-20250107-151500-001-V2-93,BACKTESTER-001,MLSignalStrategyV2-V2,EUR/USD.IDEALPRO,IDEALPRO-1-093,EUR/USD.IDEALPRO-MLSignalStrategyV2-V2,IDEALPRO-001,IDEALPRO-1-10453,LIMIT,SELL,100000.00,GTC,True,False,100000.00,MAKER,1.03793,-0.0002900000000001235,['2.08 USD'],NO_TRIGGER,FILLED,OUO,OL-20250107-151500-001-V2-31,['O-20250107-151500-001-V2-92'],O-20250107-151500-001-V2-91,,,,['V2_POS1_TP'],4b9b8342-74c9-4229-973a-d134d5fe2545,1736262900000000000,1736263260000000000,,,,,1.03764,False,
O-20250107-154500-001-V2-94,BACKTESTER-001,MLSignalStrategyV2-V2,EUR/USD.IDEALPRO,IDEALPRO-1-094,EUR/USD.IDEALPRO-MLSignalStrategyV2-V2,IDEALPRO-001,IDEALPRO-1-10502,MARKET,BUY,100000.00,GTC,False,False,100000.00,TAKER,1.03639,0.0,['2.07 USD'],NO_TRIGGER,FILLED,OTO,OL-20250107-154500-001-V2-32,"['O-20250107-154500-001-V2-95', 'O-20250107-154500-001-V2-96']",,,,,['V2_POS1'],a2135197-1616-4777-be6a-18904c3d040a,1736264700000000000,1736264700000000000,,,,,,,
O-20250107-154500-001-V2-95,BACKTESTER-001,MLSignalStrategyV2-V2,EUR/USD.IDEALPRO,IDEALPRO-1-095,EUR/USD.IDEALPRO-MLSignalStrategyV2-V2,IDEALPRO-001,,STOP_MARKET,SELL,100000.00,GTC,True,False,0.00,NO_LIQUIDITY_SIDE,,,,NO_TRIGGER,CANCELED,OUO,OL-20250107-154500-001-V2-32,['O-20250107-154500-001-V2-96'],O-20250107-154500-001-V2-94,,,,['V2_POS1_SL'],c7cefc9e-1fa0-45b5-934f-38f7447b6d6f,1736264700000000000,1736265720000000000,1.03536,DEFAULT,,,,,
O-20250107-154500-001-V2-96,BACKTESTER-001,MLSignalStrategyV2-V2,EUR/USD.IDEALPRO,IDEALPRO-1-096,EUR/USD.IDEALPRO-MLSignalStrategyV2-V2,IDEALPRO-001,IDEALPRO-1-10537,LIMIT,SELL,100000.00,GTC,True,False,100000.00,MAKER,1.03748,-5.999999999994898e-05,['2.07 USD'],NO_TRIGGER,FILLED,OUO,OL-20250107-154500-001-V2-32,['O-20250107-154500-001-V2-95'],O-20250107-154500-001-V2-94,,,,['V2_POS1_TP'],21407fe4-af4a-4c3d-b36f-626d3218e869,1736264700000000000,1736265720000000000,,,,,1.03742,False,
O-20250107-170000-001-V2-97,BACKTESTER-001,MLSignalStrategyV2-V2,EUR/USD.IDEALPRO,IDEALPRO-1-097,EUR/USD.IDEALPRO-MLSignalStrategyV2-V2,IDEALPRO-001,IDEALPRO-1-10654,MARKET,BUY,100000.00,GTC,False,False,100000.00,TAKER,1.03684,0.0,['2.07 USD'],NO_TRIGGER,FILLED,OTO,OL-20250107-170000-001-V2-33,"['O-20250107-170000-001-V2-98', 'O-20250107-170000-001-V2-99']",,,,,['V2_POS1'],22abf473-dc9f-469d-823d-def80fb4a2bc,1736269200000000000,1736269200000000000,,,,,,,
O-20250107-170000-001-V2-98,BACKTESTER-001,MLSignalStrategyV2-V2,EUR/USD.IDEALPRO,IDEALPRO-1-098,EUR/USD.IDEALPRO-MLSignalStrategyV2-V2,IDEALPRO-001,IDEALPRO-1-10703,STOP_MARKET,SELL,100000.00,GTC,True,False,100000.00,TAKER,1.03539,0.00034000000000000696,['2.07 USD'],NO_TRIGGER,FILLED,OUO,OL-20250107-170000-001-V2-33,['O-20250107-170000-001-V2-99'],O-20250107-170000-001-V2-97,,,,['V2_POS1_SL'],8e19d851-4ac6-47b3-a7fc-7128e4fedd15,1736269200000000000,1736270640000000000,1.03573,DEFAULT,,,,,
O-20250107-170000-001-V2-99,BACKTESTER-001,MLSignalStrategyV2-V2,EUR/USD.IDEALPRO,IDEALPRO-1-099,EUR/USD.IDEALPRO-MLSignalStrategyV2-V2,IDEALPRO-001,,LIMIT,SELL,100000.00,GTC,True,False,0.00,NO_LIQUIDITY_SIDE,,,,NO_TRIGGER,CANCELED,OUO,OL-20250107-170000-001-V2-33,['O-20250107-170000-001-V2-98'],O-20250107-170000-001-V2-97,,,,['V2_POS1_TP'],d1ceee84-88f4-4dba-adbd-98323c03afcc,1736269200000000000,1736270640000000000,,,,,1.03793,False,
O-20250107-173000-001-V2-100,BACKTESTER-001,MLSignalStrategyV2-V2,EUR/USD.IDEALPRO,IDEALPRO-1-100,EUR/USD.IDEALPRO-MLSignalStrategyV2-V2,IDEALPRO-001,IDEALPRO-1-10716,MARKET,BUY,100000.00,GTC,False,False,100000.00,TAKER,1.03693,0.0,['2.07 USD'],NO_TRIGGER,FILLED,OTO,OL-20250107-173000-001-V2-34,"['O-20250107-173000-001-V2-101', 'O-20250107-173000-001-V2-102']",,,,,['V2_POS1'],38d97caf-36b6-449c-9d71-a021ca6c4ef2,1736271000000000000,1736271000000000000,,,,,,,
O-20250107-173000-001-V2-101,BACKTESTER-001,MLSignalStrategyV2-V2,EUR/USD.IDEALPRO,IDEALPRO-1-101,EUR/USD.IDEALPRO-MLSignalStrategyV2-V2,IDEALPRO-001,IDEALPRO-1-10805,STOP_MARKET,SELL,100000.00,GTC,True,False,100000.00,TAKER,1.03567,0.00014999999999987246,['2.07 USD'],NO_TRIGGER,FILLED,OUO,OL-20250107-173000-001-V2-34,['O-20250107-173000-001-V2-102'],O-20250107-173000-001-V2-100,,,,['V2_POS1_SL'],ee3f04cc-986f-43d2-a316-e36c358e280b,1736271000000000000,1736273640000000000,1.03582,DEFAULT,,,,,
O-20250107-173000-001-V2-102,BACKTESTER-001,MLSignalStrategyV2-V2,EUR/USD.IDEALPRO,IDEALPRO-1-102,EUR/USD.IDEALPRO-MLSignalStrategyV2-V2,IDEALPRO-001,,LIMIT,SELL,100000.00,GTC,True,False,0.00,NO_LIQUIDITY_SIDE,,,,NO_TRIGGER,CANCELED,OUO,OL-20250107-173000-001-V2-34,['O-20250107-173000-001-V2-101'],O-20250107-173000-001-V2-100,,,,['V2_POS1_TP'],0c2c6097-c53b-4b00-aa4c-f034da00fefe,1736271000000000000,1736273640000000000,,,,,1.03802,False,
O-20250107-211500-001-V2-103,BACKTESTER-001,MLSignalStrategyV2-V2,EUR/USD.IDEALPRO,IDEALPRO-1-103,EUR/USD.IDEALPRO-MLSignalStrategyV2-V2,IDEALPRO-001,IDEALPRO-1-11169,MARKET,BUY,100000.00,GTC,False,False,100000.00,TAKER,1.03429,0.0,['2.07 USD'],NO_TRIGGER,FILLED,OTO,OL-20250107-211500-001-V2-35,"['O-20250107-211500-001-V2-104', 'O-20250107-211500-001-V2-105']",,,,,['V2_POS1'],54879c85-4d32-4f4c-9dd0-689faca6f393,1736284500000000000,1736284500000000000,,,,,,,
O-20250107-211500-001-V2-104,BACKTESTER-001,MLSignalStrategyV2-V2,EUR/USD.IDEALPRO,IDEALPRO-1-104,EUR/USD.IDEALPRO-MLSignalStrategyV2-V2,IDEALPRO-001,,STOP_MARKET,SELL,100000.00,GTC,True,False,0.00,NO_LIQUIDITY_SIDE,,,,NO_TRIGGER,CANCELED,OUO,OL-20250107-211500-001-V2-35,['O-20250107-211500-001-V2-105'],O-20250107-211500-001-V2-103,,,,['V2_POS1_SL'],32e4eea3-9818-4031-898b-aad078b62a58,1736284500000000000,1736295900000000000,1.03377,DEFAULT,,,,,
O-20250107-211500-001-V2-105,BACKTESTER-001,MLSignalStrategyV2-V2,EUR/USD.IDEALPRO,IDEALPRO-1-105,EUR/USD.IDEALPRO-MLSignalStrategyV2-V2,IDEALPRO-001,IDEALPRO-1-11519,LIMIT,SELL,100000.00,GTC,True,False,100000.00,MAKER,1.03483,-3.999999999981796e-05,['2.07 USD'],NO_TRIGGER,FILLED,OUO,OL-20250107-211500-001-V2-35,['O-20250107-211500-001-V2-104'],O-20250107-211500-001-V2-103,,,,['V2_POS1_TP'],88ea9c29-8f9c-433e-a452-ba1a7a98eafc,1736284500000000000,1736295900000000000,,,,,1.03479,False,
O-20250108-003000-001-V2-106,BACKTESTER-001,MLSignalStrategyV2-V2,EUR/USD.IDEALPRO,IDEALPRO-1-106,EUR/USD.IDEALPRO-MLSignalStrategyV2-V2,IDEALPRO-001,IDEALPRO-1-11530,MARKET,SELL,100000.00,GTC,False,False,100000.00,TAKER,1.03492,0.0,['2.07 USD'],NO_TRIGGER,FILLED,OTO,OL-20250108-003000-001-V2-36,"['O-20250108-003000-001-V2-107', 'O-20250108-003000-001-V2-108']",,,,,['V2_POS1'],3449fde5-9b95-44d5-91ff-9183b7e693fd,1736296200000000000,1736296200000000000,,,,,,,
O-20250108-003000-001-V2-107,BACKTESTER-001,MLSignalStrategyV2-V2,EUR/USD.IDEALPRO,IDEALPRO-1-107,EUR/USD.IDEALPRO-MLSignalStrategyV2-V2,IDEALPRO-001,,STOP_MARKET,BUY,100000.00,GTC,True,False,0.00,NO_LIQUIDITY_SIDE,,,,NO_TRIGGER,CANCELED,OUO,OL-20250108-003000-001-V2-36,['O-20250108-003000-001-V2-108'],O-20250108-003000-001-V2-106,,,,['V2_POS1_SL'],faa8c68d-bdc3-4c7c-a4bd-f176bc941412,1736296200000000000,1736296320000000000,1.03522,DEFAULT,,,,,
O-20250108-003000-001-V2-108,BACKTESTER-001,MLSignalStrategyV2-V2,EUR/USD.IDEALPRO,IDEALPRO-1-108,EUR/USD.IDEALPRO-MLSignalStrategyV2-V2,IDEALPRO-001,IDEALPRO-1-11535,LIMIT,BUY,100000.00,GTC,True,False,100000.00,MAKER,1.0346,-2.0000000000131024e-05,['2.07 USD'],NO_TRIGGER,FILLED,OUO,OL-20250108-003000-001-V2-36,['O-20250108-003000-001-V2-107'],O-20250108-003000-001-V2-106,,,,['V2_POS1_TP'],b944a303-395e-4beb-b1b6-6dbfe2012bc9,1736296200000000000,1736296320000000000,,,,,1.03462,False,
O-20250108-033000-001-V2-109,BACKTESTER-001,MLSignalStrategyV2-V2,EUR/USD.IDEALPRO,IDEALPRO-1-109,EUR/USD.IDEALPRO-MLSignalStrategyV2-V2,IDEALPRO-001,IDEALPRO-1-11892,MARKET,BUY,100000.00,GTC,False,False,100000.00,TAKER,1.03503,0.0,['2.07 USD'],NO_TRIGGER,FILLED,OTO,OL-20250108-033000-001-V2-37,"['O-20250108-033000-001-V2-110', 'O-20250108-033000-001-V2-111']",,,,,['V2_POS1'],7890dcdd-0f3e-4451-a051-631e9299be18,1736307000000000000,1736307000000000000,,,,,,,
O-20250108-033000-001-V2-110,BACKTESTER-001,MLSignalStrategyV2-V2,EUR/USD.IDEALPRO,IDEALPRO-1-110,EUR/USD.IDEALPRO-MLSignalStrategyV2-V2,IDEALPRO-001,IDEALPRO-1-11899,STOP_MARKET,SELL,100000.00,GTC,True,False,100000.00,TAKER,1.03471,7.00000000000145e-05,['2.07 USD'],NO_TRIGGER,FILLED,OUO,OL-20250108-033000-001-V2-37,['O-20250108-033000-001-V2-111'],O-20250108-033000-001-V2-109,,,,['V2_POS1_SL'],9065436a-c33a-41af-9c61-2f0ed1c7005c,1736307000000000000,1736307180000000000,1.03478,DEFAULT,,,,,
O-20250108-033000-001-V2-111,BACKTESTER-001,MLSignalStrategyV2-V2,EUR/USD.IDEALPRO,IDEALPRO-1-111,EUR/USD.IDEALPRO-MLSignalStrategyV2-V2,IDEALPRO-001,,LIMIT,SELL,100000.00,GTC,True,False,0.00,NO_LIQUIDITY_SIDE,,,,NO_TRIGGER,CANCELED,OUO,OL-20250108-033000-001-V2-37,['O-20250108-033000-001-V2-110'],O-20250108-033000-001-V2-109,,,,['V2_POS1_TP'],4d453e0c-736e-46fc-a368-67da878696e2,1736307000000000000,1736307180000000000,,,,,1.03528,False,
O-20250108-034500-001-V2-112,BACKTESTER-001,MLSignalStrategyV2-V2,EUR/USD.IDEALPRO,IDEALPRO-1-112,EUR/USD.IDEALPRO-MLSignalStrategyV2-V2,IDEALPRO-001,IDEALPRO-1-11924,MARKET,BUY,100000.00,GTC,False,False,100000.00,TAKER,1.03469,0.0,['2.07 USD'],NO_TRIGGER,FILLED,OTO,OL-20250108-034500-001-V2-38,"['O-20250108-034500-001-V2-113', 'O-20250108-034500-001-V2-114']",,,,,['V2_POS1'],30179aaf-bb81-4436-b9a3-5e1c1100b11b,1736307900000000000,1736307900000000000,,,,,,,
O-20250108-034500-001-V2-113,BACKTESTER-001,MLSignalStrategyV2-V2,EUR/USD.IDEALPRO,IDEALPRO-1-113,EUR/USD.IDEALPRO-MLSignalStrategyV2-V2,IDEALPRO-001,,STOP_MARKET,SELL,100000.00,GTC,True,False,0.00,NO_LIQUIDITY_SIDE,,,,NO_TRIGGER,CANCELED,OUO,OL-20250108-034500-001-V2-38,['O-20250108-034500-001-V2-114'],O-20250108-034500-001-V2-112,,,,['V2_POS1_SL'],67e96213-7ba1-44c3-86a7-81083c89ad99,1736307900000000000,1736308380000000000,1.03443,DEFAULT,,,,,
O-20250108-034500-001-V2-114,BACKTESTER-001,MLSignalStrategyV2-V2,EUR/USD.IDEALPRO,IDEALPRO-1-114,EUR/USD.IDEALPRO-MLSignalStrategyV2-V2,IDEALPRO-001,IDEALPRO-1-11941,LIMIT,SELL,100000.00,GTC,True,False,100000.00,MAKER,1.03494,1.0000000000065512e-05,['2.07 USD'],NO_TRIGGER,FILLED,OUO,OL-20250108-034500-001-V2-38,['O-20250108-034500-001-V2-113'],O-20250108-034500-001-V2-112,,,,['V2_POS1_TP'],728e84ff-34c6-42d1-81bb-b6a2d57b841d,1736307900000000000,1736308380000000000,,,,,1.03495,False,
O-20250108-051500-001-V2-115,BACKTESTER-001,MLSignalStrategyV2-V2,EUR/USD.IDEALPRO,IDEALPRO-1-115,EUR/USD.IDEALPRO-MLSignalStrategyV2-V2,IDEALPRO-001,IDEALPRO-1-12106,MARKET,BUY,100000.00,GTC,False,False,100000.00,TAKER,1.03504,0.0,['2.07 USD'],NO_TRIGGER,FILLED,OTO,OL-20250108-051500-001-V2-39,"['O-20250108-051500-001-V2-116', 'O-20250108-051500-001-V2-117']",,,,,['V2_POS1'],dc833f25-61f2-4d5f-839c-77ed6bf18c64,1736313300000000000,1736313300000000000,,,,,,,
O-20250108-051500-001-V2-116,BACKTESTER-001,MLSignalStrategyV2-V2,EUR/USD.IDEALPRO,IDEALPRO-1-116,EUR/USD.IDEALPRO-MLSignalStrategyV2-V2,IDEALPRO-001,,STOP_MARKET,SELL,100000.00,GTC,True,False,0.00,NO_LIQUIDITY_SIDE,,,,NO_TRIGGER,CANCELED,OUO,OL-20250108-051500-001-V2-39,['O-20250108-051500-001-V2-117'],O-20250108-051500-001-V2-115,,,,['V2_POS1_SL'],4f9ca1a4-0226-4bcd-8912-867958c49f8f,1736313300000000000,1736313660000000000,1.03477,DEFAULT,,,,,
O-20250108-051500-001-V2-117,BACKTESTER-001,MLSignalStrategyV2-V2,EUR/USD.IDEALPRO,IDEALPRO-1-117,EUR/USD.IDEALPRO-MLSignalStrategyV2-V2,IDEALPRO-001,IDEALPRO-1-12119,LIMIT,SELL,100000.00,GTC,True,False,100000.00,MAKER,1.0353,-1.0000000000065512e-05,['2.07 USD'],NO_TRIGGER,FILLED,OUO,OL-20250108-051500-001-V2-39,['O-20250108-051500-001-V2-116'],O-20250108-051500-001-V2-115,,,,['V2_POS1_TP'],13684175-3f51-4da1-8197-2b12a1b3b9dd,1736313300000000000,1736313660000000000,,,,,1.03529,False,
O-20250108-080000-001-V2-118,BACKTESTER-001,MLSignalStrategyV2-V2,EUR/USD.IDEALPRO,IDEALPRO-1-118,EUR/USD.IDEALPRO-MLSignalStrategyV2-V2,IDEALPRO-001,IDEALPRO-1-12438,MARKET,BUY,100000.00,GTC,False,False,100000.00,TAKER,1.03324,0.0,['2.07 USD'],NO_TRIGGER,FILLED,OTO,OL-20250108-080000-001-V2-40,"['O-20250108-080000-001-V2-119', 'O-20250108-080000-001-V2-120']",,,,,['V2_POS1'],1afc3d1a-df1b-4f9d-b1b5-62402d73885e,1736323200000000000,1736323200000000000,,,,,,,
O-20250108-080000-001-V2-119,BACKTESTER-001,MLSignalStrategyV2-V2,EUR/USD.IDEALPRO,IDEALPRO-1-119,EUR/USD.IDEALPRO-MLSignalStrategyV2-V2,IDEALPRO-001,,STOP_MARKET,SELL,100000.00,GTC,True,False,0.00,NO_LIQUIDITY_SIDE,,,,NO_TRIGGER,CANCELED,OUO,OL-20250108-080000-001-V2-40,['O-20250108-080000-001-V2-120'],O-20250108-080000-001-V2-118,,,,['V2_POS1_SL'],8b0b07c3-cb89-4552-a02e-eb9e756152df,1736323200000000000,1736323320000000000,1.03274,DEFAULT,,,,,
O-20250108-080000-001-V2-120,BACKTESTER-001,MLSignalStrategyV2-V2,EUR/USD.IDEALPRO,IDEALPRO-1-120,EUR/USD.IDEALPRO-MLSignalStrategyV2-V2,IDEALPRO-001,IDEALPRO-1-12443,LIMIT,SELL,100000.00,GTC,True,False,100000.00,MAKER,1.03381,-8.999999999992347e-05,['2.07 USD'],NO_TRIGGER,FILLED,OUO,OL-20250108-080000-001-V2-40,['O-20250108-080000-001-V2-119'],O-20250108-080000-001-V2-118,,,,['V2_POS1_TP'],fb0e534c-c7f4-4a0f-988a-8074fd7bb2de,1736323200000000000,1736323320000000000,,,,,1.03372,False,
O-20250108-081500-001-V2-121,BACKTESTER-001,MLSignalStrategyV2-V2,EUR/USD.IDEALPRO,IDEALPRO-1-121,EUR/USD.IDEALPRO-MLSignalStrategyV2-V2,IDEALPRO-001,IDEALPRO-1-12470,MARKET,BUY,100000.00,GTC,False,False,100000.00,TAKER,1.03308,0.0,['2.07 USD'],NO_TRIGGER,FILLED,OTO,OL-20250108-081500-001-V2-41,"['O-20250108-081500-001-V2-122', 'O-20250108-081500-001-V2-123']",,,,,['V2_POS1'],963afec9-2e0f-4505-99f1-847222fd19fc,1736324100000000000,1736324100000000000,,,,,,,
O-20250108-081500-001-V2-122,BACKTESTER-001,MLSignalStrategyV2-V2,EUR/USD.IDEALPRO,IDEALPRO-1-122,EUR/USD.IDEALPRO-MLSignalStrategyV2-V2,IDEALPRO-001,,STOP_MARKET,SELL,100000.00,GTC,True,False,0.00,NO_LIQUIDITY_SIDE,,,,NO_TRIGGER,CANCELED,OUO,OL-20250108-081500-001-V2-41,['O-20250108-081500-001-V2-123'],O-20250108-081500-001-V2-121,,,,['V2_POS1_SL'],d8cc26fc-6211-49ab-bfde-6d53be0e15d0,1736324100000000000,1736324340000000000,1.03252,DEFAULT,,,,,
O-20250108-081500-001-V2-123,BACKTESTER-001,MLSignalStrategyV2-V2,EUR/USD.IDEALPRO,IDEALPRO-1-123,EUR/USD.IDEALPRO-MLSignalStrategyV2-V2,IDEALPRO-001,IDEALPRO-1-12479,LIMIT,SELL,100000.00,GTC,True,False,100000.00,MAKER,1.03382,-0.000180000000000069,['2.07 USD'],NO_TRIGGER,FILLED,OUO,OL-20250108-081500-001-V2-41,['O-20250108-081500-001-V2-122'],O-20250108-081500-001-V2-121,,,,['V2_POS1_TP'],368fe6d5-05bc-4f0b-a10c-e07d50c25144,1736324100000000000,1736324340000000000,,,,,1.03364,False,
O-20250108-083000-001-V2-124,BACKTESTER-001,MLSignalStrategyV2-V2,EUR/USD.IDEALPRO,IDEALPRO-1-124,EUR/USD.IDEALPRO-MLSignalStrategyV2-V2,IDEALPRO-001,IDEALPRO-1-12502,MARKET,BUY,100000.00,GTC,False,False,100000.00,TAKER,1.03255,0.0,['2.07 USD'],NO_TRIGGER,FILLED,OTO,OL-20250108-083000-001-V2-42,"['O-20250108-083000-001-V2-125', 'O-20250108-083000-001-V2-126']",,,,,['V2_POS1'],dec468a6-ca76-46a5-a552-6ad01ce44295,1736325000000000000,1736325000000000000,,,,,,,
O-20250108-083000-001-V2-125,BACKTESTER-001,MLSignalStrategyV2-V2,EUR/USD.IDEALPRO,IDEALPRO-1-125,EUR/USD.IDEALPRO-MLSignalStrategyV2-V2,IDEALPRO-001,,STOP_MARKET,SELL,100000.00,GTC,True,False,0.00,NO_LIQUIDITY_SIDE,,,,NO_TRIGGER,CANCELED,OUO,OL-20250108-083000-001-V2-42,['O-20250108-083000-001-V2-126'],O-20250108-083000-001-V2-124,,,,['V2_POS1_SL'],e8ac689c-f290-4374-8a97-0c8156d1683f,1736325000000000000,1736325780000000000,1.03189,DEFAULT,,,,,
O-20250108-083000-001-V2-126,BACKTESTER-001,MLSignalStrategyV2-V2,EUR/USD.IDEALPRO,IDEALPRO-1-126,EUR/USD.IDEALPRO-MLSignalStrategyV2-V2,IDEALPRO-001,IDEALPRO-1-12529,LIMIT,SELL,100000.00,GTC,True,False,100000.00,MAKER,1.03326,-7.00000000000145e-05,['2.07 USD'],NO_TRIGGER,FILLED,OUO,OL-20250108-083000-001-V2-42,['O-20250108-083000-001-V2-125'],O-20250108-083000-001-V2-124,,,,['V2_POS1_TP'],ca4aaf22-8b88-4cac-b229-b1a68762720f,1736325000000000000,1736325780000000000,,,,,1.03319,False,
O-20250108-090000-001-V2-127,BACKTESTER-001,MLSignalStrategyV2-V2,EUR/USD.IDEALPRO,IDEALPRO-1-127,EUR/USD.IDEALPRO-MLSignalStrategyV2-V2,IDEALPRO-001,IDEALPRO-1-12564,MARKET,BUY,100000.00,GTC,False,False,100000.00,TAKER,1.03188,0.0,['2.06 USD'],NO_TRIGGER,FILLED,OTO,OL-20250108-090000-001-V2-43,"['O-20250108-090000-001-V2-128', 'O-20250108-090000-001-V2-129']",,,,,['V2_POS1'],0a8fbf2a-0f64-4f9a-9666-f2f1faabb1c5,1736326800000000000,1736326800000000000,,,,,,,
O-20250108-090000-001-V2-128,BACKTESTER-001,MLSignalStrategyV2-V2,EUR/USD.IDEALPRO,IDEALPRO-1-128,EUR/USD.IDEALPRO-MLSignalStrategyV2-V2,IDEALPRO-001,,STOP_MARKET,SELL,100000.00,GTC,True,False,0.00,NO_LIQUIDITY_SIDE,,,,NO_TRIGGER,CANCELED,OUO,OL-20250108-090000-001-V2-43,['O-20250108-090000-001-V2-129'],O-20250108-090000-001-V2-127,,,,['V2_POS1_SL'],9753229c-0a83-4bf0-9986-90fd2676f6eb,1736326800000000000,1736327280000000000,1.03118,DEFAULT,,,,,
O-20250108-090000-001-V2-129,BACKTESTER-001,MLSignalStrategyV2-V2,EUR/USD.IDEALPRO,IDEALPRO-1-129,EUR/USD.IDEALPRO-MLSignalStrategyV2-V2,IDEALPRO-001,IDEALPRO-1-12581,LIMIT,SELL,100000.00,GTC,True,False,100000.00,MAKER,1.03262,-4.0000000000040004e-05,['2.07 USD'],NO_TRIGGER,FILLED,OUO,OL-20250108-090000-001-V2-43,['O-20250108-090000-001-V2-128'],O-20250108-090000-001-V2-127,,,,['V2_POS1_TP'],d5c539c0-801c-4be2-a64b-3b80022c8f4d,1736326800000000000,1736327280000000000,,,,,1.03258,False,
O-20250108-093000-001-V2-130,BACKTESTER-001,MLSignalStrategyV2-V2,EUR/USD.IDEALPRO,IDEALPRO-1-130,EUR/USD.IDEALPRO-MLSignalStrategyV2-V2,IDEALPRO-001,IDEALPRO-1-12626,MARKET,BUY,100000.00,GTC,False,False,100000.00,TAKER,1.03208,0.0,['2.06 USD'],NO_TRIGGER,FILLED,OTO,OL-20250108-093000-001-V2-44,"['O-20250108-093000-001-V2-131', 'O-20250108-093000-001-V2-132']",,,,,['V2_POS1'],18ca994b-3b02-493f-b966-6a4780d939ac,1736328600000000000,1736328600000000000,,,,,,,
O-20250108-093000-001-V2-131,BACKTESTER-001,MLSignalStrategyV2-V2,EUR/USD.IDEALPRO,IDEALPRO-1-131,EUR/USD.IDEALPRO-MLSignalStrategyV2-V2,IDEALPRO-001,IDEALPRO-1-12705,STOP_MARKET,SELL,100000.00,GTC,True,False,100000.00,TAKER,1.03129,7.00000000000145e-05,['2.06 USD'],NO_TRIGGER,FILLED,OUO,OL-20250108-093000-001-V2-44,['O-20250108-093000-001-V2-132'],O-20250108-093000-001-V2-130,,,,['V2_POS1_SL'],b73c0fd3-ad5f-4009-bba7-5fcc04854693,1736328600000000000,1736330940000000000,1.03136,DEFAULT,,,,,
O-20250108-093000-001-V2-132,BACKTESTER-001,MLSignalStrategyV2-V2,EUR/USD.IDEALPRO,IDEALPRO-1-132,EUR/USD.IDEALPRO-MLSignalStrategyV2-V2,IDEALPRO-001,,LIMIT,SELL,100000.00,GTC,True,False,0.00,NO_LIQUIDITY_SIDE,,,,NO_TRIGGER,CANCELED,OUO,OL-20250108-093000-001-V2-44,['O-20250108-093000-001-V2-131'],O-20250108-093000-001-V2-130,,,,['V2_POS1_TP'],b10b0470-c17f-4454-ab6d-5f1669bb1fd7,1736328600000000000,1736330940000000000,,,,,1.03278,False,
O-20250108-113000-001-V2-133,BACKTESTER-001,MLSignalStrategyV2-V2,EUR/USD.IDEALPRO,IDEALPRO-1-133,EUR/USD.IDEALPRO-MLSignalStrategyV2-V2,IDEALPRO-001,IDEALPRO-1-12868,MARKET,BUY,100000.00,GTC,False,False,100000.00,TAKER,1.03005,0.0,['2.06 USD'],NO_TRIGGER,FILLED,OTO,OL-20250108-113000-001-V2-45,"['O-20250108-113000-001-V2-134', 'O-20250108-113000-001-V2-135']",,,,,['V2_POS1'],f2df926a-d599-4b21-804d-3b83e0ac5a51,1736335800000000000,1736335800000000000,,,,,,,
O-20250108-113000-001-V2-134,BACKTESTER-001,MLSignalStrategyV2-V2,EUR/USD.IDEALPRO,IDEALPRO-1-134,EUR/USD.IDEALPRO-MLSignalStrategyV2-V2,IDEALPRO-001,IDEALPRO-1-12873,STOP_MARKET,SELL,100000.00,GTC,True,False,100000.00,TAKER,1.02889,0.0004999999999999449,['2.06 USD'],NO_TRIGGER,FILLED,OUO,OL-20250108-113000-001-V2-45,['O-20250108-113000-001-V2-135'],O-20250108-113000-001-V2-133,,,,['V2_POS1_SL'],ac87883b-1a21-43c1-8985-5a4f11799a5c,1736335800000000000,1736335920000000000,1.02939,DEFAULT,,,,,
O-20250108-113000-001-V2-135,BACKTESTER-001,MLSignalStrategyV2-V2,EUR/USD.IDEALPRO,IDEALPRO-1-135,EUR/USD.IDEALPRO-MLSignalStrategyV2-V2,IDEALPRO-001,,LIMIT,SELL,100000.00,GTC,True,False,0.00,NO_LIQUIDITY_SIDE,,,,NO_TRIGGER,CANCELED,OUO,OL-20250108-113000-001-V2-45,['O-20250108-113000-001-V2-134'],O-20250108-113000-001-V2-133,,,,['V2_POS1_TP'],cb36e21c-bfa1-4dcb-a568-95fd58334da5,1736335800000000000,1736335920000000000,,,,,1.03071,False,
O-20250108-114500-001-V2-136,BACKTESTER-001,MLSignalStrategyV2-V2,EUR/USD.IDEALPRO,IDEALPRO-1-136,EUR/USD.IDEALPRO-MLSignalStrategyV2-V2,IDEALPRO-001,IDEALPRO-1-12900,MARKET,BUY,100000.00,GTC,False,False,100000.00,TAKER,1.02849,0.0,['2.06 USD'],NO_TRIGGER,FILLED,OTO,OL-20250108-114500-001-V2-46,"['O-20250108-114500-001-V2-137', 'O-20250108-114500-001-V2-138']",,,,,['V2_POS1'],3b08dd42-aa81-4cea-b5bd-380cdcad3d03,1736336700000000000,1736336700000000000,,,,,,,
O-20250108-114500-001-V2-137,BACKTESTER-001,MLSignalStrategyV2-V2,EUR/USD.IDEALPRO,IDEALPRO-1-137,EUR/USD.IDEALPRO-MLSignalStrategyV2-V2,IDEALPRO-001,,STOP_MARKET,SELL,100000.00,GTC,True,False,0.00,NO_LIQUIDITY_SIDE,,,,NO_TRIGGER,CANCELED,OUO,OL-20250108-114500-001-V2-46,['O-20250108-114500-001-V2-138'],O-20250108-114500-001-V2-136,,,,['V2_POS1_SL'],cff09fb5-6694-4029-aa56-8359d6d9bfb1,1736336700000000000,1736336940000000000,1.02771,DEFAULT,,,,,
O-20250108-114500-001-V2-138,BACKTESTER-001,MLSignalStrategyV2-V2,EUR/USD.IDEALPRO,IDEALPRO-1-138,EUR/USD.IDEALPRO-MLSignalStrategyV2-V2,IDEALPRO-001,IDEALPRO-1-12909,LIMIT,SELL,100000.00,GTC,True,False,100000.00,MAKER,1.02946,-0.0001900000000001345,['2.06 USD'],NO_TRIGGER,FILLED,OUO,OL-20250108-114500-001-V2-46,['O-20250108-114500-001-V2-137'],O-20250108-114500-001-V2-136,,,,['V2_POS1_TP'],914f57ac-68ba-427f-aa96-91ca8d25f0eb,1736336700000000000,1736336940000000000,,,,,1.02927,False,
O-20250108-120000-001-V2-139,BACKTESTER-001,MLSignalStrategyV2-V2,EUR/USD.IDEALPRO,IDEALPRO-1-139,EUR/USD.IDEALPRO-MLSignalStrategyV2-V2,IDEALPRO-001,IDEALPRO-1-12932,MARKET,BUY,100000.00,GTC,False,False,100000.00,TAKER,1.02979,0.0,['2.06 USD'],NO_TRIGGER,FILLED,OTO,OL-20250108-120000-001-V2-47,"['O-20250108-120000-001-V2-140', 'O-20250108-120000-001-V2-141']",,,,,['V2_POS1'],82575ddd-d923-4bf6-88bc-9e2d61fbaa19,1736337600000000000,1736337600000000000,,,,,,,
O-20250108-120000-001-V2-140,BACKTESTER-001,MLSignalStrategyV2-V2,EUR/USD.IDEALPRO,IDEALPRO-1-140,EUR/USD.IDEALPRO-MLSignalStrategyV2-V2,IDEALPRO-001,IDEALPRO-1-12965,STOP_MARKET,SELL,100000.00,GTC,True,False,100000.00,TAKER,1.02873,0.0001500000000000945,['2.06 USD'],NO_TRIGGER,FILLED,OUO,OL-20250108-120000-001-V2-47,['O-20250108-120000-001-V2-141'],O-20250108-120000-001-V2-139,,,,['V2_POS1_SL'],4fa05a40-7213-4c5a-9feb-b39259fa9aee,1736337600000000000,1736338560000000000,1.02888,DEFAULT,,,,,
O-20250108-120000-001-V2-141,BACKTESTER-001,MLSignalStrategyV2-V2,EUR/USD.IDEALPRO,IDEALPRO-1-141,EUR/USD.IDEALPRO-MLSignalStrategyV2-V2,IDEALPRO-001,,LIMIT,SELL,100000.00,GTC,True,False,0.00,NO_LIQUIDITY_SIDE,,,,NO_TRIGGER,CANCELED,OUO,OL-20250108-120000-001-V2-47,['O-20250108-120000-001-V2-140'],O-20250108-120000-001-V2-139,,,,['V2_POS1_TP'],65a48a57-c7bf-4685-90e3-1fbb9ef834e3,1736337600000000000,1736338560000000000,,,,,1.03068,False,
O-20250108-123000-001-V2-142,BACKTESTER-001,MLSignalStrategyV2-V2,EUR/USD.IDEALPRO,IDEALPRO-1-142,EUR/USD.IDEALPRO-MLSignalStrategyV2-V2,IDEALPRO-001,IDEALPRO-1-12994,MARKET,BUY,100000.00,GTC,False,False,100000.00,TAKER,1.02889,0.0,['2.06 USD'],NO_TRIGGER,FILLED,OTO,OL-20250108-123000-001-V2-48,"['O-20250108-123000-001-V2-143', 'O-20250108-123000-001-V2-144']",,,,,['V2_POS1'],d6dce85d-645e-42a6-bada-f1cc57b0908e,1736339400000000000,1736339400000000000,,,,,,,
O-20250108-123000-001-V2-143,BACKTESTER-001,MLSignalStrategyV2-V2,EUR/USD.IDEALPRO,IDEALPRO-1-143,EUR/USD.IDEALPRO-MLSignalStrategyV2-V2,IDEALPRO-001,,STOP_MARKET,SELL,100000.00,GTC,True,False,0.00,NO_LIQUIDITY_SIDE,,,,NO_TRIGGER,CANCELED,OUO,OL-20250108-123000-001-V2-48,['O-20250108-123000-001-V2-144'],O-20250108-123000-001-V2-142,,,,['V2_POS1_SL'],a3506630-a055-4cbd-99df-3c51667bf0a7,1736339400000000000,1736340060000000000,1.02801,DEFAULT,,,,,
O-20250108-123000-001-V2-144,BACKTESTER-001,MLSignalStrategyV2-V2,EUR/USD.IDEALPRO,IDEALPRO-1-144,EUR/USD.IDEALPRO-MLSignalStrategyV2-V2,IDEALPRO-001,IDEALPRO-1-13017,LIMIT,SELL,100000.00,GTC,True,False,100000.00,MAKER,1.03001,-0.00024000000000001798,['2.06 USD'],NO_TRIGGER,FILLED,OUO,OL-20250108-123000-001-V2-48,['O-20250108-123000-001-V2-143'],O-20250108-123000-001-V2-142,,,,['V2_POS1_TP'],f02e726a-6160-4557-8fa4-a3fc3f4a6221,1736339400000000000,1736340060000000000,,,,,1.02977,False,
O-20250109-004500-001-V2-145,BACKTESTER-001,MLSignalStrategyV2-V2,EUR/USD.IDEALPRO,IDEALPRO-1-145,EUR/USD.IDEALPRO-MLSignalStrategyV2-V2,IDEALPRO-001,IDEALPRO-1-14437,MARKET,BUY,100000.00,GTC,False,False,100000.00,TAKER,1.03085,0.0,['2.06 USD'],NO_TRIGGER,FILLED,OTO,OL-20250109-004500-001-V2-49,"['O-20250109-004500-001-V2-146', 'O-20250109-004500-001-V2-147']",,,,,['V2_POS1'],d4f84541-f8b8-4b01-a504-47ab1b57ce45,1736383500000000000,1736383500000000000,,,,,,,
O-20250109-004500-001-V2-146,BACKTESTER-001,MLSignalStrategyV2-V2,EUR/USD.IDEALPRO,IDEALPRO-1-146,EUR/USD.IDEALPRO-MLSignalStrategyV2-V2,IDEALPRO-001,,STOP_MARKET,SELL,100000.00,GTC,True,False,0.00,NO_LIQUIDITY_SIDE,,,,NO_TRIGGER,CANCELED,OUO,OL-20250109-004500-001-V2-49,['O-20250109-004500-001-V2-147'],O-20250109-004500-001-V2-145,,,,['V2_POS1_SL'],653615f3-6c92-446f-8cc8-6151345aeded,1736383500000000000,1736384280000000000,1.03055,DEFAULT,,,,,
O-20250109-004500-001-V2-147,BACKTESTER-001,MLSignalStrategyV2-V2,EUR/USD.IDEALPRO,IDEALPRO-1-147,EUR/USD.IDEALPRO-MLSignalStrategyV2-V2,IDEALPRO-001,IDEALPRO-1-14463,LIMIT,SELL,100000.00,GTC,True,False,100000.00,MAKER,1.03122,-7.00000000000145e-05,['2.06 USD'],NO_TRIGGER,FILLED,OUO,OL-20250109-004500-001-V2-49,['O-20250109-004500-001-V2-146'],O-20250109-004500-001-V2-145,,,,['V2_POS1_TP'],0ffefaab-cd54-46d1-9f8e-4376ebf1127f,1736383500000000000,1736384280000000000,,,,,1.03115,False,
O-20250109-010000-001-V2-148,BACKTESTER-001,MLSignalStrategyV2-V2,EUR/USD.IDEALPRO,IDEALPRO-1-148,EUR/USD.IDEALPRO-MLSignalStrategyV2-V2,IDEALPRO-001,IDEALPRO-1-14468,MARKET,BUY,100000.00,GTC,False,False,100000.00,TAKER,1.03131,0.0,['2.06 USD'],NO_TRIGGER,FILLED,OTO,OL-20250109-010000-001-V2-50,"['O-20250109-010000-001-V2-149', 'O-20250109-010000-001-V2-150']",,,,,['V2_POS1'],ea4b47b9-9277-402e-9fdb-01d2922780fd,1736384400000000000,1736384400000000000,,,,,,,
O-20250109-010000-001-V2-149,BACKTESTER-001,MLSignalStrategyV2-V2,EUR/USD.IDEALPRO,IDEALPRO-1-149,EUR/USD.IDEALPRO-MLSignalStrategyV2-V2,IDEALPRO-001,,STOP_MARKET,SELL,100000.00,GTC,True,False,0.00,NO_LIQUIDITY_SIDE,,,,NO_TRIGGER,CANCELED,OUO,OL-20250109-010000-001-V2-50,['O-20250109-010000-001-V2-150'],O-20250109-010000-001-V2-148,,,,['V2_POS1_SL'],2f64dd0b-eb2a-4221-b0f4-1ad04c82ba36,1736384400000000000,1736385420000000000,1.03100,DEFAULT,,,,,
O-20250109-010000-001-V2-150,BACKTESTER-001,MLSignalStrategyV2-V2,EUR/USD.IDEALPRO,IDEALPRO-1-150,EUR/USD.IDEALPRO-MLSignalStrategyV2-V2,IDEALPRO-001,IDEALPRO-1-14503,LIMIT,SELL,100000.00,GTC,True,False,100000.00,MAKER,1.03169,-7.00000000000145e-05,['2.06 USD'],NO_TRIGGER,FILLED,OUO,OL-20250109-010000-001-V2-50,['O-20250109-010000-001-V2-149'],O-20250109-010000-001-V2-148,,,,['V2_POS1_TP'],9c9e3b3c-37ea-4bdb-b9dd-0df75207a767,1736384400000000000,1736385420000000000,,,,,1.03162,False,
O-20250109-014500-001-V2-151,BACKTESTER-001,MLSignalStrategyV2-V2,EUR/USD.IDEALPRO,IDEALPRO-1-151,EUR/USD.IDEALPRO-MLSignalStrategyV2-V2,IDEALPRO-001,IDEALPRO-1-14560,MARKET,SELL,100000.00,GTC,False,False,100000.00,TAKER,1.03142,0.0,['2.06 USD'],NO_TRIGGER,FILLED,OTO,OL-20250109-014500-001-V2-51,"['O-20250109-014500-001-V2-152', 'O-20250109-014500-001-V2-153']",,,,,['V2_POS1'],91cbc0b9-175d-4018-a962-9eaf324636af,1736387100000000000,1736387100000000000,,,,,,,
O-20250109-014500-001-V2-152,BACKTESTER-001,MLSignalStrategyV2-V2,EUR/USD.IDEALPRO,IDEALPRO-1-152,EUR/USD.IDEALPRO-MLSignalStrategyV2-V2,IDEALPRO-001,IDEALPRO-1-14617,STOP_MARKET,BUY,100000.00,GTC,True,False,100000.00,TAKER,1.03176,2.999999999997449e-05,['2.06 USD'],NO_TRIGGER,FILLED,OUO,OL-20250109-014500-001-V2-51,['O-20250109-014500-001-V2-153'],O-20250109-014500-001-V2-151,,,,['V2_POS1_SL'],fdd2882c-6762-413e-b427-19617c52bdb3,1736387100000000000,1736388780000000000,1.03173,DEFAULT,,,,,
O-20250109-014500-001-V2-153,BACKTESTER-001,MLSignalStrategyV2-V2,EUR/USD.IDEALPRO,IDEALPRO-1-153,EUR/USD.IDEALPRO-MLSignalStrategyV2-V2,IDEALPRO-001,,LIMIT,BUY,100000.00,GTC,True,False,0.00,NO_LIQUIDITY_SIDE,,,,NO_TRIGGER,CANCELED,OUO,OL-20250109-014500-001-V2-51,['O-20250109-014500-001-V2-152'],O-20250109-014500-001-V2-151,,,,['V2_POS1_TP'],7d19016e-800e-467d-b28d-884904435fb0,1736387100000000000,1736388780000000000,,,,,1.03111,False,
O-20250109-043000-001-V2-154,BACKTESTER-001,MLSignalStrategyV2-V2,EUR/USD.IDEALPRO,IDEALPRO-1-154,EUR/USD.IDEALPRO-MLSignalStrategyV2-V2,IDEALPRO-001,IDEALPRO-1-14893,MARKET,SELL,100000.00,GTC,False,False,100000.00,TAKER,1.03096,0.0,['2.06 USD'],NO_TRIGGER,FILLED,OTO,OL-20250109-043000-001-V2-52,"['O-20250109-043000-001-V2-155', 'O-20250109-043000-001-V2-156']",,,,,['V2_POS1'],981c6190-ab50-48fa-876e-9bd17f9f33ab,1736397000000000000,1736397000000000000,,,,,,,
O-20250109-043000-001-V2-155,BACKTESTER-001,MLSignalStrategyV2-V2,EUR/USD.IDEALPRO,IDEALPRO-1-155,EUR/USD.IDEALPRO-MLSignalStrategyV2-V2,IDEALPRO-001,,STOP_MARKET,BUY,100000.00,GTC,True,False,0.00,NO_LIQUIDITY_SIDE,,,,NO_TRIGGER,CANCELED,OUO,OL-20250109-043000-001-V2-52,['O-20250109-043000-001-V2-156'],O-20250109-043000-001-V2-154,,,,['V2_POS1_SL'],82a1bbeb-1f67-4cb2-b961-5b493536bb92,1736397000000000000,1736402220000000000,1.03130,DEFAULT,,,,,
O-20250109-043000-001-V2-156,BACKTESTER-001,MLSignalStrategyV2-V2,EUR/USD.IDEALPRO,IDEALPRO-1-156,EUR/USD.IDEALPRO-MLSignalStrategyV2-V2,IDEALPRO-001,IDEALPRO-1-15067,LIMIT,BUY,100000.00,GTC,True,False,100000.00,MAKER,1.03058,-4.0000000000040004e-05,['2.06 USD'],NO_TRIGGER,FILLED,OUO,OL-20250109-043000-001-V2-52,['O-20250109-043000-001-V2-155'],O-20250109-043000-001-V2-154,,,,['V2_POS1_TP'],3ca19b53-df72-4685-9e3e-5cc3cf5943a2,1736397000000000000,1736402220000000000,,,,,1.03062,False,
O-20250109-074500-001-V2-157,BACKTESTER-001,MLSignalStrategyV2-V2,EUR/USD.IDEALPRO,IDEALPRO-1-157,EUR/USD.IDEALPRO-MLSignalStrategyV2-V2,IDEALPRO-001,IDEALPRO-1-15284,MARKET,SELL,100000.00,GTC,False,False,100000.00,TAKER,1.0294,0.0,['2.06 USD'],NO_TRIGGER,FILLED,OTO,OL-20250109-074500-001-V2-53,"['O-20250109-074500-001-V2-158', 'O-20250109-074500-001-V2-159']",,,,,['V2_POS1'],e6052628-ae53-457a-bcec-3353d8bbdfe7,1736408700000000000,1736408700000000000,,,,,,,
O-20250109-074500-001-V2-158,BACKTESTER-001,MLSignalStrategyV2-V2,EUR/USD.IDEALPRO,IDEALPRO-1-158,EUR/USD.IDEALPRO-MLSignalStrategyV2-V2,IDEALPRO-001,,STOP_MARKET,BUY,100000.00,GTC,True,False,0.00,NO_LIQUIDITY_SIDE,,,,NO_TRIGGER,CANCELED,OUO,OL-20250109-074500-001-V2-53,['O-20250109-074500-001-V2-159'],O-20250109-074500-001-V2-157,,,,['V2_POS1_SL'],71c8f47e-e5f6-4fa7-94a7-e981f6ce5283,1736408700000000000,1736409600000000000,1.02990,DEFAULT,,,,,
O-20250109-074500-001-V2-159,BACKTESTER-001,MLSignalStrategyV2-V2,EUR/USD.IDEALPRO,IDEALPRO-1-159,EUR/USD.IDEALPRO-MLSignalStrategyV2-V2,IDEALPRO-001,IDEALPRO-1-15315,LIMIT,BUY,100000.00,GTC,True,False,100000.00,MAKER,1.02877,-0.00012999999999996348,['2.06 USD'],NO_TRIGGER,FILLED,OUO,OL-20250109-074500-001-V2-53,['O-20250109-074500-001-V2-158'],O-20250109-074500-001-V2-157,,,,['V2_POS1_TP'],a5d1de2e-ed3d-4ceb-a212-29c0f0efc03a,1736408700000000000,1736409600000000000,,,,,1.02890,False,
O-20250109-143000-001-V2-160,BACKTESTER-001,MLSignalStrategyV2-V2,EUR/USD.IDEALPRO,IDEALPRO-1-160,EUR/USD.IDEALPRO-MLSignalStrategyV2-V2,IDEALPRO-001,IDEALPRO-1-16096,MARKET,BUY,100000.00,GTC,False,False,100000.00,TAKER,1.031,0.0,['2.06 USD'],NO_TRIGGER,FILLED,OTO,OL-20250109-143000-001-V2-54,"['O-20250109-143000-001-V2-161', 'O-20250109-143000-001-V2-162']",,,,,['V2_POS1'],eb0355b9-f6aa-4d05-9793-cefbcf6322e7,1736433000000000000,1736433000000000000,,,,,,,
O-20250109-143000-001-V2-161,BACKTESTER-001,MLSignalStrategyV2-V2,EUR/USD.IDEALPRO,IDEALPRO-1-161,EUR/USD.IDEALPRO-MLSignalStrategyV2-V2,IDEALPRO-001,IDEALPRO-1-16167,STOP_MARKET,SELL,100000.00,GTC,True,False,100000.00,TAKER,1.03042,5.0000000000105516e-05,['2.06 USD'],NO_TRIGGER,FILLED,OUO,OL-20250109-143000-001-V2-54,['O-20250109-143000-001-V2-162'],O-20250109-143000-001-V2-160,,,,['V2_POS1_SL'],1c6aff00-25f3-4140-9828-8771f34442a8,1736433000000000000,1736435100000000000,1.03047,DEFAULT,,,,,
O-20250109-143000-001-V2-162,BACKTESTER-001,MLSignalStrategyV2-V2,EUR/USD.IDEALPRO,IDEALPRO-1-162,EUR/USD.IDEALPRO-MLSignalStrategyV2-V2,IDEALPRO-001,,LIMIT,SELL,100000.00,GTC,True,False,0.00,NO_LIQUIDITY_SIDE,,,,NO_TRIGGER,CANCELED,OUO,OL-20250109-143000-001-V2-54,['O-20250109-143000-001-V2-161'],O-20250109-143000-001-V2-160,,,,['V2_POS1_TP'],4c76ecde-d2aa-4d4a-884c-67c51910c0e5,1736433000000000000,1736435100000000000,,,,,1.03153,False,
O-20250109-194500-001-V2-163,BACKTESTER-001,MLSignalStrategyV2-V2,EUR/USD.IDEALPRO,IDEALPRO-1-163,EUR/USD.IDEALPRO-MLSignalStrategyV2-V2,IDEALPRO-001,IDEALPRO-1-16729,MARKET,BUY,100000.00,GTC,False,False,100000.00,TAKER,1.03002,0.0,['2.06 USD'],NO_TRIGGER,FILLED,OTO,OL-20250109-194500-001-V2-55,"['O-20250109-194500-001-V2-164', 'O-20250109-194500-001-V2-165']",,,,,['V2_POS1'],c3d08f41-b773-4665-a9fa-a67d2b85ec2e,1736451900000000000,1736451900000000000,,,,,,,
O-20250109-194500-001-V2-164,BACKTESTER-001,MLSignalStrategyV2-V2,EUR/USD.IDEALPRO,IDEALPRO-1-164,EUR/USD.IDEALPRO-MLSignalStrategyV2-V2,IDEALPRO-001,,STOP_MARKET,SELL,100000.00,GTC,True,False,0.00,NO_LIQUIDITY_SIDE,,,,NO_TRIGGER,CANCELED,OUO,OL-20250109-194500-001-V2-55,['O-20250109-194500-001-V2-165'],O-20250109-194500-001-V2-163,,,,['V2_POS1_SL'],c97e444f-110d-443f-a5a9-ccaa6306025f,1736451900000000000,1736455440000000000,1.02969,DEFAULT,,,,,
O-20250109-194500-001-V2-165,BACKTESTER-001,MLSignalStrategyV2-V2,EUR/USD.IDEALPRO,IDEALPRO-1-165,EUR/USD.IDEALPRO-MLSignalStrategyV2-V2,IDEALPRO-001,IDEALPRO-1-16847,LIMIT,SELL,100000.00,GTC,True,False,100000.00,MAKER,1.03035,-2.0000000000131024e-05,['2.06 USD'],NO_TRIGGER,FILLED,OUO,OL-20250109-194500-001-V2-55,['O-20250109-194500-001-V2-164'],O-20250109-194500-001-V2-163,,,,['V2_POS1_TP'],4f88c382-81f3-4c8f-bace-4e0dddf20558,1736451900000000000,1736455440000000000,,,,,1.03033,False,
O-20250109-204500-001-V2-166,BACKTESTER-001,MLSignalStrategyV2-V2,EUR/USD.IDEALPRO,IDEALPRO-1-166,EUR/USD.IDEALPRO-MLSignalStrategyV2-V2,IDEALPRO-001,IDEALPRO-1-16851,MARKET,BUY,100000.00,GTC,False,False,100000.00,TAKER,1.03036,0.0,['2.06 USD'],NO_TRIGGER,FILLED,OTO,OL-20250109-204500-001-V2-56,"['O-20250109-204500-001-V2-167', 'O-20250109-204500-001-V2-168']",,,,,['V2_POS1'],5c64cfc6-e0a4-4e38-8872-9fc810d08658,1736455500000000000,1736455500000000000,,,,,,,
O-20250109-204500-001-V2-167,BACKTESTER-001,MLSignalStrategyV2-V2,EUR/USD.IDEALPRO,IDEALPRO-1-167,EUR/USD.IDEALPRO-MLSignalStrategyV2-V2,IDEALPRO-001,IDEALPRO-1-16883,STOP_MARKET,SELL,100000.00,GTC,True,False,100000.00,TAKER,1.02999,8.000000000008001e-05,['2.06 USD'],NO_TRIGGER,FILLED,OUO,OL-20250109-204500-001-V2-56,['O-20250109-204500-001-V2-168'],O-20250109-204500-001-V2-166,,,,['V2_POS1_SL'],a3d9d220-f40e-4c64-bbec-686601ed7462,1736455500000000000,1736456460000000000,1.03007,DEFAULT,,,,,
O-20250109-204500-001-V2-168,BACKTESTER-001,MLSignalStrategyV2-V2,EUR/USD.IDEALPRO,IDEALPRO-1-168,EUR/USD.IDEALPRO-MLSignalStrategyV2-V2,IDEALPRO-001,,LIMIT,SELL,100000.00,GTC,True,False,0.00,NO_LIQUIDITY_SIDE,,,,NO_TRIGGER,CANCELED,OUO,OL-20250109-204500-001-V2-56,['O-20250109-204500-001-V2-167'],O-20250109-204500-001-V2-166,,,,['V2_POS1_TP'],3b3f536b-e640-4f52-8793-e1c73ccda2ed,1736455500000000000,1736456460000000000,,,,,1.03063,False,
O-20250110-003000-001-V2-169,BACKTESTER-001,MLSignalStrategyV2-V2,EUR/USD.IDEALPRO,IDEALPRO-1-169,EUR/USD.IDEALPRO-MLSignalStrategyV2-V2,IDEALPRO-001,IDEALPRO-1-17273,MARKET,BUY,100000.00,GTC,False,False,100000.00,TAKER,1.02944,0.0,['2.06 USD'],NO_TRIGGER,FILLED,OTO,OL-20250110-003000-001-V2-57,"['O-20250110-003000-001-V2-170', 'O-20250110-003000-001-V2-171']",,,,,['V2_POS1'],b0e35b5f-ffc3-4dff-a2f8-228523140e07,1736469000000000000,1736469000000000000,,,,,,,
O-20250110-003000-001-V2-170,BACKTESTER-001,MLSignalStrategyV2-V2,EUR/USD.IDEALPRO,IDEALPRO-1-170,EUR/USD.IDEALPRO-MLSignalStrategyV2-V2,IDEALPRO-001,,STOP_MARKET,SELL,100000.00,GTC,True,False,0.00,NO_LIQUIDITY_SIDE,,,,NO_TRIGGER,CANCELED,OUO,OL-20250110-003000-001-V2-57,['O-20250110-003000-001-V2-171'],O-20250110-003000-001-V2-169,,,,['V2_POS1_SL'],def15fc3-3a2c-4872-b668-1ec5836404d7,1736469000000000000,1736470620000000000,1.02918,DEFAULT,,,,,
O-20250110-003000-001-V2-171,BACKTESTER-001,MLSignalStrategyV2-V2,EUR/USD.IDEALPRO,IDEALPRO-1-171,EUR/USD.IDEALPRO-MLSignalStrategyV2-V2,IDEALPRO-001,IDEALPRO-1-17327,LIMIT,SELL,100000.00,GTC,True,False,100000.00,MAKER,1.0297,0.0,['2.06 USD'],NO_TRIGGER,FILLED,OUO,OL-20250110-003000-001-V2-57,['O-20250110-003000-001-V2-170'],O-20250110-003000-001-V2-169,,,,['V2_POS1_TP'],b687f8bd-dfeb-4009-b4b8-7b339524ffa7,1736469000000000000,1736470620000000000,,,,,1.02970,False,
O-20250110-040000-001-V2-172,BACKTESTER-001,MLSignalStrategyV2-V2,EUR/USD.IDEALPRO,IDEALPRO-1-172,EUR/USD.IDEALPRO-MLSignalStrategyV2-V2,IDEALPRO-001,IDEALPRO-1-17695,MARKET,BUY,100000.00,GTC,False,False,100000.00,TAKER,1.02985,0.0,['2.06 USD'],NO_TRIGGER,FILLED,OTO,OL-20250110-040000-001-V2-58,"['O-20250110-040000-001-V2-173', 'O-20250110-040000-001-V2-174']",,,,,['V2_POS1'],fe9be015-4516-416a-aaf6-30b6f9bdd72d,1736481600000000000,1736481600000000000,,,,,,,
O-20250110-040000-001-V2-173,BACKTESTER-001,MLSignalStrategyV2-V2,EUR/USD.IDEALPRO,IDEALPRO-1-173,EUR/USD.IDEALPRO-MLSignalStrategyV2-V2,IDEALPRO-001,IDEALPRO-1-17765,STOP_MARKET,SELL,100000.00,GTC,True,False,100000.00,TAKER,1.02957,0.0,['2.06 USD'],NO_TRIGGER,FILLED,OUO,OL-20250110-040000-001-V2-58,['O-20250110-040000-001-V2-174'],O-20250110-040000-001-V2-172,,,,['V2_POS1_SL'],fa6b4473-03ed-4be4-9f3a-b7c1aa44f06c,1736481600000000000,1736483700000000000,1.02957,DEFAULT,,,,,
O-20250110-040000-001-V2-174,BACKTESTER-001,MLSignalStrategyV2-V2,EUR/USD.IDEALPRO,IDEALPRO-1-174,EUR/USD.IDEALPRO-MLSignalStrategyV2-V2,IDEALPRO-001,,LIMIT,SELL,100000.00,GTC,True,False,0.00,NO_LIQUIDITY_SIDE,,,,NO_TRIGGER,CANCELED,OUO,OL-20250110-040000-001-V2-58,['O-20250110-040000-001-V2-173'],O-20250110-040000-001-V2-172,,,,['V2_POS1_TP'],35df57d5-63c4-4dac-81a2-c1523c76ae7b,1736481600000000000,1736483700000000000,,,,,1.03013,False,
O-20250110-044500-001-V2-175,BACKTESTER-001,MLSignalStrategyV2-V2,EUR/USD.IDEALPRO,IDEALPRO-1-175,EUR/USD.IDEALPRO-MLSignalStrategyV2-V2,IDEALPRO-001,IDEALPRO-1-17786,MARKET,BUY,100000.00,GTC,False,False,100000.00,TAKER,1.02949,0.0,['2.06 USD'],NO_TRIGGER,FILLED,OTO,OL-20250110-044500-001-V2-59,"['O-20250110-044500-001-V2-176', 'O-20250110-044500-001-V2-177']",,,,,['V2_POS1'],c3393746-b696-4ad2-a61c-745c930c27a8,1736484300000000000,1736484300000000000,,,,,,,
O-20250110-044500-001-V2-176,BACKTESTER-001,MLSignalStrategyV2-V2,EUR/USD.IDEALPRO,IDEALPRO-1-176,EUR/USD.IDEALPRO-MLSignalStrategyV2-V2,IDEALPRO-001,,STOP_MARKET,SELL,100000.00,GTC,True,False,0.00,NO_LIQUIDITY_SIDE,,,,NO_TRIGGER,CANCELED,OUO,OL-20250110-044500-001-V2-59,['O-20250110-044500-001-V2-177'],O-20250110-044500-001-V2-175,,,,['V2_POS1_SL'],6968ccec-e7df-4129-b191-54cef4b46256,1736484300000000000,1736486580000000000,1.02923,DEFAULT,,,,,
O-20250110-044500-001-V2-177,BACKTESTER-001,MLSignalStrategyV2-V2,EUR/USD.IDEALPRO,IDEALPRO-1-177,EUR/USD.IDEALPRO-MLSignalStrategyV2-V2,IDEALPRO-001,IDEALPRO-1-17863,LIMIT,SELL,100000.00,GTC,True,False,100000.00,MAKER,1.02974,-1.0000000000065512e-05,['2.06 USD'],NO_TRIGGER,FILLED,OUO,OL-20250110-044500-001-V2-59,['O-20250110-044500-001-V2-176'],O-20250110-044500-001-V2-175,,,,['V2_POS1_TP'],12f33daf-a99f-4315-b208-7d9995e1cdd1,1736484300000000000,1736486580000000000,,,,,1.02973,False,
O-20250110-054500-001-V2-178,BACKTESTER-001,MLSignalStrategyV2-V2,EUR/USD.IDEALPRO,IDEALPRO-1-178,EUR/USD.IDEALPRO-MLSignalStrategyV2-V2,IDEALPRO-001,IDEALPRO-1-17908,MARKET,BUY,100000.00,GTC,False,False,100000.00,TAKER,1.02927,0.0,['2.06 USD'],NO_TRIGGER,FILLED,OTO,OL-20250110-054500-001-V2-60,"['O-20250110-054500-001-V2-179', 'O-20250110-054500-001-V2-180']",,,,,['V2_POS1'],d0c3577d-0441-4945-ab29-60904da090d4,1736487900000000000,1736487900000000000,,,,,,,
O-20250110-054500-001-V2-179,BACKTESTER-001,MLSignalStrategyV2-V2,EUR/USD.IDEALPRO,IDEALPRO-1-179,EUR/USD.IDEALPRO-MLSignalStrategyV2-V2,IDEALPRO-001,IDEALPRO-1-17919,STOP_MARKET,SELL,100000.00,GTC,True,False,100000.00,TAKER,1.029,2.0000000000131024e-05,['2.06 USD'],NO_TRIGGER,FILLED,OUO,OL-20250110-054500-001-V2-60,['O-20250110-054500-001-V2-180'],O-20250110-054500-001-V2-178,,,,['V2_POS1_SL'],4da24755-c320-43ab-812c-260f86b6bcda,1736487900000000000,1736488200000000000,1.02902,DEFAULT,,,,,
O-20250110-054500-001-V2-180,BACKTESTER-001,MLSignalStrategyV2-V2,EUR/USD.IDEALPRO,IDEALPRO-1-180,EUR/USD.IDEALPRO-MLSignalStrategyV2-V2,IDEALPRO-001,,LIMIT,SELL,100000.00,GTC,True,False,0.00,NO_LIQUIDITY_SIDE,,,,NO_TRIGGER,CANCELED,OUO,OL-20250110-054500-001-V2-60,['O-20250110-054500-001-V2-179'],O-20250110-054500-001-V2-178,,,,['V2_POS1_TP'],e8236860-4b4e-4e89-ab12-c5b5b0f03cea,1736487900000000000,1736488200000000000,,,,,1.02952,False,
O-20250110-060000-001-V2-181,BACKTESTER-001,MLSignalStrategyV2-V2,EUR/USD.IDEALPRO,IDEALPRO-1-181,EUR/USD.IDEALPRO-MLSignalStrategyV2-V2,IDEALPRO-001,IDEALPRO-1-17940,MARKET,BUY,100000.00,GTC,False,False,100000.00,TAKER,1.02858,0.0,['2.06 USD'],NO_TRIGGER,FILLED,OTO,OL-20250110-060000-001-V2-61,"['O-20250110-060000-001-V2-182', 'O-20250110-060000-001-V2-183']",,,,,['V2_POS1'],1cec8860-e32d-4113-93b3-593e62e6d4cc,1736488800000000000,1736488800000000000,,,,,,,
O-20250110-060000-001-V2-182,BACKTESTER-001,MLSignalStrategyV2-V2,EUR/USD.IDEALPRO,IDEALPRO-1-182,EUR/USD.IDEALPRO-MLSignalStrategyV2-V2,IDEALPRO-001,IDEALPRO-1-17971,STOP_MARKET,SELL,100000.00,GTC,True,False,100000.00,TAKER,1.02824,4.999999999988347e-05,['2.06 USD'],NO_TRIGGER,FILLED,OUO,OL-20250110-060000-001-V2-61,['O-20250110-060000-001-V2-183'],O-20250110-060000-001-V2-181,,,,['V2_POS1_SL'],2aee7348-776f-4cb7-aa2f-79b94af2fb66,1736488800000000000,1736489700000000000,1.02829,DEFAULT,,,,,
O-20250110-060000-001-V2-183,BACKTESTER-001,MLSignalStrategyV2-V2,EUR/USD.IDEALPRO,IDEALPRO-1-183,EUR/USD.IDEALPRO-MLSignalStrategyV2-V2,IDEALPRO-001,,LIMIT,SELL,100000.00,GTC,True,False,0.00,NO_LIQUIDITY_SIDE,,,,NO_TRIGGER,CANCELED,OUO,OL-20250110-060000-001-V2-61,['O-20250110-060000-001-V2-182'],O-20250110-060000-001-V2-181,,,,['V2_POS1_TP'],cd0b0efa-389d-43c4-8e8c-46682d470322,1736488800000000000,1736489700000000000,,,,,1.02887,False,
O-20250110-061500-001-V2-184,BACKTESTER-001,MLSignalStrategyV2-V2,EUR/USD.IDEALPRO,IDEALPRO-1-184,EUR/USD.IDEALPRO-MLSignalStrategyV2-V2,IDEALPRO-001,IDEALPRO-1-17972,MARKET,BUY,100000.00,GTC,False,False,100000.00,TAKER,1.02829,0.0,['2.06 USD'],NO_TRIGGER,FILLED,OTO,OL-20250110-061500-001-V2-62,"['O-20250110-061500-001-V2-185', 'O-20250110-061500-001-V2-186']",,,,,['V2_POS1'],00028a1c-9b4b-4587-95e8-ff6d4e0dba2e,1736489700000000000,1736489700000000000,,,,,,,
O-20250110-061500-001-V2-185,BACKTESTER-001,MLSignalStrategyV2-V2,EUR/USD.IDEALPRO,IDEALPRO-1-185,EUR/USD.IDEALPRO-MLSignalStrategyV2-V2,IDEALPRO-001,,STOP_MARKET,SELL,100000.00,GTC,True,False,0.00,NO_LIQUIDITY_SIDE,,,,NO_TRIGGER,CANCELED,OUO,OL-20250110-061500-001-V2-62,['O-20250110-061500-001-V2-186'],O-20250110-061500-001-V2-184,,,,['V2_POS1_SL'],842bee9c-8845-4801-b33a-10b52cd9f6e0,1736489700000000000,1736490840000000000,1.02795,DEFAULT,,,,,
O-20250110-061500-001-V2-186,BACKTESTER-001,MLSignalStrategyV2-V2,EUR/USD.IDEALPRO,IDEALPRO-1-186,EUR/USD.IDEALPRO-MLSignalStrategyV2-V2,IDEALPRO-001,IDEALPRO-1-18011,LIMIT,SELL,100000.00,GTC,True,False,100000.00,MAKER,1.02862,-1.0000000000065512e-05,['2.06 USD'],NO_TRIGGER,FILLED,OUO,OL-20250110-061500-001-V2-62,['O-20250110-061500-001-V2-185'],O-20250110-061500-001-V2-184,,,,['V2_POS1_TP'],e462bc43-59d8-4a08-adf1-b306a3f93593,1736489700000000000,1736490840000000000,,,,,1.02861,False,
O-20250110-080000-001-V2-187,BACKTESTER-001,MLSignalStrategyV2-V2,EUR/USD.IDEALPRO,IDEALPRO-1-187,EUR/USD.IDEALPRO-MLSignalStrategyV2-V2,IDEALPRO-001,IDEALPRO-1-18184,MARKET,BUY,100000.00,GTC,False,False,100000.00,TAKER,1.02971,0.0,['2.06 USD'],NO_TRIGGER,FILLED,OTO,OL-20250110-080000-001-V2-63,"['O-20250110-080000-001-V2-188', 'O-20250110-080000-001-V2-189']",,,,,['V2_POS1'],7295f6cc-c216-4a0a-961e-90c8fd645c62,1736496000000000000,1736496000000000000,,,,,,,
O-20250110-080000-001-V2-188,BACKTESTER-001,MLSignalStrategyV2-V2,EUR/USD.IDEALPRO,IDEALPRO-1-188,EUR/USD.IDEALPRO-MLSignalStrategyV2-V2,IDEALPRO-001,IDEALPRO-1-18199,STOP_MARKET,SELL,100000.00,GTC,True,False,100000.00,TAKER,1.0293,2.999999999997449e-05,['2.06 USD'],NO_TRIGGER,FILLED,OUO,OL-20250110-080000-001-V2-63,['O-20250110-080000-001-V2-189'],O-20250110-080000-001-V2-187,,,,['V2_POS1_SL'],010125d6-1beb-4b5c-ba7b-3d84d82324e9,1736496000000000000,1736496420000000000,1.02933,DEFAULT,,,,,
O-20250110-080000-001-V2-189,BACKTESTER-001,MLSignalStrategyV2-V2,EUR/USD.IDEALPRO,IDEALPRO-1-189,EUR/USD.IDEALPRO-MLSignalStrategyV2-V2,IDEALPRO-001,,LIMIT,SELL,100000.00,GTC,True,False,0.00,NO_LIQUIDITY_SIDE,,,,NO_TRIGGER,CANCELED,OUO,OL-20250110-080000-001-V2-63,['O-20250110-080000-001-V2-188'],O-20250110-080000-001-V2-187,,,,['V2_POS1_TP'],1420042e-f416-41ff-94e5-a4e944c4d985,1736496000000000000,1736496420000000000,,,,,1.03009,False,
O-20250110-140000-001-V2-190,BACKTESTER-001,MLSignalStrategyV2-V2,EUR/USD.IDEALPRO,IDEALPRO-1-190,EUR/USD.IDEALPRO-MLSignalStrategyV2-V2,IDEALPRO-001,IDEALPRO-1-18906,MARKET,SELL,100000.00,GTC,False,False,100000.00,TAKER,1.02565,0.0,['2.05 USD'],NO_TRIGGER,FILLED,OTO,OL-20250110-140000-001-V2-64,"['O-20250110-140000-001-V2-191', 'O-20250110-140000-001-V2-192']",,,,,['V2_POS1'],01cfed04-f062-4cca-a1ba-14d1c7bb6f8a,1736517600000000000,1736517600000000000,,,,,,,
O-20250110-140000-001-V2-191,BACKTESTER-001,MLSignalStrategyV2-V2,EUR/USD.IDEALPRO,IDEALPRO-1-191,EUR/USD.IDEALPRO-MLSignalStrategyV2-V2,IDEALPRO-001,IDEALPRO-1-18995,STOP_MARKET,BUY,100000.00,GTC,True,False,100000.00,TAKER,1.02721,0.00011999999999989797,['2.05 USD'],NO_TRIGGER,FILLED,OUO,OL-20250110-140000-001-V2-64,['O-20250110-140000-001-V2-192'],O-20250110-140000-001-V2-190,,,,['V2_POS1_SL'],71fa24d6-be94-403b-8e80-30749b2f621f,1736517600000000000,1736520240000000000,1.02709,DEFAULT,,,,,
O-20250110-140000-001-V2-192,BACKTESTER-001,MLSignalStrategyV2-V2,EUR/USD.IDEALPRO,IDEALPRO-1-192,EUR/USD.IDEALPRO-MLSignalStrategyV2-V2,IDEALPRO-001,,LIMIT,BUY,100000.00,GTC,True,False,0.00,NO_LIQUIDITY_SIDE,,,,NO_TRIGGER,CANCELED,OUO,OL-20250110-140000-001-V2-64,['O-20250110-140000-001-V2-191'],O-20250110-140000-001-V2-190,,,,['V2_POS1_TP'],3f22978d-df63-4624-a10b-20c645c86ed1,1736517600000000000,1736520240000000000,,,,,1.02421,False,
O-20250110-173000-001-V2-193,BACKTESTER-001,MLSignalStrategyV2-V2,EUR/USD.IDEALPRO,IDEALPRO-1-193,EUR/USD.IDEALPRO-MLSignalStrategyV2-V2,IDEALPRO-001,IDEALPRO-1-19328,MARKET,BUY,100000.00,GTC,False,False,100000.00,TAKER,1.02393,0.0,['2.05 USD'],NO_TRIGGER,FILLED,OTO,OL-20250110-173000-001-V2-65,"['O-20250110-173000-001-V2-194', 'O-20250110-173000-001-V2-195']",,,,,['V2_POS1'],ab654ac1-646f-4888-9972-6606c08f15bb,1736530200000000000,1736530200000000000,,,,,,,
O-20250110-173000-001-V2-194,BACKTESTER-001,MLSignalStrategyV2-V2,EUR/USD.IDEALPRO,IDEALPRO-1-194,EUR/USD.IDEALPRO-MLSignalStrategyV2-V2,IDEALPRO-001,IDEALPRO-1-20503,STOP_MARKET,SELL,100000.00,GTC,True,False,100000.00,TAKER,1.02259,0.00010999999999983245,['2.05 USD'],NO_TRIGGER,FILLED,OUO,OL-20250110-173000-001-V2-65,['O-20250110-173000-001-V2-195'],O-20250110-173000-001-V2-193,,,,['V2_POS1_SL'],c0cb21b9-3d92-44e5-a622-2b102d85f0b1,1736530200000000000,1736739120000000000,1.02270,DEFAULT,,,,,
O-20250110-173000-001-V2-195,BACKTESTER-001,MLSignalStrategyV2-V2,EUR/USD.IDEALPRO,IDEALPRO-1-195,EUR/USD.IDEALPRO-MLSignalStrategyV2-V2,IDEALPRO-001,,LIMIT,SELL,100000.00,GTC,True,False,0.00,NO_LIQUIDITY_SIDE,,,,NO_TRIGGER,CANCELED,OUO,OL-20250110-173000-001-V2-65,['O-20250110-173000-001-V2-194'],O-20250110-173000-001-V2-193,,,,['V2_POS1_TP'],fc5bdc03-36bc-4a1a-9d3f-658526228c27,1736530200000000000,1736739120000000000,,,,,1.02514,False,
O-20250113-061500-001-V2-196,BACKTESTER-001,MLSignalStrategyV2-V2,EUR/USD.IDEALPRO,IDEALPRO-1-196,EUR/USD.IDEALPRO-MLSignalStrategyV2-V2,IDEALPRO-001,IDEALPRO-1-20830,MARKET,SELL,100000.00,GTC,False,False,100000.00,TAKER,1.02235,0.0,['2.04 USD'],NO_TRIGGER,FILLED,OTO,OL-20250113-061500-001-V2-66,"['O-20250113-061500-001-V2-197', 'O-20250113-061500-001-V2-198']",,,,,['V2_POS1'],5257d662-d82d-4e57-8685-09f0bd2e5ee3,1736748900000000000,1736748900000000000,,,,,,,
O-20250113-061500-001-V2-197,BACKTESTER-001,MLSignalStrategyV2-V2,EUR/USD.IDEALPRO,IDEALPRO-1-197,EUR/USD.IDEALPRO-MLSignalStrategyV2-V2,IDEALPRO-001,,STOP_MARKET,BUY,100000.00,GTC,True,False,0.00,NO_LIQUIDITY_SIDE,,,,NO_TRIGGER,CANCELED,OUO,OL-20250113-061500-001-V2-66,['O-20250113-061500-001-V2-198'],O-20250113-061500-001-V2-196,,,,['V2_POS1_SL'],43ee56e5-79fc-4465-9cb1-122f916caa08,1736748900000000000,1736749440000000000,1.02277,DEFAULT,,,,,
O-20250113-061500-001-V2-198,BACKTESTER-001,MLSignalStrategyV2-V2,EUR/USD.IDEALPRO,IDEALPRO-1-198,EUR/USD.IDEALPRO-MLSignalStrategyV2-V2,IDEALPRO-001,IDEALPRO-1-20849,LIMIT,BUY,100000.00,GTC,True,False,100000.00,MAKER,1.02179,-0.000140000000000029,['2.04 USD'],NO_TRIGGER,FILLED,OUO,OL-20250113-061500-001-V2-66,['O-20250113-061500-001-V2-197'],O-20250113-061500-001-V2-196,,,,['V2_POS1_TP'],182e4569-7bc2-4745-a258-416e553cff79,1736748900000000000,1736749440000000000,,,,,1.02193,False,
O-20250113-093000-001-V2-199,BACKTESTER-001,MLSignalStrategyV2-V2,EUR/USD.IDEALPRO,IDEALPRO-1-199,EUR/USD.IDEALPRO-MLSignalStrategyV2-V2,IDEALPRO-001,IDEALPRO-1-21222,MARKET,BUY,100000.00,GTC,False,False,100000.00,TAKER,1.01867,0.0,['2.04 USD'],NO_TRIGGER,FILLED,OTO,OL-20250113-093000-001-V2-67,"['O-20250113-093000-001-V2-200', 'O-20250113-093000-001-V2-201']",,,,,['V2_POS1'],8a4385c6-da03-4f61-ade2-384d310a5cc5,1736760600000000000,1736760600000000000,,,,,,,
O-20250113-093000-001-V2-200,BACKTESTER-001,MLSignalStrategyV2-V2,EUR/USD.IDEALPRO,IDEALPRO-1-200,EUR/USD.IDEALPRO-MLSignalStrategyV2-V2,IDEALPRO-001,,STOP_MARKET,SELL,100000.00,GTC,True,False,0.00,NO_LIQUIDITY_SIDE,,,,NO_TRIGGER,CANCELED,OUO,OL-20250113-093000-001-V2-67,['O-20250113-093000-001-V2-201'],O-20250113-093000-001-V2-199,,,,['V2_POS1_SL'],c86b6aa2-7004-4a8a-8753-c7b617a8b1a0,1736760600000000000,1736761500000000000,1.01777,DEFAULT,,,,,
O-20250113-093000-001-V2-201,BACKTESTER-001,MLSignalStrategyV2-V2,EUR/USD.IDEALPRO,IDEALPRO-1-201,EUR/USD.IDEALPRO-MLSignalStrategyV2-V2,IDEALPRO-001,IDEALPRO-1-21253,LIMIT,SELL,100000.00,GTC,True,False,100000.00,MAKER,1.01957,0.0,['2.04 USD'],NO_TRIGGER,FILLED,OUO,OL-20250113-093000-001-V2-67,['O-20250113-093000-001-V2-200'],O-20250113-093000-001-V2-199,,,,['V2_POS1_TP'],e5ad30a7-b08f-41cd-8fe7-663d44b1a7e9,1736760600000000000,1736761500000000000,,,,,1.01957,False,
O-20250113-113000-001-V2-202,BACKTESTER-001,MLSignalStrategyV2-V2,EUR/USD.IDEALPRO,IDEALPRO-1-202,EUR/USD.IDEALPRO-MLSignalStrategyV2-V2,IDEALPRO-001,IDEALPRO-1-21464,MARKET,BUY,100000.00,GTC,False,False,100000.00,TAKER,1.01908,0.0,['2.04 USD'],NO_TRIGGER,FILLED,OTO,OL-20250113-113000-001-V2-68,"['O-20250113-113000-001-V2-203', 'O-20250113-113000-001-V2-204']",,,,,['V2_POS1'],89907b34-c6e5-4676-b04a-5c84ec2ba2be,1736767800000000000,1736767800000000000,,,,,,,
O-20250113-113000-001-V2-203,BACKTESTER-001,MLSignalStrategyV2-V2,EUR/USD.IDEALPRO,IDEALPRO-1-203,EUR/USD.IDEALPRO-MLSignalStrategyV2-V2,IDEALPRO-001,,STOP_MARKET,SELL,100000.00,GTC,True,False,0.00,NO_LIQUIDITY_SIDE,,,,NO_TRIGGER,CANCELED,OUO,OL-20250113-113000-001-V2-68,['O-20250113-113000-001-V2-204'],O-20250113-113000-001-V2-202,,,,['V2_POS1_SL'],5ca6e6b6-acf7-47bd-b49d-1e98f96dd730,1736767800000000000,1736768160000000000,1.01818,DEFAULT,,,,,
O-20250113-113000-001-V2-204,BACKTESTER-001,MLSignalStrategyV2-V2,EUR/USD.IDEALPRO,IDEALPRO-1-204,EUR/USD.IDEALPRO-MLSignalStrategyV2-V2,IDEALPRO-001,IDEALPRO-1-21477,LIMIT,SELL,100000.00,GTC,True,False,100000.00,MAKER,1.02002,-3.999999999981796e-05,['2.04 USD'],NO_TRIGGER,FILLED,OUO,OL-20250113-113000-001-V2-68,['O-20250113-113000-001-V2-203'],O-20250113-113000-001-V2-202,,,,['V2_POS1_TP'],a668cc5c-cdb8-43f5-b795-19ad47dbe38c,1736767800000000000,1736768160000000000,,,,,1.01998,False,
O-20250113-121500-001-V2-205,BACKTESTER-001,MLSignalStrategyV2-V2,EUR/USD.IDEALPRO,IDEALPRO-1-205,EUR/USD.IDEALPRO-MLSignalStrategyV2-V2,IDEALPRO-001,IDEALPRO-1-21556,MARKET,BUY,100000.00,GTC,False,False,100000.00,TAKER,1.01948,0.0,['2.04 USD'],NO_TRIGGER,FILLED,OTO,OL-20250113-121500-001-V2-69,"['O-20250113-121500-001-V2-206', 'O-20250113-121500-001-V2-207']",,,,,['V2_POS1'],db14c635-a02e-46f9-9ced-d59e966a8a69,1736770500000000000,1736770500000000000,,,,,,,
O-20250113-121500-001-V2-206,BACKTESTER-001,MLSignalStrategyV2-V2,EUR/USD.IDEALPRO,IDEALPRO-1-206,EUR/USD.IDEALPRO-MLSignalStrategyV2-V2,IDEALPRO-001,,STOP_MARKET,SELL,100000.00,GTC,True,False,0.00,NO_LIQUIDITY_SIDE,,,,NO_TRIGGER,CANCELED,OUO,OL-20250113-121500-001-V2-69,['O-20250113-121500-001-V2-207'],O-20250113-121500-001-V2-205,,,,['V2_POS1_SL'],60505d18-2d33-4585-a85a-8ca1e85674e7,1736770500000000000,1736772960000000000,1.01864,DEFAULT,,,,,
O-20250113-121500-001-V2-207,BACKTESTER-001,MLSignalStrategyV2-V2,EUR/USD.IDEALPRO,IDEALPRO-1-207,EUR/USD.IDEALPRO-MLSignalStrategyV2-V2,IDEALPRO-001,IDEALPRO-1-21639,LIMIT,SELL,100000.00,GTC,True,False,100000.00,MAKER,1.02065,-0.0003500000000000725,['2.04 USD'],NO_TRIGGER,FILLED,OUO,OL-20250113-121500-001-V2-69,['O-20250113-121500-001-V2-206'],O-20250113-121500-001-V2-205,,,,['V2_POS1_TP'],93c80da1-eb66-406c-851c-4b595f33c40a,1736770500000000000,1736772960000000000,,,,,1.02030,False,
O-20250113-181500-001-V2-208,BACKTESTER-001,MLSignalStrategyV2-V2,EUR/USD.IDEALPRO,IDEALPRO-1-208,EUR/USD.IDEALPRO-MLSignalStrategyV2-V2,IDEALPRO-001,IDEALPRO-1-22278,MARKET,BUY,100000.00,GTC,False,False,100000.00,TAKER,1.02164,0.0,['2.04 USD'],NO_TRIGGER,FILLED,OTO,OL-20250113-181500-001-V2-70,"['O-20250113-181500-001-V2-209', 'O-20250113-181500-001-V2-210']",,,,,['V2_POS1'],5b969d9d-d15d-4333-b399-d7147e90d3a9,1736792100000000000,1736792100000000000,,,,,,,
O-20250113-181500-001-V2-209,BACKTESTER-001,MLSignalStrategyV2-V2,EUR/USD.IDEALPRO,IDEALPRO-1-209,EUR/USD.IDEALPRO-MLSignalStrategyV2-V2,IDEALPRO-001,IDEALPRO-1-22451,STOP_MARKET,SELL,100000.00,GTC,True,False,100000.00,TAKER,1.02099,2.999999999997449e-05,['2.04 USD'],NO_TRIGGER,FILLED,OUO,OL-20250113-181500-001-V2-70,['O-20250113-181500-001-V2-210'],O-20250113-181500-001-V2-208,,,,['V2_POS1_SL'],e0637a76-52f8-4825-ad87-a9dce14f4dc3,1736792100000000000,1736797260000000000,1.02102,DEFAULT,,,,,
O-20250113-181500-001-V2-210,BACKTESTER-001,MLSignalStrategyV2-V2,EUR/USD.IDEALPRO,IDEALPRO-1-210,EUR/USD.IDEALPRO-MLSignalStrategyV2-V2,IDEALPRO-001,,LIMIT,SELL,100000.00,GTC,True,False,0.00,NO_LIQUIDITY_SIDE,,,,NO_TRIGGER,CANCELED,OUO,OL-20250113-181500-001-V2-70,['O-20250113-181500-001-V2-209'],O-20250113-181500-001-V2-208,,,,['V2_POS1_TP'],9fa535a4-ed39-4d83-a93f-5d85a2765c08,1736792100000000000,1736797260000000000,,,,,1.02226,False,
O-20250113-201500-001-V2-211,BACKTESTER-001,MLSignalStrategyV2-V2,EUR/USD.IDEALPRO,IDEALPRO-1-211,EUR/USD.IDEALPRO-MLSignalStrategyV2-V2,IDEALPRO-001,IDEALPRO-1-22521,MARKET,BUY,100000.00,GTC,False,False,100000.00,TAKER,1.0213,0.0,['2.04 USD'],NO_TRIGGER,FILLED,OTO,OL-20250113-201500-001-V2-71,"['O-20250113-201500-001-V2-212', 'O-20250113-201500-001-V2-213']",,,,,['V2_POS1'],aaee74b9-5003-4e42-9c3c-d1d06de9d179,1736799300000000000,1736799300000000000,,,,,,,
O-20250113-201500-001-V2-212,BACKTESTER-001,MLSignalStrategyV2-V2,EUR/USD.IDEALPRO,IDEALPRO-1-212,EUR/USD.IDEALPRO-MLSignalStrategyV2-V2,IDEALPRO-001,,STOP_MARKET,SELL,100000.00,GTC,True,False,0.00,NO_LIQUIDITY_SIDE,,,,NO_TRIGGER,CANCELED,OUO,OL-20250113-201500-001-V2-71,['O-20250113-201500-001-V2-213'],O-20250113-201500-001-V2-211,,,,['V2_POS1_SL'],2ea7e1aa-31bf-439f-ba49-ee8d4a2a8444,1736799300000000000,1736801820000000000,1.02084,DEFAULT,,,,,
O-20250113-201500-001-V2-213,BACKTESTER-001,MLSignalStrategyV2-V2,EUR/USD.IDEALPRO,IDEALPRO-1-213,EUR/USD.IDEALPRO-MLSignalStrategyV2-V2,IDEALPRO-001,IDEALPRO-1-22605,LIMIT,SELL,100000.00,GTC,True,False,100000.00,MAKER,1.02175,1.0000000000065512e-05,['2.04 USD'],NO_TRIGGER,FILLED,OUO,OL-20250113-201500-001-V2-71,['O-20250113-201500-001-V2-212'],O-20250113-201500-001-V2-211,,,,['V2_POS1_TP'],d80543cc-d4e2-4191-b423-c842c7b49303,1736799300000000000,1736801820000000000,,,,,1.02176,False,
O-20250113-213000-001-V2-214,BACKTESTER-001,MLSignalStrategyV2-V2,EUR/USD.IDEALPRO,IDEALPRO-1-214,EUR/USD.IDEALPRO-MLSignalStrategyV2-V2,IDEALPRO-001,IDEALPRO-1-22672,MARKET,BUY,100000.00,GTC,False,False,100000.00,TAKER,1.02225,0.0,['2.04 USD'],NO_TRIGGER,FILLED,OTO,OL-20250113-213000-001-V2-72,"['O-20250113-213000-001-V2-215', 'O-20250113-213000-001-V2-216']",,,,,['V2_POS1'],923569d9-d428-454b-977f-53f39489868a,1736803800000000000,1736803800000000000,,,,,,,
O-20250113-213000-001-V2-215,BACKTESTER-001,MLSignalStrategyV2-V2,EUR/USD.IDEALPRO,IDEALPRO-1-215,EUR/USD.IDEALPRO-MLSignalStrategyV2-V2,IDEALPRO-001,,STOP_MARKET,SELL,100000.00,GTC,True,False,0.00,NO_LIQUIDITY_SIDE,,,,NO_TRIGGER,CANCELED,OUO,OL-20250113-213000-001-V2-72,['O-20250113-213000-001-V2-216'],O-20250113-213000-001-V2-214,,,,['V2_POS1_SL'],b27ca5a2-e653-463f-9fd3-ffdadb43c64d,1736803800000000000,1736804640000000000,1.02185,DEFAULT,,,,,
O-20250113-213000-001-V2-216,BACKTESTER-001,MLSignalStrategyV2-V2,EUR/USD.IDEALPRO,IDEALPRO-1-216,EUR/USD.IDEALPRO-MLSignalStrategyV2-V2,IDEALPRO-001,IDEALPRO-1-22701,LIMIT,SELL,100000.00,GTC,True,False,100000.00,MAKER,1.02299,-0.00034000000000000696,['2.05 USD'],NO_TRIGGER,FILLED,OUO,OL-20250113-213000-001-V2-72,['O-20250113-213000-001-V2-215'],O-20250113-213000-001-V2-214,,,,['V2_POS1_TP'],d02003ee-60bb-45f8-a379-3443d01a991d,1736803800000000000,1736804640000000000,,,,,1.02265,False,
O-20250113-214500-001-V2-217,BACKTESTER-001,MLSignalStrategyV2-V2,EUR/USD.IDEALPRO,IDEALPRO-1-217,EUR/USD.IDEALPRO-MLSignalStrategyV2-V2,IDEALPRO-001,IDEALPRO-1-22704,MARKET,BUY,100000.00,GTC,False,False,100000.00,TAKER,1.02278,0.0,['2.05 USD'],NO_TRIGGER,FILLED,OTO,OL-20250113-214500-001-V2-73,"['O-20250113-214500-001-V2-218', 'O-20250113-214500-001-V2-219']",,,,,['V2_POS1'],27a2d9c6-8476-4b60-9365-f6e02e9c65bc,1736804700000000000,1736804700000000000,,,,,,,
O-20250113-214500-001-V2-218,BACKTESTER-001,MLSignalStrategyV2-V2,EUR/USD.IDEALPRO,IDEALPRO-1-218,EUR/USD.IDEALPRO-MLSignalStrategyV2-V2,IDEALPRO-001,,STOP_MARKET,SELL,100000.00,GTC,True,False,0.00,NO_LIQUIDITY_SIDE,,,,NO_TRIGGER,CANCELED,OUO,OL-20250113-214500-001-V2-73,['O-20250113-214500-001-V2-219'],O-20250113-214500-001-V2-217,,,,['V2_POS1_SL'],b91d4952-c5f7-41ea-866b-8813d16451e8,1736804700000000000,1736804940000000000,1.02235,DEFAULT,,,,,
O-20250113-214500-001-V2-219,BACKTESTER-001,MLSignalStrategyV2-V2,EUR/USD.IDEALPRO,IDEALPRO-1-219,EUR/USD.IDEALPRO-MLSignalStrategyV2-V2,IDEALPRO-001,IDEALPRO-1-22713,LIMIT,SELL,100000.00,GTC,True,False,100000.00,MAKER,1.02328,-8.999999999992347e-05,['2.05 USD'],NO_TRIGGER,FILLED,OUO,OL-20250113-214500-001-V2-73,['O-20250113-214500-001-V2-218'],O-20250113-214500-001-V2-217,,,,['V2_POS1_TP'],884b7153-8aea-4355-9e00-a945f3091bfe,1736804700000000000,1736804940000000000,,,,,1.02319,False,
O-20250113-230000-001-V2-220,BACKTESTER-001,MLSignalStrategyV2-V2,EUR/USD.IDEALPRO,IDEALPRO-1-220,EUR/USD.IDEALPRO-MLSignalStrategyV2-V2,IDEALPRO-001,IDEALPRO-1-22826,MARKET,SELL,100000.00,GTC,False,False,100000.00,TAKER,1.02601,0.0,['2.05 USD'],NO_TRIGGER,FILLED,OTO,OL-20250113-230000-001-V2-74,"['O-20250113-230000-001-V2-221', 'O-20250113-230000-001-V2-222']",,,,,['V2_POS1'],d69f1e0c-ede6-4981-b0a5-f40058efac2e,1736809200000000000,1736809200000000000,,,,,,,
O-20250113-230000-001-V2-221,BACKTESTER-001,MLSignalStrategyV2-V2,EUR/USD.IDEALPRO,IDEALPRO-1-221,EUR/USD.IDEALPRO-MLSignalStrategyV2-V2,IDEALPRO-001,IDEALPRO-1-22828,STOP_MARKET,BUY,100000.00,GTC,True,False,100000.00,TAKER,1.02684,0.00017000000000000348,['2.05 USD'],NO_TRIGGER,FILLED,OUO,OL-20250113-230000-001-V2-74,['O-20250113-230000-001-V2-222'],O-20250113-230000-001-V2-220,,,,['V2_POS1_SL'],4c8121da-8500-4535-a116-84c64be6c1f4,1736809200000000000,1736809200000000000,1.02667,DEFAULT,,,,,
O-20250113-230000-001-V2-222,BACKTESTER-001,MLSignalStrategyV2-V2,EUR/USD.IDEALPRO,IDEALPRO-1-222,EUR/USD.IDEALPRO-MLSignalStrategyV2-V2,IDEALPRO-001,,LIMIT,BUY,100000.00,GTC,True,False,0.00,NO_LIQUIDITY_SIDE,,,,NO_TRIGGER,CANCELED,OUO,OL-20250113-230000-001-V2-74,['O-20250113-230000-001-V2-221'],O-20250113-230000-001-V2-220,,,,['V2_POS1_TP'],e07d446d-059f-4e7d-b7c7-3ef27ede91f6,1736809200000000000,1736809200000000000,,,,,1.02535,False,
O-20250113-231500-001-V2-223,BACKTESTER-001,MLSignalStrategyV2-V2,EUR/USD.IDEALPRO,IDEALPRO-1-223,EUR/USD.IDEALPRO-MLSignalStrategyV2-V2,IDEALPRO-001,IDEALPRO-1-22859,MARKET,SELL,100000.00,GTC,False,False,100000.00,TAKER,1.02615,0.0,['2.05 USD'],NO_TRIGGER,FILLED,OTO,OL-20250113-231500-001-V2-75,"['O-20250113-231500-001-V2-224', 'O-20250113-231500-001-V2-225']",,,,,['V2_POS1'],3943155d-e68a-4edb-97df-346ee7387793,1736810100000000000,1736810100000000000,,,,,,,
O-20250113-231500-001-V2-224,BACKTESTER-001,MLSignalStrategyV2-V2,EUR/USD.IDEALPRO,IDEALPRO-1-224,EUR/USD.IDEALPRO-MLSignalStrategyV2-V2,IDEALPRO-001,IDEALPRO-1-22883,STOP_MARKET,BUY,100000.00,GTC,True,False,100000.00,TAKER,1.02694,1.999999999990898e-05,['2.05 USD'],NO_TRIGGER,FILLED,OUO,OL-20250113-231500-001-V2-75,['O-20250113-231500-001-V2-225'],O-20250113-231500-001-V2-223,,,,['V2_POS1_SL'],4027df3f-b492-4948-b33f-d81b0483119c,1736810100000000000,1736810820000000000,1.02692,DEFAULT,,,,,
O-20250113-231500-001-V2-225,BACKTESTER-001,MLSignalStrategyV2-V2,EUR/USD.IDEALPRO,IDEALPRO-1-225,EUR/USD.IDEALPRO-MLSignalStrategyV2-V2,IDEALPRO-001,,LIMIT,BUY,100000.00,GTC,True,False,0.00,NO_LIQUIDITY_SIDE,,,,NO_TRIGGER,CANCELED,OUO,OL-20250113-231500-001-V2-75,['O-20250113-231500-001-V2-224'],O-20250113-231500-001-V2-223,,,,['V2_POS1_TP'],72163383-fd5b-43cf-8c93-3ccb507695ee,1736810100000000000,1736810820000000000,,,,,1.02538,False,
O-20250113-233000-001-V2-226,BACKTESTER-001,MLSignalStrategyV2-V2,EUR/USD.IDEALPRO,IDEALPRO-1-226,EUR/USD.IDEALPRO-MLSignalStrategyV2-V2,IDEALPRO-001,IDEALPRO-1-22890,MARKET,SELL,100000.00,GTC,False,False,100000.00,TAKER,1.02688,0.0,['2.05 USD'],NO_TRIGGER,FILLED,OTO,OL-20250113-233000-001-V2-76,"['O-20250113-233000-001-V2-227', 'O-20250113-233000-001-V2-228']",,,,,['V2_POS1'],3f3e9142-9a2a-47d9-b2ab-9fbf272045ae,1736811000000000000,1736811000000000000,,,,,,,
O-20250113-233000-001-V2-227,BACKTESTER-001,MLSignalStrategyV2-V2,EUR/USD.IDEALPRO,IDEALPRO-1-227,EUR/USD.IDEALPRO-MLSignalStrategyV2-V2,IDEALPRO-001,IDEALPRO-1-22899,STOP_MARKET,BUY,100000.00,GTC,True,False,100000.00,TAKER,1.02774,9.000000000014552e-05,['2.06 USD'],NO_TRIGGER,FILLED,OUO,OL-20250113-233000-001-V2-76,['O-20250113-233000-001-V2-228'],O-20250113-233000-001-V2-226,,,,['V2_POS1_SL'],f83318b2-91ba-4e8f-81e3-0fb617dafa6c,1736811000000000000,1736811240000000000,1.02765,DEFAULT,,,,,
O-20250113-233000-001-V2-228,BACKTESTER-001,MLSignalStrategyV2-V2,EUR/USD.IDEALPRO,IDEALPRO-1-228,EUR/USD.IDEALPRO-MLSignalStrategyV2-V2,IDEALPRO-001,,LIMIT,BUY,100000.00,GTC,True,False,0.00,NO_LIQUIDITY_SIDE,,,,NO_TRIGGER,CANCELED,OUO,OL-20250113-233000-001-V2-76,['O-20250113-233000-001-V2-227'],O-20250113-233000-001-V2-226,,,,['V2_POS1_TP'],d831cd55-3ac3-40cc-890d-a5dbdd989e47,1736811000000000000,1736811240000000000,,,,,1.02613,False,
O-20250113-234500-001-V2-229,BACKTESTER-001,MLSignalStrategyV2-V2,EUR/USD.IDEALPRO,IDEALPRO-1-229,EUR/USD.IDEALPRO-MLSignalStrategyV2-V2,IDEALPRO-001,IDEALPRO-1-22922,MARKET,SELL,100000.00,GTC,False,False,100000.00,TAKER,1.02699,0.0,['2.05 USD'],NO_TRIGGER,FILLED,OTO,OL-20250113-234500-001-V2-77,"['O-20250113-234500-001-V2-230', 'O-20250113-234500-001-V2-231']",,,,,['V2_POS1'],af6a365b-9f45-48db-8656-9bade6a131f0,1736811900000000000,1736811900000000000,,,,,,,
O-20250113-234500-001-V2-230,BACKTESTER-001,MLSignalStrategyV2-V2,EUR/USD.IDEALPRO,IDEALPRO-1-230,EUR/USD.IDEALPRO-MLSignalStrategyV2-V2,IDEALPRO-001,,STOP_MARKET,BUY,100000.00,GTC,True,False,0.00,NO_LIQUIDITY_SIDE,,,,NO_TRIGGER,CANCELED,OUO,OL-20250113-234500-001-V2-77,['O-20250113-234500-001-V2-231'],O-20250113-234500-001-V2-229,,,,['V2_POS1_SL'],73d1f2b3-a0ff-4c51-9437-a2bb6917e643,1736811900000000000,1736812860000000000,1.02776,DEFAULT,,,,,
O-20250113-234500-001-V2-231,BACKTESTER-001,MLSignalStrategyV2-V2,EUR/USD.IDEALPRO,IDEALPRO-1-231,EUR/USD.IDEALPRO-MLSignalStrategyV2-V2,IDEALPRO-001,IDEALPRO-1-22955,LIMIT,BUY,100000.00,GTC,True,False,100000.00,MAKER,1.02608,-0.00015999999999993797,['2.05 USD'],NO_TRIGGER,FILLED,OUO,OL-20250113-234500-001-V2-77,['O-20250113-234500-001-V2-230'],O-20250113-234500-001-V2-229,,,,['V2_POS1_TP'],7dcfad14-6e51-4401-be66-df4fcfd980a9,1736811900000000000,1736812860000000000,,,,,1.02624,False,
O-20250114-004500-001-V2-232,BACKTESTER-001,MLSignalStrategyV2-V2,EUR/USD.IDEALPRO,IDEALPRO-1-232,EUR/USD.IDEALPRO-MLSignalStrategyV2-V2,IDEALPRO-001,IDEALPRO-1-23044,MARKET,BUY,100000.00,GTC,False,False,100000.00,TAKER,1.02477,0.0,['2.05 USD'],NO_TRIGGER,FILLED,OTO,OL-20250114-004500-001-V2-78,"['O-20250114-004500-001-V2-233', 'O-20250114-004500-001-V2-234']",,,,,['V2_POS1'],1c81bf6c-d3a5-4e15-87d9-b2c7db2a78c3,1736815500000000000,1736815500000000000,,,,,,,
O-20250114-004500-001-V2-233,BACKTESTER-001,MLSignalStrategyV2-V2,EUR/USD.IDEALPRO,IDEALPRO-1-233,EUR/USD.IDEALPRO-MLSignalStrategyV2-V2,IDEALPRO-001,IDEALPRO-1-23277,STOP_MARKET,SELL,100000.00,GTC,True,False,100000.00,TAKER,1.024,4.999999999988347e-05,['2.05 USD'],NO_TRIGGER,FILLED,OUO,OL-20250114-004500-001-V2-78,['O-20250114-004500-001-V2-234'],O-20250114-004500-001-V2-232,,,,['V2_POS1_SL'],88932de7-f38f-42a9-aa02-075a14130ace,1736815500000000000,1736822460000000000,1.02405,DEFAULT,,,,,
O-20250114-004500-001-V2-234,BACKTESTER-001,MLSignalStrategyV2-V2,EUR/USD.IDEALPRO,IDEALPRO-1-234,EUR/USD.IDEALPRO-MLSignalStrategyV2-V2,IDEALPRO-001,,LIMIT,SELL,100000.00,GTC,True,False,0.00,NO_LIQUIDITY_SIDE,,,,NO_TRIGGER,CANCELED,OUO,OL-20250114-004500-001-V2-78,['O-20250114-004500-001-V2-233'],O-20250114-004500-001-V2-232,,,,['V2_POS1_TP'],7dca0ab9-e7a5-4348-a675-0405bd2e10e4,1736815500000000000,1736822460000000000,,,,,1.02547,False,
O-20250114-050000-001-V2-235,BACKTESTER-001,MLSignalStrategyV2-V2,EUR/USD.IDEALPRO,IDEALPRO-1-235,EUR/USD.IDEALPRO-MLSignalStrategyV2-V2,IDEALPRO-001,IDEALPRO-1-23556,MARKET,SELL,100000.00,GTC,False,False,100000.00,TAKER,1.02502,0.0,['2.05 USD'],NO_TRIGGER,FILLED,OTO,OL-20250114-050000-001-V2-79,"['O-20250114-050000-001-V2-236', 'O-20250114-050000-001-V2-237']",,,,,['V2_POS1'],c18e33e4-208d-46be-99c1-fe9fb8d37f24,1736830800000000000,1736830800000000000,,,,,,,
O-20250114-050000-001-V2-236,BACKTESTER-001,MLSignalStrategyV2-V2,EUR/USD.IDEALPRO,IDEALPRO-1-236,EUR/USD.IDEALPRO-MLSignalStrategyV2-V2,IDEALPRO-001,,STOP_MARKET,BUY,100000.00,GTC,True,False,0.00,NO_LIQUIDITY_SIDE,,,,NO_TRIGGER,CANCELED,OUO,OL-20250114-050000-001-V2-79,['O-20250114-050000-001-V2-237'],O-20250114-050000-001-V2-235,,,,['V2_POS1_SL'],5f5b5445-2c4d-4773-837f-ec23546449c0,1736830800000000000,1736831400000000000,1.02545,DEFAULT,,,,,
O-20250114-050000-001-V2-237,BACKTESTER-001,MLSignalStrategyV2-V2,EUR/USD.IDEALPRO,IDEALPRO-1-237,EUR/USD.IDEALPRO-MLSignalStrategyV2-V2,IDEALPRO-001,IDEALPRO-1-23577,LIMIT,BUY,100000.00,GTC,True,False,100000.00,MAKER,1.02456,-5.0000000000105516e-05,['2.05 USD'],NO_TRIGGER,FILLED,OUO,OL-20250114-050000-001-V2-79,['O-20250114-050000-001-V2-236'],O-20250114-050000-001-V2-235,,,,['V2_POS1_TP'],37a3f299-7e4d-4499-8a7a-c4fd030f9fa9,1736830800000000000,1736831400000000000,,,,,1.02461,False,
O-20250114-111500-001-V2-238,BACKTESTER-001,MLSignalStrategyV2-V2,EUR/USD.IDEALPRO,IDEALPRO-1-238,EUR/USD.IDEALPRO-MLSignalStrategyV2-V2,IDEALPRO-001,IDEALPRO-1-24308,MARKET,SELL,100000.00,GTC,False,False,100000.00,TAKER,1.02581,0.0,['2.05 USD'],NO_TRIGGER,FILLED,OTO,OL-20250114-111500-001-V2-80,"['O-20250114-111500-001-V2-239', 'O-20250114-111500-001-V2-240']",,,,,['V2_POS1'],a8cceed8-271a-471e-acda-2fe4acaebef7,1736853300000000000,1736853300000000000,,,,,,,
O-20250114-111500-001-V2-239,BACKTESTER-001,MLSignalStrategyV2-V2,EUR/USD.IDEALPRO,IDEALPRO-1-239,EUR/USD.IDEALPRO-MLSignalStrategyV2-V2,IDEALPRO-001,,STOP_MARKET,BUY,100000.00,GTC,True,False,0.00,NO_LIQUIDITY_SIDE,,,,NO_TRIGGER,CANCELED,OUO,OL-20250114-111500-001-V2-80,['O-20250114-111500-001-V2-240'],O-20250114-111500-001-V2-238,,,,['V2_POS1_SL'],f6c5b640-e421-4324-86e6-8e3885887a2b,1736853300000000000,1736856180000000000,1.02648,DEFAULT,,,,,
O-20250114-111500-001-V2-240,BACKTESTER-001,MLSignalStrategyV2-V2,EUR/USD.IDEALPRO,IDEALPRO-1-240,EUR/USD.IDEALPRO-MLSignalStrategyV2-V2,IDEALPRO-001,IDEALPRO-1-24405,LIMIT,BUY,100000.00,GTC,True,False,100000.00,MAKER,1.0251,-6.000000000017103e-05,['2.05 USD'],NO_TRIGGER,FILLED,OUO,OL-20250114-111500-001-V2-80,['O-20250114-111500-001-V2-239'],O-20250114-111500-001-V2-238,,,,['V2_POS1_TP'],6e37cce1-1c62-48ae-a225-205df0876fa6,1736853300000000000,1736856180000000000,,,,,1.02516,False,
O-20250114-184500-001-V2-241,BACKTESTER-001,MLSignalStrategyV2-V2,EUR/USD.IDEALPRO,IDEALPRO-1-241,EUR/USD.IDEALPRO-MLSignalStrategyV2-V2,IDEALPRO-001,IDEALPRO-1-25210,MARKET,BUY,100000.00,GTC,False,False,100000.00,TAKER,1.02984,0.0,['2.06 USD'],NO_TRIGGER,FILLED,OTO,OL-20250114-184500-001-V2-81,"['O-20250114-184500-001-V2-242', 'O-20250114-184500-001-V2-243']",,,,,['V2_POS1'],72da0f79-a4f3-4dda-9cad-133a38f5592e,1736880300000000000,1736880300000000000,,,,,,,
O-20250114-184500-001-V2-242,BACKTESTER-001,MLSignalStrategyV2-V2,EUR/USD.IDEALPRO,IDEALPRO-1-242,EUR/USD.IDEALPRO-MLSignalStrategyV2-V2,IDEALPRO-001,,STOP_MARKET,SELL,100000.00,GTC,True,False,0.00,NO_LIQUIDITY_SIDE,,,,NO_TRIGGER,CANCELED,OUO,OL-20250114-184500-001-V2-81,['O-20250114-184500-001-V2-243'],O-20250114-184500-001-V2-241,,,,['V2_POS1_SL'],89cbd679-a234-45e4-a591-7cdb23c5193c,1736880300000000000,1736883420000000000,1.02916,DEFAULT,,,,,
O-20250114-184500-001-V2-243,BACKTESTER-001,MLSignalStrategyV2-V2,EUR/USD.IDEALPRO,IDEALPRO-1-243,EUR/USD.IDEALPRO-MLSignalStrategyV2-V2,IDEALPRO-001,IDEALPRO-1-25315,LIMIT,SELL,100000.00,GTC,True,False,100000.00,MAKER,1.03051,1.0000000000065512e-05,['2.06 USD'],NO_TRIGGER,FILLED,OUO,OL-20250114-184500-001-V2-81,['O-20250114-184500-001-V2-242'],O-20250114-184500-001-V2-241,,,,['V2_POS1_TP'],f646ec24-9be1-4d7e-b243-dec002c22685,1736880300000000000,1736883420000000000,,,,,1.03052,False,
O-20250114-210000-001-V2-244,BACKTESTER-001,MLSignalStrategyV2-V2,EUR/USD.IDEALPRO,IDEALPRO-1-244,EUR/USD.IDEALPRO-MLSignalStrategyV2-V2,IDEALPRO-001,IDEALPRO-1-25482,MARKET,BUY,100000.00,GTC,False,False,100000.00,TAKER,1.03018,0.0,['2.06 USD'],NO_TRIGGER,FILLED,OTO,OL-20250114-210000-001-V2-82,"['O-20250114-210000-001-V2-245', 'O-20250114-210000-001-V2-246']",,,,,['V2_POS1'],18bbe2c5-2bd7-4048-816b-f522108e62a6,1736888400000000000,1736888400000000000,,,,,,,
O-20250114-210000-001-V2-245,BACKTESTER-001,MLSignalStrategyV2-V2,EUR/USD.IDEALPRO,IDEALPRO-1-245,EUR/USD.IDEALPRO-MLSignalStrategyV2-V2,IDEALPRO-001,,STOP_MARKET,SELL,100000.00,GTC,True,False,0.00,NO_LIQUIDITY_SIDE,,,,NO_TRIGGER,CANCELED,OUO,OL-20250114-210000-001-V2-82,['O-20250114-210000-001-V2-246'],O-20250114-210000-001-V2-244,,,,['V2_POS1_SL'],4a7eccb1-61bd-4a9a-8891-5baaae371091,1736888400000000000,1736890020000000000,1.02968,DEFAULT,,,,,
O-20250114-210000-001-V2-246,BACKTESTER-001,MLSignalStrategyV2-V2,EUR/USD.IDEALPRO,IDEALPRO-1-246,EUR/USD.IDEALPRO-MLSignalStrategyV2-V2,IDEALPRO-001,IDEALPRO-1-25537,LIMIT,SELL,100000.00,GTC,True,False,100000.00,MAKER,1.0307,-1.999999999990898e-05,['2.06 USD'],NO_TRIGGER,FILLED,OUO,OL-20250114-210000-001-V2-82,['O-20250114-210000-001-V2-245'],O-20250114-210000-001-V2-244,,,,['V2_POS1_TP'],a4647089-2cc3-44d8-aea8-75ec28380d9c,1736888400000000000,1736890020000000000,,,,,1.03068,False,
O-20250114-213000-001-V2-247,BACKTESTER-001,MLSignalStrategyV2-V2,EUR/USD.IDEALPRO,IDEALPRO-1-247,EUR/USD.IDEALPRO-MLSignalStrategyV2-V2,IDEALPRO-001,IDEALPRO-1-25544,MARKET,BUY,100000.00,GTC,False,False,100000.00,TAKER,1.03066,0.0,['2.06 USD'],NO_TRIGGER,FILLED,OTO,OL-20250114-213000-001-V2-83,"['O-20250114-213000-001-V2-248', 'O-20250114-213000-001-V2-249']",,,,,['V2_POS1'],b139a055-1354-4d6a-927b-a38b689ef32a,1736890200000000000,1736890200000000000,,,,,,,
O-20250114-213000-001-V2-248,BACKTESTER-001,MLSignalStrategyV2-V2,EUR/USD.IDEALPRO,IDEALPRO-1-248,EUR/USD.IDEALPRO-MLSignalStrategyV2-V2,IDEALPRO-001,IDEALPRO-1-25821,STOP_MARKET,SELL,100000.00,GTC,True,False,100000.00,TAKER,1.03012,7.00000000000145e-05,['2.06 USD'],NO_TRIGGER,FILLED,OUO,OL-20250114-213000-001-V2-83,['O-20250114-213000-001-V2-249'],O-20250114-213000-001-V2-247,,,,['V2_POS1_SL'],eb60f6aa-ab63-48d8-881c-440f1869e182,1736890200000000000,1736899380000000000,1.03019,DEFAULT,,,,,
O-20250114-213000-001-V2-249,BACKTESTER-001,MLSignalStrategyV2-V2,EUR/USD.IDEALPRO,IDEALPRO-1-249,EUR/USD.IDEALPRO-MLSignalStrategyV2-V2,IDEALPRO-001,,LIMIT,SELL,100000.00,GTC,True,False,0.00,NO_LIQUIDITY_SIDE,,,,NO_TRIGGER,CANCELED,OUO,OL-20250114-213000-001-V2-83,['O-20250114-213000-001-V2-248'],O-20250114-213000-001-V2-247,,,,['V2_POS1_TP'],b0d79f9e-0d05-42a6-9133-d4bfe9eb4111,1736890200000000000,1736899380000000000,,,,,1.03111,False,
O-20250115-030000-001-V2-250,BACKTESTER-001,MLSignalStrategyV2-V2,EUR/USD.IDEALPRO,IDEALPRO-1-250,EUR/USD.IDEALPRO-MLSignalStrategyV2-V2,IDEALPRO-001,IDEALPRO-1-26176,MARKET,SELL,100000.00,GTC,False,False,100000.00,TAKER,1.02971,0.0,['2.06 USD'],NO_TRIGGER,FILLED,OTO,OL-20250115-030000-001-V2-84,"['O-20250115-030000-001-V2-251', 'O-20250115-030000-001-V2-252']",,,,,['V2_POS1'],bcd8f378-c80e-4d2f-b24e-60ec2f0db9d1,1736910000000000000,1736910000000000000,,,,,,,
O-20250115-030000-001-V2-251,BACKTESTER-001,MLSignalStrategyV2-V2,EUR/USD.IDEALPRO,IDEALPRO-1-251,EUR/USD.IDEALPRO-MLSignalStrategyV2-V2,IDEALPRO-001,IDEALPRO-1-26187,STOP_MARKET,BUY,100000.00,GTC,True,False,100000.00,TAKER,1.03008,0.0001100000000000545,['2.06 USD'],NO_TRIGGER,FILLED,OUO,OL-20250115-030000-001-V2-84,['O-20250115-030000-001-V2-252'],O-20250115-030000-001-V2-250,,,,['V2_POS1_SL'],5bb8b709-c5d9-4119-aa1d-3013ac3cfaf2,1736910000000000000,1736910300000000000,1.02997,DEFAULT,,,,,
O-20250115-030000-001-V2-252,BACKTESTER-001,MLSignalStrategyV2-V2,EUR/USD.IDEALPRO,IDEALPRO-1-252,EUR/USD.IDEALPRO-MLSignalStrategyV2-V2,IDEALPRO-001,,LIMIT,BUY,100000.00,GTC,True,False,0.00,NO_LIQUIDITY_SIDE,,,,NO_TRIGGER,CANCELED,OUO,OL-20250115-030000-001-V2-84,['O-20250115-030000-001-V2-251'],O-20250115-030000-001-V2-250,,,,['V2_POS1_TP'],3aaf5ea8-e395-469a-87d4-bbafcbc81d7d,1736910000000000000,1736910300000000000,,,,,1.02945,False,
O-20250115-031500-001-V2-253,BACKTESTER-001,MLSignalStrategyV2-V2,EUR/USD.IDEALPRO,IDEALPRO-1-253,EUR/USD.IDEALPRO-MLSignalStrategyV2-V2,IDEALPRO-001,IDEALPRO-1-26209,MARKET,SELL,100000.00,GTC,False,False,100000.00,TAKER,1.03005,0.0,['2.06 USD'],NO_TRIGGER,FILLED,OTO,OL-20250115-031500-001-V2-85,"['O-20250115-031500-001-V2-254', 'O-20250115-031500-001-V2-255']",,,,,['V2_POS1'],ab9b8868-2069-45a5-83a4-d7745b183e0b,1736910900000000000,1736910900000000000,,,,,,,
O-20250115-031500-001-V2-254,BACKTESTER-001,MLSignalStrategyV2-V2,EUR/USD.IDEALPRO,IDEALPRO-1-254,EUR/USD.IDEALPRO-MLSignalStrategyV2-V2,IDEALPRO-001,,STOP_MARKET,BUY,100000.00,GTC,True,False,0.00,NO_LIQUIDITY_SIDE,,,,NO_TRIGGER,CANCELED,OUO,OL-20250115-031500-001-V2-85,['O-20250115-031500-001-V2-255'],O-20250115-031500-001-V2-253,,,,['V2_POS1_SL'],9231df52-f65f-42b8-9ed2-04796eb19209,1736910900000000000,1736914620000000000,1.03033,DEFAULT,,,,,
O-20250115-031500-001-V2-255,BACKTESTER-001,MLSignalStrategyV2-V2,EUR/USD.IDEALPRO,IDEALPRO-1-255,EUR/USD.IDEALPRO-MLSignalStrategyV2-V2,IDEALPRO-001,IDEALPRO-1-26333,LIMIT,BUY,100000.00,GTC,True,False,100000.00,MAKER,1.02978,9.999999999843467e-06,['2.06 USD'],NO_TRIGGER,FILLED,OUO,OL-20250115-031500-001-V2-85,['O-20250115-031500-001-V2-254'],O-20250115-031500-001-V2-253,,,,['V2_POS1_TP'],68404457-ef64-493d-885c-41b6bb40b605,1736910900000000000,1736914620000000000,,,,,1.02977,False,
O-20250115-061500-001-V2-256,BACKTESTER-001,MLSignalStrategyV2-V2,EUR/USD.IDEALPRO,IDEALPRO-1-256,EUR/USD.IDEALPRO-MLSignalStrategyV2-V2,IDEALPRO-001,IDEALPRO-1-26570,MARKET,BUY,100000.00,GTC,False,False,100000.00,TAKER,1.02958,0.0,['2.06 USD'],NO_TRIGGER,FILLED,OTO,OL-20250115-061500-001-V2-86,"['O-20250115-061500-001-V2-257', 'O-20250115-061500-001-V2-258']",,,,,['V2_POS1'],d86210fc-6c29-42e3-a4b0-78a8d7d0b903,1736921700000000000,1736921700000000000,,,,,,,
O-20250115-061500-001-V2-257,BACKTESTER-001,MLSignalStrategyV2-V2,EUR/USD.IDEALPRO,IDEALPRO-1-257,EUR/USD.IDEALPRO-MLSignalStrategyV2-V2,IDEALPRO-001,IDEALPRO-1-26665,STOP_MARKET,SELL,100000.00,GTC,True,False,100000.00,TAKER,1.0291,0.000140000000000029,['2.06 USD'],NO_TRIGGER,FILLED,OUO,OL-20250115-061500-001-V2-86,['O-20250115-061500-001-V2-258'],O-20250115-061500-001-V2-256,,,,['V2_POS1_SL'],034ed7ea-4d7c-411b-a681-ee6d584ce49b,1736921700000000000,1736924520000000000,1.02924,DEFAULT,,,,,
O-20250115-061500-001-V2-258,BACKTESTER-001,MLSignalStrategyV2-V2,EUR/USD.IDEALPRO,IDEALPRO-1-258,EUR/USD.IDEALPRO-MLSignalStrategyV2-V2,IDEALPRO-001,,LIMIT,SELL,100000.00,GTC,True,False,0.00,NO_LIQUIDITY_SIDE,,,,NO_TRIGGER,CANCELED,OUO,OL-20250115-061500-001-V2-86,['O-20250115-061500-001-V2-257'],O-20250115-061500-001-V2-256,,,,['V2_POS1_TP'],f8f6b221-89d6-44e0-a91a-5a3fd7a95095,1736921700000000000,1736924520000000000,,,,,1.02990,False,
O-20250115-093000-001-V2-259,BACKTESTER-001,MLSignalStrategyV2-V2,EUR/USD.IDEALPRO,IDEALPRO-1-259,EUR/USD.IDEALPRO-MLSignalStrategyV2-V2,IDEALPRO-001,IDEALPRO-1-26963,MARKET,SELL,100000.00,GTC,False,False,100000.00,TAKER,1.03053,0.0,['2.06 USD'],NO_TRIGGER,FILLED,OTO,OL-20250115-093000-001-V2-87,"['O-20250115-093000-001-V2-260', 'O-20250115-093000-001-V2-261']",,,,,['V2_POS1'],58262dd5-15ce-4b36-887f-b7ba81cba403,1736933400000000000,1736933400000000000,,,,,,,
O-20250115-093000-001-V2-260,BACKTESTER-001,MLSignalStrategyV2-V2,EUR/USD.IDEALPRO,IDEALPRO-1-260,EUR/USD.IDEALPRO-MLSignalStrategyV2-V2,IDEALPRO-001,IDEALPRO-1-26977,STOP_MARKET,BUY,100000.00,GTC,True,False,100000.00,TAKER,1.0312,4.999999999988347e-05,['2.06 USD'],NO_TRIGGER,FILLED,OUO,OL-20250115-093000-001-V2-87,['O-20250115-093000-001-V2-261'],O-20250115-093000-001-V2-259,,,,['V2_POS1_SL'],c5bdfce6-1b44-45a3-b3de-a155ef44f156,1736933400000000000,1736933820000000000,1.03115,DEFAULT,,,,,
O-20250115-093000-001-V2-261,BACKTESTER-001,MLSignalStrategyV2-V2,EUR/USD.IDEALPRO,IDEALPRO-1-261,EUR/USD.IDEALPRO-MLSignalStrategyV2-V2,IDEALPRO-001,,LIMIT,BUY,100000.00,GTC,True,False,0.00,NO_LIQUIDITY_SIDE,,,,NO_TRIGGER,CANCELED,OUO,OL-20250115-093000-001-V2-87,['O-20250115-093000-001-V2-260'],O-20250115-093000-001-V2-259,,,,['V2_POS1_TP'],3885e9ee-0d5a-419d-83c5-7c39beed2348,1736933400000000000,1736933820000000000,,,,,1.02991,False,
O-20250115-154500-001-V2-262,BACKTESTER-001,MLSignalStrategyV2-V2,EUR/USD.IDEALPRO,IDEALPRO-1-262,EUR/USD.IDEALPRO-MLSignalStrategyV2-V2,IDEALPRO-001,IDEALPRO-1-27714,MARKET,SELL,100000.00,GTC,False,False,100000.00,TAKER,1.03147,0.0,['2.06 USD'],NO_TRIGGER,FILLED,OTO,OL-20250115-154500-001-V2-88,"['O-20250115-154500-001-V2-263', 'O-20250115-154500-001-V2-264']",,,,,['V2_POS1'],c962c798-d84f-455a-9db6-0663177b0c6a,1736955900000000000,1736955900000000000,,,,,,,
O-20250115-154500-001-V2-263,BACKTESTER-001,MLSignalStrategyV2-V2,EUR/USD.IDEALPRO,IDEALPRO-1-263,EUR/USD.IDEALPRO-MLSignalStrategyV2-V2,IDEALPRO-001,,STOP_MARKET,BUY,100000.00,GTC,True,False,0.00,NO_LIQUIDITY_SIDE,,,,NO_TRIGGER,CANCELED,OUO,OL-20250115-154500-001-V2-88,['O-20250115-154500-001-V2-264'],O-20250115-154500-001-V2-262,,,,['V2_POS1_SL'],6fd662d2-53f5-4d94-9df1-c72d79a0003c,1736955900000000000,1736956200000000000,1.03264,DEFAULT,,,,,
O-20250115-154500-001-V2-264,BACKTESTER-001,MLSignalStrategyV2-V2,EUR/USD.IDEALPRO,IDEALPRO-1-264,EUR/USD.IDEALPRO-MLSignalStrategyV2-V2,IDEALPRO-001,IDEALPRO-1-27725,LIMIT,BUY,100000.00,GTC,True,False,100000.00,MAKER,1.03015,-0.0001500000000000945,['2.06 USD'],NO_TRIGGER,FILLED,OUO,OL-20250115-154500-001-V2-88,['O-20250115-154500-001-V2-263'],O-20250115-154500-001-V2-262,,,,['V2_POS1_TP'],6179b3f6-7bee-40ae-b1af-074f2800ed7a,1736955900000000000,1736956200000000000,,,,,1.03030,False,
O-20250115-171500-001-V2-265,BACKTESTER-001,MLSignalStrategyV2-V2,EUR/USD.IDEALPRO,IDEALPRO-1-265,EUR/USD.IDEALPRO-MLSignalStrategyV2-V2,IDEALPRO-001,IDEALPRO-1-27897,MARKET,BUY,100000.00,GTC,False,False,100000.00,TAKER,1.02859,0.0,['2.06 USD'],NO_TRIGGER,FILLED,OTO,OL-20250115-171500-001-V2-89,"['O-20250115-171500-001-V2-266', 'O-20250115-171500-001-V2-267']",,,,,['V2_POS1'],7317cd59-1773-4aac-a5c5-f2ca23479c2a,1736961300000000000,1736961300000000000,,,,,,,
O-20250115-171500-001-V2-266,BACKTESTER-001,MLSignalStrategyV2-V2,EUR/USD.IDEALPRO,IDEALPRO-1-266,EUR/USD.IDEALPRO-MLSignalStrategyV2-V2,IDEALPRO-001,,STOP_MARKET,SELL,100000.00,GTC,True,False,0.00,NO_LIQUIDITY_SIDE,,,,NO_TRIGGER,CANCELED,OUO,OL-20250115-171500-001-V2-89,['O-20250115-171500-001-V2-267'],O-20250115-171500-001-V2-265,,,,['V2_POS1_SL'],18a19aa9-2463-43b3-ae8d-170ee8abf9ed,1736961300000000000,1736973120000000000,1.02739,DEFAULT,,,,,
O-20250115-171500-001-V2-267,BACKTESTER-001,MLSignalStrategyV2-V2,EUR/USD.IDEALPRO,IDEALPRO-1-267,EUR/USD.IDEALPRO-MLSignalStrategyV2-V2,IDEALPRO-001,IDEALPRO-1-28291,LIMIT,SELL,100000.00,GTC,True,False,100000.00,MAKER,1.02981,-1.999999999990898e-05,['2.06 USD'],NO_TRIGGER,FILLED,OUO,OL-20250115-171500-001-V2-89,['O-20250115-171500-001-V2-266'],O-20250115-171500-001-V2-265,,,,['V2_POS1_TP'],25fd94f0-40af-4feb-814d-7e924d24740f,1736961300000000000,1736973120000000000,,,,,1.02979,False,
O-20250115-231500-001-V2-268,BACKTESTER-001,MLSignalStrategyV2-V2,EUR/USD.IDEALPRO,IDEALPRO-1-268,EUR/USD.IDEALPRO-MLSignalStrategyV2-V2,IDEALPRO-001,IDEALPRO-1-28589,MARKET,BUY,100000.00,GTC,False,False,100000.00,TAKER,1.02911,0.0,['2.06 USD'],NO_TRIGGER,FILLED,OTO,OL-20250115-231500-001-V2-90,"['O-20250115-231500-001-V2-269', 'O-20250115-231500-001-V2-270']",,,,,['V2_POS1'],cb0f7a63-0642-4c0e-b947-ecbd5394e484,1736982900000000000,1736982900000000000,,,,,,,
O-20250115-231500-001-V2-269,BACKTESTER-001,MLSignalStrategyV2-V2,EUR/USD.IDEALPRO,IDEALPRO-1-269,EUR/USD.IDEALPRO-MLSignalStrategyV2-V2,IDEALPRO-001,,STOP_MARKET,SELL,100000.00,GTC,True,False,0.00,NO_LIQUIDITY_SIDE,,,,NO_TRIGGER,CANCELED,OUO,OL-20250115-231500-001-V2-90,['O-20250115-231500-001-V2-270'],O-20250115-231500-001-V2-268,,,,['V2_POS1_SL'],0cde388f-96e4-4ce4-9fba-56a88d38b23f,1736982900000000000,1736983500000000000,1.02882,DEFAULT,,,,,
O-20250115-231500-001-V2-270,BACKTESTER-001,MLSignalStrategyV2-V2,EUR/USD.IDEALPRO,IDEALPRO-1-270,EUR/USD.IDEALPRO-MLSignalStrategyV2-V2,IDEALPRO-001,IDEALPRO-1-28609,LIMIT,SELL,100000.00,GTC,True,False,100000.00,MAKER,1.02941,-9.999999999843467e-06,['2.06 USD'],NO_TRIGGER,FILLED,OUO,OL-20250115-231500-001-V2-90,['O-20250115-231500-001-V2-269'],O-20250115-231500-001-V2-268,,,,['V2_POS1_TP'],0dfbb1c8-f833-42f4-bcc4-1410bee0667c,1736982900000000000,1736983500000000000,,,,,1.02940,False,
O-20250115-233000-001-V2-271,BACKTESTER-001,MLSignalStrategyV2-V2,EUR/USD.IDEALPRO,IDEALPRO-1-271,EUR/USD.IDEALPRO-MLSignalStrategyV2-V2,IDEALPRO-001,IDEALPRO-1-28620,MARKET,BUY,100000.00,GTC,False,False,100000.00,TAKER,1.02939,0.0,['2.06 USD'],NO_TRIGGER,FILLED,OTO,OL-20250115-233000-001-V2-91,"['O-20250115-233000-001-V2-272', 'O-20250115-233000-001-V2-273']",,,,,['V2_POS1'],434e661e-e22c-4457-ae8f-a964b778aa00,1736983800000000000,1736983800000000000,,,,,,,
O-20250115-233000-001-V2-272,BACKTESTER-001,MLSignalStrategyV2-V2,EUR/USD.IDEALPRO,IDEALPRO-1-272,EUR/USD.IDEALPRO-MLSignalStrategyV2-V2,IDEALPRO-001,IDEALPRO-1-28723,STOP_MARKET,SELL,100000.00,GTC,True,False,100000.00,TAKER,1.02903,7.00000000000145e-05,['2.06 USD'],NO_TRIGGER,FILLED,OUO,OL-20250115-233000-001-V2-91,['O-20250115-233000-001-V2-273'],O-20250115-233000-001-V2-271,,,,['V2_POS1_SL'],e3b7f74e-2910-4cab-ab5e-ec08af75fc6d,1736983800000000000,1736986860000000000,1.02910,DEFAULT,,,,,
O-20250115-233000-001-V2-273,BACKTESTER-001,MLSignalStrategyV2-V2,EUR/USD.IDEALPRO,IDEALPRO-1-273,EUR/USD.IDEALPRO-MLSignalStrategyV2-V2,IDEALPRO-001,,LIMIT,SELL,100000.00,GTC,True,False,0.00,NO_LIQUIDITY_SIDE,,,,NO_TRIGGER,CANCELED,OUO,OL-20250115-233000-001-V2-91,['O-20250115-233000-001-V2-272'],O-20250115-233000-001-V2-271,,,,['V2_POS1_TP'],9a9adca7-1e3d-443d-8e87-cd2d8c69d270,1736983800000000000,1736986860000000000,,,,,1.02968,False,
O-20250116-004500-001-V2-274,BACKTESTER-001,MLSignalStrategyV2-V2,EUR/USD.IDEALPRO,IDEALPRO-1-274,EUR/USD.IDEALPRO-MLSignalStrategyV2-V2,IDEALPRO-001,IDEALPRO-1-28772,MARKET,SELL,100000.00,GTC,False,False,100000.00,TAKER,1.02979,0.0,['2.06 USD'],NO_TRIGGER,FILLED,OTO,OL-20250116-004500-001-V2-92,"['O-20250116-004500-001-V2-275', 'O-20250116-004500-001-V2-276']",,,,,['V2_POS1'],29381718-e4a0-409f-bd1e-75756c319e1f,1736988300000000000,1736988300000000000,,,,,,,
O-20250116-004500-001-V2-275,BACKTESTER-001,MLSignalStrategyV2-V2,EUR/USD.IDEALPRO,IDEALPRO-1-275,EUR/USD.IDEALPRO-MLSignalStrategyV2-V2,IDEALPRO-001,,STOP_MARKET,BUY,100000.00,GTC,True,False,0.00,NO_LIQUIDITY_SIDE,,,,NO_TRIGGER,CANCELED,OUO,OL-20250116-004500-001-V2-92,['O-20250116-004500-001-V2-276'],O-20250116-004500-001-V2-274,,,,['V2_POS1_SL'],c862fe84-67bf-44d6-9ecf-cedcd3fadc9b,1736988300000000000,1736988540000000000,1.03008,DEFAULT,,,,,
O-20250116-004500-001-V2-276,BACKTESTER-001,MLSignalStrategyV2-V2,EUR/USD.IDEALPRO,IDEALPRO-1-276,EUR/USD.IDEALPRO-MLSignalStrategyV2-V2,IDEALPRO-001,IDEALPRO-1-28781,LIMIT,BUY,100000.00,GTC,True,False,100000.00,MAKER,1.02913,-0.00038999999999989043,['2.06 USD'],NO_TRIGGER,FILLED,OUO,OL-20250116-004500-001-V2-92,['O-20250116-004500-001-V2-275'],O-20250116-004500-001-V2-274,,,,['V2_POS1_TP'],6674c515-58bf-415e-8d4d-9478d9e6fc70,1736988300000000000,1736988540000000000,,,,,1.02952,False,
O-20250116-011500-001-V2-277,BACKTESTER-001,MLSignalStrategyV2-V2,EUR/USD.IDEALPRO,IDEALPRO-1-277,EUR/USD.IDEALPRO-MLSignalStrategyV2-V2,IDEALPRO-001,IDEALPRO-1-28834,MARKET,SELL,100000.00,GTC,False,False,100000.00,TAKER,1.02948,0.0,['2.06 USD'],NO_TRIGGER,FILLED,OTO,OL-20250116-011500-001-V2-93,"['O-20250116-011500-001-V2-278', 'O-20250116-011500-001-V2-279']",,,,,['V2_POS1'],072af4e5-fd1a-475b-bafb-feaea666edaf,1736990100000000000,1736990100000000000,,,,,,,
O-20250116-011500-001-V2-278,BACKTESTER-001,MLSignalStrategyV2-V2,EUR/USD.IDEALPRO,IDEALPRO-1-278,EUR/USD.IDEALPRO-MLSignalStrategyV2-V2,IDEALPRO-001,,STOP_MARKET,BUY,100000.00,GTC,True,False,0.00,NO_LIQUIDITY_SIDE,,,,NO_TRIGGER,CANCELED,OUO,OL-20250116-011500-001-V2-93,['O-20250116-011500-001-V2-279'],O-20250116-011500-001-V2-277,,,,['V2_POS1_SL'],7426e4df-940e-424a-b029-16396317a52b,1736990100000000000,1736992440000000000,1.02990,DEFAULT,,,,,
O-20250116-011500-001-V2-279,BACKTESTER-001,MLSignalStrategyV2-V2,EUR/USD.IDEALPRO,IDEALPRO-1-279,EUR/USD.IDEALPRO-MLSignalStrategyV2-V2,IDEALPRO-001,IDEALPRO-1-28913,LIMIT,BUY,100000.00,GTC,True,False,100000.00,MAKER,1.029,-6.000000000017103e-05,['2.06 USD'],NO_TRIGGER,FILLED,OUO,OL-20250116-011500-001-V2-93,['O-20250116-011500-001-V2-278'],O-20250116-011500-001-V2-277,,,,['V2_POS1_TP'],d42e036c-a377-4fd2-8893-67924833b576,1736990100000000000,1736992440000000000,,,,,1.02906,False,
O-20250116-134500-001-V2-280,BACKTESTER-001,MLSignalStrategyV2-V2,EUR/USD.IDEALPRO,IDEALPRO-1-280,EUR/USD.IDEALPRO-MLSignalStrategyV2-V2,IDEALPRO-001,IDEALPRO-1-30336,MARKET,BUY,100000.00,GTC,False,False,100000.00,TAKER,1.02791,0.0,['2.06 USD'],NO_TRIGGER,FILLED,OTO,OL-20250116-134500-001-V2-94,"['O-20250116-134500-001-V2-281', 'O-20250116-134500-001-V2-282']",,,,,['V2_POS1'],92636c0d-0e72-4a75-822c-3aa0f598f6a8,1737035100000000000,1737035100000000000,,,,,,,
O-20250116-134500-001-V2-281,BACKTESTER-001,MLSignalStrategyV2-V2,EUR/USD.IDEALPRO,IDEALPRO-1-281,EUR/USD.IDEALPRO-MLSignalStrategyV2-V2,IDEALPRO-001,IDEALPRO-1-30389,STOP_MARKET,SELL,100000.00,GTC,True,False,100000.00,TAKER,1.02705,0.0001100000000000545,['2.05 USD'],NO_TRIGGER,FILLED,OUO,OL-20250116-134500-001-V2-94,['O-20250116-134500-001-V2-282'],O-20250116-134500-001-V2-280,,,,['V2_POS1_SL'],85dd4809-4d08-4a97-a310-a8ae5bd0d91c,1737035100000000000,1737036660000000000,1.02716,DEFAULT,,,,,
O-20250116-134500-001-V2-282,BACKTESTER-001,MLSignalStrategyV2-V2,EUR/USD.IDEALPRO,IDEALPRO-1-282,EUR/USD.IDEALPRO-MLSignalStrategyV2-V2,IDEALPRO-001,,LIMIT,SELL,100000.00,GTC,True,False,0.00,NO_LIQUIDITY_SIDE,,,,NO_TRIGGER,CANCELED,OUO,OL-20250116-134500-001-V2-94,['O-20250116-134500-001-V2-281'],O-20250116-134500-001-V2-280,,,,['V2_POS1_TP'],36315e10-9163-4ff2-bfd6-3a6701308543,1737035100000000000,1737036660000000000,,,,,1.02864,False,
O-20250116-141500-001-V2-283,BACKTESTER-001,MLSignalStrategyV2-V2,EUR/USD.IDEALPRO,IDEALPRO-1-283,EUR/USD.IDEALPRO-MLSignalStrategyV2-V2,IDEALPRO-001,IDEALPRO-1-30398,MARKET,BUY,100000.00,GTC,False,False,100000.00,TAKER,1.02729,0.0,['2.05 USD'],NO_TRIGGER,FILLED,OTO,OL-20250116-141500-001-V2-95,"['O-20250116-141500-001-V2-284', 'O-20250116-141500-001-V2-285']",,,,,['V2_POS1'],3621365d-1861-437c-adcd-d2d3446ac550,1737036900000000000,1737036900000000000,,,,,,,
O-20250116-141500-001-V2-284,BACKTESTER-001,MLSignalStrategyV2-V2,EUR/USD.IDEALPRO,IDEALPRO-1-284,EUR/USD.IDEALPRO-MLSignalStrategyV2-V2,IDEALPRO-001,,STOP_MARKET,SELL,100000.00,GTC,True,False,0.00,NO_LIQUIDITY_SIDE,,,,NO_TRIGGER,CANCELED,OUO,OL-20250116-141500-001-V2-95,['O-20250116-141500-001-V2-285'],O-20250116-141500-001-V2-283,,,,['V2_POS1_SL'],c80ab941-9302-404b-a296-45e5ac4356c7,1737036900000000000,1737038880000000000,1.02647,DEFAULT,,,,,
O-20250116-141500-001-V2-285,BACKTESTER-001,MLSignalStrategyV2-V2,EUR/USD.IDEALPRO,IDEALPRO-1-285,EUR/USD.IDEALPRO-MLSignalStrategyV2-V2,IDEALPRO-001,IDEALPRO-1-30465,LIMIT,SELL,100000.00,GTC,True,False,100000.00,MAKER,1.02822,-0.00010999999999983245,['2.06 USD'],NO_TRIGGER,FILLED,OUO,OL-20250116-141500-001-V2-95,['O-20250116-141500-001-V2-284'],O-20250116-141500-001-V2-283,,,,['V2_POS1_TP'],d0184c72-a200-4594-9247-ad927d909de0,1737036900000000000,1737038880000000000,,,,,1.02811,False,
O-20250117-001500-001-V2-286,BACKTESTER-001,MLSignalStrategyV2-V2,EUR/USD.IDEALPRO,IDEALPRO-1-286,EUR/USD.IDEALPRO-MLSignalStrategyV2-V2,IDEALPRO-001,IDEALPRO-1-31570,MARKET,BUY,100000.00,GTC,False,False,100000.00,TAKER,1.02992,0.0,['2.06 USD'],NO_TRIGGER,FILLED,OTO,OL-20250117-001500-001-V2-96,"['O-20250117-001500-001-V2-287', 'O-20250117-001500-001-V2-288']",,,,,['V2_POS1'],abccc5e4-d1fa-448e-9278-1fc7847dfe53,1737072900000000000,1737072900000000000,,,,,,,
O-20250117-001500-001-V2-287,BACKTESTER-001,MLSignalStrategyV2-V2,EUR/USD.IDEALPRO,IDEALPRO-1-287,EUR/USD.IDEALPRO-MLSignalStrategyV2-V2,IDEALPRO-001,,STOP_MARKET,SELL,100000.00,GTC,True,False,0.00,NO_LIQUIDITY_SIDE,,,,NO_TRIGGER,CANCELED,OUO,OL-20250117-001500-001-V2-96,['O-20250117-001500-001-V2-288'],O-20250117-001500-001-V2-286,,,,['V2_POS1_SL'],d85ebd5f-c115-4cb1-bbb9-f376a4aebed5,1737072900000000000,1737073860000000000,1.02965,DEFAULT,,,,,
O-20250117-001500-001-V2-288,BACKTESTER-001,MLSignalStrategyV2-V2,EUR/USD.IDEALPRO,IDEALPRO-1-288,EUR/USD.IDEALPRO-MLSignalStrategyV2-V2,IDEALPRO-001,IDEALPRO-1-31603,LIMIT,SELL,100000.00,GTC,True,False,100000.00,MAKER,1.03035,-0.00016000000000016001,['2.06 USD'],NO_TRIGGER,FILLED,OUO,OL-20250117-001500-001-V2-96,['O-20250117-001500-001-V2-287'],O-20250117-001500-001-V2-286,,,,['V2_POS1_TP'],d3779596-0fd0-4c86-aa39-a93e65b939bf,1737072900000000000,1737073860000000000,,,,,1.03019,False,
O-20250117-030000-001-V2-289,BACKTESTER-001,MLSignalStrategyV2-V2,EUR/USD.IDEALPRO,IDEALPRO-1-289,EUR/USD.IDEALPRO-MLSignalStrategyV2-V2,IDEALPRO-001,IDEALPRO-1-31903,MARKET,SELL,100000.00,GTC,False,False,100000.00,TAKER,1.03033,0.0,['2.06 USD'],NO_TRIGGER,FILLED,OTO,OL-20250117-030000-001-V2-97,"['O-20250117-030000-001-V2-290', 'O-20250117-030000-001-V2-291']",,,,,['V2_POS1'],a2c75424-0cc6-4b2a-b66c-f7f63954250c,1737082800000000000,1737082800000000000,,,,,,,
O-20250117-030000-001-V2-290,BACKTESTER-001,MLSignalStrategyV2-V2,EUR/USD.IDEALPRO,IDEALPRO-1-290,EUR/USD.IDEALPRO-MLSignalStrategyV2-V2,IDEALPRO-001,,STOP_MARKET,BUY,100000.00,GTC,True,False,0.00,NO_LIQUIDITY_SIDE,,,,NO_TRIGGER,CANCELED,OUO,OL-20250117-030000-001-V2-97,['O-20250117-030000-001-V2-291'],O-20250117-030000-001-V2-289,,,,['V2_POS1_SL'],ecd7d9f0-516a-404c-97cf-6c3ce9edc73e,1737082800000000000,1737084300000000000,1.03063,DEFAULT,,,,,
O-20250117-030000-001-V2-291,BACKTESTER-001,MLSignalStrategyV2-V2,EUR/USD.IDEALPRO,IDEALPRO-1-291,EUR/USD.IDEALPRO-MLSignalStrategyV2-V2,IDEALPRO-001,IDEALPRO-1-31953,LIMIT,BUY,100000.00,GTC,True,False,100000.00,MAKER,1.03002,-1.0000000000065512e-05,['2.06 USD'],NO_TRIGGER,FILLED,OUO,OL-20250117-030000-001-V2-97,['O-20250117-030000-001-V2-290'],O-20250117-030000-001-V2-289,,,,['V2_POS1_TP'],01f1b129-2579-4ce9-89f8-03fc23fc21b7,1737082800000000000,1737084300000000000,,,,,1.03003,False,
O-20250117-033000-001-V2-292,BACKTESTER-001,MLSignalStrategyV2-V2,EUR/USD.IDEALPRO,IDEALPRO-1-292,EUR/USD.IDEALPRO-MLSignalStrategyV2-V2,IDEALPRO-001,IDEALPRO-1-31964,MARKET,SELL,100000.00,GTC,False,False,100000.00,TAKER,1.03016,0.0,['2.06 USD'],NO_TRIGGER,FILLED,OTO,OL-20250117-033000-001-V2-98,"['O-20250117-033000-001-V2-293', 'O-20250117-033000-001-V2-294']",,,,,['V2_POS1'],c79bd242-4222-40c2-9ecc-ed10715c6cbf,1737084600000000000,1737084600000000000,,,,,,,
O-20250117-033000-001-V2-293,BACKTESTER-001,MLSignalStrategyV2-V2,EUR/USD.IDEALPRO,IDEALPRO-1-293,EUR/USD.IDEALPRO-MLSignalStrategyV2-V2,IDEALPRO-001,,STOP_MARKET,BUY,100000.00,GTC,True,False,0.00,NO_LIQUIDITY_SIDE,,,,NO_TRIGGER,CANCELED,OUO,OL-20250117-033000-001-V2-98,['O-20250117-033000-001-V2-294'],O-20250117-033000-001-V2-292,,,,['V2_POS1_SL'],ae6210b3-c967-4562-a144-d57fa6372ae3,1737084600000000000,1737087540000000000,1.03044,DEFAULT,,,,,
O-20250117-033000-001-V2-294,BACKTESTER-001,MLSignalStrategyV2-V2,EUR/USD.IDEALPRO,IDEALPRO-1-294,EUR/USD.IDEALPRO-MLSignalStrategyV2-V2,IDEALPRO-001,IDEALPRO-1-32063,LIMIT,BUY,100000.00,GTC,True,False,100000.00,MAKER,1.02984,-3.999999999981796e-05,['2.06 USD'],NO_TRIGGER,FILLED,OUO,OL-20250117-033000-001-V2-98,['O-20250117-033000-001-V2-293'],O-20250117-033000-001-V2-292,,,,['V2_POS1_TP'],9187bfa9-ff3b-489f-9786-d8e556fa8bad,1737084600000000000,1737087540000000000,,,,,1.02988,False,
O-20250117-044500-001-V2-295,BACKTESTER-001,MLSignalStrategyV2-V2,EUR/USD.IDEALPRO,IDEALPRO-1-295,EUR/USD.IDEALPRO-MLSignalStrategyV2-V2,IDEALPRO-001,IDEALPRO-1-32116,MARKET,BUY,100000.00,GTC,False,False,100000.00,TAKER,1.02933,0.0,['2.06 USD'],NO_TRIGGER,FILLED,OTO,OL-20250117-044500-001-V2-99,"['O-20250117-044500-001-V2-296', 'O-20250117-044500-001-V2-297']",,,,,['V2_POS1'],37d8ce70-02f2-416f-8560-60c96f0c734c,1737089100000000000,1737089100000000000,,,,,,,
O-20250117-044500-001-V2-296,BACKTESTER-001,MLSignalStrategyV2-V2,EUR/USD.IDEALPRO,IDEALPRO-1-296,EUR/USD.IDEALPRO-MLSignalStrategyV2-V2,IDEALPRO-001,IDEALPRO-1-32193,STOP_MARKET,SELL,100000.00,GTC,True,False,100000.00,TAKER,1.02904,2.999999999997449e-05,['2.06 USD'],NO_TRIGGER,FILLED,OUO,OL-20250117-044500-001-V2-99,['O-20250117-044500-001-V2-297'],O-20250117-044500-001-V2-295,,,,['V2_POS1_SL'],c5c308ba-4e4f-42e4-84dd-49b7fd7e623c,1737089100000000000,1737091380000000000,1.02907,DEFAULT,,,,,
O-20250117-044500-001-V2-297,BACKTESTER-001,MLSignalStrategyV2-V2,EUR/USD.IDEALPRO,IDEALPRO-1-297,EUR/USD.IDEALPRO-MLSignalStrategyV2-V2,IDEALPRO-001,,LIMIT,SELL,100000.00,GTC,True,False,0.00,NO_LIQUIDITY_SIDE,,,,NO_TRIGGER,CANCELED,OUO,OL-20250117-044500-001-V2-99,['O-20250117-044500-001-V2-296'],O-20250117-044500-001-V2-295,,,,['V2_POS1_TP'],4e0287eb-d0bf-4a27-8195-c90044cf9e71,1737089100000000000,1737091380000000000,,,,,1.02959,False,
O-20250117-054500-001-V2-298,BACKTESTER-001,MLSignalStrategyV2-V2,EUR/USD.IDEALPRO,IDEALPRO-1-298,EUR/USD.IDEALPRO-MLSignalStrategyV2-V2,IDEALPRO-001,IDEALPRO-1-32238,MARKET,SELL,100000.00,GTC,False,False,100000.00,TAKER,1.02895,0.0,['2.06 USD'],NO_TRIGGER,FILLED,OTO,OL-20250117-054500-001-V2-100,"['O-20250117-054500-001-V2-299', 'O-20250117-054500-001-V2-300']",,,,,['V2_POS1'],62cc82c4-344c-4f06-a8a2-aa3d942bdd4c,1737092700000000000,1737092700000000000,,,,,,,
O-20250117-054500-001-V2-299,BACKTESTER-001,MLSignalStrategyV2-V2,EUR/USD.IDEALPRO,IDEALPRO-1-299,EUR/USD.IDEALPRO-MLSignalStrategyV2-V2,IDEALPRO-001,IDEALPRO-1-32261,STOP_MARKET,BUY,100000.00,GTC,True,False,100000.00,TAKER,1.02922,1.0000000000065512e-05,['2.06 USD'],NO_TRIGGER,FILLED,OUO,OL-20250117-054500-001-V2-100,['O-20250117-054500-001-V2-300'],O-20250117-054500-001-V2-298,,,,['V2_POS1_SL'],c616f545-462b-4e50-a116-b79e54b9b886,1737092700000000000,1737093360000000000,1.02921,DEFAULT,,,,,
O-20250117-054500-001-V2-300,BACKTESTER-001,MLSignalStrategyV2-V2,EUR/USD.IDEALPRO,IDEALPRO-1-300,EUR/USD.IDEALPRO-MLSignalStrategyV2-V2,IDEALPRO-001,,LIMIT,BUY,100000.00,GTC,True,False,0.00,NO_LIQUIDITY_SIDE,,,,NO_TRIGGER,CANCELED,OUO,OL-20250117-054500-001-V2-100,['O-20250117-054500-001-V2-299'],O-20250117-054500-001-V2-298,,,,['V2_POS1_TP'],3792d4ab-afa4-41f7-97c5-bce496924574,1737092700000000000,1737093360000000000,,,,,1.02869,False,
O-20250117-064500-001-V2-301,BACKTESTER-001,MLSignalStrategyV2-V2,EUR/USD.IDEALPRO,IDEALPRO-1-301,EUR/USD.IDEALPRO-MLSignalStrategyV2-V2,IDEALPRO-001,IDEALPRO-1-32360,MARKET,SELL,100000.00,GTC,False,False,100000.00,TAKER,1.02879,0.0,['2.06 USD'],NO_TRIGGER,FILLED,OTO,OL-20250117-064500-001-V2-101,"['O-20250117-064500-001-V2-302', 'O-20250117-064500-001-V2-303']",,,,,['V2_POS1'],e78891d1-36da-4754-95f9-4a4a3dfd8c6b,1737096300000000000,1737096300000000000,,,,,,,
O-20250117-064500-001-V2-302,BACKTESTER-001,MLSignalStrategyV2-V2,EUR/USD.IDEALPRO,IDEALPRO-1-302,EUR/USD.IDEALPRO-MLSignalStrategyV2-V2,IDEALPRO-001,IDEALPRO-1-32387,STOP_MARKET,BUY,100000.00,GTC,True,False,100000.00,TAKER,1.02913,2.0000000000131024e-05,['2.06 USD'],NO_TRIGGER,FILLED,OUO,OL-20250117-064500-001-V2-101,['O-20250117-064500-001-V2-303'],O-20250117-064500-001-V2-301,,,,['V2_POS1_SL'],251af3ec-2213-4e25-b1a7-fa78b900ae91,1737096300000000000,1737097080000000000,1.02911,DEFAULT,,,,,
O-20250117-064500-001-V2-303,BACKTESTER-001,MLSignalStrategyV2-V2,EUR/USD.IDEALPRO,IDEALPRO-1-303,EUR/USD.IDEALPRO-MLSignalStrategyV2-V2,IDEALPRO-001,,LIMIT,BUY,100000.00,GTC,True,False,0.00,NO_LIQUIDITY_SIDE,,,,NO_TRIGGER,CANCELED,OUO,OL-20250117-064500-001-V2-101,['O-20250117-064500-001-V2-302'],O-20250117-064500-001-V2-301,,,,['V2_POS1_TP'],d2a49e0f-6ed2-42f7-bccd-771c5e799510,1737096300000000000,1737097080000000000,,,,,1.02847,False,
O-20250117-080000-001-V2-304,BACKTESTER-001,MLSignalStrategyV2-V2,EUR/USD.IDEALPRO,IDEALPRO-1-304,EUR/USD.IDEALPRO-MLSignalStrategyV2-V2,IDEALPRO-001,IDEALPRO-1-32512,MARKET,SELL,100000.00,GTC,False,False,100000.00,TAKER,1.02844,0.0,['2.06 USD'],NO_TRIGGER,FILLED,OTO,OL-20250117-080000-001-V2-102,"['O-20250117-080000-001-V2-305', 'O-20250117-080000-001-V2-306']",,,,,['V2_POS1'],7f0db0ee-da40-4744-ab30-9d7956dcd8a3,1737100800000000000,1737100800000000000,,,,,,,
O-20250117-080000-001-V2-305,BACKTESTER-001,MLSignalStrategyV2-V2,EUR/USD.IDEALPRO,IDEALPRO-1-305,EUR/USD.IDEALPRO-MLSignalStrategyV2-V2,IDEALPRO-001,IDEALPRO-1-32517,STOP_MARKET,BUY,100000.00,GTC,True,False,100000.00,TAKER,1.02888,2.999999999997449e-05,['2.06 USD'],NO_TRIGGER,FILLED,OUO,OL-20250117-080000-001-V2-102,['O-20250117-080000-001-V2-306'],O-20250117-080000-001-V2-304,,,,['V2_POS1_SL'],ec121b78-4dea-4aa0-b765-1c2930d5528e,1737100800000000000,1737100920000000000,1.02885,DEFAULT,,,,,
O-20250117-080000-001-V2-306,BACKTESTER-001,MLSignalStrategyV2-V2,EUR/USD.IDEALPRO,IDEALPRO-1-306,EUR/USD.IDEALPRO-MLSignalStrategyV2-V2,IDEALPRO-001,,LIMIT,BUY,100000.00,GTC,True,False,0.00,NO_LIQUIDITY_SIDE,,,,NO_TRIGGER,CANCELED,OUO,OL-20250117-080000-001-V2-102,['O-20250117-080000-001-V2-305'],O-20250117-080000-001-V2-304,,,,['V2_POS1_TP'],7cbb2118-1839-4d75-b2b6-bda374a80996,1737100800000000000,1737100920000000000,,,,,1.02805,False,
O-20250119-224500-001-V2-307,BACKTESTER-001,MLSignalStrategyV2-V2,EUR/USD.IDEALPRO,IDEALPRO-1-307,EUR/USD.IDEALPRO-MLSignalStrategyV2-V2,IDEALPRO-001,IDEALPRO-1-34253,MARKET,BUY,100000.00,GTC,False,False,100000.00,TAKER,1.02756,0.0,['2.06 USD'],NO_TRIGGER,FILLED,OTO,OL-20250119-224500-001-V2-103,"['O-20250119-224500-001-V2-308', 'O-20250119-224500-001-V2-309']",,,,,['V2_POS1'],eb8e6853-694b-4034-8928-a7f4ae5a6023,1737326700000000000,1737326700000000000,,,,,,,
O-20250119-224500-001-V2-308,BACKTESTER-001,MLSignalStrategyV2-V2,EUR/USD.IDEALPRO,IDEALPRO-1-308,EUR/USD.IDEALPRO-MLSignalStrategyV2-V2,IDEALPRO-001,,STOP_MARKET,SELL,100000.00,GTC,True,False,0.00,NO_LIQUIDITY_SIDE,,,,NO_TRIGGER,CANCELED,OUO,OL-20250119-224500-001-V2-103,['O-20250119-224500-001-V2-309'],O-20250119-224500-001-V2-307,,,,['V2_POS1_SL'],2bbf964f-04be-44ec-89fd-b40e7ce4d985,1737326700000000000,1737327420000000000,1.02715,DEFAULT,,,,,
O-20250119-224500-001-V2-309,BACKTESTER-001,MLSignalStrategyV2-V2,EUR/USD.IDEALPRO,IDEALPRO-1-309,EUR/USD.IDEALPRO-MLSignalStrategyV2-V2,IDEALPRO-001,IDEALPRO-1-34279,LIMIT,SELL,100000.00,GTC,True,False,100000.00,MAKER,1.02847,-0.0005399999999999849,['2.06 USD'],NO_TRIGGER,FILLED,OUO,OL-20250119-224500-001-V2-103,['O-20250119-224500-001-V2-308'],O-20250119-224500-001-V2-307,,,,['V2_POS1_TP'],bf8fee30-1b29-4179-a65e-202bef22589f,1737326700000000000,1737327420000000000,,,,,1.02793,False,
O-20250119-230000-001-V2-310,BACKTESTER-001,MLSignalStrategyV2-V2,EUR/USD.IDEALPRO,IDEALPRO-1-310,EUR/USD.IDEALPRO-MLSignalStrategyV2-V2,IDEALPRO-001,IDEALPRO-1-34287,MARKET,BUY,100000.00,GTC,False,False,100000.00,TAKER,1.02805,0.0,['2.06 USD'],NO_TRIGGER,FILLED,OTO,OL-20250119-230000-001-V2-104,"['O-20250119-230000-001-V2-311', 'O-20250119-230000-001-V2-312']",,,,,['V2_POS1'],e2902e1b-b4f8-4bea-a7dc-168ff26691f6,1737327600000000000,1737327600000000000,,,,,,,
O-20250119-230000-001-V2-311,BACKTESTER-001,MLSignalStrategyV2-V2,EUR/USD.IDEALPRO,IDEALPRO-1-311,EUR/USD.IDEALPRO-MLSignalStrategyV2-V2,IDEALPRO-001,IDEALPRO-1-34289,STOP_MARKET,SELL,100000.00,GTC,True,False,100000.00,TAKER,1.02747,0.00011999999999989797,['2.05 USD'],NO_TRIGGER,FILLED,OUO,OL-20250119-230000-001-V2-104,['O-20250119-230000-001-V2-312'],O-20250119-230000-001-V2-310,,,,['V2_POS1_SL'],8acb0999-c8f5-4a49-b899-4040112a8f28,1737327600000000000,1737327660000000000,1.02759,DEFAULT,,,,,
O-20250119-230000-001-V2-312,BACKTESTER-001,MLSignalStrategyV2-V2,EUR/USD.IDEALPRO,IDEALPRO-1-312,EUR/USD.IDEALPRO-MLSignalStrategyV2-V2,IDEALPRO-001,,LIMIT,SELL,100000.00,GTC,True,False,0.00,NO_LIQUIDITY_SIDE,,,,NO_TRIGGER,CANCELED,OUO,OL-20250119-230000-001-V2-104,['O-20250119-230000-001-V2-311'],O-20250119-230000-001-V2-310,,,,['V2_POS1_TP'],588e6974-2780-4f87-9f1c-1d0be629a56f,1737327600000000000,1737327660000000000,,,,,1.02851,False,
O-20250119-233000-001-V2-313,BACKTESTER-001,MLSignalStrategyV2-V2,EUR/USD.IDEALPRO,IDEALPRO-1-313,EUR/USD.IDEALPRO-MLSignalStrategyV2-V2,IDEALPRO-001,IDEALPRO-1-34348,MARKET,BUY,100000.00,GTC,False,False,100000.00,TAKER,1.02685,0.0,['2.05 USD'],NO_TRIGGER,FILLED,OTO,OL-20250119-233000-001-V2-105,"['O-20250119-233000-001-V2-314', 'O-20250119-233000-001-V2-315']",,,,,['V2_POS1'],15867b78-8544-413c-aeec-1795eafd86aa,1737329400000000000,1737329400000000000,,,,,,,
O-20250119-233000-001-V2-314,BACKTESTER-001,MLSignalStrategyV2-V2,EUR/USD.IDEALPRO,IDEALPRO-1-314,EUR/USD.IDEALPRO-MLSignalStrategyV2-V2,IDEALPRO-001,,STOP_MARKET,SELL,100000.00,GTC,True,False,0.00,NO_LIQUIDITY_SIDE,,,,NO_TRIGGER,CANCELED,OUO,OL-20250119-233000-001-V2-105,['O-20250119-233000-001-V2-315'],O-20250119-233000-001-V2-313,,,,['V2_POS1_SL'],cbd86f6f-0bbb-4168-9df9-5aa27b92048b,1737329400000000000,1737329820000000000,1.02634,DEFAULT,,,,,
O-20250119-233000-001-V2-315,BACKTESTER-001,MLSignalStrategyV2-V2,EUR/USD.IDEALPRO,IDEALPRO-1-315,EUR/USD.IDEALPRO-MLSignalStrategyV2-V2,IDEALPRO-001,IDEALPRO-1-34363,LIMIT,SELL,100000.00,GTC,True,False,100000.00,MAKER,1.02736,0.0,['2.05 USD'],NO_TRIGGER,FILLED,OUO,OL-20250119-233000-001-V2-105,['O-20250119-233000-001-V2-314'],O-20250119-233000-001-V2-313,,,,['V2_POS1_TP'],2e4a0a08-5906-4901-b3e9-af890e1d1088,1737329400000000000,1737329820000000000,,,,,1.02736,False,
O-20250119-234500-001-V2-316,BACKTESTER-001,MLSignalStrategyV2-V2,EUR/USD.IDEALPRO,IDEALPRO-1-316,EUR/USD.IDEALPRO-MLSignalStrategyV2-V2,IDEALPRO-001,IDEALPRO-1-34380,MARKET,BUY,100000.00,GTC,False,False,100000.00,TAKER,1.02732,0.0,['2.05 USD'],NO_TRIGGER,FILLED,OTO,OL-20250119-234500-001-V2-106,"['O-20250119-234500-001-V2-317', 'O-20250119-234500-001-V2-318']",,,,,['V2_POS1'],3841d069-658c-4e8f-9dce-1b7072784842,1737330300000000000,1737330300000000000,,,,,,,
O-20250119-234500-001-V2-317,BACKTESTER-001,MLSignalStrategyV2-V2,EUR/USD.IDEALPRO,IDEALPRO-1-317,EUR/USD.IDEALPRO-MLSignalStrategyV2-V2,IDEALPRO-001,,STOP_MARKET,SELL,100000.00,GTC,True,False,0.00,NO_LIQUIDITY_SIDE,,,,NO_TRIGGER,CANCELED,OUO,OL-20250119-234500-001-V2-106,['O-20250119-234500-001-V2-318'],O-20250119-234500-001-V2-316,,,,['V2_POS1_SL'],b2322d8c-7267-4dc9-b26b-f15a79a234ae,1737330300000000000,1737331140000000000,1.02680,DEFAULT,,,,,
O-20250119-234500-001-V2-318,BACKTESTER-001,MLSignalStrategyV2-V2,EUR/USD.IDEALPRO,IDEALPRO-1-318,EUR/USD.IDEALPRO-MLSignalStrategyV2-V2,IDEALPRO-001,IDEALPRO-1-34409,LIMIT,SELL,100000.00,GTC,True,False,100000.00,MAKER,1.02794,-0.00012000000000012001,['2.06 USD'],NO_TRIGGER,FILLED,OUO,OL-20250119-234500-001-V2-106,['O-20250119-234500-001-V2-317'],O-20250119-234500-001-V2-316,,,,['V2_POS1_TP'],4f2ca291-6995-4a3c-ac04-fc6f93417ff3,1737330300000000000,1737331140000000000,,,,,1.02782,False,
O-20250120-033000-001-V2-319,BACKTESTER-001,MLSignalStrategyV2-V2,EUR/USD.IDEALPRO,IDEALPRO-1-319,EUR/USD.IDEALPRO-MLSignalStrategyV2-V2,IDEALPRO-001,IDEALPRO-1-34832,MARKET,SELL,100000.00,GTC,False,False,100000.00,TAKER,1.02956,0.0,['2.06 USD'],NO_TRIGGER,FILLED,OTO,OL-20250120-033000-001-V2-107,"['O-20250120-033000-001-V2-320', 'O-20250120-033000-001-V2-321']",,,,,['V2_POS1'],14721645-37ae-4f9c-af79-ec49113548bd,1737343800000000000,1737343800000000000,,,,,,,
O-20250120-033000-001-V2-320,BACKTESTER-001,MLSignalStrategyV2-V2,EUR/USD.IDEALPRO,IDEALPRO-1-320,EUR/USD.IDEALPRO-MLSignalStrategyV2-V2,IDEALPRO-001,IDEALPRO-1-34837,STOP_MARKET,BUY,100000.00,GTC,True,False,100000.00,TAKER,1.03005,9.999999999998899e-05,['2.06 USD'],NO_TRIGGER,FILLED,OUO,OL-20250120-033000-001-V2-107,['O-20250120-033000-001-V2-321'],O-20250120-033000-001-V2-319,,,,['V2_POS1_SL'],2d16ebc0-80d5-451a-9fd8-2e8752d624b9,1737343800000000000,1737343920000000000,1.02995,DEFAULT,,,,,
O-20250120-033000-001-V2-321,BACKTESTER-001,MLSignalStrategyV2-V2,EUR/USD.IDEALPRO,IDEALPRO-1-321,EUR/USD.IDEALPRO-MLSignalStrategyV2-V2,IDEALPRO-001,,LIMIT,BUY,100000.00,GTC,True,False,0.00,NO_LIQUIDITY_SIDE,,,,NO_TRIGGER,CANCELED,OUO,OL-20250120-033000-001-V2-107,['O-20250120-033000-001-V2-320'],O-20250120-033000-001-V2-319,,,,['V2_POS1_TP'],5291affd-b7e3-4b91-823b-28aee29199f5,1737343800000000000,1737343920000000000,,,,,1.02917,False,
O-20250120-073000-001-V2-322,BACKTESTER-001,MLSignalStrategyV2-V2,EUR/USD.IDEALPRO,IDEALPRO-1-322,EUR/USD.IDEALPRO-MLSignalStrategyV2-V2,IDEALPRO-001,IDEALPRO-1-35314,MARKET,SELL,100000.00,GTC,False,False,100000.00,TAKER,1.03104,0.0,['2.06 USD'],NO_TRIGGER,FILLED,OTO,OL-20250120-073000-001-V2-108,"['O-20250120-073000-001-V2-323', 'O-20250120-073000-001-V2-324']",,,,,['V2_POS1'],5852da79-4ede-4441-9c75-e1645aeaeb81,1737358200000000000,1737358200000000000,,,,,,,
O-20250120-073000-001-V2-323,BACKTESTER-001,MLSignalStrategyV2-V2,EUR/USD.IDEALPRO,IDEALPRO-1-323,EUR/USD.IDEALPRO-MLSignalStrategyV2-V2,IDEALPRO-001,IDEALPRO-1-35341,STOP_MARKET,BUY,100000.00,GTC,True,False,100000.00,TAKER,1.03167,0.00016000000000016001,['2.06 USD'],NO_TRIGGER,FILLED,OUO,OL-20250120-073000-001-V2-108,['O-20250120-073000-001-V2-324'],O-20250120-073000-001-V2-322,,,,['V2_POS1_SL'],c0b39706-3726-4d3c-a1af-021e853ceeaf,1737358200000000000,1737358980000000000,1.03151,DEFAULT,,,,,
O-20250120-073000-001-V2-324,BACKTESTER-001,MLSignalStrategyV2-V2,EUR/USD.IDEALPRO,IDEALPRO-1-324,EUR/USD.IDEALPRO-MLSignalStrategyV2-V2,IDEALPRO-001,,LIMIT,BUY,100000.00,GTC,True,False,0.00,NO_LIQUIDITY_SIDE,,,,NO_TRIGGER,CANCELED,OUO,OL-20250120-073000-001-V2-108,['O-20250120-073000-001-V2-323'],O-20250120-073000-001-V2-322,,,,['V2_POS1_TP'],0b23122f-0e1b-41b2-8a05-4b4e07e2fc52,1737358200000000000,1737358980000000000,,,,,1.03057,False,
O-20250120-074500-001-V2-325,BACKTESTER-001,MLSignalStrategyV2-V2,EUR/USD.IDEALPRO,IDEALPRO-1-325,EUR/USD.IDEALPRO-MLSignalStrategyV2-V2,IDEALPRO-001,IDEALPRO-1-35346,MARKET,SELL,100000.00,GTC,False,False,100000.00,TAKER,1.03173,0.0,['2.06 USD'],NO_TRIGGER,FILLED,OTO,OL-20250120-074500-001-V2-109,"['O-20250120-074500-001-V2-326', 'O-20250120-074500-001-V2-327']",,,,,['V2_POS1'],84b8a65d-4f23-4ac6-b3ea-4f526543909d,1737359100000000000,1737359100000000000,,,,,,,
O-20250120-074500-001-V2-326,BACKTESTER-001,MLSignalStrategyV2-V2,EUR/USD.IDEALPRO,IDEALPRO-1-326,EUR/USD.IDEALPRO-MLSignalStrategyV2-V2,IDEALPRO-001,,STOP_MARKET,BUY,100000.00,GTC,True,False,0.00,NO_LIQUIDITY_SIDE,,,,NO_TRIGGER,CANCELED,OUO,OL-20250120-074500-001-V2-109,['O-20250120-074500-001-V2-327'],O-20250120-074500-001-V2-325,,,,['V2_POS1_SL'],989c8879-149d-4b6b-acc8-979a3e79e0eb,1737359100000000000,1737359580000000000,1.03224,DEFAULT,,,,,
O-20250120-074500-001-V2-327,BACKTESTER-001,MLSignalStrategyV2-V2,EUR/USD.IDEALPRO,IDEALPRO-1-327,EUR/USD.IDEALPRO-MLSignalStrategyV2-V2,IDEALPRO-001,IDEALPRO-1-35363,LIMIT,BUY,100000.00,GTC,True,False,100000.00,MAKER,1.03121,-2.999999999997449e-05,['2.06 USD'],NO_TRIGGER,FILLED,OUO,OL-20250120-074500-001-V2-109,['O-20250120-074500-001-V2-326'],O-20250120-074500-001-V2-325,,,,['V2_POS1_TP'],a9044397-d047-483a-9181-18baf35915db,1737359100000000000,1737359580000000000,,,,,1.03124,False,
O-20250120-113000-001-V2-328,BACKTESTER-001,MLSignalStrategyV2-V2,EUR/USD.IDEALPRO,IDEALPRO-1-328,EUR/USD.IDEALPRO-MLSignalStrategyV2-V2,IDEALPRO-001,IDEALPRO-1-35798,MARKET,BUY,100000.00,GTC,False,False,100000.00,TAKER,1.03214,0.0,['2.06 USD'],NO_TRIGGER,FILLED,OTO,OL-20250120-113000-001-V2-110,"['O-20250120-113000-001-V2-329', 'O-20250120-113000-001-V2-330']",,,,,['V2_POS1'],9ac1f519-baba-43e9-bcd8-29aa9b75e1d4,1737372600000000000,1737372600000000000,,,,,,,
O-20250120-113000-001-V2-329,BACKTESTER-001,MLSignalStrategyV2-V2,EUR/USD.IDEALPRO,IDEALPRO-1-329,EUR/USD.IDEALPRO-MLSignalStrategyV2-V2,IDEALPRO-001,IDEALPRO-1-35917,STOP_MARKET,SELL,100000.00,GTC,True,False,100000.00,TAKER,1.03154,1.0000000000065512e-05,['2.06 USD'],NO_TRIGGER,FILLED,OUO,OL-20250120-113000-001-V2-110,['O-20250120-113000-001-V2-330'],O-20250120-113000-001-V2-328,,,,['V2_POS1_SL'],31d8afeb-7484-4ed7-8340-70ec26fb73ab,1737372600000000000,1737376140000000000,1.03155,DEFAULT,,,,,
O-20250120-113000-001-V2-330,BACKTESTER-001,MLSignalStrategyV2-V2,EUR/USD.IDEALPRO,IDEALPRO-1-330,EUR/USD.IDEALPRO-MLSignalStrategyV2-V2,IDEALPRO-001,,LIMIT,SELL,100000.00,GTC,True,False,0.00,NO_LIQUIDITY_SIDE,,,,NO_TRIGGER,CANCELED,OUO,OL-20250120-113000-001-V2-110,['O-20250120-113000-001-V2-329'],O-20250120-113000-001-V2-328,,,,['V2_POS1_TP'],9397a4a6-f267-428c-ad1d-5d896464aa26,1737372600000000000,1737376140000000000,,,,,1.03273,False,
O-20250120-134500-001-V2-331,BACKTESTER-001,MLSignalStrategyV2-V2,EUR/USD.IDEALPRO,IDEALPRO-1-331,EUR/USD.IDEALPRO-MLSignalStrategyV2-V2,IDEALPRO-001,IDEALPRO-1-36070,MARKET,SELL,100000.00,GTC,False,False,100000.00,TAKER,1.03806,0.0,['2.08 USD'],NO_TRIGGER,FILLED,OTO,OL-20250120-134500-001-V2-111,"['O-20250120-134500-001-V2-332', 'O-20250120-134500-001-V2-333']",,,,,['V2_POS1'],ac84f57c-7d13-4a13-ab00-992c76e8058f,1737380700000000000,1737380700000000000,,,,,,,
O-20250120-134500-001-V2-332,BACKTESTER-001,MLSignalStrategyV2-V2,EUR/USD.IDEALPRO,IDEALPRO-1-332,EUR/USD.IDEALPRO-MLSignalStrategyV2-V2,IDEALPRO-001,IDEALPRO-1-36077,STOP_MARKET,BUY,100000.00,GTC,True,False,100000.00,TAKER,1.03919,9.999999999998899e-05,['2.08 USD'],NO_TRIGGER,FILLED,OUO,OL-20250120-134500-001-V2-111,['O-20250120-134500-001-V2-333'],O-20250120-134500-001-V2-331,,,,['V2_POS1_SL'],47cc57f7-1717-4acf-a685-cf3210455294,1737380700000000000,1737380880000000000,1.03909,DEFAULT,,,,,
O-20250120-134500-001-V2-333,BACKTESTER-001,MLSignalStrategyV2-V2,EUR/USD.IDEALPRO,IDEALPRO-1-333,EUR/USD.IDEALPRO-MLSignalStrategyV2-V2,IDEALPRO-001,,LIMIT,BUY,100000.00,GTC,True,False,0.00,NO_LIQUIDITY_SIDE,,,,NO_TRIGGER,CANCELED,OUO,OL-20250120-134500-001-V2-111,['O-20250120-134500-001-V2-332'],O-20250120-134500-001-V2-331,,,,['V2_POS1_TP'],4afb63e6-bf5a-49b7-a6af-6009951b3f40,1737380700000000000,1737380880000000000,,,,,1.03705,False,
O-20250120-141500-001-V2-334,BACKTESTER-001,MLSignalStrategyV2-V2,EUR/USD.IDEALPRO,IDEALPRO-1-334,EUR/USD.IDEALPRO-MLSignalStrategyV2-V2,IDEALPRO-001,IDEALPRO-1-36132,MARKET,SELL,100000.00,GTC,False,False,100000.00,TAKER,1.03899,0.0,['2.08 USD'],NO_TRIGGER,FILLED,OTO,OL-20250120-141500-001-V2-112,"['O-20250120-141500-001-V2-335', 'O-20250120-141500-001-V2-336']",,,,,['V2_POS1'],73ac8f52-c06d-4f43-aee0-8bb18e0859ee,1737382500000000000,1737382500000000000,,,,,,,
O-20250120-141500-001-V2-335,BACKTESTER-001,MLSignalStrategyV2-V2,EUR/USD.IDEALPRO,IDEALPRO-1-335,EUR/USD.IDEALPRO-MLSignalStrategyV2-V2,IDEALPRO-001,IDEALPRO-1-36185,STOP_MARKET,BUY,100000.00,GTC,True,False,100000.00,TAKER,1.04069,0.00017000000000000348,['2.08 USD'],NO_TRIGGER,FILLED,OUO,OL-20250120-141500-001-V2-112,['O-20250120-141500-001-V2-336'],O-20250120-141500-001-V2-334,,,,['V2_POS1_SL'],2572b315-dc27-4c89-bf4e-c49ad7c6a322,1737382500000000000,1737384060000000000,1.04052,DEFAULT,,,,,
O-20250120-141500-001-V2-336,BACKTESTER-001,MLSignalStrategyV2-V2,EUR/USD.IDEALPRO,IDEALPRO-1-336,EUR/USD.IDEALPRO-MLSignalStrategyV2-V2,IDEALPRO-001,,LIMIT,BUY,100000.00,GTC,True,False,0.00,NO_LIQUIDITY_SIDE,,,,NO_TRIGGER,CANCELED,OUO,OL-20250120-141500-001-V2-112,['O-20250120-141500-001-V2-335'],O-20250120-141500-001-V2-334,,,,['V2_POS1_TP'],7a4b2daa-9d23-479c-b13b-a1fe8ab48842,1737382500000000000,1737384060000000000,,,,,1.03748,False,
O-20250120-153000-001-V2-337,BACKTESTER-001,MLSignalStrategyV2-V2,EUR/USD.IDEALPRO,IDEALPRO-1-337,EUR/USD.IDEALPRO-MLSignalStrategyV2-V2,IDEALPRO-001,IDEALPRO-1-36284,MARKET,SELL,100000.00,GTC,False,False,100000.00,TAKER,1.04034,0.0,['2.08 USD'],NO_TRIGGER,FILLED,OTO,OL-20250120-153000-001-V2-113,"['O-20250120-153000-001-V2-338', 'O-20250120-153000-001-V2-339']",,,,,['V2_POS1'],75f4d5ce-45b4-485e-9309-06f54b38b3a3,1737387000000000000,1737387000000000000,,,,,,,
O-20250120-153000-001-V2-338,BACKTESTER-001,MLSignalStrategyV2-V2,EUR/USD.IDEALPRO,IDEALPRO-1-338,EUR/USD.IDEALPRO-MLSignalStrategyV2-V2,IDEALPRO-001,,STOP_MARKET,BUY,100000.00,GTC,True,False,0.00,NO_LIQUIDITY_SIDE,,,,NO_TRIGGER,CANCELED,OUO,OL-20250120-153000-001-V2-113,['O-20250120-153000-001-V2-339'],O-20250120-153000-001-V2-337,,,,['V2_POS1_SL'],57d90182-8a69-4908-9215-95616cc4485e,1737387000000000000,1737387960000000000,1.04213,DEFAULT,,,,,
O-20250120-153000-001-V2-339,BACKTESTER-001,MLSignalStrategyV2-V2,EUR/USD.IDEALPRO,IDEALPRO-1-339,EUR/USD.IDEALPRO-MLSignalStrategyV2-V2,IDEALPRO-001,IDEALPRO-1-36317,LIMIT,BUY,100000.00,GTC,True,False,100000.00,MAKER,1.03849,-6.000000000017103e-05,['2.08 USD'],NO_TRIGGER,FILLED,OUO,OL-20250120-153000-001-V2-113,['O-20250120-153000-001-V2-338'],O-20250120-153000-001-V2-337,,,,['V2_POS1_TP'],d19ac382-0db6-44ac-a230-52df909d89b8,1737387000000000000,1737387960000000000,,,,,1.03855,False,
O-20250120-160000-001-V2-340,BACKTESTER-001,MLSignalStrategyV2-V2,EUR/USD.IDEALPRO,IDEALPRO-1-340,EUR/USD.IDEALPRO-MLSignalStrategyV2-V2,IDEALPRO-001,IDEALPRO-1-36346,MARKET,SELL,100000.00,GTC,False,False,100000.00,TAKER,1.04006,0.0,['2.08 USD'],NO_TRIGGER,FILLED,OTO,OL-20250120-160000-001-V2-114,"['O-20250120-160000-001-V2-341', 'O-20250120-160000-001-V2-342']",,,,,['V2_POS1'],16ad6946-69ae-4a7e-98a7-ef36d7fae0a4,1737388800000000000,1737388800000000000,,,,,,,
O-20250120-160000-001-V2-341,BACKTESTER-001,MLSignalStrategyV2-V2,EUR/USD.IDEALPRO,IDEALPRO-1-341,EUR/USD.IDEALPRO-MLSignalStrategyV2-V2,IDEALPRO-001,,STOP_MARKET,BUY,100000.00,GTC,True,False,0.00,NO_LIQUIDITY_SIDE,,,,NO_TRIGGER,CANCELED,OUO,OL-20250120-160000-001-V2-114,['O-20250120-160000-001-V2-342'],O-20250120-160000-001-V2-340,,,,['V2_POS1_SL'],749d5bd9-8673-4afe-8e55-4e48a4e8328c,1737388800000000000,1737393120000000000,1.04187,DEFAULT,,,,,
O-20250120-160000-001-V2-342,BACKTESTER-001,MLSignalStrategyV2-V2,EUR/USD.IDEALPRO,IDEALPRO-1-342,EUR/USD.IDEALPRO-MLSignalStrategyV2-V2,IDEALPRO-001,IDEALPRO-1-36491,LIMIT,BUY,100000.00,GTC,True,False,100000.00,MAKER,1.03812,-0.0001500000000000945,['2.08 USD'],NO_TRIGGER,FILLED,OUO,OL-20250120-160000-001-V2-114,['O-20250120-160000-001-V2-341'],O-20250120-160000-001-V2-340,,,,['V2_POS1_TP'],577f1785-c9e0-47c5-ab56-104ba1e0c2e1,1737388800000000000,1737393120000000000,,,,,1.03827,False,
O-20250120-183000-001-V2-343,BACKTESTER-001,MLSignalStrategyV2-V2,EUR/USD.IDEALPRO,IDEALPRO-1-343,EUR/USD.IDEALPRO-MLSignalStrategyV2-V2,IDEALPRO-001,IDEALPRO-1-36648,MARKET,BUY,100000.00,GTC,False,False,100000.00,TAKER,1.03859,0.0,['2.08 USD'],NO_TRIGGER,FILLED,OTO,OL-20250120-183000-001-V2-115,"['O-20250120-183000-001-V2-344', 'O-20250120-183000-001-V2-345']",,,,,['V2_POS1'],76f93ea6-4abe-45bb-8619-c187dc8683a4,1737397800000000000,1737397800000000000,,,,,,,
O-20250120-183000-001-V2-344,BACKTESTER-001,MLSignalStrategyV2-V2,EUR/USD.IDEALPRO,IDEALPRO-1-344,EUR/USD.IDEALPRO-MLSignalStrategyV2-V2,IDEALPRO-001,,STOP_MARKET,SELL,100000.00,GTC,True,False,0.00,NO_LIQUIDITY_SIDE,,,,NO_TRIGGER,CANCELED,OUO,OL-20250120-183000-001-V2-115,['O-20250120-183000-001-V2-345'],O-20250120-183000-001-V2-343,,,,['V2_POS1_SL'],2e012d8c-be91-4d68-8135-67c659b8a034,1737397800000000000,1737399720000000000,1.03722,DEFAULT,,,,,
O-20250120-183000-001-V2-345,BACKTESTER-001,MLSignalStrategyV2-V2,EUR/USD.IDEALPRO,IDEALPRO-1-345,EUR/USD.IDEALPRO-MLSignalStrategyV2-V2,IDEALPRO-001,IDEALPRO-1-36713,LIMIT,SELL,100000.00,GTC,True,False,100000.00,MAKER,1.03997,-1.0000000000065512e-05,['2.08 USD'],NO_TRIGGER,FILLED,OUO,OL-20250120-183000-001-V2-115,['O-20250120-183000-001-V2-344'],O-20250120-183000-001-V2-343,,,,['V2_POS1_TP'],d9f65a41-f560-42f0-96ce-e0679d70de9c,1737397800000000000,1737399720000000000,,,,,1.03996,False,
O-20250120-210000-001-V2-346,BACKTESTER-001,MLSignalStrategyV2-V2,EUR/USD.IDEALPRO,IDEALPRO-1-346,EUR/USD.IDEALPRO-MLSignalStrategyV2-V2,IDEALPRO-001,IDEALPRO-1-36951,MARKET,SELL,100000.00,GTC,False,False,100000.00,TAKER,1.04161,0.0,['2.08 USD'],NO_TRIGGER,FILLED,OTO,OL-20250120-210000-001-V2-116,"['O-20250120-210000-001-V2-347', 'O-20250120-210000-001-V2-348']",,,,,['V2_POS1'],dfafa790-46ea-4169-9a17-9f47065aebdc,1737406800000000000,1737406800000000000,,,,,,,
O-20250120-210000-001-V2-347,BACKTESTER-001,MLSignalStrategyV2-V2,EUR/USD.IDEALPRO,IDEALPRO-1-347,EUR/USD.IDEALPRO-MLSignalStrategyV2-V2,IDEALPRO-001,IDEALPRO-1-37289,STOP_MARKET,BUY,100000.00,GTC,True,False,100000.00,TAKER,1.04272,9.999999999998899e-05,['2.09 USD'],NO_TRIGGER,FILLED,OUO,OL-20250120-210000-001-V2-116,['O-20250120-210000-001-V2-348'],O-20250120-210000-001-V2-346,,,,['V2_POS1_SL'],47a3f83d-c82f-4a72-88e4-020536044060,1737406800000000000,1737417840000000000,1.04262,DEFAULT,,,,,
O-20250120-210000-001-V2-348,BACKTESTER-001,MLSignalStrategyV2-V2,EUR/USD.IDEALPRO,IDEALPRO-1-348,EUR/USD.IDEALPRO-MLSignalStrategyV2-V2,IDEALPRO-001,,LIMIT,BUY,100000.00,GTC,True,False,0.00,NO_LIQUIDITY_SIDE,,,,NO_TRIGGER,CANCELED,OUO,OL-20250120-210000-001-V2-116,['O-20250120-210000-001-V2-347'],O-20250120-210000-001-V2-346,,,,['V2_POS1_TP'],8cc4c701-3418-44e9-a2f5-4d510f15ec99,1737406800000000000,1737417840000000000,,,,,1.04060,False,
O-20250121-010000-001-V2-349,BACKTESTER-001,MLSignalStrategyV2-V2,EUR/USD.IDEALPRO,IDEALPRO-1-349,EUR/USD.IDEALPRO-MLSignalStrategyV2-V2,IDEALPRO-001,IDEALPRO-1-37402,MARKET,BUY,100000.00,GTC,False,False,100000.00,TAKER,1.03622,0.0,['2.07 USD'],NO_TRIGGER,FILLED,OTO,OL-20250121-010000-001-V2-117,"['O-20250121-010000-001-V2-350', 'O-20250121-010000-001-V2-351']",,,,,['V2_POS1'],2e6a5cf0-d769-49f3-82d8-ff687857b921,1737421200000000000,1737421200000000000,,,,,,,
O-20250121-010000-001-V2-350,BACKTESTER-001,MLSignalStrategyV2-V2,EUR/USD.IDEALPRO,IDEALPRO-1-350,EUR/USD.IDEALPRO-MLSignalStrategyV2-V2,IDEALPRO-001,,STOP_MARKET,SELL,100000.00,GTC,True,False,0.00,NO_LIQUIDITY_SIDE,,,,NO_TRIGGER,CANCELED,OUO,OL-20250121-010000-001-V2-117,['O-20250121-010000-001-V2-351'],O-20250121-010000-001-V2-349,,,,['V2_POS1_SL'],2b86441a-f71f-4bb5-bf45-8746ef128482,1737421200000000000,1737421860000000000,1.03511,DEFAULT,,,,,
O-20250121-010000-001-V2-351,BACKTESTER-001,MLSignalStrategyV2-V2,EUR/USD.IDEALPRO,IDEALPRO-1-351,EUR/USD.IDEALPRO-MLSignalStrategyV2-V2,IDEALPRO-001,IDEALPRO-1-37425,LIMIT,SELL,100000.00,GTC,True,False,100000.00,MAKER,1.03739,-5.999999999994898e-05,['2.07 USD'],NO_TRIGGER,FILLED,OUO,OL-20250121-010000-001-V2-117,['O-20250121-010000-001-V2-350'],O-20250121-010000-001-V2-349,,,,['V2_POS1_TP'],0f51c73f-9311-439f-bcee-ceeb5e837a6a,1737421200000000000,1737421860000000000,,,,,1.03733,False,
O-20250121-011500-001-V2-352,BACKTESTER-001,MLSignalStrategyV2-V2,EUR/USD.IDEALPRO,IDEALPRO-1-352,EUR/USD.IDEALPRO-MLSignalStrategyV2-V2,IDEALPRO-001,IDEALPRO-1-37434,MARKET,BUY,100000.00,GTC,False,False,100000.00,TAKER,1.03704,0.0,['2.07 USD'],NO_TRIGGER,FILLED,OTO,OL-20250121-011500-001-V2-118,"['O-20250121-011500-001-V2-353', 'O-20250121-011500-001-V2-354']",,,,,['V2_POS1'],528a66a0-93a8-4dc8-b40e-638df8f5ed1f,1737422100000000000,1737422100000000000,,,,,,,
O-20250121-011500-001-V2-353,BACKTESTER-001,MLSignalStrategyV2-V2,EUR/USD.IDEALPRO,IDEALPRO-1-353,EUR/USD.IDEALPRO-MLSignalStrategyV2-V2,IDEALPRO-001,,STOP_MARKET,SELL,100000.00,GTC,True,False,0.00,NO_LIQUIDITY_SIDE,,,,NO_TRIGGER,CANCELED,OUO,OL-20250121-011500-001-V2-118,['O-20250121-011500-001-V2-354'],O-20250121-011500-001-V2-352,,,,['V2_POS1_SL'],c371bacd-0473-4d7e-b835-35b88943147f,1737422100000000000,1737422640000000000,1.03556,DEFAULT,,,,,
O-20250121-011500-001-V2-354,BACKTESTER-001,MLSignalStrategyV2-V2,EUR/USD.IDEALPRO,IDEALPRO-1-354,EUR/USD.IDEALPRO-MLSignalStrategyV2-V2,IDEALPRO-001,IDEALPRO-1-37453,LIMIT,SELL,100000.00,GTC,True,False,100000.00,MAKER,1.0387,-0.00017999999999984695,['2.08 USD'],NO_TRIGGER,FILLED,OUO,OL-20250121-011500-001-V2-118,['O-20250121-011500-001-V2-353'],O-20250121-011500-001-V2-352,,,,['V2_POS1_TP'],ed0d4cc9-c2af-4a5d-b2c6-0346a5bf1680,1737422100000000000,1737422640000000000,,,,,1.03852,False,
O-20250121-013000-001-V2-355,BACKTESTER-001,MLSignalStrategyV2-V2,EUR/USD.IDEALPRO,IDEALPRO-1-355,EUR/USD.IDEALPRO-MLSignalStrategyV2-V2,IDEALPRO-001,IDEALPRO-1-37466,MARKET,BUY,100000.00,GTC,False,False,100000.00,TAKER,1.03843,0.0,['2.08 USD'],NO_TRIGGER,FILLED,OTO,OL-20250121-013000-001-V2-119,"['O-20250121-013000-001-V2-356', 'O-20250121-013000-001-V2-357']",,,,,['V2_POS1'],0f64448a-e3f6-40bd-abf0-c7a50ae66ea4,1737423000000000000,1737423000000000000,,,,,,,
O-20250121-013000-001-V2-356,BACKTESTER-001,MLSignalStrategyV2-V2,EUR/USD.IDEALPRO,IDEALPRO-1-356,EUR/USD.IDEALPRO-MLSignalStrategyV2-V2,IDEALPRO-001,IDEALPRO-1-37487,STOP_MARKET,SELL,100000.00,GTC,True,False,100000.00,TAKER,1.03677,8.000000000008001e-05,['2.07 USD'],NO_TRIGGER,FILLED,OUO,OL-20250121-013000-001-V2-119,['O-20250121-013000-001-V2-357'],O-20250121-013000-001-V2-355,,,,['V2_POS1_SL'],d56f379a-cc79-4d6d-a7f9-00158da42814,1737423000000000000,1737423600000000000,1.03685,DEFAULT,,,,,
O-20250121-013000-001-V2-357,BACKTESTER-001,MLSignalStrategyV2-V2,EUR/USD.IDEALPRO,IDEALPRO-1-357,EUR/USD.IDEALPRO-MLSignalStrategyV2-V2,IDEALPRO-001,,LIMIT,SELL,100000.00,GTC,True,False,0.00,NO_LIQUIDITY_SIDE,,,,NO_TRIGGER,CANCELED,OUO,OL-20250121-013000-001-V2-119,['O-20250121-013000-001-V2-356'],O-20250121-013000-001-V2-355,,,,['V2_POS1_TP'],c646b451-a530-42d1-a85f-eac19ce29f9d,1737423000000000000,1737423600000000000,,,,,1.03999,False,
O-20250121-020000-001-V2-358,BACKTESTER-001,MLSignalStrategyV2-V2,EUR/USD.IDEALPRO,IDEALPRO-1-358,EUR/USD.IDEALPRO-MLSignalStrategyV2-V2,IDEALPRO-001,IDEALPRO-1-37529,MARKET,BUY,100000.00,GTC,False,False,100000.00,TAKER,1.03703,0.0,['2.07 USD'],NO_TRIGGER,FILLED,OTO,OL-20250121-020000-001-V2-120,"['O-20250121-020000-001-V2-359', 'O-20250121-020000-001-V2-360']",,,,,['V2_POS1'],b1eb1954-0cff-4208-aae1-8ddec8eacac3,1737424800000000000,1737424800000000000,,,,,,,
O-20250121-020000-001-V2-359,BACKTESTER-001,MLSignalStrategyV2-V2,EUR/USD.IDEALPRO,IDEALPRO-1-359,EUR/USD.IDEALPRO-MLSignalStrategyV2-V2,IDEALPRO-001,,STOP_MARKET,SELL,100000.00,GTC,True,False,0.00,NO_LIQUIDITY_SIDE,,,,NO_TRIGGER,CANCELED,OUO,OL-20250121-020000-001-V2-120,['O-20250121-020000-001-V2-360'],O-20250121-020000-001-V2-358,,,,['V2_POS1_SL'],cebaa8ec-386c-4bac-93ce-a1400356f76c,1737424800000000000,1737427200000000000,1.03549,DEFAULT,,,,,
O-20250121-020000-001-V2-360,BACKTESTER-001,MLSignalStrategyV2-V2,EUR/USD.IDEALPRO,IDEALPRO-1-360,EUR/USD.IDEALPRO-MLSignalStrategyV2-V2,IDEALPRO-001,IDEALPRO-1-37609,LIMIT,SELL,100000.00,GTC,True,False,100000.00,MAKER,1.03871,-0.00015999999999993797,['2.08 USD'],NO_TRIGGER,FILLED,OUO,OL-20250121-020000-001-V2-120,['O-20250121-020000-001-V2-359'],O-20250121-020000-001-V2-358,,,,['V2_POS1_TP'],fc820d53-3d00-4a36-aefd-ee89cddb5cf0,1737424800000000000,1737427200000000000,,,,,1.03855,False,
O-20250121-030000-001-V2-361,BACKTESTER-001,MLSignalStrategyV2-V2,EUR/USD.IDEALPRO,IDEALPRO-1-361,EUR/USD.IDEALPRO-MLSignalStrategyV2-V2,IDEALPRO-001,IDEALPRO-1-37650,MARKET,BUY,100000.00,GTC,False,False,100000.00,TAKER,1.03876,0.0,['2.08 USD'],NO_TRIGGER,FILLED,OTO,OL-20250121-030000-001-V2-121,"['O-20250121-030000-001-V2-362', 'O-20250121-030000-001-V2-363']",,,,,['V2_POS1'],27272047-ebd7-436f-ba8d-ccd3ca45cc74,1737428400000000000,1737428400000000000,,,,,,,
O-20250121-030000-001-V2-362,BACKTESTER-001,MLSignalStrategyV2-V2,EUR/USD.IDEALPRO,IDEALPRO-1-362,EUR/USD.IDEALPRO-MLSignalStrategyV2-V2,IDEALPRO-001,,STOP_MARKET,SELL,100000.00,GTC,True,False,0.00,NO_LIQUIDITY_SIDE,,,,NO_TRIGGER,CANCELED,OUO,OL-20250121-030000-001-V2-121,['O-20250121-030000-001-V2-363'],O-20250121-030000-001-V2-361,,,,['V2_POS1_SL'],a80fa16d-b31f-476b-9dae-a4d234e32cd5,1737428400000000000,1737429360000000000,1.03753,DEFAULT,,,,,
O-20250121-030000-001-V2-363,BACKTESTER-001,MLSignalStrategyV2-V2,EUR/USD.IDEALPRO,IDEALPRO-1-363,EUR/USD.IDEALPRO-MLSignalStrategyV2-V2,IDEALPRO-001,IDEALPRO-1-37683,LIMIT,SELL,100000.00,GTC,True,False,100000.00,MAKER,1.04009,-9.999999999998899e-05,['2.08 USD'],NO_TRIGGER,FILLED,OUO,OL-20250121-030000-001-V2-121,['O-20250121-030000-001-V2-362'],O-20250121-030000-001-V2-361,,,,['V2_POS1_TP'],f016f402-6b11-4b9e-a0f3-f29fb1a3abc0,1737428400000000000,1737429360000000000,,,,,1.03999,False,
O-20250121-081500-001-V2-364,BACKTESTER-001,MLSignalStrategyV2-V2,EUR/USD.IDEALPRO,IDEALPRO-1-364,EUR/USD.IDEALPRO-MLSignalStrategyV2-V2,IDEALPRO-001,IDEALPRO-1-38282,MARKET,SELL,100000.00,GTC,False,False,100000.00,TAKER,1.03686,0.0,['2.07 USD'],NO_TRIGGER,FILLED,OTO,OL-20250121-081500-001-V2-122,"['O-20250121-081500-001-V2-365', 'O-20250121-081500-001-V2-366']",,,,,['V2_POS1'],fbe58fd4-487f-4da3-8123-d20519b6db8a,1737447300000000000,1737447300000000000,,,,,,,
O-20250121-081500-001-V2-365,BACKTESTER-001,MLSignalStrategyV2-V2,EUR/USD.IDEALPRO,IDEALPRO-1-365,EUR/USD.IDEALPRO-MLSignalStrategyV2-V2,IDEALPRO-001,,STOP_MARKET,BUY,100000.00,GTC,True,False,0.00,NO_LIQUIDITY_SIDE,,,,NO_TRIGGER,CANCELED,OUO,OL-20250121-081500-001-V2-122,['O-20250121-081500-001-V2-366'],O-20250121-081500-001-V2-364,,,,['V2_POS1_SL'],5698dbd0-4b42-49a0-a62a-d7a670856788,1737447300000000000,1737448200000000000,1.03749,DEFAULT,,,,,
O-20250121-081500-001-V2-366,BACKTESTER-001,MLSignalStrategyV2-V2,EUR/USD.IDEALPRO,IDEALPRO-1-366,EUR/USD.IDEALPRO-MLSignalStrategyV2-V2,IDEALPRO-001,IDEALPRO-1-38313,LIMIT,BUY,100000.00,GTC,True,False,100000.00,MAKER,1.03623,-1.999999999990898e-05,['2.07 USD'],NO_TRIGGER,FILLED,OUO,OL-20250121-081500-001-V2-122,['O-20250121-081500-001-V2-365'],O-20250121-081500-001-V2-364,,,,['V2_POS1_TP'],65c93319-eec3-421c-b6f3-db7b65aa44a4,1737447300000000000,1737448200000000000,,,,,1.03625,False,
O-20250121-083000-001-V2-367,BACKTESTER-001,MLSignalStrategyV2-V2,EUR/USD.IDEALPRO,IDEALPRO-1-367,EUR/USD.IDEALPRO-MLSignalStrategyV2-V2,IDEALPRO-001,IDEALPRO-1-38315,MARKET,BUY,100000.00,GTC,False,False,100000.00,TAKER,1.03633,0.0,['2.07 USD'],NO_TRIGGER,FILLED,OTO,OL-20250121-083000-001-V2-123,"['O-20250121-083000-001-V2-368', 'O-20250121-083000-001-V2-369']",,,,,['V2_POS1'],0125cc9e-6a20-482d-ad5c-0aad0a9e1960,1737448200000000000,1737448200000000000,,,,,,,
O-20250121-083000-001-V2-368,BACKTESTER-001,MLSignalStrategyV2-V2,EUR/USD.IDEALPRO,IDEALPRO-1-368,EUR/USD.IDEALPRO-MLSignalStrategyV2-V2,IDEALPRO-001,IDEALPRO-1-38335,STOP_MARKET,SELL,100000.00,GTC,True,False,100000.00,TAKER,1.03556,0.00011999999999989797,['2.07 USD'],NO_TRIGGER,FILLED,OUO,OL-20250121-083000-001-V2-123,['O-20250121-083000-001-V2-369'],O-20250121-083000-001-V2-367,,,,['V2_POS1_SL'],91856da9-20e2-47f9-9e14-41987620af05,1737448200000000000,1737448800000000000,1.03568,DEFAULT,,,,,
O-20250121-083000-001-V2-369,BACKTESTER-001,MLSignalStrategyV2-V2,EUR/USD.IDEALPRO,IDEALPRO-1-369,EUR/USD.IDEALPRO-MLSignalStrategyV2-V2,IDEALPRO-001,,LIMIT,SELL,100000.00,GTC,True,False,0.00,NO_LIQUIDITY_SIDE,,,,NO_TRIGGER,CANCELED,OUO,OL-20250121-083000-001-V2-123,['O-20250121-083000-001-V2-368'],O-20250121-083000-001-V2-367,,,,['V2_POS1_TP'],89ab8704-b781-4aa1-9a21-cf8e1baf6dd2,1737448200000000000,1737448800000000000,,,,,1.03696,False,
O-20250121-084500-001-V2-370,BACKTESTER-001,MLSignalStrategyV2-V2,EUR/USD.IDEALPRO,IDEALPRO-1-370,EUR/USD.IDEALPRO-MLSignalStrategyV2-V2,IDEALPRO-001,IDEALPRO-1-38346,MARKET,BUY,100000.00,GTC,False,False,100000.00,TAKER,1.03535,0.0,['2.07 USD'],NO_TRIGGER,FILLED,OTO,OL-20250121-084500-001-V2-124,"['O-20250121-084500-001-V2-371', 'O-20250121-084500-001-V2-372']",,,,,['V2_POS1'],ea3ecb10-2e79-45f1-b8de-5d6ae1132c52,1737449100000000000,1737449100000000000,,,,,,,
O-20250121-084500-001-V2-371,BACKTESTER-001,MLSignalStrategyV2-V2,EUR/USD.IDEALPRO,IDEALPRO-1-371,EUR/USD.IDEALPRO-MLSignalStrategyV2-V2,IDEALPRO-001,,STOP_MARKET,SELL,100000.00,GTC,True,False,0.00,NO_LIQUIDITY_SIDE,,,,NO_TRIGGER,CANCELED,OUO,OL-20250121-084500-001-V2-124,['O-20250121-084500-001-V2-372'],O-20250121-084500-001-V2-370,,,,['V2_POS1_SL'],47e07a62-dff9-4460-95e6-07ac65133e56,1737449100000000000,1737449340000000000,1.03466,DEFAULT,,,,,
O-20250121-084500-001-V2-372,BACKTESTER-001,MLSignalStrategyV2-V2,EUR/USD.IDEALPRO,IDEALPRO-1-372,EUR/USD.IDEALPRO-MLSignalStrategyV2-V2,IDEALPRO-001,IDEALPRO-1-38355,LIMIT,SELL,100000.00,GTC,True,False,100000.00,MAKER,1.03622,-0.00017999999999984695,['2.07 USD'],NO_TRIGGER,FILLED,OUO,OL-20250121-084500-001-V2-124,['O-20250121-084500-001-V2-371'],O-20250121-084500-001-V2-370,,,,['V2_POS1_TP'],7c8c3239-0cba-4be2-bc92-4552540e277b,1737449100000000000,1737449340000000000,,,,,1.03604,False,
O-20250121-090000-001-V2-373,BACKTESTER-001,MLSignalStrategyV2-V2,EUR/USD.IDEALPRO,IDEALPRO-1-373,EUR/USD.IDEALPRO-MLSignalStrategyV2-V2,IDEALPRO-001,IDEALPRO-1-38378,MARKET,BUY,100000.00,GTC,False,False,100000.00,TAKER,1.03609,0.0,['2.07 USD'],NO_TRIGGER,FILLED,OTO,OL-20250121-090000-001-V2-125,"['O-20250121-090000-001-V2-374', 'O-20250121-090000-001-V2-375']",,,,,['V2_POS1'],533190d1-ba54-4842-9621-b59c5bc10708,1737450000000000000,1737450000000000000,,,,,,,
O-20250121-090000-001-V2-374,BACKTESTER-001,MLSignalStrategyV2-V2,EUR/USD.IDEALPRO,IDEALPRO-1-374,EUR/USD.IDEALPRO-MLSignalStrategyV2-V2,IDEALPRO-001,IDEALPRO-1-38413,STOP_MARKET,SELL,100000.00,GTC,True,False,100000.00,TAKER,1.0353,9.999999999843467e-06,['2.07 USD'],NO_TRIGGER,FILLED,OUO,OL-20250121-090000-001-V2-125,['O-20250121-090000-001-V2-375'],O-20250121-090000-001-V2-373,,,,['V2_POS1_SL'],d4492a2f-37a1-4049-a4d1-20d936822806,1737450000000000000,1737451020000000000,1.03531,DEFAULT,,,,,
O-20250121-090000-001-V2-375,BACKTESTER-001,MLSignalStrategyV2-V2,EUR/USD.IDEALPRO,IDEALPRO-1-375,EUR/USD.IDEALPRO-MLSignalStrategyV2-V2,IDEALPRO-001,,LIMIT,SELL,100000.00,GTC,True,False,0.00,NO_LIQUIDITY_SIDE,,,,NO_TRIGGER,CANCELED,OUO,OL-20250121-090000-001-V2-125,['O-20250121-090000-001-V2-374'],O-20250121-090000-001-V2-373,,,,['V2_POS1_TP'],40a28375-7b50-421f-84cd-4b01a8db7673,1737450000000000000,1737451020000000000,,,,,1.03685,False,
O-20250121-094500-001-V2-376,BACKTESTER-001,MLSignalStrategyV2-V2,EUR/USD.IDEALPRO,IDEALPRO-1-376,EUR/USD.IDEALPRO-MLSignalStrategyV2-V2,IDEALPRO-001,IDEALPRO-1-38470,MARKET,BUY,100000.00,GTC,False,False,100000.00,TAKER,1.03463,0.0,['2.07 USD'],NO_TRIGGER,FILLED,OTO,OL-20250121-094500-001-V2-126,"['O-20250121-094500-001-V2-377', 'O-20250121-094500-001-V2-378']",,,,,['V2_POS1'],67b3dd27-6cf9-4f38-908c-842a5fc7c6b4,1737452700000000000,1737452700000000000,,,,,,,
O-20250121-094500-001-V2-377,BACKTESTER-001,MLSignalStrategyV2-V2,EUR/USD.IDEALPRO,IDEALPRO-1-377,EUR/USD.IDEALPRO-MLSignalStrategyV2-V2,IDEALPRO-001,,STOP_MARKET,SELL,100000.00,GTC,True,False,0.00,NO_LIQUIDITY_SIDE,,,,NO_TRIGGER,CANCELED,OUO,OL-20250121-094500-001-V2-126,['O-20250121-094500-001-V2-378'],O-20250121-094500-001-V2-376,,,,['V2_POS1_SL'],b14fc225-e001-4e02-89f3-10270012ebd9,1737452700000000000,1737453420000000000,1.03380,DEFAULT,,,,,
O-20250121-094500-001-V2-378,BACKTESTER-001,MLSignalStrategyV2-V2,EUR/USD.IDEALPRO,IDEALPRO-1-378,EUR/USD.IDEALPRO-MLSignalStrategyV2-V2,IDEALPRO-001,IDEALPRO-1-38495,LIMIT,SELL,100000.00,GTC,True,False,100000.00,MAKER,1.0355,-6.000000000017103e-05,['2.07 USD'],NO_TRIGGER,FILLED,OUO,OL-20250121-094500-001-V2-126,['O-20250121-094500-001-V2-377'],O-20250121-094500-001-V2-376,,,,['V2_POS1_TP'],4357b100-8dd0-4e1d-9590-e1debf9d0427,1737452700000000000,1737453420000000000,,,,,1.03544,False,
O-20250121-100000-001-V2-379,BACKTESTER-001,MLSignalStrategyV2-V2,EUR/USD.IDEALPRO,IDEALPRO-1-379,EUR/USD.IDEALPRO-MLSignalStrategyV2-V2,IDEALPRO-001,IDEALPRO-1-38502,MARKET,BUY,100000.00,GTC,False,False,100000.00,TAKER,1.03537,0.0,['2.07 USD'],NO_TRIGGER,FILLED,OTO,OL-20250121-100000-001-V2-127,"['O-20250121-100000-001-V2-380', 'O-20250121-100000-001-V2-381']",,,,,['V2_POS1'],c976544c-7e53-4f23-a731-28ed9d4e34c3,1737453600000000000,1737453600000000000,,,,,,,
O-20250121-100000-001-V2-380,BACKTESTER-001,MLSignalStrategyV2-V2,EUR/USD.IDEALPRO,IDEALPRO-1-380,EUR/USD.IDEALPRO-MLSignalStrategyV2-V2,IDEALPRO-001,IDEALPRO-1-38529,STOP_MARKET,SELL,100000.00,GTC,True,False,100000.00,TAKER,1.03432,0.00020000000000020002,['2.07 USD'],NO_TRIGGER,FILLED,OUO,OL-20250121-100000-001-V2-127,['O-20250121-100000-001-V2-381'],O-20250121-100000-001-V2-379,,,,['V2_POS1_SL'],c0c1229f-18b0-4709-9ffa-ce3fb502ab02,1737453600000000000,1737454380000000000,1.03452,DEFAULT,,,,,
O-20250121-100000-001-V2-381,BACKTESTER-001,MLSignalStrategyV2-V2,EUR/USD.IDEALPRO,IDEALPRO-1-381,EUR/USD.IDEALPRO-MLSignalStrategyV2-V2,IDEALPRO-001,,LIMIT,SELL,100000.00,GTC,True,False,0.00,NO_LIQUIDITY_SIDE,,,,NO_TRIGGER,CANCELED,OUO,OL-20250121-100000-001-V2-127,['O-20250121-100000-001-V2-380'],O-20250121-100000-001-V2-379,,,,['V2_POS1_TP'],1e067c83-2667-4955-8cbd-a7e3e80c486e,1737453600000000000,1737454380000000000,,,,,1.03622,False,
O-20250121-101500-001-V2-382,BACKTESTER-001,MLSignalStrategyV2-V2,EUR/USD.IDEALPRO,IDEALPRO-1-382,EUR/USD.IDEALPRO-MLSignalStrategyV2-V2,IDEALPRO-001,IDEALPRO-1-38534,MARKET,BUY,100000.00,GTC,False,False,100000.00,TAKER,1.03456,0.0,['2.07 USD'],NO_TRIGGER,FILLED,OTO,OL-20250121-101500-001-V2-128,"['O-20250121-101500-001-V2-383', 'O-20250121-101500-001-V2-384']",,,,,['V2_POS1'],5388db6c-c685-4e89-9d1e-baf5e8471378,1737454500000000000,1737454500000000000,,,,,,,
O-20250121-101500-001-V2-383,BACKTESTER-001,MLSignalStrategyV2-V2,EUR/USD.IDEALPRO,IDEALPRO-1-383,EUR/USD.IDEALPRO-MLSignalStrategyV2-V2,IDEALPRO-001,,STOP_MARKET,SELL,100000.00,GTC,True,False,0.00,NO_LIQUIDITY_SIDE,,,,NO_TRIGGER,CANCELED,OUO,OL-20250121-101500-001-V2-128,['O-20250121-101500-001-V2-384'],O-20250121-101500-001-V2-382,,,,['V2_POS1_SL'],3d98eefe-3843-4650-93f3-f7c868b4788e,1737454500000000000,1737455280000000000,1.03370,DEFAULT,,,,,
O-20250121-101500-001-V2-384,BACKTESTER-001,MLSignalStrategyV2-V2,EUR/USD.IDEALPRO,IDEALPRO-1-384,EUR/USD.IDEALPRO-MLSignalStrategyV2-V2,IDEALPRO-001,IDEALPRO-1-38561,LIMIT,SELL,100000.00,GTC,True,False,100000.00,MAKER,1.03553,-0.00012999999999996348,['2.07 USD'],NO_TRIGGER,FILLED,OUO,OL-20250121-101500-001-V2-128,['O-20250121-101500-001-V2-383'],O-20250121-101500-001-V2-382,,,,['V2_POS1_TP'],603ab038-405d-49bf-b047-1cd73120930a,1737454500000000000,1737455280000000000,,,,,1.03540,False,
O-20250121-113000-001-V2-385,BACKTESTER-001,MLSignalStrategyV2-V2,EUR/USD.IDEALPRO,IDEALPRO-1-385,EUR/USD.IDEALPRO-MLSignalStrategyV2-V2,IDEALPRO-001,IDEALPRO-1-38686,MARKET,BUY,100000.00,GTC,False,False,100000.00,TAKER,1.03497,0.0,['2.07 USD'],NO_TRIGGER,FILLED,OTO,OL-20250121-113000-001-V2-129,"['O-20250121-113000-001-V2-386', 'O-20250121-113000-001-V2-387']",,,,,['V2_POS1'],88b388ef-9208-48e2-b03a-fe99ccc85e8d,1737459000000000000,1737459000000000000,,,,,,,
O-20250121-113000-001-V2-386,BACKTESTER-001,MLSignalStrategyV2-V2,EUR/USD.IDEALPRO,IDEALPRO-1-386,EUR/USD.IDEALPRO-MLSignalStrategyV2-V2,IDEALPRO-001,,STOP_MARKET,SELL,100000.00,GTC,True,False,0.00,NO_LIQUIDITY_SIDE,,,,NO_TRIGGER,CANCELED,OUO,OL-20250121-113000-001-V2-129,['O-20250121-113000-001-V2-387'],O-20250121-113000-001-V2-385,,,,['V2_POS1_SL'],187cde3a-62e2-40ec-b461-316f2f116047,1737459000000000000,1737460380000000000,1.03423,DEFAULT,,,,,
O-20250121-113000-001-V2-387,BACKTESTER-001,MLSignalStrategyV2-V2,EUR/USD.IDEALPRO,IDEALPRO-1-387,EUR/USD.IDEALPRO-MLSignalStrategyV2-V2,IDEALPRO-001,IDEALPRO-1-38733,LIMIT,SELL,100000.00,GTC,True,False,100000.00,MAKER,1.0358,-9.000000000014552e-05,['2.07 USD'],NO_TRIGGER,FILLED,OUO,OL-20250121-113000-001-V2-129,['O-20250121-113000-001-V2-386'],O-20250121-113000-001-V2-385,,,,['V2_POS1_TP'],b0f167bc-8e37-4609-9b15-686283ce66b2,1737459000000000000,1737460380000000000,,,,,1.03571,False,
O-20250121-121500-001-V2-388,BACKTESTER-001,MLSignalStrategyV2-V2,EUR/USD.IDEALPRO,IDEALPRO-1-388,EUR/USD.IDEALPRO-MLSignalStrategyV2-V2,IDEALPRO-001,IDEALPRO-1-38779,MARKET,BUY,100000.00,GTC,False,False,100000.00,TAKER,1.03478,0.0,['2.07 USD'],NO_TRIGGER,FILLED,OTO,OL-20250121-121500-001-V2-130,"['O-20250121-121500-001-V2-389', 'O-20250121-121500-001-V2-390']",,,,,['V2_POS1'],c4b7d27f-6c58-40de-85bb-061b90c1a7aa,1737461700000000000,1737461700000000000,,,,,,,
O-20250121-121500-001-V2-389,BACKTESTER-001,MLSignalStrategyV2-V2,EUR/USD.IDEALPRO,IDEALPRO-1-389,EUR/USD.IDEALPRO-MLSignalStrategyV2-V2,IDEALPRO-001,,STOP_MARKET,SELL,100000.00,GTC,True,False,0.00,NO_LIQUIDITY_SIDE,,,,NO_TRIGGER,CANCELED,OUO,OL-20250121-121500-001-V2-130,['O-20250121-121500-001-V2-390'],O-20250121-121500-001-V2-388,,,,['V2_POS1_SL'],9b331bd4-00dd-4759-aa6d-96f01467cf2f,1737461700000000000,1737462120000000000,1.03403,DEFAULT,,,,,
O-20250121-121500-001-V2-390,BACKTESTER-001,MLSignalStrategyV2-V2,EUR/USD.IDEALPRO,IDEALPRO-1-390,EUR/USD.IDEALPRO-MLSignalStrategyV2-V2,IDEALPRO-001,IDEALPRO-1-38793,LIMIT,SELL,100000.00,GTC,True,False,100000.00,MAKER,1.03558,-4.999999999988347e-05,['2.07 USD'],NO_TRIGGER,FILLED,OUO,OL-20250121-121500-001-V2-130,['O-20250121-121500-001-V2-389'],O-20250121-121500-001-V2-388,,,,['V2_POS1_TP'],200d0693-7f2f-482e-8959-ea0db9d28c63,1737461700000000000,1737462120000000000,,,,,1.03553,False,
O-20250121-211500-001-V2-391,BACKTESTER-001,MLSignalStrategyV2-V2,EUR/USD.IDEALPRO,IDEALPRO-1-391,EUR/USD.IDEALPRO-MLSignalStrategyV2-V2,IDEALPRO-001,IDEALPRO-1-39861,MARKET,BUY,100000.00,GTC,False,False,100000.00,TAKER,1.04238,0.0,['2.08 USD'],NO_TRIGGER,FILLED,OTO,OL-20250121-211500-001-V2-131,"['O-20250121-211500-001-V2-392', 'O-20250121-211500-001-V2-393']",,,,,['V2_POS1'],804f1878-7b68-48f3-9e5f-2064f423e27a,1737494100000000000,1737494100000000000,,,,,,,
O-20250121-211500-001-V2-392,BACKTESTER-001,MLSignalStrategyV2-V2,EUR/USD.IDEALPRO,IDEALPRO-1-392,EUR/USD.IDEALPRO-MLSignalStrategyV2-V2,IDEALPRO-001,,STOP_MARKET,SELL,100000.00,GTC,True,False,0.00,NO_LIQUIDITY_SIDE,,,,NO_TRIGGER,CANCELED,OUO,OL-20250121-211500-001-V2-131,['O-20250121-211500-001-V2-393'],O-20250121-211500-001-V2-391,,,,['V2_POS1_SL'],955bbe25-dd32-4454-8da7-a9f7f718c521,1737494100000000000,1737496080000000000,1.04193,DEFAULT,,,,,
O-20250121-211500-001-V2-393,BACKTESTER-001,MLSignalStrategyV2-V2,EUR/USD.IDEALPRO,IDEALPRO-1-393,EUR/USD.IDEALPRO-MLSignalStrategyV2-V2,IDEALPRO-001,IDEALPRO-1-39927,LIMIT,SELL,100000.00,GTC,True,False,100000.00,MAKER,1.04288,-5.0000000000105516e-05,['2.09 USD'],NO_TRIGGER,FILLED,OUO,OL-20250121-211500-001-V2-131,['O-20250121-211500-001-V2-392'],O-20250121-211500-001-V2-391,,,,['V2_POS1_TP'],3d49315a-f9df-49da-a0d7-b5b73ee03f58,1737494100000000000,1737496080000000000,,,,,1.04283,False,
O-20250122-000000-001-V2-394,BACKTESTER-001,MLSignalStrategyV2-V2,EUR/USD.IDEALPRO,IDEALPRO-1-394,EUR/USD.IDEALPRO-MLSignalStrategyV2-V2,IDEALPRO-001,IDEALPRO-1-40162,MARKET,BUY,100000.00,GTC,False,False,100000.00,TAKER,1.04058,0.0,['2.08 USD'],NO_TRIGGER,FILLED,OTO,OL-20250122-000000-001-V2-132,"['O-20250122-000000-001-V2-395', 'O-20250122-000000-001-V2-396']",,,,,['V2_POS1'],692c4c2d-8c70-4f9a-95e0-3bd29cb82af3,1737504000000000000,1737504000000000000,,,,,,,
O-20250122-000000-001-V2-395,BACKTESTER-001,MLSignalStrategyV2-V2,EUR/USD.IDEALPRO,IDEALPRO-1-395,EUR/USD.IDEALPRO-MLSignalStrategyV2-V2,IDEALPRO-001,,STOP_MARKET,SELL,100000.00,GTC,True,False,0.00,NO_LIQUIDITY_SIDE,,,,NO_TRIGGER,CANCELED,OUO,OL-20250122-000000-001-V2-132,['O-20250122-000000-001-V2-396'],O-20250122-000000-001-V2-394,,,,['V2_POS1_SL'],6451dc27-a098-450e-bc66-0ae3a6fccc04,1737504000000000000,1737504420000000000,1.03982,DEFAULT,,,,,
O-20250122-000000-001-V2-396,BACKTESTER-001,MLSignalStrategyV2-V2,EUR/USD.IDEALPRO,IDEALPRO-1-396,EUR/USD.IDEALPRO-MLSignalStrategyV2-V2,IDEALPRO-001,IDEALPRO-1-40177,LIMIT,SELL,100000.00,GTC,True,False,100000.00,MAKER,1.04147,-0.00012999999999996348,['2.08 USD'],NO_TRIGGER,FILLED,OUO,OL-20250122-000000-001-V2-132,['O-20250122-000000-001-V2-395'],O-20250122-000000-001-V2-394,,,,['V2_POS1_TP'],78c843ac-b98c-4ea1-9d1f-c4ebe1828afd,1737504000000000000,1737504420000000000,,,,,1.04134,False,
O-20250122-001500-001-V2-397,BACKTESTER-001,MLSignalStrategyV2-V2,EUR/USD.IDEALPRO,IDEALPRO-1-397,EUR/USD.IDEALPRO-MLSignalStrategyV2-V2,IDEALPRO-001,IDEALPRO-1-40194,MARKET,BUY,100000.00,GTC,False,False,100000.00,TAKER,1.04174,0.0,['2.08 USD'],NO_TRIGGER,FILLED,OTO,OL-20250122-001500-001-V2-133,"['O-20250122-001500-001-V2-398', 'O-20250122-001500-001-V2-399']",,,,,['V2_POS1'],09d2cbe7-3a05-4139-b02d-ca1c7ce1c618,1737504900000000000,1737504900000000000,,,,,,,
O-20250122-001500-001-V2-398,BACKTESTER-001,MLSignalStrategyV2-V2,EUR/USD.IDEALPRO,IDEALPRO-1-398,EUR/USD.IDEALPRO-MLSignalStrategyV2-V2,IDEALPRO-001,IDEALPRO-1-40397,STOP_MARKET,SELL,100000.00,GTC,True,False,100000.00,TAKER,1.04096,0.0,['2.08 USD'],NO_TRIGGER,FILLED,OUO,OL-20250122-001500-001-V2-133,['O-20250122-001500-001-V2-399'],O-20250122-001500-001-V2-397,,,,['V2_POS1_SL'],da7c674e-3310-4332-907c-ce6b91b016b5,1737504900000000000,1737510960000000000,1.04096,DEFAULT,,,,,
O-20250122-001500-001-V2-399,BACKTESTER-001,MLSignalStrategyV2-V2,EUR/USD.IDEALPRO,IDEALPRO-1-399,EUR/USD.IDEALPRO-MLSignalStrategyV2-V2,IDEALPRO-001,,LIMIT,SELL,100000.00,GTC,True,False,0.00,NO_LIQUIDITY_SIDE,,,,NO_TRIGGER,CANCELED,OUO,OL-20250122-001500-001-V2-133,['O-20250122-001500-001-V2-398'],O-20250122-001500-001-V2-397,,,,['V2_POS1_TP'],4ff24e5b-3fb2-4382-9596-3de8deeb4ba8,1737504900000000000,1737510960000000000,,,,,1.04252,False,
O-20250122-044500-001-V2-400,BACKTESTER-001,MLSignalStrategyV2-V2,EUR/USD.IDEALPRO,IDEALPRO-1-400,EUR/USD.IDEALPRO-MLSignalStrategyV2-V2,IDEALPRO-001,IDEALPRO-1-40737,MARKET,SELL,100000.00,GTC,False,False,100000.00,TAKER,1.04176,0.0,['2.08 USD'],NO_TRIGGER,FILLED,OTO,OL-20250122-044500-001-V2-134,"['O-20250122-044500-001-V2-401', 'O-20250122-044500-001-V2-402']",,,,,['V2_POS1'],93ca747a-4892-4eda-921f-23d98de54fdf,1737521100000000000,1737521100000000000,,,,,,,
O-20250122-044500-001-V2-401,BACKTESTER-001,MLSignalStrategyV2-V2,EUR/USD.IDEALPRO,IDEALPRO-1-401,EUR/USD.IDEALPRO-MLSignalStrategyV2-V2,IDEALPRO-001,,STOP_MARKET,BUY,100000.00,GTC,True,False,0.00,NO_LIQUIDITY_SIDE,,,,NO_TRIGGER,CANCELED,OUO,OL-20250122-044500-001-V2-134,['O-20250122-044500-001-V2-402'],O-20250122-044500-001-V2-400,,,,['V2_POS1_SL'],1de5b866-e85e-44ab-92b5-33b8fba87297,1737521100000000000,1737523200000000000,1.04217,DEFAULT,,,,,
O-20250122-044500-001-V2-402,BACKTESTER-001,MLSignalStrategyV2-V2,EUR/USD.IDEALPRO,IDEALPRO-1-402,EUR/USD.IDEALPRO-MLSignalStrategyV2-V2,IDEALPRO-001,IDEALPRO-1-40807,LIMIT,BUY,100000.00,GTC,True,False,100000.00,MAKER,1.04128,-8.999999999992347e-05,['2.08 USD'],NO_TRIGGER,FILLED,OUO,OL-20250122-044500-001-V2-134,['O-20250122-044500-001-V2-401'],O-20250122-044500-001-V2-400,,,,['V2_POS1_TP'],2f8ab467-68da-4447-9edb-db765c8973af,1737521100000000000,1737523200000000000,,,,,1.04137,False,
O-20250122-053000-001-V2-403,BACKTESTER-001,MLSignalStrategyV2-V2,EUR/USD.IDEALPRO,IDEALPRO-1-403,EUR/USD.IDEALPRO-MLSignalStrategyV2-V2,IDEALPRO-001,IDEALPRO-1-40829,MARKET,BUY,100000.00,GTC,False,False,100000.00,TAKER,1.04117,0.0,['2.08 USD'],NO_TRIGGER,FILLED,OTO,OL-20250122-053000-001-V2-135,"['O-20250122-053000-001-V2-404', 'O-20250122-053000-001-V2-405']",,,,,['V2_POS1'],ba6df198-4e85-4b5e-91d8-4110844b9b1b,1737523800000000000,1737523800000000000,,,,,,,
O-20250122-053000-001-V2-404,BACKTESTER-001,MLSignalStrategyV2-V2,EUR/USD.IDEALPRO,IDEALPRO-1-404,EUR/USD.IDEALPRO-MLSignalStrategyV2-V2,IDEALPRO-001,,STOP_MARKET,SELL,100000.00,GTC,True,False,0.00,NO_LIQUIDITY_SIDE,,,,NO_TRIGGER,CANCELED,OUO,OL-20250122-053000-001-V2-135,['O-20250122-053000-001-V2-405'],O-20250122-053000-001-V2-403,,,,['V2_POS1_SL'],8a6ef2e0-c9b5-485d-bfb2-7ab4b4e36464,1737523800000000000,1737525240000000000,1.04075,DEFAULT,,,,,
O-20250122-053000-001-V2-405,BACKTESTER-001,MLSignalStrategyV2-V2,EUR/USD.IDEALPRO,IDEALPRO-1-405,EUR/USD.IDEALPRO-MLSignalStrategyV2-V2,IDEALPRO-001,IDEALPRO-1-40877,LIMIT,SELL,100000.00,GTC,True,False,100000.00,MAKER,1.04164,-6.999999999979245e-05,['2.08 USD'],NO_TRIGGER,FILLED,OUO,OL-20250122-053000-001-V2-135,['O-20250122-053000-001-V2-404'],O-20250122-053000-001-V2-403,,,,['V2_POS1_TP'],0edea8a5-2d5f-4a8e-93c3-0a1ac6319d97,1737523800000000000,1737525240000000000,,,,,1.04157,False,
O-20250122-060000-001-V2-406,BACKTESTER-001,MLSignalStrategyV2-V2,EUR/USD.IDEALPRO,IDEALPRO-1-406,EUR/USD.IDEALPRO-MLSignalStrategyV2-V2,IDEALPRO-001,IDEALPRO-1-40890,MARKET,BUY,100000.00,GTC,False,False,100000.00,TAKER,1.04157,0.0,['2.08 USD'],NO_TRIGGER,FILLED,OTO,OL-20250122-060000-001-V2-136,"['O-20250122-060000-001-V2-407', 'O-20250122-060000-001-V2-408']",,,,,['V2_POS1'],84f90238-553d-4f2e-9fe7-c38726147b98,1737525600000000000,1737525600000000000,,,,,,,
O-20250122-060000-001-V2-407,BACKTESTER-001,MLSignalStrategyV2-V2,EUR/USD.IDEALPRO,IDEALPRO-1-407,EUR/USD.IDEALPRO-MLSignalStrategyV2-V2,IDEALPRO-001,IDEALPRO-1-40919,STOP_MARKET,SELL,100000.00,GTC,True,False,100000.00,TAKER,1.04116,0.0,['2.08 USD'],NO_TRIGGER,FILLED,OUO,OL-20250122-060000-001-V2-136,['O-20250122-060000-001-V2-408'],O-20250122-060000-001-V2-406,,,,['V2_POS1_SL'],900205ac-7824-4424-aa6a-91272e591b0e,1737525600000000000,1737526440000000000,1.04116,DEFAULT,,,,,
O-20250122-060000-001-V2-408,BACKTESTER-001,MLSignalStrategyV2-V2,EUR/USD.IDEALPRO,IDEALPRO-1-408,EUR/USD.IDEALPRO-MLSignalStrategyV2-V2,IDEALPRO-001,,LIMIT,SELL,100000.00,GTC,True,False,0.00,NO_LIQUIDITY_SIDE,,,,NO_TRIGGER,CANCELED,OUO,OL-20250122-060000-001-V2-136,['O-20250122-060000-001-V2-407'],O-20250122-060000-001-V2-406,,,,['V2_POS1_TP'],4f6d4c4f-97b4-411a-9f25-5df9b8227e62,1737525600000000000,1737526440000000000,,,,,1.04196,False,
O-20250122-120000-001-V2-409,BACKTESTER-001,MLSignalStrategyV2-V2,EUR/USD.IDEALPRO,IDEALPRO-1-409,EUR/USD.IDEALPRO-MLSignalStrategyV2-V2,IDEALPRO-001,IDEALPRO-1-41612,MARKET,SELL,100000.00,GTC,False,False,100000.00,TAKER,1.04429,0.0,['2.09 USD'],NO_TRIGGER,FILLED,OTO,OL-20250122-120000-001-V2-137,"['O-20250122-120000-001-V2-410', 'O-20250122-120000-001-V2-411']",,,,,['V2_POS1'],e3f9dbde-eed8-4f79-b233-49ba56a2b505,1737547200000000000,1737547200000000000,,,,,,,
O-20250122-120000-001-V2-410,BACKTESTER-001,MLSignalStrategyV2-V2,EUR/USD.IDEALPRO,IDEALPRO-1-410,EUR/USD.IDEALPRO-MLSignalStrategyV2-V2,IDEALPRO-001,,STOP_MARKET,BUY,100000.00,GTC,True,False,0.00,NO_LIQUIDITY_SIDE,,,,NO_TRIGGER,CANCELED,OUO,OL-20250122-120000-001-V2-137,['O-20250122-120000-001-V2-411'],O-20250122-120000-001-V2-409,,,,['V2_POS1_SL'],c70cdfa1-9018-413c-90bc-373caed2bd81,1737547200000000000,1737548820000000000,1.04497,DEFAULT,,,,,
O-20250122-120000-001-V2-411,BACKTESTER-001,MLSignalStrategyV2-V2,EUR/USD.IDEALPRO,IDEALPRO-1-411,EUR/USD.IDEALPRO-MLSignalStrategyV2-V2,IDEALPRO-001,IDEALPRO-1-41667,LIMIT,BUY,100000.00,GTC,True,False,100000.00,MAKER,1.04338,-0.00022999999999995246,['2.09 USD'],NO_TRIGGER,FILLED,OUO,OL-20250122-120000-001-V2-137,['O-20250122-120000-001-V2-410'],O-20250122-120000-001-V2-409,,,,['V2_POS1_TP'],d73c183f-bdfb-4b7c-a6d4-0a666a8a1b21,1737547200000000000,1737548820000000000,,,,,1.04361,False,
O-20250122-223000-001-V2-412,BACKTESTER-001,MLSignalStrategyV2-V2,EUR/USD.IDEALPRO,IDEALPRO-1-412,EUR/USD.IDEALPRO-MLSignalStrategyV2-V2,IDEALPRO-001,IDEALPRO-1-42845,MARKET,BUY,100000.00,GTC,False,False,100000.00,TAKER,1.0409,0.0,['2.08 USD'],NO_TRIGGER,FILLED,OTO,OL-20250122-223000-001-V2-138,"['O-20250122-223000-001-V2-413', 'O-20250122-223000-001-V2-414']",,,,,['V2_POS1'],c63ef724-fcc9-44c8-aaf6-25a9ccec79ea,1737585000000000000,1737585000000000000,,,,,,,
O-20250122-223000-001-V2-413,BACKTESTER-001,MLSignalStrategyV2-V2,EUR/USD.IDEALPRO,IDEALPRO-1-413,EUR/USD.IDEALPRO-MLSignalStrategyV2-V2,IDEALPRO-001,,STOP_MARKET,SELL,100000.00,GTC,True,False,0.00,NO_LIQUIDITY_SIDE,,,,NO_TRIGGER,CANCELED,OUO,OL-20250122-223000-001-V2-138,['O-20250122-223000-001-V2-414'],O-20250122-223000-001-V2-412,,,,['V2_POS1_SL'],3b40633f-ff3e-4433-bb18-83c22c1e0c0a,1737585000000000000,1737585420000000000,1.04062,DEFAULT,,,,,
O-20250122-223000-001-V2-414,BACKTESTER-001,MLSignalStrategyV2-V2,EUR/USD.IDEALPRO,IDEALPRO-1-414,EUR/USD.IDEALPRO-MLSignalStrategyV2-V2,IDEALPRO-001,IDEALPRO-1-42859,LIMIT,SELL,100000.00,GTC,True,False,100000.00,MAKER,1.04118,0.0,['2.08 USD'],NO_TRIGGER,FILLED,OUO,OL-20250122-223000-001-V2-138,['O-20250122-223000-001-V2-413'],O-20250122-223000-001-V2-412,,,,['V2_POS1_TP'],bcd14429-89f4-4cdf-a76e-f01427eff6c9,1737585000000000000,1737585420000000000,,,,,1.04118,False,
O-20250122-230000-001-V2-415,BACKTESTER-001,MLSignalStrategyV2-V2,EUR/USD.IDEALPRO,IDEALPRO-1-415,EUR/USD.IDEALPRO-MLSignalStrategyV2-V2,IDEALPRO-001,IDEALPRO-1-42907,MARKET,BUY,100000.00,GTC,False,False,100000.00,TAKER,1.04084,0.0,['2.08 USD'],NO_TRIGGER,FILLED,OTO,OL-20250122-230000-001-V2-139,"['O-20250122-230000-001-V2-416', 'O-20250122-230000-001-V2-417']",,,,,['V2_POS1'],37f075bd-04b6-4375-9093-64fa13d44fc4,1737586800000000000,1737586800000000000,,,,,,,
O-20250122-230000-001-V2-416,BACKTESTER-001,MLSignalStrategyV2-V2,EUR/USD.IDEALPRO,IDEALPRO-1-416,EUR/USD.IDEALPRO-MLSignalStrategyV2-V2,IDEALPRO-001,IDEALPRO-1-42939,STOP_MARKET,SELL,100000.00,GTC,True,False,100000.00,TAKER,1.04055,1.999999999990898e-05,['2.08 USD'],NO_TRIGGER,FILLED,OUO,OL-20250122-230000-001-V2-139,['O-20250122-230000-001-V2-417'],O-20250122-230000-001-V2-415,,,,['V2_POS1_SL'],c8c7a66f-ec53-40fc-b075-7034c2c29529,1737586800000000000,1737587760000000000,1.04057,DEFAULT,,,,,
O-20250122-230000-001-V2-417,BACKTESTER-001,MLSignalStrategyV2-V2,EUR/USD.IDEALPRO,IDEALPRO-1-417,EUR/USD.IDEALPRO-MLSignalStrategyV2-V2,IDEALPRO-001,,LIMIT,SELL,100000.00,GTC,True,False,0.00,NO_LIQUIDITY_SIDE,,,,NO_TRIGGER,CANCELED,OUO,OL-20250122-230000-001-V2-139,['O-20250122-230000-001-V2-416'],O-20250122-230000-001-V2-415,,,,['V2_POS1_TP'],74c23946-7527-4661-a199-61ebd4e94b1e,1737586800000000000,1737587760000000000,,,,,1.04111,False,
O-20250123-000000-001-V2-418,BACKTESTER-001,MLSignalStrategyV2-V2,EUR/USD.IDEALPRO,IDEALPRO-1-418,EUR/USD.IDEALPRO-MLSignalStrategyV2-V2,IDEALPRO-001,IDEALPRO-1-43028,MARKET,BUY,100000.00,GTC,False,False,100000.00,TAKER,1.0408,0.0,['2.08 USD'],NO_TRIGGER,FILLED,OTO,OL-20250123-000000-001-V2-140,"['O-20250123-000000-001-V2-419', 'O-20250123-000000-001-V2-420']",,,,,['V2_POS1'],6ece9460-f769-4d73-b6b9-fe57024c3161,1737590400000000000,1737590400000000000,,,,,,,
O-20250123-000000-001-V2-419,BACKTESTER-001,MLSignalStrategyV2-V2,EUR/USD.IDEALPRO,IDEALPRO-1-419,EUR/USD.IDEALPRO-MLSignalStrategyV2-V2,IDEALPRO-001,,STOP_MARKET,SELL,100000.00,GTC,True,False,0.00,NO_LIQUIDITY_SIDE,,,,NO_TRIGGER,CANCELED,OUO,OL-20250123-000000-001-V2-140,['O-20250123-000000-001-V2-420'],O-20250123-000000-001-V2-418,,,,['V2_POS1_SL'],ba984783-0259-4b46-b3ba-e34ad64ae0d4,1737590400000000000,1737590520000000000,1.04054,DEFAULT,,,,,
O-20250123-000000-001-V2-420,BACKTESTER-001,MLSignalStrategyV2-V2,EUR/USD.IDEALPRO,IDEALPRO-1-420,EUR/USD.IDEALPRO-MLSignalStrategyV2-V2,IDEALPRO-001,IDEALPRO-1-43033,LIMIT,SELL,100000.00,GTC,True,False,100000.00,MAKER,1.04103,1.0000000000065512e-05,['2.08 USD'],NO_TRIGGER,FILLED,OUO,OL-20250123-000000-001-V2-140,['O-20250123-000000-001-V2-419'],O-20250123-000000-001-V2-418,,,,['V2_POS1_TP'],a9a68b65-a068-4249-9898-a88d9edbfb4b,1737590400000000000,1737590520000000000,,,,,1.04104,False,
O-20250123-071500-001-V2-421,BACKTESTER-001,MLSignalStrategyV2-V2,EUR/USD.IDEALPRO,IDEALPRO-1-421,EUR/USD.IDEALPRO-MLSignalStrategyV2-V2,IDEALPRO-001,IDEALPRO-1-43901,MARKET,BUY,100000.00,GTC,False,False,100000.00,TAKER,1.03964,0.0,['2.08 USD'],NO_TRIGGER,FILLED,OTO,OL-20250123-071500-001-V2-141,"['O-20250123-071500-001-V2-422', 'O-20250123-071500-001-V2-423']",,,,,['V2_POS1'],8cd3c5dc-0259-4405-acf0-79450229724c,1737616500000000000,1737616500000000000,,,,,,,
O-20250123-071500-001-V2-422,BACKTESTER-001,MLSignalStrategyV2-V2,EUR/USD.IDEALPRO,IDEALPRO-1-422,EUR/USD.IDEALPRO-MLSignalStrategyV2-V2,IDEALPRO-001,,STOP_MARKET,SELL,100000.00,GTC,True,False,0.00,NO_LIQUIDITY_SIDE,,,,NO_TRIGGER,CANCELED,OUO,OL-20250123-071500-001-V2-141,['O-20250123-071500-001-V2-423'],O-20250123-071500-001-V2-421,,,,['V2_POS1_SL'],a062c291-0b35-4e37-bf04-af096b3c3bdd,1737616500000000000,1737618780000000000,1.03919,DEFAULT,,,,,
O-20250123-071500-001-V2-423,BACKTESTER-001,MLSignalStrategyV2-V2,EUR/USD.IDEALPRO,IDEALPRO-1-423,EUR/USD.IDEALPRO-MLSignalStrategyV2-V2,IDEALPRO-001,IDEALPRO-1-43977,LIMIT,SELL,100000.00,GTC,True,False,100000.00,MAKER,1.04007,0.0,['2.08 USD'],NO_TRIGGER,FILLED,OUO,OL-20250123-071500-001-V2-141,['O-20250123-071500-001-V2-422'],O-20250123-071500-001-V2-421,,,,['V2_POS1_TP'],0fab8158-07d1-48a2-bb34-13862928b656,1737616500000000000,1737618780000000000,,,,,1.04007,False,
O-20250124-020000-001-V2-424,BACKTESTER-001,MLSignalStrategyV2-V2,EUR/USD.IDEALPRO,IDEALPRO-1-424,EUR/USD.IDEALPRO-MLSignalStrategyV2-V2,IDEALPRO-001,IDEALPRO-1-46123,MARKET,BUY,100000.00,GTC,False,False,100000.00,TAKER,1.04158,0.0,['2.08 USD'],NO_TRIGGER,FILLED,OTO,OL-20250124-020000-001-V2-142,"['O-20250124-020000-001-V2-425', 'O-20250124-020000-001-V2-426']",,,,,['V2_POS1'],9e355e53-9221-4911-89cd-f61f21fc40c1,1737684000000000000,1737684000000000000,,,,,,,
O-20250124-020000-001-V2-425,BACKTESTER-001,MLSignalStrategyV2-V2,EUR/USD.IDEALPRO,IDEALPRO-1-425,EUR/USD.IDEALPRO-MLSignalStrategyV2-V2,IDEALPRO-001,,STOP_MARKET,SELL,100000.00,GTC,True,False,0.00,NO_LIQUIDITY_SIDE,,,,NO_TRIGGER,CANCELED,OUO,OL-20250124-020000-001-V2-142,['O-20250124-020000-001-V2-426'],O-20250124-020000-001-V2-424,,,,['V2_POS1_SL'],b38b3ed3-db37-4fba-857b-e66f5d5bf063,1737684000000000000,1737684300000000000,1.04124,DEFAULT,,,,,
O-20250124-020000-001-V2-426,BACKTESTER-001,MLSignalStrategyV2-V2,EUR/USD.IDEALPRO,IDEALPRO-1-426,EUR/USD.IDEALPRO-MLSignalStrategyV2-V2,IDEALPRO-001,IDEALPRO-1-46133,LIMIT,SELL,100000.00,GTC,True,False,100000.00,MAKER,1.04191,-9.999999999843467e-06,['2.08 USD'],NO_TRIGGER,FILLED,OUO,OL-20250124-020000-001-V2-142,['O-20250124-020000-001-V2-425'],O-20250124-020000-001-V2-424,,,,['V2_POS1_TP'],b0fe25c8-811b-4ead-9f33-65d5fb843553,1737684000000000000,1737684300000000000,,,,,1.04190,False,
O-20250124-021500-001-V2-427,BACKTESTER-001,MLSignalStrategyV2-V2,EUR/USD.IDEALPRO,IDEALPRO-1-427,EUR/USD.IDEALPRO-MLSignalStrategyV2-V2,IDEALPRO-001,IDEALPRO-1-46154,MARKET,BUY,100000.00,GTC,False,False,100000.00,TAKER,1.0431,0.0,['2.09 USD'],NO_TRIGGER,FILLED,OTO,OL-20250124-021500-001-V2-143,"['O-20250124-021500-001-V2-428', 'O-20250124-021500-001-V2-429']",,,,,['V2_POS1'],2825ee3c-b868-4a43-b24a-f879630e54f9,1737684900000000000,1737684900000000000,,,,,,,
O-20250124-021500-001-V2-428,BACKTESTER-001,MLSignalStrategyV2-V2,EUR/USD.IDEALPRO,IDEALPRO-1-428,EUR/USD.IDEALPRO-MLSignalStrategyV2-V2,IDEALPRO-001,IDEALPRO-1-46156,STOP_MARKET,SELL,100000.00,GTC,True,False,100000.00,TAKER,1.04246,0.00022999999999995246,['2.08 USD'],NO_TRIGGER,FILLED,OUO,OL-20250124-021500-001-V2-143,['O-20250124-021500-001-V2-429'],O-20250124-021500-001-V2-427,,,,['V2_POS1_SL'],bf1b5d5c-e434-468e-a931-721f4f832da9,1737684900000000000,1737684900000000000,1.04269,DEFAULT,,,,,
O-20250124-021500-001-V2-429,BACKTESTER-001,MLSignalStrategyV2-V2,EUR/USD.IDEALPRO,IDEALPRO-1-429,EUR/USD.IDEALPRO-MLSignalStrategyV2-V2,IDEALPRO-001,,LIMIT,SELL,100000.00,GTC,True,False,0.00,NO_LIQUIDITY_SIDE,,,,NO_TRIGGER,CANCELED,OUO,OL-20250124-021500-001-V2-143,['O-20250124-021500-001-V2-428'],O-20250124-021500-001-V2-427,,,,['V2_POS1_TP'],5b37344c-d08d-463b-a10d-6084bee0459c,1737684900000000000,1737684900000000000,,,,,1.04351,False,
O-20250124-030000-001-V2-430,BACKTESTER-001,MLSignalStrategyV2-V2,EUR/USD.IDEALPRO,IDEALPRO-1-430,EUR/USD.IDEALPRO-MLSignalStrategyV2-V2,IDEALPRO-001,IDEALPRO-1-46246,MARKET,BUY,100000.00,GTC,False,False,100000.00,TAKER,1.04488,0.0,['2.09 USD'],NO_TRIGGER,FILLED,OTO,OL-20250124-030000-001-V2-144,"['O-20250124-030000-001-V2-431', 'O-20250124-030000-001-V2-432']",,,,,['V2_POS1'],b864147c-d74a-49ff-869e-501c543c47bb,1737687600000000000,1737687600000000000,,,,,,,
O-20250124-030000-001-V2-431,BACKTESTER-001,MLSignalStrategyV2-V2,EUR/USD.IDEALPRO,IDEALPRO-1-431,EUR/USD.IDEALPRO-MLSignalStrategyV2-V2,IDEALPRO-001,IDEALPRO-1-46283,STOP_MARKET,SELL,100000.00,GTC,True,False,100000.00,TAKER,1.04408,0.0001900000000001345,['2.09 USD'],NO_TRIGGER,FILLED,OUO,OL-20250124-030000-001-V2-144,['O-20250124-030000-001-V2-432'],O-20250124-030000-001-V2-430,,,,['V2_POS1_SL'],602229e9-8eb6-4b89-80d8-755603054a2e,1737687600000000000,1737688680000000000,1.04427,DEFAULT,,,,,
O-20250124-030000-001-V2-432,BACKTESTER-001,MLSignalStrategyV2-V2,EUR/USD.IDEALPRO,IDEALPRO-1-432,EUR/USD.IDEALPRO-MLSignalStrategyV2-V2,IDEALPRO-001,,LIMIT,SELL,100000.00,GTC,True,False,0.00,NO_LIQUIDITY_SIDE,,,,NO_TRIGGER,CANCELED,OUO,OL-20250124-030000-001-V2-144,['O-20250124-030000-001-V2-431'],O-20250124-030000-001-V2-430,,,,['V2_POS1_TP'],58ed5262-3405-4798-ba25-2d17dfc4237d,1737687600000000000,1737688680000000000,,,,,1.04547,False,
O-20250124-033000-001-V2-433,BACKTESTER-001,MLSignalStrategyV2-V2,EUR/USD.IDEALPRO,IDEALPRO-1-433,EUR/USD.IDEALPRO-MLSignalStrategyV2-V2,IDEALPRO-001,IDEALPRO-1-46308,MARKET,BUY,100000.00,GTC,False,False,100000.00,TAKER,1.04409,0.0,['2.09 USD'],NO_TRIGGER,FILLED,OTO,OL-20250124-033000-001-V2-145,"['O-20250124-033000-001-V2-434', 'O-20250124-033000-001-V2-435']",,,,,['V2_POS1'],507be5fc-b703-4976-a6aa-4073ab6f2d04,1737689400000000000,1737689400000000000,,,,,,,
O-20250124-033000-001-V2-434,BACKTESTER-001,MLSignalStrategyV2-V2,EUR/USD.IDEALPRO,IDEALPRO-1-434,EUR/USD.IDEALPRO-MLSignalStrategyV2-V2,IDEALPRO-001,,STOP_MARKET,SELL,100000.00,GTC,True,False,0.00,NO_LIQUIDITY_SIDE,,,,NO_TRIGGER,CANCELED,OUO,OL-20250124-033000-001-V2-145,['O-20250124-033000-001-V2-435'],O-20250124-033000-001-V2-433,,,,['V2_POS1_SL'],79282e0f-5ec1-4380-80de-27051734b08d,1737689400000000000,1737690600000000000,1.04348,DEFAULT,,,,,
O-20250124-033000-001-V2-435,BACKTESTER-001,MLSignalStrategyV2-V2,EUR/USD.IDEALPRO,IDEALPRO-1-435,EUR/USD.IDEALPRO-MLSignalStrategyV2-V2,IDEALPRO-001,IDEALPRO-1-46349,LIMIT,SELL,100000.00,GTC,True,False,100000.00,MAKER,1.04472,-2.0000000000131024e-05,['2.09 USD'],NO_TRIGGER,FILLED,OUO,OL-20250124-033000-001-V2-145,['O-20250124-033000-001-V2-434'],O-20250124-033000-001-V2-433,,,,['V2_POS1_TP'],db615b24-294f-4342-904f-f70c8bae0266,1737689400000000000,1737690600000000000,,,,,1.04470,False,
O-20250124-041500-001-V2-436,BACKTESTER-001,MLSignalStrategyV2-V2,EUR/USD.IDEALPRO,IDEALPRO-1-436,EUR/USD.IDEALPRO-MLSignalStrategyV2-V2,IDEALPRO-001,IDEALPRO-1-46400,MARKET,BUY,100000.00,GTC,False,False,100000.00,TAKER,1.04501,0.0,['2.09 USD'],NO_TRIGGER,FILLED,OTO,OL-20250124-041500-001-V2-146,"['O-20250124-041500-001-V2-437', 'O-20250124-041500-001-V2-438']",,,,,['V2_POS1'],8cb6c39d-fd67-4978-bf00-9b780ed6cfa8,1737692100000000000,1737692100000000000,,,,,,,
O-20250124-041500-001-V2-437,BACKTESTER-001,MLSignalStrategyV2-V2,EUR/USD.IDEALPRO,IDEALPRO-1-437,EUR/USD.IDEALPRO-MLSignalStrategyV2-V2,IDEALPRO-001,IDEALPRO-1-46463,STOP_MARKET,SELL,100000.00,GTC,True,False,100000.00,TAKER,1.04434,7.00000000000145e-05,['2.09 USD'],NO_TRIGGER,FILLED,OUO,OL-20250124-041500-001-V2-146,['O-20250124-041500-001-V2-438'],O-20250124-041500-001-V2-436,,,,['V2_POS1_SL'],092543fc-8bd4-4190-80da-29e083bc9413,1737692100000000000,1737693960000000000,1.04441,DEFAULT,,,,,
O-20250124-041500-001-V2-438,BACKTESTER-001,MLSignalStrategyV2-V2,EUR/USD.IDEALPRO,IDEALPRO-1-438,EUR/USD.IDEALPRO-MLSignalStrategyV2-V2,IDEALPRO-001,,LIMIT,SELL,100000.00,GTC,True,False,0.00,NO_LIQUIDITY_SIDE,,,,NO_TRIGGER,CANCELED,OUO,OL-20250124-041500-001-V2-146,['O-20250124-041500-001-V2-437'],O-20250124-041500-001-V2-436,,,,['V2_POS1_TP'],df88d7ee-083f-4db7-b54a-d0a59738c74e,1737692100000000000,1737693960000000000,,,,,1.04561,False,
O-20250124-054500-001-V2-439,BACKTESTER-001,MLSignalStrategyV2-V2,EUR/USD.IDEALPRO,IDEALPRO-1-439,EUR/USD.IDEALPRO-MLSignalStrategyV2-V2,IDEALPRO-001,IDEALPRO-1-46582,MARKET,BUY,100000.00,GTC,False,False,100000.00,TAKER,1.04475,0.0,['2.09 USD'],NO_TRIGGER,FILLED,OTO,OL-20250124-054500-001-V2-147,"['O-20250124-054500-001-V2-440', 'O-20250124-054500-001-V2-441']",,,,,['V2_POS1'],dcd7e8a3-33c7-43aa-9dcc-230055e752ae,1737697500000000000,1737697500000000000,,,,,,,
O-20250124-054500-001-V2-440,BACKTESTER-001,MLSignalStrategyV2-V2,EUR/USD.IDEALPRO,IDEALPRO-1-440,EUR/USD.IDEALPRO-MLSignalStrategyV2-V2,IDEALPRO-001,,STOP_MARKET,SELL,100000.00,GTC,True,False,0.00,NO_LIQUIDITY_SIDE,,,,NO_TRIGGER,CANCELED,OUO,OL-20250124-054500-001-V2-147,['O-20250124-054500-001-V2-441'],O-20250124-054500-001-V2-439,,,,['V2_POS1_SL'],62a9af7d-9de6-4f03-88a3-38dee0ff1758,1737697500000000000,1737698880000000000,1.04423,DEFAULT,,,,,
O-20250124-054500-001-V2-441,BACKTESTER-001,MLSignalStrategyV2-V2,EUR/USD.IDEALPRO,IDEALPRO-1-441,EUR/USD.IDEALPRO-MLSignalStrategyV2-V2,IDEALPRO-001,IDEALPRO-1-46629,LIMIT,SELL,100000.00,GTC,True,False,100000.00,MAKER,1.04538,-0.0001100000000000545,['2.09 USD'],NO_TRIGGER,FILLED,OUO,OL-20250124-054500-001-V2-147,['O-20250124-054500-001-V2-440'],O-20250124-054500-001-V2-439,,,,['V2_POS1_TP'],b5bf81bc-59c8-4cb3-bfd2-bd30a2991288,1737697500000000000,1737698880000000000,,,,,1.04527,False,
O-20250124-083000-001-V2-442,BACKTESTER-001,MLSignalStrategyV2-V2,EUR/USD.IDEALPRO,IDEALPRO-1-442,EUR/USD.IDEALPRO-MLSignalStrategyV2-V2,IDEALPRO-001,IDEALPRO-1-46914,MARKET,SELL,100000.00,GTC,False,False,100000.00,TAKER,1.0479,0.0,['2.10 USD'],NO_TRIGGER,FILLED,OTO,OL-20250124-083000-001-V2-148,"['O-20250124-083000-001-V2-443', 'O-20250124-083000-001-V2-444']",,,,,['V2_POS1'],009802d7-9f7d-4138-a867-46f844e0e02d,1737707400000000000,1737707400000000000,,,,,,,
O-20250124-083000-001-V2-443,BACKTESTER-001,MLSignalStrategyV2-V2,EUR/USD.IDEALPRO,IDEALPRO-1-443,EUR/USD.IDEALPRO-MLSignalStrategyV2-V2,IDEALPRO-001,IDEALPRO-1-46917,STOP_MARKET,BUY,100000.00,GTC,True,False,100000.00,TAKER,1.04914,0.00025999999999992696,['2.10 USD'],NO_TRIGGER,FILLED,OUO,OL-20250124-083000-001-V2-148,['O-20250124-083000-001-V2-444'],O-20250124-083000-001-V2-442,,,,['V2_POS1_SL'],fa2bde14-e12d-4176-bb4f-9b8b83acb324,1737707400000000000,1737707460000000000,1.04888,DEFAULT,,,,,
O-20250124-083000-001-V2-444,BACKTESTER-001,MLSignalStrategyV2-V2,EUR/USD.IDEALPRO,IDEALPRO-1-444,EUR/USD.IDEALPRO-MLSignalStrategyV2-V2,IDEALPRO-001,,LIMIT,BUY,100000.00,GTC,True,False,0.00,NO_LIQUIDITY_SIDE,,,,NO_TRIGGER,CANCELED,OUO,OL-20250124-083000-001-V2-148,['O-20250124-083000-001-V2-443'],O-20250124-083000-001-V2-442,,,,['V2_POS1_TP'],e5571817-2ac8-4a07-9507-1892f4c3b8a5,1737707400000000000,1737707460000000000,,,,,1.04694,False,
O-20250124-084500-001-V2-445,BACKTESTER-001,MLSignalStrategyV2-V2,EUR/USD.IDEALPRO,IDEALPRO-1-445,EUR/USD.IDEALPRO-MLSignalStrategyV2-V2,IDEALPRO-001,IDEALPRO-1-46946,MARKET,SELL,100000.00,GTC,False,False,100000.00,TAKER,1.04898,0.0,['2.10 USD'],NO_TRIGGER,FILLED,OTO,OL-20250124-084500-001-V2-149,"['O-20250124-084500-001-V2-446', 'O-20250124-084500-001-V2-447']",,,,,['V2_POS1'],5c6dd4da-7cde-4dce-bdef-83f550ff7f32,1737708300000000000,1737708300000000000,,,,,,,
O-20250124-084500-001-V2-446,BACKTESTER-001,MLSignalStrategyV2-V2,EUR/USD.IDEALPRO,IDEALPRO-1-446,EUR/USD.IDEALPRO-MLSignalStrategyV2-V2,IDEALPRO-001,IDEALPRO-1-46981,STOP_MARKET,BUY,100000.00,GTC,True,False,100000.00,TAKER,1.05012,0.00011999999999989797,['2.10 USD'],NO_TRIGGER,FILLED,OUO,OL-20250124-084500-001-V2-149,['O-20250124-084500-001-V2-447'],O-20250124-084500-001-V2-445,,,,['V2_POS1_SL'],250e4656-0848-4fd6-b804-4bdb8cfb2325,1737708300000000000,1737709320000000000,1.05000,DEFAULT,,,,,
O-20250124-084500-001-V2-447,BACKTESTER-001,MLSignalStrategyV2-V2,EUR/USD.IDEALPRO,IDEALPRO-1-447,EUR/USD.IDEALPRO-MLSignalStrategyV2-V2,IDEALPRO-001,,LIMIT,BUY,100000.00,GTC,True,False,0.00,NO_LIQUIDITY_SIDE,,,,NO_TRIGGER,CANCELED,OUO,OL-20250124-084500-001-V2-149,['O-20250124-084500-001-V2-446'],O-20250124-084500-001-V2-445,,,,['V2_POS1_TP'],99ee27a8-fa83-4887-b7c2-1c632cd76a59,1737708300000000000,1737709320000000000,,,,,1.04796,False,
O-20250124-100000-001-V2-448,BACKTESTER-001,MLSignalStrategyV2-V2,EUR/USD.IDEALPRO,IDEALPRO-1-448,EUR/USD.IDEALPRO-MLSignalStrategyV2-V2,IDEALPRO-001,IDEALPRO-1-47098,MARKET,SELL,100000.00,GTC,False,False,100000.00,TAKER,1.04945,0.0,['2.10 USD'],NO_TRIGGER,FILLED,OTO,OL-20250124-100000-001-V2-150,"['O-20250124-100000-001-V2-449', 'O-20250124-100000-001-V2-450']",,,,,['V2_POS1'],7080028b-9be9-4edf-a261-350d183d99aa,1737712800000000000,1737712800000000000,,,,,,,
O-20250124-100000-001-V2-449,BACKTESTER-001,MLSignalStrategyV2-V2,EUR/USD.IDEALPRO,IDEALPRO-1-449,EUR/USD.IDEALPRO-MLSignalStrategyV2-V2,IDEALPRO-001,,STOP_MARKET,BUY,100000.00,GTC,True,False,0.00,NO_LIQUIDITY_SIDE,,,,NO_TRIGGER,CANCELED,OUO,OL-20250124-100000-001-V2-150,['O-20250124-100000-001-V2-450'],O-20250124-100000-001-V2-448,,,,['V2_POS1_SL'],a2625bfa-0069-42ef-bbee-314815b6f686,1737712800000000000,1737718380000000000,1.05048,DEFAULT,,,,,
O-20250124-100000-001-V2-450,BACKTESTER-001,MLSignalStrategyV2-V2,EUR/USD.IDEALPRO,IDEALPRO-1-450,EUR/USD.IDEALPRO-MLSignalStrategyV2-V2,IDEALPRO-001,IDEALPRO-1-47285,LIMIT,BUY,100000.00,GTC,True,False,100000.00,MAKER,1.04836,-5.999999999994898e-05,['2.10 USD'],NO_TRIGGER,FILLED,OUO,OL-20250124-100000-001-V2-150,['O-20250124-100000-001-V2-449'],O-20250124-100000-001-V2-448,,,,['V2_POS1_TP'],b4d78172-8eac-4086-b465-a6001bec86ce,1737712800000000000,1737718380000000000,,,,,1.04842,False,
O-20250124-144500-001-V2-451,BACKTESTER-001,MLSignalStrategyV2-V2,EUR/USD.IDEALPRO,IDEALPRO-1-451,EUR/USD.IDEALPRO-MLSignalStrategyV2-V2,IDEALPRO-001,IDEALPRO-1-47671,MARKET,BUY,100000.00,GTC,False,False,100000.00,TAKER,1.04776,0.0,['2.10 USD'],NO_TRIGGER,FILLED,OTO,OL-20250124-144500-001-V2-151,"['O-20250124-144500-001-V2-452', 'O-20250124-144500-001-V2-453']",,,,,['V2_POS1'],782d0da2-f67b-4d1f-bcc1-3429f363788b,1737729900000000000,1737729900000000000,,,,,,,
O-20250124-144500-001-V2-452,BACKTESTER-001,MLSignalStrategyV2-V2,EUR/USD.IDEALPRO,IDEALPRO-1-452,EUR/USD.IDEALPRO-MLSignalStrategyV2-V2,IDEALPRO-001,,STOP_MARKET,SELL,100000.00,GTC,True,False,0.00,NO_LIQUIDITY_SIDE,,,,NO_TRIGGER,CANCELED,OUO,OL-20250124-144500-001-V2-151,['O-20250124-144500-001-V2-453'],O-20250124-144500-001-V2-451,,,,['V2_POS1_SL'],cd2ed930-b9e8-48c7-8cc8-7591bc07f46c,1737729900000000000,1737729960000000000,1.04709,DEFAULT,,,,,
O-20250124-144500-001-V2-453,BACKTESTER-001,MLSignalStrategyV2-V2,EUR/USD.IDEALPRO,IDEALPRO-1-453,EUR/USD.IDEALPRO-MLSignalStrategyV2-V2,IDEALPRO-001,IDEALPRO-1-47673,LIMIT,SELL,100000.00,GTC,True,False,100000.00,MAKER,1.04933,-0.0009200000000000319,['2.10 USD'],NO_TRIGGER,FILLED,OUO,OL-20250124-144500-001-V2-151,['O-20250124-144500-001-V2-452'],O-20250124-144500-001-V2-451,,,,['V2_POS1_TP'],1bea5b07-8644-4039-a0cb-6ef8277baff2,1737729900000000000,1737729960000000000,,,,,1.04841,False,
O-20250126-223000-001-V2-454,BACKTESTER-001,MLSignalStrategyV2-V2,EUR/USD.IDEALPRO,IDEALPRO-1-454,EUR/USD.IDEALPRO-MLSignalStrategyV2-V2,IDEALPRO-001,IDEALPRO-1-48572,MARKET,BUY,100000.00,GTC,False,False,100000.00,TAKER,1.04834,0.0,['2.10 USD'],NO_TRIGGER,FILLED,OTO,OL-20250126-223000-001-V2-152,"['O-20250126-223000-001-V2-455', 'O-20250126-223000-001-V2-456']",,,,,['V2_POS1'],249a2c7d-b4af-4346-ae51-98d08fb6a1f7,1737930600000000000,1737930600000000000,,,,,,,
O-20250126-223000-001-V2-455,BACKTESTER-001,MLSignalStrategyV2-V2,EUR/USD.IDEALPRO,IDEALPRO-1-455,EUR/USD.IDEALPRO-MLSignalStrategyV2-V2,IDEALPRO-001,IDEALPRO-1-48637,STOP_MARKET,SELL,100000.00,GTC,True,False,100000.00,TAKER,1.04773,0.0001100000000000545,['2.10 USD'],NO_TRIGGER,FILLED,OUO,OL-20250126-223000-001-V2-152,['O-20250126-223000-001-V2-456'],O-20250126-223000-001-V2-454,,,,['V2_POS1_SL'],b777c90c-f756-41ae-9d4f-2ca1d5f3df91,1737930600000000000,1737932520000000000,1.04784,DEFAULT,,,,,
O-20250126-223000-001-V2-456,BACKTESTER-001,MLSignalStrategyV2-V2,EUR/USD.IDEALPRO,IDEALPRO-1-456,EUR/USD.IDEALPRO-MLSignalStrategyV2-V2,IDEALPRO-001,,LIMIT,SELL,100000.00,GTC,True,False,0.00,NO_LIQUIDITY_SIDE,,,,NO_TRIGGER,CANCELED,OUO,OL-20250126-223000-001-V2-152,['O-20250126-223000-001-V2-455'],O-20250126-223000-001-V2-454,,,,['V2_POS1_TP'],1d7ea10c-f965-43fe-8544-8564120f7977,1737930600000000000,1737932520000000000,,,,,1.04882,False,
O-20250126-231500-001-V2-457,BACKTESTER-001,MLSignalStrategyV2-V2,EUR/USD.IDEALPRO,IDEALPRO-1-457,EUR/USD.IDEALPRO-MLSignalStrategyV2-V2,IDEALPRO-001,IDEALPRO-1-48664,MARKET,BUY,100000.00,GTC,False,False,100000.00,TAKER,1.0476,0.0,['2.10 USD'],NO_TRIGGER,FILLED,OTO,OL-20250126-231500-001-V2-153,"['O-20250126-231500-001-V2-458', 'O-20250126-231500-001-V2-459']",,,,,['V2_POS1'],63a243b0-b009-4f2a-b9c9-954a00289f8e,1737933300000000000,1737933300000000000,,,,,,,
O-20250126-231500-001-V2-458,BACKTESTER-001,MLSignalStrategyV2-V2,EUR/USD.IDEALPRO,IDEALPRO-1-458,EUR/USD.IDEALPRO-MLSignalStrategyV2-V2,IDEALPRO-001,IDEALPRO-1-48687,STOP_MARKET,SELL,100000.00,GTC,True,False,100000.00,TAKER,1.04709,9.999999999998899e-05,['2.09 USD'],NO_TRIGGER,FILLED,OUO,OL-20250126-231500-001-V2-153,['O-20250126-231500-001-V2-459'],O-20250126-231500-001-V2-457,,,,['V2_POS1_SL'],9661e3db-d296-47a4-beec-e4d7182dbe86,1737933300000000000,1737933960000000000,1.04719,DEFAULT,,,,,
O-20250126-231500-001-V2-459,BACKTESTER-001,MLSignalStrategyV2-V2,EUR/USD.IDEALPRO,IDEALPRO-1-459,EUR/USD.IDEALPRO-MLSignalStrategyV2-V2,IDEALPRO-001,,LIMIT,SELL,100000.00,GTC,True,False,0.00,NO_LIQUIDITY_SIDE,,,,NO_TRIGGER,CANCELED,OUO,OL-20250126-231500-001-V2-153,['O-20250126-231500-001-V2-458'],O-20250126-231500-001-V2-457,,,,['V2_POS1_TP'],fa1c5790-de8b-409c-bea1-a43096218800,1737933300000000000,1737933960000000000,,,,,1.04801,False,
O-20250126-233000-001-V2-460,BACKTESTER-001,MLSignalStrategyV2-V2,EUR/USD.IDEALPRO,IDEALPRO-1-460,EUR/USD.IDEALPRO-MLSignalStrategyV2-V2,IDEALPRO-001,IDEALPRO-1-48696,MARKET,BUY,100000.00,GTC,False,False,100000.00,TAKER,1.04727,0.0,['2.09 USD'],NO_TRIGGER,FILLED,OTO,OL-20250126-233000-001-V2-154,"['O-20250126-233000-001-V2-461', 'O-20250126-233000-001-V2-462']",,,,,['V2_POS1'],62d98ad5-0f06-4a32-8c0e-93ca73cf75c7,1737934200000000000,1737934200000000000,,,,,,,
O-20250126-233000-001-V2-461,BACKTESTER-001,MLSignalStrategyV2-V2,EUR/USD.IDEALPRO,IDEALPRO-1-461,EUR/USD.IDEALPRO-MLSignalStrategyV2-V2,IDEALPRO-001,IDEALPRO-1-48733,STOP_MARKET,SELL,100000.00,GTC,True,False,100000.00,TAKER,1.04681,1.999999999990898e-05,['2.09 USD'],NO_TRIGGER,FILLED,OUO,OL-20250126-233000-001-V2-154,['O-20250126-233000-001-V2-462'],O-20250126-233000-001-V2-460,,,,['V2_POS1_SL'],d64d3ad7-fd1e-44c9-9065-5743b27eb98d,1737934200000000000,1737935280000000000,1.04683,DEFAULT,,,,,
O-20250126-233000-001-V2-462,BACKTESTER-001,MLSignalStrategyV2-V2,EUR/USD.IDEALPRO,IDEALPRO-1-462,EUR/USD.IDEALPRO-MLSignalStrategyV2-V2,IDEALPRO-001,,LIMIT,SELL,100000.00,GTC,True,False,0.00,NO_LIQUIDITY_SIDE,,,,NO_TRIGGER,CANCELED,OUO,OL-20250126-233000-001-V2-154,['O-20250126-233000-001-V2-461'],O-20250126-233000-001-V2-460,,,,['V2_POS1_TP'],efbb84f3-5b07-424c-9363-21fc55e1b896,1737934200000000000,1737935280000000000,,,,,1.04771,False,
O-20250127-000000-001-V2-463,BACKTESTER-001,MLSignalStrategyV2-V2,EUR/USD.IDEALPRO,IDEALPRO-1-463,EUR/USD.IDEALPRO-MLSignalStrategyV2-V2,IDEALPRO-001,IDEALPRO-1-48758,MARKET,BUY,100000.00,GTC,False,False,100000.00,TAKER,1.04676,0.0,['2.09 USD'],NO_TRIGGER,FILLED,OTO,OL-20250127-000000-001-V2-155,"['O-20250127-000000-001-V2-464', 'O-20250127-000000-001-V2-465']",,,,,['V2_POS1'],6f7f7cda-c448-4dc5-acbb-4051c379fcdf,1737936000000000000,1737936000000000000,,,,,,,
O-20250127-000000-001-V2-464,BACKTESTER-001,MLSignalStrategyV2-V2,EUR/USD.IDEALPRO,IDEALPRO-1-464,EUR/USD.IDEALPRO-MLSignalStrategyV2-V2,IDEALPRO-001,,STOP_MARKET,SELL,100000.00,GTC,True,False,0.00,NO_LIQUIDITY_SIDE,,,,NO_TRIGGER,CANCELED,OUO,OL-20250127-000000-001-V2-155,['O-20250127-000000-001-V2-465'],O-20250127-000000-001-V2-463,,,,['V2_POS1_SL'],9ce55edb-1f59-43dc-9181-7b70be2d1f23,1737936000000000000,1737937320000000000,1.04632,DEFAULT,,,,,
O-20250127-000000-001-V2-465,BACKTESTER-001,MLSignalStrategyV2-V2,EUR/USD.IDEALPRO,IDEALPRO-1-465,EUR/USD.IDEALPRO-MLSignalStrategyV2-V2,IDEALPRO-001,IDEALPRO-1-48803,LIMIT,SELL,100000.00,GTC,True,False,100000.00,MAKER,1.04724,-4.0000000000040004e-05,['2.09 USD'],NO_TRIGGER,FILLED,OUO,OL-20250127-000000-001-V2-155,['O-20250127-000000-001-V2-464'],O-20250127-000000-001-V2-463,,,,['V2_POS1_TP'],fc1d6d03-3d26-40ff-a343-c0b9aa85ddd5,1737936000000000000,1737937320000000000,,,,,1.04720,False,
O-20250127-003000-001-V2-466,BACKTESTER-001,MLSignalStrategyV2-V2,EUR/USD.IDEALPRO,IDEALPRO-1-466,EUR/USD.IDEALPRO-MLSignalStrategyV2-V2,IDEALPRO-001,IDEALPRO-1-48820,MARKET,SELL,100000.00,GTC,False,False,100000.00,TAKER,1.04742,0.0,['2.09 USD'],NO_TRIGGER,FILLED,OTO,OL-20250127-003000-001-V2-156,"['O-20250127-003000-001-V2-467', 'O-20250127-003000-001-V2-468']",,,,,['V2_POS1'],3a5937af-00e1-45c0-af67-9d46e2672c67,1737937800000000000,1737937800000000000,,,,,,,
O-20250127-003000-001-V2-467,BACKTESTER-001,MLSignalStrategyV2-V2,EUR/USD.IDEALPRO,IDEALPRO-1-467,EUR/USD.IDEALPRO-MLSignalStrategyV2-V2,IDEALPRO-001,IDEALPRO-1-48911,STOP_MARKET,BUY,100000.00,GTC,True,False,100000.00,TAKER,1.04788,1.999999999990898e-05,['2.10 USD'],NO_TRIGGER,FILLED,OUO,OL-20250127-003000-001-V2-156,['O-20250127-003000-001-V2-468'],O-20250127-003000-001-V2-466,,,,['V2_POS1_SL'],331afdd7-7330-4f49-b5a7-13654613656c,1737937800000000000,1737940500000000000,1.04786,DEFAULT,,,,,
O-20250127-003000-001-V2-468,BACKTESTER-001,MLSignalStrategyV2-V2,EUR/USD.IDEALPRO,IDEALPRO-1-468,EUR/USD.IDEALPRO-MLSignalStrategyV2-V2,IDEALPRO-001,,LIMIT,BUY,100000.00,GTC,True,False,0.00,NO_LIQUIDITY_SIDE,,,,NO_TRIGGER,CANCELED,OUO,OL-20250127-003000-001-V2-156,['O-20250127-003000-001-V2-467'],O-20250127-003000-001-V2-466,,,,['V2_POS1_TP'],085e08c9-7d9f-459a-b0da-8f681085f8e2,1737937800000000000,1737940500000000000,,,,,1.04698,False,
O-20250127-074500-001-V2-469,BACKTESTER-001,MLSignalStrategyV2-V2,EUR/USD.IDEALPRO,IDEALPRO-1-469,EUR/USD.IDEALPRO-MLSignalStrategyV2-V2,IDEALPRO-001,IDEALPRO-1-49693,MARKET,SELL,100000.00,GTC,False,False,100000.00,TAKER,1.04706,0.0,['2.09 USD'],NO_TRIGGER,FILLED,OTO,OL-20250127-074500-001-V2-157,"['O-20250127-074500-001-V2-470', 'O-20250127-074500-001-V2-471']",,,,,['V2_POS1'],1a2964bc-4113-458d-969c-733bd383d129,1737963900000000000,1737963900000000000,,,,,,,
O-20250127-074500-001-V2-470,BACKTESTER-001,MLSignalStrategyV2-V2,EUR/USD.IDEALPRO,IDEALPRO-1-470,EUR/USD.IDEALPRO-MLSignalStrategyV2-V2,IDEALPRO-001,,STOP_MARKET,BUY,100000.00,GTC,True,False,0.00,NO_LIQUIDITY_SIDE,,,,NO_TRIGGER,CANCELED,OUO,OL-20250127-074500-001-V2-157,['O-20250127-074500-001-V2-471'],O-20250127-074500-001-V2-469,,,,['V2_POS1_SL'],9b728d28-6f66-4ac5-8b31-c20676670e1d,1737963900000000000,1737964500000000000,1.04758,DEFAULT,,,,,
O-20250127-074500-001-V2-471,BACKTESTER-001,MLSignalStrategyV2-V2,EUR/USD.IDEALPRO,IDEALPRO-1-471,EUR/USD.IDEALPRO-MLSignalStrategyV2-V2,IDEALPRO-001,IDEALPRO-1-49713,LIMIT,BUY,100000.00,GTC,True,False,100000.00,MAKER,1.04652,-2.0000000000131024e-05,['2.09 USD'],NO_TRIGGER,FILLED,OUO,OL-20250127-074500-001-V2-157,['O-20250127-074500-001-V2-470'],O-20250127-074500-001-V2-469,,,,['V2_POS1_TP'],b7cb04ae-3dee-481c-9289-1c0a61ea145b,1737963900000000000,1737964500000000000,,,,,1.04654,False,
O-20250127-081500-001-V2-472,BACKTESTER-001,MLSignalStrategyV2-V2,EUR/USD.IDEALPRO,IDEALPRO-1-472,EUR/USD.IDEALPRO-MLSignalStrategyV2-V2,IDEALPRO-001,IDEALPRO-1-49755,MARKET,BUY,100000.00,GTC,False,False,100000.00,TAKER,1.04717,0.0,['2.09 USD'],NO_TRIGGER,FILLED,OTO,OL-20250127-081500-001-V2-158,"['O-20250127-081500-001-V2-473', 'O-20250127-081500-001-V2-474']",,,,,['V2_POS1'],ecf5e12c-6a03-4056-bcae-d2377864f1da,1737965700000000000,1737965700000000000,,,,,,,
O-20250127-081500-001-V2-473,BACKTESTER-001,MLSignalStrategyV2-V2,EUR/USD.IDEALPRO,IDEALPRO-1-473,EUR/USD.IDEALPRO-MLSignalStrategyV2-V2,IDEALPRO-001,,STOP_MARKET,SELL,100000.00,GTC,True,False,0.00,NO_LIQUIDITY_SIDE,,,,NO_TRIGGER,CANCELED,OUO,OL-20250127-081500-001-V2-158,['O-20250127-081500-001-V2-474'],O-20250127-081500-001-V2-472,,,,['V2_POS1_SL'],175bb0ca-47bf-4076-845f-20e8b3d124c9,1737965700000000000,1737967320000000000,1.04645,DEFAULT,,,,,
O-20250127-081500-001-V2-474,BACKTESTER-001,MLSignalStrategyV2-V2,EUR/USD.IDEALPRO,IDEALPRO-1-474,EUR/USD.IDEALPRO-MLSignalStrategyV2-V2,IDEALPRO-001,IDEALPRO-1-49809,LIMIT,SELL,100000.00,GTC,True,False,100000.00,MAKER,1.04791,-1.999999999990898e-05,['2.10 USD'],NO_TRIGGER,FILLED,OUO,OL-20250127-081500-001-V2-158,['O-20250127-081500-001-V2-473'],O-20250127-081500-001-V2-472,,,,['V2_POS1_TP'],414a4a5c-893e-47be-a1ac-5ac6d8e71394,1737965700000000000,1737967320000000000,,,,,1.04789,False,
O-20250127-084500-001-V2-475,BACKTESTER-001,MLSignalStrategyV2-V2,EUR/USD.IDEALPRO,IDEALPRO-1-475,EUR/USD.IDEALPRO-MLSignalStrategyV2-V2,IDEALPRO-001,IDEALPRO-1-49816,MARKET,BUY,100000.00,GTC,False,False,100000.00,TAKER,1.04787,0.0,['2.10 USD'],NO_TRIGGER,FILLED,OTO,OL-20250127-084500-001-V2-159,"['O-20250127-084500-001-V2-476', 'O-20250127-084500-001-V2-477']",,,,,['V2_POS1'],18032762-2a74-4334-9f06-3be81d3de844,1737967500000000000,1737967500000000000,,,,,,,
O-20250127-084500-001-V2-476,BACKTESTER-001,MLSignalStrategyV2-V2,EUR/USD.IDEALPRO,IDEALPRO-1-476,EUR/USD.IDEALPRO-MLSignalStrategyV2-V2,IDEALPRO-001,,STOP_MARKET,SELL,100000.00,GTC,True,False,0.00,NO_LIQUIDITY_SIDE,,,,NO_TRIGGER,CANCELED,OUO,OL-20250127-084500-001-V2-159,['O-20250127-084500-001-V2-477'],O-20250127-084500-001-V2-475,,,,['V2_POS1_SL'],383dad38-7586-42bb-bbdc-b16f058ff7f9,1737967500000000000,1737968160000000000,1.04716,DEFAULT,,,,,
O-20250127-084500-001-V2-477,BACKTESTER-001,MLSignalStrategyV2-V2,EUR/USD.IDEALPRO,IDEALPRO-1-477,EUR/USD.IDEALPRO-MLSignalStrategyV2-V2,IDEALPRO-001,IDEALPRO-1-49839,LIMIT,SELL,100000.00,GTC,True,False,100000.00,MAKER,1.04858,0.0,['2.10 USD'],NO_TRIGGER,FILLED,OUO,OL-20250127-084500-001-V2-159,['O-20250127-084500-001-V2-476'],O-20250127-084500-001-V2-475,,,,['V2_POS1_TP'],660920e9-0657-4e97-aced-2c7ac95cf2c2,1737967500000000000,1737968160000000000,,,,,1.04858,False,
O-20250127-121500-001-V2-478,BACKTESTER-001,MLSignalStrategyV2-V2,EUR/USD.IDEALPRO,IDEALPRO-1-478,EUR/USD.IDEALPRO-MLSignalStrategyV2-V2,IDEALPRO-001,IDEALPRO-1-50239,MARKET,SELL,100000.00,GTC,False,False,100000.00,TAKER,1.05105,0.0,['2.10 USD'],NO_TRIGGER,FILLED,OTO,OL-20250127-121500-001-V2-160,"['O-20250127-121500-001-V2-479', 'O-20250127-121500-001-V2-480']",,,,,['V2_POS1'],3f336ab2-9f02-497b-b4d7-1560631ebb21,1737980100000000000,1737980100000000000,,,,,,,
O-20250127-121500-001-V2-479,BACKTESTER-001,MLSignalStrategyV2-V2,EUR/USD.IDEALPRO,IDEALPRO-1-479,EUR/USD.IDEALPRO-MLSignalStrategyV2-V2,IDEALPRO-001,IDEALPRO-1-50277,STOP_MARKET,BUY,100000.00,GTC,True,False,100000.00,TAKER,1.05181,3.999999999981796e-05,['2.10 USD'],NO_TRIGGER,FILLED,OUO,OL-20250127-121500-001-V2-160,['O-20250127-121500-001-V2-480'],O-20250127-121500-001-V2-478,,,,['V2_POS1_SL'],5e1d220a-a3d9-4f73-ab32-4082b0567461,1737980100000000000,1737981240000000000,1.05177,DEFAULT,,,,,
O-20250127-121500-001-V2-480,BACKTESTER-001,MLSignalStrategyV2-V2,EUR/USD.IDEALPRO,IDEALPRO-1-480,EUR/USD.IDEALPRO-MLSignalStrategyV2-V2,IDEALPRO-001,,LIMIT,BUY,100000.00,GTC,True,False,0.00,NO_LIQUIDITY_SIDE,,,,NO_TRIGGER,CANCELED,OUO,OL-20250127-121500-001-V2-160,['O-20250127-121500-001-V2-479'],O-20250127-121500-001-V2-478,,,,['V2_POS1_TP'],26f39c12-404e-45dc-90fd-7416cd9abb78,1737980100000000000,1737981240000000000,,,,,1.05033,False,
O-20250127-124500-001-V2-481,BACKTESTER-001,MLSignalStrategyV2-V2,EUR/USD.IDEALPRO,IDEALPRO-1-481,EUR/USD.IDEALPRO-MLSignalStrategyV2-V2,IDEALPRO-001,IDEALPRO-1-50300,MARKET,SELL,100000.00,GTC,False,False,100000.00,TAKER,1.05157,0.0,['2.10 USD'],NO_TRIGGER,FILLED,OTO,OL-20250127-124500-001-V2-161,"['O-20250127-124500-001-V2-482', 'O-20250127-124500-001-V2-483']",,,,,['V2_POS1'],b340a1f4-16e4-4cd8-89ee-adbc2469dab2,1737981900000000000,1737981900000000000,,,,,,,
O-20250127-124500-001-V2-482,BACKTESTER-001,MLSignalStrategyV2-V2,EUR/USD.IDEALPRO,IDEALPRO-1-482,EUR/USD.IDEALPRO-MLSignalStrategyV2-V2,IDEALPRO-001,IDEALPRO-1-50321,STOP_MARKET,BUY,100000.00,GTC,True,False,100000.00,TAKER,1.05283,0.0005800000000000249,['2.11 USD'],NO_TRIGGER,FILLED,OUO,OL-20250127-124500-001-V2-161,['O-20250127-124500-001-V2-483'],O-20250127-124500-001-V2-481,,,,['V2_POS1_SL'],d8e0f608-6823-45e2-b02d-2ce8b8deae09,1737981900000000000,1737982500000000000,1.05225,DEFAULT,,,,,
O-20250127-124500-001-V2-483,BACKTESTER-001,MLSignalStrategyV2-V2,EUR/USD.IDEALPRO,IDEALPRO-1-483,EUR/USD.IDEALPRO-MLSignalStrategyV2-V2,IDEALPRO-001,,LIMIT,BUY,100000.00,GTC,True,False,0.00,NO_LIQUIDITY_SIDE,,,,NO_TRIGGER,CANCELED,OUO,OL-20250127-124500-001-V2-161,['O-20250127-124500-001-V2-482'],O-20250127-124500-001-V2-481,,,,['V2_POS1_TP'],40f77801-7a55-412e-8a14-2f37f0f256cb,1737981900000000000,1737982500000000000,,,,,1.05089,False,
O-20250127-130000-001-V2-484,BACKTESTER-001,MLSignalStrategyV2-V2,EUR/USD.IDEALPRO,IDEALPRO-1-484,EUR/USD.IDEALPRO-MLSignalStrategyV2-V2,IDEALPRO-001,IDEALPRO-1-50332,MARKET,SELL,100000.00,GTC,False,False,100000.00,TAKER,1.05214,0.0,['2.10 USD'],NO_TRIGGER,FILLED,OTO,OL-20250127-130000-001-V2-162,"['O-20250127-130000-001-V2-485', 'O-20250127-130000-001-V2-486']",,,,,['V2_POS1'],ed26ed5f-b614-4be4-b1ad-e6d36ac08066,1737982800000000000,1737982800000000000,,,,,,,
O-20250127-130000-001-V2-485,BACKTESTER-001,MLSignalStrategyV2-V2,EUR/USD.IDEALPRO,IDEALPRO-1-485,EUR/USD.IDEALPRO-MLSignalStrategyV2-V2,IDEALPRO-001,IDEALPRO-1-50349,STOP_MARKET,BUY,100000.00,GTC,True,False,100000.00,TAKER,1.05286,9.999999999843467e-06,['2.11 USD'],NO_TRIGGER,FILLED,OUO,OL-20250127-130000-001-V2-162,['O-20250127-130000-001-V2-486'],O-20250127-130000-001-V2-484,,,,['V2_POS1_SL'],c313ab8f-d85d-4f52-aaa9-5ad61164983f,1737982800000000000,1737983280000000000,1.05285,DEFAULT,,,,,
O-20250127-130000-001-V2-486,BACKTESTER-001,MLSignalStrategyV2-V2,EUR/USD.IDEALPRO,IDEALPRO-1-486,EUR/USD.IDEALPRO-MLSignalStrategyV2-V2,IDEALPRO-001,,LIMIT,BUY,100000.00,GTC,True,False,0.00,NO_LIQUIDITY_SIDE,,,,NO_TRIGGER,CANCELED,OUO,OL-20250127-130000-001-V2-162,['O-20250127-130000-001-V2-485'],O-20250127-130000-001-V2-484,,,,['V2_POS1_TP'],c80a8555-6b84-4ea0-9036-949ed4ef44d7,1737982800000000000,1737983280000000000,,,,,1.05143,False,
O-20250127-131500-001-V2-487,BACKTESTER-001,MLSignalStrategyV2-V2,EUR/USD.IDEALPRO,IDEALPRO-1-487,EUR/USD.IDEALPRO-MLSignalStrategyV2-V2,IDEALPRO-001,IDEALPRO-1-50365,MARKET,SELL,100000.00,GTC,False,False,100000.00,TAKER,1.05226,0.0,['2.10 USD'],NO_TRIGGER,FILLED,OTO,OL-20250127-131500-001-V2-163,"['O-20250127-131500-001-V2-488', 'O-20250127-131500-001-V2-489']",,,,,['V2_POS1'],aa6ee006-5d2b-410f-8314-a81e52260f42,1737983700000000000,1737983700000000000,,,,,,,
O-20250127-131500-001-V2-488,BACKTESTER-001,MLSignalStrategyV2-V2,EUR/USD.IDEALPRO,IDEALPRO-1-488,EUR/USD.IDEALPRO-MLSignalStrategyV2-V2,IDEALPRO-001,,STOP_MARKET,BUY,100000.00,GTC,True,False,0.00,NO_LIQUIDITY_SIDE,,,,NO_TRIGGER,CANCELED,OUO,OL-20250127-131500-001-V2-163,['O-20250127-131500-001-V2-489'],O-20250127-131500-001-V2-487,,,,['V2_POS1_SL'],950b6a25-f17b-4dea-a771-730ae59996ed,1737983700000000000,1737984180000000000,1.05309,DEFAULT,,,,,
O-20250127-131500-001-V2-489,BACKTESTER-001,MLSignalStrategyV2-V2,EUR/USD.IDEALPRO,IDEALPRO-1-489,EUR/USD.IDEALPRO-MLSignalStrategyV2-V2,IDEALPRO-001,IDEALPRO-1-50381,LIMIT,BUY,100000.00,GTC,True,False,100000.00,MAKER,1.05123,-0.00021999999999988695,['2.10 USD'],NO_TRIGGER,FILLED,OUO,OL-20250127-131500-001-V2-163,['O-20250127-131500-001-V2-488'],O-20250127-131500-001-V2-487,,,,['V2_POS1_TP'],f81bd204-e80b-40fb-a642-4f6797394bc6,1737983700000000000,1737984180000000000,,,,,1.05145,False,
O-20250127-161500-001-V2-490,BACKTESTER-001,MLSignalStrategyV2-V2,EUR/USD.IDEALPRO,IDEALPRO-1-490,EUR/USD.IDEALPRO-MLSignalStrategyV2-V2,IDEALPRO-001,IDEALPRO-1-50727,MARKET,SELL,100000.00,GTC,False,False,100000.00,TAKER,1.05052,0.0,['2.10 USD'],NO_TRIGGER,FILLED,OTO,OL-20250127-161500-001-V2-164,"['O-20250127-161500-001-V2-491', 'O-20250127-161500-001-V2-492']",,,,,['V2_POS1'],a0c1a34c-8260-49d1-88b1-b196551562f3,1737994500000000000,1737994500000000000,,,,,,,
O-20250127-161500-001-V2-491,BACKTESTER-001,MLSignalStrategyV2-V2,EUR/USD.IDEALPRO,IDEALPRO-1-491,EUR/USD.IDEALPRO-MLSignalStrategyV2-V2,IDEALPRO-001,,STOP_MARKET,BUY,100000.00,GTC,True,False,0.00,NO_LIQUIDITY_SIDE,,,,NO_TRIGGER,CANCELED,OUO,OL-20250127-161500-001-V2-164,['O-20250127-161500-001-V2-492'],O-20250127-161500-001-V2-490,,,,['V2_POS1_SL'],59a221fc-8b51-474a-825a-c16feab8bb05,1737994500000000000,1737995940000000000,1.05123,DEFAULT,,,,,
O-20250127-161500-001-V2-492,BACKTESTER-001,MLSignalStrategyV2-V2,EUR/USD.IDEALPRO,IDEALPRO-1-492,EUR/USD.IDEALPRO-MLSignalStrategyV2-V2,IDEALPRO-001,IDEALPRO-1-50775,LIMIT,BUY,100000.00,GTC,True,False,100000.00,MAKER,1.04953,-0.00027999999999983594,['2.10 USD'],NO_TRIGGER,FILLED,OUO,OL-20250127-161500-001-V2-164,['O-20250127-161500-001-V2-491'],O-20250127-161500-001-V2-490,,,,['V2_POS1_TP'],af797b3c-855d-4f33-beb1-8db586f4c9dd,1737994500000000000,1737995940000000000,,,,,1.04981,False,
O-20250127-183000-001-V2-493,BACKTESTER-001,MLSignalStrategyV2-V2,EUR/USD.IDEALPRO,IDEALPRO-1-493,EUR/USD.IDEALPRO-MLSignalStrategyV2-V2,IDEALPRO-001,IDEALPRO-1-50998,MARKET,BUY,100000.00,GTC,False,False,100000.00,TAKER,1.04846,0.0,['2.10 USD'],NO_TRIGGER,FILLED,OTO,OL-20250127-183000-001-V2-165,"['O-20250127-183000-001-V2-494', 'O-20250127-183000-001-V2-495']",,,,,['V2_POS1'],439b3689-e235-4305-b07d-ef18c546cfb0,1738002600000000000,1738002600000000000,,,,,,,
O-20250127-183000-001-V2-494,BACKTESTER-001,MLSignalStrategyV2-V2,EUR/USD.IDEALPRO,IDEALPRO-1-494,EUR/USD.IDEALPRO-MLSignalStrategyV2-V2,IDEALPRO-001,,STOP_MARKET,SELL,100000.00,GTC,True,False,0.00,NO_LIQUIDITY_SIDE,,,,NO_TRIGGER,CANCELED,OUO,OL-20250127-183000-001-V2-165,['O-20250127-183000-001-V2-495'],O-20250127-183000-001-V2-493,,,,['V2_POS1_SL'],02f43d51-2913-4139-8149-8c7e512d6d20,1738002600000000000,1738007100000000000,1.04781,DEFAULT,,,,,
O-20250127-183000-001-V2-495,BACKTESTER-001,MLSignalStrategyV2-V2,EUR/USD.IDEALPRO,IDEALPRO-1-495,EUR/USD.IDEALPRO-MLSignalStrategyV2-V2,IDEALPRO-001,IDEALPRO-1-51149,LIMIT,SELL,100000.00,GTC,True,False,100000.00,MAKER,1.04913,-1.999999999990898e-05,['2.10 USD'],NO_TRIGGER,FILLED,OUO,OL-20250127-183000-001-V2-165,['O-20250127-183000-001-V2-494'],O-20250127-183000-001-V2-493,,,,['V2_POS1_TP'],a06df40c-4578-4457-b1bc-6cece9d9b59c,1738002600000000000,1738007100000000000,,,,,1.04911,False,
O-20250127-200000-001-V2-496,BACKTESTER-001,MLSignalStrategyV2-V2,EUR/USD.IDEALPRO,IDEALPRO-1-496,EUR/USD.IDEALPRO-MLSignalStrategyV2-V2,IDEALPRO-001,IDEALPRO-1-51181,MARKET,SELL,100000.00,GTC,False,False,100000.00,TAKER,1.04926,0.0,['2.10 USD'],NO_TRIGGER,FILLED,OTO,OL-20250127-200000-001-V2-166,"['O-20250127-200000-001-V2-497', 'O-20250127-200000-001-V2-498']",,,,,['V2_POS1'],6cf6897f-ecbd-4f95-ad7a-38f6d25e783f,1738008000000000000,1738008000000000000,,,,,,,
O-20250127-200000-001-V2-497,BACKTESTER-001,MLSignalStrategyV2-V2,EUR/USD.IDEALPRO,IDEALPRO-1-497,EUR/USD.IDEALPRO-MLSignalStrategyV2-V2,IDEALPRO-001,,STOP_MARKET,BUY,100000.00,GTC,True,False,0.00,NO_LIQUIDITY_SIDE,,,,NO_TRIGGER,CANCELED,OUO,OL-20250127-200000-001-V2-166,['O-20250127-200000-001-V2-498'],O-20250127-200000-001-V2-496,,,,['V2_POS1_SL'],cf4986e8-f4e0-4528-a13c-f89a4413e868,1738008000000000000,1738011420000000000,1.04980,DEFAULT,,,,,
O-20250127-200000-001-V2-498,BACKTESTER-001,MLSignalStrategyV2-V2,EUR/USD.IDEALPRO,IDEALPRO-1-498,EUR/USD.IDEALPRO-MLSignalStrategyV2-V2,IDEALPRO-001,IDEALPRO-1-51295,LIMIT,BUY,100000.00,GTC,True,False,100000.00,MAKER,1.04875,1.0000000000065512e-05,['2.10 USD'],NO_TRIGGER,FILLED,OUO,OL-20250127-200000-001-V2-166,['O-20250127-200000-001-V2-497'],O-20250127-200000-001-V2-496,,,,['V2_POS1_TP'],64de7c58-af44-4008-9576-47dea6e22a96,1738008000000000000,1738011420000000000,,,,,1.04874,False,
O-20250127-211500-001-V2-499,BACKTESTER-001,MLSignalStrategyV2-V2,EUR/USD.IDEALPRO,IDEALPRO-1-499,EUR/USD.IDEALPRO-MLSignalStrategyV2-V2,IDEALPRO-001,IDEALPRO-1-51333,MARKET,SELL,100000.00,GTC,False,False,100000.00,TAKER,1.04899,0.0,['2.10 USD'],NO_TRIGGER,FILLED,OTO,OL-20250127-211500-001-V2-167,"['O-20250127-211500-001-V2-500', 'O-20250127-211500-001-V2-501']",,,,,['V2_POS1'],e9a077a8-c39b-47c3-b11d-2de7696e8da4,1738012500000000000,1738012500000000000,,,,,,,
O-20250127-211500-001-V2-500,BACKTESTER-001,MLSignalStrategyV2-V2,EUR/USD.IDEALPRO,IDEALPRO-1-500,EUR/USD.IDEALPRO-MLSignalStrategyV2-V2,IDEALPRO-001,,STOP_MARKET,BUY,100000.00,GTC,True,False,0.00,NO_LIQUIDITY_SIDE,,,,NO_TRIGGER,CANCELED,OUO,OL-20250127-211500-001-V2-167,['O-20250127-211500-001-V2-501'],O-20250127-211500-001-V2-499,,,,['V2_POS1_SL'],9285f978-b69f-4fe8-b9f4-bb7c050f1e18,1738012500000000000,1738018920000000000,1.04944,DEFAULT,,,,,
O-20250127-211500-001-V2-501,BACKTESTER-001,MLSignalStrategyV2-V2,EUR/USD.IDEALPRO,IDEALPRO-1-501,EUR/USD.IDEALPRO-MLSignalStrategyV2-V2,IDEALPRO-001,IDEALPRO-1-51517,LIMIT,BUY,100000.00,GTC,True,False,100000.00,MAKER,1.04835,-0.0001900000000001345,['2.10 USD'],NO_TRIGGER,FILLED,OUO,OL-20250127-211500-001-V2-167,['O-20250127-211500-001-V2-500'],O-20250127-211500-001-V2-499,,,,['V2_POS1_TP'],2b97dbed-c240-4c9f-a46e-5485787387ed,1738012500000000000,1738018920000000000,,,,,1.04854,False,
O-20250127-233000-001-V2-502,BACKTESTER-001,MLSignalStrategyV2-V2,EUR/USD.IDEALPRO,IDEALPRO-1-502,EUR/USD.IDEALPRO-MLSignalStrategyV2-V2,IDEALPRO-001,IDEALPRO-1-51574,MARKET,BUY,100000.00,GTC,False,False,100000.00,TAKER,1.04459,0.0,['2.09 USD'],NO_TRIGGER,FILLED,OTO,OL-20250127-233000-001-V2-168,"['O-20250127-233000-001-V2-503', 'O-20250127-233000-001-V2-504']",,,,,['V2_POS1'],a84f899a-0a6e-40ed-8b43-812d15260164,1738020600000000000,1738020600000000000,,,,,,,
O-20250127-233000-001-V2-503,BACKTESTER-001,MLSignalStrategyV2-V2,EUR/USD.IDEALPRO,IDEALPRO-1-503,EUR/USD.IDEALPRO-MLSignalStrategyV2-V2,IDEALPRO-001,,STOP_MARKET,SELL,100000.00,GTC,True,False,0.00,NO_LIQUIDITY_SIDE,,,,NO_TRIGGER,CANCELED,OUO,OL-20250127-233000-001-V2-168,['O-20250127-233000-001-V2-504'],O-20250127-233000-001-V2-502,,,,['V2_POS1_SL'],14b5a01e-7925-4c60-9683-d89f27caffc1,1738020600000000000,1738020660000000000,1.04397,DEFAULT,,,,,
O-20250127-233000-001-V2-504,BACKTESTER-001,MLSignalStrategyV2-V2,EUR/USD.IDEALPRO,IDEALPRO-1-504,EUR/USD.IDEALPRO-MLSignalStrategyV2-V2,IDEALPRO-001,IDEALPRO-1-51577,LIMIT,SELL,100000.00,GTC,True,False,100000.00,MAKER,1.04533,-0.000140000000000029,['2.09 USD'],NO_TRIGGER,FILLED,OUO,OL-20250127-233000-001-V2-168,['O-20250127-233000-001-V2-503'],O-20250127-233000-001-V2-502,,,,['V2_POS1_TP'],dd6e463c-7e5c-40f6-92a5-b7bab6999daf,1738020600000000000,1738020660000000000,,,,,1.04519,False,
O-20250127-234500-001-V2-505,BACKTESTER-001,MLSignalStrategyV2-V2,EUR/USD.IDEALPRO,IDEALPRO-1-505,EUR/USD.IDEALPRO-MLSignalStrategyV2-V2,IDEALPRO-001,IDEALPRO-1-51606,MARKET,BUY,100000.00,GTC,False,False,100000.00,TAKER,1.04408,0.0,['2.09 USD'],NO_TRIGGER,FILLED,OTO,OL-20250127-234500-001-V2-169,"['O-20250127-234500-001-V2-506', 'O-20250127-234500-001-V2-507']",,,,,['V2_POS1'],b10203ac-3ae2-4937-baa4-347eb477474b,1738021500000000000,1738021500000000000,,,,,,,
O-20250127-234500-001-V2-506,BACKTESTER-001,MLSignalStrategyV2-V2,EUR/USD.IDEALPRO,IDEALPRO-1-506,EUR/USD.IDEALPRO-MLSignalStrategyV2-V2,IDEALPRO-001,,STOP_MARKET,SELL,100000.00,GTC,True,False,0.00,NO_LIQUIDITY_SIDE,,,,NO_TRIGGER,CANCELED,OUO,OL-20250127-234500-001-V2-169,['O-20250127-234500-001-V2-507'],O-20250127-234500-001-V2-505,,,,['V2_POS1_SL'],55065847-3613-4c8f-8310-040d6535bd75,1738021500000000000,1738021920000000000,1.04322,DEFAULT,,,,,
O-20250127-234500-001-V2-507,BACKTESTER-001,MLSignalStrategyV2-V2,EUR/USD.IDEALPRO,IDEALPRO-1-507,EUR/USD.IDEALPRO-MLSignalStrategyV2-V2,IDEALPRO-001,IDEALPRO-1-51621,LIMIT,SELL,100000.00,GTC,True,False,100000.00,MAKER,1.04503,-0.00010999999999983245,['2.09 USD'],NO_TRIGGER,FILLED,OUO,OL-20250127-234500-001-V2-169,['O-20250127-234500-001-V2-506'],O-20250127-234500-001-V2-505,,,,['V2_POS1_TP'],6eecea4f-a160-4667-a75a-d3e88ca0b7d1,1738021500000000000,1738021920000000000,,,,,1.04492,False,
O-20250128-000000-001-V2-508,BACKTESTER-001,MLSignalStrategyV2-V2,EUR/USD.IDEALPRO,IDEALPRO-1-508,EUR/USD.IDEALPRO-MLSignalStrategyV2-V2,IDEALPRO-001,IDEALPRO-1-51638,MARKET,BUY,100000.00,GTC,False,False,100000.00,TAKER,1.04373,0.0,['2.09 USD'],NO_TRIGGER,FILLED,OTO,OL-20250128-000000-001-V2-170,"['O-20250128-000000-001-V2-509', 'O-20250128-000000-001-V2-510']",,,,,['V2_POS1'],934fbc86-0b62-4bd8-a251-930ddd93dda3,1738022400000000000,1738022400000000000,,,,,,,
O-20250128-000000-001-V2-509,BACKTESTER-001,MLSignalStrategyV2-V2,EUR/USD.IDEALPRO,IDEALPRO-1-509,EUR/USD.IDEALPRO-MLSignalStrategyV2-V2,IDEALPRO-001,,STOP_MARKET,SELL,100000.00,GTC,True,False,0.00,NO_LIQUIDITY_SIDE,,,,NO_TRIGGER,CANCELED,OUO,OL-20250128-000000-001-V2-170,['O-20250128-000000-001-V2-510'],O-20250128-000000-001-V2-508,,,,['V2_POS1_SL'],53cd1eab-bbb0-4b9f-aca9-0f5aead229e1,1738022400000000000,1738022520000000000,1.04277,DEFAULT,,,,,
O-20250128-000000-001-V2-510,BACKTESTER-001,MLSignalStrategyV2-V2,EUR/USD.IDEALPRO,IDEALPRO-1-510,EUR/USD.IDEALPRO-MLSignalStrategyV2-V2,IDEALPRO-001,IDEALPRO-1-51643,LIMIT,SELL,100000.00,GTC,True,False,100000.00,MAKER,1.0447,-1.0000000000065512e-05,['2.09 USD'],NO_TRIGGER,FILLED,OUO,OL-20250128-000000-001-V2-170,['O-20250128-000000-001-V2-509'],O-20250128-000000-001-V2-508,,,,['V2_POS1_TP'],ac80682d-aba1-4f81-956c-ae9b0bca44fe,1738022400000000000,1738022520000000000,,,,,1.04469,False,
O-20250128-001500-001-V2-511,BACKTESTER-001,MLSignalStrategyV2-V2,EUR/USD.IDEALPRO,IDEALPRO-1-511,EUR/USD.IDEALPRO-MLSignalStrategyV2-V2,IDEALPRO-001,IDEALPRO-1-51670,MARKET,BUY,100000.00,GTC,False,False,100000.00,TAKER,1.0444,0.0,['2.09 USD'],NO_TRIGGER,FILLED,OTO,OL-20250128-001500-001-V2-171,"['O-20250128-001500-001-V2-512', 'O-20250128-001500-001-V2-513']",,,,,['V2_POS1'],ce6bbe6f-49d3-4fd3-b251-fd4462232ac0,1738023300000000000,1738023300000000000,,,,,,,
O-20250128-001500-001-V2-512,BACKTESTER-001,MLSignalStrategyV2-V2,EUR/USD.IDEALPRO,IDEALPRO-1-512,EUR/USD.IDEALPRO-MLSignalStrategyV2-V2,IDEALPRO-001,IDEALPRO-1-51695,STOP_MARKET,SELL,100000.00,GTC,True,False,100000.00,TAKER,1.04326,0.00014999999999987246,['2.09 USD'],NO_TRIGGER,FILLED,OUO,OL-20250128-001500-001-V2-171,['O-20250128-001500-001-V2-513'],O-20250128-001500-001-V2-511,,,,['V2_POS1_SL'],2dfb6306-eb11-49e5-97b9-bffc8bd33d4b,1738023300000000000,1738024020000000000,1.04341,DEFAULT,,,,,
O-20250128-001500-001-V2-513,BACKTESTER-001,MLSignalStrategyV2-V2,EUR/USD.IDEALPRO,IDEALPRO-1-513,EUR/USD.IDEALPRO-MLSignalStrategyV2-V2,IDEALPRO-001,,LIMIT,SELL,100000.00,GTC,True,False,0.00,NO_LIQUIDITY_SIDE,,,,NO_TRIGGER,CANCELED,OUO,OL-20250128-001500-001-V2-171,['O-20250128-001500-001-V2-512'],O-20250128-001500-001-V2-511,,,,['V2_POS1_TP'],afff0f4b-ab1d-4db6-857d-96a89228f1ea,1738023300000000000,1738024020000000000,,,,,1.04537,False,
O-20250128-003000-001-V2-514,BACKTESTER-001,MLSignalStrategyV2-V2,EUR/USD.IDEALPRO,IDEALPRO-1-514,EUR/USD.IDEALPRO-MLSignalStrategyV2-V2,IDEALPRO-001,IDEALPRO-1-51702,MARKET,BUY,100000.00,GTC,False,False,100000.00,TAKER,1.04446,0.0,['2.09 USD'],NO_TRIGGER,FILLED,OTO,OL-20250128-003000-001-V2-172,"['O-20250128-003000-001-V2-515', 'O-20250128-003000-001-V2-516']",,,,,['V2_POS1'],20c1b935-ddd7-403c-8e21-dcc6674dd678,1738024200000000000,1738024200000000000,,,,,,,
O-20250128-003000-001-V2-515,BACKTESTER-001,MLSignalStrategyV2-V2,EUR/USD.IDEALPRO,IDEALPRO-1-515,EUR/USD.IDEALPRO-MLSignalStrategyV2-V2,IDEALPRO-001,,STOP_MARKET,SELL,100000.00,GTC,True,False,0.00,NO_LIQUIDITY_SIDE,,,,NO_TRIGGER,CANCELED,OUO,OL-20250128-003000-001-V2-172,['O-20250128-003000-001-V2-516'],O-20250128-003000-001-V2-514,,,,['V2_POS1_SL'],66d768f7-a1de-4bac-9508-5efaac4f73d3,1738024200000000000,1738027020000000000,1.04343,DEFAULT,,,,,
O-20250128-003000-001-V2-516,BACKTESTER-001,MLSignalStrategyV2-V2,EUR/USD.IDEALPRO,IDEALPRO-1-516,EUR/USD.IDEALPRO-MLSignalStrategyV2-V2,IDEALPRO-001,IDEALPRO-1-51797,LIMIT,SELL,100000.00,GTC,True,False,100000.00,MAKER,1.04551,-4.0000000000040004e-05,['2.09 USD'],NO_TRIGGER,FILLED,OUO,OL-20250128-003000-001-V2-172,['O-20250128-003000-001-V2-515'],O-20250128-003000-001-V2-514,,,,['V2_POS1_TP'],cb48714d-4414-4184-b75f-29b4674cf2e9,1738024200000000000,1738027020000000000,,,,,1.04547,False,
O-20250128-013000-001-V2-517,BACKTESTER-001,MLSignalStrategyV2-V2,EUR/USD.IDEALPRO,IDEALPRO-1-517,EUR/USD.IDEALPRO-MLSignalStrategyV2-V2,IDEALPRO-001,IDEALPRO-1-51824,MARKET,BUY,100000.00,GTC,False,False,100000.00,TAKER,1.04551,0.0,['2.09 USD'],NO_TRIGGER,FILLED,OTO,OL-20250128-013000-001-V2-173,"['O-20250128-013000-001-V2-518', 'O-20250128-013000-001-V2-519']",,,,,['V2_POS1'],c9c5a79d-d24e-47ce-95ea-8a389874d320,1738027800000000000,1738027800000000000,,,,,,,
O-20250128-013000-001-V2-518,BACKTESTER-001,MLSignalStrategyV2-V2,EUR/USD.IDEALPRO,IDEALPRO-1-518,EUR/USD.IDEALPRO-MLSignalStrategyV2-V2,IDEALPRO-001,IDEALPRO-1-51861,STOP_MARKET,SELL,100000.00,GTC,True,False,100000.00,TAKER,1.04454,8.000000000008001e-05,['2.09 USD'],NO_TRIGGER,FILLED,OUO,OL-20250128-013000-001-V2-173,['O-20250128-013000-001-V2-519'],O-20250128-013000-001-V2-517,,,,['V2_POS1_SL'],6bfeafe2-1664-4e57-92fb-e397c68badb4,1738027800000000000,1738028880000000000,1.04462,DEFAULT,,,,,
O-20250128-013000-001-V2-519,BACKTESTER-001,MLSignalStrategyV2-V2,EUR/USD.IDEALPRO,IDEALPRO-1-519,EUR/USD.IDEALPRO-MLSignalStrategyV2-V2,IDEALPRO-001,,LIMIT,SELL,100000.00,GTC,True,False,0.00,NO_LIQUIDITY_SIDE,,,,NO_TRIGGER,CANCELED,OUO,OL-20250128-013000-001-V2-173,['O-20250128-013000-001-V2-518'],O-20250128-013000-001-V2-517,,,,['V2_POS1_TP'],d2792503-13e6-407d-9b9a-172108c4def6,1738027800000000000,1738028880000000000,,,,,1.04638,False,
O-20250128-020000-001-V2-520,BACKTESTER-001,MLSignalStrategyV2-V2,EUR/USD.IDEALPRO,IDEALPRO-1-520,EUR/USD.IDEALPRO-MLSignalStrategyV2-V2,IDEALPRO-001,IDEALPRO-1-51886,MARKET,BUY,100000.00,GTC,False,False,100000.00,TAKER,1.04379,0.0,['2.09 USD'],NO_TRIGGER,FILLED,OTO,OL-20250128-020000-001-V2-174,"['O-20250128-020000-001-V2-521', 'O-20250128-020000-001-V2-522']",,,,,['V2_POS1'],4b18b784-f8d5-44b9-8c6d-f303222e0469,1738029600000000000,1738029600000000000,,,,,,,
O-20250128-020000-001-V2-521,BACKTESTER-001,MLSignalStrategyV2-V2,EUR/USD.IDEALPRO,IDEALPRO-1-521,EUR/USD.IDEALPRO-MLSignalStrategyV2-V2,IDEALPRO-001,IDEALPRO-1-51897,STOP_MARKET,SELL,100000.00,GTC,True,False,100000.00,TAKER,1.04279,9.999999999998899e-05,['2.09 USD'],NO_TRIGGER,FILLED,OUO,OL-20250128-020000-001-V2-174,['O-20250128-020000-001-V2-522'],O-20250128-020000-001-V2-520,,,,['V2_POS1_SL'],8a048110-082d-4f0f-b415-b714ccd3038e,1738029600000000000,1738029900000000000,1.04289,DEFAULT,,,,,
O-20250128-020000-001-V2-522,BACKTESTER-001,MLSignalStrategyV2-V2,EUR/USD.IDEALPRO,IDEALPRO-1-522,EUR/USD.IDEALPRO-MLSignalStrategyV2-V2,IDEALPRO-001,,LIMIT,SELL,100000.00,GTC,True,False,0.00,NO_LIQUIDITY_SIDE,,,,NO_TRIGGER,CANCELED,OUO,OL-20250128-020000-001-V2-174,['O-20250128-020000-001-V2-521'],O-20250128-020000-001-V2-520,,,,['V2_POS1_TP'],325caa05-54c3-4cf4-a815-a4a3cc3ac569,1738029600000000000,1738029900000000000,,,,,1.04469,False,
O-20250128-021500-001-V2-523,BACKTESTER-001,MLSignalStrategyV2-V2,EUR/USD.IDEALPRO,IDEALPRO-1-523,EUR/USD.IDEALPRO-MLSignalStrategyV2-V2,IDEALPRO-001,IDEALPRO-1-51918,MARKET,BUY,100000.00,GTC,False,False,100000.00,TAKER,1.04298,0.0,['2.09 USD'],NO_TRIGGER,FILLED,OTO,OL-20250128-021500-001-V2-175,"['O-20250128-021500-001-V2-524', 'O-20250128-021500-001-V2-525']",,,,,['V2_POS1'],4f8aabb8-a904-4385-931b-4474a2b58773,1738030500000000000,1738030500000000000,,,,,,,
O-20250128-021500-001-V2-524,BACKTESTER-001,MLSignalStrategyV2-V2,EUR/USD.IDEALPRO,IDEALPRO-1-524,EUR/USD.IDEALPRO-MLSignalStrategyV2-V2,IDEALPRO-001,,STOP_MARKET,SELL,100000.00,GTC,True,False,0.00,NO_LIQUIDITY_SIDE,,,,NO_TRIGGER,CANCELED,OUO,OL-20250128-021500-001-V2-175,['O-20250128-021500-001-V2-525'],O-20250128-021500-001-V2-523,,,,['V2_POS1_SL'],694cf36a-a1c2-48c3-8894-3dbd594a0d03,1738030500000000000,1738044180000000000,1.04198,DEFAULT,,,,,
O-20250128-021500-001-V2-525,BACKTESTER-001,MLSignalStrategyV2-V2,EUR/USD.IDEALPRO,IDEALPRO-1-525,EUR/USD.IDEALPRO-MLSignalStrategyV2-V2,IDEALPRO-001,IDEALPRO-1-52375,LIMIT,SELL,100000.00,GTC,True,False,100000.00,MAKER,1.04402,-5.999999999994898e-05,['2.09 USD'],NO_TRIGGER,FILLED,OUO,OL-20250128-021500-001-V2-175,['O-20250128-021500-001-V2-524'],O-20250128-021500-001-V2-523,,,,['V2_POS1_TP'],992d81d9-a123-4633-b8f5-59917a7ce563,1738030500000000000,1738044180000000000,,,,,1.04396,False,
O-20250128-083000-001-V2-526,BACKTESTER-001,MLSignalStrategyV2-V2,EUR/USD.IDEALPRO,IDEALPRO-1-526,EUR/USD.IDEALPRO-MLSignalStrategyV2-V2,IDEALPRO-001,IDEALPRO-1-52670,MARKET,BUY,100000.00,GTC,False,False,100000.00,TAKER,1.04283,0.0,['2.09 USD'],NO_TRIGGER,FILLED,OTO,OL-20250128-083000-001-V2-176,"['O-20250128-083000-001-V2-527', 'O-20250128-083000-001-V2-528']",,,,,['V2_POS1'],4bccbfa9-a1b5-4f44-85a3-3f02c384ab49,1738053000000000000,1738053000000000000,,,,,,,
O-20250128-083000-001-V2-527,BACKTESTER-001,MLSignalStrategyV2-V2,EUR/USD.IDEALPRO,IDEALPRO-1-527,EUR/USD.IDEALPRO-MLSignalStrategyV2-V2,IDEALPRO-001,,STOP_MARKET,SELL,100000.00,GTC,True,False,0.00,NO_LIQUIDITY_SIDE,,,,NO_TRIGGER,CANCELED,OUO,OL-20250128-083000-001-V2-176,['O-20250128-083000-001-V2-528'],O-20250128-083000-001-V2-526,,,,['V2_POS1_SL'],070ca7bb-1ba6-4df6-ad95-6e631c071529,1738053000000000000,1738053840000000000,1.04226,DEFAULT,,,,,
O-20250128-083000-001-V2-528,BACKTESTER-001,MLSignalStrategyV2-V2,EUR/USD.IDEALPRO,IDEALPRO-1-528,EUR/USD.IDEALPRO-MLSignalStrategyV2-V2,IDEALPRO-001,IDEALPRO-1-52699,LIMIT,SELL,100000.00,GTC,True,False,100000.00,MAKER,1.04349,-8.999999999992347e-05,['2.09 USD'],NO_TRIGGER,FILLED,OUO,OL-20250128-083000-001-V2-176,['O-20250128-083000-001-V2-527'],O-20250128-083000-001-V2-526,,,,['V2_POS1_TP'],328b863d-21a1-4373-ab87-801ccf314051,1738053000000000000,1738053840000000000,,,,,1.04340,False,
O-20250128-090000-001-V2-529,BACKTESTER-001,MLSignalStrategyV2-V2,EUR/USD.IDEALPRO,IDEALPRO-1-529,EUR/USD.IDEALPRO-MLSignalStrategyV2-V2,IDEALPRO-001,IDEALPRO-1-52732,MARKET,BUY,100000.00,GTC,False,False,100000.00,TAKER,1.04252,0.0,['2.09 USD'],NO_TRIGGER,FILLED,OTO,OL-20250128-090000-001-V2-177,"['O-20250128-090000-001-V2-530', 'O-20250128-090000-001-V2-531']",,,,,['V2_POS1'],080edf67-5598-4392-a04e-9cb99167efd6,1738054800000000000,1738054800000000000,,,,,,,
O-20250128-090000-001-V2-530,BACKTESTER-001,MLSignalStrategyV2-V2,EUR/USD.IDEALPRO,IDEALPRO-1-530,EUR/USD.IDEALPRO-MLSignalStrategyV2-V2,IDEALPRO-001,,STOP_MARKET,SELL,100000.00,GTC,True,False,0.00,NO_LIQUIDITY_SIDE,,,,NO_TRIGGER,CANCELED,OUO,OL-20250128-090000-001-V2-177,['O-20250128-090000-001-V2-531'],O-20250128-090000-001-V2-529,,,,['V2_POS1_SL'],066c178c-58aa-4a5a-905e-19a8eeb970a4,1738054800000000000,1738055400000000000,1.04188,DEFAULT,,,,,
O-20250128-090000-001-V2-531,BACKTESTER-001,MLSignalStrategyV2-V2,EUR/USD.IDEALPRO,IDEALPRO-1-531,EUR/USD.IDEALPRO-MLSignalStrategyV2-V2,IDEALPRO-001,IDEALPRO-1-52753,LIMIT,SELL,100000.00,GTC,True,False,100000.00,MAKER,1.04321,-4.999999999988347e-05,['2.09 USD'],NO_TRIGGER,FILLED,OUO,OL-20250128-090000-001-V2-177,['O-20250128-090000-001-V2-530'],O-20250128-090000-001-V2-529,,,,['V2_POS1_TP'],ac5c804c-c026-41e2-bfa2-58b0f6390ff9,1738054800000000000,1738055400000000000,,,,,1.04316,False,
O-20250128-110000-001-V2-532,BACKTESTER-001,MLSignalStrategyV2-V2,EUR/USD.IDEALPRO,IDEALPRO-1-532,EUR/USD.IDEALPRO-MLSignalStrategyV2-V2,IDEALPRO-001,IDEALPRO-1-52974,MARKET,BUY,100000.00,GTC,False,False,100000.00,TAKER,1.04249,0.0,['2.08 USD'],NO_TRIGGER,FILLED,OTO,OL-20250128-110000-001-V2-178,"['O-20250128-110000-001-V2-533', 'O-20250128-110000-001-V2-534']",,,,,['V2_POS1'],175c2349-2ec1-4a8e-b12c-3d9baced3e45,1738062000000000000,1738062000000000000,,,,,,,
O-20250128-110000-001-V2-533,BACKTESTER-001,MLSignalStrategyV2-V2,EUR/USD.IDEALPRO,IDEALPRO-1-533,EUR/USD.IDEALPRO-MLSignalStrategyV2-V2,IDEALPRO-001,,STOP_MARKET,SELL,100000.00,GTC,True,False,0.00,NO_LIQUIDITY_SIDE,,,,NO_TRIGGER,CANCELED,OUO,OL-20250128-110000-001-V2-178,['O-20250128-110000-001-V2-534'],O-20250128-110000-001-V2-532,,,,['V2_POS1_SL'],55e7473e-84f9-4450-8904-42c039fcea0a,1738062000000000000,1738062540000000000,1.04187,DEFAULT,,,,,
O-20250128-110000-001-V2-534,BACKTESTER-001,MLSignalStrategyV2-V2,EUR/USD.IDEALPRO,IDEALPRO-1-534,EUR/USD.IDEALPRO-MLSignalStrategyV2-V2,IDEALPRO-001,IDEALPRO-1-52993,LIMIT,SELL,100000.00,GTC,True,False,100000.00,MAKER,1.04312,-1.0000000000065512e-05,['2.09 USD'],NO_TRIGGER,FILLED,OUO,OL-20250128-110000-001-V2-178,['O-20250128-110000-001-V2-533'],O-20250128-110000-001-V2-532,,,,['V2_POS1_TP'],1d28b0b6-33ec-4981-a4fc-a435127b20b3,1738062000000000000,1738062540000000000,,,,,1.04311,False,
O-20250128-113000-001-V2-535,BACKTESTER-001,MLSignalStrategyV2-V2,EUR/USD.IDEALPRO,IDEALPRO-1-535,EUR/USD.IDEALPRO-MLSignalStrategyV2-V2,IDEALPRO-001,IDEALPRO-1-53036,MARKET,BUY,100000.00,GTC,False,False,100000.00,TAKER,1.04279,0.0,['2.09 USD'],NO_TRIGGER,FILLED,OTO,OL-20250128-113000-001-V2-179,"['O-20250128-113000-001-V2-536', 'O-20250128-113000-001-V2-537']",,,,,['V2_POS1'],50e66456-1784-4d74-9d86-6677613bef55,1738063800000000000,1738063800000000000,,,,,,,
O-20250128-113000-001-V2-536,BACKTESTER-001,MLSignalStrategyV2-V2,EUR/USD.IDEALPRO,IDEALPRO-1-536,EUR/USD.IDEALPRO-MLSignalStrategyV2-V2,IDEALPRO-001,IDEALPRO-1-53099,STOP_MARKET,SELL,100000.00,GTC,True,False,100000.00,TAKER,1.04217,0.0,['2.08 USD'],NO_TRIGGER,FILLED,OUO,OL-20250128-113000-001-V2-179,['O-20250128-113000-001-V2-537'],O-20250128-113000-001-V2-535,,,,['V2_POS1_SL'],9150a47a-463b-4b51-a234-f66b066e46a0,1738063800000000000,1738065660000000000,1.04217,DEFAULT,,,,,
O-20250128-113000-001-V2-537,BACKTESTER-001,MLSignalStrategyV2-V2,EUR/USD.IDEALPRO,IDEALPRO-1-537,EUR/USD.IDEALPRO-MLSignalStrategyV2-V2,IDEALPRO-001,,LIMIT,SELL,100000.00,GTC,True,False,0.00,NO_LIQUIDITY_SIDE,,,,NO_TRIGGER,CANCELED,OUO,OL-20250128-113000-001-V2-179,['O-20250128-113000-001-V2-536'],O-20250128-113000-001-V2-535,,,,['V2_POS1_TP'],e66dfbe5-7932-4d02-bb60-1b0848756e1b,1738063800000000000,1738065660000000000,,,,,1.04341,False,
O-20250129-030000-001-V2-538,BACKTESTER-001,MLSignalStrategyV2-V2,EUR/USD.IDEALPRO,IDEALPRO-1-538,EUR/USD.IDEALPRO-MLSignalStrategyV2-V2,IDEALPRO-001,IDEALPRO-1-54868,MARKET,SELL,100000.00,GTC,False,False,100000.00,TAKER,1.04339,0.0,['2.09 USD'],NO_TRIGGER,FILLED,OTO,OL-20250129-030000-001-V2-180,"['O-20250129-030000-001-V2-539', 'O-20250129-030000-001-V2-540']",,,,,['V2_POS1'],8053b066-bca7-4aba-ae91-904e013eb084,1738119600000000000,1738119600000000000,,,,,,,
O-20250129-030000-001-V2-539,BACKTESTER-001,MLSignalStrategyV2-V2,EUR/USD.IDEALPRO,IDEALPRO-1-539,EUR/USD.IDEALPRO-MLSignalStrategyV2-V2,IDEALPRO-001,IDEALPRO-1-54953,STOP_MARKET,BUY,100000.00,GTC,True,False,100000.00,TAKER,1.04375,1.999999999990898e-05,['2.09 USD'],NO_TRIGGER,FILLED,OUO,OL-20250129-030000-001-V2-180,['O-20250129-030000-001-V2-540'],O-20250129-030000-001-V2-538,,,,['V2_POS1_SL'],6fbceae9-d479-4260-a2ba-3e3fb50e6d9f,1738119600000000000,1738122120000000000,1.04373,DEFAULT,,,,,
O-20250129-030000-001-V2-540,BACKTESTER-001,MLSignalStrategyV2-V2,EUR/USD.IDEALPRO,IDEALPRO-1-540,EUR/USD.IDEALPRO-MLSignalStrategyV2-V2,IDEALPRO-001,,LIMIT,BUY,100000.00,GTC,True,False,0.00,NO_LIQUIDITY_SIDE,,,,NO_TRIGGER,CANCELED,OUO,OL-20250129-030000-001-V2-180,['O-20250129-030000-001-V2-539'],O-20250129-030000-001-V2-538,,,,['V2_POS1_TP'],ea271b1d-c5e3-48e7-afdf-16b6e9437a0d,1738119600000000000,1738122120000000000,,,,,1.04305,False,
O-20250130-040000-001-V2-541,BACKTESTER-001,MLSignalStrategyV2-V2,EUR/USD.IDEALPRO,IDEALPRO-1-541,EUR/USD.IDEALPRO-MLSignalStrategyV2-V2,IDEALPRO-001,IDEALPRO-1-57841,MARKET,BUY,100000.00,GTC,False,False,100000.00,TAKER,1.04253,0.0,['2.09 USD'],NO_TRIGGER,FILLED,OTO,OL-20250130-040000-001-V2-181,"['O-20250130-040000-001-V2-542', 'O-20250130-040000-001-V2-543']",,,,,['V2_POS1'],12fd3a99-3f43-4959-a749-7ef2686a391b,1738209600000000000,1738209600000000000,,,,,,,
O-20250130-040000-001-V2-542,BACKTESTER-001,MLSignalStrategyV2-V2,EUR/USD.IDEALPRO,IDEALPRO-1-542,EUR/USD.IDEALPRO-MLSignalStrategyV2-V2,IDEALPRO-001,IDEALPRO-1-57903,STOP_MARKET,SELL,100000.00,GTC,True,False,100000.00,TAKER,1.04224,1.999999999990898e-05,['2.08 USD'],NO_TRIGGER,FILLED,OUO,OL-20250130-040000-001-V2-181,['O-20250130-040000-001-V2-543'],O-20250130-040000-001-V2-541,,,,['V2_POS1_SL'],c5d8fe33-4278-45ab-9014-2ba9e7b1ffb3,1738209600000000000,1738211460000000000,1.04226,DEFAULT,,,,,
O-20250130-040000-001-V2-543,BACKTESTER-001,MLSignalStrategyV2-V2,EUR/USD.IDEALPRO,IDEALPRO-1-543,EUR/USD.IDEALPRO-MLSignalStrategyV2-V2,IDEALPRO-001,,LIMIT,SELL,100000.00,GTC,True,False,0.00,NO_LIQUIDITY_SIDE,,,,NO_TRIGGER,CANCELED,OUO,OL-20250130-040000-001-V2-181,['O-20250130-040000-001-V2-542'],O-20250130-040000-001-V2-541,,,,['V2_POS1_TP'],f3289223-bf09-4635-86ac-6430c80ea4b0,1738209600000000000,1738211460000000000,,,,,1.04280,False,
O-20250130-071500-001-V2-544,BACKTESTER-001,MLSignalStrategyV2-V2,EUR/USD.IDEALPRO,IDEALPRO-1-544,EUR/USD.IDEALPRO-MLSignalStrategyV2-V2,IDEALPRO-001,IDEALPRO-1-58232,MARKET,BUY,100000.00,GTC,False,False,100000.00,TAKER,1.04131,0.0,['2.08 USD'],NO_TRIGGER,FILLED,OTO,OL-20250130-071500-001-V2-182,"['O-20250130-071500-001-V2-545', 'O-20250130-071500-001-V2-546']",,,,,['V2_POS1'],027e5e35-aafb-4419-a5a9-3ae8b5ba6321,1738221300000000000,1738221300000000000,,,,,,,
O-20250130-071500-001-V2-545,BACKTESTER-001,MLSignalStrategyV2-V2,EUR/USD.IDEALPRO,IDEALPRO-1-545,EUR/USD.IDEALPRO-MLSignalStrategyV2-V2,IDEALPRO-001,,STOP_MARKET,SELL,100000.00,GTC,True,False,0.00,NO_LIQUIDITY_SIDE,,,,NO_TRIGGER,CANCELED,OUO,OL-20250130-071500-001-V2-182,['O-20250130-071500-001-V2-546'],O-20250130-071500-001-V2-544,,,,['V2_POS1_SL'],3cedff62-09ee-4672-997d-7866350fceb0,1738221300000000000,1738222440000000000,1.04098,DEFAULT,,,,,
O-20250130-071500-001-V2-546,BACKTESTER-001,MLSignalStrategyV2-V2,EUR/USD.IDEALPRO,IDEALPRO-1-546,EUR/USD.IDEALPRO-MLSignalStrategyV2-V2,IDEALPRO-001,IDEALPRO-1-58271,LIMIT,SELL,100000.00,GTC,True,False,100000.00,MAKER,1.04164,-1.999999999990898e-05,['2.08 USD'],NO_TRIGGER,FILLED,OUO,OL-20250130-071500-001-V2-182,['O-20250130-071500-001-V2-545'],O-20250130-071500-001-V2-544,,,,['V2_POS1_TP'],9ac55f83-8436-4166-a821-ade388c6a70e,1738221300000000000,1738222440000000000,,,,,1.04162,False,
O-20250130-114500-001-V2-547,BACKTESTER-001,MLSignalStrategyV2-V2,EUR/USD.IDEALPRO,IDEALPRO-1-547,EUR/USD.IDEALPRO-MLSignalStrategyV2-V2,IDEALPRO-001,IDEALPRO-1-58774,MARKET,SELL,100000.00,GTC,False,False,100000.00,TAKER,1.03984,0.0,['2.08 USD'],NO_TRIGGER,FILLED,OTO,OL-20250130-114500-001-V2-183,"['O-20250130-114500-001-V2-548', 'O-20250130-114500-001-V2-549']",,,,,['V2_POS1'],ff332b70-d2dc-4951-9fd9-0e05c7601493,1738237500000000000,1738237500000000000,,,,,,,
O-20250130-114500-001-V2-548,BACKTESTER-001,MLSignalStrategyV2-V2,EUR/USD.IDEALPRO,IDEALPRO-1-548,EUR/USD.IDEALPRO-MLSignalStrategyV2-V2,IDEALPRO-001,,STOP_MARKET,BUY,100000.00,GTC,True,False,0.00,NO_LIQUIDITY_SIDE,,,,NO_TRIGGER,CANCELED,OUO,OL-20250130-114500-001-V2-183,['O-20250130-114500-001-V2-549'],O-20250130-114500-001-V2-547,,,,['V2_POS1_SL'],fd0a7d29-224f-4f1a-ad8d-e433b6fe5ac9,1738237500000000000,1738238280000000000,1.04044,DEFAULT,,,,,
O-20250130-114500-001-V2-549,BACKTESTER-001,MLSignalStrategyV2-V2,EUR/USD.IDEALPRO,IDEALPRO-1-549,EUR/USD.IDEALPRO-MLSignalStrategyV2-V2,IDEALPRO-001,IDEALPRO-1-58801,LIMIT,BUY,100000.00,GTC,True,False,100000.00,MAKER,1.03922,-4.0000000000040004e-05,['2.08 USD'],NO_TRIGGER,FILLED,OUO,OL-20250130-114500-001-V2-183,['O-20250130-114500-001-V2-548'],O-20250130-114500-001-V2-547,,,,['V2_POS1_TP'],b742f711-2bc0-46f5-863e-82ccf8c16a6a,1738237500000000000,1738238280000000000,,,,,1.03926,False,
O-20250130-141500-001-V2-550,BACKTESTER-001,MLSignalStrategyV2-V2,EUR/USD.IDEALPRO,IDEALPRO-1-550,EUR/USD.IDEALPRO-MLSignalStrategyV2-V2,IDEALPRO-001,IDEALPRO-1-59077,MARKET,SELL,100000.00,GTC,False,False,100000.00,TAKER,1.04384,0.0,['2.09 USD'],NO_TRIGGER,FILLED,OTO,OL-20250130-141500-001-V2-184,"['O-20250130-141500-001-V2-551', 'O-20250130-141500-001-V2-552']",,,,,['V2_POS1'],e5441fb2-ec2f-4584-a16c-35a2f57d9af6,1738246500000000000,1738246500000000000,,,,,,,
O-20250130-141500-001-V2-551,BACKTESTER-001,MLSignalStrategyV2-V2,EUR/USD.IDEALPRO,IDEALPRO-1-551,EUR/USD.IDEALPRO-MLSignalStrategyV2-V2,IDEALPRO-001,,STOP_MARKET,BUY,100000.00,GTC,True,False,0.00,NO_LIQUIDITY_SIDE,,,,NO_TRIGGER,CANCELED,OUO,OL-20250130-141500-001-V2-184,['O-20250130-141500-001-V2-552'],O-20250130-141500-001-V2-550,,,,['V2_POS1_SL'],c1e3b9fc-c2ac-44cb-8865-cf5548755890,1738246500000000000,1738247700000000000,1.04524,DEFAULT,,,,,
O-20250130-141500-001-V2-552,BACKTESTER-001,MLSignalStrategyV2-V2,EUR/USD.IDEALPRO,IDEALPRO-1-552,EUR/USD.IDEALPRO-MLSignalStrategyV2-V2,IDEALPRO-001,IDEALPRO-1-59117,LIMIT,BUY,100000.00,GTC,True,False,100000.00,MAKER,1.04235,-8.999999999992347e-05,['2.08 USD'],NO_TRIGGER,FILLED,OUO,OL-20250130-141500-001-V2-184,['O-20250130-141500-001-V2-551'],O-20250130-141500-001-V2-550,,,,['V2_POS1_TP'],8654ece2-57e8-434f-9f56-f496ae15c1a4,1738246500000000000,1738247700000000000,,,,,1.04244,False,
O-20250130-144500-001-V2-553,BACKTESTER-001,MLSignalStrategyV2-V2,EUR/USD.IDEALPRO,IDEALPRO-1-553,EUR/USD.IDEALPRO-MLSignalStrategyV2-V2,IDEALPRO-001,IDEALPRO-1-59138,MARKET,SELL,100000.00,GTC,False,False,100000.00,TAKER,1.04266,0.0,['2.09 USD'],NO_TRIGGER,FILLED,OTO,OL-20250130-144500-001-V2-185,"['O-20250130-144500-001-V2-554', 'O-20250130-144500-001-V2-555']",,,,,['V2_POS1'],8fcc3e3f-a402-4da0-9308-822864eb5975,1738248300000000000,1738248300000000000,,,,,,,
O-20250130-144500-001-V2-554,BACKTESTER-001,MLSignalStrategyV2-V2,EUR/USD.IDEALPRO,IDEALPRO-1-554,EUR/USD.IDEALPRO-MLSignalStrategyV2-V2,IDEALPRO-001,IDEALPRO-1-59183,STOP_MARKET,BUY,100000.00,GTC,True,False,100000.00,TAKER,1.04405,4.999999999988347e-05,['2.09 USD'],NO_TRIGGER,FILLED,OUO,OL-20250130-144500-001-V2-185,['O-20250130-144500-001-V2-555'],O-20250130-144500-001-V2-553,,,,['V2_POS1_SL'],efbf34a1-ad90-4a43-a02e-0ae25f002586,1738248300000000000,1738249620000000000,1.04400,DEFAULT,,,,,
O-20250130-144500-001-V2-555,BACKTESTER-001,MLSignalStrategyV2-V2,EUR/USD.IDEALPRO,IDEALPRO-1-555,EUR/USD.IDEALPRO-MLSignalStrategyV2-V2,IDEALPRO-001,,LIMIT,BUY,100000.00,GTC,True,False,0.00,NO_LIQUIDITY_SIDE,,,,NO_TRIGGER,CANCELED,OUO,OL-20250130-144500-001-V2-185,['O-20250130-144500-001-V2-554'],O-20250130-144500-001-V2-553,,,,['V2_POS1_TP'],1d099990-09bb-46a2-b331-e0bb7584529f,1738248300000000000,1738249620000000000,,,,,1.04134,False,
O-20250130-151500-001-V2-556,BACKTESTER-001,MLSignalStrategyV2-V2,EUR/USD.IDEALPRO,IDEALPRO-1-556,EUR/USD.IDEALPRO-MLSignalStrategyV2-V2,IDEALPRO-001,IDEALPRO-1-59200,MARKET,SELL,100000.00,GTC,False,False,100000.00,TAKER,1.04329,0.0,['2.09 USD'],NO_TRIGGER,FILLED,OTO,OL-20250130-151500-001-V2-186,"['O-20250130-151500-001-V2-557', 'O-20250130-151500-001-V2-558']",,,,,['V2_POS1'],fb095196-4226-46b0-8cb4-8e8cc64b411f,1738250100000000000,1738250100000000000,,,,,,,
O-20250130-151500-001-V2-557,BACKTESTER-001,MLSignalStrategyV2-V2,EUR/USD.IDEALPRO,IDEALPRO-1-557,EUR/USD.IDEALPRO-MLSignalStrategyV2-V2,IDEALPRO-001,,STOP_MARKET,BUY,100000.00,GTC,True,False,0.00,NO_LIQUIDITY_SIDE,,,,NO_TRIGGER,CANCELED,OUO,OL-20250130-151500-001-V2-186,['O-20250130-151500-001-V2-558'],O-20250130-151500-001-V2-556,,,,['V2_POS1_SL'],601ef2d9-cbb5-44af-bc5e-0e6001f84e88,1738250100000000000,1738255740000000000,1.04454,DEFAULT,,,,,
O-20250130-151500-001-V2-558,BACKTESTER-001,MLSignalStrategyV2-V2,EUR/USD.IDEALPRO,IDEALPRO-1-558,EUR/USD.IDEALPRO-MLSignalStrategyV2-V2,IDEALPRO-001,IDEALPRO-1-59389,LIMIT,BUY,100000.00,GTC,True,False,100000.00,MAKER,1.04195,-9.000000000014552e-05,['2.08 USD'],NO_TRIGGER,FILLED,OUO,OL-20250130-151500-001-V2-186,['O-20250130-151500-001-V2-557'],O-20250130-151500-001-V2-556,,,,['V2_POS1_TP'],a979bf01-26d2-458a-b289-6e6579413bd1,1738250100000000000,1738255740000000000,,,,,1.04204,False,
O-20250130-200000-001-V2-559,BACKTESTER-001,MLSignalStrategyV2-V2,EUR/USD.IDEALPRO,IDEALPRO-1-559,EUR/USD.IDEALPRO-MLSignalStrategyV2-V2,IDEALPRO-001,IDEALPRO-1-59772,MARKET,SELL,100000.00,GTC,False,False,100000.00,TAKER,1.04278,0.0,['2.09 USD'],NO_TRIGGER,FILLED,OTO,OL-20250130-200000-001-V2-187,"['O-20250130-200000-001-V2-560', 'O-20250130-200000-001-V2-561']",,,,,['V2_POS1'],404c8dfc-87e4-4661-9f31-b8990d102850,1738267200000000000,1738267200000000000,,,,,,,
O-20250130-200000-001-V2-560,BACKTESTER-001,MLSignalStrategyV2-V2,EUR/USD.IDEALPRO,IDEALPRO-1-560,EUR/USD.IDEALPRO-MLSignalStrategyV2-V2,IDEALPRO-001,IDEALPRO-1-59839,STOP_MARKET,BUY,100000.00,GTC,True,False,100000.00,TAKER,1.04325,1.0000000000065512e-05,['2.09 USD'],NO_TRIGGER,FILLED,OUO,OL-20250130-200000-001-V2-187,['O-20250130-200000-001-V2-561'],O-20250130-200000-001-V2-559,,,,['V2_POS1_SL'],96e30d02-2b47-4fd4-a029-5687320c47dc,1738267200000000000,1738269180000000000,1.04324,DEFAULT,,,,,
O-20250130-200000-001-V2-561,BACKTESTER-001,MLSignalStrategyV2-V2,EUR/USD.IDEALPRO,IDEALPRO-1-561,EUR/USD.IDEALPRO-MLSignalStrategyV2-V2,IDEALPRO-001,,LIMIT,BUY,100000.00,GTC,True,False,0.00,NO_LIQUIDITY_SIDE,,,,NO_TRIGGER,CANCELED,OUO,OL-20250130-200000-001-V2-187,['O-20250130-200000-001-V2-560'],O-20250130-200000-001-V2-559,,,,['V2_POS1_TP'],9174970e-3a0a-445d-a211-2e42196b8a10,1738267200000000000,1738269180000000000,,,,,1.04234,False,
O-20250130-220000-001-V2-562,BACKTESTER-001,MLSignalStrategyV2-V2,EUR/USD.IDEALPRO,IDEALPRO-1-562,EUR/USD.IDEALPRO-MLSignalStrategyV2-V2,IDEALPRO-001,IDEALPRO-1-60014,MARKET,BUY,100000.00,GTC,False,False,100000.00,TAKER,1.0391,0.0,['2.08 USD'],NO_TRIGGER,FILLED,OTO,OL-20250130-220000-001-V2-188,"['O-20250130-220000-001-V2-563', 'O-20250130-220000-001-V2-564']",,,,,['V2_POS1'],7137f91e-5f9c-4a87-9966-7e2f6698f7b2,1738274400000000000,1738274400000000000,,,,,,,
O-20250130-220000-001-V2-563,BACKTESTER-001,MLSignalStrategyV2-V2,EUR/USD.IDEALPRO,IDEALPRO-1-563,EUR/USD.IDEALPRO-MLSignalStrategyV2-V2,IDEALPRO-001,,STOP_MARKET,SELL,100000.00,GTC,True,False,0.00,NO_LIQUIDITY_SIDE,,,,NO_TRIGGER,CANCELED,OUO,OL-20250130-220000-001-V2-188,['O-20250130-220000-001-V2-564'],O-20250130-220000-001-V2-562,,,,['V2_POS1_SL'],ef1ebac6-946d-490c-befa-676b0d4c9db0,1738274400000000000,1738281960000000000,1.03812,DEFAULT,,,,,
O-20250130-220000-001-V2-564,BACKTESTER-001,MLSignalStrategyV2-V2,EUR/USD.IDEALPRO,IDEALPRO-1-564,EUR/USD.IDEALPRO-MLSignalStrategyV2-V2,IDEALPRO-001,IDEALPRO-1-60237,LIMIT,SELL,100000.00,GTC,True,False,100000.00,MAKER,1.04017,-9.000000000014552e-05,['2.08 USD'],NO_TRIGGER,FILLED,OUO,OL-20250130-220000-001-V2-188,['O-20250130-220000-001-V2-563'],O-20250130-220000-001-V2-562,,,,['V2_POS1_TP'],193613cc-716c-4da6-8114-f92d87070e74,1738274400000000000,1738281960000000000,,,,,1.04008,False,
O-20250131-004500-001-V2-565,BACKTESTER-001,MLSignalStrategyV2-V2,EUR/USD.IDEALPRO,IDEALPRO-1-565,EUR/USD.IDEALPRO-MLSignalStrategyV2-V2,IDEALPRO-001,IDEALPRO-1-60316,MARKET,BUY,100000.00,GTC,False,False,100000.00,TAKER,1.03903,0.0,['2.08 USD'],NO_TRIGGER,FILLED,OTO,OL-20250131-004500-001-V2-189,"['O-20250131-004500-001-V2-566', 'O-20250131-004500-001-V2-567']",,,,,['V2_POS1'],a12d8287-bf79-4d12-99a0-3f3d4e94c997,1738284300000000000,1738284300000000000,,,,,,,
O-20250131-004500-001-V2-566,BACKTESTER-001,MLSignalStrategyV2-V2,EUR/USD.IDEALPRO,IDEALPRO-1-566,EUR/USD.IDEALPRO-MLSignalStrategyV2-V2,IDEALPRO-001,IDEALPRO-1-60403,STOP_MARKET,SELL,100000.00,GTC,True,False,100000.00,TAKER,1.03772,0.0007900000000000684,['2.08 USD'],NO_TRIGGER,FILLED,OUO,OL-20250131-004500-001-V2-189,['O-20250131-004500-001-V2-567'],O-20250131-004500-001-V2-565,,,,['V2_POS1_SL'],9422777a-0beb-4122-9b43-ef8d0973e672,1738284300000000000,1738286880000000000,1.03851,DEFAULT,,,,,
O-20250131-004500-001-V2-567,BACKTESTER-001,MLSignalStrategyV2-V2,EUR/USD.IDEALPRO,IDEALPRO-1-567,EUR/USD.IDEALPRO-MLSignalStrategyV2-V2,IDEALPRO-001,,LIMIT,SELL,100000.00,GTC,True,False,0.00,NO_LIQUIDITY_SIDE,,,,NO_TRIGGER,CANCELED,OUO,OL-20250131-004500-001-V2-189,['O-20250131-004500-001-V2-566'],O-20250131-004500-001-V2-565,,,,['V2_POS1_TP'],fbe6e6fc-8bbb-4d6f-a653-a19cbab4b5a1,1738284300000000000,1738286880000000000,,,,,1.03955,False,
O-20250131-040000-001-V2-568,BACKTESTER-001,MLSignalStrategyV2-V2,EUR/USD.IDEALPRO,IDEALPRO-1-568,EUR/USD.IDEALPRO-MLSignalStrategyV2-V2,IDEALPRO-001,IDEALPRO-1-60709,MARKET,BUY,100000.00,GTC,False,False,100000.00,TAKER,1.03851,0.0,['2.08 USD'],NO_TRIGGER,FILLED,OTO,OL-20250131-040000-001-V2-190,"['O-20250131-040000-001-V2-569', 'O-20250131-040000-001-V2-570']",,,,,['V2_POS1'],d278b393-0489-430c-a07b-4f29718948c2,1738296000000000000,1738296000000000000,,,,,,,
O-20250131-040000-001-V2-569,BACKTESTER-001,MLSignalStrategyV2-V2,EUR/USD.IDEALPRO,IDEALPRO-1-569,EUR/USD.IDEALPRO-MLSignalStrategyV2-V2,IDEALPRO-001,,STOP_MARKET,SELL,100000.00,GTC,True,False,0.00,NO_LIQUIDITY_SIDE,,,,NO_TRIGGER,CANCELED,OUO,OL-20250131-040000-001-V2-190,['O-20250131-040000-001-V2-570'],O-20250131-040000-001-V2-568,,,,['V2_POS1_SL'],661215f2-9d56-4646-a50e-f5e555797819,1738296000000000000,1738298820000000000,1.03811,DEFAULT,,,,,
O-20250131-040000-001-V2-570,BACKTESTER-001,MLSignalStrategyV2-V2,EUR/USD.IDEALPRO,IDEALPRO-1-570,EUR/USD.IDEALPRO-MLSignalStrategyV2-V2,IDEALPRO-001,IDEALPRO-1-60803,LIMIT,SELL,100000.00,GTC,True,False,100000.00,MAKER,1.03896,-5.0000000000105516e-05,['2.08 USD'],NO_TRIGGER,FILLED,OUO,OL-20250131-040000-001-V2-190,['O-20250131-040000-001-V2-569'],O-20250131-040000-001-V2-568,,,,['V2_POS1_TP'],87504013-a27d-4197-b7ef-b347e5521a0a,1738296000000000000,1738298820000000000,,,,,1.03891,False,
O-20250131-100000-001-V2-571,BACKTESTER-001,MLSignalStrategyV2-V2,EUR/USD.IDEALPRO,IDEALPRO-1-571,EUR/USD.IDEALPRO-MLSignalStrategyV2-V2,IDEALPRO-001,IDEALPRO-1-61431,MARKET,BUY,100000.00,GTC,False,False,100000.00,TAKER,1.03837,0.0,['2.08 USD'],NO_TRIGGER,FILLED,OTO,OL-20250131-100000-001-V2-191,"['O-20250131-100000-001-V2-572', 'O-20250131-100000-001-V2-573']",,,,,['V2_POS1'],3ee9d064-b2a3-44eb-8d41-906b4dac4cb8,1738317600000000000,1738317600000000000,,,,,,,
O-20250131-100000-001-V2-572,BACKTESTER-001,MLSignalStrategyV2-V2,EUR/USD.IDEALPRO,IDEALPRO-1-572,EUR/USD.IDEALPRO-MLSignalStrategyV2-V2,IDEALPRO-001,IDEALPRO-1-61461,STOP_MARKET,SELL,100000.00,GTC,True,False,100000.00,TAKER,1.03746,8.999999999992347e-05,['2.07 USD'],NO_TRIGGER,FILLED,OUO,OL-20250131-100000-001-V2-191,['O-20250131-100000-001-V2-573'],O-20250131-100000-001-V2-571,,,,['V2_POS1_SL'],cf0e3a82-1ca4-4364-b14b-a6e6bbbc72eb,1738317600000000000,1738318500000000000,1.03755,DEFAULT,,,,,
O-20250131-100000-001-V2-573,BACKTESTER-001,MLSignalStrategyV2-V2,EUR/USD.IDEALPRO,IDEALPRO-1-573,EUR/USD.IDEALPRO-MLSignalStrategyV2-V2,IDEALPRO-001,,LIMIT,SELL,100000.00,GTC,True,False,0.00,NO_LIQUIDITY_SIDE,,,,NO_TRIGGER,CANCELED,OUO,OL-20250131-100000-001-V2-191,['O-20250131-100000-001-V2-572'],O-20250131-100000-001-V2-571,,,,['V2_POS1_TP'],c7ec5927-2b45-40e4-855a-efc5a464e689,1738317600000000000,1738318500000000000,,,,,1.03919,False,
O-20250131-101500-001-V2-574,BACKTESTER-001,MLSignalStrategyV2-V2,EUR/USD.IDEALPRO,IDEALPRO-1-574,EUR/USD.IDEALPRO-MLSignalStrategyV2-V2,IDEALPRO-001,IDEALPRO-1-61462,MARKET,BUY,100000.00,GTC,False,False,100000.00,TAKER,1.0376,0.0,['2.08 USD'],NO_TRIGGER,FILLED,OTO,OL-20250131-101500-001-V2-192,"['O-20250131-101500-001-V2-575', 'O-20250131-101500-001-V2-576']",,,,,['V2_POS1'],b3c8b425-5642-422c-9d74-547c40c72e71,1738318500000000000,1738318500000000000,,,,,,,
O-20250131-101500-001-V2-575,BACKTESTER-001,MLSignalStrategyV2-V2,EUR/USD.IDEALPRO,IDEALPRO-1-575,EUR/USD.IDEALPRO-MLSignalStrategyV2-V2,IDEALPRO-001,,STOP_MARKET,SELL,100000.00,GTC,True,False,0.00,NO_LIQUIDITY_SIDE,,,,NO_TRIGGER,CANCELED,OUO,OL-20250131-101500-001-V2-192,['O-20250131-101500-001-V2-576'],O-20250131-101500-001-V2-574,,,,['V2_POS1_SL'],2e2645b5-ce7d-4cae-a21f-f95ac5a85312,1738318500000000000,1738319220000000000,1.03678,DEFAULT,,,,,
O-20250131-101500-001-V2-576,BACKTESTER-001,MLSignalStrategyV2-V2,EUR/USD.IDEALPRO,IDEALPRO-1-576,EUR/USD.IDEALPRO-MLSignalStrategyV2-V2,IDEALPRO-001,IDEALPRO-1-61487,LIMIT,SELL,100000.00,GTC,True,False,100000.00,MAKER,1.0384,0.0,['2.08 USD'],NO_TRIGGER,FILLED,OUO,OL-20250131-101500-001-V2-192,['O-20250131-101500-001-V2-575'],O-20250131-101500-001-V2-574,,,,['V2_POS1_TP'],2fcffc51-e455-4708-b365-81e22d27d3f8,1738318500000000000,1738319220000000000,,,,,1.03840,False,
O-20250131-103000-001-V2-577,BACKTESTER-001,MLSignalStrategyV2-V2,EUR/USD.IDEALPRO,IDEALPRO-1-577,EUR/USD.IDEALPRO-MLSignalStrategyV2-V2,IDEALPRO-001,IDEALPRO-1-61494,MARKET,BUY,100000.00,GTC,False,False,100000.00,TAKER,1.03824,0.0,['2.08 USD'],NO_TRIGGER,FILLED,OTO,OL-20250131-103000-001-V2-193,"['O-20250131-103000-001-V2-578', 'O-20250131-103000-001-V2-579']",,,,,['V2_POS1'],28d41d89-3502-4e4d-949f-b0673e4e1494,1738319400000000000,1738319400000000000,,,,,,,
O-20250131-103000-001-V2-578,BACKTESTER-001,MLSignalStrategyV2-V2,EUR/USD.IDEALPRO,IDEALPRO-1-578,EUR/USD.IDEALPRO-MLSignalStrategyV2-V2,IDEALPRO-001,IDEALPRO-1-61605,STOP_MARKET,SELL,100000.00,GTC,True,False,100000.00,TAKER,1.03723,0.00019999999999997797,['2.07 USD'],NO_TRIGGER,FILLED,OUO,OL-20250131-103000-001-V2-193,['O-20250131-103000-001-V2-579'],O-20250131-103000-001-V2-577,,,,['V2_POS1_SL'],566ffce6-45fe-4e1d-894d-13069084f62a,1738319400000000000,1738322700000000000,1.03743,DEFAULT,,,,,
O-20250131-103000-001-V2-579,BACKTESTER-001,MLSignalStrategyV2-V2,EUR/USD.IDEALPRO,IDEALPRO-1-579,EUR/USD.IDEALPRO-MLSignalStrategyV2-V2,IDEALPRO-001,,LIMIT,SELL,100000.00,GTC,True,False,0.00,NO_LIQUIDITY_SIDE,,,,NO_TRIGGER,CANCELED,OUO,OL-20250131-103000-001-V2-193,['O-20250131-103000-001-V2-578'],O-20250131-103000-001-V2-577,,,,['V2_POS1_TP'],292b80aa-5799-497f-bb68-f6837a7698c7,1738319400000000000,1738322700000000000,,,,,1.03905,False,
O-20250131-161500-001-V2-580,BACKTESTER-001,MLSignalStrategyV2-V2,EUR/USD.IDEALPRO,IDEALPRO-1-580,EUR/USD.IDEALPRO-MLSignalStrategyV2-V2,IDEALPRO-001,IDEALPRO-1-62187,MARKET,BUY,100000.00,GTC,False,False,100000.00,TAKER,1.03893,0.0,['2.08 USD'],NO_TRIGGER,FILLED,OTO,OL-20250131-161500-001-V2-194,"['O-20250131-161500-001-V2-581', 'O-20250131-161500-001-V2-582']",,,,,['V2_POS1'],ab0a7934-a294-4487-97dc-52ad3b6ad96d,1738340100000000000,1738340100000000000,,,,,,,
O-20250131-161500-001-V2-581,BACKTESTER-001,MLSignalStrategyV2-V2,EUR/USD.IDEALPRO,IDEALPRO-1-581,EUR/USD.IDEALPRO-MLSignalStrategyV2-V2,IDEALPRO-001,,STOP_MARKET,SELL,100000.00,GTC,True,False,0.00,NO_LIQUIDITY_SIDE,,,,NO_TRIGGER,CANCELED,OUO,OL-20250131-161500-001-V2-194,['O-20250131-161500-001-V2-582'],O-20250131-161500-001-V2-580,,,,['V2_POS1_SL'],f1594112-b836-4ba1-8cc0-e7d8c02f3673,1738340100000000000,1738341180000000000,1.03802,DEFAULT,,,,,
O-20250131-161500-001-V2-582,BACKTESTER-001,MLSignalStrategyV2-V2,EUR/USD.IDEALPRO,IDEALPRO-1-582,EUR/USD.IDEALPRO-MLSignalStrategyV2-V2,IDEALPRO-001,IDEALPRO-1-62223,LIMIT,SELL,100000.00,GTC,True,False,100000.00,MAKER,1.03998,-0.00013999999999980695,['2.08 USD'],NO_TRIGGER,FILLED,OUO,OL-20250131-161500-001-V2-194,['O-20250131-161500-001-V2-581'],O-20250131-161500-001-V2-580,,,,['V2_POS1_TP'],2dbb6e0a-d81d-4821-8980-738442a3fba9,1738340100000000000,1738341180000000000,,,,,1.03984,False,
O-20250131-171500-001-V2-583,BACKTESTER-001,MLSignalStrategyV2-V2,EUR/USD.IDEALPRO,IDEALPRO-1-583,EUR/USD.IDEALPRO-MLSignalStrategyV2-V2,IDEALPRO-001,IDEALPRO-1-62308,MARKET,SELL,100000.00,GTC,False,False,100000.00,TAKER,1.04256,0.0,['2.09 USD'],NO_TRIGGER,FILLED,OTO,OL-20250131-171500-001-V2-195,"['O-20250131-171500-001-V2-584', 'O-20250131-171500-001-V2-585']",,,,,['V2_POS1'],2458a112-91b5-4ea6-98a7-80ce2fe85632,1738343700000000000,1738343700000000000,,,,,,,
O-20250131-171500-001-V2-584,BACKTESTER-001,MLSignalStrategyV2-V2,EUR/USD.IDEALPRO,IDEALPRO-1-584,EUR/USD.IDEALPRO-MLSignalStrategyV2-V2,IDEALPRO-001,,STOP_MARKET,BUY,100000.00,GTC,True,False,0.00,NO_LIQUIDITY_SIDE,,,,NO_TRIGGER,CANCELED,OUO,OL-20250131-171500-001-V2-195,['O-20250131-171500-001-V2-585'],O-20250131-171500-001-V2-583,,,,['V2_POS1_SL'],ae4564f5-499b-4f01-b357-d5bc975ba013,1738343700000000000,1738345740000000000,1.04367,DEFAULT,,,,,
O-20250131-171500-001-V2-585,BACKTESTER-001,MLSignalStrategyV2-V2,EUR/USD.IDEALPRO,IDEALPRO-1-585,EUR/USD.IDEALPRO-MLSignalStrategyV2-V2,IDEALPRO-001,IDEALPRO-1-62377,LIMIT,BUY,100000.00,GTC,True,False,100000.00,MAKER,1.04139,-5.999999999994898e-05,['2.08 USD'],NO_TRIGGER,FILLED,OUO,OL-20250131-171500-001-V2-195,['O-20250131-171500-001-V2-584'],O-20250131-171500-001-V2-583,,,,['V2_POS1_TP'],3104ecd0-0ce8-4576-9ad2-2fafba323641,1738343700000000000,1738345740000000000,,,,,1.04145,False,
O-20250202-223000-001-V2-586,BACKTESTER-001,MLSignalStrategyV2-V2,EUR/USD.IDEALPRO,IDEALPRO-1-586,EUR/USD.IDEALPRO-MLSignalStrategyV2-V2,IDEALPRO-001,IDEALPRO-1-62910,MARKET,BUY,100000.00,GTC,False,False,100000.00,TAKER,1.0251,0.0,['2.05 USD'],NO_TRIGGER,FILLED,OTO,OL-20250202-223000-001-V2-196,"['O-20250202-223000-001-V2-587', 'O-20250202-223000-001-V2-588']",,,,,['V2_POS1'],1ff7693e-b209-4e35-a5dd-14285a404bf4,1738535400000000000,1738535400000000000,,,,,,,
O-20250202-223000-001-V2-587,BACKTESTER-001,MLSignalStrategyV2-V2,EUR/USD.IDEALPRO,IDEALPRO-1-587,EUR/USD.IDEALPRO-MLSignalStrategyV2-V2,IDEALPRO-001,,STOP_MARKET,SELL,100000.00,GTC,True,False,0.00,NO_LIQUIDITY_SIDE,,,,NO_TRIGGER,CANCELED,OUO,OL-20250202-223000-001-V2-196,['O-20250202-223000-001-V2-588'],O-20250202-223000-001-V2-586,,,,['V2_POS1_SL'],0e6d1acd-6ca1-4638-97a3-d8c0d7e033f0,1738535400000000000,1738537680000000000,1.02336,DEFAULT,,,,,
O-20250202-223000-001-V2-588,BACKTESTER-001,MLSignalStrategyV2-V2,EUR/USD.IDEALPRO,IDEALPRO-1-588,EUR/USD.IDEALPRO-MLSignalStrategyV2-V2,IDEALPRO-001,IDEALPRO-1-62987,LIMIT,SELL,100000.00,GTC,True,False,100000.00,MAKER,1.02701,-0.00017000000000000348,['2.05 USD'],NO_TRIGGER,FILLED,OUO,OL-20250202-223000-001-V2-196,['O-20250202-223000-001-V2-587'],O-20250202-223000-001-V2-586,,,,['V2_POS1_TP'],5f31b85c-2811-44ae-990a-9f564467151d,1738535400000000000,1738537680000000000,,,,,1.02684,False,
O-20250202-231500-001-V2-589,BACKTESTER-001,MLSignalStrategyV2-V2,EUR/USD.IDEALPRO,IDEALPRO-1-589,EUR/USD.IDEALPRO-MLSignalStrategyV2-V2,IDEALPRO-001,IDEALPRO-1-63002,MARKET,BUY,100000.00,GTC,False,False,100000.00,TAKER,1.02483,0.0,['2.05 USD'],NO_TRIGGER,FILLED,OTO,OL-20250202-231500-001-V2-197,"['O-20250202-231500-001-V2-590', 'O-20250202-231500-001-V2-591']",,,,,['V2_POS1'],4ddbfae1-2d23-4852-a675-09a97473c3dc,1738538100000000000,1738538100000000000,,,,,,,
O-20250202-231500-001-V2-590,BACKTESTER-001,MLSignalStrategyV2-V2,EUR/USD.IDEALPRO,IDEALPRO-1-590,EUR/USD.IDEALPRO-MLSignalStrategyV2-V2,IDEALPRO-001,,STOP_MARKET,SELL,100000.00,GTC,True,False,0.00,NO_LIQUIDITY_SIDE,,,,NO_TRIGGER,CANCELED,OUO,OL-20250202-231500-001-V2-197,['O-20250202-231500-001-V2-591'],O-20250202-231500-001-V2-589,,,,['V2_POS1_SL'],38e6928b-6500-43f9-ab23-6a17f4f7a521,1738538100000000000,1738541160000000000,1.02332,DEFAULT,,,,,
O-20250202-231500-001-V2-591,BACKTESTER-001,MLSignalStrategyV2-V2,EUR/USD.IDEALPRO,IDEALPRO-1-591,EUR/USD.IDEALPRO-MLSignalStrategyV2-V2,IDEALPRO-001,IDEALPRO-1-63105,LIMIT,SELL,100000.00,GTC,True,False,100000.00,MAKER,1.02655,-0.0002300000000001745,['2.05 USD'],NO_TRIGGER,FILLED,OUO,OL-20250202-231500-001-V2-197,['O-20250202-231500-001-V2-590'],O-20250202-231500-001-V2-589,,,,['V2_POS1_TP'],429c419b-5f54-40e5-a856-a9a1e8c37c73,1738538100000000000,1738541160000000000,,,,,1.02632,False,
O-20250203-001500-001-V2-592,BACKTESTER-001,MLSignalStrategyV2-V2,EUR/USD.IDEALPRO,IDEALPRO-1-592,EUR/USD.IDEALPRO-MLSignalStrategyV2-V2,IDEALPRO-001,IDEALPRO-1-63124,MARKET,BUY,100000.00,GTC,False,False,100000.00,TAKER,1.02571,0.0,['2.05 USD'],NO_TRIGGER,FILLED,OTO,OL-20250203-001500-001-V2-198,"['O-20250203-001500-001-V2-593', 'O-20250203-001500-001-V2-594']",,,,,['V2_POS1'],a7299af6-0435-4491-9bd9-862c41613f70,1738541700000000000,1738541700000000000,,,,,,,
O-20250203-001500-001-V2-593,BACKTESTER-001,MLSignalStrategyV2-V2,EUR/USD.IDEALPRO,IDEALPRO-1-593,EUR/USD.IDEALPRO-MLSignalStrategyV2-V2,IDEALPRO-001,IDEALPRO-1-63139,STOP_MARKET,SELL,100000.00,GTC,True,False,100000.00,TAKER,1.02305,0.0011099999999999444,['2.05 USD'],NO_TRIGGER,FILLED,OUO,OL-20250203-001500-001-V2-198,['O-20250203-001500-001-V2-594'],O-20250203-001500-001-V2-592,,,,['V2_POS1_SL'],c9df66c4-0c3a-487f-b327-cfdd9d9dbc4c,1738541700000000000,1738542120000000000,1.02416,DEFAULT,,,,,
O-20250203-001500-001-V2-594,BACKTESTER-001,MLSignalStrategyV2-V2,EUR/USD.IDEALPRO,IDEALPRO-1-594,EUR/USD.IDEALPRO-MLSignalStrategyV2-V2,IDEALPRO-001,,LIMIT,SELL,100000.00,GTC,True,False,0.00,NO_LIQUIDITY_SIDE,,,,NO_TRIGGER,CANCELED,OUO,OL-20250203-001500-001-V2-198,['O-20250203-001500-001-V2-593'],O-20250203-001500-001-V2-592,,,,['V2_POS1_TP'],06dbef14-764f-4e54-9e5f-04afaab6d9e0,1738541700000000000,1738542120000000000,,,,,1.02726,False,
O-20250203-003000-001-V2-595,BACKTESTER-001,MLSignalStrategyV2-V2,EUR/USD.IDEALPRO,IDEALPRO-1-595,EUR/USD.IDEALPRO-MLSignalStrategyV2-V2,IDEALPRO-001,IDEALPRO-1-63156,MARKET,BUY,100000.00,GTC,False,False,100000.00,TAKER,1.02367,0.0,['2.05 USD'],NO_TRIGGER,FILLED,OTO,OL-20250203-003000-001-V2-199,"['O-20250203-003000-001-V2-596', 'O-20250203-003000-001-V2-597']",,,,,['V2_POS1'],8f471388-fc28-4e63-9135-8f52421fec68,1738542600000000000,1738542600000000000,,,,,,,
O-20250203-003000-001-V2-596,BACKTESTER-001,MLSignalStrategyV2-V2,EUR/USD.IDEALPRO,IDEALPRO-1-596,EUR/USD.IDEALPRO-MLSignalStrategyV2-V2,IDEALPRO-001,IDEALPRO-1-63475,STOP_MARKET,SELL,100000.00,GTC,True,False,100000.00,TAKER,1.02191,2.999999999997449e-05,['2.04 USD'],NO_TRIGGER,FILLED,OUO,OL-20250203-003000-001-V2-199,['O-20250203-003000-001-V2-597'],O-20250203-003000-001-V2-595,,,,['V2_POS1_SL'],fef5be86-97c3-4c06-85eb-551e2711259c,1738542600000000000,1738552140000000000,1.02194,DEFAULT,,,,,
O-20250203-003000-001-V2-597,BACKTESTER-001,MLSignalStrategyV2-V2,EUR/USD.IDEALPRO,IDEALPRO-1-597,EUR/USD.IDEALPRO-MLSignalStrategyV2-V2,IDEALPRO-001,,LIMIT,SELL,100000.00,GTC,True,False,0.00,NO_LIQUIDITY_SIDE,,,,NO_TRIGGER,CANCELED,OUO,OL-20250203-003000-001-V2-199,['O-20250203-003000-001-V2-596'],O-20250203-003000-001-V2-595,,,,['V2_POS1_TP'],2e5a8794-11ed-4ff3-81e9-12716a436f98,1738542600000000000,1738552140000000000,,,,,1.02540,False,
O-20250203-031500-001-V2-598,BACKTESTER-001,MLSignalStrategyV2-V2,EUR/USD.IDEALPRO,IDEALPRO-1-598,EUR/USD.IDEALPRO-MLSignalStrategyV2-V2,IDEALPRO-001,IDEALPRO-1-63488,MARKET,BUY,100000.00,GTC,False,False,100000.00,TAKER,1.02155,0.0,['2.04 USD'],NO_TRIGGER,FILLED,OTO,OL-20250203-031500-001-V2-200,"['O-20250203-031500-001-V2-599', 'O-20250203-031500-001-V2-600']",,,,,['V2_POS1'],77090d61-fba3-43eb-b690-03938428badd,1738552500000000000,1738552500000000000,,,,,,,
O-20250203-031500-001-V2-599,BACKTESTER-001,MLSignalStrategyV2-V2,EUR/USD.IDEALPRO,IDEALPRO-1-599,EUR/USD.IDEALPRO-MLSignalStrategyV2-V2,IDEALPRO-001,,STOP_MARKET,SELL,100000.00,GTC,True,False,0.00,NO_LIQUIDITY_SIDE,,,,NO_TRIGGER,CANCELED,OUO,OL-20250203-031500-001-V2-200,['O-20250203-031500-001-V2-600'],O-20250203-031500-001-V2-598,,,,['V2_POS1_SL'],39b43954-aff1-4892-aaef-1d79337a1d68,1738552500000000000,1738555260000000000,1.02041,DEFAULT,,,,,
O-20250203-031500-001-V2-600,BACKTESTER-001,MLSignalStrategyV2-V2,EUR/USD.IDEALPRO,IDEALPRO-1-600,EUR/USD.IDEALPRO-MLSignalStrategyV2-V2,IDEALPRO-001,IDEALPRO-1-63581,LIMIT,SELL,100000.00,GTC,True,False,100000.00,MAKER,1.02293,-0.00023999999999979593,['2.05 USD'],NO_TRIGGER,FILLED,OUO,OL-20250203-031500-001-V2-200,['O-20250203-031500-001-V2-599'],O-20250203-031500-001-V2-598,,,,['V2_POS1_TP'],2dae2c31-e621-423f-b489-015861664ea0,1738552500000000000,1738555260000000000,,,,,1.02269,False,
O-20250203-060000-001-V2-601,BACKTESTER-001,MLSignalStrategyV2-V2,EUR/USD.IDEALPRO,IDEALPRO-1-601,EUR/USD.IDEALPRO-MLSignalStrategyV2-V2,IDEALPRO-001,IDEALPRO-1-63820,MARKET,BUY,100000.00,GTC,False,False,100000.00,TAKER,1.02406,0.0,['2.05 USD'],NO_TRIGGER,FILLED,OTO,OL-20250203-060000-001-V2-201,"['O-20250203-060000-001-V2-602', 'O-20250203-060000-001-V2-603']",,,,,['V2_POS1'],d8a86c85-7b59-430b-a6a6-c7e8aa21ac84,1738562400000000000,1738562400000000000,,,,,,,
O-20250203-060000-001-V2-602,BACKTESTER-001,MLSignalStrategyV2-V2,EUR/USD.IDEALPRO,IDEALPRO-1-602,EUR/USD.IDEALPRO-MLSignalStrategyV2-V2,IDEALPRO-001,,STOP_MARKET,SELL,100000.00,GTC,True,False,0.00,NO_LIQUIDITY_SIDE,,,,NO_TRIGGER,CANCELED,OUO,OL-20250203-060000-001-V2-201,['O-20250203-060000-001-V2-603'],O-20250203-060000-001-V2-601,,,,['V2_POS1_SL'],19a1f41b-53ba-4f09-963c-8671137c92b5,1738562400000000000,1738563300000000000,1.02333,DEFAULT,,,,,
O-20250203-060000-001-V2-603,BACKTESTER-001,MLSignalStrategyV2-V2,EUR/USD.IDEALPRO,IDEALPRO-1-603,EUR/USD.IDEALPRO-MLSignalStrategyV2-V2,IDEALPRO-001,IDEALPRO-1-63851,LIMIT,SELL,100000.00,GTC,True,False,100000.00,MAKER,1.02481,-4.0000000000040004e-05,['2.05 USD'],NO_TRIGGER,FILLED,OUO,OL-20250203-060000-001-V2-201,['O-20250203-060000-001-V2-602'],O-20250203-060000-001-V2-601,,,,['V2_POS1_TP'],1a2981cb-39c0-4da4-8dd3-4a44cd1e6e84,1738562400000000000,1738563300000000000,,,,,1.02477,False,
O-20250203-061500-001-V2-604,BACKTESTER-001,MLSignalStrategyV2-V2,EUR/USD.IDEALPRO,IDEALPRO-1-604,EUR/USD.IDEALPRO-MLSignalStrategyV2-V2,IDEALPRO-001,IDEALPRO-1-63852,MARKET,BUY,100000.00,GTC,False,False,100000.00,TAKER,1.02477,0.0,['2.05 USD'],NO_TRIGGER,FILLED,OTO,OL-20250203-061500-001-V2-202,"['O-20250203-061500-001-V2-605', 'O-20250203-061500-001-V2-606']",,,,,['V2_POS1'],ed10e314-8dd4-4c5b-9eb2-4337cf30dd2e,1738563300000000000,1738563300000000000,,,,,,,
O-20250203-061500-001-V2-605,BACKTESTER-001,MLSignalStrategyV2-V2,EUR/USD.IDEALPRO,IDEALPRO-1-605,EUR/USD.IDEALPRO-MLSignalStrategyV2-V2,IDEALPRO-001,IDEALPRO-1-63965,STOP_MARKET,SELL,100000.00,GTC,True,False,100000.00,TAKER,1.02381,0.00023999999999979593,['2.05 USD'],NO_TRIGGER,FILLED,OUO,OL-20250203-061500-001-V2-202,['O-20250203-061500-001-V2-606'],O-20250203-061500-001-V2-604,,,,['V2_POS1_SL'],88329ff3-5ed5-49e4-a08d-2305d0367243,1738563300000000000,1738566660000000000,1.02405,DEFAULT,,,,,
O-20250203-061500-001-V2-606,BACKTESTER-001,MLSignalStrategyV2-V2,EUR/USD.IDEALPRO,IDEALPRO-1-606,EUR/USD.IDEALPRO-MLSignalStrategyV2-V2,IDEALPRO-001,,LIMIT,SELL,100000.00,GTC,True,False,0.00,NO_LIQUIDITY_SIDE,,,,NO_TRIGGER,CANCELED,OUO,OL-20250203-061500-001-V2-202,['O-20250203-061500-001-V2-605'],O-20250203-061500-001-V2-604,,,,['V2_POS1_TP'],56a8483e-402b-493e-ba00-32141ef4770c,1738563300000000000,1738566660000000000,,,,,1.02547,False,
O-20250203-074500-001-V2-607,BACKTESTER-001,MLSignalStrategyV2-V2,EUR/USD.IDEALPRO,IDEALPRO-1-607,EUR/USD.IDEALPRO-MLSignalStrategyV2-V2,IDEALPRO-001,IDEALPRO-1-64034,MARKET,BUY,100000.00,GTC,False,False,100000.00,TAKER,1.02289,0.0,['2.05 USD'],NO_TRIGGER,FILLED,OTO,OL-20250203-074500-001-V2-203,"['O-20250203-074500-001-V2-608', 'O-20250203-074500-001-V2-609']",,,,,['V2_POS1'],c064655f-ea57-40ad-b2ba-d04a8450527b,1738568700000000000,1738568700000000000,,,,,,,
O-20250203-074500-001-V2-608,BACKTESTER-001,MLSignalStrategyV2-V2,EUR/USD.IDEALPRO,IDEALPRO-1-608,EUR/USD.IDEALPRO-MLSignalStrategyV2-V2,IDEALPRO-001,,STOP_MARKET,SELL,100000.00,GTC,True,False,0.00,NO_LIQUIDITY_SIDE,,,,NO_TRIGGER,CANCELED,OUO,OL-20250203-074500-001-V2-203,['O-20250203-074500-001-V2-609'],O-20250203-074500-001-V2-607,,,,['V2_POS1_SL'],d245ed8c-3c53-4d8a-8a74-7c1802949d07,1738568700000000000,1738569000000000000,1.02206,DEFAULT,,,,,
O-20250203-074500-001-V2-609,BACKTESTER-001,MLSignalStrategyV2-V2,EUR/USD.IDEALPRO,IDEALPRO-1-609,EUR/USD.IDEALPRO-MLSignalStrategyV2-V2,IDEALPRO-001,IDEALPRO-1-64045,LIMIT,SELL,100000.00,GTC,True,False,100000.00,MAKER,1.02415,-0.00042999999999993044,['2.05 USD'],NO_TRIGGER,FILLED,OUO,OL-20250203-074500-001-V2-203,['O-20250203-074500-001-V2-608'],O-20250203-074500-001-V2-607,,,,['V2_POS1_TP'],76658a51-3d21-4ffc-b127-9a359c98f6ef,1738568700000000000,1738569000000000000,,,,,1.02372,False,
O-20250203-154500-001-V2-610,BACKTESTER-001,MLSignalStrategyV2-V2,EUR/USD.IDEALPRO,IDEALPRO-1-610,EUR/USD.IDEALPRO-MLSignalStrategyV2-V2,IDEALPRO-001,IDEALPRO-1-64996,MARKET,SELL,100000.00,GTC,False,False,100000.00,TAKER,1.03278,0.0,['2.07 USD'],NO_TRIGGER,FILLED,OTO,OL-20250203-154500-001-V2-204,"['O-20250203-154500-001-V2-611', 'O-20250203-154500-001-V2-612']",,,,,['V2_POS1'],48bd0454-a817-413d-8050-3e2d123b183d,1738597500000000000,1738597500000000000,,,,,,,
O-20250203-154500-001-V2-611,BACKTESTER-001,MLSignalStrategyV2-V2,EUR/USD.IDEALPRO,IDEALPRO-1-611,EUR/USD.IDEALPRO-MLSignalStrategyV2-V2,IDEALPRO-001,,STOP_MARKET,BUY,100000.00,GTC,True,False,0.00,NO_LIQUIDITY_SIDE,,,,NO_TRIGGER,CANCELED,OUO,OL-20250203-154500-001-V2-204,['O-20250203-154500-001-V2-612'],O-20250203-154500-001-V2-610,,,,['V2_POS1_SL'],d9a9d273-866c-422d-b31f-16f75248a70b,1738597500000000000,1738597680000000000,1.03450,DEFAULT,,,,,
O-20250203-154500-001-V2-612,BACKTESTER-001,MLSignalStrategyV2-V2,EUR/USD.IDEALPRO,IDEALPRO-1-612,EUR/USD.IDEALPRO-MLSignalStrategyV2-V2,IDEALPRO-001,IDEALPRO-1-65003,LIMIT,BUY,100000.00,GTC,True,False,100000.00,MAKER,1.03104,-2.0000000000131024e-05,['2.06 USD'],NO_TRIGGER,FILLED,OUO,OL-20250203-154500-001-V2-204,['O-20250203-154500-001-V2-611'],O-20250203-154500-001-V2-610,,,,['V2_POS1_TP'],f2dd1d73-f9ec-4ee3-bb27-dc188b886474,1738597500000000000,1738597680000000000,,,,,1.03106,False,
O-20250203-160000-001-V2-613,BACKTESTER-001,MLSignalStrategyV2-V2,EUR/USD.IDEALPRO,IDEALPRO-1-613,EUR/USD.IDEALPRO-MLSignalStrategyV2-V2,IDEALPRO-001,IDEALPRO-1-65028,MARKET,SELL,100000.00,GTC,False,False,100000.00,TAKER,1.03163,0.0,['2.06 USD'],NO_TRIGGER,FILLED,OTO,OL-20250203-160000-001-V2-205,"['O-20250203-160000-001-V2-614', 'O-20250203-160000-001-V2-615']",,,,,['V2_POS1'],76af836e-1d1f-422e-8e2c-82dbfc3a425b,1738598400000000000,1738598400000000000,,,,,,,
O-20250203-160000-001-V2-614,BACKTESTER-001,MLSignalStrategyV2-V2,EUR/USD.IDEALPRO,IDEALPRO-1-614,EUR/USD.IDEALPRO-MLSignalStrategyV2-V2,IDEALPRO-001,,STOP_MARKET,BUY,100000.00,GTC,True,False,0.00,NO_LIQUIDITY_SIDE,,,,NO_TRIGGER,CANCELED,OUO,OL-20250203-160000-001-V2-205,['O-20250203-160000-001-V2-615'],O-20250203-160000-001-V2-613,,,,['V2_POS1_SL'],d15cb958-b003-4a8d-b549-f0b5a1dc5855,1738598400000000000,1738598640000000000,1.03344,DEFAULT,,,,,
O-20250203-160000-001-V2-615,BACKTESTER-001,MLSignalStrategyV2-V2,EUR/USD.IDEALPRO,IDEALPRO-1-615,EUR/USD.IDEALPRO-MLSignalStrategyV2-V2,IDEALPRO-001,IDEALPRO-1-65037,LIMIT,BUY,100000.00,GTC,True,False,100000.00,MAKER,1.02946,-0.00038000000000004697,['2.06 USD'],NO_TRIGGER,FILLED,OUO,OL-20250203-160000-001-V2-205,['O-20250203-160000-001-V2-614'],O-20250203-160000-001-V2-613,,,,['V2_POS1_TP'],a0ccc9a6-3eaf-4a81-960b-d5777342b002,1738598400000000000,1738598640000000000,,,,,1.02984,False,
O-20250203-161500-001-V2-616,BACKTESTER-001,MLSignalStrategyV2-V2,EUR/USD.IDEALPRO,IDEALPRO-1-616,EUR/USD.IDEALPRO-MLSignalStrategyV2-V2,IDEALPRO-001,IDEALPRO-1-65060,MARKET,SELL,100000.00,GTC,False,False,100000.00,TAKER,1.03174,0.0,['2.06 USD'],NO_TRIGGER,FILLED,OTO,OL-20250203-161500-001-V2-206,"['O-20250203-161500-001-V2-617', 'O-20250203-161500-001-V2-618']",,,,,['V2_POS1'],145f9506-610e-40b6-acf9-f368c6f9f51b,1738599300000000000,1738599300000000000,,,,,,,
O-20250203-161500-001-V2-617,BACKTESTER-001,MLSignalStrategyV2-V2,EUR/USD.IDEALPRO,IDEALPRO-1-617,EUR/USD.IDEALPRO-MLSignalStrategyV2-V2,IDEALPRO-001,,STOP_MARKET,BUY,100000.00,GTC,True,False,0.00,NO_LIQUIDITY_SIDE,,,,NO_TRIGGER,CANCELED,OUO,OL-20250203-161500-001-V2-206,['O-20250203-161500-001-V2-618'],O-20250203-161500-001-V2-616,,,,['V2_POS1_SL'],447eff27-84df-4064-9c81-e67404563a6c,1738599300000000000,1738601400000000000,1.03355,DEFAULT,,,,,
O-20250203-161500-001-V2-618,BACKTESTER-001,MLSignalStrategyV2-V2,EUR/USD.IDEALPRO,IDEALPRO-1-618,EUR/USD.IDEALPRO-MLSignalStrategyV2-V2,IDEALPRO-001,IDEALPRO-1-65131,LIMIT,BUY,100000.00,GTC,True,False,100000.00,MAKER,1.02934,-0.0005900000000000905,['2.06 USD'],NO_TRIGGER,FILLED,OUO,OL-20250203-161500-001-V2-206,['O-20250203-161500-001-V2-617'],O-20250203-161500-001-V2-616,,,,['V2_POS1_TP'],b5bad774-b0bf-4208-9dd6-f8d018de6673,1738599300000000000,1738601400000000000,,,,,1.02993,False,
O-20250203-181500-001-V2-619,BACKTESTER-001,MLSignalStrategyV2-V2,EUR/USD.IDEALPRO,IDEALPRO-1-619,EUR/USD.IDEALPRO-MLSignalStrategyV2-V2,IDEALPRO-001,IDEALPRO-1-65302,MARKET,SELL,100000.00,GTC,False,False,100000.00,TAKER,1.02829,0.0,['2.06 USD'],NO_TRIGGER,FILLED,OTO,OL-20250203-181500-001-V2-207,"['O-20250203-181500-001-V2-620', 'O-20250203-181500-001-V2-621']",,,,,['V2_POS1'],691c6489-c838-4aa5-b0e4-6dfe067e6605,1738606500000000000,1738606500000000000,,,,,,,
O-20250203-181500-001-V2-620,BACKTESTER-001,MLSignalStrategyV2-V2,EUR/USD.IDEALPRO,IDEALPRO-1-620,EUR/USD.IDEALPRO-MLSignalStrategyV2-V2,IDEALPRO-001,IDEALPRO-1-65591,STOP_MARKET,BUY,100000.00,GTC,True,False,100000.00,TAKER,1.02995,4.999999999988347e-05,['2.06 USD'],NO_TRIGGER,FILLED,OUO,OL-20250203-181500-001-V2-207,['O-20250203-181500-001-V2-621'],O-20250203-181500-001-V2-619,,,,['V2_POS1_SL'],18b99277-325f-47d1-9556-20e4039c8fad,1738606500000000000,1738615140000000000,1.02990,DEFAULT,,,,,
O-20250203-181500-001-V2-621,BACKTESTER-001,MLSignalStrategyV2-V2,EUR/USD.IDEALPRO,IDEALPRO-1-621,EUR/USD.IDEALPRO-MLSignalStrategyV2-V2,IDEALPRO-001,,LIMIT,BUY,100000.00,GTC,True,False,0.00,NO_LIQUIDITY_SIDE,,,,NO_TRIGGER,CANCELED,OUO,OL-20250203-181500-001-V2-207,['O-20250203-181500-001-V2-620'],O-20250203-181500-001-V2-619,,,,['V2_POS1_TP'],39360543-ddc8-4afe-a564-343b01b6dcd5,1738606500000000000,1738615140000000000,,,,,1.02668,False,
O-20250203-213000-001-V2-622,BACKTESTER-001,MLSignalStrategyV2-V2,EUR/USD.IDEALPRO,IDEALPRO-1-622,EUR/USD.IDEALPRO-MLSignalStrategyV2-V2,IDEALPRO-001,IDEALPRO-1-65694,MARKET,SELL,100000.00,GTC,False,False,100000.00,TAKER,1.03075,0.0,['2.06 USD'],NO_TRIGGER,FILLED,OTO,OL-20250203-213000-001-V2-208,"['O-20250203-213000-001-V2-623', 'O-20250203-213000-001-V2-624']",,,,,['V2_POS1'],21a2fc00-99a4-44e5-ba31-5aa9df00d708,1738618200000000000,1738618200000000000,,,,,,,
O-20250203-213000-001-V2-623,BACKTESTER-001,MLSignalStrategyV2-V2,EUR/USD.IDEALPRO,IDEALPRO-1-623,EUR/USD.IDEALPRO-MLSignalStrategyV2-V2,IDEALPRO-001,IDEALPRO-1-65709,STOP_MARKET,BUY,100000.00,GTC,True,False,100000.00,TAKER,1.03297,0.0014699999999998603,['2.07 USD'],NO_TRIGGER,FILLED,OUO,OL-20250203-213000-001-V2-208,['O-20250203-213000-001-V2-624'],O-20250203-213000-001-V2-622,,,,['V2_POS1_SL'],c44f74a5-45ea-45e6-95ca-7ed23a2cbd7e,1738618200000000000,1738618620000000000,1.03150,DEFAULT,,,,,
O-20250203-213000-001-V2-624,BACKTESTER-001,MLSignalStrategyV2-V2,EUR/USD.IDEALPRO,IDEALPRO-1-624,EUR/USD.IDEALPRO-MLSignalStrategyV2-V2,IDEALPRO-001,,LIMIT,BUY,100000.00,GTC,True,False,0.00,NO_LIQUIDITY_SIDE,,,,NO_TRIGGER,CANCELED,OUO,OL-20250203-213000-001-V2-208,['O-20250203-213000-001-V2-623'],O-20250203-213000-001-V2-622,,,,['V2_POS1_TP'],f4d4939a-e453-4ceb-a4bc-7a230b3b291a,1738618200000000000,1738618620000000000,,,,,1.03000,False,
O-20250203-214500-001-V2-625,BACKTESTER-001,MLSignalStrategyV2-V2,EUR/USD.IDEALPRO,IDEALPRO-1-625,EUR/USD.IDEALPRO-MLSignalStrategyV2-V2,IDEALPRO-001,IDEALPRO-1-65726,MARKET,SELL,100000.00,GTC,False,False,100000.00,TAKER,1.03383,0.0,['2.07 USD'],NO_TRIGGER,FILLED,OTO,OL-20250203-214500-001-V2-209,"['O-20250203-214500-001-V2-626', 'O-20250203-214500-001-V2-627']",,,,,['V2_POS1'],6a51c64d-04f3-45b4-a605-438ae45cc514,1738619100000000000,1738619100000000000,,,,,,,
O-20250203-214500-001-V2-626,BACKTESTER-001,MLSignalStrategyV2-V2,EUR/USD.IDEALPRO,IDEALPRO-1-626,EUR/USD.IDEALPRO-MLSignalStrategyV2-V2,IDEALPRO-001,IDEALPRO-1-65729,STOP_MARKET,BUY,100000.00,GTC,True,False,100000.00,TAKER,1.0349,7.00000000000145e-05,['2.07 USD'],NO_TRIGGER,FILLED,OUO,OL-20250203-214500-001-V2-209,['O-20250203-214500-001-V2-627'],O-20250203-214500-001-V2-625,,,,['V2_POS1_SL'],eea58a92-62f5-44b4-969c-4f9e07ba86cb,1738619100000000000,1738619160000000000,1.03483,DEFAULT,,,,,
O-20250203-214500-001-V2-627,BACKTESTER-001,MLSignalStrategyV2-V2,EUR/USD.IDEALPRO,IDEALPRO-1-627,EUR/USD.IDEALPRO-MLSignalStrategyV2-V2,IDEALPRO-001,,LIMIT,BUY,100000.00,GTC,True,False,0.00,NO_LIQUIDITY_SIDE,,,,NO_TRIGGER,CANCELED,OUO,OL-20250203-214500-001-V2-209,['O-20250203-214500-001-V2-626'],O-20250203-214500-001-V2-625,,,,['V2_POS1_TP'],366bee71-3000-4f29-8da3-1339b5903880,1738619100000000000,1738619160000000000,,,,,1.03285,False,
O-20250203-230000-001-V2-628,BACKTESTER-001,MLSignalStrategyV2-V2,EUR/USD.IDEALPRO,IDEALPRO-1-628,EUR/USD.IDEALPRO-MLSignalStrategyV2-V2,IDEALPRO-001,IDEALPRO-1-65848,MARKET,SELL,100000.00,GTC,False,False,100000.00,TAKER,1.03423,0.0,['2.07 USD'],NO_TRIGGER,FILLED,OTO,OL-20250203-230000-001-V2-210,"['O-20250203-230000-001-V2-629', 'O-20250203-230000-001-V2-630']",,,,,['V2_POS1'],0af0fc21-70a3-448a-a194-7c9825e4929d,1738623600000000000,1738623600000000000,,,,,,,
O-20250203-230000-001-V2-629,BACKTESTER-001,MLSignalStrategyV2-V2,EUR/USD.IDEALPRO,IDEALPRO-1-629,EUR/USD.IDEALPRO-MLSignalStrategyV2-V2,IDEALPRO-001,,STOP_MARKET,BUY,100000.00,GTC,True,False,0.00,NO_LIQUIDITY_SIDE,,,,NO_TRIGGER,CANCELED,OUO,OL-20250203-230000-001-V2-210,['O-20250203-230000-001-V2-630'],O-20250203-230000-001-V2-628,,,,['V2_POS1_SL'],dc0c62ae-dbed-4635-a0ac-c15d9cef69c8,1738623600000000000,1738626120000000000,1.03526,DEFAULT,,,,,
O-20250203-230000-001-V2-630,BACKTESTER-001,MLSignalStrategyV2-V2,EUR/USD.IDEALPRO,IDEALPRO-1-630,EUR/USD.IDEALPRO-MLSignalStrategyV2-V2,IDEALPRO-001,IDEALPRO-1-65933,LIMIT,BUY,100000.00,GTC,True,False,100000.00,MAKER,1.03319,-2.999999999997449e-05,['2.07 USD'],NO_TRIGGER,FILLED,OUO,OL-20250203-230000-001-V2-210,['O-20250203-230000-001-V2-629'],O-20250203-230000-001-V2-628,,,,['V2_POS1_TP'],fa17e7eb-9acb-4ab4-8484-51035934bdb3,1738623600000000000,1738626120000000000,,,,,1.03322,False,
O-20250204-000000-001-V2-631,BACKTESTER-001,MLSignalStrategyV2-V2,EUR/USD.IDEALPRO,IDEALPRO-1-631,EUR/USD.IDEALPRO-MLSignalStrategyV2-V2,IDEALPRO-001,IDEALPRO-1-65970,MARKET,BUY,100000.00,GTC,False,False,100000.00,TAKER,1.0328,0.0,['2.07 USD'],NO_TRIGGER,FILLED,OTO,OL-20250204-000000-001-V2-211,"['O-20250204-000000-001-V2-632', 'O-20250204-000000-001-V2-633']",,,,,['V2_POS1'],10991b92-243e-4ce0-920a-2cfce559e273,1738627200000000000,1738627200000000000,,,,,,,
O-20250204-000000-001-V2-632,BACKTESTER-001,MLSignalStrategyV2-V2,EUR/USD.IDEALPRO,IDEALPRO-1-632,EUR/USD.IDEALPRO-MLSignalStrategyV2-V2,IDEALPRO-001,IDEALPRO-1-66047,STOP_MARKET,SELL,100000.00,GTC,True,False,100000.00,TAKER,1.03185,0.0001100000000000545,['2.06 USD'],NO_TRIGGER,FILLED,OUO,OL-20250204-000000-001-V2-211,['O-20250204-000000-001-V2-633'],O-20250204-000000-001-V2-631,,,,['V2_POS1_SL'],a526c817-d2e9-4871-8816-5c8bf15334ba,1738627200000000000,1738629480000000000,1.03196,DEFAULT,,,,,
O-20250204-000000-001-V2-633,BACKTESTER-001,MLSignalStrategyV2-V2,EUR/USD.IDEALPRO,IDEALPRO-1-633,EUR/USD.IDEALPRO-MLSignalStrategyV2-V2,IDEALPRO-001,,LIMIT,SELL,100000.00,GTC,True,False,0.00,NO_LIQUIDITY_SIDE,,,,NO_TRIGGER,CANCELED,OUO,OL-20250204-000000-001-V2-211,['O-20250204-000000-001-V2-632'],O-20250204-000000-001-V2-631,,,,['V2_POS1_TP'],8e2159f4-e35e-4c73-bf11-361790bfc6f1,1738627200000000000,1738629480000000000,,,,,1.03364,False,
O-20250204-011500-001-V2-634,BACKTESTER-001,MLSignalStrategyV2-V2,EUR/USD.IDEALPRO,IDEALPRO-1-634,EUR/USD.IDEALPRO-MLSignalStrategyV2-V2,IDEALPRO-001,IDEALPRO-1-66122,MARKET,BUY,100000.00,GTC,False,False,100000.00,TAKER,1.03121,0.0,['2.06 USD'],NO_TRIGGER,FILLED,OTO,OL-20250204-011500-001-V2-212,"['O-20250204-011500-001-V2-635', 'O-20250204-011500-001-V2-636']",,,,,['V2_POS1'],7f834552-eb54-4def-b84a-21fa54631adf,1738631700000000000,1738631700000000000,,,,,,,
O-20250204-011500-001-V2-635,BACKTESTER-001,MLSignalStrategyV2-V2,EUR/USD.IDEALPRO,IDEALPRO-1-635,EUR/USD.IDEALPRO-MLSignalStrategyV2-V2,IDEALPRO-001,,STOP_MARKET,SELL,100000.00,GTC,True,False,0.00,NO_LIQUIDITY_SIDE,,,,NO_TRIGGER,CANCELED,OUO,OL-20250204-011500-001-V2-212,['O-20250204-011500-001-V2-636'],O-20250204-011500-001-V2-634,,,,['V2_POS1_SL'],7db79199-8fa8-4b78-a338-5c7479f87fc2,1738631700000000000,1738633680000000000,1.03055,DEFAULT,,,,,
O-20250204-011500-001-V2-636,BACKTESTER-001,MLSignalStrategyV2-V2,EUR/USD.IDEALPRO,IDEALPRO-1-636,EUR/USD.IDEALPRO-MLSignalStrategyV2-V2,IDEALPRO-001,IDEALPRO-1-66189,LIMIT,SELL,100000.00,GTC,True,False,100000.00,MAKER,1.03194,-9.000000000014552e-05,['2.06 USD'],NO_TRIGGER,FILLED,OUO,OL-20250204-011500-001-V2-212,['O-20250204-011500-001-V2-635'],O-20250204-011500-001-V2-634,,,,['V2_POS1_TP'],cc90492e-f76b-4597-9803-ad64cf074287,1738631700000000000,1738633680000000000,,,,,1.03185,False,
O-20250204-051500-001-V2-637,BACKTESTER-001,MLSignalStrategyV2-V2,EUR/USD.IDEALPRO,IDEALPRO-1-637,EUR/USD.IDEALPRO-MLSignalStrategyV2-V2,IDEALPRO-001,IDEALPRO-1-66604,MARKET,BUY,100000.00,GTC,False,False,100000.00,TAKER,1.02793,0.0,['2.06 USD'],NO_TRIGGER,FILLED,OTO,OL-20250204-051500-001-V2-213,"['O-20250204-051500-001-V2-638', 'O-20250204-051500-001-V2-639']",,,,,['V2_POS1'],b7797840-9347-4dd6-a5ac-007bcc4283d2,1738646100000000000,1738646100000000000,,,,,,,
O-20250204-051500-001-V2-638,BACKTESTER-001,MLSignalStrategyV2-V2,EUR/USD.IDEALPRO,IDEALPRO-1-638,EUR/USD.IDEALPRO-MLSignalStrategyV2-V2,IDEALPRO-001,,STOP_MARKET,SELL,100000.00,GTC,True,False,0.00,NO_LIQUIDITY_SIDE,,,,NO_TRIGGER,CANCELED,OUO,OL-20250204-051500-001-V2-213,['O-20250204-051500-001-V2-639'],O-20250204-051500-001-V2-637,,,,['V2_POS1_SL'],6ecb5638-b7ce-4f8c-8765-67053d13c0fa,1738646100000000000,1738646880000000000,1.02735,DEFAULT,,,,,
O-20250204-051500-001-V2-639,BACKTESTER-001,MLSignalStrategyV2-V2,EUR/USD.IDEALPRO,IDEALPRO-1-639,EUR/USD.IDEALPRO-MLSignalStrategyV2-V2,IDEALPRO-001,IDEALPRO-1-66631,LIMIT,SELL,100000.00,GTC,True,False,100000.00,MAKER,1.02856,-4.999999999988347e-05,['2.06 USD'],NO_TRIGGER,FILLED,OUO,OL-20250204-051500-001-V2-213,['O-20250204-051500-001-V2-638'],O-20250204-051500-001-V2-637,,,,['V2_POS1_TP'],037541ac-b5c1-4e4e-b536-f1afc9107b49,1738646100000000000,1738646880000000000,,,,,1.02851,False,
O-20250204-053000-001-V2-640,BACKTESTER-001,MLSignalStrategyV2-V2,EUR/USD.IDEALPRO,IDEALPRO-1-640,EUR/USD.IDEALPRO-MLSignalStrategyV2-V2,IDEALPRO-001,IDEALPRO-1-66636,MARKET,BUY,100000.00,GTC,False,False,100000.00,TAKER,1.02863,0.0,['2.06 USD'],NO_TRIGGER,FILLED,OTO,OL-20250204-053000-001-V2-214,"['O-20250204-053000-001-V2-641', 'O-20250204-053000-001-V2-642']",,,,,['V2_POS1'],1016d136-a3ae-4bf6-9260-b8df8e6ee5d4,1738647000000000000,1738647000000000000,,,,,,,
O-20250204-053000-001-V2-641,BACKTESTER-001,MLSignalStrategyV2-V2,EUR/USD.IDEALPRO,IDEALPRO-1-641,EUR/USD.IDEALPRO-MLSignalStrategyV2-V2,IDEALPRO-001,,STOP_MARKET,SELL,100000.00,GTC,True,False,0.00,NO_LIQUIDITY_SIDE,,,,NO_TRIGGER,CANCELED,OUO,OL-20250204-053000-001-V2-214,['O-20250204-053000-001-V2-642'],O-20250204-053000-001-V2-640,,,,['V2_POS1_SL'],8a4f1f3e-5c28-4e6d-8292-7760f4b3da98,1738647000000000000,1738647720000000000,1.02789,DEFAULT,,,,,
O-20250204-053000-001-V2-642,BACKTESTER-001,MLSignalStrategyV2-V2,EUR/USD.IDEALPRO,IDEALPRO-1-642,EUR/USD.IDEALPRO-MLSignalStrategyV2-V2,IDEALPRO-001,IDEALPRO-1-66662,LIMIT,SELL,100000.00,GTC,True,False,100000.00,MAKER,1.02937,0.0,['2.06 USD'],NO_TRIGGER,FILLED,OUO,OL-20250204-053000-001-V2-214,['O-20250204-053000-001-V2-641'],O-20250204-053000-001-V2-640,,,,['V2_POS1_TP'],fc4b1fec-8916-452a-b0f3-8dbde16fdf8d,1738647000000000000,1738647720000000000,,,,,1.02937,False,
O-20250204-054500-001-V2-643,BACKTESTER-001,MLSignalStrategyV2-V2,EUR/USD.IDEALPRO,IDEALPRO-1-643,EUR/USD.IDEALPRO-MLSignalStrategyV2-V2,IDEALPRO-001,IDEALPRO-1-66668,MARKET,BUY,100000.00,GTC,False,False,100000.00,TAKER,1.02934,0.0,['2.06 USD'],NO_TRIGGER,FILLED,OTO,OL-20250204-054500-001-V2-215,"['O-20250204-054500-001-V2-644', 'O-20250204-054500-001-V2-645']",,,,,['V2_POS1'],3cb3a95e-e3bc-4173-86cf-f44bddf42ab4,1738647900000000000,1738647900000000000,,,,,,,
O-20250204-054500-001-V2-644,BACKTESTER-001,MLSignalStrategyV2-V2,EUR/USD.IDEALPRO,IDEALPRO-1-644,EUR/USD.IDEALPRO-MLSignalStrategyV2-V2,IDEALPRO-001,,STOP_MARKET,SELL,100000.00,GTC,True,False,0.00,NO_LIQUIDITY_SIDE,,,,NO_TRIGGER,CANCELED,OUO,OL-20250204-054500-001-V2-215,['O-20250204-054500-001-V2-645'],O-20250204-054500-001-V2-643,,,,['V2_POS1_SL'],7d9fcf17-f440-4ad2-bb1e-ffbfc98d69a7,1738647900000000000,1738651980000000000,1.02859,DEFAULT,,,,,
O-20250204-054500-001-V2-645,BACKTESTER-001,MLSignalStrategyV2-V2,EUR/USD.IDEALPRO,IDEALPRO-1-645,EUR/USD.IDEALPRO-MLSignalStrategyV2-V2,IDEALPRO-001,IDEALPRO-1-66805,LIMIT,SELL,100000.00,GTC,True,False,100000.00,MAKER,1.03022,-0.00012999999999996348,['2.06 USD'],NO_TRIGGER,FILLED,OUO,OL-20250204-054500-001-V2-215,['O-20250204-054500-001-V2-644'],O-20250204-054500-001-V2-643,,,,['V2_POS1_TP'],9804011c-2e10-47fe-b50b-89cfafb7a6a4,1738647900000000000,1738651980000000000,,,,,1.03009,False,
O-20250204-083000-001-V2-646,BACKTESTER-001,MLSignalStrategyV2-V2,EUR/USD.IDEALPRO,IDEALPRO-1-646,EUR/USD.IDEALPRO-MLSignalStrategyV2-V2,IDEALPRO-001,IDEALPRO-1-67001,MARKET,BUY,100000.00,GTC,False,False,100000.00,TAKER,1.03319,0.0,['2.07 USD'],NO_TRIGGER,FILLED,OTO,OL-20250204-083000-001-V2-216,"['O-20250204-083000-001-V2-647', 'O-20250204-083000-001-V2-648']",,,,,['V2_POS1'],215ec4ea-e4f4-48e2-b2cf-19e72ec85ed0,1738657800000000000,1738657800000000000,,,,,,,
O-20250204-083000-001-V2-647,BACKTESTER-001,MLSignalStrategyV2-V2,EUR/USD.IDEALPRO,IDEALPRO-1-647,EUR/USD.IDEALPRO-MLSignalStrategyV2-V2,IDEALPRO-001,IDEALPRO-1-67017,STOP_MARKET,SELL,100000.00,GTC,True,False,100000.00,TAKER,1.03239,7.00000000000145e-05,['2.06 USD'],NO_TRIGGER,FILLED,OUO,OL-20250204-083000-001-V2-216,['O-20250204-083000-001-V2-648'],O-20250204-083000-001-V2-646,,,,['V2_POS1_SL'],9fb2a0ee-c374-4c3a-89b9-633afb004521,1738657800000000000,1738658280000000000,1.03246,DEFAULT,,,,,
O-20250204-083000-001-V2-648,BACKTESTER-001,MLSignalStrategyV2-V2,EUR/USD.IDEALPRO,IDEALPRO-1-648,EUR/USD.IDEALPRO-MLSignalStrategyV2-V2,IDEALPRO-001,,LIMIT,SELL,100000.00,GTC,True,False,0.00,NO_LIQUIDITY_SIDE,,,,NO_TRIGGER,CANCELED,OUO,OL-20250204-083000-001-V2-216,['O-20250204-083000-001-V2-647'],O-20250204-083000-001-V2-646,,,,['V2_POS1_TP'],ddef6a78-e879-4e6c-89a4-bb169b9b1df6,1738657800000000000,1738658280000000000,,,,,1.03392,False,
O-20250204-084500-001-V2-649,BACKTESTER-001,MLSignalStrategyV2-V2,EUR/USD.IDEALPRO,IDEALPRO-1-649,EUR/USD.IDEALPRO-MLSignalStrategyV2-V2,IDEALPRO-001,IDEALPRO-1-67032,MARKET,BUY,100000.00,GTC,False,False,100000.00,TAKER,1.03302,0.0,['2.07 USD'],NO_TRIGGER,FILLED,OTO,OL-20250204-084500-001-V2-217,"['O-20250204-084500-001-V2-650', 'O-20250204-084500-001-V2-651']",,,,,['V2_POS1'],c1246458-a9a4-4738-926b-3d13e0d6ca6a,1738658700000000000,1738658700000000000,,,,,,,
O-20250204-084500-001-V2-650,BACKTESTER-001,MLSignalStrategyV2-V2,EUR/USD.IDEALPRO,IDEALPRO-1-650,EUR/USD.IDEALPRO-MLSignalStrategyV2-V2,IDEALPRO-001,,STOP_MARKET,SELL,100000.00,GTC,True,False,0.00,NO_LIQUIDITY_SIDE,,,,NO_TRIGGER,CANCELED,OUO,OL-20250204-084500-001-V2-217,['O-20250204-084500-001-V2-651'],O-20250204-084500-001-V2-649,,,,['V2_POS1_SL'],1e180753-2f6f-4ada-a8b8-fde4a232f45f,1738658700000000000,1738659660000000000,1.03230,DEFAULT,,,,,
O-20250204-084500-001-V2-651,BACKTESTER-001,MLSignalStrategyV2-V2,EUR/USD.IDEALPRO,IDEALPRO-1-651,EUR/USD.IDEALPRO-MLSignalStrategyV2-V2,IDEALPRO-001,IDEALPRO-1-67065,LIMIT,SELL,100000.00,GTC,True,False,100000.00,MAKER,1.03381,-6.999999999979245e-05,['2.07 USD'],NO_TRIGGER,FILLED,OUO,OL-20250204-084500-001-V2-217,['O-20250204-084500-001-V2-650'],O-20250204-084500-001-V2-649,,,,['V2_POS1_TP'],a44e72af-112c-4883-bf81-ea2befd6d485,1738658700000000000,1738659660000000000,,,,,1.03374,False,
O-20250204-091500-001-V2-652,BACKTESTER-001,MLSignalStrategyV2-V2,EUR/USD.IDEALPRO,IDEALPRO-1-652,EUR/USD.IDEALPRO-MLSignalStrategyV2-V2,IDEALPRO-001,IDEALPRO-1-67094,MARKET,SELL,100000.00,GTC,False,False,100000.00,TAKER,1.03421,0.0,['2.07 USD'],NO_TRIGGER,FILLED,OTO,OL-20250204-091500-001-V2-218,"['O-20250204-091500-001-V2-653', 'O-20250204-091500-001-V2-654']",,,,,['V2_POS1'],fa1577da-1c35-43ee-b3cd-7038ddf078de,1738660500000000000,1738660500000000000,,,,,,,
O-20250204-091500-001-V2-653,BACKTESTER-001,MLSignalStrategyV2-V2,EUR/USD.IDEALPRO,IDEALPRO-1-653,EUR/USD.IDEALPRO-MLSignalStrategyV2-V2,IDEALPRO-001,,STOP_MARKET,BUY,100000.00,GTC,True,False,0.00,NO_LIQUIDITY_SIDE,,,,NO_TRIGGER,CANCELED,OUO,OL-20250204-091500-001-V2-218,['O-20250204-091500-001-V2-654'],O-20250204-091500-001-V2-652,,,,['V2_POS1_SL'],d3674783-a099-4544-af9a-ee0fe727c162,1738660500000000000,1738665060000000000,1.03499,DEFAULT,,,,,
O-20250204-091500-001-V2-654,BACKTESTER-001,MLSignalStrategyV2-V2,EUR/USD.IDEALPRO,IDEALPRO-1-654,EUR/USD.IDEALPRO-MLSignalStrategyV2-V2,IDEALPRO-001,IDEALPRO-1-67247,LIMIT,BUY,100000.00,GTC,True,False,100000.00,MAKER,1.03336,-7.00000000000145e-05,['2.07 USD'],NO_TRIGGER,FILLED,OUO,OL-20250204-091500-001-V2-218,['O-20250204-091500-001-V2-653'],O-20250204-091500-001-V2-652,,,,['V2_POS1_TP'],c1069754-14a3-42cf-9603-0e5e7e04dbef,1738660500000000000,1738665060000000000,,,,,1.03343,False,
O-20250204-184500-001-V2-655,BACKTESTER-001,MLSignalStrategyV2-V2,EUR/USD.IDEALPRO,IDEALPRO-1-655,EUR/USD.IDEALPRO-MLSignalStrategyV2-V2,IDEALPRO-001,IDEALPRO-1-68237,MARKET,SELL,100000.00,GTC,False,False,100000.00,TAKER,1.03854,0.0,['2.08 USD'],NO_TRIGGER,FILLED,OTO,OL-20250204-184500-001-V2-219,"['O-20250204-184500-001-V2-656', 'O-20250204-184500-001-V2-657']",,,,,['V2_POS1'],8b9def95-461d-4fe8-86d1-655418832aba,1738694700000000000,1738694700000000000,,,,,,,
O-20250204-184500-001-V2-656,BACKTESTER-001,MLSignalStrategyV2-V2,EUR/USD.IDEALPRO,IDEALPRO-1-656,EUR/USD.IDEALPRO-MLSignalStrategyV2-V2,IDEALPRO-001,,STOP_MARKET,BUY,100000.00,GTC,True,False,0.00,NO_LIQUIDITY_SIDE,,,,NO_TRIGGER,CANCELED,OUO,OL-20250204-184500-001-V2-219,['O-20250204-184500-001-V2-657'],O-20250204-184500-001-V2-655,,,,['V2_POS1_SL'],921499ee-8b57-4fab-b3c1-cc94d5091fd5,1738694700000000000,1738696620000000000,1.03923,DEFAULT,,,,,
O-20250204-184500-001-V2-657,BACKTESTER-001,MLSignalStrategyV2-V2,EUR/USD.IDEALPRO,IDEALPRO-1-657,EUR/USD.IDEALPRO-MLSignalStrategyV2-V2,IDEALPRO-001,IDEALPRO-1-68301,LIMIT,BUY,100000.00,GTC,True,False,100000.00,MAKER,1.03785,0.0,['2.08 USD'],NO_TRIGGER,FILLED,OUO,OL-20250204-184500-001-V2-219,['O-20250204-184500-001-V2-656'],O-20250204-184500-001-V2-655,,,,['V2_POS1_TP'],dbfb9915-f169-47ce-afc5-d989e5f0abf0,1738694700000000000,1738696620000000000,,,,,1.03785,False,
O-20250204-211500-001-V2-658,BACKTESTER-001,MLSignalStrategyV2-V2,EUR/USD.IDEALPRO,IDEALPRO-1-658,EUR/USD.IDEALPRO-MLSignalStrategyV2-V2,IDEALPRO-001,IDEALPRO-1-68539,MARKET,BUY,100000.00,GTC,False,False,100000.00,TAKER,1.03833,0.0,['2.08 USD'],NO_TRIGGER,FILLED,OTO,OL-20250204-211500-001-V2-220,"['O-20250204-211500-001-V2-659', 'O-20250204-211500-001-V2-660']",,,,,['V2_POS1'],31cb9760-cb42-4220-9270-a08d89c87fc7,1738703700000000000,1738703700000000000,,,,,,,
O-20250204-211500-001-V2-659,BACKTESTER-001,MLSignalStrategyV2-V2,EUR/USD.IDEALPRO,IDEALPRO-1-659,EUR/USD.IDEALPRO-MLSignalStrategyV2-V2,IDEALPRO-001,IDEALPRO-1-68559,STOP_MARKET,SELL,100000.00,GTC,True,False,100000.00,TAKER,1.03783,4.0000000000040004e-05,['2.08 USD'],NO_TRIGGER,FILLED,OUO,OL-20250204-211500-001-V2-220,['O-20250204-211500-001-V2-660'],O-20250204-211500-001-V2-658,,,,['V2_POS1_SL'],67362a94-06e8-4078-b7ae-91d1550c28c9,1738703700000000000,1738704300000000000,1.03787,DEFAULT,,,,,
O-20250204-211500-001-V2-660,BACKTESTER-001,MLSignalStrategyV2-V2,EUR/USD.IDEALPRO,IDEALPRO-1-660,EUR/USD.IDEALPRO-MLSignalStrategyV2-V2,IDEALPRO-001,,LIMIT,SELL,100000.00,GTC,True,False,0.00,NO_LIQUIDITY_SIDE,,,,NO_TRIGGER,CANCELED,OUO,OL-20250204-211500-001-V2-220,['O-20250204-211500-001-V2-659'],O-20250204-211500-001-V2-658,,,,['V2_POS1_TP'],fe03aed0-362f-4476-b44a-588bce1e4f18,1738703700000000000,1738704300000000000,,,,,1.03877,False,
O-20250205-031500-001-V2-661,BACKTESTER-001,MLSignalStrategyV2-V2,EUR/USD.IDEALPRO,IDEALPRO-1-661,EUR/USD.IDEALPRO-MLSignalStrategyV2-V2,IDEALPRO-001,IDEALPRO-1-69230,MARKET,SELL,100000.00,GTC,False,False,100000.00,TAKER,1.03817,0.0,['2.08 USD'],NO_TRIGGER,FILLED,OTO,OL-20250205-031500-001-V2-221,"['O-20250205-031500-001-V2-662', 'O-20250205-031500-001-V2-663']",,,,,['V2_POS1'],06f0823e-d7e7-4566-896e-198ec283f04e,1738725300000000000,1738725300000000000,,,,,,,
O-20250205-031500-001-V2-662,BACKTESTER-001,MLSignalStrategyV2-V2,EUR/USD.IDEALPRO,IDEALPRO-1-662,EUR/USD.IDEALPRO-MLSignalStrategyV2-V2,IDEALPRO-001,,STOP_MARKET,BUY,100000.00,GTC,True,False,0.00,NO_LIQUIDITY_SIDE,,,,NO_TRIGGER,CANCELED,OUO,OL-20250205-031500-001-V2-221,['O-20250205-031500-001-V2-663'],O-20250205-031500-001-V2-661,,,,['V2_POS1_SL'],a7c0be42-a7a9-447f-b163-f1d577e816d7,1738725300000000000,1738730280000000000,1.03860,DEFAULT,,,,,
O-20250205-031500-001-V2-663,BACKTESTER-001,MLSignalStrategyV2-V2,EUR/USD.IDEALPRO,IDEALPRO-1-663,EUR/USD.IDEALPRO-MLSignalStrategyV2-V2,IDEALPRO-001,IDEALPRO-1-69397,LIMIT,BUY,100000.00,GTC,True,False,100000.00,MAKER,1.03773,-1.0000000000065512e-05,['2.08 USD'],NO_TRIGGER,FILLED,OUO,OL-20250205-031500-001-V2-221,['O-20250205-031500-001-V2-662'],O-20250205-031500-001-V2-661,,,,['V2_POS1_TP'],d59a6491-dec7-42d9-94d6-b81678cb4204,1738725300000000000,1738730280000000000,,,,,1.03774,False,
O-20250205-044500-001-V2-664,BACKTESTER-001,MLSignalStrategyV2-V2,EUR/USD.IDEALPRO,IDEALPRO-1-664,EUR/USD.IDEALPRO-MLSignalStrategyV2-V2,IDEALPRO-001,IDEALPRO-1-69412,MARKET,BUY,100000.00,GTC,False,False,100000.00,TAKER,1.03781,0.0,['2.08 USD'],NO_TRIGGER,FILLED,OTO,OL-20250205-044500-001-V2-222,"['O-20250205-044500-001-V2-665', 'O-20250205-044500-001-V2-666']",,,,,['V2_POS1'],2891d784-a0ff-485f-aaf3-ead6f3927f6c,1738730700000000000,1738730700000000000,,,,,,,
O-20250205-044500-001-V2-665,BACKTESTER-001,MLSignalStrategyV2-V2,EUR/USD.IDEALPRO,IDEALPRO-1-665,EUR/USD.IDEALPRO-MLSignalStrategyV2-V2,IDEALPRO-001,IDEALPRO-1-69455,STOP_MARKET,SELL,100000.00,GTC,True,False,100000.00,TAKER,1.03741,4.0000000000040004e-05,['2.07 USD'],NO_TRIGGER,FILLED,OUO,OL-20250205-044500-001-V2-222,['O-20250205-044500-001-V2-666'],O-20250205-044500-001-V2-664,,,,['V2_POS1_SL'],9e510719-fd06-46a1-ab0a-fa376852fb2c,1738730700000000000,1738731960000000000,1.03745,DEFAULT,,,,,
O-20250205-044500-001-V2-666,BACKTESTER-001,MLSignalStrategyV2-V2,EUR/USD.IDEALPRO,IDEALPRO-1-666,EUR/USD.IDEALPRO-MLSignalStrategyV2-V2,IDEALPRO-001,,LIMIT,SELL,100000.00,GTC,True,False,0.00,NO_LIQUIDITY_SIDE,,,,NO_TRIGGER,CANCELED,OUO,OL-20250205-044500-001-V2-222,['O-20250205-044500-001-V2-665'],O-20250205-044500-001-V2-664,,,,['V2_POS1_TP'],76661250-5851-489b-a350-523d00532a73,1738730700000000000,1738731960000000000,,,,,1.03817,False,
O-20250205-051500-001-V2-667,BACKTESTER-001,MLSignalStrategyV2-V2,EUR/USD.IDEALPRO,IDEALPRO-1-667,EUR/USD.IDEALPRO-MLSignalStrategyV2-V2,IDEALPRO-001,IDEALPRO-1-69475,MARKET,BUY,100000.00,GTC,False,False,100000.00,TAKER,1.03753,0.0,['2.08 USD'],NO_TRIGGER,FILLED,OTO,OL-20250205-051500-001-V2-223,"['O-20250205-051500-001-V2-668', 'O-20250205-051500-001-V2-669']",,,,,['V2_POS1'],12227713-1470-47b2-be27-42224c22ac80,1738732500000000000,1738732500000000000,,,,,,,
O-20250205-051500-001-V2-668,BACKTESTER-001,MLSignalStrategyV2-V2,EUR/USD.IDEALPRO,IDEALPRO-1-668,EUR/USD.IDEALPRO-MLSignalStrategyV2-V2,IDEALPRO-001,,STOP_MARKET,SELL,100000.00,GTC,True,False,0.00,NO_LIQUIDITY_SIDE,,,,NO_TRIGGER,CANCELED,OUO,OL-20250205-051500-001-V2-223,['O-20250205-051500-001-V2-669'],O-20250205-051500-001-V2-667,,,,['V2_POS1_SL'],6a32518f-79b2-4008-85e3-bb1f9357c6b3,1738732500000000000,1738735860000000000,1.03718,DEFAULT,,,,,
O-20250205-051500-001-V2-669,BACKTESTER-001,MLSignalStrategyV2-V2,EUR/USD.IDEALPRO,IDEALPRO-1-669,EUR/USD.IDEALPRO-MLSignalStrategyV2-V2,IDEALPRO-001,IDEALPRO-1-69587,LIMIT,SELL,100000.00,GTC,True,False,100000.00,MAKER,1.03793,-7.00000000000145e-05,['2.08 USD'],NO_TRIGGER,FILLED,OUO,OL-20250205-051500-001-V2-223,['O-20250205-051500-001-V2-668'],O-20250205-051500-001-V2-667,,,,['V2_POS1_TP'],6c03d338-1d4a-40c0-a59f-22ed561ff17a,1738732500000000000,1738735860000000000,,,,,1.03786,False,
O-20250205-123000-001-V2-670,BACKTESTER-001,MLSignalStrategyV2-V2,EUR/USD.IDEALPRO,IDEALPRO-1-670,EUR/USD.IDEALPRO-MLSignalStrategyV2-V2,IDEALPRO-001,IDEALPRO-1-70347,MARKET,SELL,100000.00,GTC,False,False,100000.00,TAKER,1.04153,0.0,['2.08 USD'],NO_TRIGGER,FILLED,OTO,OL-20250205-123000-001-V2-224,"['O-20250205-123000-001-V2-671', 'O-20250205-123000-001-V2-672']",,,,,['V2_POS1'],992ca9b8-b34e-4cce-b159-d8d92e18809f,1738758600000000000,1738758600000000000,,,,,,,
O-20250205-123000-001-V2-671,BACKTESTER-001,MLSignalStrategyV2-V2,EUR/USD.IDEALPRO,IDEALPRO-1-671,EUR/USD.IDEALPRO-MLSignalStrategyV2-V2,IDEALPRO-001,IDEALPRO-1-70401,STOP_MARKET,BUY,100000.00,GTC,True,False,100000.00,TAKER,1.0422,9.999999999998899e-05,['2.08 USD'],NO_TRIGGER,FILLED,OUO,OL-20250205-123000-001-V2-224,['O-20250205-123000-001-V2-672'],O-20250205-123000-001-V2-670,,,,['V2_POS1_SL'],2733eb65-4654-4a5f-9210-d817758577a4,1738758600000000000,1738760220000000000,1.04210,DEFAULT,,,,,
O-20250205-123000-001-V2-672,BACKTESTER-001,MLSignalStrategyV2-V2,EUR/USD.IDEALPRO,IDEALPRO-1-672,EUR/USD.IDEALPRO-MLSignalStrategyV2-V2,IDEALPRO-001,,LIMIT,BUY,100000.00,GTC,True,False,0.00,NO_LIQUIDITY_SIDE,,,,NO_TRIGGER,CANCELED,OUO,OL-20250205-123000-001-V2-224,['O-20250205-123000-001-V2-671'],O-20250205-123000-001-V2-670,,,,['V2_POS1_TP'],a848b714-1d71-4c01-871b-6706a9cb463a,1738758600000000000,1738760220000000000,,,,,1.04098,False,
O-20250205-154500-001-V2-673,BACKTESTER-001,MLSignalStrategyV2-V2,EUR/USD.IDEALPRO,IDEALPRO-1-673,EUR/USD.IDEALPRO-MLSignalStrategyV2-V2,IDEALPRO-001,IDEALPRO-1-70739,MARKET,SELL,100000.00,GTC,False,False,100000.00,TAKER,1.04177,0.0,['2.08 USD'],NO_TRIGGER,FILLED,OTO,OL-20250205-154500-001-V2-225,"['O-20250205-154500-001-V2-674', 'O-20250205-154500-001-V2-675']",,,,,['V2_POS1'],6e45e8bd-1eb8-49c4-a401-3bb11a98168c,1738770300000000000,1738770300000000000,,,,,,,
O-20250205-154500-001-V2-674,BACKTESTER-001,MLSignalStrategyV2-V2,EUR/USD.IDEALPRO,IDEALPRO-1-674,EUR/USD.IDEALPRO-MLSignalStrategyV2-V2,IDEALPRO-001,,STOP_MARKET,BUY,100000.00,GTC,True,False,0.00,NO_LIQUIDITY_SIDE,,,,NO_TRIGGER,CANCELED,OUO,OL-20250205-154500-001-V2-225,['O-20250205-154500-001-V2-675'],O-20250205-154500-001-V2-673,,,,['V2_POS1_SL'],88fe3ec1-877b-4119-a003-4903131bddb2,1738770300000000000,1738784220000000000,1.04263,DEFAULT,,,,,
O-20250205-154500-001-V2-675,BACKTESTER-001,MLSignalStrategyV2-V2,EUR/USD.IDEALPRO,IDEALPRO-1-675,EUR/USD.IDEALPRO-MLSignalStrategyV2-V2,IDEALPRO-001,IDEALPRO-1-71203,LIMIT,BUY,100000.00,GTC,True,False,100000.00,MAKER,1.04087,-4.0000000000040004e-05,['2.08 USD'],NO_TRIGGER,FILLED,OUO,OL-20250205-154500-001-V2-225,['O-20250205-154500-001-V2-674'],O-20250205-154500-001-V2-673,,,,['V2_POS1_TP'],fd065cf4-b822-4614-84ec-716d80b51da6,1738770300000000000,1738784220000000000,,,,,1.04091,False,
O-20250205-223000-001-V2-676,BACKTESTER-001,MLSignalStrategyV2-V2,EUR/USD.IDEALPRO,IDEALPRO-1-676,EUR/USD.IDEALPRO-MLSignalStrategyV2-V2,IDEALPRO-001,IDEALPRO-1-71520,MARKET,SELL,100000.00,GTC,False,False,100000.00,TAKER,1.0404,0.0,['2.08 USD'],NO_TRIGGER,FILLED,OTO,OL-20250205-223000-001-V2-226,"['O-20250205-223000-001-V2-677', 'O-20250205-223000-001-V2-678']",,,,,['V2_POS1'],ee153b13-2459-4c05-909b-5be05d042d6c,1738794600000000000,1738794600000000000,,,,,,,
O-20250205-223000-001-V2-677,BACKTESTER-001,MLSignalStrategyV2-V2,EUR/USD.IDEALPRO,IDEALPRO-1-677,EUR/USD.IDEALPRO-MLSignalStrategyV2-V2,IDEALPRO-001,,STOP_MARKET,BUY,100000.00,GTC,True,False,0.00,NO_LIQUIDITY_SIDE,,,,NO_TRIGGER,CANCELED,OUO,OL-20250205-223000-001-V2-226,['O-20250205-223000-001-V2-678'],O-20250205-223000-001-V2-676,,,,['V2_POS1_SL'],430ed32d-74fc-4a51-82ee-bf16b3bb5e75,1738794600000000000,1738796580000000000,1.04081,DEFAULT,,,,,
O-20250205-223000-001-V2-678,BACKTESTER-001,MLSignalStrategyV2-V2,EUR/USD.IDEALPRO,IDEALPRO-1-678,EUR/USD.IDEALPRO-MLSignalStrategyV2-V2,IDEALPRO-001,IDEALPRO-1-71587,LIMIT,BUY,100000.00,GTC,True,False,100000.00,MAKER,1.04001,0.0,['2.08 USD'],NO_TRIGGER,FILLED,OUO,OL-20250205-223000-001-V2-226,['O-20250205-223000-001-V2-677'],O-20250205-223000-001-V2-676,,,,['V2_POS1_TP'],39c22c55-dda6-4cc7-b026-0caa6b671f53,1738794600000000000,1738796580000000000,,,,,1.04001,False,
O-20250206-001500-001-V2-679,BACKTESTER-001,MLSignalStrategyV2-V2,EUR/USD.IDEALPRO,IDEALPRO-1-679,EUR/USD.IDEALPRO-MLSignalStrategyV2-V2,IDEALPRO-001,IDEALPRO-1-71732,MARKET,SELL,100000.00,GTC,False,False,100000.00,TAKER,1.04019,0.0,['2.08 USD'],NO_TRIGGER,FILLED,OTO,OL-20250206-001500-001-V2-227,"['O-20250206-001500-001-V2-680', 'O-20250206-001500-001-V2-681']",,,,,['V2_POS1'],26e0739c-ddea-4317-b49d-c80ad69f8820,1738800900000000000,1738800900000000000,,,,,,,
O-20250206-001500-001-V2-680,BACKTESTER-001,MLSignalStrategyV2-V2,EUR/USD.IDEALPRO,IDEALPRO-1-680,EUR/USD.IDEALPRO-MLSignalStrategyV2-V2,IDEALPRO-001,,STOP_MARKET,BUY,100000.00,GTC,True,False,0.00,NO_LIQUIDITY_SIDE,,,,NO_TRIGGER,CANCELED,OUO,OL-20250206-001500-001-V2-227,['O-20250206-001500-001-V2-681'],O-20250206-001500-001-V2-679,,,,['V2_POS1_SL'],584bc9f4-6312-45a8-8c22-1623b4fd7ce6,1738800900000000000,1738801260000000000,1.04061,DEFAULT,,,,,
O-20250206-001500-001-V2-681,BACKTESTER-001,MLSignalStrategyV2-V2,EUR/USD.IDEALPRO,IDEALPRO-1-681,EUR/USD.IDEALPRO-MLSignalStrategyV2-V2,IDEALPRO-001,IDEALPRO-1-71745,LIMIT,BUY,100000.00,GTC,True,False,100000.00,MAKER,1.03971,-8.000000000008001e-05,['2.08 USD'],NO_TRIGGER,FILLED,OUO,OL-20250206-001500-001-V2-227,['O-20250206-001500-001-V2-680'],O-20250206-001500-001-V2-679,,,,['V2_POS1_TP'],65f7b824-b264-43c0-9d74-88cdcc86e26e,1738800900000000000,1738801260000000000,,,,,1.03979,False,
O-20250206-010000-001-V2-682,BACKTESTER-001,MLSignalStrategyV2-V2,EUR/USD.IDEALPRO,IDEALPRO-1-682,EUR/USD.IDEALPRO-MLSignalStrategyV2-V2,IDEALPRO-001,IDEALPRO-1-71825,MARKET,SELL,100000.00,GTC,False,False,100000.00,TAKER,1.03975,0.0,['2.08 USD'],NO_TRIGGER,FILLED,OTO,OL-20250206-010000-001-V2-228,"['O-20250206-010000-001-V2-683', 'O-20250206-010000-001-V2-684']",,,,,['V2_POS1'],eb7b69d5-137f-4f55-8ce9-0d762f5296da,1738803600000000000,1738803600000000000,,,,,,,
O-20250206-010000-001-V2-683,BACKTESTER-001,MLSignalStrategyV2-V2,EUR/USD.IDEALPRO,IDEALPRO-1-683,EUR/USD.IDEALPRO-MLSignalStrategyV2-V2,IDEALPRO-001,IDEALPRO-1-71859,STOP_MARKET,BUY,100000.00,GTC,True,False,100000.00,TAKER,1.04014,1.0000000000065512e-05,['2.08 USD'],NO_TRIGGER,FILLED,OUO,OL-20250206-010000-001-V2-228,['O-20250206-010000-001-V2-684'],O-20250206-010000-001-V2-682,,,,['V2_POS1_SL'],1e9587d4-a59d-4114-aee6-87b0f7ef0786,1738803600000000000,1738804620000000000,1.04013,DEFAULT,,,,,
O-20250206-010000-001-V2-684,BACKTESTER-001,MLSignalStrategyV2-V2,EUR/USD.IDEALPRO,IDEALPRO-1-684,EUR/USD.IDEALPRO-MLSignalStrategyV2-V2,IDEALPRO-001,,LIMIT,BUY,100000.00,GTC,True,False,0.00,NO_LIQUIDITY_SIDE,,,,NO_TRIGGER,CANCELED,OUO,OL-20250206-010000-001-V2-228,['O-20250206-010000-001-V2-683'],O-20250206-010000-001-V2-682,,,,['V2_POS1_TP'],10deca68-d745-4368-a8ac-592e503b57b1,1738803600000000000,1738804620000000000,,,,,1.03937,False,
O-20250206-041500-001-V2-685,BACKTESTER-001,MLSignalStrategyV2-V2,EUR/USD.IDEALPRO,IDEALPRO-1-685,EUR/USD.IDEALPRO-MLSignalStrategyV2-V2,IDEALPRO-001,IDEALPRO-1-72216,MARKET,BUY,100000.00,GTC,False,False,100000.00,TAKER,1.03923,0.0,['2.08 USD'],NO_TRIGGER,FILLED,OTO,OL-20250206-041500-001-V2-229,"['O-20250206-041500-001-V2-686', 'O-20250206-041500-001-V2-687']",,,,,['V2_POS1'],fe52df97-d1bb-46ff-9dc4-586e476be57e,1738815300000000000,1738815300000000000,,,,,,,
O-20250206-041500-001-V2-686,BACKTESTER-001,MLSignalStrategyV2-V2,EUR/USD.IDEALPRO,IDEALPRO-1-686,EUR/USD.IDEALPRO-MLSignalStrategyV2-V2,IDEALPRO-001,IDEALPRO-1-72267,STOP_MARKET,SELL,100000.00,GTC,True,False,100000.00,TAKER,1.0388,9.999999999998899e-05,['2.08 USD'],NO_TRIGGER,FILLED,OUO,OL-20250206-041500-001-V2-229,['O-20250206-041500-001-V2-687'],O-20250206-041500-001-V2-685,,,,['V2_POS1_SL'],26c9481e-16c2-45ad-8a1e-331186960f07,1738815300000000000,1738816800000000000,1.03890,DEFAULT,,,,,
O-20250206-041500-001-V2-687,BACKTESTER-001,MLSignalStrategyV2-V2,EUR/USD.IDEALPRO,IDEALPRO-1-687,EUR/USD.IDEALPRO-MLSignalStrategyV2-V2,IDEALPRO-001,,LIMIT,SELL,100000.00,GTC,True,False,0.00,NO_LIQUIDITY_SIDE,,,,NO_TRIGGER,CANCELED,OUO,OL-20250206-041500-001-V2-229,['O-20250206-041500-001-V2-686'],O-20250206-041500-001-V2-685,,,,['V2_POS1_TP'],5a7696a5-80f7-432c-b01c-4746b1421e7f,1738815300000000000,1738816800000000000,,,,,1.03954,False,
O-20250206-110000-001-V2-688,BACKTESTER-001,MLSignalStrategyV2-V2,EUR/USD.IDEALPRO,IDEALPRO-1-688,EUR/USD.IDEALPRO-MLSignalStrategyV2-V2,IDEALPRO-001,IDEALPRO-1-73028,MARKET,SELL,100000.00,GTC,False,False,100000.00,TAKER,1.03625,0.0,['2.07 USD'],NO_TRIGGER,FILLED,OTO,OL-20250206-110000-001-V2-230,"['O-20250206-110000-001-V2-689', 'O-20250206-110000-001-V2-690']",,,,,['V2_POS1'],591fbcd3-85a6-4035-8737-59bdae41f4c4,1738839600000000000,1738839600000000000,,,,,,,
O-20250206-110000-001-V2-689,BACKTESTER-001,MLSignalStrategyV2-V2,EUR/USD.IDEALPRO,IDEALPRO-1-689,EUR/USD.IDEALPRO-MLSignalStrategyV2-V2,IDEALPRO-001,,STOP_MARKET,BUY,100000.00,GTC,True,False,0.00,NO_LIQUIDITY_SIDE,,,,NO_TRIGGER,CANCELED,OUO,OL-20250206-110000-001-V2-230,['O-20250206-110000-001-V2-690'],O-20250206-110000-001-V2-688,,,,['V2_POS1_SL'],e62e9324-09cf-42c0-bdb9-af072ed92e53,1738839600000000000,1738843260000000000,1.03682,DEFAULT,,,,,
O-20250206-110000-001-V2-690,BACKTESTER-001,MLSignalStrategyV2-V2,EUR/USD.IDEALPRO,IDEALPRO-1-690,EUR/USD.IDEALPRO-MLSignalStrategyV2-V2,IDEALPRO-001,IDEALPRO-1-73151,LIMIT,BUY,100000.00,GTC,True,False,100000.00,MAKER,1.03558,-9.999999999998899e-05,['2.07 USD'],NO_TRIGGER,FILLED,OUO,OL-20250206-110000-001-V2-230,['O-20250206-110000-001-V2-689'],O-20250206-110000-001-V2-688,,,,['V2_POS1_TP'],720bcd34-5691-49b6-af9f-fe1d7cedf8fd,1738839600000000000,1738843260000000000,,,,,1.03568,False,
O-20250206-141500-001-V2-691,BACKTESTER-001,MLSignalStrategyV2-V2,EUR/USD.IDEALPRO,IDEALPRO-1-691,EUR/USD.IDEALPRO-MLSignalStrategyV2-V2,IDEALPRO-001,IDEALPRO-1-73420,MARKET,SELL,100000.00,GTC,False,False,100000.00,TAKER,1.03662,0.0,['2.07 USD'],NO_TRIGGER,FILLED,OTO,OL-20250206-141500-001-V2-231,"['O-20250206-141500-001-V2-692', 'O-20250206-141500-001-V2-693']",,,,,['V2_POS1'],53308ab3-1522-4503-8948-75dde7206549,1738851300000000000,1738851300000000000,,,,,,,
O-20250206-141500-001-V2-692,BACKTESTER-001,MLSignalStrategyV2-V2,EUR/USD.IDEALPRO,IDEALPRO-1-692,EUR/USD.IDEALPRO-MLSignalStrategyV2-V2,IDEALPRO-001,IDEALPRO-1-73465,STOP_MARKET,BUY,100000.00,GTC,True,False,100000.00,TAKER,1.03722,5.0000000000105516e-05,['2.07 USD'],NO_TRIGGER,FILLED,OUO,OL-20250206-141500-001-V2-231,['O-20250206-141500-001-V2-693'],O-20250206-141500-001-V2-691,,,,['V2_POS1_SL'],60e21665-ccf4-44b1-9a05-7e850606355e,1738851300000000000,1738852620000000000,1.03717,DEFAULT,,,,,
O-20250206-141500-001-V2-693,BACKTESTER-001,MLSignalStrategyV2-V2,EUR/USD.IDEALPRO,IDEALPRO-1-693,EUR/USD.IDEALPRO-MLSignalStrategyV2-V2,IDEALPRO-001,,LIMIT,BUY,100000.00,GTC,True,False,0.00,NO_LIQUIDITY_SIDE,,,,NO_TRIGGER,CANCELED,OUO,OL-20250206-141500-001-V2-231,['O-20250206-141500-001-V2-692'],O-20250206-141500-001-V2-691,,,,['V2_POS1_TP'],e78df04a-2f36-48d6-bc8b-bd7c11bc1dc2,1738851300000000000,1738852620000000000,,,,,1.03607,False,
O-20250207-084500-001-V2-694,BACKTESTER-001,MLSignalStrategyV2-V2,EUR/USD.IDEALPRO,IDEALPRO-1-694,EUR/USD.IDEALPRO-MLSignalStrategyV2-V2,IDEALPRO-001,IDEALPRO-1-75612,MARKET,SELL,100000.00,GTC,False,False,100000.00,TAKER,1.03984,0.0,['2.08 USD'],NO_TRIGGER,FILLED,OTO,OL-20250207-084500-001-V2-232,"['O-20250207-084500-001-V2-695', 'O-20250207-084500-001-V2-696']",,,,,['V2_POS1'],4f263a9b-b877-4f16-a7e4-137a45ebdfc3,1738917900000000000,1738917900000000000,,,,,,,
O-20250207-084500-001-V2-695,BACKTESTER-001,MLSignalStrategyV2-V2,EUR/USD.IDEALPRO,IDEALPRO-1-695,EUR/USD.IDEALPRO-MLSignalStrategyV2-V2,IDEALPRO-001,,STOP_MARKET,BUY,100000.00,GTC,True,False,0.00,NO_LIQUIDITY_SIDE,,,,NO_TRIGGER,CANCELED,OUO,OL-20250207-084500-001-V2-232,['O-20250207-084500-001-V2-696'],O-20250207-084500-001-V2-694,,,,['V2_POS1_SL'],d7e7e25a-dcd4-426a-8c7e-db9330630a78,1738917900000000000,1738919460000000000,1.04026,DEFAULT,,,,,
O-20250207-084500-001-V2-696,BACKTESTER-001,MLSignalStrategyV2-V2,EUR/USD.IDEALPRO,IDEALPRO-1-696,EUR/USD.IDEALPRO-MLSignalStrategyV2-V2,IDEALPRO-001,IDEALPRO-1-75665,LIMIT,BUY,100000.00,GTC,True,False,100000.00,MAKER,1.03942,0.0,['2.08 USD'],NO_TRIGGER,FILLED,OUO,OL-20250207-084500-001-V2-232,['O-20250207-084500-001-V2-695'],O-20250207-084500-001-V2-694,,,,['V2_POS1_TP'],61fea997-fb8b-4218-900f-0841aad0e5ca,1738917900000000000,1738919460000000000,,,,,1.03942,False,
O-20250207-103000-001-V2-697,BACKTESTER-001,MLSignalStrategyV2-V2,EUR/USD.IDEALPRO,IDEALPRO-1-697,EUR/USD.IDEALPRO-MLSignalStrategyV2-V2,IDEALPRO-001,IDEALPRO-1-75825,MARKET,BUY,100000.00,GTC,False,False,100000.00,TAKER,1.03881,0.0,['2.08 USD'],NO_TRIGGER,FILLED,OTO,OL-20250207-103000-001-V2-233,"['O-20250207-103000-001-V2-698', 'O-20250207-103000-001-V2-699']",,,,,['V2_POS1'],25619983-2c97-44eb-b0e4-d9d5b2e29694,1738924200000000000,1738924200000000000,,,,,,,
O-20250207-103000-001-V2-698,BACKTESTER-001,MLSignalStrategyV2-V2,EUR/USD.IDEALPRO,IDEALPRO-1-698,EUR/USD.IDEALPRO-MLSignalStrategyV2-V2,IDEALPRO-001,IDEALPRO-1-75855,STOP_MARKET,SELL,100000.00,GTC,True,False,100000.00,TAKER,1.03833,4.0000000000040004e-05,['2.08 USD'],NO_TRIGGER,FILLED,OUO,OL-20250207-103000-001-V2-233,['O-20250207-103000-001-V2-699'],O-20250207-103000-001-V2-697,,,,['V2_POS1_SL'],e2bb4d7b-ea16-4cf4-9fd6-52627f56bd2c,1738924200000000000,1738925100000000000,1.03837,DEFAULT,,,,,
O-20250207-103000-001-V2-699,BACKTESTER-001,MLSignalStrategyV2-V2,EUR/USD.IDEALPRO,IDEALPRO-1-699,EUR/USD.IDEALPRO-MLSignalStrategyV2-V2,IDEALPRO-001,,LIMIT,SELL,100000.00,GTC,True,False,0.00,NO_LIQUIDITY_SIDE,,,,NO_TRIGGER,CANCELED,OUO,OL-20250207-103000-001-V2-233,['O-20250207-103000-001-V2-698'],O-20250207-103000-001-V2-697,,,,['V2_POS1_TP'],f959e085-3f57-40bb-b56c-5d2c085ed101,1738924200000000000,1738925100000000000,,,,,1.03923,False,
O-20250207-170000-001-V2-700,BACKTESTER-001,MLSignalStrategyV2-V2,EUR/USD.IDEALPRO,IDEALPRO-1-700,EUR/USD.IDEALPRO-MLSignalStrategyV2-V2,IDEALPRO-001,IDEALPRO-1-76606,MARKET,SELL,100000.00,GTC,False,False,100000.00,TAKER,1.03279,0.0,['2.07 USD'],NO_TRIGGER,FILLED,OTO,OL-20250207-170000-001-V2-234,"['O-20250207-170000-001-V2-701', 'O-20250207-170000-001-V2-702']",,,,,['V2_POS1'],9af2163a-ba6d-4bbf-9201-4cac882e490d,1738947600000000000,1738947600000000000,,,,,,,
O-20250207-170000-001-V2-701,BACKTESTER-001,MLSignalStrategyV2-V2,EUR/USD.IDEALPRO,IDEALPRO-1-701,EUR/USD.IDEALPRO-MLSignalStrategyV2-V2,IDEALPRO-001,IDEALPRO-1-76623,STOP_MARKET,BUY,100000.00,GTC,True,False,100000.00,TAKER,1.03449,0.00013999999999980695,['2.07 USD'],NO_TRIGGER,FILLED,OUO,OL-20250207-170000-001-V2-234,['O-20250207-170000-001-V2-702'],O-20250207-170000-001-V2-700,,,,['V2_POS1_SL'],b60288dc-1dfd-4e6c-ad69-20b132cc9524,1738947600000000000,1738948080000000000,1.03435,DEFAULT,,,,,
O-20250207-170000-001-V2-702,BACKTESTER-001,MLSignalStrategyV2-V2,EUR/USD.IDEALPRO,IDEALPRO-1-702,EUR/USD.IDEALPRO-MLSignalStrategyV2-V2,IDEALPRO-001,,LIMIT,BUY,100000.00,GTC,True,False,0.00,NO_LIQUIDITY_SIDE,,,,NO_TRIGGER,CANCELED,OUO,OL-20250207-170000-001-V2-234,['O-20250207-170000-001-V2-701'],O-20250207-170000-001-V2-700,,,,['V2_POS1_TP'],321dd7c1-2574-45f0-8163-07110a5450ee,1738947600000000000,1738948080000000000,,,,,1.03123,False,
O-20250207-171500-001-V2-703,BACKTESTER-001,MLSignalStrategyV2-V2,EUR/USD.IDEALPRO,IDEALPRO-1-703,EUR/USD.IDEALPRO-MLSignalStrategyV2-V2,IDEALPRO-001,IDEALPRO-1-76639,MARKET,BUY,100000.00,GTC,False,False,100000.00,TAKER,1.03428,0.0,['2.07 USD'],NO_TRIGGER,FILLED,OTO,OL-20250207-171500-001-V2-235,"['O-20250207-171500-001-V2-704', 'O-20250207-171500-001-V2-705']",,,,,['V2_POS1'],ed270527-50e2-4dd5-9ea2-a76b6b33887a,1738948500000000000,1738948500000000000,,,,,,,
O-20250207-171500-001-V2-704,BACKTESTER-001,MLSignalStrategyV2-V2,EUR/USD.IDEALPRO,IDEALPRO-1-704,EUR/USD.IDEALPRO-MLSignalStrategyV2-V2,IDEALPRO-001,IDEALPRO-1-76645,STOP_MARKET,SELL,100000.00,GTC,True,False,100000.00,TAKER,1.03232,0.000220000000000109,['2.06 USD'],NO_TRIGGER,FILLED,OUO,OL-20250207-171500-001-V2-235,['O-20250207-171500-001-V2-705'],O-20250207-171500-001-V2-703,,,,['V2_POS1_SL'],a73e0b67-7bee-48e9-af85-2ef53ae03969,1738948500000000000,1738948680000000000,1.03254,DEFAULT,,,,,
O-20250207-171500-001-V2-705,BACKTESTER-001,MLSignalStrategyV2-V2,EUR/USD.IDEALPRO,IDEALPRO-1-705,EUR/USD.IDEALPRO-MLSignalStrategyV2-V2,IDEALPRO-001,,LIMIT,SELL,100000.00,GTC,True,False,0.00,NO_LIQUIDITY_SIDE,,,,NO_TRIGGER,CANCELED,OUO,OL-20250207-171500-001-V2-235,['O-20250207-171500-001-V2-704'],O-20250207-171500-001-V2-703,,,,['V2_POS1_TP'],2a4986cf-c6fa-4f23-a655-962c088579e6,1738948500000000000,1738948680000000000,,,,,1.03602,False,
O-20250207-173000-001-V2-706,BACKTESTER-001,MLSignalStrategyV2-V2,EUR/USD.IDEALPRO,IDEALPRO-1-706,EUR/USD.IDEALPRO-MLSignalStrategyV2-V2,IDEALPRO-001,IDEALPRO-1-76670,MARKET,BUY,100000.00,GTC,False,False,100000.00,TAKER,1.03202,0.0,['2.06 USD'],NO_TRIGGER,FILLED,OTO,OL-20250207-173000-001-V2-236,"['O-20250207-173000-001-V2-707', 'O-20250207-173000-001-V2-708']",,,,,['V2_POS1'],96e7660f-1deb-430c-8350-eae8d6207588,1738949400000000000,1738949400000000000,,,,,,,
O-20250207-173000-001-V2-707,BACKTESTER-001,MLSignalStrategyV2-V2,EUR/USD.IDEALPRO,IDEALPRO-1-707,EUR/USD.IDEALPRO-MLSignalStrategyV2-V2,IDEALPRO-001,IDEALPRO-1-77213,STOP_MARKET,SELL,100000.00,GTC,True,False,100000.00,TAKER,1.02968,0.0005100000000000104,['2.06 USD'],NO_TRIGGER,FILLED,OUO,OL-20250207-173000-001-V2-236,['O-20250207-173000-001-V2-708'],O-20250207-173000-001-V2-706,,,,['V2_POS1_SL'],dfe95af2-25fb-49cc-a6ef-96cda37b35ff,1738949400000000000,1739139360000000000,1.03019,DEFAULT,,,,,
O-20250207-173000-001-V2-708,BACKTESTER-001,MLSignalStrategyV2-V2,EUR/USD.IDEALPRO,IDEALPRO-1-708,EUR/USD.IDEALPRO-MLSignalStrategyV2-V2,IDEALPRO-001,,LIMIT,SELL,100000.00,GTC,True,False,0.00,NO_LIQUIDITY_SIDE,,,,NO_TRIGGER,CANCELED,OUO,OL-20250207-173000-001-V2-236,['O-20250207-173000-001-V2-707'],O-20250207-173000-001-V2-706,,,,['V2_POS1_TP'],de2c1809-d8a7-43eb-be92-1ecb641052e3,1738949400000000000,1739139360000000000,,,,,1.03385,False,
O-20250209-223000-001-V2-709,BACKTESTER-001,MLSignalStrategyV2-V2,EUR/USD.IDEALPRO,IDEALPRO-1-709,EUR/USD.IDEALPRO-MLSignalStrategyV2-V2,IDEALPRO-001,IDEALPRO-1-77242,MARKET,BUY,100000.00,GTC,False,False,100000.00,TAKER,1.02959,0.0,['2.06 USD'],NO_TRIGGER,FILLED,OTO,OL-20250209-223000-001-V2-237,"['O-20250209-223000-001-V2-710', 'O-20250209-223000-001-V2-711']",,,,,['V2_POS1'],c52f1d76-d90d-4390-8f1c-50a880c78a46,1739140200000000000,1739140200000000000,,,,,,,
O-20250209-223000-001-V2-710,BACKTESTER-001,MLSignalStrategyV2-V2,EUR/USD.IDEALPRO,IDEALPRO-1-710,EUR/USD.IDEALPRO-MLSignalStrategyV2-V2,IDEALPRO-001,,STOP_MARKET,SELL,100000.00,GTC,True,False,0.00,NO_LIQUIDITY_SIDE,,,,NO_TRIGGER,CANCELED,OUO,OL-20250209-223000-001-V2-237,['O-20250209-223000-001-V2-711'],O-20250209-223000-001-V2-709,,,,['V2_POS1_SL'],f1316c98-05b7-4ce9-ad01-a20ea8fbb6d5,1739140200000000000,1739142240000000000,1.02884,DEFAULT,,,,,
O-20250209-223000-001-V2-711,BACKTESTER-001,MLSignalStrategyV2-V2,EUR/USD.IDEALPRO,IDEALPRO-1-711,EUR/USD.IDEALPRO-MLSignalStrategyV2-V2,IDEALPRO-001,IDEALPRO-1-77311,LIMIT,SELL,100000.00,GTC,True,False,100000.00,MAKER,1.03079,-0.00045000000000006146,['2.06 USD'],NO_TRIGGER,FILLED,OUO,OL-20250209-223000-001-V2-237,['O-20250209-223000-001-V2-710'],O-20250209-223000-001-V2-709,,,,['V2_POS1_TP'],a7ad09a9-9430-4bf4-ba42-19d9f61c7687,1739140200000000000,1739142240000000000,,,,,1.03034,False,
O-20250209-231500-001-V2-712,BACKTESTER-001,MLSignalStrategyV2-V2,EUR/USD.IDEALPRO,IDEALPRO-1-712,EUR/USD.IDEALPRO-MLSignalStrategyV2-V2,IDEALPRO-001,IDEALPRO-1-77334,MARKET,BUY,100000.00,GTC,False,False,100000.00,TAKER,1.03084,0.0,['2.06 USD'],NO_TRIGGER,FILLED,OTO,OL-20250209-231500-001-V2-238,"['O-20250209-231500-001-V2-713', 'O-20250209-231500-001-V2-714']",,,,,['V2_POS1'],cd200d61-b52b-4910-bbae-f561e7bca780,1739142900000000000,1739142900000000000,,,,,,,
O-20250209-231500-001-V2-713,BACKTESTER-001,MLSignalStrategyV2-V2,EUR/USD.IDEALPRO,IDEALPRO-1-713,EUR/USD.IDEALPRO-MLSignalStrategyV2-V2,IDEALPRO-001,,STOP_MARKET,SELL,100000.00,GTC,True,False,0.00,NO_LIQUIDITY_SIDE,,,,NO_TRIGGER,CANCELED,OUO,OL-20250209-231500-001-V2-238,['O-20250209-231500-001-V2-714'],O-20250209-231500-001-V2-712,,,,['V2_POS1_SL'],bd9591eb-4dd5-45b7-b9f4-fbb32935d365,1739142900000000000,1739145840000000000,1.03003,DEFAULT,,,,,
O-20250209-231500-001-V2-714,BACKTESTER-001,MLSignalStrategyV2-V2,EUR/USD.IDEALPRO,IDEALPRO-1-714,EUR/USD.IDEALPRO-MLSignalStrategyV2-V2,IDEALPRO-001,IDEALPRO-1-77433,LIMIT,SELL,100000.00,GTC,True,False,100000.00,MAKER,1.03164,-9.999999999843467e-06,['2.06 USD'],NO_TRIGGER,FILLED,OUO,OL-20250209-231500-001-V2-238,['O-20250209-231500-001-V2-713'],O-20250209-231500-001-V2-712,,,,['V2_POS1_TP'],c2d1ed09-d445-43ab-b35e-177fec268295,1739142900000000000,1739145840000000000,,,,,1.03163,False,
O-20250210-063000-001-V2-715,BACKTESTER-001,MLSignalStrategyV2-V2,EUR/USD.IDEALPRO,IDEALPRO-1-715,EUR/USD.IDEALPRO-MLSignalStrategyV2-V2,IDEALPRO-001,IDEALPRO-1-78207,MARKET,BUY,100000.00,GTC,False,False,100000.00,TAKER,1.03145,0.0,['2.06 USD'],NO_TRIGGER,FILLED,OTO,OL-20250210-063000-001-V2-239,"['O-20250210-063000-001-V2-716', 'O-20250210-063000-001-V2-717']",,,,,['V2_POS1'],0cdda46b-41be-4d66-b35a-3cccf7fd74d9,1739169000000000000,1739169000000000000,,,,,,,
O-20250210-063000-001-V2-716,BACKTESTER-001,MLSignalStrategyV2-V2,EUR/USD.IDEALPRO,IDEALPRO-1-716,EUR/USD.IDEALPRO-MLSignalStrategyV2-V2,IDEALPRO-001,,STOP_MARKET,SELL,100000.00,GTC,True,False,0.00,NO_LIQUIDITY_SIDE,,,,NO_TRIGGER,CANCELED,OUO,OL-20250210-063000-001-V2-239,['O-20250210-063000-001-V2-717'],O-20250210-063000-001-V2-715,,,,['V2_POS1_SL'],5615d737-046b-4299-ae20-9bd4bf45cb6d,1739169000000000000,1739169900000000000,1.03113,DEFAULT,,,,,
O-20250210-063000-001-V2-717,BACKTESTER-001,MLSignalStrategyV2-V2,EUR/USD.IDEALPRO,IDEALPRO-1-717,EUR/USD.IDEALPRO-MLSignalStrategyV2-V2,IDEALPRO-001,IDEALPRO-1-78237,LIMIT,SELL,100000.00,GTC,True,False,100000.00,MAKER,1.03176,-1.0000000000065512e-05,['2.06 USD'],NO_TRIGGER,FILLED,OUO,OL-20250210-063000-001-V2-239,['O-20250210-063000-001-V2-716'],O-20250210-063000-001-V2-715,,,,['V2_POS1_TP'],3d792fd6-b913-47ec-b8f2-2a6321fba50e,1739169000000000000,1739169900000000000,,,,,1.03175,False,
O-20250210-064500-001-V2-718,BACKTESTER-001,MLSignalStrategyV2-V2,EUR/USD.IDEALPRO,IDEALPRO-1-718,EUR/USD.IDEALPRO-MLSignalStrategyV2-V2,IDEALPRO-001,IDEALPRO-1-78238,MARKET,BUY,100000.00,GTC,False,False,100000.00,TAKER,1.03173,0.0,['2.06 USD'],NO_TRIGGER,FILLED,OTO,OL-20250210-064500-001-V2-240,"['O-20250210-064500-001-V2-719', 'O-20250210-064500-001-V2-720']",,,,,['V2_POS1'],d222bed2-f450-473a-a7f0-fb2c29ef944d,1739169900000000000,1739169900000000000,,,,,,,
O-20250210-064500-001-V2-719,BACKTESTER-001,MLSignalStrategyV2-V2,EUR/USD.IDEALPRO,IDEALPRO-1-719,EUR/USD.IDEALPRO-MLSignalStrategyV2-V2,IDEALPRO-001,,STOP_MARKET,SELL,100000.00,GTC,True,False,0.00,NO_LIQUIDITY_SIDE,,,,NO_TRIGGER,CANCELED,OUO,OL-20250210-064500-001-V2-240,['O-20250210-064500-001-V2-720'],O-20250210-064500-001-V2-718,,,,['V2_POS1_SL'],de17b4d5-d063-4ce0-b489-9dbbd89698d6,1739169900000000000,1739170860000000000,1.03141,DEFAULT,,,,,
O-20250210-064500-001-V2-720,BACKTESTER-001,MLSignalStrategyV2-V2,EUR/USD.IDEALPRO,IDEALPRO-1-720,EUR/USD.IDEALPRO-MLSignalStrategyV2-V2,IDEALPRO-001,IDEALPRO-1-78271,LIMIT,SELL,100000.00,GTC,True,False,100000.00,MAKER,1.03217,-0.00012000000000012001,['2.06 USD'],NO_TRIGGER,FILLED,OUO,OL-20250210-064500-001-V2-240,['O-20250210-064500-001-V2-719'],O-20250210-064500-001-V2-718,,,,['V2_POS1_TP'],07d2100b-24cc-48f0-acad-fe285635175c,1739169900000000000,1739170860000000000,,,,,1.03205,False,
O-20250210-183000-001-V2-721,BACKTESTER-001,MLSignalStrategyV2-V2,EUR/USD.IDEALPRO,IDEALPRO-1-721,EUR/USD.IDEALPRO-MLSignalStrategyV2-V2,IDEALPRO-001,IDEALPRO-1-79651,MARKET,BUY,100000.00,GTC,False,False,100000.00,TAKER,1.03128,0.0,['2.06 USD'],NO_TRIGGER,FILLED,OTO,OL-20250210-183000-001-V2-241,"['O-20250210-183000-001-V2-722', 'O-20250210-183000-001-V2-723']",,,,,['V2_POS1'],2fc3c769-dace-47b4-9177-b82614a76c8f,1739212200000000000,1739212200000000000,,,,,,,
O-20250210-183000-001-V2-722,BACKTESTER-001,MLSignalStrategyV2-V2,EUR/USD.IDEALPRO,IDEALPRO-1-722,EUR/USD.IDEALPRO-MLSignalStrategyV2-V2,IDEALPRO-001,IDEALPRO-1-79681,STOP_MARKET,SELL,100000.00,GTC,True,False,100000.00,TAKER,1.0308,2.999999999997449e-05,['2.06 USD'],NO_TRIGGER,FILLED,OUO,OL-20250210-183000-001-V2-241,['O-20250210-183000-001-V2-723'],O-20250210-183000-001-V2-721,,,,['V2_POS1_SL'],e250db99-76c1-465c-af03-73bf254896ca,1739212200000000000,1739213100000000000,1.03083,DEFAULT,,,,,
O-20250210-183000-001-V2-723,BACKTESTER-001,MLSignalStrategyV2-V2,EUR/USD.IDEALPRO,IDEALPRO-1-723,EUR/USD.IDEALPRO-MLSignalStrategyV2-V2,IDEALPRO-001,,LIMIT,SELL,100000.00,GTC,True,False,0.00,NO_LIQUIDITY_SIDE,,,,NO_TRIGGER,CANCELED,OUO,OL-20250210-183000-001-V2-241,['O-20250210-183000-001-V2-722'],O-20250210-183000-001-V2-721,,,,['V2_POS1_TP'],dca53690-b83b-40ff-af56-ebc928c35fdd,1739212200000000000,1739213100000000000,,,,,1.03171,False,
O-20250210-184500-001-V2-724,BACKTESTER-001,MLSignalStrategyV2-V2,EUR/USD.IDEALPRO,IDEALPRO-1-724,EUR/USD.IDEALPRO-MLSignalStrategyV2-V2,IDEALPRO-001,IDEALPRO-1-79682,MARKET,BUY,100000.00,GTC,False,False,100000.00,TAKER,1.03087,0.0,['2.06 USD'],NO_TRIGGER,FILLED,OTO,OL-20250210-184500-001-V2-242,"['O-20250210-184500-001-V2-725', 'O-20250210-184500-001-V2-726']",,,,,['V2_POS1'],32d3c0a0-f5bd-4766-b391-21b7c8da0731,1739213100000000000,1739213100000000000,,,,,,,
O-20250210-184500-001-V2-725,BACKTESTER-001,MLSignalStrategyV2-V2,EUR/USD.IDEALPRO,IDEALPRO-1-725,EUR/USD.IDEALPRO-MLSignalStrategyV2-V2,IDEALPRO-001,IDEALPRO-1-80157,STOP_MARKET,SELL,100000.00,GTC,True,False,100000.00,TAKER,1.03039,2.999999999997449e-05,['2.06 USD'],NO_TRIGGER,FILLED,OUO,OL-20250210-184500-001-V2-242,['O-20250210-184500-001-V2-726'],O-20250210-184500-001-V2-724,,,,['V2_POS1_SL'],167f4071-f61d-4f6f-9dcc-489ca632836b,1739213100000000000,1739228220000000000,1.03042,DEFAULT,,,,,
O-20250210-184500-001-V2-726,BACKTESTER-001,MLSignalStrategyV2-V2,EUR/USD.IDEALPRO,IDEALPRO-1-726,EUR/USD.IDEALPRO-MLSignalStrategyV2-V2,IDEALPRO-001,,LIMIT,SELL,100000.00,GTC,True,False,0.00,NO_LIQUIDITY_SIDE,,,,NO_TRIGGER,CANCELED,OUO,OL-20250210-184500-001-V2-242,['O-20250210-184500-001-V2-725'],O-20250210-184500-001-V2-724,,,,['V2_POS1_TP'],40278fe1-f52f-456c-9496-26eb87edc0a5,1739213100000000000,1739228220000000000,,,,,1.03130,False,
O-20250210-233000-001-V2-727,BACKTESTER-001,MLSignalStrategyV2-V2,EUR/USD.IDEALPRO,IDEALPRO-1-727,EUR/USD.IDEALPRO-MLSignalStrategyV2-V2,IDEALPRO-001,IDEALPRO-1-80224,MARKET,BUY,100000.00,GTC,False,False,100000.00,TAKER,1.03002,0.0,['2.06 USD'],NO_TRIGGER,FILLED,OTO,OL-20250210-233000-001-V2-243,"['O-20250210-233000-001-V2-728', 'O-20250210-233000-001-V2-729']",,,,,['V2_POS1'],9c67fad5-03d0-49ab-a0e4-89a11dfd6ac6,1739230200000000000,1739230200000000000,,,,,,,
O-20250210-233000-001-V2-728,BACKTESTER-001,MLSignalStrategyV2-V2,EUR/USD.IDEALPRO,IDEALPRO-1-728,EUR/USD.IDEALPRO-MLSignalStrategyV2-V2,IDEALPRO-001,,STOP_MARKET,SELL,100000.00,GTC,True,False,0.00,NO_LIQUIDITY_SIDE,,,,NO_TRIGGER,CANCELED,OUO,OL-20250210-233000-001-V2-243,['O-20250210-233000-001-V2-729'],O-20250210-233000-001-V2-727,,,,['V2_POS1_SL'],e7e33ad8-b512-40ef-861e-61b898de1c7a,1739230200000000000,1739233620000000000,1.02974,DEFAULT,,,,,
O-20250210-233000-001-V2-729,BACKTESTER-001,MLSignalStrategyV2-V2,EUR/USD.IDEALPRO,IDEALPRO-1-729,EUR/USD.IDEALPRO-MLSignalStrategyV2-V2,IDEALPRO-001,IDEALPRO-1-80339,LIMIT,SELL,100000.00,GTC,True,False,100000.00,MAKER,1.03034,-5.999999999994898e-05,['2.06 USD'],NO_TRIGGER,FILLED,OUO,OL-20250210-233000-001-V2-243,['O-20250210-233000-001-V2-728'],O-20250210-233000-001-V2-727,,,,['V2_POS1_TP'],701fa893-57d9-4b87-8565-d55c2d580ec1,1739230200000000000,1739233620000000000,,,,,1.03028,False,
O-20250211-024500-001-V2-730,BACKTESTER-001,MLSignalStrategyV2-V2,EUR/USD.IDEALPRO,IDEALPRO-1-730,EUR/USD.IDEALPRO-MLSignalStrategyV2-V2,IDEALPRO-001,IDEALPRO-1-80616,MARKET,BUY,100000.00,GTC,False,False,100000.00,TAKER,1.02967,0.0,['2.06 USD'],NO_TRIGGER,FILLED,OTO,OL-20250211-024500-001-V2-244,"['O-20250211-024500-001-V2-731', 'O-20250211-024500-001-V2-732']",,,,,['V2_POS1'],640a37f6-ff92-43dd-a7a1-bad39c4534d7,1739241900000000000,1739241900000000000,,,,,,,
O-20250211-024500-001-V2-731,BACKTESTER-001,MLSignalStrategyV2-V2,EUR/USD.IDEALPRO,IDEALPRO-1-731,EUR/USD.IDEALPRO-MLSignalStrategyV2-V2,IDEALPRO-001,IDEALPRO-1-80631,STOP_MARKET,SELL,100000.00,GTC,True,False,100000.00,TAKER,1.0294,1.999999999990898e-05,['2.06 USD'],NO_TRIGGER,FILLED,OUO,OL-20250211-024500-001-V2-244,['O-20250211-024500-001-V2-732'],O-20250211-024500-001-V2-730,,,,['V2_POS1_SL'],dfd01f69-bba1-4765-9630-8f9822124ba2,1739241900000000000,1739242320000000000,1.02942,DEFAULT,,,,,
O-20250211-024500-001-V2-732,BACKTESTER-001,MLSignalStrategyV2-V2,EUR/USD.IDEALPRO,IDEALPRO-1-732,EUR/USD.IDEALPRO-MLSignalStrategyV2-V2,IDEALPRO-001,,LIMIT,SELL,100000.00,GTC,True,False,0.00,NO_LIQUIDITY_SIDE,,,,NO_TRIGGER,CANCELED,OUO,OL-20250211-024500-001-V2-244,['O-20250211-024500-001-V2-731'],O-20250211-024500-001-V2-730,,,,['V2_POS1_TP'],ca52f0ea-75ca-4ae7-85ee-fb65d8096ecc,1739241900000000000,1739242320000000000,,,,,1.02992,False,
O-20250211-031500-001-V2-733,BACKTESTER-001,MLSignalStrategyV2-V2,EUR/USD.IDEALPRO,IDEALPRO-1-733,EUR/USD.IDEALPRO-MLSignalStrategyV2-V2,IDEALPRO-001,IDEALPRO-1-80679,MARKET,SELL,100000.00,GTC,False,False,100000.00,TAKER,1.02933,0.0,['2.06 USD'],NO_TRIGGER,FILLED,OTO,OL-20250211-031500-001-V2-245,"['O-20250211-031500-001-V2-734', 'O-20250211-031500-001-V2-735']",,,,,['V2_POS1'],9ee0d348-6b17-4ec1-95a0-32caabea2df0,1739243700000000000,1739243700000000000,,,,,,,
O-20250211-031500-001-V2-734,BACKTESTER-001,MLSignalStrategyV2-V2,EUR/USD.IDEALPRO,IDEALPRO-1-734,EUR/USD.IDEALPRO-MLSignalStrategyV2-V2,IDEALPRO-001,IDEALPRO-1-80691,STOP_MARKET,BUY,100000.00,GTC,True,False,100000.00,TAKER,1.02965,5.999999999994898e-05,['2.06 USD'],NO_TRIGGER,FILLED,OUO,OL-20250211-031500-001-V2-245,['O-20250211-031500-001-V2-735'],O-20250211-031500-001-V2-733,,,,['V2_POS1_SL'],8c88a2a7-9d02-4f03-945f-d2104aea7967,1739243700000000000,1739244060000000000,1.02959,DEFAULT,,,,,
O-20250211-031500-001-V2-735,BACKTESTER-001,MLSignalStrategyV2-V2,EUR/USD.IDEALPRO,IDEALPRO-1-735,EUR/USD.IDEALPRO-MLSignalStrategyV2-V2,IDEALPRO-001,,LIMIT,BUY,100000.00,GTC,True,False,0.00,NO_LIQUIDITY_SIDE,,,,NO_TRIGGER,CANCELED,OUO,OL-20250211-031500-001-V2-245,['O-20250211-031500-001-V2-734'],O-20250211-031500-001-V2-733,,,,['V2_POS1_TP'],e6dbc1b6-e04f-40c8-8020-308733bce142,1739243700000000000,1739244060000000000,,,,,1.02907,False,
O-20250211-113000-001-V2-736,BACKTESTER-001,MLSignalStrategyV2-V2,EUR/USD.IDEALPRO,IDEALPRO-1-736,EUR/USD.IDEALPRO-MLSignalStrategyV2-V2,IDEALPRO-001,IDEALPRO-1-81670,MARKET,SELL,100000.00,GTC,False,False,100000.00,TAKER,1.03171,0.0,['2.06 USD'],NO_TRIGGER,FILLED,OTO,OL-20250211-113000-001-V2-246,"['O-20250211-113000-001-V2-737', 'O-20250211-113000-001-V2-738']",,,,,['V2_POS1'],b2f6eb70-f285-4f21-9dcc-42ba6591d562,1739273400000000000,1739273400000000000,,,,,,,
O-20250211-113000-001-V2-737,BACKTESTER-001,MLSignalStrategyV2-V2,EUR/USD.IDEALPRO,IDEALPRO-1-737,EUR/USD.IDEALPRO-MLSignalStrategyV2-V2,IDEALPRO-001,IDEALPRO-1-81709,STOP_MARKET,BUY,100000.00,GTC,True,False,100000.00,TAKER,1.03219,4.0000000000040004e-05,['2.06 USD'],NO_TRIGGER,FILLED,OUO,OL-20250211-113000-001-V2-246,['O-20250211-113000-001-V2-738'],O-20250211-113000-001-V2-736,,,,['V2_POS1_SL'],3adf2409-b5fa-4804-a12e-81edf2d0e912,1739273400000000000,1739274540000000000,1.03215,DEFAULT,,,,,
O-20250211-113000-001-V2-738,BACKTESTER-001,MLSignalStrategyV2-V2,EUR/USD.IDEALPRO,IDEALPRO-1-738,EUR/USD.IDEALPRO-MLSignalStrategyV2-V2,IDEALPRO-001,,LIMIT,BUY,100000.00,GTC,True,False,0.00,NO_LIQUIDITY_SIDE,,,,NO_TRIGGER,CANCELED,OUO,OL-20250211-113000-001-V2-246,['O-20250211-113000-001-V2-737'],O-20250211-113000-001-V2-736,,,,['V2_POS1_TP'],1abb4797-8bfd-4c77-8353-109460d1e0c2,1739273400000000000,1739274540000000000,,,,,1.03127,False,
O-20250211-171500-001-V2-739,BACKTESTER-001,MLSignalStrategyV2-V2,EUR/USD.IDEALPRO,IDEALPRO-1-739,EUR/USD.IDEALPRO-MLSignalStrategyV2-V2,IDEALPRO-001,IDEALPRO-1-82363,MARKET,BUY,100000.00,GTC,False,False,100000.00,TAKER,1.03454,0.0,['2.07 USD'],NO_TRIGGER,FILLED,OTO,OL-20250211-171500-001-V2-247,"['O-20250211-171500-001-V2-740', 'O-20250211-171500-001-V2-741']",,,,,['V2_POS1'],a5c2790f-83e5-4e20-ba23-d8e2e32935df,1739294100000000000,1739294100000000000,,,,,,,
O-20250211-171500-001-V2-740,BACKTESTER-001,MLSignalStrategyV2-V2,EUR/USD.IDEALPRO,IDEALPRO-1-740,EUR/USD.IDEALPRO-MLSignalStrategyV2-V2,IDEALPRO-001,,STOP_MARKET,SELL,100000.00,GTC,True,False,0.00,NO_LIQUIDITY_SIDE,,,,NO_TRIGGER,CANCELED,OUO,OL-20250211-171500-001-V2-247,['O-20250211-171500-001-V2-741'],O-20250211-171500-001-V2-739,,,,['V2_POS1_SL'],036ddb7a-0b0f-4da1-9b0a-ec2e110685a0,1739294100000000000,1739297160000000000,1.03401,DEFAULT,,,,,
O-20250211-171500-001-V2-741,BACKTESTER-001,MLSignalStrategyV2-V2,EUR/USD.IDEALPRO,IDEALPRO-1-741,EUR/USD.IDEALPRO-MLSignalStrategyV2-V2,IDEALPRO-001,IDEALPRO-1-82465,LIMIT,SELL,100000.00,GTC,True,False,100000.00,MAKER,1.03506,-1.0000000000065512e-05,['2.07 USD'],NO_TRIGGER,FILLED,OUO,OL-20250211-171500-001-V2-247,['O-20250211-171500-001-V2-740'],O-20250211-171500-001-V2-739,,,,['V2_POS1_TP'],c30753d7-7c76-4d90-8b7f-49914e4faffa,1739294100000000000,1739297160000000000,,,,,1.03505,False,
O-20250211-184500-001-V2-742,BACKTESTER-001,MLSignalStrategyV2-V2,EUR/USD.IDEALPRO,IDEALPRO-1-742,EUR/USD.IDEALPRO-MLSignalStrategyV2-V2,IDEALPRO-001,IDEALPRO-1-82545,MARKET,BUY,100000.00,GTC,False,False,100000.00,TAKER,1.03466,0.0,['2.07 USD'],NO_TRIGGER,FILLED,OTO,OL-20250211-184500-001-V2-248,"['O-20250211-184500-001-V2-743', 'O-20250211-184500-001-V2-744']",,,,,['V2_POS1'],3019386b-85a1-4d56-9d17-1346e15c6963,1739299500000000000,1739299500000000000,,,,,,,
O-20250211-184500-001-V2-743,BACKTESTER-001,MLSignalStrategyV2-V2,EUR/USD.IDEALPRO,IDEALPRO-1-743,EUR/USD.IDEALPRO-MLSignalStrategyV2-V2,IDEALPRO-001,IDEALPRO-1-82597,STOP_MARKET,SELL,100000.00,GTC,True,False,100000.00,TAKER,1.03423,2.999999999997449e-05,['2.07 USD'],NO_TRIGGER,FILLED,OUO,OL-20250211-184500-001-V2-248,['O-20250211-184500-001-V2-744'],O-20250211-184500-001-V2-742,,,,['V2_POS1_SL'],dc845100-3043-4d39-b938-e0b2efed740b,1739299500000000000,1739301060000000000,1.03426,DEFAULT,,,,,
O-20250211-184500-001-V2-744,BACKTESTER-001,MLSignalStrategyV2-V2,EUR/USD.IDEALPRO,IDEALPRO-1-744,EUR/USD.IDEALPRO-MLSignalStrategyV2-V2,IDEALPRO-001,,LIMIT,SELL,100000.00,GTC,True,False,0.00,NO_LIQUIDITY_SIDE,,,,NO_TRIGGER,CANCELED,OUO,OL-20250211-184500-001-V2-248,['O-20250211-184500-001-V2-743'],O-20250211-184500-001-V2-742,,,,['V2_POS1_TP'],74009de7-7891-426d-b0d7-fd23a5210c2d,1739299500000000000,1739301060000000000,,,,,1.03504,False,
O-20250211-233000-001-V2-745,BACKTESTER-001,MLSignalStrategyV2-V2,EUR/USD.IDEALPRO,IDEALPRO-1-745,EUR/USD.IDEALPRO-MLSignalStrategyV2-V2,IDEALPRO-001,IDEALPRO-1-83086,MARKET,SELL,100000.00,GTC,False,False,100000.00,TAKER,1.0363,0.0,['2.07 USD'],NO_TRIGGER,FILLED,OTO,OL-20250211-233000-001-V2-249,"['O-20250211-233000-001-V2-746', 'O-20250211-233000-001-V2-747']",,,,,['V2_POS1'],bdfc0f8d-6a4c-4211-947c-2c7327796b69,1739316600000000000,1739316600000000000,,,,,,,
O-20250211-233000-001-V2-746,BACKTESTER-001,MLSignalStrategyV2-V2,EUR/USD.IDEALPRO,IDEALPRO-1-746,EUR/USD.IDEALPRO-MLSignalStrategyV2-V2,IDEALPRO-001,,STOP_MARKET,BUY,100000.00,GTC,True,False,0.00,NO_LIQUIDITY_SIDE,,,,NO_TRIGGER,CANCELED,OUO,OL-20250211-233000-001-V2-249,['O-20250211-233000-001-V2-747'],O-20250211-233000-001-V2-745,,,,['V2_POS1_SL'],ebed6b1f-6e89-499f-b615-8982d8cdcafc,1739316600000000000,1739318820000000000,1.03670,DEFAULT,,,,,
O-20250211-233000-001-V2-747,BACKTESTER-001,MLSignalStrategyV2-V2,EUR/USD.IDEALPRO,IDEALPRO-1-747,EUR/USD.IDEALPRO-MLSignalStrategyV2-V2,IDEALPRO-001,IDEALPRO-1-83161,LIMIT,BUY,100000.00,GTC,True,False,100000.00,MAKER,1.03592,0.0,['2.07 USD'],NO_TRIGGER,FILLED,OUO,OL-20250211-233000-001-V2-249,['O-20250211-233000-001-V2-746'],O-20250211-233000-001-V2-745,,,,['V2_POS1_TP'],c0401217-8a6b-4638-a482-abf60e0508fe,1739316600000000000,1739318820000000000,,,,,1.03592,False,
O-20250212-001500-001-V2-748,BACKTESTER-001,MLSignalStrategyV2-V2,EUR/USD.IDEALPRO,IDEALPRO-1-748,EUR/USD.IDEALPRO-MLSignalStrategyV2-V2,IDEALPRO-001,IDEALPRO-1-83178,MARKET,SELL,100000.00,GTC,False,False,100000.00,TAKER,1.03583,0.0,['2.07 USD'],NO_TRIGGER,FILLED,OTO,OL-20250212-001500-001-V2-250,"['O-20250212-001500-001-V2-749', 'O-20250212-001500-001-V2-750']",,,,,['V2_POS1'],00eea6fe-e178-4a47-9609-33b27aef2114,1739319300000000000,1739319300000000000,,,,,,,
O-20250212-001500-001-V2-749,BACKTESTER-001,MLSignalStrategyV2-V2,EUR/USD.IDEALPRO,IDEALPRO-1-749,EUR/USD.IDEALPRO-MLSignalStrategyV2-V2,IDEALPRO-001,,STOP_MARKET,BUY,100000.00,GTC,True,False,0.00,NO_LIQUIDITY_SIDE,,,,NO_TRIGGER,CANCELED,OUO,OL-20250212-001500-001-V2-250,['O-20250212-001500-001-V2-750'],O-20250212-001500-001-V2-748,,,,['V2_POS1_SL'],e868e423-3be2-4ed6-a586-d29a62f0cff8,1739319300000000000,1739322420000000000,1.03619,DEFAULT,,,,,
O-20250212-001500-001-V2-750,BACKTESTER-001,MLSignalStrategyV2-V2,EUR/USD.IDEALPRO,IDEALPRO-1-750,EUR/USD.IDEALPRO-MLSignalStrategyV2-V2,IDEALPRO-001,IDEALPRO-1-83283,LIMIT,BUY,100000.00,GTC,True,False,100000.00,MAKER,1.03548,-1.0000000000065512e-05,['2.07 USD'],NO_TRIGGER,FILLED,OUO,OL-20250212-001500-001-V2-250,['O-20250212-001500-001-V2-749'],O-20250212-001500-001-V2-748,,,,['V2_POS1_TP'],b689ce38-4187-4e74-87e4-99e00e937a3b,1739319300000000000,1739322420000000000,,,,,1.03549,False,
O-20250212-040000-001-V2-751,BACKTESTER-001,MLSignalStrategyV2-V2,EUR/USD.IDEALPRO,IDEALPRO-1-751,EUR/USD.IDEALPRO-MLSignalStrategyV2-V2,IDEALPRO-001,IDEALPRO-1-83631,MARKET,SELL,100000.00,GTC,False,False,100000.00,TAKER,1.03621,0.0,['2.07 USD'],NO_TRIGGER,FILLED,OTO,OL-20250212-040000-001-V2-251,"['O-20250212-040000-001-V2-752', 'O-20250212-040000-001-V2-753']",,,,,['V2_POS1'],771bf630-2df8-45c4-9a61-8fe16910c7e2,1739332800000000000,1739332800000000000,,,,,,,
O-20250212-040000-001-V2-752,BACKTESTER-001,MLSignalStrategyV2-V2,EUR/USD.IDEALPRO,IDEALPRO-1-752,EUR/USD.IDEALPRO-MLSignalStrategyV2-V2,IDEALPRO-001,,STOP_MARKET,BUY,100000.00,GTC,True,False,0.00,NO_LIQUIDITY_SIDE,,,,NO_TRIGGER,CANCELED,OUO,OL-20250212-040000-001-V2-251,['O-20250212-040000-001-V2-753'],O-20250212-040000-001-V2-751,,,,['V2_POS1_SL'],8ccf4f8c-b4a9-4a1b-94bf-e47f92b69076,1739332800000000000,1739335500000000000,1.03654,DEFAULT,,,,,
O-20250212-040000-001-V2-753,BACKTESTER-001,MLSignalStrategyV2-V2,EUR/USD.IDEALPRO,IDEALPRO-1-753,EUR/USD.IDEALPRO-MLSignalStrategyV2-V2,IDEALPRO-001,IDEALPRO-1-83721,LIMIT,BUY,100000.00,GTC,True,False,100000.00,MAKER,1.03588,-2.0000000000131024e-05,['2.07 USD'],NO_TRIGGER,FILLED,OUO,OL-20250212-040000-001-V2-251,['O-20250212-040000-001-V2-752'],O-20250212-040000-001-V2-751,,,,['V2_POS1_TP'],14d7bf9d-a1d9-4c3a-a642-2092d0e6b7e9,1739332800000000000,1739335500000000000,,,,,1.03590,False,
O-20250212-080000-001-V2-754,BACKTESTER-001,MLSignalStrategyV2-V2,EUR/USD.IDEALPRO,IDEALPRO-1-754,EUR/USD.IDEALPRO-MLSignalStrategyV2-V2,IDEALPRO-001,IDEALPRO-1-84113,MARKET,SELL,100000.00,GTC,False,False,100000.00,TAKER,1.03761,0.0,['2.08 USD'],NO_TRIGGER,FILLED,OTO,OL-20250212-080000-001-V2-252,"['O-20250212-080000-001-V2-755', 'O-20250212-080000-001-V2-756']",,,,,['V2_POS1'],c74705f7-659b-4e1c-9758-35d091284267,1739347200000000000,1739347200000000000,,,,,,,
O-20250212-080000-001-V2-755,BACKTESTER-001,MLSignalStrategyV2-V2,EUR/USD.IDEALPRO,IDEALPRO-1-755,EUR/USD.IDEALPRO-MLSignalStrategyV2-V2,IDEALPRO-001,,STOP_MARKET,BUY,100000.00,GTC,True,False,0.00,NO_LIQUIDITY_SIDE,,,,NO_TRIGGER,CANCELED,OUO,OL-20250212-080000-001-V2-252,['O-20250212-080000-001-V2-756'],O-20250212-080000-001-V2-754,,,,['V2_POS1_SL'],c6551b7b-c5ea-4e6e-a973-4633f4d7c901,1739347200000000000,1739348580000000000,1.03803,DEFAULT,,,,,
O-20250212-080000-001-V2-756,BACKTESTER-001,MLSignalStrategyV2-V2,EUR/USD.IDEALPRO,IDEALPRO-1-756,EUR/USD.IDEALPRO-MLSignalStrategyV2-V2,IDEALPRO-001,IDEALPRO-1-84159,LIMIT,BUY,100000.00,GTC,True,False,100000.00,MAKER,1.03717,-2.0000000000131024e-05,['2.07 USD'],NO_TRIGGER,FILLED,OUO,OL-20250212-080000-001-V2-252,['O-20250212-080000-001-V2-755'],O-20250212-080000-001-V2-754,,,,['V2_POS1_TP'],5ea80c33-4b0b-4995-be42-a35faa837b18,1739347200000000000,1739348580000000000,,,,,1.03719,False,
O-20250212-091500-001-V2-757,BACKTESTER-001,MLSignalStrategyV2-V2,EUR/USD.IDEALPRO,IDEALPRO-1-757,EUR/USD.IDEALPRO-MLSignalStrategyV2-V2,IDEALPRO-001,IDEALPRO-1-84264,MARKET,BUY,100000.00,GTC,False,False,100000.00,TAKER,1.03679,0.0,['2.07 USD'],NO_TRIGGER,FILLED,OTO,OL-20250212-091500-001-V2-253,"['O-20250212-091500-001-V2-758', 'O-20250212-091500-001-V2-759']",,,,,['V2_POS1'],5440d8c6-068c-42d8-9c78-df3a4c01276b,1739351700000000000,1739351700000000000,,,,,,,
O-20250212-091500-001-V2-758,BACKTESTER-001,MLSignalStrategyV2-V2,EUR/USD.IDEALPRO,IDEALPRO-1-758,EUR/USD.IDEALPRO-MLSignalStrategyV2-V2,IDEALPRO-001,,STOP_MARKET,SELL,100000.00,GTC,True,False,0.00,NO_LIQUIDITY_SIDE,,,,NO_TRIGGER,CANCELED,OUO,OL-20250212-091500-001-V2-253,['O-20250212-091500-001-V2-759'],O-20250212-091500-001-V2-757,,,,['V2_POS1_SL'],ae424631-ffd7-44b0-a65d-1a44a6e95fce,1739351700000000000,1739352960000000000,1.03628,DEFAULT,,,,,
O-20250212-091500-001-V2-759,BACKTESTER-001,MLSignalStrategyV2-V2,EUR/USD.IDEALPRO,IDEALPRO-1-759,EUR/USD.IDEALPRO-MLSignalStrategyV2-V2,IDEALPRO-001,IDEALPRO-1-84307,LIMIT,SELL,100000.00,GTC,True,False,100000.00,MAKER,1.03734,-3.999999999981796e-05,['2.07 USD'],NO_TRIGGER,FILLED,OUO,OL-20250212-091500-001-V2-253,['O-20250212-091500-001-V2-758'],O-20250212-091500-001-V2-757,,,,['V2_POS1_TP'],142b5a1b-2a9a-4b64-8716-6d49d7a669f8,1739351700000000000,1739352960000000000,,,,,1.03730,False,
O-20250212-150000-001-V2-760,BACKTESTER-001,MLSignalStrategyV2-V2,EUR/USD.IDEALPRO,IDEALPRO-1-760,EUR/USD.IDEALPRO-MLSignalStrategyV2-V2,IDEALPRO-001,IDEALPRO-1-84957,MARKET,BUY,100000.00,GTC,False,False,100000.00,TAKER,1.03503,0.0,['2.07 USD'],NO_TRIGGER,FILLED,OTO,OL-20250212-150000-001-V2-254,"['O-20250212-150000-001-V2-761', 'O-20250212-150000-001-V2-762']",,,,,['V2_POS1'],c579be15-2a58-46ea-9f5b-33c508641925,1739372400000000000,1739372400000000000,,,,,,,
O-20250212-150000-001-V2-761,BACKTESTER-001,MLSignalStrategyV2-V2,EUR/USD.IDEALPRO,IDEALPRO-1-761,EUR/USD.IDEALPRO-MLSignalStrategyV2-V2,IDEALPRO-001,IDEALPRO-1-84963,STOP_MARKET,SELL,100000.00,GTC,True,False,100000.00,TAKER,1.03399,0.0001100000000000545,['2.07 USD'],NO_TRIGGER,FILLED,OUO,OL-20250212-150000-001-V2-254,['O-20250212-150000-001-V2-762'],O-20250212-150000-001-V2-760,,,,['V2_POS1_SL'],5991d951-7419-44c4-9d8c-1dac7821bc6b,1739372400000000000,1739372580000000000,1.03410,DEFAULT,,,,,
O-20250212-150000-001-V2-762,BACKTESTER-001,MLSignalStrategyV2-V2,EUR/USD.IDEALPRO,IDEALPRO-1-762,EUR/USD.IDEALPRO-MLSignalStrategyV2-V2,IDEALPRO-001,,LIMIT,SELL,100000.00,GTC,True,False,0.00,NO_LIQUIDITY_SIDE,,,,NO_TRIGGER,CANCELED,OUO,OL-20250212-150000-001-V2-254,['O-20250212-150000-001-V2-761'],O-20250212-150000-001-V2-760,,,,['V2_POS1_TP'],75c52b97-6950-4a9f-a356-2e96510e7b87,1739372400000000000,1739372580000000000,,,,,1.03596,False,
O-20250212-170000-001-V2-763,BACKTESTER-001,MLSignalStrategyV2-V2,EUR/USD.IDEALPRO,IDEALPRO-1-763,EUR/USD.IDEALPRO-MLSignalStrategyV2-V2,IDEALPRO-001,IDEALPRO-1-85198,MARKET,SELL,100000.00,GTC,False,False,100000.00,TAKER,1.03913,0.0,['2.08 USD'],NO_TRIGGER,FILLED,OTO,OL-20250212-170000-001-V2-255,"['O-20250212-170000-001-V2-764', 'O-20250212-170000-001-V2-765']",,,,,['V2_POS1'],278c79d0-8fa5-4851-bdc8-34e1f1b3496d,1739379600000000000,1739379600000000000,,,,,,,
O-20250212-170000-001-V2-764,BACKTESTER-001,MLSignalStrategyV2-V2,EUR/USD.IDEALPRO,IDEALPRO-1-764,EUR/USD.IDEALPRO-MLSignalStrategyV2-V2,IDEALPRO-001,IDEALPRO-1-85209,STOP_MARKET,BUY,100000.00,GTC,True,False,100000.00,TAKER,1.04043,2.999999999997449e-05,['2.08 USD'],NO_TRIGGER,FILLED,OUO,OL-20250212-170000-001-V2-255,['O-20250212-170000-001-V2-765'],O-20250212-170000-001-V2-763,,,,['V2_POS1_SL'],375a1be0-d5ba-4af7-a4c6-ee1ed9ea7152,1739379600000000000,1739379900000000000,1.04040,DEFAULT,,,,,
O-20250212-170000-001-V2-765,BACKTESTER-001,MLSignalStrategyV2-V2,EUR/USD.IDEALPRO,IDEALPRO-1-765,EUR/USD.IDEALPRO-MLSignalStrategyV2-V2,IDEALPRO-001,,LIMIT,BUY,100000.00,GTC,True,False,0.00,NO_LIQUIDITY_SIDE,,,,NO_TRIGGER,CANCELED,OUO,OL-20250212-170000-001-V2-255,['O-20250212-170000-001-V2-764'],O-20250212-170000-001-V2-763,,,,['V2_POS1_TP'],3db6c607-d1f3-4465-8a83-78955100e4ba,1739379600000000000,1739379900000000000,,,,,1.03786,False,
O-20250212-171500-001-V2-766,BACKTESTER-001,MLSignalStrategyV2-V2,EUR/USD.IDEALPRO,IDEALPRO-1-766,EUR/USD.IDEALPRO-MLSignalStrategyV2-V2,IDEALPRO-001,IDEALPRO-1-85230,MARKET,SELL,100000.00,GTC,False,False,100000.00,TAKER,1.0411,0.0,['2.08 USD'],NO_TRIGGER,FILLED,OTO,OL-20250212-171500-001-V2-256,"['O-20250212-171500-001-V2-767', 'O-20250212-171500-001-V2-768']",,,,,['V2_POS1'],3be9b8e7-02be-41c6-ac20-183e51ef14e2,1739380500000000000,1739380500000000000,,,,,,,
O-20250212-171500-001-V2-767,BACKTESTER-001,MLSignalStrategyV2-V2,EUR/USD.IDEALPRO,IDEALPRO-1-767,EUR/USD.IDEALPRO-MLSignalStrategyV2-V2,IDEALPRO-001,IDEALPRO-1-85313,STOP_MARKET,BUY,100000.00,GTC,True,False,100000.00,TAKER,1.0427,0.00019999999999997797,['2.09 USD'],NO_TRIGGER,FILLED,OUO,OL-20250212-171500-001-V2-256,['O-20250212-171500-001-V2-768'],O-20250212-171500-001-V2-766,,,,['V2_POS1_SL'],aa8b37e6-89d8-41cb-82a0-f976a14cd8f6,1739380500000000000,1739382960000000000,1.04250,DEFAULT,,,,,
O-20250212-171500-001-V2-768,BACKTESTER-001,MLSignalStrategyV2-V2,EUR/USD.IDEALPRO,IDEALPRO-1-768,EUR/USD.IDEALPRO-MLSignalStrategyV2-V2,IDEALPRO-001,,LIMIT,BUY,100000.00,GTC,True,False,0.00,NO_LIQUIDITY_SIDE,,,,NO_TRIGGER,CANCELED,OUO,OL-20250212-171500-001-V2-256,['O-20250212-171500-001-V2-767'],O-20250212-171500-001-V2-766,,,,['V2_POS1_TP'],7c0923d0-3001-4f82-9671-619ecc6d84b4,1739380500000000000,1739382960000000000,,,,,1.03972,False,
O-20250213-000000-001-V2-769,BACKTESTER-001,MLSignalStrategyV2-V2,EUR/USD.IDEALPRO,IDEALPRO-1-769,EUR/USD.IDEALPRO-MLSignalStrategyV2-V2,IDEALPRO-001,IDEALPRO-1-86012,MARKET,BUY,100000.00,GTC,False,False,100000.00,TAKER,1.03924,0.0,['2.08 USD'],NO_TRIGGER,FILLED,OTO,OL-20250213-000000-001-V2-257,"['O-20250213-000000-001-V2-770', 'O-20250213-000000-001-V2-771']",,,,,['V2_POS1'],1618d408-7418-4f76-b4fb-19ca13921ba8,1739404800000000000,1739404800000000000,,,,,,,
O-20250213-000000-001-V2-770,BACKTESTER-001,MLSignalStrategyV2-V2,EUR/USD.IDEALPRO,IDEALPRO-1-770,EUR/USD.IDEALPRO-MLSignalStrategyV2-V2,IDEALPRO-001,,STOP_MARKET,SELL,100000.00,GTC,True,False,0.00,NO_LIQUIDITY_SIDE,,,,NO_TRIGGER,CANCELED,OUO,OL-20250213-000000-001-V2-257,['O-20250213-000000-001-V2-771'],O-20250213-000000-001-V2-769,,,,['V2_POS1_SL'],f3b9b35b-7cfc-428d-873c-d3851ae5586d,1739404800000000000,1739406480000000000,1.03881,DEFAULT,,,,,
O-20250213-000000-001-V2-771,BACKTESTER-001,MLSignalStrategyV2-V2,EUR/USD.IDEALPRO,IDEALPRO-1-771,EUR/USD.IDEALPRO-MLSignalStrategyV2-V2,IDEALPRO-001,IDEALPRO-1-86069,LIMIT,SELL,100000.00,GTC,True,False,100000.00,MAKER,1.0398,-0.0001500000000000945,['2.08 USD'],NO_TRIGGER,FILLED,OUO,OL-20250213-000000-001-V2-257,['O-20250213-000000-001-V2-770'],O-20250213-000000-001-V2-769,,,,['V2_POS1_TP'],dbf11094-a1de-450f-80b1-84e46edfdf4a,1739404800000000000,1739406480000000000,,,,,1.03965,False,
O-20250213-011500-001-V2-772,BACKTESTER-001,MLSignalStrategyV2-V2,EUR/USD.IDEALPRO,IDEALPRO-1-772,EUR/USD.IDEALPRO-MLSignalStrategyV2-V2,IDEALPRO-001,IDEALPRO-1-86164,MARKET,BUY,100000.00,GTC,False,False,100000.00,TAKER,1.03925,0.0,['2.08 USD'],NO_TRIGGER,FILLED,OTO,OL-20250213-011500-001-V2-258,"['O-20250213-011500-001-V2-773', 'O-20250213-011500-001-V2-774']",,,,,['V2_POS1'],df436447-0dff-43fc-81d0-25c4214add14,1739409300000000000,1739409300000000000,,,,,,,
O-20250213-011500-001-V2-773,BACKTESTER-001,MLSignalStrategyV2-V2,EUR/USD.IDEALPRO,IDEALPRO-1-773,EUR/USD.IDEALPRO-MLSignalStrategyV2-V2,IDEALPRO-001,,STOP_MARKET,SELL,100000.00,GTC,True,False,0.00,NO_LIQUIDITY_SIDE,,,,NO_TRIGGER,CANCELED,OUO,OL-20250213-011500-001-V2-258,['O-20250213-011500-001-V2-774'],O-20250213-011500-001-V2-772,,,,['V2_POS1_SL'],24d69694-a040-4003-9ce0-9e67f5d226b5,1739409300000000000,1739411160000000000,1.03875,DEFAULT,,,,,
O-20250213-011500-001-V2-774,BACKTESTER-001,MLSignalStrategyV2-V2,EUR/USD.IDEALPRO,IDEALPRO-1-774,EUR/USD.IDEALPRO-MLSignalStrategyV2-V2,IDEALPRO-001,IDEALPRO-1-86227,LIMIT,SELL,100000.00,GTC,True,False,100000.00,MAKER,1.03986,-0.0001100000000000545,['2.08 USD'],NO_TRIGGER,FILLED,OUO,OL-20250213-011500-001-V2-258,['O-20250213-011500-001-V2-773'],O-20250213-011500-001-V2-772,,,,['V2_POS1_TP'],13ac3740-8ad3-4eec-bd58-56444b875b9e,1739409300000000000,1739411160000000000,,,,,1.03975,False,
O-20250213-040000-001-V2-775,BACKTESTER-001,MLSignalStrategyV2-V2,EUR/USD.IDEALPRO,IDEALPRO-1-775,EUR/USD.IDEALPRO-MLSignalStrategyV2-V2,IDEALPRO-001,IDEALPRO-1-86497,MARKET,BUY,100000.00,GTC,False,False,100000.00,TAKER,1.04192,0.0,['2.08 USD'],NO_TRIGGER,FILLED,OTO,OL-20250213-040000-001-V2-259,"['O-20250213-040000-001-V2-776', 'O-20250213-040000-001-V2-777']",,,,,['V2_POS1'],75b1fc77-fe6d-4616-95e5-7afca4a8bd57,1739419200000000000,1739419200000000000,,,,,,,
O-20250213-040000-001-V2-776,BACKTESTER-001,MLSignalStrategyV2-V2,EUR/USD.IDEALPRO,IDEALPRO-1-776,EUR/USD.IDEALPRO-MLSignalStrategyV2-V2,IDEALPRO-001,,STOP_MARKET,SELL,100000.00,GTC,True,False,0.00,NO_LIQUIDITY_SIDE,,,,NO_TRIGGER,CANCELED,OUO,OL-20250213-040000-001-V2-259,['O-20250213-040000-001-V2-777'],O-20250213-040000-001-V2-775,,,,['V2_POS1_SL'],83dbc031-ba2f-493d-aa84-5c4a70d7f4af,1739419200000000000,1739419380000000000,1.04147,DEFAULT,,,,,
O-20250213-040000-001-V2-777,BACKTESTER-001,MLSignalStrategyV2-V2,EUR/USD.IDEALPRO,IDEALPRO-1-777,EUR/USD.IDEALPRO-MLSignalStrategyV2-V2,IDEALPRO-001,IDEALPRO-1-86503,LIMIT,SELL,100000.00,GTC,True,False,100000.00,MAKER,1.04239,-1.999999999990898e-05,['2.08 USD'],NO_TRIGGER,FILLED,OUO,OL-20250213-040000-001-V2-259,['O-20250213-040000-001-V2-776'],O-20250213-040000-001-V2-775,,,,['V2_POS1_TP'],92aa6a8f-0873-4d2d-a129-57009fbb8f49,1739419200000000000,1739419380000000000,,,,,1.04237,False,
O-20250213-130000-001-V2-778,BACKTESTER-001,MLSignalStrategyV2-V2,EUR/USD.IDEALPRO,IDEALPRO-1-778,EUR/USD.IDEALPRO-MLSignalStrategyV2-V2,IDEALPRO-001,IDEALPRO-1-87578,MARKET,BUY,100000.00,GTC,False,False,100000.00,TAKER,1.039,0.0,['2.08 USD'],NO_TRIGGER,FILLED,OTO,OL-20250213-130000-001-V2-260,"['O-20250213-130000-001-V2-779', 'O-20250213-130000-001-V2-780']",,,,,['V2_POS1'],9a1a794d-185a-4607-9f9e-6b9282e41a4e,1739451600000000000,1739451600000000000,,,,,,,
O-20250213-130000-001-V2-779,BACKTESTER-001,MLSignalStrategyV2-V2,EUR/USD.IDEALPRO,IDEALPRO-1-779,EUR/USD.IDEALPRO-MLSignalStrategyV2-V2,IDEALPRO-001,,STOP_MARKET,SELL,100000.00,GTC,True,False,0.00,NO_LIQUIDITY_SIDE,,,,NO_TRIGGER,CANCELED,OUO,OL-20250213-130000-001-V2-260,['O-20250213-130000-001-V2-780'],O-20250213-130000-001-V2-778,,,,['V2_POS1_SL'],ed0e34af-ed71-40e2-933a-b6d779d97075,1739451600000000000,1739453460000000000,1.03817,DEFAULT,,,,,
O-20250213-130000-001-V2-780,BACKTESTER-001,MLSignalStrategyV2-V2,EUR/USD.IDEALPRO,IDEALPRO-1-780,EUR/USD.IDEALPRO-MLSignalStrategyV2-V2,IDEALPRO-001,IDEALPRO-1-87641,LIMIT,SELL,100000.00,GTC,True,False,100000.00,MAKER,1.03981,0.0,['2.08 USD'],NO_TRIGGER,FILLED,OUO,OL-20250213-130000-001-V2-260,['O-20250213-130000-001-V2-779'],O-20250213-130000-001-V2-778,,,,['V2_POS1_TP'],ca557e01-d591-4593-9121-7f3bcf71a447,1739451600000000000,1739453460000000000,,,,,1.03981,False,
O-20250213-134500-001-V2-781,BACKTESTER-001,MLSignalStrategyV2-V2,EUR/USD.IDEALPRO,IDEALPRO-1-781,EUR/USD.IDEALPRO-MLSignalStrategyV2-V2,IDEALPRO-001,IDEALPRO-1-87670,MARKET,BUY,100000.00,GTC,False,False,100000.00,TAKER,1.03995,0.0,['2.08 USD'],NO_TRIGGER,FILLED,OTO,OL-20250213-134500-001-V2-261,"['O-20250213-134500-001-V2-782', 'O-20250213-134500-001-V2-783']",,,,,['V2_POS1'],f52e9ff8-6f28-4d6f-85b2-2e92412401a3,1739454300000000000,1739454300000000000,,,,,,,
O-20250213-134500-001-V2-782,BACKTESTER-001,MLSignalStrategyV2-V2,EUR/USD.IDEALPRO,IDEALPRO-1-782,EUR/USD.IDEALPRO-MLSignalStrategyV2-V2,IDEALPRO-001,IDEALPRO-1-87683,STOP_MARKET,SELL,100000.00,GTC,True,False,100000.00,TAKER,1.03892,9.999999999998899e-05,['2.08 USD'],NO_TRIGGER,FILLED,OUO,OL-20250213-134500-001-V2-261,['O-20250213-134500-001-V2-783'],O-20250213-134500-001-V2-781,,,,['V2_POS1_SL'],ebaadfe8-d752-433a-8447-5c1257d46576,1739454300000000000,1739454660000000000,1.03902,DEFAULT,,,,,
O-20250213-134500-001-V2-783,BACKTESTER-001,MLSignalStrategyV2-V2,EUR/USD.IDEALPRO,IDEALPRO-1-783,EUR/USD.IDEALPRO-MLSignalStrategyV2-V2,IDEALPRO-001,,LIMIT,SELL,100000.00,GTC,True,False,0.00,NO_LIQUIDITY_SIDE,,,,NO_TRIGGER,CANCELED,OUO,OL-20250213-134500-001-V2-261,['O-20250213-134500-001-V2-782'],O-20250213-134500-001-V2-781,,,,['V2_POS1_TP'],feda2dac-1ddb-4f81-8b0c-ac2a3b63dffc,1739454300000000000,1739454660000000000,,,,,1.04086,False,
O-20250213-140000-001-V2-784,BACKTESTER-001,MLSignalStrategyV2-V2,EUR/USD.IDEALPRO,IDEALPRO-1-784,EUR/USD.IDEALPRO-MLSignalStrategyV2-V2,IDEALPRO-001,IDEALPRO-1-87702,MARKET,BUY,100000.00,GTC,False,False,100000.00,TAKER,1.03927,0.0,['2.08 USD'],NO_TRIGGER,FILLED,OTO,OL-20250213-140000-001-V2-262,"['O-20250213-140000-001-V2-785', 'O-20250213-140000-001-V2-786']",,,,,['V2_POS1'],8a29e89b-31e5-4661-8148-9b2afd6641b8,1739455200000000000,1739455200000000000,,,,,,,
O-20250213-140000-001-V2-785,BACKTESTER-001,MLSignalStrategyV2-V2,EUR/USD.IDEALPRO,IDEALPRO-1-785,EUR/USD.IDEALPRO-MLSignalStrategyV2-V2,IDEALPRO-001,IDEALPRO-1-87723,STOP_MARKET,SELL,100000.00,GTC,True,False,100000.00,TAKER,1.03817,7.00000000000145e-05,['2.08 USD'],NO_TRIGGER,FILLED,OUO,OL-20250213-140000-001-V2-262,['O-20250213-140000-001-V2-786'],O-20250213-140000-001-V2-784,,,,['V2_POS1_SL'],b2aa35d9-e8a6-4102-8767-059c0cf1a58f,1739455200000000000,1739455800000000000,1.03824,DEFAULT,,,,,
O-20250213-140000-001-V2-786,BACKTESTER-001,MLSignalStrategyV2-V2,EUR/USD.IDEALPRO,IDEALPRO-1-786,EUR/USD.IDEALPRO-MLSignalStrategyV2-V2,IDEALPRO-001,,LIMIT,SELL,100000.00,GTC,True,False,0.00,NO_LIQUIDITY_SIDE,,,,NO_TRIGGER,CANCELED,OUO,OL-20250213-140000-001-V2-262,['O-20250213-140000-001-V2-785'],O-20250213-140000-001-V2-784,,,,['V2_POS1_TP'],9d3daad9-8830-4315-a9b3-013544b3faa8,1739455200000000000,1739455800000000000,,,,,1.04030,False,
O-20250213-141500-001-V2-787,BACKTESTER-001,MLSignalStrategyV2-V2,EUR/USD.IDEALPRO,IDEALPRO-1-787,EUR/USD.IDEALPRO-MLSignalStrategyV2-V2,IDEALPRO-001,IDEALPRO-1-87734,MARKET,BUY,100000.00,GTC,False,False,100000.00,TAKER,1.03886,0.0,['2.08 USD'],NO_TRIGGER,FILLED,OTO,OL-20250213-141500-001-V2-263,"['O-20250213-141500-001-V2-788', 'O-20250213-141500-001-V2-789']",,,,,['V2_POS1'],a92a9141-db5b-4f86-be04-afaa50ac3b06,1739456100000000000,1739456100000000000,,,,,,,
O-20250213-141500-001-V2-788,BACKTESTER-001,MLSignalStrategyV2-V2,EUR/USD.IDEALPRO,IDEALPRO-1-788,EUR/USD.IDEALPRO-MLSignalStrategyV2-V2,IDEALPRO-001,,STOP_MARKET,SELL,100000.00,GTC,True,False,0.00,NO_LIQUIDITY_SIDE,,,,NO_TRIGGER,CANCELED,OUO,OL-20250213-141500-001-V2-263,['O-20250213-141500-001-V2-789'],O-20250213-141500-001-V2-787,,,,['V2_POS1_SL'],1e0f02e7-963a-4476-9d14-0ef18f177055,1739456100000000000,1739458260000000000,1.03784,DEFAULT,,,,,
O-20250213-141500-001-V2-789,BACKTESTER-001,MLSignalStrategyV2-V2,EUR/USD.IDEALPRO,IDEALPRO-1-789,EUR/USD.IDEALPRO-MLSignalStrategyV2-V2,IDEALPRO-001,IDEALPRO-1-87807,LIMIT,SELL,100000.00,GTC,True,False,100000.00,MAKER,1.04014,-0.000280000000000058,['2.08 USD'],NO_TRIGGER,FILLED,OUO,OL-20250213-141500-001-V2-263,['O-20250213-141500-001-V2-788'],O-20250213-141500-001-V2-787,,,,['V2_POS1_TP'],050052eb-61ec-4046-9f7f-dc05b0ee8d4e,1739456100000000000,1739458260000000000,,,,,1.03986,False,
O-20250213-160000-001-V2-790,BACKTESTER-001,MLSignalStrategyV2-V2,EUR/USD.IDEALPRO,IDEALPRO-1-790,EUR/USD.IDEALPRO-MLSignalStrategyV2-V2,IDEALPRO-001,IDEALPRO-1-87946,MARKET,SELL,100000.00,GTC,False,False,100000.00,TAKER,1.04334,0.0,['2.09 USD'],NO_TRIGGER,FILLED,OTO,OL-20250213-160000-001-V2-264,"['O-20250213-160000-001-V2-791', 'O-20250213-160000-001-V2-792']",,,,,['V2_POS1'],51156b9b-74d2-4e14-ada8-6c59ed8f2bba,1739462400000000000,1739462400000000000,,,,,,,
O-20250213-160000-001-V2-791,BACKTESTER-001,MLSignalStrategyV2-V2,EUR/USD.IDEALPRO,IDEALPRO-1-791,EUR/USD.IDEALPRO-MLSignalStrategyV2-V2,IDEALPRO-001,IDEALPRO-1-87993,STOP_MARKET,BUY,100000.00,GTC,True,False,100000.00,TAKER,1.04448,2.0000000000131024e-05,['2.09 USD'],NO_TRIGGER,FILLED,OUO,OL-20250213-160000-001-V2-264,['O-20250213-160000-001-V2-792'],O-20250213-160000-001-V2-790,,,,['V2_POS1_SL'],e863b11d-03f2-414f-bc75-5ed58d508384,1739462400000000000,1739463780000000000,1.04446,DEFAULT,,,,,
O-20250213-160000-001-V2-792,BACKTESTER-001,MLSignalStrategyV2-V2,EUR/USD.IDEALPRO,IDEALPRO-1-792,EUR/USD.IDEALPRO-MLSignalStrategyV2-V2,IDEALPRO-001,,LIMIT,BUY,100000.00,GTC,True,False,0.00,NO_LIQUIDITY_SIDE,,,,NO_TRIGGER,CANCELED,OUO,OL-20250213-160000-001-V2-264,['O-20250213-160000-001-V2-791'],O-20250213-160000-001-V2-790,,,,['V2_POS1_TP'],3bd4d8cc-6f3a-427e-8d61-0cc90c72f00a,1739462400000000000,1739463780000000000,,,,,1.04222,False,
O-20250213-191500-001-V2-793,BACKTESTER-001,MLSignalStrategyV2-V2,EUR/USD.IDEALPRO,IDEALPRO-1-793,EUR/USD.IDEALPRO-MLSignalStrategyV2-V2,IDEALPRO-001,IDEALPRO-1-88338,MARKET,BUY,100000.00,GTC,False,False,100000.00,TAKER,1.04303,0.0,['2.09 USD'],NO_TRIGGER,FILLED,OTO,OL-20250213-191500-001-V2-265,"['O-20250213-191500-001-V2-794', 'O-20250213-191500-001-V2-795']",,,,,['V2_POS1'],ff25f434-5789-49ac-8aee-59fecae8c6f2,1739474100000000000,1739474100000000000,,,,,,,
O-20250213-191500-001-V2-794,BACKTESTER-001,MLSignalStrategyV2-V2,EUR/USD.IDEALPRO,IDEALPRO-1-794,EUR/USD.IDEALPRO-MLSignalStrategyV2-V2,IDEALPRO-001,,STOP_MARKET,SELL,100000.00,GTC,True,False,0.00,NO_LIQUIDITY_SIDE,,,,NO_TRIGGER,CANCELED,OUO,OL-20250213-191500-001-V2-265,['O-20250213-191500-001-V2-795'],O-20250213-191500-001-V2-793,,,,['V2_POS1_SL'],78859322-499d-4cec-b171-4ac12327b873,1739474100000000000,1739477580000000000,1.04151,DEFAULT,,,,,
O-20250213-191500-001-V2-795,BACKTESTER-001,MLSignalStrategyV2-V2,EUR/USD.IDEALPRO,IDEALPRO-1-795,EUR/USD.IDEALPRO-MLSignalStrategyV2-V2,IDEALPRO-001,IDEALPRO-1-88455,LIMIT,SELL,100000.00,GTC,True,False,100000.00,MAKER,1.04458,-5.0000000000105516e-05,['2.09 USD'],NO_TRIGGER,FILLED,OUO,OL-20250213-191500-001-V2-265,['O-20250213-191500-001-V2-794'],O-20250213-191500-001-V2-793,,,,['V2_POS1_TP'],b5f1c582-2259-43e0-8e64-bb2bed400fd2,1739474100000000000,1739477580000000000,,,,,1.04453,False,
O-20250214-000000-001-V2-796,BACKTESTER-001,MLSignalStrategyV2-V2,EUR/USD.IDEALPRO,IDEALPRO-1-796,EUR/USD.IDEALPRO-MLSignalStrategyV2-V2,IDEALPRO-001,IDEALPRO-1-88880,MARKET,BUY,100000.00,GTC,False,False,100000.00,TAKER,1.04619,0.0,['2.09 USD'],NO_TRIGGER,FILLED,OTO,OL-20250214-000000-001-V2-266,"['O-20250214-000000-001-V2-797', 'O-20250214-000000-001-V2-798']",,,,,['V2_POS1'],fe7652a0-6c94-4df5-a068-38a271101e68,1739491200000000000,1739491200000000000,,,,,,,
O-20250214-000000-001-V2-797,BACKTESTER-001,MLSignalStrategyV2-V2,EUR/USD.IDEALPRO,IDEALPRO-1-797,EUR/USD.IDEALPRO-MLSignalStrategyV2-V2,IDEALPRO-001,,STOP_MARKET,SELL,100000.00,GTC,True,False,0.00,NO_LIQUIDITY_SIDE,,,,NO_TRIGGER,CANCELED,OUO,OL-20250214-000000-001-V2-266,['O-20250214-000000-001-V2-798'],O-20250214-000000-001-V2-796,,,,['V2_POS1_SL'],d6ef277c-16e6-4dc8-9279-443628859ab5,1739491200000000000,1739492520000000000,1.04565,DEFAULT,,,,,
O-20250214-000000-001-V2-798,BACKTESTER-001,MLSignalStrategyV2-V2,EUR/USD.IDEALPRO,IDEALPRO-1-798,EUR/USD.IDEALPRO-MLSignalStrategyV2-V2,IDEALPRO-001,IDEALPRO-1-88925,LIMIT,SELL,100000.00,GTC,True,False,100000.00,MAKER,1.04671,0.0,['2.09 USD'],NO_TRIGGER,FILLED,OUO,OL-20250214-000000-001-V2-266,['O-20250214-000000-001-V2-797'],O-20250214-000000-001-V2-796,,,,['V2_POS1_TP'],4fd02fcd-b873-49d5-99a9-07097605bf2a,1739491200000000000,1739492520000000000,,,,,1.04671,False,
O-20250214-003000-001-V2-799,BACKTESTER-001,MLSignalStrategyV2-V2,EUR/USD.IDEALPRO,IDEALPRO-1-799,EUR/USD.IDEALPRO-MLSignalStrategyV2-V2,IDEALPRO-001,IDEALPRO-1-88943,MARKET,BUY,100000.00,GTC,False,False,100000.00,TAKER,1.04648,0.0,['2.09 USD'],NO_TRIGGER,FILLED,OTO,OL-20250214-003000-001-V2-267,"['O-20250214-003000-001-V2-800', 'O-20250214-003000-001-V2-801']",,,,,['V2_POS1'],d0632fe0-4ed7-453a-87d7-c362e81fd4b1,1739493000000000000,1739493000000000000,,,,,,,
O-20250214-003000-001-V2-800,BACKTESTER-001,MLSignalStrategyV2-V2,EUR/USD.IDEALPRO,IDEALPRO-1-800,EUR/USD.IDEALPRO-MLSignalStrategyV2-V2,IDEALPRO-001,IDEALPRO-1-88995,STOP_MARKET,SELL,100000.00,GTC,True,False,100000.00,TAKER,1.04592,2.999999999997449e-05,['2.09 USD'],NO_TRIGGER,FILLED,OUO,OL-20250214-003000-001-V2-267,['O-20250214-003000-001-V2-801'],O-20250214-003000-001-V2-799,,,,['V2_POS1_SL'],a7db5646-56a1-4eb5-889b-bb75b4272bd2,1739493000000000000,1739494560000000000,1.04595,DEFAULT,,,,,
O-20250214-003000-001-V2-801,BACKTESTER-001,MLSignalStrategyV2-V2,EUR/USD.IDEALPRO,IDEALPRO-1-801,EUR/USD.IDEALPRO-MLSignalStrategyV2-V2,IDEALPRO-001,,LIMIT,SELL,100000.00,GTC,True,False,0.00,NO_LIQUIDITY_SIDE,,,,NO_TRIGGER,CANCELED,OUO,OL-20250214-003000-001-V2-267,['O-20250214-003000-001-V2-800'],O-20250214-003000-001-V2-799,,,,['V2_POS1_TP'],4ae8f07c-bc06-4861-a850-c11a7f2f5ad3,1739493000000000000,1739494560000000000,,,,,1.04699,False,
O-20250214-020000-001-V2-802,BACKTESTER-001,MLSignalStrategyV2-V2,EUR/USD.IDEALPRO,IDEALPRO-1-802,EUR/USD.IDEALPRO-MLSignalStrategyV2-V2,IDEALPRO-001,IDEALPRO-1-89125,MARKET,BUY,100000.00,GTC,False,False,100000.00,TAKER,1.04594,0.0,['2.09 USD'],NO_TRIGGER,FILLED,OTO,OL-20250214-020000-001-V2-268,"['O-20250214-020000-001-V2-803', 'O-20250214-020000-001-V2-804']",,,,,['V2_POS1'],f553f990-2a94-475f-a5a7-3fc56276a94e,1739498400000000000,1739498400000000000,,,,,,,
O-20250214-020000-001-V2-803,BACKTESTER-001,MLSignalStrategyV2-V2,EUR/USD.IDEALPRO,IDEALPRO-1-803,EUR/USD.IDEALPRO-MLSignalStrategyV2-V2,IDEALPRO-001,IDEALPRO-1-89255,STOP_MARKET,SELL,100000.00,GTC,True,False,100000.00,TAKER,1.04547,2.0000000000131024e-05,['2.09 USD'],NO_TRIGGER,FILLED,OUO,OL-20250214-020000-001-V2-268,['O-20250214-020000-001-V2-804'],O-20250214-020000-001-V2-802,,,,['V2_POS1_SL'],eac77892-1886-4e7f-a5f7-3751ec70bfd5,1739498400000000000,1739502300000000000,1.04549,DEFAULT,,,,,
O-20250214-020000-001-V2-804,BACKTESTER-001,MLSignalStrategyV2-V2,EUR/USD.IDEALPRO,IDEALPRO-1-804,EUR/USD.IDEALPRO-MLSignalStrategyV2-V2,IDEALPRO-001,,LIMIT,SELL,100000.00,GTC,True,False,0.00,NO_LIQUIDITY_SIDE,,,,NO_TRIGGER,CANCELED,OUO,OL-20250214-020000-001-V2-268,['O-20250214-020000-001-V2-803'],O-20250214-020000-001-V2-802,,,,['V2_POS1_TP'],58e99826-2255-475c-9969-51f32cb4ae7e,1739498400000000000,1739502300000000000,,,,,1.04639,False,
O-20250214-031500-001-V2-805,BACKTESTER-001,MLSignalStrategyV2-V2,EUR/USD.IDEALPRO,IDEALPRO-1-805,EUR/USD.IDEALPRO-MLSignalStrategyV2-V2,IDEALPRO-001,IDEALPRO-1-89276,MARKET,SELL,100000.00,GTC,False,False,100000.00,TAKER,1.04563,0.0,['2.09 USD'],NO_TRIGGER,FILLED,OTO,OL-20250214-031500-001-V2-269,"['O-20250214-031500-001-V2-806', 'O-20250214-031500-001-V2-807']",,,,,['V2_POS1'],3fe9ece0-e10a-4afd-8a4d-f877c75863ea,1739502900000000000,1739502900000000000,,,,,,,
O-20250214-031500-001-V2-806,BACKTESTER-001,MLSignalStrategyV2-V2,EUR/USD.IDEALPRO,IDEALPRO-1-806,EUR/USD.IDEALPRO-MLSignalStrategyV2-V2,IDEALPRO-001,IDEALPRO-1-89315,STOP_MARKET,BUY,100000.00,GTC,True,False,100000.00,TAKER,1.04608,7.999999999985796e-05,['2.09 USD'],NO_TRIGGER,FILLED,OUO,OL-20250214-031500-001-V2-269,['O-20250214-031500-001-V2-807'],O-20250214-031500-001-V2-805,,,,['V2_POS1_SL'],0afc3152-1dc0-4732-8716-5b3f48a0ff27,1739502900000000000,1739504040000000000,1.04600,DEFAULT,,,,,
O-20250214-031500-001-V2-807,BACKTESTER-001,MLSignalStrategyV2-V2,EUR/USD.IDEALPRO,IDEALPRO-1-807,EUR/USD.IDEALPRO-MLSignalStrategyV2-V2,IDEALPRO-001,,LIMIT,BUY,100000.00,GTC,True,False,0.00,NO_LIQUIDITY_SIDE,,,,NO_TRIGGER,CANCELED,OUO,OL-20250214-031500-001-V2-269,['O-20250214-031500-001-V2-806'],O-20250214-031500-001-V2-805,,,,['V2_POS1_TP'],c7094a03-efbe-4ea4-9336-598c3a960c01,1739502900000000000,1739504040000000000,,,,,1.04528,False,
O-20250214-050000-001-V2-808,BACKTESTER-001,MLSignalStrategyV2-V2,EUR/USD.IDEALPRO,IDEALPRO-1-808,EUR/USD.IDEALPRO-MLSignalStrategyV2-V2,IDEALPRO-001,IDEALPRO-1-89489,MARKET,BUY,100000.00,GTC,False,False,100000.00,TAKER,1.0455,0.0,['2.09 USD'],NO_TRIGGER,FILLED,OTO,OL-20250214-050000-001-V2-270,"['O-20250214-050000-001-V2-809', 'O-20250214-050000-001-V2-810']",,,,,['V2_POS1'],3c5594fc-ab4d-47c8-8cd5-4ae312b1adc9,1739509200000000000,1739509200000000000,,,,,,,
O-20250214-050000-001-V2-809,BACKTESTER-001,MLSignalStrategyV2-V2,EUR/USD.IDEALPRO,IDEALPRO-1-809,EUR/USD.IDEALPRO-MLSignalStrategyV2-V2,IDEALPRO-001,IDEALPRO-1-89515,STOP_MARKET,SELL,100000.00,GTC,True,False,100000.00,TAKER,1.04507,0.0001100000000000545,['2.09 USD'],NO_TRIGGER,FILLED,OUO,OL-20250214-050000-001-V2-270,['O-20250214-050000-001-V2-810'],O-20250214-050000-001-V2-808,,,,['V2_POS1_SL'],88dfb323-72f2-4fd8-a2b2-86c74ac9686a,1739509200000000000,1739509980000000000,1.04518,DEFAULT,,,,,
O-20250214-050000-001-V2-810,BACKTESTER-001,MLSignalStrategyV2-V2,EUR/USD.IDEALPRO,IDEALPRO-1-810,EUR/USD.IDEALPRO-MLSignalStrategyV2-V2,IDEALPRO-001,,LIMIT,SELL,100000.00,GTC,True,False,0.00,NO_LIQUIDITY_SIDE,,,,NO_TRIGGER,CANCELED,OUO,OL-20250214-050000-001-V2-270,['O-20250214-050000-001-V2-809'],O-20250214-050000-001-V2-808,,,,['V2_POS1_TP'],5ed4b24f-74b5-4704-9325-12d848016437,1739509200000000000,1739509980000000000,,,,,1.04582,False,
O-20250214-051500-001-V2-811,BACKTESTER-001,MLSignalStrategyV2-V2,EUR/USD.IDEALPRO,IDEALPRO-1-811,EUR/USD.IDEALPRO-MLSignalStrategyV2-V2,IDEALPRO-001,IDEALPRO-1-89520,MARKET,BUY,100000.00,GTC,False,False,100000.00,TAKER,1.04512,0.0,['2.09 USD'],NO_TRIGGER,FILLED,OTO,OL-20250214-051500-001-V2-271,"['O-20250214-051500-001-V2-812', 'O-20250214-051500-001-V2-813']",,,,,['V2_POS1'],409063b2-6943-4973-801e-fb9db2e25c55,1739510100000000000,1739510100000000000,,,,,,,
O-20250214-051500-001-V2-812,BACKTESTER-001,MLSignalStrategyV2-V2,EUR/USD.IDEALPRO,IDEALPRO-1-812,EUR/USD.IDEALPRO-MLSignalStrategyV2-V2,IDEALPRO-001,IDEALPRO-1-89571,STOP_MARKET,SELL,100000.00,GTC,True,False,100000.00,TAKER,1.04471,8.999999999992347e-05,['2.09 USD'],NO_TRIGGER,FILLED,OUO,OL-20250214-051500-001-V2-271,['O-20250214-051500-001-V2-813'],O-20250214-051500-001-V2-811,,,,['V2_POS1_SL'],136b9a48-8301-4c31-811b-adb9a589c16f,1739510100000000000,1739511600000000000,1.04480,DEFAULT,,,,,
O-20250214-051500-001-V2-813,BACKTESTER-001,MLSignalStrategyV2-V2,EUR/USD.IDEALPRO,IDEALPRO-1-813,EUR/USD.IDEALPRO-MLSignalStrategyV2-V2,IDEALPRO-001,,LIMIT,SELL,100000.00,GTC,True,False,0.00,NO_LIQUIDITY_SIDE,,,,NO_TRIGGER,CANCELED,OUO,OL-20250214-051500-001-V2-271,['O-20250214-051500-001-V2-812'],O-20250214-051500-001-V2-811,,,,['V2_POS1_TP'],3d34e4e1-3d41-4d6a-8c85-fcde470728eb,1739510100000000000,1739511600000000000,,,,,1.04544,False,
O-20250214-063000-001-V2-814,BACKTESTER-001,MLSignalStrategyV2-V2,EUR/USD.IDEALPRO,IDEALPRO-1-814,EUR/USD.IDEALPRO-MLSignalStrategyV2-V2,IDEALPRO-001,IDEALPRO-1-89672,MARKET,BUY,100000.00,GTC,False,False,100000.00,TAKER,1.04557,0.0,['2.09 USD'],NO_TRIGGER,FILLED,OTO,OL-20250214-063000-001-V2-272,"['O-20250214-063000-001-V2-815', 'O-20250214-063000-001-V2-816']",,,,,['V2_POS1'],4e26f5ca-5a0c-42d0-9487-726c1a819fa1,1739514600000000000,1739514600000000000,,,,,,,
O-20250214-063000-001-V2-815,BACKTESTER-001,MLSignalStrategyV2-V2,EUR/USD.IDEALPRO,IDEALPRO-1-815,EUR/USD.IDEALPRO-MLSignalStrategyV2-V2,IDEALPRO-001,,STOP_MARKET,SELL,100000.00,GTC,True,False,0.00,NO_LIQUIDITY_SIDE,,,,NO_TRIGGER,CANCELED,OUO,OL-20250214-063000-001-V2-272,['O-20250214-063000-001-V2-816'],O-20250214-063000-001-V2-814,,,,['V2_POS1_SL'],8e8b4d15-9b73-42f8-a58e-14499024e5ea,1739514600000000000,1739515140000000000,1.04527,DEFAULT,,,,,
O-20250214-063000-001-V2-816,BACKTESTER-001,MLSignalStrategyV2-V2,EUR/USD.IDEALPRO,IDEALPRO-1-816,EUR/USD.IDEALPRO-MLSignalStrategyV2-V2,IDEALPRO-001,IDEALPRO-1-89691,LIMIT,SELL,100000.00,GTC,True,False,100000.00,MAKER,1.0459,-2.999999999997449e-05,['2.09 USD'],NO_TRIGGER,FILLED,OUO,OL-20250214-063000-001-V2-272,['O-20250214-063000-001-V2-815'],O-20250214-063000-001-V2-814,,,,['V2_POS1_TP'],b9687ef6-58b6-4051-a443-7e982f50d523,1739514600000000000,1739515140000000000,,,,,1.04587,False,
O-20250214-084500-001-V2-817,BACKTESTER-001,MLSignalStrategyV2-V2,EUR/USD.IDEALPRO,IDEALPRO-1-817,EUR/USD.IDEALPRO-MLSignalStrategyV2-V2,IDEALPRO-001,IDEALPRO-1-89944,MARKET,SELL,100000.00,GTC,False,False,100000.00,TAKER,1.04858,0.0,['2.10 USD'],NO_TRIGGER,FILLED,OTO,OL-20250214-084500-001-V2-273,"['O-20250214-084500-001-V2-818', 'O-20250214-084500-001-V2-819']",,,,,['V2_POS1'],0eab13cb-b234-4d7d-b32e-2256074e9c7a,1739522700000000000,1739522700000000000,,,,,,,
O-20250214-084500-001-V2-818,BACKTESTER-001,MLSignalStrategyV2-V2,EUR/USD.IDEALPRO,IDEALPRO-1-818,EUR/USD.IDEALPRO-MLSignalStrategyV2-V2,IDEALPRO-001,,STOP_MARKET,BUY,100000.00,GTC,True,False,0.00,NO_LIQUIDITY_SIDE,,,,NO_TRIGGER,CANCELED,OUO,OL-20250214-084500-001-V2-273,['O-20250214-084500-001-V2-819'],O-20250214-084500-001-V2-817,,,,['V2_POS1_SL'],285dcb08-8fba-415f-b702-1f1fa2e75843,1739522700000000000,1739523360000000000,1.04907,DEFAULT,,,,,
O-20250214-084500-001-V2-819,BACKTESTER-001,MLSignalStrategyV2-V2,EUR/USD.IDEALPRO,IDEALPRO-1-819,EUR/USD.IDEALPRO-MLSignalStrategyV2-V2,IDEALPRO-001,IDEALPRO-1-89967,LIMIT,BUY,100000.00,GTC,True,False,100000.00,MAKER,1.04792,-0.00017000000000000348,['2.10 USD'],NO_TRIGGER,FILLED,OUO,OL-20250214-084500-001-V2-273,['O-20250214-084500-001-V2-818'],O-20250214-084500-001-V2-817,,,,['V2_POS1_TP'],0ef92b20-1bc5-4046-a1a9-f083d96f2cd4,1739522700000000000,1739523360000000000,,,,,1.04809,False,
O-20250214-161500-001-V2-820,BACKTESTER-001,MLSignalStrategyV2-V2,EUR/USD.IDEALPRO,IDEALPRO-1-820,EUR/USD.IDEALPRO-MLSignalStrategyV2-V2,IDEALPRO-001,IDEALPRO-1-90846,MARKET,SELL,100000.00,GTC,False,False,100000.00,TAKER,1.05051,0.0,['2.10 USD'],NO_TRIGGER,FILLED,OTO,OL-20250214-161500-001-V2-274,"['O-20250214-161500-001-V2-821', 'O-20250214-161500-001-V2-822']",,,,,['V2_POS1'],9d9cdd9c-c800-4c7f-b3c2-e9b645afdbf2,1739549700000000000,1739549700000000000,,,,,,,
O-20250214-161500-001-V2-821,BACKTESTER-001,MLSignalStrategyV2-V2,EUR/USD.IDEALPRO,IDEALPRO-1-821,EUR/USD.IDEALPRO-MLSignalStrategyV2-V2,IDEALPRO-001,,STOP_MARKET,BUY,100000.00,GTC,True,False,0.00,NO_LIQUIDITY_SIDE,,,,NO_TRIGGER,CANCELED,OUO,OL-20250214-161500-001-V2-274,['O-20250214-161500-001-V2-822'],O-20250214-161500-001-V2-820,,,,['V2_POS1_SL'],0d96389a-cb3c-4716-8d39-0f3736a16ad9,1739549700000000000,1739552460000000000,1.05136,DEFAULT,,,,,
O-20250214-161500-001-V2-822,BACKTESTER-001,MLSignalStrategyV2-V2,EUR/USD.IDEALPRO,IDEALPRO-1-822,EUR/USD.IDEALPRO-MLSignalStrategyV2-V2,IDEALPRO-001,IDEALPRO-1-90939,LIMIT,BUY,100000.00,GTC,True,False,100000.00,MAKER,1.04966,-1.999999999990898e-05,['2.10 USD'],NO_TRIGGER,FILLED,OUO,OL-20250214-161500-001-V2-274,['O-20250214-161500-001-V2-821'],O-20250214-161500-001-V2-820,,,,['V2_POS1_TP'],f8451e6b-60ba-4c0e-9569-341acbb3af21,1739549700000000000,1739552460000000000,,,,,1.04968,False,
O-20250214-210000-001-V2-823,BACKTESTER-001,MLSignalStrategyV2-V2,EUR/USD.IDEALPRO,IDEALPRO-1-823,EUR/USD.IDEALPRO-MLSignalStrategyV2-V2,IDEALPRO-001,IDEALPRO-1-91419,MARKET,BUY,100000.00,GTC,False,False,100000.00,TAKER,1.04922,0.0,['2.10 USD'],NO_TRIGGER,FILLED,OTO,OL-20250214-210000-001-V2-275,"['O-20250214-210000-001-V2-824', 'O-20250214-210000-001-V2-825']",,,,,['V2_POS1'],1dcd2d8a-c70e-4d70-84a0-04c6070823a2,1739566800000000000,1739566800000000000,,,,,,,
O-20250214-210000-001-V2-824,BACKTESTER-001,MLSignalStrategyV2-V2,EUR/USD.IDEALPRO,IDEALPRO-1-824,EUR/USD.IDEALPRO-MLSignalStrategyV2-V2,IDEALPRO-001,IDEALPRO-1-91529,STOP_MARKET,SELL,100000.00,GTC,True,False,100000.00,TAKER,1.04885,9.999999999843467e-06,['2.10 USD'],NO_TRIGGER,FILLED,OUO,OL-20250214-210000-001-V2-275,['O-20250214-210000-001-V2-825'],O-20250214-210000-001-V2-823,,,,['V2_POS1_SL'],b29e48b5-d5c7-49ff-9ea5-31690733ad90,1739566800000000000,1739570100000000000,1.04886,DEFAULT,,,,,
O-20250214-210000-001-V2-825,BACKTESTER-001,MLSignalStrategyV2-V2,EUR/USD.IDEALPRO,IDEALPRO-1-825,EUR/USD.IDEALPRO-MLSignalStrategyV2-V2,IDEALPRO-001,,LIMIT,SELL,100000.00,GTC,True,False,0.00,NO_LIQUIDITY_SIDE,,,,NO_TRIGGER,CANCELED,OUO,OL-20250214-210000-001-V2-275,['O-20250214-210000-001-V2-824'],O-20250214-210000-001-V2-823,,,,['V2_POS1_TP'],880ccf09-ef2f-4589-b7e9-7a580f3c0b06,1739566800000000000,1739570100000000000,,,,,1.04958,False,
O-20250216-223000-001-V2-826,BACKTESTER-001,MLSignalStrategyV2-V2,EUR/USD.IDEALPRO,IDEALPRO-1-826,EUR/USD.IDEALPRO-MLSignalStrategyV2-V2,IDEALPRO-001,IDEALPRO-1-91570,MARKET,BUY,100000.00,GTC,False,False,100000.00,TAKER,1.04869,0.0,['2.10 USD'],NO_TRIGGER,FILLED,OTO,OL-20250216-223000-001-V2-276,"['O-20250216-223000-001-V2-827', 'O-20250216-223000-001-V2-828']",,,,,['V2_POS1'],de02f21a-a38d-45ed-8e4e-87d24c3b4414,1739745000000000000,1739745000000000000,,,,,,,
O-20250216-223000-001-V2-827,BACKTESTER-001,MLSignalStrategyV2-V2,EUR/USD.IDEALPRO,IDEALPRO-1-827,EUR/USD.IDEALPRO-MLSignalStrategyV2-V2,IDEALPRO-001,,STOP_MARKET,SELL,100000.00,GTC,True,False,0.00,NO_LIQUIDITY_SIDE,,,,NO_TRIGGER,CANCELED,OUO,OL-20250216-223000-001-V2-276,['O-20250216-223000-001-V2-828'],O-20250216-223000-001-V2-826,,,,['V2_POS1_SL'],b8a13741-b906-4d9e-973e-118d45b47da7,1739745000000000000,1739745600000000000,1.04837,DEFAULT,,,,,
O-20250216-223000-001-V2-828,BACKTESTER-001,MLSignalStrategyV2-V2,EUR/USD.IDEALPRO,IDEALPRO-1-828,EUR/USD.IDEALPRO-MLSignalStrategyV2-V2,IDEALPRO-001,IDEALPRO-1-91591,LIMIT,SELL,100000.00,GTC,True,False,100000.00,MAKER,1.04902,-1.0000000000065512e-05,['2.10 USD'],NO_TRIGGER,FILLED,OUO,OL-20250216-223000-001-V2-276,['O-20250216-223000-001-V2-827'],O-20250216-223000-001-V2-826,,,,['V2_POS1_TP'],1680af64-0eeb-40bd-bb79-ce6329eee3a4,1739745000000000000,1739745600000000000,,,,,1.04901,False,
O-20250216-224500-001-V2-829,BACKTESTER-001,MLSignalStrategyV2-V2,EUR/USD.IDEALPRO,IDEALPRO-1-829,EUR/USD.IDEALPRO-MLSignalStrategyV2-V2,IDEALPRO-001,IDEALPRO-1-91601,MARKET,BUY,100000.00,GTC,False,False,100000.00,TAKER,1.04896,0.0,['2.10 USD'],NO_TRIGGER,FILLED,OTO,OL-20250216-224500-001-V2-277,"['O-20250216-224500-001-V2-830', 'O-20250216-224500-001-V2-831']",,,,,['V2_POS1'],e1dfc424-4049-4936-8928-c3dea4075fba,1739745900000000000,1739745900000000000,,,,,,,
O-20250216-224500-001-V2-830,BACKTESTER-001,MLSignalStrategyV2-V2,EUR/USD.IDEALPRO,IDEALPRO-1-830,EUR/USD.IDEALPRO-MLSignalStrategyV2-V2,IDEALPRO-001,,STOP_MARKET,SELL,100000.00,GTC,True,False,0.00,NO_LIQUIDITY_SIDE,,,,NO_TRIGGER,CANCELED,OUO,OL-20250216-224500-001-V2-277,['O-20250216-224500-001-V2-831'],O-20250216-224500-001-V2-829,,,,['V2_POS1_SL'],311c46dc-96b0-4f71-8034-364131910178,1739745900000000000,1739747700000000000,1.04869,DEFAULT,,,,,
O-20250216-224500-001-V2-831,BACKTESTER-001,MLSignalStrategyV2-V2,EUR/USD.IDEALPRO,IDEALPRO-1-831,EUR/USD.IDEALPRO-MLSignalStrategyV2-V2,IDEALPRO-001,IDEALPRO-1-91663,LIMIT,SELL,100000.00,GTC,True,False,100000.00,MAKER,1.04937,-7.999999999985796e-05,['2.10 USD'],NO_TRIGGER,FILLED,OUO,OL-20250216-224500-001-V2-277,['O-20250216-224500-001-V2-830'],O-20250216-224500-001-V2-829,,,,['V2_POS1_TP'],0491bcdb-fca3-4cd0-bf79-b6e93398d993,1739745900000000000,1739747700000000000,,,,,1.04929,False,
O-20250216-231500-001-V2-832,BACKTESTER-001,MLSignalStrategyV2-V2,EUR/USD.IDEALPRO,IDEALPRO-1-832,EUR/USD.IDEALPRO-MLSignalStrategyV2-V2,IDEALPRO-001,IDEALPRO-1-91664,MARKET,BUY,100000.00,GTC,False,False,100000.00,TAKER,1.04924,0.0,['2.10 USD'],NO_TRIGGER,FILLED,OTO,OL-20250216-231500-001-V2-278,"['O-20250216-231500-001-V2-833', 'O-20250216-231500-001-V2-834']",,,,,['V2_POS1'],54dd01ba-d7b6-4bf2-b6c3-2e3432b540d2,1739747700000000000,1739747700000000000,,,,,,,
O-20250216-231500-001-V2-833,BACKTESTER-001,MLSignalStrategyV2-V2,EUR/USD.IDEALPRO,IDEALPRO-1-833,EUR/USD.IDEALPRO-MLSignalStrategyV2-V2,IDEALPRO-001,IDEALPRO-1-91681,STOP_MARKET,SELL,100000.00,GTC,True,False,100000.00,TAKER,1.04865,0.00027999999999983594,['2.10 USD'],NO_TRIGGER,FILLED,OUO,OL-20250216-231500-001-V2-278,['O-20250216-231500-001-V2-834'],O-20250216-231500-001-V2-832,,,,['V2_POS1_SL'],b16e833c-2ec0-41c1-a3c4-845d821e037a,1739747700000000000,1739748180000000000,1.04893,DEFAULT,,,,,
O-20250216-231500-001-V2-834,BACKTESTER-001,MLSignalStrategyV2-V2,EUR/USD.IDEALPRO,IDEALPRO-1-834,EUR/USD.IDEALPRO-MLSignalStrategyV2-V2,IDEALPRO-001,,LIMIT,SELL,100000.00,GTC,True,False,0.00,NO_LIQUIDITY_SIDE,,,,NO_TRIGGER,CANCELED,OUO,OL-20250216-231500-001-V2-278,['O-20250216-231500-001-V2-833'],O-20250216-231500-001-V2-832,,,,['V2_POS1_TP'],609af3d5-2966-4f6f-9e56-c5fb929d9948,1739747700000000000,1739748180000000000,,,,,1.04953,False,
O-20250216-233000-001-V2-835,BACKTESTER-001,MLSignalStrategyV2-V2,EUR/USD.IDEALPRO,IDEALPRO-1-835,EUR/USD.IDEALPRO-MLSignalStrategyV2-V2,IDEALPRO-001,IDEALPRO-1-91696,MARKET,BUY,100000.00,GTC,False,False,100000.00,TAKER,1.04865,0.0,['2.10 USD'],NO_TRIGGER,FILLED,OTO,OL-20250216-233000-001-V2-279,"['O-20250216-233000-001-V2-836', 'O-20250216-233000-001-V2-837']",,,,,['V2_POS1'],98ff1149-b67b-4a3a-abee-b2a05ddac7fd,1739748600000000000,1739748600000000000,,,,,,,
O-20250216-233000-001-V2-836,BACKTESTER-001,MLSignalStrategyV2-V2,EUR/USD.IDEALPRO,IDEALPRO-1-836,EUR/USD.IDEALPRO-MLSignalStrategyV2-V2,IDEALPRO-001,,STOP_MARKET,SELL,100000.00,GTC,True,False,0.00,NO_LIQUIDITY_SIDE,,,,NO_TRIGGER,CANCELED,OUO,OL-20250216-233000-001-V2-279,['O-20250216-233000-001-V2-837'],O-20250216-233000-001-V2-835,,,,['V2_POS1_SL'],abd9e25c-da84-4880-a8c2-8a22d8fd2d2f,1739748600000000000,1739749860000000000,1.04830,DEFAULT,,,,,
O-20250216-233000-001-V2-837,BACKTESTER-001,MLSignalStrategyV2-V2,EUR/USD.IDEALPRO,IDEALPRO-1-837,EUR/USD.IDEALPRO-MLSignalStrategyV2-V2,IDEALPRO-001,IDEALPRO-1-91739,LIMIT,SELL,100000.00,GTC,True,False,100000.00,MAKER,1.04913,-0.00012999999999996348,['2.10 USD'],NO_TRIGGER,FILLED,OUO,OL-20250216-233000-001-V2-279,['O-20250216-233000-001-V2-836'],O-20250216-233000-001-V2-835,,,,['V2_POS1_TP'],eafbe4b5-8e12-429f-b62d-ad7ceff4ee66,1739748600000000000,1739749860000000000,,,,,1.04900,False,
O-20250217-003000-001-V2-838,BACKTESTER-001,MLSignalStrategyV2-V2,EUR/USD.IDEALPRO,IDEALPRO-1-838,EUR/USD.IDEALPRO-MLSignalStrategyV2-V2,IDEALPRO-001,IDEALPRO-1-91819,MARKET,SELL,100000.00,GTC,False,False,100000.00,TAKER,1.0487,0.0,['2.10 USD'],NO_TRIGGER,FILLED,OTO,OL-20250217-003000-001-V2-280,"['O-20250217-003000-001-V2-839', 'O-20250217-003000-001-V2-840']",,,,,['V2_POS1'],f7d27a9f-9d06-415c-9383-d4da97ebd949,1739752200000000000,1739752200000000000,,,,,,,
O-20250217-003000-001-V2-839,BACKTESTER-001,MLSignalStrategyV2-V2,EUR/USD.IDEALPRO,IDEALPRO-1-839,EUR/USD.IDEALPRO-MLSignalStrategyV2-V2,IDEALPRO-001,IDEALPRO-1-91837,STOP_MARKET,BUY,100000.00,GTC,True,False,100000.00,TAKER,1.04905,0.0,['2.10 USD'],NO_TRIGGER,FILLED,OUO,OL-20250217-003000-001-V2-280,['O-20250217-003000-001-V2-840'],O-20250217-003000-001-V2-838,,,,['V2_POS1_SL'],53f5ecd2-5af9-4002-bacf-42fbbc7057f1,1739752200000000000,1739752740000000000,1.04905,DEFAULT,,,,,
O-20250217-003000-001-V2-840,BACKTESTER-001,MLSignalStrategyV2-V2,EUR/USD.IDEALPRO,IDEALPRO-1-840,EUR/USD.IDEALPRO-MLSignalStrategyV2-V2,IDEALPRO-001,,LIMIT,BUY,100000.00,GTC,True,False,0.00,NO_LIQUIDITY_SIDE,,,,NO_TRIGGER,CANCELED,OUO,OL-20250217-003000-001-V2-280,['O-20250217-003000-001-V2-839'],O-20250217-003000-001-V2-838,,,,['V2_POS1_TP'],cdc9291b-7730-4c56-8b14-96d685428573,1739752200000000000,1739752740000000000,,,,,1.04835,False,
O-20250217-030000-001-V2-841,BACKTESTER-001,MLSignalStrategyV2-V2,EUR/USD.IDEALPRO,IDEALPRO-1-841,EUR/USD.IDEALPRO-MLSignalStrategyV2-V2,IDEALPRO-001,IDEALPRO-1-92120,MARKET,SELL,100000.00,GTC,False,False,100000.00,TAKER,1.05012,0.0,['2.10 USD'],NO_TRIGGER,FILLED,OTO,OL-20250217-030000-001-V2-281,"['O-20250217-030000-001-V2-842', 'O-20250217-030000-001-V2-843']",,,,,['V2_POS1'],d5c81876-6c4d-4eb4-aac2-61e2dd952c9a,1739761200000000000,1739761200000000000,,,,,,,
O-20250217-030000-001-V2-842,BACKTESTER-001,MLSignalStrategyV2-V2,EUR/USD.IDEALPRO,IDEALPRO-1-842,EUR/USD.IDEALPRO-MLSignalStrategyV2-V2,IDEALPRO-001,,STOP_MARKET,BUY,100000.00,GTC,True,False,0.00,NO_LIQUIDITY_SIDE,,,,NO_TRIGGER,CANCELED,OUO,OL-20250217-030000-001-V2-281,['O-20250217-030000-001-V2-843'],O-20250217-030000-001-V2-841,,,,['V2_POS1_SL'],97b22720-d0cf-4224-9782-661e4feb84cd,1739761200000000000,1739762520000000000,1.05051,DEFAULT,,,,,
O-20250217-030000-001-V2-843,BACKTESTER-001,MLSignalStrategyV2-V2,EUR/USD.IDEALPRO,IDEALPRO-1-843,EUR/USD.IDEALPRO-MLSignalStrategyV2-V2,IDEALPRO-001,IDEALPRO-1-92165,LIMIT,BUY,100000.00,GTC,True,False,100000.00,MAKER,1.04966,-8.999999999992347e-05,['2.10 USD'],NO_TRIGGER,FILLED,OUO,OL-20250217-030000-001-V2-281,['O-20250217-030000-001-V2-842'],O-20250217-030000-001-V2-841,,,,['V2_POS1_TP'],09090f61-c3cb-4c3c-9f7c-0fe99bbf2691,1739761200000000000,1739762520000000000,,,,,1.04975,False,
O-20250217-033000-001-V2-844,BACKTESTER-001,MLSignalStrategyV2-V2,EUR/USD.IDEALPRO,IDEALPRO-1-844,EUR/USD.IDEALPRO-MLSignalStrategyV2-V2,IDEALPRO-001,IDEALPRO-1-92183,MARKET,SELL,100000.00,GTC,False,False,100000.00,TAKER,1.04958,0.0,['2.10 USD'],NO_TRIGGER,FILLED,OTO,OL-20250217-033000-001-V2-282,"['O-20250217-033000-001-V2-845', 'O-20250217-033000-001-V2-846']",,,,,['V2_POS1'],3959e05b-d744-47bf-8547-42a0e3c86e1e,1739763000000000000,1739763000000000000,,,,,,,
O-20250217-033000-001-V2-845,BACKTESTER-001,MLSignalStrategyV2-V2,EUR/USD.IDEALPRO,IDEALPRO-1-845,EUR/USD.IDEALPRO-MLSignalStrategyV2-V2,IDEALPRO-001,,STOP_MARKET,BUY,100000.00,GTC,True,False,0.00,NO_LIQUIDITY_SIDE,,,,NO_TRIGGER,CANCELED,OUO,OL-20250217-033000-001-V2-282,['O-20250217-033000-001-V2-846'],O-20250217-033000-001-V2-844,,,,['V2_POS1_SL'],45358682-7045-4f81-9920-8d457bf28fab,1739763000000000000,1739765220000000000,1.05000,DEFAULT,,,,,
O-20250217-033000-001-V2-846,BACKTESTER-001,MLSignalStrategyV2-V2,EUR/USD.IDEALPRO,IDEALPRO-1-846,EUR/USD.IDEALPRO-MLSignalStrategyV2-V2,IDEALPRO-001,IDEALPRO-1-92257,LIMIT,BUY,100000.00,GTC,True,False,100000.00,MAKER,1.04914,-2.0000000000131024e-05,['2.10 USD'],NO_TRIGGER,FILLED,OUO,OL-20250217-033000-001-V2-282,['O-20250217-033000-001-V2-845'],O-20250217-033000-001-V2-844,,,,['V2_POS1_TP'],639746e2-5e93-44bc-85f3-4cd0d306c3f9,1739763000000000000,1739765220000000000,,,,,1.04916,False,
O-20250217-081500-001-V2-847,BACKTESTER-001,MLSignalStrategyV2-V2,EUR/USD.IDEALPRO,IDEALPRO-1-847,EUR/USD.IDEALPRO-MLSignalStrategyV2-V2,IDEALPRO-001,IDEALPRO-1-92754,MARKET,BUY,100000.00,GTC,False,False,100000.00,TAKER,1.04813,0.0,['2.10 USD'],NO_TRIGGER,FILLED,OTO,OL-20250217-081500-001-V2-283,"['O-20250217-081500-001-V2-848', 'O-20250217-081500-001-V2-849']",,,,,['V2_POS1'],5d6e3652-7dd5-48eb-a419-4de81f9a4de2,1739780100000000000,1739780100000000000,,,,,,,
O-20250217-081500-001-V2-848,BACKTESTER-001,MLSignalStrategyV2-V2,EUR/USD.IDEALPRO,IDEALPRO-1-848,EUR/USD.IDEALPRO-MLSignalStrategyV2-V2,IDEALPRO-001,IDEALPRO-1-92771,STOP_MARKET,SELL,100000.00,GTC,True,False,100000.00,TAKER,1.04757,7.00000000000145e-05,['2.10 USD'],NO_TRIGGER,FILLED,OUO,OL-20250217-081500-001-V2-283,['O-20250217-081500-001-V2-849'],O-20250217-081500-001-V2-847,,,,['V2_POS1_SL'],b8c6c950-012d-485c-8499-8f975da56069,1739780100000000000,1739780580000000000,1.04764,DEFAULT,,,,,
O-20250217-081500-001-V2-849,BACKTESTER-001,MLSignalStrategyV2-V2,EUR/USD.IDEALPRO,IDEALPRO-1-849,EUR/USD.IDEALPRO-MLSignalStrategyV2-V2,IDEALPRO-001,,LIMIT,SELL,100000.00,GTC,True,False,0.00,NO_LIQUIDITY_SIDE,,,,NO_TRIGGER,CANCELED,OUO,OL-20250217-081500-001-V2-283,['O-20250217-081500-001-V2-848'],O-20250217-081500-001-V2-847,,,,['V2_POS1_TP'],e1643e08-9047-4e5d-b76d-c7d9b25e0346,1739780100000000000,1739780580000000000,,,,,1.04862,False,
O-20250217-133000-001-V2-850,BACKTESTER-001,MLSignalStrategyV2-V2,EUR/USD.IDEALPRO,IDEALPRO-1-850,EUR/USD.IDEALPRO-MLSignalStrategyV2-V2,IDEALPRO-001,IDEALPRO-1-93386,MARKET,SELL,100000.00,GTC,False,False,100000.00,TAKER,1.04688,0.0,['2.09 USD'],NO_TRIGGER,FILLED,OTO,OL-20250217-133000-001-V2-284,"['O-20250217-133000-001-V2-851', 'O-20250217-133000-001-V2-852']",,,,,['V2_POS1'],c9479616-cc40-4c99-b864-8faf5edcdab2,1739799000000000000,1739799000000000000,,,,,,,
O-20250217-133000-001-V2-851,BACKTESTER-001,MLSignalStrategyV2-V2,EUR/USD.IDEALPRO,IDEALPRO-1-851,EUR/USD.IDEALPRO-MLSignalStrategyV2-V2,IDEALPRO-001,IDEALPRO-1-93421,STOP_MARKET,BUY,100000.00,GTC,True,False,100000.00,TAKER,1.04749,0.00012999999999996348,['2.09 USD'],NO_TRIGGER,FILLED,OUO,OL-20250217-133000-001-V2-284,['O-20250217-133000-001-V2-852'],O-20250217-133000-001-V2-850,,,,['V2_POS1_SL'],dae1a457-c8b6-4aa7-bfa5-f1057f8b88bb,1739799000000000000,1739800020000000000,1.04736,DEFAULT,,,,,
O-20250217-133000-001-V2-852,BACKTESTER-001,MLSignalStrategyV2-V2,EUR/USD.IDEALPRO,IDEALPRO-1-852,EUR/USD.IDEALPRO-MLSignalStrategyV2-V2,IDEALPRO-001,,LIMIT,BUY,100000.00,GTC,True,False,0.00,NO_LIQUIDITY_SIDE,,,,NO_TRIGGER,CANCELED,OUO,OL-20250217-133000-001-V2-284,['O-20250217-133000-001-V2-851'],O-20250217-133000-001-V2-850,,,,['V2_POS1_TP'],e7380584-5941-451a-98b3-6173693a3345,1739799000000000000,1739800020000000000,,,,,1.04640,False,
O-20250217-181500-001-V2-853,BACKTESTER-001,MLSignalStrategyV2-V2,EUR/USD.IDEALPRO,IDEALPRO-1-853,EUR/USD.IDEALPRO-MLSignalStrategyV2-V2,IDEALPRO-001,IDEALPRO-1-93959,MARKET,BUY,100000.00,GTC,False,False,100000.00,TAKER,1.04799,0.0,['2.10 USD'],NO_TRIGGER,FILLED,OTO,OL-20250217-181500-001-V2-285,"['O-20250217-181500-001-V2-854', 'O-20250217-181500-001-V2-855']",,,,,['V2_POS1'],fb54b3d5-cb18-4a46-8622-c866cf36d572,1739816100000000000,1739816100000000000,,,,,,,
O-20250217-181500-001-V2-854,BACKTESTER-001,MLSignalStrategyV2-V2,EUR/USD.IDEALPRO,IDEALPRO-1-854,EUR/USD.IDEALPRO-MLSignalStrategyV2-V2,IDEALPRO-001,,STOP_MARKET,SELL,100000.00,GTC,True,False,0.00,NO_LIQUIDITY_SIDE,,,,NO_TRIGGER,CANCELED,OUO,OL-20250217-181500-001-V2-285,['O-20250217-181500-001-V2-855'],O-20250217-181500-001-V2-853,,,,['V2_POS1_SL'],73787d40-1af3-47f2-83a2-b3953f642dff,1739816100000000000,1739819280000000000,1.04765,DEFAULT,,,,,
O-20250217-181500-001-V2-855,BACKTESTER-001,MLSignalStrategyV2-V2,EUR/USD.IDEALPRO,IDEALPRO-1-855,EUR/USD.IDEALPRO-MLSignalStrategyV2-V2,IDEALPRO-001,IDEALPRO-1-94065,LIMIT,SELL,100000.00,GTC,True,False,100000.00,MAKER,1.04831,0.0,['2.10 USD'],NO_TRIGGER,FILLED,OUO,OL-20250217-181500-001-V2-285,['O-20250217-181500-001-V2-854'],O-20250217-181500-001-V2-853,,,,['V2_POS1_TP'],d9266cea-6465-421d-8c3a-b72e0098d0ee,1739816100000000000,1739819280000000000,,,,,1.04831,False,
O-20250218-021500-001-V2-856,BACKTESTER-001,MLSignalStrategyV2-V2,EUR/USD.IDEALPRO,IDEALPRO-1-856,EUR/USD.IDEALPRO-MLSignalStrategyV2-V2,IDEALPRO-001,IDEALPRO-1-94890,MARKET,SELL,100000.00,GTC,False,False,100000.00,TAKER,1.04684,0.0,['2.09 USD'],NO_TRIGGER,FILLED,OTO,OL-20250218-021500-001-V2-286,"['O-20250218-021500-001-V2-857', 'O-20250218-021500-001-V2-858']",,,,,['V2_POS1'],ac96054c-072e-403c-bd3c-661c70b90a21,1739844900000000000,1739844900000000000,,,,,,,
O-20250218-021500-001-V2-857,BACKTESTER-001,MLSignalStrategyV2-V2,EUR/USD.IDEALPRO,IDEALPRO-1-857,EUR/USD.IDEALPRO-MLSignalStrategyV2-V2,IDEALPRO-001,,STOP_MARKET,BUY,100000.00,GTC,True,False,0.00,NO_LIQUIDITY_SIDE,,,,NO_TRIGGER,CANCELED,OUO,OL-20250218-021500-001-V2-286,['O-20250218-021500-001-V2-858'],O-20250218-021500-001-V2-856,,,,['V2_POS1_SL'],f603476f-d9f4-4fde-b76b-18c36f544231,1739844900000000000,1739848200000000000,1.04719,DEFAULT,,,,,
O-20250218-021500-001-V2-858,BACKTESTER-001,MLSignalStrategyV2-V2,EUR/USD.IDEALPRO,IDEALPRO-1-858,EUR/USD.IDEALPRO-MLSignalStrategyV2-V2,IDEALPRO-001,IDEALPRO-1-95001,LIMIT,BUY,100000.00,GTC,True,False,100000.00,MAKER,1.04645,-3.999999999981796e-05,['2.09 USD'],NO_TRIGGER,FILLED,OUO,OL-20250218-021500-001-V2-286,['O-20250218-021500-001-V2-857'],O-20250218-021500-001-V2-856,,,,['V2_POS1_TP'],b8331356-9af9-4a7e-b373-c0fc0730866f,1739844900000000000,1739848200000000000,,,,,1.04649,False,
O-20250218-033000-001-V2-859,BACKTESTER-001,MLSignalStrategyV2-V2,EUR/USD.IDEALPRO,IDEALPRO-1-859,EUR/USD.IDEALPRO-MLSignalStrategyV2-V2,IDEALPRO-001,IDEALPRO-1-95042,MARKET,SELL,100000.00,GTC,False,False,100000.00,TAKER,1.04667,0.0,['2.09 USD'],NO_TRIGGER,FILLED,OTO,OL-20250218-033000-001-V2-287,"['O-20250218-033000-001-V2-860', 'O-20250218-033000-001-V2-861']",,,,,['V2_POS1'],fb0ea2c6-b563-42d2-a032-c595fdf45471,1739849400000000000,1739849400000000000,,,,,,,
O-20250218-033000-001-V2-860,BACKTESTER-001,MLSignalStrategyV2-V2,EUR/USD.IDEALPRO,IDEALPRO-1-860,EUR/USD.IDEALPRO-MLSignalStrategyV2-V2,IDEALPRO-001,IDEALPRO-1-95049,STOP_MARKET,BUY,100000.00,GTC,True,False,100000.00,TAKER,1.04705,2.999999999997449e-05,['2.09 USD'],NO_TRIGGER,FILLED,OUO,OL-20250218-033000-001-V2-287,['O-20250218-033000-001-V2-861'],O-20250218-033000-001-V2-859,,,,['V2_POS1_SL'],32b5a876-e8c9-4e69-8530-2e751c2463bb,1739849400000000000,1739849580000000000,1.04702,DEFAULT,,,,,
O-20250218-033000-001-V2-861,BACKTESTER-001,MLSignalStrategyV2-V2,EUR/USD.IDEALPRO,IDEALPRO-1-861,EUR/USD.IDEALPRO-MLSignalStrategyV2-V2,IDEALPRO-001,,LIMIT,BUY,100000.00,GTC,True,False,0.00,NO_LIQUIDITY_SIDE,,,,NO_TRIGGER,CANCELED,OUO,OL-20250218-033000-001-V2-287,['O-20250218-033000-001-V2-860'],O-20250218-033000-001-V2-859,,,,['V2_POS1_TP'],98e4850b-e620-4236-a4a3-109e66d1ac33,1739849400000000000,1739849580000000000,,,,,1.04634,False,
O-20250218-053000-001-V2-862,BACKTESTER-001,MLSignalStrategyV2-V2,EUR/USD.IDEALPRO,IDEALPRO-1-862,EUR/USD.IDEALPRO-MLSignalStrategyV2-V2,IDEALPRO-001,IDEALPRO-1-95284,MARKET,BUY,100000.00,GTC,False,False,100000.00,TAKER,1.04548,0.0,['2.09 USD'],NO_TRIGGER,FILLED,OTO,OL-20250218-053000-001-V2-288,"['O-20250218-053000-001-V2-863', 'O-20250218-053000-001-V2-864']",,,,,['V2_POS1'],9d414dad-ea52-4d1c-9deb-b26f96f8cd20,1739856600000000000,1739856600000000000,,,,,,,
O-20250218-053000-001-V2-863,BACKTESTER-001,MLSignalStrategyV2-V2,EUR/USD.IDEALPRO,IDEALPRO-1-863,EUR/USD.IDEALPRO-MLSignalStrategyV2-V2,IDEALPRO-001,,STOP_MARKET,SELL,100000.00,GTC,True,False,0.00,NO_LIQUIDITY_SIDE,,,,NO_TRIGGER,CANCELED,OUO,OL-20250218-053000-001-V2-288,['O-20250218-053000-001-V2-864'],O-20250218-053000-001-V2-862,,,,['V2_POS1_SL'],6ca2b892-c38d-4d98-b8b0-cf9b8e50714e,1739856600000000000,1739859600000000000,1.04515,DEFAULT,,,,,
O-20250218-053000-001-V2-864,BACKTESTER-001,MLSignalStrategyV2-V2,EUR/USD.IDEALPRO,IDEALPRO-1-864,EUR/USD.IDEALPRO-MLSignalStrategyV2-V2,IDEALPRO-001,IDEALPRO-1-95385,LIMIT,SELL,100000.00,GTC,True,False,100000.00,MAKER,1.04586,-7.00000000000145e-05,['2.09 USD'],NO_TRIGGER,FILLED,OUO,OL-20250218-053000-001-V2-288,['O-20250218-053000-001-V2-863'],O-20250218-053000-001-V2-862,,,,['V2_POS1_TP'],c75b99da-7cbd-487d-9493-0fae58beafb7,1739856600000000000,1739859600000000000,,,,,1.04579,False,
O-20250218-123000-001-V2-865,BACKTESTER-001,MLSignalStrategyV2-V2,EUR/USD.IDEALPRO,IDEALPRO-1-865,EUR/USD.IDEALPRO-MLSignalStrategyV2-V2,IDEALPRO-001,IDEALPRO-1-96126,MARKET,BUY,100000.00,GTC,False,False,100000.00,TAKER,1.04541,0.0,['2.09 USD'],NO_TRIGGER,FILLED,OTO,OL-20250218-123000-001-V2-289,"['O-20250218-123000-001-V2-866', 'O-20250218-123000-001-V2-867']",,,,,['V2_POS1'],63b2cacc-e569-4328-a399-4bde1a5b6f5f,1739881800000000000,1739881800000000000,,,,,,,
O-20250218-123000-001-V2-866,BACKTESTER-001,MLSignalStrategyV2-V2,EUR/USD.IDEALPRO,IDEALPRO-1-866,EUR/USD.IDEALPRO-MLSignalStrategyV2-V2,IDEALPRO-001,,STOP_MARKET,SELL,100000.00,GTC,True,False,0.00,NO_LIQUIDITY_SIDE,,,,NO_TRIGGER,CANCELED,OUO,OL-20250218-123000-001-V2-289,['O-20250218-123000-001-V2-867'],O-20250218-123000-001-V2-865,,,,['V2_POS1_SL'],84ac608c-4cb1-4cbb-b99c-6f50d01d0c6b,1739881800000000000,1739882100000000000,1.04501,DEFAULT,,,,,
O-20250218-123000-001-V2-867,BACKTESTER-001,MLSignalStrategyV2-V2,EUR/USD.IDEALPRO,IDEALPRO-1-867,EUR/USD.IDEALPRO-MLSignalStrategyV2-V2,IDEALPRO-001,IDEALPRO-1-96137,LIMIT,SELL,100000.00,GTC,True,False,100000.00,MAKER,1.04593,-0.00012000000000012001,['2.09 USD'],NO_TRIGGER,FILLED,OUO,OL-20250218-123000-001-V2-289,['O-20250218-123000-001-V2-866'],O-20250218-123000-001-V2-865,,,,['V2_POS1_TP'],5fcdf5a5-bf23-4b52-95f9-d41c37df3501,1739881800000000000,1739882100000000000,,,,,1.04581,False,
O-20250218-130000-001-V2-868,BACKTESTER-001,MLSignalStrategyV2-V2,EUR/USD.IDEALPRO,IDEALPRO-1-868,EUR/USD.IDEALPRO-MLSignalStrategyV2-V2,IDEALPRO-001,IDEALPRO-1-96188,MARKET,BUY,100000.00,GTC,False,False,100000.00,TAKER,1.04553,0.0,['2.09 USD'],NO_TRIGGER,FILLED,OTO,OL-20250218-130000-001-V2-290,"['O-20250218-130000-001-V2-869', 'O-20250218-130000-001-V2-870']",,,,,['V2_POS1'],61408663-c11c-47e6-b40a-4301b87e0543,1739883600000000000,1739883600000000000,,,,,,,
O-20250218-130000-001-V2-869,BACKTESTER-001,MLSignalStrategyV2-V2,EUR/USD.IDEALPRO,IDEALPRO-1-869,EUR/USD.IDEALPRO-MLSignalStrategyV2-V2,IDEALPRO-001,IDEALPRO-1-96209,STOP_MARKET,SELL,100000.00,GTC,True,False,100000.00,TAKER,1.0447,0.00041000000000002146,['2.09 USD'],NO_TRIGGER,FILLED,OUO,OL-20250218-130000-001-V2-290,['O-20250218-130000-001-V2-870'],O-20250218-130000-001-V2-868,,,,['V2_POS1_SL'],07e296fe-ff14-452f-8020-964012ee9233,1739883600000000000,1739884200000000000,1.04511,DEFAULT,,,,,
O-20250218-130000-001-V2-870,BACKTESTER-001,MLSignalStrategyV2-V2,EUR/USD.IDEALPRO,IDEALPRO-1-870,EUR/USD.IDEALPRO-MLSignalStrategyV2-V2,IDEALPRO-001,,LIMIT,SELL,100000.00,GTC,True,False,0.00,NO_LIQUIDITY_SIDE,,,,NO_TRIGGER,CANCELED,OUO,OL-20250218-130000-001-V2-290,['O-20250218-130000-001-V2-869'],O-20250218-130000-001-V2-868,,,,['V2_POS1_TP'],1a5fe127-8db6-4cc3-aa7c-a0abf6cbb096,1739883600000000000,1739884200000000000,,,,,1.04593,False,
O-20250218-131500-001-V2-871,BACKTESTER-001,MLSignalStrategyV2-V2,EUR/USD.IDEALPRO,IDEALPRO-1-871,EUR/USD.IDEALPRO-MLSignalStrategyV2-V2,IDEALPRO-001,IDEALPRO-1-96220,MARKET,BUY,100000.00,GTC,False,False,100000.00,TAKER,1.04497,0.0,['2.09 USD'],NO_TRIGGER,FILLED,OTO,OL-20250218-131500-001-V2-291,"['O-20250218-131500-001-V2-872', 'O-20250218-131500-001-V2-873']",,,,,['V2_POS1'],efc92719-2d22-489f-bc11-5d95c70bb39f,1739884500000000000,1739884500000000000,,,,,,,
O-20250218-131500-001-V2-872,BACKTESTER-001,MLSignalStrategyV2-V2,EUR/USD.IDEALPRO,IDEALPRO-1-872,EUR/USD.IDEALPRO-MLSignalStrategyV2-V2,IDEALPRO-001,,STOP_MARKET,SELL,100000.00,GTC,True,False,0.00,NO_LIQUIDITY_SIDE,,,,NO_TRIGGER,CANCELED,OUO,OL-20250218-131500-001-V2-291,['O-20250218-131500-001-V2-873'],O-20250218-131500-001-V2-871,,,,['V2_POS1_SL'],bdeda2be-cdba-4b66-a8a5-6a651478a72c,1739884500000000000,1739884860000000000,1.04451,DEFAULT,,,,,
O-20250218-131500-001-V2-873,BACKTESTER-001,MLSignalStrategyV2-V2,EUR/USD.IDEALPRO,IDEALPRO-1-873,EUR/USD.IDEALPRO-MLSignalStrategyV2-V2,IDEALPRO-001,IDEALPRO-1-96233,LIMIT,SELL,100000.00,GTC,True,False,100000.00,MAKER,1.04542,-1.0000000000065512e-05,['2.09 USD'],NO_TRIGGER,FILLED,OUO,OL-20250218-131500-001-V2-291,['O-20250218-131500-001-V2-872'],O-20250218-131500-001-V2-871,,,,['V2_POS1_TP'],d50993f8-a7f3-4024-b8b6-41c4ab73a841,1739884500000000000,1739884860000000000,,,,,1.04541,False,
O-20250218-133000-001-V2-874,BACKTESTER-001,MLSignalStrategyV2-V2,EUR/USD.IDEALPRO,IDEALPRO-1-874,EUR/USD.IDEALPRO-MLSignalStrategyV2-V2,IDEALPRO-001,IDEALPRO-1-96252,MARKET,BUY,100000.00,GTC,False,False,100000.00,TAKER,1.04496,0.0,['2.09 USD'],NO_TRIGGER,FILLED,OTO,OL-20250218-133000-001-V2-292,"['O-20250218-133000-001-V2-875', 'O-20250218-133000-001-V2-876']",,,,,['V2_POS1'],75acd30f-37eb-4a51-90c6-4fa61f4cfc3e,1739885400000000000,1739885400000000000,,,,,,,
O-20250218-133000-001-V2-875,BACKTESTER-001,MLSignalStrategyV2-V2,EUR/USD.IDEALPRO,IDEALPRO-1-875,EUR/USD.IDEALPRO-MLSignalStrategyV2-V2,IDEALPRO-001,IDEALPRO-1-96307,STOP_MARKET,SELL,100000.00,GTC,True,False,100000.00,TAKER,1.04427,0.00021000000000004349,['2.09 USD'],NO_TRIGGER,FILLED,OUO,OL-20250218-133000-001-V2-292,['O-20250218-133000-001-V2-876'],O-20250218-133000-001-V2-874,,,,['V2_POS1_SL'],1cbef6ab-57be-49e4-9f72-00552166b06c,1739885400000000000,1739887020000000000,1.04448,DEFAULT,,,,,
O-20250218-133000-001-V2-876,BACKTESTER-001,MLSignalStrategyV2-V2,EUR/USD.IDEALPRO,IDEALPRO-1-876,EUR/USD.IDEALPRO-MLSignalStrategyV2-V2,IDEALPRO-001,,LIMIT,SELL,100000.00,GTC,True,False,0.00,NO_LIQUIDITY_SIDE,,,,NO_TRIGGER,CANCELED,OUO,OL-20250218-133000-001-V2-292,['O-20250218-133000-001-V2-875'],O-20250218-133000-001-V2-874,,,,['V2_POS1_TP'],bc2cd550-509e-4a4d-830e-a3007991e617,1739885400000000000,1739887020000000000,,,,,1.04544,False,
O-20250218-231500-001-V2-877,BACKTESTER-001,MLSignalStrategyV2-V2,EUR/USD.IDEALPRO,IDEALPRO-1-877,EUR/USD.IDEALPRO-MLSignalStrategyV2-V2,IDEALPRO-001,IDEALPRO-1-97395,MARKET,BUY,100000.00,GTC,False,False,100000.00,TAKER,1.04462,0.0,['2.09 USD'],NO_TRIGGER,FILLED,OTO,OL-20250218-231500-001-V2-293,"['O-20250218-231500-001-V2-878', 'O-20250218-231500-001-V2-879']",,,,,['V2_POS1'],ecfb8e6c-a2b6-465f-a2a5-8e4a48dcf503,1739920500000000000,1739920500000000000,,,,,,,
O-20250218-231500-001-V2-878,BACKTESTER-001,MLSignalStrategyV2-V2,EUR/USD.IDEALPRO,IDEALPRO-1-878,EUR/USD.IDEALPRO-MLSignalStrategyV2-V2,IDEALPRO-001,IDEALPRO-1-97615,STOP_MARKET,SELL,100000.00,GTC,True,False,100000.00,TAKER,1.04425,3.0000000000196536e-05,['2.09 USD'],NO_TRIGGER,FILLED,OUO,OL-20250218-231500-001-V2-293,['O-20250218-231500-001-V2-879'],O-20250218-231500-001-V2-877,,,,['V2_POS1_SL'],27d3dc3d-fef0-4ded-b160-f7ea7f19fae5,1739920500000000000,1739927100000000000,1.04428,DEFAULT,,,,,
O-20250218-231500-001-V2-879,BACKTESTER-001,MLSignalStrategyV2-V2,EUR/USD.IDEALPRO,IDEALPRO-1-879,EUR/USD.IDEALPRO-MLSignalStrategyV2-V2,IDEALPRO-001,,LIMIT,SELL,100000.00,GTC,True,False,0.00,NO_LIQUIDITY_SIDE,,,,NO_TRIGGER,CANCELED,OUO,OL-20250218-231500-001-V2-293,['O-20250218-231500-001-V2-878'],O-20250218-231500-001-V2-877,,,,['V2_POS1_TP'],88ff3674-0677-46e2-80ea-6bc4f12474d0,1739920500000000000,1739927100000000000,,,,,1.04496,False,
O-20250219-170000-001-V2-880,BACKTESTER-001,MLSignalStrategyV2-V2,EUR/USD.IDEALPRO,IDEALPRO-1-880,EUR/USD.IDEALPRO-MLSignalStrategyV2-V2,IDEALPRO-001,IDEALPRO-1-99526,MARKET,BUY,100000.00,GTC,False,False,100000.00,TAKER,1.04046,0.0,['2.08 USD'],NO_TRIGGER,FILLED,OTO,OL-20250219-170000-001-V2-294,"['O-20250219-170000-001-V2-881', 'O-20250219-170000-001-V2-882']",,,,,['V2_POS1'],351b7cfc-bd65-423e-89e6-0ed79e6e7137,1739984400000000000,1739984400000000000,,,,,,,
O-20250219-170000-001-V2-881,BACKTESTER-001,MLSignalStrategyV2-V2,EUR/USD.IDEALPRO,IDEALPRO-1-881,EUR/USD.IDEALPRO-MLSignalStrategyV2-V2,IDEALPRO-001,,STOP_MARKET,SELL,100000.00,GTC,True,False,0.00,NO_LIQUIDITY_SIDE,,,,NO_TRIGGER,CANCELED,OUO,OL-20250219-170000-001-V2-294,['O-20250219-170000-001-V2-882'],O-20250219-170000-001-V2-880,,,,['V2_POS1_SL'],8410dfdb-7ef4-4ce9-ba5a-1862119a1c29,1739984400000000000,1739986380000000000,1.03975,DEFAULT,,,,,
O-20250219-170000-001-V2-882,BACKTESTER-001,MLSignalStrategyV2-V2,EUR/USD.IDEALPRO,IDEALPRO-1-882,EUR/USD.IDEALPRO-MLSignalStrategyV2-V2,IDEALPRO-001,IDEALPRO-1-99593,LIMIT,SELL,100000.00,GTC,True,False,100000.00,MAKER,1.04126,-9.000000000014552e-05,['2.08 USD'],NO_TRIGGER,FILLED,OUO,OL-20250219-170000-001-V2-294,['O-20250219-170000-001-V2-881'],O-20250219-170000-001-V2-880,,,,['V2_POS1_TP'],40f4ed0d-1181-42d5-9dde-25dd4d42b8b8,1739984400000000000,1739986380000000000,,,,,1.04117,False,
O-20250220-040000-001-V2-883,BACKTESTER-001,MLSignalStrategyV2-V2,EUR/USD.IDEALPRO,IDEALPRO-1-883,EUR/USD.IDEALPRO-MLSignalStrategyV2-V2,IDEALPRO-001,IDEALPRO-1-100818,MARKET,SELL,100000.00,GTC,False,False,100000.00,TAKER,1.04312,0.0,['2.09 USD'],NO_TRIGGER,FILLED,OTO,OL-20250220-040000-001-V2-295,"['O-20250220-040000-001-V2-884', 'O-20250220-040000-001-V2-885']",,,,,['V2_POS1'],c8ef5039-6bd6-4605-a6e6-db1e08845c22,1740024000000000000,1740024000000000000,,,,,,,
O-20250220-040000-001-V2-884,BACKTESTER-001,MLSignalStrategyV2-V2,EUR/USD.IDEALPRO,IDEALPRO-1-884,EUR/USD.IDEALPRO-MLSignalStrategyV2-V2,IDEALPRO-001,,STOP_MARKET,BUY,100000.00,GTC,True,False,0.00,NO_LIQUIDITY_SIDE,,,,NO_TRIGGER,CANCELED,OUO,OL-20250220-040000-001-V2-295,['O-20250220-040000-001-V2-885'],O-20250220-040000-001-V2-883,,,,['V2_POS1_SL'],4afaddef-eda5-455d-8b5e-8c587d1e833e,1740024000000000000,1740025440000000000,1.04359,DEFAULT,,,,,
O-20250220-040000-001-V2-885,BACKTESTER-001,MLSignalStrategyV2-V2,EUR/USD.IDEALPRO,IDEALPRO-1-885,EUR/USD.IDEALPRO-MLSignalStrategyV2-V2,IDEALPRO-001,IDEALPRO-1-100867,LIMIT,BUY,100000.00,GTC,True,False,100000.00,MAKER,1.04267,0.0,['2.09 USD'],NO_TRIGGER,FILLED,OUO,OL-20250220-040000-001-V2-295,['O-20250220-040000-001-V2-884'],O-20250220-040000-001-V2-883,,,,['V2_POS1_TP'],870cf987-58b5-44bf-9717-73e3ecd8a0d4,1740024000000000000,1740025440000000000,,,,,1.04267,False,
O-20250220-133000-001-V2-886,BACKTESTER-001,MLSignalStrategyV2-V2,EUR/USD.IDEALPRO,IDEALPRO-1-886,EUR/USD.IDEALPRO-MLSignalStrategyV2-V2,IDEALPRO-001,IDEALPRO-1-101961,MARKET,BUY,100000.00,GTC,False,False,100000.00,TAKER,1.0451,0.0,['2.09 USD'],NO_TRIGGER,FILLED,OTO,OL-20250220-133000-001-V2-296,"['O-20250220-133000-001-V2-887', 'O-20250220-133000-001-V2-888']",,,,,['V2_POS1'],08fd5da0-024e-4935-b588-4cf3bc6c0ccc,1740058200000000000,1740058200000000000,,,,,,,
O-20250220-133000-001-V2-887,BACKTESTER-001,MLSignalStrategyV2-V2,EUR/USD.IDEALPRO,IDEALPRO-1-887,EUR/USD.IDEALPRO-MLSignalStrategyV2-V2,IDEALPRO-001,IDEALPRO-1-101995,STOP_MARKET,SELL,100000.00,GTC,True,False,100000.00,TAKER,1.04452,1.0000000000065512e-05,['2.09 USD'],NO_TRIGGER,FILLED,OUO,OL-20250220-133000-001-V2-296,['O-20250220-133000-001-V2-888'],O-20250220-133000-001-V2-886,,,,['V2_POS1_SL'],7cd656a9-f710-419d-aad7-59757e250211,1740058200000000000,1740059220000000000,1.04453,DEFAULT,,,,,
O-20250220-133000-001-V2-888,BACKTESTER-001,MLSignalStrategyV2-V2,EUR/USD.IDEALPRO,IDEALPRO-1-888,EUR/USD.IDEALPRO-MLSignalStrategyV2-V2,IDEALPRO-001,,LIMIT,SELL,100000.00,GTC,True,False,0.00,NO_LIQUIDITY_SIDE,,,,NO_TRIGGER,CANCELED,OUO,OL-20250220-133000-001-V2-296,['O-20250220-133000-001-V2-887'],O-20250220-133000-001-V2-886,,,,['V2_POS1_TP'],d770fa1c-763c-4a6d-b201-7ebee1c60901,1740058200000000000,1740059220000000000,,,,,1.04567,False,
O-20250220-140000-001-V2-889,BACKTESTER-001,MLSignalStrategyV2-V2,EUR/USD.IDEALPRO,IDEALPRO-1-889,EUR/USD.IDEALPRO-MLSignalStrategyV2-V2,IDEALPRO-001,IDEALPRO-1-102022,MARKET,BUY,100000.00,GTC,False,False,100000.00,TAKER,1.04482,0.0,['2.09 USD'],NO_TRIGGER,FILLED,OTO,OL-20250220-140000-001-V2-297,"['O-20250220-140000-001-V2-890', 'O-20250220-140000-001-V2-891']",,,,,['V2_POS1'],482c1344-a022-42b1-bb8c-8e4321d2d2cc,1740060000000000000,1740060000000000000,,,,,,,
O-20250220-140000-001-V2-890,BACKTESTER-001,MLSignalStrategyV2-V2,EUR/USD.IDEALPRO,IDEALPRO-1-890,EUR/USD.IDEALPRO-MLSignalStrategyV2-V2,IDEALPRO-001,IDEALPRO-1-102029,STOP_MARKET,SELL,100000.00,GTC,True,False,100000.00,TAKER,1.04422,4.0000000000040004e-05,['2.09 USD'],NO_TRIGGER,FILLED,OUO,OL-20250220-140000-001-V2-297,['O-20250220-140000-001-V2-891'],O-20250220-140000-001-V2-889,,,,['V2_POS1_SL'],6ce35e8d-6de5-4adb-ae96-4e91b9c3c0fb,1740060000000000000,1740060180000000000,1.04426,DEFAULT,,,,,
O-20250220-140000-001-V2-891,BACKTESTER-001,MLSignalStrategyV2-V2,EUR/USD.IDEALPRO,IDEALPRO-1-891,EUR/USD.IDEALPRO-MLSignalStrategyV2-V2,IDEALPRO-001,,LIMIT,SELL,100000.00,GTC,True,False,0.00,NO_LIQUIDITY_SIDE,,,,NO_TRIGGER,CANCELED,OUO,OL-20250220-140000-001-V2-297,['O-20250220-140000-001-V2-890'],O-20250220-140000-001-V2-889,,,,['V2_POS1_TP'],6dcc03c5-d827-452a-af60-0c7fff7c8101,1740060000000000000,1740060180000000000,,,,,1.04538,False,
O-20250220-151500-001-V2-892,BACKTESTER-001,MLSignalStrategyV2-V2,EUR/USD.IDEALPRO,IDEALPRO-1-892,EUR/USD.IDEALPRO-MLSignalStrategyV2-V2,IDEALPRO-001,IDEALPRO-1-102174,MARKET,BUY,100000.00,GTC,False,False,100000.00,TAKER,1.04553,0.0,['2.09 USD'],NO_TRIGGER,FILLED,OTO,OL-20250220-151500-001-V2-298,"['O-20250220-151500-001-V2-893', 'O-20250220-151500-001-V2-894']",,,,,['V2_POS1'],aa30a04a-87cf-4111-b773-a18ec2a14f08,1740064500000000000,1740064500000000000,,,,,,,
O-20250220-151500-001-V2-893,BACKTESTER-001,MLSignalStrategyV2-V2,EUR/USD.IDEALPRO,IDEALPRO-1-893,EUR/USD.IDEALPRO-MLSignalStrategyV2-V2,IDEALPRO-001,,STOP_MARKET,SELL,100000.00,GTC,True,False,0.00,NO_LIQUIDITY_SIDE,,,,NO_TRIGGER,CANCELED,OUO,OL-20250220-151500-001-V2-298,['O-20250220-151500-001-V2-894'],O-20250220-151500-001-V2-892,,,,['V2_POS1_SL'],235c5189-84c2-4341-ac3a-d17170aad968,1740064500000000000,1740065160000000000,1.04483,DEFAULT,,,,,
O-20250220-151500-001-V2-894,BACKTESTER-001,MLSignalStrategyV2-V2,EUR/USD.IDEALPRO,IDEALPRO-1-894,EUR/USD.IDEALPRO-MLSignalStrategyV2-V2,IDEALPRO-001,IDEALPRO-1-102197,LIMIT,SELL,100000.00,GTC,True,False,100000.00,MAKER,1.04659,-0.00035999999999991594,['2.09 USD'],NO_TRIGGER,FILLED,OUO,OL-20250220-151500-001-V2-298,['O-20250220-151500-001-V2-893'],O-20250220-151500-001-V2-892,,,,['V2_POS1_TP'],3dd82fa3-080c-4b83-9daa-77d2b8e618ec,1740064500000000000,1740065160000000000,,,,,1.04623,False,
O-20250220-200000-001-V2-895,BACKTESTER-001,MLSignalStrategyV2-V2,EUR/USD.IDEALPRO,IDEALPRO-1-895,EUR/USD.IDEALPRO-MLSignalStrategyV2-V2,IDEALPRO-001,IDEALPRO-1-102746,MARKET,SELL,100000.00,GTC,False,False,100000.00,TAKER,1.05016,0.0,['2.10 USD'],NO_TRIGGER,FILLED,OTO,OL-20250220-200000-001-V2-299,"['O-20250220-200000-001-V2-896', 'O-20250220-200000-001-V2-897']",,,,,['V2_POS1'],bf86c1e6-a75e-44af-a43d-97ac342ff86d,1740081600000000000,1740081600000000000,,,,,,,
O-20250220-200000-001-V2-896,BACKTESTER-001,MLSignalStrategyV2-V2,EUR/USD.IDEALPRO,IDEALPRO-1-896,EUR/USD.IDEALPRO-MLSignalStrategyV2-V2,IDEALPRO-001,,STOP_MARKET,BUY,100000.00,GTC,True,False,0.00,NO_LIQUIDITY_SIDE,,,,NO_TRIGGER,CANCELED,OUO,OL-20250220-200000-001-V2-299,['O-20250220-200000-001-V2-897'],O-20250220-200000-001-V2-895,,,,['V2_POS1_SL'],bc4dce3f-bd4b-4e46-b1eb-5d87fba27975,1740081600000000000,1740082680000000000,1.05072,DEFAULT,,,,,
O-20250220-200000-001-V2-897,BACKTESTER-001,MLSignalStrategyV2-V2,EUR/USD.IDEALPRO,IDEALPRO-1-897,EUR/USD.IDEALPRO-MLSignalStrategyV2-V2,IDEALPRO-001,IDEALPRO-1-102783,LIMIT,BUY,100000.00,GTC,True,False,100000.00,MAKER,1.0496,0.0,['2.10 USD'],NO_TRIGGER,FILLED,OUO,OL-20250220-200000-001-V2-299,['O-20250220-200000-001-V2-896'],O-20250220-200000-001-V2-895,,,,['V2_POS1_TP'],beb2d65c-6aa2-49b2-a633-635ecf5df2c6,1740081600000000000,1740082680000000000,,,,,1.04960,False,
O-20250220-223000-001-V2-898,BACKTESTER-001,MLSignalStrategyV2-V2,EUR/USD.IDEALPRO,IDEALPRO-1-898,EUR/USD.IDEALPRO-MLSignalStrategyV2-V2,IDEALPRO-001,IDEALPRO-1-103019,MARKET,BUY,100000.00,GTC,False,False,100000.00,TAKER,1.04979,0.0,['2.10 USD'],NO_TRIGGER,FILLED,OTO,OL-20250220-223000-001-V2-300,"['O-20250220-223000-001-V2-899', 'O-20250220-223000-001-V2-900']",,,,,['V2_POS1'],69b594cc-76c6-4a40-b773-0d62b5ec0612,1740090600000000000,1740090600000000000,,,,,,,
O-20250220-223000-001-V2-899,BACKTESTER-001,MLSignalStrategyV2-V2,EUR/USD.IDEALPRO,IDEALPRO-1-899,EUR/USD.IDEALPRO-MLSignalStrategyV2-V2,IDEALPRO-001,,STOP_MARKET,SELL,100000.00,GTC,True,False,0.00,NO_LIQUIDITY_SIDE,,,,NO_TRIGGER,CANCELED,OUO,OL-20250220-223000-001-V2-300,['O-20250220-223000-001-V2-900'],O-20250220-223000-001-V2-898,,,,['V2_POS1_SL'],cae36ec7-87e0-4605-8cf9-fddaace852ad,1740090600000000000,1740092520000000000,1.04945,DEFAULT,,,,,
O-20250220-223000-001-V2-900,BACKTESTER-001,MLSignalStrategyV2-V2,EUR/USD.IDEALPRO,IDEALPRO-1-900,EUR/USD.IDEALPRO-MLSignalStrategyV2-V2,IDEALPRO-001,IDEALPRO-1-103083,LIMIT,SELL,100000.00,GTC,True,False,100000.00,MAKER,1.05016,-4.999999999988347e-05,['2.10 USD'],NO_TRIGGER,FILLED,OUO,OL-20250220-223000-001-V2-300,['O-20250220-223000-001-V2-899'],O-20250220-223000-001-V2-898,,,,['V2_POS1_TP'],86b4d8a8-fa30-4032-b093-3a70853b13cb,1740090600000000000,1740092520000000000,,,,,1.05011,False,
O-20250221-000000-001-V2-901,BACKTESTER-001,MLSignalStrategyV2-V2,EUR/USD.IDEALPRO,IDEALPRO-1-901,EUR/USD.IDEALPRO-MLSignalStrategyV2-V2,IDEALPRO-001,IDEALPRO-1-103200,MARKET,BUY,100000.00,GTC,False,False,100000.00,TAKER,1.05005,0.0,['2.10 USD'],NO_TRIGGER,FILLED,OTO,OL-20250221-000000-001-V2-301,"['O-20250221-000000-001-V2-902', 'O-20250221-000000-001-V2-903']",,,,,['V2_POS1'],733c2223-4498-4a0c-b631-e2622108b2f5,1740096000000000000,1740096000000000000,,,,,,,
O-20250221-000000-001-V2-902,BACKTESTER-001,MLSignalStrategyV2-V2,EUR/USD.IDEALPRO,IDEALPRO-1-902,EUR/USD.IDEALPRO-MLSignalStrategyV2-V2,IDEALPRO-001,IDEALPRO-1-103209,STOP_MARKET,SELL,100000.00,GTC,True,False,100000.00,TAKER,1.04972,1.0000000000065512e-05,['2.10 USD'],NO_TRIGGER,FILLED,OUO,OL-20250221-000000-001-V2-301,['O-20250221-000000-001-V2-903'],O-20250221-000000-001-V2-901,,,,['V2_POS1_SL'],6cf5573a-cc22-483e-85d1-0efb06165626,1740096000000000000,1740096240000000000,1.04973,DEFAULT,,,,,
O-20250221-000000-001-V2-903,BACKTESTER-001,MLSignalStrategyV2-V2,EUR/USD.IDEALPRO,IDEALPRO-1-903,EUR/USD.IDEALPRO-MLSignalStrategyV2-V2,IDEALPRO-001,,LIMIT,SELL,100000.00,GTC,True,False,0.00,NO_LIQUIDITY_SIDE,,,,NO_TRIGGER,CANCELED,OUO,OL-20250221-000000-001-V2-301,['O-20250221-000000-001-V2-902'],O-20250221-000000-001-V2-901,,,,['V2_POS1_TP'],18ac0c52-0c0d-477d-88f2-78bb8fac8085,1740096000000000000,1740096240000000000,,,,,1.05035,False,
O-20250221-020000-001-V2-904,BACKTESTER-001,MLSignalStrategyV2-V2,EUR/USD.IDEALPRO,IDEALPRO-1-904,EUR/USD.IDEALPRO-MLSignalStrategyV2-V2,IDEALPRO-001,IDEALPRO-1-103442,MARKET,SELL,100000.00,GTC,False,False,100000.00,TAKER,1.04867,0.0,['2.10 USD'],NO_TRIGGER,FILLED,OTO,OL-20250221-020000-001-V2-302,"['O-20250221-020000-001-V2-905', 'O-20250221-020000-001-V2-906']",,,,,['V2_POS1'],5a4a2281-c55a-4253-887e-565a91ecb11c,1740103200000000000,1740103200000000000,,,,,,,
O-20250221-020000-001-V2-905,BACKTESTER-001,MLSignalStrategyV2-V2,EUR/USD.IDEALPRO,IDEALPRO-1-905,EUR/USD.IDEALPRO-MLSignalStrategyV2-V2,IDEALPRO-001,IDEALPRO-1-103459,STOP_MARKET,BUY,100000.00,GTC,True,False,100000.00,TAKER,1.04906,5.0000000000105516e-05,['2.10 USD'],NO_TRIGGER,FILLED,OUO,OL-20250221-020000-001-V2-302,['O-20250221-020000-001-V2-906'],O-20250221-020000-001-V2-904,,,,['V2_POS1_SL'],8af31459-3c9e-4d7a-86d3-ca669dee55bb,1740103200000000000,1740103680000000000,1.04901,DEFAULT,,,,,
O-20250221-020000-001-V2-906,BACKTESTER-001,MLSignalStrategyV2-V2,EUR/USD.IDEALPRO,IDEALPRO-1-906,EUR/USD.IDEALPRO-MLSignalStrategyV2-V2,IDEALPRO-001,,LIMIT,BUY,100000.00,GTC,True,False,0.00,NO_LIQUIDITY_SIDE,,,,NO_TRIGGER,CANCELED,OUO,OL-20250221-020000-001-V2-302,['O-20250221-020000-001-V2-905'],O-20250221-020000-001-V2-904,,,,['V2_POS1_TP'],3cf202a6-3d53-4343-a209-a9ebf315501c,1740103200000000000,1740103680000000000,,,,,1.04835,False,
O-20250221-021500-001-V2-907,BACKTESTER-001,MLSignalStrategyV2-V2,EUR/USD.IDEALPRO,IDEALPRO-1-907,EUR/USD.IDEALPRO-MLSignalStrategyV2-V2,IDEALPRO-001,IDEALPRO-1-103475,MARKET,BUY,100000.00,GTC,False,False,100000.00,TAKER,1.04961,0.0,['2.10 USD'],NO_TRIGGER,FILLED,OTO,OL-20250221-021500-001-V2-303,"['O-20250221-021500-001-V2-908', 'O-20250221-021500-001-V2-909']",,,,,['V2_POS1'],30a4167e-8aa9-4f00-9739-fcaf3f703ab4,1740104100000000000,1740104100000000000,,,,,,,
O-20250221-021500-001-V2-908,BACKTESTER-001,MLSignalStrategyV2-V2,EUR/USD.IDEALPRO,IDEALPRO-1-908,EUR/USD.IDEALPRO-MLSignalStrategyV2-V2,IDEALPRO-001,,STOP_MARKET,SELL,100000.00,GTC,True,False,0.00,NO_LIQUIDITY_SIDE,,,,NO_TRIGGER,CANCELED,OUO,OL-20250221-021500-001-V2-303,['O-20250221-021500-001-V2-909'],O-20250221-021500-001-V2-907,,,,['V2_POS1_SL'],3f13e955-85ff-4470-ad21-966fd76c4a24,1740104100000000000,1740106200000000000,1.04922,DEFAULT,,,,,
O-20250221-021500-001-V2-909,BACKTESTER-001,MLSignalStrategyV2-V2,EUR/USD.IDEALPRO,IDEALPRO-1-909,EUR/USD.IDEALPRO-MLSignalStrategyV2-V2,IDEALPRO-001,IDEALPRO-1-103545,LIMIT,SELL,100000.00,GTC,True,False,100000.00,MAKER,1.05006,-5.999999999994898e-05,['2.10 USD'],NO_TRIGGER,FILLED,OUO,OL-20250221-021500-001-V2-303,['O-20250221-021500-001-V2-908'],O-20250221-021500-001-V2-907,,,,['V2_POS1_TP'],b33836c1-6c87-49e1-82d5-680655f4acc6,1740104100000000000,1740106200000000000,,,,,1.05000,False,
O-20250221-053000-001-V2-910,BACKTESTER-001,MLSignalStrategyV2-V2,EUR/USD.IDEALPRO,IDEALPRO-1-910,EUR/USD.IDEALPRO-MLSignalStrategyV2-V2,IDEALPRO-001,IDEALPRO-1-103867,MARKET,SELL,100000.00,GTC,False,False,100000.00,TAKER,1.04965,0.0,['2.10 USD'],NO_TRIGGER,FILLED,OTO,OL-20250221-053000-001-V2-304,"['O-20250221-053000-001-V2-911', 'O-20250221-053000-001-V2-912']",,,,,['V2_POS1'],d37fa63e-ab6c-42be-8938-01aba907496a,1740115800000000000,1740115800000000000,,,,,,,
O-20250221-053000-001-V2-911,BACKTESTER-001,MLSignalStrategyV2-V2,EUR/USD.IDEALPRO,IDEALPRO-1-911,EUR/USD.IDEALPRO-MLSignalStrategyV2-V2,IDEALPRO-001,,STOP_MARKET,BUY,100000.00,GTC,True,False,0.00,NO_LIQUIDITY_SIDE,,,,NO_TRIGGER,CANCELED,OUO,OL-20250221-053000-001-V2-304,['O-20250221-053000-001-V2-912'],O-20250221-053000-001-V2-910,,,,['V2_POS1_SL'],48dbbe2e-3672-4e90-8e94-ab22a442696c,1740115800000000000,1740117060000000000,1.04998,DEFAULT,,,,,
O-20250221-053000-001-V2-912,BACKTESTER-001,MLSignalStrategyV2-V2,EUR/USD.IDEALPRO,IDEALPRO-1-912,EUR/USD.IDEALPRO-MLSignalStrategyV2-V2,IDEALPRO-001,IDEALPRO-1-103909,LIMIT,BUY,100000.00,GTC,True,False,100000.00,MAKER,1.0493,-4.0000000000040004e-05,['2.10 USD'],NO_TRIGGER,FILLED,OUO,OL-20250221-053000-001-V2-304,['O-20250221-053000-001-V2-911'],O-20250221-053000-001-V2-910,,,,['V2_POS1_TP'],becf27ab-2ede-4aab-9f6a-072e9ad057df,1740115800000000000,1740117060000000000,,,,,1.04934,False,
O-20250221-060000-001-V2-913,BACKTESTER-001,MLSignalStrategyV2-V2,EUR/USD.IDEALPRO,IDEALPRO-1-913,EUR/USD.IDEALPRO-MLSignalStrategyV2-V2,IDEALPRO-001,IDEALPRO-1-103928,MARKET,SELL,100000.00,GTC,False,False,100000.00,TAKER,1.04929,0.0,['2.10 USD'],NO_TRIGGER,FILLED,OTO,OL-20250221-060000-001-V2-305,"['O-20250221-060000-001-V2-914', 'O-20250221-060000-001-V2-915']",,,,,['V2_POS1'],e50fc327-1cf7-430b-92fe-6d7189e45352,1740117600000000000,1740117600000000000,,,,,,,
O-20250221-060000-001-V2-914,BACKTESTER-001,MLSignalStrategyV2-V2,EUR/USD.IDEALPRO,IDEALPRO-1-914,EUR/USD.IDEALPRO-MLSignalStrategyV2-V2,IDEALPRO-001,,STOP_MARKET,BUY,100000.00,GTC,True,False,0.00,NO_LIQUIDITY_SIDE,,,,NO_TRIGGER,CANCELED,OUO,OL-20250221-060000-001-V2-305,['O-20250221-060000-001-V2-915'],O-20250221-060000-001-V2-913,,,,['V2_POS1_SL'],906db0c0-604a-42f4-92ba-77785eb11870,1740117600000000000,1740119040000000000,1.04959,DEFAULT,,,,,
O-20250221-060000-001-V2-915,BACKTESTER-001,MLSignalStrategyV2-V2,EUR/USD.IDEALPRO,IDEALPRO-1-915,EUR/USD.IDEALPRO-MLSignalStrategyV2-V2,IDEALPRO-001,IDEALPRO-1-103977,LIMIT,BUY,100000.00,GTC,True,False,100000.00,MAKER,1.0489,-9.000000000014552e-05,['2.10 USD'],NO_TRIGGER,FILLED,OUO,OL-20250221-060000-001-V2-305,['O-20250221-060000-001-V2-914'],O-20250221-060000-001-V2-913,,,,['V2_POS1_TP'],1688a899-04c1-4e2f-8b0c-7deff95b0503,1740117600000000000,1740119040000000000,,,,,1.04899,False,
O-20250221-083000-001-V2-916,BACKTESTER-001,MLSignalStrategyV2-V2,EUR/USD.IDEALPRO,IDEALPRO-1-916,EUR/USD.IDEALPRO-MLSignalStrategyV2-V2,IDEALPRO-001,IDEALPRO-1-104231,MARKET,BUY,100000.00,GTC,False,False,100000.00,TAKER,1.04715,0.0,['2.09 USD'],NO_TRIGGER,FILLED,OTO,OL-20250221-083000-001-V2-306,"['O-20250221-083000-001-V2-917', 'O-20250221-083000-001-V2-918']",,,,,['V2_POS1'],09dee870-95ac-4f06-8c4a-028264668f77,1740126600000000000,1740126600000000000,,,,,,,
O-20250221-083000-001-V2-917,BACKTESTER-001,MLSignalStrategyV2-V2,EUR/USD.IDEALPRO,IDEALPRO-1-917,EUR/USD.IDEALPRO-MLSignalStrategyV2-V2,IDEALPRO-001,,STOP_MARKET,SELL,100000.00,GTC,True,False,0.00,NO_LIQUIDITY_SIDE,,,,NO_TRIGGER,CANCELED,OUO,OL-20250221-083000-001-V2-306,['O-20250221-083000-001-V2-918'],O-20250221-083000-001-V2-916,,,,['V2_POS1_SL'],c0a87742-e4a1-47b9-85e5-814c7905b60d,1740126600000000000,1740126660000000000,1.04652,DEFAULT,,,,,
O-20250221-083000-001-V2-918,BACKTESTER-001,MLSignalStrategyV2-V2,EUR/USD.IDEALPRO,IDEALPRO-1-918,EUR/USD.IDEALPRO-MLSignalStrategyV2-V2,IDEALPRO-001,IDEALPRO-1-104233,LIMIT,SELL,100000.00,GTC,True,False,100000.00,MAKER,1.04844,-0.000660000000000105,['2.10 USD'],NO_TRIGGER,FILLED,OUO,OL-20250221-083000-001-V2-306,['O-20250221-083000-001-V2-917'],O-20250221-083000-001-V2-916,,,,['V2_POS1_TP'],9889c808-d685-46bb-b302-40ea6a39f2a4,1740126600000000000,1740126660000000000,,,,,1.04778,False,
O-20250221-103000-001-V2-919,BACKTESTER-001,MLSignalStrategyV2-V2,EUR/USD.IDEALPRO,IDEALPRO-1-919,EUR/USD.IDEALPRO-MLSignalStrategyV2-V2,IDEALPRO-001,IDEALPRO-1-104472,MARKET,SELL,100000.00,GTC,False,False,100000.00,TAKER,1.04709,0.0,['2.09 USD'],NO_TRIGGER,FILLED,OTO,OL-20250221-103000-001-V2-307,"['O-20250221-103000-001-V2-920', 'O-20250221-103000-001-V2-921']",,,,,['V2_POS1'],86614aa1-578a-4684-a8c6-999a341064a7,1740133800000000000,1740133800000000000,,,,,,,
O-20250221-103000-001-V2-920,BACKTESTER-001,MLSignalStrategyV2-V2,EUR/USD.IDEALPRO,IDEALPRO-1-920,EUR/USD.IDEALPRO-MLSignalStrategyV2-V2,IDEALPRO-001,,STOP_MARKET,BUY,100000.00,GTC,True,False,0.00,NO_LIQUIDITY_SIDE,,,,NO_TRIGGER,CANCELED,OUO,OL-20250221-103000-001-V2-307,['O-20250221-103000-001-V2-921'],O-20250221-103000-001-V2-919,,,,['V2_POS1_SL'],c0555a87-9fb9-4db7-8892-f02eead413fd,1740133800000000000,1740135540000000000,1.04768,DEFAULT,,,,,
O-20250221-103000-001-V2-921,BACKTESTER-001,MLSignalStrategyV2-V2,EUR/USD.IDEALPRO,IDEALPRO-1-921,EUR/USD.IDEALPRO-MLSignalStrategyV2-V2,IDEALPRO-001,IDEALPRO-1-104531,LIMIT,BUY,100000.00,GTC,True,False,100000.00,MAKER,1.04653,1.0000000000065512e-05,['2.09 USD'],NO_TRIGGER,FILLED,OUO,OL-20250221-103000-001-V2-307,['O-20250221-103000-001-V2-920'],O-20250221-103000-001-V2-919,,,,['V2_POS1_TP'],9d41c1da-8b52-41b3-9efa-7cb4b1f74c61,1740133800000000000,1740135540000000000,,,,,1.04652,False,
O-20250221-111500-001-V2-922,BACKTESTER-001,MLSignalStrategyV2-V2,EUR/USD.IDEALPRO,IDEALPRO-1-922,EUR/USD.IDEALPRO-MLSignalStrategyV2-V2,IDEALPRO-001,IDEALPRO-1-104565,MARKET,SELL,100000.00,GTC,False,False,100000.00,TAKER,1.04672,0.0,['2.09 USD'],NO_TRIGGER,FILLED,OTO,OL-20250221-111500-001-V2-308,"['O-20250221-111500-001-V2-923', 'O-20250221-111500-001-V2-924']",,,,,['V2_POS1'],aa4cefba-f125-4922-9243-1ad363c1f474,1740136500000000000,1740136500000000000,,,,,,,
O-20250221-111500-001-V2-923,BACKTESTER-001,MLSignalStrategyV2-V2,EUR/USD.IDEALPRO,IDEALPRO-1-923,EUR/USD.IDEALPRO-MLSignalStrategyV2-V2,IDEALPRO-001,IDEALPRO-1-104613,STOP_MARKET,BUY,100000.00,GTC,True,False,100000.00,TAKER,1.04731,8.999999999992347e-05,['2.09 USD'],NO_TRIGGER,FILLED,OUO,OL-20250221-111500-001-V2-308,['O-20250221-111500-001-V2-924'],O-20250221-111500-001-V2-922,,,,['V2_POS1_SL'],fdc26fa2-95f7-45b3-92b5-2dde41474346,1740136500000000000,1740137940000000000,1.04722,DEFAULT,,,,,
O-20250221-111500-001-V2-924,BACKTESTER-001,MLSignalStrategyV2-V2,EUR/USD.IDEALPRO,IDEALPRO-1-924,EUR/USD.IDEALPRO-MLSignalStrategyV2-V2,IDEALPRO-001,,LIMIT,BUY,100000.00,GTC,True,False,0.00,NO_LIQUIDITY_SIDE,,,,NO_TRIGGER,CANCELED,OUO,OL-20250221-111500-001-V2-308,['O-20250221-111500-001-V2-923'],O-20250221-111500-001-V2-922,,,,['V2_POS1_TP'],f532b177-c6bd-4237-926f-65d2669c4040,1740136500000000000,1740137940000000000,,,,,1.04624,False,
O-20250221-114500-001-V2-925,BACKTESTER-001,MLSignalStrategyV2-V2,EUR/USD.IDEALPRO,IDEALPRO-1-925,EUR/USD.IDEALPRO-MLSignalStrategyV2-V2,IDEALPRO-001,IDEALPRO-1-104626,MARKET,SELL,100000.00,GTC,False,False,100000.00,TAKER,1.04699,0.0,['2.09 USD'],NO_TRIGGER,FILLED,OTO,OL-20250221-114500-001-V2-309,"['O-20250221-114500-001-V2-926', 'O-20250221-114500-001-V2-927']",,,,,['V2_POS1'],a2ae10f4-ce35-44b2-8e43-6184f8461091,1740138300000000000,1740138300000000000,,,,,,,
O-20250221-114500-001-V2-926,BACKTESTER-001,MLSignalStrategyV2-V2,EUR/USD.IDEALPRO,IDEALPRO-1-926,EUR/USD.IDEALPRO-MLSignalStrategyV2-V2,IDEALPRO-001,,STOP_MARKET,BUY,100000.00,GTC,True,False,0.00,NO_LIQUIDITY_SIDE,,,,NO_TRIGGER,CANCELED,OUO,OL-20250221-114500-001-V2-309,['O-20250221-114500-001-V2-927'],O-20250221-114500-001-V2-925,,,,['V2_POS1_SL'],dda6eb5b-fc51-418f-943c-fb2daf31aed1,1740138300000000000,1740139860000000000,1.04747,DEFAULT,,,,,
O-20250221-114500-001-V2-927,BACKTESTER-001,MLSignalStrategyV2-V2,EUR/USD.IDEALPRO,IDEALPRO-1-927,EUR/USD.IDEALPRO-MLSignalStrategyV2-V2,IDEALPRO-001,IDEALPRO-1-104679,LIMIT,BUY,100000.00,GTC,True,False,100000.00,MAKER,1.04647,-4.0000000000040004e-05,['2.09 USD'],NO_TRIGGER,FILLED,OUO,OL-20250221-114500-001-V2-309,['O-20250221-114500-001-V2-926'],O-20250221-114500-001-V2-925,,,,['V2_POS1_TP'],e57e8f74-6a65-4f94-a740-d5e3e722a91d,1740138300000000000,1740139860000000000,,,,,1.04651,False,
O-20250223-223000-001-V2-928,BACKTESTER-001,MLSignalStrategyV2-V2,EUR/USD.IDEALPRO,IDEALPRO-1-928,EUR/USD.IDEALPRO-MLSignalStrategyV2-V2,IDEALPRO-001,IDEALPRO-1-105888,MARKET,BUY,100000.00,GTC,False,False,100000.00,TAKER,1.04662,0.0,['2.09 USD'],NO_TRIGGER,FILLED,OTO,OL-20250223-223000-001-V2-310,"['O-20250223-223000-001-V2-929', 'O-20250223-223000-001-V2-930']",,,,,['V2_POS1'],36f2ba34-b86e-4462-b4cc-c8e6df78f1b7,1740349800000000000,1740349800000000000,,,,,,,
O-20250223-223000-001-V2-929,BACKTESTER-001,MLSignalStrategyV2-V2,EUR/USD.IDEALPRO,IDEALPRO-1-929,EUR/USD.IDEALPRO-MLSignalStrategyV2-V2,IDEALPRO-001,,STOP_MARKET,SELL,100000.00,GTC,True,False,0.00,NO_LIQUIDITY_SIDE,,,,NO_TRIGGER,CANCELED,OUO,OL-20250223-223000-001-V2-310,['O-20250223-223000-001-V2-930'],O-20250223-223000-001-V2-928,,,,['V2_POS1_SL'],dfc7542d-68dd-4de2-a1a9-a640f56396c8,1740349800000000000,1740350340000000000,1.04627,DEFAULT,,,,,
O-20250223-223000-001-V2-930,BACKTESTER-001,MLSignalStrategyV2-V2,EUR/USD.IDEALPRO,IDEALPRO-1-930,EUR/USD.IDEALPRO-MLSignalStrategyV2-V2,IDEALPRO-001,IDEALPRO-1-105907,LIMIT,SELL,100000.00,GTC,True,False,100000.00,MAKER,1.04699,-2.0000000000131024e-05,['2.09 USD'],NO_TRIGGER,FILLED,OUO,OL-20250223-223000-001-V2-310,['O-20250223-223000-001-V2-929'],O-20250223-223000-001-V2-928,,,,['V2_POS1_TP'],1114db4f-2571-4185-a9b5-fe8cbdac774e,1740349800000000000,1740350340000000000,,,,,1.04697,False,
O-20250223-224500-001-V2-931,BACKTESTER-001,MLSignalStrategyV2-V2,EUR/USD.IDEALPRO,IDEALPRO-1-931,EUR/USD.IDEALPRO-MLSignalStrategyV2-V2,IDEALPRO-001,IDEALPRO-1-105919,MARKET,BUY,100000.00,GTC,False,False,100000.00,TAKER,1.04708,0.0,['2.09 USD'],NO_TRIGGER,FILLED,OTO,OL-20250223-224500-001-V2-311,"['O-20250223-224500-001-V2-932', 'O-20250223-224500-001-V2-933']",,,,,['V2_POS1'],4d93ebb5-3d65-4eab-b8f0-9c30cff2bedf,1740350700000000000,1740350700000000000,,,,,,,
O-20250223-224500-001-V2-932,BACKTESTER-001,MLSignalStrategyV2-V2,EUR/USD.IDEALPRO,IDEALPRO-1-932,EUR/USD.IDEALPRO-MLSignalStrategyV2-V2,IDEALPRO-001,,STOP_MARKET,SELL,100000.00,GTC,True,False,0.00,NO_LIQUIDITY_SIDE,,,,NO_TRIGGER,CANCELED,OUO,OL-20250223-224500-001-V2-311,['O-20250223-224500-001-V2-933'],O-20250223-224500-001-V2-931,,,,['V2_POS1_SL'],7f107f79-8666-4cf2-a682-2006c4c38d99,1740350700000000000,1740350880000000000,1.04690,DEFAULT,,,,,
O-20250223-224500-001-V2-933,BACKTESTER-001,MLSignalStrategyV2-V2,EUR/USD.IDEALPRO,IDEALPRO-1-933,EUR/USD.IDEALPRO-MLSignalStrategyV2-V2,IDEALPRO-001,IDEALPRO-1-105927,LIMIT,SELL,100000.00,GTC,True,False,100000.00,MAKER,1.04832,-0.0006399999999999739,['2.10 USD'],NO_TRIGGER,FILLED,OUO,OL-20250223-224500-001-V2-311,['O-20250223-224500-001-V2-932'],O-20250223-224500-001-V2-931,,,,['V2_POS1_TP'],45900631-e3cd-4437-a327-6ba0f5f91a04,1740350700000000000,1740350880000000000,,,,,1.04768,False,
O-20250223-230000-001-V2-934,BACKTESTER-001,MLSignalStrategyV2-V2,EUR/USD.IDEALPRO,IDEALPRO-1-934,EUR/USD.IDEALPRO-MLSignalStrategyV2-V2,IDEALPRO-001,IDEALPRO-1-105952,MARKET,BUY,100000.00,GTC,False,False,100000.00,TAKER,1.04746,0.0,['2.09 USD'],NO_TRIGGER,FILLED,OTO,OL-20250223-230000-001-V2-312,"['O-20250223-230000-001-V2-935', 'O-20250223-230000-001-V2-936']",,,,,['V2_POS1'],46626518-5344-4297-a998-48e72c1ae6d6,1740351600000000000,1740351600000000000,,,,,,,
O-20250223-230000-001-V2-935,BACKTESTER-001,MLSignalStrategyV2-V2,EUR/USD.IDEALPRO,IDEALPRO-1-935,EUR/USD.IDEALPRO-MLSignalStrategyV2-V2,IDEALPRO-001,,STOP_MARKET,SELL,100000.00,GTC,True,False,0.00,NO_LIQUIDITY_SIDE,,,,NO_TRIGGER,CANCELED,OUO,OL-20250223-230000-001-V2-312,['O-20250223-230000-001-V2-936'],O-20250223-230000-001-V2-934,,,,['V2_POS1_SL'],18f7b4ce-cdcd-4c34-8cc9-cb2b944c26ca,1740351600000000000,1740351840000000000,1.04701,DEFAULT,,,,,
O-20250223-230000-001-V2-936,BACKTESTER-001,MLSignalStrategyV2-V2,EUR/USD.IDEALPRO,IDEALPRO-1-936,EUR/USD.IDEALPRO-MLSignalStrategyV2-V2,IDEALPRO-001,IDEALPRO-1-105961,LIMIT,SELL,100000.00,GTC,True,False,100000.00,MAKER,1.048,-9.000000000014552e-05,['2.10 USD'],NO_TRIGGER,FILLED,OUO,OL-20250223-230000-001-V2-312,['O-20250223-230000-001-V2-935'],O-20250223-230000-001-V2-934,,,,['V2_POS1_TP'],2159bd84-c728-41dd-b626-d27ded66ae32,1740351600000000000,1740351840000000000,,,,,1.04791,False,
O-20250224-030000-001-V2-937,BACKTESTER-001,MLSignalStrategyV2-V2,EUR/USD.IDEALPRO,IDEALPRO-1-937,EUR/USD.IDEALPRO-MLSignalStrategyV2-V2,IDEALPRO-001,IDEALPRO-1-106434,MARKET,BUY,100000.00,GTC,False,False,100000.00,TAKER,1.05228,0.0,['2.10 USD'],NO_TRIGGER,FILLED,OTO,OL-20250224-030000-001-V2-313,"['O-20250224-030000-001-V2-938', 'O-20250224-030000-001-V2-939']",,,,,['V2_POS1'],001cd3c6-bcfc-4a50-b3d4-c9f146dadb08,1740366000000000000,1740366000000000000,,,,,,,
O-20250224-030000-001-V2-938,BACKTESTER-001,MLSignalStrategyV2-V2,EUR/USD.IDEALPRO,IDEALPRO-1-938,EUR/USD.IDEALPRO-MLSignalStrategyV2-V2,IDEALPRO-001,IDEALPRO-1-106569,STOP_MARKET,SELL,100000.00,GTC,True,False,100000.00,TAKER,1.0516,9.999999999843467e-06,['2.10 USD'],NO_TRIGGER,FILLED,OUO,OL-20250224-030000-001-V2-313,['O-20250224-030000-001-V2-939'],O-20250224-030000-001-V2-937,,,,['V2_POS1_SL'],f7e94487-d8a5-424b-b418-ac473a68d7ee,1740366000000000000,1740370020000000000,1.05161,DEFAULT,,,,,
O-20250224-030000-001-V2-939,BACKTESTER-001,MLSignalStrategyV2-V2,EUR/USD.IDEALPRO,IDEALPRO-1-939,EUR/USD.IDEALPRO-MLSignalStrategyV2-V2,IDEALPRO-001,,LIMIT,SELL,100000.00,GTC,True,False,0.00,NO_LIQUIDITY_SIDE,,,,NO_TRIGGER,CANCELED,OUO,OL-20250224-030000-001-V2-313,['O-20250224-030000-001-V2-938'],O-20250224-030000-001-V2-937,,,,['V2_POS1_TP'],7ba372ea-1bd4-473c-920d-6a080096fe35,1740366000000000000,1740370020000000000,,,,,1.05295,False,
O-20250224-081500-001-V2-940,BACKTESTER-001,MLSignalStrategyV2-V2,EUR/USD.IDEALPRO,IDEALPRO-1-940,EUR/USD.IDEALPRO-MLSignalStrategyV2-V2,IDEALPRO-001,IDEALPRO-1-107066,MARKET,BUY,100000.00,GTC,False,False,100000.00,TAKER,1.0483,0.0,['2.10 USD'],NO_TRIGGER,FILLED,OTO,OL-20250224-081500-001-V2-314,"['O-20250224-081500-001-V2-941', 'O-20250224-081500-001-V2-942']",,,,,['V2_POS1'],d9a64214-372c-483b-a2ed-a1388135da47,1740384900000000000,1740384900000000000,,,,,,,
O-20250224-081500-001-V2-941,BACKTESTER-001,MLSignalStrategyV2-V2,EUR/USD.IDEALPRO,IDEALPRO-1-941,EUR/USD.IDEALPRO-MLSignalStrategyV2-V2,IDEALPRO-001,IDEALPRO-1-107075,STOP_MARKET,SELL,100000.00,GTC,True,False,100000.00,TAKER,1.04757,0.00010000000000021103,['2.10 USD'],NO_TRIGGER,FILLED,OUO,OL-20250224-081500-001-V2-314,['O-20250224-081500-001-V2-942'],O-20250224-081500-001-V2-940,,,,['V2_POS1_SL'],491d0df5-47b9-4b85-a84f-8c7e83f12723,1740384900000000000,1740385140000000000,1.04767,DEFAULT,,,,,
O-20250224-081500-001-V2-942,BACKTESTER-001,MLSignalStrategyV2-V2,EUR/USD.IDEALPRO,IDEALPRO-1-942,EUR/USD.IDEALPRO-MLSignalStrategyV2-V2,IDEALPRO-001,,LIMIT,SELL,100000.00,GTC,True,False,0.00,NO_LIQUIDITY_SIDE,,,,NO_TRIGGER,CANCELED,OUO,OL-20250224-081500-001-V2-314,['O-20250224-081500-001-V2-941'],O-20250224-081500-001-V2-940,,,,['V2_POS1_TP'],cc657851-69d2-4167-a5d8-433d0f6f8151,1740384900000000000,1740385140000000000,,,,,1.04893,False,
O-20250224-093000-001-V2-943,BACKTESTER-001,MLSignalStrategyV2-V2,EUR/USD.IDEALPRO,IDEALPRO-1-943,EUR/USD.IDEALPRO-MLSignalStrategyV2-V2,IDEALPRO-001,IDEALPRO-1-107218,MARKET,BUY,100000.00,GTC,False,False,100000.00,TAKER,1.04748,0.0,['2.09 USD'],NO_TRIGGER,FILLED,OTO,OL-20250224-093000-001-V2-315,"['O-20250224-093000-001-V2-944', 'O-20250224-093000-001-V2-945']",,,,,['V2_POS1'],f7db91f0-f2dd-431f-924a-e406972f9e05,1740389400000000000,1740389400000000000,,,,,,,
O-20250224-093000-001-V2-944,BACKTESTER-001,MLSignalStrategyV2-V2,EUR/USD.IDEALPRO,IDEALPRO-1-944,EUR/USD.IDEALPRO-MLSignalStrategyV2-V2,IDEALPRO-001,IDEALPRO-1-107281,STOP_MARKET,SELL,100000.00,GTC,True,False,100000.00,TAKER,1.04675,9.999999999843467e-06,['2.09 USD'],NO_TRIGGER,FILLED,OUO,OL-20250224-093000-001-V2-315,['O-20250224-093000-001-V2-945'],O-20250224-093000-001-V2-943,,,,['V2_POS1_SL'],43fc333c-0b0b-4e03-9f7d-ce431ed59c7f,1740389400000000000,1740391260000000000,1.04676,DEFAULT,,,,,
O-20250224-093000-001-V2-945,BACKTESTER-001,MLSignalStrategyV2-V2,EUR/USD.IDEALPRO,IDEALPRO-1-945,EUR/USD.IDEALPRO-MLSignalStrategyV2-V2,IDEALPRO-001,,LIMIT,SELL,100000.00,GTC,True,False,0.00,NO_LIQUIDITY_SIDE,,,,NO_TRIGGER,CANCELED,OUO,OL-20250224-093000-001-V2-315,['O-20250224-093000-001-V2-944'],O-20250224-093000-001-V2-943,,,,['V2_POS1_TP'],4c186cb1-cd7d-4c59-aa58-0bcf8796b3d2,1740389400000000000,1740391260000000000,,,,,1.04818,False,
O-20250224-114500-001-V2-946,BACKTESTER-001,MLSignalStrategyV2-V2,EUR/USD.IDEALPRO,IDEALPRO-1-946,EUR/USD.IDEALPRO-MLSignalStrategyV2-V2,IDEALPRO-001,IDEALPRO-1-107490,MARKET,SELL,100000.00,GTC,False,False,100000.00,TAKER,1.04706,0.0,['2.09 USD'],NO_TRIGGER,FILLED,OTO,OL-20250224-114500-001-V2-316,"['O-20250224-114500-001-V2-947', 'O-20250224-114500-001-V2-948']",,,,,['V2_POS1'],7ff35d86-2902-4fee-8a05-d60c436d59b8,1740397500000000000,1740397500000000000,,,,,,,
O-20250224-114500-001-V2-947,BACKTESTER-001,MLSignalStrategyV2-V2,EUR/USD.IDEALPRO,IDEALPRO-1-947,EUR/USD.IDEALPRO-MLSignalStrategyV2-V2,IDEALPRO-001,,STOP_MARKET,BUY,100000.00,GTC,True,False,0.00,NO_LIQUIDITY_SIDE,,,,NO_TRIGGER,CANCELED,OUO,OL-20250224-114500-001-V2-316,['O-20250224-114500-001-V2-948'],O-20250224-114500-001-V2-946,,,,['V2_POS1_SL'],ed48bc4d-46bc-4ca2-b7fa-2dc691f2299a,1740397500000000000,1740400260000000000,1.04767,DEFAULT,,,,,
O-20250224-114500-001-V2-948,BACKTESTER-001,MLSignalStrategyV2-V2,EUR/USD.IDEALPRO,IDEALPRO-1-948,EUR/USD.IDEALPRO-MLSignalStrategyV2-V2,IDEALPRO-001,IDEALPRO-1-107583,LIMIT,BUY,100000.00,GTC,True,False,100000.00,MAKER,1.04631,-0.000140000000000029,['2.09 USD'],NO_TRIGGER,FILLED,OUO,OL-20250224-114500-001-V2-316,['O-20250224-114500-001-V2-947'],O-20250224-114500-001-V2-946,,,,['V2_POS1_TP'],062a318a-eef5-4c91-b0a2-758ec2cb0833,1740397500000000000,1740400260000000000,,,,,1.04645,False,
O-20250224-133000-001-V2-949,BACKTESTER-001,MLSignalStrategyV2-V2,EUR/USD.IDEALPRO,IDEALPRO-1-949,EUR/USD.IDEALPRO-MLSignalStrategyV2-V2,IDEALPRO-001,IDEALPRO-1-107702,MARKET,SELL,100000.00,GTC,False,False,100000.00,TAKER,1.04712,0.0,['2.09 USD'],NO_TRIGGER,FILLED,OTO,OL-20250224-133000-001-V2-317,"['O-20250224-133000-001-V2-950', 'O-20250224-133000-001-V2-951']",,,,,['V2_POS1'],7c4812b6-bf65-41eb-b06d-76ef2ce8a71a,1740403800000000000,1740403800000000000,,,,,,,
O-20250224-133000-001-V2-950,BACKTESTER-001,MLSignalStrategyV2-V2,EUR/USD.IDEALPRO,IDEALPRO-1-950,EUR/USD.IDEALPRO-MLSignalStrategyV2-V2,IDEALPRO-001,,STOP_MARKET,BUY,100000.00,GTC,True,False,0.00,NO_LIQUIDITY_SIDE,,,,NO_TRIGGER,CANCELED,OUO,OL-20250224-133000-001-V2-317,['O-20250224-133000-001-V2-951'],O-20250224-133000-001-V2-949,,,,['V2_POS1_SL'],eebcba77-06bd-4794-9fc6-088389c3b1e3,1740403800000000000,1740404820000000000,1.04766,DEFAULT,,,,,
O-20250224-133000-001-V2-951,BACKTESTER-001,MLSignalStrategyV2-V2,EUR/USD.IDEALPRO,IDEALPRO-1-951,EUR/USD.IDEALPRO-MLSignalStrategyV2-V2,IDEALPRO-001,IDEALPRO-1-107737,LIMIT,BUY,100000.00,GTC,True,False,100000.00,MAKER,1.04648,-9.999999999998899e-05,['2.09 USD'],NO_TRIGGER,FILLED,OUO,OL-20250224-133000-001-V2-317,['O-20250224-133000-001-V2-950'],O-20250224-133000-001-V2-949,,,,['V2_POS1_TP'],ffe2808e-5a77-4c25-9b08-f63a67091152,1740403800000000000,1740404820000000000,,,,,1.04658,False,
O-20250224-213000-001-V2-952,BACKTESTER-001,MLSignalStrategyV2-V2,EUR/USD.IDEALPRO,IDEALPRO-1-952,EUR/USD.IDEALPRO-MLSignalStrategyV2-V2,IDEALPRO-001,IDEALPRO-1-108664,MARKET,BUY,100000.00,GTC,False,False,100000.00,TAKER,1.04642,0.0,['2.09 USD'],NO_TRIGGER,FILLED,OTO,OL-20250224-213000-001-V2-318,"['O-20250224-213000-001-V2-953', 'O-20250224-213000-001-V2-954']",,,,,['V2_POS1'],6c7e602a-eceb-44ae-a631-6116a97241ad,1740432600000000000,1740432600000000000,,,,,,,
O-20250224-213000-001-V2-953,BACKTESTER-001,MLSignalStrategyV2-V2,EUR/USD.IDEALPRO,IDEALPRO-1-953,EUR/USD.IDEALPRO-MLSignalStrategyV2-V2,IDEALPRO-001,,STOP_MARKET,SELL,100000.00,GTC,True,False,0.00,NO_LIQUIDITY_SIDE,,,,NO_TRIGGER,CANCELED,OUO,OL-20250224-213000-001-V2-318,['O-20250224-213000-001-V2-954'],O-20250224-213000-001-V2-952,,,,['V2_POS1_SL'],1438cd85-0afe-4132-bb5c-fd55fa235c5e,1740432600000000000,1740437820000000000,1.04592,DEFAULT,,,,,
O-20250224-213000-001-V2-954,BACKTESTER-001,MLSignalStrategyV2-V2,EUR/USD.IDEALPRO,IDEALPRO-1-954,EUR/USD.IDEALPRO-MLSignalStrategyV2-V2,IDEALPRO-001,IDEALPRO-1-108809,LIMIT,SELL,100000.00,GTC,True,False,100000.00,MAKER,1.04699,-9.000000000014552e-05,['2.09 USD'],NO_TRIGGER,FILLED,OUO,OL-20250224-213000-001-V2-318,['O-20250224-213000-001-V2-953'],O-20250224-213000-001-V2-952,,,,['V2_POS1_TP'],777b7af1-34fc-4c15-92c8-3f6b4f9581a0,1740432600000000000,1740437820000000000,,,,,1.04690,False,
O-20250224-233000-001-V2-955,BACKTESTER-001,MLSignalStrategyV2-V2,EUR/USD.IDEALPRO,IDEALPRO-1-955,EUR/USD.IDEALPRO-MLSignalStrategyV2-V2,IDEALPRO-001,IDEALPRO-1-108877,MARKET,BUY,100000.00,GTC,False,False,100000.00,TAKER,1.04623,0.0,['2.09 USD'],NO_TRIGGER,FILLED,OTO,OL-20250224-233000-001-V2-319,"['O-20250224-233000-001-V2-956', 'O-20250224-233000-001-V2-957']",,,,,['V2_POS1'],dd6d8e69-252a-46db-8410-e1aaf05d742f,1740439800000000000,1740439800000000000,,,,,,,
O-20250224-233000-001-V2-956,BACKTESTER-001,MLSignalStrategyV2-V2,EUR/USD.IDEALPRO,IDEALPRO-1-956,EUR/USD.IDEALPRO-MLSignalStrategyV2-V2,IDEALPRO-001,,STOP_MARKET,SELL,100000.00,GTC,True,False,0.00,NO_LIQUIDITY_SIDE,,,,NO_TRIGGER,CANCELED,OUO,OL-20250224-233000-001-V2-319,['O-20250224-233000-001-V2-957'],O-20250224-233000-001-V2-955,,,,['V2_POS1_SL'],346be90b-07ad-423d-9968-924896bc9332,1740439800000000000,1740445380000000000,1.04591,DEFAULT,,,,,
O-20250224-233000-001-V2-957,BACKTESTER-001,MLSignalStrategyV2-V2,EUR/USD.IDEALPRO,IDEALPRO-1-957,EUR/USD.IDEALPRO-MLSignalStrategyV2-V2,IDEALPRO-001,IDEALPRO-1-109063,LIMIT,SELL,100000.00,GTC,True,False,100000.00,MAKER,1.04656,-2.999999999997449e-05,['2.09 USD'],NO_TRIGGER,FILLED,OUO,OL-20250224-233000-001-V2-319,['O-20250224-233000-001-V2-956'],O-20250224-233000-001-V2-955,,,,['V2_POS1_TP'],4f7d48f4-4039-4ad9-ad07-0f26f7a12d94,1740439800000000000,1740445380000000000,,,,,1.04653,False,
O-20250225-083000-001-V2-958,BACKTESTER-001,MLSignalStrategyV2-V2,EUR/USD.IDEALPRO,IDEALPRO-1-958,EUR/USD.IDEALPRO-MLSignalStrategyV2-V2,IDEALPRO-001,IDEALPRO-1-109959,MARKET,BUY,100000.00,GTC,False,False,100000.00,TAKER,1.04675,0.0,['2.09 USD'],NO_TRIGGER,FILLED,OTO,OL-20250225-083000-001-V2-320,"['O-20250225-083000-001-V2-959', 'O-20250225-083000-001-V2-960']",,,,,['V2_POS1'],787873cd-c65c-4447-9fdf-eaaf51f53072,1740472200000000000,1740472200000000000,,,,,,,
O-20250225-083000-001-V2-959,BACKTESTER-001,MLSignalStrategyV2-V2,EUR/USD.IDEALPRO,IDEALPRO-1-959,EUR/USD.IDEALPRO-MLSignalStrategyV2-V2,IDEALPRO-001,IDEALPRO-1-109971,STOP_MARKET,SELL,100000.00,GTC,True,False,100000.00,TAKER,1.04586,0.00019999999999997797,['2.09 USD'],NO_TRIGGER,FILLED,OUO,OL-20250225-083000-001-V2-320,['O-20250225-083000-001-V2-960'],O-20250225-083000-001-V2-958,,,,['V2_POS1_SL'],d8ac8de1-a773-467b-8236-d8c9c7fb6436,1740472200000000000,1740472560000000000,1.04606,DEFAULT,,,,,
O-20250225-083000-001-V2-960,BACKTESTER-001,MLSignalStrategyV2-V2,EUR/USD.IDEALPRO,IDEALPRO-1-960,EUR/USD.IDEALPRO-MLSignalStrategyV2-V2,IDEALPRO-001,,LIMIT,SELL,100000.00,GTC,True,False,0.00,NO_LIQUIDITY_SIDE,,,,NO_TRIGGER,CANCELED,OUO,OL-20250225-083000-001-V2-320,['O-20250225-083000-001-V2-959'],O-20250225-083000-001-V2-958,,,,['V2_POS1_TP'],16a89a96-af95-41fb-bd0f-43e122bcf901,1740472200000000000,1740472560000000000,,,,,1.04744,False,
O-20250225-084500-001-V2-961,BACKTESTER-001,MLSignalStrategyV2-V2,EUR/USD.IDEALPRO,IDEALPRO-1-961,EUR/USD.IDEALPRO-MLSignalStrategyV2-V2,IDEALPRO-001,IDEALPRO-1-109990,MARKET,BUY,100000.00,GTC,False,False,100000.00,TAKER,1.04651,0.0,['2.09 USD'],NO_TRIGGER,FILLED,OTO,OL-20250225-084500-001-V2-321,"['O-20250225-084500-001-V2-962', 'O-20250225-084500-001-V2-963']",,,,,['V2_POS1'],1a7cb6eb-c64c-48eb-a5d1-598e45c36d35,1740473100000000000,1740473100000000000,,,,,,,
O-20250225-084500-001-V2-962,BACKTESTER-001,MLSignalStrategyV2-V2,EUR/USD.IDEALPRO,IDEALPRO-1-962,EUR/USD.IDEALPRO-MLSignalStrategyV2-V2,IDEALPRO-001,,STOP_MARKET,SELL,100000.00,GTC,True,False,0.00,NO_LIQUIDITY_SIDE,,,,NO_TRIGGER,CANCELED,OUO,OL-20250225-084500-001-V2-321,['O-20250225-084500-001-V2-963'],O-20250225-084500-001-V2-961,,,,['V2_POS1_SL'],06153871-93d7-4866-9fa4-7c38e0f9af94,1740473100000000000,1740473640000000000,1.04582,DEFAULT,,,,,
O-20250225-084500-001-V2-963,BACKTESTER-001,MLSignalStrategyV2-V2,EUR/USD.IDEALPRO,IDEALPRO-1-963,EUR/USD.IDEALPRO-MLSignalStrategyV2-V2,IDEALPRO-001,IDEALPRO-1-110009,LIMIT,SELL,100000.00,GTC,True,False,100000.00,MAKER,1.04721,-1.0000000000065512e-05,['2.09 USD'],NO_TRIGGER,FILLED,OUO,OL-20250225-084500-001-V2-321,['O-20250225-084500-001-V2-962'],O-20250225-084500-001-V2-961,,,,['V2_POS1_TP'],5022f3af-9176-4f8c-ad0f-10fbed55911a,1740473100000000000,1740473640000000000,,,,,1.04720,False,
O-20250225-121500-001-V2-964,BACKTESTER-001,MLSignalStrategyV2-V2,EUR/USD.IDEALPRO,IDEALPRO-1-964,EUR/USD.IDEALPRO-MLSignalStrategyV2-V2,IDEALPRO-001,IDEALPRO-1-110413,MARKET,BUY,100000.00,GTC,False,False,100000.00,TAKER,1.04941,0.0,['2.10 USD'],NO_TRIGGER,FILLED,OTO,OL-20250225-121500-001-V2-322,"['O-20250225-121500-001-V2-965', 'O-20250225-121500-001-V2-966']",,,,,['V2_POS1'],7c67583f-e5d6-4e3b-8ed1-bf1eb38bfee0,1740485700000000000,1740485700000000000,,,,,,,
O-20250225-121500-001-V2-965,BACKTESTER-001,MLSignalStrategyV2-V2,EUR/USD.IDEALPRO,IDEALPRO-1-965,EUR/USD.IDEALPRO-MLSignalStrategyV2-V2,IDEALPRO-001,,STOP_MARKET,SELL,100000.00,GTC,True,False,0.00,NO_LIQUIDITY_SIDE,,,,NO_TRIGGER,CANCELED,OUO,OL-20250225-121500-001-V2-322,['O-20250225-121500-001-V2-966'],O-20250225-121500-001-V2-964,,,,['V2_POS1_SL'],73a52bf4-8025-4d17-a093-1788cc8db42f,1740485700000000000,1740486300000000000,1.04886,DEFAULT,,,,,
O-20250225-121500-001-V2-966,BACKTESTER-001,MLSignalStrategyV2-V2,EUR/USD.IDEALPRO,IDEALPRO-1-966,EUR/USD.IDEALPRO-MLSignalStrategyV2-V2,IDEALPRO-001,IDEALPRO-1-110433,LIMIT,SELL,100000.00,GTC,True,False,100000.00,MAKER,1.05004,-8.000000000008001e-05,['2.10 USD'],NO_TRIGGER,FILLED,OUO,OL-20250225-121500-001-V2-322,['O-20250225-121500-001-V2-965'],O-20250225-121500-001-V2-964,,,,['V2_POS1_TP'],196b68ed-63af-4c9d-a0df-5719a7eebf12,1740485700000000000,1740486300000000000,,,,,1.04996,False,
O-20250225-184500-001-V2-967,BACKTESTER-001,MLSignalStrategyV2-V2,EUR/USD.IDEALPRO,IDEALPRO-1-967,EUR/USD.IDEALPRO-MLSignalStrategyV2-V2,IDEALPRO-001,IDEALPRO-1-111194,MARKET,BUY,100000.00,GTC,False,False,100000.00,TAKER,1.05147,0.0,['2.10 USD'],NO_TRIGGER,FILLED,OTO,OL-20250225-184500-001-V2-323,"['O-20250225-184500-001-V2-968', 'O-20250225-184500-001-V2-969']",,,,,['V2_POS1'],ab44d67a-462e-4635-917c-a41586dfda97,1740509100000000000,1740509100000000000,,,,,,,
O-20250225-184500-001-V2-968,BACKTESTER-001,MLSignalStrategyV2-V2,EUR/USD.IDEALPRO,IDEALPRO-1-968,EUR/USD.IDEALPRO-MLSignalStrategyV2-V2,IDEALPRO-001,IDEALPRO-1-111221,STOP_MARKET,SELL,100000.00,GTC,True,False,100000.00,TAKER,1.05074,8.000000000008001e-05,['2.10 USD'],NO_TRIGGER,FILLED,OUO,OL-20250225-184500-001-V2-323,['O-20250225-184500-001-V2-969'],O-20250225-184500-001-V2-967,,,,['V2_POS1_SL'],fb44c578-c86a-46b4-82a5-bbbc8a240866,1740509100000000000,1740509880000000000,1.05082,DEFAULT,,,,,
O-20250225-184500-001-V2-969,BACKTESTER-001,MLSignalStrategyV2-V2,EUR/USD.IDEALPRO,IDEALPRO-1-969,EUR/USD.IDEALPRO-MLSignalStrategyV2-V2,IDEALPRO-001,,LIMIT,SELL,100000.00,GTC,True,False,0.00,NO_LIQUIDITY_SIDE,,,,NO_TRIGGER,CANCELED,OUO,OL-20250225-184500-001-V2-323,['O-20250225-184500-001-V2-968'],O-20250225-184500-001-V2-967,,,,['V2_POS1_TP'],1cbc3e51-736b-4671-b1b6-97eb1d1f86af,1740509100000000000,1740509880000000000,,,,,1.05212,False,
O-20250225-210000-001-V2-970,BACKTESTER-001,MLSignalStrategyV2-V2,EUR/USD.IDEALPRO,IDEALPRO-1-970,EUR/USD.IDEALPRO-MLSignalStrategyV2-V2,IDEALPRO-001,IDEALPRO-1-111466,MARKET,BUY,100000.00,GTC,False,False,100000.00,TAKER,1.05164,0.0,['2.10 USD'],NO_TRIGGER,FILLED,OTO,OL-20250225-210000-001-V2-324,"['O-20250225-210000-001-V2-971', 'O-20250225-210000-001-V2-972']",,,,,['V2_POS1'],4a1886eb-daf8-4a15-9128-a3267df70a9d,1740517200000000000,1740517200000000000,,,,,,,
O-20250225-210000-001-V2-971,BACKTESTER-001,MLSignalStrategyV2-V2,EUR/USD.IDEALPRO,IDEALPRO-1-971,EUR/USD.IDEALPRO-MLSignalStrategyV2-V2,IDEALPRO-001,,STOP_MARKET,SELL,100000.00,GTC,True,False,0.00,NO_LIQUIDITY_SIDE,,,,NO_TRIGGER,CANCELED,OUO,OL-20250225-210000-001-V2-324,['O-20250225-210000-001-V2-972'],O-20250225-210000-001-V2-970,,,,['V2_POS1_SL'],c5c5b8b9-344e-4a5e-bafb-ce18c94fa382,1740517200000000000,1740526440000000000,1.05113,DEFAULT,,,,,
O-20250225-210000-001-V2-972,BACKTESTER-001,MLSignalStrategyV2-V2,EUR/USD.IDEALPRO,IDEALPRO-1-972,EUR/USD.IDEALPRO-MLSignalStrategyV2-V2,IDEALPRO-001,IDEALPRO-1-111745,LIMIT,SELL,100000.00,GTC,True,False,100000.00,MAKER,1.05228,-0.00013000000000018552,['2.10 USD'],NO_TRIGGER,FILLED,OUO,OL-20250225-210000-001-V2-324,['O-20250225-210000-001-V2-971'],O-20250225-210000-001-V2-970,,,,['V2_POS1_TP'],ec997084-f354-43d2-b532-9f5555e71c5b,1740517200000000000,1740526440000000000,,,,,1.05215,False,
O-20250226-031500-001-V2-973,BACKTESTER-001,MLSignalStrategyV2-V2,EUR/USD.IDEALPRO,IDEALPRO-1-973,EUR/USD.IDEALPRO-MLSignalStrategyV2-V2,IDEALPRO-001,IDEALPRO-1-112188,MARKET,SELL,100000.00,GTC,False,False,100000.00,TAKER,1.05057,0.0,['2.10 USD'],NO_TRIGGER,FILLED,OTO,OL-20250226-031500-001-V2-325,"['O-20250226-031500-001-V2-974', 'O-20250226-031500-001-V2-975']",,,,,['V2_POS1'],58ef394a-30d6-4eeb-b234-d6e5abd0fe90,1740539700000000000,1740539700000000000,,,,,,,
O-20250226-031500-001-V2-974,BACKTESTER-001,MLSignalStrategyV2-V2,EUR/USD.IDEALPRO,IDEALPRO-1-974,EUR/USD.IDEALPRO-MLSignalStrategyV2-V2,IDEALPRO-001,,STOP_MARKET,BUY,100000.00,GTC,True,False,0.00,NO_LIQUIDITY_SIDE,,,,NO_TRIGGER,CANCELED,OUO,OL-20250226-031500-001-V2-325,['O-20250226-031500-001-V2-975'],O-20250226-031500-001-V2-973,,,,['V2_POS1_SL'],5a002fce-f707-4de1-af83-478498d208da,1740539700000000000,1740540360000000000,1.05093,DEFAULT,,,,,
O-20250226-031500-001-V2-975,BACKTESTER-001,MLSignalStrategyV2-V2,EUR/USD.IDEALPRO,IDEALPRO-1-975,EUR/USD.IDEALPRO-MLSignalStrategyV2-V2,IDEALPRO-001,IDEALPRO-1-112211,LIMIT,BUY,100000.00,GTC,True,False,100000.00,MAKER,1.05017,-4.0000000000040004e-05,['2.10 USD'],NO_TRIGGER,FILLED,OUO,OL-20250226-031500-001-V2-325,['O-20250226-031500-001-V2-974'],O-20250226-031500-001-V2-973,,,,['V2_POS1_TP'],250f037b-b65a-4d28-aaaf-9e2d7bf4eb68,1740539700000000000,1740540360000000000,,,,,1.05021,False,
O-20250226-033000-001-V2-976,BACKTESTER-001,MLSignalStrategyV2-V2,EUR/USD.IDEALPRO,IDEALPRO-1-976,EUR/USD.IDEALPRO-MLSignalStrategyV2-V2,IDEALPRO-001,IDEALPRO-1-112220,MARKET,SELL,100000.00,GTC,False,False,100000.00,TAKER,1.05032,0.0,['2.10 USD'],NO_TRIGGER,FILLED,OTO,OL-20250226-033000-001-V2-326,"['O-20250226-033000-001-V2-977', 'O-20250226-033000-001-V2-978']",,,,,['V2_POS1'],8e68335c-a0ae-462c-942e-8c9dbeafb1b6,1740540600000000000,1740540600000000000,,,,,,,
O-20250226-033000-001-V2-977,BACKTESTER-001,MLSignalStrategyV2-V2,EUR/USD.IDEALPRO,IDEALPRO-1-977,EUR/USD.IDEALPRO-MLSignalStrategyV2-V2,IDEALPRO-001,,STOP_MARKET,BUY,100000.00,GTC,True,False,0.00,NO_LIQUIDITY_SIDE,,,,NO_TRIGGER,CANCELED,OUO,OL-20250226-033000-001-V2-326,['O-20250226-033000-001-V2-978'],O-20250226-033000-001-V2-976,,,,['V2_POS1_SL'],0dc9ecfc-5afc-4788-9bae-51d6436e1701,1740540600000000000,1740545220000000000,1.05068,DEFAULT,,,,,
O-20250226-033000-001-V2-978,BACKTESTER-001,MLSignalStrategyV2-V2,EUR/USD.IDEALPRO,IDEALPRO-1-978,EUR/USD.IDEALPRO-MLSignalStrategyV2-V2,IDEALPRO-001,IDEALPRO-1-112375,LIMIT,BUY,100000.00,GTC,True,False,100000.00,MAKER,1.04995,-1.0000000000065512e-05,['2.10 USD'],NO_TRIGGER,FILLED,OUO,OL-20250226-033000-001-V2-326,['O-20250226-033000-001-V2-977'],O-20250226-033000-001-V2-976,,,,['V2_POS1_TP'],f342eec6-41f3-4170-9b36-36b3816e5a8e,1740540600000000000,1740545220000000000,,,,,1.04996,False,
O-20250226-051500-001-V2-979,BACKTESTER-001,MLSignalStrategyV2-V2,EUR/USD.IDEALPRO,IDEALPRO-1-979,EUR/USD.IDEALPRO-MLSignalStrategyV2-V2,IDEALPRO-001,IDEALPRO-1-112432,MARKET,BUY,100000.00,GTC,False,False,100000.00,TAKER,1.04944,0.0,['2.10 USD'],NO_TRIGGER,FILLED,OTO,OL-20250226-051500-001-V2-327,"['O-20250226-051500-001-V2-980', 'O-20250226-051500-001-V2-981']",,,,,['V2_POS1'],6f9ffe48-f0c3-49fd-9368-9f13764a98e1,1740546900000000000,1740546900000000000,,,,,,,
O-20250226-051500-001-V2-980,BACKTESTER-001,MLSignalStrategyV2-V2,EUR/USD.IDEALPRO,IDEALPRO-1-980,EUR/USD.IDEALPRO-MLSignalStrategyV2-V2,IDEALPRO-001,IDEALPRO-1-112519,STOP_MARKET,SELL,100000.00,GTC,True,False,100000.00,TAKER,1.04903,8.000000000008001e-05,['2.10 USD'],NO_TRIGGER,FILLED,OUO,OL-20250226-051500-001-V2-327,['O-20250226-051500-001-V2-981'],O-20250226-051500-001-V2-979,,,,['V2_POS1_SL'],146c3736-0668-42e1-8cb0-eb4497d7a785,1740546900000000000,1740549480000000000,1.04911,DEFAULT,,,,,
O-20250226-051500-001-V2-981,BACKTESTER-001,MLSignalStrategyV2-V2,EUR/USD.IDEALPRO,IDEALPRO-1-981,EUR/USD.IDEALPRO-MLSignalStrategyV2-V2,IDEALPRO-001,,LIMIT,SELL,100000.00,GTC,True,False,0.00,NO_LIQUIDITY_SIDE,,,,NO_TRIGGER,CANCELED,OUO,OL-20250226-051500-001-V2-327,['O-20250226-051500-001-V2-980'],O-20250226-051500-001-V2-979,,,,['V2_POS1_TP'],e0e9c278-2c22-4753-981d-dcb61a07e43b,1740546900000000000,1740549480000000000,,,,,1.04977,False,
O-20250226-060000-001-V2-982,BACKTESTER-001,MLSignalStrategyV2-V2,EUR/USD.IDEALPRO,IDEALPRO-1-982,EUR/USD.IDEALPRO-MLSignalStrategyV2-V2,IDEALPRO-001,IDEALPRO-1-112524,MARKET,BUY,100000.00,GTC,False,False,100000.00,TAKER,1.04916,0.0,['2.10 USD'],NO_TRIGGER,FILLED,OTO,OL-20250226-060000-001-V2-328,"['O-20250226-060000-001-V2-983', 'O-20250226-060000-001-V2-984']",,,,,['V2_POS1'],98f54853-d6ec-4e35-abee-db1f4d15e9ea,1740549600000000000,1740549600000000000,,,,,,,
O-20250226-060000-001-V2-983,BACKTESTER-001,MLSignalStrategyV2-V2,EUR/USD.IDEALPRO,IDEALPRO-1-983,EUR/USD.IDEALPRO-MLSignalStrategyV2-V2,IDEALPRO-001,IDEALPRO-1-112569,STOP_MARKET,SELL,100000.00,GTC,True,False,100000.00,TAKER,1.04882,9.999999999843467e-06,['2.10 USD'],NO_TRIGGER,FILLED,OUO,OL-20250226-060000-001-V2-328,['O-20250226-060000-001-V2-984'],O-20250226-060000-001-V2-982,,,,['V2_POS1_SL'],47736956-5e61-4b74-949e-75b69aa80a56,1740549600000000000,1740550920000000000,1.04883,DEFAULT,,,,,
O-20250226-060000-001-V2-984,BACKTESTER-001,MLSignalStrategyV2-V2,EUR/USD.IDEALPRO,IDEALPRO-1-984,EUR/USD.IDEALPRO-MLSignalStrategyV2-V2,IDEALPRO-001,,LIMIT,SELL,100000.00,GTC,True,False,0.00,NO_LIQUIDITY_SIDE,,,,NO_TRIGGER,CANCELED,OUO,OL-20250226-060000-001-V2-328,['O-20250226-060000-001-V2-983'],O-20250226-060000-001-V2-982,,,,['V2_POS1_TP'],b88846c8-e1fe-4eca-b06e-d4bbc7077124,1740549600000000000,1740550920000000000,,,,,1.04949,False,
O-20250226-111500-001-V2-985,BACKTESTER-001,MLSignalStrategyV2-V2,EUR/USD.IDEALPRO,IDEALPRO-1-985,EUR/USD.IDEALPRO-MLSignalStrategyV2-V2,IDEALPRO-001,IDEALPRO-1-113156,MARKET,BUY,100000.00,GTC,False,False,100000.00,TAKER,1.05009,0.0,['2.10 USD'],NO_TRIGGER,FILLED,OTO,OL-20250226-111500-001-V2-329,"['O-20250226-111500-001-V2-986', 'O-20250226-111500-001-V2-987']",,,,,['V2_POS1'],7bb4bb1c-1448-4a4f-b508-5c176ae549ca,1740568500000000000,1740568500000000000,,,,,,,
O-20250226-111500-001-V2-986,BACKTESTER-001,MLSignalStrategyV2-V2,EUR/USD.IDEALPRO,IDEALPRO-1-986,EUR/USD.IDEALPRO-MLSignalStrategyV2-V2,IDEALPRO-001,IDEALPRO-1-113169,STOP_MARKET,SELL,100000.00,GTC,True,False,100000.00,TAKER,1.04945,0.00011999999999989797,['2.10 USD'],NO_TRIGGER,FILLED,OUO,OL-20250226-111500-001-V2-329,['O-20250226-111500-001-V2-987'],O-20250226-111500-001-V2-985,,,,['V2_POS1_SL'],732bcafe-17f7-461d-957f-f70b437cf815,1740568500000000000,1740568860000000000,1.04957,DEFAULT,,,,,
O-20250226-111500-001-V2-987,BACKTESTER-001,MLSignalStrategyV2-V2,EUR/USD.IDEALPRO,IDEALPRO-1-987,EUR/USD.IDEALPRO-MLSignalStrategyV2-V2,IDEALPRO-001,,LIMIT,SELL,100000.00,GTC,True,False,0.00,NO_LIQUIDITY_SIDE,,,,NO_TRIGGER,CANCELED,OUO,OL-20250226-111500-001-V2-329,['O-20250226-111500-001-V2-986'],O-20250226-111500-001-V2-985,,,,['V2_POS1_TP'],9710c271-7511-4373-9f5c-288d4243a2f8,1740568500000000000,1740568860000000000,,,,,1.05059,False,
O-20250226-171500-001-V2-988,BACKTESTER-001,MLSignalStrategyV2-V2,EUR/USD.IDEALPRO,IDEALPRO-1-988,EUR/USD.IDEALPRO-MLSignalStrategyV2-V2,IDEALPRO-001,IDEALPRO-1-113878,MARKET,BUY,100000.00,GTC,False,False,100000.00,TAKER,1.05143,0.0,['2.10 USD'],NO_TRIGGER,FILLED,OTO,OL-20250226-171500-001-V2-330,"['O-20250226-171500-001-V2-989', 'O-20250226-171500-001-V2-990']",,,,,['V2_POS1'],8d10e0d0-39e1-45ed-806a-68edd88626f5,1740590100000000000,1740590100000000000,,,,,,,
O-20250226-171500-001-V2-989,BACKTESTER-001,MLSignalStrategyV2-V2,EUR/USD.IDEALPRO,IDEALPRO-1-989,EUR/USD.IDEALPRO-MLSignalStrategyV2-V2,IDEALPRO-001,IDEALPRO-1-113887,STOP_MARKET,SELL,100000.00,GTC,True,False,100000.00,TAKER,1.05053,0.0002500000000000835,['2.10 USD'],NO_TRIGGER,FILLED,OUO,OL-20250226-171500-001-V2-330,['O-20250226-171500-001-V2-990'],O-20250226-171500-001-V2-988,,,,['V2_POS1_SL'],afcfae67-72a2-449c-9d71-89ed551c3ff1,1740590100000000000,1740590340000000000,1.05078,DEFAULT,,,,,
O-20250226-171500-001-V2-990,BACKTESTER-001,MLSignalStrategyV2-V2,EUR/USD.IDEALPRO,IDEALPRO-1-990,EUR/USD.IDEALPRO-MLSignalStrategyV2-V2,IDEALPRO-001,,LIMIT,SELL,100000.00,GTC,True,False,0.00,NO_LIQUIDITY_SIDE,,,,NO_TRIGGER,CANCELED,OUO,OL-20250226-171500-001-V2-330,['O-20250226-171500-001-V2-989'],O-20250226-171500-001-V2-988,,,,['V2_POS1_TP'],eea6ebd3-86e3-49ce-8821-f0b08eb96bd0,1740590100000000000,1740590340000000000,,,,,1.05208,False,
O-20250226-224500-001-V2-991,BACKTESTER-001,MLSignalStrategyV2-V2,EUR/USD.IDEALPRO,IDEALPRO-1-991,EUR/USD.IDEALPRO-MLSignalStrategyV2-V2,IDEALPRO-001,IDEALPRO-1-114509,MARKET,SELL,100000.00,GTC,False,False,100000.00,TAKER,1.04875,0.0,['2.10 USD'],NO_TRIGGER,FILLED,OTO,OL-20250226-224500-001-V2-331,"['O-20250226-224500-001-V2-992', 'O-20250226-224500-001-V2-993']",,,,,['V2_POS1'],319de5b4-ddda-48f1-abd1-13dee1df3751,1740609900000000000,1740609900000000000,,,,,,,
O-20250226-224500-001-V2-992,BACKTESTER-001,MLSignalStrategyV2-V2,EUR/USD.IDEALPRO,IDEALPRO-1-992,EUR/USD.IDEALPRO-MLSignalStrategyV2-V2,IDEALPRO-001,IDEALPRO-1-114595,STOP_MARKET,BUY,100000.00,GTC,True,False,100000.00,TAKER,1.04921,2.999999999997449e-05,['2.10 USD'],NO_TRIGGER,FILLED,OUO,OL-20250226-224500-001-V2-331,['O-20250226-224500-001-V2-993'],O-20250226-224500-001-V2-991,,,,['V2_POS1_SL'],e5326080-e5dd-4d7d-8e98-40c10cd2f50e,1740609900000000000,1740612420000000000,1.04918,DEFAULT,,,,,
O-20250226-224500-001-V2-993,BACKTESTER-001,MLSignalStrategyV2-V2,EUR/USD.IDEALPRO,IDEALPRO-1-993,EUR/USD.IDEALPRO-MLSignalStrategyV2-V2,IDEALPRO-001,,LIMIT,BUY,100000.00,GTC,True,False,0.00,NO_LIQUIDITY_SIDE,,,,NO_TRIGGER,CANCELED,OUO,OL-20250226-224500-001-V2-331,['O-20250226-224500-001-V2-992'],O-20250226-224500-001-V2-991,,,,['V2_POS1_TP'],80782a50-e3a8-4748-b2b8-97485e9a6588,1740609900000000000,1740612420000000000,,,,,1.04840,False,
O-20250227-013000-001-V2-994,BACKTESTER-001,MLSignalStrategyV2-V2,EUR/USD.IDEALPRO,IDEALPRO-1-994,EUR/USD.IDEALPRO-MLSignalStrategyV2-V2,IDEALPRO-001,IDEALPRO-1-114842,MARKET,BUY,100000.00,GTC,False,False,100000.00,TAKER,1.04769,0.0,['2.10 USD'],NO_TRIGGER,FILLED,OTO,OL-20250227-013000-001-V2-332,"['O-20250227-013000-001-V2-995', 'O-20250227-013000-001-V2-996']",,,,,['V2_POS1'],ad182af0-6f17-43bb-9a02-727cc58b4874,1740619800000000000,1740619800000000000,,,,,,,
O-20250227-013000-001-V2-995,BACKTESTER-001,MLSignalStrategyV2-V2,EUR/USD.IDEALPRO,IDEALPRO-1-995,EUR/USD.IDEALPRO-MLSignalStrategyV2-V2,IDEALPRO-001,,STOP_MARKET,SELL,100000.00,GTC,True,False,0.00,NO_LIQUIDITY_SIDE,,,,NO_TRIGGER,CANCELED,OUO,OL-20250227-013000-001-V2-332,['O-20250227-013000-001-V2-996'],O-20250227-013000-001-V2-994,,,,['V2_POS1_SL'],8fa88b4b-d46f-4eb9-83bb-f59823e95d88,1740619800000000000,1740620520000000000,1.04732,DEFAULT,,,,,
O-20250227-013000-001-V2-996,BACKTESTER-001,MLSignalStrategyV2-V2,EUR/USD.IDEALPRO,IDEALPRO-1-996,EUR/USD.IDEALPRO-MLSignalStrategyV2-V2,IDEALPRO-001,IDEALPRO-1-114867,LIMIT,SELL,100000.00,GTC,True,False,100000.00,MAKER,1.04808,-3.999999999981796e-05,['2.10 USD'],NO_TRIGGER,FILLED,OUO,OL-20250227-013000-001-V2-332,['O-20250227-013000-001-V2-995'],O-20250227-013000-001-V2-994,,,,['V2_POS1_TP'],1b0aca77-66bf-407f-8522-d72e19a59a46,1740619800000000000,1740620520000000000,,,,,1.04804,False,
O-20250227-043000-001-V2-997,BACKTESTER-001,MLSignalStrategyV2-V2,EUR/USD.IDEALPRO,IDEALPRO-1-997,EUR/USD.IDEALPRO-MLSignalStrategyV2-V2,IDEALPRO-001,IDEALPRO-1-115204,MARKET,SELL,100000.00,GTC,False,False,100000.00,TAKER,1.04658,0.0,['2.09 USD'],NO_TRIGGER,FILLED,OTO,OL-20250227-043000-001-V2-333,"['O-20250227-043000-001-V2-998', 'O-20250227-043000-001-V2-999']",,,,,['V2_POS1'],3e90dbc4-256a-4907-b28d-9ce7b84c0219,1740630600000000000,1740630600000000000,,,,,,,
O-20250227-043000-001-V2-998,BACKTESTER-001,MLSignalStrategyV2-V2,EUR/USD.IDEALPRO,IDEALPRO-1-998,EUR/USD.IDEALPRO-MLSignalStrategyV2-V2,IDEALPRO-001,,STOP_MARKET,BUY,100000.00,GTC,True,False,0.00,NO_LIQUIDITY_SIDE,,,,NO_TRIGGER,CANCELED,OUO,OL-20250227-043000-001-V2-333,['O-20250227-043000-001-V2-999'],O-20250227-043000-001-V2-997,,,,['V2_POS1_SL'],8f39b93d-b4da-4928-a353-0c5679cf2eb5,1740630600000000000,1740630960000000000,1.04692,DEFAULT,,,,,
O-20250227-043000-001-V2-999,BACKTESTER-001,MLSignalStrategyV2-V2,EUR/USD.IDEALPRO,IDEALPRO-1-999,EUR/USD.IDEALPRO-MLSignalStrategyV2-V2,IDEALPRO-001,IDEALPRO-1-115217,LIMIT,BUY,100000.00,GTC,True,False,100000.00,MAKER,1.04619,-5.0000000000105516e-05,['2.09 USD'],NO_TRIGGER,FILLED,OUO,OL-20250227-043000-001-V2-333,['O-20250227-043000-001-V2-998'],O-20250227-043000-001-V2-997,,,,['V2_POS1_TP'],90e345ce-c0f5-41e0-a5dc-7c703859fe49,1740630600000000000,1740630960000000000,,,,,1.04624,False,
O-20250227-044500-001-V2-1000,BACKTESTER-001,MLSignalStrategyV2-V2,EUR/USD.IDEALPRO,IDEALPRO-1-1000,EUR/USD.IDEALPRO-MLSignalStrategyV2-V2,IDEALPRO-001,IDEALPRO-1-115236,MARKET,BUY,100000.00,GTC,False,False,100000.00,TAKER,1.04631,0.0,['2.09 USD'],NO_TRIGGER,FILLED,OTO,OL-20250227-044500-001-V2-334,"['O-20250227-044500-001-V2-1001', 'O-20250227-044500-001-V2-1002']",,,,,['V2_POS1'],20431377-90a6-4242-8ab3-23f72d5413a5,1740631500000000000,1740631500000000000,,,,,,,
O-20250227-044500-001-V2-1001,BACKTESTER-001,MLSignalStrategyV2-V2,EUR/USD.IDEALPRO,IDEALPRO-1-1001,EUR/USD.IDEALPRO-MLSignalStrategyV2-V2,IDEALPRO-001,IDEALPRO-1-115255,STOP_MARKET,SELL,100000.00,GTC,True,False,100000.00,TAKER,1.04595,0.0,['2.09 USD'],NO_TRIGGER,FILLED,OUO,OL-20250227-044500-001-V2-334,['O-20250227-044500-001-V2-1002'],O-20250227-044500-001-V2-1000,,,,['V2_POS1_SL'],81b49382-23ed-4d15-a867-5fbc3c619da3,1740631500000000000,1740632040000000000,1.04595,DEFAULT,,,,,
O-20250227-044500-001-V2-1002,BACKTESTER-001,MLSignalStrategyV2-V2,EUR/USD.IDEALPRO,IDEALPRO-1-1002,EUR/USD.IDEALPRO-MLSignalStrategyV2-V2,IDEALPRO-001,,LIMIT,SELL,100000.00,GTC,True,False,0.00,NO_LIQUIDITY_SIDE,,,,NO_TRIGGER,CANCELED,OUO,OL-20250227-044500-001-V2-334,['O-20250227-044500-001-V2-1001'],O-20250227-044500-001-V2-1000,,,,['V2_POS1_TP'],33608a7f-ca23-40f6-ba54-940db416a92c,1740631500000000000,1740632040000000000,,,,,1.04665,False,
O-20250227-050000-001-V2-1003,BACKTESTER-001,MLSignalStrategyV2-V2,EUR/USD.IDEALPRO,IDEALPRO-1-1003,EUR/USD.IDEALPRO-MLSignalStrategyV2-V2,IDEALPRO-001,IDEALPRO-1-115268,MARKET,BUY,100000.00,GTC,False,False,100000.00,TAKER,1.0463,0.0,['2.09 USD'],NO_TRIGGER,FILLED,OTO,OL-20250227-050000-001-V2-335,"['O-20250227-050000-001-V2-1004', 'O-20250227-050000-001-V2-1005']",,,,,['V2_POS1'],1ec57563-10de-48b1-b7a0-d93e9c6ed65d,1740632400000000000,1740632400000000000,,,,,,,
O-20250227-050000-001-V2-1004,BACKTESTER-001,MLSignalStrategyV2-V2,EUR/USD.IDEALPRO,IDEALPRO-1-1004,EUR/USD.IDEALPRO-MLSignalStrategyV2-V2,IDEALPRO-001,,STOP_MARKET,SELL,100000.00,GTC,True,False,0.00,NO_LIQUIDITY_SIDE,,,,NO_TRIGGER,CANCELED,OUO,OL-20250227-050000-001-V2-335,['O-20250227-050000-001-V2-1005'],O-20250227-050000-001-V2-1003,,,,['V2_POS1_SL'],a9e0b0be-6bf3-44ce-90dd-d481ad68289d,1740632400000000000,1740636180000000000,1.04595,DEFAULT,,,,,
O-20250227-050000-001-V2-1005,BACKTESTER-001,MLSignalStrategyV2-V2,EUR/USD.IDEALPRO,IDEALPRO-1-1005,EUR/USD.IDEALPRO-MLSignalStrategyV2-V2,IDEALPRO-001,IDEALPRO-1-115395,LIMIT,SELL,100000.00,GTC,True,False,100000.00,MAKER,1.04665,0.0,['2.09 USD'],NO_TRIGGER,FILLED,OUO,OL-20250227-050000-001-V2-335,['O-20250227-050000-001-V2-1004'],O-20250227-050000-001-V2-1003,,,,['V2_POS1_TP'],fb63d3de-4a07-4b81-85a9-a2ac4a11edca,1740632400000000000,1740636180000000000,,,,,1.04665,False,
O-20250227-100000-001-V2-1006,BACKTESTER-001,MLSignalStrategyV2-V2,EUR/USD.IDEALPRO,IDEALPRO-1-1006,EUR/USD.IDEALPRO-MLSignalStrategyV2-V2,IDEALPRO-001,IDEALPRO-1-115870,MARKET,BUY,100000.00,GTC,False,False,100000.00,TAKER,1.04842,0.0,['2.10 USD'],NO_TRIGGER,FILLED,OTO,OL-20250227-100000-001-V2-336,"['O-20250227-100000-001-V2-1007', 'O-20250227-100000-001-V2-1008']",,,,,['V2_POS1'],950a7939-6c05-46e5-bc18-ce78913bbcc7,1740650400000000000,1740650400000000000,,,,,,,
O-20250227-100000-001-V2-1007,BACKTESTER-001,MLSignalStrategyV2-V2,EUR/USD.IDEALPRO,IDEALPRO-1-1007,EUR/USD.IDEALPRO-MLSignalStrategyV2-V2,IDEALPRO-001,IDEALPRO-1-115883,STOP_MARKET,SELL,100000.00,GTC,True,False,100000.00,TAKER,1.04793,4.999999999988347e-05,['2.10 USD'],NO_TRIGGER,FILLED,OUO,OL-20250227-100000-001-V2-336,['O-20250227-100000-001-V2-1008'],O-20250227-100000-001-V2-1006,,,,['V2_POS1_SL'],590e6d77-d626-4a86-8afa-fc69c90f66de,1740650400000000000,1740650760000000000,1.04798,DEFAULT,,,,,
O-20250227-100000-001-V2-1008,BACKTESTER-001,MLSignalStrategyV2-V2,EUR/USD.IDEALPRO,IDEALPRO-1-1008,EUR/USD.IDEALPRO-MLSignalStrategyV2-V2,IDEALPRO-001,,LIMIT,SELL,100000.00,GTC,True,False,0.00,NO_LIQUIDITY_SIDE,,,,NO_TRIGGER,CANCELED,OUO,OL-20250227-100000-001-V2-336,['O-20250227-100000-001-V2-1007'],O-20250227-100000-001-V2-1006,,,,['V2_POS1_TP'],05c7a5d8-3495-4da2-9b4c-4a265acb137d,1740650400000000000,1740650760000000000,,,,,1.04886,False,
O-20250227-154500-001-V2-1009,BACKTESTER-001,MLSignalStrategyV2-V2,EUR/USD.IDEALPRO,IDEALPRO-1-1009,EUR/USD.IDEALPRO-MLSignalStrategyV2-V2,IDEALPRO-001,IDEALPRO-1-116562,MARKET,BUY,100000.00,GTC,False,False,100000.00,TAKER,1.04163,0.0,['2.08 USD'],NO_TRIGGER,FILLED,OTO,OL-20250227-154500-001-V2-337,"['O-20250227-154500-001-V2-1010', 'O-20250227-154500-001-V2-1011']",,,,,['V2_POS1'],2b1c4a1e-7207-4388-8bc4-5f4949d0199e,1740671100000000000,1740671100000000000,,,,,,,
O-20250227-154500-001-V2-1010,BACKTESTER-001,MLSignalStrategyV2-V2,EUR/USD.IDEALPRO,IDEALPRO-1-1010,EUR/USD.IDEALPRO-MLSignalStrategyV2-V2,IDEALPRO-001,IDEALPRO-1-116615,STOP_MARKET,SELL,100000.00,GTC,True,False,100000.00,TAKER,1.04044,5.999999999994898e-05,['2.08 USD'],NO_TRIGGER,FILLED,OUO,OL-20250227-154500-001-V2-337,['O-20250227-154500-001-V2-1011'],O-20250227-154500-001-V2-1009,,,,['V2_POS1_SL'],6a1a82a0-b187-431e-b89e-1dcf052463fb,1740671100000000000,1740672660000000000,1.04050,DEFAULT,,,,,
O-20250227-154500-001-V2-1011,BACKTESTER-001,MLSignalStrategyV2-V2,EUR/USD.IDEALPRO,IDEALPRO-1-1011,EUR/USD.IDEALPRO-MLSignalStrategyV2-V2,IDEALPRO-001,,LIMIT,SELL,100000.00,GTC,True,False,0.00,NO_LIQUIDITY_SIDE,,,,NO_TRIGGER,CANCELED,OUO,OL-20250227-154500-001-V2-337,['O-20250227-154500-001-V2-1010'],O-20250227-154500-001-V2-1009,,,,['V2_POS1_TP'],0a08a4a2-86bb-45e6-b70d-85960847a41f,1740671100000000000,1740672660000000000,,,,,1.04276,False,
O-20250227-161500-001-V2-1012,BACKTESTER-001,MLSignalStrategyV2-V2,EUR/USD.IDEALPRO,IDEALPRO-1-1012,EUR/USD.IDEALPRO-MLSignalStrategyV2-V2,IDEALPRO-001,IDEALPRO-1-116624,MARKET,BUY,100000.00,GTC,False,False,100000.00,TAKER,1.04061,0.0,['2.08 USD'],NO_TRIGGER,FILLED,OTO,OL-20250227-161500-001-V2-338,"['O-20250227-161500-001-V2-1013', 'O-20250227-161500-001-V2-1014']",,,,,['V2_POS1'],421f8f4b-d94b-421d-aab7-ff27da1db9b9,1740672900000000000,1740672900000000000,,,,,,,
O-20250227-161500-001-V2-1013,BACKTESTER-001,MLSignalStrategyV2-V2,EUR/USD.IDEALPRO,IDEALPRO-1-1013,EUR/USD.IDEALPRO-MLSignalStrategyV2-V2,IDEALPRO-001,,STOP_MARKET,SELL,100000.00,GTC,True,False,0.00,NO_LIQUIDITY_SIDE,,,,NO_TRIGGER,CANCELED,OUO,OL-20250227-161500-001-V2-338,['O-20250227-161500-001-V2-1014'],O-20250227-161500-001-V2-1012,,,,['V2_POS1_SL'],fe5dd300-d1b8-49ae-8942-877a30e202d4,1740672900000000000,1740675780000000000,1.03959,DEFAULT,,,,,
O-20250227-161500-001-V2-1014,BACKTESTER-001,MLSignalStrategyV2-V2,EUR/USD.IDEALPRO,IDEALPRO-1-1014,EUR/USD.IDEALPRO-MLSignalStrategyV2-V2,IDEALPRO-001,IDEALPRO-1-116721,LIMIT,SELL,100000.00,GTC,True,False,100000.00,MAKER,1.04163,0.0,['2.08 USD'],NO_TRIGGER,FILLED,OUO,OL-20250227-161500-001-V2-338,['O-20250227-161500-001-V2-1013'],O-20250227-161500-001-V2-1012,,,,['V2_POS1_TP'],dd528d06-98df-4791-b448-150cc2c5523b,1740672900000000000,1740675780000000000,,,,,1.04163,False,
O-20250227-194500-001-V2-1015,BACKTESTER-001,MLSignalStrategyV2-V2,EUR/USD.IDEALPRO,IDEALPRO-1-1015,EUR/USD.IDEALPRO-MLSignalStrategyV2-V2,IDEALPRO-001,IDEALPRO-1-117047,MARKET,BUY,100000.00,GTC,False,False,100000.00,TAKER,1.04057,0.0,['2.08 USD'],NO_TRIGGER,FILLED,OTO,OL-20250227-194500-001-V2-339,"['O-20250227-194500-001-V2-1016', 'O-20250227-194500-001-V2-1017']",,,,,['V2_POS1'],16f997c1-0571-44a6-8bf6-6a679047645b,1740685500000000000,1740685500000000000,,,,,,,
O-20250227-194500-001-V2-1016,BACKTESTER-001,MLSignalStrategyV2-V2,EUR/USD.IDEALPRO,IDEALPRO-1-1016,EUR/USD.IDEALPRO-MLSignalStrategyV2-V2,IDEALPRO-001,IDEALPRO-1-117213,STOP_MARKET,SELL,100000.00,GTC,True,False,100000.00,TAKER,1.04001,2.999999999997449e-05,['2.08 USD'],NO_TRIGGER,FILLED,OUO,OL-20250227-194500-001-V2-339,['O-20250227-194500-001-V2-1017'],O-20250227-194500-001-V2-1015,,,,['V2_POS1_SL'],b9c2be3b-ea4e-459c-9c6e-7d6fe8bde233,1740685500000000000,1740690480000000000,1.04004,DEFAULT,,,,,
O-20250227-194500-001-V2-1017,BACKTESTER-001,MLSignalStrategyV2-V2,EUR/USD.IDEALPRO,IDEALPRO-1-1017,EUR/USD.IDEALPRO-MLSignalStrategyV2-V2,IDEALPRO-001,,LIMIT,SELL,100000.00,GTC,True,False,0.00,NO_LIQUIDITY_SIDE,,,,NO_TRIGGER,CANCELED,OUO,OL-20250227-194500-001-V2-339,['O-20250227-194500-001-V2-1016'],O-20250227-194500-001-V2-1015,,,,['V2_POS1_TP'],333a301f-1b93-4169-918a-08825f394d0e,1740685500000000000,1740690480000000000,,,,,1.04110,False,
O-20250227-220000-001-V2-1018,BACKTESTER-001,MLSignalStrategyV2-V2,EUR/USD.IDEALPRO,IDEALPRO-1-1018,EUR/USD.IDEALPRO-MLSignalStrategyV2-V2,IDEALPRO-001,IDEALPRO-1-117318,MARKET,BUY,100000.00,GTC,False,False,100000.00,TAKER,1.03981,0.0,['2.08 USD'],NO_TRIGGER,FILLED,OTO,OL-20250227-220000-001-V2-340,"['O-20250227-220000-001-V2-1019', 'O-20250227-220000-001-V2-1020']",,,,,['V2_POS1'],5af38465-c1da-48a8-b959-c431403da2c1,1740693600000000000,1740693600000000000,,,,,,,
O-20250227-220000-001-V2-1019,BACKTESTER-001,MLSignalStrategyV2-V2,EUR/USD.IDEALPRO,IDEALPRO-1-1019,EUR/USD.IDEALPRO-MLSignalStrategyV2-V2,IDEALPRO-001,IDEALPRO-1-117377,STOP_MARKET,SELL,100000.00,GTC,True,False,100000.00,TAKER,1.03943,1.999999999990898e-05,['2.08 USD'],NO_TRIGGER,FILLED,OUO,OL-20250227-220000-001-V2-340,['O-20250227-220000-001-V2-1020'],O-20250227-220000-001-V2-1018,,,,['V2_POS1_SL'],9d1ecc75-f62f-4de6-8925-c45471dde732,1740693600000000000,1740696240000000000,1.03945,DEFAULT,,,,,
O-20250227-220000-001-V2-1020,BACKTESTER-001,MLSignalStrategyV2-V2,EUR/USD.IDEALPRO,IDEALPRO-1-1020,EUR/USD.IDEALPRO-MLSignalStrategyV2-V2,IDEALPRO-001,,LIMIT,SELL,100000.00,GTC,True,False,0.00,NO_LIQUIDITY_SIDE,,,,NO_TRIGGER,CANCELED,OUO,OL-20250227-220000-001-V2-340,['O-20250227-220000-001-V2-1019'],O-20250227-220000-001-V2-1018,,,,['V2_POS1_TP'],840ed222-a201-4924-9ebd-a324195a0f87,1740693600000000000,1740696240000000000,,,,,1.04017,False,
O-20250227-224500-001-V2-1021,BACKTESTER-001,MLSignalStrategyV2-V2,EUR/USD.IDEALPRO,IDEALPRO-1-1021,EUR/USD.IDEALPRO-MLSignalStrategyV2-V2,IDEALPRO-001,IDEALPRO-1-117379,MARKET,BUY,100000.00,GTC,False,False,100000.00,TAKER,1.03954,0.0,['2.08 USD'],NO_TRIGGER,FILLED,OTO,OL-20250227-224500-001-V2-341,"['O-20250227-224500-001-V2-1022', 'O-20250227-224500-001-V2-1023']",,,,,['V2_POS1'],a69424ee-b12f-4909-b871-c9ad881c500a,1740696300000000000,1740696300000000000,,,,,,,
O-20250227-224500-001-V2-1022,BACKTESTER-001,MLSignalStrategyV2-V2,EUR/USD.IDEALPRO,IDEALPRO-1-1022,EUR/USD.IDEALPRO-MLSignalStrategyV2-V2,IDEALPRO-001,IDEALPRO-1-117401,STOP_MARKET,SELL,100000.00,GTC,True,False,100000.00,TAKER,1.03915,8.999999999992347e-05,['2.08 USD'],NO_TRIGGER,FILLED,OUO,OL-20250227-224500-001-V2-341,['O-20250227-224500-001-V2-1023'],O-20250227-224500-001-V2-1021,,,,['V2_POS1_SL'],83cc16d5-6d32-4509-b1b8-011a3b675129,1740696300000000000,1740696900000000000,1.03924,DEFAULT,,,,,
O-20250227-224500-001-V2-1023,BACKTESTER-001,MLSignalStrategyV2-V2,EUR/USD.IDEALPRO,IDEALPRO-1-1023,EUR/USD.IDEALPRO-MLSignalStrategyV2-V2,IDEALPRO-001,,LIMIT,SELL,100000.00,GTC,True,False,0.00,NO_LIQUIDITY_SIDE,,,,NO_TRIGGER,CANCELED,OUO,OL-20250227-224500-001-V2-341,['O-20250227-224500-001-V2-1022'],O-20250227-224500-001-V2-1021,,,,['V2_POS1_TP'],6e3e27ae-7d67-443a-8599-5a2029b80a8c,1740696300000000000,1740696900000000000,,,,,1.03986,False,
O-20250228-000000-001-V2-1024,BACKTESTER-001,MLSignalStrategyV2-V2,EUR/USD.IDEALPRO,IDEALPRO-1-1024,EUR/USD.IDEALPRO-MLSignalStrategyV2-V2,IDEALPRO-001,IDEALPRO-1-117532,MARKET,BUY,100000.00,GTC,False,False,100000.00,TAKER,1.03939,0.0,['2.08 USD'],NO_TRIGGER,FILLED,OTO,OL-20250228-000000-001-V2-342,"['O-20250228-000000-001-V2-1025', 'O-20250228-000000-001-V2-1026']",,,,,['V2_POS1'],33e6ba92-7641-450c-9524-5ad03a02eb0e,1740700800000000000,1740700800000000000,,,,,,,
O-20250228-000000-001-V2-1025,BACKTESTER-001,MLSignalStrategyV2-V2,EUR/USD.IDEALPRO,IDEALPRO-1-1025,EUR/USD.IDEALPRO-MLSignalStrategyV2-V2,IDEALPRO-001,,STOP_MARKET,SELL,100000.00,GTC,True,False,0.00,NO_LIQUIDITY_SIDE,,,,NO_TRIGGER,CANCELED,OUO,OL-20250228-000000-001-V2-342,['O-20250228-000000-001-V2-1026'],O-20250228-000000-001-V2-1024,,,,['V2_POS1_SL'],2abb9de9-28df-4a0f-b73c-9cc37f89220a,1740700800000000000,1740701820000000000,1.03906,DEFAULT,,,,,
O-20250228-000000-001-V2-1026,BACKTESTER-001,MLSignalStrategyV2-V2,EUR/USD.IDEALPRO,IDEALPRO-1-1026,EUR/USD.IDEALPRO-MLSignalStrategyV2-V2,IDEALPRO-001,IDEALPRO-1-117567,LIMIT,SELL,100000.00,GTC,True,False,100000.00,MAKER,1.03978,-5.999999999994898e-05,['2.08 USD'],NO_TRIGGER,FILLED,OUO,OL-20250228-000000-001-V2-342,['O-20250228-000000-001-V2-1025'],O-20250228-000000-001-V2-1024,,,,['V2_POS1_TP'],35792fcd-685e-4de3-9703-f4ff00ceca33,1740700800000000000,1740701820000000000,,,,,1.03972,False,
O-20250228-003000-001-V2-1027,BACKTESTER-001,MLSignalStrategyV2-V2,EUR/USD.IDEALPRO,IDEALPRO-1-1027,EUR/USD.IDEALPRO-MLSignalStrategyV2-V2,IDEALPRO-001,IDEALPRO-1-117594,MARKET,SELL,100000.00,GTC,False,False,100000.00,TAKER,1.03997,0.0,['2.08 USD'],NO_TRIGGER,FILLED,OTO,OL-20250228-003000-001-V2-343,"['O-20250228-003000-001-V2-1028', 'O-20250228-003000-001-V2-1029']",,,,,['V2_POS1'],fc8ad86a-e7c6-43d7-b363-9e604a55c7b8,1740702600000000000,1740702600000000000,,,,,,,
O-20250228-003000-001-V2-1028,BACKTESTER-001,MLSignalStrategyV2-V2,EUR/USD.IDEALPRO,IDEALPRO-1-1028,EUR/USD.IDEALPRO-MLSignalStrategyV2-V2,IDEALPRO-001,IDEALPRO-1-117657,STOP_MARKET,BUY,100000.00,GTC,True,False,100000.00,TAKER,1.04044,0.000140000000000029,['2.08 USD'],NO_TRIGGER,FILLED,OUO,OL-20250228-003000-001-V2-343,['O-20250228-003000-001-V2-1029'],O-20250228-003000-001-V2-1027,,,,['V2_POS1_SL'],346db8fc-674c-41b5-bf4c-af6a1a908b13,1740702600000000000,1740704460000000000,1.04030,DEFAULT,,,,,
O-20250228-003000-001-V2-1029,BACKTESTER-001,MLSignalStrategyV2-V2,EUR/USD.IDEALPRO,IDEALPRO-1-1029,EUR/USD.IDEALPRO-MLSignalStrategyV2-V2,IDEALPRO-001,,LIMIT,BUY,100000.00,GTC,True,False,0.00,NO_LIQUIDITY_SIDE,,,,NO_TRIGGER,CANCELED,OUO,OL-20250228-003000-001-V2-343,['O-20250228-003000-001-V2-1028'],O-20250228-003000-001-V2-1027,,,,['V2_POS1_TP'],a7bd0beb-6402-4eaf-b07d-cd4982d2999b,1740702600000000000,1740704460000000000,,,,,1.03966,False,
O-20250228-020000-001-V2-1030,BACKTESTER-001,MLSignalStrategyV2-V2,EUR/USD.IDEALPRO,IDEALPRO-1-1030,EUR/USD.IDEALPRO-MLSignalStrategyV2-V2,IDEALPRO-001,IDEALPRO-1-117776,MARKET,BUY,100000.00,GTC,False,False,100000.00,TAKER,1.03849,0.0,['2.08 USD'],NO_TRIGGER,FILLED,OTO,OL-20250228-020000-001-V2-344,"['O-20250228-020000-001-V2-1031', 'O-20250228-020000-001-V2-1032']",,,,,['V2_POS1'],58afe304-b431-43de-b103-2c80431e6ecb,1740708000000000000,1740708000000000000,,,,,,,
O-20250228-020000-001-V2-1031,BACKTESTER-001,MLSignalStrategyV2-V2,EUR/USD.IDEALPRO,IDEALPRO-1-1031,EUR/USD.IDEALPRO-MLSignalStrategyV2-V2,IDEALPRO-001,,STOP_MARKET,SELL,100000.00,GTC,True,False,0.00,NO_LIQUIDITY_SIDE,,,,NO_TRIGGER,CANCELED,OUO,OL-20250228-020000-001-V2-344,['O-20250228-020000-001-V2-1032'],O-20250228-020000-001-V2-1030,,,,['V2_POS1_SL'],7c0b931b-75c5-4146-952b-d30d97270b19,1740708000000000000,1740708180000000000,1.03806,DEFAULT,,,,,
O-20250228-020000-001-V2-1032,BACKTESTER-001,MLSignalStrategyV2-V2,EUR/USD.IDEALPRO,IDEALPRO-1-1032,EUR/USD.IDEALPRO-MLSignalStrategyV2-V2,IDEALPRO-001,IDEALPRO-1-117783,LIMIT,SELL,100000.00,GTC,True,False,100000.00,MAKER,1.03896,-4.0000000000040004e-05,['2.08 USD'],NO_TRIGGER,FILLED,OUO,OL-20250228-020000-001-V2-344,['O-20250228-020000-001-V2-1031'],O-20250228-020000-001-V2-1030,,,,['V2_POS1_TP'],aefd55e0-0e22-47de-b7dd-9ab818485ee1,1740708000000000000,1740708180000000000,,,,,1.03892,False,
O-20250228-021500-001-V2-1033,BACKTESTER-001,MLSignalStrategyV2-V2,EUR/USD.IDEALPRO,IDEALPRO-1-1033,EUR/USD.IDEALPRO-MLSignalStrategyV2-V2,IDEALPRO-001,IDEALPRO-1-117808,MARKET,BUY,100000.00,GTC,False,False,100000.00,TAKER,1.03835,0.0,['2.08 USD'],NO_TRIGGER,FILLED,OTO,OL-20250228-021500-001-V2-345,"['O-20250228-021500-001-V2-1034', 'O-20250228-021500-001-V2-1035']",,,,,['V2_POS1'],e4072393-5474-42d3-975d-0717fa0b87c6,1740708900000000000,1740708900000000000,,,,,,,
O-20250228-021500-001-V2-1034,BACKTESTER-001,MLSignalStrategyV2-V2,EUR/USD.IDEALPRO,IDEALPRO-1-1034,EUR/USD.IDEALPRO-MLSignalStrategyV2-V2,IDEALPRO-001,,STOP_MARKET,SELL,100000.00,GTC,True,False,0.00,NO_LIQUIDITY_SIDE,,,,NO_TRIGGER,CANCELED,OUO,OL-20250228-021500-001-V2-345,['O-20250228-021500-001-V2-1035'],O-20250228-021500-001-V2-1033,,,,['V2_POS1_SL'],adf03a48-586d-4093-9811-6112c99012a9,1740708900000000000,1740709500000000000,1.03789,DEFAULT,,,,,
O-20250228-021500-001-V2-1035,BACKTESTER-001,MLSignalStrategyV2-V2,EUR/USD.IDEALPRO,IDEALPRO-1-1035,EUR/USD.IDEALPRO-MLSignalStrategyV2-V2,IDEALPRO-001,IDEALPRO-1-117829,LIMIT,SELL,100000.00,GTC,True,False,100000.00,MAKER,1.03889,-8.000000000008001e-05,['2.08 USD'],NO_TRIGGER,FILLED,OUO,OL-20250228-021500-001-V2-345,['O-20250228-021500-001-V2-1034'],O-20250228-021500-001-V2-1033,,,,['V2_POS1_TP'],a51848e4-ea32-4fe1-8095-a36306fca674,1740708900000000000,1740709500000000000,,,,,1.03881,False,
O-20250228-031500-001-V2-1036,BACKTESTER-001,MLSignalStrategyV2-V2,EUR/USD.IDEALPRO,IDEALPRO-1-1036,EUR/USD.IDEALPRO-MLSignalStrategyV2-V2,IDEALPRO-001,IDEALPRO-1-117930,MARKET,SELL,100000.00,GTC,False,False,100000.00,TAKER,1.03861,0.0,['2.08 USD'],NO_TRIGGER,FILLED,OTO,OL-20250228-031500-001-V2-346,"['O-20250228-031500-001-V2-1037', 'O-20250228-031500-001-V2-1038']",,,,,['V2_POS1'],61dcd54f-4064-4870-812a-034d767d878e,1740712500000000000,1740712500000000000,,,,,,,
O-20250228-031500-001-V2-1037,BACKTESTER-001,MLSignalStrategyV2-V2,EUR/USD.IDEALPRO,IDEALPRO-1-1037,EUR/USD.IDEALPRO-MLSignalStrategyV2-V2,IDEALPRO-001,IDEALPRO-1-118093,STOP_MARKET,BUY,100000.00,GTC,True,False,100000.00,TAKER,1.03911,2.999999999997449e-05,['2.08 USD'],NO_TRIGGER,FILLED,OUO,OL-20250228-031500-001-V2-346,['O-20250228-031500-001-V2-1038'],O-20250228-031500-001-V2-1036,,,,['V2_POS1_SL'],9d27014d-f704-44c3-873d-25ff15b5e8e5,1740712500000000000,1740717360000000000,1.03908,DEFAULT,,,,,
O-20250228-031500-001-V2-1038,BACKTESTER-001,MLSignalStrategyV2-V2,EUR/USD.IDEALPRO,IDEALPRO-1-1038,EUR/USD.IDEALPRO-MLSignalStrategyV2-V2,IDEALPRO-001,,LIMIT,BUY,100000.00,GTC,True,False,0.00,NO_LIQUIDITY_SIDE,,,,NO_TRIGGER,CANCELED,OUO,OL-20250228-031500-001-V2-346,['O-20250228-031500-001-V2-1037'],O-20250228-031500-001-V2-1036,,,,['V2_POS1_TP'],53818144-6aeb-4c0d-90f5-67eedd405e72,1740712500000000000,1740717360000000000,,,,,1.03814,False,
O-20250228-063000-001-V2-1039,BACKTESTER-001,MLSignalStrategyV2-V2,EUR/USD.IDEALPRO,IDEALPRO-1-1039,EUR/USD.IDEALPRO-MLSignalStrategyV2-V2,IDEALPRO-001,IDEALPRO-1-118322,MARKET,BUY,100000.00,GTC,False,False,100000.00,TAKER,1.03838,0.0,['2.08 USD'],NO_TRIGGER,FILLED,OTO,OL-20250228-063000-001-V2-347,"['O-20250228-063000-001-V2-1040', 'O-20250228-063000-001-V2-1041']",,,,,['V2_POS1'],852fa835-d423-4f59-896e-c2f8eb0f382a,1740724200000000000,1740724200000000000,,,,,,,
O-20250228-063000-001-V2-1040,BACKTESTER-001,MLSignalStrategyV2-V2,EUR/USD.IDEALPRO,IDEALPRO-1-1040,EUR/USD.IDEALPRO-MLSignalStrategyV2-V2,IDEALPRO-001,,STOP_MARKET,SELL,100000.00,GTC,True,False,0.00,NO_LIQUIDITY_SIDE,,,,NO_TRIGGER,CANCELED,OUO,OL-20250228-063000-001-V2-347,['O-20250228-063000-001-V2-1041'],O-20250228-063000-001-V2-1039,,,,['V2_POS1_SL'],ed347a08-9032-41f4-9645-f42b6c999faa,1740724200000000000,1740725040000000000,1.03803,DEFAULT,,,,,
O-20250228-063000-001-V2-1041,BACKTESTER-001,MLSignalStrategyV2-V2,EUR/USD.IDEALPRO,IDEALPRO-1-1041,EUR/USD.IDEALPRO-MLSignalStrategyV2-V2,IDEALPRO-001,IDEALPRO-1-118351,LIMIT,SELL,100000.00,GTC,True,False,100000.00,MAKER,1.03874,-2.999999999997449e-05,['2.08 USD'],NO_TRIGGER,FILLED,OUO,OL-20250228-063000-001-V2-347,['O-20250228-063000-001-V2-1040'],O-20250228-063000-001-V2-1039,,,,['V2_POS1_TP'],6ebe8de7-600d-46cd-87cd-b9d5c2c5b26f,1740724200000000000,1740725040000000000,,,,,1.03871,False,
O-20250228-164500-001-V2-1042,BACKTESTER-001,MLSignalStrategyV2-V2,EUR/USD.IDEALPRO,IDEALPRO-1-1042,EUR/USD.IDEALPRO-MLSignalStrategyV2-V2,IDEALPRO-001,IDEALPRO-1-119555,MARKET,SELL,100000.00,GTC,False,False,100000.00,TAKER,1.0402,0.0,['2.08 USD'],NO_TRIGGER,FILLED,OTO,OL-20250228-164500-001-V2-348,"['O-20250228-164500-001-V2-1043', 'O-20250228-164500-001-V2-1044']",,,,,['V2_POS1'],ffa118a7-b0ef-4c96-b7bb-b29e1d41e00b,1740761100000000000,1740761100000000000,,,,,,,
O-20250228-164500-001-V2-1043,BACKTESTER-001,MLSignalStrategyV2-V2,EUR/USD.IDEALPRO,IDEALPRO-1-1043,EUR/USD.IDEALPRO-MLSignalStrategyV2-V2,IDEALPRO-001,,STOP_MARKET,BUY,100000.00,GTC,True,False,0.00,NO_LIQUIDITY_SIDE,,,,NO_TRIGGER,CANCELED,OUO,OL-20250228-164500-001-V2-348,['O-20250228-164500-001-V2-1044'],O-20250228-164500-001-V2-1042,,,,['V2_POS1_SL'],70f98c1a-c471-4e2b-a32d-bd5993ef50f6,1740761100000000000,1740763440000000000,1.04103,DEFAULT,,,,,
O-20250228-164500-001-V2-1044,BACKTESTER-001,MLSignalStrategyV2-V2,EUR/USD.IDEALPRO,IDEALPRO-1-1044,EUR/USD.IDEALPRO-MLSignalStrategyV2-V2,IDEALPRO-001,IDEALPRO-1-119633,LIMIT,BUY,100000.00,GTC,True,False,100000.00,MAKER,1.03901,-0.00038000000000004697,['2.08 USD'],NO_TRIGGER,FILLED,OUO,OL-20250228-164500-001-V2-348,['O-20250228-164500-001-V2-1043'],O-20250228-164500-001-V2-1042,,,,['V2_POS1_TP'],6baa4cb0-f0aa-4d26-9af7-933e533eed4e,1740761100000000000,1740763440000000000,,,,,1.03939,False,
O-20250302-223000-001-V2-1045,BACKTESTER-001,MLSignalStrategyV2-V2,EUR/USD.IDEALPRO,IDEALPRO-1-1045,EUR/USD.IDEALPRO-MLSignalStrategyV2-V2,IDEALPRO-001,IDEALPRO-1-120216,MARKET,BUY,100000.00,GTC,False,False,100000.00,TAKER,1.04029,0.0,['2.08 USD'],NO_TRIGGER,FILLED,OTO,OL-20250302-223000-001-V2-349,"['O-20250302-223000-001-V2-1046', 'O-20250302-223000-001-V2-1047']",,,,,['V2_POS1'],4bcb6306-98e4-4c20-8b56-4b8b508bea06,1740954600000000000,1740954600000000000,,,,,,,
O-20250302-223000-001-V2-1046,BACKTESTER-001,MLSignalStrategyV2-V2,EUR/USD.IDEALPRO,IDEALPRO-1-1046,EUR/USD.IDEALPRO-MLSignalStrategyV2-V2,IDEALPRO-001,,STOP_MARKET,SELL,100000.00,GTC,True,False,0.00,NO_LIQUIDITY_SIDE,,,,NO_TRIGGER,CANCELED,OUO,OL-20250302-223000-001-V2-349,['O-20250302-223000-001-V2-1047'],O-20250302-223000-001-V2-1045,,,,['V2_POS1_SL'],7b9ec902-945b-47b5-ade6-0a60d8ba362f,1740954600000000000,1740956940000000000,1.03963,DEFAULT,,,,,
O-20250302-223000-001-V2-1047,BACKTESTER-001,MLSignalStrategyV2-V2,EUR/USD.IDEALPRO,IDEALPRO-1-1047,EUR/USD.IDEALPRO-MLSignalStrategyV2-V2,IDEALPRO-001,IDEALPRO-1-120295,LIMIT,SELL,100000.00,GTC,True,False,100000.00,MAKER,1.04137,-0.00043999999999999595,['2.08 USD'],NO_TRIGGER,FILLED,OUO,OL-20250302-223000-001-V2-349,['O-20250302-223000-001-V2-1046'],O-20250302-223000-001-V2-1045,,,,['V2_POS1_TP'],7516d3cb-6664-4bc4-92b2-cee1ded67cc1,1740954600000000000,1740956940000000000,,,,,1.04093,False,
O-20250302-233000-001-V2-1048,BACKTESTER-001,MLSignalStrategyV2-V2,EUR/USD.IDEALPRO,IDEALPRO-1-1048,EUR/USD.IDEALPRO-MLSignalStrategyV2-V2,IDEALPRO-001,IDEALPRO-1-120338,MARKET,SELL,100000.00,GTC,False,False,100000.00,TAKER,1.04155,0.0,['2.08 USD'],NO_TRIGGER,FILLED,OTO,OL-20250302-233000-001-V2-350,"['O-20250302-233000-001-V2-1049', 'O-20250302-233000-001-V2-1050']",,,,,['V2_POS1'],bb702e5b-731c-4b78-a2bb-eb1f3a48c3ff,1740958200000000000,1740958200000000000,,,,,,,
O-20250302-233000-001-V2-1049,BACKTESTER-001,MLSignalStrategyV2-V2,EUR/USD.IDEALPRO,IDEALPRO-1-1049,EUR/USD.IDEALPRO-MLSignalStrategyV2-V2,IDEALPRO-001,,STOP_MARKET,BUY,100000.00,GTC,True,False,0.00,NO_LIQUIDITY_SIDE,,,,NO_TRIGGER,CANCELED,OUO,OL-20250302-233000-001-V2-350,['O-20250302-233000-001-V2-1050'],O-20250302-233000-001-V2-1048,,,,['V2_POS1_SL'],4358b152-c2d7-4c45-aa79-6779b89b6bcb,1740958200000000000,1740960060000000000,1.04220,DEFAULT,,,,,
O-20250302-233000-001-V2-1050,BACKTESTER-001,MLSignalStrategyV2-V2,EUR/USD.IDEALPRO,IDEALPRO-1-1050,EUR/USD.IDEALPRO-MLSignalStrategyV2-V2,IDEALPRO-001,IDEALPRO-1-120401,LIMIT,BUY,100000.00,GTC,True,False,100000.00,MAKER,1.0409,0.0,['2.08 USD'],NO_TRIGGER,FILLED,OUO,OL-20250302-233000-001-V2-350,['O-20250302-233000-001-V2-1049'],O-20250302-233000-001-V2-1048,,,,['V2_POS1_TP'],22a5b9d9-bffa-4af5-af2e-103f6c91d854,1740958200000000000,1740960060000000000,,,,,1.04090,False,
O-20250303-030000-001-V2-1051,BACKTESTER-001,MLSignalStrategyV2-V2,EUR/USD.IDEALPRO,IDEALPRO-1-1051,EUR/USD.IDEALPRO-MLSignalStrategyV2-V2,IDEALPRO-001,IDEALPRO-1-120761,MARKET,BUY,100000.00,GTC,False,False,100000.00,TAKER,1.042,0.0,['2.08 USD'],NO_TRIGGER,FILLED,OTO,OL-20250303-030000-001-V2-351,"['O-20250303-030000-001-V2-1052', 'O-20250303-030000-001-V2-1053']",,,,,['V2_POS1'],ed992ea4-ad43-437b-90d4-a8f70d127b2c,1740970800000000000,1740970800000000000,,,,,,,
O-20250303-030000-001-V2-1052,BACKTESTER-001,MLSignalStrategyV2-V2,EUR/USD.IDEALPRO,IDEALPRO-1-1052,EUR/USD.IDEALPRO-MLSignalStrategyV2-V2,IDEALPRO-001,IDEALPRO-1-120775,STOP_MARKET,SELL,100000.00,GTC,True,False,100000.00,TAKER,1.04142,2.999999999997449e-05,['2.08 USD'],NO_TRIGGER,FILLED,OUO,OL-20250303-030000-001-V2-351,['O-20250303-030000-001-V2-1053'],O-20250303-030000-001-V2-1051,,,,['V2_POS1_SL'],2d0491a7-30c6-4967-ae45-b4d185ddf72e,1740970800000000000,1740971220000000000,1.04145,DEFAULT,,,,,
O-20250303-030000-001-V2-1053,BACKTESTER-001,MLSignalStrategyV2-V2,EUR/USD.IDEALPRO,IDEALPRO-1-1053,EUR/USD.IDEALPRO-MLSignalStrategyV2-V2,IDEALPRO-001,,LIMIT,SELL,100000.00,GTC,True,False,0.00,NO_LIQUIDITY_SIDE,,,,NO_TRIGGER,CANCELED,OUO,OL-20250303-030000-001-V2-351,['O-20250303-030000-001-V2-1052'],O-20250303-030000-001-V2-1051,,,,['V2_POS1_TP'],285f8b48-2ef0-4eb8-a0af-8a1a9368e578,1740970800000000000,1740971220000000000,,,,,1.04255,False,
O-20250303-031500-001-V2-1054,BACKTESTER-001,MLSignalStrategyV2-V2,EUR/USD.IDEALPRO,IDEALPRO-1-1054,EUR/USD.IDEALPRO-MLSignalStrategyV2-V2,IDEALPRO-001,IDEALPRO-1-120792,MARKET,BUY,100000.00,GTC,False,False,100000.00,TAKER,1.04121,0.0,['2.08 USD'],NO_TRIGGER,FILLED,OTO,OL-20250303-031500-001-V2-352,"['O-20250303-031500-001-V2-1055', 'O-20250303-031500-001-V2-1056']",,,,,['V2_POS1'],5881078c-f8fc-485e-bfe6-96ae7e89dab6,1740971700000000000,1740971700000000000,,,,,,,
O-20250303-031500-001-V2-1055,BACKTESTER-001,MLSignalStrategyV2-V2,EUR/USD.IDEALPRO,IDEALPRO-1-1055,EUR/USD.IDEALPRO-MLSignalStrategyV2-V2,IDEALPRO-001,,STOP_MARKET,SELL,100000.00,GTC,True,False,0.00,NO_LIQUIDITY_SIDE,,,,NO_TRIGGER,CANCELED,OUO,OL-20250303-031500-001-V2-352,['O-20250303-031500-001-V2-1056'],O-20250303-031500-001-V2-1054,,,,['V2_POS1_SL'],b2439b65-6087-4fcf-b2f9-f456331d9624,1740971700000000000,1740973320000000000,1.04064,DEFAULT,,,,,
O-20250303-031500-001-V2-1056,BACKTESTER-001,MLSignalStrategyV2-V2,EUR/USD.IDEALPRO,IDEALPRO-1-1056,EUR/USD.IDEALPRO-MLSignalStrategyV2-V2,IDEALPRO-001,IDEALPRO-1-120847,LIMIT,SELL,100000.00,GTC,True,False,100000.00,MAKER,1.04183,-7.00000000000145e-05,['2.08 USD'],NO_TRIGGER,FILLED,OUO,OL-20250303-031500-001-V2-352,['O-20250303-031500-001-V2-1055'],O-20250303-031500-001-V2-1054,,,,['V2_POS1_TP'],88d87695-58db-4ff1-a1df-8d36744733e4,1740971700000000000,1740973320000000000,,,,,1.04176,False,
O-20250303-121500-001-V2-1057,BACKTESTER-001,MLSignalStrategyV2-V2,EUR/USD.IDEALPRO,IDEALPRO-1-1057,EUR/USD.IDEALPRO-MLSignalStrategyV2-V2,IDEALPRO-001,IDEALPRO-1-121874,MARKET,SELL,100000.00,GTC,False,False,100000.00,TAKER,1.04641,0.0,['2.09 USD'],NO_TRIGGER,FILLED,OTO,OL-20250303-121500-001-V2-353,"['O-20250303-121500-001-V2-1058', 'O-20250303-121500-001-V2-1059']",,,,,['V2_POS1'],3fc9b81a-6e0e-4849-a925-88fe3047ebf8,1741004100000000000,1741004100000000000,,,,,,,
O-20250303-121500-001-V2-1058,BACKTESTER-001,MLSignalStrategyV2-V2,EUR/USD.IDEALPRO,IDEALPRO-1-1058,EUR/USD.IDEALPRO-MLSignalStrategyV2-V2,IDEALPRO-001,IDEALPRO-1-121917,STOP_MARKET,BUY,100000.00,GTC,True,False,100000.00,TAKER,1.0472,2.999999999997449e-05,['2.09 USD'],NO_TRIGGER,FILLED,OUO,OL-20250303-121500-001-V2-353,['O-20250303-121500-001-V2-1059'],O-20250303-121500-001-V2-1057,,,,['V2_POS1_SL'],b6fdd6ae-034d-4dcd-91ec-2248d6588a6f,1741004100000000000,1741005360000000000,1.04717,DEFAULT,,,,,
O-20250303-121500-001-V2-1059,BACKTESTER-001,MLSignalStrategyV2-V2,EUR/USD.IDEALPRO,IDEALPRO-1-1059,EUR/USD.IDEALPRO-MLSignalStrategyV2-V2,IDEALPRO-001,,LIMIT,BUY,100000.00,GTC,True,False,0.00,NO_LIQUIDITY_SIDE,,,,NO_TRIGGER,CANCELED,OUO,OL-20250303-121500-001-V2-353,['O-20250303-121500-001-V2-1058'],O-20250303-121500-001-V2-1057,,,,['V2_POS1_TP'],1dbe0a0f-4ecc-4f2b-b7b7-5cd5d8031a34,1741004100000000000,1741005360000000000,,,,,1.04565,False,
O-20250303-130000-001-V2-1060,BACKTESTER-001,MLSignalStrategyV2-V2,EUR/USD.IDEALPRO,IDEALPRO-1-1060,EUR/USD.IDEALPRO-MLSignalStrategyV2-V2,IDEALPRO-001,IDEALPRO-1-121966,MARKET,BUY,100000.00,GTC,False,False,100000.00,TAKER,1.04704,0.0,['2.09 USD'],NO_TRIGGER,FILLED,OTO,OL-20250303-130000-001-V2-354,"['O-20250303-130000-001-V2-1061', 'O-20250303-130000-001-V2-1062']",,,,,['V2_POS1'],2d809046-ab05-4fea-b296-91bf696e518a,1741006800000000000,1741006800000000000,,,,,,,
O-20250303-130000-001-V2-1061,BACKTESTER-001,MLSignalStrategyV2-V2,EUR/USD.IDEALPRO,IDEALPRO-1-1061,EUR/USD.IDEALPRO-MLSignalStrategyV2-V2,IDEALPRO-001,IDEALPRO-1-121999,STOP_MARKET,SELL,100000.00,GTC,True,False,100000.00,TAKER,1.04625,5.0000000000105516e-05,['2.09 USD'],NO_TRIGGER,FILLED,OUO,OL-20250303-130000-001-V2-354,['O-20250303-130000-001-V2-1062'],O-20250303-130000-001-V2-1060,,,,['V2_POS1_SL'],2601fa2e-6881-4e99-810d-6c426d2c78f5,1741006800000000000,1741007760000000000,1.04630,DEFAULT,,,,,
O-20250303-130000-001-V2-1062,BACKTESTER-001,MLSignalStrategyV2-V2,EUR/USD.IDEALPRO,IDEALPRO-1-1062,EUR/USD.IDEALPRO-MLSignalStrategyV2-V2,IDEALPRO-001,,LIMIT,SELL,100000.00,GTC,True,False,0.00,NO_LIQUIDITY_SIDE,,,,NO_TRIGGER,CANCELED,OUO,OL-20250303-130000-001-V2-354,['O-20250303-130000-001-V2-1061'],O-20250303-130000-001-V2-1060,,,,['V2_POS1_TP'],69832cf4-0443-4c80-acf2-2aa5343c6085,1741006800000000000,1741007760000000000,,,,,1.04778,False,
O-20250303-180000-001-V2-1063,BACKTESTER-001,MLSignalStrategyV2-V2,EUR/USD.IDEALPRO,IDEALPRO-1-1063,EUR/USD.IDEALPRO-MLSignalStrategyV2-V2,IDEALPRO-001,IDEALPRO-1-122568,MARKET,SELL,100000.00,GTC,False,False,100000.00,TAKER,1.04904,0.0,['2.10 USD'],NO_TRIGGER,FILLED,OTO,OL-20250303-180000-001-V2-355,"['O-20250303-180000-001-V2-1064', 'O-20250303-180000-001-V2-1065']",,,,,['V2_POS1'],58e2ad4e-ee23-4652-8bc9-b97a61b4bbde,1741024800000000000,1741024800000000000,,,,,,,
O-20250303-180000-001-V2-1064,BACKTESTER-001,MLSignalStrategyV2-V2,EUR/USD.IDEALPRO,IDEALPRO-1-1064,EUR/USD.IDEALPRO-MLSignalStrategyV2-V2,IDEALPRO-001,IDEALPRO-1-122667,STOP_MARKET,BUY,100000.00,GTC,True,False,100000.00,TAKER,1.05045,0.0007500000000000284,['2.10 USD'],NO_TRIGGER,FILLED,OUO,OL-20250303-180000-001-V2-355,['O-20250303-180000-001-V2-1065'],O-20250303-180000-001-V2-1063,,,,['V2_POS1_SL'],c55b7e3f-3e27-4837-a0ad-2d4303f1ce21,1741024800000000000,1741027740000000000,1.04970,DEFAULT,,,,,
O-20250303-180000-001-V2-1065,BACKTESTER-001,MLSignalStrategyV2-V2,EUR/USD.IDEALPRO,IDEALPRO-1-1065,EUR/USD.IDEALPRO-MLSignalStrategyV2-V2,IDEALPRO-001,,LIMIT,BUY,100000.00,GTC,True,False,0.00,NO_LIQUIDITY_SIDE,,,,NO_TRIGGER,CANCELED,OUO,OL-20250303-180000-001-V2-355,['O-20250303-180000-001-V2-1064'],O-20250303-180000-001-V2-1063,,,,['V2_POS1_TP'],4ab818c9-036a-477a-8bc1-526b32465e3f,1741024800000000000,1741027740000000000,,,,,1.04840,False,
O-20250303-211500-001-V2-1066,BACKTESTER-001,MLSignalStrategyV2-V2,EUR/USD.IDEALPRO,IDEALPRO-1-1066,EUR/USD.IDEALPRO-MLSignalStrategyV2-V2,IDEALPRO-001,IDEALPRO-1-122960,MARKET,SELL,100000.00,GTC,False,False,100000.00,TAKER,1.04868,0.0,['2.10 USD'],NO_TRIGGER,FILLED,OTO,OL-20250303-211500-001-V2-356,"['O-20250303-211500-001-V2-1067', 'O-20250303-211500-001-V2-1068']",,,,,['V2_POS1'],82f49ede-b671-4cfa-8f9b-45462c5984d6,1741036500000000000,1741036500000000000,,,,,,,
O-20250303-211500-001-V2-1067,BACKTESTER-001,MLSignalStrategyV2-V2,EUR/USD.IDEALPRO,IDEALPRO-1-1067,EUR/USD.IDEALPRO-MLSignalStrategyV2-V2,IDEALPRO-001,,STOP_MARKET,BUY,100000.00,GTC,True,False,0.00,NO_LIQUIDITY_SIDE,,,,NO_TRIGGER,CANCELED,OUO,OL-20250303-211500-001-V2-356,['O-20250303-211500-001-V2-1068'],O-20250303-211500-001-V2-1066,,,,['V2_POS1_SL'],5c414313-8c79-4c7f-9c79-32cec064961a,1741036500000000000,1741045500000000000,1.04952,DEFAULT,,,,,
O-20250303-211500-001-V2-1068,BACKTESTER-001,MLSignalStrategyV2-V2,EUR/USD.IDEALPRO,IDEALPRO-1-1068,EUR/USD.IDEALPRO-MLSignalStrategyV2-V2,IDEALPRO-001,IDEALPRO-1-123231,LIMIT,BUY,100000.00,GTC,True,False,100000.00,MAKER,1.04767,-0.00017000000000000348,['2.10 USD'],NO_TRIGGER,FILLED,OUO,OL-20250303-211500-001-V2-356,['O-20250303-211500-001-V2-1067'],O-20250303-211500-001-V2-1066,,,,['V2_POS1_TP'],5a07f723-cfb0-4cf8-a6ea-b89f0a14b1bd,1741036500000000000,1741045500000000000,,,,,1.04784,False,
O-20250304-103000-001-V2-1069,BACKTESTER-001,MLSignalStrategyV2-V2,EUR/USD.IDEALPRO,IDEALPRO-1-1069,EUR/USD.IDEALPRO-MLSignalStrategyV2-V2,IDEALPRO-001,IDEALPRO-1-124522,MARKET,SELL,100000.00,GTC,False,False,100000.00,TAKER,1.05051,0.0,['2.10 USD'],NO_TRIGGER,FILLED,OTO,OL-20250304-103000-001-V2-357,"['O-20250304-103000-001-V2-1070', 'O-20250304-103000-001-V2-1071']",,,,,['V2_POS1'],c15f2567-8d5c-43b7-91fb-f67262266a14,1741084200000000000,1741084200000000000,,,,,,,
O-20250304-103000-001-V2-1070,BACKTESTER-001,MLSignalStrategyV2-V2,EUR/USD.IDEALPRO,IDEALPRO-1-1070,EUR/USD.IDEALPRO-MLSignalStrategyV2-V2,IDEALPRO-001,IDEALPRO-1-124543,STOP_MARKET,BUY,100000.00,GTC,True,False,100000.00,TAKER,1.0514,5.999999999994898e-05,['2.10 USD'],NO_TRIGGER,FILLED,OUO,OL-20250304-103000-001-V2-357,['O-20250304-103000-001-V2-1071'],O-20250304-103000-001-V2-1069,,,,['V2_POS1_SL'],69c479a7-5677-445c-9e9a-ff99dd0841ec,1741084200000000000,1741084800000000000,1.05134,DEFAULT,,,,,
O-20250304-103000-001-V2-1071,BACKTESTER-001,MLSignalStrategyV2-V2,EUR/USD.IDEALPRO,IDEALPRO-1-1071,EUR/USD.IDEALPRO-MLSignalStrategyV2-V2,IDEALPRO-001,,LIMIT,BUY,100000.00,GTC,True,False,0.00,NO_LIQUIDITY_SIDE,,,,NO_TRIGGER,CANCELED,OUO,OL-20250304-103000-001-V2-357,['O-20250304-103000-001-V2-1070'],O-20250304-103000-001-V2-1069,,,,['V2_POS1_TP'],e6faafa9-a368-4af5-b7e4-a8dfed330c8a,1741084200000000000,1741084800000000000,,,,,1.04970,False,
O-20250304-124500-001-V2-1072,BACKTESTER-001,MLSignalStrategyV2-V2,EUR/USD.IDEALPRO,IDEALPRO-1-1072,EUR/USD.IDEALPRO-MLSignalStrategyV2-V2,IDEALPRO-001,IDEALPRO-1-124794,MARKET,SELL,100000.00,GTC,False,False,100000.00,TAKER,1.05495,0.0,['2.11 USD'],NO_TRIGGER,FILLED,OTO,OL-20250304-124500-001-V2-358,"['O-20250304-124500-001-V2-1073', 'O-20250304-124500-001-V2-1074']",,,,,['V2_POS1'],44c59017-804e-4488-b6c4-3d79e58f89ca,1741092300000000000,1741092300000000000,,,,,,,
O-20250304-124500-001-V2-1073,BACKTESTER-001,MLSignalStrategyV2-V2,EUR/USD.IDEALPRO,IDEALPRO-1-1073,EUR/USD.IDEALPRO-MLSignalStrategyV2-V2,IDEALPRO-001,IDEALPRO-1-124847,STOP_MARKET,BUY,100000.00,GTC,True,False,100000.00,TAKER,1.05588,2.999999999997449e-05,['2.11 USD'],NO_TRIGGER,FILLED,OUO,OL-20250304-124500-001-V2-358,['O-20250304-124500-001-V2-1074'],O-20250304-124500-001-V2-1072,,,,['V2_POS1_SL'],89e83947-0dbc-4f17-9a40-1c70cbd3b258,1741092300000000000,1741093860000000000,1.05585,DEFAULT,,,,,
O-20250304-124500-001-V2-1074,BACKTESTER-001,MLSignalStrategyV2-V2,EUR/USD.IDEALPRO,IDEALPRO-1-1074,EUR/USD.IDEALPRO-MLSignalStrategyV2-V2,IDEALPRO-001,,LIMIT,BUY,100000.00,GTC,True,False,0.00,NO_LIQUIDITY_SIDE,,,,NO_TRIGGER,CANCELED,OUO,OL-20250304-124500-001-V2-358,['O-20250304-124500-001-V2-1073'],O-20250304-124500-001-V2-1072,,,,['V2_POS1_TP'],7bb3d10f-7ca1-4dd2-8693-293ca6eb7a21,1741092300000000000,1741093860000000000,,,,,1.05407,False,
O-20250304-131500-001-V2-1075,BACKTESTER-001,MLSignalStrategyV2-V2,EUR/USD.IDEALPRO,IDEALPRO-1-1075,EUR/USD.IDEALPRO-MLSignalStrategyV2-V2,IDEALPRO-001,IDEALPRO-1-124856,MARKET,SELL,100000.00,GTC,False,False,100000.00,TAKER,1.05531,0.0,['2.11 USD'],NO_TRIGGER,FILLED,OTO,OL-20250304-131500-001-V2-359,"['O-20250304-131500-001-V2-1076', 'O-20250304-131500-001-V2-1077']",,,,,['V2_POS1'],87ff1e7a-9a68-4624-8bab-dde41ce1a06f,1741094100000000000,1741094100000000000,,,,,,,
O-20250304-131500-001-V2-1076,BACKTESTER-001,MLSignalStrategyV2-V2,EUR/USD.IDEALPRO,IDEALPRO-1-1076,EUR/USD.IDEALPRO-MLSignalStrategyV2-V2,IDEALPRO-001,,STOP_MARKET,BUY,100000.00,GTC,True,False,0.00,NO_LIQUIDITY_SIDE,,,,NO_TRIGGER,CANCELED,OUO,OL-20250304-131500-001-V2-359,['O-20250304-131500-001-V2-1077'],O-20250304-131500-001-V2-1075,,,,['V2_POS1_SL'],5271795f-8c66-4116-a91f-df0e78898939,1741094100000000000,1741094520000000000,1.05619,DEFAULT,,,,,
O-20250304-131500-001-V2-1077,BACKTESTER-001,MLSignalStrategyV2-V2,EUR/USD.IDEALPRO,IDEALPRO-1-1077,EUR/USD.IDEALPRO-MLSignalStrategyV2-V2,IDEALPRO-001,IDEALPRO-1-124871,LIMIT,BUY,100000.00,GTC,True,False,100000.00,MAKER,1.05429,-0.000140000000000029,['2.11 USD'],NO_TRIGGER,FILLED,OUO,OL-20250304-131500-001-V2-359,['O-20250304-131500-001-V2-1076'],O-20250304-131500-001-V2-1075,,,,['V2_POS1_TP'],c651b8ae-99d0-46e8-b806-c45edfda0964,1741094100000000000,1741094520000000000,,,,,1.05443,False,
O-20250304-154500-001-V2-1078,BACKTESTER-001,MLSignalStrategyV2-V2,EUR/USD.IDEALPRO,IDEALPRO-1-1078,EUR/USD.IDEALPRO-MLSignalStrategyV2-V2,IDEALPRO-001,IDEALPRO-1-125159,MARKET,SELL,100000.00,GTC,False,False,100000.00,TAKER,1.05218,0.0,['2.10 USD'],NO_TRIGGER,FILLED,OTO,OL-20250304-154500-001-V2-360,"['O-20250304-154500-001-V2-1079', 'O-20250304-154500-001-V2-1080']",,,,,['V2_POS1'],693b32ba-3a8f-498e-a89c-df363e76940c,1741103100000000000,1741103100000000000,,,,,,,
O-20250304-154500-001-V2-1079,BACKTESTER-001,MLSignalStrategyV2-V2,EUR/USD.IDEALPRO,IDEALPRO-1-1079,EUR/USD.IDEALPRO-MLSignalStrategyV2-V2,IDEALPRO-001,IDEALPRO-1-125231,STOP_MARKET,BUY,100000.00,GTC,True,False,100000.00,TAKER,1.05335,0.000140000000000029,['2.11 USD'],NO_TRIGGER,FILLED,OUO,OL-20250304-154500-001-V2-360,['O-20250304-154500-001-V2-1080'],O-20250304-154500-001-V2-1078,,,,['V2_POS1_SL'],95d5e56a-f21a-4341-9a69-f89f1d6e089f,1741103100000000000,1741105260000000000,1.05321,DEFAULT,,,,,
O-20250304-154500-001-V2-1080,BACKTESTER-001,MLSignalStrategyV2-V2,EUR/USD.IDEALPRO,IDEALPRO-1-1080,EUR/USD.IDEALPRO-MLSignalStrategyV2-V2,IDEALPRO-001,,LIMIT,BUY,100000.00,GTC,True,False,0.00,NO_LIQUIDITY_SIDE,,,,NO_TRIGGER,CANCELED,OUO,OL-20250304-154500-001-V2-360,['O-20250304-154500-001-V2-1079'],O-20250304-154500-001-V2-1078,,,,['V2_POS1_TP'],d9d797c6-4271-49ab-956b-db7ef32949f9,1741103100000000000,1741105260000000000,,,,,1.05115,False,
O-20250304-181500-001-V2-1081,BACKTESTER-001,MLSignalStrategyV2-V2,EUR/USD.IDEALPRO,IDEALPRO-1-1081,EUR/USD.IDEALPRO-MLSignalStrategyV2-V2,IDEALPRO-001,IDEALPRO-1-125460,MARKET,SELL,100000.00,GTC,False,False,100000.00,TAKER,1.05691,0.0,['2.11 USD'],NO_TRIGGER,FILLED,OTO,OL-20250304-181500-001-V2-361,"['O-20250304-181500-001-V2-1082', 'O-20250304-181500-001-V2-1083']",,,,,['V2_POS1'],f9090b7a-ff24-410d-8e52-9f79af422736,1741112100000000000,1741112100000000000,,,,,,,
O-20250304-181500-001-V2-1082,BACKTESTER-001,MLSignalStrategyV2-V2,EUR/USD.IDEALPRO,IDEALPRO-1-1082,EUR/USD.IDEALPRO-MLSignalStrategyV2-V2,IDEALPRO-001,IDEALPRO-1-125511,STOP_MARKET,BUY,100000.00,GTC,True,False,100000.00,TAKER,1.05806,0.00017000000000000348,['2.12 USD'],NO_TRIGGER,FILLED,OUO,OL-20250304-181500-001-V2-361,['O-20250304-181500-001-V2-1083'],O-20250304-181500-001-V2-1081,,,,['V2_POS1_SL'],5bdf4d61-f736-42be-a7e8-9bba3c34069b,1741112100000000000,1741113600000000000,1.05789,DEFAULT,,,,,
O-20250304-181500-001-V2-1083,BACKTESTER-001,MLSignalStrategyV2-V2,EUR/USD.IDEALPRO,IDEALPRO-1-1083,EUR/USD.IDEALPRO-MLSignalStrategyV2-V2,IDEALPRO-001,,LIMIT,BUY,100000.00,GTC,True,False,0.00,NO_LIQUIDITY_SIDE,,,,NO_TRIGGER,CANCELED,OUO,OL-20250304-181500-001-V2-361,['O-20250304-181500-001-V2-1082'],O-20250304-181500-001-V2-1081,,,,['V2_POS1_TP'],e813a6af-c8ac-4d8b-8a5a-4d8aa50f1749,1741112100000000000,1741113600000000000,,,,,1.05593,False,
O-20250305-000000-001-V2-1084,BACKTESTER-001,MLSignalStrategyV2-V2,EUR/USD.IDEALPRO,IDEALPRO-1-1084,EUR/USD.IDEALPRO-MLSignalStrategyV2-V2,IDEALPRO-001,IDEALPRO-1-126122,MARKET,BUY,100000.00,GTC,False,False,100000.00,TAKER,1.06234,0.0,['2.12 USD'],NO_TRIGGER,FILLED,OTO,OL-20250305-000000-001-V2-362,"['O-20250305-000000-001-V2-1085', 'O-20250305-000000-001-V2-1086']",,,,,['V2_POS1'],22626a06-254e-4eab-948d-c91ffe788610,1741132800000000000,1741132800000000000,,,,,,,
O-20250305-000000-001-V2-1085,BACKTESTER-001,MLSignalStrategyV2-V2,EUR/USD.IDEALPRO,IDEALPRO-1-1085,EUR/USD.IDEALPRO-MLSignalStrategyV2-V2,IDEALPRO-001,IDEALPRO-1-126135,STOP_MARKET,SELL,100000.00,GTC,True,False,100000.00,TAKER,1.06153,2.999999999997449e-05,['2.12 USD'],NO_TRIGGER,FILLED,OUO,OL-20250305-000000-001-V2-362,['O-20250305-000000-001-V2-1086'],O-20250305-000000-001-V2-1084,,,,['V2_POS1_SL'],58d95ed6-5830-4feb-bcbb-3c9c4a567af4,1741132800000000000,1741133160000000000,1.06156,DEFAULT,,,,,
O-20250305-000000-001-V2-1086,BACKTESTER-001,MLSignalStrategyV2-V2,EUR/USD.IDEALPRO,IDEALPRO-1-1086,EUR/USD.IDEALPRO-MLSignalStrategyV2-V2,IDEALPRO-001,,LIMIT,SELL,100000.00,GTC,True,False,0.00,NO_LIQUIDITY_SIDE,,,,NO_TRIGGER,CANCELED,OUO,OL-20250305-000000-001-V2-362,['O-20250305-000000-001-V2-1085'],O-20250305-000000-001-V2-1084,,,,['V2_POS1_TP'],b1b2e080-1f68-4d82-a0cb-891ecfceefd9,1741132800000000000,1741133160000000000,,,,,1.06312,False,
O-20250305-003000-001-V2-1087,BACKTESTER-001,MLSignalStrategyV2-V2,EUR/USD.IDEALPRO,IDEALPRO-1-1087,EUR/USD.IDEALPRO-MLSignalStrategyV2-V2,IDEALPRO-001,IDEALPRO-1-126184,MARKET,SELL,100000.00,GTC,False,False,100000.00,TAKER,1.06163,0.0,['2.12 USD'],NO_TRIGGER,FILLED,OTO,OL-20250305-003000-001-V2-363,"['O-20250305-003000-001-V2-1088', 'O-20250305-003000-001-V2-1089']",,,,,['V2_POS1'],2fecf404-e887-4011-b373-99731f259da4,1741134600000000000,1741134600000000000,,,,,,,
O-20250305-003000-001-V2-1088,BACKTESTER-001,MLSignalStrategyV2-V2,EUR/USD.IDEALPRO,IDEALPRO-1-1088,EUR/USD.IDEALPRO-MLSignalStrategyV2-V2,IDEALPRO-001,IDEALPRO-1-126235,STOP_MARKET,BUY,100000.00,GTC,True,False,100000.00,TAKER,1.06276,0.00038999999999989043,['2.13 USD'],NO_TRIGGER,FILLED,OUO,OL-20250305-003000-001-V2-363,['O-20250305-003000-001-V2-1089'],O-20250305-003000-001-V2-1087,,,,['V2_POS1_SL'],e9155b0c-29fa-44c9-b993-41cd25a28581,1741134600000000000,1741136100000000000,1.06237,DEFAULT,,,,,
O-20250305-003000-001-V2-1089,BACKTESTER-001,MLSignalStrategyV2-V2,EUR/USD.IDEALPRO,IDEALPRO-1-1089,EUR/USD.IDEALPRO-MLSignalStrategyV2-V2,IDEALPRO-001,,LIMIT,BUY,100000.00,GTC,True,False,0.00,NO_LIQUIDITY_SIDE,,,,NO_TRIGGER,CANCELED,OUO,OL-20250305-003000-001-V2-363,['O-20250305-003000-001-V2-1088'],O-20250305-003000-001-V2-1087,,,,['V2_POS1_TP'],12b9f782-49bb-437d-8ba9-3678d4f9e9f1,1741134600000000000,1741136100000000000,,,,,1.06091,False,
O-20250305-044500-001-V2-1090,BACKTESTER-001,MLSignalStrategyV2-V2,EUR/USD.IDEALPRO,IDEALPRO-1-1090,EUR/USD.IDEALPRO-MLSignalStrategyV2-V2,IDEALPRO-001,IDEALPRO-1-126696,MARKET,BUY,100000.00,GTC,False,False,100000.00,TAKER,1.06214,0.0,['2.12 USD'],NO_TRIGGER,FILLED,OTO,OL-20250305-044500-001-V2-364,"['O-20250305-044500-001-V2-1091', 'O-20250305-044500-001-V2-1092']",,,,,['V2_POS1'],99a0f62c-bedb-4bcc-91b1-67ce7e61c4ef,1741149900000000000,1741149900000000000,,,,,,,
O-20250305-044500-001-V2-1091,BACKTESTER-001,MLSignalStrategyV2-V2,EUR/USD.IDEALPRO,IDEALPRO-1-1091,EUR/USD.IDEALPRO-MLSignalStrategyV2-V2,IDEALPRO-001,,STOP_MARKET,SELL,100000.00,GTC,True,False,0.00,NO_LIQUIDITY_SIDE,,,,NO_TRIGGER,CANCELED,OUO,OL-20250305-044500-001-V2-364,['O-20250305-044500-001-V2-1092'],O-20250305-044500-001-V2-1090,,,,['V2_POS1_SL'],9444cd2a-6508-40a1-a813-90a386bf6ebd,1741149900000000000,1741154040000000000,1.06155,DEFAULT,,,,,
O-20250305-044500-001-V2-1092,BACKTESTER-001,MLSignalStrategyV2-V2,EUR/USD.IDEALPRO,IDEALPRO-1-1092,EUR/USD.IDEALPRO-MLSignalStrategyV2-V2,IDEALPRO-001,IDEALPRO-1-126835,LIMIT,SELL,100000.00,GTC,True,False,100000.00,MAKER,1.06277,-4.0000000000040004e-05,['2.13 USD'],NO_TRIGGER,FILLED,OUO,OL-20250305-044500-001-V2-364,['O-20250305-044500-001-V2-1091'],O-20250305-044500-001-V2-1090,,,,['V2_POS1_TP'],b1effe4f-7eb3-476b-ba56-adde7299c7a2,1741149900000000000,1741154040000000000,,,,,1.06273,False,
O-20250305-064500-001-V2-1093,BACKTESTER-001,MLSignalStrategyV2-V2,EUR/USD.IDEALPRO,IDEALPRO-1-1093,EUR/USD.IDEALPRO-MLSignalStrategyV2-V2,IDEALPRO-001,IDEALPRO-1-126938,MARKET,BUY,100000.00,GTC,False,False,100000.00,TAKER,1.06295,0.0,['2.13 USD'],NO_TRIGGER,FILLED,OTO,OL-20250305-064500-001-V2-365,"['O-20250305-064500-001-V2-1094', 'O-20250305-064500-001-V2-1095']",,,,,['V2_POS1'],c2978644-4940-4a12-80e9-077aed903775,1741157100000000000,1741157100000000000,,,,,,,
O-20250305-064500-001-V2-1094,BACKTESTER-001,MLSignalStrategyV2-V2,EUR/USD.IDEALPRO,IDEALPRO-1-1094,EUR/USD.IDEALPRO-MLSignalStrategyV2-V2,IDEALPRO-001,,STOP_MARKET,SELL,100000.00,GTC,True,False,0.00,NO_LIQUIDITY_SIDE,,,,NO_TRIGGER,CANCELED,OUO,OL-20250305-064500-001-V2-365,['O-20250305-064500-001-V2-1095'],O-20250305-064500-001-V2-1093,,,,['V2_POS1_SL'],5a5c57df-c643-403a-af2a-e32d7858e800,1741157100000000000,1741158060000000000,1.06232,DEFAULT,,,,,
O-20250305-064500-001-V2-1095,BACKTESTER-001,MLSignalStrategyV2-V2,EUR/USD.IDEALPRO,IDEALPRO-1-1095,EUR/USD.IDEALPRO-MLSignalStrategyV2-V2,IDEALPRO-001,IDEALPRO-1-126971,LIMIT,SELL,100000.00,GTC,True,False,100000.00,MAKER,1.0636,-2.0000000000131024e-05,['2.13 USD'],NO_TRIGGER,FILLED,OUO,OL-20250305-064500-001-V2-365,['O-20250305-064500-001-V2-1094'],O-20250305-064500-001-V2-1093,,,,['V2_POS1_TP'],70ebbe3a-4954-438d-aa73-b4b306d9f17c,1741157100000000000,1741158060000000000,,,,,1.06358,False,
O-20250305-090000-001-V2-1096,BACKTESTER-001,MLSignalStrategyV2-V2,EUR/USD.IDEALPRO,IDEALPRO-1-1096,EUR/USD.IDEALPRO-MLSignalStrategyV2-V2,IDEALPRO-001,IDEALPRO-1-127211,MARKET,BUY,100000.00,GTC,False,False,100000.00,TAKER,1.0698,0.0,['2.14 USD'],NO_TRIGGER,FILLED,OTO,OL-20250305-090000-001-V2-366,"['O-20250305-090000-001-V2-1097', 'O-20250305-090000-001-V2-1098']",,,,,['V2_POS1'],e7622d7b-f3a4-444a-912c-91ca219e9ab8,1741165200000000000,1741165200000000000,,,,,,,
O-20250305-090000-001-V2-1097,BACKTESTER-001,MLSignalStrategyV2-V2,EUR/USD.IDEALPRO,IDEALPRO-1-1097,EUR/USD.IDEALPRO-MLSignalStrategyV2-V2,IDEALPRO-001,,STOP_MARKET,SELL,100000.00,GTC,True,False,0.00,NO_LIQUIDITY_SIDE,,,,NO_TRIGGER,CANCELED,OUO,OL-20250305-090000-001-V2-366,['O-20250305-090000-001-V2-1098'],O-20250305-090000-001-V2-1096,,,,['V2_POS1_SL'],62fcd3b4-0c75-45e8-896b-5830c6ca171d,1741165200000000000,1741165440000000000,1.06866,DEFAULT,,,,,
O-20250305-090000-001-V2-1098,BACKTESTER-001,MLSignalStrategyV2-V2,EUR/USD.IDEALPRO,IDEALPRO-1-1098,EUR/USD.IDEALPRO-MLSignalStrategyV2-V2,IDEALPRO-001,IDEALPRO-1-127219,LIMIT,SELL,100000.00,GTC,True,False,100000.00,MAKER,1.07134,-0.00039999999999995595,['2.14 USD'],NO_TRIGGER,FILLED,OUO,OL-20250305-090000-001-V2-366,['O-20250305-090000-001-V2-1097'],O-20250305-090000-001-V2-1096,,,,['V2_POS1_TP'],5ff57f38-53ba-47a8-8f65-85ca8536d543,1741165200000000000,1741165440000000000,,,,,1.07094,False,
O-20250305-113000-001-V2-1099,BACKTESTER-001,MLSignalStrategyV2-V2,EUR/USD.IDEALPRO,IDEALPRO-1-1099,EUR/USD.IDEALPRO-MLSignalStrategyV2-V2,IDEALPRO-001,IDEALPRO-1-127512,MARKET,BUY,100000.00,GTC,False,False,100000.00,TAKER,1.06804,0.0,['2.14 USD'],NO_TRIGGER,FILLED,OTO,OL-20250305-113000-001-V2-367,"['O-20250305-113000-001-V2-1100', 'O-20250305-113000-001-V2-1101']",,,,,['V2_POS1'],b7285463-a253-4593-97ba-65982dd7d77f,1741174200000000000,1741174200000000000,,,,,,,
O-20250305-113000-001-V2-1100,BACKTESTER-001,MLSignalStrategyV2-V2,EUR/USD.IDEALPRO,IDEALPRO-1-1100,EUR/USD.IDEALPRO-MLSignalStrategyV2-V2,IDEALPRO-001,,STOP_MARKET,SELL,100000.00,GTC,True,False,0.00,NO_LIQUIDITY_SIDE,,,,NO_TRIGGER,CANCELED,OUO,OL-20250305-113000-001-V2-367,['O-20250305-113000-001-V2-1101'],O-20250305-113000-001-V2-1099,,,,['V2_POS1_SL'],30248577-c6a9-44d6-8137-8fb46b3fbdc2,1741174200000000000,1741176480000000000,1.06692,DEFAULT,,,,,
O-20250305-113000-001-V2-1101,BACKTESTER-001,MLSignalStrategyV2-V2,EUR/USD.IDEALPRO,IDEALPRO-1-1101,EUR/USD.IDEALPRO-MLSignalStrategyV2-V2,IDEALPRO-001,IDEALPRO-1-127589,LIMIT,SELL,100000.00,GTC,True,False,100000.00,MAKER,1.06935,-0.00018999999999991246,['2.14 USD'],NO_TRIGGER,FILLED,OUO,OL-20250305-113000-001-V2-367,['O-20250305-113000-001-V2-1100'],O-20250305-113000-001-V2-1099,,,,['V2_POS1_TP'],433c56de-0c87-4dfa-8fb4-7cdd31f0e9f2,1741174200000000000,1741176480000000000,,,,,1.06916,False,
O-20250305-210000-001-V2-1102,BACKTESTER-001,MLSignalStrategyV2-V2,EUR/USD.IDEALPRO,IDEALPRO-1-1102,EUR/USD.IDEALPRO-MLSignalStrategyV2-V2,IDEALPRO-001,IDEALPRO-1-128654,MARKET,SELL,100000.00,GTC,False,False,100000.00,TAKER,1.07922,0.0,['2.16 USD'],NO_TRIGGER,FILLED,OTO,OL-20250305-210000-001-V2-368,"['O-20250305-210000-001-V2-1103', 'O-20250305-210000-001-V2-1104']",,,,,['V2_POS1'],411dae52-c285-4f05-88a9-d701c05550b3,1741208400000000000,1741208400000000000,,,,,,,
O-20250305-210000-001-V2-1103,BACKTESTER-001,MLSignalStrategyV2-V2,EUR/USD.IDEALPRO,IDEALPRO-1-1103,EUR/USD.IDEALPRO-MLSignalStrategyV2-V2,IDEALPRO-001,IDEALPRO-1-129025,STOP_MARKET,BUY,100000.00,GTC,True,False,100000.00,TAKER,1.08001,7.00000000000145e-05,['2.16 USD'],NO_TRIGGER,FILLED,OUO,OL-20250305-210000-001-V2-368,['O-20250305-210000-001-V2-1104'],O-20250305-210000-001-V2-1102,,,,['V2_POS1_SL'],b7821489-2b50-40fa-86e2-712cda86ede7,1741208400000000000,1741220400000000000,1.07994,DEFAULT,,,,,
O-20250305-210000-001-V2-1104,BACKTESTER-001,MLSignalStrategyV2-V2,EUR/USD.IDEALPRO,IDEALPRO-1-1104,EUR/USD.IDEALPRO-MLSignalStrategyV2-V2,IDEALPRO-001,,LIMIT,BUY,100000.00,GTC,True,False,0.00,NO_LIQUIDITY_SIDE,,,,NO_TRIGGER,CANCELED,OUO,OL-20250305-210000-001-V2-368,['O-20250305-210000-001-V2-1103'],O-20250305-210000-001-V2-1102,,,,['V2_POS1_TP'],1e5b9996-ec41-431c-9cc5-b8653eb42373,1741208400000000000,1741220400000000000,,,,,1.07852,False,
O-20250306-004500-001-V2-1105,BACKTESTER-001,MLSignalStrategyV2-V2,EUR/USD.IDEALPRO,IDEALPRO-1-1105,EUR/USD.IDEALPRO-MLSignalStrategyV2-V2,IDEALPRO-001,IDEALPRO-1-129076,MARKET,BUY,100000.00,GTC,False,False,100000.00,TAKER,1.08001,0.0,['2.16 USD'],NO_TRIGGER,FILLED,OTO,OL-20250306-004500-001-V2-369,"['O-20250306-004500-001-V2-1106', 'O-20250306-004500-001-V2-1107']",,,,,['V2_POS1'],d022f6cf-007b-49b3-8a25-bf9a7f931a40,1741221900000000000,1741221900000000000,,,,,,,
O-20250306-004500-001-V2-1106,BACKTESTER-001,MLSignalStrategyV2-V2,EUR/USD.IDEALPRO,IDEALPRO-1-1106,EUR/USD.IDEALPRO-MLSignalStrategyV2-V2,IDEALPRO-001,IDEALPRO-1-129105,STOP_MARKET,SELL,100000.00,GTC,True,False,100000.00,TAKER,1.07943,7.00000000000145e-05,['2.16 USD'],NO_TRIGGER,FILLED,OUO,OL-20250306-004500-001-V2-369,['O-20250306-004500-001-V2-1107'],O-20250306-004500-001-V2-1105,,,,['V2_POS1_SL'],e88aa5ab-84ad-4871-ad28-f6ca3da6e6ef,1741221900000000000,1741222740000000000,1.07950,DEFAULT,,,,,
O-20250306-004500-001-V2-1107,BACKTESTER-001,MLSignalStrategyV2-V2,EUR/USD.IDEALPRO,IDEALPRO-1-1107,EUR/USD.IDEALPRO-MLSignalStrategyV2-V2,IDEALPRO-001,,LIMIT,SELL,100000.00,GTC,True,False,0.00,NO_LIQUIDITY_SIDE,,,,NO_TRIGGER,CANCELED,OUO,OL-20250306-004500-001-V2-369,['O-20250306-004500-001-V2-1106'],O-20250306-004500-001-V2-1105,,,,['V2_POS1_TP'],302330a5-7114-419c-9a5e-0ab8522f5d84,1741221900000000000,1741222740000000000,,,,,1.08052,False,
O-20250306-040000-001-V2-1108,BACKTESTER-001,MLSignalStrategyV2-V2,EUR/USD.IDEALPRO,IDEALPRO-1-1108,EUR/USD.IDEALPRO-MLSignalStrategyV2-V2,IDEALPRO-001,IDEALPRO-1-129469,MARKET,SELL,100000.00,GTC,False,False,100000.00,TAKER,1.07895,0.0,['2.16 USD'],NO_TRIGGER,FILLED,OTO,OL-20250306-040000-001-V2-370,"['O-20250306-040000-001-V2-1109', 'O-20250306-040000-001-V2-1110']",,,,,['V2_POS1'],04f16f9d-e8b8-4738-b083-c2911bfabc9f,1741233600000000000,1741233600000000000,,,,,,,
O-20250306-040000-001-V2-1109,BACKTESTER-001,MLSignalStrategyV2-V2,EUR/USD.IDEALPRO,IDEALPRO-1-1109,EUR/USD.IDEALPRO-MLSignalStrategyV2-V2,IDEALPRO-001,IDEALPRO-1-129549,STOP_MARKET,BUY,100000.00,GTC,True,False,100000.00,TAKER,1.07957,9.999999999843467e-06,['2.16 USD'],NO_TRIGGER,FILLED,OUO,OL-20250306-040000-001-V2-370,['O-20250306-040000-001-V2-1110'],O-20250306-040000-001-V2-1108,,,,['V2_POS1_SL'],89a20b64-58a6-4758-889b-7c9cebc17012,1741233600000000000,1741236000000000000,1.07956,DEFAULT,,,,,
O-20250306-040000-001-V2-1110,BACKTESTER-001,MLSignalStrategyV2-V2,EUR/USD.IDEALPRO,IDEALPRO-1-1110,EUR/USD.IDEALPRO-MLSignalStrategyV2-V2,IDEALPRO-001,,LIMIT,BUY,100000.00,GTC,True,False,0.00,NO_LIQUIDITY_SIDE,,,,NO_TRIGGER,CANCELED,OUO,OL-20250306-040000-001-V2-370,['O-20250306-040000-001-V2-1109'],O-20250306-040000-001-V2-1108,,,,['V2_POS1_TP'],42ceb3e6-e5b6-4e8e-ac20-01f4c75e10d0,1741233600000000000,1741236000000000000,,,,,1.07836,False,
O-20250306-044500-001-V2-1111,BACKTESTER-001,MLSignalStrategyV2-V2,EUR/USD.IDEALPRO,IDEALPRO-1-1111,EUR/USD.IDEALPRO-MLSignalStrategyV2-V2,IDEALPRO-001,IDEALPRO-1-129560,MARKET,BUY,100000.00,GTC,False,False,100000.00,TAKER,1.07986,0.0,['2.16 USD'],NO_TRIGGER,FILLED,OTO,OL-20250306-044500-001-V2-371,"['O-20250306-044500-001-V2-1112', 'O-20250306-044500-001-V2-1113']",,,,,['V2_POS1'],62e3a829-63e5-4b5d-a234-a61b768f964b,1741236300000000000,1741236300000000000,,,,,,,
O-20250306-044500-001-V2-1112,BACKTESTER-001,MLSignalStrategyV2-V2,EUR/USD.IDEALPRO,IDEALPRO-1-1112,EUR/USD.IDEALPRO-MLSignalStrategyV2-V2,IDEALPRO-001,,STOP_MARKET,SELL,100000.00,GTC,True,False,0.00,NO_LIQUIDITY_SIDE,,,,NO_TRIGGER,CANCELED,OUO,OL-20250306-044500-001-V2-371,['O-20250306-044500-001-V2-1113'],O-20250306-044500-001-V2-1111,,,,['V2_POS1_SL'],092169ff-42d4-453c-b181-a8494cba630b,1741236300000000000,1741237200000000000,1.07929,DEFAULT,,,,,
O-20250306-044500-001-V2-1113,BACKTESTER-001,MLSignalStrategyV2-V2,EUR/USD.IDEALPRO,IDEALPRO-1-1113,EUR/USD.IDEALPRO-MLSignalStrategyV2-V2,IDEALPRO-001,IDEALPRO-1-129591,LIMIT,SELL,100000.00,GTC,True,False,100000.00,MAKER,1.08043,0.0,['2.16 USD'],NO_TRIGGER,FILLED,OUO,OL-20250306-044500-001-V2-371,['O-20250306-044500-001-V2-1112'],O-20250306-044500-001-V2-1111,,,,['V2_POS1_TP'],fd17c306-e08e-4397-83e7-8fc6c7fae082,1741236300000000000,1741237200000000000,,,,,1.08043,False,
O-20250306-050000-001-V2-1114,BACKTESTER-001,MLSignalStrategyV2-V2,EUR/USD.IDEALPRO,IDEALPRO-1-1114,EUR/USD.IDEALPRO-MLSignalStrategyV2-V2,IDEALPRO-001,IDEALPRO-1-129592,MARKET,BUY,100000.00,GTC,False,False,100000.00,TAKER,1.08037,0.0,['2.16 USD'],NO_TRIGGER,FILLED,OTO,OL-20250306-050000-001-V2-372,"['O-20250306-050000-001-V2-1115', 'O-20250306-050000-001-V2-1116']",,,,,['V2_POS1'],a1bbeccf-9d40-402d-aeb8-8bc85ee7635d,1741237200000000000,1741237200000000000,,,,,,,
O-20250306-050000-001-V2-1115,BACKTESTER-001,MLSignalStrategyV2-V2,EUR/USD.IDEALPRO,IDEALPRO-1-1115,EUR/USD.IDEALPRO-MLSignalStrategyV2-V2,IDEALPRO-001,,STOP_MARKET,SELL,100000.00,GTC,True,False,0.00,NO_LIQUIDITY_SIDE,,,,NO_TRIGGER,CANCELED,OUO,OL-20250306-050000-001-V2-372,['O-20250306-050000-001-V2-1116'],O-20250306-050000-001-V2-1114,,,,['V2_POS1_SL'],5df6becf-9b4a-4d95-9d2a-c2d8bd245b81,1741237200000000000,1741240620000000000,1.07978,DEFAULT,,,,,
O-20250306-050000-001-V2-1116,BACKTESTER-001,MLSignalStrategyV2-V2,EUR/USD.IDEALPRO,IDEALPRO-1-1116,EUR/USD.IDEALPRO-MLSignalStrategyV2-V2,IDEALPRO-001,IDEALPRO-1-129707,LIMIT,SELL,100000.00,GTC,True,False,100000.00,MAKER,1.08105,-0.0001100000000000545,['2.16 USD'],NO_TRIGGER,FILLED,OUO,OL-20250306-050000-001-V2-372,['O-20250306-050000-001-V2-1115'],O-20250306-050000-001-V2-1114,,,,['V2_POS1_TP'],b3d52107-5e85-45c4-8b05-8657e002117e,1741237200000000000,1741240620000000000,,,,,1.08094,False,
O-20250306-070000-001-V2-1117,BACKTESTER-001,MLSignalStrategyV2-V2,EUR/USD.IDEALPRO,IDEALPRO-1-1117,EUR/USD.IDEALPRO-MLSignalStrategyV2-V2,IDEALPRO-001,IDEALPRO-1-129835,MARKET,BUY,100000.00,GTC,False,False,100000.00,TAKER,1.08028,0.0,['2.16 USD'],NO_TRIGGER,FILLED,OTO,OL-20250306-070000-001-V2-373,"['O-20250306-070000-001-V2-1118', 'O-20250306-070000-001-V2-1119']",,,,,['V2_POS1'],47517068-0a18-4432-a583-31276f2df172,1741244400000000000,1741244400000000000,,,,,,,
O-20250306-070000-001-V2-1118,BACKTESTER-001,MLSignalStrategyV2-V2,EUR/USD.IDEALPRO,IDEALPRO-1-1118,EUR/USD.IDEALPRO-MLSignalStrategyV2-V2,IDEALPRO-001,,STOP_MARKET,SELL,100000.00,GTC,True,False,0.00,NO_LIQUIDITY_SIDE,,,,NO_TRIGGER,CANCELED,OUO,OL-20250306-070000-001-V2-373,['O-20250306-070000-001-V2-1119'],O-20250306-070000-001-V2-1117,,,,['V2_POS1_SL'],0ca22e37-8cd1-4228-a735-89cf830ad2e7,1741244400000000000,1741244820000000000,1.07965,DEFAULT,,,,,
O-20250306-070000-001-V2-1119,BACKTESTER-001,MLSignalStrategyV2-V2,EUR/USD.IDEALPRO,IDEALPRO-1-1119,EUR/USD.IDEALPRO-MLSignalStrategyV2-V2,IDEALPRO-001,IDEALPRO-1-129849,LIMIT,SELL,100000.00,GTC,True,False,100000.00,MAKER,1.08091,0.0,['2.16 USD'],NO_TRIGGER,FILLED,OUO,OL-20250306-070000-001-V2-373,['O-20250306-070000-001-V2-1118'],O-20250306-070000-001-V2-1117,,,,['V2_POS1_TP'],75de4fe5-7d1a-4a84-9606-eaf84ed4ce6d,1741244400000000000,1741244820000000000,,,,,1.08091,False,
O-20250306-073000-001-V2-1120,BACKTESTER-001,MLSignalStrategyV2-V2,EUR/USD.IDEALPRO,IDEALPRO-1-1120,EUR/USD.IDEALPRO-MLSignalStrategyV2-V2,IDEALPRO-001,IDEALPRO-1-129896,MARKET,BUY,100000.00,GTC,False,False,100000.00,TAKER,1.08015,0.0,['2.16 USD'],NO_TRIGGER,FILLED,OTO,OL-20250306-073000-001-V2-374,"['O-20250306-073000-001-V2-1121', 'O-20250306-073000-001-V2-1122']",,,,,['V2_POS1'],3583a187-63ac-400e-b5a7-350a2562404e,1741246200000000000,1741246200000000000,,,,,,,
O-20250306-073000-001-V2-1121,BACKTESTER-001,MLSignalStrategyV2-V2,EUR/USD.IDEALPRO,IDEALPRO-1-1121,EUR/USD.IDEALPRO-MLSignalStrategyV2-V2,IDEALPRO-001,,STOP_MARKET,SELL,100000.00,GTC,True,False,0.00,NO_LIQUIDITY_SIDE,,,,NO_TRIGGER,CANCELED,OUO,OL-20250306-073000-001-V2-374,['O-20250306-073000-001-V2-1122'],O-20250306-073000-001-V2-1120,,,,['V2_POS1_SL'],f4242997-405f-4019-ac35-1a84c860f495,1741246200000000000,1741246920000000000,1.07939,DEFAULT,,,,,
O-20250306-073000-001-V2-1122,BACKTESTER-001,MLSignalStrategyV2-V2,EUR/USD.IDEALPRO,IDEALPRO-1-1122,EUR/USD.IDEALPRO-MLSignalStrategyV2-V2,IDEALPRO-001,IDEALPRO-1-129921,LIMIT,SELL,100000.00,GTC,True,False,100000.00,MAKER,1.08173,-0.0008400000000001739,['2.16 USD'],NO_TRIGGER,FILLED,OUO,OL-20250306-073000-001-V2-374,['O-20250306-073000-001-V2-1121'],O-20250306-073000-001-V2-1120,,,,['V2_POS1_TP'],02a3bc17-8f80-4eb4-b1f7-0a677a66d4e0,1741246200000000000,1741246920000000000,,,,,1.08089,False,
O-20250306-190000-001-V2-1123,BACKTESTER-001,MLSignalStrategyV2-V2,EUR/USD.IDEALPRO,IDEALPRO-1-1123,EUR/USD.IDEALPRO-MLSignalStrategyV2-V2,IDEALPRO-001,IDEALPRO-1-131278,MARKET,BUY,100000.00,GTC,False,False,100000.00,TAKER,1.07839,0.0,['2.16 USD'],NO_TRIGGER,FILLED,OTO,OL-20250306-190000-001-V2-375,"['O-20250306-190000-001-V2-1124', 'O-20250306-190000-001-V2-1125']",,,,,['V2_POS1'],77e10305-bb78-4fa0-873c-ca5a367a880f,1741287600000000000,1741287600000000000,,,,,,,
O-20250306-190000-001-V2-1124,BACKTESTER-001,MLSignalStrategyV2-V2,EUR/USD.IDEALPRO,IDEALPRO-1-1124,EUR/USD.IDEALPRO-MLSignalStrategyV2-V2,IDEALPRO-001,,STOP_MARKET,SELL,100000.00,GTC,True,False,0.00,NO_LIQUIDITY_SIDE,,,,NO_TRIGGER,CANCELED,OUO,OL-20250306-190000-001-V2-375,['O-20250306-190000-001-V2-1125'],O-20250306-190000-001-V2-1123,,,,['V2_POS1_SL'],b5b48b1f-ee7e-4afe-9f64-5e71b35ed981,1741287600000000000,1741289100000000000,1.07722,DEFAULT,,,,,
O-20250306-190000-001-V2-1125,BACKTESTER-001,MLSignalStrategyV2-V2,EUR/USD.IDEALPRO,IDEALPRO-1-1125,EUR/USD.IDEALPRO-MLSignalStrategyV2-V2,IDEALPRO-001,IDEALPRO-1-131329,LIMIT,SELL,100000.00,GTC,True,False,100000.00,MAKER,1.07956,0.0,['2.16 USD'],NO_TRIGGER,FILLED,OUO,OL-20250306-190000-001-V2-375,['O-20250306-190000-001-V2-1124'],O-20250306-190000-001-V2-1123,,,,['V2_POS1_TP'],06ed0ac7-880c-4e5a-bc68-4597d1e29569,1741287600000000000,1741289100000000000,,,,,1.07956,False,
O-20250306-194500-001-V2-1126,BACKTESTER-001,MLSignalStrategyV2-V2,EUR/USD.IDEALPRO,IDEALPRO-1-1126,EUR/USD.IDEALPRO-MLSignalStrategyV2-V2,IDEALPRO-001,IDEALPRO-1-131371,MARKET,BUY,100000.00,GTC,False,False,100000.00,TAKER,1.08022,0.0,['2.16 USD'],NO_TRIGGER,FILLED,OTO,OL-20250306-194500-001-V2-376,"['O-20250306-194500-001-V2-1127', 'O-20250306-194500-001-V2-1128']",,,,,['V2_POS1'],fd97a520-03d4-4582-930a-b1d84ae6e1f2,1741290300000000000,1741290300000000000,,,,,,,
O-20250306-194500-001-V2-1127,BACKTESTER-001,MLSignalStrategyV2-V2,EUR/USD.IDEALPRO,IDEALPRO-1-1127,EUR/USD.IDEALPRO-MLSignalStrategyV2-V2,IDEALPRO-001,IDEALPRO-1-131477,STOP_MARKET,SELL,100000.00,GTC,True,False,100000.00,TAKER,1.07892,0.00020999999999982144,['2.16 USD'],NO_TRIGGER,FILLED,OUO,OL-20250306-194500-001-V2-376,['O-20250306-194500-001-V2-1128'],O-20250306-194500-001-V2-1126,,,,['V2_POS1_SL'],9bb6a574-d53d-4cf5-a249-ef5963fffadc,1741290300000000000,1741293480000000000,1.07913,DEFAULT,,,,,
O-20250306-194500-001-V2-1128,BACKTESTER-001,MLSignalStrategyV2-V2,EUR/USD.IDEALPRO,IDEALPRO-1-1128,EUR/USD.IDEALPRO-MLSignalStrategyV2-V2,IDEALPRO-001,,LIMIT,SELL,100000.00,GTC,True,False,0.00,NO_LIQUIDITY_SIDE,,,,NO_TRIGGER,CANCELED,OUO,OL-20250306-194500-001-V2-376,['O-20250306-194500-001-V2-1127'],O-20250306-194500-001-V2-1126,,,,['V2_POS1_TP'],17cd4e11-0ad4-4daa-9389-64023a1f40f9,1741290300000000000,1741293480000000000,,,,,1.08131,False,
O-20250307-033000-001-V2-1129,BACKTESTER-001,MLSignalStrategyV2-V2,EUR/USD.IDEALPRO,IDEALPRO-1-1129,EUR/USD.IDEALPRO-MLSignalStrategyV2-V2,IDEALPRO-001,IDEALPRO-1-132272,MARKET,BUY,100000.00,GTC,False,False,100000.00,TAKER,1.08065,0.0,['2.16 USD'],NO_TRIGGER,FILLED,OTO,OL-20250307-033000-001-V2-377,"['O-20250307-033000-001-V2-1130', 'O-20250307-033000-001-V2-1131']",,,,,['V2_POS1'],7f0a885a-6e72-4435-ba77-74d0cf178647,1741318200000000000,1741318200000000000,,,,,,,
O-20250307-033000-001-V2-1130,BACKTESTER-001,MLSignalStrategyV2-V2,EUR/USD.IDEALPRO,IDEALPRO-1-1130,EUR/USD.IDEALPRO-MLSignalStrategyV2-V2,IDEALPRO-001,,STOP_MARKET,SELL,100000.00,GTC,True,False,0.00,NO_LIQUIDITY_SIDE,,,,NO_TRIGGER,CANCELED,OUO,OL-20250307-033000-001-V2-377,['O-20250307-033000-001-V2-1131'],O-20250307-033000-001-V2-1129,,,,['V2_POS1_SL'],19241872-c0c9-410c-aa20-ea2921694527,1741318200000000000,1741318740000000000,1.08017,DEFAULT,,,,,
O-20250307-033000-001-V2-1131,BACKTESTER-001,MLSignalStrategyV2-V2,EUR/USD.IDEALPRO,IDEALPRO-1-1131,EUR/USD.IDEALPRO-MLSignalStrategyV2-V2,IDEALPRO-001,IDEALPRO-1-132291,LIMIT,SELL,100000.00,GTC,True,False,100000.00,MAKER,1.08139,-0.000260000000000149,['2.16 USD'],NO_TRIGGER,FILLED,OUO,OL-20250307-033000-001-V2-377,['O-20250307-033000-001-V2-1130'],O-20250307-033000-001-V2-1129,,,,['V2_POS1_TP'],e7cb8bdb-e92a-4629-9751-4cf672e39dc9,1741318200000000000,1741318740000000000,,,,,1.08113,False,
O-20250307-034500-001-V2-1132,BACKTESTER-001,MLSignalStrategyV2-V2,EUR/USD.IDEALPRO,IDEALPRO-1-1132,EUR/USD.IDEALPRO-MLSignalStrategyV2-V2,IDEALPRO-001,IDEALPRO-1-132304,MARKET,BUY,100000.00,GTC,False,False,100000.00,TAKER,1.08091,0.0,['2.16 USD'],NO_TRIGGER,FILLED,OTO,OL-20250307-034500-001-V2-378,"['O-20250307-034500-001-V2-1133', 'O-20250307-034500-001-V2-1134']",,,,,['V2_POS1'],9c74663f-5e83-4b21-bc45-e92a28402d34,1741319100000000000,1741319100000000000,,,,,,,
O-20250307-034500-001-V2-1133,BACKTESTER-001,MLSignalStrategyV2-V2,EUR/USD.IDEALPRO,IDEALPRO-1-1133,EUR/USD.IDEALPRO-MLSignalStrategyV2-V2,IDEALPRO-001,IDEALPRO-1-132383,STOP_MARKET,SELL,100000.00,GTC,True,False,100000.00,TAKER,1.08042,0.0,['2.16 USD'],NO_TRIGGER,FILLED,OUO,OL-20250307-034500-001-V2-378,['O-20250307-034500-001-V2-1134'],O-20250307-034500-001-V2-1132,,,,['V2_POS1_SL'],bd85e6d4-cf24-455f-a3bd-d67d2ae3bd31,1741319100000000000,1741321440000000000,1.08042,DEFAULT,,,,,
O-20250307-034500-001-V2-1134,BACKTESTER-001,MLSignalStrategyV2-V2,EUR/USD.IDEALPRO,IDEALPRO-1-1134,EUR/USD.IDEALPRO-MLSignalStrategyV2-V2,IDEALPRO-001,,LIMIT,SELL,100000.00,GTC,True,False,0.00,NO_LIQUIDITY_SIDE,,,,NO_TRIGGER,CANCELED,OUO,OL-20250307-034500-001-V2-378,['O-20250307-034500-001-V2-1133'],O-20250307-034500-001-V2-1132,,,,['V2_POS1_TP'],567e125c-da57-4988-8ac1-67032466a6f0,1741319100000000000,1741321440000000000,,,,,1.08140,False,
O-20250307-054500-001-V2-1135,BACKTESTER-001,MLSignalStrategyV2-V2,EUR/USD.IDEALPRO,IDEALPRO-1-1135,EUR/USD.IDEALPRO-MLSignalStrategyV2-V2,IDEALPRO-001,IDEALPRO-1-132546,MARKET,BUY,100000.00,GTC,False,False,100000.00,TAKER,1.08149,0.0,['2.16 USD'],NO_TRIGGER,FILLED,OTO,OL-20250307-054500-001-V2-379,"['O-20250307-054500-001-V2-1136', 'O-20250307-054500-001-V2-1137']",,,,,['V2_POS1'],20b96ae3-3e9d-497b-ac88-5baac09246a1,1741326300000000000,1741326300000000000,,,,,,,
O-20250307-054500-001-V2-1136,BACKTESTER-001,MLSignalStrategyV2-V2,EUR/USD.IDEALPRO,IDEALPRO-1-1136,EUR/USD.IDEALPRO-MLSignalStrategyV2-V2,IDEALPRO-001,IDEALPRO-1-132585,STOP_MARKET,SELL,100000.00,GTC,True,False,100000.00,TAKER,1.08089,0.00017000000000000348,['2.16 USD'],NO_TRIGGER,FILLED,OUO,OL-20250307-054500-001-V2-379,['O-20250307-054500-001-V2-1137'],O-20250307-054500-001-V2-1135,,,,['V2_POS1_SL'],d646b8b1-9a0e-47b8-9bd4-7bce7ed19bca,1741326300000000000,1741327440000000000,1.08106,DEFAULT,,,,,
O-20250307-054500-001-V2-1137,BACKTESTER-001,MLSignalStrategyV2-V2,EUR/USD.IDEALPRO,IDEALPRO-1-1137,EUR/USD.IDEALPRO-MLSignalStrategyV2-V2,IDEALPRO-001,,LIMIT,SELL,100000.00,GTC,True,False,0.00,NO_LIQUIDITY_SIDE,,,,NO_TRIGGER,CANCELED,OUO,OL-20250307-054500-001-V2-379,['O-20250307-054500-001-V2-1136'],O-20250307-054500-001-V2-1135,,,,['V2_POS1_TP'],ee073365-71ab-4e21-95c6-cc95773ddaf9,1741326300000000000,1741327440000000000,,,,,1.08192,False,
O-20250307-100000-001-V2-1138,BACKTESTER-001,MLSignalStrategyV2-V2,EUR/USD.IDEALPRO,IDEALPRO-1-1138,EUR/USD.IDEALPRO-MLSignalStrategyV2-V2,IDEALPRO-001,IDEALPRO-1-133058,MARKET,SELL,100000.00,GTC,False,False,100000.00,TAKER,1.08615,0.0,['2.17 USD'],NO_TRIGGER,FILLED,OTO,OL-20250307-100000-001-V2-380,"['O-20250307-100000-001-V2-1139', 'O-20250307-100000-001-V2-1140']",,,,,['V2_POS1'],37a6f789-b7f0-418a-9667-5dd73499786c,1741341600000000000,1741341600000000000,,,,,,,
O-20250307-100000-001-V2-1139,BACKTESTER-001,MLSignalStrategyV2-V2,EUR/USD.IDEALPRO,IDEALPRO-1-1139,EUR/USD.IDEALPRO-MLSignalStrategyV2-V2,IDEALPRO-001,,STOP_MARKET,BUY,100000.00,GTC,True,False,0.00,NO_LIQUIDITY_SIDE,,,,NO_TRIGGER,CANCELED,OUO,OL-20250307-100000-001-V2-380,['O-20250307-100000-001-V2-1140'],O-20250307-100000-001-V2-1138,,,,['V2_POS1_SL'],3e77c2aa-b543-493b-9d48-94fa32709495,1741341600000000000,1741345620000000000,1.08702,DEFAULT,,,,,
O-20250307-100000-001-V2-1140,BACKTESTER-001,MLSignalStrategyV2-V2,EUR/USD.IDEALPRO,IDEALPRO-1-1140,EUR/USD.IDEALPRO-MLSignalStrategyV2-V2,IDEALPRO-001,IDEALPRO-1-133193,LIMIT,BUY,100000.00,GTC,True,False,100000.00,MAKER,1.08508,-0.00021999999999988695,['2.17 USD'],NO_TRIGGER,FILLED,OUO,OL-20250307-100000-001-V2-380,['O-20250307-100000-001-V2-1139'],O-20250307-100000-001-V2-1138,,,,['V2_POS1_TP'],0345e042-edf4-4895-98db-5a752514fe6c,1741341600000000000,1741345620000000000,,,,,1.08530,False,
O-20250307-140000-001-V2-1141,BACKTESTER-001,MLSignalStrategyV2-V2,EUR/USD.IDEALPRO,IDEALPRO-1-1141,EUR/USD.IDEALPRO-MLSignalStrategyV2-V2,IDEALPRO-001,IDEALPRO-1-133540,MARKET,SELL,100000.00,GTC,False,False,100000.00,TAKER,1.08448,0.0,['2.17 USD'],NO_TRIGGER,FILLED,OTO,OL-20250307-140000-001-V2-381,"['O-20250307-140000-001-V2-1142', 'O-20250307-140000-001-V2-1143']",,,,,['V2_POS1'],9c9651e1-0e46-4df7-a867-be6b52a62027,1741356000000000000,1741356000000000000,,,,,,,
O-20250307-140000-001-V2-1142,BACKTESTER-001,MLSignalStrategyV2-V2,EUR/USD.IDEALPRO,IDEALPRO-1-1142,EUR/USD.IDEALPRO-MLSignalStrategyV2-V2,IDEALPRO-001,IDEALPRO-1-133553,STOP_MARKET,BUY,100000.00,GTC,True,False,100000.00,TAKER,1.08599,0.00026999999999999247,['2.17 USD'],NO_TRIGGER,FILLED,OUO,OL-20250307-140000-001-V2-381,['O-20250307-140000-001-V2-1143'],O-20250307-140000-001-V2-1141,,,,['V2_POS1_SL'],2ef5a8f6-3c6d-4a5e-8baf-82ab2a19d853,1741356000000000000,1741356360000000000,1.08572,DEFAULT,,,,,
O-20250307-140000-001-V2-1143,BACKTESTER-001,MLSignalStrategyV2-V2,EUR/USD.IDEALPRO,IDEALPRO-1-1143,EUR/USD.IDEALPRO-MLSignalStrategyV2-V2,IDEALPRO-001,,LIMIT,BUY,100000.00,GTC,True,False,0.00,NO_LIQUIDITY_SIDE,,,,NO_TRIGGER,CANCELED,OUO,OL-20250307-140000-001-V2-381,['O-20250307-140000-001-V2-1142'],O-20250307-140000-001-V2-1141,,,,['V2_POS1_TP'],ed0c8fbc-ee82-4b5c-9729-ef47ce91da61,1741356000000000000,1741356360000000000,,,,,1.08324,False,
O-20250307-144500-001-V2-1144,BACKTESTER-001,MLSignalStrategyV2-V2,EUR/USD.IDEALPRO,IDEALPRO-1-1144,EUR/USD.IDEALPRO-MLSignalStrategyV2-V2,IDEALPRO-001,IDEALPRO-1-133632,MARKET,SELL,100000.00,GTC,False,False,100000.00,TAKER,1.08691,0.0,['2.17 USD'],NO_TRIGGER,FILLED,OTO,OL-20250307-144500-001-V2-382,"['O-20250307-144500-001-V2-1145', 'O-20250307-144500-001-V2-1146']",,,,,['V2_POS1'],114a92b4-fe24-4e18-baa7-f345aa9e00aa,1741358700000000000,1741358700000000000,,,,,,,
O-20250307-144500-001-V2-1145,BACKTESTER-001,MLSignalStrategyV2-V2,EUR/USD.IDEALPRO,IDEALPRO-1-1145,EUR/USD.IDEALPRO-MLSignalStrategyV2-V2,IDEALPRO-001,,STOP_MARKET,BUY,100000.00,GTC,True,False,0.00,NO_LIQUIDITY_SIDE,,,,NO_TRIGGER,CANCELED,OUO,OL-20250307-144500-001-V2-382,['O-20250307-144500-001-V2-1146'],O-20250307-144500-001-V2-1144,,,,['V2_POS1_SL'],65b50716-4c3f-46c0-869d-9d461c510a10,1741358700000000000,1741358880000000000,1.08826,DEFAULT,,,,,
O-20250307-144500-001-V2-1146,BACKTESTER-001,MLSignalStrategyV2-V2,EUR/USD.IDEALPRO,IDEALPRO-1-1146,EUR/USD.IDEALPRO-MLSignalStrategyV2-V2,IDEALPRO-001,IDEALPRO-1-133639,LIMIT,BUY,100000.00,GTC,True,False,100000.00,MAKER,1.08545,-0.0001100000000000545,['2.17 USD'],NO_TRIGGER,FILLED,OUO,OL-20250307-144500-001-V2-382,['O-20250307-144500-001-V2-1145'],O-20250307-144500-001-V2-1144,,,,['V2_POS1_TP'],1d182c02-16a6-4d9e-acc2-169dac64ef81,1741358700000000000,1741358880000000000,,,,,1.08556,False,
O-20250307-160000-001-V2-1147,BACKTESTER-001,MLSignalStrategyV2-V2,EUR/USD.IDEALPRO,IDEALPRO-1-1147,EUR/USD.IDEALPRO-MLSignalStrategyV2-V2,IDEALPRO-001,IDEALPRO-1-133784,MARKET,SELL,100000.00,GTC,False,False,100000.00,TAKER,1.08702,0.0,['2.17 USD'],NO_TRIGGER,FILLED,OTO,OL-20250307-160000-001-V2-383,"['O-20250307-160000-001-V2-1148', 'O-20250307-160000-001-V2-1149']",,,,,['V2_POS1'],6b10e597-412a-4bee-9246-3f8c1f13d710,1741363200000000000,1741363200000000000,,,,,,,
O-20250307-160000-001-V2-1148,BACKTESTER-001,MLSignalStrategyV2-V2,EUR/USD.IDEALPRO,IDEALPRO-1-1148,EUR/USD.IDEALPRO-MLSignalStrategyV2-V2,IDEALPRO-001,,STOP_MARKET,BUY,100000.00,GTC,True,False,0.00,NO_LIQUIDITY_SIDE,,,,NO_TRIGGER,CANCELED,OUO,OL-20250307-160000-001-V2-383,['O-20250307-160000-001-V2-1149'],O-20250307-160000-001-V2-1147,,,,['V2_POS1_SL'],d3cefc76-c2d8-4953-a74c-e3112d1fe24b,1741363200000000000,1741363800000000000,1.08851,DEFAULT,,,,,
O-20250307-160000-001-V2-1149,BACKTESTER-001,MLSignalStrategyV2-V2,EUR/USD.IDEALPRO,IDEALPRO-1-1149,EUR/USD.IDEALPRO-MLSignalStrategyV2-V2,IDEALPRO-001,IDEALPRO-1-133805,LIMIT,BUY,100000.00,GTC,True,False,100000.00,MAKER,1.08523,-0.000300000000000189,['2.17 USD'],NO_TRIGGER,FILLED,OUO,OL-20250307-160000-001-V2-383,['O-20250307-160000-001-V2-1148'],O-20250307-160000-001-V2-1147,,,,['V2_POS1_TP'],0c20c3bb-9b75-49a8-b8b9-97427139003c,1741363200000000000,1741363800000000000,,,,,1.08553,False,
O-20250307-161500-001-V2-1150,BACKTESTER-001,MLSignalStrategyV2-V2,EUR/USD.IDEALPRO,IDEALPRO-1-1150,EUR/USD.IDEALPRO-MLSignalStrategyV2-V2,IDEALPRO-001,IDEALPRO-1-133816,MARKET,SELL,100000.00,GTC,False,False,100000.00,TAKER,1.08602,0.0,['2.17 USD'],NO_TRIGGER,FILLED,OTO,OL-20250307-161500-001-V2-384,"['O-20250307-161500-001-V2-1151', 'O-20250307-161500-001-V2-1152']",,,,,['V2_POS1'],2d585188-c50f-4dbc-b135-db8a651ab54c,1741364100000000000,1741364100000000000,,,,,,,
O-20250307-161500-001-V2-1151,BACKTESTER-001,MLSignalStrategyV2-V2,EUR/USD.IDEALPRO,IDEALPRO-1-1151,EUR/USD.IDEALPRO-MLSignalStrategyV2-V2,IDEALPRO-001,,STOP_MARKET,BUY,100000.00,GTC,True,False,0.00,NO_LIQUIDITY_SIDE,,,,NO_TRIGGER,CANCELED,OUO,OL-20250307-161500-001-V2-384,['O-20250307-161500-001-V2-1152'],O-20250307-161500-001-V2-1150,,,,['V2_POS1_SL'],ba5d2e01-24ff-42bc-be4b-ec947a64d50a,1741364100000000000,1741365060000000000,1.08766,DEFAULT,,,,,
O-20250307-161500-001-V2-1152,BACKTESTER-001,MLSignalStrategyV2-V2,EUR/USD.IDEALPRO,IDEALPRO-1-1152,EUR/USD.IDEALPRO-MLSignalStrategyV2-V2,IDEALPRO-001,IDEALPRO-1-133849,LIMIT,BUY,100000.00,GTC,True,False,100000.00,MAKER,1.08388,-0.0004999999999999449,['2.17 USD'],NO_TRIGGER,FILLED,OUO,OL-20250307-161500-001-V2-384,['O-20250307-161500-001-V2-1151'],O-20250307-161500-001-V2-1150,,,,['V2_POS1_TP'],dd6e2b15-31d3-4d14-b69d-e0422750bccf,1741364100000000000,1741365060000000000,,,,,1.08438,False,
O-20250309-213000-001-V2-1153,BACKTESTER-001,MLSignalStrategyV2-V2,EUR/USD.IDEALPRO,IDEALPRO-1-1153,EUR/USD.IDEALPRO-MLSignalStrategyV2-V2,IDEALPRO-001,IDEALPRO-1-134538,MARKET,BUY,100000.00,GTC,False,False,100000.00,TAKER,1.08317,0.0,['2.17 USD'],NO_TRIGGER,FILLED,OTO,OL-20250309-213000-001-V2-385,"['O-20250309-213000-001-V2-1154', 'O-20250309-213000-001-V2-1155']",,,,,['V2_POS1'],f08d11a3-49c1-49fe-a450-b5e490eb2461,1741555800000000000,1741555800000000000,,,,,,,
O-20250309-213000-001-V2-1154,BACKTESTER-001,MLSignalStrategyV2-V2,EUR/USD.IDEALPRO,IDEALPRO-1-1154,EUR/USD.IDEALPRO-MLSignalStrategyV2-V2,IDEALPRO-001,,STOP_MARKET,SELL,100000.00,GTC,True,False,0.00,NO_LIQUIDITY_SIDE,,,,NO_TRIGGER,CANCELED,OUO,OL-20250309-213000-001-V2-385,['O-20250309-213000-001-V2-1155'],O-20250309-213000-001-V2-1153,,,,['V2_POS1_SL'],9abebc66-b14d-4544-beb4-9778562d1b87,1741555800000000000,1741556520000000000,1.08255,DEFAULT,,,,,
O-20250309-213000-001-V2-1155,BACKTESTER-001,MLSignalStrategyV2-V2,EUR/USD.IDEALPRO,IDEALPRO-1-1155,EUR/USD.IDEALPRO-MLSignalStrategyV2-V2,IDEALPRO-001,IDEALPRO-1-134563,LIMIT,SELL,100000.00,GTC,True,False,100000.00,MAKER,1.08378,-1.0000000000065512e-05,['2.17 USD'],NO_TRIGGER,FILLED,OUO,OL-20250309-213000-001-V2-385,['O-20250309-213000-001-V2-1154'],O-20250309-213000-001-V2-1153,,,,['V2_POS1_TP'],bb974ac0-6945-4eb1-8e06-346ed9b28ae8,1741555800000000000,1741556520000000000,,,,,1.08377,False,
O-20250309-214500-001-V2-1156,BACKTESTER-001,MLSignalStrategyV2-V2,EUR/USD.IDEALPRO,IDEALPRO-1-1156,EUR/USD.IDEALPRO-MLSignalStrategyV2-V2,IDEALPRO-001,IDEALPRO-1-134569,MARKET,BUY,100000.00,GTC,False,False,100000.00,TAKER,1.08361,0.0,['2.17 USD'],NO_TRIGGER,FILLED,OTO,OL-20250309-214500-001-V2-386,"['O-20250309-214500-001-V2-1157', 'O-20250309-214500-001-V2-1158']",,,,,['V2_POS1'],68de9177-f301-4d65-bad2-d2ba9fef44b2,1741556700000000000,1741556700000000000,,,,,,,
O-20250309-214500-001-V2-1157,BACKTESTER-001,MLSignalStrategyV2-V2,EUR/USD.IDEALPRO,IDEALPRO-1-1157,EUR/USD.IDEALPRO-MLSignalStrategyV2-V2,IDEALPRO-001,,STOP_MARKET,SELL,100000.00,GTC,True,False,0.00,NO_LIQUIDITY_SIDE,,,,NO_TRIGGER,CANCELED,OUO,OL-20250309-214500-001-V2-386,['O-20250309-214500-001-V2-1158'],O-20250309-214500-001-V2-1156,,,,['V2_POS1_SL'],381c3977-9f7c-4ca5-bcf4-8c5212a9cc62,1741556700000000000,1741557660000000000,1.08313,DEFAULT,,,,,
O-20250309-214500-001-V2-1158,BACKTESTER-001,MLSignalStrategyV2-V2,EUR/USD.IDEALPRO,IDEALPRO-1-1158,EUR/USD.IDEALPRO-MLSignalStrategyV2-V2,IDEALPRO-001,IDEALPRO-1-134603,LIMIT,SELL,100000.00,GTC,True,False,100000.00,MAKER,1.08439,-4.0000000000040004e-05,['2.17 USD'],NO_TRIGGER,FILLED,OUO,OL-20250309-214500-001-V2-386,['O-20250309-214500-001-V2-1157'],O-20250309-214500-001-V2-1156,,,,['V2_POS1_TP'],7906769e-5c54-45d0-bf89-fb0c39ec69ea,1741556700000000000,1741557660000000000,,,,,1.08435,False,
O-20250309-221500-001-V2-1159,BACKTESTER-001,MLSignalStrategyV2-V2,EUR/USD.IDEALPRO,IDEALPRO-1-1159,EUR/USD.IDEALPRO-MLSignalStrategyV2-V2,IDEALPRO-001,IDEALPRO-1-134632,MARKET,BUY,100000.00,GTC,False,False,100000.00,TAKER,1.08564,0.0,['2.17 USD'],NO_TRIGGER,FILLED,OTO,OL-20250309-221500-001-V2-387,"['O-20250309-221500-001-V2-1160', 'O-20250309-221500-001-V2-1161']",,,,,['V2_POS1'],ecfa0b18-c4c6-4176-8d5d-36e362a30033,1741558500000000000,1741558500000000000,,,,,,,
O-20250309-221500-001-V2-1160,BACKTESTER-001,MLSignalStrategyV2-V2,EUR/USD.IDEALPRO,IDEALPRO-1-1160,EUR/USD.IDEALPRO-MLSignalStrategyV2-V2,IDEALPRO-001,IDEALPRO-1-134643,STOP_MARKET,SELL,100000.00,GTC,True,False,100000.00,TAKER,1.0848,0.00019999999999997797,['2.17 USD'],NO_TRIGGER,FILLED,OUO,OL-20250309-221500-001-V2-387,['O-20250309-221500-001-V2-1161'],O-20250309-221500-001-V2-1159,,,,['V2_POS1_SL'],843864f2-05f8-4c2f-a49f-a88a36ba66d5,1741558500000000000,1741558800000000000,1.08500,DEFAULT,,,,,
O-20250309-221500-001-V2-1161,BACKTESTER-001,MLSignalStrategyV2-V2,EUR/USD.IDEALPRO,IDEALPRO-1-1161,EUR/USD.IDEALPRO-MLSignalStrategyV2-V2,IDEALPRO-001,,LIMIT,SELL,100000.00,GTC,True,False,0.00,NO_LIQUIDITY_SIDE,,,,NO_TRIGGER,CANCELED,OUO,OL-20250309-221500-001-V2-387,['O-20250309-221500-001-V2-1160'],O-20250309-221500-001-V2-1159,,,,['V2_POS1_TP'],4ddbbf6e-8aea-4ca1-b6f1-c8a33ab64770,1741558500000000000,1741558800000000000,,,,,1.08628,False,
O-20250309-223000-001-V2-1162,BACKTESTER-001,MLSignalStrategyV2-V2,EUR/USD.IDEALPRO,IDEALPRO-1-1162,EUR/USD.IDEALPRO-MLSignalStrategyV2-V2,IDEALPRO-001,IDEALPRO-1-134664,MARKET,BUY,100000.00,GTC,False,False,100000.00,TAKER,1.08493,0.0,['2.17 USD'],NO_TRIGGER,FILLED,OTO,OL-20250309-223000-001-V2-388,"['O-20250309-223000-001-V2-1163', 'O-20250309-223000-001-V2-1164']",,,,,['V2_POS1'],ff4a0de4-8847-44cd-b1e3-0e8f88560620,1741559400000000000,1741559400000000000,,,,,,,
O-20250309-223000-001-V2-1163,BACKTESTER-001,MLSignalStrategyV2-V2,EUR/USD.IDEALPRO,IDEALPRO-1-1163,EUR/USD.IDEALPRO-MLSignalStrategyV2-V2,IDEALPRO-001,,STOP_MARKET,SELL,100000.00,GTC,True,False,0.00,NO_LIQUIDITY_SIDE,,,,NO_TRIGGER,CANCELED,OUO,OL-20250309-223000-001-V2-388,['O-20250309-223000-001-V2-1164'],O-20250309-223000-001-V2-1162,,,,['V2_POS1_SL'],55f2a9bf-e808-4f66-8502-9d4f8a778042,1741559400000000000,1741561440000000000,1.08419,DEFAULT,,,,,
O-20250309-223000-001-V2-1164,BACKTESTER-001,MLSignalStrategyV2-V2,EUR/USD.IDEALPRO,IDEALPRO-1-1164,EUR/USD.IDEALPRO-MLSignalStrategyV2-V2,IDEALPRO-001,IDEALPRO-1-134733,LIMIT,SELL,100000.00,GTC,True,False,100000.00,MAKER,1.08576,-0.0001100000000000545,['2.17 USD'],NO_TRIGGER,FILLED,OUO,OL-20250309-223000-001-V2-388,['O-20250309-223000-001-V2-1163'],O-20250309-223000-001-V2-1162,,,,['V2_POS1_TP'],5321bff8-1561-4528-a89d-8b174021f6cf,1741559400000000000,1741561440000000000,,,,,1.08565,False,
O-20250309-231500-001-V2-1165,BACKTESTER-001,MLSignalStrategyV2-V2,EUR/USD.IDEALPRO,IDEALPRO-1-1165,EUR/USD.IDEALPRO-MLSignalStrategyV2-V2,IDEALPRO-001,IDEALPRO-1-134756,MARKET,BUY,100000.00,GTC,False,False,100000.00,TAKER,1.08613,0.0,['2.17 USD'],NO_TRIGGER,FILLED,OTO,OL-20250309-231500-001-V2-389,"['O-20250309-231500-001-V2-1166', 'O-20250309-231500-001-V2-1167']",,,,,['V2_POS1'],c347b965-3922-4c12-b0a3-ba7fb823fdde,1741562100000000000,1741562100000000000,,,,,,,
O-20250309-231500-001-V2-1166,BACKTESTER-001,MLSignalStrategyV2-V2,EUR/USD.IDEALPRO,IDEALPRO-1-1166,EUR/USD.IDEALPRO-MLSignalStrategyV2-V2,IDEALPRO-001,IDEALPRO-1-134867,STOP_MARKET,SELL,100000.00,GTC,True,False,100000.00,TAKER,1.08537,1.0000000000065512e-05,['2.17 USD'],NO_TRIGGER,FILLED,OUO,OL-20250309-231500-001-V2-389,['O-20250309-231500-001-V2-1167'],O-20250309-231500-001-V2-1165,,,,['V2_POS1_SL'],4b271a26-eaaf-4280-a930-f4a65402dbae,1741562100000000000,1741565400000000000,1.08538,DEFAULT,,,,,
O-20250309-231500-001-V2-1167,BACKTESTER-001,MLSignalStrategyV2-V2,EUR/USD.IDEALPRO,IDEALPRO-1-1167,EUR/USD.IDEALPRO-MLSignalStrategyV2-V2,IDEALPRO-001,,LIMIT,SELL,100000.00,GTC,True,False,0.00,NO_LIQUIDITY_SIDE,,,,NO_TRIGGER,CANCELED,OUO,OL-20250309-231500-001-V2-389,['O-20250309-231500-001-V2-1166'],O-20250309-231500-001-V2-1165,,,,['V2_POS1_TP'],2f1996db-566d-4267-a470-509d4f312b7c,1741562100000000000,1741565400000000000,,,,,1.08688,False,
O-20250310-051500-001-V2-1168,BACKTESTER-001,MLSignalStrategyV2-V2,EUR/USD.IDEALPRO,IDEALPRO-1-1168,EUR/USD.IDEALPRO-MLSignalStrategyV2-V2,IDEALPRO-001,IDEALPRO-1-135478,MARKET,SELL,100000.00,GTC,False,False,100000.00,TAKER,1.08312,0.0,['2.17 USD'],NO_TRIGGER,FILLED,OTO,OL-20250310-051500-001-V2-390,"['O-20250310-051500-001-V2-1169', 'O-20250310-051500-001-V2-1170']",,,,,['V2_POS1'],898ff9ba-98f8-451c-bb52-9515f6a690e2,1741583700000000000,1741583700000000000,,,,,,,
O-20250310-051500-001-V2-1169,BACKTESTER-001,MLSignalStrategyV2-V2,EUR/USD.IDEALPRO,IDEALPRO-1-1169,EUR/USD.IDEALPRO-MLSignalStrategyV2-V2,IDEALPRO-001,IDEALPRO-1-135545,STOP_MARKET,BUY,100000.00,GTC,True,False,100000.00,TAKER,1.08359,5.0000000000105516e-05,['2.17 USD'],NO_TRIGGER,FILLED,OUO,OL-20250310-051500-001-V2-390,['O-20250310-051500-001-V2-1170'],O-20250310-051500-001-V2-1168,,,,['V2_POS1_SL'],8a4599d5-3f4f-4a1f-bcd6-14e84313b7cb,1741583700000000000,1741585680000000000,1.08354,DEFAULT,,,,,
O-20250310-051500-001-V2-1170,BACKTESTER-001,MLSignalStrategyV2-V2,EUR/USD.IDEALPRO,IDEALPRO-1-1170,EUR/USD.IDEALPRO-MLSignalStrategyV2-V2,IDEALPRO-001,,LIMIT,BUY,100000.00,GTC,True,False,0.00,NO_LIQUIDITY_SIDE,,,,NO_TRIGGER,CANCELED,OUO,OL-20250310-051500-001-V2-390,['O-20250310-051500-001-V2-1169'],O-20250310-051500-001-V2-1168,,,,['V2_POS1_TP'],80d61e99-b4bb-4657-9ce1-e3ef3d5ed200,1741583700000000000,1741585680000000000,,,,,1.08270,False,
O-20250310-060000-001-V2-1171,BACKTESTER-001,MLSignalStrategyV2-V2,EUR/USD.IDEALPRO,IDEALPRO-1-1171,EUR/USD.IDEALPRO-MLSignalStrategyV2-V2,IDEALPRO-001,IDEALPRO-1-135570,MARKET,SELL,100000.00,GTC,False,False,100000.00,TAKER,1.08352,0.0,['2.17 USD'],NO_TRIGGER,FILLED,OTO,OL-20250310-060000-001-V2-391,"['O-20250310-060000-001-V2-1172', 'O-20250310-060000-001-V2-1173']",,,,,['V2_POS1'],d7ceb375-1abf-4d8b-b1b8-188543ebe73b,1741586400000000000,1741586400000000000,,,,,,,
O-20250310-060000-001-V2-1172,BACKTESTER-001,MLSignalStrategyV2-V2,EUR/USD.IDEALPRO,IDEALPRO-1-1172,EUR/USD.IDEALPRO-MLSignalStrategyV2-V2,IDEALPRO-001,IDEALPRO-1-135591,STOP_MARKET,BUY,100000.00,GTC,True,False,100000.00,TAKER,1.08394,9.999999999843467e-06,['2.17 USD'],NO_TRIGGER,FILLED,OUO,OL-20250310-060000-001-V2-391,['O-20250310-060000-001-V2-1173'],O-20250310-060000-001-V2-1171,,,,['V2_POS1_SL'],09708c77-db53-4e73-8d4d-de8397279f4c,1741586400000000000,1741587000000000000,1.08393,DEFAULT,,,,,
O-20250310-060000-001-V2-1173,BACKTESTER-001,MLSignalStrategyV2-V2,EUR/USD.IDEALPRO,IDEALPRO-1-1173,EUR/USD.IDEALPRO-MLSignalStrategyV2-V2,IDEALPRO-001,,LIMIT,BUY,100000.00,GTC,True,False,0.00,NO_LIQUIDITY_SIDE,,,,NO_TRIGGER,CANCELED,OUO,OL-20250310-060000-001-V2-391,['O-20250310-060000-001-V2-1172'],O-20250310-060000-001-V2-1171,,,,['V2_POS1_TP'],537d8ea5-a3e7-499b-ac93-eba97bd11a2e,1741586400000000000,1741587000000000000,,,,,1.08311,False,
O-20250310-063000-001-V2-1174,BACKTESTER-001,MLSignalStrategyV2-V2,EUR/USD.IDEALPRO,IDEALPRO-1-1174,EUR/USD.IDEALPRO-MLSignalStrategyV2-V2,IDEALPRO-001,IDEALPRO-1-135632,MARKET,SELL,100000.00,GTC,False,False,100000.00,TAKER,1.08425,0.0,['2.17 USD'],NO_TRIGGER,FILLED,OTO,OL-20250310-063000-001-V2-392,"['O-20250310-063000-001-V2-1175', 'O-20250310-063000-001-V2-1176']",,,,,['V2_POS1'],f3383b96-ba0b-4aa1-94d3-066ba5ba1c62,1741588200000000000,1741588200000000000,,,,,,,
O-20250310-063000-001-V2-1175,BACKTESTER-001,MLSignalStrategyV2-V2,EUR/USD.IDEALPRO,IDEALPRO-1-1175,EUR/USD.IDEALPRO-MLSignalStrategyV2-V2,IDEALPRO-001,,STOP_MARKET,BUY,100000.00,GTC,True,False,0.00,NO_LIQUIDITY_SIDE,,,,NO_TRIGGER,CANCELED,OUO,OL-20250310-063000-001-V2-392,['O-20250310-063000-001-V2-1176'],O-20250310-063000-001-V2-1174,,,,['V2_POS1_SL'],13eac381-8807-454f-895e-a9dce2020951,1741588200000000000,1741588920000000000,1.08468,DEFAULT,,,,,
O-20250310-063000-001-V2-1176,BACKTESTER-001,MLSignalStrategyV2-V2,EUR/USD.IDEALPRO,IDEALPRO-1-1176,EUR/USD.IDEALPRO-MLSignalStrategyV2-V2,IDEALPRO-001,IDEALPRO-1-135657,LIMIT,BUY,100000.00,GTC,True,False,100000.00,MAKER,1.08377,-5.0000000000105516e-05,['2.17 USD'],NO_TRIGGER,FILLED,OUO,OL-20250310-063000-001-V2-392,['O-20250310-063000-001-V2-1175'],O-20250310-063000-001-V2-1174,,,,['V2_POS1_TP'],0dd5067a-86ce-4e26-8010-acdf67d81bba,1741588200000000000,1741588920000000000,,,,,1.08382,False,
O-20250310-064500-001-V2-1177,BACKTESTER-001,MLSignalStrategyV2-V2,EUR/USD.IDEALPRO,IDEALPRO-1-1177,EUR/USD.IDEALPRO-MLSignalStrategyV2-V2,IDEALPRO-001,IDEALPRO-1-135664,MARKET,SELL,100000.00,GTC,False,False,100000.00,TAKER,1.0841,0.0,['2.17 USD'],NO_TRIGGER,FILLED,OTO,OL-20250310-064500-001-V2-393,"['O-20250310-064500-001-V2-1178', 'O-20250310-064500-001-V2-1179']",,,,,['V2_POS1'],c1b8fe90-95f2-4bb0-8844-85276925ad6a,1741589100000000000,1741589100000000000,,,,,,,
O-20250310-064500-001-V2-1178,BACKTESTER-001,MLSignalStrategyV2-V2,EUR/USD.IDEALPRO,IDEALPRO-1-1178,EUR/USD.IDEALPRO-MLSignalStrategyV2-V2,IDEALPRO-001,,STOP_MARKET,BUY,100000.00,GTC,True,False,0.00,NO_LIQUIDITY_SIDE,,,,NO_TRIGGER,CANCELED,OUO,OL-20250310-064500-001-V2-393,['O-20250310-064500-001-V2-1179'],O-20250310-064500-001-V2-1177,,,,['V2_POS1_SL'],7ebcadcd-ba22-4fe7-abe4-737022047d35,1741589100000000000,1741589400000000000,1.08454,DEFAULT,,,,,
O-20250310-064500-001-V2-1179,BACKTESTER-001,MLSignalStrategyV2-V2,EUR/USD.IDEALPRO,IDEALPRO-1-1179,EUR/USD.IDEALPRO-MLSignalStrategyV2-V2,IDEALPRO-001,IDEALPRO-1-135675,LIMIT,BUY,100000.00,GTC,True,False,100000.00,MAKER,1.08365,-1.0000000000065512e-05,['2.17 USD'],NO_TRIGGER,FILLED,OUO,OL-20250310-064500-001-V2-393,['O-20250310-064500-001-V2-1178'],O-20250310-064500-001-V2-1177,,,,['V2_POS1_TP'],868d2420-30a1-4fbe-9911-f41fb0be0c3a,1741589100000000000,1741589400000000000,,,,,1.08366,False,
O-20250310-070000-001-V2-1180,BACKTESTER-001,MLSignalStrategyV2-V2,EUR/USD.IDEALPRO,IDEALPRO-1-1180,EUR/USD.IDEALPRO-MLSignalStrategyV2-V2,IDEALPRO-001,IDEALPRO-1-135696,MARKET,SELL,100000.00,GTC,False,False,100000.00,TAKER,1.08373,0.0,['2.17 USD'],NO_TRIGGER,FILLED,OTO,OL-20250310-070000-001-V2-394,"['O-20250310-070000-001-V2-1181', 'O-20250310-070000-001-V2-1182']",,,,,['V2_POS1'],4033805d-4bdb-4e28-a1ca-03139c761d87,1741590000000000000,1741590000000000000,,,,,,,
O-20250310-070000-001-V2-1181,BACKTESTER-001,MLSignalStrategyV2-V2,EUR/USD.IDEALPRO,IDEALPRO-1-1181,EUR/USD.IDEALPRO-MLSignalStrategyV2-V2,IDEALPRO-001,IDEALPRO-1-135707,STOP_MARKET,BUY,100000.00,GTC,True,False,100000.00,TAKER,1.0842,1.0000000000065512e-05,['2.17 USD'],NO_TRIGGER,FILLED,OUO,OL-20250310-070000-001-V2-394,['O-20250310-070000-001-V2-1182'],O-20250310-070000-001-V2-1180,,,,['V2_POS1_SL'],6f44aa58-bc7b-4329-9520-8c85de0aff6b,1741590000000000000,1741590300000000000,1.08419,DEFAULT,,,,,
O-20250310-070000-001-V2-1182,BACKTESTER-001,MLSignalStrategyV2-V2,EUR/USD.IDEALPRO,IDEALPRO-1-1182,EUR/USD.IDEALPRO-MLSignalStrategyV2-V2,IDEALPRO-001,,LIMIT,BUY,100000.00,GTC,True,False,0.00,NO_LIQUIDITY_SIDE,,,,NO_TRIGGER,CANCELED,OUO,OL-20250310-070000-001-V2-394,['O-20250310-070000-001-V2-1181'],O-20250310-070000-001-V2-1180,,,,['V2_POS1_TP'],1fae0df1-a9c7-4933-884b-a35bfd6c2fb4,1741590000000000000,1741590300000000000,,,,,1.08329,False,
O-20250310-071500-001-V2-1183,BACKTESTER-001,MLSignalStrategyV2-V2,EUR/USD.IDEALPRO,IDEALPRO-1-1183,EUR/USD.IDEALPRO-MLSignalStrategyV2-V2,IDEALPRO-001,IDEALPRO-1-135728,MARKET,SELL,100000.00,GTC,False,False,100000.00,TAKER,1.0837,0.0,['2.17 USD'],NO_TRIGGER,FILLED,OTO,OL-20250310-071500-001-V2-395,"['O-20250310-071500-001-V2-1184', 'O-20250310-071500-001-V2-1185']",,,,,['V2_POS1'],0ba8b7c4-e3e2-497a-97e9-dcbc42e322bf,1741590900000000000,1741590900000000000,,,,,,,
O-20250310-071500-001-V2-1184,BACKTESTER-001,MLSignalStrategyV2-V2,EUR/USD.IDEALPRO,IDEALPRO-1-1184,EUR/USD.IDEALPRO-MLSignalStrategyV2-V2,IDEALPRO-001,,STOP_MARKET,BUY,100000.00,GTC,True,False,0.00,NO_LIQUIDITY_SIDE,,,,NO_TRIGGER,CANCELED,OUO,OL-20250310-071500-001-V2-395,['O-20250310-071500-001-V2-1185'],O-20250310-071500-001-V2-1183,,,,['V2_POS1_SL'],ebc77811-561f-45b9-b846-75849a85e29a,1741590900000000000,1741591440000000000,1.08419,DEFAULT,,,,,
O-20250310-071500-001-V2-1185,BACKTESTER-001,MLSignalStrategyV2-V2,EUR/USD.IDEALPRO,IDEALPRO-1-1185,EUR/USD.IDEALPRO-MLSignalStrategyV2-V2,IDEALPRO-001,IDEALPRO-1-135747,LIMIT,BUY,100000.00,GTC,True,False,100000.00,MAKER,1.08309,-0.00011999999999989797,['2.17 USD'],NO_TRIGGER,FILLED,OUO,OL-20250310-071500-001-V2-395,['O-20250310-071500-001-V2-1184'],O-20250310-071500-001-V2-1183,,,,['V2_POS1_TP'],1080b06c-e706-43f5-8dfc-edbfec99b84d,1741590900000000000,1741591440000000000,,,,,1.08321,False,
O-20250310-081500-001-V2-1186,BACKTESTER-001,MLSignalStrategyV2-V2,EUR/USD.IDEALPRO,IDEALPRO-1-1186,EUR/USD.IDEALPRO-MLSignalStrategyV2-V2,IDEALPRO-001,IDEALPRO-1-135850,MARKET,BUY,100000.00,GTC,False,False,100000.00,TAKER,1.08115,0.0,['2.16 USD'],NO_TRIGGER,FILLED,OTO,OL-20250310-081500-001-V2-396,"['O-20250310-081500-001-V2-1187', 'O-20250310-081500-001-V2-1188']",,,,,['V2_POS1'],7ddafa59-4f89-4d05-877a-15bc2061e157,1741594500000000000,1741594500000000000,,,,,,,
O-20250310-081500-001-V2-1187,BACKTESTER-001,MLSignalStrategyV2-V2,EUR/USD.IDEALPRO,IDEALPRO-1-1187,EUR/USD.IDEALPRO-MLSignalStrategyV2-V2,IDEALPRO-001,,STOP_MARKET,SELL,100000.00,GTC,True,False,0.00,NO_LIQUIDITY_SIDE,,,,NO_TRIGGER,CANCELED,OUO,OL-20250310-081500-001-V2-396,['O-20250310-081500-001-V2-1188'],O-20250310-081500-001-V2-1186,,,,['V2_POS1_SL'],34eade79-0bfe-4850-84f3-eec0860053d0,1741594500000000000,1741595220000000000,1.08033,DEFAULT,,,,,
O-20250310-081500-001-V2-1188,BACKTESTER-001,MLSignalStrategyV2-V2,EUR/USD.IDEALPRO,IDEALPRO-1-1188,EUR/USD.IDEALPRO-MLSignalStrategyV2-V2,IDEALPRO-001,IDEALPRO-1-135875,LIMIT,SELL,100000.00,GTC,True,False,100000.00,MAKER,1.08197,0.0,['2.16 USD'],NO_TRIGGER,FILLED,OUO,OL-20250310-081500-001-V2-396,['O-20250310-081500-001-V2-1187'],O-20250310-081500-001-V2-1186,,,,['V2_POS1_TP'],3ea13096-da32-4bf8-99e5-aa14c8481b4f,1741594500000000000,1741595220000000000,,,,,1.08197,False,
O-20250310-083000-001-V2-1189,BACKTESTER-001,MLSignalStrategyV2-V2,EUR/USD.IDEALPRO,IDEALPRO-1-1189,EUR/USD.IDEALPRO-MLSignalStrategyV2-V2,IDEALPRO-001,IDEALPRO-1-135882,MARKET,BUY,100000.00,GTC,False,False,100000.00,TAKER,1.08186,0.0,['2.16 USD'],NO_TRIGGER,FILLED,OTO,OL-20250310-083000-001-V2-397,"['O-20250310-083000-001-V2-1190', 'O-20250310-083000-001-V2-1191']",,,,,['V2_POS1'],b7ded735-f422-4262-abdb-78e5568622f8,1741595400000000000,1741595400000000000,,,,,,,
O-20250310-083000-001-V2-1190,BACKTESTER-001,MLSignalStrategyV2-V2,EUR/USD.IDEALPRO,IDEALPRO-1-1190,EUR/USD.IDEALPRO-MLSignalStrategyV2-V2,IDEALPRO-001,IDEALPRO-1-135929,STOP_MARKET,SELL,100000.00,GTC,True,False,100000.00,TAKER,1.08102,0.0,['2.16 USD'],NO_TRIGGER,FILLED,OUO,OL-20250310-083000-001-V2-397,['O-20250310-083000-001-V2-1191'],O-20250310-083000-001-V2-1189,,,,['V2_POS1_SL'],11cae120-c040-48b7-a32a-b586653d746a,1741595400000000000,1741596780000000000,1.08102,DEFAULT,,,,,
O-20250310-083000-001-V2-1191,BACKTESTER-001,MLSignalStrategyV2-V2,EUR/USD.IDEALPRO,IDEALPRO-1-1191,EUR/USD.IDEALPRO-MLSignalStrategyV2-V2,IDEALPRO-001,,LIMIT,SELL,100000.00,GTC,True,False,0.00,NO_LIQUIDITY_SIDE,,,,NO_TRIGGER,CANCELED,OUO,OL-20250310-083000-001-V2-397,['O-20250310-083000-001-V2-1190'],O-20250310-083000-001-V2-1189,,,,['V2_POS1_TP'],256aeec4-d15a-46e2-bc50-10bba52db657,1741595400000000000,1741596780000000000,,,,,1.08270,False,
O-20250310-173000-001-V2-1192,BACKTESTER-001,MLSignalStrategyV2-V2,EUR/USD.IDEALPRO,IDEALPRO-1-1192,EUR/USD.IDEALPRO-MLSignalStrategyV2-V2,IDEALPRO-001,IDEALPRO-1-136965,MARKET,BUY,100000.00,GTC,False,False,100000.00,TAKER,1.08367,0.0,['2.17 USD'],NO_TRIGGER,FILLED,OTO,OL-20250310-173000-001-V2-398,"['O-20250310-173000-001-V2-1193', 'O-20250310-173000-001-V2-1194']",,,,,['V2_POS1'],75a2e59c-445f-4cc3-9e35-c706e93c6102,1741627800000000000,1741627800000000000,,,,,,,
O-20250310-173000-001-V2-1193,BACKTESTER-001,MLSignalStrategyV2-V2,EUR/USD.IDEALPRO,IDEALPRO-1-1193,EUR/USD.IDEALPRO-MLSignalStrategyV2-V2,IDEALPRO-001,,STOP_MARKET,SELL,100000.00,GTC,True,False,0.00,NO_LIQUIDITY_SIDE,,,,NO_TRIGGER,CANCELED,OUO,OL-20250310-173000-001-V2-398,['O-20250310-173000-001-V2-1194'],O-20250310-173000-001-V2-1192,,,,['V2_POS1_SL'],a9a71455-14f5-4af3-bf9a-5f339cbccc28,1741627800000000000,1741628940000000000,1.08287,DEFAULT,,,,,
O-20250310-173000-001-V2-1194,BACKTESTER-001,MLSignalStrategyV2-V2,EUR/USD.IDEALPRO,IDEALPRO-1-1194,EUR/USD.IDEALPRO-MLSignalStrategyV2-V2,IDEALPRO-001,IDEALPRO-1-137003,LIMIT,SELL,100000.00,GTC,True,False,100000.00,MAKER,1.08456,-8.999999999992347e-05,['2.17 USD'],NO_TRIGGER,FILLED,OUO,OL-20250310-173000-001-V2-398,['O-20250310-173000-001-V2-1193'],O-20250310-173000-001-V2-1192,,,,['V2_POS1_TP'],5822c013-c71e-4d15-a5de-b835f5cfae17,1741627800000000000,1741628940000000000,,,,,1.08447,False,
O-20250310-194500-001-V2-1195,BACKTESTER-001,MLSignalStrategyV2-V2,EUR/USD.IDEALPRO,IDEALPRO-1-1195,EUR/USD.IDEALPRO-MLSignalStrategyV2-V2,IDEALPRO-001,IDEALPRO-1-137237,MARKET,BUY,100000.00,GTC,False,False,100000.00,TAKER,1.08255,0.0,['2.17 USD'],NO_TRIGGER,FILLED,OTO,OL-20250310-194500-001-V2-399,"['O-20250310-194500-001-V2-1196', 'O-20250310-194500-001-V2-1197']",,,,,['V2_POS1'],bbef6632-0e28-47e4-a1f1-69ec7bec4e88,1741635900000000000,1741635900000000000,,,,,,,
O-20250310-194500-001-V2-1196,BACKTESTER-001,MLSignalStrategyV2-V2,EUR/USD.IDEALPRO,IDEALPRO-1-1196,EUR/USD.IDEALPRO-MLSignalStrategyV2-V2,IDEALPRO-001,,STOP_MARKET,SELL,100000.00,GTC,True,False,0.00,NO_LIQUIDITY_SIDE,,,,NO_TRIGGER,CANCELED,OUO,OL-20250310-194500-001-V2-399,['O-20250310-194500-001-V2-1197'],O-20250310-194500-001-V2-1195,,,,['V2_POS1_SL'],76728816-5dc2-4e0a-bf64-984409695df9,1741635900000000000,1741636860000000000,1.08178,DEFAULT,,,,,
O-20250310-194500-001-V2-1197,BACKTESTER-001,MLSignalStrategyV2-V2,EUR/USD.IDEALPRO,IDEALPRO-1-1197,EUR/USD.IDEALPRO-MLSignalStrategyV2-V2,IDEALPRO-001,IDEALPRO-1-137269,LIMIT,SELL,100000.00,GTC,True,False,100000.00,MAKER,1.08344,-0.00011999999999989797,['2.17 USD'],NO_TRIGGER,FILLED,OUO,OL-20250310-194500-001-V2-399,['O-20250310-194500-001-V2-1196'],O-20250310-194500-001-V2-1195,,,,['V2_POS1_TP'],97443379-2784-4894-b6d0-c9e4e46c6961,1741635900000000000,1741636860000000000,,,,,1.08332,False,
O-20250310-230000-001-V2-1198,BACKTESTER-001,MLSignalStrategyV2-V2,EUR/USD.IDEALPRO,IDEALPRO-1-1198,EUR/USD.IDEALPRO-MLSignalStrategyV2-V2,IDEALPRO-001,IDEALPRO-1-137598,MARKET,SELL,100000.00,GTC,False,False,100000.00,TAKER,1.08349,0.0,['2.17 USD'],NO_TRIGGER,FILLED,OTO,OL-20250310-230000-001-V2-400,"['O-20250310-230000-001-V2-1199', 'O-20250310-230000-001-V2-1200']",,,,,['V2_POS1'],5038800c-e563-4e89-acd3-24751a02885d,1741647600000000000,1741647600000000000,,,,,,,
O-20250310-230000-001-V2-1199,BACKTESTER-001,MLSignalStrategyV2-V2,EUR/USD.IDEALPRO,IDEALPRO-1-1199,EUR/USD.IDEALPRO-MLSignalStrategyV2-V2,IDEALPRO-001,IDEALPRO-1-137607,STOP_MARKET,BUY,100000.00,GTC,True,False,100000.00,TAKER,1.08403,0.000140000000000029,['2.17 USD'],NO_TRIGGER,FILLED,OUO,OL-20250310-230000-001-V2-400,['O-20250310-230000-001-V2-1200'],O-20250310-230000-001-V2-1198,,,,['V2_POS1_SL'],a80713b3-b1ce-4b11-81de-784fee7f3182,1741647600000000000,1741647840000000000,1.08389,DEFAULT,,,,,
O-20250310-230000-001-V2-1200,BACKTESTER-001,MLSignalStrategyV2-V2,EUR/USD.IDEALPRO,IDEALPRO-1-1200,EUR/USD.IDEALPRO-MLSignalStrategyV2-V2,IDEALPRO-001,,LIMIT,BUY,100000.00,GTC,True,False,0.00,NO_LIQUIDITY_SIDE,,,,NO_TRIGGER,CANCELED,OUO,OL-20250310-230000-001-V2-400,['O-20250310-230000-001-V2-1199'],O-20250310-230000-001-V2-1198,,,,['V2_POS1_TP'],fe3be933-9214-41ed-a856-2e9705ef8858,1741647600000000000,1741647840000000000,,,,,1.08309,False,
O-20250311-071500-001-V2-1201,BACKTESTER-001,MLSignalStrategyV2-V2,EUR/USD.IDEALPRO,IDEALPRO-1-1201,EUR/USD.IDEALPRO-MLSignalStrategyV2-V2,IDEALPRO-001,IDEALPRO-1-138590,MARKET,BUY,100000.00,GTC,False,False,100000.00,TAKER,1.08723,0.0,['2.17 USD'],NO_TRIGGER,FILLED,OTO,OL-20250311-071500-001-V2-401,"['O-20250311-071500-001-V2-1202', 'O-20250311-071500-001-V2-1203']",,,,,['V2_POS1'],89d39c2d-faeb-4a54-b5b8-22e61519b248,1741677300000000000,1741677300000000000,,,,,,,
O-20250311-071500-001-V2-1202,BACKTESTER-001,MLSignalStrategyV2-V2,EUR/USD.IDEALPRO,IDEALPRO-1-1202,EUR/USD.IDEALPRO-MLSignalStrategyV2-V2,IDEALPRO-001,,STOP_MARKET,SELL,100000.00,GTC,True,False,0.00,NO_LIQUIDITY_SIDE,,,,NO_TRIGGER,CANCELED,OUO,OL-20250311-071500-001-V2-401,['O-20250311-071500-001-V2-1203'],O-20250311-071500-001-V2-1201,,,,['V2_POS1_SL'],f9af82aa-08ce-44fe-ad65-fa6c992c1d4c,1741677300000000000,1741677960000000000,1.08632,DEFAULT,,,,,
O-20250311-071500-001-V2-1203,BACKTESTER-001,MLSignalStrategyV2-V2,EUR/USD.IDEALPRO,IDEALPRO-1-1203,EUR/USD.IDEALPRO-MLSignalStrategyV2-V2,IDEALPRO-001,IDEALPRO-1-138613,LIMIT,SELL,100000.00,GTC,True,False,100000.00,MAKER,1.08812,0.0,['2.18 USD'],NO_TRIGGER,FILLED,OUO,OL-20250311-071500-001-V2-401,['O-20250311-071500-001-V2-1202'],O-20250311-071500-001-V2-1201,,,,['V2_POS1_TP'],794920e7-98b8-4373-a19b-f652437e2f5f,1741677300000000000,1741677960000000000,,,,,1.08812,False,
O-20250311-090000-001-V2-1204,BACKTESTER-001,MLSignalStrategyV2-V2,EUR/USD.IDEALPRO,IDEALPRO-1-1204,EUR/USD.IDEALPRO-MLSignalStrategyV2-V2,IDEALPRO-001,IDEALPRO-1-138802,MARKET,SELL,100000.00,GTC,False,False,100000.00,TAKER,1.09171,0.0,['2.18 USD'],NO_TRIGGER,FILLED,OTO,OL-20250311-090000-001-V2-402,"['O-20250311-090000-001-V2-1205', 'O-20250311-090000-001-V2-1206']",,,,,['V2_POS1'],dd3498de-1790-4eb9-90f4-5a663a17ca01,1741683600000000000,1741683600000000000,,,,,,,
O-20250311-090000-001-V2-1205,BACKTESTER-001,MLSignalStrategyV2-V2,EUR/USD.IDEALPRO,IDEALPRO-1-1205,EUR/USD.IDEALPRO-MLSignalStrategyV2-V2,IDEALPRO-001,,STOP_MARKET,BUY,100000.00,GTC,True,False,0.00,NO_LIQUIDITY_SIDE,,,,NO_TRIGGER,CANCELED,OUO,OL-20250311-090000-001-V2-402,['O-20250311-090000-001-V2-1206'],O-20250311-090000-001-V2-1204,,,,['V2_POS1_SL'],3d361d65-3edd-4344-b723-c9b82fa06296,1741683600000000000,1741684620000000000,1.09275,DEFAULT,,,,,
O-20250311-090000-001-V2-1206,BACKTESTER-001,MLSignalStrategyV2-V2,EUR/USD.IDEALPRO,IDEALPRO-1-1206,EUR/USD.IDEALPRO-MLSignalStrategyV2-V2,IDEALPRO-001,IDEALPRO-1-138837,LIMIT,BUY,100000.00,GTC,True,False,100000.00,MAKER,1.09065,-2.0000000000131024e-05,['2.18 USD'],NO_TRIGGER,FILLED,OUO,OL-20250311-090000-001-V2-402,['O-20250311-090000-001-V2-1205'],O-20250311-090000-001-V2-1204,,,,['V2_POS1_TP'],1602ceb8-7fb3-47c7-81c3-a4d167fc7184,1741683600000000000,1741684620000000000,,,,,1.09067,False,
O-20250311-101500-001-V2-1207,BACKTESTER-001,MLSignalStrategyV2-V2,EUR/USD.IDEALPRO,IDEALPRO-1-1207,EUR/USD.IDEALPRO-MLSignalStrategyV2-V2,IDEALPRO-001,IDEALPRO-1-138954,MARKET,SELL,100000.00,GTC,False,False,100000.00,TAKER,1.08953,0.0,['2.18 USD'],NO_TRIGGER,FILLED,OTO,OL-20250311-101500-001-V2-403,"['O-20250311-101500-001-V2-1208', 'O-20250311-101500-001-V2-1209']",,,,,['V2_POS1'],564a8b78-bf0b-427b-98c3-d90f8c0a4890,1741688100000000000,1741688100000000000,,,,,,,
O-20250311-101500-001-V2-1208,BACKTESTER-001,MLSignalStrategyV2-V2,EUR/USD.IDEALPRO,IDEALPRO-1-1208,EUR/USD.IDEALPRO-MLSignalStrategyV2-V2,IDEALPRO-001,,STOP_MARKET,BUY,100000.00,GTC,True,False,0.00,NO_LIQUIDITY_SIDE,,,,NO_TRIGGER,CANCELED,OUO,OL-20250311-101500-001-V2-403,['O-20250311-101500-001-V2-1209'],O-20250311-101500-001-V2-1207,,,,['V2_POS1_SL'],30d29240-0f04-4f33-b203-c8ee0bd85888,1741688100000000000,1741689300000000000,1.09064,DEFAULT,,,,,
O-20250311-101500-001-V2-1209,BACKTESTER-001,MLSignalStrategyV2-V2,EUR/USD.IDEALPRO,IDEALPRO-1-1209,EUR/USD.IDEALPRO-MLSignalStrategyV2-V2,IDEALPRO-001,IDEALPRO-1-138995,LIMIT,BUY,100000.00,GTC,True,False,100000.00,MAKER,1.08825,-0.00017000000000000348,['2.18 USD'],NO_TRIGGER,FILLED,OUO,OL-20250311-101500-001-V2-403,['O-20250311-101500-001-V2-1208'],O-20250311-101500-001-V2-1207,,,,['V2_POS1_TP'],26f3ccc1-03cb-4ce0-af81-a040750eb4e3,1741688100000000000,1741689300000000000,,,,,1.08842,False,
O-20250311-111500-001-V2-1210,BACKTESTER-001,MLSignalStrategyV2-V2,EUR/USD.IDEALPRO,IDEALPRO-1-1210,EUR/USD.IDEALPRO-MLSignalStrategyV2-V2,IDEALPRO-001,IDEALPRO-1-139077,MARKET,BUY,100000.00,GTC,False,False,100000.00,TAKER,1.08862,0.0,['2.18 USD'],NO_TRIGGER,FILLED,OTO,OL-20250311-111500-001-V2-404,"['O-20250311-111500-001-V2-1211', 'O-20250311-111500-001-V2-1212']",,,,,['V2_POS1'],7682dff1-f8ae-47a5-851a-5296a867b7d4,1741691700000000000,1741691700000000000,,,,,,,
O-20250311-111500-001-V2-1211,BACKTESTER-001,MLSignalStrategyV2-V2,EUR/USD.IDEALPRO,IDEALPRO-1-1211,EUR/USD.IDEALPRO-MLSignalStrategyV2-V2,IDEALPRO-001,,STOP_MARKET,SELL,100000.00,GTC,True,False,0.00,NO_LIQUIDITY_SIDE,,,,NO_TRIGGER,CANCELED,OUO,OL-20250311-111500-001-V2-404,['O-20250311-111500-001-V2-1212'],O-20250311-111500-001-V2-1210,,,,['V2_POS1_SL'],97ecbc6d-bd67-4b1c-902d-d36337df74ff,1741691700000000000,1741692600000000000,1.08761,DEFAULT,,,,,
O-20250311-111500-001-V2-1212,BACKTESTER-001,MLSignalStrategyV2-V2,EUR/USD.IDEALPRO,IDEALPRO-1-1212,EUR/USD.IDEALPRO-MLSignalStrategyV2-V2,IDEALPRO-001,IDEALPRO-1-139107,LIMIT,SELL,100000.00,GTC,True,False,100000.00,MAKER,1.08964,-9.999999999843467e-06,['2.18 USD'],NO_TRIGGER,FILLED,OUO,OL-20250311-111500-001-V2-404,['O-20250311-111500-001-V2-1211'],O-20250311-111500-001-V2-1210,,,,['V2_POS1_TP'],18e26283-ae9d-4f81-9497-b2042f559cf3,1741691700000000000,1741692600000000000,,,,,1.08963,False,
O-20250311-160000-001-V2-1213,BACKTESTER-001,MLSignalStrategyV2-V2,EUR/USD.IDEALPRO,IDEALPRO-1-1213,EUR/USD.IDEALPRO-MLSignalStrategyV2-V2,IDEALPRO-001,IDEALPRO-1-139648,MARKET,BUY,100000.00,GTC,False,False,100000.00,TAKER,1.09272,0.0,['2.19 USD'],NO_TRIGGER,FILLED,OTO,OL-20250311-160000-001-V2-405,"['O-20250311-160000-001-V2-1214', 'O-20250311-160000-001-V2-1215']",,,,,['V2_POS1'],0a95d8c3-efb5-45d0-8c6e-7f3d1ec89b84,1741708800000000000,1741708800000000000,,,,,,,
O-20250311-160000-001-V2-1214,BACKTESTER-001,MLSignalStrategyV2-V2,EUR/USD.IDEALPRO,IDEALPRO-1-1214,EUR/USD.IDEALPRO-MLSignalStrategyV2-V2,IDEALPRO-001,IDEALPRO-1-139671,STOP_MARKET,SELL,100000.00,GTC,True,False,100000.00,TAKER,1.0918,4.999999999988347e-05,['2.18 USD'],NO_TRIGGER,FILLED,OUO,OL-20250311-160000-001-V2-405,['O-20250311-160000-001-V2-1215'],O-20250311-160000-001-V2-1213,,,,['V2_POS1_SL'],16427f63-f062-4009-82bd-12994d099e67,1741708800000000000,1741709460000000000,1.09185,DEFAULT,,,,,
O-20250311-160000-001-V2-1215,BACKTESTER-001,MLSignalStrategyV2-V2,EUR/USD.IDEALPRO,IDEALPRO-1-1215,EUR/USD.IDEALPRO-MLSignalStrategyV2-V2,IDEALPRO-001,,LIMIT,SELL,100000.00,GTC,True,False,0.00,NO_LIQUIDITY_SIDE,,,,NO_TRIGGER,CANCELED,OUO,OL-20250311-160000-001-V2-405,['O-20250311-160000-001-V2-1214'],O-20250311-160000-001-V2-1213,,,,['V2_POS1_TP'],2f5e46d2-d9ca-4a07-8349-1fa17b3720d7,1741708800000000000,1741709460000000000,,,,,1.09359,False,
O-20250311-161500-001-V2-1216,BACKTESTER-001,MLSignalStrategyV2-V2,EUR/USD.IDEALPRO,IDEALPRO-1-1216,EUR/USD.IDEALPRO-MLSignalStrategyV2-V2,IDEALPRO-001,IDEALPRO-1-139680,MARKET,BUY,100000.00,GTC,False,False,100000.00,TAKER,1.0924,0.0,['2.18 USD'],NO_TRIGGER,FILLED,OTO,OL-20250311-161500-001-V2-406,"['O-20250311-161500-001-V2-1217', 'O-20250311-161500-001-V2-1218']",,,,,['V2_POS1'],ab278ee2-65a6-44c5-84fb-e5a268b351a9,1741709700000000000,1741709700000000000,,,,,,,
O-20250311-161500-001-V2-1217,BACKTESTER-001,MLSignalStrategyV2-V2,EUR/USD.IDEALPRO,IDEALPRO-1-1217,EUR/USD.IDEALPRO-MLSignalStrategyV2-V2,IDEALPRO-001,,STOP_MARKET,SELL,100000.00,GTC,True,False,0.00,NO_LIQUIDITY_SIDE,,,,NO_TRIGGER,CANCELED,OUO,OL-20250311-161500-001-V2-406,['O-20250311-161500-001-V2-1218'],O-20250311-161500-001-V2-1216,,,,['V2_POS1_SL'],7d845da8-bbb9-4bec-804e-0354310ebebf,1741709700000000000,1741714260000000000,1.09152,DEFAULT,,,,,
O-20250311-161500-001-V2-1218,BACKTESTER-001,MLSignalStrategyV2-V2,EUR/USD.IDEALPRO,IDEALPRO-1-1218,EUR/USD.IDEALPRO-MLSignalStrategyV2-V2,IDEALPRO-001,IDEALPRO-1-139833,LIMIT,SELL,100000.00,GTC,True,False,100000.00,MAKER,1.09329,-3.0000000000196536e-05,['2.19 USD'],NO_TRIGGER,FILLED,OUO,OL-20250311-161500-001-V2-406,['O-20250311-161500-001-V2-1217'],O-20250311-161500-001-V2-1216,,,,['V2_POS1_TP'],2b947125-6ece-4865-9f94-cb84f3440a21,1741709700000000000,1741714260000000000,,,,,1.09326,False,
O-20250311-174500-001-V2-1219,BACKTESTER-001,MLSignalStrategyV2-V2,EUR/USD.IDEALPRO,IDEALPRO-1-1219,EUR/USD.IDEALPRO-MLSignalStrategyV2-V2,IDEALPRO-001,IDEALPRO-1-139862,MARKET,BUY,100000.00,GTC,False,False,100000.00,TAKER,1.09268,0.0,['2.19 USD'],NO_TRIGGER,FILLED,OTO,OL-20250311-174500-001-V2-407,"['O-20250311-174500-001-V2-1220', 'O-20250311-174500-001-V2-1221']",,,,,['V2_POS1'],ac535180-9171-42c1-9ecf-8ec94652338f,1741715100000000000,1741715100000000000,,,,,,,
O-20250311-174500-001-V2-1220,BACKTESTER-001,MLSignalStrategyV2-V2,EUR/USD.IDEALPRO,IDEALPRO-1-1220,EUR/USD.IDEALPRO-MLSignalStrategyV2-V2,IDEALPRO-001,,STOP_MARKET,SELL,100000.00,GTC,True,False,0.00,NO_LIQUIDITY_SIDE,,,,NO_TRIGGER,CANCELED,OUO,OL-20250311-174500-001-V2-407,['O-20250311-174500-001-V2-1221'],O-20250311-174500-001-V2-1219,,,,['V2_POS1_SL'],1c7876f0-9a82-4ace-9752-15c2be666a3a,1741715100000000000,1741716000000000000,1.09202,DEFAULT,,,,,
O-20250311-174500-001-V2-1221,BACKTESTER-001,MLSignalStrategyV2-V2,EUR/USD.IDEALPRO,IDEALPRO-1-1221,EUR/USD.IDEALPRO-MLSignalStrategyV2-V2,IDEALPRO-001,IDEALPRO-1-139893,LIMIT,SELL,100000.00,GTC,True,False,100000.00,MAKER,1.09349,-0.0001500000000000945,['2.19 USD'],NO_TRIGGER,FILLED,OUO,OL-20250311-174500-001-V2-407,['O-20250311-174500-001-V2-1220'],O-20250311-174500-001-V2-1219,,,,['V2_POS1_TP'],28a83d04-2b30-4890-9164-6dd931c318bc,1741715100000000000,1741716000000000000,,,,,1.09334,False,
O-20250311-223000-001-V2-1222,BACKTESTER-001,MLSignalStrategyV2-V2,EUR/USD.IDEALPRO,IDEALPRO-1-1222,EUR/USD.IDEALPRO-MLSignalStrategyV2-V2,IDEALPRO-001,IDEALPRO-1-140404,MARKET,SELL,100000.00,GTC,False,False,100000.00,TAKER,1.09153,0.0,['2.18 USD'],NO_TRIGGER,FILLED,OTO,OL-20250311-223000-001-V2-408,"['O-20250311-223000-001-V2-1223', 'O-20250311-223000-001-V2-1224']",,,,,['V2_POS1'],bb161c69-e367-40e4-90fc-f376197ff0c8,1741732200000000000,1741732200000000000,,,,,,,
O-20250311-223000-001-V2-1223,BACKTESTER-001,MLSignalStrategyV2-V2,EUR/USD.IDEALPRO,IDEALPRO-1-1223,EUR/USD.IDEALPRO-MLSignalStrategyV2-V2,IDEALPRO-001,,STOP_MARKET,BUY,100000.00,GTC,True,False,0.00,NO_LIQUIDITY_SIDE,,,,NO_TRIGGER,CANCELED,OUO,OL-20250311-223000-001-V2-408,['O-20250311-223000-001-V2-1224'],O-20250311-223000-001-V2-1222,,,,['V2_POS1_SL'],c5be894b-a268-432d-909f-3b8077169c40,1741732200000000000,1741739640000000000,1.09200,DEFAULT,,,,,
O-20250311-223000-001-V2-1224,BACKTESTER-001,MLSignalStrategyV2-V2,EUR/USD.IDEALPRO,IDEALPRO-1-1224,EUR/USD.IDEALPRO-MLSignalStrategyV2-V2,IDEALPRO-001,IDEALPRO-1-140653,LIMIT,BUY,100000.00,GTC,True,False,100000.00,MAKER,1.09095,-0.00010999999999983245,['2.18 USD'],NO_TRIGGER,FILLED,OUO,OL-20250311-223000-001-V2-408,['O-20250311-223000-001-V2-1223'],O-20250311-223000-001-V2-1222,,,,['V2_POS1_TP'],3d181819-5372-4809-9861-57467ea56af5,1741732200000000000,1741739640000000000,,,,,1.09106,False,
O-20250312-020000-001-V2-1225,BACKTESTER-001,MLSignalStrategyV2-V2,EUR/USD.IDEALPRO,IDEALPRO-1-1225,EUR/USD.IDEALPRO-MLSignalStrategyV2-V2,IDEALPRO-001,IDEALPRO-1-140826,MARKET,SELL,100000.00,GTC,False,False,100000.00,TAKER,1.09064,0.0,['2.18 USD'],NO_TRIGGER,FILLED,OTO,OL-20250312-020000-001-V2-409,"['O-20250312-020000-001-V2-1226', 'O-20250312-020000-001-V2-1227']",,,,,['V2_POS1'],9a9d2980-edae-42bd-a2fc-cc691f68941b,1741744800000000000,1741744800000000000,,,,,,,
O-20250312-020000-001-V2-1226,BACKTESTER-001,MLSignalStrategyV2-V2,EUR/USD.IDEALPRO,IDEALPRO-1-1226,EUR/USD.IDEALPRO-MLSignalStrategyV2-V2,IDEALPRO-001,IDEALPRO-1-140839,STOP_MARKET,BUY,100000.00,GTC,True,False,100000.00,TAKER,1.09101,0.0,['2.18 USD'],NO_TRIGGER,FILLED,OUO,OL-20250312-020000-001-V2-409,['O-20250312-020000-001-V2-1227'],O-20250312-020000-001-V2-1225,,,,['V2_POS1_SL'],d2b674ac-2eba-4eee-b2b4-e887416b5baa,1741744800000000000,1741745160000000000,1.09101,DEFAULT,,,,,
O-20250312-020000-001-V2-1227,BACKTESTER-001,MLSignalStrategyV2-V2,EUR/USD.IDEALPRO,IDEALPRO-1-1227,EUR/USD.IDEALPRO-MLSignalStrategyV2-V2,IDEALPRO-001,,LIMIT,BUY,100000.00,GTC,True,False,0.00,NO_LIQUIDITY_SIDE,,,,NO_TRIGGER,CANCELED,OUO,OL-20250312-020000-001-V2-409,['O-20250312-020000-001-V2-1226'],O-20250312-020000-001-V2-1225,,,,['V2_POS1_TP'],53b3603a-77e0-441e-acf2-9129db963481,1741744800000000000,1741745160000000000,,,,,1.09027,False,
O-20250312-021500-001-V2-1228,BACKTESTER-001,MLSignalStrategyV2-V2,EUR/USD.IDEALPRO,IDEALPRO-1-1228,EUR/USD.IDEALPRO-MLSignalStrategyV2-V2,IDEALPRO-001,IDEALPRO-1-140858,MARKET,SELL,100000.00,GTC,False,False,100000.00,TAKER,1.09106,0.0,['2.18 USD'],NO_TRIGGER,FILLED,OTO,OL-20250312-021500-001-V2-410,"['O-20250312-021500-001-V2-1229', 'O-20250312-021500-001-V2-1230']",,,,,['V2_POS1'],961e0b9f-3402-457c-97b8-3fb8489c0e9f,1741745700000000000,1741745700000000000,,,,,,,
O-20250312-021500-001-V2-1229,BACKTESTER-001,MLSignalStrategyV2-V2,EUR/USD.IDEALPRO,IDEALPRO-1-1229,EUR/USD.IDEALPRO-MLSignalStrategyV2-V2,IDEALPRO-001,,STOP_MARKET,BUY,100000.00,GTC,True,False,0.00,NO_LIQUIDITY_SIDE,,,,NO_TRIGGER,CANCELED,OUO,OL-20250312-021500-001-V2-410,['O-20250312-021500-001-V2-1230'],O-20250312-021500-001-V2-1228,,,,['V2_POS1_SL'],aa1a1c4f-00c0-4286-b087-e654c80c2cf0,1741745700000000000,1741746120000000000,1.09143,DEFAULT,,,,,
O-20250312-021500-001-V2-1230,BACKTESTER-001,MLSignalStrategyV2-V2,EUR/USD.IDEALPRO,IDEALPRO-1-1230,EUR/USD.IDEALPRO-MLSignalStrategyV2-V2,IDEALPRO-001,IDEALPRO-1-140873,LIMIT,BUY,100000.00,GTC,True,False,100000.00,MAKER,1.09068,-9.999999999843467e-06,['2.18 USD'],NO_TRIGGER,FILLED,OUO,OL-20250312-021500-001-V2-410,['O-20250312-021500-001-V2-1229'],O-20250312-021500-001-V2-1228,,,,['V2_POS1_TP'],357820b3-1689-4c0c-b950-7a90b3678548,1741745700000000000,1741746120000000000,,,,,1.09069,False,
O-20250312-030000-001-V2-1231,BACKTESTER-001,MLSignalStrategyV2-V2,EUR/USD.IDEALPRO,IDEALPRO-1-1231,EUR/USD.IDEALPRO-MLSignalStrategyV2-V2,IDEALPRO-001,IDEALPRO-1-140951,MARKET,SELL,100000.00,GTC,False,False,100000.00,TAKER,1.09039,0.0,['2.18 USD'],NO_TRIGGER,FILLED,OTO,OL-20250312-030000-001-V2-411,"['O-20250312-030000-001-V2-1232', 'O-20250312-030000-001-V2-1233']",,,,,['V2_POS1'],be3495c7-3952-483e-8eb8-e6ad6fa5476c,1741748400000000000,1741748400000000000,,,,,,,
O-20250312-030000-001-V2-1232,BACKTESTER-001,MLSignalStrategyV2-V2,EUR/USD.IDEALPRO,IDEALPRO-1-1232,EUR/USD.IDEALPRO-MLSignalStrategyV2-V2,IDEALPRO-001,,STOP_MARKET,BUY,100000.00,GTC,True,False,0.00,NO_LIQUIDITY_SIDE,,,,NO_TRIGGER,CANCELED,OUO,OL-20250312-030000-001-V2-411,['O-20250312-030000-001-V2-1233'],O-20250312-030000-001-V2-1231,,,,['V2_POS1_SL'],ba85992e-5d24-4d2a-b4df-63f30bfb0793,1741748400000000000,1741749600000000000,1.09076,DEFAULT,,,,,
O-20250312-030000-001-V2-1233,BACKTESTER-001,MLSignalStrategyV2-V2,EUR/USD.IDEALPRO,IDEALPRO-1-1233,EUR/USD.IDEALPRO-MLSignalStrategyV2-V2,IDEALPRO-001,IDEALPRO-1-140991,LIMIT,BUY,100000.00,GTC,True,False,100000.00,MAKER,1.09002,-1.999999999990898e-05,['2.18 USD'],NO_TRIGGER,FILLED,OUO,OL-20250312-030000-001-V2-411,['O-20250312-030000-001-V2-1232'],O-20250312-030000-001-V2-1231,,,,['V2_POS1_TP'],0104af0c-9373-467f-ad1c-cf44528c85aa,1741748400000000000,1741749600000000000,,,,,1.09004,False,
O-20250312-043000-001-V2-1234,BACKTESTER-001,MLSignalStrategyV2-V2,EUR/USD.IDEALPRO,IDEALPRO-1-1234,EUR/USD.IDEALPRO-MLSignalStrategyV2-V2,IDEALPRO-001,IDEALPRO-1-141133,MARKET,SELL,100000.00,GTC,False,False,100000.00,TAKER,1.09017,0.0,['2.18 USD'],NO_TRIGGER,FILLED,OTO,OL-20250312-043000-001-V2-412,"['O-20250312-043000-001-V2-1235', 'O-20250312-043000-001-V2-1236']",,,,,['V2_POS1'],931c3f0f-3f51-4864-9d7b-4cb1fc5edb5a,1741753800000000000,1741753800000000000,,,,,,,
O-20250312-043000-001-V2-1235,BACKTESTER-001,MLSignalStrategyV2-V2,EUR/USD.IDEALPRO,IDEALPRO-1-1235,EUR/USD.IDEALPRO-MLSignalStrategyV2-V2,IDEALPRO-001,,STOP_MARKET,BUY,100000.00,GTC,True,False,0.00,NO_LIQUIDITY_SIDE,,,,NO_TRIGGER,CANCELED,OUO,OL-20250312-043000-001-V2-412,['O-20250312-043000-001-V2-1236'],O-20250312-043000-001-V2-1234,,,,['V2_POS1_SL'],50ebedc9-e78b-4155-abf8-e333daa2f841,1741753800000000000,1741753920000000000,1.09050,DEFAULT,,,,,
O-20250312-043000-001-V2-1236,BACKTESTER-001,MLSignalStrategyV2-V2,EUR/USD.IDEALPRO,IDEALPRO-1-1236,EUR/USD.IDEALPRO-MLSignalStrategyV2-V2,IDEALPRO-001,IDEALPRO-1-141137,LIMIT,BUY,100000.00,GTC,True,False,100000.00,MAKER,1.08981,-2.999999999997449e-05,['2.18 USD'],NO_TRIGGER,FILLED,OUO,OL-20250312-043000-001-V2-412,['O-20250312-043000-001-V2-1235'],O-20250312-043000-001-V2-1234,,,,['V2_POS1_TP'],c8800acf-b221-47a9-80b9-d405c06cbbcc,1741753800000000000,1741753920000000000,,,,,1.08984,False,
O-20250312-054500-001-V2-1237,BACKTESTER-001,MLSignalStrategyV2-V2,EUR/USD.IDEALPRO,IDEALPRO-1-1237,EUR/USD.IDEALPRO-MLSignalStrategyV2-V2,IDEALPRO-001,IDEALPRO-1-141284,MARKET,SELL,100000.00,GTC,False,False,100000.00,TAKER,1.09014,0.0,['2.18 USD'],NO_TRIGGER,FILLED,OTO,OL-20250312-054500-001-V2-413,"['O-20250312-054500-001-V2-1238', 'O-20250312-054500-001-V2-1239']",,,,,['V2_POS1'],6a949a2c-fcb4-47fc-b886-5363da959b58,1741758300000000000,1741758300000000000,,,,,,,
O-20250312-054500-001-V2-1238,BACKTESTER-001,MLSignalStrategyV2-V2,EUR/USD.IDEALPRO,IDEALPRO-1-1238,EUR/USD.IDEALPRO-MLSignalStrategyV2-V2,IDEALPRO-001,IDEALPRO-1-141325,STOP_MARKET,BUY,100000.00,GTC,True,False,100000.00,TAKER,1.09049,1.0000000000065512e-05,['2.18 USD'],NO_TRIGGER,FILLED,OUO,OL-20250312-054500-001-V2-413,['O-20250312-054500-001-V2-1239'],O-20250312-054500-001-V2-1237,,,,['V2_POS1_SL'],3009e74c-2cac-4369-980e-1783aad7457f,1741758300000000000,1741759500000000000,1.09048,DEFAULT,,,,,
O-20250312-054500-001-V2-1239,BACKTESTER-001,MLSignalStrategyV2-V2,EUR/USD.IDEALPRO,IDEALPRO-1-1239,EUR/USD.IDEALPRO-MLSignalStrategyV2-V2,IDEALPRO-001,,LIMIT,BUY,100000.00,GTC,True,False,0.00,NO_LIQUIDITY_SIDE,,,,NO_TRIGGER,CANCELED,OUO,OL-20250312-054500-001-V2-413,['O-20250312-054500-001-V2-1238'],O-20250312-054500-001-V2-1237,,,,['V2_POS1_TP'],6d52efd7-a8df-4c25-a359-3da7d7dafb09,1741758300000000000,1741759500000000000,,,,,1.08982,False,
O-20250312-073000-001-V2-1240,BACKTESTER-001,MLSignalStrategyV2-V2,EUR/USD.IDEALPRO,IDEALPRO-1-1240,EUR/USD.IDEALPRO-MLSignalStrategyV2-V2,IDEALPRO-001,IDEALPRO-1-141496,MARKET,BUY,100000.00,GTC,False,False,100000.00,TAKER,1.08949,0.0,['2.18 USD'],NO_TRIGGER,FILLED,OTO,OL-20250312-073000-001-V2-414,"['O-20250312-073000-001-V2-1241', 'O-20250312-073000-001-V2-1242']",,,,,['V2_POS1'],315f0051-fa66-4606-9655-b40f13356c6d,1741764600000000000,1741764600000000000,,,,,,,
O-20250312-073000-001-V2-1241,BACKTESTER-001,MLSignalStrategyV2-V2,EUR/USD.IDEALPRO,IDEALPRO-1-1241,EUR/USD.IDEALPRO-MLSignalStrategyV2-V2,IDEALPRO-001,,STOP_MARKET,SELL,100000.00,GTC,True,False,0.00,NO_LIQUIDITY_SIDE,,,,NO_TRIGGER,CANCELED,OUO,OL-20250312-073000-001-V2-414,['O-20250312-073000-001-V2-1242'],O-20250312-073000-001-V2-1240,,,,['V2_POS1_SL'],727f83d0-befa-4252-a31d-3a91e5cbd62a,1741764600000000000,1741765380000000000,1.08901,DEFAULT,,,,,
O-20250312-073000-001-V2-1242,BACKTESTER-001,MLSignalStrategyV2-V2,EUR/USD.IDEALPRO,IDEALPRO-1-1242,EUR/USD.IDEALPRO-MLSignalStrategyV2-V2,IDEALPRO-001,IDEALPRO-1-141523,LIMIT,SELL,100000.00,GTC,True,False,100000.00,MAKER,1.09023,-0.00025999999999992696,['2.18 USD'],NO_TRIGGER,FILLED,OUO,OL-20250312-073000-001-V2-414,['O-20250312-073000-001-V2-1241'],O-20250312-073000-001-V2-1240,,,,['V2_POS1_TP'],51a2b411-8d08-4e09-9b00-97e6de391eef,1741764600000000000,1741765380000000000,,,,,1.08997,False,
O-20250312-074500-001-V2-1243,BACKTESTER-001,MLSignalStrategyV2-V2,EUR/USD.IDEALPRO,IDEALPRO-1-1243,EUR/USD.IDEALPRO-MLSignalStrategyV2-V2,IDEALPRO-001,IDEALPRO-1-141528,MARKET,BUY,100000.00,GTC,False,False,100000.00,TAKER,1.08998,0.0,['2.18 USD'],NO_TRIGGER,FILLED,OTO,OL-20250312-074500-001-V2-415,"['O-20250312-074500-001-V2-1244', 'O-20250312-074500-001-V2-1245']",,,,,['V2_POS1'],786cf3c9-e2e7-4cb7-bbc9-6a4e93e02881,1741765500000000000,1741765500000000000,,,,,,,
O-20250312-074500-001-V2-1244,BACKTESTER-001,MLSignalStrategyV2-V2,EUR/USD.IDEALPRO,IDEALPRO-1-1244,EUR/USD.IDEALPRO-MLSignalStrategyV2-V2,IDEALPRO-001,IDEALPRO-1-141539,STOP_MARKET,SELL,100000.00,GTC,True,False,100000.00,TAKER,1.08915,0.00031999999999987594,['2.18 USD'],NO_TRIGGER,FILLED,OUO,OL-20250312-074500-001-V2-415,['O-20250312-074500-001-V2-1245'],O-20250312-074500-001-V2-1243,,,,['V2_POS1_SL'],c571744d-f67d-48f5-a115-d3ed80e2afa0,1741765500000000000,1741765800000000000,1.08947,DEFAULT,,,,,
O-20250312-074500-001-V2-1245,BACKTESTER-001,MLSignalStrategyV2-V2,EUR/USD.IDEALPRO,IDEALPRO-1-1245,EUR/USD.IDEALPRO-MLSignalStrategyV2-V2,IDEALPRO-001,,LIMIT,SELL,100000.00,GTC,True,False,0.00,NO_LIQUIDITY_SIDE,,,,NO_TRIGGER,CANCELED,OUO,OL-20250312-074500-001-V2-415,['O-20250312-074500-001-V2-1244'],O-20250312-074500-001-V2-1243,,,,['V2_POS1_TP'],67e5ae30-919b-4019-9890-4868da930df0,1741765500000000000,1741765800000000000,,,,,1.09049,False,
O-20250313-003000-001-V2-1246,BACKTESTER-001,MLSignalStrategyV2-V2,EUR/USD.IDEALPRO,IDEALPRO-1-1246,EUR/USD.IDEALPRO-MLSignalStrategyV2-V2,IDEALPRO-001,IDEALPRO-1-143511,MARKET,SELL,100000.00,GTC,False,False,100000.00,TAKER,1.08851,0.0,['2.18 USD'],NO_TRIGGER,FILLED,OTO,OL-20250313-003000-001-V2-416,"['O-20250313-003000-001-V2-1247', 'O-20250313-003000-001-V2-1248']",,,,,['V2_POS1'],12d0b498-ddf4-4d5c-8c28-fcbb41b8c969,1741825800000000000,1741825800000000000,,,,,,,
O-20250313-003000-001-V2-1247,BACKTESTER-001,MLSignalStrategyV2-V2,EUR/USD.IDEALPRO,IDEALPRO-1-1247,EUR/USD.IDEALPRO-MLSignalStrategyV2-V2,IDEALPRO-001,IDEALPRO-1-143551,STOP_MARKET,BUY,100000.00,GTC,True,False,100000.00,TAKER,1.08886,7.999999999985796e-05,['2.18 USD'],NO_TRIGGER,FILLED,OUO,OL-20250313-003000-001-V2-416,['O-20250313-003000-001-V2-1248'],O-20250313-003000-001-V2-1246,,,,['V2_POS1_SL'],a706aa26-4c97-4f7a-b3fa-2aa2b98ac8f9,1741825800000000000,1741827000000000000,1.08878,DEFAULT,,,,,
O-20250313-003000-001-V2-1248,BACKTESTER-001,MLSignalStrategyV2-V2,EUR/USD.IDEALPRO,IDEALPRO-1-1248,EUR/USD.IDEALPRO-MLSignalStrategyV2-V2,IDEALPRO-001,,LIMIT,BUY,100000.00,GTC,True,False,0.00,NO_LIQUIDITY_SIDE,,,,NO_TRIGGER,CANCELED,OUO,OL-20250313-003000-001-V2-416,['O-20250313-003000-001-V2-1247'],O-20250313-003000-001-V2-1246,,,,['V2_POS1_TP'],5e400689-d62b-4ee9-b0a2-0fd5e2ea25ef,1741825800000000000,1741827000000000000,,,,,1.08824,False,
O-20250313-031500-001-V2-1249,BACKTESTER-001,MLSignalStrategyV2-V2,EUR/USD.IDEALPRO,IDEALPRO-1-1249,EUR/USD.IDEALPRO-MLSignalStrategyV2-V2,IDEALPRO-001,IDEALPRO-1-143842,MARKET,SELL,100000.00,GTC,False,False,100000.00,TAKER,1.08889,0.0,['2.18 USD'],NO_TRIGGER,FILLED,OTO,OL-20250313-031500-001-V2-417,"['O-20250313-031500-001-V2-1250', 'O-20250313-031500-001-V2-1251']",,,,,['V2_POS1'],9ccc9139-7727-4c69-8751-d11d67270519,1741835700000000000,1741835700000000000,,,,,,,
O-20250313-031500-001-V2-1250,BACKTESTER-001,MLSignalStrategyV2-V2,EUR/USD.IDEALPRO,IDEALPRO-1-1250,EUR/USD.IDEALPRO-MLSignalStrategyV2-V2,IDEALPRO-001,IDEALPRO-1-143861,STOP_MARKET,BUY,100000.00,GTC,True,False,100000.00,TAKER,1.08926,1.999999999990898e-05,['2.18 USD'],NO_TRIGGER,FILLED,OUO,OL-20250313-031500-001-V2-417,['O-20250313-031500-001-V2-1251'],O-20250313-031500-001-V2-1249,,,,['V2_POS1_SL'],f73d3a7f-af38-4d44-ad31-464c4171ead8,1741835700000000000,1741836240000000000,1.08924,DEFAULT,,,,,
O-20250313-031500-001-V2-1251,BACKTESTER-001,MLSignalStrategyV2-V2,EUR/USD.IDEALPRO,IDEALPRO-1-1251,EUR/USD.IDEALPRO-MLSignalStrategyV2-V2,IDEALPRO-001,,LIMIT,BUY,100000.00,GTC,True,False,0.00,NO_LIQUIDITY_SIDE,,,,NO_TRIGGER,CANCELED,OUO,OL-20250313-031500-001-V2-417,['O-20250313-031500-001-V2-1250'],O-20250313-031500-001-V2-1249,,,,['V2_POS1_TP'],bc2df487-5874-465a-8cc0-f2d2b49c88a3,1741835700000000000,1741836240000000000,,,,,1.08854,False,
O-20250313-033000-001-V2-1252,BACKTESTER-001,MLSignalStrategyV2-V2,EUR/USD.IDEALPRO,IDEALPRO-1-1252,EUR/USD.IDEALPRO-MLSignalStrategyV2-V2,IDEALPRO-001,IDEALPRO-1-143874,MARKET,SELL,100000.00,GTC,False,False,100000.00,TAKER,1.08906,0.0,['2.18 USD'],NO_TRIGGER,FILLED,OTO,OL-20250313-033000-001-V2-418,"['O-20250313-033000-001-V2-1253', 'O-20250313-033000-001-V2-1254']",,,,,['V2_POS1'],ab70e5fd-594f-4e4e-929f-e153bd65eab0,1741836600000000000,1741836600000000000,,,,,,,
O-20250313-033000-001-V2-1253,BACKTESTER-001,MLSignalStrategyV2-V2,EUR/USD.IDEALPRO,IDEALPRO-1-1253,EUR/USD.IDEALPRO-MLSignalStrategyV2-V2,IDEALPRO-001,,STOP_MARKET,BUY,100000.00,GTC,True,False,0.00,NO_LIQUIDITY_SIDE,,,,NO_TRIGGER,CANCELED,OUO,OL-20250313-033000-001-V2-418,['O-20250313-033000-001-V2-1254'],O-20250313-033000-001-V2-1252,,,,['V2_POS1_SL'],d681a233-1400-4d97-b8e2-1e0bcc21bf89,1741836600000000000,1741837020000000000,1.08942,DEFAULT,,,,,
O-20250313-033000-001-V2-1254,BACKTESTER-001,MLSignalStrategyV2-V2,EUR/USD.IDEALPRO,IDEALPRO-1-1254,EUR/USD.IDEALPRO-MLSignalStrategyV2-V2,IDEALPRO-001,IDEALPRO-1-143889,LIMIT,BUY,100000.00,GTC,True,False,100000.00,MAKER,1.08862,-8.000000000008001e-05,['2.18 USD'],NO_TRIGGER,FILLED,OUO,OL-20250313-033000-001-V2-418,['O-20250313-033000-001-V2-1253'],O-20250313-033000-001-V2-1252,,,,['V2_POS1_TP'],d2e41763-e4b5-4ef0-8da9-6a0af45d3af7,1741836600000000000,1741837020000000000,,,,,1.08870,False,
O-20250313-034500-001-V2-1255,BACKTESTER-001,MLSignalStrategyV2-V2,EUR/USD.IDEALPRO,IDEALPRO-1-1255,EUR/USD.IDEALPRO-MLSignalStrategyV2-V2,IDEALPRO-001,IDEALPRO-1-143906,MARKET,SELL,100000.00,GTC,False,False,100000.00,TAKER,1.08868,0.0,['2.18 USD'],NO_TRIGGER,FILLED,OTO,OL-20250313-034500-001-V2-419,"['O-20250313-034500-001-V2-1256', 'O-20250313-034500-001-V2-1257']",,,,,['V2_POS1'],2d7cd4c3-18bf-4224-943e-4b7f92e0caff,1741837500000000000,1741837500000000000,,,,,,,
O-20250313-034500-001-V2-1256,BACKTESTER-001,MLSignalStrategyV2-V2,EUR/USD.IDEALPRO,IDEALPRO-1-1256,EUR/USD.IDEALPRO-MLSignalStrategyV2-V2,IDEALPRO-001,,STOP_MARKET,BUY,100000.00,GTC,True,False,0.00,NO_LIQUIDITY_SIDE,,,,NO_TRIGGER,CANCELED,OUO,OL-20250313-034500-001-V2-419,['O-20250313-034500-001-V2-1257'],O-20250313-034500-001-V2-1255,,,,['V2_POS1_SL'],64e108c7-7efd-4b5a-9979-4409faeeb7e6,1741837500000000000,1741838460000000000,1.08904,DEFAULT,,,,,
O-20250313-034500-001-V2-1257,BACKTESTER-001,MLSignalStrategyV2-V2,EUR/USD.IDEALPRO,IDEALPRO-1-1257,EUR/USD.IDEALPRO-MLSignalStrategyV2-V2,IDEALPRO-001,IDEALPRO-1-143939,LIMIT,BUY,100000.00,GTC,True,False,100000.00,MAKER,1.08832,0.0,['2.18 USD'],NO_TRIGGER,FILLED,OUO,OL-20250313-034500-001-V2-419,['O-20250313-034500-001-V2-1256'],O-20250313-034500-001-V2-1255,,,,['V2_POS1_TP'],70fae9e8-4365-48f1-b65e-6846e15bd52a,1741837500000000000,1741838460000000000,,,,,1.08832,False,
O-20250313-043000-001-V2-1258,BACKTESTER-001,MLSignalStrategyV2-V2,EUR/USD.IDEALPRO,IDEALPRO-1-1258,EUR/USD.IDEALPRO-MLSignalStrategyV2-V2,IDEALPRO-001,IDEALPRO-1-143998,MARKET,BUY,100000.00,GTC,False,False,100000.00,TAKER,1.08897,0.0,['2.18 USD'],NO_TRIGGER,FILLED,OTO,OL-20250313-043000-001-V2-420,"['O-20250313-043000-001-V2-1259', 'O-20250313-043000-001-V2-1260']",,,,,['V2_POS1'],fac808d7-07cd-4032-9694-6c98cfcf3317,1741840200000000000,1741840200000000000,,,,,,,
O-20250313-043000-001-V2-1259,BACKTESTER-001,MLSignalStrategyV2-V2,EUR/USD.IDEALPRO,IDEALPRO-1-1259,EUR/USD.IDEALPRO-MLSignalStrategyV2-V2,IDEALPRO-001,,STOP_MARKET,SELL,100000.00,GTC,True,False,0.00,NO_LIQUIDITY_SIDE,,,,NO_TRIGGER,CANCELED,OUO,OL-20250313-043000-001-V2-420,['O-20250313-043000-001-V2-1260'],O-20250313-043000-001-V2-1258,,,,['V2_POS1_SL'],d98e8a65-15b5-47ec-be2c-36e3d6f81d7f,1741840200000000000,1741841820000000000,1.08863,DEFAULT,,,,,
O-20250313-043000-001-V2-1260,BACKTESTER-001,MLSignalStrategyV2-V2,EUR/USD.IDEALPRO,IDEALPRO-1-1260,EUR/USD.IDEALPRO-MLSignalStrategyV2-V2,IDEALPRO-001,IDEALPRO-1-144053,LIMIT,SELL,100000.00,GTC,True,False,100000.00,MAKER,1.08931,0.0,['2.18 USD'],NO_TRIGGER,FILLED,OUO,OL-20250313-043000-001-V2-420,['O-20250313-043000-001-V2-1259'],O-20250313-043000-001-V2-1258,,,,['V2_POS1_TP'],114d2855-d9ed-4756-a48f-42fb12cd44c8,1741840200000000000,1741841820000000000,,,,,1.08931,False,
O-20250313-090000-001-V2-1261,BACKTESTER-001,MLSignalStrategyV2-V2,EUR/USD.IDEALPRO,IDEALPRO-1-1261,EUR/USD.IDEALPRO-MLSignalStrategyV2-V2,IDEALPRO-001,IDEALPRO-1-144540,MARKET,SELL,100000.00,GTC,False,False,100000.00,TAKER,1.08733,0.0,['2.17 USD'],NO_TRIGGER,FILLED,OTO,OL-20250313-090000-001-V2-421,"['O-20250313-090000-001-V2-1262', 'O-20250313-090000-001-V2-1263']",,,,,['V2_POS1'],06d2c516-fa19-40a7-a560-6374c74509ce,1741856400000000000,1741856400000000000,,,,,,,
O-20250313-090000-001-V2-1262,BACKTESTER-001,MLSignalStrategyV2-V2,EUR/USD.IDEALPRO,IDEALPRO-1-1262,EUR/USD.IDEALPRO-MLSignalStrategyV2-V2,IDEALPRO-001,IDEALPRO-1-144579,STOP_MARKET,BUY,100000.00,GTC,True,False,100000.00,TAKER,1.08828,8.999999999992347e-05,['2.18 USD'],NO_TRIGGER,FILLED,OUO,OL-20250313-090000-001-V2-421,['O-20250313-090000-001-V2-1263'],O-20250313-090000-001-V2-1261,,,,['V2_POS1_SL'],8bfa2d6a-4457-462d-8f8b-4246d0dade8f,1741856400000000000,1741857540000000000,1.08819,DEFAULT,,,,,
O-20250313-090000-001-V2-1263,BACKTESTER-001,MLSignalStrategyV2-V2,EUR/USD.IDEALPRO,IDEALPRO-1-1263,EUR/USD.IDEALPRO-MLSignalStrategyV2-V2,IDEALPRO-001,,LIMIT,BUY,100000.00,GTC,True,False,0.00,NO_LIQUIDITY_SIDE,,,,NO_TRIGGER,CANCELED,OUO,OL-20250313-090000-001-V2-421,['O-20250313-090000-001-V2-1262'],O-20250313-090000-001-V2-1261,,,,['V2_POS1_TP'],9b81264b-5218-4c86-881a-7e56a749b37c,1741856400000000000,1741857540000000000,,,,,1.08649,False,
O-20250313-120000-001-V2-1264,BACKTESTER-001,MLSignalStrategyV2-V2,EUR/USD.IDEALPRO,IDEALPRO-1-1264,EUR/USD.IDEALPRO-MLSignalStrategyV2-V2,IDEALPRO-001,IDEALPRO-1-144902,MARKET,BUY,100000.00,GTC,False,False,100000.00,TAKER,1.08564,0.0,['2.17 USD'],NO_TRIGGER,FILLED,OTO,OL-20250313-120000-001-V2-422,"['O-20250313-120000-001-V2-1265', 'O-20250313-120000-001-V2-1266']",,,,,['V2_POS1'],71aedfa4-9568-43ea-8efa-745c91060fe7,1741867200000000000,1741867200000000000,,,,,,,
O-20250313-120000-001-V2-1265,BACKTESTER-001,MLSignalStrategyV2-V2,EUR/USD.IDEALPRO,IDEALPRO-1-1265,EUR/USD.IDEALPRO-MLSignalStrategyV2-V2,IDEALPRO-001,IDEALPRO-1-144904,STOP_MARKET,SELL,100000.00,GTC,True,False,100000.00,TAKER,1.0845,0.00032999999999994145,['2.17 USD'],NO_TRIGGER,FILLED,OUO,OL-20250313-120000-001-V2-422,['O-20250313-120000-001-V2-1266'],O-20250313-120000-001-V2-1264,,,,['V2_POS1_SL'],8ae73ac0-3fd8-4a9b-b49b-95aeda240a72,1741867200000000000,1741867200000000000,1.08483,DEFAULT,,,,,
O-20250313-120000-001-V2-1266,BACKTESTER-001,MLSignalStrategyV2-V2,EUR/USD.IDEALPRO,IDEALPRO-1-1266,EUR/USD.IDEALPRO-MLSignalStrategyV2-V2,IDEALPRO-001,,LIMIT,SELL,100000.00,GTC,True,False,0.00,NO_LIQUIDITY_SIDE,,,,NO_TRIGGER,CANCELED,OUO,OL-20250313-120000-001-V2-422,['O-20250313-120000-001-V2-1265'],O-20250313-120000-001-V2-1264,,,,['V2_POS1_TP'],5209f3e5-28e0-4bf8-b0a4-f1be849496fd,1741867200000000000,1741867200000000000,,,,,1.08645,False,
O-20250313-120000-001-V2-1267,BACKTESTER-001,MLSignalStrategyV2-V2,EUR/USD.IDEALPRO,IDEALPRO-1-1267,EUR/USD.IDEALPRO-MLSignalStrategyV2-V2,IDEALPRO-001,IDEALPRO-1-144905,MARKET,BUY,100000.00,GTC,False,False,100000.00,TAKER,1.08564,0.0,['2.17 USD'],NO_TRIGGER,FILLED,OTO,OL-20250313-120000-001-V2-423,"['O-20250313-120000-001-V2-1268', 'O-20250313-120000-001-V2-1269']",,,,,['V2_POS1'],1c7918da-74cc-4a99-90e4-b641ec699b61,1741867200000000000,1741867200000000000,,,,,,,
O-20250313-120000-001-V2-1268,BACKTESTER-001,MLSignalStrategyV2-V2,EUR/USD.IDEALPRO,IDEALPRO-1-1268,EUR/USD.IDEALPRO-MLSignalStrategyV2-V2,IDEALPRO-001,IDEALPRO-1-144915,STOP_MARKET,SELL,100000.00,GTC,True,False,100000.00,TAKER,1.08467,8.000000000008001e-05,['2.17 USD'],NO_TRIGGER,FILLED,OUO,OL-20250313-120000-001-V2-423,['O-20250313-120000-001-V2-1269'],O-20250313-120000-001-V2-1267,,,,['V2_POS1_SL'],4f067ca7-ff5d-4a52-af68-ceafb56a9aec,1741867200000000000,1741867500000000000,1.08475,DEFAULT,,,,,
O-20250313-120000-001-V2-1269,BACKTESTER-001,MLSignalStrategyV2-V2,EUR/USD.IDEALPRO,IDEALPRO-1-1269,EUR/USD.IDEALPRO-MLSignalStrategyV2-V2,IDEALPRO-001,,LIMIT,SELL,100000.00,GTC,True,False,0.00,NO_LIQUIDITY_SIDE,,,,NO_TRIGGER,CANCELED,OUO,OL-20250313-120000-001-V2-423,['O-20250313-120000-001-V2-1268'],O-20250313-120000-001-V2-1267,,,,['V2_POS1_TP'],c729cafd-e49b-4bfd-b1c5-46d7715d209c,1741867200000000000,1741867500000000000,,,,,1.08653,False,
O-20250313-121500-001-V2-1270,BACKTESTER-001,MLSignalStrategyV2-V2,EUR/USD.IDEALPRO,IDEALPRO-1-1270,EUR/USD.IDEALPRO-MLSignalStrategyV2-V2,IDEALPRO-001,IDEALPRO-1-144936,MARKET,BUY,100000.00,GTC,False,False,100000.00,TAKER,1.08569,0.0,['2.17 USD'],NO_TRIGGER,FILLED,OTO,OL-20250313-121500-001-V2-424,"['O-20250313-121500-001-V2-1271', 'O-20250313-121500-001-V2-1272']",,,,,['V2_POS1'],1a0b0fa6-b67c-472f-a162-324553b2154e,1741868100000000000,1741868100000000000,,,,,,,
O-20250313-121500-001-V2-1271,BACKTESTER-001,MLSignalStrategyV2-V2,EUR/USD.IDEALPRO,IDEALPRO-1-1271,EUR/USD.IDEALPRO-MLSignalStrategyV2-V2,IDEALPRO-001,,STOP_MARKET,SELL,100000.00,GTC,True,False,0.00,NO_LIQUIDITY_SIDE,,,,NO_TRIGGER,CANCELED,OUO,OL-20250313-121500-001-V2-424,['O-20250313-121500-001-V2-1272'],O-20250313-121500-001-V2-1270,,,,['V2_POS1_SL'],7a032126-2495-4654-b8f6-155656b00de0,1741868100000000000,1741869060000000000,1.08478,DEFAULT,,,,,
O-20250313-121500-001-V2-1272,BACKTESTER-001,MLSignalStrategyV2-V2,EUR/USD.IDEALPRO,IDEALPRO-1-1272,EUR/USD.IDEALPRO-MLSignalStrategyV2-V2,IDEALPRO-001,IDEALPRO-1-144969,LIMIT,SELL,100000.00,GTC,True,False,100000.00,MAKER,1.0878,-0.0012199999999999989,['2.18 USD'],NO_TRIGGER,FILLED,OUO,OL-20250313-121500-001-V2-424,['O-20250313-121500-001-V2-1271'],O-20250313-121500-001-V2-1270,,,,['V2_POS1_TP'],4ddc7179-4508-4eb2-b22e-48dc155805d4,1741868100000000000,1741869060000000000,,,,,1.08658,False,
O-20250313-124500-001-V2-1273,BACKTESTER-001,MLSignalStrategyV2-V2,EUR/USD.IDEALPRO,IDEALPRO-1-1273,EUR/USD.IDEALPRO-MLSignalStrategyV2-V2,IDEALPRO-001,IDEALPRO-1-144998,MARKET,BUY,100000.00,GTC,False,False,100000.00,TAKER,1.0839,0.0,['2.17 USD'],NO_TRIGGER,FILLED,OTO,OL-20250313-124500-001-V2-425,"['O-20250313-124500-001-V2-1274', 'O-20250313-124500-001-V2-1275']",,,,,['V2_POS1'],023eb5c9-7e98-4e9a-b912-208bb33f6bab,1741869900000000000,1741869900000000000,,,,,,,
O-20250313-124500-001-V2-1274,BACKTESTER-001,MLSignalStrategyV2-V2,EUR/USD.IDEALPRO,IDEALPRO-1-1274,EUR/USD.IDEALPRO-MLSignalStrategyV2-V2,IDEALPRO-001,IDEALPRO-1-145005,STOP_MARKET,SELL,100000.00,GTC,True,False,100000.00,TAKER,1.08263,0.00018999999999991246,['2.17 USD'],NO_TRIGGER,FILLED,OUO,OL-20250313-124500-001-V2-425,['O-20250313-124500-001-V2-1275'],O-20250313-124500-001-V2-1273,,,,['V2_POS1_SL'],43f6f3f8-dd89-4a12-97ce-ac5ee1d29d7e,1741869900000000000,1741870080000000000,1.08282,DEFAULT,,,,,
O-20250313-124500-001-V2-1275,BACKTESTER-001,MLSignalStrategyV2-V2,EUR/USD.IDEALPRO,IDEALPRO-1-1275,EUR/USD.IDEALPRO-MLSignalStrategyV2-V2,IDEALPRO-001,,LIMIT,SELL,100000.00,GTC,True,False,0.00,NO_LIQUIDITY_SIDE,,,,NO_TRIGGER,CANCELED,OUO,OL-20250313-124500-001-V2-425,['O-20250313-124500-001-V2-1274'],O-20250313-124500-001-V2-1273,,,,['V2_POS1_TP'],44b35561-4df0-42d6-877a-aa3fe183f942,1741869900000000000,1741870080000000000,,,,,1.08498,False,
O-20250313-130000-001-V2-1276,BACKTESTER-001,MLSignalStrategyV2-V2,EUR/USD.IDEALPRO,IDEALPRO-1-1276,EUR/USD.IDEALPRO-MLSignalStrategyV2-V2,IDEALPRO-001,IDEALPRO-1-145030,MARKET,BUY,100000.00,GTC,False,False,100000.00,TAKER,1.08347,0.0,['2.17 USD'],NO_TRIGGER,FILLED,OTO,OL-20250313-130000-001-V2-426,"['O-20250313-130000-001-V2-1277', 'O-20250313-130000-001-V2-1278']",,,,,['V2_POS1'],9d1a6fcc-d44e-4ab7-a506-df69df29eb65,1741870800000000000,1741870800000000000,,,,,,,
O-20250313-130000-001-V2-1277,BACKTESTER-001,MLSignalStrategyV2-V2,EUR/USD.IDEALPRO,IDEALPRO-1-1277,EUR/USD.IDEALPRO-MLSignalStrategyV2-V2,IDEALPRO-001,,STOP_MARKET,SELL,100000.00,GTC,True,False,0.00,NO_LIQUIDITY_SIDE,,,,NO_TRIGGER,CANCELED,OUO,OL-20250313-130000-001-V2-426,['O-20250313-130000-001-V2-1278'],O-20250313-130000-001-V2-1276,,,,['V2_POS1_SL'],f8471a3b-11d6-43c5-b411-2142f2101998,1741870800000000000,1741873560000000000,1.08224,DEFAULT,,,,,
O-20250313-130000-001-V2-1278,BACKTESTER-001,MLSignalStrategyV2-V2,EUR/USD.IDEALPRO,IDEALPRO-1-1278,EUR/USD.IDEALPRO-MLSignalStrategyV2-V2,IDEALPRO-001,IDEALPRO-1-145123,LIMIT,SELL,100000.00,GTC,True,False,100000.00,MAKER,1.0847,0.0,['2.17 USD'],NO_TRIGGER,FILLED,OUO,OL-20250313-130000-001-V2-426,['O-20250313-130000-001-V2-1277'],O-20250313-130000-001-V2-1276,,,,['V2_POS1_TP'],bfa6fa7c-41a9-484d-aa60-80990d259a02,1741870800000000000,1741873560000000000,,,,,1.08470,False,
O-20250313-140000-001-V2-1279,BACKTESTER-001,MLSignalStrategyV2-V2,EUR/USD.IDEALPRO,IDEALPRO-1-1279,EUR/USD.IDEALPRO-MLSignalStrategyV2-V2,IDEALPRO-001,IDEALPRO-1-145152,MARKET,BUY,100000.00,GTC,False,False,100000.00,TAKER,1.08476,0.0,['2.17 USD'],NO_TRIGGER,FILLED,OTO,OL-20250313-140000-001-V2-427,"['O-20250313-140000-001-V2-1280', 'O-20250313-140000-001-V2-1281']",,,,,['V2_POS1'],c1bdd93d-b587-4c52-b825-dc69f7016cb7,1741874400000000000,1741874400000000000,,,,,,,
O-20250313-140000-001-V2-1280,BACKTESTER-001,MLSignalStrategyV2-V2,EUR/USD.IDEALPRO,IDEALPRO-1-1280,EUR/USD.IDEALPRO-MLSignalStrategyV2-V2,IDEALPRO-001,,STOP_MARKET,SELL,100000.00,GTC,True,False,0.00,NO_LIQUIDITY_SIDE,,,,NO_TRIGGER,CANCELED,OUO,OL-20250313-140000-001-V2-427,['O-20250313-140000-001-V2-1281'],O-20250313-140000-001-V2-1279,,,,['V2_POS1_SL'],5697d976-6c1c-4f35-b2b0-6bc93121b84c,1741874400000000000,1741874580000000000,1.08359,DEFAULT,,,,,
O-20250313-140000-001-V2-1281,BACKTESTER-001,MLSignalStrategyV2-V2,EUR/USD.IDEALPRO,IDEALPRO-1-1281,EUR/USD.IDEALPRO-MLSignalStrategyV2-V2,IDEALPRO-001,IDEALPRO-1-145159,LIMIT,SELL,100000.00,GTC,True,False,100000.00,MAKER,1.08596,-5.0000000000105516e-05,['2.17 USD'],NO_TRIGGER,FILLED,OUO,OL-20250313-140000-001-V2-427,['O-20250313-140000-001-V2-1280'],O-20250313-140000-001-V2-1279,,,,['V2_POS1_TP'],3f1bf1ce-2a6f-49c3-a6dd-0cd5cbd90f9b,1741874400000000000,1741874580000000000,,,,,1.08591,False,
O-20250313-183000-001-V2-1282,BACKTESTER-001,MLSignalStrategyV2-V2,EUR/USD.IDEALPRO,IDEALPRO-1-1282,EUR/USD.IDEALPRO-MLSignalStrategyV2-V2,IDEALPRO-001,IDEALPRO-1-145694,MARKET,BUY,100000.00,GTC,False,False,100000.00,TAKER,1.08561,0.0,['2.17 USD'],NO_TRIGGER,FILLED,OTO,OL-20250313-183000-001-V2-428,"['O-20250313-183000-001-V2-1283', 'O-20250313-183000-001-V2-1284']",,,,,['V2_POS1'],a91b80fb-4d0b-4ff4-8e2f-f35fc1cd934d,1741890600000000000,1741890600000000000,,,,,,,
O-20250313-183000-001-V2-1283,BACKTESTER-001,MLSignalStrategyV2-V2,EUR/USD.IDEALPRO,IDEALPRO-1-1283,EUR/USD.IDEALPRO-MLSignalStrategyV2-V2,IDEALPRO-001,IDEALPRO-1-145813,STOP_MARKET,SELL,100000.00,GTC,True,False,100000.00,TAKER,1.08479,6.000000000017103e-05,['2.17 USD'],NO_TRIGGER,FILLED,OUO,OL-20250313-183000-001-V2-428,['O-20250313-183000-001-V2-1284'],O-20250313-183000-001-V2-1282,,,,['V2_POS1_SL'],930b017a-1764-439c-b4f6-57ec71f0b511,1741890600000000000,1741894140000000000,1.08485,DEFAULT,,,,,
O-20250313-183000-001-V2-1284,BACKTESTER-001,MLSignalStrategyV2-V2,EUR/USD.IDEALPRO,IDEALPRO-1-1284,EUR/USD.IDEALPRO-MLSignalStrategyV2-V2,IDEALPRO-001,,LIMIT,SELL,100000.00,GTC,True,False,0.00,NO_LIQUIDITY_SIDE,,,,NO_TRIGGER,CANCELED,OUO,OL-20250313-183000-001-V2-428,['O-20250313-183000-001-V2-1283'],O-20250313-183000-001-V2-1282,,,,['V2_POS1_TP'],73763601-c0d5-4b9f-bf56-c8eae1817763,1741890600000000000,1741894140000000000,,,,,1.08635,False,
O-20250314-011500-001-V2-1285,BACKTESTER-001,MLSignalStrategyV2-V2,EUR/USD.IDEALPRO,IDEALPRO-1-1285,EUR/USD.IDEALPRO-MLSignalStrategyV2-V2,IDEALPRO-001,IDEALPRO-1-146476,MARKET,BUY,100000.00,GTC,False,False,100000.00,TAKER,1.08455,0.0,['2.17 USD'],NO_TRIGGER,FILLED,OTO,OL-20250314-011500-001-V2-429,"['O-20250314-011500-001-V2-1286', 'O-20250314-011500-001-V2-1287']",,,,,['V2_POS1'],40dd641f-7baa-4465-96cc-be04fb3df477,1741914900000000000,1741914900000000000,,,,,,,
O-20250314-011500-001-V2-1286,BACKTESTER-001,MLSignalStrategyV2-V2,EUR/USD.IDEALPRO,IDEALPRO-1-1286,EUR/USD.IDEALPRO-MLSignalStrategyV2-V2,IDEALPRO-001,IDEALPRO-1-146509,STOP_MARKET,SELL,100000.00,GTC,True,False,100000.00,TAKER,1.08414,1.999999999990898e-05,['2.17 USD'],NO_TRIGGER,FILLED,OUO,OL-20250314-011500-001-V2-429,['O-20250314-011500-001-V2-1287'],O-20250314-011500-001-V2-1285,,,,['V2_POS1_SL'],0b536043-e161-4927-9ca7-b0fb168614c2,1741914900000000000,1741915860000000000,1.08416,DEFAULT,,,,,
O-20250314-011500-001-V2-1287,BACKTESTER-001,MLSignalStrategyV2-V2,EUR/USD.IDEALPRO,IDEALPRO-1-1287,EUR/USD.IDEALPRO-MLSignalStrategyV2-V2,IDEALPRO-001,,LIMIT,SELL,100000.00,GTC,True,False,0.00,NO_LIQUIDITY_SIDE,,,,NO_TRIGGER,CANCELED,OUO,OL-20250314-011500-001-V2-429,['O-20250314-011500-001-V2-1286'],O-20250314-011500-001-V2-1285,,,,['V2_POS1_TP'],8df59b0a-b5de-426b-b6e3-475251e6c61c,1741914900000000000,1741915860000000000,,,,,1.08494,False,
O-20250314-020000-001-V2-1288,BACKTESTER-001,MLSignalStrategyV2-V2,EUR/USD.IDEALPRO,IDEALPRO-1-1288,EUR/USD.IDEALPRO-MLSignalStrategyV2-V2,IDEALPRO-001,IDEALPRO-1-146569,MARKET,SELL,100000.00,GTC,False,False,100000.00,TAKER,1.08409,0.0,['2.17 USD'],NO_TRIGGER,FILLED,OTO,OL-20250314-020000-001-V2-430,"['O-20250314-020000-001-V2-1289', 'O-20250314-020000-001-V2-1290']",,,,,['V2_POS1'],083cfdee-fd48-490d-ad14-e608da873d89,1741917600000000000,1741917600000000000,,,,,,,
O-20250314-020000-001-V2-1289,BACKTESTER-001,MLSignalStrategyV2-V2,EUR/USD.IDEALPRO,IDEALPRO-1-1289,EUR/USD.IDEALPRO-MLSignalStrategyV2-V2,IDEALPRO-001,,STOP_MARKET,BUY,100000.00,GTC,True,False,0.00,NO_LIQUIDITY_SIDE,,,,NO_TRIGGER,CANCELED,OUO,OL-20250314-020000-001-V2-430,['O-20250314-020000-001-V2-1290'],O-20250314-020000-001-V2-1288,,,,['V2_POS1_SL'],f1f2c1d2-e718-4523-b4d3-7febfc29997a,1741917600000000000,1741918860000000000,1.08453,DEFAULT,,,,,
O-20250314-020000-001-V2-1290,BACKTESTER-001,MLSignalStrategyV2-V2,EUR/USD.IDEALPRO,IDEALPRO-1-1290,EUR/USD.IDEALPRO-MLSignalStrategyV2-V2,IDEALPRO-001,IDEALPRO-1-146611,LIMIT,BUY,100000.00,GTC,True,False,100000.00,MAKER,1.08363,-3.999999999981796e-05,['2.17 USD'],NO_TRIGGER,FILLED,OUO,OL-20250314-020000-001-V2-430,['O-20250314-020000-001-V2-1289'],O-20250314-020000-001-V2-1288,,,,['V2_POS1_TP'],90fd1c0a-8c95-4328-9897-edb0febc4b00,1741917600000000000,1741918860000000000,,,,,1.08367,False,
O-20250314-023000-001-V2-1291,BACKTESTER-001,MLSignalStrategyV2-V2,EUR/USD.IDEALPRO,IDEALPRO-1-1291,EUR/USD.IDEALPRO-MLSignalStrategyV2-V2,IDEALPRO-001,IDEALPRO-1-146630,MARKET,SELL,100000.00,GTC,False,False,100000.00,TAKER,1.08354,0.0,['2.17 USD'],NO_TRIGGER,FILLED,OTO,OL-20250314-023000-001-V2-431,"['O-20250314-023000-001-V2-1292', 'O-20250314-023000-001-V2-1293']",,,,,['V2_POS1'],f5ca671c-9894-46e3-8c8b-5eebfc739155,1741919400000000000,1741919400000000000,,,,,,,
O-20250314-023000-001-V2-1292,BACKTESTER-001,MLSignalStrategyV2-V2,EUR/USD.IDEALPRO,IDEALPRO-1-1292,EUR/USD.IDEALPRO-MLSignalStrategyV2-V2,IDEALPRO-001,IDEALPRO-1-146681,STOP_MARKET,BUY,100000.00,GTC,True,False,100000.00,TAKER,1.08396,0.0,['2.17 USD'],NO_TRIGGER,FILLED,OUO,OL-20250314-023000-001-V2-431,['O-20250314-023000-001-V2-1293'],O-20250314-023000-001-V2-1291,,,,['V2_POS1_SL'],69aba39c-81e8-4e78-bb1f-a33c18652124,1741919400000000000,1741920900000000000,1.08396,DEFAULT,,,,,
O-20250314-023000-001-V2-1293,BACKTESTER-001,MLSignalStrategyV2-V2,EUR/USD.IDEALPRO,IDEALPRO-1-1293,EUR/USD.IDEALPRO-MLSignalStrategyV2-V2,IDEALPRO-001,,LIMIT,BUY,100000.00,GTC,True,False,0.00,NO_LIQUIDITY_SIDE,,,,NO_TRIGGER,CANCELED,OUO,OL-20250314-023000-001-V2-431,['O-20250314-023000-001-V2-1292'],O-20250314-023000-001-V2-1291,,,,['V2_POS1_TP'],ab231293-8fde-48d3-b3ca-2b94d13995c9,1741919400000000000,1741920900000000000,,,,,1.08314,False,
O-20250314-030000-001-V2-1294,BACKTESTER-001,MLSignalStrategyV2-V2,EUR/USD.IDEALPRO,IDEALPRO-1-1294,EUR/USD.IDEALPRO-MLSignalStrategyV2-V2,IDEALPRO-001,IDEALPRO-1-146692,MARKET,SELL,100000.00,GTC,False,False,100000.00,TAKER,1.08404,0.0,['2.17 USD'],NO_TRIGGER,FILLED,OTO,OL-20250314-030000-001-V2-432,"['O-20250314-030000-001-V2-1295', 'O-20250314-030000-001-V2-1296']",,,,,['V2_POS1'],f750d2a2-80df-44c2-9ea6-07b73ff51fe5,1741921200000000000,1741921200000000000,,,,,,,
O-20250314-030000-001-V2-1295,BACKTESTER-001,MLSignalStrategyV2-V2,EUR/USD.IDEALPRO,IDEALPRO-1-1295,EUR/USD.IDEALPRO-MLSignalStrategyV2-V2,IDEALPRO-001,IDEALPRO-1-146757,STOP_MARKET,BUY,100000.00,GTC,True,False,100000.00,TAKER,1.08443,0.0,['2.17 USD'],NO_TRIGGER,FILLED,OUO,OL-20250314-030000-001-V2-432,['O-20250314-030000-001-V2-1296'],O-20250314-030000-001-V2-1294,,,,['V2_POS1_SL'],79411f4b-3263-4365-83ae-9d608b851d58,1741921200000000000,1741923120000000000,1.08443,DEFAULT,,,,,
O-20250314-030000-001-V2-1296,BACKTESTER-001,MLSignalStrategyV2-V2,EUR/USD.IDEALPRO,IDEALPRO-1-1296,EUR/USD.IDEALPRO-MLSignalStrategyV2-V2,IDEALPRO-001,,LIMIT,BUY,100000.00,GTC,True,False,0.00,NO_LIQUIDITY_SIDE,,,,NO_TRIGGER,CANCELED,OUO,OL-20250314-030000-001-V2-432,['O-20250314-030000-001-V2-1295'],O-20250314-030000-001-V2-1294,,,,['V2_POS1_TP'],8d1c1d22-8cf0-44ec-93d3-b3befcdeb225,1741921200000000000,1741923120000000000,,,,,1.08365,False,
O-20250314-034500-001-V2-1297,BACKTESTER-001,MLSignalStrategyV2-V2,EUR/USD.IDEALPRO,IDEALPRO-1-1297,EUR/USD.IDEALPRO-MLSignalStrategyV2-V2,IDEALPRO-001,IDEALPRO-1-146784,MARKET,SELL,100000.00,GTC,False,False,100000.00,TAKER,1.08444,0.0,['2.17 USD'],NO_TRIGGER,FILLED,OTO,OL-20250314-034500-001-V2-433,"['O-20250314-034500-001-V2-1298', 'O-20250314-034500-001-V2-1299']",,,,,['V2_POS1'],c68d46fb-43ac-4fbe-b312-becc8c220241,1741923900000000000,1741923900000000000,,,,,,,
O-20250314-034500-001-V2-1298,BACKTESTER-001,MLSignalStrategyV2-V2,EUR/USD.IDEALPRO,IDEALPRO-1-1298,EUR/USD.IDEALPRO-MLSignalStrategyV2-V2,IDEALPRO-001,,STOP_MARKET,BUY,100000.00,GTC,True,False,0.00,NO_LIQUIDITY_SIDE,,,,NO_TRIGGER,CANCELED,OUO,OL-20250314-034500-001-V2-433,['O-20250314-034500-001-V2-1299'],O-20250314-034500-001-V2-1297,,,,['V2_POS1_SL'],28dd8820-b6ad-4232-ad09-4afc8472eb30,1741923900000000000,1741926960000000000,1.08483,DEFAULT,,,,,
O-20250314-034500-001-V2-1299,BACKTESTER-001,MLSignalStrategyV2-V2,EUR/USD.IDEALPRO,IDEALPRO-1-1299,EUR/USD.IDEALPRO-MLSignalStrategyV2-V2,IDEALPRO-001,IDEALPRO-1-146887,LIMIT,BUY,100000.00,GTC,True,False,100000.00,MAKER,1.08404,-3.0000000000196536e-05,['2.17 USD'],NO_TRIGGER,FILLED,OUO,OL-20250314-034500-001-V2-433,['O-20250314-034500-001-V2-1298'],O-20250314-034500-001-V2-1297,,,,['V2_POS1_TP'],16b65db0-b9ed-433a-a8dd-457fdb07d299,1741923900000000000,1741926960000000000,,,,,1.08407,False,
O-20250314-070000-001-V2-1300,BACKTESTER-001,MLSignalStrategyV2-V2,EUR/USD.IDEALPRO,IDEALPRO-1-1300,EUR/USD.IDEALPRO-MLSignalStrategyV2-V2,IDEALPRO-001,IDEALPRO-1-147177,MARKET,BUY,100000.00,GTC,False,False,100000.00,TAKER,1.08387,0.0,['2.17 USD'],NO_TRIGGER,FILLED,OTO,OL-20250314-070000-001-V2-434,"['O-20250314-070000-001-V2-1301', 'O-20250314-070000-001-V2-1302']",,,,,['V2_POS1'],532a34e7-1d94-4ad0-9783-e30e300f02d5,1741935600000000000,1741935600000000000,,,,,,,
O-20250314-070000-001-V2-1301,BACKTESTER-001,MLSignalStrategyV2-V2,EUR/USD.IDEALPRO,IDEALPRO-1-1301,EUR/USD.IDEALPRO-MLSignalStrategyV2-V2,IDEALPRO-001,IDEALPRO-1-147181,STOP_MARKET,SELL,100000.00,GTC,True,False,100000.00,TAKER,1.08338,1.0000000000065512e-05,['2.17 USD'],NO_TRIGGER,FILLED,OUO,OL-20250314-070000-001-V2-434,['O-20250314-070000-001-V2-1302'],O-20250314-070000-001-V2-1300,,,,['V2_POS1_SL'],79f4545e-9784-4fe3-82df-23d10e94ebba,1741935600000000000,1741935720000000000,1.08339,DEFAULT,,,,,
O-20250314-070000-001-V2-1302,BACKTESTER-001,MLSignalStrategyV2-V2,EUR/USD.IDEALPRO,IDEALPRO-1-1302,EUR/USD.IDEALPRO-MLSignalStrategyV2-V2,IDEALPRO-001,,LIMIT,SELL,100000.00,GTC,True,False,0.00,NO_LIQUIDITY_SIDE,,,,NO_TRIGGER,CANCELED,OUO,OL-20250314-070000-001-V2-434,['O-20250314-070000-001-V2-1301'],O-20250314-070000-001-V2-1300,,,,['V2_POS1_TP'],1dde40bf-ed92-48eb-bb00-345ff44e18ba,1741935600000000000,1741935720000000000,,,,,1.08433,False,
O-20250314-074500-001-V2-1303,BACKTESTER-001,MLSignalStrategyV2-V2,EUR/USD.IDEALPRO,IDEALPRO-1-1303,EUR/USD.IDEALPRO-MLSignalStrategyV2-V2,IDEALPRO-001,IDEALPRO-1-147268,MARKET,BUY,100000.00,GTC,False,False,100000.00,TAKER,1.08313,0.0,['2.17 USD'],NO_TRIGGER,FILLED,OTO,OL-20250314-074500-001-V2-435,"['O-20250314-074500-001-V2-1304', 'O-20250314-074500-001-V2-1305']",,,,,['V2_POS1'],01282560-2044-43c8-af4b-cef085957c6f,1741938300000000000,1741938300000000000,,,,,,,
O-20250314-074500-001-V2-1304,BACKTESTER-001,MLSignalStrategyV2-V2,EUR/USD.IDEALPRO,IDEALPRO-1-1304,EUR/USD.IDEALPRO-MLSignalStrategyV2-V2,IDEALPRO-001,,STOP_MARKET,SELL,100000.00,GTC,True,False,0.00,NO_LIQUIDITY_SIDE,,,,NO_TRIGGER,CANCELED,OUO,OL-20250314-074500-001-V2-435,['O-20250314-074500-001-V2-1305'],O-20250314-074500-001-V2-1303,,,,['V2_POS1_SL'],676c9068-eb00-42a0-82ff-dfe1768b1420,1741938300000000000,1741938600000000000,1.08254,DEFAULT,,,,,
O-20250314-074500-001-V2-1305,BACKTESTER-001,MLSignalStrategyV2-V2,EUR/USD.IDEALPRO,IDEALPRO-1-1305,EUR/USD.IDEALPRO-MLSignalStrategyV2-V2,IDEALPRO-001,IDEALPRO-1-147279,LIMIT,SELL,100000.00,GTC,True,False,100000.00,MAKER,1.08372,0.0,['2.17 USD'],NO_TRIGGER,FILLED,OUO,OL-20250314-074500-001-V2-435,['O-20250314-074500-001-V2-1304'],O-20250314-074500-001-V2-1303,,,,['V2_POS1_TP'],2a15a349-84c8-420f-b607-4c8d57393c4c,1741938300000000000,1741938600000000000,,,,,1.08372,False,
O-20250314-090000-001-V2-1306,BACKTESTER-001,MLSignalStrategyV2-V2,EUR/USD.IDEALPRO,IDEALPRO-1-1306,EUR/USD.IDEALPRO-MLSignalStrategyV2-V2,IDEALPRO-001,IDEALPRO-1-147420,MARKET,BUY,100000.00,GTC,False,False,100000.00,TAKER,1.08539,0.0,['2.17 USD'],NO_TRIGGER,FILLED,OTO,OL-20250314-090000-001-V2-436,"['O-20250314-090000-001-V2-1307', 'O-20250314-090000-001-V2-1308']",,,,,['V2_POS1'],c67ce3be-b770-4fd8-9c01-9d5777e47d12,1741942800000000000,1741942800000000000,,,,,,,
O-20250314-090000-001-V2-1307,BACKTESTER-001,MLSignalStrategyV2-V2,EUR/USD.IDEALPRO,IDEALPRO-1-1307,EUR/USD.IDEALPRO-MLSignalStrategyV2-V2,IDEALPRO-001,,STOP_MARKET,SELL,100000.00,GTC,True,False,0.00,NO_LIQUIDITY_SIDE,,,,NO_TRIGGER,CANCELED,OUO,OL-20250314-090000-001-V2-436,['O-20250314-090000-001-V2-1308'],O-20250314-090000-001-V2-1306,,,,['V2_POS1_SL'],759305d9-6a9a-442d-9229-b06097a41cd7,1741942800000000000,1741945020000000000,1.08468,DEFAULT,,,,,
O-20250314-090000-001-V2-1308,BACKTESTER-001,MLSignalStrategyV2-V2,EUR/USD.IDEALPRO,IDEALPRO-1-1308,EUR/USD.IDEALPRO-MLSignalStrategyV2-V2,IDEALPRO-001,IDEALPRO-1-147495,LIMIT,SELL,100000.00,GTC,True,False,100000.00,MAKER,1.08621,-0.00010999999999983245,['2.17 USD'],NO_TRIGGER,FILLED,OUO,OL-20250314-090000-001-V2-436,['O-20250314-090000-001-V2-1307'],O-20250314-090000-001-V2-1306,,,,['V2_POS1_TP'],fdff7044-f23e-40a1-a72f-196b0a56eab9,1741942800000000000,1741945020000000000,,,,,1.08610,False,
O-20250314-101500-001-V2-1309,BACKTESTER-001,MLSignalStrategyV2-V2,EUR/USD.IDEALPRO,IDEALPRO-1-1309,EUR/USD.IDEALPRO-MLSignalStrategyV2-V2,IDEALPRO-001,IDEALPRO-1-147573,MARKET,BUY,100000.00,GTC,False,False,100000.00,TAKER,1.0862,0.0,['2.17 USD'],NO_TRIGGER,FILLED,OTO,OL-20250314-101500-001-V2-437,"['O-20250314-101500-001-V2-1310', 'O-20250314-101500-001-V2-1311']",,,,,['V2_POS1'],6e11240f-635f-42ad-8f1a-11fc279bcf9d,1741947300000000000,1741947300000000000,,,,,,,
O-20250314-101500-001-V2-1310,BACKTESTER-001,MLSignalStrategyV2-V2,EUR/USD.IDEALPRO,IDEALPRO-1-1310,EUR/USD.IDEALPRO-MLSignalStrategyV2-V2,IDEALPRO-001,,STOP_MARKET,SELL,100000.00,GTC,True,False,0.00,NO_LIQUIDITY_SIDE,,,,NO_TRIGGER,CANCELED,OUO,OL-20250314-101500-001-V2-437,['O-20250314-101500-001-V2-1311'],O-20250314-101500-001-V2-1309,,,,['V2_POS1_SL'],715b2a68-af84-4b73-a06a-6b07da6f31b5,1741947300000000000,1741947780000000000,1.08542,DEFAULT,,,,,
O-20250314-101500-001-V2-1311,BACKTESTER-001,MLSignalStrategyV2-V2,EUR/USD.IDEALPRO,IDEALPRO-1-1311,EUR/USD.IDEALPRO-MLSignalStrategyV2-V2,IDEALPRO-001,IDEALPRO-1-147589,LIMIT,SELL,100000.00,GTC,True,False,100000.00,MAKER,1.08703,-4.999999999988347e-05,['2.17 USD'],NO_TRIGGER,FILLED,OUO,OL-20250314-101500-001-V2-437,['O-20250314-101500-001-V2-1310'],O-20250314-101500-001-V2-1309,,,,['V2_POS1_TP'],a51c2487-292b-4c99-a258-59054645a348,1741947300000000000,1741947780000000000,,,,,1.08698,False,
O-20250314-104500-001-V2-1312,BACKTESTER-001,MLSignalStrategyV2-V2,EUR/USD.IDEALPRO,IDEALPRO-1-1312,EUR/USD.IDEALPRO-MLSignalStrategyV2-V2,IDEALPRO-001,IDEALPRO-1-147634,MARKET,SELL,100000.00,GTC,False,False,100000.00,TAKER,1.08901,0.0,['2.18 USD'],NO_TRIGGER,FILLED,OTO,OL-20250314-104500-001-V2-438,"['O-20250314-104500-001-V2-1313', 'O-20250314-104500-001-V2-1314']",,,,,['V2_POS1'],219f3329-a826-49a1-8c80-fa7443269a38,1741949100000000000,1741949100000000000,,,,,,,
O-20250314-104500-001-V2-1313,BACKTESTER-001,MLSignalStrategyV2-V2,EUR/USD.IDEALPRO,IDEALPRO-1-1313,EUR/USD.IDEALPRO-MLSignalStrategyV2-V2,IDEALPRO-001,IDEALPRO-1-147639,STOP_MARKET,BUY,100000.00,GTC,True,False,100000.00,TAKER,1.09089,0.0009500000000000064,['2.18 USD'],NO_TRIGGER,FILLED,OUO,OL-20250314-104500-001-V2-438,['O-20250314-104500-001-V2-1314'],O-20250314-104500-001-V2-1312,,,,['V2_POS1_SL'],80190c29-43dd-46bd-b648-7dd1e40a86a0,1741949100000000000,1741949220000000000,1.08994,DEFAULT,,,,,
O-20250314-104500-001-V2-1314,BACKTESTER-001,MLSignalStrategyV2-V2,EUR/USD.IDEALPRO,IDEALPRO-1-1314,EUR/USD.IDEALPRO-MLSignalStrategyV2-V2,IDEALPRO-001,,LIMIT,BUY,100000.00,GTC,True,False,0.00,NO_LIQUIDITY_SIDE,,,,NO_TRIGGER,CANCELED,OUO,OL-20250314-104500-001-V2-438,['O-20250314-104500-001-V2-1313'],O-20250314-104500-001-V2-1312,,,,['V2_POS1_TP'],bf0b658b-c501-41ab-b603-7284a085853e,1741949100000000000,1741949220000000000,,,,,1.08808,False,
O-20250314-130000-001-V2-1315,BACKTESTER-001,MLSignalStrategyV2-V2,EUR/USD.IDEALPRO,IDEALPRO-1-1315,EUR/USD.IDEALPRO-MLSignalStrategyV2-V2,IDEALPRO-001,IDEALPRO-1-147906,MARKET,SELL,100000.00,GTC,False,False,100000.00,TAKER,1.08946,0.0,['2.18 USD'],NO_TRIGGER,FILLED,OTO,OL-20250314-130000-001-V2-439,"['O-20250314-130000-001-V2-1316', 'O-20250314-130000-001-V2-1317']",,,,,['V2_POS1'],d36b13eb-91e6-438d-8bd1-a7205dc59cd3,1741957200000000000,1741957200000000000,,,,,,,
O-20250314-130000-001-V2-1316,BACKTESTER-001,MLSignalStrategyV2-V2,EUR/USD.IDEALPRO,IDEALPRO-1-1316,EUR/USD.IDEALPRO-MLSignalStrategyV2-V2,IDEALPRO-001,,STOP_MARKET,BUY,100000.00,GTC,True,False,0.00,NO_LIQUIDITY_SIDE,,,,NO_TRIGGER,CANCELED,OUO,OL-20250314-130000-001-V2-439,['O-20250314-130000-001-V2-1317'],O-20250314-130000-001-V2-1315,,,,['V2_POS1_SL'],8d6020fe-b7e4-4399-9e58-213deb299a8f,1741957200000000000,1741959960000000000,1.09051,DEFAULT,,,,,
O-20250314-130000-001-V2-1317,BACKTESTER-001,MLSignalStrategyV2-V2,EUR/USD.IDEALPRO,IDEALPRO-1-1317,EUR/USD.IDEALPRO-MLSignalStrategyV2-V2,IDEALPRO-001,IDEALPRO-1-147999,LIMIT,BUY,100000.00,GTC,True,False,100000.00,MAKER,1.08827,-0.00015999999999993797,['2.18 USD'],NO_TRIGGER,FILLED,OUO,OL-20250314-130000-001-V2-439,['O-20250314-130000-001-V2-1316'],O-20250314-130000-001-V2-1315,,,,['V2_POS1_TP'],4d80bc79-794f-4c76-a249-9b6dbf1387a7,1741957200000000000,1741959960000000000,,,,,1.08843,False,
O-20250314-161500-001-V2-1318,BACKTESTER-001,MLSignalStrategyV2-V2,EUR/USD.IDEALPRO,IDEALPRO-1-1318,EUR/USD.IDEALPRO-MLSignalStrategyV2-V2,IDEALPRO-001,IDEALPRO-1-148299,MARKET,SELL,100000.00,GTC,False,False,100000.00,TAKER,1.08814,0.0,['2.18 USD'],NO_TRIGGER,FILLED,OTO,OL-20250314-161500-001-V2-440,"['O-20250314-161500-001-V2-1319', 'O-20250314-161500-001-V2-1320']",,,,,['V2_POS1'],5112044c-81a8-46b1-ba1d-2814ee69376a,1741968900000000000,1741968900000000000,,,,,,,
O-20250314-161500-001-V2-1319,BACKTESTER-001,MLSignalStrategyV2-V2,EUR/USD.IDEALPRO,IDEALPRO-1-1319,EUR/USD.IDEALPRO-MLSignalStrategyV2-V2,IDEALPRO-001,IDEALPRO-1-149413,STOP_MARKET,BUY,100000.00,GTC,True,False,100000.00,TAKER,1.08904,0.0,['2.18 USD'],NO_TRIGGER,FILLED,OUO,OL-20250314-161500-001-V2-440,['O-20250314-161500-001-V2-1320'],O-20250314-161500-001-V2-1318,,,,['V2_POS1_SL'],c734336f-e7eb-481a-a505-9ef567622d71,1741968900000000000,1742176020000000000,1.08904,DEFAULT,,,,,
O-20250314-161500-001-V2-1320,BACKTESTER-001,MLSignalStrategyV2-V2,EUR/USD.IDEALPRO,IDEALPRO-1-1320,EUR/USD.IDEALPRO-MLSignalStrategyV2-V2,IDEALPRO-001,,LIMIT,BUY,100000.00,GTC,True,False,0.00,NO_LIQUIDITY_SIDE,,,,NO_TRIGGER,CANCELED,OUO,OL-20250314-161500-001-V2-440,['O-20250314-161500-001-V2-1319'],O-20250314-161500-001-V2-1318,,,,['V2_POS1_TP'],c1342026-54ad-4991-9411-4f3831e54edd,1741968900000000000,1742176020000000000,,,,,1.08724,False,
O-20250317-081500-001-V2-1321,BACKTESTER-001,MLSignalStrategyV2-V2,EUR/USD.IDEALPRO,IDEALPRO-1-1321,EUR/USD.IDEALPRO-MLSignalStrategyV2-V2,IDEALPRO-001,IDEALPRO-1-150190,MARKET,BUY,100000.00,GTC,False,False,100000.00,TAKER,1.08833,0.0,['2.18 USD'],NO_TRIGGER,FILLED,OTO,OL-20250317-081500-001-V2-441,"['O-20250317-081500-001-V2-1322', 'O-20250317-081500-001-V2-1323']",,,,,['V2_POS1'],5a7fc82d-0a58-4041-bcea-050b6c7bccd8,1742199300000000000,1742199300000000000,,,,,,,
O-20250317-081500-001-V2-1322,BACKTESTER-001,MLSignalStrategyV2-V2,EUR/USD.IDEALPRO,IDEALPRO-1-1322,EUR/USD.IDEALPRO-MLSignalStrategyV2-V2,IDEALPRO-001,IDEALPRO-1-150229,STOP_MARKET,SELL,100000.00,GTC,True,False,100000.00,TAKER,1.0877,4.0000000000040004e-05,['2.18 USD'],NO_TRIGGER,FILLED,OUO,OL-20250317-081500-001-V2-441,['O-20250317-081500-001-V2-1323'],O-20250317-081500-001-V2-1321,,,,['V2_POS1_SL'],e7ec34c0-5ae6-4e94-82f9-0b050150a34b,1742199300000000000,1742200440000000000,1.08774,DEFAULT,,,,,
O-20250317-081500-001-V2-1323,BACKTESTER-001,MLSignalStrategyV2-V2,EUR/USD.IDEALPRO,IDEALPRO-1-1323,EUR/USD.IDEALPRO-MLSignalStrategyV2-V2,IDEALPRO-001,,LIMIT,SELL,100000.00,GTC,True,False,0.00,NO_LIQUIDITY_SIDE,,,,NO_TRIGGER,CANCELED,OUO,OL-20250317-081500-001-V2-441,['O-20250317-081500-001-V2-1322'],O-20250317-081500-001-V2-1321,,,,['V2_POS1_TP'],0c0bf022-705f-43df-a29c-ad8f599b43e8,1742199300000000000,1742200440000000000,,,,,1.08890,False,
O-20250318-081500-001-V2-1324,BACKTESTER-001,MLSignalStrategyV2-V2,EUR/USD.IDEALPRO,IDEALPRO-1-1324,EUR/USD.IDEALPRO-MLSignalStrategyV2-V2,IDEALPRO-001,IDEALPRO-1-153043,MARKET,SELL,100000.00,GTC,False,False,100000.00,TAKER,1.09472,0.0,['2.19 USD'],NO_TRIGGER,FILLED,OTO,OL-20250318-081500-001-V2-442,"['O-20250318-081500-001-V2-1325', 'O-20250318-081500-001-V2-1326']",,,,,['V2_POS1'],83501ffd-fa26-41f2-a41d-19a814de8767,1742285700000000000,1742285700000000000,,,,,,,
O-20250318-081500-001-V2-1325,BACKTESTER-001,MLSignalStrategyV2-V2,EUR/USD.IDEALPRO,IDEALPRO-1-1325,EUR/USD.IDEALPRO-MLSignalStrategyV2-V2,IDEALPRO-001,IDEALPRO-1-153045,STOP_MARKET,BUY,100000.00,GTC,True,False,100000.00,TAKER,1.09546,0.00012000000000012001,['2.19 USD'],NO_TRIGGER,FILLED,OUO,OL-20250318-081500-001-V2-442,['O-20250318-081500-001-V2-1326'],O-20250318-081500-001-V2-1324,,,,['V2_POS1_SL'],36136a15-e1de-499c-843e-a290facf361d,1742285700000000000,1742285760000000000,1.09534,DEFAULT,,,,,
O-20250318-081500-001-V2-1326,BACKTESTER-001,MLSignalStrategyV2-V2,EUR/USD.IDEALPRO,IDEALPRO-1-1326,EUR/USD.IDEALPRO-MLSignalStrategyV2-V2,IDEALPRO-001,,LIMIT,BUY,100000.00,GTC,True,False,0.00,NO_LIQUIDITY_SIDE,,,,NO_TRIGGER,CANCELED,OUO,OL-20250318-081500-001-V2-442,['O-20250318-081500-001-V2-1325'],O-20250318-081500-001-V2-1324,,,,['V2_POS1_TP'],f02c929e-6951-4933-80ec-574fcee14753,1742285700000000000,1742285760000000000,,,,,1.09410,False,
O-20250318-083000-001-V2-1327,BACKTESTER-001,MLSignalStrategyV2-V2,EUR/USD.IDEALPRO,IDEALPRO-1-1327,EUR/USD.IDEALPRO-MLSignalStrategyV2-V2,IDEALPRO-001,IDEALPRO-1-153074,MARKET,SELL,100000.00,GTC,False,False,100000.00,TAKER,1.09522,0.0,['2.19 USD'],NO_TRIGGER,FILLED,OTO,OL-20250318-083000-001-V2-443,"['O-20250318-083000-001-V2-1328', 'O-20250318-083000-001-V2-1329']",,,,,['V2_POS1'],37151067-34f2-4df2-bb33-4044a87826b3,1742286600000000000,1742286600000000000,,,,,,,
O-20250318-083000-001-V2-1328,BACKTESTER-001,MLSignalStrategyV2-V2,EUR/USD.IDEALPRO,IDEALPRO-1-1328,EUR/USD.IDEALPRO-MLSignalStrategyV2-V2,IDEALPRO-001,,STOP_MARKET,BUY,100000.00,GTC,True,False,0.00,NO_LIQUIDITY_SIDE,,,,NO_TRIGGER,CANCELED,OUO,OL-20250318-083000-001-V2-443,['O-20250318-083000-001-V2-1329'],O-20250318-083000-001-V2-1327,,,,['V2_POS1_SL'],da319c2b-8644-488f-b2dd-8da27a0e0286,1742286600000000000,1742288820000000000,1.09586,DEFAULT,,,,,
O-20250318-083000-001-V2-1329,BACKTESTER-001,MLSignalStrategyV2-V2,EUR/USD.IDEALPRO,IDEALPRO-1-1329,EUR/USD.IDEALPRO-MLSignalStrategyV2-V2,IDEALPRO-001,IDEALPRO-1-153149,LIMIT,BUY,100000.00,GTC,True,False,100000.00,MAKER,1.09451,-8.999999999992347e-05,['2.19 USD'],NO_TRIGGER,FILLED,OUO,OL-20250318-083000-001-V2-443,['O-20250318-083000-001-V2-1328'],O-20250318-083000-001-V2-1327,,,,['V2_POS1_TP'],b4f24c5a-c249-4df8-b70d-91096988e939,1742286600000000000,1742288820000000000,,,,,1.09460,False,
O-20250318-091500-001-V2-1330,BACKTESTER-001,MLSignalStrategyV2-V2,EUR/USD.IDEALPRO,IDEALPRO-1-1330,EUR/USD.IDEALPRO-MLSignalStrategyV2-V2,IDEALPRO-001,IDEALPRO-1-153166,MARKET,SELL,100000.00,GTC,False,False,100000.00,TAKER,1.09434,0.0,['2.19 USD'],NO_TRIGGER,FILLED,OTO,OL-20250318-091500-001-V2-444,"['O-20250318-091500-001-V2-1331', 'O-20250318-091500-001-V2-1332']",,,,,['V2_POS1'],b723edc0-0e0d-44af-b49e-78d0a87ee859,1742289300000000000,1742289300000000000,,,,,,,
O-20250318-091500-001-V2-1331,BACKTESTER-001,MLSignalStrategyV2-V2,EUR/USD.IDEALPRO,IDEALPRO-1-1331,EUR/USD.IDEALPRO-MLSignalStrategyV2-V2,IDEALPRO-001,IDEALPRO-1-153237,STOP_MARKET,BUY,100000.00,GTC,True,False,100000.00,TAKER,1.09507,0.000140000000000029,['2.19 USD'],NO_TRIGGER,FILLED,OUO,OL-20250318-091500-001-V2-444,['O-20250318-091500-001-V2-1332'],O-20250318-091500-001-V2-1330,,,,['V2_POS1_SL'],d30d54f3-11c9-49cb-a61f-3b4ee1cec058,1742289300000000000,1742291400000000000,1.09493,DEFAULT,,,,,
O-20250318-091500-001-V2-1332,BACKTESTER-001,MLSignalStrategyV2-V2,EUR/USD.IDEALPRO,IDEALPRO-1-1332,EUR/USD.IDEALPRO-MLSignalStrategyV2-V2,IDEALPRO-001,,LIMIT,BUY,100000.00,GTC,True,False,0.00,NO_LIQUIDITY_SIDE,,,,NO_TRIGGER,CANCELED,OUO,OL-20250318-091500-001-V2-444,['O-20250318-091500-001-V2-1331'],O-20250318-091500-001-V2-1330,,,,['V2_POS1_TP'],e18a235c-7ef2-4961-b01b-0e7ecb78cc4f,1742289300000000000,1742291400000000000,,,,,1.09375,False,
O-20250318-124500-001-V2-1333,BACKTESTER-001,MLSignalStrategyV2-V2,EUR/USD.IDEALPRO,IDEALPRO-1-1333,EUR/USD.IDEALPRO-MLSignalStrategyV2-V2,IDEALPRO-001,IDEALPRO-1-153588,MARKET,BUY,100000.00,GTC,False,False,100000.00,TAKER,1.09064,0.0,['2.18 USD'],NO_TRIGGER,FILLED,OTO,OL-20250318-124500-001-V2-445,"['O-20250318-124500-001-V2-1334', 'O-20250318-124500-001-V2-1335']",,,,,['V2_POS1'],81fe9037-5a68-4cdf-9ebc-a5cf0f289451,1742301900000000000,1742301900000000000,,,,,,,
O-20250318-124500-001-V2-1334,BACKTESTER-001,MLSignalStrategyV2-V2,EUR/USD.IDEALPRO,IDEALPRO-1-1334,EUR/USD.IDEALPRO-MLSignalStrategyV2-V2,IDEALPRO-001,,STOP_MARKET,SELL,100000.00,GTC,True,False,0.00,NO_LIQUIDITY_SIDE,,,,NO_TRIGGER,CANCELED,OUO,OL-20250318-124500-001-V2-445,['O-20250318-124500-001-V2-1335'],O-20250318-124500-001-V2-1333,,,,['V2_POS1_SL'],a9e3f3ff-dcd4-487e-9efd-0e1935ba63f9,1742301900000000000,1742302860000000000,1.08990,DEFAULT,,,,,
O-20250318-124500-001-V2-1335,BACKTESTER-001,MLSignalStrategyV2-V2,EUR/USD.IDEALPRO,IDEALPRO-1-1335,EUR/USD.IDEALPRO-MLSignalStrategyV2-V2,IDEALPRO-001,IDEALPRO-1-153621,LIMIT,SELL,100000.00,GTC,True,False,100000.00,MAKER,1.09146,-8.000000000008001e-05,['2.18 USD'],NO_TRIGGER,FILLED,OUO,OL-20250318-124500-001-V2-445,['O-20250318-124500-001-V2-1334'],O-20250318-124500-001-V2-1333,,,,['V2_POS1_TP'],bbc7b01b-992e-427e-8a21-1df8b2f1a0e7,1742301900000000000,1742302860000000000,,,,,1.09138,False,
O-20250318-223000-001-V2-1336,BACKTESTER-001,MLSignalStrategyV2-V2,EUR/USD.IDEALPRO,IDEALPRO-1-1336,EUR/USD.IDEALPRO-MLSignalStrategyV2-V2,IDEALPRO-001,IDEALPRO-1-154731,MARKET,BUY,100000.00,GTC,False,False,100000.00,TAKER,1.09417,0.0,['2.19 USD'],NO_TRIGGER,FILLED,OTO,OL-20250318-223000-001-V2-446,"['O-20250318-223000-001-V2-1337', 'O-20250318-223000-001-V2-1338']",,,,,['V2_POS1'],57d84a74-fcac-4b03-8ef1-42bdf9d2505a,1742337000000000000,1742337000000000000,,,,,,,
O-20250318-223000-001-V2-1337,BACKTESTER-001,MLSignalStrategyV2-V2,EUR/USD.IDEALPRO,IDEALPRO-1-1337,EUR/USD.IDEALPRO-MLSignalStrategyV2-V2,IDEALPRO-001,IDEALPRO-1-154909,STOP_MARKET,SELL,100000.00,GTC,True,False,100000.00,TAKER,1.09379,4.999999999988347e-05,['2.19 USD'],NO_TRIGGER,FILLED,OUO,OL-20250318-223000-001-V2-446,['O-20250318-223000-001-V2-1338'],O-20250318-223000-001-V2-1336,,,,['V2_POS1_SL'],ae124feb-670c-4360-b2a4-bdf4c7122f88,1742337000000000000,1742342340000000000,1.09384,DEFAULT,,,,,
O-20250318-223000-001-V2-1338,BACKTESTER-001,MLSignalStrategyV2-V2,EUR/USD.IDEALPRO,IDEALPRO-1-1338,EUR/USD.IDEALPRO-MLSignalStrategyV2-V2,IDEALPRO-001,,LIMIT,SELL,100000.00,GTC,True,False,0.00,NO_LIQUIDITY_SIDE,,,,NO_TRIGGER,CANCELED,OUO,OL-20250318-223000-001-V2-446,['O-20250318-223000-001-V2-1337'],O-20250318-223000-001-V2-1336,,,,['V2_POS1_TP'],8f5583ef-eca3-4fa4-8963-33810063e1ba,1742337000000000000,1742342340000000000,,,,,1.09450,False,
O-20250319-043000-001-V2-1339,BACKTESTER-001,MLSignalStrategyV2-V2,EUR/USD.IDEALPRO,IDEALPRO-1-1339,EUR/USD.IDEALPRO-MLSignalStrategyV2-V2,IDEALPRO-001,IDEALPRO-1-155453,MARKET,SELL,100000.00,GTC,False,False,100000.00,TAKER,1.09333,0.0,['2.19 USD'],NO_TRIGGER,FILLED,OTO,OL-20250319-043000-001-V2-447,"['O-20250319-043000-001-V2-1340', 'O-20250319-043000-001-V2-1341']",,,,,['V2_POS1'],51c0e940-f245-4b32-8650-ce0e78610184,1742358600000000000,1742358600000000000,,,,,,,
O-20250319-043000-001-V2-1340,BACKTESTER-001,MLSignalStrategyV2-V2,EUR/USD.IDEALPRO,IDEALPRO-1-1340,EUR/USD.IDEALPRO-MLSignalStrategyV2-V2,IDEALPRO-001,,STOP_MARKET,BUY,100000.00,GTC,True,False,0.00,NO_LIQUIDITY_SIDE,,,,NO_TRIGGER,CANCELED,OUO,OL-20250319-043000-001-V2-447,['O-20250319-043000-001-V2-1341'],O-20250319-043000-001-V2-1339,,,,['V2_POS1_SL'],365e3e07-10bb-4f93-bc24-3bb5536e86aa,1742358600000000000,1742359800000000000,1.09366,DEFAULT,,,,,
O-20250319-043000-001-V2-1341,BACKTESTER-001,MLSignalStrategyV2-V2,EUR/USD.IDEALPRO,IDEALPRO-1-1341,EUR/USD.IDEALPRO-MLSignalStrategyV2-V2,IDEALPRO-001,IDEALPRO-1-155493,LIMIT,BUY,100000.00,GTC,True,False,100000.00,MAKER,1.09292,-8.000000000008001e-05,['2.19 USD'],NO_TRIGGER,FILLED,OUO,OL-20250319-043000-001-V2-447,['O-20250319-043000-001-V2-1340'],O-20250319-043000-001-V2-1339,,,,['V2_POS1_TP'],c6f36e35-3bd7-4071-86e3-2aa918502486,1742358600000000000,1742359800000000000,,,,,1.09300,False,
O-20250319-050000-001-V2-1342,BACKTESTER-001,MLSignalStrategyV2-V2,EUR/USD.IDEALPRO,IDEALPRO-1-1342,EUR/USD.IDEALPRO-MLSignalStrategyV2-V2,IDEALPRO-001,IDEALPRO-1-155514,MARKET,SELL,100000.00,GTC,False,False,100000.00,TAKER,1.093,0.0,['2.19 USD'],NO_TRIGGER,FILLED,OTO,OL-20250319-050000-001-V2-448,"['O-20250319-050000-001-V2-1343', 'O-20250319-050000-001-V2-1344']",,,,,['V2_POS1'],a5ae99c8-a1d2-4b72-90e2-6f848dd6e83f,1742360400000000000,1742360400000000000,,,,,,,
O-20250319-050000-001-V2-1343,BACKTESTER-001,MLSignalStrategyV2-V2,EUR/USD.IDEALPRO,IDEALPRO-1-1343,EUR/USD.IDEALPRO-MLSignalStrategyV2-V2,IDEALPRO-001,IDEALPRO-1-155519,STOP_MARKET,BUY,100000.00,GTC,True,False,100000.00,TAKER,1.09333,9.999999999843467e-06,['2.19 USD'],NO_TRIGGER,FILLED,OUO,OL-20250319-050000-001-V2-448,['O-20250319-050000-001-V2-1344'],O-20250319-050000-001-V2-1342,,,,['V2_POS1_SL'],52b80efb-3212-49c9-adab-49a3426fcad2,1742360400000000000,1742360520000000000,1.09332,DEFAULT,,,,,
O-20250319-050000-001-V2-1344,BACKTESTER-001,MLSignalStrategyV2-V2,EUR/USD.IDEALPRO,IDEALPRO-1-1344,EUR/USD.IDEALPRO-MLSignalStrategyV2-V2,IDEALPRO-001,,LIMIT,BUY,100000.00,GTC,True,False,0.00,NO_LIQUIDITY_SIDE,,,,NO_TRIGGER,CANCELED,OUO,OL-20250319-050000-001-V2-448,['O-20250319-050000-001-V2-1343'],O-20250319-050000-001-V2-1342,,,,['V2_POS1_TP'],a3680707-910f-4d0a-aafa-0c4476e2d302,1742360400000000000,1742360520000000000,,,,,1.09268,False,
O-20250319-051500-001-V2-1345,BACKTESTER-001,MLSignalStrategyV2-V2,EUR/USD.IDEALPRO,IDEALPRO-1-1345,EUR/USD.IDEALPRO-MLSignalStrategyV2-V2,IDEALPRO-001,IDEALPRO-1-155546,MARKET,SELL,100000.00,GTC,False,False,100000.00,TAKER,1.09345,0.0,['2.19 USD'],NO_TRIGGER,FILLED,OTO,OL-20250319-051500-001-V2-449,"['O-20250319-051500-001-V2-1346', 'O-20250319-051500-001-V2-1347']",,,,,['V2_POS1'],81d52f38-f6eb-4569-a572-0d59ff568705,1742361300000000000,1742361300000000000,,,,,,,
O-20250319-051500-001-V2-1346,BACKTESTER-001,MLSignalStrategyV2-V2,EUR/USD.IDEALPRO,IDEALPRO-1-1346,EUR/USD.IDEALPRO-MLSignalStrategyV2-V2,IDEALPRO-001,,STOP_MARKET,BUY,100000.00,GTC,True,False,0.00,NO_LIQUIDITY_SIDE,,,,NO_TRIGGER,CANCELED,OUO,OL-20250319-051500-001-V2-449,['O-20250319-051500-001-V2-1347'],O-20250319-051500-001-V2-1345,,,,['V2_POS1_SL'],674fb4d1-1e73-4e69-87d5-e5fa185b8f6b,1742361300000000000,1742363640000000000,1.09377,DEFAULT,,,,,
O-20250319-051500-001-V2-1347,BACKTESTER-001,MLSignalStrategyV2-V2,EUR/USD.IDEALPRO,IDEALPRO-1-1347,EUR/USD.IDEALPRO-MLSignalStrategyV2-V2,IDEALPRO-001,IDEALPRO-1-155625,LIMIT,BUY,100000.00,GTC,True,False,100000.00,MAKER,1.09313,0.0,['2.19 USD'],NO_TRIGGER,FILLED,OUO,OL-20250319-051500-001-V2-449,['O-20250319-051500-001-V2-1346'],O-20250319-051500-001-V2-1345,,,,['V2_POS1_TP'],db3055e7-c1ca-40a4-99ec-e329a8387c6b,1742361300000000000,1742363640000000000,,,,,1.09313,False,
O-20250319-074500-001-V2-1348,BACKTESTER-001,MLSignalStrategyV2-V2,EUR/USD.IDEALPRO,IDEALPRO-1-1348,EUR/USD.IDEALPRO-MLSignalStrategyV2-V2,IDEALPRO-001,IDEALPRO-1-155848,MARKET,BUY,100000.00,GTC,False,False,100000.00,TAKER,1.08826,0.0,['2.18 USD'],NO_TRIGGER,FILLED,OTO,OL-20250319-074500-001-V2-450,"['O-20250319-074500-001-V2-1349', 'O-20250319-074500-001-V2-1350']",,,,,['V2_POS1'],e444815e-d1a2-4b7b-9ba4-fd10e65bb15b,1742370300000000000,1742370300000000000,,,,,,,
O-20250319-074500-001-V2-1349,BACKTESTER-001,MLSignalStrategyV2-V2,EUR/USD.IDEALPRO,IDEALPRO-1-1349,EUR/USD.IDEALPRO-MLSignalStrategyV2-V2,IDEALPRO-001,,STOP_MARKET,SELL,100000.00,GTC,True,False,0.00,NO_LIQUIDITY_SIDE,,,,NO_TRIGGER,CANCELED,OUO,OL-20250319-074500-001-V2-450,['O-20250319-074500-001-V2-1350'],O-20250319-074500-001-V2-1348,,,,['V2_POS1_SL'],6d668276-c51d-4de8-a703-9811a191b5bb,1742370300000000000,1742370600000000000,1.08754,DEFAULT,,,,,
O-20250319-074500-001-V2-1350,BACKTESTER-001,MLSignalStrategyV2-V2,EUR/USD.IDEALPRO,IDEALPRO-1-1350,EUR/USD.IDEALPRO-MLSignalStrategyV2-V2,IDEALPRO-001,IDEALPRO-1-155859,LIMIT,SELL,100000.00,GTC,True,False,100000.00,MAKER,1.08897,1.0000000000065512e-05,['2.18 USD'],NO_TRIGGER,FILLED,OUO,OL-20250319-074500-001-V2-450,['O-20250319-074500-001-V2-1349'],O-20250319-074500-001-V2-1348,,,,['V2_POS1_TP'],75831e51-c1c0-46af-80a5-e6347a7ccc04,1742370300000000000,1742370600000000000,,,,,1.08898,False,
O-20250319-080000-001-V2-1351,BACKTESTER-001,MLSignalStrategyV2-V2,EUR/USD.IDEALPRO,IDEALPRO-1-1351,EUR/USD.IDEALPRO-MLSignalStrategyV2-V2,IDEALPRO-001,IDEALPRO-1-155880,MARKET,BUY,100000.00,GTC,False,False,100000.00,TAKER,1.08928,0.0,['2.18 USD'],NO_TRIGGER,FILLED,OTO,OL-20250319-080000-001-V2-451,"['O-20250319-080000-001-V2-1352', 'O-20250319-080000-001-V2-1353']",,,,,['V2_POS1'],f8dbb090-2ded-4515-8793-17c7c0e3253a,1742371200000000000,1742371200000000000,,,,,,,
O-20250319-080000-001-V2-1352,BACKTESTER-001,MLSignalStrategyV2-V2,EUR/USD.IDEALPRO,IDEALPRO-1-1352,EUR/USD.IDEALPRO-MLSignalStrategyV2-V2,IDEALPRO-001,,STOP_MARKET,SELL,100000.00,GTC,True,False,0.00,NO_LIQUIDITY_SIDE,,,,NO_TRIGGER,CANCELED,OUO,OL-20250319-080000-001-V2-451,['O-20250319-080000-001-V2-1353'],O-20250319-080000-001-V2-1351,,,,['V2_POS1_SL'],b11903c1-bcab-4946-93ee-8347046c6e9c,1742371200000000000,1742371380000000000,1.08836,DEFAULT,,,,,
O-20250319-080000-001-V2-1353,BACKTESTER-001,MLSignalStrategyV2-V2,EUR/USD.IDEALPRO,IDEALPRO-1-1353,EUR/USD.IDEALPRO-MLSignalStrategyV2-V2,IDEALPRO-001,IDEALPRO-1-155887,LIMIT,SELL,100000.00,GTC,True,False,100000.00,MAKER,1.09045,-0.00026999999999999247,['2.18 USD'],NO_TRIGGER,FILLED,OUO,OL-20250319-080000-001-V2-451,['O-20250319-080000-001-V2-1352'],O-20250319-080000-001-V2-1351,,,,['V2_POS1_TP'],a16d29b4-8858-451f-8d8c-b803421e2fa1,1742371200000000000,1742371380000000000,,,,,1.09018,False,
O-20250319-081500-001-V2-1354,BACKTESTER-001,MLSignalStrategyV2-V2,EUR/USD.IDEALPRO,IDEALPRO-1-1354,EUR/USD.IDEALPRO-MLSignalStrategyV2-V2,IDEALPRO-001,IDEALPRO-1-155912,MARKET,BUY,100000.00,GTC,False,False,100000.00,TAKER,1.08991,0.0,['2.18 USD'],NO_TRIGGER,FILLED,OTO,OL-20250319-081500-001-V2-452,"['O-20250319-081500-001-V2-1355', 'O-20250319-081500-001-V2-1356']",,,,,['V2_POS1'],a1ff8b8b-1095-4540-b557-f9f770cecf7c,1742372100000000000,1742372100000000000,,,,,,,
O-20250319-081500-001-V2-1355,BACKTESTER-001,MLSignalStrategyV2-V2,EUR/USD.IDEALPRO,IDEALPRO-1-1355,EUR/USD.IDEALPRO-MLSignalStrategyV2-V2,IDEALPRO-001,,STOP_MARKET,SELL,100000.00,GTC,True,False,0.00,NO_LIQUIDITY_SIDE,,,,NO_TRIGGER,CANCELED,OUO,OL-20250319-081500-001-V2-452,['O-20250319-081500-001-V2-1356'],O-20250319-081500-001-V2-1354,,,,['V2_POS1_SL'],fbba090a-2108-4c0e-94e5-dd375e696784,1742372100000000000,1742373060000000000,1.08894,DEFAULT,,,,,
O-20250319-081500-001-V2-1356,BACKTESTER-001,MLSignalStrategyV2-V2,EUR/USD.IDEALPRO,IDEALPRO-1-1356,EUR/USD.IDEALPRO-MLSignalStrategyV2-V2,IDEALPRO-001,IDEALPRO-1-155945,LIMIT,SELL,100000.00,GTC,True,False,100000.00,MAKER,1.09094,-8.000000000008001e-05,['2.18 USD'],NO_TRIGGER,FILLED,OUO,OL-20250319-081500-001-V2-452,['O-20250319-081500-001-V2-1355'],O-20250319-081500-001-V2-1354,,,,['V2_POS1_TP'],33e9b982-6115-44f4-9d8d-ad4700487579,1742372100000000000,1742373060000000000,,,,,1.09086,False,
O-20250319-084500-001-V2-1357,BACKTESTER-001,MLSignalStrategyV2-V2,EUR/USD.IDEALPRO,IDEALPRO-1-1357,EUR/USD.IDEALPRO-MLSignalStrategyV2-V2,IDEALPRO-001,IDEALPRO-1-155974,MARKET,BUY,100000.00,GTC,False,False,100000.00,TAKER,1.09058,0.0,['2.18 USD'],NO_TRIGGER,FILLED,OTO,OL-20250319-084500-001-V2-453,"['O-20250319-084500-001-V2-1358', 'O-20250319-084500-001-V2-1359']",,,,,['V2_POS1'],1711d972-a808-47dd-b295-85b4fa57553b,1742373900000000000,1742373900000000000,,,,,,,
O-20250319-084500-001-V2-1358,BACKTESTER-001,MLSignalStrategyV2-V2,EUR/USD.IDEALPRO,IDEALPRO-1-1358,EUR/USD.IDEALPRO-MLSignalStrategyV2-V2,IDEALPRO-001,IDEALPRO-1-156045,STOP_MARKET,SELL,100000.00,GTC,True,False,100000.00,TAKER,1.08963,9.999999999843467e-06,['2.18 USD'],NO_TRIGGER,FILLED,OUO,OL-20250319-084500-001-V2-453,['O-20250319-084500-001-V2-1359'],O-20250319-084500-001-V2-1357,,,,['V2_POS1_SL'],8cdf6be4-ee60-424b-a84a-9429f27aaa63,1742373900000000000,1742376000000000000,1.08964,DEFAULT,,,,,
O-20250319-084500-001-V2-1359,BACKTESTER-001,MLSignalStrategyV2-V2,EUR/USD.IDEALPRO,IDEALPRO-1-1359,EUR/USD.IDEALPRO-MLSignalStrategyV2-V2,IDEALPRO-001,,LIMIT,SELL,100000.00,GTC,True,False,0.00,NO_LIQUIDITY_SIDE,,,,NO_TRIGGER,CANCELED,OUO,OL-20250319-084500-001-V2-453,['O-20250319-084500-001-V2-1358'],O-20250319-084500-001-V2-1357,,,,['V2_POS1_TP'],8c4fe396-c11a-4113-a363-6f1e55dab4ee,1742373900000000000,1742376000000000000,,,,,1.09152,False,
O-20250319-100000-001-V2-1360,BACKTESTER-001,MLSignalStrategyV2-V2,EUR/USD.IDEALPRO,IDEALPRO-1-1360,EUR/USD.IDEALPRO-MLSignalStrategyV2-V2,IDEALPRO-001,IDEALPRO-1-156127,MARKET,SELL,100000.00,GTC,False,False,100000.00,TAKER,1.09027,0.0,['2.18 USD'],NO_TRIGGER,FILLED,OTO,OL-20250319-100000-001-V2-454,"['O-20250319-100000-001-V2-1361', 'O-20250319-100000-001-V2-1362']",,,,,['V2_POS1'],1a92e4dd-c150-49bd-ba07-ca6916b8199b,1742378400000000000,1742378400000000000,,,,,,,
O-20250319-100000-001-V2-1361,BACKTESTER-001,MLSignalStrategyV2-V2,EUR/USD.IDEALPRO,IDEALPRO-1-1361,EUR/USD.IDEALPRO-MLSignalStrategyV2-V2,IDEALPRO-001,,STOP_MARKET,BUY,100000.00,GTC,True,False,0.00,NO_LIQUIDITY_SIDE,,,,NO_TRIGGER,CANCELED,OUO,OL-20250319-100000-001-V2-454,['O-20250319-100000-001-V2-1362'],O-20250319-100000-001-V2-1360,,,,['V2_POS1_SL'],d5afe426-15ce-46f3-961a-54b7e5553a8f,1742378400000000000,1742380680000000000,1.09107,DEFAULT,,,,,
O-20250319-100000-001-V2-1362,BACKTESTER-001,MLSignalStrategyV2-V2,EUR/USD.IDEALPRO,IDEALPRO-1-1362,EUR/USD.IDEALPRO-MLSignalStrategyV2-V2,IDEALPRO-001,IDEALPRO-1-156203,LIMIT,BUY,100000.00,GTC,True,False,100000.00,MAKER,1.08939,-7.999999999985796e-05,['2.18 USD'],NO_TRIGGER,FILLED,OUO,OL-20250319-100000-001-V2-454,['O-20250319-100000-001-V2-1361'],O-20250319-100000-001-V2-1360,,,,['V2_POS1_TP'],d21e3860-a15e-491b-8723-c33dba1b9506,1742378400000000000,1742380680000000000,,,,,1.08947,False,
O-20250319-104500-001-V2-1363,BACKTESTER-001,MLSignalStrategyV2-V2,EUR/USD.IDEALPRO,IDEALPRO-1-1363,EUR/USD.IDEALPRO-MLSignalStrategyV2-V2,IDEALPRO-001,IDEALPRO-1-156218,MARKET,BUY,100000.00,GTC,False,False,100000.00,TAKER,1.08936,0.0,['2.18 USD'],NO_TRIGGER,FILLED,OTO,OL-20250319-104500-001-V2-455,"['O-20250319-104500-001-V2-1364', 'O-20250319-104500-001-V2-1365']",,,,,['V2_POS1'],60c80f4b-8bba-497c-83bb-43127b6dcab7,1742381100000000000,1742381100000000000,,,,,,,
O-20250319-104500-001-V2-1364,BACKTESTER-001,MLSignalStrategyV2-V2,EUR/USD.IDEALPRO,IDEALPRO-1-1364,EUR/USD.IDEALPRO-MLSignalStrategyV2-V2,IDEALPRO-001,,STOP_MARKET,SELL,100000.00,GTC,True,False,0.00,NO_LIQUIDITY_SIDE,,,,NO_TRIGGER,CANCELED,OUO,OL-20250319-104500-001-V2-455,['O-20250319-104500-001-V2-1365'],O-20250319-104500-001-V2-1363,,,,['V2_POS1_SL'],9dd8a306-6cce-4a39-ae35-4144254722c3,1742381100000000000,1742381400000000000,1.08860,DEFAULT,,,,,
O-20250319-104500-001-V2-1365,BACKTESTER-001,MLSignalStrategyV2-V2,EUR/USD.IDEALPRO,IDEALPRO-1-1365,EUR/USD.IDEALPRO-MLSignalStrategyV2-V2,IDEALPRO-001,IDEALPRO-1-156229,LIMIT,SELL,100000.00,GTC,True,False,100000.00,MAKER,1.09012,0.0,['2.18 USD'],NO_TRIGGER,FILLED,OUO,OL-20250319-104500-001-V2-455,['O-20250319-104500-001-V2-1364'],O-20250319-104500-001-V2-1363,,,,['V2_POS1_TP'],8d8457bc-dbcb-4d27-924b-a4e566992352,1742381100000000000,1742381400000000000,,,,,1.09012,False,
O-20250319-111500-001-V2-1366,BACKTESTER-001,MLSignalStrategyV2-V2,EUR/USD.IDEALPRO,IDEALPRO-1-1366,EUR/USD.IDEALPRO-MLSignalStrategyV2-V2,IDEALPRO-001,IDEALPRO-1-156280,MARKET,BUY,100000.00,GTC,False,False,100000.00,TAKER,1.08984,0.0,['2.18 USD'],NO_TRIGGER,FILLED,OTO,OL-20250319-111500-001-V2-456,"['O-20250319-111500-001-V2-1367', 'O-20250319-111500-001-V2-1368']",,,,,['V2_POS1'],51b9cac6-1864-44e1-b6d2-816cfcd9f564,1742382900000000000,1742382900000000000,,,,,,,
O-20250319-111500-001-V2-1367,BACKTESTER-001,MLSignalStrategyV2-V2,EUR/USD.IDEALPRO,IDEALPRO-1-1367,EUR/USD.IDEALPRO-MLSignalStrategyV2-V2,IDEALPRO-001,,STOP_MARKET,SELL,100000.00,GTC,True,False,0.00,NO_LIQUIDITY_SIDE,,,,NO_TRIGGER,CANCELED,OUO,OL-20250319-111500-001-V2-456,['O-20250319-111500-001-V2-1368'],O-20250319-111500-001-V2-1366,,,,['V2_POS1_SL'],a59bf272-7323-4ba5-b0d0-623f72d5c6f1,1742382900000000000,1742384160000000000,1.08911,DEFAULT,,,,,
O-20250319-111500-001-V2-1368,BACKTESTER-001,MLSignalStrategyV2-V2,EUR/USD.IDEALPRO,IDEALPRO-1-1368,EUR/USD.IDEALPRO-MLSignalStrategyV2-V2,IDEALPRO-001,IDEALPRO-1-156323,LIMIT,SELL,100000.00,GTC,True,False,100000.00,MAKER,1.09065,-7.999999999985796e-05,['2.18 USD'],NO_TRIGGER,FILLED,OUO,OL-20250319-111500-001-V2-456,['O-20250319-111500-001-V2-1367'],O-20250319-111500-001-V2-1366,,,,['V2_POS1_TP'],621f445c-1b96-49e3-9fbc-721fbe06b9a2,1742382900000000000,1742384160000000000,,,,,1.09057,False,
O-20250319-160000-001-V2-1369,BACKTESTER-001,MLSignalStrategyV2-V2,EUR/USD.IDEALPRO,IDEALPRO-1-1369,EUR/USD.IDEALPRO-MLSignalStrategyV2-V2,IDEALPRO-001,IDEALPRO-1-156852,MARKET,BUY,100000.00,GTC,False,False,100000.00,TAKER,1.08769,0.0,['2.18 USD'],NO_TRIGGER,FILLED,OTO,OL-20250319-160000-001-V2-457,"['O-20250319-160000-001-V2-1370', 'O-20250319-160000-001-V2-1371']",,,,,['V2_POS1'],cdb3a4df-cbf0-4058-8d4a-ba2494022025,1742400000000000000,1742400000000000000,,,,,,,
O-20250319-160000-001-V2-1370,BACKTESTER-001,MLSignalStrategyV2-V2,EUR/USD.IDEALPRO,IDEALPRO-1-1370,EUR/USD.IDEALPRO-MLSignalStrategyV2-V2,IDEALPRO-001,,STOP_MARKET,SELL,100000.00,GTC,True,False,0.00,NO_LIQUIDITY_SIDE,,,,NO_TRIGGER,CANCELED,OUO,OL-20250319-160000-001-V2-457,['O-20250319-160000-001-V2-1371'],O-20250319-160000-001-V2-1369,,,,['V2_POS1_SL'],332d576b-f0aa-4907-9888-d921fcb6ae90,1742400000000000000,1742400960000000000,1.08704,DEFAULT,,,,,
O-20250319-160000-001-V2-1371,BACKTESTER-001,MLSignalStrategyV2-V2,EUR/USD.IDEALPRO,IDEALPRO-1-1371,EUR/USD.IDEALPRO-MLSignalStrategyV2-V2,IDEALPRO-001,IDEALPRO-1-156885,LIMIT,SELL,100000.00,GTC,True,False,100000.00,MAKER,1.08854,-0.00019999999999997797,['2.18 USD'],NO_TRIGGER,FILLED,OUO,OL-20250319-160000-001-V2-457,['O-20250319-160000-001-V2-1370'],O-20250319-160000-001-V2-1369,,,,['V2_POS1_TP'],561f8281-9ec5-4e7f-a830-a368ff1f49ce,1742400000000000000,1742400960000000000,,,,,1.08834,False,
O-20250320-003000-001-V2-1372,BACKTESTER-001,MLSignalStrategyV2-V2,EUR/USD.IDEALPRO,IDEALPRO-1-1372,EUR/USD.IDEALPRO-MLSignalStrategyV2-V2,IDEALPRO-001,IDEALPRO-1-157845,MARKET,BUY,100000.00,GTC,False,False,100000.00,TAKER,1.09084,0.0,['2.18 USD'],NO_TRIGGER,FILLED,OTO,OL-20250320-003000-001-V2-458,"['O-20250320-003000-001-V2-1373', 'O-20250320-003000-001-V2-1374']",,,,,['V2_POS1'],ab0ff3ee-9e84-4e64-81de-8553a991dd05,1742430600000000000,1742430600000000000,,,,,,,
O-20250320-003000-001-V2-1373,BACKTESTER-001,MLSignalStrategyV2-V2,EUR/USD.IDEALPRO,IDEALPRO-1-1373,EUR/USD.IDEALPRO-MLSignalStrategyV2-V2,IDEALPRO-001,IDEALPRO-1-157847,STOP_MARKET,SELL,100000.00,GTC,True,False,100000.00,TAKER,1.09037,0.00010999999999983245,['2.18 USD'],NO_TRIGGER,FILLED,OUO,OL-20250320-003000-001-V2-458,['O-20250320-003000-001-V2-1374'],O-20250320-003000-001-V2-1372,,,,['V2_POS1_SL'],87eaa59e-cc45-47f1-b708-08bff7ca8cc1,1742430600000000000,1742430660000000000,1.09048,DEFAULT,,,,,
O-20250320-003000-001-V2-1374,BACKTESTER-001,MLSignalStrategyV2-V2,EUR/USD.IDEALPRO,IDEALPRO-1-1374,EUR/USD.IDEALPRO-MLSignalStrategyV2-V2,IDEALPRO-001,,LIMIT,SELL,100000.00,GTC,True,False,0.00,NO_LIQUIDITY_SIDE,,,,NO_TRIGGER,CANCELED,OUO,OL-20250320-003000-001-V2-458,['O-20250320-003000-001-V2-1373'],O-20250320-003000-001-V2-1372,,,,['V2_POS1_TP'],acf69f7b-994e-4560-b2b1-c6ff6d6e5c38,1742430600000000000,1742430660000000000,,,,,1.09118,False,
O-20250320-004500-001-V2-1375,BACKTESTER-001,MLSignalStrategyV2-V2,EUR/USD.IDEALPRO,IDEALPRO-1-1375,EUR/USD.IDEALPRO-MLSignalStrategyV2-V2,IDEALPRO-001,IDEALPRO-1-157876,MARKET,BUY,100000.00,GTC,False,False,100000.00,TAKER,1.09132,0.0,['2.18 USD'],NO_TRIGGER,FILLED,OTO,OL-20250320-004500-001-V2-459,"['O-20250320-004500-001-V2-1376', 'O-20250320-004500-001-V2-1377']",,,,,['V2_POS1'],36152732-289a-4b24-b82c-115cb3e231eb,1742431500000000000,1742431500000000000,,,,,,,
O-20250320-004500-001-V2-1376,BACKTESTER-001,MLSignalStrategyV2-V2,EUR/USD.IDEALPRO,IDEALPRO-1-1376,EUR/USD.IDEALPRO-MLSignalStrategyV2-V2,IDEALPRO-001,IDEALPRO-1-157889,STOP_MARKET,SELL,100000.00,GTC,True,False,100000.00,TAKER,1.09091,2.999999999997449e-05,['2.18 USD'],NO_TRIGGER,FILLED,OUO,OL-20250320-004500-001-V2-459,['O-20250320-004500-001-V2-1377'],O-20250320-004500-001-V2-1375,,,,['V2_POS1_SL'],f455c7cb-b084-4213-9d13-14f2b555cfc4,1742431500000000000,1742431860000000000,1.09094,DEFAULT,,,,,
O-20250320-004500-001-V2-1377,BACKTESTER-001,MLSignalStrategyV2-V2,EUR/USD.IDEALPRO,IDEALPRO-1-1377,EUR/USD.IDEALPRO-MLSignalStrategyV2-V2,IDEALPRO-001,,LIMIT,SELL,100000.00,GTC,True,False,0.00,NO_LIQUIDITY_SIDE,,,,NO_TRIGGER,CANCELED,OUO,OL-20250320-004500-001-V2-459,['O-20250320-004500-001-V2-1376'],O-20250320-004500-001-V2-1375,,,,['V2_POS1_TP'],3c8cc372-376f-4d44-ace5-7b6059ce8dd5,1742431500000000000,1742431860000000000,,,,,1.09170,False,
O-20250320-063000-001-V2-1378,BACKTESTER-001,MLSignalStrategyV2-V2,EUR/USD.IDEALPRO,IDEALPRO-1-1378,EUR/USD.IDEALPRO-MLSignalStrategyV2-V2,IDEALPRO-001,IDEALPRO-1-158568,MARKET,SELL,100000.00,GTC,False,False,100000.00,TAKER,1.08938,0.0,['2.18 USD'],NO_TRIGGER,FILLED,OTO,OL-20250320-063000-001-V2-460,"['O-20250320-063000-001-V2-1379', 'O-20250320-063000-001-V2-1380']",,,,,['V2_POS1'],7d7d5f04-0ea9-4194-b02f-a80dc7e5c4bd,1742452200000000000,1742452200000000000,,,,,,,
O-20250320-063000-001-V2-1379,BACKTESTER-001,MLSignalStrategyV2-V2,EUR/USD.IDEALPRO,IDEALPRO-1-1379,EUR/USD.IDEALPRO-MLSignalStrategyV2-V2,IDEALPRO-001,,STOP_MARKET,BUY,100000.00,GTC,True,False,0.00,NO_LIQUIDITY_SIDE,,,,NO_TRIGGER,CANCELED,OUO,OL-20250320-063000-001-V2-460,['O-20250320-063000-001-V2-1380'],O-20250320-063000-001-V2-1378,,,,['V2_POS1_SL'],bc9de5d0-5954-49fb-be00-37eea15d52dd,1742452200000000000,1742453700000000000,1.08976,DEFAULT,,,,,
O-20250320-063000-001-V2-1380,BACKTESTER-001,MLSignalStrategyV2-V2,EUR/USD.IDEALPRO,IDEALPRO-1-1380,EUR/USD.IDEALPRO-MLSignalStrategyV2-V2,IDEALPRO-001,IDEALPRO-1-158619,LIMIT,BUY,100000.00,GTC,True,False,100000.00,MAKER,1.08898,-1.999999999990898e-05,['2.18 USD'],NO_TRIGGER,FILLED,OUO,OL-20250320-063000-001-V2-460,['O-20250320-063000-001-V2-1379'],O-20250320-063000-001-V2-1378,,,,['V2_POS1_TP'],90715c38-47cd-42a4-9b30-9a43b7adaf51,1742452200000000000,1742453700000000000,,,,,1.08900,False,
O-20250320-093000-001-V2-1381,BACKTESTER-001,MLSignalStrategyV2-V2,EUR/USD.IDEALPRO,IDEALPRO-1-1381,EUR/USD.IDEALPRO-MLSignalStrategyV2-V2,IDEALPRO-001,IDEALPRO-1-158930,MARKET,BUY,100000.00,GTC,False,False,100000.00,TAKER,1.08408,0.0,['2.17 USD'],NO_TRIGGER,FILLED,OTO,OL-20250320-093000-001-V2-461,"['O-20250320-093000-001-V2-1382', 'O-20250320-093000-001-V2-1383']",,,,,['V2_POS1'],46332a98-e60a-4097-bbde-1daabae75863,1742463000000000000,1742463000000000000,,,,,,,
O-20250320-093000-001-V2-1382,BACKTESTER-001,MLSignalStrategyV2-V2,EUR/USD.IDEALPRO,IDEALPRO-1-1382,EUR/USD.IDEALPRO-MLSignalStrategyV2-V2,IDEALPRO-001,,STOP_MARKET,SELL,100000.00,GTC,True,False,0.00,NO_LIQUIDITY_SIDE,,,,NO_TRIGGER,CANCELED,OUO,OL-20250320-093000-001-V2-461,['O-20250320-093000-001-V2-1383'],O-20250320-093000-001-V2-1381,,,,['V2_POS1_SL'],ba20a9d6-312a-4833-ac34-70f5bb051f91,1742463000000000000,1742463540000000000,1.08323,DEFAULT,,,,,
O-20250320-093000-001-V2-1383,BACKTESTER-001,MLSignalStrategyV2-V2,EUR/USD.IDEALPRO,IDEALPRO-1-1383,EUR/USD.IDEALPRO-MLSignalStrategyV2-V2,IDEALPRO-001,IDEALPRO-1-158949,LIMIT,SELL,100000.00,GTC,True,False,100000.00,MAKER,1.08495,-2.0000000000131024e-05,['2.17 USD'],NO_TRIGGER,FILLED,OUO,OL-20250320-093000-001-V2-461,['O-20250320-093000-001-V2-1382'],O-20250320-093000-001-V2-1381,,,,['V2_POS1_TP'],2492cdec-f0b9-4a50-b44a-be1b1fd8ccae,1742463000000000000,1742463540000000000,,,,,1.08493,False,
O-20250320-101500-001-V2-1384,BACKTESTER-001,MLSignalStrategyV2-V2,EUR/USD.IDEALPRO,IDEALPRO-1-1384,EUR/USD.IDEALPRO-MLSignalStrategyV2-V2,IDEALPRO-001,IDEALPRO-1-159022,MARKET,BUY,100000.00,GTC,False,False,100000.00,TAKER,1.0842,0.0,['2.17 USD'],NO_TRIGGER,FILLED,OTO,OL-20250320-101500-001-V2-462,"['O-20250320-101500-001-V2-1385', 'O-20250320-101500-001-V2-1386']",,,,,['V2_POS1'],612cc446-15e0-4b57-91a0-d7e18fd11f54,1742465700000000000,1742465700000000000,,,,,,,
O-20250320-101500-001-V2-1385,BACKTESTER-001,MLSignalStrategyV2-V2,EUR/USD.IDEALPRO,IDEALPRO-1-1385,EUR/USD.IDEALPRO-MLSignalStrategyV2-V2,IDEALPRO-001,,STOP_MARKET,SELL,100000.00,GTC,True,False,0.00,NO_LIQUIDITY_SIDE,,,,NO_TRIGGER,CANCELED,OUO,OL-20250320-101500-001-V2-462,['O-20250320-101500-001-V2-1386'],O-20250320-101500-001-V2-1384,,,,['V2_POS1_SL'],0784b4a0-d90d-4838-89aa-a32ed75f6b37,1742465700000000000,1742467680000000000,1.08327,DEFAULT,,,,,
O-20250320-101500-001-V2-1386,BACKTESTER-001,MLSignalStrategyV2-V2,EUR/USD.IDEALPRO,IDEALPRO-1-1386,EUR/USD.IDEALPRO-MLSignalStrategyV2-V2,IDEALPRO-001,IDEALPRO-1-159089,LIMIT,SELL,100000.00,GTC,True,False,100000.00,MAKER,1.08518,-5.0000000000105516e-05,['2.17 USD'],NO_TRIGGER,FILLED,OUO,OL-20250320-101500-001-V2-462,['O-20250320-101500-001-V2-1385'],O-20250320-101500-001-V2-1384,,,,['V2_POS1_TP'],3fcd4ec6-559a-4a91-b892-48053bfa4618,1742465700000000000,1742467680000000000,,,,,1.08513,False,
O-20250320-124500-001-V2-1387,BACKTESTER-001,MLSignalStrategyV2-V2,EUR/USD.IDEALPRO,IDEALPRO-1-1387,EUR/USD.IDEALPRO-MLSignalStrategyV2-V2,IDEALPRO-001,IDEALPRO-1-159324,MARKET,BUY,100000.00,GTC,False,False,100000.00,TAKER,1.08401,0.0,['2.17 USD'],NO_TRIGGER,FILLED,OTO,OL-20250320-124500-001-V2-463,"['O-20250320-124500-001-V2-1388', 'O-20250320-124500-001-V2-1389']",,,,,['V2_POS1'],37f4303d-7860-40d6-b37c-29c421e9fa82,1742474700000000000,1742474700000000000,,,,,,,
O-20250320-124500-001-V2-1388,BACKTESTER-001,MLSignalStrategyV2-V2,EUR/USD.IDEALPRO,IDEALPRO-1-1388,EUR/USD.IDEALPRO-MLSignalStrategyV2-V2,IDEALPRO-001,IDEALPRO-1-159349,STOP_MARKET,SELL,100000.00,GTC,True,False,100000.00,TAKER,1.08309,8.999999999992347e-05,['2.17 USD'],NO_TRIGGER,FILLED,OUO,OL-20250320-124500-001-V2-463,['O-20250320-124500-001-V2-1389'],O-20250320-124500-001-V2-1387,,,,['V2_POS1_SL'],84af700a-63f4-49aa-85fa-f81bb7686e7e,1742474700000000000,1742475420000000000,1.08318,DEFAULT,,,,,
O-20250320-124500-001-V2-1389,BACKTESTER-001,MLSignalStrategyV2-V2,EUR/USD.IDEALPRO,IDEALPRO-1-1389,EUR/USD.IDEALPRO-MLSignalStrategyV2-V2,IDEALPRO-001,,LIMIT,SELL,100000.00,GTC,True,False,0.00,NO_LIQUIDITY_SIDE,,,,NO_TRIGGER,CANCELED,OUO,OL-20250320-124500-001-V2-463,['O-20250320-124500-001-V2-1388'],O-20250320-124500-001-V2-1387,,,,['V2_POS1_TP'],6d5c5cde-7312-4ec2-8900-26bdbaac0942,1742474700000000000,1742475420000000000,,,,,1.08482,False,
O-20250320-130000-001-V2-1390,BACKTESTER-001,MLSignalStrategyV2-V2,EUR/USD.IDEALPRO,IDEALPRO-1-1390,EUR/USD.IDEALPRO-MLSignalStrategyV2-V2,IDEALPRO-001,IDEALPRO-1-159356,MARKET,BUY,100000.00,GTC,False,False,100000.00,TAKER,1.0834,0.0,['2.17 USD'],NO_TRIGGER,FILLED,OTO,OL-20250320-130000-001-V2-464,"['O-20250320-130000-001-V2-1391', 'O-20250320-130000-001-V2-1392']",,,,,['V2_POS1'],2b49f778-4037-4d40-894c-c8b64ae72994,1742475600000000000,1742475600000000000,,,,,,,
O-20250320-130000-001-V2-1391,BACKTESTER-001,MLSignalStrategyV2-V2,EUR/USD.IDEALPRO,IDEALPRO-1-1391,EUR/USD.IDEALPRO-MLSignalStrategyV2-V2,IDEALPRO-001,IDEALPRO-1-159399,STOP_MARKET,SELL,100000.00,GTC,True,False,100000.00,TAKER,1.08255,0.0,['2.17 USD'],NO_TRIGGER,FILLED,OUO,OL-20250320-130000-001-V2-464,['O-20250320-130000-001-V2-1392'],O-20250320-130000-001-V2-1390,,,,['V2_POS1_SL'],4019ee96-90c5-4528-8981-47a8d6d0d352,1742475600000000000,1742476860000000000,1.08255,DEFAULT,,,,,
O-20250320-130000-001-V2-1392,BACKTESTER-001,MLSignalStrategyV2-V2,EUR/USD.IDEALPRO,IDEALPRO-1-1392,EUR/USD.IDEALPRO-MLSignalStrategyV2-V2,IDEALPRO-001,,LIMIT,SELL,100000.00,GTC,True,False,0.00,NO_LIQUIDITY_SIDE,,,,NO_TRIGGER,CANCELED,OUO,OL-20250320-130000-001-V2-464,['O-20250320-130000-001-V2-1391'],O-20250320-130000-001-V2-1390,,,,['V2_POS1_TP'],3895d71d-74e2-4695-8afb-9e79e0dd9376,1742475600000000000,1742476860000000000,,,,,1.08423,False,
O-20250320-133000-001-V2-1393,BACKTESTER-001,MLSignalStrategyV2-V2,EUR/USD.IDEALPRO,IDEALPRO-1-1393,EUR/USD.IDEALPRO-MLSignalStrategyV2-V2,IDEALPRO-001,IDEALPRO-1-159418,MARKET,BUY,100000.00,GTC,False,False,100000.00,TAKER,1.08227,0.0,['2.16 USD'],NO_TRIGGER,FILLED,OTO,OL-20250320-133000-001-V2-465,"['O-20250320-133000-001-V2-1394', 'O-20250320-133000-001-V2-1395']",,,,,['V2_POS1'],79f50a33-061b-4e9d-9cee-ecbb790105eb,1742477400000000000,1742477400000000000,,,,,,,
O-20250320-133000-001-V2-1394,BACKTESTER-001,MLSignalStrategyV2-V2,EUR/USD.IDEALPRO,IDEALPRO-1-1394,EUR/USD.IDEALPRO-MLSignalStrategyV2-V2,IDEALPRO-001,,STOP_MARKET,SELL,100000.00,GTC,True,False,0.00,NO_LIQUIDITY_SIDE,,,,NO_TRIGGER,CANCELED,OUO,OL-20250320-133000-001-V2-465,['O-20250320-133000-001-V2-1395'],O-20250320-133000-001-V2-1393,,,,['V2_POS1_SL'],6c73c8ca-7c16-4dd6-8483-2a9f8415bafd,1742477400000000000,1742479380000000000,1.08143,DEFAULT,,,,,
O-20250320-133000-001-V2-1395,BACKTESTER-001,MLSignalStrategyV2-V2,EUR/USD.IDEALPRO,IDEALPRO-1-1395,EUR/USD.IDEALPRO-MLSignalStrategyV2-V2,IDEALPRO-001,IDEALPRO-1-159485,LIMIT,SELL,100000.00,GTC,True,False,100000.00,MAKER,1.0832,-8.999999999992347e-05,['2.17 USD'],NO_TRIGGER,FILLED,OUO,OL-20250320-133000-001-V2-465,['O-20250320-133000-001-V2-1394'],O-20250320-133000-001-V2-1393,,,,['V2_POS1_TP'],06a1b0c6-0160-4306-968f-b4d601583982,1742477400000000000,1742479380000000000,,,,,1.08311,False,
O-20250320-213000-001-V2-1396,BACKTESTER-001,MLSignalStrategyV2-V2,EUR/USD.IDEALPRO,IDEALPRO-1-1396,EUR/USD.IDEALPRO-MLSignalStrategyV2-V2,IDEALPRO-001,IDEALPRO-1-160350,MARKET,BUY,100000.00,GTC,False,False,100000.00,TAKER,1.08558,0.0,['2.17 USD'],NO_TRIGGER,FILLED,OTO,OL-20250320-213000-001-V2-466,"['O-20250320-213000-001-V2-1397', 'O-20250320-213000-001-V2-1398']",,,,,['V2_POS1'],d158cb10-46a8-409b-89a4-0e4c65352e4e,1742506200000000000,1742506200000000000,,,,,,,
O-20250320-213000-001-V2-1397,BACKTESTER-001,MLSignalStrategyV2-V2,EUR/USD.IDEALPRO,IDEALPRO-1-1397,EUR/USD.IDEALPRO-MLSignalStrategyV2-V2,IDEALPRO-001,IDEALPRO-1-160695,STOP_MARKET,SELL,100000.00,GTC,True,False,100000.00,TAKER,1.08509,0.00010999999999983245,['2.17 USD'],NO_TRIGGER,FILLED,OUO,OL-20250320-213000-001-V2-466,['O-20250320-213000-001-V2-1398'],O-20250320-213000-001-V2-1396,,,,['V2_POS1_SL'],a3afbd5f-03b7-4e4a-9fc3-e1cb2eaa5e29,1742506200000000000,1742516520000000000,1.08520,DEFAULT,,,,,
O-20250320-213000-001-V2-1398,BACKTESTER-001,MLSignalStrategyV2-V2,EUR/USD.IDEALPRO,IDEALPRO-1-1398,EUR/USD.IDEALPRO-MLSignalStrategyV2-V2,IDEALPRO-001,,LIMIT,SELL,100000.00,GTC,True,False,0.00,NO_LIQUIDITY_SIDE,,,,NO_TRIGGER,CANCELED,OUO,OL-20250320-213000-001-V2-466,['O-20250320-213000-001-V2-1397'],O-20250320-213000-001-V2-1396,,,,['V2_POS1_TP'],a0feafa9-8c72-4d32-bf87-81d937b8c596,1742506200000000000,1742516520000000000,,,,,1.08596,False,
O-20250321-011500-001-V2-1399,BACKTESTER-001,MLSignalStrategyV2-V2,EUR/USD.IDEALPRO,IDEALPRO-1-1399,EUR/USD.IDEALPRO-MLSignalStrategyV2-V2,IDEALPRO-001,IDEALPRO-1-160803,MARKET,BUY,100000.00,GTC,False,False,100000.00,TAKER,1.08513,0.0,['2.17 USD'],NO_TRIGGER,FILLED,OTO,OL-20250321-011500-001-V2-467,"['O-20250321-011500-001-V2-1400', 'O-20250321-011500-001-V2-1401']",,,,,['V2_POS1'],daf23b65-719b-4bd8-9f0f-baea3481f26a,1742519700000000000,1742519700000000000,,,,,,,
O-20250321-011500-001-V2-1400,BACKTESTER-001,MLSignalStrategyV2-V2,EUR/USD.IDEALPRO,IDEALPRO-1-1400,EUR/USD.IDEALPRO-MLSignalStrategyV2-V2,IDEALPRO-001,,STOP_MARKET,SELL,100000.00,GTC,True,False,0.00,NO_LIQUIDITY_SIDE,,,,NO_TRIGGER,CANCELED,OUO,OL-20250321-011500-001-V2-467,['O-20250321-011500-001-V2-1401'],O-20250321-011500-001-V2-1399,,,,['V2_POS1_SL'],f9dda0a0-0b1c-42d4-8e04-e48be803fcd0,1742519700000000000,1742520120000000000,1.08486,DEFAULT,,,,,
O-20250321-011500-001-V2-1401,BACKTESTER-001,MLSignalStrategyV2-V2,EUR/USD.IDEALPRO,IDEALPRO-1-1401,EUR/USD.IDEALPRO-MLSignalStrategyV2-V2,IDEALPRO-001,IDEALPRO-1-160817,LIMIT,SELL,100000.00,GTC,True,False,100000.00,MAKER,1.08543,-2.999999999997449e-05,['2.17 USD'],NO_TRIGGER,FILLED,OUO,OL-20250321-011500-001-V2-467,['O-20250321-011500-001-V2-1400'],O-20250321-011500-001-V2-1399,,,,['V2_POS1_TP'],8fcf62e2-c4af-4141-906b-35b5b6bb62f9,1742519700000000000,1742520120000000000,,,,,1.08540,False,
O-20250321-030000-001-V2-1402,BACKTESTER-001,MLSignalStrategyV2-V2,EUR/USD.IDEALPRO,IDEALPRO-1-1402,EUR/USD.IDEALPRO-MLSignalStrategyV2-V2,IDEALPRO-001,IDEALPRO-1-161014,MARKET,BUY,100000.00,GTC,False,False,100000.00,TAKER,1.08443,0.0,['2.17 USD'],NO_TRIGGER,FILLED,OTO,OL-20250321-030000-001-V2-468,"['O-20250321-030000-001-V2-1403', 'O-20250321-030000-001-V2-1404']",,,,,['V2_POS1'],aeb29f5e-db10-4776-bd45-ec6b80ab7bfd,1742526000000000000,1742526000000000000,,,,,,,
O-20250321-030000-001-V2-1403,BACKTESTER-001,MLSignalStrategyV2-V2,EUR/USD.IDEALPRO,IDEALPRO-1-1403,EUR/USD.IDEALPRO-MLSignalStrategyV2-V2,IDEALPRO-001,IDEALPRO-1-161071,STOP_MARKET,SELL,100000.00,GTC,True,False,100000.00,TAKER,1.08406,1.0000000000065512e-05,['2.17 USD'],NO_TRIGGER,FILLED,OUO,OL-20250321-030000-001-V2-468,['O-20250321-030000-001-V2-1404'],O-20250321-030000-001-V2-1402,,,,['V2_POS1_SL'],88835552-9631-4405-99f2-3e7c5ceed1ca,1742526000000000000,1742527680000000000,1.08407,DEFAULT,,,,,
O-20250321-030000-001-V2-1404,BACKTESTER-001,MLSignalStrategyV2-V2,EUR/USD.IDEALPRO,IDEALPRO-1-1404,EUR/USD.IDEALPRO-MLSignalStrategyV2-V2,IDEALPRO-001,,LIMIT,SELL,100000.00,GTC,True,False,0.00,NO_LIQUIDITY_SIDE,,,,NO_TRIGGER,CANCELED,OUO,OL-20250321-030000-001-V2-468,['O-20250321-030000-001-V2-1403'],O-20250321-030000-001-V2-1402,,,,['V2_POS1_TP'],e93203bc-b750-42aa-a5ab-36c1357b8a6a,1742526000000000000,1742527680000000000,,,,,1.08477,False,
O-20250321-033000-001-V2-1405,BACKTESTER-001,MLSignalStrategyV2-V2,EUR/USD.IDEALPRO,IDEALPRO-1-1405,EUR/USD.IDEALPRO-MLSignalStrategyV2-V2,IDEALPRO-001,IDEALPRO-1-161077,MARKET,SELL,100000.00,GTC,False,False,100000.00,TAKER,1.084,0.0,['2.17 USD'],NO_TRIGGER,FILLED,OTO,OL-20250321-033000-001-V2-469,"['O-20250321-033000-001-V2-1406', 'O-20250321-033000-001-V2-1407']",,,,,['V2_POS1'],2e6fd24c-c0fe-4399-9b47-8b62c963876a,1742527800000000000,1742527800000000000,,,,,,,
O-20250321-033000-001-V2-1406,BACKTESTER-001,MLSignalStrategyV2-V2,EUR/USD.IDEALPRO,IDEALPRO-1-1406,EUR/USD.IDEALPRO-MLSignalStrategyV2-V2,IDEALPRO-001,,STOP_MARKET,BUY,100000.00,GTC,True,False,0.00,NO_LIQUIDITY_SIDE,,,,NO_TRIGGER,CANCELED,OUO,OL-20250321-033000-001-V2-469,['O-20250321-033000-001-V2-1407'],O-20250321-033000-001-V2-1405,,,,['V2_POS1_SL'],1de71f3a-99d8-48df-80c3-d165e554f22b,1742527800000000000,1742528220000000000,1.08437,DEFAULT,,,,,
O-20250321-033000-001-V2-1407,BACKTESTER-001,MLSignalStrategyV2-V2,EUR/USD.IDEALPRO,IDEALPRO-1-1407,EUR/USD.IDEALPRO-MLSignalStrategyV2-V2,IDEALPRO-001,IDEALPRO-1-161091,LIMIT,BUY,100000.00,GTC,True,False,100000.00,MAKER,1.08353,-0.00011999999999989797,['2.17 USD'],NO_TRIGGER,FILLED,OUO,OL-20250321-033000-001-V2-469,['O-20250321-033000-001-V2-1406'],O-20250321-033000-001-V2-1405,,,,['V2_POS1_TP'],e2d3e94e-8853-4719-93db-0cfbbbe12fdf,1742527800000000000,1742528220000000000,,,,,1.08365,False,
O-20250321-034500-001-V2-1408,BACKTESTER-001,MLSignalStrategyV2-V2,EUR/USD.IDEALPRO,IDEALPRO-1-1408,EUR/USD.IDEALPRO-MLSignalStrategyV2-V2,IDEALPRO-001,IDEALPRO-1-161108,MARKET,SELL,100000.00,GTC,False,False,100000.00,TAKER,1.08359,0.0,['2.17 USD'],NO_TRIGGER,FILLED,OTO,OL-20250321-034500-001-V2-470,"['O-20250321-034500-001-V2-1409', 'O-20250321-034500-001-V2-1410']",,,,,['V2_POS1'],d6b2ad55-3f97-4c9b-b7de-30a2b427cfd4,1742528700000000000,1742528700000000000,,,,,,,
O-20250321-034500-001-V2-1409,BACKTESTER-001,MLSignalStrategyV2-V2,EUR/USD.IDEALPRO,IDEALPRO-1-1409,EUR/USD.IDEALPRO-MLSignalStrategyV2-V2,IDEALPRO-001,,STOP_MARKET,BUY,100000.00,GTC,True,False,0.00,NO_LIQUIDITY_SIDE,,,,NO_TRIGGER,CANCELED,OUO,OL-20250321-034500-001-V2-470,['O-20250321-034500-001-V2-1410'],O-20250321-034500-001-V2-1408,,,,['V2_POS1_SL'],360a5801-3ac9-46d6-943c-5edda099a4db,1742528700000000000,1742530560000000000,1.08395,DEFAULT,,,,,
O-20250321-034500-001-V2-1410,BACKTESTER-001,MLSignalStrategyV2-V2,EUR/USD.IDEALPRO,IDEALPRO-1-1410,EUR/USD.IDEALPRO-MLSignalStrategyV2-V2,IDEALPRO-001,IDEALPRO-1-161171,LIMIT,BUY,100000.00,GTC,True,False,100000.00,MAKER,1.08324,1.0000000000065512e-05,['2.17 USD'],NO_TRIGGER,FILLED,OUO,OL-20250321-034500-001-V2-470,['O-20250321-034500-001-V2-1409'],O-20250321-034500-001-V2-1408,,,,['V2_POS1_TP'],0c90bfc2-7370-45f0-b35a-5f9c41347e7f,1742528700000000000,1742530560000000000,,,,,1.08323,False,
O-20250321-050000-001-V2-1411,BACKTESTER-001,MLSignalStrategyV2-V2,EUR/USD.IDEALPRO,IDEALPRO-1-1411,EUR/USD.IDEALPRO-MLSignalStrategyV2-V2,IDEALPRO-001,IDEALPRO-1-161260,MARKET,BUY,100000.00,GTC,False,False,100000.00,TAKER,1.08304,0.0,['2.17 USD'],NO_TRIGGER,FILLED,OTO,OL-20250321-050000-001-V2-471,"['O-20250321-050000-001-V2-1412', 'O-20250321-050000-001-V2-1413']",,,,,['V2_POS1'],493d420f-7c42-4839-be01-21cfccd7de0a,1742533200000000000,1742533200000000000,,,,,,,
O-20250321-050000-001-V2-1412,BACKTESTER-001,MLSignalStrategyV2-V2,EUR/USD.IDEALPRO,IDEALPRO-1-1412,EUR/USD.IDEALPRO-MLSignalStrategyV2-V2,IDEALPRO-001,IDEALPRO-1-161311,STOP_MARKET,SELL,100000.00,GTC,True,False,100000.00,TAKER,1.08257,0.00011999999999989797,['2.17 USD'],NO_TRIGGER,FILLED,OUO,OL-20250321-050000-001-V2-471,['O-20250321-050000-001-V2-1413'],O-20250321-050000-001-V2-1411,,,,['V2_POS1_SL'],3e924ffc-1d77-4180-ab2c-9ce36f68f728,1742533200000000000,1742534700000000000,1.08269,DEFAULT,,,,,
O-20250321-050000-001-V2-1413,BACKTESTER-001,MLSignalStrategyV2-V2,EUR/USD.IDEALPRO,IDEALPRO-1-1413,EUR/USD.IDEALPRO-MLSignalStrategyV2-V2,IDEALPRO-001,,LIMIT,SELL,100000.00,GTC,True,False,0.00,NO_LIQUIDITY_SIDE,,,,NO_TRIGGER,CANCELED,OUO,OL-20250321-050000-001-V2-471,['O-20250321-050000-001-V2-1412'],O-20250321-050000-001-V2-1411,,,,['V2_POS1_TP'],92b91586-8f9d-4513-b3d7-1a03a0ba1856,1742533200000000000,1742534700000000000,,,,,1.08337,False,
O-20250321-053000-001-V2-1414,BACKTESTER-001,MLSignalStrategyV2-V2,EUR/USD.IDEALPRO,IDEALPRO-1-1414,EUR/USD.IDEALPRO-MLSignalStrategyV2-V2,IDEALPRO-001,IDEALPRO-1-161322,MARKET,BUY,100000.00,GTC,False,False,100000.00,TAKER,1.08251,0.0,['2.17 USD'],NO_TRIGGER,FILLED,OTO,OL-20250321-053000-001-V2-472,"['O-20250321-053000-001-V2-1415', 'O-20250321-053000-001-V2-1416']",,,,,['V2_POS1'],af566494-4ee5-45fd-a4da-5ecd1c7412c9,1742535000000000000,1742535000000000000,,,,,,,
O-20250321-053000-001-V2-1415,BACKTESTER-001,MLSignalStrategyV2-V2,EUR/USD.IDEALPRO,IDEALPRO-1-1415,EUR/USD.IDEALPRO-MLSignalStrategyV2-V2,IDEALPRO-001,IDEALPRO-1-161343,STOP_MARKET,SELL,100000.00,GTC,True,False,100000.00,TAKER,1.08217,9.999999999843467e-06,['2.16 USD'],NO_TRIGGER,FILLED,OUO,OL-20250321-053000-001-V2-472,['O-20250321-053000-001-V2-1416'],O-20250321-053000-001-V2-1414,,,,['V2_POS1_SL'],fb293574-26fa-4d27-9eb2-b46aa0dc8b23,1742535000000000000,1742535600000000000,1.08218,DEFAULT,,,,,
O-20250321-053000-001-V2-1416,BACKTESTER-001,MLSignalStrategyV2-V2,EUR/USD.IDEALPRO,IDEALPRO-1-1416,EUR/USD.IDEALPRO-MLSignalStrategyV2-V2,IDEALPRO-001,,LIMIT,SELL,100000.00,GTC,True,False,0.00,NO_LIQUIDITY_SIDE,,,,NO_TRIGGER,CANCELED,OUO,OL-20250321-053000-001-V2-472,['O-20250321-053000-001-V2-1415'],O-20250321-053000-001-V2-1414,,,,['V2_POS1_TP'],16322bad-f1c1-4e1a-8da1-f5d088287a7c,1742535000000000000,1742535600000000000,,,,,1.08284,False,
O-20250321-054500-001-V2-1417,BACKTESTER-001,MLSignalStrategyV2-V2,EUR/USD.IDEALPRO,IDEALPRO-1-1417,EUR/USD.IDEALPRO-MLSignalStrategyV2-V2,IDEALPRO-001,IDEALPRO-1-161354,MARKET,BUY,100000.00,GTC,False,False,100000.00,TAKER,1.08203,0.0,['2.16 USD'],NO_TRIGGER,FILLED,OTO,OL-20250321-054500-001-V2-473,"['O-20250321-054500-001-V2-1418', 'O-20250321-054500-001-V2-1419']",,,,,['V2_POS1'],1cdbe511-230a-4709-a039-031ff06f823b,1742535900000000000,1742535900000000000,,,,,,,
O-20250321-054500-001-V2-1418,BACKTESTER-001,MLSignalStrategyV2-V2,EUR/USD.IDEALPRO,IDEALPRO-1-1418,EUR/USD.IDEALPRO-MLSignalStrategyV2-V2,IDEALPRO-001,,STOP_MARKET,SELL,100000.00,GTC,True,False,0.00,NO_LIQUIDITY_SIDE,,,,NO_TRIGGER,CANCELED,OUO,OL-20250321-054500-001-V2-473,['O-20250321-054500-001-V2-1419'],O-20250321-054500-001-V2-1417,,,,['V2_POS1_SL'],bc4b79a5-ca31-408b-97d5-d4b94fd85999,1742535900000000000,1742536320000000000,1.08169,DEFAULT,,,,,
O-20250321-054500-001-V2-1419,BACKTESTER-001,MLSignalStrategyV2-V2,EUR/USD.IDEALPRO,IDEALPRO-1-1419,EUR/USD.IDEALPRO-MLSignalStrategyV2-V2,IDEALPRO-001,IDEALPRO-1-161369,LIMIT,SELL,100000.00,GTC,True,False,100000.00,MAKER,1.08237,0.0,['2.16 USD'],NO_TRIGGER,FILLED,OUO,OL-20250321-054500-001-V2-473,['O-20250321-054500-001-V2-1418'],O-20250321-054500-001-V2-1417,,,,['V2_POS1_TP'],fe07a546-e6ab-4da5-b50b-fc42b249d0bd,1742535900000000000,1742536320000000000,,,,,1.08237,False,
O-20250321-201500-001-V2-1420,BACKTESTER-001,MLSignalStrategyV2-V2,EUR/USD.IDEALPRO,IDEALPRO-1-1420,EUR/USD.IDEALPRO-MLSignalStrategyV2-V2,IDEALPRO-001,IDEALPRO-1-163096,MARKET,BUY,100000.00,GTC,False,False,100000.00,TAKER,1.08168,0.0,['2.16 USD'],NO_TRIGGER,FILLED,OTO,OL-20250321-201500-001-V2-474,"['O-20250321-201500-001-V2-1421', 'O-20250321-201500-001-V2-1422']",,,,,['V2_POS1'],703b69a5-79aa-43d0-a5aa-9d7b5337f9b4,1742588100000000000,1742588100000000000,,,,,,,
O-20250321-201500-001-V2-1421,BACKTESTER-001,MLSignalStrategyV2-V2,EUR/USD.IDEALPRO,IDEALPRO-1-1421,EUR/USD.IDEALPRO-MLSignalStrategyV2-V2,IDEALPRO-001,,STOP_MARKET,SELL,100000.00,GTC,True,False,0.00,NO_LIQUIDITY_SIDE,,,,NO_TRIGGER,CANCELED,OUO,OL-20250321-201500-001-V2-474,['O-20250321-201500-001-V2-1422'],O-20250321-201500-001-V2-1420,,,,['V2_POS1_SL'],ff7eada9-8ff1-42db-9b10-706fe7e91a65,1742588100000000000,1742767260000000000,1.08114,DEFAULT,,,,,
O-20250321-201500-001-V2-1422,BACKTESTER-001,MLSignalStrategyV2-V2,EUR/USD.IDEALPRO,IDEALPRO-1-1422,EUR/USD.IDEALPRO-MLSignalStrategyV2-V2,IDEALPRO-001,IDEALPRO-1-163279,LIMIT,SELL,100000.00,GTC,True,False,100000.00,MAKER,1.08264,-0.00042000000000008697,['2.17 USD'],NO_TRIGGER,FILLED,OUO,OL-20250321-201500-001-V2-474,['O-20250321-201500-001-V2-1421'],O-20250321-201500-001-V2-1420,,,,['V2_POS1_TP'],9fb0b4c7-52a7-4a6a-93a2-9cb5e5982f7e,1742588100000000000,1742767260000000000,,,,,1.08222,False,
O-20250323-221500-001-V2-1423,BACKTESTER-001,MLSignalStrategyV2-V2,EUR/USD.IDEALPRO,IDEALPRO-1-1423,EUR/USD.IDEALPRO-MLSignalStrategyV2-V2,IDEALPRO-001,IDEALPRO-1-163308,MARKET,BUY,100000.00,GTC,False,False,100000.00,TAKER,1.08179,0.0,['2.16 USD'],NO_TRIGGER,FILLED,OTO,OL-20250323-221500-001-V2-475,"['O-20250323-221500-001-V2-1424', 'O-20250323-221500-001-V2-1425']",,,,,['V2_POS1'],45c12e89-24ab-489b-a931-a5ab8ac34f40,1742768100000000000,1742768100000000000,,,,,,,
O-20250323-221500-001-V2-1424,BACKTESTER-001,MLSignalStrategyV2-V2,EUR/USD.IDEALPRO,IDEALPRO-1-1424,EUR/USD.IDEALPRO-MLSignalStrategyV2-V2,IDEALPRO-001,,STOP_MARKET,SELL,100000.00,GTC,True,False,0.00,NO_LIQUIDITY_SIDE,,,,NO_TRIGGER,CANCELED,OUO,OL-20250323-221500-001-V2-475,['O-20250323-221500-001-V2-1425'],O-20250323-221500-001-V2-1423,,,,['V2_POS1_SL'],f4715e9d-97e4-453f-add2-bd02670851c1,1742768100000000000,1742768820000000000,1.08136,DEFAULT,,,,,
O-20250323-221500-001-V2-1425,BACKTESTER-001,MLSignalStrategyV2-V2,EUR/USD.IDEALPRO,IDEALPRO-1-1425,EUR/USD.IDEALPRO-MLSignalStrategyV2-V2,IDEALPRO-001,IDEALPRO-1-163333,LIMIT,SELL,100000.00,GTC,True,False,100000.00,MAKER,1.08222,0.0,['2.16 USD'],NO_TRIGGER,FILLED,OUO,OL-20250323-221500-001-V2-475,['O-20250323-221500-001-V2-1424'],O-20250323-221500-001-V2-1423,,,,['V2_POS1_TP'],c2ab93b1-8bc7-4413-a160-6ad5304a765b,1742768100000000000,1742768820000000000,,,,,1.08222,False,
O-20250323-223000-001-V2-1426,BACKTESTER-001,MLSignalStrategyV2-V2,EUR/USD.IDEALPRO,IDEALPRO-1-1426,EUR/USD.IDEALPRO-MLSignalStrategyV2-V2,IDEALPRO-001,IDEALPRO-1-163340,MARKET,BUY,100000.00,GTC,False,False,100000.00,TAKER,1.08193,0.0,['2.16 USD'],NO_TRIGGER,FILLED,OTO,OL-20250323-223000-001-V2-476,"['O-20250323-223000-001-V2-1427', 'O-20250323-223000-001-V2-1428']",,,,,['V2_POS1'],fafe27ba-9dfa-4eda-81ff-5400f7da306e,1742769000000000000,1742769000000000000,,,,,,,
O-20250323-223000-001-V2-1427,BACKTESTER-001,MLSignalStrategyV2-V2,EUR/USD.IDEALPRO,IDEALPRO-1-1427,EUR/USD.IDEALPRO-MLSignalStrategyV2-V2,IDEALPRO-001,,STOP_MARKET,SELL,100000.00,GTC,True,False,0.00,NO_LIQUIDITY_SIDE,,,,NO_TRIGGER,CANCELED,OUO,OL-20250323-223000-001-V2-476,['O-20250323-223000-001-V2-1428'],O-20250323-223000-001-V2-1426,,,,['V2_POS1_SL'],2286eede-1186-4a61-be69-2741e9ba6a22,1742769000000000000,1742771640000000000,1.08146,DEFAULT,,,,,
O-20250323-223000-001-V2-1428,BACKTESTER-001,MLSignalStrategyV2-V2,EUR/USD.IDEALPRO,IDEALPRO-1-1428,EUR/USD.IDEALPRO-MLSignalStrategyV2-V2,IDEALPRO-001,IDEALPRO-1-163429,LIMIT,SELL,100000.00,GTC,True,False,100000.00,MAKER,1.08244,-4.0000000000040004e-05,['2.16 USD'],NO_TRIGGER,FILLED,OUO,OL-20250323-223000-001-V2-476,['O-20250323-223000-001-V2-1427'],O-20250323-223000-001-V2-1426,,,,['V2_POS1_TP'],e59ac7b8-7dcc-4f5e-9110-2190674346d1,1742769000000000000,1742771640000000000,,,,,1.08240,False,
O-20250323-233000-001-V2-1429,BACKTESTER-001,MLSignalStrategyV2-V2,EUR/USD.IDEALPRO,IDEALPRO-1-1429,EUR/USD.IDEALPRO-MLSignalStrategyV2-V2,IDEALPRO-001,IDEALPRO-1-163463,MARKET,BUY,100000.00,GTC,False,False,100000.00,TAKER,1.08244,0.0,['2.16 USD'],NO_TRIGGER,FILLED,OTO,OL-20250323-233000-001-V2-477,"['O-20250323-233000-001-V2-1430', 'O-20250323-233000-001-V2-1431']",,,,,['V2_POS1'],0db6f8de-842f-45a5-a19f-87cc6034f499,1742772600000000000,1742772600000000000,,,,,,,
O-20250323-233000-001-V2-1430,BACKTESTER-001,MLSignalStrategyV2-V2,EUR/USD.IDEALPRO,IDEALPRO-1-1430,EUR/USD.IDEALPRO-MLSignalStrategyV2-V2,IDEALPRO-001,,STOP_MARKET,SELL,100000.00,GTC,True,False,0.00,NO_LIQUIDITY_SIDE,,,,NO_TRIGGER,CANCELED,OUO,OL-20250323-233000-001-V2-477,['O-20250323-233000-001-V2-1431'],O-20250323-233000-001-V2-1429,,,,['V2_POS1_SL'],bfd403c7-e8b0-4934-890f-6bf818fb6927,1742772600000000000,1742773440000000000,1.08204,DEFAULT,,,,,
O-20250323-233000-001-V2-1431,BACKTESTER-001,MLSignalStrategyV2-V2,EUR/USD.IDEALPRO,IDEALPRO-1-1431,EUR/USD.IDEALPRO-MLSignalStrategyV2-V2,IDEALPRO-001,IDEALPRO-1-163491,LIMIT,SELL,100000.00,GTC,True,False,100000.00,MAKER,1.08289,-4.999999999988347e-05,['2.17 USD'],NO_TRIGGER,FILLED,OUO,OL-20250323-233000-001-V2-477,['O-20250323-233000-001-V2-1430'],O-20250323-233000-001-V2-1429,,,,['V2_POS1_TP'],7b9f16ed-67fc-49be-a761-86c32a697931,1742772600000000000,1742773440000000000,,,,,1.08284,False,
O-20250323-234500-001-V2-1432,BACKTESTER-001,MLSignalStrategyV2-V2,EUR/USD.IDEALPRO,IDEALPRO-1-1432,EUR/USD.IDEALPRO-MLSignalStrategyV2-V2,IDEALPRO-001,IDEALPRO-1-163494,MARKET,BUY,100000.00,GTC,False,False,100000.00,TAKER,1.08293,0.0,['2.17 USD'],NO_TRIGGER,FILLED,OTO,OL-20250323-234500-001-V2-478,"['O-20250323-234500-001-V2-1433', 'O-20250323-234500-001-V2-1434']",,,,,['V2_POS1'],7deaf97a-9cdb-4df7-a1c3-e47bee8651fc,1742773500000000000,1742773500000000000,,,,,,,
O-20250323-234500-001-V2-1433,BACKTESTER-001,MLSignalStrategyV2-V2,EUR/USD.IDEALPRO,IDEALPRO-1-1433,EUR/USD.IDEALPRO-MLSignalStrategyV2-V2,IDEALPRO-001,,STOP_MARKET,SELL,100000.00,GTC,True,False,0.00,NO_LIQUIDITY_SIDE,,,,NO_TRIGGER,CANCELED,OUO,OL-20250323-234500-001-V2-478,['O-20250323-234500-001-V2-1434'],O-20250323-234500-001-V2-1432,,,,['V2_POS1_SL'],f828f96a-750f-4f24-86ae-f00f43e2de67,1742773500000000000,1742773920000000000,1.08253,DEFAULT,,,,,
O-20250323-234500-001-V2-1434,BACKTESTER-001,MLSignalStrategyV2-V2,EUR/USD.IDEALPRO,IDEALPRO-1-1434,EUR/USD.IDEALPRO-MLSignalStrategyV2-V2,IDEALPRO-001,IDEALPRO-1-163509,LIMIT,SELL,100000.00,GTC,True,False,100000.00,MAKER,1.08335,-2.0000000000131024e-05,['2.17 USD'],NO_TRIGGER,FILLED,OUO,OL-20250323-234500-001-V2-478,['O-20250323-234500-001-V2-1433'],O-20250323-234500-001-V2-1432,,,,['V2_POS1_TP'],f5156523-1c41-48df-9324-3bf270989f41,1742773500000000000,1742773920000000000,,,,,1.08333,False,
O-20250324-084500-001-V2-1435,BACKTESTER-001,MLSignalStrategyV2-V2,EUR/USD.IDEALPRO,IDEALPRO-1-1435,EUR/USD.IDEALPRO-MLSignalStrategyV2-V2,IDEALPRO-001,IDEALPRO-1-164576,MARKET,SELL,100000.00,GTC,False,False,100000.00,TAKER,1.08474,0.0,['2.17 USD'],NO_TRIGGER,FILLED,OTO,OL-20250324-084500-001-V2-479,"['O-20250324-084500-001-V2-1436', 'O-20250324-084500-001-V2-1437']",,,,,['V2_POS1'],43a1bfed-7ac7-4b72-8a6b-d433d2dd39f3,1742805900000000000,1742805900000000000,,,,,,,
O-20250324-084500-001-V2-1436,BACKTESTER-001,MLSignalStrategyV2-V2,EUR/USD.IDEALPRO,IDEALPRO-1-1436,EUR/USD.IDEALPRO-MLSignalStrategyV2-V2,IDEALPRO-001,,STOP_MARKET,BUY,100000.00,GTC,True,False,0.00,NO_LIQUIDITY_SIDE,,,,NO_TRIGGER,CANCELED,OUO,OL-20250324-084500-001-V2-479,['O-20250324-084500-001-V2-1437'],O-20250324-084500-001-V2-1435,,,,['V2_POS1_SL'],d28b2b9b-d5ba-4055-8983-d598499f5ce7,1742805900000000000,1742806560000000000,1.08545,DEFAULT,,,,,
O-20250324-084500-001-V2-1437,BACKTESTER-001,MLSignalStrategyV2-V2,EUR/USD.IDEALPRO,IDEALPRO-1-1437,EUR/USD.IDEALPRO-MLSignalStrategyV2-V2,IDEALPRO-001,IDEALPRO-1-164599,LIMIT,BUY,100000.00,GTC,True,False,100000.00,MAKER,1.08394,-9.000000000014552e-05,['2.17 USD'],NO_TRIGGER,FILLED,OUO,OL-20250324-084500-001-V2-479,['O-20250324-084500-001-V2-1436'],O-20250324-084500-001-V2-1435,,,,['V2_POS1_TP'],1b8ec466-f73f-4136-93e4-ca4d7d6f696f,1742805900000000000,1742806560000000000,,,,,1.08403,False,
O-20250324-100000-001-V2-1438,BACKTESTER-001,MLSignalStrategyV2-V2,EUR/USD.IDEALPRO,IDEALPRO-1-1438,EUR/USD.IDEALPRO-MLSignalStrategyV2-V2,IDEALPRO-001,IDEALPRO-1-164728,MARKET,SELL,100000.00,GTC,False,False,100000.00,TAKER,1.08393,0.0,['2.17 USD'],NO_TRIGGER,FILLED,OTO,OL-20250324-100000-001-V2-480,"['O-20250324-100000-001-V2-1439', 'O-20250324-100000-001-V2-1440']",,,,,['V2_POS1'],7239be03-f91d-44e4-95e0-9c4e814b2d15,1742810400000000000,1742810400000000000,,,,,,,
O-20250324-100000-001-V2-1439,BACKTESTER-001,MLSignalStrategyV2-V2,EUR/USD.IDEALPRO,IDEALPRO-1-1439,EUR/USD.IDEALPRO-MLSignalStrategyV2-V2,IDEALPRO-001,IDEALPRO-1-164769,STOP_MARKET,BUY,100000.00,GTC,True,False,100000.00,TAKER,1.08482,0.00011999999999989797,['2.17 USD'],NO_TRIGGER,FILLED,OUO,OL-20250324-100000-001-V2-480,['O-20250324-100000-001-V2-1440'],O-20250324-100000-001-V2-1438,,,,['V2_POS1_SL'],e9e46022-1f16-49c3-8bcd-3e9fa4fe4c60,1742810400000000000,1742811600000000000,1.08470,DEFAULT,,,,,
O-20250324-100000-001-V2-1440,BACKTESTER-001,MLSignalStrategyV2-V2,EUR/USD.IDEALPRO,IDEALPRO-1-1440,EUR/USD.IDEALPRO-MLSignalStrategyV2-V2,IDEALPRO-001,,LIMIT,BUY,100000.00,GTC,True,False,0.00,NO_LIQUIDITY_SIDE,,,,NO_TRIGGER,CANCELED,OUO,OL-20250324-100000-001-V2-480,['O-20250324-100000-001-V2-1439'],O-20250324-100000-001-V2-1438,,,,['V2_POS1_TP'],1b130fba-1b2a-40cf-843d-72162c82091f,1742810400000000000,1742811600000000000,,,,,1.08318,False,
O-20250324-120000-001-V2-1441,BACKTESTER-001,MLSignalStrategyV2-V2,EUR/USD.IDEALPRO,IDEALPRO-1-1441,EUR/USD.IDEALPRO-MLSignalStrategyV2-V2,IDEALPRO-001,IDEALPRO-1-164970,MARKET,SELL,100000.00,GTC,False,False,100000.00,TAKER,1.08325,0.0,['2.17 USD'],NO_TRIGGER,FILLED,OTO,OL-20250324-120000-001-V2-481,"['O-20250324-120000-001-V2-1442', 'O-20250324-120000-001-V2-1443']",,,,,['V2_POS1'],d91e2d39-4e14-400c-8156-432d24ce8aaa,1742817600000000000,1742817600000000000,,,,,,,
O-20250324-120000-001-V2-1442,BACKTESTER-001,MLSignalStrategyV2-V2,EUR/USD.IDEALPRO,IDEALPRO-1-1442,EUR/USD.IDEALPRO-MLSignalStrategyV2-V2,IDEALPRO-001,,STOP_MARKET,BUY,100000.00,GTC,True,False,0.00,NO_LIQUIDITY_SIDE,,,,NO_TRIGGER,CANCELED,OUO,OL-20250324-120000-001-V2-481,['O-20250324-120000-001-V2-1443'],O-20250324-120000-001-V2-1441,,,,['V2_POS1_SL'],60bb8bd3-d079-4a0a-b3ad-a06ff0e786bd,1742817600000000000,1742818680000000000,1.08388,DEFAULT,,,,,
O-20250324-120000-001-V2-1443,BACKTESTER-001,MLSignalStrategyV2-V2,EUR/USD.IDEALPRO,IDEALPRO-1-1443,EUR/USD.IDEALPRO-MLSignalStrategyV2-V2,IDEALPRO-001,IDEALPRO-1-165007,LIMIT,BUY,100000.00,GTC,True,False,100000.00,MAKER,1.08228,-0.000360000000000138,['2.16 USD'],NO_TRIGGER,FILLED,OUO,OL-20250324-120000-001-V2-481,['O-20250324-120000-001-V2-1442'],O-20250324-120000-001-V2-1441,,,,['V2_POS1_TP'],00a8de37-0eea-457c-8c4e-62935c1c0f85,1742817600000000000,1742818680000000000,,,,,1.08264,False,
O-20250324-140000-001-V2-1444,BACKTESTER-001,MLSignalStrategyV2-V2,EUR/USD.IDEALPRO,IDEALPRO-1-1444,EUR/USD.IDEALPRO-MLSignalStrategyV2-V2,IDEALPRO-001,IDEALPRO-1-165212,MARKET,BUY,100000.00,GTC,False,False,100000.00,TAKER,1.07934,0.0,['2.16 USD'],NO_TRIGGER,FILLED,OTO,OL-20250324-140000-001-V2-482,"['O-20250324-140000-001-V2-1445', 'O-20250324-140000-001-V2-1446']",,,,,['V2_POS1'],13b3009a-4291-46fd-845d-1e0d0588f14d,1742824800000000000,1742824800000000000,,,,,,,
O-20250324-140000-001-V2-1445,BACKTESTER-001,MLSignalStrategyV2-V2,EUR/USD.IDEALPRO,IDEALPRO-1-1445,EUR/USD.IDEALPRO-MLSignalStrategyV2-V2,IDEALPRO-001,,STOP_MARKET,SELL,100000.00,GTC,True,False,0.00,NO_LIQUIDITY_SIDE,,,,NO_TRIGGER,CANCELED,OUO,OL-20250324-140000-001-V2-482,['O-20250324-140000-001-V2-1446'],O-20250324-140000-001-V2-1444,,,,['V2_POS1_SL'],cfcdd6df-8fb8-4905-ba7a-b2767bf55d42,1742824800000000000,1742825400000000000,1.07862,DEFAULT,,,,,
O-20250324-140000-001-V2-1446,BACKTESTER-001,MLSignalStrategyV2-V2,EUR/USD.IDEALPRO,IDEALPRO-1-1446,EUR/USD.IDEALPRO-MLSignalStrategyV2-V2,IDEALPRO-001,IDEALPRO-1-165233,LIMIT,SELL,100000.00,GTC,True,False,100000.00,MAKER,1.08011,-4.999999999988347e-05,['2.16 USD'],NO_TRIGGER,FILLED,OUO,OL-20250324-140000-001-V2-482,['O-20250324-140000-001-V2-1445'],O-20250324-140000-001-V2-1444,,,,['V2_POS1_TP'],2d064753-d530-4ce3-ad66-4e5bc54fa73e,1742824800000000000,1742825400000000000,,,,,1.08006,False,
O-20250324-170000-001-V2-1447,BACKTESTER-001,MLSignalStrategyV2-V2,EUR/USD.IDEALPRO,IDEALPRO-1-1447,EUR/USD.IDEALPRO-MLSignalStrategyV2-V2,IDEALPRO-001,IDEALPRO-1-165574,MARKET,BUY,100000.00,GTC,False,False,100000.00,TAKER,1.0792,0.0,['2.16 USD'],NO_TRIGGER,FILLED,OTO,OL-20250324-170000-001-V2-483,"['O-20250324-170000-001-V2-1448', 'O-20250324-170000-001-V2-1449']",,,,,['V2_POS1'],d9234834-9d0f-4af3-ba5a-b116cdb26aa2,1742835600000000000,1742835600000000000,,,,,,,
O-20250324-170000-001-V2-1448,BACKTESTER-001,MLSignalStrategyV2-V2,EUR/USD.IDEALPRO,IDEALPRO-1-1448,EUR/USD.IDEALPRO-MLSignalStrategyV2-V2,IDEALPRO-001,,STOP_MARKET,SELL,100000.00,GTC,True,False,0.00,NO_LIQUIDITY_SIDE,,,,NO_TRIGGER,CANCELED,OUO,OL-20250324-170000-001-V2-483,['O-20250324-170000-001-V2-1449'],O-20250324-170000-001-V2-1447,,,,['V2_POS1_SL'],1fda35fc-b039-491f-a90d-f8d210d551d1,1742835600000000000,1742841600000000000,1.07824,DEFAULT,,,,,
O-20250324-170000-001-V2-1449,BACKTESTER-001,MLSignalStrategyV2-V2,EUR/USD.IDEALPRO,IDEALPRO-1-1449,EUR/USD.IDEALPRO-MLSignalStrategyV2-V2,IDEALPRO-001,IDEALPRO-1-165775,LIMIT,SELL,100000.00,GTC,True,False,100000.00,MAKER,1.08019,-4.999999999988347e-05,['2.16 USD'],NO_TRIGGER,FILLED,OUO,OL-20250324-170000-001-V2-483,['O-20250324-170000-001-V2-1448'],O-20250324-170000-001-V2-1447,,,,['V2_POS1_TP'],9a281a7f-5d2b-4e3d-b84d-417d7c3cfd0c,1742835600000000000,1742841600000000000,,,,,1.08014,False,
O-20250324-220000-001-V2-1450,BACKTESTER-001,MLSignalStrategyV2-V2,EUR/USD.IDEALPRO,IDEALPRO-1-1450,EUR/USD.IDEALPRO-MLSignalStrategyV2-V2,IDEALPRO-001,IDEALPRO-1-166146,MARKET,BUY,100000.00,GTC,False,False,100000.00,TAKER,1.08007,0.0,['2.16 USD'],NO_TRIGGER,FILLED,OTO,OL-20250324-220000-001-V2-484,"['O-20250324-220000-001-V2-1451', 'O-20250324-220000-001-V2-1452']",,,,,['V2_POS1'],55f1f926-9e87-4145-812a-219ad35ca8b3,1742853600000000000,1742853600000000000,,,,,,,
O-20250324-220000-001-V2-1451,BACKTESTER-001,MLSignalStrategyV2-V2,EUR/USD.IDEALPRO,IDEALPRO-1-1451,EUR/USD.IDEALPRO-MLSignalStrategyV2-V2,IDEALPRO-001,IDEALPRO-1-166181,STOP_MARKET,SELL,100000.00,GTC,True,False,100000.00,TAKER,1.07963,9.999999999843467e-06,['2.16 USD'],NO_TRIGGER,FILLED,OUO,OL-20250324-220000-001-V2-484,['O-20250324-220000-001-V2-1452'],O-20250324-220000-001-V2-1450,,,,['V2_POS1_SL'],e5b3e1b8-854c-48e5-998d-3493f7a19745,1742853600000000000,1742854620000000000,1.07964,DEFAULT,,,,,
O-20250324-220000-001-V2-1452,BACKTESTER-001,MLSignalStrategyV2-V2,EUR/USD.IDEALPRO,IDEALPRO-1-1452,EUR/USD.IDEALPRO-MLSignalStrategyV2-V2,IDEALPRO-001,,LIMIT,SELL,100000.00,GTC,True,False,0.00,NO_LIQUIDITY_SIDE,,,,NO_TRIGGER,CANCELED,OUO,OL-20250324-220000-001-V2-484,['O-20250324-220000-001-V2-1451'],O-20250324-220000-001-V2-1450,,,,['V2_POS1_TP'],d58f2ed7-b12b-4961-a4bf-e6bb59d0170f,1742853600000000000,1742854620000000000,,,,,1.08050,False,
O-20250324-223000-001-V2-1453,BACKTESTER-001,MLSignalStrategyV2-V2,EUR/USD.IDEALPRO,IDEALPRO-1-1453,EUR/USD.IDEALPRO-MLSignalStrategyV2-V2,IDEALPRO-001,IDEALPRO-1-166208,MARKET,BUY,100000.00,GTC,False,False,100000.00,TAKER,1.0799,0.0,['2.16 USD'],NO_TRIGGER,FILLED,OTO,OL-20250324-223000-001-V2-485,"['O-20250324-223000-001-V2-1454', 'O-20250324-223000-001-V2-1455']",,,,,['V2_POS1'],ecacc359-c4d1-4b15-86da-5ecca8138cd5,1742855400000000000,1742855400000000000,,,,,,,
O-20250324-223000-001-V2-1454,BACKTESTER-001,MLSignalStrategyV2-V2,EUR/USD.IDEALPRO,IDEALPRO-1-1454,EUR/USD.IDEALPRO-MLSignalStrategyV2-V2,IDEALPRO-001,,STOP_MARKET,SELL,100000.00,GTC,True,False,0.00,NO_LIQUIDITY_SIDE,,,,NO_TRIGGER,CANCELED,OUO,OL-20250324-223000-001-V2-485,['O-20250324-223000-001-V2-1455'],O-20250324-223000-001-V2-1453,,,,['V2_POS1_SL'],23db9282-8878-41b3-bd0f-265f3f4ef901,1742855400000000000,1742857380000000000,1.07948,DEFAULT,,,,,
O-20250324-223000-001-V2-1455,BACKTESTER-001,MLSignalStrategyV2-V2,EUR/USD.IDEALPRO,IDEALPRO-1-1455,EUR/USD.IDEALPRO-MLSignalStrategyV2-V2,IDEALPRO-001,IDEALPRO-1-166275,LIMIT,SELL,100000.00,GTC,True,False,100000.00,MAKER,1.08034,-2.0000000000131024e-05,['2.16 USD'],NO_TRIGGER,FILLED,OUO,OL-20250324-223000-001-V2-485,['O-20250324-223000-001-V2-1454'],O-20250324-223000-001-V2-1453,,,,['V2_POS1_TP'],1856766a-bff3-47dc-afed-6a94dff44af5,1742855400000000000,1742857380000000000,,,,,1.08032,False,
O-20250325-003000-001-V2-1456,BACKTESTER-001,MLSignalStrategyV2-V2,EUR/USD.IDEALPRO,IDEALPRO-1-1456,EUR/USD.IDEALPRO-MLSignalStrategyV2-V2,IDEALPRO-001,IDEALPRO-1-166450,MARKET,BUY,100000.00,GTC,False,False,100000.00,TAKER,1.07964,0.0,['2.16 USD'],NO_TRIGGER,FILLED,OTO,OL-20250325-003000-001-V2-486,"['O-20250325-003000-001-V2-1457', 'O-20250325-003000-001-V2-1458']",,,,,['V2_POS1'],3d3eeba6-32c1-4133-8573-458a8060bdea,1742862600000000000,1742862600000000000,,,,,,,
O-20250325-003000-001-V2-1457,BACKTESTER-001,MLSignalStrategyV2-V2,EUR/USD.IDEALPRO,IDEALPRO-1-1457,EUR/USD.IDEALPRO-MLSignalStrategyV2-V2,IDEALPRO-001,,STOP_MARKET,SELL,100000.00,GTC,True,False,0.00,NO_LIQUIDITY_SIDE,,,,NO_TRIGGER,CANCELED,OUO,OL-20250325-003000-001-V2-486,['O-20250325-003000-001-V2-1458'],O-20250325-003000-001-V2-1456,,,,['V2_POS1_SL'],8a7ebcfd-95f7-45b4-8c58-33fa1a53202d,1742862600000000000,1742863980000000000,1.07935,DEFAULT,,,,,
O-20250325-003000-001-V2-1458,BACKTESTER-001,MLSignalStrategyV2-V2,EUR/USD.IDEALPRO,IDEALPRO-1-1458,EUR/USD.IDEALPRO-MLSignalStrategyV2-V2,IDEALPRO-001,IDEALPRO-1-166497,LIMIT,SELL,100000.00,GTC,True,False,100000.00,MAKER,1.08001,-7.999999999985796e-05,['2.16 USD'],NO_TRIGGER,FILLED,OUO,OL-20250325-003000-001-V2-486,['O-20250325-003000-001-V2-1457'],O-20250325-003000-001-V2-1456,,,,['V2_POS1_TP'],a3a6d859-2524-4219-a248-34dfe58c49ff,1742862600000000000,1742863980000000000,,,,,1.07993,False,
O-20250325-013000-001-V2-1459,BACKTESTER-001,MLSignalStrategyV2-V2,EUR/USD.IDEALPRO,IDEALPRO-1-1459,EUR/USD.IDEALPRO-MLSignalStrategyV2-V2,IDEALPRO-001,IDEALPRO-1-166573,MARKET,SELL,100000.00,GTC,False,False,100000.00,TAKER,1.08045,0.0,['2.16 USD'],NO_TRIGGER,FILLED,OTO,OL-20250325-013000-001-V2-487,"['O-20250325-013000-001-V2-1460', 'O-20250325-013000-001-V2-1461']",,,,,['V2_POS1'],2bc478a4-31f0-4209-a9d0-eb2e6daacbdc,1742866200000000000,1742866200000000000,,,,,,,
O-20250325-013000-001-V2-1460,BACKTESTER-001,MLSignalStrategyV2-V2,EUR/USD.IDEALPRO,IDEALPRO-1-1460,EUR/USD.IDEALPRO-MLSignalStrategyV2-V2,IDEALPRO-001,,STOP_MARKET,BUY,100000.00,GTC,True,False,0.00,NO_LIQUIDITY_SIDE,,,,NO_TRIGGER,CANCELED,OUO,OL-20250325-013000-001-V2-487,['O-20250325-013000-001-V2-1461'],O-20250325-013000-001-V2-1459,,,,['V2_POS1_SL'],762cc325-1cf2-4ef1-b868-b194e5e15833,1742866200000000000,1742868060000000000,1.08079,DEFAULT,,,,,
O-20250325-013000-001-V2-1461,BACKTESTER-001,MLSignalStrategyV2-V2,EUR/USD.IDEALPRO,IDEALPRO-1-1461,EUR/USD.IDEALPRO-MLSignalStrategyV2-V2,IDEALPRO-001,IDEALPRO-1-166635,LIMIT,BUY,100000.00,GTC,True,False,100000.00,MAKER,1.08011,0.0,['2.16 USD'],NO_TRIGGER,FILLED,OUO,OL-20250325-013000-001-V2-487,['O-20250325-013000-001-V2-1460'],O-20250325-013000-001-V2-1459,,,,['V2_POS1_TP'],3a61d64e-c121-426f-9ce3-2930398bd57a,1742866200000000000,1742868060000000000,,,,,1.08011,False,
O-20250325-024500-001-V2-1462,BACKTESTER-001,MLSignalStrategyV2-V2,EUR/USD.IDEALPRO,IDEALPRO-1-1462,EUR/USD.IDEALPRO-MLSignalStrategyV2-V2,IDEALPRO-001,IDEALPRO-1-166725,MARKET,SELL,100000.00,GTC,False,False,100000.00,TAKER,1.0799,0.0,['2.16 USD'],NO_TRIGGER,FILLED,OTO,OL-20250325-024500-001-V2-488,"['O-20250325-024500-001-V2-1463', 'O-20250325-024500-001-V2-1464']",,,,,['V2_POS1'],204dbbe6-a13e-4fed-bcc2-9deb7f63458c,1742870700000000000,1742870700000000000,,,,,,,
O-20250325-024500-001-V2-1463,BACKTESTER-001,MLSignalStrategyV2-V2,EUR/USD.IDEALPRO,IDEALPRO-1-1463,EUR/USD.IDEALPRO-MLSignalStrategyV2-V2,IDEALPRO-001,,STOP_MARKET,BUY,100000.00,GTC,True,False,0.00,NO_LIQUIDITY_SIDE,,,,NO_TRIGGER,CANCELED,OUO,OL-20250325-024500-001-V2-488,['O-20250325-024500-001-V2-1464'],O-20250325-024500-001-V2-1462,,,,['V2_POS1_SL'],32f5b0a8-20c5-4b19-baa7-66a8fe97e499,1742870700000000000,1742871120000000000,1.08027,DEFAULT,,,,,
O-20250325-024500-001-V2-1464,BACKTESTER-001,MLSignalStrategyV2-V2,EUR/USD.IDEALPRO,IDEALPRO-1-1464,EUR/USD.IDEALPRO-MLSignalStrategyV2-V2,IDEALPRO-001,IDEALPRO-1-166739,LIMIT,BUY,100000.00,GTC,True,False,100000.00,MAKER,1.07944,-0.0001100000000000545,['2.16 USD'],NO_TRIGGER,FILLED,OUO,OL-20250325-024500-001-V2-488,['O-20250325-024500-001-V2-1463'],O-20250325-024500-001-V2-1462,,,,['V2_POS1_TP'],60f29c64-19a4-4acf-85ec-cc85d0f4dbf9,1742870700000000000,1742871120000000000,,,,,1.07955,False,
O-20250325-041500-001-V2-1465,BACKTESTER-001,MLSignalStrategyV2-V2,EUR/USD.IDEALPRO,IDEALPRO-1-1465,EUR/USD.IDEALPRO-MLSignalStrategyV2-V2,IDEALPRO-001,IDEALPRO-1-166906,MARKET,SELL,100000.00,GTC,False,False,100000.00,TAKER,1.08054,0.0,['2.16 USD'],NO_TRIGGER,FILLED,OTO,OL-20250325-041500-001-V2-489,"['O-20250325-041500-001-V2-1466', 'O-20250325-041500-001-V2-1467']",,,,,['V2_POS1'],fa04b441-4bfd-473b-971f-f81938d79805,1742876100000000000,1742876100000000000,,,,,,,
O-20250325-041500-001-V2-1466,BACKTESTER-001,MLSignalStrategyV2-V2,EUR/USD.IDEALPRO,IDEALPRO-1-1466,EUR/USD.IDEALPRO-MLSignalStrategyV2-V2,IDEALPRO-001,IDEALPRO-1-166939,STOP_MARKET,BUY,100000.00,GTC,True,False,100000.00,TAKER,1.0809,1.0000000000065512e-05,['2.16 USD'],NO_TRIGGER,FILLED,OUO,OL-20250325-041500-001-V2-489,['O-20250325-041500-001-V2-1467'],O-20250325-041500-001-V2-1465,,,,['V2_POS1_SL'],1f837c82-7199-4223-9ffe-2e0cdcffaa3c,1742876100000000000,1742877060000000000,1.08089,DEFAULT,,,,,
O-20250325-041500-001-V2-1467,BACKTESTER-001,MLSignalStrategyV2-V2,EUR/USD.IDEALPRO,IDEALPRO-1-1467,EUR/USD.IDEALPRO-MLSignalStrategyV2-V2,IDEALPRO-001,,LIMIT,BUY,100000.00,GTC,True,False,0.00,NO_LIQUIDITY_SIDE,,,,NO_TRIGGER,CANCELED,OUO,OL-20250325-041500-001-V2-489,['O-20250325-041500-001-V2-1466'],O-20250325-041500-001-V2-1465,,,,['V2_POS1_TP'],0669f5a0-ead9-4f14-83f3-eb7949e123f5,1742876100000000000,1742877060000000000,,,,,1.08021,False,
O-20250325-070000-001-V2-1468,BACKTESTER-001,MLSignalStrategyV2-V2,EUR/USD.IDEALPRO,IDEALPRO-1-1468,EUR/USD.IDEALPRO-MLSignalStrategyV2-V2,IDEALPRO-001,IDEALPRO-1-167238,MARKET,SELL,100000.00,GTC,False,False,100000.00,TAKER,1.07947,0.0,['2.16 USD'],NO_TRIGGER,FILLED,OTO,OL-20250325-070000-001-V2-490,"['O-20250325-070000-001-V2-1469', 'O-20250325-070000-001-V2-1470']",,,,,['V2_POS1'],49622f17-b24a-44ed-8cf6-628c8f4df295,1742886000000000000,1742886000000000000,,,,,,,
O-20250325-070000-001-V2-1469,BACKTESTER-001,MLSignalStrategyV2-V2,EUR/USD.IDEALPRO,IDEALPRO-1-1469,EUR/USD.IDEALPRO-MLSignalStrategyV2-V2,IDEALPRO-001,IDEALPRO-1-167255,STOP_MARKET,BUY,100000.00,GTC,True,False,100000.00,TAKER,1.07988,7.00000000000145e-05,['2.16 USD'],NO_TRIGGER,FILLED,OUO,OL-20250325-070000-001-V2-490,['O-20250325-070000-001-V2-1470'],O-20250325-070000-001-V2-1468,,,,['V2_POS1_SL'],180706b6-650e-406b-a2ef-fffa2ff7087c,1742886000000000000,1742886480000000000,1.07981,DEFAULT,,,,,
O-20250325-070000-001-V2-1470,BACKTESTER-001,MLSignalStrategyV2-V2,EUR/USD.IDEALPRO,IDEALPRO-1-1470,EUR/USD.IDEALPRO-MLSignalStrategyV2-V2,IDEALPRO-001,,LIMIT,BUY,100000.00,GTC,True,False,0.00,NO_LIQUIDITY_SIDE,,,,NO_TRIGGER,CANCELED,OUO,OL-20250325-070000-001-V2-490,['O-20250325-070000-001-V2-1469'],O-20250325-070000-001-V2-1468,,,,['V2_POS1_TP'],c5fc023f-07c5-462f-9a98-4c59cb027a86,1742886000000000000,1742886480000000000,,,,,1.07913,False,
O-20250325-080000-001-V2-1471,BACKTESTER-001,MLSignalStrategyV2-V2,EUR/USD.IDEALPRO,IDEALPRO-1-1471,EUR/USD.IDEALPRO-MLSignalStrategyV2-V2,IDEALPRO-001,IDEALPRO-1-167361,MARKET,BUY,100000.00,GTC,False,False,100000.00,TAKER,1.07874,0.0,['2.16 USD'],NO_TRIGGER,FILLED,OTO,OL-20250325-080000-001-V2-491,"['O-20250325-080000-001-V2-1472', 'O-20250325-080000-001-V2-1473']",,,,,['V2_POS1'],81b144a1-adda-41e8-aa29-55c6bb901512,1742889600000000000,1742889600000000000,,,,,,,
O-20250325-080000-001-V2-1472,BACKTESTER-001,MLSignalStrategyV2-V2,EUR/USD.IDEALPRO,IDEALPRO-1-1472,EUR/USD.IDEALPRO-MLSignalStrategyV2-V2,IDEALPRO-001,IDEALPRO-1-167377,STOP_MARKET,SELL,100000.00,GTC,True,False,100000.00,TAKER,1.07825,0.0,['2.16 USD'],NO_TRIGGER,FILLED,OUO,OL-20250325-080000-001-V2-491,['O-20250325-080000-001-V2-1473'],O-20250325-080000-001-V2-1471,,,,['V2_POS1_SL'],9f443442-6154-41fd-b1e4-59de847a14e6,1742889600000000000,1742890080000000000,1.07825,DEFAULT,,,,,
O-20250325-080000-001-V2-1473,BACKTESTER-001,MLSignalStrategyV2-V2,EUR/USD.IDEALPRO,IDEALPRO-1-1473,EUR/USD.IDEALPRO-MLSignalStrategyV2-V2,IDEALPRO-001,,LIMIT,SELL,100000.00,GTC,True,False,0.00,NO_LIQUIDITY_SIDE,,,,NO_TRIGGER,CANCELED,OUO,OL-20250325-080000-001-V2-491,['O-20250325-080000-001-V2-1472'],O-20250325-080000-001-V2-1471,,,,['V2_POS1_TP'],550fea30-82e8-404c-97e6-9c75768d79e7,1742889600000000000,1742890080000000000,,,,,1.07923,False,
O-20250325-081500-001-V2-1474,BACKTESTER-001,MLSignalStrategyV2-V2,EUR/USD.IDEALPRO,IDEALPRO-1-1474,EUR/USD.IDEALPRO-MLSignalStrategyV2-V2,IDEALPRO-001,IDEALPRO-1-167392,MARKET,BUY,100000.00,GTC,False,False,100000.00,TAKER,1.07809,0.0,['2.16 USD'],NO_TRIGGER,FILLED,OTO,OL-20250325-081500-001-V2-492,"['O-20250325-081500-001-V2-1475', 'O-20250325-081500-001-V2-1476']",,,,,['V2_POS1'],9ed64b1c-39e7-4e60-bcd5-6f6fdc357363,1742890500000000000,1742890500000000000,,,,,,,
O-20250325-081500-001-V2-1475,BACKTESTER-001,MLSignalStrategyV2-V2,EUR/USD.IDEALPRO,IDEALPRO-1-1475,EUR/USD.IDEALPRO-MLSignalStrategyV2-V2,IDEALPRO-001,,STOP_MARKET,SELL,100000.00,GTC,True,False,0.00,NO_LIQUIDITY_SIDE,,,,NO_TRIGGER,CANCELED,OUO,OL-20250325-081500-001-V2-492,['O-20250325-081500-001-V2-1476'],O-20250325-081500-001-V2-1474,,,,['V2_POS1_SL'],d859dd2b-fe0f-4d72-912b-9d26fdd85149,1742890500000000000,1742891580000000000,1.07757,DEFAULT,,,,,
O-20250325-081500-001-V2-1476,BACKTESTER-001,MLSignalStrategyV2-V2,EUR/USD.IDEALPRO,IDEALPRO-1-1476,EUR/USD.IDEALPRO-MLSignalStrategyV2-V2,IDEALPRO-001,IDEALPRO-1-167429,LIMIT,SELL,100000.00,GTC,True,False,100000.00,MAKER,1.07875,-0.00016000000000016001,['2.16 USD'],NO_TRIGGER,FILLED,OUO,OL-20250325-081500-001-V2-492,['O-20250325-081500-001-V2-1475'],O-20250325-081500-001-V2-1474,,,,['V2_POS1_TP'],213851b7-7be0-420a-8ac6-121ac9c357bc,1742890500000000000,1742891580000000000,,,,,1.07859,False,
O-20250325-103000-001-V2-1477,BACKTESTER-001,MLSignalStrategyV2-V2,EUR/USD.IDEALPRO,IDEALPRO-1-1477,EUR/USD.IDEALPRO-MLSignalStrategyV2-V2,IDEALPRO-001,IDEALPRO-1-167664,MARKET,BUY,100000.00,GTC,False,False,100000.00,TAKER,1.08172,0.0,['2.16 USD'],NO_TRIGGER,FILLED,OTO,OL-20250325-103000-001-V2-493,"['O-20250325-103000-001-V2-1478', 'O-20250325-103000-001-V2-1479']",,,,,['V2_POS1'],462d0f4c-42af-4abe-a333-d5df9ffc7e71,1742898600000000000,1742898600000000000,,,,,,,
O-20250325-103000-001-V2-1478,BACKTESTER-001,MLSignalStrategyV2-V2,EUR/USD.IDEALPRO,IDEALPRO-1-1478,EUR/USD.IDEALPRO-MLSignalStrategyV2-V2,IDEALPRO-001,,STOP_MARKET,SELL,100000.00,GTC,True,False,0.00,NO_LIQUIDITY_SIDE,,,,NO_TRIGGER,CANCELED,OUO,OL-20250325-103000-001-V2-493,['O-20250325-103000-001-V2-1479'],O-20250325-103000-001-V2-1477,,,,['V2_POS1_SL'],5934bdef-d95a-4a16-9247-ebed491e4712,1742898600000000000,1742899980000000000,1.08107,DEFAULT,,,,,
O-20250325-103000-001-V2-1479,BACKTESTER-001,MLSignalStrategyV2-V2,EUR/USD.IDEALPRO,IDEALPRO-1-1479,EUR/USD.IDEALPRO-MLSignalStrategyV2-V2,IDEALPRO-001,IDEALPRO-1-167711,LIMIT,SELL,100000.00,GTC,True,False,100000.00,MAKER,1.08244,-9.000000000014552e-05,['2.16 USD'],NO_TRIGGER,FILLED,OUO,OL-20250325-103000-001-V2-493,['O-20250325-103000-001-V2-1478'],O-20250325-103000-001-V2-1477,,,,['V2_POS1_TP'],06e2fce5-62b7-4541-83f2-80f0c0fbda98,1742898600000000000,1742899980000000000,,,,,1.08235,False,
O-20250325-201500-001-V2-1480,BACKTESTER-001,MLSignalStrategyV2-V2,EUR/USD.IDEALPRO,IDEALPRO-1-1480,EUR/USD.IDEALPRO-MLSignalStrategyV2-V2,IDEALPRO-001,IDEALPRO-1-168836,MARKET,BUY,100000.00,GTC,False,False,100000.00,TAKER,1.07925,0.0,['2.16 USD'],NO_TRIGGER,FILLED,OTO,OL-20250325-201500-001-V2-494,"['O-20250325-201500-001-V2-1481', 'O-20250325-201500-001-V2-1482']",,,,,['V2_POS1'],c686129c-79aa-45c0-a907-ecef0fc474d7,1742933700000000000,1742933700000000000,,,,,,,
O-20250325-201500-001-V2-1481,BACKTESTER-001,MLSignalStrategyV2-V2,EUR/USD.IDEALPRO,IDEALPRO-1-1481,EUR/USD.IDEALPRO-MLSignalStrategyV2-V2,IDEALPRO-001,IDEALPRO-1-169151,STOP_MARKET,SELL,100000.00,GTC,True,False,100000.00,TAKER,1.07864,0.0001100000000000545,['2.16 USD'],NO_TRIGGER,FILLED,OUO,OL-20250325-201500-001-V2-494,['O-20250325-201500-001-V2-1482'],O-20250325-201500-001-V2-1480,,,,['V2_POS1_SL'],f7c5b991-0fed-4363-b7f1-ccd48e335408,1742933700000000000,1742944020000000000,1.07875,DEFAULT,,,,,
O-20250325-201500-001-V2-1482,BACKTESTER-001,MLSignalStrategyV2-V2,EUR/USD.IDEALPRO,IDEALPRO-1-1482,EUR/USD.IDEALPRO-MLSignalStrategyV2-V2,IDEALPRO-001,,LIMIT,SELL,100000.00,GTC,True,False,0.00,NO_LIQUIDITY_SIDE,,,,NO_TRIGGER,CANCELED,OUO,OL-20250325-201500-001-V2-494,['O-20250325-201500-001-V2-1481'],O-20250325-201500-001-V2-1480,,,,['V2_POS1_TP'],d313a1f8-af25-40b4-95f1-1a47e96a58ca,1742933700000000000,1742944020000000000,,,,,1.07975,False,
O-20250326-044500-001-V2-1483,BACKTESTER-001,MLSignalStrategyV2-V2,EUR/USD.IDEALPRO,IDEALPRO-1-1483,EUR/USD.IDEALPRO-MLSignalStrategyV2-V2,IDEALPRO-001,IDEALPRO-1-169828,MARKET,BUY,100000.00,GTC,False,False,100000.00,TAKER,1.07817,0.0,['2.16 USD'],NO_TRIGGER,FILLED,OTO,OL-20250326-044500-001-V2-495,"['O-20250326-044500-001-V2-1484', 'O-20250326-044500-001-V2-1485']",,,,,['V2_POS1'],ca958085-bb05-4501-a21e-de2208834d78,1742964300000000000,1742964300000000000,,,,,,,
O-20250326-044500-001-V2-1484,BACKTESTER-001,MLSignalStrategyV2-V2,EUR/USD.IDEALPRO,IDEALPRO-1-1484,EUR/USD.IDEALPRO-MLSignalStrategyV2-V2,IDEALPRO-001,IDEALPRO-1-169903,STOP_MARKET,SELL,100000.00,GTC,True,False,100000.00,TAKER,1.07778,5.999999999994898e-05,['2.16 USD'],NO_TRIGGER,FILLED,OUO,OL-20250326-044500-001-V2-495,['O-20250326-044500-001-V2-1485'],O-20250326-044500-001-V2-1483,,,,['V2_POS1_SL'],c793f3da-c693-4c57-91c5-efe4e14f1041,1742964300000000000,1742966520000000000,1.07784,DEFAULT,,,,,
O-20250326-044500-001-V2-1485,BACKTESTER-001,MLSignalStrategyV2-V2,EUR/USD.IDEALPRO,IDEALPRO-1-1485,EUR/USD.IDEALPRO-MLSignalStrategyV2-V2,IDEALPRO-001,,LIMIT,SELL,100000.00,GTC,True,False,0.00,NO_LIQUIDITY_SIDE,,,,NO_TRIGGER,CANCELED,OUO,OL-20250326-044500-001-V2-495,['O-20250326-044500-001-V2-1484'],O-20250326-044500-001-V2-1483,,,,['V2_POS1_TP'],072fc1c8-a582-470d-a8b5-e416591034bd,1742964300000000000,1742966520000000000,,,,,1.07850,False,
O-20250326-053000-001-V2-1486,BACKTESTER-001,MLSignalStrategyV2-V2,EUR/USD.IDEALPRO,IDEALPRO-1-1486,EUR/USD.IDEALPRO-MLSignalStrategyV2-V2,IDEALPRO-001,IDEALPRO-1-169921,MARKET,BUY,100000.00,GTC,False,False,100000.00,TAKER,1.07828,0.0,['2.16 USD'],NO_TRIGGER,FILLED,OTO,OL-20250326-053000-001-V2-496,"['O-20250326-053000-001-V2-1487', 'O-20250326-053000-001-V2-1488']",,,,,['V2_POS1'],0dd05d8c-17ad-41b7-886c-402175140cac,1742967000000000000,1742967000000000000,,,,,,,
O-20250326-053000-001-V2-1487,BACKTESTER-001,MLSignalStrategyV2-V2,EUR/USD.IDEALPRO,IDEALPRO-1-1487,EUR/USD.IDEALPRO-MLSignalStrategyV2-V2,IDEALPRO-001,,STOP_MARKET,SELL,100000.00,GTC,True,False,0.00,NO_LIQUIDITY_SIDE,,,,NO_TRIGGER,CANCELED,OUO,OL-20250326-053000-001-V2-496,['O-20250326-053000-001-V2-1488'],O-20250326-053000-001-V2-1486,,,,['V2_POS1_SL'],991a826e-5638-4a27-b3b5-d84d82909070,1742967000000000000,1742967480000000000,1.07793,DEFAULT,,,,,
O-20250326-053000-001-V2-1488,BACKTESTER-001,MLSignalStrategyV2-V2,EUR/USD.IDEALPRO,IDEALPRO-1-1488,EUR/USD.IDEALPRO-MLSignalStrategyV2-V2,IDEALPRO-001,IDEALPRO-1-169937,LIMIT,SELL,100000.00,GTC,True,False,100000.00,MAKER,1.0786,1.0000000000065512e-05,['2.16 USD'],NO_TRIGGER,FILLED,OUO,OL-20250326-053000-001-V2-496,['O-20250326-053000-001-V2-1487'],O-20250326-053000-001-V2-1486,,,,['V2_POS1_TP'],73cfa4b4-4357-4f2e-bcb7-0c5281e29992,1742967000000000000,1742967480000000000,,,,,1.07861,False,
O-20250326-143000-001-V2-1489,BACKTESTER-001,MLSignalStrategyV2-V2,EUR/USD.IDEALPRO,IDEALPRO-1-1489,EUR/USD.IDEALPRO-MLSignalStrategyV2-V2,IDEALPRO-001,IDEALPRO-1-171003,MARKET,BUY,100000.00,GTC,False,False,100000.00,TAKER,1.07929,0.0,['2.16 USD'],NO_TRIGGER,FILLED,OTO,OL-20250326-143000-001-V2-497,"['O-20250326-143000-001-V2-1490', 'O-20250326-143000-001-V2-1491']",,,,,['V2_POS1'],9570ee55-dc98-447d-80ec-b0aaf17aba83,1742999400000000000,1742999400000000000,,,,,,,
O-20250326-143000-001-V2-1490,BACKTESTER-001,MLSignalStrategyV2-V2,EUR/USD.IDEALPRO,IDEALPRO-1-1490,EUR/USD.IDEALPRO-MLSignalStrategyV2-V2,IDEALPRO-001,IDEALPRO-1-171109,STOP_MARKET,SELL,100000.00,GTC,True,False,100000.00,TAKER,1.07854,0.0,['2.16 USD'],NO_TRIGGER,FILLED,OUO,OL-20250326-143000-001-V2-497,['O-20250326-143000-001-V2-1491'],O-20250326-143000-001-V2-1489,,,,['V2_POS1_SL'],57741b76-b8c5-4db3-acc9-f6bde15e89b9,1742999400000000000,1743002580000000000,1.07854,DEFAULT,,,,,
O-20250326-143000-001-V2-1491,BACKTESTER-001,MLSignalStrategyV2-V2,EUR/USD.IDEALPRO,IDEALPRO-1-1491,EUR/USD.IDEALPRO-MLSignalStrategyV2-V2,IDEALPRO-001,,LIMIT,SELL,100000.00,GTC,True,False,0.00,NO_LIQUIDITY_SIDE,,,,NO_TRIGGER,CANCELED,OUO,OL-20250326-143000-001-V2-497,['O-20250326-143000-001-V2-1490'],O-20250326-143000-001-V2-1489,,,,['V2_POS1_TP'],63ee8059-c460-44e3-b589-1e68861ddfae,1742999400000000000,1743002580000000000,,,,,1.08002,False,
O-20250326-213000-001-V2-1492,BACKTESTER-001,MLSignalStrategyV2-V2,EUR/USD.IDEALPRO,IDEALPRO-1-1492,EUR/USD.IDEALPRO-MLSignalStrategyV2-V2,IDEALPRO-001,IDEALPRO-1-171814,MARKET,BUY,100000.00,GTC,False,False,100000.00,TAKER,1.07388,0.0,['2.15 USD'],NO_TRIGGER,FILLED,OTO,OL-20250326-213000-001-V2-498,"['O-20250326-213000-001-V2-1493', 'O-20250326-213000-001-V2-1494']",,,,,['V2_POS1'],221e384c-959c-47cf-b229-2b58e3af712e,1743024600000000000,1743024600000000000,,,,,,,
O-20250326-213000-001-V2-1493,BACKTESTER-001,MLSignalStrategyV2-V2,EUR/USD.IDEALPRO,IDEALPRO-1-1493,EUR/USD.IDEALPRO-MLSignalStrategyV2-V2,IDEALPRO-001,,STOP_MARKET,SELL,100000.00,GTC,True,False,0.00,NO_LIQUIDITY_SIDE,,,,NO_TRIGGER,CANCELED,OUO,OL-20250326-213000-001-V2-498,['O-20250326-213000-001-V2-1494'],O-20250326-213000-001-V2-1492,,,,['V2_POS1_SL'],1239d5aa-3c7f-4911-b58b-55fb15861f2e,1743024600000000000,1743025620000000000,1.07331,DEFAULT,,,,,
O-20250326-213000-001-V2-1494,BACKTESTER-001,MLSignalStrategyV2-V2,EUR/USD.IDEALPRO,IDEALPRO-1-1494,EUR/USD.IDEALPRO-MLSignalStrategyV2-V2,IDEALPRO-001,IDEALPRO-1-171849,LIMIT,SELL,100000.00,GTC,True,False,100000.00,MAKER,1.07446,-2.999999999997449e-05,['2.15 USD'],NO_TRIGGER,FILLED,OUO,OL-20250326-213000-001-V2-498,['O-20250326-213000-001-V2-1493'],O-20250326-213000-001-V2-1492,,,,['V2_POS1_TP'],7b64e553-a4e7-4668-adef-f0b1fe27915f,1743024600000000000,1743025620000000000,,,,,1.07443,False,
O-20250326-220000-001-V2-1495,BACKTESTER-001,MLSignalStrategyV2-V2,EUR/USD.IDEALPRO,IDEALPRO-1-1495,EUR/USD.IDEALPRO-MLSignalStrategyV2-V2,IDEALPRO-001,IDEALPRO-1-171877,MARKET,BUY,100000.00,GTC,False,False,100000.00,TAKER,1.07379,0.0,['2.15 USD'],NO_TRIGGER,FILLED,OTO,OL-20250326-220000-001-V2-499,"['O-20250326-220000-001-V2-1496', 'O-20250326-220000-001-V2-1497']",,,,,['V2_POS1'],02fc5e3a-57c1-4705-9a8f-29248aa1086a,1743026400000000000,1743026400000000000,,,,,,,
O-20250326-220000-001-V2-1496,BACKTESTER-001,MLSignalStrategyV2-V2,EUR/USD.IDEALPRO,IDEALPRO-1-1496,EUR/USD.IDEALPRO-MLSignalStrategyV2-V2,IDEALPRO-001,,STOP_MARKET,SELL,100000.00,GTC,True,False,0.00,NO_LIQUIDITY_SIDE,,,,NO_TRIGGER,CANCELED,OUO,OL-20250326-220000-001-V2-499,['O-20250326-220000-001-V2-1497'],O-20250326-220000-001-V2-1495,,,,['V2_POS1_SL'],311cf5f9-747e-4378-b217-74b6d89b97f2,1743026400000000000,1743026880000000000,1.07316,DEFAULT,,,,,
O-20250326-220000-001-V2-1497,BACKTESTER-001,MLSignalStrategyV2-V2,EUR/USD.IDEALPRO,IDEALPRO-1-1497,EUR/USD.IDEALPRO-MLSignalStrategyV2-V2,IDEALPRO-001,IDEALPRO-1-171893,LIMIT,SELL,100000.00,GTC,True,False,100000.00,MAKER,1.07447,-7.00000000000145e-05,['2.15 USD'],NO_TRIGGER,FILLED,OUO,OL-20250326-220000-001-V2-499,['O-20250326-220000-001-V2-1496'],O-20250326-220000-001-V2-1495,,,,['V2_POS1_TP'],db738ba3-c448-4fab-b20d-362ffffdd483,1743026400000000000,1743026880000000000,,,,,1.07440,False,
O-20250326-221500-001-V2-1498,BACKTESTER-001,MLSignalStrategyV2-V2,EUR/USD.IDEALPRO,IDEALPRO-1-1498,EUR/USD.IDEALPRO-MLSignalStrategyV2-V2,IDEALPRO-001,IDEALPRO-1-171908,MARKET,BUY,100000.00,GTC,False,False,100000.00,TAKER,1.07372,0.0,['2.15 USD'],NO_TRIGGER,FILLED,OTO,OL-20250326-221500-001-V2-500,"['O-20250326-221500-001-V2-1499', 'O-20250326-221500-001-V2-1500']",,,,,['V2_POS1'],2d9f565f-683d-4570-9100-5f1f1a6b0ecf,1743027300000000000,1743027300000000000,,,,,,,
O-20250326-221500-001-V2-1499,BACKTESTER-001,MLSignalStrategyV2-V2,EUR/USD.IDEALPRO,IDEALPRO-1-1499,EUR/USD.IDEALPRO-MLSignalStrategyV2-V2,IDEALPRO-001,,STOP_MARKET,SELL,100000.00,GTC,True,False,0.00,NO_LIQUIDITY_SIDE,,,,NO_TRIGGER,CANCELED,OUO,OL-20250326-221500-001-V2-500,['O-20250326-221500-001-V2-1500'],O-20250326-221500-001-V2-1498,,,,['V2_POS1_SL'],b732f76f-00af-4584-9ad4-73646c8fbfd1,1743027300000000000,1743032580000000000,1.07309,DEFAULT,,,,,
O-20250326-221500-001-V2-1500,BACKTESTER-001,MLSignalStrategyV2-V2,EUR/USD.IDEALPRO,IDEALPRO-1-1500,EUR/USD.IDEALPRO-MLSignalStrategyV2-V2,IDEALPRO-001,IDEALPRO-1-172085,LIMIT,SELL,100000.00,GTC,True,False,100000.00,MAKER,1.07435,-1.999999999990898e-05,['2.15 USD'],NO_TRIGGER,FILLED,OUO,OL-20250326-221500-001-V2-500,['O-20250326-221500-001-V2-1499'],O-20250326-221500-001-V2-1498,,,,['V2_POS1_TP'],7914d9e4-bdde-4bb0-a805-006860737918,1743027300000000000,1743032580000000000,,,,,1.07433,False,
O-20250327-004500-001-V2-1501,BACKTESTER-001,MLSignalStrategyV2-V2,EUR/USD.IDEALPRO,IDEALPRO-1-1501,EUR/USD.IDEALPRO-MLSignalStrategyV2-V2,IDEALPRO-001,IDEALPRO-1-172210,MARKET,BUY,100000.00,GTC,False,False,100000.00,TAKER,1.07499,0.0,['2.15 USD'],NO_TRIGGER,FILLED,OTO,OL-20250327-004500-001-V2-501,"['O-20250327-004500-001-V2-1502', 'O-20250327-004500-001-V2-1503']",,,,,['V2_POS1'],defada33-d4e2-488a-a33f-730594dacf53,1743036300000000000,1743036300000000000,,,,,,,
O-20250327-004500-001-V2-1502,BACKTESTER-001,MLSignalStrategyV2-V2,EUR/USD.IDEALPRO,IDEALPRO-1-1502,EUR/USD.IDEALPRO-MLSignalStrategyV2-V2,IDEALPRO-001,,STOP_MARKET,SELL,100000.00,GTC,True,False,0.00,NO_LIQUIDITY_SIDE,,,,NO_TRIGGER,CANCELED,OUO,OL-20250327-004500-001-V2-501,['O-20250327-004500-001-V2-1503'],O-20250327-004500-001-V2-1501,,,,['V2_POS1_SL'],d50ec828-0364-49a0-85b6-81fa143e0118,1743036300000000000,1743036900000000000,1.07451,DEFAULT,,,,,
O-20250327-004500-001-V2-1503,BACKTESTER-001,MLSignalStrategyV2-V2,EUR/USD.IDEALPRO,IDEALPRO-1-1503,EUR/USD.IDEALPRO-MLSignalStrategyV2-V2,IDEALPRO-001,IDEALPRO-1-172231,LIMIT,SELL,100000.00,GTC,True,False,100000.00,MAKER,1.07559,-0.00012000000000012001,['2.15 USD'],NO_TRIGGER,FILLED,OUO,OL-20250327-004500-001-V2-501,['O-20250327-004500-001-V2-1502'],O-20250327-004500-001-V2-1501,,,,['V2_POS1_TP'],6e0a1c58-a8a0-41d3-8987-5b71f7acff38,1743036300000000000,1743036900000000000,,,,,1.07547,False,
O-20250327-030000-001-V2-1504,BACKTESTER-001,MLSignalStrategyV2-V2,EUR/USD.IDEALPRO,IDEALPRO-1-1504,EUR/USD.IDEALPRO-MLSignalStrategyV2-V2,IDEALPRO-001,IDEALPRO-1-172482,MARKET,SELL,100000.00,GTC,False,False,100000.00,TAKER,1.07759,0.0,['2.16 USD'],NO_TRIGGER,FILLED,OTO,OL-20250327-030000-001-V2-502,"['O-20250327-030000-001-V2-1505', 'O-20250327-030000-001-V2-1506']",,,,,['V2_POS1'],cfb2f256-7af1-43d2-ae02-3bc2825d64b9,1743044400000000000,1743044400000000000,,,,,,,
O-20250327-030000-001-V2-1505,BACKTESTER-001,MLSignalStrategyV2-V2,EUR/USD.IDEALPRO,IDEALPRO-1-1505,EUR/USD.IDEALPRO-MLSignalStrategyV2-V2,IDEALPRO-001,IDEALPRO-1-172613,STOP_MARKET,BUY,100000.00,GTC,True,False,100000.00,TAKER,1.07811,4.999999999988347e-05,['2.16 USD'],NO_TRIGGER,FILLED,OUO,OL-20250327-030000-001-V2-502,['O-20250327-030000-001-V2-1506'],O-20250327-030000-001-V2-1504,,,,['V2_POS1_SL'],9208379c-6252-490c-925e-fa69ca2e94a7,1743044400000000000,1743048300000000000,1.07806,DEFAULT,,,,,
O-20250327-030000-001-V2-1506,BACKTESTER-001,MLSignalStrategyV2-V2,EUR/USD.IDEALPRO,IDEALPRO-1-1506,EUR/USD.IDEALPRO-MLSignalStrategyV2-V2,IDEALPRO-001,,LIMIT,BUY,100000.00,GTC,True,False,0.00,NO_LIQUIDITY_SIDE,,,,NO_TRIGGER,CANCELED,OUO,OL-20250327-030000-001-V2-502,['O-20250327-030000-001-V2-1505'],O-20250327-030000-001-V2-1504,,,,['V2_POS1_TP'],fa02e301-9056-42d9-b9d3-4f9516333b1c,1743044400000000000,1743048300000000000,,,,,1.07714,False,
O-20250327-043000-001-V2-1507,BACKTESTER-001,MLSignalStrategyV2-V2,EUR/USD.IDEALPRO,IDEALPRO-1-1507,EUR/USD.IDEALPRO-MLSignalStrategyV2-V2,IDEALPRO-001,IDEALPRO-1-172665,MARKET,SELL,100000.00,GTC,False,False,100000.00,TAKER,1.07857,0.0,['2.16 USD'],NO_TRIGGER,FILLED,OTO,OL-20250327-043000-001-V2-503,"['O-20250327-043000-001-V2-1508', 'O-20250327-043000-001-V2-1509']",,,,,['V2_POS1'],023bc840-958d-43f1-9d3e-fff41d8475a4,1743049800000000000,1743049800000000000,,,,,,,
O-20250327-043000-001-V2-1508,BACKTESTER-001,MLSignalStrategyV2-V2,EUR/USD.IDEALPRO,IDEALPRO-1-1508,EUR/USD.IDEALPRO-MLSignalStrategyV2-V2,IDEALPRO-001,,STOP_MARKET,BUY,100000.00,GTC,True,False,0.00,NO_LIQUIDITY_SIDE,,,,NO_TRIGGER,CANCELED,OUO,OL-20250327-043000-001-V2-503,['O-20250327-043000-001-V2-1509'],O-20250327-043000-001-V2-1507,,,,['V2_POS1_SL'],07df11b5-c1bf-41c5-83bd-a35a572129e2,1743049800000000000,1743050580000000000,1.07900,DEFAULT,,,,,
O-20250327-043000-001-V2-1509,BACKTESTER-001,MLSignalStrategyV2-V2,EUR/USD.IDEALPRO,IDEALPRO-1-1509,EUR/USD.IDEALPRO-MLSignalStrategyV2-V2,IDEALPRO-001,IDEALPRO-1-172691,LIMIT,BUY,100000.00,GTC,True,False,100000.00,MAKER,1.07813,-2.999999999997449e-05,['2.16 USD'],NO_TRIGGER,FILLED,OUO,OL-20250327-043000-001-V2-503,['O-20250327-043000-001-V2-1508'],O-20250327-043000-001-V2-1507,,,,['V2_POS1_TP'],86b19e15-cdb8-487a-8619-2623c33a5aa2,1743049800000000000,1743050580000000000,,,,,1.07816,False,
O-20250327-044500-001-V2-1510,BACKTESTER-001,MLSignalStrategyV2-V2,EUR/USD.IDEALPRO,IDEALPRO-1-1510,EUR/USD.IDEALPRO-MLSignalStrategyV2-V2,IDEALPRO-001,IDEALPRO-1-172696,MARKET,SELL,100000.00,GTC,False,False,100000.00,TAKER,1.07823,0.0,['2.16 USD'],NO_TRIGGER,FILLED,OTO,OL-20250327-044500-001-V2-504,"['O-20250327-044500-001-V2-1511', 'O-20250327-044500-001-V2-1512']",,,,,['V2_POS1'],943518c8-f711-4fc7-ac10-265eb517b2de,1743050700000000000,1743050700000000000,,,,,,,
O-20250327-044500-001-V2-1511,BACKTESTER-001,MLSignalStrategyV2-V2,EUR/USD.IDEALPRO,IDEALPRO-1-1511,EUR/USD.IDEALPRO-MLSignalStrategyV2-V2,IDEALPRO-001,,STOP_MARKET,BUY,100000.00,GTC,True,False,0.00,NO_LIQUIDITY_SIDE,,,,NO_TRIGGER,CANCELED,OUO,OL-20250327-044500-001-V2-504,['O-20250327-044500-001-V2-1512'],O-20250327-044500-001-V2-1510,,,,['V2_POS1_SL'],d60522b7-ece8-49b3-a41f-733220306b7c,1743050700000000000,1743052260000000000,1.07867,DEFAULT,,,,,
O-20250327-044500-001-V2-1512,BACKTESTER-001,MLSignalStrategyV2-V2,EUR/USD.IDEALPRO,IDEALPRO-1-1512,EUR/USD.IDEALPRO-MLSignalStrategyV2-V2,IDEALPRO-001,IDEALPRO-1-172749,LIMIT,BUY,100000.00,GTC,True,False,100000.00,MAKER,1.07779,-1.999999999990898e-05,['2.16 USD'],NO_TRIGGER,FILLED,OUO,OL-20250327-044500-001-V2-504,['O-20250327-044500-001-V2-1511'],O-20250327-044500-001-V2-1510,,,,['V2_POS1_TP'],5200dd87-fa10-44b0-8eee-d2123cbe971a,1743050700000000000,1743052260000000000,,,,,1.07781,False,
O-20250327-184500-001-V2-1513,BACKTESTER-001,MLSignalStrategyV2-V2,EUR/USD.IDEALPRO,IDEALPRO-1-1513,EUR/USD.IDEALPRO-MLSignalStrategyV2-V2,IDEALPRO-001,IDEALPRO-1-174379,MARKET,SELL,100000.00,GTC,False,False,100000.00,TAKER,1.07947,0.0,['2.16 USD'],NO_TRIGGER,FILLED,OTO,OL-20250327-184500-001-V2-505,"['O-20250327-184500-001-V2-1514', 'O-20250327-184500-001-V2-1515']",,,,,['V2_POS1'],3b8d2e6c-88e5-4141-886e-e8a987af28fd,1743101100000000000,1743101100000000000,,,,,,,
O-20250327-184500-001-V2-1514,BACKTESTER-001,MLSignalStrategyV2-V2,EUR/USD.IDEALPRO,IDEALPRO-1-1514,EUR/USD.IDEALPRO-MLSignalStrategyV2-V2,IDEALPRO-001,IDEALPRO-1-174637,STOP_MARKET,BUY,100000.00,GTC,True,False,100000.00,TAKER,1.0802,5.999999999994898e-05,['2.16 USD'],NO_TRIGGER,FILLED,OUO,OL-20250327-184500-001-V2-505,['O-20250327-184500-001-V2-1515'],O-20250327-184500-001-V2-1513,,,,['V2_POS1_SL'],58491d7c-7777-477a-ba38-cd32b6b98b8d,1743101100000000000,1743108840000000000,1.08014,DEFAULT,,,,,
O-20250327-184500-001-V2-1515,BACKTESTER-001,MLSignalStrategyV2-V2,EUR/USD.IDEALPRO,IDEALPRO-1-1515,EUR/USD.IDEALPRO-MLSignalStrategyV2-V2,IDEALPRO-001,,LIMIT,BUY,100000.00,GTC,True,False,0.00,NO_LIQUIDITY_SIDE,,,,NO_TRIGGER,CANCELED,OUO,OL-20250327-184500-001-V2-505,['O-20250327-184500-001-V2-1514'],O-20250327-184500-001-V2-1513,,,,['V2_POS1_TP'],11687708-c57d-4c9f-9eeb-f2bda63c513c,1743101100000000000,1743108840000000000,,,,,1.07880,False,
O-20250327-213000-001-V2-1516,BACKTESTER-001,MLSignalStrategyV2-V2,EUR/USD.IDEALPRO,IDEALPRO-1-1516,EUR/USD.IDEALPRO-MLSignalStrategyV2-V2,IDEALPRO-001,IDEALPRO-1-174681,MARKET,BUY,100000.00,GTC,False,False,100000.00,TAKER,1.07968,0.0,['2.16 USD'],NO_TRIGGER,FILLED,OTO,OL-20250327-213000-001-V2-506,"['O-20250327-213000-001-V2-1517', 'O-20250327-213000-001-V2-1518']",,,,,['V2_POS1'],3e277b9e-c03e-4f0c-9dfb-4b282883d605,1743111000000000000,1743111000000000000,,,,,,,
O-20250327-213000-001-V2-1517,BACKTESTER-001,MLSignalStrategyV2-V2,EUR/USD.IDEALPRO,IDEALPRO-1-1517,EUR/USD.IDEALPRO-MLSignalStrategyV2-V2,IDEALPRO-001,,STOP_MARKET,SELL,100000.00,GTC,True,False,0.00,NO_LIQUIDITY_SIDE,,,,NO_TRIGGER,CANCELED,OUO,OL-20250327-213000-001-V2-506,['O-20250327-213000-001-V2-1518'],O-20250327-213000-001-V2-1516,,,,['V2_POS1_SL'],17943878-991b-468b-b798-538f4a903483,1743111000000000000,1743118980000000000,1.07928,DEFAULT,,,,,
O-20250327-213000-001-V2-1518,BACKTESTER-001,MLSignalStrategyV2-V2,EUR/USD.IDEALPRO,IDEALPRO-1-1518,EUR/USD.IDEALPRO-MLSignalStrategyV2-V2,IDEALPRO-001,IDEALPRO-1-174947,LIMIT,SELL,100000.00,GTC,True,False,100000.00,MAKER,1.08008,0.0,['2.16 USD'],NO_TRIGGER,FILLED,OUO,OL-20250327-213000-001-V2-506,['O-20250327-213000-001-V2-1517'],O-20250327-213000-001-V2-1516,,,,['V2_POS1_TP'],626444bc-4230-43f3-bc3e-84f16bbcd1bd,1743111000000000000,1743118980000000000,,,,,1.08008,False,
O-20250328-013000-001-V2-1519,BACKTESTER-001,MLSignalStrategyV2-V2,EUR/USD.IDEALPRO,IDEALPRO-1-1519,EUR/USD.IDEALPRO-MLSignalStrategyV2-V2,IDEALPRO-001,IDEALPRO-1-175163,MARKET,BUY,100000.00,GTC,False,False,100000.00,TAKER,1.07936,0.0,['2.16 USD'],NO_TRIGGER,FILLED,OTO,OL-20250328-013000-001-V2-507,"['O-20250328-013000-001-V2-1520', 'O-20250328-013000-001-V2-1521']",,,,,['V2_POS1'],29641b53-8f95-42f6-826e-048c80177b53,1743125400000000000,1743125400000000000,,,,,,,
O-20250328-013000-001-V2-1520,BACKTESTER-001,MLSignalStrategyV2-V2,EUR/USD.IDEALPRO,IDEALPRO-1-1520,EUR/USD.IDEALPRO-MLSignalStrategyV2-V2,IDEALPRO-001,,STOP_MARKET,SELL,100000.00,GTC,True,False,0.00,NO_LIQUIDITY_SIDE,,,,NO_TRIGGER,CANCELED,OUO,OL-20250328-013000-001-V2-507,['O-20250328-013000-001-V2-1521'],O-20250328-013000-001-V2-1519,,,,['V2_POS1_SL'],55043071-0fae-4324-890c-124cb3324a43,1743125400000000000,1743125760000000000,1.07902,DEFAULT,,,,,
O-20250328-013000-001-V2-1521,BACKTESTER-001,MLSignalStrategyV2-V2,EUR/USD.IDEALPRO,IDEALPRO-1-1521,EUR/USD.IDEALPRO-MLSignalStrategyV2-V2,IDEALPRO-001,IDEALPRO-1-175175,LIMIT,SELL,100000.00,GTC,True,False,100000.00,MAKER,1.0797,0.0,['2.16 USD'],NO_TRIGGER,FILLED,OUO,OL-20250328-013000-001-V2-507,['O-20250328-013000-001-V2-1520'],O-20250328-013000-001-V2-1519,,,,['V2_POS1_TP'],310381c4-7f71-4d9a-92ad-bc792ebfbf8e,1743125400000000000,1743125760000000000,,,,,1.07970,False,
O-20250328-014500-001-V2-1522,BACKTESTER-001,MLSignalStrategyV2-V2,EUR/USD.IDEALPRO,IDEALPRO-1-1522,EUR/USD.IDEALPRO-MLSignalStrategyV2-V2,IDEALPRO-001,IDEALPRO-1-175194,MARKET,BUY,100000.00,GTC,False,False,100000.00,TAKER,1.07966,0.0,['2.16 USD'],NO_TRIGGER,FILLED,OTO,OL-20250328-014500-001-V2-508,"['O-20250328-014500-001-V2-1523', 'O-20250328-014500-001-V2-1524']",,,,,['V2_POS1'],ed6d957b-d78b-4996-a946-be83b3528548,1743126300000000000,1743126300000000000,,,,,,,
O-20250328-014500-001-V2-1523,BACKTESTER-001,MLSignalStrategyV2-V2,EUR/USD.IDEALPRO,IDEALPRO-1-1523,EUR/USD.IDEALPRO-MLSignalStrategyV2-V2,IDEALPRO-001,IDEALPRO-1-175215,STOP_MARKET,SELL,100000.00,GTC,True,False,100000.00,TAKER,1.07929,1.999999999990898e-05,['2.16 USD'],NO_TRIGGER,FILLED,OUO,OL-20250328-014500-001-V2-508,['O-20250328-014500-001-V2-1524'],O-20250328-014500-001-V2-1522,,,,['V2_POS1_SL'],b750cfb0-6731-4777-92be-2f9df03c2389,1743126300000000000,1743126900000000000,1.07931,DEFAULT,,,,,
O-20250328-014500-001-V2-1524,BACKTESTER-001,MLSignalStrategyV2-V2,EUR/USD.IDEALPRO,IDEALPRO-1-1524,EUR/USD.IDEALPRO-MLSignalStrategyV2-V2,IDEALPRO-001,,LIMIT,SELL,100000.00,GTC,True,False,0.00,NO_LIQUIDITY_SIDE,,,,NO_TRIGGER,CANCELED,OUO,OL-20250328-014500-001-V2-508,['O-20250328-014500-001-V2-1523'],O-20250328-014500-001-V2-1522,,,,['V2_POS1_TP'],358ecfe7-894d-47b0-b44d-8b85597c1103,1743126300000000000,1743126900000000000,,,,,1.08001,False,
O-20250328-020000-001-V2-1525,BACKTESTER-001,MLSignalStrategyV2-V2,EUR/USD.IDEALPRO,IDEALPRO-1-1525,EUR/USD.IDEALPRO-MLSignalStrategyV2-V2,IDEALPRO-001,IDEALPRO-1-175226,MARKET,BUY,100000.00,GTC,False,False,100000.00,TAKER,1.07938,0.0,['2.16 USD'],NO_TRIGGER,FILLED,OTO,OL-20250328-020000-001-V2-509,"['O-20250328-020000-001-V2-1526', 'O-20250328-020000-001-V2-1527']",,,,,['V2_POS1'],95aee904-2346-4a68-926e-6eac1188e905,1743127200000000000,1743127200000000000,,,,,,,
O-20250328-020000-001-V2-1526,BACKTESTER-001,MLSignalStrategyV2-V2,EUR/USD.IDEALPRO,IDEALPRO-1-1526,EUR/USD.IDEALPRO-MLSignalStrategyV2-V2,IDEALPRO-001,IDEALPRO-1-175481,STOP_MARKET,SELL,100000.00,GTC,True,False,100000.00,TAKER,1.07899,2.0000000000131024e-05,['2.16 USD'],NO_TRIGGER,FILLED,OUO,OL-20250328-020000-001-V2-509,['O-20250328-020000-001-V2-1527'],O-20250328-020000-001-V2-1525,,,,['V2_POS1_SL'],4cda3d6f-bc24-4d43-a0be-c6e3e3a69542,1743127200000000000,1743134820000000000,1.07901,DEFAULT,,,,,
O-20250328-020000-001-V2-1527,BACKTESTER-001,MLSignalStrategyV2-V2,EUR/USD.IDEALPRO,IDEALPRO-1-1527,EUR/USD.IDEALPRO-MLSignalStrategyV2-V2,IDEALPRO-001,,LIMIT,SELL,100000.00,GTC,True,False,0.00,NO_LIQUIDITY_SIDE,,,,NO_TRIGGER,CANCELED,OUO,OL-20250328-020000-001-V2-509,['O-20250328-020000-001-V2-1526'],O-20250328-020000-001-V2-1525,,,,['V2_POS1_TP'],a0e7f2a5-6dae-41ab-b153-ec6d60ddab8c,1743127200000000000,1743134820000000000,,,,,1.07973,False,
O-20250328-041500-001-V2-1528,BACKTESTER-001,MLSignalStrategyV2-V2,EUR/USD.IDEALPRO,IDEALPRO-1-1528,EUR/USD.IDEALPRO-MLSignalStrategyV2-V2,IDEALPRO-001,IDEALPRO-1-175499,MARKET,BUY,100000.00,GTC,False,False,100000.00,TAKER,1.07878,0.0,['2.16 USD'],NO_TRIGGER,FILLED,OTO,OL-20250328-041500-001-V2-510,"['O-20250328-041500-001-V2-1529', 'O-20250328-041500-001-V2-1530']",,,,,['V2_POS1'],7c2885cd-23de-42a0-8dd1-6956d2f0f3b2,1743135300000000000,1743135300000000000,,,,,,,
O-20250328-041500-001-V2-1529,BACKTESTER-001,MLSignalStrategyV2-V2,EUR/USD.IDEALPRO,IDEALPRO-1-1529,EUR/USD.IDEALPRO-MLSignalStrategyV2-V2,IDEALPRO-001,IDEALPRO-1-175515,STOP_MARKET,SELL,100000.00,GTC,True,False,100000.00,TAKER,1.07845,2.0000000000131024e-05,['2.16 USD'],NO_TRIGGER,FILLED,OUO,OL-20250328-041500-001-V2-510,['O-20250328-041500-001-V2-1530'],O-20250328-041500-001-V2-1528,,,,['V2_POS1_SL'],211476e3-dec2-43f8-ae53-f47acd705e6c,1743135300000000000,1743135780000000000,1.07847,DEFAULT,,,,,
O-20250328-041500-001-V2-1530,BACKTESTER-001,MLSignalStrategyV2-V2,EUR/USD.IDEALPRO,IDEALPRO-1-1530,EUR/USD.IDEALPRO-MLSignalStrategyV2-V2,IDEALPRO-001,,LIMIT,SELL,100000.00,GTC,True,False,0.00,NO_LIQUIDITY_SIDE,,,,NO_TRIGGER,CANCELED,OUO,OL-20250328-041500-001-V2-510,['O-20250328-041500-001-V2-1529'],O-20250328-041500-001-V2-1528,,,,['V2_POS1_TP'],cc8cf813-8fd7-427b-a04a-7780bc73da1d,1743135300000000000,1743135780000000000,,,,,1.07909,False,
O-20250328-043000-001-V2-1531,BACKTESTER-001,MLSignalStrategyV2-V2,EUR/USD.IDEALPRO,IDEALPRO-1-1531,EUR/USD.IDEALPRO-MLSignalStrategyV2-V2,IDEALPRO-001,IDEALPRO-1-175530,MARKET,BUY,100000.00,GTC,False,False,100000.00,TAKER,1.07869,0.0,['2.16 USD'],NO_TRIGGER,FILLED,OTO,OL-20250328-043000-001-V2-511,"['O-20250328-043000-001-V2-1532', 'O-20250328-043000-001-V2-1533']",,,,,['V2_POS1'],1edd4938-a685-446b-b29d-3997de9cc4aa,1743136200000000000,1743136200000000000,,,,,,,
O-20250328-043000-001-V2-1532,BACKTESTER-001,MLSignalStrategyV2-V2,EUR/USD.IDEALPRO,IDEALPRO-1-1532,EUR/USD.IDEALPRO-MLSignalStrategyV2-V2,IDEALPRO-001,,STOP_MARKET,SELL,100000.00,GTC,True,False,0.00,NO_LIQUIDITY_SIDE,,,,NO_TRIGGER,CANCELED,OUO,OL-20250328-043000-001-V2-511,['O-20250328-043000-001-V2-1533'],O-20250328-043000-001-V2-1531,,,,['V2_POS1_SL'],e7937bc7-2df7-4f3d-a77e-ba7fb1f0044c,1743136200000000000,1743136980000000000,1.07837,DEFAULT,,,,,
O-20250328-043000-001-V2-1533,BACKTESTER-001,MLSignalStrategyV2-V2,EUR/USD.IDEALPRO,IDEALPRO-1-1533,EUR/USD.IDEALPRO-MLSignalStrategyV2-V2,IDEALPRO-001,IDEALPRO-1-175557,LIMIT,SELL,100000.00,GTC,True,False,100000.00,MAKER,1.07906,-4.999999999988347e-05,['2.16 USD'],NO_TRIGGER,FILLED,OUO,OL-20250328-043000-001-V2-511,['O-20250328-043000-001-V2-1532'],O-20250328-043000-001-V2-1531,,,,['V2_POS1_TP'],70115e92-126a-4e30-b56b-1541798973c7,1743136200000000000,1743136980000000000,,,,,1.07901,False,
O-20250328-050000-001-V2-1534,BACKTESTER-001,MLSignalStrategyV2-V2,EUR/USD.IDEALPRO,IDEALPRO-1-1534,EUR/USD.IDEALPRO-MLSignalStrategyV2-V2,IDEALPRO-001,IDEALPRO-1-175592,MARKET,BUY,100000.00,GTC,False,False,100000.00,TAKER,1.07886,0.0,['2.16 USD'],NO_TRIGGER,FILLED,OTO,OL-20250328-050000-001-V2-512,"['O-20250328-050000-001-V2-1535', 'O-20250328-050000-001-V2-1536']",,,,,['V2_POS1'],2d83a7a0-39f5-4252-bf8f-1cc4e2203575,1743138000000000000,1743138000000000000,,,,,,,
O-20250328-050000-001-V2-1535,BACKTESTER-001,MLSignalStrategyV2-V2,EUR/USD.IDEALPRO,IDEALPRO-1-1535,EUR/USD.IDEALPRO-MLSignalStrategyV2-V2,IDEALPRO-001,,STOP_MARKET,SELL,100000.00,GTC,True,False,0.00,NO_LIQUIDITY_SIDE,,,,NO_TRIGGER,CANCELED,OUO,OL-20250328-050000-001-V2-512,['O-20250328-050000-001-V2-1536'],O-20250328-050000-001-V2-1534,,,,['V2_POS1_SL'],f76b1a11-b9c5-4342-bd9d-2c5e7a8cd063,1743138000000000000,1743141420000000000,1.07853,DEFAULT,,,,,
O-20250328-050000-001-V2-1536,BACKTESTER-001,MLSignalStrategyV2-V2,EUR/USD.IDEALPRO,IDEALPRO-1-1536,EUR/USD.IDEALPRO-MLSignalStrategyV2-V2,IDEALPRO-001,IDEALPRO-1-175707,LIMIT,SELL,100000.00,GTC,True,False,100000.00,MAKER,1.07923,-5.999999999994898e-05,['2.16 USD'],NO_TRIGGER,FILLED,OUO,OL-20250328-050000-001-V2-512,['O-20250328-050000-001-V2-1535'],O-20250328-050000-001-V2-1534,,,,['V2_POS1_TP'],3f62ab76-9a4b-48e1-862b-4bfb99165e66,1743138000000000000,1743141420000000000,,,,,1.07917,False,
O-20250328-070000-001-V2-1537,BACKTESTER-001,MLSignalStrategyV2-V2,EUR/USD.IDEALPRO,IDEALPRO-1-1537,EUR/USD.IDEALPRO-MLSignalStrategyV2-V2,IDEALPRO-001,IDEALPRO-1-175835,MARKET,BUY,100000.00,GTC,False,False,100000.00,TAKER,1.07851,0.0,['2.16 USD'],NO_TRIGGER,FILLED,OTO,OL-20250328-070000-001-V2-513,"['O-20250328-070000-001-V2-1538', 'O-20250328-070000-001-V2-1539']",,,,,['V2_POS1'],2c2cc399-e5ed-4004-b7ae-b715a80eceb4,1743145200000000000,1743145200000000000,,,,,,,
O-20250328-070000-001-V2-1538,BACKTESTER-001,MLSignalStrategyV2-V2,EUR/USD.IDEALPRO,IDEALPRO-1-1538,EUR/USD.IDEALPRO-MLSignalStrategyV2-V2,IDEALPRO-001,,STOP_MARKET,SELL,100000.00,GTC,True,False,0.00,NO_LIQUIDITY_SIDE,,,,NO_TRIGGER,CANCELED,OUO,OL-20250328-070000-001-V2-513,['O-20250328-070000-001-V2-1539'],O-20250328-070000-001-V2-1537,,,,['V2_POS1_SL'],d1a408c8-7d0c-4c32-9337-8ef775b7b4ca,1743145200000000000,1743145740000000000,1.07815,DEFAULT,,,,,
O-20250328-070000-001-V2-1539,BACKTESTER-001,MLSignalStrategyV2-V2,EUR/USD.IDEALPRO,IDEALPRO-1-1539,EUR/USD.IDEALPRO-MLSignalStrategyV2-V2,IDEALPRO-001,IDEALPRO-1-175853,LIMIT,SELL,100000.00,GTC,True,False,100000.00,MAKER,1.07892,-5.0000000000105516e-05,['2.16 USD'],NO_TRIGGER,FILLED,OUO,OL-20250328-070000-001-V2-513,['O-20250328-070000-001-V2-1538'],O-20250328-070000-001-V2-1537,,,,['V2_POS1_TP'],7ad63945-0ffa-44d7-b6b8-484922f413ea,1743145200000000000,1743145740000000000,,,,,1.07887,False,
O-20250328-090000-001-V2-1540,BACKTESTER-001,MLSignalStrategyV2-V2,EUR/USD.IDEALPRO,IDEALPRO-1-1540,EUR/USD.IDEALPRO-MLSignalStrategyV2-V2,IDEALPRO-001,IDEALPRO-1-176076,MARKET,SELL,100000.00,GTC,False,False,100000.00,TAKER,1.07784,0.0,['2.16 USD'],NO_TRIGGER,FILLED,OTO,OL-20250328-090000-001-V2-514,"['O-20250328-090000-001-V2-1541', 'O-20250328-090000-001-V2-1542']",,,,,['V2_POS1'],9119d239-2fcd-44c5-8617-2cc3b1ee4b48,1743152400000000000,1743152400000000000,,,,,,,
O-20250328-090000-001-V2-1541,BACKTESTER-001,MLSignalStrategyV2-V2,EUR/USD.IDEALPRO,IDEALPRO-1-1541,EUR/USD.IDEALPRO-MLSignalStrategyV2-V2,IDEALPRO-001,,STOP_MARKET,BUY,100000.00,GTC,True,False,0.00,NO_LIQUIDITY_SIDE,,,,NO_TRIGGER,CANCELED,OUO,OL-20250328-090000-001-V2-514,['O-20250328-090000-001-V2-1542'],O-20250328-090000-001-V2-1540,,,,['V2_POS1_SL'],720826da-6fc3-441d-8a43-6c107cb776e1,1743152400000000000,1743153720000000000,1.07844,DEFAULT,,,,,
O-20250328-090000-001-V2-1542,BACKTESTER-001,MLSignalStrategyV2-V2,EUR/USD.IDEALPRO,IDEALPRO-1-1542,EUR/USD.IDEALPRO-MLSignalStrategyV2-V2,IDEALPRO-001,IDEALPRO-1-176121,LIMIT,BUY,100000.00,GTC,True,False,100000.00,MAKER,1.07701,-0.00022999999999995246,['2.15 USD'],NO_TRIGGER,FILLED,OUO,OL-20250328-090000-001-V2-514,['O-20250328-090000-001-V2-1541'],O-20250328-090000-001-V2-1540,,,,['V2_POS1_TP'],7bc9c25c-d93b-4151-891d-b584a60b3464,1743152400000000000,1743153720000000000,,,,,1.07724,False,
O-20250328-100000-001-V2-1543,BACKTESTER-001,MLSignalStrategyV2-V2,EUR/USD.IDEALPRO,IDEALPRO-1-1543,EUR/USD.IDEALPRO-MLSignalStrategyV2-V2,IDEALPRO-001,IDEALPRO-1-176198,MARKET,BUY,100000.00,GTC,False,False,100000.00,TAKER,1.07738,0.0,['2.15 USD'],NO_TRIGGER,FILLED,OTO,OL-20250328-100000-001-V2-515,"['O-20250328-100000-001-V2-1544', 'O-20250328-100000-001-V2-1545']",,,,,['V2_POS1'],89e6686f-ca3f-4feb-b1dc-bb092921ca5f,1743156000000000000,1743156000000000000,,,,,,,
O-20250328-100000-001-V2-1544,BACKTESTER-001,MLSignalStrategyV2-V2,EUR/USD.IDEALPRO,IDEALPRO-1-1544,EUR/USD.IDEALPRO-MLSignalStrategyV2-V2,IDEALPRO-001,IDEALPRO-1-176213,STOP_MARKET,SELL,100000.00,GTC,True,False,100000.00,TAKER,1.07674,1.0000000000065512e-05,['2.15 USD'],NO_TRIGGER,FILLED,OUO,OL-20250328-100000-001-V2-515,['O-20250328-100000-001-V2-1545'],O-20250328-100000-001-V2-1543,,,,['V2_POS1_SL'],dd7ba066-0465-4f42-a185-58438c3799c6,1743156000000000000,1743156420000000000,1.07675,DEFAULT,,,,,
O-20250328-100000-001-V2-1545,BACKTESTER-001,MLSignalStrategyV2-V2,EUR/USD.IDEALPRO,IDEALPRO-1-1545,EUR/USD.IDEALPRO-MLSignalStrategyV2-V2,IDEALPRO-001,,LIMIT,SELL,100000.00,GTC,True,False,0.00,NO_LIQUIDITY_SIDE,,,,NO_TRIGGER,CANCELED,OUO,OL-20250328-100000-001-V2-515,['O-20250328-100000-001-V2-1544'],O-20250328-100000-001-V2-1543,,,,['V2_POS1_TP'],be4a6600-571e-4c6b-8c7d-fe7930d93fce,1743156000000000000,1743156420000000000,,,,,1.07799,False,
O-20250328-150000-001-V2-1546,BACKTESTER-001,MLSignalStrategyV2-V2,EUR/USD.IDEALPRO,IDEALPRO-1-1546,EUR/USD.IDEALPRO-MLSignalStrategyV2-V2,IDEALPRO-001,IDEALPRO-1-176800,MARKET,SELL,100000.00,GTC,False,False,100000.00,TAKER,1.08231,0.0,['2.16 USD'],NO_TRIGGER,FILLED,OTO,OL-20250328-150000-001-V2-516,"['O-20250328-150000-001-V2-1547', 'O-20250328-150000-001-V2-1548']",,,,,['V2_POS1'],5aba2e23-b337-440c-8311-64b64567dc0c,1743174000000000000,1743174000000000000,,,,,,,
O-20250328-150000-001-V2-1547,BACKTESTER-001,MLSignalStrategyV2-V2,EUR/USD.IDEALPRO,IDEALPRO-1-1547,EUR/USD.IDEALPRO-MLSignalStrategyV2-V2,IDEALPRO-001,IDEALPRO-1-176811,STOP_MARKET,BUY,100000.00,GTC,True,False,100000.00,TAKER,1.08337,0.0001100000000000545,['2.17 USD'],NO_TRIGGER,FILLED,OUO,OL-20250328-150000-001-V2-516,['O-20250328-150000-001-V2-1548'],O-20250328-150000-001-V2-1546,,,,['V2_POS1_SL'],f2b7da11-199d-44a1-832c-ac39e37999c4,1743174000000000000,1743174300000000000,1.08326,DEFAULT,,,,,
O-20250328-150000-001-V2-1548,BACKTESTER-001,MLSignalStrategyV2-V2,EUR/USD.IDEALPRO,IDEALPRO-1-1548,EUR/USD.IDEALPRO-MLSignalStrategyV2-V2,IDEALPRO-001,,LIMIT,BUY,100000.00,GTC,True,False,0.00,NO_LIQUIDITY_SIDE,,,,NO_TRIGGER,CANCELED,OUO,OL-20250328-150000-001-V2-516,['O-20250328-150000-001-V2-1547'],O-20250328-150000-001-V2-1546,,,,['V2_POS1_TP'],36ffbf51-98dc-433a-9760-7d0c30d723d9,1743174000000000000,1743174300000000000,,,,,1.08136,False,
O-20250328-151500-001-V2-1549,BACKTESTER-001,MLSignalStrategyV2-V2,EUR/USD.IDEALPRO,IDEALPRO-1-1549,EUR/USD.IDEALPRO-MLSignalStrategyV2-V2,IDEALPRO-001,IDEALPRO-1-176832,MARKET,SELL,100000.00,GTC,False,False,100000.00,TAKER,1.08334,0.0,['2.17 USD'],NO_TRIGGER,FILLED,OTO,OL-20250328-151500-001-V2-517,"['O-20250328-151500-001-V2-1550', 'O-20250328-151500-001-V2-1551']",,,,,['V2_POS1'],ec121112-abf2-4f21-8984-e313d214b057,1743174900000000000,1743174900000000000,,,,,,,
O-20250328-151500-001-V2-1550,BACKTESTER-001,MLSignalStrategyV2-V2,EUR/USD.IDEALPRO,IDEALPRO-1-1550,EUR/USD.IDEALPRO-MLSignalStrategyV2-V2,IDEALPRO-001,IDEALPRO-1-176855,STOP_MARKET,BUY,100000.00,GTC,True,False,100000.00,TAKER,1.08435,4.999999999988347e-05,['2.17 USD'],NO_TRIGGER,FILLED,OUO,OL-20250328-151500-001-V2-517,['O-20250328-151500-001-V2-1551'],O-20250328-151500-001-V2-1549,,,,['V2_POS1_SL'],0a2bb57e-c882-4ebe-b984-69a7cd96de9f,1743174900000000000,1743175560000000000,1.08430,DEFAULT,,,,,
O-20250328-151500-001-V2-1551,BACKTESTER-001,MLSignalStrategyV2-V2,EUR/USD.IDEALPRO,IDEALPRO-1-1551,EUR/USD.IDEALPRO-MLSignalStrategyV2-V2,IDEALPRO-001,,LIMIT,BUY,100000.00,GTC,True,False,0.00,NO_LIQUIDITY_SIDE,,,,NO_TRIGGER,CANCELED,OUO,OL-20250328-151500-001-V2-517,['O-20250328-151500-001-V2-1550'],O-20250328-151500-001-V2-1549,,,,['V2_POS1_TP'],5b0b4211-1aaf-4f26-9c8d-db5a29753b25,1743174900000000000,1743175560000000000,,,,,1.08240,False,
O-20250328-153000-001-V2-1552,BACKTESTER-001,MLSignalStrategyV2-V2,EUR/USD.IDEALPRO,IDEALPRO-1-1552,EUR/USD.IDEALPRO-MLSignalStrategyV2-V2,IDEALPRO-001,IDEALPRO-1-176864,MARKET,SELL,100000.00,GTC,False,False,100000.00,TAKER,1.08409,0.0,['2.17 USD'],NO_TRIGGER,FILLED,OTO,OL-20250328-153000-001-V2-518,"['O-20250328-153000-001-V2-1553', 'O-20250328-153000-001-V2-1554']",,,,,['V2_POS1'],468ed8ff-a0be-404e-bde2-530e243914dd,1743175800000000000,1743175800000000000,,,,,,,
O-20250328-153000-001-V2-1553,BACKTESTER-001,MLSignalStrategyV2-V2,EUR/USD.IDEALPRO,IDEALPRO-1-1553,EUR/USD.IDEALPRO-MLSignalStrategyV2-V2,IDEALPRO-001,,STOP_MARKET,BUY,100000.00,GTC,True,False,0.00,NO_LIQUIDITY_SIDE,,,,NO_TRIGGER,CANCELED,OUO,OL-20250328-153000-001-V2-518,['O-20250328-153000-001-V2-1554'],O-20250328-153000-001-V2-1552,,,,['V2_POS1_SL'],f37ff225-5c7a-4cec-bcbe-0da57886a967,1743175800000000000,1743176760000000000,1.08505,DEFAULT,,,,,
O-20250328-153000-001-V2-1554,BACKTESTER-001,MLSignalStrategyV2-V2,EUR/USD.IDEALPRO,IDEALPRO-1-1554,EUR/USD.IDEALPRO-MLSignalStrategyV2-V2,IDEALPRO-001,IDEALPRO-1-176897,LIMIT,BUY,100000.00,GTC,True,False,100000.00,MAKER,1.08313,0.0,['2.17 USD'],NO_TRIGGER,FILLED,OUO,OL-20250328-153000-001-V2-518,['O-20250328-153000-001-V2-1553'],O-20250328-153000-001-V2-1552,,,,['V2_POS1_TP'],c4d9e834-a19d-4d88-bfde-b33af0523f35,1743175800000000000,1743176760000000000,,,,,1.08313,False,
O-20250328-160000-001-V2-1555,BACKTESTER-001,MLSignalStrategyV2-V2,EUR/USD.IDEALPRO,IDEALPRO-1-1555,EUR/USD.IDEALPRO-MLSignalStrategyV2-V2,IDEALPRO-001,IDEALPRO-1-176926,MARKET,SELL,100000.00,GTC,False,False,100000.00,TAKER,1.08251,0.0,['2.17 USD'],NO_TRIGGER,FILLED,OTO,OL-20250328-160000-001-V2-519,"['O-20250328-160000-001-V2-1556', 'O-20250328-160000-001-V2-1557']",,,,,['V2_POS1'],660fdc44-cb65-42c4-ab23-c662183d4828,1743177600000000000,1743177600000000000,,,,,,,
O-20250328-160000-001-V2-1556,BACKTESTER-001,MLSignalStrategyV2-V2,EUR/USD.IDEALPRO,IDEALPRO-1-1556,EUR/USD.IDEALPRO-MLSignalStrategyV2-V2,IDEALPRO-001,,STOP_MARKET,BUY,100000.00,GTC,True,False,0.00,NO_LIQUIDITY_SIDE,,,,NO_TRIGGER,CANCELED,OUO,OL-20250328-160000-001-V2-519,['O-20250328-160000-001-V2-1557'],O-20250328-160000-001-V2-1555,,,,['V2_POS1_SL'],53959e50-22c1-48a1-a84d-9f4edfe6ea26,1743177600000000000,1743182460000000000,1.08348,DEFAULT,,,,,
O-20250328-160000-001-V2-1557,BACKTESTER-001,MLSignalStrategyV2-V2,EUR/USD.IDEALPRO,IDEALPRO-1-1557,EUR/USD.IDEALPRO-MLSignalStrategyV2-V2,IDEALPRO-001,IDEALPRO-1-177089,LIMIT,BUY,100000.00,GTC,True,False,100000.00,MAKER,1.08132,-0.00021999999999988695,['2.16 USD'],NO_TRIGGER,FILLED,OUO,OL-20250328-160000-001-V2-519,['O-20250328-160000-001-V2-1556'],O-20250328-160000-001-V2-1555,,,,['V2_POS1_TP'],ddae89a1-827e-4679-987c-75fb5ef92b75,1743177600000000000,1743182460000000000,,,,,1.08154,False,
O-20250328-200000-001-V2-1558,BACKTESTER-001,MLSignalStrategyV2-V2,EUR/USD.IDEALPRO,IDEALPRO-1-1558,EUR/USD.IDEALPRO-MLSignalStrategyV2-V2,IDEALPRO-001,IDEALPRO-1-177408,MARKET,BUY,100000.00,GTC,False,False,100000.00,TAKER,1.08256,0.0,['2.17 USD'],NO_TRIGGER,FILLED,OTO,OL-20250328-200000-001-V2-520,"['O-20250328-200000-001-V2-1559', 'O-20250328-200000-001-V2-1560']",,,,,['V2_POS1'],26349b5e-a6ea-4be3-928d-898e886addb4,1743192000000000000,1743192000000000000,,,,,,,
O-20250328-200000-001-V2-1559,BACKTESTER-001,MLSignalStrategyV2-V2,EUR/USD.IDEALPRO,IDEALPRO-1-1559,EUR/USD.IDEALPRO-MLSignalStrategyV2-V2,IDEALPRO-001,,STOP_MARKET,SELL,100000.00,GTC,True,False,0.00,NO_LIQUIDITY_SIDE,,,,NO_TRIGGER,CANCELED,OUO,OL-20250328-200000-001-V2-520,['O-20250328-200000-001-V2-1560'],O-20250328-200000-001-V2-1558,,,,['V2_POS1_SL'],d09a9f10-6f02-4ffa-a88e-239d380bffcc,1743192000000000000,1743193560000000000,1.08202,DEFAULT,,,,,
O-20250328-200000-001-V2-1560,BACKTESTER-001,MLSignalStrategyV2-V2,EUR/USD.IDEALPRO,IDEALPRO-1-1560,EUR/USD.IDEALPRO-MLSignalStrategyV2-V2,IDEALPRO-001,IDEALPRO-1-177461,LIMIT,SELL,100000.00,GTC,True,False,100000.00,MAKER,1.08319,-9.000000000014552e-05,['2.17 USD'],NO_TRIGGER,FILLED,OUO,OL-20250328-200000-001-V2-520,['O-20250328-200000-001-V2-1559'],O-20250328-200000-001-V2-1558,,,,['V2_POS1_TP'],202de93c-c36c-44ea-876e-108144c30c9f,1743192000000000000,1743193560000000000,,,,,1.08310,False,
O-20250330-221500-001-V2-1561,BACKTESTER-001,MLSignalStrategyV2-V2,EUR/USD.IDEALPRO,IDEALPRO-1-1561,EUR/USD.IDEALPRO-MLSignalStrategyV2-V2,IDEALPRO-001,IDEALPRO-1-177650,MARKET,BUY,100000.00,GTC,False,False,100000.00,TAKER,1.08093,0.0,['2.16 USD'],NO_TRIGGER,FILLED,OTO,OL-20250330-221500-001-V2-521,"['O-20250330-221500-001-V2-1562', 'O-20250330-221500-001-V2-1563']",,,,,['V2_POS1'],9ef0d9a4-9214-48ab-ae11-60a29be0fb2b,1743372900000000000,1743372900000000000,,,,,,,
O-20250330-221500-001-V2-1562,BACKTESTER-001,MLSignalStrategyV2-V2,EUR/USD.IDEALPRO,IDEALPRO-1-1562,EUR/USD.IDEALPRO-MLSignalStrategyV2-V2,IDEALPRO-001,,STOP_MARKET,SELL,100000.00,GTC,True,False,0.00,NO_LIQUIDITY_SIDE,,,,NO_TRIGGER,CANCELED,OUO,OL-20250330-221500-001-V2-521,['O-20250330-221500-001-V2-1563'],O-20250330-221500-001-V2-1561,,,,['V2_POS1_SL'],8809b013-473b-4c37-8f45-83b8eb2d4ac4,1743372900000000000,1743373740000000000,1.08040,DEFAULT,,,,,
O-20250330-221500-001-V2-1563,BACKTESTER-001,MLSignalStrategyV2-V2,EUR/USD.IDEALPRO,IDEALPRO-1-1563,EUR/USD.IDEALPRO-MLSignalStrategyV2-V2,IDEALPRO-001,IDEALPRO-1-177679,LIMIT,SELL,100000.00,GTC,True,False,100000.00,MAKER,1.0815,-5.999999999994898e-05,['2.16 USD'],NO_TRIGGER,FILLED,OUO,OL-20250330-221500-001-V2-521,['O-20250330-221500-001-V2-1562'],O-20250330-221500-001-V2-1561,,,,['V2_POS1_TP'],d44189c3-baa9-419c-aa82-8c433fa95771,1743372900000000000,1743373740000000000,,,,,1.08144,False,
O-20250330-223000-001-V2-1564,BACKTESTER-001,MLSignalStrategyV2-V2,EUR/USD.IDEALPRO,IDEALPRO-1-1564,EUR/USD.IDEALPRO-MLSignalStrategyV2-V2,IDEALPRO-001,IDEALPRO-1-177682,MARKET,BUY,100000.00,GTC,False,False,100000.00,TAKER,1.08141,0.0,['2.16 USD'],NO_TRIGGER,FILLED,OTO,OL-20250330-223000-001-V2-522,"['O-20250330-223000-001-V2-1565', 'O-20250330-223000-001-V2-1566']",,,,,['V2_POS1'],222d0c1f-7394-4b18-951b-95418cb1d793,1743373800000000000,1743373800000000000,,,,,,,
O-20250330-223000-001-V2-1565,BACKTESTER-001,MLSignalStrategyV2-V2,EUR/USD.IDEALPRO,IDEALPRO-1-1565,EUR/USD.IDEALPRO-MLSignalStrategyV2-V2,IDEALPRO-001,,STOP_MARKET,SELL,100000.00,GTC,True,False,0.00,NO_LIQUIDITY_SIDE,,,,NO_TRIGGER,CANCELED,OUO,OL-20250330-223000-001-V2-522,['O-20250330-223000-001-V2-1566'],O-20250330-223000-001-V2-1564,,,,['V2_POS1_SL'],11b09460-edd8-4410-99a1-4800e6d5e1e3,1743373800000000000,1743374400000000000,1.08084,DEFAULT,,,,,
O-20250330-223000-001-V2-1566,BACKTESTER-001,MLSignalStrategyV2-V2,EUR/USD.IDEALPRO,IDEALPRO-1-1566,EUR/USD.IDEALPRO-MLSignalStrategyV2-V2,IDEALPRO-001,IDEALPRO-1-177703,LIMIT,SELL,100000.00,GTC,True,False,100000.00,MAKER,1.082,-2.0000000000131024e-05,['2.16 USD'],NO_TRIGGER,FILLED,OUO,OL-20250330-223000-001-V2-522,['O-20250330-223000-001-V2-1565'],O-20250330-223000-001-V2-1564,,,,['V2_POS1_TP'],073bc4b0-c04a-4e8c-9d3b-d74e052ca36a,1743373800000000000,1743374400000000000,,,,,1.08198,False,
O-20250330-224500-001-V2-1567,BACKTESTER-001,MLSignalStrategyV2-V2,EUR/USD.IDEALPRO,IDEALPRO-1-1567,EUR/USD.IDEALPRO-MLSignalStrategyV2-V2,IDEALPRO-001,IDEALPRO-1-177714,MARKET,BUY,100000.00,GTC,False,False,100000.00,TAKER,1.08209,0.0,['2.16 USD'],NO_TRIGGER,FILLED,OTO,OL-20250330-224500-001-V2-523,"['O-20250330-224500-001-V2-1568', 'O-20250330-224500-001-V2-1569']",,,,,['V2_POS1'],481dfd2d-0937-4f62-ba93-4934c01b2834,1743374700000000000,1743374700000000000,,,,,,,
O-20250330-224500-001-V2-1568,BACKTESTER-001,MLSignalStrategyV2-V2,EUR/USD.IDEALPRO,IDEALPRO-1-1568,EUR/USD.IDEALPRO-MLSignalStrategyV2-V2,IDEALPRO-001,,STOP_MARKET,SELL,100000.00,GTC,True,False,0.00,NO_LIQUIDITY_SIDE,,,,NO_TRIGGER,CANCELED,OUO,OL-20250330-224500-001-V2-523,['O-20250330-224500-001-V2-1569'],O-20250330-224500-001-V2-1567,,,,['V2_POS1_SL'],21903c4f-8d06-467b-a122-c17d83af9940,1743374700000000000,1743375960000000000,1.08149,DEFAULT,,,,,
O-20250330-224500-001-V2-1569,BACKTESTER-001,MLSignalStrategyV2-V2,EUR/USD.IDEALPRO,IDEALPRO-1-1569,EUR/USD.IDEALPRO-MLSignalStrategyV2-V2,IDEALPRO-001,IDEALPRO-1-177757,LIMIT,SELL,100000.00,GTC,True,False,100000.00,MAKER,1.08279,-9.999999999998899e-05,['2.17 USD'],NO_TRIGGER,FILLED,OUO,OL-20250330-224500-001-V2-523,['O-20250330-224500-001-V2-1568'],O-20250330-224500-001-V2-1567,,,,['V2_POS1_TP'],b986f62b-da11-4c12-b833-0c08886ca008,1743374700000000000,1743375960000000000,,,,,1.08269,False,
O-20250330-233000-001-V2-1570,BACKTESTER-001,MLSignalStrategyV2-V2,EUR/USD.IDEALPRO,IDEALPRO-1-1570,EUR/USD.IDEALPRO-MLSignalStrategyV2-V2,IDEALPRO-001,IDEALPRO-1-177806,MARKET,BUY,100000.00,GTC,False,False,100000.00,TAKER,1.08124,0.0,['2.16 USD'],NO_TRIGGER,FILLED,OTO,OL-20250330-233000-001-V2-524,"['O-20250330-233000-001-V2-1571', 'O-20250330-233000-001-V2-1572']",,,,,['V2_POS1'],6d11182b-b1dc-475a-bc51-c2400ed43b2e,1743377400000000000,1743377400000000000,,,,,,,
O-20250330-233000-001-V2-1571,BACKTESTER-001,MLSignalStrategyV2-V2,EUR/USD.IDEALPRO,IDEALPRO-1-1571,EUR/USD.IDEALPRO-MLSignalStrategyV2-V2,IDEALPRO-001,,STOP_MARKET,SELL,100000.00,GTC,True,False,0.00,NO_LIQUIDITY_SIDE,,,,NO_TRIGGER,CANCELED,OUO,OL-20250330-233000-001-V2-524,['O-20250330-233000-001-V2-1572'],O-20250330-233000-001-V2-1570,,,,['V2_POS1_SL'],8c8df998-a437-412d-acbb-09de4f39ad25,1743377400000000000,1743377580000000000,1.08064,DEFAULT,,,,,
O-20250330-233000-001-V2-1572,BACKTESTER-001,MLSignalStrategyV2-V2,EUR/USD.IDEALPRO,IDEALPRO-1-1572,EUR/USD.IDEALPRO-MLSignalStrategyV2-V2,IDEALPRO-001,IDEALPRO-1-177813,LIMIT,SELL,100000.00,GTC,True,False,100000.00,MAKER,1.08194,-0.00011999999999989797,['2.16 USD'],NO_TRIGGER,FILLED,OUO,OL-20250330-233000-001-V2-524,['O-20250330-233000-001-V2-1571'],O-20250330-233000-001-V2-1570,,,,['V2_POS1_TP'],9f7fab67-1b42-424c-a823-07e4062e393d,1743377400000000000,1743377580000000000,,,,,1.08182,False,
O-20250330-234500-001-V2-1573,BACKTESTER-001,MLSignalStrategyV2-V2,EUR/USD.IDEALPRO,IDEALPRO-1-1573,EUR/USD.IDEALPRO-MLSignalStrategyV2-V2,IDEALPRO-001,IDEALPRO-1-177838,MARKET,BUY,100000.00,GTC,False,False,100000.00,TAKER,1.08228,0.0,['2.16 USD'],NO_TRIGGER,FILLED,OTO,OL-20250330-234500-001-V2-525,"['O-20250330-234500-001-V2-1574', 'O-20250330-234500-001-V2-1575']",,,,,['V2_POS1'],9de96936-3b54-4a83-8ac7-9f924169c4fd,1743378300000000000,1743378300000000000,,,,,,,
O-20250330-234500-001-V2-1574,BACKTESTER-001,MLSignalStrategyV2-V2,EUR/USD.IDEALPRO,IDEALPRO-1-1574,EUR/USD.IDEALPRO-MLSignalStrategyV2-V2,IDEALPRO-001,,STOP_MARKET,SELL,100000.00,GTC,True,False,0.00,NO_LIQUIDITY_SIDE,,,,NO_TRIGGER,CANCELED,OUO,OL-20250330-234500-001-V2-525,['O-20250330-234500-001-V2-1575'],O-20250330-234500-001-V2-1573,,,,['V2_POS1_SL'],ceb5f113-4e4e-4289-a783-fa0dece536bd,1743378300000000000,1743379860000000000,1.08163,DEFAULT,,,,,
O-20250330-234500-001-V2-1575,BACKTESTER-001,MLSignalStrategyV2-V2,EUR/USD.IDEALPRO,IDEALPRO-1-1575,EUR/USD.IDEALPRO-MLSignalStrategyV2-V2,IDEALPRO-001,IDEALPRO-1-177891,LIMIT,SELL,100000.00,GTC,True,False,100000.00,MAKER,1.08302,-0.0001100000000000545,['2.17 USD'],NO_TRIGGER,FILLED,OUO,OL-20250330-234500-001-V2-525,['O-20250330-234500-001-V2-1574'],O-20250330-234500-001-V2-1573,,,,['V2_POS1_TP'],59f12286-f905-47f6-895d-7a42d6a82173,1743378300000000000,1743379860000000000,,,,,1.08291,False,
O-20250331-080000-001-V2-1576,BACKTESTER-001,MLSignalStrategyV2-V2,EUR/USD.IDEALPRO,IDEALPRO-1-1576,EUR/USD.IDEALPRO-MLSignalStrategyV2-V2,IDEALPRO-001,IDEALPRO-1-178831,MARKET,BUY,100000.00,GTC,False,False,100000.00,TAKER,1.08319,0.0,['2.17 USD'],NO_TRIGGER,FILLED,OTO,OL-20250331-080000-001-V2-526,"['O-20250331-080000-001-V2-1577', 'O-20250331-080000-001-V2-1578']",,,,,['V2_POS1'],ec2b810a-7d04-42a2-8146-48d39258f3d1,1743408000000000000,1743408000000000000,,,,,,,
O-20250331-080000-001-V2-1577,BACKTESTER-001,MLSignalStrategyV2-V2,EUR/USD.IDEALPRO,IDEALPRO-1-1577,EUR/USD.IDEALPRO-MLSignalStrategyV2-V2,IDEALPRO-001,IDEALPRO-1-178849,STOP_MARKET,SELL,100000.00,GTC,True,False,100000.00,TAKER,1.08238,1.0000000000065512e-05,['2.16 USD'],NO_TRIGGER,FILLED,OUO,OL-20250331-080000-001-V2-526,['O-20250331-080000-001-V2-1578'],O-20250331-080000-001-V2-1576,,,,['V2_POS1_SL'],b55497bd-072b-4e5b-a4f8-6b2cc708efbe,1743408000000000000,1743408540000000000,1.08239,DEFAULT,,,,,
O-20250331-080000-001-V2-1578,BACKTESTER-001,MLSignalStrategyV2-V2,EUR/USD.IDEALPRO,IDEALPRO-1-1578,EUR/USD.IDEALPRO-MLSignalStrategyV2-V2,IDEALPRO-001,,LIMIT,SELL,100000.00,GTC,True,False,0.00,NO_LIQUIDITY_SIDE,,,,NO_TRIGGER,CANCELED,OUO,OL-20250331-080000-001-V2-526,['O-20250331-080000-001-V2-1577'],O-20250331-080000-001-V2-1576,,,,['V2_POS1_TP'],7eb2a780-169e-4108-b33b-9c98bd2d5ab3,1743408000000000000,1743408540000000000,,,,,1.08399,False,
O-20250331-100000-001-V2-1579,BACKTESTER-001,MLSignalStrategyV2-V2,EUR/USD.IDEALPRO,IDEALPRO-1-1579,EUR/USD.IDEALPRO-MLSignalStrategyV2-V2,IDEALPRO-001,IDEALPRO-1-179072,MARKET,BUY,100000.00,GTC,False,False,100000.00,TAKER,1.08164,0.0,['2.16 USD'],NO_TRIGGER,FILLED,OTO,OL-20250331-100000-001-V2-527,"['O-20250331-100000-001-V2-1580', 'O-20250331-100000-001-V2-1581']",,,,,['V2_POS1'],aead1156-f718-4891-b9b4-869feb181296,1743415200000000000,1743415200000000000,,,,,,,
O-20250331-100000-001-V2-1580,BACKTESTER-001,MLSignalStrategyV2-V2,EUR/USD.IDEALPRO,IDEALPRO-1-1580,EUR/USD.IDEALPRO-MLSignalStrategyV2-V2,IDEALPRO-001,IDEALPRO-1-179097,STOP_MARKET,SELL,100000.00,GTC,True,False,100000.00,TAKER,1.08082,0.00010000000000021103,['2.16 USD'],NO_TRIGGER,FILLED,OUO,OL-20250331-100000-001-V2-527,['O-20250331-100000-001-V2-1581'],O-20250331-100000-001-V2-1579,,,,['V2_POS1_SL'],316c6a93-1c3e-412e-8627-e01913a68d2d,1743415200000000000,1743415920000000000,1.08092,DEFAULT,,,,,
O-20250331-100000-001-V2-1581,BACKTESTER-001,MLSignalStrategyV2-V2,EUR/USD.IDEALPRO,IDEALPRO-1-1581,EUR/USD.IDEALPRO-MLSignalStrategyV2-V2,IDEALPRO-001,,LIMIT,SELL,100000.00,GTC,True,False,0.00,NO_LIQUIDITY_SIDE,,,,NO_TRIGGER,CANCELED,OUO,OL-20250331-100000-001-V2-527,['O-20250331-100000-001-V2-1580'],O-20250331-100000-001-V2-1579,,,,['V2_POS1_TP'],f805594f-c157-41fd-84a8-5c0f64f9a349,1743415200000000000,1743415920000000000,,,,,1.08234,False,
O-20250331-101500-001-V2-1582,BACKTESTER-001,MLSignalStrategyV2-V2,EUR/USD.IDEALPRO,IDEALPRO-1-1582,EUR/USD.IDEALPRO-MLSignalStrategyV2-V2,IDEALPRO-001,IDEALPRO-1-179104,MARKET,BUY,100000.00,GTC,False,False,100000.00,TAKER,1.08085,0.0,['2.16 USD'],NO_TRIGGER,FILLED,OTO,OL-20250331-101500-001-V2-528,"['O-20250331-101500-001-V2-1583', 'O-20250331-101500-001-V2-1584']",,,,,['V2_POS1'],3313fa2c-a38c-4434-b841-f97382a38f12,1743416100000000000,1743416100000000000,,,,,,,
O-20250331-101500-001-V2-1583,BACKTESTER-001,MLSignalStrategyV2-V2,EUR/USD.IDEALPRO,IDEALPRO-1-1583,EUR/USD.IDEALPRO-MLSignalStrategyV2-V2,IDEALPRO-001,,STOP_MARKET,SELL,100000.00,GTC,True,False,0.00,NO_LIQUIDITY_SIDE,,,,NO_TRIGGER,CANCELED,OUO,OL-20250331-101500-001-V2-528,['O-20250331-101500-001-V2-1584'],O-20250331-101500-001-V2-1582,,,,['V2_POS1_SL'],34b3f105-2409-4bf5-b3b7-f6120b77f2db,1743416100000000000,1743417000000000000,1.08012,DEFAULT,,,,,
O-20250331-101500-001-V2-1584,BACKTESTER-001,MLSignalStrategyV2-V2,EUR/USD.IDEALPRO,IDEALPRO-1-1584,EUR/USD.IDEALPRO-MLSignalStrategyV2-V2,IDEALPRO-001,IDEALPRO-1-179135,LIMIT,SELL,100000.00,GTC,True,False,100000.00,MAKER,1.08158,0.0,['2.16 USD'],NO_TRIGGER,FILLED,OUO,OL-20250331-101500-001-V2-528,['O-20250331-101500-001-V2-1583'],O-20250331-101500-001-V2-1582,,,,['V2_POS1_TP'],7c1145fc-d4e2-4220-b77c-51d405980fe2,1743416100000000000,1743417000000000000,,,,,1.08158,False,
O-20250331-104500-001-V2-1585,BACKTESTER-001,MLSignalStrategyV2-V2,EUR/USD.IDEALPRO,IDEALPRO-1-1585,EUR/USD.IDEALPRO-MLSignalStrategyV2-V2,IDEALPRO-001,IDEALPRO-1-179166,MARKET,BUY,100000.00,GTC,False,False,100000.00,TAKER,1.08119,0.0,['2.16 USD'],NO_TRIGGER,FILLED,OTO,OL-20250331-104500-001-V2-529,"['O-20250331-104500-001-V2-1586', 'O-20250331-104500-001-V2-1587']",,,,,['V2_POS1'],e71826f8-0ed8-4014-a2fd-771fe9879eab,1743417900000000000,1743417900000000000,,,,,,,
O-20250331-104500-001-V2-1586,BACKTESTER-001,MLSignalStrategyV2-V2,EUR/USD.IDEALPRO,IDEALPRO-1-1586,EUR/USD.IDEALPRO-MLSignalStrategyV2-V2,IDEALPRO-001,,STOP_MARKET,SELL,100000.00,GTC,True,False,0.00,NO_LIQUIDITY_SIDE,,,,NO_TRIGGER,CANCELED,OUO,OL-20250331-104500-001-V2-529,['O-20250331-104500-001-V2-1587'],O-20250331-104500-001-V2-1585,,,,['V2_POS1_SL'],c4f98e1a-9343-485b-a0ab-0050edd70eed,1743417900000000000,1743418620000000000,1.08042,DEFAULT,,,,,
O-20250331-104500-001-V2-1587,BACKTESTER-001,MLSignalStrategyV2-V2,EUR/USD.IDEALPRO,IDEALPRO-1-1587,EUR/USD.IDEALPRO-MLSignalStrategyV2-V2,IDEALPRO-001,IDEALPRO-1-179191,LIMIT,SELL,100000.00,GTC,True,False,100000.00,MAKER,1.08201,-7.00000000000145e-05,['2.16 USD'],NO_TRIGGER,FILLED,OUO,OL-20250331-104500-001-V2-529,['O-20250331-104500-001-V2-1586'],O-20250331-104500-001-V2-1585,,,,['V2_POS1_TP'],db37ed78-26b2-4338-aece-bd1e4bfe84fe,1743417900000000000,1743418620000000000,,,,,1.08194,False,
O-20250331-200000-001-V2-1588,BACKTESTER-001,MLSignalStrategyV2-V2,EUR/USD.IDEALPRO,IDEALPRO-1-1588,EUR/USD.IDEALPRO-MLSignalStrategyV2-V2,IDEALPRO-001,IDEALPRO-1-180278,MARKET,BUY,100000.00,GTC,False,False,100000.00,TAKER,1.08143,0.0,['2.16 USD'],NO_TRIGGER,FILLED,OTO,OL-20250331-200000-001-V2-530,"['O-20250331-200000-001-V2-1589', 'O-20250331-200000-001-V2-1590']",,,,,['V2_POS1'],1d007894-5ba4-4e75-b828-30dde7c1bf42,1743451200000000000,1743451200000000000,,,,,,,
O-20250331-200000-001-V2-1589,BACKTESTER-001,MLSignalStrategyV2-V2,EUR/USD.IDEALPRO,IDEALPRO-1-1589,EUR/USD.IDEALPRO-MLSignalStrategyV2-V2,IDEALPRO-001,,STOP_MARKET,SELL,100000.00,GTC,True,False,0.00,NO_LIQUIDITY_SIDE,,,,NO_TRIGGER,CANCELED,OUO,OL-20250331-200000-001-V2-530,['O-20250331-200000-001-V2-1590'],O-20250331-200000-001-V2-1588,,,,['V2_POS1_SL'],c7083308-cba5-40aa-9820-f7f02733f10c,1743451200000000000,1743455760000000000,1.08092,DEFAULT,,,,,
O-20250331-200000-001-V2-1590,BACKTESTER-001,MLSignalStrategyV2-V2,EUR/USD.IDEALPRO,IDEALPRO-1-1590,EUR/USD.IDEALPRO-MLSignalStrategyV2-V2,IDEALPRO-001,IDEALPRO-1-180401,LIMIT,SELL,100000.00,GTC,True,False,100000.00,MAKER,1.08195,-2.999999999997449e-05,['2.16 USD'],NO_TRIGGER,FILLED,OUO,OL-20250331-200000-001-V2-530,['O-20250331-200000-001-V2-1589'],O-20250331-200000-001-V2-1588,,,,['V2_POS1_TP'],1af72551-42b6-4eef-9080-ced3109a6b9e,1743451200000000000,1743455760000000000,,,,,1.08192,False,
O-20250331-220000-001-V2-1591,BACKTESTER-001,MLSignalStrategyV2-V2,EUR/USD.IDEALPRO,IDEALPRO-1-1591,EUR/USD.IDEALPRO-MLSignalStrategyV2-V2,IDEALPRO-001,IDEALPRO-1-180490,MARKET,BUY,100000.00,GTC,False,False,100000.00,TAKER,1.08199,0.0,['2.16 USD'],NO_TRIGGER,FILLED,OTO,OL-20250331-220000-001-V2-531,"['O-20250331-220000-001-V2-1592', 'O-20250331-220000-001-V2-1593']",,,,,['V2_POS1'],2e62bd16-e11c-4502-9d0b-1ea26b7fafd5,1743458400000000000,1743458400000000000,,,,,,,
O-20250331-220000-001-V2-1592,BACKTESTER-001,MLSignalStrategyV2-V2,EUR/USD.IDEALPRO,IDEALPRO-1-1592,EUR/USD.IDEALPRO-MLSignalStrategyV2-V2,IDEALPRO-001,IDEALPRO-1-180493,STOP_MARKET,SELL,100000.00,GTC,True,False,100000.00,TAKER,1.08162,1.999999999990898e-05,['2.16 USD'],NO_TRIGGER,FILLED,OUO,OL-20250331-220000-001-V2-531,['O-20250331-220000-001-V2-1593'],O-20250331-220000-001-V2-1591,,,,['V2_POS1_SL'],5f8e43d4-d6cc-4202-a1bf-09dd51b16dc0,1743458400000000000,1743458460000000000,1.08164,DEFAULT,,,,,
O-20250331-220000-001-V2-1593,BACKTESTER-001,MLSignalStrategyV2-V2,EUR/USD.IDEALPRO,IDEALPRO-1-1593,EUR/USD.IDEALPRO-MLSignalStrategyV2-V2,IDEALPRO-001,,LIMIT,SELL,100000.00,GTC,True,False,0.00,NO_LIQUIDITY_SIDE,,,,NO_TRIGGER,CANCELED,OUO,OL-20250331-220000-001-V2-531,['O-20250331-220000-001-V2-1592'],O-20250331-220000-001-V2-1591,,,,['V2_POS1_TP'],ae0c3283-5332-4e5d-b7ce-f3b6b6653986,1743458400000000000,1743458460000000000,,,,,1.08232,False,
O-20250331-221500-001-V2-1594,BACKTESTER-001,MLSignalStrategyV2-V2,EUR/USD.IDEALPRO,IDEALPRO-1-1594,EUR/USD.IDEALPRO-MLSignalStrategyV2-V2,IDEALPRO-001,IDEALPRO-1-180522,MARKET,BUY,100000.00,GTC,False,False,100000.00,TAKER,1.08174,0.0,['2.16 USD'],NO_TRIGGER,FILLED,OTO,OL-20250331-221500-001-V2-532,"['O-20250331-221500-001-V2-1595', 'O-20250331-221500-001-V2-1596']",,,,,['V2_POS1'],a0cfd685-ef84-4e50-bb60-1f86f0448ddc,1743459300000000000,1743459300000000000,,,,,,,
O-20250331-221500-001-V2-1595,BACKTESTER-001,MLSignalStrategyV2-V2,EUR/USD.IDEALPRO,IDEALPRO-1-1595,EUR/USD.IDEALPRO-MLSignalStrategyV2-V2,IDEALPRO-001,IDEALPRO-1-180683,STOP_MARKET,SELL,100000.00,GTC,True,False,100000.00,TAKER,1.08142,0.0,['2.16 USD'],NO_TRIGGER,FILLED,OUO,OL-20250331-221500-001-V2-532,['O-20250331-221500-001-V2-1596'],O-20250331-221500-001-V2-1594,,,,['V2_POS1_SL'],eef94e5d-729d-47aa-b2e3-b64c71734bb5,1743459300000000000,1743464100000000000,1.08142,DEFAULT,,,,,
O-20250331-221500-001-V2-1596,BACKTESTER-001,MLSignalStrategyV2-V2,EUR/USD.IDEALPRO,IDEALPRO-1-1596,EUR/USD.IDEALPRO-MLSignalStrategyV2-V2,IDEALPRO-001,,LIMIT,SELL,100000.00,GTC,True,False,0.00,NO_LIQUIDITY_SIDE,,,,NO_TRIGGER,CANCELED,OUO,OL-20250331-221500-001-V2-532,['O-20250331-221500-001-V2-1595'],O-20250331-221500-001-V2-1594,,,,['V2_POS1_TP'],4f6ab74f-3aa4-4121-8216-b5d48406108c,1743459300000000000,1743464100000000000,,,,,1.08206,False,
O-20250401-090000-001-V2-1597,BACKTESTER-001,MLSignalStrategyV2-V2,EUR/USD.IDEALPRO,IDEALPRO-1-1597,EUR/USD.IDEALPRO-MLSignalStrategyV2-V2,IDEALPRO-001,IDEALPRO-1-181815,MARKET,SELL,100000.00,GTC,False,False,100000.00,TAKER,1.08178,0.0,['2.16 USD'],NO_TRIGGER,FILLED,OTO,OL-20250401-090000-001-V2-533,"['O-20250401-090000-001-V2-1598', 'O-20250401-090000-001-V2-1599']",,,,,['V2_POS1'],ce5f94d6-0307-4445-abb4-20080b4ec8b5,1743498000000000000,1743498000000000000,,,,,,,
O-20250401-090000-001-V2-1598,BACKTESTER-001,MLSignalStrategyV2-V2,EUR/USD.IDEALPRO,IDEALPRO-1-1598,EUR/USD.IDEALPRO-MLSignalStrategyV2-V2,IDEALPRO-001,IDEALPRO-1-181823,STOP_MARKET,BUY,100000.00,GTC,True,False,100000.00,TAKER,1.08264,0.00026999999999999247,['2.17 USD'],NO_TRIGGER,FILLED,OUO,OL-20250401-090000-001-V2-533,['O-20250401-090000-001-V2-1599'],O-20250401-090000-001-V2-1597,,,,['V2_POS1_SL'],82013954-6844-4f00-9a5f-2b037c659f5e,1743498000000000000,1743498240000000000,1.08237,DEFAULT,,,,,
O-20250401-090000-001-V2-1599,BACKTESTER-001,MLSignalStrategyV2-V2,EUR/USD.IDEALPRO,IDEALPRO-1-1599,EUR/USD.IDEALPRO-MLSignalStrategyV2-V2,IDEALPRO-001,,LIMIT,BUY,100000.00,GTC,True,False,0.00,NO_LIQUIDITY_SIDE,,,,NO_TRIGGER,CANCELED,OUO,OL-20250401-090000-001-V2-533,['O-20250401-090000-001-V2-1598'],O-20250401-090000-001-V2-1597,,,,['V2_POS1_TP'],cde73b1f-55fd-4374-a70a-6c88772f7fac,1743498000000000000,1743498240000000000,,,,,1.08119,False,
O-20250401-113000-001-V2-1600,BACKTESTER-001,MLSignalStrategyV2-V2,EUR/USD.IDEALPRO,IDEALPRO-1-1600,EUR/USD.IDEALPRO-MLSignalStrategyV2-V2,IDEALPRO-001,IDEALPRO-1-182116,MARKET,BUY,100000.00,GTC,False,False,100000.00,TAKER,1.07874,0.0,['2.16 USD'],NO_TRIGGER,FILLED,OTO,OL-20250401-113000-001-V2-534,"['O-20250401-113000-001-V2-1601', 'O-20250401-113000-001-V2-1602']",,,,,['V2_POS1'],652514ea-b98b-41f2-962e-081f08fcbada,1743507000000000000,1743507000000000000,,,,,,,
O-20250401-113000-001-V2-1601,BACKTESTER-001,MLSignalStrategyV2-V2,EUR/USD.IDEALPRO,IDEALPRO-1-1601,EUR/USD.IDEALPRO-MLSignalStrategyV2-V2,IDEALPRO-001,IDEALPRO-1-182143,STOP_MARKET,SELL,100000.00,GTC,True,False,100000.00,TAKER,1.07783,0.00011999999999989797,['2.16 USD'],NO_TRIGGER,FILLED,OUO,OL-20250401-113000-001-V2-534,['O-20250401-113000-001-V2-1602'],O-20250401-113000-001-V2-1600,,,,['V2_POS1_SL'],943d0ed8-9492-4d8c-8a66-4d8d98f70a32,1743507000000000000,1743507780000000000,1.07795,DEFAULT,,,,,
O-20250401-113000-001-V2-1602,BACKTESTER-001,MLSignalStrategyV2-V2,EUR/USD.IDEALPRO,IDEALPRO-1-1602,EUR/USD.IDEALPRO-MLSignalStrategyV2-V2,IDEALPRO-001,,LIMIT,SELL,100000.00,GTC,True,False,0.00,NO_LIQUIDITY_SIDE,,,,NO_TRIGGER,CANCELED,OUO,OL-20250401-113000-001-V2-534,['O-20250401-113000-001-V2-1601'],O-20250401-113000-001-V2-1600,,,,['V2_POS1_TP'],12011c18-f5be-4ea1-b9a6-326ddc5ba1ba,1743507000000000000,1743507780000000000,,,,,1.07953,False,
O-20250401-114500-001-V2-1603,BACKTESTER-001,MLSignalStrategyV2-V2,EUR/USD.IDEALPRO,IDEALPRO-1-1603,EUR/USD.IDEALPRO-MLSignalStrategyV2-V2,IDEALPRO-001,IDEALPRO-1-182148,MARKET,BUY,100000.00,GTC,False,False,100000.00,TAKER,1.07826,0.0,['2.16 USD'],NO_TRIGGER,FILLED,OTO,OL-20250401-114500-001-V2-535,"['O-20250401-114500-001-V2-1604', 'O-20250401-114500-001-V2-1605']",,,,,['V2_POS1'],43f44a6b-45d6-4425-9e8e-1a1a0b834ec0,1743507900000000000,1743507900000000000,,,,,,,
O-20250401-114500-001-V2-1604,BACKTESTER-001,MLSignalStrategyV2-V2,EUR/USD.IDEALPRO,IDEALPRO-1-1604,EUR/USD.IDEALPRO-MLSignalStrategyV2-V2,IDEALPRO-001,,STOP_MARKET,SELL,100000.00,GTC,True,False,0.00,NO_LIQUIDITY_SIDE,,,,NO_TRIGGER,CANCELED,OUO,OL-20250401-114500-001-V2-535,['O-20250401-114500-001-V2-1605'],O-20250401-114500-001-V2-1603,,,,['V2_POS1_SL'],b5cbc47c-9682-4aff-ab92-63f3891046d0,1743507900000000000,1743510300000000000,1.07746,DEFAULT,,,,,
O-20250401-114500-001-V2-1605,BACKTESTER-001,MLSignalStrategyV2-V2,EUR/USD.IDEALPRO,IDEALPRO-1-1605,EUR/USD.IDEALPRO-MLSignalStrategyV2-V2,IDEALPRO-001,IDEALPRO-1-182229,LIMIT,SELL,100000.00,GTC,True,False,100000.00,MAKER,1.07904,0.0,['2.16 USD'],NO_TRIGGER,FILLED,OUO,OL-20250401-114500-001-V2-535,['O-20250401-114500-001-V2-1604'],O-20250401-114500-001-V2-1603,,,,['V2_POS1_TP'],358fa109-17d6-4f7f-8a84-9f33e8fdce33,1743507900000000000,1743510300000000000,,,,,1.07904,False,
O-20250401-200000-001-V2-1606,BACKTESTER-001,MLSignalStrategyV2-V2,EUR/USD.IDEALPRO,IDEALPRO-1-1606,EUR/USD.IDEALPRO-MLSignalStrategyV2-V2,IDEALPRO-001,IDEALPRO-1-183140,MARKET,BUY,100000.00,GTC,False,False,100000.00,TAKER,1.07898,0.0,['2.16 USD'],NO_TRIGGER,FILLED,OTO,OL-20250401-200000-001-V2-536,"['O-20250401-200000-001-V2-1607', 'O-20250401-200000-001-V2-1608']",,,,,['V2_POS1'],b82157c5-c248-4b9f-ae62-3f55f1ee575e,1743537600000000000,1743537600000000000,,,,,,,
O-20250401-200000-001-V2-1607,BACKTESTER-001,MLSignalStrategyV2-V2,EUR/USD.IDEALPRO,IDEALPRO-1-1607,EUR/USD.IDEALPRO-MLSignalStrategyV2-V2,IDEALPRO-001,,STOP_MARKET,SELL,100000.00,GTC,True,False,0.00,NO_LIQUIDITY_SIDE,,,,NO_TRIGGER,CANCELED,OUO,OL-20250401-200000-001-V2-536,['O-20250401-200000-001-V2-1608'],O-20250401-200000-001-V2-1606,,,,['V2_POS1_SL'],61b1431d-4821-43b8-bf1f-c97dd581a26f,1743537600000000000,1743540480000000000,1.07856,DEFAULT,,,,,
O-20250401-200000-001-V2-1608,BACKTESTER-001,MLSignalStrategyV2-V2,EUR/USD.IDEALPRO,IDEALPRO-1-1608,EUR/USD.IDEALPRO-MLSignalStrategyV2-V2,IDEALPRO-001,IDEALPRO-1-183237,LIMIT,SELL,100000.00,GTC,True,False,100000.00,MAKER,1.08023,-0.0008300000000001084,['2.16 USD'],NO_TRIGGER,FILLED,OUO,OL-20250401-200000-001-V2-536,['O-20250401-200000-001-V2-1607'],O-20250401-200000-001-V2-1606,,,,['V2_POS1_TP'],8d83a9b1-118b-4ba3-b049-e32f98065b88,1743537600000000000,1743540480000000000,,,,,1.07940,False,
O-20250401-223000-001-V2-1609,BACKTESTER-001,MLSignalStrategyV2-V2,EUR/USD.IDEALPRO,IDEALPRO-1-1609,EUR/USD.IDEALPRO-MLSignalStrategyV2-V2,IDEALPRO-001,IDEALPRO-1-183412,MARKET,BUY,100000.00,GTC,False,False,100000.00,TAKER,1.08066,0.0,['2.16 USD'],NO_TRIGGER,FILLED,OTO,OL-20250401-223000-001-V2-537,"['O-20250401-223000-001-V2-1610', 'O-20250401-223000-001-V2-1611']",,,,,['V2_POS1'],eebb5e7f-45e7-4849-b630-003a3c484f66,1743546600000000000,1743546600000000000,,,,,,,
O-20250401-223000-001-V2-1610,BACKTESTER-001,MLSignalStrategyV2-V2,EUR/USD.IDEALPRO,IDEALPRO-1-1610,EUR/USD.IDEALPRO-MLSignalStrategyV2-V2,IDEALPRO-001,IDEALPRO-1-183419,STOP_MARKET,SELL,100000.00,GTC,True,False,100000.00,TAKER,1.08018,4.0000000000040004e-05,['2.16 USD'],NO_TRIGGER,FILLED,OUO,OL-20250401-223000-001-V2-537,['O-20250401-223000-001-V2-1611'],O-20250401-223000-001-V2-1609,,,,['V2_POS1_SL'],444c6823-9489-49e6-9ad0-eb0f615d83ff,1743546600000000000,1743546780000000000,1.08022,DEFAULT,,,,,
O-20250401-223000-001-V2-1611,BACKTESTER-001,MLSignalStrategyV2-V2,EUR/USD.IDEALPRO,IDEALPRO-1-1611,EUR/USD.IDEALPRO-MLSignalStrategyV2-V2,IDEALPRO-001,,LIMIT,SELL,100000.00,GTC,True,False,0.00,NO_LIQUIDITY_SIDE,,,,NO_TRIGGER,CANCELED,OUO,OL-20250401-223000-001-V2-537,['O-20250401-223000-001-V2-1610'],O-20250401-223000-001-V2-1609,,,,['V2_POS1_TP'],bfd39a15-5b83-442c-ae01-e8f843fa0254,1743546600000000000,1743546780000000000,,,,,1.08110,False,
O-20250401-224500-001-V2-1612,BACKTESTER-001,MLSignalStrategyV2-V2,EUR/USD.IDEALPRO,IDEALPRO-1-1612,EUR/USD.IDEALPRO-MLSignalStrategyV2-V2,IDEALPRO-001,IDEALPRO-1-183444,MARKET,BUY,100000.00,GTC,False,False,100000.00,TAKER,1.0801,0.0,['2.16 USD'],NO_TRIGGER,FILLED,OTO,OL-20250401-224500-001-V2-538,"['O-20250401-224500-001-V2-1613', 'O-20250401-224500-001-V2-1614']",,,,,['V2_POS1'],14e517c5-c140-4821-b8be-c718e47b6f2d,1743547500000000000,1743547500000000000,,,,,,,
O-20250401-224500-001-V2-1613,BACKTESTER-001,MLSignalStrategyV2-V2,EUR/USD.IDEALPRO,IDEALPRO-1-1613,EUR/USD.IDEALPRO-MLSignalStrategyV2-V2,IDEALPRO-001,IDEALPRO-1-183551,STOP_MARKET,SELL,100000.00,GTC,True,False,100000.00,TAKER,1.07962,0.0,['2.16 USD'],NO_TRIGGER,FILLED,OUO,OL-20250401-224500-001-V2-538,['O-20250401-224500-001-V2-1614'],O-20250401-224500-001-V2-1612,,,,['V2_POS1_SL'],acbd7270-97d2-4589-abd3-c4591726c50c,1743547500000000000,1743550680000000000,1.07962,DEFAULT,,,,,
O-20250401-224500-001-V2-1614,BACKTESTER-001,MLSignalStrategyV2-V2,EUR/USD.IDEALPRO,IDEALPRO-1-1614,EUR/USD.IDEALPRO-MLSignalStrategyV2-V2,IDEALPRO-001,,LIMIT,SELL,100000.00,GTC,True,False,0.00,NO_LIQUIDITY_SIDE,,,,NO_TRIGGER,CANCELED,OUO,OL-20250401-224500-001-V2-538,['O-20250401-224500-001-V2-1613'],O-20250401-224500-001-V2-1612,,,,['V2_POS1_TP'],027a9bf0-fd21-4a16-9362-f008a944aa1b,1743547500000000000,1743550680000000000,,,,,1.08058,False,
O-20250402-031500-001-V2-1615,BACKTESTER-001,MLSignalStrategyV2-V2,EUR/USD.IDEALPRO,IDEALPRO-1-1615,EUR/USD.IDEALPRO-MLSignalStrategyV2-V2,IDEALPRO-001,IDEALPRO-1-183986,MARKET,SELL,100000.00,GTC,False,False,100000.00,TAKER,1.0799,0.0,['2.16 USD'],NO_TRIGGER,FILLED,OTO,OL-20250402-031500-001-V2-539,"['O-20250402-031500-001-V2-1616', 'O-20250402-031500-001-V2-1617']",,,,,['V2_POS1'],9cccde43-230b-4118-8caa-a6011e43dab9,1743563700000000000,1743563700000000000,,,,,,,
O-20250402-031500-001-V2-1616,BACKTESTER-001,MLSignalStrategyV2-V2,EUR/USD.IDEALPRO,IDEALPRO-1-1616,EUR/USD.IDEALPRO-MLSignalStrategyV2-V2,IDEALPRO-001,,STOP_MARKET,BUY,100000.00,GTC,True,False,0.00,NO_LIQUIDITY_SIDE,,,,NO_TRIGGER,CANCELED,OUO,OL-20250402-031500-001-V2-539,['O-20250402-031500-001-V2-1617'],O-20250402-031500-001-V2-1615,,,,['V2_POS1_SL'],039fc133-6973-4e20-8273-27a9b392c452,1743563700000000000,1743566040000000000,1.08027,DEFAULT,,,,,
O-20250402-031500-001-V2-1617,BACKTESTER-001,MLSignalStrategyV2-V2,EUR/USD.IDEALPRO,IDEALPRO-1-1617,EUR/USD.IDEALPRO-MLSignalStrategyV2-V2,IDEALPRO-001,IDEALPRO-1-184065,LIMIT,BUY,100000.00,GTC,True,False,100000.00,MAKER,1.07954,-1.0000000000065512e-05,['2.16 USD'],NO_TRIGGER,FILLED,OUO,OL-20250402-031500-001-V2-539,['O-20250402-031500-001-V2-1616'],O-20250402-031500-001-V2-1615,,,,['V2_POS1_TP'],917db1f2-d34a-4f97-82c5-cf3db3737800,1743563700000000000,1743566040000000000,,,,,1.07955,False,
O-20250402-074500-001-V2-1618,BACKTESTER-001,MLSignalStrategyV2-V2,EUR/USD.IDEALPRO,IDEALPRO-1-1618,EUR/USD.IDEALPRO-MLSignalStrategyV2-V2,IDEALPRO-001,IDEALPRO-1-184528,MARKET,BUY,100000.00,GTC,False,False,100000.00,TAKER,1.07867,0.0,['2.16 USD'],NO_TRIGGER,FILLED,OTO,OL-20250402-074500-001-V2-540,"['O-20250402-074500-001-V2-1619', 'O-20250402-074500-001-V2-1620']",,,,,['V2_POS1'],1e3a1e64-4c1e-4348-b00a-d4e91a017808,1743579900000000000,1743579900000000000,,,,,,,
O-20250402-074500-001-V2-1619,BACKTESTER-001,MLSignalStrategyV2-V2,EUR/USD.IDEALPRO,IDEALPRO-1-1619,EUR/USD.IDEALPRO-MLSignalStrategyV2-V2,IDEALPRO-001,IDEALPRO-1-184535,STOP_MARKET,SELL,100000.00,GTC,True,False,100000.00,TAKER,1.07815,5.999999999994898e-05,['2.16 USD'],NO_TRIGGER,FILLED,OUO,OL-20250402-074500-001-V2-540,['O-20250402-074500-001-V2-1620'],O-20250402-074500-001-V2-1618,,,,['V2_POS1_SL'],bd1a935e-31b7-469f-b88b-f4bb83dea2d8,1743579900000000000,1743580080000000000,1.07821,DEFAULT,,,,,
O-20250402-074500-001-V2-1620,BACKTESTER-001,MLSignalStrategyV2-V2,EUR/USD.IDEALPRO,IDEALPRO-1-1620,EUR/USD.IDEALPRO-MLSignalStrategyV2-V2,IDEALPRO-001,,LIMIT,SELL,100000.00,GTC,True,False,0.00,NO_LIQUIDITY_SIDE,,,,NO_TRIGGER,CANCELED,OUO,OL-20250402-074500-001-V2-540,['O-20250402-074500-001-V2-1619'],O-20250402-074500-001-V2-1618,,,,['V2_POS1_TP'],4330459c-0be7-47d4-a65a-4ea214a9020d,1743579900000000000,1743580080000000000,,,,,1.07911,False,
O-20250402-080000-001-V2-1621,BACKTESTER-001,MLSignalStrategyV2-V2,EUR/USD.IDEALPRO,IDEALPRO-1-1621,EUR/USD.IDEALPRO-MLSignalStrategyV2-V2,IDEALPRO-001,IDEALPRO-1-184560,MARKET,BUY,100000.00,GTC,False,False,100000.00,TAKER,1.07919,0.0,['2.16 USD'],NO_TRIGGER,FILLED,OTO,OL-20250402-080000-001-V2-541,"['O-20250402-080000-001-V2-1622', 'O-20250402-080000-001-V2-1623']",,,,,['V2_POS1'],dba5a62a-f87d-4b92-b7c8-370bf1276ae3,1743580800000000000,1743580800000000000,,,,,,,
O-20250402-080000-001-V2-1622,BACKTESTER-001,MLSignalStrategyV2-V2,EUR/USD.IDEALPRO,IDEALPRO-1-1622,EUR/USD.IDEALPRO-MLSignalStrategyV2-V2,IDEALPRO-001,,STOP_MARKET,SELL,100000.00,GTC,True,False,0.00,NO_LIQUIDITY_SIDE,,,,NO_TRIGGER,CANCELED,OUO,OL-20250402-080000-001-V2-541,['O-20250402-080000-001-V2-1623'],O-20250402-080000-001-V2-1621,,,,['V2_POS1_SL'],57f52922-d4be-4279-9033-e1a22e87686e,1743580800000000000,1743581760000000000,1.07871,DEFAULT,,,,,
O-20250402-080000-001-V2-1623,BACKTESTER-001,MLSignalStrategyV2-V2,EUR/USD.IDEALPRO,IDEALPRO-1-1623,EUR/USD.IDEALPRO-MLSignalStrategyV2-V2,IDEALPRO-001,IDEALPRO-1-184593,LIMIT,SELL,100000.00,GTC,True,False,100000.00,MAKER,1.0797,-5.0000000000105516e-05,['2.16 USD'],NO_TRIGGER,FILLED,OUO,OL-20250402-080000-001-V2-541,['O-20250402-080000-001-V2-1622'],O-20250402-080000-001-V2-1621,,,,['V2_POS1_TP'],2edc09c2-8cf7-40dc-acf1-876f289078e9,1743580800000000000,1743581760000000000,,,,,1.07965,False,
O-20250402-203000-001-V2-1624,BACKTESTER-001,MLSignalStrategyV2-V2,EUR/USD.IDEALPRO,IDEALPRO-1-1624,EUR/USD.IDEALPRO-MLSignalStrategyV2-V2,IDEALPRO-001,IDEALPRO-1-186062,MARKET,SELL,100000.00,GTC,False,False,100000.00,TAKER,1.08533,0.0,['2.17 USD'],NO_TRIGGER,FILLED,OTO,OL-20250402-203000-001-V2-542,"['O-20250402-203000-001-V2-1625', 'O-20250402-203000-001-V2-1626']",,,,,['V2_POS1'],772361d4-929e-4d81-8ba6-48ddd02cf3e3,1743625800000000000,1743625800000000000,,,,,,,
O-20250402-203000-001-V2-1625,BACKTESTER-001,MLSignalStrategyV2-V2,EUR/USD.IDEALPRO,IDEALPRO-1-1625,EUR/USD.IDEALPRO-MLSignalStrategyV2-V2,IDEALPRO-001,,STOP_MARKET,BUY,100000.00,GTC,True,False,0.00,NO_LIQUIDITY_SIDE,,,,NO_TRIGGER,CANCELED,OUO,OL-20250402-203000-001-V2-542,['O-20250402-203000-001-V2-1626'],O-20250402-203000-001-V2-1624,,,,['V2_POS1_SL'],81154940-5f6c-4a26-a6fa-05f13d2695a1,1743625800000000000,1743625800000000000,1.08703,DEFAULT,,,,,
O-20250402-203000-001-V2-1626,BACKTESTER-001,MLSignalStrategyV2-V2,EUR/USD.IDEALPRO,IDEALPRO-1-1626,EUR/USD.IDEALPRO-MLSignalStrategyV2-V2,IDEALPRO-001,IDEALPRO-1-186064,LIMIT,BUY,100000.00,GTC,True,False,100000.00,MAKER,1.0834,-0.0002300000000001745,['2.17 USD'],NO_TRIGGER,FILLED,OUO,OL-20250402-203000-001-V2-542,['O-20250402-203000-001-V2-1625'],O-20250402-203000-001-V2-1624,,,,['V2_POS1_TP'],a0f65049-aa1f-4ea5-ad9a-a039fcd89b35,1743625800000000000,1743625800000000000,,,,,1.08363,False,
O-20250402-203000-001-V2-1627,BACKTESTER-001,MLSignalStrategyV2-V2,EUR/USD.IDEALPRO,IDEALPRO-1-1627,EUR/USD.IDEALPRO-MLSignalStrategyV2-V2,IDEALPRO-001,IDEALPRO-1-186065,MARKET,SELL,100000.00,GTC,False,False,100000.00,TAKER,1.08533,0.0,['2.17 USD'],NO_TRIGGER,FILLED,OTO,OL-20250402-203000-001-V2-543,"['O-20250402-203000-001-V2-1628', 'O-20250402-203000-001-V2-1629']",,,,,['V2_POS1'],f4cf95f8-e9cd-4ebc-9ebc-54443bcb0bda,1743625800000000000,1743625800000000000,,,,,,,
O-20250402-203000-001-V2-1628,BACKTESTER-001,MLSignalStrategyV2-V2,EUR/USD.IDEALPRO,IDEALPRO-1-1628,EUR/USD.IDEALPRO-MLSignalStrategyV2-V2,IDEALPRO-001,,STOP_MARKET,BUY,100000.00,GTC,True,False,0.00,NO_LIQUIDITY_SIDE,,,,NO_TRIGGER,CANCELED,OUO,OL-20250402-203000-001-V2-543,['O-20250402-203000-001-V2-1629'],O-20250402-203000-001-V2-1627,,,,['V2_POS1_SL'],e9766494-5c2c-499c-97b8-4dda7fa0cbe8,1743625800000000000,1743625860000000000,1.08753,DEFAULT,,,,,
O-20250402-203000-001-V2-1629,BACKTESTER-001,MLSignalStrategyV2-V2,EUR/USD.IDEALPRO,IDEALPRO-1-1629,EUR/USD.IDEALPRO-MLSignalStrategyV2-V2,IDEALPRO-001,IDEALPRO-1-186067,LIMIT,BUY,100000.00,GTC,True,False,100000.00,MAKER,1.08299,-0.000140000000000029,['2.17 USD'],NO_TRIGGER,FILLED,OUO,OL-20250402-203000-001-V2-543,['O-20250402-203000-001-V2-1628'],O-20250402-203000-001-V2-1627,,,,['V2_POS1_TP'],649e13cd-b437-482f-92d6-7ca5a988c27f,1743625800000000000,1743625860000000000,,,,,1.08313,False,
O-20250402-204500-001-V2-1630,BACKTESTER-001,MLSignalStrategyV2-V2,EUR/USD.IDEALPRO,IDEALPRO-1-1630,EUR/USD.IDEALPRO-MLSignalStrategyV2-V2,IDEALPRO-001,IDEALPRO-1-186096,MARKET,SELL,100000.00,GTC,False,False,100000.00,TAKER,1.08184,0.0,['2.16 USD'],NO_TRIGGER,FILLED,OTO,OL-20250402-204500-001-V2-544,"['O-20250402-204500-001-V2-1631', 'O-20250402-204500-001-V2-1632']",,,,,['V2_POS1'],344e509e-3fef-4135-abbd-93803be758fd,1743626700000000000,1743626700000000000,,,,,,,
O-20250402-204500-001-V2-1631,BACKTESTER-001,MLSignalStrategyV2-V2,EUR/USD.IDEALPRO,IDEALPRO-1-1631,EUR/USD.IDEALPRO-MLSignalStrategyV2-V2,IDEALPRO-001,IDEALPRO-1-186109,STOP_MARKET,BUY,100000.00,GTC,True,False,100000.00,TAKER,1.08428,0.00011999999999989797,['2.17 USD'],NO_TRIGGER,FILLED,OUO,OL-20250402-204500-001-V2-544,['O-20250402-204500-001-V2-1632'],O-20250402-204500-001-V2-1630,,,,['V2_POS1_SL'],008109f5-dc12-42b3-bbce-7d81dc3eeb95,1743626700000000000,1743627060000000000,1.08416,DEFAULT,,,,,
O-20250402-204500-001-V2-1632,BACKTESTER-001,MLSignalStrategyV2-V2,EUR/USD.IDEALPRO,IDEALPRO-1-1632,EUR/USD.IDEALPRO-MLSignalStrategyV2-V2,IDEALPRO-001,,LIMIT,BUY,100000.00,GTC,True,False,0.00,NO_LIQUIDITY_SIDE,,,,NO_TRIGGER,CANCELED,OUO,OL-20250402-204500-001-V2-544,['O-20250402-204500-001-V2-1631'],O-20250402-204500-001-V2-1630,,,,['V2_POS1_TP'],61c0d72c-93cb-429a-aca9-776cb8b5394e,1743626700000000000,1743627060000000000,,,,,1.07952,False,
O-20250402-223000-001-V2-1633,BACKTESTER-001,MLSignalStrategyV2-V2,EUR/USD.IDEALPRO,IDEALPRO-1-1633,EUR/USD.IDEALPRO-MLSignalStrategyV2-V2,IDEALPRO-001,IDEALPRO-1-186278,MARKET,BUY,100000.00,GTC,False,False,100000.00,TAKER,1.0822,0.0,['2.16 USD'],NO_TRIGGER,FILLED,OTO,OL-20250402-223000-001-V2-545,"['O-20250402-223000-001-V2-1634', 'O-20250402-223000-001-V2-1635']",,,,,['V2_POS1'],0f15d7b8-126f-4581-82b0-44a297a12b53,1743633000000000000,1743633000000000000,,,,,,,
O-20250402-223000-001-V2-1634,BACKTESTER-001,MLSignalStrategyV2-V2,EUR/USD.IDEALPRO,IDEALPRO-1-1634,EUR/USD.IDEALPRO-MLSignalStrategyV2-V2,IDEALPRO-001,,STOP_MARKET,SELL,100000.00,GTC,True,False,0.00,NO_LIQUIDITY_SIDE,,,,NO_TRIGGER,CANCELED,OUO,OL-20250402-223000-001-V2-545,['O-20250402-223000-001-V2-1635'],O-20250402-223000-001-V2-1633,,,,['V2_POS1_SL'],f96a4a5b-cab8-4a4a-a45b-d9aaa244b750,1743633000000000000,1743634920000000000,1.08001,DEFAULT,,,,,
O-20250402-223000-001-V2-1635,BACKTESTER-001,MLSignalStrategyV2-V2,EUR/USD.IDEALPRO,IDEALPRO-1-1635,EUR/USD.IDEALPRO-MLSignalStrategyV2-V2,IDEALPRO-001,IDEALPRO-1-186343,LIMIT,SELL,100000.00,GTC,True,False,100000.00,MAKER,1.0844,-1.0000000000065512e-05,['2.17 USD'],NO_TRIGGER,FILLED,OUO,OL-20250402-223000-001-V2-545,['O-20250402-223000-001-V2-1634'],O-20250402-223000-001-V2-1633,,,,['V2_POS1_TP'],1b90093e-7aae-4c2a-9eef-54cbaee729e0,1743633000000000000,1743634920000000000,,,,,1.08439,False,
O-20250403-030000-001-V2-1636,BACKTESTER-001,MLSignalStrategyV2-V2,EUR/USD.IDEALPRO,IDEALPRO-1-1636,EUR/USD.IDEALPRO-MLSignalStrategyV2-V2,IDEALPRO-001,IDEALPRO-1-186820,MARKET,BUY,100000.00,GTC,False,False,100000.00,TAKER,1.09122,0.0,['2.18 USD'],NO_TRIGGER,FILLED,OTO,OL-20250403-030000-001-V2-546,"['O-20250403-030000-001-V2-1637', 'O-20250403-030000-001-V2-1638']",,,,,['V2_POS1'],a98722c7-ebd6-4263-9c58-c9382a2121c3,1743649200000000000,1743649200000000000,,,,,,,
O-20250403-030000-001-V2-1637,BACKTESTER-001,MLSignalStrategyV2-V2,EUR/USD.IDEALPRO,IDEALPRO-1-1637,EUR/USD.IDEALPRO-MLSignalStrategyV2-V2,IDEALPRO-001,,STOP_MARKET,SELL,100000.00,GTC,True,False,0.00,NO_LIQUIDITY_SIDE,,,,NO_TRIGGER,CANCELED,OUO,OL-20250403-030000-001-V2-546,['O-20250403-030000-001-V2-1638'],O-20250403-030000-001-V2-1636,,,,['V2_POS1_SL'],1eabea27-9739-4607-bb8c-b66ce2cbaf72,1743649200000000000,1743657780000000000,1.09004,DEFAULT,,,,,
O-20250403-030000-001-V2-1638,BACKTESTER-001,MLSignalStrategyV2-V2,EUR/USD.IDEALPRO,IDEALPRO-1-1638,EUR/USD.IDEALPRO-MLSignalStrategyV2-V2,IDEALPRO-001,IDEALPRO-1-187107,LIMIT,SELL,100000.00,GTC,True,False,100000.00,MAKER,1.09247,-7.00000000000145e-05,['2.18 USD'],NO_TRIGGER,FILLED,OUO,OL-20250403-030000-001-V2-546,['O-20250403-030000-001-V2-1637'],O-20250403-030000-001-V2-1636,,,,['V2_POS1_TP'],c50da471-8332-491d-8a10-52bd963a57c6,1743649200000000000,1743657780000000000,,,,,1.09240,False,
O-20250403-061500-001-V2-1639,BACKTESTER-001,MLSignalStrategyV2-V2,EUR/USD.IDEALPRO,IDEALPRO-1-1639,EUR/USD.IDEALPRO-MLSignalStrategyV2-V2,IDEALPRO-001,IDEALPRO-1-187213,MARKET,BUY,100000.00,GTC,False,False,100000.00,TAKER,1.0946,0.0,['2.19 USD'],NO_TRIGGER,FILLED,OTO,OL-20250403-061500-001-V2-547,"['O-20250403-061500-001-V2-1640', 'O-20250403-061500-001-V2-1641']",,,,,['V2_POS1'],eff43231-0251-4759-abbc-3620d95093af,1743660900000000000,1743660900000000000,,,,,,,
O-20250403-061500-001-V2-1640,BACKTESTER-001,MLSignalStrategyV2-V2,EUR/USD.IDEALPRO,IDEALPRO-1-1640,EUR/USD.IDEALPRO-MLSignalStrategyV2-V2,IDEALPRO-001,IDEALPRO-1-187227,STOP_MARKET,SELL,100000.00,GTC,True,False,100000.00,TAKER,1.09359,5.999999999994898e-05,['2.19 USD'],NO_TRIGGER,FILLED,OUO,OL-20250403-061500-001-V2-547,['O-20250403-061500-001-V2-1641'],O-20250403-061500-001-V2-1639,,,,['V2_POS1_SL'],53c5b634-41c2-4799-8a75-bdbb6754afd6,1743660900000000000,1743661320000000000,1.09365,DEFAULT,,,,,
O-20250403-061500-001-V2-1641,BACKTESTER-001,MLSignalStrategyV2-V2,EUR/USD.IDEALPRO,IDEALPRO-1-1641,EUR/USD.IDEALPRO-MLSignalStrategyV2-V2,IDEALPRO-001,,LIMIT,SELL,100000.00,GTC,True,False,0.00,NO_LIQUIDITY_SIDE,,,,NO_TRIGGER,CANCELED,OUO,OL-20250403-061500-001-V2-547,['O-20250403-061500-001-V2-1640'],O-20250403-061500-001-V2-1639,,,,['V2_POS1_TP'],d663cdce-5512-44ea-91a7-a96eb4a90942,1743660900000000000,1743661320000000000,,,,,1.09553,False,
O-20250403-063000-001-V2-1642,BACKTESTER-001,MLSignalStrategyV2-V2,EUR/USD.IDEALPRO,IDEALPRO-1-1642,EUR/USD.IDEALPRO-MLSignalStrategyV2-V2,IDEALPRO-001,IDEALPRO-1-187244,MARKET,BUY,100000.00,GTC,False,False,100000.00,TAKER,1.09489,0.0,['2.19 USD'],NO_TRIGGER,FILLED,OTO,OL-20250403-063000-001-V2-548,"['O-20250403-063000-001-V2-1643', 'O-20250403-063000-001-V2-1644']",,,,,['V2_POS1'],4889d655-f945-4e0d-be6f-73edd123a2b6,1743661800000000000,1743661800000000000,,,,,,,
O-20250403-063000-001-V2-1643,BACKTESTER-001,MLSignalStrategyV2-V2,EUR/USD.IDEALPRO,IDEALPRO-1-1643,EUR/USD.IDEALPRO-MLSignalStrategyV2-V2,IDEALPRO-001,,STOP_MARKET,SELL,100000.00,GTC,True,False,0.00,NO_LIQUIDITY_SIDE,,,,NO_TRIGGER,CANCELED,OUO,OL-20250403-063000-001-V2-548,['O-20250403-063000-001-V2-1644'],O-20250403-063000-001-V2-1642,,,,['V2_POS1_SL'],b8aaa2c8-2507-439e-921b-ffc7528187ae,1743661800000000000,1743662100000000000,1.09394,DEFAULT,,,,,
O-20250403-063000-001-V2-1644,BACKTESTER-001,MLSignalStrategyV2-V2,EUR/USD.IDEALPRO,IDEALPRO-1-1644,EUR/USD.IDEALPRO-MLSignalStrategyV2-V2,IDEALPRO-001,IDEALPRO-1-187255,LIMIT,SELL,100000.00,GTC,True,False,100000.00,MAKER,1.0966,-0.0007600000000000939,['2.19 USD'],NO_TRIGGER,FILLED,OUO,OL-20250403-063000-001-V2-548,['O-20250403-063000-001-V2-1643'],O-20250403-063000-001-V2-1642,,,,['V2_POS1_TP'],418b193f-5844-4f50-8fd0-eb9cf7aa34df,1743661800000000000,1743662100000000000,,,,,1.09584,False,
O-20250403-064500-001-V2-1645,BACKTESTER-001,MLSignalStrategyV2-V2,EUR/USD.IDEALPRO,IDEALPRO-1-1645,EUR/USD.IDEALPRO-MLSignalStrategyV2-V2,IDEALPRO-001,IDEALPRO-1-187276,MARKET,BUY,100000.00,GTC,False,False,100000.00,TAKER,1.09779,0.0,['2.20 USD'],NO_TRIGGER,FILLED,OTO,OL-20250403-064500-001-V2-549,"['O-20250403-064500-001-V2-1646', 'O-20250403-064500-001-V2-1647']",,,,,['V2_POS1'],6e429ffb-4357-4698-8d8c-38898e06e6d0,1743662700000000000,1743662700000000000,,,,,,,
O-20250403-064500-001-V2-1646,BACKTESTER-001,MLSignalStrategyV2-V2,EUR/USD.IDEALPRO,IDEALPRO-1-1646,EUR/USD.IDEALPRO-MLSignalStrategyV2-V2,IDEALPRO-001,,STOP_MARKET,SELL,100000.00,GTC,True,False,0.00,NO_LIQUIDITY_SIDE,,,,NO_TRIGGER,CANCELED,OUO,OL-20250403-064500-001-V2-549,['O-20250403-064500-001-V2-1647'],O-20250403-064500-001-V2-1645,,,,['V2_POS1_SL'],d5577b44-6530-47d1-a0a9-18cb743fb0f6,1743662700000000000,1743663480000000000,1.09664,DEFAULT,,,,,
O-20250403-064500-001-V2-1647,BACKTESTER-001,MLSignalStrategyV2-V2,EUR/USD.IDEALPRO,IDEALPRO-1-1647,EUR/USD.IDEALPRO-MLSignalStrategyV2-V2,IDEALPRO-001,IDEALPRO-1-187303,LIMIT,SELL,100000.00,GTC,True,False,100000.00,MAKER,1.09901,-9.000000000014552e-05,['2.20 USD'],NO_TRIGGER,FILLED,OUO,OL-20250403-064500-001-V2-549,['O-20250403-064500-001-V2-1646'],O-20250403-064500-001-V2-1645,,,,['V2_POS1_TP'],227bfcd6-c14d-496e-af99-b49b715d7eb4,1743662700000000000,1743663480000000000,,,,,1.09892,False,
O-20250403-104500-001-V2-1648,BACKTESTER-001,MLSignalStrategyV2-V2,EUR/USD.IDEALPRO,IDEALPRO-1-1648,EUR/USD.IDEALPRO-MLSignalStrategyV2-V2,IDEALPRO-001,IDEALPRO-1-187758,MARKET,SELL,100000.00,GTC,False,False,100000.00,TAKER,1.10697,0.0,['2.21 USD'],NO_TRIGGER,FILLED,OTO,OL-20250403-104500-001-V2-550,"['O-20250403-104500-001-V2-1649', 'O-20250403-104500-001-V2-1650']",,,,,['V2_POS1'],0ae8c5be-f734-4c13-968b-a658dc13662c,1743677100000000000,1743677100000000000,,,,,,,
O-20250403-104500-001-V2-1649,BACKTESTER-001,MLSignalStrategyV2-V2,EUR/USD.IDEALPRO,IDEALPRO-1-1649,EUR/USD.IDEALPRO-MLSignalStrategyV2-V2,IDEALPRO-001,,STOP_MARKET,BUY,100000.00,GTC,True,False,0.00,NO_LIQUIDITY_SIDE,,,,NO_TRIGGER,CANCELED,OUO,OL-20250403-104500-001-V2-550,['O-20250403-104500-001-V2-1650'],O-20250403-104500-001-V2-1648,,,,['V2_POS1_SL'],13caac34-09cc-47a5-b02d-4e522154b9a9,1743677100000000000,1743678360000000000,1.10960,DEFAULT,,,,,
O-20250403-104500-001-V2-1650,BACKTESTER-001,MLSignalStrategyV2-V2,EUR/USD.IDEALPRO,IDEALPRO-1-1650,EUR/USD.IDEALPRO-MLSignalStrategyV2-V2,IDEALPRO-001,IDEALPRO-1-187801,LIMIT,BUY,100000.00,GTC,True,False,100000.00,MAKER,1.10391,-0.00045000000000006146,['2.21 USD'],NO_TRIGGER,FILLED,OUO,OL-20250403-104500-001-V2-550,['O-20250403-104500-001-V2-1649'],O-20250403-104500-001-V2-1648,,,,['V2_POS1_TP'],51a27166-e44e-46f5-b65a-00c6e45ee644,1743677100000000000,1743678360000000000,,,,,1.10436,False,
O-20250403-120000-001-V2-1651,BACKTESTER-001,MLSignalStrategyV2-V2,EUR/USD.IDEALPRO,IDEALPRO-1-1651,EUR/USD.IDEALPRO-MLSignalStrategyV2-V2,IDEALPRO-001,IDEALPRO-1-187910,MARKET,SELL,100000.00,GTC,False,False,100000.00,TAKER,1.10875,0.0,['2.22 USD'],NO_TRIGGER,FILLED,OTO,OL-20250403-120000-001-V2-551,"['O-20250403-120000-001-V2-1652', 'O-20250403-120000-001-V2-1653']",,,,,['V2_POS1'],bd240279-8f07-4d74-99b8-371fd62e1bc1,1743681600000000000,1743681600000000000,,,,,,,
O-20250403-120000-001-V2-1652,BACKTESTER-001,MLSignalStrategyV2-V2,EUR/USD.IDEALPRO,IDEALPRO-1-1652,EUR/USD.IDEALPRO-MLSignalStrategyV2-V2,IDEALPRO-001,IDEALPRO-1-188063,STOP_MARKET,BUY,100000.00,GTC,True,False,100000.00,TAKER,1.112,0.0009600000000000719,['2.22 USD'],NO_TRIGGER,FILLED,OUO,OL-20250403-120000-001-V2-551,['O-20250403-120000-001-V2-1653'],O-20250403-120000-001-V2-1651,,,,['V2_POS1_SL'],2916b1f2-9cf8-416c-b6ac-a53ee6ec9562,1743681600000000000,1743686160000000000,1.11104,DEFAULT,,,,,
O-20250403-120000-001-V2-1653,BACKTESTER-001,MLSignalStrategyV2-V2,EUR/USD.IDEALPRO,IDEALPRO-1-1653,EUR/USD.IDEALPRO-MLSignalStrategyV2-V2,IDEALPRO-001,,LIMIT,BUY,100000.00,GTC,True,False,0.00,NO_LIQUIDITY_SIDE,,,,NO_TRIGGER,CANCELED,OUO,OL-20250403-120000-001-V2-551,['O-20250403-120000-001-V2-1652'],O-20250403-120000-001-V2-1651,,,,['V2_POS1_TP'],aca82948-c869-40c1-a9be-637e5782a763,1743681600000000000,1743686160000000000,,,,,1.10648,False,
O-20250403-133000-001-V2-1654,BACKTESTER-001,MLSignalStrategyV2-V2,EUR/USD.IDEALPRO,IDEALPRO-1-1654,EUR/USD.IDEALPRO-MLSignalStrategyV2-V2,IDEALPRO-001,IDEALPRO-1-188092,MARKET,SELL,100000.00,GTC,False,False,100000.00,TAKER,1.10944,0.0,['2.22 USD'],NO_TRIGGER,FILLED,OTO,OL-20250403-133000-001-V2-552,"['O-20250403-133000-001-V2-1655', 'O-20250403-133000-001-V2-1656']",,,,,['V2_POS1'],3ddff0b1-5105-44db-87de-4ba855ce3888,1743687000000000000,1743687000000000000,,,,,,,
O-20250403-133000-001-V2-1655,BACKTESTER-001,MLSignalStrategyV2-V2,EUR/USD.IDEALPRO,IDEALPRO-1-1655,EUR/USD.IDEALPRO-MLSignalStrategyV2-V2,IDEALPRO-001,,STOP_MARKET,BUY,100000.00,GTC,True,False,0.00,NO_LIQUIDITY_SIDE,,,,NO_TRIGGER,CANCELED,OUO,OL-20250403-133000-001-V2-552,['O-20250403-133000-001-V2-1656'],O-20250403-133000-001-V2-1654,,,,['V2_POS1_SL'],eba11a56-ac71-4d6f-9f9e-1b96efe322d6,1743687000000000000,1743687240000000000,1.11163,DEFAULT,,,,,
O-20250403-133000-001-V2-1656,BACKTESTER-001,MLSignalStrategyV2-V2,EUR/USD.IDEALPRO,IDEALPRO-1-1656,EUR/USD.IDEALPRO-MLSignalStrategyV2-V2,IDEALPRO-001,IDEALPRO-1-188101,LIMIT,BUY,100000.00,GTC,True,False,100000.00,MAKER,1.10702,-0.0002300000000001745,['2.21 USD'],NO_TRIGGER,FILLED,OUO,OL-20250403-133000-001-V2-552,['O-20250403-133000-001-V2-1655'],O-20250403-133000-001-V2-1654,,,,['V2_POS1_TP'],1c57b305-eba2-44ed-acbb-9205b6745be0,1743687000000000000,1743687240000000000,,,,,1.10725,False,
O-20250403-134500-001-V2-1657,BACKTESTER-001,MLSignalStrategyV2-V2,EUR/USD.IDEALPRO,IDEALPRO-1-1657,EUR/USD.IDEALPRO-MLSignalStrategyV2-V2,IDEALPRO-001,IDEALPRO-1-188124,MARKET,SELL,100000.00,GTC,False,False,100000.00,TAKER,1.10911,0.0,['2.22 USD'],NO_TRIGGER,FILLED,OTO,OL-20250403-134500-001-V2-553,"['O-20250403-134500-001-V2-1658', 'O-20250403-134500-001-V2-1659']",,,,,['V2_POS1'],f398c685-a444-4bdf-a6aa-b284fae60358,1743687900000000000,1743687900000000000,,,,,,,
O-20250403-134500-001-V2-1658,BACKTESTER-001,MLSignalStrategyV2-V2,EUR/USD.IDEALPRO,IDEALPRO-1-1658,EUR/USD.IDEALPRO-MLSignalStrategyV2-V2,IDEALPRO-001,IDEALPRO-1-188233,STOP_MARKET,BUY,100000.00,GTC,True,False,100000.00,TAKER,1.11137,0.0,['2.22 USD'],NO_TRIGGER,FILLED,OUO,OL-20250403-134500-001-V2-553,['O-20250403-134500-001-V2-1659'],O-20250403-134500-001-V2-1657,,,,['V2_POS1_SL'],e573a9d1-1e33-4430-9d9f-44f7c6c55b08,1743687900000000000,1743691140000000000,1.11137,DEFAULT,,,,,
O-20250403-134500-001-V2-1659,BACKTESTER-001,MLSignalStrategyV2-V2,EUR/USD.IDEALPRO,IDEALPRO-1-1659,EUR/USD.IDEALPRO-MLSignalStrategyV2-V2,IDEALPRO-001,,LIMIT,BUY,100000.00,GTC,True,False,0.00,NO_LIQUIDITY_SIDE,,,,NO_TRIGGER,CANCELED,OUO,OL-20250403-134500-001-V2-553,['O-20250403-134500-001-V2-1658'],O-20250403-134500-001-V2-1657,,,,['V2_POS1_TP'],92036884-8886-4eb1-ba18-5cc2364e92bb,1743687900000000000,1743691140000000000,,,,,1.10687,False,
O-20250403-150000-001-V2-1660,BACKTESTER-001,MLSignalStrategyV2-V2,EUR/USD.IDEALPRO,IDEALPRO-1-1660,EUR/USD.IDEALPRO-MLSignalStrategyV2-V2,IDEALPRO-001,IDEALPRO-1-188276,MARKET,SELL,100000.00,GTC,False,False,100000.00,TAKER,1.11182,0.0,['2.22 USD'],NO_TRIGGER,FILLED,OTO,OL-20250403-150000-001-V2-554,"['O-20250403-150000-001-V2-1661', 'O-20250403-150000-001-V2-1662']",,,,,['V2_POS1'],3fff8b21-9c5f-4e01-84dd-54c569593b6e,1743692400000000000,1743692400000000000,,,,,,,
O-20250403-150000-001-V2-1661,BACKTESTER-001,MLSignalStrategyV2-V2,EUR/USD.IDEALPRO,IDEALPRO-1-1661,EUR/USD.IDEALPRO-MLSignalStrategyV2-V2,IDEALPRO-001,,STOP_MARKET,BUY,100000.00,GTC,True,False,0.00,NO_LIQUIDITY_SIDE,,,,NO_TRIGGER,CANCELED,OUO,OL-20250403-150000-001-V2-554,['O-20250403-150000-001-V2-1662'],O-20250403-150000-001-V2-1660,,,,['V2_POS1_SL'],d5c8bb5a-b76f-4b83-a078-6a8d3f714b63,1743692400000000000,1743693240000000000,1.11384,DEFAULT,,,,,
O-20250403-150000-001-V2-1662,BACKTESTER-001,MLSignalStrategyV2-V2,EUR/USD.IDEALPRO,IDEALPRO-1-1662,EUR/USD.IDEALPRO-MLSignalStrategyV2-V2,IDEALPRO-001,IDEALPRO-1-188305,LIMIT,BUY,100000.00,GTC,True,False,100000.00,MAKER,1.10969,-0.00012999999999996348,['2.22 USD'],NO_TRIGGER,FILLED,OUO,OL-20250403-150000-001-V2-554,['O-20250403-150000-001-V2-1661'],O-20250403-150000-001-V2-1660,,,,['V2_POS1_TP'],6ac7af92-8a02-492a-9722-a5d39ad45576,1743692400000000000,1743693240000000000,,,,,1.10982,False,
O-20250403-151500-001-V2-1663,BACKTESTER-001,MLSignalStrategyV2-V2,EUR/USD.IDEALPRO,IDEALPRO-1-1663,EUR/USD.IDEALPRO-MLSignalStrategyV2-V2,IDEALPRO-001,IDEALPRO-1-188308,MARKET,SELL,100000.00,GTC,False,False,100000.00,TAKER,1.10922,0.0,['2.22 USD'],NO_TRIGGER,FILLED,OTO,OL-20250403-151500-001-V2-555,"['O-20250403-151500-001-V2-1664', 'O-20250403-151500-001-V2-1665']",,,,,['V2_POS1'],2845f17b-7500-4a97-b2f7-e71aca105da6,1743693300000000000,1743693300000000000,,,,,,,
O-20250403-151500-001-V2-1664,BACKTESTER-001,MLSignalStrategyV2-V2,EUR/USD.IDEALPRO,IDEALPRO-1-1664,EUR/USD.IDEALPRO-MLSignalStrategyV2-V2,IDEALPRO-001,,STOP_MARKET,BUY,100000.00,GTC,True,False,0.00,NO_LIQUIDITY_SIDE,,,,NO_TRIGGER,CANCELED,OUO,OL-20250403-151500-001-V2-555,['O-20250403-151500-001-V2-1665'],O-20250403-151500-001-V2-1663,,,,['V2_POS1_SL'],b079c533-9d33-4233-85c3-4b8d5ef154ad,1743693300000000000,1743693840000000000,1.11120,DEFAULT,,,,,
O-20250403-151500-001-V2-1665,BACKTESTER-001,MLSignalStrategyV2-V2,EUR/USD.IDEALPRO,IDEALPRO-1-1665,EUR/USD.IDEALPRO-MLSignalStrategyV2-V2,IDEALPRO-001,IDEALPRO-1-188327,LIMIT,BUY,100000.00,GTC,True,False,100000.00,MAKER,1.10722,-3.999999999981796e-05,['2.21 USD'],NO_TRIGGER,FILLED,OUO,OL-20250403-151500-001-V2-555,['O-20250403-151500-001-V2-1664'],O-20250403-151500-001-V2-1663,,,,['V2_POS1_TP'],0b249e33-aa25-42b2-8afa-8f3bda9c1380,1743693300000000000,1743693840000000000,,,,,1.10726,False,
O-20250403-154500-001-V2-1666,BACKTESTER-001,MLSignalStrategyV2-V2,EUR/USD.IDEALPRO,IDEALPRO-1-1666,EUR/USD.IDEALPRO-MLSignalStrategyV2-V2,IDEALPRO-001,IDEALPRO-1-188370,MARKET,BUY,100000.00,GTC,False,False,100000.00,TAKER,1.10452,0.0,['2.21 USD'],NO_TRIGGER,FILLED,OTO,OL-20250403-154500-001-V2-556,"['O-20250403-154500-001-V2-1667', 'O-20250403-154500-001-V2-1668']",,,,,['V2_POS1'],02efff23-d2c5-4ee4-b837-3e13f5046aee,1743695100000000000,1743695100000000000,,,,,,,
O-20250403-154500-001-V2-1667,BACKTESTER-001,MLSignalStrategyV2-V2,EUR/USD.IDEALPRO,IDEALPRO-1-1667,EUR/USD.IDEALPRO-MLSignalStrategyV2-V2,IDEALPRO-001,IDEALPRO-1-188547,STOP_MARKET,SELL,100000.00,GTC,True,False,100000.00,TAKER,1.10239,1.999999999990898e-05,['2.20 USD'],NO_TRIGGER,FILLED,OUO,OL-20250403-154500-001-V2-556,['O-20250403-154500-001-V2-1668'],O-20250403-154500-001-V2-1666,,,,['V2_POS1_SL'],0caab6ec-22f0-4f14-b3fd-f769043784ff,1743695100000000000,1743700380000000000,1.10241,DEFAULT,,,,,
O-20250403-154500-001-V2-1668,BACKTESTER-001,MLSignalStrategyV2-V2,EUR/USD.IDEALPRO,IDEALPRO-1-1668,EUR/USD.IDEALPRO-MLSignalStrategyV2-V2,IDEALPRO-001,,LIMIT,SELL,100000.00,GTC,True,False,0.00,NO_LIQUIDITY_SIDE,,,,NO_TRIGGER,CANCELED,OUO,OL-20250403-154500-001-V2-556,['O-20250403-154500-001-V2-1667'],O-20250403-154500-001-V2-1666,,,,['V2_POS1_TP'],d7af226f-ecdc-40b9-9971-5f30ccda8282,1743695100000000000,1743700380000000000,,,,,1.10661,False,
O-20250403-180000-001-V2-1669,BACKTESTER-001,MLSignalStrategyV2-V2,EUR/USD.IDEALPRO,IDEALPRO-1-1669,EUR/USD.IDEALPRO-MLSignalStrategyV2-V2,IDEALPRO-001,IDEALPRO-1-188642,MARKET,BUY,100000.00,GTC,False,False,100000.00,TAKER,1.10244,0.0,['2.20 USD'],NO_TRIGGER,FILLED,OTO,OL-20250403-180000-001-V2-557,"['O-20250403-180000-001-V2-1670', 'O-20250403-180000-001-V2-1671']",,,,,['V2_POS1'],5da23da4-7bae-45c6-8067-ca62ab39976e,1743703200000000000,1743703200000000000,,,,,,,
O-20250403-180000-001-V2-1670,BACKTESTER-001,MLSignalStrategyV2-V2,EUR/USD.IDEALPRO,IDEALPRO-1-1670,EUR/USD.IDEALPRO-MLSignalStrategyV2-V2,IDEALPRO-001,,STOP_MARKET,SELL,100000.00,GTC,True,False,0.00,NO_LIQUIDITY_SIDE,,,,NO_TRIGGER,CANCELED,OUO,OL-20250403-180000-001-V2-557,['O-20250403-180000-001-V2-1671'],O-20250403-180000-001-V2-1669,,,,['V2_POS1_SL'],7073a884-2621-498d-a7c5-aa5114005139,1743703200000000000,1743704520000000000,1.10110,DEFAULT,,,,,
O-20250403-180000-001-V2-1671,BACKTESTER-001,MLSignalStrategyV2-V2,EUR/USD.IDEALPRO,IDEALPRO-1-1671,EUR/USD.IDEALPRO-MLSignalStrategyV2-V2,IDEALPRO-001,IDEALPRO-1-188687,LIMIT,SELL,100000.00,GTC,True,False,100000.00,MAKER,1.10383,-5.0000000000105516e-05,['2.21 USD'],NO_TRIGGER,FILLED,OUO,OL-20250403-180000-001-V2-557,['O-20250403-180000-001-V2-1670'],O-20250403-180000-001-V2-1669,,,,['V2_POS1_TP'],a38ba19f-ef3f-4d0b-a891-aa351e988c52,1743703200000000000,1743704520000000000,,,,,1.10378,False,
O-20250403-194500-001-V2-1672,BACKTESTER-001,MLSignalStrategyV2-V2,EUR/USD.IDEALPRO,IDEALPRO-1-1672,EUR/USD.IDEALPRO-MLSignalStrategyV2-V2,IDEALPRO-001,IDEALPRO-1-188855,MARKET,BUY,100000.00,GTC,False,False,100000.00,TAKER,1.10164,0.0,['2.20 USD'],NO_TRIGGER,FILLED,OTO,OL-20250403-194500-001-V2-558,"['O-20250403-194500-001-V2-1673', 'O-20250403-194500-001-V2-1674']",,,,,['V2_POS1'],8497377c-f92a-47ee-8711-9f367d0b394e,1743709500000000000,1743709500000000000,,,,,,,
O-20250403-194500-001-V2-1673,BACKTESTER-001,MLSignalStrategyV2-V2,EUR/USD.IDEALPRO,IDEALPRO-1-1673,EUR/USD.IDEALPRO-MLSignalStrategyV2-V2,IDEALPRO-001,,STOP_MARKET,SELL,100000.00,GTC,True,False,0.00,NO_LIQUIDITY_SIDE,,,,NO_TRIGGER,CANCELED,OUO,OL-20250403-194500-001-V2-558,['O-20250403-194500-001-V2-1674'],O-20250403-194500-001-V2-1672,,,,['V2_POS1_SL'],31989e9b-3eb5-4809-8f24-bc3c9bd79b6a,1743709500000000000,1743710400000000000,1.10071,DEFAULT,,,,,
O-20250403-194500-001-V2-1674,BACKTESTER-001,MLSignalStrategyV2-V2,EUR/USD.IDEALPRO,IDEALPRO-1-1674,EUR/USD.IDEALPRO-MLSignalStrategyV2-V2,IDEALPRO-001,IDEALPRO-1-188885,LIMIT,SELL,100000.00,GTC,True,False,100000.00,MAKER,1.10281,-0.00024000000000001798,['2.21 USD'],NO_TRIGGER,FILLED,OUO,OL-20250403-194500-001-V2-558,['O-20250403-194500-001-V2-1673'],O-20250403-194500-001-V2-1672,,,,['V2_POS1_TP'],495b2ed1-ec85-493c-a4cf-5b139b76e544,1743709500000000000,1743710400000000000,,,,,1.10257,False,
O-20250403-213000-001-V2-1675,BACKTESTER-001,MLSignalStrategyV2-V2,EUR/USD.IDEALPRO,IDEALPRO-1-1675,EUR/USD.IDEALPRO-MLSignalStrategyV2-V2,IDEALPRO-001,IDEALPRO-1-189036,MARKET,SELL,100000.00,GTC,False,False,100000.00,TAKER,1.10511,0.0,['2.21 USD'],NO_TRIGGER,FILLED,OTO,OL-20250403-213000-001-V2-559,"['O-20250403-213000-001-V2-1676', 'O-20250403-213000-001-V2-1677']",,,,,['V2_POS1'],3b95dbf5-97dc-4ba6-b945-4c94c0060dbe,1743715800000000000,1743715800000000000,,,,,,,
O-20250403-213000-001-V2-1676,BACKTESTER-001,MLSignalStrategyV2-V2,EUR/USD.IDEALPRO,IDEALPRO-1-1676,EUR/USD.IDEALPRO-MLSignalStrategyV2-V2,IDEALPRO-001,IDEALPRO-1-189127,STOP_MARKET,BUY,100000.00,GTC,True,False,100000.00,TAKER,1.10592,1.0000000000065512e-05,['2.21 USD'],NO_TRIGGER,FILLED,OUO,OL-20250403-213000-001-V2-559,['O-20250403-213000-001-V2-1677'],O-20250403-213000-001-V2-1675,,,,['V2_POS1_SL'],0fa57ac6-72e2-4af1-a889-8d29b358530e,1743715800000000000,1743718500000000000,1.10591,DEFAULT,,,,,
O-20250403-213000-001-V2-1677,BACKTESTER-001,MLSignalStrategyV2-V2,EUR/USD.IDEALPRO,IDEALPRO-1-1677,EUR/USD.IDEALPRO-MLSignalStrategyV2-V2,IDEALPRO-001,,LIMIT,BUY,100000.00,GTC,True,False,0.00,NO_LIQUIDITY_SIDE,,,,NO_TRIGGER,CANCELED,OUO,OL-20250403-213000-001-V2-559,['O-20250403-213000-001-V2-1676'],O-20250403-213000-001-V2-1675,,,,['V2_POS1_TP'],9a9ffcad-f5ec-4873-acca-75cbbca17a26,1743715800000000000,1743718500000000000,,,,,1.10433,False,
O-20250403-234500-001-V2-1678,BACKTESTER-001,MLSignalStrategyV2-V2,EUR/USD.IDEALPRO,IDEALPRO-1-1678,EUR/USD.IDEALPRO-MLSignalStrategyV2-V2,IDEALPRO-001,IDEALPRO-1-189309,MARKET,SELL,100000.00,GTC,False,False,100000.00,TAKER,1.10467,0.0,['2.21 USD'],NO_TRIGGER,FILLED,OTO,OL-20250403-234500-001-V2-560,"['O-20250403-234500-001-V2-1679', 'O-20250403-234500-001-V2-1680']",,,,,['V2_POS1'],d2b4755d-1d88-4d8e-b334-617b7af5a8aa,1743723900000000000,1743723900000000000,,,,,,,
O-20250403-234500-001-V2-1679,BACKTESTER-001,MLSignalStrategyV2-V2,EUR/USD.IDEALPRO,IDEALPRO-1-1679,EUR/USD.IDEALPRO-MLSignalStrategyV2-V2,IDEALPRO-001,,STOP_MARKET,BUY,100000.00,GTC,True,False,0.00,NO_LIQUIDITY_SIDE,,,,NO_TRIGGER,CANCELED,OUO,OL-20250403-234500-001-V2-560,['O-20250403-234500-001-V2-1680'],O-20250403-234500-001-V2-1678,,,,['V2_POS1_SL'],e9c024e0-2423-4d44-9e0a-4e2e3ceba41f,1743723900000000000,1743725040000000000,1.10541,DEFAULT,,,,,
O-20250403-234500-001-V2-1680,BACKTESTER-001,MLSignalStrategyV2-V2,EUR/USD.IDEALPRO,IDEALPRO-1-1680,EUR/USD.IDEALPRO-MLSignalStrategyV2-V2,IDEALPRO-001,IDEALPRO-1-189347,LIMIT,BUY,100000.00,GTC,True,False,100000.00,MAKER,1.10392,-1.0000000000065512e-05,['2.21 USD'],NO_TRIGGER,FILLED,OUO,OL-20250403-234500-001-V2-560,['O-20250403-234500-001-V2-1679'],O-20250403-234500-001-V2-1678,,,,['V2_POS1_TP'],a62680bf-cd90-4f71-9a73-020de377b4b0,1743723900000000000,1743725040000000000,,,,,1.10393,False,
O-20250404-013000-001-V2-1681,BACKTESTER-001,MLSignalStrategyV2-V2,EUR/USD.IDEALPRO,IDEALPRO-1-1681,EUR/USD.IDEALPRO-MLSignalStrategyV2-V2,IDEALPRO-001,IDEALPRO-1-189520,MARKET,BUY,100000.00,GTC,False,False,100000.00,TAKER,1.10612,0.0,['2.21 USD'],NO_TRIGGER,FILLED,OTO,OL-20250404-013000-001-V2-561,"['O-20250404-013000-001-V2-1682', 'O-20250404-013000-001-V2-1683']",,,,,['V2_POS1'],c79dc48c-63d0-4092-a58e-c7a1a2695240,1743730200000000000,1743730200000000000,,,,,,,
O-20250404-013000-001-V2-1682,BACKTESTER-001,MLSignalStrategyV2-V2,EUR/USD.IDEALPRO,IDEALPRO-1-1682,EUR/USD.IDEALPRO-MLSignalStrategyV2-V2,IDEALPRO-001,,STOP_MARKET,SELL,100000.00,GTC,True,False,0.00,NO_LIQUIDITY_SIDE,,,,NO_TRIGGER,CANCELED,OUO,OL-20250404-013000-001-V2-561,['O-20250404-013000-001-V2-1683'],O-20250404-013000-001-V2-1681,,,,['V2_POS1_SL'],b31ae539-a82f-4a32-b464-c279adb2e639,1743730200000000000,1743731520000000000,1.10529,DEFAULT,,,,,
O-20250404-013000-001-V2-1683,BACKTESTER-001,MLSignalStrategyV2-V2,EUR/USD.IDEALPRO,IDEALPRO-1-1683,EUR/USD.IDEALPRO-MLSignalStrategyV2-V2,IDEALPRO-001,IDEALPRO-1-189565,LIMIT,SELL,100000.00,GTC,True,False,100000.00,MAKER,1.10714,-0.00021000000000004349,['2.21 USD'],NO_TRIGGER,FILLED,OUO,OL-20250404-013000-001-V2-561,['O-20250404-013000-001-V2-1682'],O-20250404-013000-001-V2-1681,,,,['V2_POS1_TP'],74c759fe-0d26-44b9-9ede-3c79552a01cd,1743730200000000000,1743731520000000000,,,,,1.10693,False,
O-20250404-024500-001-V2-1684,BACKTESTER-001,MLSignalStrategyV2-V2,EUR/USD.IDEALPRO,IDEALPRO-1-1684,EUR/USD.IDEALPRO-MLSignalStrategyV2-V2,IDEALPRO-001,IDEALPRO-1-189672,MARKET,BUY,100000.00,GTC,False,False,100000.00,TAKER,1.10669,0.0,['2.21 USD'],NO_TRIGGER,FILLED,OTO,OL-20250404-024500-001-V2-562,"['O-20250404-024500-001-V2-1685', 'O-20250404-024500-001-V2-1686']",,,,,['V2_POS1'],73baa1bc-1f70-4628-8cf2-dbc8064b18b8,1743734700000000000,1743734700000000000,,,,,,,
O-20250404-024500-001-V2-1685,BACKTESTER-001,MLSignalStrategyV2-V2,EUR/USD.IDEALPRO,IDEALPRO-1-1685,EUR/USD.IDEALPRO-MLSignalStrategyV2-V2,IDEALPRO-001,IDEALPRO-1-189707,STOP_MARKET,SELL,100000.00,GTC,True,False,100000.00,TAKER,1.10574,2.0000000000131024e-05,['2.21 USD'],NO_TRIGGER,FILLED,OUO,OL-20250404-024500-001-V2-562,['O-20250404-024500-001-V2-1686'],O-20250404-024500-001-V2-1684,,,,['V2_POS1_SL'],202ad3e2-1952-49dd-af68-ba73a88b5bad,1743734700000000000,1743735720000000000,1.10576,DEFAULT,,,,,
O-20250404-024500-001-V2-1686,BACKTESTER-001,MLSignalStrategyV2-V2,EUR/USD.IDEALPRO,IDEALPRO-1-1686,EUR/USD.IDEALPRO-MLSignalStrategyV2-V2,IDEALPRO-001,,LIMIT,SELL,100000.00,GTC,True,False,0.00,NO_LIQUIDITY_SIDE,,,,NO_TRIGGER,CANCELED,OUO,OL-20250404-024500-001-V2-562,['O-20250404-024500-001-V2-1685'],O-20250404-024500-001-V2-1684,,,,['V2_POS1_TP'],6f04b6ea-89b7-4051-86bf-e2966f4b2922,1743734700000000000,1743735720000000000,,,,,1.10762,False,
O-20250404-031500-001-V2-1687,BACKTESTER-001,MLSignalStrategyV2-V2,EUR/USD.IDEALPRO,IDEALPRO-1-1687,EUR/USD.IDEALPRO-MLSignalStrategyV2-V2,IDEALPRO-001,IDEALPRO-1-189734,MARKET,BUY,100000.00,GTC,False,False,100000.00,TAKER,1.10696,0.0,['2.21 USD'],NO_TRIGGER,FILLED,OTO,OL-20250404-031500-001-V2-563,"['O-20250404-031500-001-V2-1688', 'O-20250404-031500-001-V2-1689']",,,,,['V2_POS1'],196aeb5a-d85c-4996-9423-1637be6254a5,1743736500000000000,1743736500000000000,,,,,,,
O-20250404-031500-001-V2-1688,BACKTESTER-001,MLSignalStrategyV2-V2,EUR/USD.IDEALPRO,IDEALPRO-1-1688,EUR/USD.IDEALPRO-MLSignalStrategyV2-V2,IDEALPRO-001,,STOP_MARKET,SELL,100000.00,GTC,True,False,0.00,NO_LIQUIDITY_SIDE,,,,NO_TRIGGER,CANCELED,OUO,OL-20250404-031500-001-V2-563,['O-20250404-031500-001-V2-1689'],O-20250404-031500-001-V2-1687,,,,['V2_POS1_SL'],472c723e-7560-4be8-914d-988630ff9396,1743736500000000000,1743737040000000000,1.10606,DEFAULT,,,,,
O-20250404-031500-001-V2-1689,BACKTESTER-001,MLSignalStrategyV2-V2,EUR/USD.IDEALPRO,IDEALPRO-1-1689,EUR/USD.IDEALPRO-MLSignalStrategyV2-V2,IDEALPRO-001,IDEALPRO-1-189753,LIMIT,SELL,100000.00,GTC,True,False,100000.00,MAKER,1.10789,-5.0000000000105516e-05,['2.22 USD'],NO_TRIGGER,FILLED,OUO,OL-20250404-031500-001-V2-563,['O-20250404-031500-001-V2-1688'],O-20250404-031500-001-V2-1687,,,,['V2_POS1_TP'],1dcb612f-d775-433d-90a5-2b4924924b92,1743736500000000000,1743737040000000000,,,,,1.10784,False,
O-20250404-053000-001-V2-1690,BACKTESTER-001,MLSignalStrategyV2-V2,EUR/USD.IDEALPRO,IDEALPRO-1-1690,EUR/USD.IDEALPRO-MLSignalStrategyV2-V2,IDEALPRO-001,IDEALPRO-1-190006,MARKET,SELL,100000.00,GTC,False,False,100000.00,TAKER,1.11056,0.0,['2.22 USD'],NO_TRIGGER,FILLED,OTO,OL-20250404-053000-001-V2-564,"['O-20250404-053000-001-V2-1691', 'O-20250404-053000-001-V2-1692']",,,,,['V2_POS1'],16f66f12-025d-4e41-9c1f-5992b2fa80cb,1743744600000000000,1743744600000000000,,,,,,,
O-20250404-053000-001-V2-1691,BACKTESTER-001,MLSignalStrategyV2-V2,EUR/USD.IDEALPRO,IDEALPRO-1-1691,EUR/USD.IDEALPRO-MLSignalStrategyV2-V2,IDEALPRO-001,,STOP_MARKET,BUY,100000.00,GTC,True,False,0.00,NO_LIQUIDITY_SIDE,,,,NO_TRIGGER,CANCELED,OUO,OL-20250404-053000-001-V2-564,['O-20250404-053000-001-V2-1692'],O-20250404-053000-001-V2-1690,,,,['V2_POS1_SL'],1663e434-c709-40fc-9282-6b1dfe5b89d8,1743744600000000000,1743744720000000000,1.11143,DEFAULT,,,,,
O-20250404-053000-001-V2-1692,BACKTESTER-001,MLSignalStrategyV2-V2,EUR/USD.IDEALPRO,IDEALPRO-1-1692,EUR/USD.IDEALPRO-MLSignalStrategyV2-V2,IDEALPRO-001,IDEALPRO-1-190011,LIMIT,BUY,100000.00,GTC,True,False,100000.00,MAKER,1.10953,-0.000180000000000069,['2.22 USD'],NO_TRIGGER,FILLED,OUO,OL-20250404-053000-001-V2-564,['O-20250404-053000-001-V2-1691'],O-20250404-053000-001-V2-1690,,,,['V2_POS1_TP'],f0b7c807-4e21-4c70-b845-dc4b41b1ed5f,1743744600000000000,1743744720000000000,,,,,1.10971,False,
O-20250404-070000-001-V2-1693,BACKTESTER-001,MLSignalStrategyV2-V2,EUR/USD.IDEALPRO,IDEALPRO-1-1693,EUR/USD.IDEALPRO-MLSignalStrategyV2-V2,IDEALPRO-001,IDEALPRO-1-190188,MARKET,BUY,100000.00,GTC,False,False,100000.00,TAKER,1.10508,0.0,['2.21 USD'],NO_TRIGGER,FILLED,OTO,OL-20250404-070000-001-V2-565,"['O-20250404-070000-001-V2-1694', 'O-20250404-070000-001-V2-1695']",,,,,['V2_POS1'],b65da46d-3059-4d29-b058-717e1fdb9bc4,1743750000000000000,1743750000000000000,,,,,,,
O-20250404-070000-001-V2-1694,BACKTESTER-001,MLSignalStrategyV2-V2,EUR/USD.IDEALPRO,IDEALPRO-1-1694,EUR/USD.IDEALPRO-MLSignalStrategyV2-V2,IDEALPRO-001,,STOP_MARKET,SELL,100000.00,GTC,True,False,0.00,NO_LIQUIDITY_SIDE,,,,NO_TRIGGER,CANCELED,OUO,OL-20250404-070000-001-V2-565,['O-20250404-070000-001-V2-1695'],O-20250404-070000-001-V2-1693,,,,['V2_POS1_SL'],651d773f-217b-4ad5-9f58-92d072c2f54f,1743750000000000000,1743750600000000000,1.10407,DEFAULT,,,,,
O-20250404-070000-001-V2-1695,BACKTESTER-001,MLSignalStrategyV2-V2,EUR/USD.IDEALPRO,IDEALPRO-1-1695,EUR/USD.IDEALPRO-MLSignalStrategyV2-V2,IDEALPRO-001,IDEALPRO-1-190209,LIMIT,SELL,100000.00,GTC,True,False,100000.00,MAKER,1.10626,-0.00018999999999991246,['2.21 USD'],NO_TRIGGER,FILLED,OUO,OL-20250404-070000-001-V2-565,['O-20250404-070000-001-V2-1694'],O-20250404-070000-001-V2-1693,,,,['V2_POS1_TP'],95ac9e0f-4aa9-4c22-b919-eb4ecc669dc9,1743750000000000000,1743750600000000000,,,,,1.10607,False,
O-20250404-074500-001-V2-1696,BACKTESTER-001,MLSignalStrategyV2-V2,EUR/USD.IDEALPRO,IDEALPRO-1-1696,EUR/USD.IDEALPRO-MLSignalStrategyV2-V2,IDEALPRO-001,IDEALPRO-1-190280,MARKET,BUY,100000.00,GTC,False,False,100000.00,TAKER,1.10225,0.0,['2.20 USD'],NO_TRIGGER,FILLED,OTO,OL-20250404-074500-001-V2-566,"['O-20250404-074500-001-V2-1697', 'O-20250404-074500-001-V2-1698']",,,,,['V2_POS1'],9f69b7bb-eb50-4a4b-887e-e30c5c03409a,1743752700000000000,1743752700000000000,,,,,,,
O-20250404-074500-001-V2-1697,BACKTESTER-001,MLSignalStrategyV2-V2,EUR/USD.IDEALPRO,IDEALPRO-1-1697,EUR/USD.IDEALPRO-MLSignalStrategyV2-V2,IDEALPRO-001,IDEALPRO-1-190285,STOP_MARKET,SELL,100000.00,GTC,True,False,100000.00,TAKER,1.10096,4.0000000000040004e-05,['2.20 USD'],NO_TRIGGER,FILLED,OUO,OL-20250404-074500-001-V2-566,['O-20250404-074500-001-V2-1698'],O-20250404-074500-001-V2-1696,,,,['V2_POS1_SL'],b64e748d-f793-41db-ae04-086d4ccb241d,1743752700000000000,1743752820000000000,1.10100,DEFAULT,,,,,
O-20250404-074500-001-V2-1698,BACKTESTER-001,MLSignalStrategyV2-V2,EUR/USD.IDEALPRO,IDEALPRO-1-1698,EUR/USD.IDEALPRO-MLSignalStrategyV2-V2,IDEALPRO-001,,LIMIT,SELL,100000.00,GTC,True,False,0.00,NO_LIQUIDITY_SIDE,,,,NO_TRIGGER,CANCELED,OUO,OL-20250404-074500-001-V2-566,['O-20250404-074500-001-V2-1697'],O-20250404-074500-001-V2-1696,,,,['V2_POS1_TP'],3dc6d5ba-8c9e-48fc-9532-150149d5837a,1743752700000000000,1743752820000000000,,,,,1.10350,False,
O-20250404-090000-001-V2-1699,BACKTESTER-001,MLSignalStrategyV2-V2,EUR/USD.IDEALPRO,IDEALPRO-1-1699,EUR/USD.IDEALPRO-MLSignalStrategyV2-V2,IDEALPRO-001,IDEALPRO-1-190433,MARKET,BUY,100000.00,GTC,False,False,100000.00,TAKER,1.09965,0.0,['2.20 USD'],NO_TRIGGER,FILLED,OTO,OL-20250404-090000-001-V2-567,"['O-20250404-090000-001-V2-1700', 'O-20250404-090000-001-V2-1701']",,,,,['V2_POS1'],9e8af1d9-b707-4ae2-abd7-079534927310,1743757200000000000,1743757200000000000,,,,,,,
O-20250404-090000-001-V2-1700,BACKTESTER-001,MLSignalStrategyV2-V2,EUR/USD.IDEALPRO,IDEALPRO-1-1700,EUR/USD.IDEALPRO-MLSignalStrategyV2-V2,IDEALPRO-001,IDEALPRO-1-190445,STOP_MARKET,SELL,100000.00,GTC,True,False,100000.00,TAKER,1.09774,0.00043999999999999595,['2.20 USD'],NO_TRIGGER,FILLED,OUO,OL-20250404-090000-001-V2-567,['O-20250404-090000-001-V2-1701'],O-20250404-090000-001-V2-1699,,,,['V2_POS1_SL'],3d811f95-e503-43d9-bc56-60fd329b9d19,1743757200000000000,1743757560000000000,1.09818,DEFAULT,,,,,
O-20250404-090000-001-V2-1701,BACKTESTER-001,MLSignalStrategyV2-V2,EUR/USD.IDEALPRO,IDEALPRO-1-1701,EUR/USD.IDEALPRO-MLSignalStrategyV2-V2,IDEALPRO-001,,LIMIT,SELL,100000.00,GTC,True,False,0.00,NO_LIQUIDITY_SIDE,,,,NO_TRIGGER,CANCELED,OUO,OL-20250404-090000-001-V2-567,['O-20250404-090000-001-V2-1700'],O-20250404-090000-001-V2-1699,,,,['V2_POS1_TP'],0b50e194-895e-466d-88bf-21132291f43a,1743757200000000000,1743757560000000000,,,,,1.10110,False,
O-20250404-091500-001-V2-1702,BACKTESTER-001,MLSignalStrategyV2-V2,EUR/USD.IDEALPRO,IDEALPRO-1-1702,EUR/USD.IDEALPRO-MLSignalStrategyV2-V2,IDEALPRO-001,IDEALPRO-1-190464,MARKET,BUY,100000.00,GTC,False,False,100000.00,TAKER,1.09787,0.0,['2.20 USD'],NO_TRIGGER,FILLED,OTO,OL-20250404-091500-001-V2-568,"['O-20250404-091500-001-V2-1703', 'O-20250404-091500-001-V2-1704']",,,,,['V2_POS1'],e956c9f1-5a9d-4f25-b66d-3b7b3a11e56f,1743758100000000000,1743758100000000000,,,,,,,
O-20250404-091500-001-V2-1703,BACKTESTER-001,MLSignalStrategyV2-V2,EUR/USD.IDEALPRO,IDEALPRO-1-1703,EUR/USD.IDEALPRO-MLSignalStrategyV2-V2,IDEALPRO-001,,STOP_MARKET,SELL,100000.00,GTC,True,False,0.00,NO_LIQUIDITY_SIDE,,,,NO_TRIGGER,CANCELED,OUO,OL-20250404-091500-001-V2-568,['O-20250404-091500-001-V2-1704'],O-20250404-091500-001-V2-1702,,,,['V2_POS1_SL'],42cea77d-815d-4eeb-bd10-5e896183408c,1743758100000000000,1743761940000000000,1.09638,DEFAULT,,,,,
O-20250404-091500-001-V2-1704,BACKTESTER-001,MLSignalStrategyV2-V2,EUR/USD.IDEALPRO,IDEALPRO-1-1704,EUR/USD.IDEALPRO-MLSignalStrategyV2-V2,IDEALPRO-001,IDEALPRO-1-190593,LIMIT,SELL,100000.00,GTC,True,False,100000.00,MAKER,1.09982,-0.000460000000000127,['2.20 USD'],NO_TRIGGER,FILLED,OUO,OL-20250404-091500-001-V2-568,['O-20250404-091500-001-V2-1703'],O-20250404-091500-001-V2-1702,,,,['V2_POS1_TP'],6c422ffb-1fed-468e-9420-36478177b605,1743758100000000000,1743761940000000000,,,,,1.09936,False,
O-20250404-130000-001-V2-1705,BACKTESTER-001,MLSignalStrategyV2-V2,EUR/USD.IDEALPRO,IDEALPRO-1-1705,EUR/USD.IDEALPRO-MLSignalStrategyV2-V2,IDEALPRO-001,IDEALPRO-1-190916,MARKET,SELL,100000.00,GTC,False,False,100000.00,TAKER,1.10196,0.0,['2.20 USD'],NO_TRIGGER,FILLED,OTO,OL-20250404-130000-001-V2-569,"['O-20250404-130000-001-V2-1706', 'O-20250404-130000-001-V2-1707']",,,,,['V2_POS1'],a99ff6b1-f554-4188-83e1-2b90a984a3d6,1743771600000000000,1743771600000000000,,,,,,,
O-20250404-130000-001-V2-1706,BACKTESTER-001,MLSignalStrategyV2-V2,EUR/USD.IDEALPRO,IDEALPRO-1-1706,EUR/USD.IDEALPRO-MLSignalStrategyV2-V2,IDEALPRO-001,IDEALPRO-1-190957,STOP_MARKET,BUY,100000.00,GTC,True,False,100000.00,TAKER,1.10482,0.00024000000000001798,['2.21 USD'],NO_TRIGGER,FILLED,OUO,OL-20250404-130000-001-V2-569,['O-20250404-130000-001-V2-1707'],O-20250404-130000-001-V2-1705,,,,['V2_POS1_SL'],16ce11b5-7761-49f2-bf2b-40346b48d9ee,1743771600000000000,1743772800000000000,1.10458,DEFAULT,,,,,
O-20250404-130000-001-V2-1707,BACKTESTER-001,MLSignalStrategyV2-V2,EUR/USD.IDEALPRO,IDEALPRO-1-1707,EUR/USD.IDEALPRO-MLSignalStrategyV2-V2,IDEALPRO-001,,LIMIT,BUY,100000.00,GTC,True,False,0.00,NO_LIQUIDITY_SIDE,,,,NO_TRIGGER,CANCELED,OUO,OL-20250404-130000-001-V2-569,['O-20250404-130000-001-V2-1706'],O-20250404-130000-001-V2-1705,,,,['V2_POS1_TP'],cafa0afa-3b41-4102-b1d9-a674cece23b1,1743771600000000000,1743772800000000000,,,,,1.09936,False,
O-20250404-134500-001-V2-1708,BACKTESTER-001,MLSignalStrategyV2-V2,EUR/USD.IDEALPRO,IDEALPRO-1-1708,EUR/USD.IDEALPRO-MLSignalStrategyV2-V2,IDEALPRO-001,IDEALPRO-1-191008,MARKET,SELL,100000.00,GTC,False,False,100000.00,TAKER,1.10253,0.0,['2.21 USD'],NO_TRIGGER,FILLED,OTO,OL-20250404-134500-001-V2-570,"['O-20250404-134500-001-V2-1709', 'O-20250404-134500-001-V2-1710']",,,,,['V2_POS1'],30af5d42-b3fd-4247-972e-5edf7887dc5d,1743774300000000000,1743774300000000000,,,,,,,
O-20250404-134500-001-V2-1709,BACKTESTER-001,MLSignalStrategyV2-V2,EUR/USD.IDEALPRO,IDEALPRO-1-1709,EUR/USD.IDEALPRO-MLSignalStrategyV2-V2,IDEALPRO-001,,STOP_MARKET,BUY,100000.00,GTC,True,False,0.00,NO_LIQUIDITY_SIDE,,,,NO_TRIGGER,CANCELED,OUO,OL-20250404-134500-001-V2-570,['O-20250404-134500-001-V2-1710'],O-20250404-134500-001-V2-1708,,,,['V2_POS1_SL'],1a0a7ce2-06ae-445c-9493-c62de1147e9f,1743774300000000000,1743775440000000000,1.10500,DEFAULT,,,,,
O-20250404-134500-001-V2-1710,BACKTESTER-001,MLSignalStrategyV2-V2,EUR/USD.IDEALPRO,IDEALPRO-1-1710,EUR/USD.IDEALPRO-MLSignalStrategyV2-V2,IDEALPRO-001,IDEALPRO-1-191047,LIMIT,BUY,100000.00,GTC,True,False,100000.00,MAKER,1.09957,-0.0005100000000000104,['2.20 USD'],NO_TRIGGER,FILLED,OUO,OL-20250404-134500-001-V2-570,['O-20250404-134500-001-V2-1709'],O-20250404-134500-001-V2-1708,,,,['V2_POS1_TP'],e4fd299d-3e27-4752-8a46-0d2769982d95,1743774300000000000,1743775440000000000,,,,,1.10008,False,
O-20250404-151500-001-V2-1711,BACKTESTER-001,MLSignalStrategyV2-V2,EUR/USD.IDEALPRO,IDEALPRO-1-1711,EUR/USD.IDEALPRO-MLSignalStrategyV2-V2,IDEALPRO-001,IDEALPRO-1-191191,MARKET,SELL,100000.00,GTC,False,False,100000.00,TAKER,1.09969,0.0,['2.20 USD'],NO_TRIGGER,FILLED,OTO,OL-20250404-151500-001-V2-571,"['O-20250404-151500-001-V2-1712', 'O-20250404-151500-001-V2-1713']",,,,,['V2_POS1'],65f8dcf5-4e10-43dc-a3a0-5f297aec7c59,1743779700000000000,1743779700000000000,,,,,,,
O-20250404-151500-001-V2-1712,BACKTESTER-001,MLSignalStrategyV2-V2,EUR/USD.IDEALPRO,IDEALPRO-1-1712,EUR/USD.IDEALPRO-MLSignalStrategyV2-V2,IDEALPRO-001,,STOP_MARKET,BUY,100000.00,GTC,True,False,0.00,NO_LIQUIDITY_SIDE,,,,NO_TRIGGER,CANCELED,OUO,OL-20250404-151500-001-V2-571,['O-20250404-151500-001-V2-1713'],O-20250404-151500-001-V2-1711,,,,['V2_POS1_SL'],d7a16405-9fee-4a02-be18-7b13c9fdb40e,1743779700000000000,1743780360000000000,1.10196,DEFAULT,,,,,
O-20250404-151500-001-V2-1713,BACKTESTER-001,MLSignalStrategyV2-V2,EUR/USD.IDEALPRO,IDEALPRO-1-1713,EUR/USD.IDEALPRO-MLSignalStrategyV2-V2,IDEALPRO-001,IDEALPRO-1-191213,LIMIT,BUY,100000.00,GTC,True,False,100000.00,MAKER,1.09669,-0.0007500000000000284,['2.19 USD'],NO_TRIGGER,FILLED,OUO,OL-20250404-151500-001-V2-571,['O-20250404-151500-001-V2-1712'],O-20250404-151500-001-V2-1711,,,,['V2_POS1_TP'],e98eba15-e7b0-41d6-8e1b-0bcd081d5078,1743779700000000000,1743780360000000000,,,,,1.09744,False,
O-20250404-154500-001-V2-1714,BACKTESTER-001,MLSignalStrategyV2-V2,EUR/USD.IDEALPRO,IDEALPRO-1-1714,EUR/USD.IDEALPRO-MLSignalStrategyV2-V2,IDEALPRO-001,IDEALPRO-1-191252,MARKET,SELL,100000.00,GTC,False,False,100000.00,TAKER,1.09994,0.0,['2.20 USD'],NO_TRIGGER,FILLED,OTO,OL-20250404-154500-001-V2-572,"['O-20250404-154500-001-V2-1715', 'O-20250404-154500-001-V2-1716']",,,,,['V2_POS1'],199a5fd9-2023-49cf-875d-51b67685efcb,1743781500000000000,1743781500000000000,,,,,,,
O-20250404-154500-001-V2-1715,BACKTESTER-001,MLSignalStrategyV2-V2,EUR/USD.IDEALPRO,IDEALPRO-1-1715,EUR/USD.IDEALPRO-MLSignalStrategyV2-V2,IDEALPRO-001,,STOP_MARKET,BUY,100000.00,GTC,True,False,0.00,NO_LIQUIDITY_SIDE,,,,NO_TRIGGER,CANCELED,OUO,OL-20250404-154500-001-V2-572,['O-20250404-154500-001-V2-1716'],O-20250404-154500-001-V2-1714,,,,['V2_POS1_SL'],5a4013de-5552-4764-9ee8-debdc95fb245,1743781500000000000,1743783960000000000,1.10231,DEFAULT,,,,,
O-20250404-154500-001-V2-1716,BACKTESTER-001,MLSignalStrategyV2-V2,EUR/USD.IDEALPRO,IDEALPRO-1-1716,EUR/USD.IDEALPRO-MLSignalStrategyV2-V2,IDEALPRO-001,IDEALPRO-1-191335,LIMIT,BUY,100000.00,GTC,True,False,100000.00,MAKER,1.09744,-0.00012999999999996348,['2.19 USD'],NO_TRIGGER,FILLED,OUO,OL-20250404-154500-001-V2-572,['O-20250404-154500-001-V2-1715'],O-20250404-154500-001-V2-1714,,,,['V2_POS1_TP'],92914532-93e3-4531-a722-69b8e0f0cc52,1743781500000000000,1743783960000000000,,,,,1.09757,False,
O-20250404-201500-001-V2-1717,BACKTESTER-001,MLSignalStrategyV2-V2,EUR/USD.IDEALPRO,IDEALPRO-1-1717,EUR/USD.IDEALPRO-MLSignalStrategyV2-V2,IDEALPRO-001,IDEALPRO-1-191795,MARKET,SELL,100000.00,GTC,False,False,100000.00,TAKER,1.09501,0.0,['2.19 USD'],NO_TRIGGER,FILLED,OTO,OL-20250404-201500-001-V2-573,"['O-20250404-201500-001-V2-1718', 'O-20250404-201500-001-V2-1719']",,,,,['V2_POS1'],6937305f-274d-4229-9239-f23ab4ce40e2,1743797700000000000,1743797700000000000,,,,,,,
O-20250404-201500-001-V2-1718,BACKTESTER-001,MLSignalStrategyV2-V2,EUR/USD.IDEALPRO,IDEALPRO-1-1718,EUR/USD.IDEALPRO-MLSignalStrategyV2-V2,IDEALPRO-001,,STOP_MARKET,BUY,100000.00,GTC,True,False,0.00,NO_LIQUIDITY_SIDE,,,,NO_TRIGGER,CANCELED,OUO,OL-20250404-201500-001-V2-573,['O-20250404-201500-001-V2-1719'],O-20250404-201500-001-V2-1717,,,,['V2_POS1_SL'],07c65175-0c7a-42dd-8812-32a3b6f0aed3,1743797700000000000,1743798360000000000,1.09653,DEFAULT,,,,,
O-20250404-201500-001-V2-1719,BACKTESTER-001,MLSignalStrategyV2-V2,EUR/USD.IDEALPRO,IDEALPRO-1-1719,EUR/USD.IDEALPRO-MLSignalStrategyV2-V2,IDEALPRO-001,IDEALPRO-1-191817,LIMIT,BUY,100000.00,GTC,True,False,100000.00,MAKER,1.09346,-4.999999999988347e-05,['2.19 USD'],NO_TRIGGER,FILLED,OUO,OL-20250404-201500-001-V2-573,['O-20250404-201500-001-V2-1718'],O-20250404-201500-001-V2-1717,,,,['V2_POS1_TP'],38c7cbb8-bb52-4d86-b537-d5192443c5bb,1743797700000000000,1743798360000000000,,,,,1.09351,False,
O-20250406-213000-001-V2-1720,BACKTESTER-001,MLSignalStrategyV2-V2,EUR/USD.IDEALPRO,IDEALPRO-1-1720,EUR/USD.IDEALPRO-MLSignalStrategyV2-V2,IDEALPRO-001,IDEALPRO-1-191916,MARKET,BUY,100000.00,GTC,False,False,100000.00,TAKER,1.08917,0.0,['2.18 USD'],NO_TRIGGER,FILLED,OTO,OL-20250406-213000-001-V2-574,"['O-20250406-213000-001-V2-1721', 'O-20250406-213000-001-V2-1722']",,,,,['V2_POS1'],e609b140-af9e-4d81-aec6-8ca37bdf8d3b,1743975000000000000,1743975000000000000,,,,,,,
O-20250406-213000-001-V2-1721,BACKTESTER-001,MLSignalStrategyV2-V2,EUR/USD.IDEALPRO,IDEALPRO-1-1721,EUR/USD.IDEALPRO-MLSignalStrategyV2-V2,IDEALPRO-001,,STOP_MARKET,SELL,100000.00,GTC,True,False,0.00,NO_LIQUIDITY_SIDE,,,,NO_TRIGGER,CANCELED,OUO,OL-20250406-213000-001-V2-574,['O-20250406-213000-001-V2-1722'],O-20250406-213000-001-V2-1720,,,,['V2_POS1_SL'],a364dc90-46c7-4050-bdb4-e06150cd709c,1743975000000000000,1743975780000000000,1.08733,DEFAULT,,,,,
O-20250406-213000-001-V2-1722,BACKTESTER-001,MLSignalStrategyV2-V2,EUR/USD.IDEALPRO,IDEALPRO-1-1722,EUR/USD.IDEALPRO-MLSignalStrategyV2-V2,IDEALPRO-001,IDEALPRO-1-191943,LIMIT,SELL,100000.00,GTC,True,False,100000.00,MAKER,1.09131,-0.00029999999999996696,['2.18 USD'],NO_TRIGGER,FILLED,OUO,OL-20250406-213000-001-V2-574,['O-20250406-213000-001-V2-1721'],O-20250406-213000-001-V2-1720,,,,['V2_POS1_TP'],acaaf7f7-be45-47d8-8c7b-cdc339bc4ced,1743975000000000000,1743975780000000000,,,,,1.09101,False,
O-20250406-214500-001-V2-1723,BACKTESTER-001,MLSignalStrategyV2-V2,EUR/USD.IDEALPRO,IDEALPRO-1-1723,EUR/USD.IDEALPRO-MLSignalStrategyV2-V2,IDEALPRO-001,IDEALPRO-1-191947,MARKET,BUY,100000.00,GTC,False,False,100000.00,TAKER,1.09075,0.0,['2.18 USD'],NO_TRIGGER,FILLED,OTO,OL-20250406-214500-001-V2-575,"['O-20250406-214500-001-V2-1724', 'O-20250406-214500-001-V2-1725']",,,,,['V2_POS1'],092f63ac-7f45-494e-8f94-a8156c88e9d3,1743975900000000000,1743975900000000000,,,,,,,
O-20250406-214500-001-V2-1724,BACKTESTER-001,MLSignalStrategyV2-V2,EUR/USD.IDEALPRO,IDEALPRO-1-1724,EUR/USD.IDEALPRO-MLSignalStrategyV2-V2,IDEALPRO-001,,STOP_MARKET,SELL,100000.00,GTC,True,False,0.00,NO_LIQUIDITY_SIDE,,,,NO_TRIGGER,CANCELED,OUO,OL-20250406-214500-001-V2-575,['O-20250406-214500-001-V2-1725'],O-20250406-214500-001-V2-1723,,,,['V2_POS1_SL'],654ed584-8c98-4a00-81b2-a6d7372ad625,1743975900000000000,1743976920000000000,1.08909,DEFAULT,,,,,
O-20250406-214500-001-V2-1725,BACKTESTER-001,MLSignalStrategyV2-V2,EUR/USD.IDEALPRO,IDEALPRO-1-1725,EUR/USD.IDEALPRO-MLSignalStrategyV2-V2,IDEALPRO-001,IDEALPRO-1-191983,LIMIT,SELL,100000.00,GTC,True,False,100000.00,MAKER,1.09277,-0.00012000000000012001,['2.19 USD'],NO_TRIGGER,FILLED,OUO,OL-20250406-214500-001-V2-575,['O-20250406-214500-001-V2-1724'],O-20250406-214500-001-V2-1723,,,,['V2_POS1_TP'],bf6046e1-f28a-438f-9a42-9e3bce2568a2,1743975900000000000,1743976920000000000,,,,,1.09265,False,
O-20250406-221500-001-V2-1726,BACKTESTER-001,MLSignalStrategyV2-V2,EUR/USD.IDEALPRO,IDEALPRO-1-1726,EUR/USD.IDEALPRO-MLSignalStrategyV2-V2,IDEALPRO-001,IDEALPRO-1-192010,MARKET,BUY,100000.00,GTC,False,False,100000.00,TAKER,1.09535,0.0,['2.19 USD'],NO_TRIGGER,FILLED,OTO,OL-20250406-221500-001-V2-576,"['O-20250406-221500-001-V2-1727', 'O-20250406-221500-001-V2-1728']",,,,,['V2_POS1'],a28d7f0d-b777-4bf3-985d-61a8a12eacc8,1743977700000000000,1743977700000000000,,,,,,,
O-20250406-221500-001-V2-1727,BACKTESTER-001,MLSignalStrategyV2-V2,EUR/USD.IDEALPRO,IDEALPRO-1-1727,EUR/USD.IDEALPRO-MLSignalStrategyV2-V2,IDEALPRO-001,,STOP_MARKET,SELL,100000.00,GTC,True,False,0.00,NO_LIQUIDITY_SIDE,,,,NO_TRIGGER,CANCELED,OUO,OL-20250406-221500-001-V2-576,['O-20250406-221500-001-V2-1728'],O-20250406-221500-001-V2-1726,,,,['V2_POS1_SL'],7c54cb02-67c8-4fb6-91c9-2c32dd42d7f6,1743977700000000000,1743977940000000000,1.09352,DEFAULT,,,,,
O-20250406-221500-001-V2-1728,BACKTESTER-001,MLSignalStrategyV2-V2,EUR/USD.IDEALPRO,IDEALPRO-1-1728,EUR/USD.IDEALPRO-MLSignalStrategyV2-V2,IDEALPRO-001,IDEALPRO-1-192019,LIMIT,SELL,100000.00,GTC,True,False,100000.00,MAKER,1.09735,-0.00017000000000000348,['2.19 USD'],NO_TRIGGER,FILLED,OUO,OL-20250406-221500-001-V2-576,['O-20250406-221500-001-V2-1727'],O-20250406-221500-001-V2-1726,,,,['V2_POS1_TP'],297d55d8-3cf9-4e7a-8039-9d42870db7af,1743977700000000000,1743977940000000000,,,,,1.09718,False,
O-20250406-223000-001-V2-1729,BACKTESTER-001,MLSignalStrategyV2-V2,EUR/USD.IDEALPRO,IDEALPRO-1-1729,EUR/USD.IDEALPRO-MLSignalStrategyV2-V2,IDEALPRO-001,IDEALPRO-1-192042,MARKET,BUY,100000.00,GTC,False,False,100000.00,TAKER,1.09838,0.0,['2.20 USD'],NO_TRIGGER,FILLED,OTO,OL-20250406-223000-001-V2-577,"['O-20250406-223000-001-V2-1730', 'O-20250406-223000-001-V2-1731']",,,,,['V2_POS1'],51b301f0-ed92-4b55-9bd1-0088fa2433a8,1743978600000000000,1743978600000000000,,,,,,,
O-20250406-223000-001-V2-1730,BACKTESTER-001,MLSignalStrategyV2-V2,EUR/USD.IDEALPRO,IDEALPRO-1-1730,EUR/USD.IDEALPRO-MLSignalStrategyV2-V2,IDEALPRO-001,IDEALPRO-1-192233,STOP_MARKET,SELL,100000.00,GTC,True,False,100000.00,TAKER,1.09627,7.00000000000145e-05,['2.19 USD'],NO_TRIGGER,FILLED,OUO,OL-20250406-223000-001-V2-577,['O-20250406-223000-001-V2-1731'],O-20250406-223000-001-V2-1729,,,,['V2_POS1_SL'],ad8ada56-bcc2-4aff-8d73-1e30616b822e,1743978600000000000,1743984300000000000,1.09634,DEFAULT,,,,,
O-20250406-223000-001-V2-1731,BACKTESTER-001,MLSignalStrategyV2-V2,EUR/USD.IDEALPRO,IDEALPRO-1-1731,EUR/USD.IDEALPRO-MLSignalStrategyV2-V2,IDEALPRO-001,,LIMIT,SELL,100000.00,GTC,True,False,0.00,NO_LIQUIDITY_SIDE,,,,NO_TRIGGER,CANCELED,OUO,OL-20250406-223000-001-V2-577,['O-20250406-223000-001-V2-1730'],O-20250406-223000-001-V2-1729,,,,['V2_POS1_TP'],80e3e46d-30c7-4e82-b6ed-fe1bcd94b041,1743978600000000000,1743984300000000000,,,,,1.10040,False,
O-20250407-020000-001-V2-1732,BACKTESTER-001,MLSignalStrategyV2-V2,EUR/USD.IDEALPRO,IDEALPRO-1-1732,EUR/USD.IDEALPRO-MLSignalStrategyV2-V2,IDEALPRO-001,IDEALPRO-1-192464,MARKET,SELL,100000.00,GTC,False,False,100000.00,TAKER,1.09679,0.0,['2.19 USD'],NO_TRIGGER,FILLED,OTO,OL-20250407-020000-001-V2-578,"['O-20250407-020000-001-V2-1733', 'O-20250407-020000-001-V2-1734']",,,,,['V2_POS1'],e3ae49e1-d1c7-49ee-b8d9-c19f1014ce09,1743991200000000000,1743991200000000000,,,,,,,
O-20250407-020000-001-V2-1733,BACKTESTER-001,MLSignalStrategyV2-V2,EUR/USD.IDEALPRO,IDEALPRO-1-1733,EUR/USD.IDEALPRO-MLSignalStrategyV2-V2,IDEALPRO-001,,STOP_MARKET,BUY,100000.00,GTC,True,False,0.00,NO_LIQUIDITY_SIDE,,,,NO_TRIGGER,CANCELED,OUO,OL-20250407-020000-001-V2-578,['O-20250407-020000-001-V2-1734'],O-20250407-020000-001-V2-1732,,,,['V2_POS1_SL'],4b5b86c4-f3a3-4148-aac6-67a7b8288c6f,1743991200000000000,1743991920000000000,1.09828,DEFAULT,,,,,
O-20250407-020000-001-V2-1734,BACKTESTER-001,MLSignalStrategyV2-V2,EUR/USD.IDEALPRO,IDEALPRO-1-1734,EUR/USD.IDEALPRO-MLSignalStrategyV2-V2,IDEALPRO-001,IDEALPRO-1-192489,LIMIT,BUY,100000.00,GTC,True,False,100000.00,MAKER,1.09525,-4.999999999988347e-05,['2.19 USD'],NO_TRIGGER,FILLED,OUO,OL-20250407-020000-001-V2-578,['O-20250407-020000-001-V2-1733'],O-20250407-020000-001-V2-1732,,,,['V2_POS1_TP'],1e474d42-02eb-4b08-99d7-909886526501,1743991200000000000,1743991920000000000,,,,,1.09530,False,
O-20250407-023000-001-V2-1735,BACKTESTER-001,MLSignalStrategyV2-V2,EUR/USD.IDEALPRO,IDEALPRO-1-1735,EUR/USD.IDEALPRO-MLSignalStrategyV2-V2,IDEALPRO-001,IDEALPRO-1-192526,MARKET,BUY,100000.00,GTC,False,False,100000.00,TAKER,1.09367,0.0,['2.19 USD'],NO_TRIGGER,FILLED,OTO,OL-20250407-023000-001-V2-579,"['O-20250407-023000-001-V2-1736', 'O-20250407-023000-001-V2-1737']",,,,,['V2_POS1'],c61230b9-8417-4b60-8d16-af9c59778d61,1743993000000000000,1743993000000000000,,,,,,,
O-20250407-023000-001-V2-1736,BACKTESTER-001,MLSignalStrategyV2-V2,EUR/USD.IDEALPRO,IDEALPRO-1-1736,EUR/USD.IDEALPRO-MLSignalStrategyV2-V2,IDEALPRO-001,IDEALPRO-1-192555,STOP_MARKET,SELL,100000.00,GTC,True,False,100000.00,TAKER,1.09221,0.0,['2.18 USD'],NO_TRIGGER,FILLED,OUO,OL-20250407-023000-001-V2-579,['O-20250407-023000-001-V2-1737'],O-20250407-023000-001-V2-1735,,,,['V2_POS1_SL'],90b3fd92-46c0-41e2-9f24-d5db3e557412,1743993000000000000,1743993840000000000,1.09221,DEFAULT,,,,,
O-20250407-023000-001-V2-1737,BACKTESTER-001,MLSignalStrategyV2-V2,EUR/USD.IDEALPRO,IDEALPRO-1-1737,EUR/USD.IDEALPRO-MLSignalStrategyV2-V2,IDEALPRO-001,,LIMIT,SELL,100000.00,GTC,True,False,0.00,NO_LIQUIDITY_SIDE,,,,NO_TRIGGER,CANCELED,OUO,OL-20250407-023000-001-V2-579,['O-20250407-023000-001-V2-1736'],O-20250407-023000-001-V2-1735,,,,['V2_POS1_TP'],220f143e-1513-415b-a3fb-30a491545511,1743993000000000000,1743993840000000000,,,,,1.09513,False,
O-20250407-024500-001-V2-1738,BACKTESTER-001,MLSignalStrategyV2-V2,EUR/USD.IDEALPRO,IDEALPRO-1-1738,EUR/USD.IDEALPRO-MLSignalStrategyV2-V2,IDEALPRO-001,IDEALPRO-1-192558,MARKET,BUY,100000.00,GTC,False,False,100000.00,TAKER,1.0925,0.0,['2.19 USD'],NO_TRIGGER,FILLED,OTO,OL-20250407-024500-001-V2-580,"['O-20250407-024500-001-V2-1739', 'O-20250407-024500-001-V2-1740']",,,,,['V2_POS1'],fb04a947-4258-43b9-8893-2028fd93b10e,1743993900000000000,1743993900000000000,,,,,,,
O-20250407-024500-001-V2-1739,BACKTESTER-001,MLSignalStrategyV2-V2,EUR/USD.IDEALPRO,IDEALPRO-1-1739,EUR/USD.IDEALPRO-MLSignalStrategyV2-V2,IDEALPRO-001,,STOP_MARKET,SELL,100000.00,GTC,True,False,0.00,NO_LIQUIDITY_SIDE,,,,NO_TRIGGER,CANCELED,OUO,OL-20250407-024500-001-V2-580,['O-20250407-024500-001-V2-1740'],O-20250407-024500-001-V2-1738,,,,['V2_POS1_SL'],82e0a922-1eee-4d89-b9cf-1cf0012c22dd,1743993900000000000,1743995280000000000,1.09104,DEFAULT,,,,,
O-20250407-024500-001-V2-1740,BACKTESTER-001,MLSignalStrategyV2-V2,EUR/USD.IDEALPRO,IDEALPRO-1-1740,EUR/USD.IDEALPRO-MLSignalStrategyV2-V2,IDEALPRO-001,IDEALPRO-1-192605,LIMIT,SELL,100000.00,GTC,True,False,100000.00,MAKER,1.09396,0.0,['2.19 USD'],NO_TRIGGER,FILLED,OUO,OL-20250407-024500-001-V2-580,['O-20250407-024500-001-V2-1739'],O-20250407-024500-001-V2-1738,,,,['V2_POS1_TP'],7b37474a-7d81-42bb-8bf3-fea32ed5b945,1743993900000000000,1743995280000000000,,,,,1.09396,False,
O-20250407-053000-001-V2-1741,BACKTESTER-001,MLSignalStrategyV2-V2,EUR/USD.IDEALPRO,IDEALPRO-1-1741,EUR/USD.IDEALPRO-MLSignalStrategyV2-V2,IDEALPRO-001,IDEALPRO-1-192890,MARKET,BUY,100000.00,GTC,False,False,100000.00,TAKER,1.09941,0.0,['2.20 USD'],NO_TRIGGER,FILLED,OTO,OL-20250407-053000-001-V2-581,"['O-20250407-053000-001-V2-1742', 'O-20250407-053000-001-V2-1743']",,,,,['V2_POS1'],aece1b19-a9e4-41d8-b2c7-1161dbfc8774,1744003800000000000,1744003800000000000,,,,,,,
O-20250407-053000-001-V2-1742,BACKTESTER-001,MLSignalStrategyV2-V2,EUR/USD.IDEALPRO,IDEALPRO-1-1742,EUR/USD.IDEALPRO-MLSignalStrategyV2-V2,IDEALPRO-001,,STOP_MARKET,SELL,100000.00,GTC,True,False,0.00,NO_LIQUIDITY_SIDE,,,,NO_TRIGGER,CANCELED,OUO,OL-20250407-053000-001-V2-581,['O-20250407-053000-001-V2-1743'],O-20250407-053000-001-V2-1741,,,,['V2_POS1_SL'],4522cbce-3623-4347-b86f-7d55253152b6,1744003800000000000,1744005300000000000,1.09837,DEFAULT,,,,,
O-20250407-053000-001-V2-1743,BACKTESTER-001,MLSignalStrategyV2-V2,EUR/USD.IDEALPRO,IDEALPRO-1-1743,EUR/USD.IDEALPRO-MLSignalStrategyV2-V2,IDEALPRO-001,IDEALPRO-1-192941,LIMIT,SELL,100000.00,GTC,True,False,100000.00,MAKER,1.10078,-0.0003500000000000725,['2.20 USD'],NO_TRIGGER,FILLED,OUO,OL-20250407-053000-001-V2-581,['O-20250407-053000-001-V2-1742'],O-20250407-053000-001-V2-1741,,,,['V2_POS1_TP'],3e06e9fc-8486-435a-aef7-152ad3b1a6db,1744003800000000000,1744005300000000000,,,,,1.10043,False,
O-20250407-071500-001-V2-1744,BACKTESTER-001,MLSignalStrategyV2-V2,EUR/USD.IDEALPRO,IDEALPRO-1-1744,EUR/USD.IDEALPRO-MLSignalStrategyV2-V2,IDEALPRO-001,IDEALPRO-1-193102,MARKET,SELL,100000.00,GTC,False,False,100000.00,TAKER,1.10398,0.0,['2.21 USD'],NO_TRIGGER,FILLED,OTO,OL-20250407-071500-001-V2-582,"['O-20250407-071500-001-V2-1745', 'O-20250407-071500-001-V2-1746']",,,,,['V2_POS1'],d3c67bb8-e515-4023-a582-7d2934596662,1744010100000000000,1744010100000000000,,,,,,,
O-20250407-071500-001-V2-1745,BACKTESTER-001,MLSignalStrategyV2-V2,EUR/USD.IDEALPRO,IDEALPRO-1-1745,EUR/USD.IDEALPRO-MLSignalStrategyV2-V2,IDEALPRO-001,,STOP_MARKET,BUY,100000.00,GTC,True,False,0.00,NO_LIQUIDITY_SIDE,,,,NO_TRIGGER,CANCELED,OUO,OL-20250407-071500-001-V2-582,['O-20250407-071500-001-V2-1746'],O-20250407-071500-001-V2-1744,,,,['V2_POS1_SL'],3c7dc4fe-35f4-439b-b8ae-8a6b17365634,1744010100000000000,1744011060000000000,1.10558,DEFAULT,,,,,
O-20250407-071500-001-V2-1746,BACKTESTER-001,MLSignalStrategyV2-V2,EUR/USD.IDEALPRO,IDEALPRO-1-1746,EUR/USD.IDEALPRO-MLSignalStrategyV2-V2,IDEALPRO-001,IDEALPRO-1-193135,LIMIT,BUY,100000.00,GTC,True,False,100000.00,MAKER,1.10215,-0.00022999999999995246,['2.20 USD'],NO_TRIGGER,FILLED,OUO,OL-20250407-071500-001-V2-582,['O-20250407-071500-001-V2-1745'],O-20250407-071500-001-V2-1744,,,,['V2_POS1_TP'],12bca006-aa3e-4e82-9356-c645b80b7d54,1744010100000000000,1744011060000000000,,,,,1.10238,False,
O-20250407-074500-001-V2-1747,BACKTESTER-001,MLSignalStrategyV2-V2,EUR/USD.IDEALPRO,IDEALPRO-1-1747,EUR/USD.IDEALPRO-MLSignalStrategyV2-V2,IDEALPRO-001,IDEALPRO-1-193164,MARKET,SELL,100000.00,GTC,False,False,100000.00,TAKER,1.10231,0.0,['2.20 USD'],NO_TRIGGER,FILLED,OTO,OL-20250407-074500-001-V2-583,"['O-20250407-074500-001-V2-1748', 'O-20250407-074500-001-V2-1749']",,,,,['V2_POS1'],6d57138f-3b46-4724-b5ee-06c269f0edb4,1744011900000000000,1744011900000000000,,,,,,,
O-20250407-074500-001-V2-1748,BACKTESTER-001,MLSignalStrategyV2-V2,EUR/USD.IDEALPRO,IDEALPRO-1-1748,EUR/USD.IDEALPRO-MLSignalStrategyV2-V2,IDEALPRO-001,,STOP_MARKET,BUY,100000.00,GTC,True,False,0.00,NO_LIQUIDITY_SIDE,,,,NO_TRIGGER,CANCELED,OUO,OL-20250407-074500-001-V2-583,['O-20250407-074500-001-V2-1749'],O-20250407-074500-001-V2-1747,,,,['V2_POS1_SL'],050c595a-bebb-4911-b405-14746e6e21b4,1744011900000000000,1744012320000000000,1.10398,DEFAULT,,,,,
O-20250407-074500-001-V2-1749,BACKTESTER-001,MLSignalStrategyV2-V2,EUR/USD.IDEALPRO,IDEALPRO-1-1749,EUR/USD.IDEALPRO-MLSignalStrategyV2-V2,IDEALPRO-001,IDEALPRO-1-193179,LIMIT,BUY,100000.00,GTC,True,False,100000.00,MAKER,1.10057,-7.00000000000145e-05,['2.20 USD'],NO_TRIGGER,FILLED,OUO,OL-20250407-074500-001-V2-583,['O-20250407-074500-001-V2-1748'],O-20250407-074500-001-V2-1747,,,,['V2_POS1_TP'],69e27a67-dc34-4b09-8111-3b6642a815c3,1744011900000000000,1744012320000000000,,,,,1.10064,False,
O-20250407-080000-001-V2-1750,BACKTESTER-001,MLSignalStrategyV2-V2,EUR/USD.IDEALPRO,IDEALPRO-1-1750,EUR/USD.IDEALPRO-MLSignalStrategyV2-V2,IDEALPRO-001,IDEALPRO-1-193196,MARKET,SELL,100000.00,GTC,False,False,100000.00,TAKER,1.10006,0.0,['2.20 USD'],NO_TRIGGER,FILLED,OTO,OL-20250407-080000-001-V2-584,"['O-20250407-080000-001-V2-1751', 'O-20250407-080000-001-V2-1752']",,,,,['V2_POS1'],e45d4197-d002-45a7-a1a0-6ccf6089aedc,1744012800000000000,1744012800000000000,,,,,,,
O-20250407-080000-001-V2-1751,BACKTESTER-001,MLSignalStrategyV2-V2,EUR/USD.IDEALPRO,IDEALPRO-1-1751,EUR/USD.IDEALPRO-MLSignalStrategyV2-V2,IDEALPRO-001,IDEALPRO-1-193203,STOP_MARKET,BUY,100000.00,GTC,True,False,100000.00,TAKER,1.10214,0.00039999999999995595,['2.20 USD'],NO_TRIGGER,FILLED,OUO,OL-20250407-080000-001-V2-584,['O-20250407-080000-001-V2-1752'],O-20250407-080000-001-V2-1750,,,,['V2_POS1_SL'],d86914fa-696d-4dea-a761-bf4c09ee6508,1744012800000000000,1744012980000000000,1.10174,DEFAULT,,,,,
O-20250407-080000-001-V2-1752,BACKTESTER-001,MLSignalStrategyV2-V2,EUR/USD.IDEALPRO,IDEALPRO-1-1752,EUR/USD.IDEALPRO-MLSignalStrategyV2-V2,IDEALPRO-001,,LIMIT,BUY,100000.00,GTC,True,False,0.00,NO_LIQUIDITY_SIDE,,,,NO_TRIGGER,CANCELED,OUO,OL-20250407-080000-001-V2-584,['O-20250407-080000-001-V2-1751'],O-20250407-080000-001-V2-1750,,,,['V2_POS1_TP'],cd879c80-93b7-4058-a8ef-84c5bbdfd222,1744012800000000000,1744012980000000000,,,,,1.09840,False,
O-20250407-103000-001-V2-1753,BACKTESTER-001,MLSignalStrategyV2-V2,EUR/USD.IDEALPRO,IDEALPRO-1-1753,EUR/USD.IDEALPRO-MLSignalStrategyV2-V2,IDEALPRO-001,IDEALPRO-1-193498,MARKET,SELL,100000.00,GTC,False,False,100000.00,TAKER,1.09852,0.0,['2.20 USD'],NO_TRIGGER,FILLED,OTO,OL-20250407-103000-001-V2-585,"['O-20250407-103000-001-V2-1754', 'O-20250407-103000-001-V2-1755']",,,,,['V2_POS1'],78f81ba3-6218-4640-b1c4-b63f13c6292c,1744021800000000000,1744021800000000000,,,,,,,
O-20250407-103000-001-V2-1754,BACKTESTER-001,MLSignalStrategyV2-V2,EUR/USD.IDEALPRO,IDEALPRO-1-1754,EUR/USD.IDEALPRO-MLSignalStrategyV2-V2,IDEALPRO-001,,STOP_MARKET,BUY,100000.00,GTC,True,False,0.00,NO_LIQUIDITY_SIDE,,,,NO_TRIGGER,CANCELED,OUO,OL-20250407-103000-001-V2-585,['O-20250407-103000-001-V2-1755'],O-20250407-103000-001-V2-1753,,,,['V2_POS1_SL'],61ed26cc-5790-4ba6-8371-f66c87b1c2c1,1744021800000000000,1744022760000000000,1.10012,DEFAULT,,,,,
O-20250407-103000-001-V2-1755,BACKTESTER-001,MLSignalStrategyV2-V2,EUR/USD.IDEALPRO,IDEALPRO-1-1755,EUR/USD.IDEALPRO-MLSignalStrategyV2-V2,IDEALPRO-001,IDEALPRO-1-193531,LIMIT,BUY,100000.00,GTC,True,False,100000.00,MAKER,1.09686,-8.000000000008001e-05,['2.19 USD'],NO_TRIGGER,FILLED,OUO,OL-20250407-103000-001-V2-585,['O-20250407-103000-001-V2-1754'],O-20250407-103000-001-V2-1753,,,,['V2_POS1_TP'],c897e0ed-eca4-4a60-9cad-865349e9663e,1744021800000000000,1744022760000000000,,,,,1.09694,False,
O-20250407-110000-001-V2-1756,BACKTESTER-001,MLSignalStrategyV2-V2,EUR/USD.IDEALPRO,IDEALPRO-1-1756,EUR/USD.IDEALPRO-MLSignalStrategyV2-V2,IDEALPRO-001,IDEALPRO-1-193561,MARKET,SELL,100000.00,GTC,False,False,100000.00,TAKER,1.09588,0.0,['2.19 USD'],NO_TRIGGER,FILLED,OTO,OL-20250407-110000-001-V2-586,"['O-20250407-110000-001-V2-1757', 'O-20250407-110000-001-V2-1758']",,,,,['V2_POS1'],dd22a35e-4fa0-4d36-bbf6-2e5eae87655a,1744023600000000000,1744023600000000000,,,,,,,
O-20250407-110000-001-V2-1757,BACKTESTER-001,MLSignalStrategyV2-V2,EUR/USD.IDEALPRO,IDEALPRO-1-1757,EUR/USD.IDEALPRO-MLSignalStrategyV2-V2,IDEALPRO-001,,STOP_MARKET,BUY,100000.00,GTC,True,False,0.00,NO_LIQUIDITY_SIDE,,,,NO_TRIGGER,CANCELED,OUO,OL-20250407-110000-001-V2-586,['O-20250407-110000-001-V2-1758'],O-20250407-110000-001-V2-1756,,,,['V2_POS1_SL'],1cb476b9-a9dc-4037-a15e-60529a78569c,1744023600000000000,1744024920000000000,1.09740,DEFAULT,,,,,
O-20250407-110000-001-V2-1758,BACKTESTER-001,MLSignalStrategyV2-V2,EUR/USD.IDEALPRO,IDEALPRO-1-1758,EUR/USD.IDEALPRO-MLSignalStrategyV2-V2,IDEALPRO-001,IDEALPRO-1-193605,LIMIT,BUY,100000.00,GTC,True,False,100000.00,MAKER,1.09422,-0.000140000000000029,['2.19 USD'],NO_TRIGGER,FILLED,OUO,OL-20250407-110000-001-V2-586,['O-20250407-110000-001-V2-1757'],O-20250407-110000-001-V2-1756,,,,['V2_POS1_TP'],f182eb98-ff1f-4af6-a1ab-e42010187db4,1744023600000000000,1744024920000000000,,,,,1.09436,False,
O-20250407-113000-001-V2-1759,BACKTESTER-001,MLSignalStrategyV2-V2,EUR/USD.IDEALPRO,IDEALPRO-1-1759,EUR/USD.IDEALPRO-MLSignalStrategyV2-V2,IDEALPRO-001,IDEALPRO-1-193622,MARKET,BUY,100000.00,GTC,False,False,100000.00,TAKER,1.09442,0.0,['2.19 USD'],NO_TRIGGER,FILLED,OTO,OL-20250407-113000-001-V2-587,"['O-20250407-113000-001-V2-1760', 'O-20250407-113000-001-V2-1761']",,,,,['V2_POS1'],d079ed0b-6785-4814-8d2c-80eb73e3d0a0,1744025400000000000,1744025400000000000,,,,,,,
O-20250407-113000-001-V2-1760,BACKTESTER-001,MLSignalStrategyV2-V2,EUR/USD.IDEALPRO,IDEALPRO-1-1760,EUR/USD.IDEALPRO-MLSignalStrategyV2-V2,IDEALPRO-001,,STOP_MARKET,SELL,100000.00,GTC,True,False,0.00,NO_LIQUIDITY_SIDE,,,,NO_TRIGGER,CANCELED,OUO,OL-20250407-113000-001-V2-587,['O-20250407-113000-001-V2-1761'],O-20250407-113000-001-V2-1759,,,,['V2_POS1_SL'],18879752-d24c-4f0a-a372-b06be0014ba6,1744025400000000000,1744026720000000000,1.09291,DEFAULT,,,,,
O-20250407-113000-001-V2-1761,BACKTESTER-001,MLSignalStrategyV2-V2,EUR/USD.IDEALPRO,IDEALPRO-1-1761,EUR/USD.IDEALPRO-MLSignalStrategyV2-V2,IDEALPRO-001,IDEALPRO-1-193667,LIMIT,SELL,100000.00,GTC,True,False,100000.00,MAKER,1.09631,-0.00039999999999995595,['2.19 USD'],NO_TRIGGER,FILLED,OUO,OL-20250407-113000-001-V2-587,['O-20250407-113000-001-V2-1760'],O-20250407-113000-001-V2-1759,,,,['V2_POS1_TP'],08a4d774-5e67-4a9d-b779-857ca925c636,1744025400000000000,1744026720000000000,,,,,1.09591,False,
O-20250407-124500-001-V2-1762,BACKTESTER-001,MLSignalStrategyV2-V2,EUR/USD.IDEALPRO,IDEALPRO-1-1762,EUR/USD.IDEALPRO-MLSignalStrategyV2-V2,IDEALPRO-001,IDEALPRO-1-193774,MARKET,SELL,100000.00,GTC,False,False,100000.00,TAKER,1.09718,0.0,['2.19 USD'],NO_TRIGGER,FILLED,OTO,OL-20250407-124500-001-V2-588,"['O-20250407-124500-001-V2-1763', 'O-20250407-124500-001-V2-1764']",,,,,['V2_POS1'],ff503280-5343-4514-8af4-55b56f7d08d2,1744029900000000000,1744029900000000000,,,,,,,
O-20250407-124500-001-V2-1763,BACKTESTER-001,MLSignalStrategyV2-V2,EUR/USD.IDEALPRO,IDEALPRO-1-1763,EUR/USD.IDEALPRO-MLSignalStrategyV2-V2,IDEALPRO-001,IDEALPRO-1-193791,STOP_MARKET,BUY,100000.00,GTC,True,False,100000.00,TAKER,1.09917,0.0003500000000000725,['2.20 USD'],NO_TRIGGER,FILLED,OUO,OL-20250407-124500-001-V2-588,['O-20250407-124500-001-V2-1764'],O-20250407-124500-001-V2-1762,,,,['V2_POS1_SL'],a09c1578-28a9-40d7-8db0-31f2f677245b,1744029900000000000,1744030380000000000,1.09882,DEFAULT,,,,,
O-20250407-124500-001-V2-1764,BACKTESTER-001,MLSignalStrategyV2-V2,EUR/USD.IDEALPRO,IDEALPRO-1-1764,EUR/USD.IDEALPRO-MLSignalStrategyV2-V2,IDEALPRO-001,,LIMIT,BUY,100000.00,GTC,True,False,0.00,NO_LIQUIDITY_SIDE,,,,NO_TRIGGER,CANCELED,OUO,OL-20250407-124500-001-V2-588,['O-20250407-124500-001-V2-1763'],O-20250407-124500-001-V2-1762,,,,['V2_POS1_TP'],5fa93b63-ef68-46ec-93a8-7f181a9cc1e2,1744029900000000000,1744030380000000000,,,,,1.09556,False,
O-20250407-130000-001-V2-1765,BACKTESTER-001,MLSignalStrategyV2-V2,EUR/USD.IDEALPRO,IDEALPRO-1-1765,EUR/USD.IDEALPRO-MLSignalStrategyV2-V2,IDEALPRO-001,IDEALPRO-1-193806,MARKET,SELL,100000.00,GTC,False,False,100000.00,TAKER,1.09738,0.0,['2.19 USD'],NO_TRIGGER,FILLED,OTO,OL-20250407-130000-001-V2-589,"['O-20250407-130000-001-V2-1766', 'O-20250407-130000-001-V2-1767']",,,,,['V2_POS1'],3c6ef7cc-9c84-4ac7-8113-6b57a492acf1,1744030800000000000,1744030800000000000,,,,,,,
O-20250407-130000-001-V2-1766,BACKTESTER-001,MLSignalStrategyV2-V2,EUR/USD.IDEALPRO,IDEALPRO-1-1766,EUR/USD.IDEALPRO-MLSignalStrategyV2-V2,IDEALPRO-001,,STOP_MARKET,BUY,100000.00,GTC,True,False,0.00,NO_LIQUIDITY_SIDE,,,,NO_TRIGGER,CANCELED,OUO,OL-20250407-130000-001-V2-589,['O-20250407-130000-001-V2-1767'],O-20250407-130000-001-V2-1765,,,,['V2_POS1_SL'],561ae452-6cd8-4351-b182-6d831cba8146,1744030800000000000,1744032300000000000,1.09909,DEFAULT,,,,,
O-20250407-130000-001-V2-1767,BACKTESTER-001,MLSignalStrategyV2-V2,EUR/USD.IDEALPRO,IDEALPRO-1-1767,EUR/USD.IDEALPRO-MLSignalStrategyV2-V2,IDEALPRO-001,IDEALPRO-1-193857,LIMIT,BUY,100000.00,GTC,True,False,100000.00,MAKER,1.09567,0.0,['2.19 USD'],NO_TRIGGER,FILLED,OUO,OL-20250407-130000-001-V2-589,['O-20250407-130000-001-V2-1766'],O-20250407-130000-001-V2-1765,,,,['V2_POS1_TP'],91853ff5-1422-4e4a-88e6-a4ae8b6a35af,1744030800000000000,1744032300000000000,,,,,1.09567,False,
O-20250407-133000-001-V2-1768,BACKTESTER-001,MLSignalStrategyV2-V2,EUR/USD.IDEALPRO,IDEALPRO-1-1768,EUR/USD.IDEALPRO-MLSignalStrategyV2-V2,IDEALPRO-001,IDEALPRO-1-193868,MARKET,SELL,100000.00,GTC,False,False,100000.00,TAKER,1.09669,0.0,['2.19 USD'],NO_TRIGGER,FILLED,OTO,OL-20250407-133000-001-V2-590,"['O-20250407-133000-001-V2-1769', 'O-20250407-133000-001-V2-1770']",,,,,['V2_POS1'],628e5159-aa11-4b89-8754-34603f4adb79,1744032600000000000,1744032600000000000,,,,,,,
O-20250407-133000-001-V2-1769,BACKTESTER-001,MLSignalStrategyV2-V2,EUR/USD.IDEALPRO,IDEALPRO-1-1769,EUR/USD.IDEALPRO-MLSignalStrategyV2-V2,IDEALPRO-001,,STOP_MARKET,BUY,100000.00,GTC,True,False,0.00,NO_LIQUIDITY_SIDE,,,,NO_TRIGGER,CANCELED,OUO,OL-20250407-133000-001-V2-590,['O-20250407-133000-001-V2-1770'],O-20250407-133000-001-V2-1768,,,,['V2_POS1_SL'],b67ad282-ebb4-4d63-bd2c-6fb6d4d6d8d9,1744032600000000000,1744033620000000000,1.09829,DEFAULT,,,,,
O-20250407-133000-001-V2-1770,BACKTESTER-001,MLSignalStrategyV2-V2,EUR/USD.IDEALPRO,IDEALPRO-1-1770,EUR/USD.IDEALPRO-MLSignalStrategyV2-V2,IDEALPRO-001,IDEALPRO-1-193903,LIMIT,BUY,100000.00,GTC,True,False,100000.00,MAKER,1.09486,-0.00022999999999995246,['2.19 USD'],NO_TRIGGER,FILLED,OUO,OL-20250407-133000-001-V2-590,['O-20250407-133000-001-V2-1769'],O-20250407-133000-001-V2-1768,,,,['V2_POS1_TP'],40b79657-21f8-4009-959f-07b541bf58a1,1744032600000000000,1744033620000000000,,,,,1.09509,False,
O-20250407-140000-001-V2-1771,BACKTESTER-001,MLSignalStrategyV2-V2,EUR/USD.IDEALPRO,IDEALPRO-1-1771,EUR/USD.IDEALPRO-MLSignalStrategyV2-V2,IDEALPRO-001,IDEALPRO-1-193930,MARKET,SELL,100000.00,GTC,False,False,100000.00,TAKER,1.09415,0.0,['2.19 USD'],NO_TRIGGER,FILLED,OTO,OL-20250407-140000-001-V2-591,"['O-20250407-140000-001-V2-1772', 'O-20250407-140000-001-V2-1773']",,,,,['V2_POS1'],6ef80eae-1e40-47bc-a5ee-0f90ca90b798,1744034400000000000,1744034400000000000,,,,,,,
O-20250407-140000-001-V2-1772,BACKTESTER-001,MLSignalStrategyV2-V2,EUR/USD.IDEALPRO,IDEALPRO-1-1772,EUR/USD.IDEALPRO-MLSignalStrategyV2-V2,IDEALPRO-001,IDEALPRO-1-193953,STOP_MARKET,BUY,100000.00,GTC,True,False,100000.00,TAKER,1.09726,0.0015299999999998093,['2.19 USD'],NO_TRIGGER,FILLED,OUO,OL-20250407-140000-001-V2-591,['O-20250407-140000-001-V2-1773'],O-20250407-140000-001-V2-1771,,,,['V2_POS1_SL'],8acfcb36-95c7-4c20-9b86-3e5e920c3059,1744034400000000000,1744035060000000000,1.09573,DEFAULT,,,,,
O-20250407-140000-001-V2-1773,BACKTESTER-001,MLSignalStrategyV2-V2,EUR/USD.IDEALPRO,IDEALPRO-1-1773,EUR/USD.IDEALPRO-MLSignalStrategyV2-V2,IDEALPRO-001,,LIMIT,BUY,100000.00,GTC,True,False,0.00,NO_LIQUIDITY_SIDE,,,,NO_TRIGGER,CANCELED,OUO,OL-20250407-140000-001-V2-591,['O-20250407-140000-001-V2-1772'],O-20250407-140000-001-V2-1771,,,,['V2_POS1_TP'],45c096e5-7c42-4491-9fb0-d523ab518413,1744034400000000000,1744035060000000000,,,,,1.09257,False,
O-20250407-141500-001-V2-1774,BACKTESTER-001,MLSignalStrategyV2-V2,EUR/USD.IDEALPRO,IDEALPRO-1-1774,EUR/USD.IDEALPRO-MLSignalStrategyV2-V2,IDEALPRO-001,IDEALPRO-1-193962,MARKET,SELL,100000.00,GTC,False,False,100000.00,TAKER,1.09644,0.0,['2.19 USD'],NO_TRIGGER,FILLED,OTO,OL-20250407-141500-001-V2-592,"['O-20250407-141500-001-V2-1775', 'O-20250407-141500-001-V2-1776']",,,,,['V2_POS1'],dd6f0f87-301e-460a-a731-d76f98a662da,1744035300000000000,1744035300000000000,,,,,,,
O-20250407-141500-001-V2-1775,BACKTESTER-001,MLSignalStrategyV2-V2,EUR/USD.IDEALPRO,IDEALPRO-1-1775,EUR/USD.IDEALPRO-MLSignalStrategyV2-V2,IDEALPRO-001,,STOP_MARKET,BUY,100000.00,GTC,True,False,0.00,NO_LIQUIDITY_SIDE,,,,NO_TRIGGER,CANCELED,OUO,OL-20250407-141500-001-V2-592,['O-20250407-141500-001-V2-1776'],O-20250407-141500-001-V2-1774,,,,['V2_POS1_SL'],d9fd54b3-6ba8-458a-a2b5-fb8c1d15bb5a,1744035300000000000,1744035960000000000,1.09817,DEFAULT,,,,,
O-20250407-141500-001-V2-1776,BACKTESTER-001,MLSignalStrategyV2-V2,EUR/USD.IDEALPRO,IDEALPRO-1-1776,EUR/USD.IDEALPRO-MLSignalStrategyV2-V2,IDEALPRO-001,IDEALPRO-1-193985,LIMIT,BUY,100000.00,GTC,True,False,100000.00,MAKER,1.09368,-0.0010300000000000864,['2.19 USD'],NO_TRIGGER,FILLED,OUO,OL-20250407-141500-001-V2-592,['O-20250407-141500-001-V2-1775'],O-20250407-141500-001-V2-1774,,,,['V2_POS1_TP'],3cf23cf6-2093-4d71-ba61-e13cbb5ffa8b,1744035300000000000,1744035960000000000,,,,,1.09471,False,
O-20250407-171500-001-V2-1777,BACKTESTER-001,MLSignalStrategyV2-V2,EUR/USD.IDEALPRO,IDEALPRO-1-1777,EUR/USD.IDEALPRO-MLSignalStrategyV2-V2,IDEALPRO-001,IDEALPRO-1-194324,MARKET,SELL,100000.00,GTC,False,False,100000.00,TAKER,1.09366,0.0,['2.19 USD'],NO_TRIGGER,FILLED,OTO,OL-20250407-171500-001-V2-593,"['O-20250407-171500-001-V2-1778', 'O-20250407-171500-001-V2-1779']",,,,,['V2_POS1'],acfa7c63-401e-440d-9db3-b74f1d3f2c8a,1744046100000000000,1744046100000000000,,,,,,,
O-20250407-171500-001-V2-1778,BACKTESTER-001,MLSignalStrategyV2-V2,EUR/USD.IDEALPRO,IDEALPRO-1-1778,EUR/USD.IDEALPRO-MLSignalStrategyV2-V2,IDEALPRO-001,IDEALPRO-1-194433,STOP_MARKET,BUY,100000.00,GTC,True,False,100000.00,TAKER,1.09528,2.0000000000131024e-05,['2.19 USD'],NO_TRIGGER,FILLED,OUO,OL-20250407-171500-001-V2-593,['O-20250407-171500-001-V2-1779'],O-20250407-171500-001-V2-1777,,,,['V2_POS1_SL'],4453ab2b-41f8-4a45-b6b3-2d50c40e265a,1744046100000000000,1744049340000000000,1.09526,DEFAULT,,,,,
O-20250407-171500-001-V2-1779,BACKTESTER-001,MLSignalStrategyV2-V2,EUR/USD.IDEALPRO,IDEALPRO-1-1779,EUR/USD.IDEALPRO-MLSignalStrategyV2-V2,IDEALPRO-001,,LIMIT,BUY,100000.00,GTC,True,False,0.00,NO_LIQUIDITY_SIDE,,,,NO_TRIGGER,CANCELED,OUO,OL-20250407-171500-001-V2-593,['O-20250407-171500-001-V2-1778'],O-20250407-171500-001-V2-1777,,,,['V2_POS1_TP'],bc70d470-4f6b-4f14-9a4d-12ba3f60f01c,1744046100000000000,1744049340000000000,,,,,1.09208,False,
O-20250407-204500-001-V2-1780,BACKTESTER-001,MLSignalStrategyV2-V2,EUR/USD.IDEALPRO,IDEALPRO-1-1780,EUR/USD.IDEALPRO-MLSignalStrategyV2-V2,IDEALPRO-001,IDEALPRO-1-194746,MARKET,BUY,100000.00,GTC,False,False,100000.00,TAKER,1.09058,0.0,['2.18 USD'],NO_TRIGGER,FILLED,OTO,OL-20250407-204500-001-V2-594,"['O-20250407-204500-001-V2-1781', 'O-20250407-204500-001-V2-1782']",,,,,['V2_POS1'],a18820d6-e351-4783-b267-26cce0b4de5c,1744058700000000000,1744058700000000000,,,,,,,
O-20250407-204500-001-V2-1781,BACKTESTER-001,MLSignalStrategyV2-V2,EUR/USD.IDEALPRO,IDEALPRO-1-1781,EUR/USD.IDEALPRO-MLSignalStrategyV2-V2,IDEALPRO-001,,STOP_MARKET,SELL,100000.00,GTC,True,False,0.00,NO_LIQUIDITY_SIDE,,,,NO_TRIGGER,CANCELED,OUO,OL-20250407-204500-001-V2-594,['O-20250407-204500-001-V2-1782'],O-20250407-204500-001-V2-1780,,,,['V2_POS1_SL'],26057424-be06-4e0b-bce3-1c05d54e8704,1744058700000000000,1744063320000000000,1.08941,DEFAULT,,,,,
O-20250407-204500-001-V2-1782,BACKTESTER-001,MLSignalStrategyV2-V2,EUR/USD.IDEALPRO,IDEALPRO-1-1782,EUR/USD.IDEALPRO-MLSignalStrategyV2-V2,IDEALPRO-001,IDEALPRO-1-194871,LIMIT,SELL,100000.00,GTC,True,False,100000.00,MAKER,1.09192,-0.00017000000000000348,['2.18 USD'],NO_TRIGGER,FILLED,OUO,OL-20250407-204500-001-V2-594,['O-20250407-204500-001-V2-1781'],O-20250407-204500-001-V2-1780,,,,['V2_POS1_TP'],b5a6d5e0-1ccb-4a4d-b12b-6cb3f87b76d4,1744058700000000000,1744063320000000000,,,,,1.09175,False,
O-20250407-221500-001-V2-1783,BACKTESTER-001,MLSignalStrategyV2-V2,EUR/USD.IDEALPRO,IDEALPRO-1-1783,EUR/USD.IDEALPRO-MLSignalStrategyV2-V2,IDEALPRO-001,IDEALPRO-1-194899,MARKET,BUY,100000.00,GTC,False,False,100000.00,TAKER,1.09136,0.0,['2.18 USD'],NO_TRIGGER,FILLED,OTO,OL-20250407-221500-001-V2-595,"['O-20250407-221500-001-V2-1784', 'O-20250407-221500-001-V2-1785']",,,,,['V2_POS1'],a060beaf-b12a-449d-8c75-441a53f5a487,1744064100000000000,1744064100000000000,,,,,,,
O-20250407-221500-001-V2-1784,BACKTESTER-001,MLSignalStrategyV2-V2,EUR/USD.IDEALPRO,IDEALPRO-1-1784,EUR/USD.IDEALPRO-MLSignalStrategyV2-V2,IDEALPRO-001,,STOP_MARKET,SELL,100000.00,GTC,True,False,0.00,NO_LIQUIDITY_SIDE,,,,NO_TRIGGER,CANCELED,OUO,OL-20250407-221500-001-V2-595,['O-20250407-221500-001-V2-1785'],O-20250407-221500-001-V2-1783,,,,['V2_POS1_SL'],38f33082-a4b9-4f39-b0fd-c69a15d80c43,1744064100000000000,1744070520000000000,1.09050,DEFAULT,,,,,
O-20250407-221500-001-V2-1785,BACKTESTER-001,MLSignalStrategyV2-V2,EUR/USD.IDEALPRO,IDEALPRO-1-1785,EUR/USD.IDEALPRO-MLSignalStrategyV2-V2,IDEALPRO-001,IDEALPRO-1-195113,LIMIT,SELL,100000.00,GTC,True,False,100000.00,MAKER,1.09239,-0.00017000000000000348,['2.18 USD'],NO_TRIGGER,FILLED,OUO,OL-20250407-221500-001-V2-595,['O-20250407-221500-001-V2-1784'],O-20250407-221500-001-V2-1783,,,,['V2_POS1_TP'],4940107f-0bbf-4501-9cfe-b7d8a2aa0186,1744064100000000000,1744070520000000000,,,,,1.09222,False,
O-20250408-001500-001-V2-1786,BACKTESTER-001,MLSignalStrategyV2-V2,EUR/USD.IDEALPRO,IDEALPRO-1-1786,EUR/USD.IDEALPRO-MLSignalStrategyV2-V2,IDEALPRO-001,IDEALPRO-1-195140,MARKET,BUY,100000.00,GTC,False,False,100000.00,TAKER,1.09257,0.0,['2.19 USD'],NO_TRIGGER,FILLED,OTO,OL-20250408-001500-001-V2-596,"['O-20250408-001500-001-V2-1787', 'O-20250408-001500-001-V2-1788']",,,,,['V2_POS1'],8c3a34a8-d934-48c5-a60a-6cdd1b438fa0,1744071300000000000,1744071300000000000,,,,,,,
O-20250408-001500-001-V2-1787,BACKTESTER-001,MLSignalStrategyV2-V2,EUR/USD.IDEALPRO,IDEALPRO-1-1787,EUR/USD.IDEALPRO-MLSignalStrategyV2-V2,IDEALPRO-001,,STOP_MARKET,SELL,100000.00,GTC,True,False,0.00,NO_LIQUIDITY_SIDE,,,,NO_TRIGGER,CANCELED,OUO,OL-20250408-001500-001-V2-596,['O-20250408-001500-001-V2-1788'],O-20250408-001500-001-V2-1786,,,,['V2_POS1_SL'],ae78aa76-15d2-49fd-820b-53d02e340658,1744071300000000000,1744071960000000000,1.09192,DEFAULT,,,,,
O-20250408-001500-001-V2-1788,BACKTESTER-001,MLSignalStrategyV2-V2,EUR/USD.IDEALPRO,IDEALPRO-1-1788,EUR/USD.IDEALPRO-MLSignalStrategyV2-V2,IDEALPRO-001,IDEALPRO-1-195163,LIMIT,SELL,100000.00,GTC,True,False,100000.00,MAKER,1.09328,-5.999999999994898e-05,['2.19 USD'],NO_TRIGGER,FILLED,OUO,OL-20250408-001500-001-V2-596,['O-20250408-001500-001-V2-1787'],O-20250408-001500-001-V2-1786,,,,['V2_POS1_TP'],4b366617-49fe-450d-9bc0-724060f59e5c,1744071300000000000,1744071960000000000,,,,,1.09322,False,
O-20250408-003000-001-V2-1789,BACKTESTER-001,MLSignalStrategyV2-V2,EUR/USD.IDEALPRO,IDEALPRO-1-1789,EUR/USD.IDEALPRO-MLSignalStrategyV2-V2,IDEALPRO-001,IDEALPRO-1-195172,MARKET,BUY,100000.00,GTC,False,False,100000.00,TAKER,1.09352,0.0,['2.19 USD'],NO_TRIGGER,FILLED,OTO,OL-20250408-003000-001-V2-597,"['O-20250408-003000-001-V2-1790', 'O-20250408-003000-001-V2-1791']",,,,,['V2_POS1'],99ffd802-4756-4689-9568-a6a7e1851385,1744072200000000000,1744072200000000000,,,,,,,
O-20250408-003000-001-V2-1790,BACKTESTER-001,MLSignalStrategyV2-V2,EUR/USD.IDEALPRO,IDEALPRO-1-1790,EUR/USD.IDEALPRO-MLSignalStrategyV2-V2,IDEALPRO-001,,STOP_MARKET,SELL,100000.00,GTC,True,False,0.00,NO_LIQUIDITY_SIDE,,,,NO_TRIGGER,CANCELED,OUO,OL-20250408-003000-001-V2-597,['O-20250408-003000-001-V2-1791'],O-20250408-003000-001-V2-1789,,,,['V2_POS1_SL'],c834f925-95af-4df2-b256-e15a59f50529,1744072200000000000,1744072740000000000,1.09281,DEFAULT,,,,,
O-20250408-003000-001-V2-1791,BACKTESTER-001,MLSignalStrategyV2-V2,EUR/USD.IDEALPRO,IDEALPRO-1-1791,EUR/USD.IDEALPRO-MLSignalStrategyV2-V2,IDEALPRO-001,IDEALPRO-1-195191,LIMIT,SELL,100000.00,GTC,True,False,100000.00,MAKER,1.09424,-1.0000000000065512e-05,['2.19 USD'],NO_TRIGGER,FILLED,OUO,OL-20250408-003000-001-V2-597,['O-20250408-003000-001-V2-1790'],O-20250408-003000-001-V2-1789,,,,['V2_POS1_TP'],ab499d47-c29e-4ead-978b-abd4d0cc7df5,1744072200000000000,1744072740000000000,,,,,1.09423,False,
O-20250408-004500-001-V2-1792,BACKTESTER-001,MLSignalStrategyV2-V2,EUR/USD.IDEALPRO,IDEALPRO-1-1792,EUR/USD.IDEALPRO-MLSignalStrategyV2-V2,IDEALPRO-001,IDEALPRO-1-195204,MARKET,BUY,100000.00,GTC,False,False,100000.00,TAKER,1.09421,0.0,['2.19 USD'],NO_TRIGGER,FILLED,OTO,OL-20250408-004500-001-V2-598,"['O-20250408-004500-001-V2-1793', 'O-20250408-004500-001-V2-1794']",,,,,['V2_POS1'],caa8bb90-46a8-41e5-8230-84eac771a39a,1744073100000000000,1744073100000000000,,,,,,,
O-20250408-004500-001-V2-1793,BACKTESTER-001,MLSignalStrategyV2-V2,EUR/USD.IDEALPRO,IDEALPRO-1-1793,EUR/USD.IDEALPRO-MLSignalStrategyV2-V2,IDEALPRO-001,,STOP_MARKET,SELL,100000.00,GTC,True,False,0.00,NO_LIQUIDITY_SIDE,,,,NO_TRIGGER,CANCELED,OUO,OL-20250408-004500-001-V2-598,['O-20250408-004500-001-V2-1794'],O-20250408-004500-001-V2-1792,,,,['V2_POS1_SL'],8f1720c1-e224-42f3-9c79-d8b91f0a4cb0,1744073100000000000,1744073640000000000,1.09346,DEFAULT,,,,,
O-20250408-004500-001-V2-1794,BACKTESTER-001,MLSignalStrategyV2-V2,EUR/USD.IDEALPRO,IDEALPRO-1-1794,EUR/USD.IDEALPRO-MLSignalStrategyV2-V2,IDEALPRO-001,IDEALPRO-1-195223,LIMIT,SELL,100000.00,GTC,True,False,100000.00,MAKER,1.09502,-6.000000000017103e-05,['2.19 USD'],NO_TRIGGER,FILLED,OUO,OL-20250408-004500-001-V2-598,['O-20250408-004500-001-V2-1793'],O-20250408-004500-001-V2-1792,,,,['V2_POS1_TP'],233baf69-5aa7-460e-ab69-e763fe60e93f,1744073100000000000,1744073640000000000,,,,,1.09496,False,
O-20250408-011500-001-V2-1795,BACKTESTER-001,MLSignalStrategyV2-V2,EUR/USD.IDEALPRO,IDEALPRO-1-1795,EUR/USD.IDEALPRO-MLSignalStrategyV2-V2,IDEALPRO-001,IDEALPRO-1-195266,MARKET,BUY,100000.00,GTC,False,False,100000.00,TAKER,1.09463,0.0,['2.19 USD'],NO_TRIGGER,FILLED,OTO,OL-20250408-011500-001-V2-599,"['O-20250408-011500-001-V2-1796', 'O-20250408-011500-001-V2-1797']",,,,,['V2_POS1'],4ff4c4a9-9df0-4a39-a97f-33648fa16e19,1744074900000000000,1744074900000000000,,,,,,,
O-20250408-011500-001-V2-1796,BACKTESTER-001,MLSignalStrategyV2-V2,EUR/USD.IDEALPRO,IDEALPRO-1-1796,EUR/USD.IDEALPRO-MLSignalStrategyV2-V2,IDEALPRO-001,,STOP_MARKET,SELL,100000.00,GTC,True,False,0.00,NO_LIQUIDITY_SIDE,,,,NO_TRIGGER,CANCELED,OUO,OL-20250408-011500-001-V2-599,['O-20250408-011500-001-V2-1797'],O-20250408-011500-001-V2-1795,,,,['V2_POS1_SL'],cb13a331-061b-4515-b66f-830d224658ec,1744074900000000000,1744075980000000000,1.09380,DEFAULT,,,,,
O-20250408-011500-001-V2-1797,BACKTESTER-001,MLSignalStrategyV2-V2,EUR/USD.IDEALPRO,IDEALPRO-1-1797,EUR/USD.IDEALPRO-MLSignalStrategyV2-V2,IDEALPRO-001,IDEALPRO-1-195303,LIMIT,SELL,100000.00,GTC,True,False,100000.00,MAKER,1.09553,-6.999999999979245e-05,['2.19 USD'],NO_TRIGGER,FILLED,OUO,OL-20250408-011500-001-V2-599,['O-20250408-011500-001-V2-1796'],O-20250408-011500-001-V2-1795,,,,['V2_POS1_TP'],a351ba8e-964b-417e-aa10-e0e3a7864f85,1744074900000000000,1744075980000000000,,,,,1.09546,False,
O-20250408-014500-001-V2-1798,BACKTESTER-001,MLSignalStrategyV2-V2,EUR/USD.IDEALPRO,IDEALPRO-1-1798,EUR/USD.IDEALPRO-MLSignalStrategyV2-V2,IDEALPRO-001,IDEALPRO-1-195328,MARKET,BUY,100000.00,GTC,False,False,100000.00,TAKER,1.09597,0.0,['2.19 USD'],NO_TRIGGER,FILLED,OTO,OL-20250408-014500-001-V2-600,"['O-20250408-014500-001-V2-1799', 'O-20250408-014500-001-V2-1800']",,,,,['V2_POS1'],15e78069-28c3-4c9d-8352-f7283f016a4a,1744076700000000000,1744076700000000000,,,,,,,
O-20250408-014500-001-V2-1799,BACKTESTER-001,MLSignalStrategyV2-V2,EUR/USD.IDEALPRO,IDEALPRO-1-1799,EUR/USD.IDEALPRO-MLSignalStrategyV2-V2,IDEALPRO-001,,STOP_MARKET,SELL,100000.00,GTC,True,False,0.00,NO_LIQUIDITY_SIDE,,,,NO_TRIGGER,CANCELED,OUO,OL-20250408-014500-001-V2-600,['O-20250408-014500-001-V2-1800'],O-20250408-014500-001-V2-1798,,,,['V2_POS1_SL'],51dfcea7-179f-4a46-a58e-d73eb243a921,1744076700000000000,1744078740000000000,1.09506,DEFAULT,,,,,
O-20250408-014500-001-V2-1800,BACKTESTER-001,MLSignalStrategyV2-V2,EUR/USD.IDEALPRO,IDEALPRO-1-1800,EUR/USD.IDEALPRO-MLSignalStrategyV2-V2,IDEALPRO-001,IDEALPRO-1-195397,LIMIT,SELL,100000.00,GTC,True,False,100000.00,MAKER,1.09689,-9.999999999843467e-06,['2.19 USD'],NO_TRIGGER,FILLED,OUO,OL-20250408-014500-001-V2-600,['O-20250408-014500-001-V2-1799'],O-20250408-014500-001-V2-1798,,,,['V2_POS1_TP'],e6dba690-76da-4e66-9514-6859d6a2c914,1744076700000000000,1744078740000000000,,,,,1.09688,False,
O-20250408-081500-001-V2-1801,BACKTESTER-001,MLSignalStrategyV2-V2,EUR/USD.IDEALPRO,IDEALPRO-1-1801,EUR/USD.IDEALPRO-MLSignalStrategyV2-V2,IDEALPRO-001,IDEALPRO-1-196110,MARKET,SELL,100000.00,GTC,False,False,100000.00,TAKER,1.09404,0.0,['2.19 USD'],NO_TRIGGER,FILLED,OTO,OL-20250408-081500-001-V2-601,"['O-20250408-081500-001-V2-1802', 'O-20250408-081500-001-V2-1803']",,,,,['V2_POS1'],66843d81-1464-44cd-93eb-d228acce67af,1744100100000000000,1744100100000000000,,,,,,,
O-20250408-081500-001-V2-1802,BACKTESTER-001,MLSignalStrategyV2-V2,EUR/USD.IDEALPRO,IDEALPRO-1-1802,EUR/USD.IDEALPRO-MLSignalStrategyV2-V2,IDEALPRO-001,,STOP_MARKET,BUY,100000.00,GTC,True,False,0.00,NO_LIQUIDITY_SIDE,,,,NO_TRIGGER,CANCELED,OUO,OL-20250408-081500-001-V2-601,['O-20250408-081500-001-V2-1803'],O-20250408-081500-001-V2-1801,,,,['V2_POS1_SL'],d2888e66-35b0-40a1-bd6d-bde15c55ba07,1744100100000000000,1744103280000000000,1.09543,DEFAULT,,,,,
O-20250408-081500-001-V2-1803,BACKTESTER-001,MLSignalStrategyV2-V2,EUR/USD.IDEALPRO,IDEALPRO-1-1803,EUR/USD.IDEALPRO-MLSignalStrategyV2-V2,IDEALPRO-001,IDEALPRO-1-196217,LIMIT,BUY,100000.00,GTC,True,False,100000.00,MAKER,1.09266,1.0000000000065512e-05,['2.19 USD'],NO_TRIGGER,FILLED,OUO,OL-20250408-081500-001-V2-601,['O-20250408-081500-001-V2-1802'],O-20250408-081500-001-V2-1801,,,,['V2_POS1_TP'],41d934c5-cfe7-4e60-b13c-9e7e40a088bd,1744100100000000000,1744103280000000000,,,,,1.09265,False,
O-20250408-091500-001-V2-1804,BACKTESTER-001,MLSignalStrategyV2-V2,EUR/USD.IDEALPRO,IDEALPRO-1-1804,EUR/USD.IDEALPRO-MLSignalStrategyV2-V2,IDEALPRO-001,IDEALPRO-1-196232,MARKET,BUY,100000.00,GTC,False,False,100000.00,TAKER,1.09279,0.0,['2.19 USD'],NO_TRIGGER,FILLED,OTO,OL-20250408-091500-001-V2-602,"['O-20250408-091500-001-V2-1805', 'O-20250408-091500-001-V2-1806']",,,,,['V2_POS1'],1c1c3ce9-3107-43b5-95f0-68ff8e7ac31f,1744103700000000000,1744103700000000000,,,,,,,
O-20250408-091500-001-V2-1805,BACKTESTER-001,MLSignalStrategyV2-V2,EUR/USD.IDEALPRO,IDEALPRO-1-1805,EUR/USD.IDEALPRO-MLSignalStrategyV2-V2,IDEALPRO-001,IDEALPRO-1-196249,STOP_MARKET,SELL,100000.00,GTC,True,False,100000.00,TAKER,1.09152,9.999999999843467e-06,['2.18 USD'],NO_TRIGGER,FILLED,OUO,OL-20250408-091500-001-V2-602,['O-20250408-091500-001-V2-1806'],O-20250408-091500-001-V2-1804,,,,['V2_POS1_SL'],ae6d4858-67bf-4986-9171-6873afadcc61,1744103700000000000,1744104180000000000,1.09153,DEFAULT,,,,,
O-20250408-091500-001-V2-1806,BACKTESTER-001,MLSignalStrategyV2-V2,EUR/USD.IDEALPRO,IDEALPRO-1-1806,EUR/USD.IDEALPRO-MLSignalStrategyV2-V2,IDEALPRO-001,,LIMIT,SELL,100000.00,GTC,True,False,0.00,NO_LIQUIDITY_SIDE,,,,NO_TRIGGER,CANCELED,OUO,OL-20250408-091500-001-V2-602,['O-20250408-091500-001-V2-1805'],O-20250408-091500-001-V2-1804,,,,['V2_POS1_TP'],b087da11-d1e3-46c6-ab69-1210d11ac983,1744103700000000000,1744104180000000000,,,,,1.09405,False,
O-20250408-093000-001-V2-1807,BACKTESTER-001,MLSignalStrategyV2-V2,EUR/USD.IDEALPRO,IDEALPRO-1-1807,EUR/USD.IDEALPRO-MLSignalStrategyV2-V2,IDEALPRO-001,IDEALPRO-1-196264,MARKET,BUY,100000.00,GTC,False,False,100000.00,TAKER,1.09174,0.0,['2.18 USD'],NO_TRIGGER,FILLED,OTO,OL-20250408-093000-001-V2-603,"['O-20250408-093000-001-V2-1808', 'O-20250408-093000-001-V2-1809']",,,,,['V2_POS1'],62a2fab8-041a-4cc3-9bfe-fac5352e530e,1744104600000000000,1744104600000000000,,,,,,,
O-20250408-093000-001-V2-1808,BACKTESTER-001,MLSignalStrategyV2-V2,EUR/USD.IDEALPRO,IDEALPRO-1-1808,EUR/USD.IDEALPRO-MLSignalStrategyV2-V2,IDEALPRO-001,,STOP_MARKET,SELL,100000.00,GTC,True,False,0.00,NO_LIQUIDITY_SIDE,,,,NO_TRIGGER,CANCELED,OUO,OL-20250408-093000-001-V2-603,['O-20250408-093000-001-V2-1809'],O-20250408-093000-001-V2-1807,,,,['V2_POS1_SL'],37c575ee-91eb-4155-8509-d59142d25151,1744104600000000000,1744108140000000000,1.09043,DEFAULT,,,,,
O-20250408-093000-001-V2-1809,BACKTESTER-001,MLSignalStrategyV2-V2,EUR/USD.IDEALPRO,IDEALPRO-1-1809,EUR/USD.IDEALPRO-MLSignalStrategyV2-V2,IDEALPRO-001,IDEALPRO-1-196383,LIMIT,SELL,100000.00,GTC,True,False,100000.00,MAKER,1.09303,0.0,['2.19 USD'],NO_TRIGGER,FILLED,OUO,OL-20250408-093000-001-V2-603,['O-20250408-093000-001-V2-1808'],O-20250408-093000-001-V2-1807,,,,['V2_POS1_TP'],ad6b9d81-b3e9-4725-99ea-84903c1f9489,1744104600000000000,1744108140000000000,,,,,1.09303,False,
O-20250408-144500-001-V2-1810,BACKTESTER-001,MLSignalStrategyV2-V2,EUR/USD.IDEALPRO,IDEALPRO-1-1810,EUR/USD.IDEALPRO-MLSignalStrategyV2-V2,IDEALPRO-001,IDEALPRO-1-196897,MARKET,BUY,100000.00,GTC,False,False,100000.00,TAKER,1.08954,0.0,['2.18 USD'],NO_TRIGGER,FILLED,OTO,OL-20250408-144500-001-V2-604,"['O-20250408-144500-001-V2-1811', 'O-20250408-144500-001-V2-1812']",,,,,['V2_POS1'],11422eb4-2433-4ee4-9e1b-0477f1b8220a,1744123500000000000,1744123500000000000,,,,,,,
O-20250408-144500-001-V2-1811,BACKTESTER-001,MLSignalStrategyV2-V2,EUR/USD.IDEALPRO,IDEALPRO-1-1811,EUR/USD.IDEALPRO-MLSignalStrategyV2-V2,IDEALPRO-001,,STOP_MARKET,SELL,100000.00,GTC,True,False,0.00,NO_LIQUIDITY_SIDE,,,,NO_TRIGGER,CANCELED,OUO,OL-20250408-144500-001-V2-604,['O-20250408-144500-001-V2-1812'],O-20250408-144500-001-V2-1810,,,,['V2_POS1_SL'],35048b7f-9925-4e1c-bbd6-4a8f3cb6feb5,1744123500000000000,1744124100000000000,1.08802,DEFAULT,,,,,
O-20250408-144500-001-V2-1812,BACKTESTER-001,MLSignalStrategyV2-V2,EUR/USD.IDEALPRO,IDEALPRO-1-1812,EUR/USD.IDEALPRO-MLSignalStrategyV2-V2,IDEALPRO-001,IDEALPRO-1-196917,LIMIT,SELL,100000.00,GTC,True,False,100000.00,MAKER,1.09116,-0.00011999999999989797,['2.18 USD'],NO_TRIGGER,FILLED,OUO,OL-20250408-144500-001-V2-604,['O-20250408-144500-001-V2-1811'],O-20250408-144500-001-V2-1810,,,,['V2_POS1_TP'],167df520-345e-4c21-9300-5c4c386bb3b8,1744123500000000000,1744124100000000000,,,,,1.09104,False,
O-20250408-161500-001-V2-1813,BACKTESTER-001,MLSignalStrategyV2-V2,EUR/USD.IDEALPRO,IDEALPRO-1-1813,EUR/USD.IDEALPRO-MLSignalStrategyV2-V2,IDEALPRO-001,IDEALPRO-1-197078,MARKET,BUY,100000.00,GTC,False,False,100000.00,TAKER,1.09074,0.0,['2.18 USD'],NO_TRIGGER,FILLED,OTO,OL-20250408-161500-001-V2-605,"['O-20250408-161500-001-V2-1814', 'O-20250408-161500-001-V2-1815']",,,,,['V2_POS1'],95ee023b-e226-4011-a3d8-e417a142579d,1744128900000000000,1744128900000000000,,,,,,,
O-20250408-161500-001-V2-1814,BACKTESTER-001,MLSignalStrategyV2-V2,EUR/USD.IDEALPRO,IDEALPRO-1-1814,EUR/USD.IDEALPRO-MLSignalStrategyV2-V2,IDEALPRO-001,,STOP_MARKET,SELL,100000.00,GTC,True,False,0.00,NO_LIQUIDITY_SIDE,,,,NO_TRIGGER,CANCELED,OUO,OL-20250408-161500-001-V2-605,['O-20250408-161500-001-V2-1815'],O-20250408-161500-001-V2-1813,,,,['V2_POS1_SL'],d92550cc-597d-460e-bbd7-015b1795411f,1744128900000000000,1744130520000000000,1.08934,DEFAULT,,,,,
O-20250408-161500-001-V2-1815,BACKTESTER-001,MLSignalStrategyV2-V2,EUR/USD.IDEALPRO,IDEALPRO-1-1815,EUR/USD.IDEALPRO-MLSignalStrategyV2-V2,IDEALPRO-001,IDEALPRO-1-197133,LIMIT,SELL,100000.00,GTC,True,False,100000.00,MAKER,1.09229,-0.00017000000000000348,['2.18 USD'],NO_TRIGGER,FILLED,OUO,OL-20250408-161500-001-V2-605,['O-20250408-161500-001-V2-1814'],O-20250408-161500-001-V2-1813,,,,['V2_POS1_TP'],b9bc7978-3e19-41a0-b927-3b1c2bdc3b4a,1744128900000000000,1744130520000000000,,,,,1.09212,False,
O-20250408-203000-001-V2-1816,BACKTESTER-001,MLSignalStrategyV2-V2,EUR/USD.IDEALPRO,IDEALPRO-1-1816,EUR/USD.IDEALPRO-MLSignalStrategyV2-V2,IDEALPRO-001,IDEALPRO-1-197591,MARKET,BUY,100000.00,GTC,False,False,100000.00,TAKER,1.09419,0.0,['2.19 USD'],NO_TRIGGER,FILLED,OTO,OL-20250408-203000-001-V2-606,"['O-20250408-203000-001-V2-1817', 'O-20250408-203000-001-V2-1818']",,,,,['V2_POS1'],e8161f79-d74e-4059-a2fa-12b95ba81487,1744144200000000000,1744144200000000000,,,,,,,
O-20250408-203000-001-V2-1817,BACKTESTER-001,MLSignalStrategyV2-V2,EUR/USD.IDEALPRO,IDEALPRO-1-1817,EUR/USD.IDEALPRO-MLSignalStrategyV2-V2,IDEALPRO-001,,STOP_MARKET,SELL,100000.00,GTC,True,False,0.00,NO_LIQUIDITY_SIDE,,,,NO_TRIGGER,CANCELED,OUO,OL-20250408-203000-001-V2-606,['O-20250408-203000-001-V2-1818'],O-20250408-203000-001-V2-1816,,,,['V2_POS1_SL'],bbafdcb3-5d44-48d5-a549-04acb0d87c6f,1744144200000000000,1744145460000000000,1.09310,DEFAULT,,,,,
O-20250408-203000-001-V2-1818,BACKTESTER-001,MLSignalStrategyV2-V2,EUR/USD.IDEALPRO,IDEALPRO-1-1818,EUR/USD.IDEALPRO-MLSignalStrategyV2-V2,IDEALPRO-001,IDEALPRO-1-197633,LIMIT,SELL,100000.00,GTC,True,False,100000.00,MAKER,1.09546,-0.00020000000000020002,['2.19 USD'],NO_TRIGGER,FILLED,OUO,OL-20250408-203000-001-V2-606,['O-20250408-203000-001-V2-1817'],O-20250408-203000-001-V2-1816,,,,['V2_POS1_TP'],847e08ea-7998-4d3a-b83b-6fbb84cf6977,1744144200000000000,1744145460000000000,,,,,1.09526,False,
O-20250408-221500-001-V2-1819,BACKTESTER-001,MLSignalStrategyV2-V2,EUR/USD.IDEALPRO,IDEALPRO-1-1819,EUR/USD.IDEALPRO-MLSignalStrategyV2-V2,IDEALPRO-001,IDEALPRO-1-197773,MARKET,BUY,100000.00,GTC,False,False,100000.00,TAKER,1.09677,0.0,['2.19 USD'],NO_TRIGGER,FILLED,OTO,OL-20250408-221500-001-V2-607,"['O-20250408-221500-001-V2-1820', 'O-20250408-221500-001-V2-1821']",,,,,['V2_POS1'],813bd509-0e0e-4a04-aee0-00b019155929,1744150500000000000,1744150500000000000,,,,,,,
O-20250408-221500-001-V2-1820,BACKTESTER-001,MLSignalStrategyV2-V2,EUR/USD.IDEALPRO,IDEALPRO-1-1820,EUR/USD.IDEALPRO-MLSignalStrategyV2-V2,IDEALPRO-001,,STOP_MARKET,SELL,100000.00,GTC,True,False,0.00,NO_LIQUIDITY_SIDE,,,,NO_TRIGGER,CANCELED,OUO,OL-20250408-221500-001-V2-607,['O-20250408-221500-001-V2-1821'],O-20250408-221500-001-V2-1819,,,,['V2_POS1_SL'],dd432a7c-7494-49cb-a606-fa1b31742e6e,1744150500000000000,1744151880000000000,1.09594,DEFAULT,,,,,
O-20250408-221500-001-V2-1821,BACKTESTER-001,MLSignalStrategyV2-V2,EUR/USD.IDEALPRO,IDEALPRO-1-1821,EUR/USD.IDEALPRO-MLSignalStrategyV2-V2,IDEALPRO-001,IDEALPRO-1-197819,LIMIT,SELL,100000.00,GTC,True,False,100000.00,MAKER,1.09768,-8.000000000008001e-05,['2.20 USD'],NO_TRIGGER,FILLED,OUO,OL-20250408-221500-001-V2-607,['O-20250408-221500-001-V2-1820'],O-20250408-221500-001-V2-1819,,,,['V2_POS1_TP'],1e3240a0-f667-465b-a489-6e0aa52997f6,1744150500000000000,1744151880000000000,,,,,1.09760,False,
O-20250408-233000-001-V2-1822,BACKTESTER-001,MLSignalStrategyV2-V2,EUR/USD.IDEALPRO,IDEALPRO-1-1822,EUR/USD.IDEALPRO-MLSignalStrategyV2-V2,IDEALPRO-001,IDEALPRO-1-197925,MARKET,BUY,100000.00,GTC,False,False,100000.00,TAKER,1.09791,0.0,['2.20 USD'],NO_TRIGGER,FILLED,OTO,OL-20250408-233000-001-V2-608,"['O-20250408-233000-001-V2-1823', 'O-20250408-233000-001-V2-1824']",,,,,['V2_POS1'],32ea097b-2cf0-402e-b59c-8fd1ecbbf110,1744155000000000000,1744155000000000000,,,,,,,
O-20250408-233000-001-V2-1823,BACKTESTER-001,MLSignalStrategyV2-V2,EUR/USD.IDEALPRO,IDEALPRO-1-1823,EUR/USD.IDEALPRO-MLSignalStrategyV2-V2,IDEALPRO-001,,STOP_MARKET,SELL,100000.00,GTC,True,False,0.00,NO_LIQUIDITY_SIDE,,,,NO_TRIGGER,CANCELED,OUO,OL-20250408-233000-001-V2-608,['O-20250408-233000-001-V2-1824'],O-20250408-233000-001-V2-1822,,,,['V2_POS1_SL'],c023369d-92d5-4e63-b8fd-09a1a21413b5,1744155000000000000,1744158120000000000,1.09710,DEFAULT,,,,,
O-20250408-233000-001-V2-1824,BACKTESTER-001,MLSignalStrategyV2-V2,EUR/USD.IDEALPRO,IDEALPRO-1-1824,EUR/USD.IDEALPRO-MLSignalStrategyV2-V2,IDEALPRO-001,IDEALPRO-1-198029,LIMIT,SELL,100000.00,GTC,True,False,100000.00,MAKER,1.09887,-0.0001500000000000945,['2.20 USD'],NO_TRIGGER,FILLED,OUO,OL-20250408-233000-001-V2-608,['O-20250408-233000-001-V2-1823'],O-20250408-233000-001-V2-1822,,,,['V2_POS1_TP'],36557c1f-bb26-4ee3-b5ff-79530220c140,1744155000000000000,1744158120000000000,,,,,1.09872,False,
O-20250409-020000-001-V2-1825,BACKTESTER-001,MLSignalStrategyV2-V2,EUR/USD.IDEALPRO,IDEALPRO-1-1825,EUR/USD.IDEALPRO-MLSignalStrategyV2-V2,IDEALPRO-001,IDEALPRO-1-198226,MARKET,BUY,100000.00,GTC,False,False,100000.00,TAKER,1.10203,0.0,['2.20 USD'],NO_TRIGGER,FILLED,OTO,OL-20250409-020000-001-V2-609,"['O-20250409-020000-001-V2-1826', 'O-20250409-020000-001-V2-1827']",,,,,['V2_POS1'],5ffba53c-27e6-4e5e-b16a-6698e8815520,1744164000000000000,1744164000000000000,,,,,,,
O-20250409-020000-001-V2-1826,BACKTESTER-001,MLSignalStrategyV2-V2,EUR/USD.IDEALPRO,IDEALPRO-1-1826,EUR/USD.IDEALPRO-MLSignalStrategyV2-V2,IDEALPRO-001,,STOP_MARKET,SELL,100000.00,GTC,True,False,0.00,NO_LIQUIDITY_SIDE,,,,NO_TRIGGER,CANCELED,OUO,OL-20250409-020000-001-V2-609,['O-20250409-020000-001-V2-1827'],O-20250409-020000-001-V2-1825,,,,['V2_POS1_SL'],8ea7339b-3741-404f-a1a3-0e97a8f15afa,1744164000000000000,1744169280000000000,1.10083,DEFAULT,,,,,
O-20250409-020000-001-V2-1827,BACKTESTER-001,MLSignalStrategyV2-V2,EUR/USD.IDEALPRO,IDEALPRO-1-1827,EUR/USD.IDEALPRO-MLSignalStrategyV2-V2,IDEALPRO-001,IDEALPRO-1-198403,LIMIT,SELL,100000.00,GTC,True,False,100000.00,MAKER,1.10347,-0.00024000000000001798,['2.21 USD'],NO_TRIGGER,FILLED,OUO,OL-20250409-020000-001-V2-609,['O-20250409-020000-001-V2-1826'],O-20250409-020000-001-V2-1825,,,,['V2_POS1_TP'],4efe8190-2988-4651-922d-f58b7c6baff9,1744164000000000000,1744169280000000000,,,,,1.10323,False,
O-20250409-033000-001-V2-1828,BACKTESTER-001,MLSignalStrategyV2-V2,EUR/USD.IDEALPRO,IDEALPRO-1-1828,EUR/USD.IDEALPRO-MLSignalStrategyV2-V2,IDEALPRO-001,IDEALPRO-1-198409,MARKET,BUY,100000.00,GTC,False,False,100000.00,TAKER,1.10345,0.0,['2.21 USD'],NO_TRIGGER,FILLED,OTO,OL-20250409-033000-001-V2-610,"['O-20250409-033000-001-V2-1829', 'O-20250409-033000-001-V2-1830']",,,,,['V2_POS1'],d91eaae9-2b1a-47b1-8915-8a5c16dcbc4d,1744169400000000000,1744169400000000000,,,,,,,
O-20250409-033000-001-V2-1829,BACKTESTER-001,MLSignalStrategyV2-V2,EUR/USD.IDEALPRO,IDEALPRO-1-1829,EUR/USD.IDEALPRO-MLSignalStrategyV2-V2,IDEALPRO-001,IDEALPRO-1-198431,STOP_MARKET,SELL,100000.00,GTC,True,False,100000.00,TAKER,1.10227,0.0,['2.20 USD'],NO_TRIGGER,FILLED,OUO,OL-20250409-033000-001-V2-610,['O-20250409-033000-001-V2-1830'],O-20250409-033000-001-V2-1828,,,,['V2_POS1_SL'],0f9dff68-894b-4efa-a576-68bebac6af54,1744169400000000000,1744170060000000000,1.10227,DEFAULT,,,,,
O-20250409-033000-001-V2-1830,BACKTESTER-001,MLSignalStrategyV2-V2,EUR/USD.IDEALPRO,IDEALPRO-1-1830,EUR/USD.IDEALPRO-MLSignalStrategyV2-V2,IDEALPRO-001,,LIMIT,SELL,100000.00,GTC,True,False,0.00,NO_LIQUIDITY_SIDE,,,,NO_TRIGGER,CANCELED,OUO,OL-20250409-033000-001-V2-610,['O-20250409-033000-001-V2-1829'],O-20250409-033000-001-V2-1828,,,,['V2_POS1_TP'],ad4d6974-262d-492c-9374-ab73ebd5bd1b,1744169400000000000,1744170060000000000,,,,,1.10463,False,
O-20250409-034500-001-V2-1831,BACKTESTER-001,MLSignalStrategyV2-V2,EUR/USD.IDEALPRO,IDEALPRO-1-1831,EUR/USD.IDEALPRO-MLSignalStrategyV2-V2,IDEALPRO-001,IDEALPRO-1-198440,MARKET,BUY,100000.00,GTC,False,False,100000.00,TAKER,1.10186,0.0,['2.20 USD'],NO_TRIGGER,FILLED,OTO,OL-20250409-034500-001-V2-611,"['O-20250409-034500-001-V2-1832', 'O-20250409-034500-001-V2-1833']",,,,,['V2_POS1'],b04c868c-50a8-46a4-a6d2-030a66ec229c,1744170300000000000,1744170300000000000,,,,,,,
O-20250409-034500-001-V2-1832,BACKTESTER-001,MLSignalStrategyV2-V2,EUR/USD.IDEALPRO,IDEALPRO-1-1832,EUR/USD.IDEALPRO-MLSignalStrategyV2-V2,IDEALPRO-001,,STOP_MARKET,SELL,100000.00,GTC,True,False,0.00,NO_LIQUIDITY_SIDE,,,,NO_TRIGGER,CANCELED,OUO,OL-20250409-034500-001-V2-611,['O-20250409-034500-001-V2-1833'],O-20250409-034500-001-V2-1831,,,,['V2_POS1_SL'],8f0a4788-502f-4857-b8d2-251c5f1ec913,1744170300000000000,1744171560000000000,1.10065,DEFAULT,,,,,
O-20250409-034500-001-V2-1833,BACKTESTER-001,MLSignalStrategyV2-V2,EUR/USD.IDEALPRO,IDEALPRO-1-1833,EUR/USD.IDEALPRO-MLSignalStrategyV2-V2,IDEALPRO-001,IDEALPRO-1-198483,LIMIT,SELL,100000.00,GTC,True,False,100000.00,MAKER,1.10316,-8.999999999992347e-05,['2.21 USD'],NO_TRIGGER,FILLED,OUO,OL-20250409-034500-001-V2-611,['O-20250409-034500-001-V2-1832'],O-20250409-034500-001-V2-1831,,,,['V2_POS1_TP'],7439f45f-3efd-476d-b5ed-812eba4c9d7b,1744170300000000000,1744171560000000000,,,,,1.10307,False,
O-20250409-041500-001-V2-1834,BACKTESTER-001,MLSignalStrategyV2-V2,EUR/USD.IDEALPRO,IDEALPRO-1-1834,EUR/USD.IDEALPRO-MLSignalStrategyV2-V2,IDEALPRO-001,IDEALPRO-1-198502,MARKET,BUY,100000.00,GTC,False,False,100000.00,TAKER,1.10387,0.0,['2.21 USD'],NO_TRIGGER,FILLED,OTO,OL-20250409-041500-001-V2-612,"['O-20250409-041500-001-V2-1835', 'O-20250409-041500-001-V2-1836']",,,,,['V2_POS1'],186cc81a-36cf-43ff-96e8-78a503746d85,1744172100000000000,1744172100000000000,,,,,,,
O-20250409-041500-001-V2-1835,BACKTESTER-001,MLSignalStrategyV2-V2,EUR/USD.IDEALPRO,IDEALPRO-1-1835,EUR/USD.IDEALPRO-MLSignalStrategyV2-V2,IDEALPRO-001,,STOP_MARKET,SELL,100000.00,GTC,True,False,0.00,NO_LIQUIDITY_SIDE,,,,NO_TRIGGER,CANCELED,OUO,OL-20250409-041500-001-V2-612,['O-20250409-041500-001-V2-1836'],O-20250409-041500-001-V2-1834,,,,['V2_POS1_SL'],531e9540-779e-4e34-8d73-5990baf5ac79,1744172100000000000,1744172820000000000,1.10265,DEFAULT,,,,,
O-20250409-041500-001-V2-1836,BACKTESTER-001,MLSignalStrategyV2-V2,EUR/USD.IDEALPRO,IDEALPRO-1-1836,EUR/USD.IDEALPRO-MLSignalStrategyV2-V2,IDEALPRO-001,IDEALPRO-1-198527,LIMIT,SELL,100000.00,GTC,True,False,100000.00,MAKER,1.10573,-0.000660000000000105,['2.21 USD'],NO_TRIGGER,FILLED,OUO,OL-20250409-041500-001-V2-612,['O-20250409-041500-001-V2-1835'],O-20250409-041500-001-V2-1834,,,,['V2_POS1_TP'],80e870de-75ab-43e9-9688-3fe01a926df6,1744172100000000000,1744172820000000000,,,,,1.10507,False,
O-20250409-054500-001-V2-1837,BACKTESTER-001,MLSignalStrategyV2-V2,EUR/USD.IDEALPRO,IDEALPRO-1-1837,EUR/USD.IDEALPRO-MLSignalStrategyV2-V2,IDEALPRO-001,IDEALPRO-1-198684,MARKET,BUY,100000.00,GTC,False,False,100000.00,TAKER,1.10456,0.0,['2.21 USD'],NO_TRIGGER,FILLED,OTO,OL-20250409-054500-001-V2-613,"['O-20250409-054500-001-V2-1838', 'O-20250409-054500-001-V2-1839']",,,,,['V2_POS1'],cd9751c4-8b88-47ea-84bb-e524a9c3e326,1744177500000000000,1744177500000000000,,,,,,,
O-20250409-054500-001-V2-1838,BACKTESTER-001,MLSignalStrategyV2-V2,EUR/USD.IDEALPRO,IDEALPRO-1-1838,EUR/USD.IDEALPRO-MLSignalStrategyV2-V2,IDEALPRO-001,,STOP_MARKET,SELL,100000.00,GTC,True,False,0.00,NO_LIQUIDITY_SIDE,,,,NO_TRIGGER,CANCELED,OUO,OL-20250409-054500-001-V2-613,['O-20250409-054500-001-V2-1839'],O-20250409-054500-001-V2-1837,,,,['V2_POS1_SL'],f6545982-002a-409b-9afd-6de15584081b,1744177500000000000,1744177860000000000,1.10314,DEFAULT,,,,,
O-20250409-054500-001-V2-1839,BACKTESTER-001,MLSignalStrategyV2-V2,EUR/USD.IDEALPRO,IDEALPRO-1-1839,EUR/USD.IDEALPRO-MLSignalStrategyV2-V2,IDEALPRO-001,IDEALPRO-1-198697,LIMIT,SELL,100000.00,GTC,True,False,100000.00,MAKER,1.10595,1.0000000000065512e-05,['2.21 USD'],NO_TRIGGER,FILLED,OUO,OL-20250409-054500-001-V2-613,['O-20250409-054500-001-V2-1838'],O-20250409-054500-001-V2-1837,,,,['V2_POS1_TP'],80e788bc-108e-4ca1-8dda-986907de2f68,1744177500000000000,1744177860000000000,,,,,1.10596,False,
O-20250409-080000-001-V2-1840,BACKTESTER-001,MLSignalStrategyV2-V2,EUR/USD.IDEALPRO,IDEALPRO-1-1840,EUR/USD.IDEALPRO-MLSignalStrategyV2-V2,IDEALPRO-001,IDEALPRO-1-198956,MARKET,BUY,100000.00,GTC,False,False,100000.00,TAKER,1.10154,0.0,['2.20 USD'],NO_TRIGGER,FILLED,OTO,OL-20250409-080000-001-V2-614,"['O-20250409-080000-001-V2-1841', 'O-20250409-080000-001-V2-1842']",,,,,['V2_POS1'],2b525641-b03d-4eb3-9194-d03b48afbaa3,1744185600000000000,1744185600000000000,,,,,,,
O-20250409-080000-001-V2-1841,BACKTESTER-001,MLSignalStrategyV2-V2,EUR/USD.IDEALPRO,IDEALPRO-1-1841,EUR/USD.IDEALPRO-MLSignalStrategyV2-V2,IDEALPRO-001,IDEALPRO-1-198965,STOP_MARKET,SELL,100000.00,GTC,True,False,100000.00,TAKER,1.09979,9.999999999998899e-05,['2.20 USD'],NO_TRIGGER,FILLED,OUO,OL-20250409-080000-001-V2-614,['O-20250409-080000-001-V2-1842'],O-20250409-080000-001-V2-1840,,,,['V2_POS1_SL'],ea1a262c-ff61-42dc-8cd5-5d5a0dd459f8,1744185600000000000,1744185840000000000,1.09989,DEFAULT,,,,,
O-20250409-080000-001-V2-1842,BACKTESTER-001,MLSignalStrategyV2-V2,EUR/USD.IDEALPRO,IDEALPRO-1-1842,EUR/USD.IDEALPRO-MLSignalStrategyV2-V2,IDEALPRO-001,,LIMIT,SELL,100000.00,GTC,True,False,0.00,NO_LIQUIDITY_SIDE,,,,NO_TRIGGER,CANCELED,OUO,OL-20250409-080000-001-V2-614,['O-20250409-080000-001-V2-1841'],O-20250409-080000-001-V2-1840,,,,['V2_POS1_TP'],36c519c6-b839-4898-8447-127539f22726,1744185600000000000,1744185840000000000,,,,,1.10319,False,
O-20250409-143000-001-V2-1843,BACKTESTER-001,MLSignalStrategyV2-V2,EUR/USD.IDEALPRO,IDEALPRO-1-1843,EUR/USD.IDEALPRO-MLSignalStrategyV2-V2,IDEALPRO-001,IDEALPRO-1-199738,MARKET,SELL,100000.00,GTC,False,False,100000.00,TAKER,1.10434,0.0,['2.21 USD'],NO_TRIGGER,FILLED,OTO,OL-20250409-143000-001-V2-615,"['O-20250409-143000-001-V2-1844', 'O-20250409-143000-001-V2-1845']",,,,,['V2_POS1'],e6428998-3bcc-43e5-a41b-af6d7cfb1632,1744209000000000000,1744209000000000000,,,,,,,
O-20250409-143000-001-V2-1844,BACKTESTER-001,MLSignalStrategyV2-V2,EUR/USD.IDEALPRO,IDEALPRO-1-1844,EUR/USD.IDEALPRO-MLSignalStrategyV2-V2,IDEALPRO-001,,STOP_MARKET,BUY,100000.00,GTC,True,False,0.00,NO_LIQUIDITY_SIDE,,,,NO_TRIGGER,CANCELED,OUO,OL-20250409-143000-001-V2-615,['O-20250409-143000-001-V2-1845'],O-20250409-143000-001-V2-1843,,,,['V2_POS1_SL'],085cdaad-6d08-440b-8f32-0cf23e07896a,1744209000000000000,1744210320000000000,1.10605,DEFAULT,,,,,
O-20250409-143000-001-V2-1845,BACKTESTER-001,MLSignalStrategyV2-V2,EUR/USD.IDEALPRO,IDEALPRO-1-1845,EUR/USD.IDEALPRO-MLSignalStrategyV2-V2,IDEALPRO-001,IDEALPRO-1-199783,LIMIT,BUY,100000.00,GTC,True,False,100000.00,MAKER,1.10264,1.0000000000065512e-05,['2.21 USD'],NO_TRIGGER,FILLED,OUO,OL-20250409-143000-001-V2-615,['O-20250409-143000-001-V2-1844'],O-20250409-143000-001-V2-1843,,,,['V2_POS1_TP'],05331413-0f6b-41e8-8419-376811f23fe3,1744209000000000000,1744210320000000000,,,,,1.10263,False,
O-20250409-160000-001-V2-1846,BACKTESTER-001,MLSignalStrategyV2-V2,EUR/USD.IDEALPRO,IDEALPRO-1-1846,EUR/USD.IDEALPRO-MLSignalStrategyV2-V2,IDEALPRO-001,IDEALPRO-1-199920,MARKET,SELL,100000.00,GTC,False,False,100000.00,TAKER,1.10382,0.0,['2.21 USD'],NO_TRIGGER,FILLED,OTO,OL-20250409-160000-001-V2-616,"['O-20250409-160000-001-V2-1847', 'O-20250409-160000-001-V2-1848']",,,,,['V2_POS1'],d124c5f9-96b4-483e-92cd-2d1bb515c0ba,1744214400000000000,1744214400000000000,,,,,,,
O-20250409-160000-001-V2-1847,BACKTESTER-001,MLSignalStrategyV2-V2,EUR/USD.IDEALPRO,IDEALPRO-1-1847,EUR/USD.IDEALPRO-MLSignalStrategyV2-V2,IDEALPRO-001,,STOP_MARKET,BUY,100000.00,GTC,True,False,0.00,NO_LIQUIDITY_SIDE,,,,NO_TRIGGER,CANCELED,OUO,OL-20250409-160000-001-V2-616,['O-20250409-160000-001-V2-1848'],O-20250409-160000-001-V2-1846,,,,['V2_POS1_SL'],a98a8291-a135-422d-a0f6-93dccdcb15e3,1744214400000000000,1744217640000000000,1.10536,DEFAULT,,,,,
O-20250409-160000-001-V2-1848,BACKTESTER-001,MLSignalStrategyV2-V2,EUR/USD.IDEALPRO,IDEALPRO-1-1848,EUR/USD.IDEALPRO-MLSignalStrategyV2-V2,IDEALPRO-001,IDEALPRO-1-200029,LIMIT,BUY,100000.00,GTC,True,False,100000.00,MAKER,1.10227,-2.999999999997449e-05,['2.20 USD'],NO_TRIGGER,FILLED,OUO,OL-20250409-160000-001-V2-616,['O-20250409-160000-001-V2-1847'],O-20250409-160000-001-V2-1846,,,,['V2_POS1_TP'],a0728593-5089-4c79-8273-0ecc13be33a0,1744214400000000000,1744217640000000000,,,,,1.10230,False,
O-20250409-200000-001-V2-1849,BACKTESTER-001,MLSignalStrategyV2-V2,EUR/USD.IDEALPRO,IDEALPRO-1-1849,EUR/USD.IDEALPRO-MLSignalStrategyV2-V2,IDEALPRO-001,IDEALPRO-1-200402,MARKET,BUY,100000.00,GTC,False,False,100000.00,TAKER,1.09356,0.0,['2.19 USD'],NO_TRIGGER,FILLED,OTO,OL-20250409-200000-001-V2-617,"['O-20250409-200000-001-V2-1850', 'O-20250409-200000-001-V2-1851']",,,,,['V2_POS1'],015434ce-4569-4ac2-b70c-9fb85a4f87d0,1744228800000000000,1744228800000000000,,,,,,,
O-20250409-200000-001-V2-1850,BACKTESTER-001,MLSignalStrategyV2-V2,EUR/USD.IDEALPRO,IDEALPRO-1-1850,EUR/USD.IDEALPRO-MLSignalStrategyV2-V2,IDEALPRO-001,,STOP_MARKET,SELL,100000.00,GTC,True,False,0.00,NO_LIQUIDITY_SIDE,,,,NO_TRIGGER,CANCELED,OUO,OL-20250409-200000-001-V2-617,['O-20250409-200000-001-V2-1851'],O-20250409-200000-001-V2-1849,,,,['V2_POS1_SL'],97565ebe-24e9-4554-8a24-18b959873c9f,1744228800000000000,1744238160000000000,1.09085,DEFAULT,,,,,
O-20250409-200000-001-V2-1851,BACKTESTER-001,MLSignalStrategyV2-V2,EUR/USD.IDEALPRO,IDEALPRO-1-1851,EUR/USD.IDEALPRO-MLSignalStrategyV2-V2,IDEALPRO-001,IDEALPRO-1-200685,LIMIT,SELL,100000.00,GTC,True,False,100000.00,MAKER,1.09626,1.0000000000065512e-05,['2.19 USD'],NO_TRIGGER,FILLED,OUO,OL-20250409-200000-001-V2-617,['O-20250409-200000-001-V2-1850'],O-20250409-200000-001-V2-1849,,,,['V2_POS1_TP'],baa57ee5-2c21-4fc5-a88d-7cf55449d606,1744228800000000000,1744238160000000000,,,,,1.09627,False,
O-20250409-224500-001-V2-1852,BACKTESTER-001,MLSignalStrategyV2-V2,EUR/USD.IDEALPRO,IDEALPRO-1-1852,EUR/USD.IDEALPRO-MLSignalStrategyV2-V2,IDEALPRO-001,IDEALPRO-1-200704,MARKET,BUY,100000.00,GTC,False,False,100000.00,TAKER,1.09548,0.0,['2.19 USD'],NO_TRIGGER,FILLED,OTO,OL-20250409-224500-001-V2-618,"['O-20250409-224500-001-V2-1853', 'O-20250409-224500-001-V2-1854']",,,,,['V2_POS1'],8d685ab1-6ef9-4e70-8d85-47d03971c0ca,1744238700000000000,1744238700000000000,,,,,,,
O-20250409-224500-001-V2-1853,BACKTESTER-001,MLSignalStrategyV2-V2,EUR/USD.IDEALPRO,IDEALPRO-1-1853,EUR/USD.IDEALPRO-MLSignalStrategyV2-V2,IDEALPRO-001,,STOP_MARKET,SELL,100000.00,GTC,True,False,0.00,NO_LIQUIDITY_SIDE,,,,NO_TRIGGER,CANCELED,OUO,OL-20250409-224500-001-V2-618,['O-20250409-224500-001-V2-1854'],O-20250409-224500-001-V2-1852,,,,['V2_POS1_SL'],63ce0269-57e7-48a9-8e6c-afbf1b97b123,1744238700000000000,1744244880000000000,1.09423,DEFAULT,,,,,
O-20250409-224500-001-V2-1854,BACKTESTER-001,MLSignalStrategyV2-V2,EUR/USD.IDEALPRO,IDEALPRO-1-1854,EUR/USD.IDEALPRO-MLSignalStrategyV2-V2,IDEALPRO-001,IDEALPRO-1-200911,LIMIT,SELL,100000.00,GTC,True,False,100000.00,MAKER,1.09675,-3.999999999981796e-05,['2.19 USD'],NO_TRIGGER,FILLED,OUO,OL-20250409-224500-001-V2-618,['O-20250409-224500-001-V2-1853'],O-20250409-224500-001-V2-1852,,,,['V2_POS1_TP'],e658b4fa-8168-4f90-8ae5-ff2482da4017,1744238700000000000,1744244880000000000,,,,,1.09671,False,
O-20250410-003000-001-V2-1855,BACKTESTER-001,MLSignalStrategyV2-V2,EUR/USD.IDEALPRO,IDEALPRO-1-1855,EUR/USD.IDEALPRO-MLSignalStrategyV2-V2,IDEALPRO-001,IDEALPRO-1-200916,MARKET,BUY,100000.00,GTC,False,False,100000.00,TAKER,1.09679,0.0,['2.19 USD'],NO_TRIGGER,FILLED,OTO,OL-20250410-003000-001-V2-619,"['O-20250410-003000-001-V2-1856', 'O-20250410-003000-001-V2-1857']",,,,,['V2_POS1'],6947c296-e703-47cb-8f98-0f827b7d2c8b,1744245000000000000,1744245000000000000,,,,,,,
O-20250410-003000-001-V2-1856,BACKTESTER-001,MLSignalStrategyV2-V2,EUR/USD.IDEALPRO,IDEALPRO-1-1856,EUR/USD.IDEALPRO-MLSignalStrategyV2-V2,IDEALPRO-001,,STOP_MARKET,SELL,100000.00,GTC,True,False,0.00,NO_LIQUIDITY_SIDE,,,,NO_TRIGGER,CANCELED,OUO,OL-20250410-003000-001-V2-619,['O-20250410-003000-001-V2-1857'],O-20250410-003000-001-V2-1855,,,,['V2_POS1_SL'],2b4f67d0-ebec-4730-845c-7a30b4607c54,1744245000000000000,1744245600000000000,1.09583,DEFAULT,,,,,
O-20250410-003000-001-V2-1857,BACKTESTER-001,MLSignalStrategyV2-V2,EUR/USD.IDEALPRO,IDEALPRO-1-1857,EUR/USD.IDEALPRO-MLSignalStrategyV2-V2,IDEALPRO-001,IDEALPRO-1-200937,LIMIT,SELL,100000.00,GTC,True,False,100000.00,MAKER,1.09775,0.0,['2.20 USD'],NO_TRIGGER,FILLED,OUO,OL-20250410-003000-001-V2-619,['O-20250410-003000-001-V2-1856'],O-20250410-003000-001-V2-1855,,,,['V2_POS1_TP'],acf807d7-cd15-45c5-a529-ad93c468d4b1,1744245000000000000,1744245600000000000,,,,,1.09775,False,
O-20250410-004500-001-V2-1858,BACKTESTER-001,MLSignalStrategyV2-V2,EUR/USD.IDEALPRO,IDEALPRO-1-1858,EUR/USD.IDEALPRO-MLSignalStrategyV2-V2,IDEALPRO-001,IDEALPRO-1-200948,MARKET,BUY,100000.00,GTC,False,False,100000.00,TAKER,1.09746,0.0,['2.19 USD'],NO_TRIGGER,FILLED,OTO,OL-20250410-004500-001-V2-620,"['O-20250410-004500-001-V2-1859', 'O-20250410-004500-001-V2-1860']",,,,,['V2_POS1'],4f1d1f66-6965-4398-8e18-c3e0b7ddf81e,1744245900000000000,1744245900000000000,,,,,,,
O-20250410-004500-001-V2-1859,BACKTESTER-001,MLSignalStrategyV2-V2,EUR/USD.IDEALPRO,IDEALPRO-1-1859,EUR/USD.IDEALPRO-MLSignalStrategyV2-V2,IDEALPRO-001,,STOP_MARKET,SELL,100000.00,GTC,True,False,0.00,NO_LIQUIDITY_SIDE,,,,NO_TRIGGER,CANCELED,OUO,OL-20250410-004500-001-V2-620,['O-20250410-004500-001-V2-1860'],O-20250410-004500-001-V2-1858,,,,['V2_POS1_SL'],6471041c-1bba-46dc-8a6b-1aeb0cea18fc,1744245900000000000,1744246560000000000,1.09647,DEFAULT,,,,,
O-20250410-004500-001-V2-1860,BACKTESTER-001,MLSignalStrategyV2-V2,EUR/USD.IDEALPRO,IDEALPRO-1-1860,EUR/USD.IDEALPRO-MLSignalStrategyV2-V2,IDEALPRO-001,IDEALPRO-1-200971,LIMIT,SELL,100000.00,GTC,True,False,100000.00,MAKER,1.09854,-9.000000000014552e-05,['2.20 USD'],NO_TRIGGER,FILLED,OUO,OL-20250410-004500-001-V2-620,['O-20250410-004500-001-V2-1859'],O-20250410-004500-001-V2-1858,,,,['V2_POS1_TP'],20cc7872-6928-4a1b-bca5-2acd7bb97476,1744245900000000000,1744246560000000000,,,,,1.09845,False,
O-20250410-030000-001-V2-1861,BACKTESTER-001,MLSignalStrategyV2-V2,EUR/USD.IDEALPRO,IDEALPRO-1-1861,EUR/USD.IDEALPRO-MLSignalStrategyV2-V2,IDEALPRO-001,IDEALPRO-1-201220,MARKET,BUY,100000.00,GTC,False,False,100000.00,TAKER,1.09719,0.0,['2.19 USD'],NO_TRIGGER,FILLED,OTO,OL-20250410-030000-001-V2-621,"['O-20250410-030000-001-V2-1862', 'O-20250410-030000-001-V2-1863']",,,,,['V2_POS1'],93369866-9724-40e5-9fe0-9abec12e767f,1744254000000000000,1744254000000000000,,,,,,,
O-20250410-030000-001-V2-1862,BACKTESTER-001,MLSignalStrategyV2-V2,EUR/USD.IDEALPRO,IDEALPRO-1-1862,EUR/USD.IDEALPRO-MLSignalStrategyV2-V2,IDEALPRO-001,,STOP_MARKET,SELL,100000.00,GTC,True,False,0.00,NO_LIQUIDITY_SIDE,,,,NO_TRIGGER,CANCELED,OUO,OL-20250410-030000-001-V2-621,['O-20250410-030000-001-V2-1863'],O-20250410-030000-001-V2-1861,,,,['V2_POS1_SL'],db66798a-05cc-41c7-b185-ebacc928699d,1744254000000000000,1744254360000000000,1.09637,DEFAULT,,,,,
O-20250410-030000-001-V2-1863,BACKTESTER-001,MLSignalStrategyV2-V2,EUR/USD.IDEALPRO,IDEALPRO-1-1863,EUR/USD.IDEALPRO-MLSignalStrategyV2-V2,IDEALPRO-001,IDEALPRO-1-201233,LIMIT,SELL,100000.00,GTC,True,False,100000.00,MAKER,1.09814,-0.00012999999999996348,['2.20 USD'],NO_TRIGGER,FILLED,OUO,OL-20250410-030000-001-V2-621,['O-20250410-030000-001-V2-1862'],O-20250410-030000-001-V2-1861,,,,['V2_POS1_TP'],e0f7b73a-7435-49e5-a5fe-2f48098991bd,1744254000000000000,1744254360000000000,,,,,1.09801,False,
O-20250410-063000-001-V2-1864,BACKTESTER-001,MLSignalStrategyV2-V2,EUR/USD.IDEALPRO,IDEALPRO-1-1864,EUR/USD.IDEALPRO-MLSignalStrategyV2-V2,IDEALPRO-001,IDEALPRO-1-201642,MARKET,BUY,100000.00,GTC,False,False,100000.00,TAKER,1.09804,0.0,['2.20 USD'],NO_TRIGGER,FILLED,OTO,OL-20250410-063000-001-V2-622,"['O-20250410-063000-001-V2-1865', 'O-20250410-063000-001-V2-1866']",,,,,['V2_POS1'],498db4cf-c274-4329-8599-d04c0da6b6ae,1744266600000000000,1744266600000000000,,,,,,,
O-20250410-063000-001-V2-1865,BACKTESTER-001,MLSignalStrategyV2-V2,EUR/USD.IDEALPRO,IDEALPRO-1-1865,EUR/USD.IDEALPRO-MLSignalStrategyV2-V2,IDEALPRO-001,IDEALPRO-1-201657,STOP_MARKET,SELL,100000.00,GTC,True,False,100000.00,TAKER,1.09694,0.00025999999999992696,['2.19 USD'],NO_TRIGGER,FILLED,OUO,OL-20250410-063000-001-V2-622,['O-20250410-063000-001-V2-1866'],O-20250410-063000-001-V2-1864,,,,['V2_POS1_SL'],74cfc59e-1355-48da-becf-5ee2dfa28025,1744266600000000000,1744267020000000000,1.09720,DEFAULT,,,,,
O-20250410-063000-001-V2-1866,BACKTESTER-001,MLSignalStrategyV2-V2,EUR/USD.IDEALPRO,IDEALPRO-1-1866,EUR/USD.IDEALPRO-MLSignalStrategyV2-V2,IDEALPRO-001,,LIMIT,SELL,100000.00,GTC,True,False,0.00,NO_LIQUIDITY_SIDE,,,,NO_TRIGGER,CANCELED,OUO,OL-20250410-063000-001-V2-622,['O-20250410-063000-001-V2-1865'],O-20250410-063000-001-V2-1864,,,,['V2_POS1_TP'],d01440af-e8fb-46ce-8dce-eb172a6bfd98,1744266600000000000,1744267020000000000,,,,,1.09886,False,
O-20250410-064500-001-V2-1867,BACKTESTER-001,MLSignalStrategyV2-V2,EUR/USD.IDEALPRO,IDEALPRO-1-1867,EUR/USD.IDEALPRO-MLSignalStrategyV2-V2,IDEALPRO-001,IDEALPRO-1-201674,MARKET,BUY,100000.00,GTC,False,False,100000.00,TAKER,1.09783,0.0,['2.20 USD'],NO_TRIGGER,FILLED,OTO,OL-20250410-064500-001-V2-623,"['O-20250410-064500-001-V2-1868', 'O-20250410-064500-001-V2-1869']",,,,,['V2_POS1'],8e9cbbce-592e-4d7b-96ff-ddbb48b348d3,1744267500000000000,1744267500000000000,,,,,,,
O-20250410-064500-001-V2-1868,BACKTESTER-001,MLSignalStrategyV2-V2,EUR/USD.IDEALPRO,IDEALPRO-1-1868,EUR/USD.IDEALPRO-MLSignalStrategyV2-V2,IDEALPRO-001,IDEALPRO-1-201691,STOP_MARKET,SELL,100000.00,GTC,True,False,100000.00,TAKER,1.09678,0.00013999999999980695,['2.19 USD'],NO_TRIGGER,FILLED,OUO,OL-20250410-064500-001-V2-623,['O-20250410-064500-001-V2-1869'],O-20250410-064500-001-V2-1867,,,,['V2_POS1_SL'],384f47ef-d68d-4c2a-9f0f-b858bf7148e5,1744267500000000000,1744267980000000000,1.09692,DEFAULT,,,,,
O-20250410-064500-001-V2-1869,BACKTESTER-001,MLSignalStrategyV2-V2,EUR/USD.IDEALPRO,IDEALPRO-1-1869,EUR/USD.IDEALPRO-MLSignalStrategyV2-V2,IDEALPRO-001,,LIMIT,SELL,100000.00,GTC,True,False,0.00,NO_LIQUIDITY_SIDE,,,,NO_TRIGGER,CANCELED,OUO,OL-20250410-064500-001-V2-623,['O-20250410-064500-001-V2-1868'],O-20250410-064500-001-V2-1867,,,,['V2_POS1_TP'],66daa3ae-3294-4c88-9a22-d1d25fe8774b,1744267500000000000,1744267980000000000,,,,,1.09872,False,
O-20250410-090000-001-V2-1870,BACKTESTER-001,MLSignalStrategyV2-V2,EUR/USD.IDEALPRO,IDEALPRO-1-1870,EUR/USD.IDEALPRO-MLSignalStrategyV2-V2,IDEALPRO-001,IDEALPRO-1-201946,MARKET,SELL,100000.00,GTC,False,False,100000.00,TAKER,1.10377,0.0,['2.21 USD'],NO_TRIGGER,FILLED,OTO,OL-20250410-090000-001-V2-624,"['O-20250410-090000-001-V2-1871', 'O-20250410-090000-001-V2-1872']",,,,,['V2_POS1'],f29e1726-7956-467b-8a6d-eb54a946caa6,1744275600000000000,1744275600000000000,,,,,,,
O-20250410-090000-001-V2-1871,BACKTESTER-001,MLSignalStrategyV2-V2,EUR/USD.IDEALPRO,IDEALPRO-1-1871,EUR/USD.IDEALPRO-MLSignalStrategyV2-V2,IDEALPRO-001,IDEALPRO-1-202065,STOP_MARKET,BUY,100000.00,GTC,True,False,100000.00,TAKER,1.10581,0.0005399999999999849,['2.21 USD'],NO_TRIGGER,FILLED,OUO,OL-20250410-090000-001-V2-624,['O-20250410-090000-001-V2-1872'],O-20250410-090000-001-V2-1870,,,,['V2_POS1_SL'],ea823e2d-c542-4b5d-9c2f-122bfd03edae,1744275600000000000,1744279140000000000,1.10527,DEFAULT,,,,,
O-20250410-090000-001-V2-1872,BACKTESTER-001,MLSignalStrategyV2-V2,EUR/USD.IDEALPRO,IDEALPRO-1-1872,EUR/USD.IDEALPRO-MLSignalStrategyV2-V2,IDEALPRO-001,,LIMIT,BUY,100000.00,GTC,True,False,0.00,NO_LIQUIDITY_SIDE,,,,NO_TRIGGER,CANCELED,OUO,OL-20250410-090000-001-V2-624,['O-20250410-090000-001-V2-1871'],O-20250410-090000-001-V2-1870,,,,['V2_POS1_TP'],b9b3c652-daad-4f7b-ae75-a2ec2c3587ab,1744275600000000000,1744279140000000000,,,,,1.10227,False,
O-20250410-104500-001-V2-1873,BACKTESTER-001,MLSignalStrategyV2-V2,EUR/USD.IDEALPRO,IDEALPRO-1-1873,EUR/USD.IDEALPRO-MLSignalStrategyV2-V2,IDEALPRO-001,IDEALPRO-1-202158,MARKET,BUY,100000.00,GTC,False,False,100000.00,TAKER,1.10712,0.0,['2.21 USD'],NO_TRIGGER,FILLED,OTO,OL-20250410-104500-001-V2-625,"['O-20250410-104500-001-V2-1874', 'O-20250410-104500-001-V2-1875']",,,,,['V2_POS1'],a0e943fc-2ca6-4ab9-b3d1-1eac816ba20c,1744281900000000000,1744281900000000000,,,,,,,
O-20250410-104500-001-V2-1874,BACKTESTER-001,MLSignalStrategyV2-V2,EUR/USD.IDEALPRO,IDEALPRO-1-1874,EUR/USD.IDEALPRO-MLSignalStrategyV2-V2,IDEALPRO-001,,STOP_MARKET,SELL,100000.00,GTC,True,False,0.00,NO_LIQUIDITY_SIDE,,,,NO_TRIGGER,CANCELED,OUO,OL-20250410-104500-001-V2-625,['O-20250410-104500-001-V2-1875'],O-20250410-104500-001-V2-1873,,,,['V2_POS1_SL'],780eefaa-8e24-4f2e-84db-f8e2fb16c619,1744281900000000000,1744283160000000000,1.10579,DEFAULT,,,,,
O-20250410-104500-001-V2-1875,BACKTESTER-001,MLSignalStrategyV2-V2,EUR/USD.IDEALPRO,IDEALPRO-1-1875,EUR/USD.IDEALPRO-MLSignalStrategyV2-V2,IDEALPRO-001,IDEALPRO-1-202201,LIMIT,SELL,100000.00,GTC,True,False,100000.00,MAKER,1.10847,-2.0000000000131024e-05,['2.22 USD'],NO_TRIGGER,FILLED,OUO,OL-20250410-104500-001-V2-625,['O-20250410-104500-001-V2-1874'],O-20250410-104500-001-V2-1873,,,,['V2_POS1_TP'],eff59c37-7c69-4794-82c0-b34321e29703,1744281900000000000,1744283160000000000,,,,,1.10845,False,
O-20250410-121500-001-V2-1876,BACKTESTER-001,MLSignalStrategyV2-V2,EUR/USD.IDEALPRO,IDEALPRO-1-1876,EUR/USD.IDEALPRO-MLSignalStrategyV2-V2,IDEALPRO-001,IDEALPRO-1-202340,MARKET,BUY,100000.00,GTC,False,False,100000.00,TAKER,1.10914,0.0,['2.22 USD'],NO_TRIGGER,FILLED,OTO,OL-20250410-121500-001-V2-626,"['O-20250410-121500-001-V2-1877', 'O-20250410-121500-001-V2-1878']",,,,,['V2_POS1'],ecaf7dc3-965a-4482-b7e1-a1d4892d577f,1744287300000000000,1744287300000000000,,,,,,,
O-20250410-121500-001-V2-1877,BACKTESTER-001,MLSignalStrategyV2-V2,EUR/USD.IDEALPRO,IDEALPRO-1-1877,EUR/USD.IDEALPRO-MLSignalStrategyV2-V2,IDEALPRO-001,,STOP_MARKET,SELL,100000.00,GTC,True,False,0.00,NO_LIQUIDITY_SIDE,,,,NO_TRIGGER,CANCELED,OUO,OL-20250410-121500-001-V2-626,['O-20250410-121500-001-V2-1878'],O-20250410-121500-001-V2-1876,,,,['V2_POS1_SL'],b6aeecb9-3edc-4b62-a5ad-030504bade45,1744287300000000000,1744288140000000000,1.10792,DEFAULT,,,,,
O-20250410-121500-001-V2-1878,BACKTESTER-001,MLSignalStrategyV2-V2,EUR/USD.IDEALPRO,IDEALPRO-1-1878,EUR/USD.IDEALPRO-MLSignalStrategyV2-V2,IDEALPRO-001,IDEALPRO-1-202369,LIMIT,SELL,100000.00,GTC,True,False,100000.00,MAKER,1.11072,-0.00035999999999991594,['2.22 USD'],NO_TRIGGER,FILLED,OUO,OL-20250410-121500-001-V2-626,['O-20250410-121500-001-V2-1877'],O-20250410-121500-001-V2-1876,,,,['V2_POS1_TP'],b86cd089-e2ea-486c-a85a-642e1e31e3d3,1744287300000000000,1744288140000000000,,,,,1.11036,False,
O-20250410-141500-001-V2-1879,BACKTESTER-001,MLSignalStrategyV2-V2,EUR/USD.IDEALPRO,IDEALPRO-1-1879,EUR/USD.IDEALPRO-MLSignalStrategyV2-V2,IDEALPRO-001,IDEALPRO-1-202583,MARKET,BUY,100000.00,GTC,False,False,100000.00,TAKER,1.11288,0.0,['2.23 USD'],NO_TRIGGER,FILLED,OTO,OL-20250410-141500-001-V2-627,"['O-20250410-141500-001-V2-1880', 'O-20250410-141500-001-V2-1881']",,,,,['V2_POS1'],f597b297-7449-45dd-9ab6-63b5ac40c513,1744294500000000000,1744294500000000000,,,,,,,
O-20250410-141500-001-V2-1880,BACKTESTER-001,MLSignalStrategyV2-V2,EUR/USD.IDEALPRO,IDEALPRO-1-1880,EUR/USD.IDEALPRO-MLSignalStrategyV2-V2,IDEALPRO-001,,STOP_MARKET,SELL,100000.00,GTC,True,False,0.00,NO_LIQUIDITY_SIDE,,,,NO_TRIGGER,CANCELED,OUO,OL-20250410-141500-001-V2-627,['O-20250410-141500-001-V2-1881'],O-20250410-141500-001-V2-1879,,,,['V2_POS1_SL'],0c87c91b-c1c1-46d3-b427-efe042a34a53,1744294500000000000,1744294860000000000,1.11151,DEFAULT,,,,,
O-20250410-141500-001-V2-1881,BACKTESTER-001,MLSignalStrategyV2-V2,EUR/USD.IDEALPRO,IDEALPRO-1-1881,EUR/USD.IDEALPRO-MLSignalStrategyV2-V2,IDEALPRO-001,IDEALPRO-1-202595,LIMIT,SELL,100000.00,GTC,True,False,100000.00,MAKER,1.11437,-0.000140000000000029,['2.23 USD'],NO_TRIGGER,FILLED,OUO,OL-20250410-141500-001-V2-627,['O-20250410-141500-001-V2-1880'],O-20250410-141500-001-V2-1879,,,,['V2_POS1_TP'],57ec025c-21a3-4ce5-b828-0984aa5926ee,1744294500000000000,1744294860000000000,,,,,1.11423,False,
O-20250410-180000-001-V2-1882,BACKTESTER-001,MLSignalStrategyV2-V2,EUR/USD.IDEALPRO,IDEALPRO-1-1882,EUR/USD.IDEALPRO-MLSignalStrategyV2-V2,IDEALPRO-001,IDEALPRO-1-203034,MARKET,SELL,100000.00,GTC,False,False,100000.00,TAKER,1.12101,0.0,['2.24 USD'],NO_TRIGGER,FILLED,OTO,OL-20250410-180000-001-V2-628,"['O-20250410-180000-001-V2-1883', 'O-20250410-180000-001-V2-1884']",,,,,['V2_POS1'],aac94273-22c2-47d6-82d7-7f30645e03b8,1744308000000000000,1744308000000000000,,,,,,,
O-20250410-180000-001-V2-1883,BACKTESTER-001,MLSignalStrategyV2-V2,EUR/USD.IDEALPRO,IDEALPRO-1-1883,EUR/USD.IDEALPRO-MLSignalStrategyV2-V2,IDEALPRO-001,IDEALPRO-1-203083,STOP_MARKET,BUY,100000.00,GTC,True,False,100000.00,TAKER,1.12303,0.00012999999999996348,['2.25 USD'],NO_TRIGGER,FILLED,OUO,OL-20250410-180000-001-V2-628,['O-20250410-180000-001-V2-1884'],O-20250410-180000-001-V2-1882,,,,['V2_POS1_SL'],2fa9a4f2-ca51-4018-9c09-9af188b7c9bc,1744308000000000000,1744309440000000000,1.12290,DEFAULT,,,,,
O-20250410-180000-001-V2-1884,BACKTESTER-001,MLSignalStrategyV2-V2,EUR/USD.IDEALPRO,IDEALPRO-1-1884,EUR/USD.IDEALPRO-MLSignalStrategyV2-V2,IDEALPRO-001,,LIMIT,BUY,100000.00,GTC,True,False,0.00,NO_LIQUIDITY_SIDE,,,,NO_TRIGGER,CANCELED,OUO,OL-20250410-180000-001-V2-628,['O-20250410-180000-001-V2-1883'],O-20250410-180000-001-V2-1882,,,,['V2_POS1_TP'],ea34b0f0-121d-4d4c-a0cc-149c1146700a,1744308000000000000,1744309440000000000,,,,,1.11912,False,
O-20250410-183000-001-V2-1885,BACKTESTER-001,MLSignalStrategyV2-V2,EUR/USD.IDEALPRO,IDEALPRO-1-1885,EUR/USD.IDEALPRO-MLSignalStrategyV2-V2,IDEALPRO-001,IDEALPRO-1-203096,MARKET,SELL,100000.00,GTC,False,False,100000.00,TAKER,1.12371,0.0,['2.25 USD'],NO_TRIGGER,FILLED,OTO,OL-20250410-183000-001-V2-629,"['O-20250410-183000-001-V2-1886', 'O-20250410-183000-001-V2-1887']",,,,,['V2_POS1'],a8934fa0-ed14-4782-ba17-21cffde27cf5,1744309800000000000,1744309800000000000,,,,,,,
O-20250410-183000-001-V2-1886,BACKTESTER-001,MLSignalStrategyV2-V2,EUR/USD.IDEALPRO,IDEALPRO-1-1886,EUR/USD.IDEALPRO-MLSignalStrategyV2-V2,IDEALPRO-001,,STOP_MARKET,BUY,100000.00,GTC,True,False,0.00,NO_LIQUIDITY_SIDE,,,,NO_TRIGGER,CANCELED,OUO,OL-20250410-183000-001-V2-629,['O-20250410-183000-001-V2-1887'],O-20250410-183000-001-V2-1885,,,,['V2_POS1_SL'],99ceaec0-3f74-4761-9309-7bafeac6854c,1744309800000000000,1744311180000000000,1.12546,DEFAULT,,,,,
O-20250410-183000-001-V2-1887,BACKTESTER-001,MLSignalStrategyV2-V2,EUR/USD.IDEALPRO,IDEALPRO-1-1887,EUR/USD.IDEALPRO-MLSignalStrategyV2-V2,IDEALPRO-001,IDEALPRO-1-203143,LIMIT,BUY,100000.00,GTC,True,False,100000.00,MAKER,1.12146,-0.000500000000000167,['2.24 USD'],NO_TRIGGER,FILLED,OUO,OL-20250410-183000-001-V2-629,['O-20250410-183000-001-V2-1886'],O-20250410-183000-001-V2-1885,,,,['V2_POS1_TP'],a838f148-1c2b-4b2e-9cde-c9d55e954ffb,1744309800000000000,1744311180000000000,,,,,1.12196,False,
O-20250410-190000-001-V2-1888,BACKTESTER-001,MLSignalStrategyV2-V2,EUR/USD.IDEALPRO,IDEALPRO-1-1888,EUR/USD.IDEALPRO-MLSignalStrategyV2-V2,IDEALPRO-001,IDEALPRO-1-203158,MARKET,SELL,100000.00,GTC,False,False,100000.00,TAKER,1.12154,0.0,['2.24 USD'],NO_TRIGGER,FILLED,OTO,OL-20250410-190000-001-V2-630,"['O-20250410-190000-001-V2-1889', 'O-20250410-190000-001-V2-1890']",,,,,['V2_POS1'],ccb2294d-eee7-48f7-8d35-da07c2061723,1744311600000000000,1744311600000000000,,,,,,,
O-20250410-190000-001-V2-1889,BACKTESTER-001,MLSignalStrategyV2-V2,EUR/USD.IDEALPRO,IDEALPRO-1-1889,EUR/USD.IDEALPRO-MLSignalStrategyV2-V2,IDEALPRO-001,,STOP_MARKET,BUY,100000.00,GTC,True,False,0.00,NO_LIQUIDITY_SIDE,,,,NO_TRIGGER,CANCELED,OUO,OL-20250410-190000-001-V2-630,['O-20250410-190000-001-V2-1890'],O-20250410-190000-001-V2-1888,,,,['V2_POS1_SL'],ecef5d43-a224-4be0-9b59-1a314b101075,1744311600000000000,1744312080000000000,1.12320,DEFAULT,,,,,
O-20250410-190000-001-V2-1890,BACKTESTER-001,MLSignalStrategyV2-V2,EUR/USD.IDEALPRO,IDEALPRO-1-1890,EUR/USD.IDEALPRO-MLSignalStrategyV2-V2,IDEALPRO-001,IDEALPRO-1-203175,LIMIT,BUY,100000.00,GTC,True,False,100000.00,MAKER,1.11901,-0.0008899999999998354,['2.24 USD'],NO_TRIGGER,FILLED,OUO,OL-20250410-190000-001-V2-630,['O-20250410-190000-001-V2-1889'],O-20250410-190000-001-V2-1888,,,,['V2_POS1_TP'],61142987-f96c-4c15-86af-72b89267cac6,1744311600000000000,1744312080000000000,,,,,1.11990,False,
O-20250410-191500-001-V2-1891,BACKTESTER-001,MLSignalStrategyV2-V2,EUR/USD.IDEALPRO,IDEALPRO-1-1891,EUR/USD.IDEALPRO-MLSignalStrategyV2-V2,IDEALPRO-001,IDEALPRO-1-203190,MARKET,SELL,100000.00,GTC,False,False,100000.00,TAKER,1.11866,0.0,['2.24 USD'],NO_TRIGGER,FILLED,OTO,OL-20250410-191500-001-V2-631,"['O-20250410-191500-001-V2-1892', 'O-20250410-191500-001-V2-1893']",,,,,['V2_POS1'],a8dd11c3-f9fe-4e6f-82e2-c5b663439947,1744312500000000000,1744312500000000000,,,,,,,
O-20250410-191500-001-V2-1892,BACKTESTER-001,MLSignalStrategyV2-V2,EUR/USD.IDEALPRO,IDEALPRO-1-1892,EUR/USD.IDEALPRO-MLSignalStrategyV2-V2,IDEALPRO-001,,STOP_MARKET,BUY,100000.00,GTC,True,False,0.00,NO_LIQUIDITY_SIDE,,,,NO_TRIGGER,CANCELED,OUO,OL-20250410-191500-001-V2-631,['O-20250410-191500-001-V2-1893'],O-20250410-191500-001-V2-1891,,,,['V2_POS1_SL'],20af20ee-9b3a-4843-932a-5b53a3e4a9a3,1744312500000000000,1744312920000000000,1.12046,DEFAULT,,,,,
O-20250410-191500-001-V2-1893,BACKTESTER-001,MLSignalStrategyV2-V2,EUR/USD.IDEALPRO,IDEALPRO-1-1893,EUR/USD.IDEALPRO-MLSignalStrategyV2-V2,IDEALPRO-001,IDEALPRO-1-203205,LIMIT,BUY,100000.00,GTC,True,False,100000.00,MAKER,1.11637,-0.0004899999999998794,['2.23 USD'],NO_TRIGGER,FILLED,OUO,OL-20250410-191500-001-V2-631,['O-20250410-191500-001-V2-1892'],O-20250410-191500-001-V2-1891,,,,['V2_POS1_TP'],7b981112-514b-4aa4-8342-ab5eb4ae061e,1744312500000000000,1744312920000000000,,,,,1.11686,False,
O-20250411-011500-001-V2-1894,BACKTESTER-001,MLSignalStrategyV2-V2,EUR/USD.IDEALPRO,IDEALPRO-1-1894,EUR/USD.IDEALPRO-MLSignalStrategyV2-V2,IDEALPRO-001,IDEALPRO-1-203883,MARKET,SELL,100000.00,GTC,False,False,100000.00,TAKER,1.12902,0.0,['2.26 USD'],NO_TRIGGER,FILLED,OTO,OL-20250411-011500-001-V2-632,"['O-20250411-011500-001-V2-1895', 'O-20250411-011500-001-V2-1896']",,,,,['V2_POS1'],3dfd910a-bf27-45f6-bb51-10c96e1f057e,1744334100000000000,1744334100000000000,,,,,,,
O-20250411-011500-001-V2-1895,BACKTESTER-001,MLSignalStrategyV2-V2,EUR/USD.IDEALPRO,IDEALPRO-1-1895,EUR/USD.IDEALPRO-MLSignalStrategyV2-V2,IDEALPRO-001,IDEALPRO-1-203939,STOP_MARKET,BUY,100000.00,GTC,True,False,100000.00,TAKER,1.13229,0.0005800000000000249,['2.26 USD'],NO_TRIGGER,FILLED,OUO,OL-20250411-011500-001-V2-632,['O-20250411-011500-001-V2-1896'],O-20250411-011500-001-V2-1894,,,,['V2_POS1_SL'],202e42dc-5fc8-4f6f-bc62-480a6d0695f7,1744334100000000000,1744335780000000000,1.13171,DEFAULT,,,,,
O-20250411-011500-001-V2-1896,BACKTESTER-001,MLSignalStrategyV2-V2,EUR/USD.IDEALPRO,IDEALPRO-1-1896,EUR/USD.IDEALPRO-MLSignalStrategyV2-V2,IDEALPRO-001,,LIMIT,BUY,100000.00,GTC,True,False,0.00,NO_LIQUIDITY_SIDE,,,,NO_TRIGGER,CANCELED,OUO,OL-20250411-011500-001-V2-632,['O-20250411-011500-001-V2-1895'],O-20250411-011500-001-V2-1894,,,,['V2_POS1_TP'],06915c80-d7d2-4e90-81ad-3ff241c801a8,1744334100000000000,1744335780000000000,,,,,1.12633,False,
O-20250411-041500-001-V2-1897,BACKTESTER-001,MLSignalStrategyV2-V2,EUR/USD.IDEALPRO,IDEALPRO-1-1897,EUR/USD.IDEALPRO-MLSignalStrategyV2-V2,IDEALPRO-001,IDEALPRO-1-204244,MARKET,SELL,100000.00,GTC,False,False,100000.00,TAKER,1.13254,0.0,['2.27 USD'],NO_TRIGGER,FILLED,OTO,OL-20250411-041500-001-V2-633,"['O-20250411-041500-001-V2-1898', 'O-20250411-041500-001-V2-1899']",,,,,['V2_POS1'],ad8d39fc-c8ab-4299-bd2a-28a9659a0f31,1744344900000000000,1744344900000000000,,,,,,,
O-20250411-041500-001-V2-1898,BACKTESTER-001,MLSignalStrategyV2-V2,EUR/USD.IDEALPRO,IDEALPRO-1-1898,EUR/USD.IDEALPRO-MLSignalStrategyV2-V2,IDEALPRO-001,,STOP_MARKET,BUY,100000.00,GTC,True,False,0.00,NO_LIQUIDITY_SIDE,,,,NO_TRIGGER,CANCELED,OUO,OL-20250411-041500-001-V2-633,['O-20250411-041500-001-V2-1899'],O-20250411-041500-001-V2-1897,,,,['V2_POS1_SL'],b0a6ec06-78df-4b44-89ae-43b9322dbe96,1744344900000000000,1744347720000000000,1.13424,DEFAULT,,,,,
O-20250411-041500-001-V2-1899,BACKTESTER-001,MLSignalStrategyV2-V2,EUR/USD.IDEALPRO,IDEALPRO-1-1899,EUR/USD.IDEALPRO-MLSignalStrategyV2-V2,IDEALPRO-001,IDEALPRO-1-204339,LIMIT,BUY,100000.00,GTC,True,False,100000.00,MAKER,1.13045,-0.0003900000000001125,['2.26 USD'],NO_TRIGGER,FILLED,OUO,OL-20250411-041500-001-V2-633,['O-20250411-041500-001-V2-1898'],O-20250411-041500-001-V2-1897,,,,['V2_POS1_TP'],aed69e69-2362-48d1-85cb-02b98f06252a,1744344900000000000,1744347720000000000,,,,,1.13084,False,
O-20250411-053000-001-V2-1900,BACKTESTER-001,MLSignalStrategyV2-V2,EUR/USD.IDEALPRO,IDEALPRO-1-1900,EUR/USD.IDEALPRO-MLSignalStrategyV2-V2,IDEALPRO-001,IDEALPRO-1-204396,MARKET,BUY,100000.00,GTC,False,False,100000.00,TAKER,1.13005,0.0,['2.26 USD'],NO_TRIGGER,FILLED,OTO,OL-20250411-053000-001-V2-634,"['O-20250411-053000-001-V2-1901', 'O-20250411-053000-001-V2-1902']",,,,,['V2_POS1'],71aa5649-e3e5-41d0-8584-bd390be0594f,1744349400000000000,1744349400000000000,,,,,,,
O-20250411-053000-001-V2-1901,BACKTESTER-001,MLSignalStrategyV2-V2,EUR/USD.IDEALPRO,IDEALPRO-1-1901,EUR/USD.IDEALPRO-MLSignalStrategyV2-V2,IDEALPRO-001,IDEALPRO-1-204413,STOP_MARKET,SELL,100000.00,GTC,True,False,100000.00,TAKER,1.12843,0.00014999999999987246,['2.26 USD'],NO_TRIGGER,FILLED,OUO,OL-20250411-053000-001-V2-634,['O-20250411-053000-001-V2-1902'],O-20250411-053000-001-V2-1900,,,,['V2_POS1_SL'],d065782a-16fd-4f15-8edd-c6f02715677d,1744349400000000000,1744349880000000000,1.12858,DEFAULT,,,,,
O-20250411-053000-001-V2-1902,BACKTESTER-001,MLSignalStrategyV2-V2,EUR/USD.IDEALPRO,IDEALPRO-1-1902,EUR/USD.IDEALPRO-MLSignalStrategyV2-V2,IDEALPRO-001,,LIMIT,SELL,100000.00,GTC,True,False,0.00,NO_LIQUIDITY_SIDE,,,,NO_TRIGGER,CANCELED,OUO,OL-20250411-053000-001-V2-634,['O-20250411-053000-001-V2-1901'],O-20250411-053000-001-V2-1900,,,,['V2_POS1_TP'],49013cb9-54da-426a-942b-1066641b6ea9,1744349400000000000,1744349880000000000,,,,,1.13152,False,
O-20250411-054500-001-V2-1903,BACKTESTER-001,MLSignalStrategyV2-V2,EUR/USD.IDEALPRO,IDEALPRO-1-1903,EUR/USD.IDEALPRO-MLSignalStrategyV2-V2,IDEALPRO-001,IDEALPRO-1-204428,MARKET,BUY,100000.00,GTC,False,False,100000.00,TAKER,1.12753,0.0,['2.26 USD'],NO_TRIGGER,FILLED,OTO,OL-20250411-054500-001-V2-635,"['O-20250411-054500-001-V2-1904', 'O-20250411-054500-001-V2-1905']",,,,,['V2_POS1'],47fb29d5-18e7-46d3-9f41-60d2eb3aa577,1744350300000000000,1744350300000000000,,,,,,,
O-20250411-054500-001-V2-1904,BACKTESTER-001,MLSignalStrategyV2-V2,EUR/USD.IDEALPRO,IDEALPRO-1-1904,EUR/USD.IDEALPRO-MLSignalStrategyV2-V2,IDEALPRO-001,,STOP_MARKET,SELL,100000.00,GTC,True,False,0.00,NO_LIQUIDITY_SIDE,,,,NO_TRIGGER,CANCELED,OUO,OL-20250411-054500-001-V2-635,['O-20250411-054500-001-V2-1905'],O-20250411-054500-001-V2-1903,,,,['V2_POS1_SL'],e773d9fd-cf7d-4221-8d65-2cad12275fa4,1744350300000000000,1744351260000000000,1.12605,DEFAULT,,,,,
O-20250411-054500-001-V2-1905,BACKTESTER-001,MLSignalStrategyV2-V2,EUR/USD.IDEALPRO,IDEALPRO-1-1905,EUR/USD.IDEALPRO-MLSignalStrategyV2-V2,IDEALPRO-001,IDEALPRO-1-204461,LIMIT,SELL,100000.00,GTC,True,False,100000.00,MAKER,1.129,1.0000000000065512e-05,['2.26 USD'],NO_TRIGGER,FILLED,OUO,OL-20250411-054500-001-V2-635,['O-20250411-054500-001-V2-1904'],O-20250411-054500-001-V2-1903,,,,['V2_POS1_TP'],3f952fa8-a9f4-43be-a10c-374ad2379669,1744350300000000000,1744351260000000000,,,,,1.12901,False,
O-20250411-070000-001-V2-1906,BACKTESTER-001,MLSignalStrategyV2-V2,EUR/USD.IDEALPRO,IDEALPRO-1-1906,EUR/USD.IDEALPRO-MLSignalStrategyV2-V2,IDEALPRO-001,IDEALPRO-1-204580,MARKET,BUY,100000.00,GTC,False,False,100000.00,TAKER,1.12869,0.0,['2.26 USD'],NO_TRIGGER,FILLED,OTO,OL-20250411-070000-001-V2-636,"['O-20250411-070000-001-V2-1907', 'O-20250411-070000-001-V2-1908']",,,,,['V2_POS1'],40890579-14cf-4a75-aa1b-275efb06d62c,1744354800000000000,1744354800000000000,,,,,,,
O-20250411-070000-001-V2-1907,BACKTESTER-001,MLSignalStrategyV2-V2,EUR/USD.IDEALPRO,IDEALPRO-1-1907,EUR/USD.IDEALPRO-MLSignalStrategyV2-V2,IDEALPRO-001,,STOP_MARKET,SELL,100000.00,GTC,True,False,0.00,NO_LIQUIDITY_SIDE,,,,NO_TRIGGER,CANCELED,OUO,OL-20250411-070000-001-V2-636,['O-20250411-070000-001-V2-1908'],O-20250411-070000-001-V2-1906,,,,['V2_POS1_SL'],591e6919-e8a7-46c1-99e4-786ad64aca8e,1744354800000000000,1744355040000000000,1.12695,DEFAULT,,,,,
O-20250411-070000-001-V2-1908,BACKTESTER-001,MLSignalStrategyV2-V2,EUR/USD.IDEALPRO,IDEALPRO-1-1908,EUR/USD.IDEALPRO-MLSignalStrategyV2-V2,IDEALPRO-001,IDEALPRO-1-204589,LIMIT,SELL,100000.00,GTC,True,False,100000.00,MAKER,1.13118,-0.0007700000000001594,['2.26 USD'],NO_TRIGGER,FILLED,OUO,OL-20250411-070000-001-V2-636,['O-20250411-070000-001-V2-1907'],O-20250411-070000-001-V2-1906,,,,['V2_POS1_TP'],79a3226f-4fab-42d0-81c4-fde13c3f7fc9,1744354800000000000,1744355040000000000,,,,,1.13041,False,
O-20250411-071500-001-V2-1909,BACKTESTER-001,MLSignalStrategyV2-V2,EUR/USD.IDEALPRO,IDEALPRO-1-1909,EUR/USD.IDEALPRO-MLSignalStrategyV2-V2,IDEALPRO-001,IDEALPRO-1-204612,MARKET,SELL,100000.00,GTC,False,False,100000.00,TAKER,1.13347,0.0,['2.27 USD'],NO_TRIGGER,FILLED,OTO,OL-20250411-071500-001-V2-637,"['O-20250411-071500-001-V2-1910', 'O-20250411-071500-001-V2-1911']",,,,,['V2_POS1'],5799b8da-3f4b-4359-b35a-4bae6cd475f4,1744355700000000000,1744355700000000000,,,,,,,
O-20250411-071500-001-V2-1910,BACKTESTER-001,MLSignalStrategyV2-V2,EUR/USD.IDEALPRO,IDEALPRO-1-1910,EUR/USD.IDEALPRO-MLSignalStrategyV2-V2,IDEALPRO-001,IDEALPRO-1-204649,STOP_MARKET,BUY,100000.00,GTC,True,False,100000.00,TAKER,1.13621,0.0007500000000000284,['2.27 USD'],NO_TRIGGER,FILLED,OUO,OL-20250411-071500-001-V2-637,['O-20250411-071500-001-V2-1911'],O-20250411-071500-001-V2-1909,,,,['V2_POS1_SL'],1a82bdb6-6795-42f8-aafa-a02c4ee3800e,1744355700000000000,1744356780000000000,1.13546,DEFAULT,,,,,
O-20250411-071500-001-V2-1911,BACKTESTER-001,MLSignalStrategyV2-V2,EUR/USD.IDEALPRO,IDEALPRO-1-1911,EUR/USD.IDEALPRO-MLSignalStrategyV2-V2,IDEALPRO-001,,LIMIT,BUY,100000.00,GTC,True,False,0.00,NO_LIQUIDITY_SIDE,,,,NO_TRIGGER,CANCELED,OUO,OL-20250411-071500-001-V2-637,['O-20250411-071500-001-V2-1910'],O-20250411-071500-001-V2-1909,,,,['V2_POS1_TP'],3b6454e6-c9b5-4bb7-ab2e-af04859d7338,1744355700000000000,1744356780000000000,,,,,1.13148,False,
O-20250411-074500-001-V2-1912,BACKTESTER-001,MLSignalStrategyV2-V2,EUR/USD.IDEALPRO,IDEALPRO-1-1912,EUR/USD.IDEALPRO-MLSignalStrategyV2-V2,IDEALPRO-001,IDEALPRO-1-204674,MARKET,SELL,100000.00,GTC,False,False,100000.00,TAKER,1.13489,0.0,['2.27 USD'],NO_TRIGGER,FILLED,OTO,OL-20250411-074500-001-V2-638,"['O-20250411-074500-001-V2-1913', 'O-20250411-074500-001-V2-1914']",,,,,['V2_POS1'],1c3037a6-6adf-4db3-8bf5-1b47cb08029e,1744357500000000000,1744357500000000000,,,,,,,
O-20250411-074500-001-V2-1913,BACKTESTER-001,MLSignalStrategyV2-V2,EUR/USD.IDEALPRO,IDEALPRO-1-1913,EUR/USD.IDEALPRO-MLSignalStrategyV2-V2,IDEALPRO-001,IDEALPRO-1-204709,STOP_MARKET,BUY,100000.00,GTC,True,False,100000.00,TAKER,1.13779,0.000600000000000156,['2.28 USD'],NO_TRIGGER,FILLED,OUO,OL-20250411-074500-001-V2-638,['O-20250411-074500-001-V2-1914'],O-20250411-074500-001-V2-1912,,,,['V2_POS1_SL'],7fbfee65-b5d3-4aea-a2ae-6fece5cccc7e,1744357500000000000,1744358520000000000,1.13719,DEFAULT,,,,,
O-20250411-074500-001-V2-1914,BACKTESTER-001,MLSignalStrategyV2-V2,EUR/USD.IDEALPRO,IDEALPRO-1-1914,EUR/USD.IDEALPRO-MLSignalStrategyV2-V2,IDEALPRO-001,,LIMIT,BUY,100000.00,GTC,True,False,0.00,NO_LIQUIDITY_SIDE,,,,NO_TRIGGER,CANCELED,OUO,OL-20250411-074500-001-V2-638,['O-20250411-074500-001-V2-1913'],O-20250411-074500-001-V2-1912,,,,['V2_POS1_TP'],54fd80b8-499d-40e3-8b44-10da6bd7cc14,1744357500000000000,1744358520000000000,,,,,1.13261,False,
O-20250411-090000-001-V2-1915,BACKTESTER-001,MLSignalStrategyV2-V2,EUR/USD.IDEALPRO,IDEALPRO-1-1915,EUR/USD.IDEALPRO-MLSignalStrategyV2-V2,IDEALPRO-001,IDEALPRO-1-204826,MARKET,SELL,100000.00,GTC,False,False,100000.00,TAKER,1.14271,0.0,['2.29 USD'],NO_TRIGGER,FILLED,OTO,OL-20250411-090000-001-V2-639,"['O-20250411-090000-001-V2-1916', 'O-20250411-090000-001-V2-1917']",,,,,['V2_POS1'],625f00fd-f8c6-4609-9710-a780bf319c4e,1744362000000000000,1744362000000000000,,,,,,,
O-20250411-090000-001-V2-1916,BACKTESTER-001,MLSignalStrategyV2-V2,EUR/USD.IDEALPRO,IDEALPRO-1-1916,EUR/USD.IDEALPRO-MLSignalStrategyV2-V2,IDEALPRO-001,,STOP_MARKET,BUY,100000.00,GTC,True,False,0.00,NO_LIQUIDITY_SIDE,,,,NO_TRIGGER,CANCELED,OUO,OL-20250411-090000-001-V2-639,['O-20250411-090000-001-V2-1917'],O-20250411-090000-001-V2-1915,,,,['V2_POS1_SL'],1fb10012-c2bc-4113-a6a0-4fe76fd1b869,1744362000000000000,1744362540000000000,1.14586,DEFAULT,,,,,
O-20250411-090000-001-V2-1917,BACKTESTER-001,MLSignalStrategyV2-V2,EUR/USD.IDEALPRO,IDEALPRO-1-1917,EUR/USD.IDEALPRO-MLSignalStrategyV2-V2,IDEALPRO-001,IDEALPRO-1-204845,LIMIT,BUY,100000.00,GTC,True,False,100000.00,MAKER,1.13887,-0.0007099999999999884,['2.28 USD'],NO_TRIGGER,FILLED,OUO,OL-20250411-090000-001-V2-639,['O-20250411-090000-001-V2-1916'],O-20250411-090000-001-V2-1915,,,,['V2_POS1_TP'],6b2ec0cf-235f-46ab-a804-2692ea13e13e,1744362000000000000,1744362540000000000,,,,,1.13958,False,
O-20250411-091500-001-V2-1918,BACKTESTER-001,MLSignalStrategyV2-V2,EUR/USD.IDEALPRO,IDEALPRO-1-1918,EUR/USD.IDEALPRO-MLSignalStrategyV2-V2,IDEALPRO-001,IDEALPRO-1-204858,MARKET,SELL,100000.00,GTC,False,False,100000.00,TAKER,1.13995,0.0,['2.28 USD'],NO_TRIGGER,FILLED,OTO,OL-20250411-091500-001-V2-640,"['O-20250411-091500-001-V2-1919', 'O-20250411-091500-001-V2-1920']",,,,,['V2_POS1'],8d9a1180-e1a8-4857-8ce0-7186a3cb00d5,1744362900000000000,1744362900000000000,,,,,,,
O-20250411-091500-001-V2-1919,BACKTESTER-001,MLSignalStrategyV2-V2,EUR/USD.IDEALPRO,IDEALPRO-1-1919,EUR/USD.IDEALPRO-MLSignalStrategyV2-V2,IDEALPRO-001,,STOP_MARKET,BUY,100000.00,GTC,True,False,0.00,NO_LIQUIDITY_SIDE,,,,NO_TRIGGER,CANCELED,OUO,OL-20250411-091500-001-V2-640,['O-20250411-091500-001-V2-1920'],O-20250411-091500-001-V2-1918,,,,['V2_POS1_SL'],37eb1ad1-b646-4f45-8d71-197c4b9455e7,1744362900000000000,1744365660000000000,1.14318,DEFAULT,,,,,
O-20250411-091500-001-V2-1920,BACKTESTER-001,MLSignalStrategyV2-V2,EUR/USD.IDEALPRO,IDEALPRO-1-1920,EUR/USD.IDEALPRO-MLSignalStrategyV2-V2,IDEALPRO-001,IDEALPRO-1-204951,LIMIT,BUY,100000.00,GTC,True,False,100000.00,MAKER,1.1362,-0.0005399999999999849,['2.27 USD'],NO_TRIGGER,FILLED,OUO,OL-20250411-091500-001-V2-640,['O-20250411-091500-001-V2-1919'],O-20250411-091500-001-V2-1918,,,,['V2_POS1_TP'],5dd6c90a-78c8-4eb7-a327-ae8452875f07,1744362900000000000,1744365660000000000,,,,,1.13674,False,
O-20250411-103000-001-V2-1921,BACKTESTER-001,MLSignalStrategyV2-V2,EUR/USD.IDEALPRO,IDEALPRO-1-1921,EUR/USD.IDEALPRO-MLSignalStrategyV2-V2,IDEALPRO-001,IDEALPRO-1-205010,MARKET,BUY,100000.00,GTC,False,False,100000.00,TAKER,1.13617,0.0,['2.27 USD'],NO_TRIGGER,FILLED,OTO,OL-20250411-103000-001-V2-641,"['O-20250411-103000-001-V2-1922', 'O-20250411-103000-001-V2-1923']",,,,,['V2_POS1'],93cc9ce6-b6c3-4c23-949e-af553a57ac85,1744367400000000000,1744367400000000000,,,,,,,
O-20250411-103000-001-V2-1922,BACKTESTER-001,MLSignalStrategyV2-V2,EUR/USD.IDEALPRO,IDEALPRO-1-1922,EUR/USD.IDEALPRO-MLSignalStrategyV2-V2,IDEALPRO-001,IDEALPRO-1-205035,STOP_MARKET,SELL,100000.00,GTC,True,False,100000.00,TAKER,1.13334,4.0000000000040004e-05,['2.27 USD'],NO_TRIGGER,FILLED,OUO,OL-20250411-103000-001-V2-641,['O-20250411-103000-001-V2-1923'],O-20250411-103000-001-V2-1921,,,,['V2_POS1_SL'],4e88136b-0713-4e96-ba1d-159dbfac211e,1744367400000000000,1744368120000000000,1.13338,DEFAULT,,,,,
O-20250411-103000-001-V2-1923,BACKTESTER-001,MLSignalStrategyV2-V2,EUR/USD.IDEALPRO,IDEALPRO-1-1923,EUR/USD.IDEALPRO-MLSignalStrategyV2-V2,IDEALPRO-001,,LIMIT,SELL,100000.00,GTC,True,False,0.00,NO_LIQUIDITY_SIDE,,,,NO_TRIGGER,CANCELED,OUO,OL-20250411-103000-001-V2-641,['O-20250411-103000-001-V2-1922'],O-20250411-103000-001-V2-1921,,,,['V2_POS1_TP'],da920ca5-1478-4c5c-b7f2-d3b342298cee,1744367400000000000,1744368120000000000,,,,,1.13896,False,
O-20250411-104500-001-V2-1924,BACKTESTER-001,MLSignalStrategyV2-V2,EUR/USD.IDEALPRO,IDEALPRO-1-1924,EUR/USD.IDEALPRO-MLSignalStrategyV2-V2,IDEALPRO-001,IDEALPRO-1-205042,MARKET,BUY,100000.00,GTC,False,False,100000.00,TAKER,1.1334,0.0,['2.27 USD'],NO_TRIGGER,FILLED,OTO,OL-20250411-104500-001-V2-642,"['O-20250411-104500-001-V2-1925', 'O-20250411-104500-001-V2-1926']",,,,,['V2_POS1'],543a5e6b-4bd6-44ef-9428-0f118b55840c,1744368300000000000,1744368300000000000,,,,,,,
O-20250411-104500-001-V2-1925,BACKTESTER-001,MLSignalStrategyV2-V2,EUR/USD.IDEALPRO,IDEALPRO-1-1925,EUR/USD.IDEALPRO-MLSignalStrategyV2-V2,IDEALPRO-001,,STOP_MARKET,SELL,100000.00,GTC,True,False,0.00,NO_LIQUIDITY_SIDE,,,,NO_TRIGGER,CANCELED,OUO,OL-20250411-104500-001-V2-642,['O-20250411-104500-001-V2-1926'],O-20250411-104500-001-V2-1924,,,,['V2_POS1_SL'],f7919de3-d83a-4ae8-97be-9326bb3e9721,1744368300000000000,1744370640000000000,1.13061,DEFAULT,,,,,
O-20250411-104500-001-V2-1926,BACKTESTER-001,MLSignalStrategyV2-V2,EUR/USD.IDEALPRO,IDEALPRO-1-1926,EUR/USD.IDEALPRO-MLSignalStrategyV2-V2,IDEALPRO-001,IDEALPRO-1-205121,LIMIT,SELL,100000.00,GTC,True,False,100000.00,MAKER,1.13646,-0.0002900000000001235,['2.27 USD'],NO_TRIGGER,FILLED,OUO,OL-20250411-104500-001-V2-642,['O-20250411-104500-001-V2-1925'],O-20250411-104500-001-V2-1924,,,,['V2_POS1_TP'],c60bc5af-9fec-474f-904b-4bdeb1e8560f,1744368300000000000,1744370640000000000,,,,,1.13617,False,
O-20250411-130000-001-V2-1927,BACKTESTER-001,MLSignalStrategyV2-V2,EUR/USD.IDEALPRO,IDEALPRO-1-1927,EUR/USD.IDEALPRO-MLSignalStrategyV2-V2,IDEALPRO-001,IDEALPRO-1-205314,MARKET,SELL,100000.00,GTC,False,False,100000.00,TAKER,1.13956,0.0,['2.28 USD'],NO_TRIGGER,FILLED,OTO,OL-20250411-130000-001-V2-643,"['O-20250411-130000-001-V2-1928', 'O-20250411-130000-001-V2-1929']",,,,,['V2_POS1'],ad96ae4c-8696-4387-8cbb-23c26142e02a,1744376400000000000,1744376400000000000,,,,,,,
O-20250411-130000-001-V2-1928,BACKTESTER-001,MLSignalStrategyV2-V2,EUR/USD.IDEALPRO,IDEALPRO-1-1928,EUR/USD.IDEALPRO-MLSignalStrategyV2-V2,IDEALPRO-001,,STOP_MARKET,BUY,100000.00,GTC,True,False,0.00,NO_LIQUIDITY_SIDE,,,,NO_TRIGGER,CANCELED,OUO,OL-20250411-130000-001-V2-643,['O-20250411-130000-001-V2-1929'],O-20250411-130000-001-V2-1927,,,,['V2_POS1_SL'],9a0ca910-ade8-469c-90ab-0845f97f1011,1744376400000000000,1744378740000000000,1.14225,DEFAULT,,,,,
O-20250411-130000-001-V2-1929,BACKTESTER-001,MLSignalStrategyV2-V2,EUR/USD.IDEALPRO,IDEALPRO-1-1929,EUR/USD.IDEALPRO-MLSignalStrategyV2-V2,IDEALPRO-001,IDEALPRO-1-205393,LIMIT,BUY,100000.00,GTC,True,False,100000.00,MAKER,1.13569,-0.0011799999999999589,['2.27 USD'],NO_TRIGGER,FILLED,OUO,OL-20250411-130000-001-V2-643,['O-20250411-130000-001-V2-1928'],O-20250411-130000-001-V2-1927,,,,['V2_POS1_TP'],8ae9c545-69ca-4773-b50f-812a58b32326,1744376400000000000,1744378740000000000,,,,,1.13687,False,
O-20250411-134500-001-V2-1930,BACKTESTER-001,MLSignalStrategyV2-V2,EUR/USD.IDEALPRO,IDEALPRO-1-1930,EUR/USD.IDEALPRO-MLSignalStrategyV2-V2,IDEALPRO-001,IDEALPRO-1-205406,MARKET,SELL,100000.00,GTC,False,False,100000.00,TAKER,1.13812,0.0,['2.28 USD'],NO_TRIGGER,FILLED,OTO,OL-20250411-134500-001-V2-644,"['O-20250411-134500-001-V2-1931', 'O-20250411-134500-001-V2-1932']",,,,,['V2_POS1'],eeb1389f-6ce0-4c57-b65d-395183e0cb92,1744379100000000000,1744379100000000000,,,,,,,
O-20250411-134500-001-V2-1931,BACKTESTER-001,MLSignalStrategyV2-V2,EUR/USD.IDEALPRO,IDEALPRO-1-1931,EUR/USD.IDEALPRO-MLSignalStrategyV2-V2,IDEALPRO-001,,STOP_MARKET,BUY,100000.00,GTC,True,False,0.00,NO_LIQUIDITY_SIDE,,,,NO_TRIGGER,CANCELED,OUO,OL-20250411-134500-001-V2-644,['O-20250411-134500-001-V2-1932'],O-20250411-134500-001-V2-1930,,,,['V2_POS1_SL'],2495e533-f01d-406d-b78b-804ae8b159da,1744379100000000000,1744379280000000000,1.14099,DEFAULT,,,,,
O-20250411-134500-001-V2-1932,BACKTESTER-001,MLSignalStrategyV2-V2,EUR/USD.IDEALPRO,IDEALPRO-1-1932,EUR/USD.IDEALPRO-MLSignalStrategyV2-V2,IDEALPRO-001,IDEALPRO-1-205413,LIMIT,BUY,100000.00,GTC,True,False,100000.00,MAKER,1.13355,-0.0017199999999999438,['2.27 USD'],NO_TRIGGER,FILLED,OUO,OL-20250411-134500-001-V2-644,['O-20250411-134500-001-V2-1931'],O-20250411-134500-001-V2-1930,,,,['V2_POS1_TP'],8a9261aa-8ae5-4fa2-a1b3-c12fe37edd67,1744379100000000000,1744379280000000000,,,,,1.13527,False,
O-20250411-151500-001-V2-1933,BACKTESTER-001,MLSignalStrategyV2-V2,EUR/USD.IDEALPRO,IDEALPRO-1-1933,EUR/USD.IDEALPRO-MLSignalStrategyV2-V2,IDEALPRO-001,IDEALPRO-1-205588,MARKET,BUY,100000.00,GTC,False,False,100000.00,TAKER,1.13278,0.0,['2.27 USD'],NO_TRIGGER,FILLED,OTO,OL-20250411-151500-001-V2-645,"['O-20250411-151500-001-V2-1934', 'O-20250411-151500-001-V2-1935']",,,,,['V2_POS1'],a0f271b0-45b0-4eb1-acf0-2fc67d96c012,1744384500000000000,1744384500000000000,,,,,,,
O-20250411-151500-001-V2-1934,BACKTESTER-001,MLSignalStrategyV2-V2,EUR/USD.IDEALPRO,IDEALPRO-1-1934,EUR/USD.IDEALPRO-MLSignalStrategyV2-V2,IDEALPRO-001,IDEALPRO-1-205717,STOP_MARKET,SELL,100000.00,GTC,True,False,100000.00,TAKER,1.12948,0.0005399999999999849,['2.26 USD'],NO_TRIGGER,FILLED,OUO,OL-20250411-151500-001-V2-645,['O-20250411-151500-001-V2-1935'],O-20250411-151500-001-V2-1933,,,,['V2_POS1_SL'],47bfcdea-3317-469b-9757-d1c48c5d5acc,1744384500000000000,1744388340000000000,1.13002,DEFAULT,,,,,
O-20250411-151500-001-V2-1935,BACKTESTER-001,MLSignalStrategyV2-V2,EUR/USD.IDEALPRO,IDEALPRO-1-1935,EUR/USD.IDEALPRO-MLSignalStrategyV2-V2,IDEALPRO-001,,LIMIT,SELL,100000.00,GTC,True,False,0.00,NO_LIQUIDITY_SIDE,,,,NO_TRIGGER,CANCELED,OUO,OL-20250411-151500-001-V2-645,['O-20250411-151500-001-V2-1934'],O-20250411-151500-001-V2-1933,,,,['V2_POS1_TP'],82d99eec-549f-419c-a50c-cbaf4646ce88,1744384500000000000,1744388340000000000,,,,,1.13554,False,
O-20250411-163000-001-V2-1936,BACKTESTER-001,MLSignalStrategyV2-V2,EUR/USD.IDEALPRO,IDEALPRO-1-1936,EUR/USD.IDEALPRO-MLSignalStrategyV2-V2,IDEALPRO-001,IDEALPRO-1-205740,MARKET,BUY,100000.00,GTC,False,False,100000.00,TAKER,1.12898,0.0,['2.26 USD'],NO_TRIGGER,FILLED,OTO,OL-20250411-163000-001-V2-646,"['O-20250411-163000-001-V2-1937', 'O-20250411-163000-001-V2-1938']",,,,,['V2_POS1'],a14bbc37-79ed-4106-9159-e2912c8c1656,1744389000000000000,1744389000000000000,,,,,,,
O-20250411-163000-001-V2-1937,BACKTESTER-001,MLSignalStrategyV2-V2,EUR/USD.IDEALPRO,IDEALPRO-1-1937,EUR/USD.IDEALPRO-MLSignalStrategyV2-V2,IDEALPRO-001,,STOP_MARKET,SELL,100000.00,GTC,True,False,0.00,NO_LIQUIDITY_SIDE,,,,NO_TRIGGER,CANCELED,OUO,OL-20250411-163000-001-V2-646,['O-20250411-163000-001-V2-1938'],O-20250411-163000-001-V2-1936,,,,['V2_POS1_SL'],029c1b85-1614-4691-9b83-d7e46f6c94b1,1744389000000000000,1744391280000000000,1.12664,DEFAULT,,,,,
O-20250411-163000-001-V2-1938,BACKTESTER-001,MLSignalStrategyV2-V2,EUR/USD.IDEALPRO,IDEALPRO-1-1938,EUR/USD.IDEALPRO-MLSignalStrategyV2-V2,IDEALPRO-001,IDEALPRO-1-205817,LIMIT,SELL,100000.00,GTC,True,False,100000.00,MAKER,1.13141,-8.999999999992347e-05,['2.26 USD'],NO_TRIGGER,FILLED,OUO,OL-20250411-163000-001-V2-646,['O-20250411-163000-001-V2-1937'],O-20250411-163000-001-V2-1936,,,,['V2_POS1_TP'],90e4ff8a-2e9b-4557-a522-8445556c16e1,1744389000000000000,1744391280000000000,,,,,1.13132,False,
O-20250411-200000-001-V2-1939,BACKTESTER-001,MLSignalStrategyV2-V2,EUR/USD.IDEALPRO,IDEALPRO-1-1939,EUR/USD.IDEALPRO-MLSignalStrategyV2-V2,IDEALPRO-001,IDEALPRO-1-206162,MARKET,SELL,100000.00,GTC,False,False,100000.00,TAKER,1.13418,0.0,['2.27 USD'],NO_TRIGGER,FILLED,OTO,OL-20250411-200000-001-V2-647,"['O-20250411-200000-001-V2-1940', 'O-20250411-200000-001-V2-1941']",,,,,['V2_POS1'],34ced9e6-e8a6-4932-b022-fc8a62046f8d,1744401600000000000,1744401600000000000,,,,,,,
O-20250411-200000-001-V2-1940,BACKTESTER-001,MLSignalStrategyV2-V2,EUR/USD.IDEALPRO,IDEALPRO-1-1940,EUR/USD.IDEALPRO-MLSignalStrategyV2-V2,IDEALPRO-001,IDEALPRO-1-206279,STOP_MARKET,BUY,100000.00,GTC,True,False,100000.00,TAKER,1.13595,0.00021000000000004349,['2.27 USD'],NO_TRIGGER,FILLED,OUO,OL-20250411-200000-001-V2-647,['O-20250411-200000-001-V2-1941'],O-20250411-200000-001-V2-1939,,,,['V2_POS1_SL'],d64a0e31-1626-4f19-8e5e-987654e34cd8,1744401600000000000,1744405080000000000,1.13574,DEFAULT,,,,,
O-20250411-200000-001-V2-1941,BACKTESTER-001,MLSignalStrategyV2-V2,EUR/USD.IDEALPRO,IDEALPRO-1-1941,EUR/USD.IDEALPRO-MLSignalStrategyV2-V2,IDEALPRO-001,,LIMIT,BUY,100000.00,GTC,True,False,0.00,NO_LIQUIDITY_SIDE,,,,NO_TRIGGER,CANCELED,OUO,OL-20250411-200000-001-V2-647,['O-20250411-200000-001-V2-1940'],O-20250411-200000-001-V2-1939,,,,['V2_POS1_TP'],989cfa45-3496-49bc-9185-7dff06ab7f9d,1744401600000000000,1744405080000000000,,,,,1.13262,False,
O-20250413-213000-001-V2-1942,BACKTESTER-001,MLSignalStrategyV2-V2,EUR/USD.IDEALPRO,IDEALPRO-1-1942,EUR/USD.IDEALPRO-MLSignalStrategyV2-V2,IDEALPRO-001,IDEALPRO-1-206314,MARKET,BUY,100000.00,GTC,False,False,100000.00,TAKER,1.13193,0.0,['2.26 USD'],NO_TRIGGER,FILLED,OTO,OL-20250413-213000-001-V2-648,"['O-20250413-213000-001-V2-1943', 'O-20250413-213000-001-V2-1944']",,,,,['V2_POS1'],24057a12-4981-4007-9d01-27488987745b,1744579800000000000,1744579800000000000,,,,,,,
O-20250413-213000-001-V2-1943,BACKTESTER-001,MLSignalStrategyV2-V2,EUR/USD.IDEALPRO,IDEALPRO-1-1943,EUR/USD.IDEALPRO-MLSignalStrategyV2-V2,IDEALPRO-001,,STOP_MARKET,SELL,100000.00,GTC,True,False,0.00,NO_LIQUIDITY_SIDE,,,,NO_TRIGGER,CANCELED,OUO,OL-20250413-213000-001-V2-648,['O-20250413-213000-001-V2-1944'],O-20250413-213000-001-V2-1942,,,,['V2_POS1_SL'],6a5b5ec8-2fa7-4406-b593-e61063541b76,1744579800000000000,1744582680000000000,1.13055,DEFAULT,,,,,
O-20250413-213000-001-V2-1944,BACKTESTER-001,MLSignalStrategyV2-V2,EUR/USD.IDEALPRO,IDEALPRO-1-1944,EUR/USD.IDEALPRO-MLSignalStrategyV2-V2,IDEALPRO-001,IDEALPRO-1-206411,LIMIT,SELL,100000.00,GTC,True,False,100000.00,MAKER,1.13361,-0.00029999999999996696,['2.27 USD'],NO_TRIGGER,FILLED,OUO,OL-20250413-213000-001-V2-648,['O-20250413-213000-001-V2-1943'],O-20250413-213000-001-V2-1942,,,,['V2_POS1_TP'],a5f72af5-76cd-4aa8-aeea-94e1102c75ae,1744579800000000000,1744582680000000000,,,,,1.13331,False,
O-20250413-223000-001-V2-1945,BACKTESTER-001,MLSignalStrategyV2-V2,EUR/USD.IDEALPRO,IDEALPRO-1-1945,EUR/USD.IDEALPRO-MLSignalStrategyV2-V2,IDEALPRO-001,IDEALPRO-1-206436,MARKET,BUY,100000.00,GTC,False,False,100000.00,TAKER,1.13438,0.0,['2.27 USD'],NO_TRIGGER,FILLED,OTO,OL-20250413-223000-001-V2-649,"['O-20250413-223000-001-V2-1946', 'O-20250413-223000-001-V2-1947']",,,,,['V2_POS1'],8b3b58c2-72e2-43e2-bcf9-952bb928b4ac,1744583400000000000,1744583400000000000,,,,,,,
O-20250413-223000-001-V2-1946,BACKTESTER-001,MLSignalStrategyV2-V2,EUR/USD.IDEALPRO,IDEALPRO-1-1946,EUR/USD.IDEALPRO-MLSignalStrategyV2-V2,IDEALPRO-001,,STOP_MARKET,SELL,100000.00,GTC,True,False,0.00,NO_LIQUIDITY_SIDE,,,,NO_TRIGGER,CANCELED,OUO,OL-20250413-223000-001-V2-649,['O-20250413-223000-001-V2-1947'],O-20250413-223000-001-V2-1945,,,,['V2_POS1_SL'],e72abdc7-d960-43a6-8b4a-0a4b0d152872,1744583400000000000,1744583640000000000,1.13333,DEFAULT,,,,,
O-20250413-223000-001-V2-1947,BACKTESTER-001,MLSignalStrategyV2-V2,EUR/USD.IDEALPRO,IDEALPRO-1-1947,EUR/USD.IDEALPRO-MLSignalStrategyV2-V2,IDEALPRO-001,IDEALPRO-1-206445,LIMIT,SELL,100000.00,GTC,True,False,100000.00,MAKER,1.13552,-9.000000000014552e-05,['2.27 USD'],NO_TRIGGER,FILLED,OUO,OL-20250413-223000-001-V2-649,['O-20250413-223000-001-V2-1946'],O-20250413-223000-001-V2-1945,,,,['V2_POS1_TP'],8b02b9a3-65d1-4382-aee0-bc7ddbbe3664,1744583400000000000,1744583640000000000,,,,,1.13543,False,
O-20250413-224500-001-V2-1948,BACKTESTER-001,MLSignalStrategyV2-V2,EUR/USD.IDEALPRO,IDEALPRO-1-1948,EUR/USD.IDEALPRO-MLSignalStrategyV2-V2,IDEALPRO-001,IDEALPRO-1-206468,MARKET,BUY,100000.00,GTC,False,False,100000.00,TAKER,1.13406,0.0,['2.27 USD'],NO_TRIGGER,FILLED,OTO,OL-20250413-224500-001-V2-650,"['O-20250413-224500-001-V2-1949', 'O-20250413-224500-001-V2-1950']",,,,,['V2_POS1'],de4c8748-365a-4dd1-afff-2a7b0639009e,1744584300000000000,1744584300000000000,,,,,,,
O-20250413-224500-001-V2-1949,BACKTESTER-001,MLSignalStrategyV2-V2,EUR/USD.IDEALPRO,IDEALPRO-1-1949,EUR/USD.IDEALPRO-MLSignalStrategyV2-V2,IDEALPRO-001,IDEALPRO-1-206507,STOP_MARKET,SELL,100000.00,GTC,True,False,100000.00,TAKER,1.13291,4.999999999988347e-05,['2.27 USD'],NO_TRIGGER,FILLED,OUO,OL-20250413-224500-001-V2-650,['O-20250413-224500-001-V2-1950'],O-20250413-224500-001-V2-1948,,,,['V2_POS1_SL'],da44230e-72ba-4d64-a222-414ba98b3313,1744584300000000000,1744585440000000000,1.13296,DEFAULT,,,,,
O-20250413-224500-001-V2-1950,BACKTESTER-001,MLSignalStrategyV2-V2,EUR/USD.IDEALPRO,IDEALPRO-1-1950,EUR/USD.IDEALPRO-MLSignalStrategyV2-V2,IDEALPRO-001,,LIMIT,SELL,100000.00,GTC,True,False,0.00,NO_LIQUIDITY_SIDE,,,,NO_TRIGGER,CANCELED,OUO,OL-20250413-224500-001-V2-650,['O-20250413-224500-001-V2-1949'],O-20250413-224500-001-V2-1948,,,,['V2_POS1_TP'],dadcb4c4-60e7-4957-85e2-d0ed43ecad84,1744584300000000000,1744585440000000000,,,,,1.13516,False,
O-20250413-231500-001-V2-1951,BACKTESTER-001,MLSignalStrategyV2-V2,EUR/USD.IDEALPRO,IDEALPRO-1-1951,EUR/USD.IDEALPRO-MLSignalStrategyV2-V2,IDEALPRO-001,IDEALPRO-1-206530,MARKET,BUY,100000.00,GTC,False,False,100000.00,TAKER,1.13337,0.0,['2.27 USD'],NO_TRIGGER,FILLED,OTO,OL-20250413-231500-001-V2-651,"['O-20250413-231500-001-V2-1952', 'O-20250413-231500-001-V2-1953']",,,,,['V2_POS1'],69379bf0-e592-4d2c-a63b-f941ac609e63,1744586100000000000,1744586100000000000,,,,,,,
O-20250413-231500-001-V2-1952,BACKTESTER-001,MLSignalStrategyV2-V2,EUR/USD.IDEALPRO,IDEALPRO-1-1952,EUR/USD.IDEALPRO-MLSignalStrategyV2-V2,IDEALPRO-001,,STOP_MARKET,SELL,100000.00,GTC,True,False,0.00,NO_LIQUIDITY_SIDE,,,,NO_TRIGGER,CANCELED,OUO,OL-20250413-231500-001-V2-651,['O-20250413-231500-001-V2-1953'],O-20250413-231500-001-V2-1951,,,,['V2_POS1_SL'],53a2ebc2-e883-4d32-b341-ba2ede5059c1,1744586100000000000,1744588080000000000,1.13221,DEFAULT,,,,,
O-20250413-231500-001-V2-1953,BACKTESTER-001,MLSignalStrategyV2-V2,EUR/USD.IDEALPRO,IDEALPRO-1-1953,EUR/USD.IDEALPRO-MLSignalStrategyV2-V2,IDEALPRO-001,IDEALPRO-1-206597,LIMIT,SELL,100000.00,GTC,True,False,100000.00,MAKER,1.13494,-0.00041000000000002146,['2.27 USD'],NO_TRIGGER,FILLED,OUO,OL-20250413-231500-001-V2-651,['O-20250413-231500-001-V2-1952'],O-20250413-231500-001-V2-1951,,,,['V2_POS1_TP'],43920480-7ba7-4d7b-be24-1273236ca3b7,1744586100000000000,1744588080000000000,,,,,1.13453,False,
O-20250414-023000-001-V2-1954,BACKTESTER-001,MLSignalStrategyV2-V2,EUR/USD.IDEALPRO,IDEALPRO-1-1954,EUR/USD.IDEALPRO-MLSignalStrategyV2-V2,IDEALPRO-001,IDEALPRO-1-206923,MARKET,BUY,100000.00,GTC,False,False,100000.00,TAKER,1.13894,0.0,['2.28 USD'],NO_TRIGGER,FILLED,OTO,OL-20250414-023000-001-V2-652,"['O-20250414-023000-001-V2-1955', 'O-20250414-023000-001-V2-1956']",,,,,['V2_POS1'],c2b1343e-64c6-4526-95e1-6c13a62001fc,1744597800000000000,1744597800000000000,,,,,,,
O-20250414-023000-001-V2-1955,BACKTESTER-001,MLSignalStrategyV2-V2,EUR/USD.IDEALPRO,IDEALPRO-1-1955,EUR/USD.IDEALPRO-MLSignalStrategyV2-V2,IDEALPRO-001,IDEALPRO-1-206977,STOP_MARKET,SELL,100000.00,GTC,True,False,100000.00,TAKER,1.13731,7.00000000000145e-05,['2.27 USD'],NO_TRIGGER,FILLED,OUO,OL-20250414-023000-001-V2-652,['O-20250414-023000-001-V2-1956'],O-20250414-023000-001-V2-1954,,,,['V2_POS1_SL'],0b9aa30e-df52-42de-9e5e-7b14d44222ef,1744597800000000000,1744599420000000000,1.13738,DEFAULT,,,,,
O-20250414-023000-001-V2-1956,BACKTESTER-001,MLSignalStrategyV2-V2,EUR/USD.IDEALPRO,IDEALPRO-1-1956,EUR/USD.IDEALPRO-MLSignalStrategyV2-V2,IDEALPRO-001,,LIMIT,SELL,100000.00,GTC,True,False,0.00,NO_LIQUIDITY_SIDE,,,,NO_TRIGGER,CANCELED,OUO,OL-20250414-023000-001-V2-652,['O-20250414-023000-001-V2-1955'],O-20250414-023000-001-V2-1954,,,,['V2_POS1_TP'],8de87e9d-15cc-47f8-bfc6-0df8ffc94537,1744597800000000000,1744599420000000000,,,,,1.14050,False,
O-20250414-073000-001-V2-1957,BACKTESTER-001,MLSignalStrategyV2-V2,EUR/USD.IDEALPRO,IDEALPRO-1-1957,EUR/USD.IDEALPRO-MLSignalStrategyV2-V2,IDEALPRO-001,IDEALPRO-1-207525,MARKET,SELL,100000.00,GTC,False,False,100000.00,TAKER,1.13994,0.0,['2.28 USD'],NO_TRIGGER,FILLED,OTO,OL-20250414-073000-001-V2-653,"['O-20250414-073000-001-V2-1958', 'O-20250414-073000-001-V2-1959']",,,,,['V2_POS1'],4508a092-3f2e-4059-b9da-cb82dd8ae56e,1744615800000000000,1744615800000000000,,,,,,,
O-20250414-073000-001-V2-1958,BACKTESTER-001,MLSignalStrategyV2-V2,EUR/USD.IDEALPRO,IDEALPRO-1-1958,EUR/USD.IDEALPRO-MLSignalStrategyV2-V2,IDEALPRO-001,,STOP_MARKET,BUY,100000.00,GTC,True,False,0.00,NO_LIQUIDITY_SIDE,,,,NO_TRIGGER,CANCELED,OUO,OL-20250414-073000-001-V2-653,['O-20250414-073000-001-V2-1959'],O-20250414-073000-001-V2-1957,,,,['V2_POS1_SL'],dac70084-bff9-4bb7-b443-ee1e07e61c58,1744615800000000000,1744617180000000000,1.14146,DEFAULT,,,,,
O-20250414-073000-001-V2-1959,BACKTESTER-001,MLSignalStrategyV2-V2,EUR/USD.IDEALPRO,IDEALPRO-1-1959,EUR/USD.IDEALPRO-MLSignalStrategyV2-V2,IDEALPRO-001,IDEALPRO-1-207571,LIMIT,BUY,100000.00,GTC,True,False,100000.00,MAKER,1.13837,-4.999999999988347e-05,['2.28 USD'],NO_TRIGGER,FILLED,OUO,OL-20250414-073000-001-V2-653,['O-20250414-073000-001-V2-1958'],O-20250414-073000-001-V2-1957,,,,['V2_POS1_TP'],4d21a6d5-4165-4c7b-849e-9b6714420a44,1744615800000000000,1744617180000000000,,,,,1.13842,False,
O-20250414-123000-001-V2-1960,BACKTESTER-001,MLSignalStrategyV2-V2,EUR/USD.IDEALPRO,IDEALPRO-1-1960,EUR/USD.IDEALPRO-MLSignalStrategyV2-V2,IDEALPRO-001,IDEALPRO-1-208126,MARKET,BUY,100000.00,GTC,False,False,100000.00,TAKER,1.13542,0.0,['2.27 USD'],NO_TRIGGER,FILLED,OTO,OL-20250414-123000-001-V2-654,"['O-20250414-123000-001-V2-1961', 'O-20250414-123000-001-V2-1962']",,,,,['V2_POS1'],69f54ed0-a58a-449f-a2fb-af0047eee6cd,1744633800000000000,1744633800000000000,,,,,,,
O-20250414-123000-001-V2-1961,BACKTESTER-001,MLSignalStrategyV2-V2,EUR/USD.IDEALPRO,IDEALPRO-1-1961,EUR/USD.IDEALPRO-MLSignalStrategyV2-V2,IDEALPRO-001,,STOP_MARKET,SELL,100000.00,GTC,True,False,0.00,NO_LIQUIDITY_SIDE,,,,NO_TRIGGER,CANCELED,OUO,OL-20250414-123000-001-V2-654,['O-20250414-123000-001-V2-1962'],O-20250414-123000-001-V2-1960,,,,['V2_POS1_SL'],cac14a5a-21bb-4033-8d11-d83b0e38c11e,1744633800000000000,1744634160000000000,1.13406,DEFAULT,,,,,
O-20250414-123000-001-V2-1962,BACKTESTER-001,MLSignalStrategyV2-V2,EUR/USD.IDEALPRO,IDEALPRO-1-1962,EUR/USD.IDEALPRO-MLSignalStrategyV2-V2,IDEALPRO-001,IDEALPRO-1-208139,LIMIT,SELL,100000.00,GTC,True,False,100000.00,MAKER,1.13695,-0.00017000000000000348,['2.27 USD'],NO_TRIGGER,FILLED,OUO,OL-20250414-123000-001-V2-654,['O-20250414-123000-001-V2-1961'],O-20250414-123000-001-V2-1960,,,,['V2_POS1_TP'],8595fd1d-c171-416e-b506-a7df799888c1,1744633800000000000,1744634160000000000,,,,,1.13678,False,
O-20250414-133000-001-V2-1963,BACKTESTER-001,MLSignalStrategyV2-V2,EUR/USD.IDEALPRO,IDEALPRO-1-1963,EUR/USD.IDEALPRO-MLSignalStrategyV2-V2,IDEALPRO-001,IDEALPRO-1-208248,MARKET,BUY,100000.00,GTC,False,False,100000.00,TAKER,1.13064,0.0,['2.26 USD'],NO_TRIGGER,FILLED,OTO,OL-20250414-133000-001-V2-655,"['O-20250414-133000-001-V2-1964', 'O-20250414-133000-001-V2-1965']",,,,,['V2_POS1'],befd81cb-8735-43b3-9a65-4deb080069cf,1744637400000000000,1744637400000000000,,,,,,,
O-20250414-133000-001-V2-1964,BACKTESTER-001,MLSignalStrategyV2-V2,EUR/USD.IDEALPRO,IDEALPRO-1-1964,EUR/USD.IDEALPRO-MLSignalStrategyV2-V2,IDEALPRO-001,,STOP_MARKET,SELL,100000.00,GTC,True,False,0.00,NO_LIQUIDITY_SIDE,,,,NO_TRIGGER,CANCELED,OUO,OL-20250414-133000-001-V2-655,['O-20250414-133000-001-V2-1965'],O-20250414-133000-001-V2-1963,,,,['V2_POS1_SL'],c4bfd3bd-69df-47bc-8970-683f0700421c,1744637400000000000,1744638180000000000,1.12875,DEFAULT,,,,,
O-20250414-133000-001-V2-1965,BACKTESTER-001,MLSignalStrategyV2-V2,EUR/USD.IDEALPRO,IDEALPRO-1-1965,EUR/USD.IDEALPRO-MLSignalStrategyV2-V2,IDEALPRO-001,IDEALPRO-1-208275,LIMIT,SELL,100000.00,GTC,True,False,100000.00,MAKER,1.13266,-0.00012999999999996348,['2.27 USD'],NO_TRIGGER,FILLED,OUO,OL-20250414-133000-001-V2-655,['O-20250414-133000-001-V2-1964'],O-20250414-133000-001-V2-1963,,,,['V2_POS1_TP'],66f0c00a-923e-4a90-b190-1b354cbbfd92,1744637400000000000,1744638180000000000,,,,,1.13253,False,
O-20250414-153000-001-V2-1966,BACKTESTER-001,MLSignalStrategyV2-V2,EUR/USD.IDEALPRO,IDEALPRO-1-1966,EUR/USD.IDEALPRO-MLSignalStrategyV2-V2,IDEALPRO-001,IDEALPRO-1-208490,MARKET,SELL,100000.00,GTC,False,False,100000.00,TAKER,1.13717,0.0,['2.27 USD'],NO_TRIGGER,FILLED,OTO,OL-20250414-153000-001-V2-656,"['O-20250414-153000-001-V2-1967', 'O-20250414-153000-001-V2-1968']",,,,,['V2_POS1'],d0e17a2a-d7d9-4313-b409-85b5d9ca04d8,1744644600000000000,1744644600000000000,,,,,,,
O-20250414-153000-001-V2-1967,BACKTESTER-001,MLSignalStrategyV2-V2,EUR/USD.IDEALPRO,IDEALPRO-1-1967,EUR/USD.IDEALPRO-MLSignalStrategyV2-V2,IDEALPRO-001,,STOP_MARKET,BUY,100000.00,GTC,True,False,0.00,NO_LIQUIDITY_SIDE,,,,NO_TRIGGER,CANCELED,OUO,OL-20250414-153000-001-V2-656,['O-20250414-153000-001-V2-1968'],O-20250414-153000-001-V2-1966,,,,['V2_POS1_SL'],32086a99-3259-43d8-88e1-ce128de1f775,1744644600000000000,1744646460000000000,1.13876,DEFAULT,,,,,
O-20250414-153000-001-V2-1968,BACKTESTER-001,MLSignalStrategyV2-V2,EUR/USD.IDEALPRO,IDEALPRO-1-1968,EUR/USD.IDEALPRO-MLSignalStrategyV2-V2,IDEALPRO-001,IDEALPRO-1-208553,LIMIT,BUY,100000.00,GTC,True,False,100000.00,MAKER,1.13559,-9.999999999843467e-06,['2.27 USD'],NO_TRIGGER,FILLED,OUO,OL-20250414-153000-001-V2-656,['O-20250414-153000-001-V2-1967'],O-20250414-153000-001-V2-1966,,,,['V2_POS1_TP'],5570e9fc-88ee-4b5d-bd1a-6603e691c550,1744644600000000000,1744646460000000000,,,,,1.13560,False,
O-20250414-190000-001-V2-1969,BACKTESTER-001,MLSignalStrategyV2-V2,EUR/USD.IDEALPRO,IDEALPRO-1-1969,EUR/USD.IDEALPRO-MLSignalStrategyV2-V2,IDEALPRO-001,IDEALPRO-1-208912,MARKET,SELL,100000.00,GTC,False,False,100000.00,TAKER,1.13546,0.0,['2.27 USD'],NO_TRIGGER,FILLED,OTO,OL-20250414-190000-001-V2-657,"['O-20250414-190000-001-V2-1970', 'O-20250414-190000-001-V2-1971']",,,,,['V2_POS1'],024acabc-69a6-4c04-a426-2508fcaf93e0,1744657200000000000,1744657200000000000,,,,,,,
O-20250414-190000-001-V2-1970,BACKTESTER-001,MLSignalStrategyV2-V2,EUR/USD.IDEALPRO,IDEALPRO-1-1970,EUR/USD.IDEALPRO-MLSignalStrategyV2-V2,IDEALPRO-001,IDEALPRO-1-208953,STOP_MARKET,BUY,100000.00,GTC,True,False,100000.00,TAKER,1.13662,2.999999999997449e-05,['2.27 USD'],NO_TRIGGER,FILLED,OUO,OL-20250414-190000-001-V2-657,['O-20250414-190000-001-V2-1971'],O-20250414-190000-001-V2-1969,,,,['V2_POS1_SL'],203c35a8-de5d-4f7b-81b8-369d68747459,1744657200000000000,1744658400000000000,1.13659,DEFAULT,,,,,
O-20250414-190000-001-V2-1971,BACKTESTER-001,MLSignalStrategyV2-V2,EUR/USD.IDEALPRO,IDEALPRO-1-1971,EUR/USD.IDEALPRO-MLSignalStrategyV2-V2,IDEALPRO-001,,LIMIT,BUY,100000.00,GTC,True,False,0.00,NO_LIQUIDITY_SIDE,,,,NO_TRIGGER,CANCELED,OUO,OL-20250414-190000-001-V2-657,['O-20250414-190000-001-V2-1970'],O-20250414-190000-001-V2-1969,,,,['V2_POS1_TP'],20afbefb-d31b-4b13-9447-f80326c70e81,1744657200000000000,1744658400000000000,,,,,1.13433,False,
O-20250414-201500-001-V2-1972,BACKTESTER-001,MLSignalStrategyV2-V2,EUR/USD.IDEALPRO,IDEALPRO-1-1972,EUR/USD.IDEALPRO-MLSignalStrategyV2-V2,IDEALPRO-001,IDEALPRO-1-209065,MARKET,BUY,100000.00,GTC,False,False,100000.00,TAKER,1.13583,0.0,['2.27 USD'],NO_TRIGGER,FILLED,OTO,OL-20250414-201500-001-V2-658,"['O-20250414-201500-001-V2-1973', 'O-20250414-201500-001-V2-1974']",,,,,['V2_POS1'],033575f4-0727-4676-a6ee-d323e630ed02,1744661700000000000,1744661700000000000,,,,,,,
O-20250414-201500-001-V2-1973,BACKTESTER-001,MLSignalStrategyV2-V2,EUR/USD.IDEALPRO,IDEALPRO-1-1973,EUR/USD.IDEALPRO-MLSignalStrategyV2-V2,IDEALPRO-001,IDEALPRO-1-209091,STOP_MARKET,SELL,100000.00,GTC,True,False,100000.00,TAKER,1.13471,7.999999999985796e-05,['2.27 USD'],NO_TRIGGER,FILLED,OUO,OL-20250414-201500-001-V2-658,['O-20250414-201500-001-V2-1974'],O-20250414-201500-001-V2-1972,,,,['V2_POS1_SL'],65805a73-0630-45d5-b511-06f0c5ef2fc9,1744661700000000000,1744662480000000000,1.13479,DEFAULT,,,,,
O-20250414-201500-001-V2-1974,BACKTESTER-001,MLSignalStrategyV2-V2,EUR/USD.IDEALPRO,IDEALPRO-1-1974,EUR/USD.IDEALPRO-MLSignalStrategyV2-V2,IDEALPRO-001,,LIMIT,SELL,100000.00,GTC,True,False,0.00,NO_LIQUIDITY_SIDE,,,,NO_TRIGGER,CANCELED,OUO,OL-20250414-201500-001-V2-658,['O-20250414-201500-001-V2-1973'],O-20250414-201500-001-V2-1972,,,,['V2_POS1_TP'],a1a3017c-481f-4329-bb8e-b4ea44fe0b04,1744661700000000000,1744662480000000000,,,,,1.13687,False,
O-20250414-203000-001-V2-1975,BACKTESTER-001,MLSignalStrategyV2-V2,EUR/USD.IDEALPRO,IDEALPRO-1-1975,EUR/USD.IDEALPRO-MLSignalStrategyV2-V2,IDEALPRO-001,IDEALPRO-1-209096,MARKET,BUY,100000.00,GTC,False,False,100000.00,TAKER,1.13498,0.0,['2.27 USD'],NO_TRIGGER,FILLED,OTO,OL-20250414-203000-001-V2-659,"['O-20250414-203000-001-V2-1976', 'O-20250414-203000-001-V2-1977']",,,,,['V2_POS1'],c6a99d5d-fa7f-4d85-ad28-bd09e32e48dd,1744662600000000000,1744662600000000000,,,,,,,
O-20250414-203000-001-V2-1976,BACKTESTER-001,MLSignalStrategyV2-V2,EUR/USD.IDEALPRO,IDEALPRO-1-1976,EUR/USD.IDEALPRO-MLSignalStrategyV2-V2,IDEALPRO-001,,STOP_MARKET,SELL,100000.00,GTC,True,False,0.00,NO_LIQUIDITY_SIDE,,,,NO_TRIGGER,CANCELED,OUO,OL-20250414-203000-001-V2-659,['O-20250414-203000-001-V2-1977'],O-20250414-203000-001-V2-1975,,,,['V2_POS1_SL'],00fa0b8a-bdb0-464b-b72a-72070780825f,1744662600000000000,1744668060000000000,1.13394,DEFAULT,,,,,
O-20250414-203000-001-V2-1977,BACKTESTER-001,MLSignalStrategyV2-V2,EUR/USD.IDEALPRO,IDEALPRO-1-1977,EUR/USD.IDEALPRO-MLSignalStrategyV2-V2,IDEALPRO-001,IDEALPRO-1-209249,LIMIT,SELL,100000.00,GTC,True,False,100000.00,MAKER,1.13602,-2.0000000000131024e-05,['2.27 USD'],NO_TRIGGER,FILLED,OUO,OL-20250414-203000-001-V2-659,['O-20250414-203000-001-V2-1976'],O-20250414-203000-001-V2-1975,,,,['V2_POS1_TP'],3221ca32-8e53-4ba4-8291-dcbc69cafc42,1744662600000000000,1744668060000000000,,,,,1.13600,False,
O-20250414-233000-001-V2-1978,BACKTESTER-001,MLSignalStrategyV2-V2,EUR/USD.IDEALPRO,IDEALPRO-1-1978,EUR/USD.IDEALPRO-MLSignalStrategyV2-V2,IDEALPRO-001,IDEALPRO-1-209428,MARKET,SELL,100000.00,GTC,False,False,100000.00,TAKER,1.13429,0.0,['2.27 USD'],NO_TRIGGER,FILLED,OTO,OL-20250414-233000-001-V2-660,"['O-20250414-233000-001-V2-1979', 'O-20250414-233000-001-V2-1980']",,,,,['V2_POS1'],1b78befe-e19f-476d-8a4b-d9ec1e0d8f49,1744673400000000000,1744673400000000000,,,,,,,
O-20250414-233000-001-V2-1979,BACKTESTER-001,MLSignalStrategyV2-V2,EUR/USD.IDEALPRO,IDEALPRO-1-1979,EUR/USD.IDEALPRO-MLSignalStrategyV2-V2,IDEALPRO-001,,STOP_MARKET,BUY,100000.00,GTC,True,False,0.00,NO_LIQUIDITY_SIDE,,,,NO_TRIGGER,CANCELED,OUO,OL-20250414-233000-001-V2-660,['O-20250414-233000-001-V2-1980'],O-20250414-233000-001-V2-1978,,,,['V2_POS1_SL'],183e2c2b-67c0-4a02-8a1f-dc79e181f1e9,1744673400000000000,1744674420000000000,1.13501,DEFAULT,,,,,
O-20250414-233000-001-V2-1980,BACKTESTER-001,MLSignalStrategyV2-V2,EUR/USD.IDEALPRO,IDEALPRO-1-1980,EUR/USD.IDEALPRO-MLSignalStrategyV2-V2,IDEALPRO-001,IDEALPRO-1-209463,LIMIT,BUY,100000.00,GTC,True,False,100000.00,MAKER,1.13349,-7.999999999985796e-05,['2.27 USD'],NO_TRIGGER,FILLED,OUO,OL-20250414-233000-001-V2-660,['O-20250414-233000-001-V2-1979'],O-20250414-233000-001-V2-1978,,,,['V2_POS1_TP'],95e0364c-217a-489a-9a76-531f65aa6944,1744673400000000000,1744674420000000000,,,,,1.13357,False,
O-20250415-000000-001-V2-1981,BACKTESTER-001,MLSignalStrategyV2-V2,EUR/USD.IDEALPRO,IDEALPRO-1-1981,EUR/USD.IDEALPRO-MLSignalStrategyV2-V2,IDEALPRO-001,IDEALPRO-1-209491,MARKET,BUY,100000.00,GTC,False,False,100000.00,TAKER,1.13364,0.0,['2.27 USD'],NO_TRIGGER,FILLED,OTO,OL-20250415-000000-001-V2-661,"['O-20250415-000000-001-V2-1982', 'O-20250415-000000-001-V2-1983']",,,,,['V2_POS1'],ba58cf3c-c517-46e6-85f4-e243c29faa2f,1744675200000000000,1744675200000000000,,,,,,,
O-20250415-000000-001-V2-1982,BACKTESTER-001,MLSignalStrategyV2-V2,EUR/USD.IDEALPRO,IDEALPRO-1-1982,EUR/USD.IDEALPRO-MLSignalStrategyV2-V2,IDEALPRO-001,IDEALPRO-1-209503,STOP_MARKET,SELL,100000.00,GTC,True,False,100000.00,TAKER,1.13293,2.999999999997449e-05,['2.27 USD'],NO_TRIGGER,FILLED,OUO,OL-20250415-000000-001-V2-661,['O-20250415-000000-001-V2-1983'],O-20250415-000000-001-V2-1981,,,,['V2_POS1_SL'],456d4083-5c08-4987-8232-cd0158bb891f,1744675200000000000,1744675560000000000,1.13296,DEFAULT,,,,,
O-20250415-000000-001-V2-1983,BACKTESTER-001,MLSignalStrategyV2-V2,EUR/USD.IDEALPRO,IDEALPRO-1-1983,EUR/USD.IDEALPRO-MLSignalStrategyV2-V2,IDEALPRO-001,,LIMIT,SELL,100000.00,GTC,True,False,0.00,NO_LIQUIDITY_SIDE,,,,NO_TRIGGER,CANCELED,OUO,OL-20250415-000000-001-V2-661,['O-20250415-000000-001-V2-1982'],O-20250415-000000-001-V2-1981,,,,['V2_POS1_TP'],b2b0aff2-8b6f-4681-a83a-508fc1654c88,1744675200000000000,1744675560000000000,,,,,1.13430,False,
O-20250415-001500-001-V2-1984,BACKTESTER-001,MLSignalStrategyV2-V2,EUR/USD.IDEALPRO,IDEALPRO-1-1984,EUR/USD.IDEALPRO-MLSignalStrategyV2-V2,IDEALPRO-001,IDEALPRO-1-209522,MARKET,BUY,100000.00,GTC,False,False,100000.00,TAKER,1.1332,0.0,['2.27 USD'],NO_TRIGGER,FILLED,OTO,OL-20250415-001500-001-V2-662,"['O-20250415-001500-001-V2-1985', 'O-20250415-001500-001-V2-1986']",,,,,['V2_POS1'],770118f1-265b-4281-ae94-cf9106fec615,1744676100000000000,1744676100000000000,,,,,,,
O-20250415-001500-001-V2-1985,BACKTESTER-001,MLSignalStrategyV2-V2,EUR/USD.IDEALPRO,IDEALPRO-1-1985,EUR/USD.IDEALPRO-MLSignalStrategyV2-V2,IDEALPRO-001,IDEALPRO-1-209551,STOP_MARKET,SELL,100000.00,GTC,True,False,100000.00,TAKER,1.13243,8.999999999992347e-05,['2.26 USD'],NO_TRIGGER,FILLED,OUO,OL-20250415-001500-001-V2-662,['O-20250415-001500-001-V2-1986'],O-20250415-001500-001-V2-1984,,,,['V2_POS1_SL'],a572e5b6-a400-4edd-852d-d0700cae880c,1744676100000000000,1744676940000000000,1.13252,DEFAULT,,,,,
O-20250415-001500-001-V2-1986,BACKTESTER-001,MLSignalStrategyV2-V2,EUR/USD.IDEALPRO,IDEALPRO-1-1986,EUR/USD.IDEALPRO-MLSignalStrategyV2-V2,IDEALPRO-001,,LIMIT,SELL,100000.00,GTC,True,False,0.00,NO_LIQUIDITY_SIDE,,,,NO_TRIGGER,CANCELED,OUO,OL-20250415-001500-001-V2-662,['O-20250415-001500-001-V2-1985'],O-20250415-001500-001-V2-1984,,,,['V2_POS1_TP'],81eb5e64-7107-4b33-8609-f1717df0d17b,1744676100000000000,1744676940000000000,,,,,1.13388,False,
O-20250415-003000-001-V2-1987,BACKTESTER-001,MLSignalStrategyV2-V2,EUR/USD.IDEALPRO,IDEALPRO-1-1987,EUR/USD.IDEALPRO-MLSignalStrategyV2-V2,IDEALPRO-001,IDEALPRO-1-209554,MARKET,BUY,100000.00,GTC,False,False,100000.00,TAKER,1.13266,0.0,['2.27 USD'],NO_TRIGGER,FILLED,OTO,OL-20250415-003000-001-V2-663,"['O-20250415-003000-001-V2-1988', 'O-20250415-003000-001-V2-1989']",,,,,['V2_POS1'],0971cdee-c24b-4f5e-a84d-866dd7afa3e7,1744677000000000000,1744677000000000000,,,,,,,
O-20250415-003000-001-V2-1988,BACKTESTER-001,MLSignalStrategyV2-V2,EUR/USD.IDEALPRO,IDEALPRO-1-1988,EUR/USD.IDEALPRO-MLSignalStrategyV2-V2,IDEALPRO-001,IDEALPRO-1-209569,STOP_MARKET,SELL,100000.00,GTC,True,False,100000.00,TAKER,1.13179,0.00017000000000000348,['2.26 USD'],NO_TRIGGER,FILLED,OUO,OL-20250415-003000-001-V2-663,['O-20250415-003000-001-V2-1989'],O-20250415-003000-001-V2-1987,,,,['V2_POS1_SL'],e7690996-d261-4000-a918-b9947ab3a174,1744677000000000000,1744677420000000000,1.13196,DEFAULT,,,,,
O-20250415-003000-001-V2-1989,BACKTESTER-001,MLSignalStrategyV2-V2,EUR/USD.IDEALPRO,IDEALPRO-1-1989,EUR/USD.IDEALPRO-MLSignalStrategyV2-V2,IDEALPRO-001,,LIMIT,SELL,100000.00,GTC,True,False,0.00,NO_LIQUIDITY_SIDE,,,,NO_TRIGGER,CANCELED,OUO,OL-20250415-003000-001-V2-663,['O-20250415-003000-001-V2-1988'],O-20250415-003000-001-V2-1987,,,,['V2_POS1_TP'],8e3d8d94-a8fe-41af-9c5d-e724be6015c1,1744677000000000000,1744677420000000000,,,,,1.13336,False,
O-20250415-004500-001-V2-1990,BACKTESTER-001,MLSignalStrategyV2-V2,EUR/USD.IDEALPRO,IDEALPRO-1-1990,EUR/USD.IDEALPRO-MLSignalStrategyV2-V2,IDEALPRO-001,IDEALPRO-1-209586,MARKET,BUY,100000.00,GTC,False,False,100000.00,TAKER,1.13187,0.0,['2.26 USD'],NO_TRIGGER,FILLED,OTO,OL-20250415-004500-001-V2-664,"['O-20250415-004500-001-V2-1991', 'O-20250415-004500-001-V2-1992']",,,,,['V2_POS1'],5303914b-fa45-4b1e-8649-73fec2186608,1744677900000000000,1744677900000000000,,,,,,,
O-20250415-004500-001-V2-1991,BACKTESTER-001,MLSignalStrategyV2-V2,EUR/USD.IDEALPRO,IDEALPRO-1-1991,EUR/USD.IDEALPRO-MLSignalStrategyV2-V2,IDEALPRO-001,,STOP_MARKET,SELL,100000.00,GTC,True,False,0.00,NO_LIQUIDITY_SIDE,,,,NO_TRIGGER,CANCELED,OUO,OL-20250415-004500-001-V2-664,['O-20250415-004500-001-V2-1992'],O-20250415-004500-001-V2-1990,,,,['V2_POS1_SL'],882d6d50-2fa3-4e5c-91b5-216be0b9dcad,1744677900000000000,1744678500000000000,1.13117,DEFAULT,,,,,
O-20250415-004500-001-V2-1992,BACKTESTER-001,MLSignalStrategyV2-V2,EUR/USD.IDEALPRO,IDEALPRO-1-1992,EUR/USD.IDEALPRO-MLSignalStrategyV2-V2,IDEALPRO-001,IDEALPRO-1-209607,LIMIT,SELL,100000.00,GTC,True,False,100000.00,MAKER,1.13263,-5.999999999994898e-05,['2.27 USD'],NO_TRIGGER,FILLED,OUO,OL-20250415-004500-001-V2-664,['O-20250415-004500-001-V2-1991'],O-20250415-004500-001-V2-1990,,,,['V2_POS1_TP'],3294b12d-2d03-4aeb-b726-7af30576b939,1744677900000000000,1744678500000000000,,,,,1.13257,False,
O-20250415-010000-001-V2-1993,BACKTESTER-001,MLSignalStrategyV2-V2,EUR/USD.IDEALPRO,IDEALPRO-1-1993,EUR/USD.IDEALPRO-MLSignalStrategyV2-V2,IDEALPRO-001,IDEALPRO-1-209618,MARKET,BUY,100000.00,GTC,False,False,100000.00,TAKER,1.13288,0.0,['2.27 USD'],NO_TRIGGER,FILLED,OTO,OL-20250415-010000-001-V2-665,"['O-20250415-010000-001-V2-1994', 'O-20250415-010000-001-V2-1995']",,,,,['V2_POS1'],7c5ab50e-641d-4f72-9c73-8bd24f080be2,1744678800000000000,1744678800000000000,,,,,,,
O-20250415-010000-001-V2-1994,BACKTESTER-001,MLSignalStrategyV2-V2,EUR/USD.IDEALPRO,IDEALPRO-1-1994,EUR/USD.IDEALPRO-MLSignalStrategyV2-V2,IDEALPRO-001,IDEALPRO-1-209693,STOP_MARKET,SELL,100000.00,GTC,True,False,100000.00,TAKER,1.13213,2.999999999997449e-05,['2.26 USD'],NO_TRIGGER,FILLED,OUO,OL-20250415-010000-001-V2-665,['O-20250415-010000-001-V2-1995'],O-20250415-010000-001-V2-1993,,,,['V2_POS1_SL'],9641d724-2d45-4ac3-8e9e-e0b667bafdc4,1744678800000000000,1744681020000000000,1.13216,DEFAULT,,,,,
O-20250415-010000-001-V2-1995,BACKTESTER-001,MLSignalStrategyV2-V2,EUR/USD.IDEALPRO,IDEALPRO-1-1995,EUR/USD.IDEALPRO-MLSignalStrategyV2-V2,IDEALPRO-001,,LIMIT,SELL,100000.00,GTC,True,False,0.00,NO_LIQUIDITY_SIDE,,,,NO_TRIGGER,CANCELED,OUO,OL-20250415-010000-001-V2-665,['O-20250415-010000-001-V2-1994'],O-20250415-010000-001-V2-1993,,,,['V2_POS1_TP'],2cd3bcfb-6844-4c57-b7df-43333c2e69ce,1744678800000000000,1744681020000000000,,,,,1.13360,False,
O-20250415-014500-001-V2-1996,BACKTESTER-001,MLSignalStrategyV2-V2,EUR/USD.IDEALPRO,IDEALPRO-1-1996,EUR/USD.IDEALPRO-MLSignalStrategyV2-V2,IDEALPRO-001,IDEALPRO-1-209710,MARKET,BUY,100000.00,GTC,False,False,100000.00,TAKER,1.1318,0.0,['2.26 USD'],NO_TRIGGER,FILLED,OTO,OL-20250415-014500-001-V2-666,"['O-20250415-014500-001-V2-1997', 'O-20250415-014500-001-V2-1998']",,,,,['V2_POS1'],6df69601-acc8-4eb6-b009-f06240d74db5,1744681500000000000,1744681500000000000,,,,,,,
O-20250415-014500-001-V2-1997,BACKTESTER-001,MLSignalStrategyV2-V2,EUR/USD.IDEALPRO,IDEALPRO-1-1997,EUR/USD.IDEALPRO-MLSignalStrategyV2-V2,IDEALPRO-001,,STOP_MARKET,SELL,100000.00,GTC,True,False,0.00,NO_LIQUIDITY_SIDE,,,,NO_TRIGGER,CANCELED,OUO,OL-20250415-014500-001-V2-666,['O-20250415-014500-001-V2-1998'],O-20250415-014500-001-V2-1996,,,,['V2_POS1_SL'],75d032f7-6b8d-45ba-a7bb-1ee7dccf1210,1744681500000000000,1744682160000000000,1.13109,DEFAULT,,,,,
O-20250415-014500-001-V2-1998,BACKTESTER-001,MLSignalStrategyV2-V2,EUR/USD.IDEALPRO,IDEALPRO-1-1998,EUR/USD.IDEALPRO-MLSignalStrategyV2-V2,IDEALPRO-001,IDEALPRO-1-209733,LIMIT,SELL,100000.00,GTC,True,False,100000.00,MAKER,1.13254,-5.0000000000105516e-05,['2.27 USD'],NO_TRIGGER,FILLED,OUO,OL-20250415-014500-001-V2-666,['O-20250415-014500-001-V2-1997'],O-20250415-014500-001-V2-1996,,,,['V2_POS1_TP'],c12bfb1c-4aaf-4e8b-aa5f-16ef85eb2388,1744681500000000000,1744682160000000000,,,,,1.13249,False,
O-20250415-020000-001-V2-1999,BACKTESTER-001,MLSignalStrategyV2-V2,EUR/USD.IDEALPRO,IDEALPRO-1-1999,EUR/USD.IDEALPRO-MLSignalStrategyV2-V2,IDEALPRO-001,IDEALPRO-1-209742,MARKET,BUY,100000.00,GTC,False,False,100000.00,TAKER,1.13244,0.0,['2.26 USD'],NO_TRIGGER,FILLED,OTO,OL-20250415-020000-001-V2-667,"['O-20250415-020000-001-V2-2000', 'O-20250415-020000-001-V2-2001']",,,,,['V2_POS1'],36839511-54d5-4e16-9f5b-b5cdff8389b2,1744682400000000000,1744682400000000000,,,,,,,
O-20250415-020000-001-V2-2000,BACKTESTER-001,MLSignalStrategyV2-V2,EUR/USD.IDEALPRO,IDEALPRO-1-2000,EUR/USD.IDEALPRO-MLSignalStrategyV2-V2,IDEALPRO-001,,STOP_MARKET,SELL,100000.00,GTC,True,False,0.00,NO_LIQUIDITY_SIDE,,,,NO_TRIGGER,CANCELED,OUO,OL-20250415-020000-001-V2-667,['O-20250415-020000-001-V2-2001'],O-20250415-020000-001-V2-1999,,,,['V2_POS1_SL'],41ebfd7d-c72e-42da-af69-9f91af7f3e75,1744682400000000000,1744683120000000000,1.13170,DEFAULT,,,,,
O-20250415-020000-001-V2-2001,BACKTESTER-001,MLSignalStrategyV2-V2,EUR/USD.IDEALPRO,IDEALPRO-1-2001,EUR/USD.IDEALPRO-MLSignalStrategyV2-V2,IDEALPRO-001,IDEALPRO-1-209767,LIMIT,SELL,100000.00,GTC,True,False,100000.00,MAKER,1.13317,-1.0000000000065512e-05,['2.27 USD'],NO_TRIGGER,FILLED,OUO,OL-20250415-020000-001-V2-667,['O-20250415-020000-001-V2-2000'],O-20250415-020000-001-V2-1999,,,,['V2_POS1_TP'],91e18e8d-d677-4b4d-88a4-f2a04761e9e3,1744682400000000000,1744683120000000000,,,,,1.13316,False,
O-20250415-021500-001-V2-2002,BACKTESTER-001,MLSignalStrategyV2-V2,EUR/USD.IDEALPRO,IDEALPRO-1-2002,EUR/USD.IDEALPRO-MLSignalStrategyV2-V2,IDEALPRO-001,IDEALPRO-1-209774,MARKET,BUY,100000.00,GTC,False,False,100000.00,TAKER,1.13355,0.0,['2.27 USD'],NO_TRIGGER,FILLED,OTO,OL-20250415-021500-001-V2-668,"['O-20250415-021500-001-V2-2003', 'O-20250415-021500-001-V2-2004']",,,,,['V2_POS1'],a619985a-8fc1-45d4-8057-0e2292df5801,1744683300000000000,1744683300000000000,,,,,,,
O-20250415-021500-001-V2-2003,BACKTESTER-001,MLSignalStrategyV2-V2,EUR/USD.IDEALPRO,IDEALPRO-1-2003,EUR/USD.IDEALPRO-MLSignalStrategyV2-V2,IDEALPRO-001,,STOP_MARKET,SELL,100000.00,GTC,True,False,0.00,NO_LIQUIDITY_SIDE,,,,NO_TRIGGER,CANCELED,OUO,OL-20250415-021500-001-V2-668,['O-20250415-021500-001-V2-2004'],O-20250415-021500-001-V2-2002,,,,['V2_POS1_SL'],14dd3ab8-2be0-4ac4-97ce-d5179701f314,1744683300000000000,1744684860000000000,1.13280,DEFAULT,,,,,
O-20250415-021500-001-V2-2004,BACKTESTER-001,MLSignalStrategyV2-V2,EUR/USD.IDEALPRO,IDEALPRO-1-2004,EUR/USD.IDEALPRO-MLSignalStrategyV2-V2,IDEALPRO-001,IDEALPRO-1-209827,LIMIT,SELL,100000.00,GTC,True,False,100000.00,MAKER,1.13465,-0.00036999999999998145,['2.27 USD'],NO_TRIGGER,FILLED,OUO,OL-20250415-021500-001-V2-668,['O-20250415-021500-001-V2-2003'],O-20250415-021500-001-V2-2002,,,,['V2_POS1_TP'],0d303d03-552a-4d7e-8c29-07500d586490,1744683300000000000,1744684860000000000,,,,,1.13428,False,
O-20250415-024500-001-V2-2005,BACKTESTER-001,MLSignalStrategyV2-V2,EUR/USD.IDEALPRO,IDEALPRO-1-2005,EUR/USD.IDEALPRO-MLSignalStrategyV2-V2,IDEALPRO-001,IDEALPRO-1-209836,MARKET,BUY,100000.00,GTC,False,False,100000.00,TAKER,1.13449,0.0,['2.27 USD'],NO_TRIGGER,FILLED,OTO,OL-20250415-024500-001-V2-669,"['O-20250415-024500-001-V2-2006', 'O-20250415-024500-001-V2-2007']",,,,,['V2_POS1'],7e27d374-22d4-4556-a70e-a8ba3a537254,1744685100000000000,1744685100000000000,,,,,,,
O-20250415-024500-001-V2-2006,BACKTESTER-001,MLSignalStrategyV2-V2,EUR/USD.IDEALPRO,IDEALPRO-1-2006,EUR/USD.IDEALPRO-MLSignalStrategyV2-V2,IDEALPRO-001,,STOP_MARKET,SELL,100000.00,GTC,True,False,0.00,NO_LIQUIDITY_SIDE,,,,NO_TRIGGER,CANCELED,OUO,OL-20250415-024500-001-V2-669,['O-20250415-024500-001-V2-2007'],O-20250415-024500-001-V2-2005,,,,['V2_POS1_SL'],89341476-36e5-42cb-beba-6682d89de5e2,1744685100000000000,1744685880000000000,1.13377,DEFAULT,,,,,
O-20250415-024500-001-V2-2007,BACKTESTER-001,MLSignalStrategyV2-V2,EUR/USD.IDEALPRO,IDEALPRO-1-2007,EUR/USD.IDEALPRO-MLSignalStrategyV2-V2,IDEALPRO-001,IDEALPRO-1-209863,LIMIT,SELL,100000.00,GTC,True,False,100000.00,MAKER,1.13524,-5.0000000000105516e-05,['2.27 USD'],NO_TRIGGER,FILLED,OUO,OL-20250415-024500-001-V2-669,['O-20250415-024500-001-V2-2006'],O-20250415-024500-001-V2-2005,,,,['V2_POS1_TP'],e62a3ba6-b4ff-4f3f-9220-ff58a766acf3,1744685100000000000,1744685880000000000,,,,,1.13519,False,
O-20250415-044500-001-V2-2008,BACKTESTER-001,MLSignalStrategyV2-V2,EUR/USD.IDEALPRO,IDEALPRO-1-2008,EUR/USD.IDEALPRO-MLSignalStrategyV2-V2,IDEALPRO-001,IDEALPRO-1-210078,MARKET,BUY,100000.00,GTC,False,False,100000.00,TAKER,1.1359,0.0,['2.27 USD'],NO_TRIGGER,FILLED,OTO,OL-20250415-044500-001-V2-670,"['O-20250415-044500-001-V2-2009', 'O-20250415-044500-001-V2-2010']",,,,,['V2_POS1'],ad023611-f523-46f6-865d-3da614af2fcf,1744692300000000000,1744692300000000000,,,,,,,
O-20250415-044500-001-V2-2009,BACKTESTER-001,MLSignalStrategyV2-V2,EUR/USD.IDEALPRO,IDEALPRO-1-2009,EUR/USD.IDEALPRO-MLSignalStrategyV2-V2,IDEALPRO-001,,STOP_MARKET,SELL,100000.00,GTC,True,False,0.00,NO_LIQUIDITY_SIDE,,,,NO_TRIGGER,CANCELED,OUO,OL-20250415-044500-001-V2-670,['O-20250415-044500-001-V2-2010'],O-20250415-044500-001-V2-2008,,,,['V2_POS1_SL'],7fa765c8-ab5f-47aa-b96b-24c2e4071787,1744692300000000000,1744694580000000000,1.13527,DEFAULT,,,,,
O-20250415-044500-001-V2-2010,BACKTESTER-001,MLSignalStrategyV2-V2,EUR/USD.IDEALPRO,IDEALPRO-1-2010,EUR/USD.IDEALPRO-MLSignalStrategyV2-V2,IDEALPRO-001,IDEALPRO-1-210155,LIMIT,SELL,100000.00,GTC,True,False,100000.00,MAKER,1.13663,-0.00012000000000012001,['2.27 USD'],NO_TRIGGER,FILLED,OUO,OL-20250415-044500-001-V2-670,['O-20250415-044500-001-V2-2009'],O-20250415-044500-001-V2-2008,,,,['V2_POS1_TP'],b40e3486-7b4d-43c5-a469-eb011f16d44a,1744692300000000000,1744694580000000000,,,,,1.13651,False,
O-20250415-070000-001-V2-2011,BACKTESTER-001,MLSignalStrategyV2-V2,EUR/USD.IDEALPRO,IDEALPRO-1-2011,EUR/USD.IDEALPRO-MLSignalStrategyV2-V2,IDEALPRO-001,IDEALPRO-1-210350,MARKET,BUY,100000.00,GTC,False,False,100000.00,TAKER,1.13322,0.0,['2.27 USD'],NO_TRIGGER,FILLED,OTO,OL-20250415-070000-001-V2-671,"['O-20250415-070000-001-V2-2012', 'O-20250415-070000-001-V2-2013']",,,,,['V2_POS1'],1eaddf0b-0087-4895-86c8-c8068d28baf4,1744700400000000000,1744700400000000000,,,,,,,
O-20250415-070000-001-V2-2012,BACKTESTER-001,MLSignalStrategyV2-V2,EUR/USD.IDEALPRO,IDEALPRO-1-2012,EUR/USD.IDEALPRO-MLSignalStrategyV2-V2,IDEALPRO-001,IDEALPRO-1-210359,STOP_MARKET,SELL,100000.00,GTC,True,False,100000.00,TAKER,1.13207,0.00016000000000016001,['2.26 USD'],NO_TRIGGER,FILLED,OUO,OL-20250415-070000-001-V2-671,['O-20250415-070000-001-V2-2013'],O-20250415-070000-001-V2-2011,,,,['V2_POS1_SL'],acaa3220-dc93-4985-9f21-7818bb733a1d,1744700400000000000,1744700640000000000,1.13223,DEFAULT,,,,,
O-20250415-070000-001-V2-2013,BACKTESTER-001,MLSignalStrategyV2-V2,EUR/USD.IDEALPRO,IDEALPRO-1-2013,EUR/USD.IDEALPRO-MLSignalStrategyV2-V2,IDEALPRO-001,,LIMIT,SELL,100000.00,GTC,True,False,0.00,NO_LIQUIDITY_SIDE,,,,NO_TRIGGER,CANCELED,OUO,OL-20250415-070000-001-V2-671,['O-20250415-070000-001-V2-2012'],O-20250415-070000-001-V2-2011,,,,['V2_POS1_TP'],6e82bfb6-d957-4c0c-b03e-30ce88e0c0a7,1744700400000000000,1744700640000000000,,,,,1.13421,False,
O-20250415-071500-001-V2-2014,BACKTESTER-001,MLSignalStrategyV2-V2,EUR/USD.IDEALPRO,IDEALPRO-1-2014,EUR/USD.IDEALPRO-MLSignalStrategyV2-V2,IDEALPRO-001,IDEALPRO-1-210382,MARKET,BUY,100000.00,GTC,False,False,100000.00,TAKER,1.13425,0.0,['2.27 USD'],NO_TRIGGER,FILLED,OTO,OL-20250415-071500-001-V2-672,"['O-20250415-071500-001-V2-2015', 'O-20250415-071500-001-V2-2016']",,,,,['V2_POS1'],ae0a7dc9-0f2f-4483-9093-4bc790714451,1744701300000000000,1744701300000000000,,,,,,,
O-20250415-071500-001-V2-2015,BACKTESTER-001,MLSignalStrategyV2-V2,EUR/USD.IDEALPRO,IDEALPRO-1-2015,EUR/USD.IDEALPRO-MLSignalStrategyV2-V2,IDEALPRO-001,IDEALPRO-1-210413,STOP_MARKET,SELL,100000.00,GTC,True,False,100000.00,TAKER,1.13316,2.0000000000131024e-05,['2.27 USD'],NO_TRIGGER,FILLED,OUO,OL-20250415-071500-001-V2-672,['O-20250415-071500-001-V2-2016'],O-20250415-071500-001-V2-2014,,,,['V2_POS1_SL'],4b315ba6-d1d4-4660-910b-c6670cf67023,1744701300000000000,1744702200000000000,1.13318,DEFAULT,,,,,
O-20250415-071500-001-V2-2016,BACKTESTER-001,MLSignalStrategyV2-V2,EUR/USD.IDEALPRO,IDEALPRO-1-2016,EUR/USD.IDEALPRO-MLSignalStrategyV2-V2,IDEALPRO-001,,LIMIT,SELL,100000.00,GTC,True,False,0.00,NO_LIQUIDITY_SIDE,,,,NO_TRIGGER,CANCELED,OUO,OL-20250415-071500-001-V2-672,['O-20250415-071500-001-V2-2015'],O-20250415-071500-001-V2-2014,,,,['V2_POS1_TP'],0f55417f-46c5-4503-a108-63d5b1bf332e,1744701300000000000,1744702200000000000,,,,,1.13532,False,
O-20250415-114500-001-V2-2017,BACKTESTER-001,MLSignalStrategyV2-V2,EUR/USD.IDEALPRO,IDEALPRO-1-2017,EUR/USD.IDEALPRO-MLSignalStrategyV2-V2,IDEALPRO-001,IDEALPRO-1-210925,MARKET,BUY,100000.00,GTC,False,False,100000.00,TAKER,1.13214,0.0,['2.26 USD'],NO_TRIGGER,FILLED,OTO,OL-20250415-114500-001-V2-673,"['O-20250415-114500-001-V2-2018', 'O-20250415-114500-001-V2-2019']",,,,,['V2_POS1'],6ebd123e-d8f6-4ea9-8910-c700e1a5ba89,1744717500000000000,1744717500000000000,,,,,,,
O-20250415-114500-001-V2-2018,BACKTESTER-001,MLSignalStrategyV2-V2,EUR/USD.IDEALPRO,IDEALPRO-1-2018,EUR/USD.IDEALPRO-MLSignalStrategyV2-V2,IDEALPRO-001,,STOP_MARKET,SELL,100000.00,GTC,True,False,0.00,NO_LIQUIDITY_SIDE,,,,NO_TRIGGER,CANCELED,OUO,OL-20250415-114500-001-V2-673,['O-20250415-114500-001-V2-2019'],O-20250415-114500-001-V2-2017,,,,['V2_POS1_SL'],10db2410-e87c-47a1-b527-2e03452bb5e4,1744717500000000000,1744719180000000000,1.13103,DEFAULT,,,,,
O-20250415-114500-001-V2-2019,BACKTESTER-001,MLSignalStrategyV2-V2,EUR/USD.IDEALPRO,IDEALPRO-1-2019,EUR/USD.IDEALPRO-MLSignalStrategyV2-V2,IDEALPRO-001,IDEALPRO-1-210981,LIMIT,SELL,100000.00,GTC,True,False,100000.00,MAKER,1.13352,-0.0002900000000001235,['2.27 USD'],NO_TRIGGER,FILLED,OUO,OL-20250415-114500-001-V2-673,['O-20250415-114500-001-V2-2018'],O-20250415-114500-001-V2-2017,,,,['V2_POS1_TP'],73aabce5-98db-46f1-b474-6a2b5b041715,1744717500000000000,1744719180000000000,,,,,1.13323,False,
O-20250415-141500-001-V2-2020,BACKTESTER-001,MLSignalStrategyV2-V2,EUR/USD.IDEALPRO,IDEALPRO-1-2020,EUR/USD.IDEALPRO-MLSignalStrategyV2-V2,IDEALPRO-001,IDEALPRO-1-211227,MARKET,BUY,100000.00,GTC,False,False,100000.00,TAKER,1.12901,0.0,['2.26 USD'],NO_TRIGGER,FILLED,OTO,OL-20250415-141500-001-V2-674,"['O-20250415-141500-001-V2-2021', 'O-20250415-141500-001-V2-2022']",,,,,['V2_POS1'],27f36279-6e5d-43a6-8ee7-39b0b139cf02,1744726500000000000,1744726500000000000,,,,,,,
O-20250415-141500-001-V2-2021,BACKTESTER-001,MLSignalStrategyV2-V2,EUR/USD.IDEALPRO,IDEALPRO-1-2021,EUR/USD.IDEALPRO-MLSignalStrategyV2-V2,IDEALPRO-001,,STOP_MARKET,SELL,100000.00,GTC,True,False,0.00,NO_LIQUIDITY_SIDE,,,,NO_TRIGGER,CANCELED,OUO,OL-20250415-141500-001-V2-674,['O-20250415-141500-001-V2-2022'],O-20250415-141500-001-V2-2020,,,,['V2_POS1_SL'],efb3ebe5-dd9c-4e7c-833a-3ab033a02613,1744726500000000000,1744726980000000000,1.12753,DEFAULT,,,,,
O-20250415-141500-001-V2-2022,BACKTESTER-001,MLSignalStrategyV2-V2,EUR/USD.IDEALPRO,IDEALPRO-1-2022,EUR/USD.IDEALPRO-MLSignalStrategyV2-V2,IDEALPRO-001,IDEALPRO-1-211243,LIMIT,SELL,100000.00,GTC,True,False,100000.00,MAKER,1.13067,-0.000180000000000069,['2.26 USD'],NO_TRIGGER,FILLED,OUO,OL-20250415-141500-001-V2-674,['O-20250415-141500-001-V2-2021'],O-20250415-141500-001-V2-2020,,,,['V2_POS1_TP'],b7295e45-d633-48d4-b22b-ff502cf1a861,1744726500000000000,1744726980000000000,,,,,1.13049,False,
O-20250415-160000-001-V2-2023,BACKTESTER-001,MLSignalStrategyV2-V2,EUR/USD.IDEALPRO,IDEALPRO-1-2023,EUR/USD.IDEALPRO-MLSignalStrategyV2-V2,IDEALPRO-001,IDEALPRO-1-211438,MARKET,BUY,100000.00,GTC,False,False,100000.00,TAKER,1.1289,0.0,['2.26 USD'],NO_TRIGGER,FILLED,OTO,OL-20250415-160000-001-V2-675,"['O-20250415-160000-001-V2-2024', 'O-20250415-160000-001-V2-2025']",,,,,['V2_POS1'],f990d5ce-5073-4224-9d59-d0fd8a82ee52,1744732800000000000,1744732800000000000,,,,,,,
O-20250415-160000-001-V2-2024,BACKTESTER-001,MLSignalStrategyV2-V2,EUR/USD.IDEALPRO,IDEALPRO-1-2024,EUR/USD.IDEALPRO-MLSignalStrategyV2-V2,IDEALPRO-001,IDEALPRO-1-211493,STOP_MARKET,SELL,100000.00,GTC,True,False,100000.00,TAKER,1.1273,0.000180000000000069,['2.25 USD'],NO_TRIGGER,FILLED,OUO,OL-20250415-160000-001-V2-675,['O-20250415-160000-001-V2-2025'],O-20250415-160000-001-V2-2023,,,,['V2_POS1_SL'],11e44e26-8d58-4ac1-b1a1-6fc949d73199,1744732800000000000,1744734420000000000,1.12748,DEFAULT,,,,,
O-20250415-160000-001-V2-2025,BACKTESTER-001,MLSignalStrategyV2-V2,EUR/USD.IDEALPRO,IDEALPRO-1-2025,EUR/USD.IDEALPRO-MLSignalStrategyV2-V2,IDEALPRO-001,,LIMIT,SELL,100000.00,GTC,True,False,0.00,NO_LIQUIDITY_SIDE,,,,NO_TRIGGER,CANCELED,OUO,OL-20250415-160000-001-V2-675,['O-20250415-160000-001-V2-2024'],O-20250415-160000-001-V2-2023,,,,['V2_POS1_TP'],4327d7ca-f098-44b9-b077-15ea8b2b017e,1744732800000000000,1744734420000000000,,,,,1.13030,False,
O-20250415-164500-001-V2-2026,BACKTESTER-001,MLSignalStrategyV2-V2,EUR/USD.IDEALPRO,IDEALPRO-1-2026,EUR/USD.IDEALPRO-MLSignalStrategyV2-V2,IDEALPRO-001,IDEALPRO-1-211530,MARKET,BUY,100000.00,GTC,False,False,100000.00,TAKER,1.12705,0.0,['2.25 USD'],NO_TRIGGER,FILLED,OTO,OL-20250415-164500-001-V2-676,"['O-20250415-164500-001-V2-2027', 'O-20250415-164500-001-V2-2028']",,,,,['V2_POS1'],47c4208d-33ba-46fc-bb16-47edb698983f,1744735500000000000,1744735500000000000,,,,,,,
O-20250415-164500-001-V2-2027,BACKTESTER-001,MLSignalStrategyV2-V2,EUR/USD.IDEALPRO,IDEALPRO-1-2027,EUR/USD.IDEALPRO-MLSignalStrategyV2-V2,IDEALPRO-001,,STOP_MARKET,SELL,100000.00,GTC,True,False,0.00,NO_LIQUIDITY_SIDE,,,,NO_TRIGGER,CANCELED,OUO,OL-20250415-164500-001-V2-676,['O-20250415-164500-001-V2-2028'],O-20250415-164500-001-V2-2026,,,,['V2_POS1_SL'],9bc403ee-6673-4cc1-a268-c7cbd85851f5,1744735500000000000,1744744800000000000,1.12581,DEFAULT,,,,,
O-20250415-164500-001-V2-2028,BACKTESTER-001,MLSignalStrategyV2-V2,EUR/USD.IDEALPRO,IDEALPRO-1-2028,EUR/USD.IDEALPRO-MLSignalStrategyV2-V2,IDEALPRO-001,IDEALPRO-1-211841,LIMIT,SELL,100000.00,GTC,True,False,100000.00,MAKER,1.12842,-0.00012999999999996348,['2.26 USD'],NO_TRIGGER,FILLED,OUO,OL-20250415-164500-001-V2-676,['O-20250415-164500-001-V2-2027'],O-20250415-164500-001-V2-2026,,,,['V2_POS1_TP'],8d401c1a-c7e7-45c8-87ec-c8f38b3bf0ae,1744735500000000000,1744744800000000000,,,,,1.12829,False,
O-20250415-201500-001-V2-2029,BACKTESTER-001,MLSignalStrategyV2-V2,EUR/USD.IDEALPRO,IDEALPRO-1-2029,EUR/USD.IDEALPRO-MLSignalStrategyV2-V2,IDEALPRO-001,IDEALPRO-1-211953,MARKET,BUY,100000.00,GTC,False,False,100000.00,TAKER,1.1282,0.0,['2.26 USD'],NO_TRIGGER,FILLED,OTO,OL-20250415-201500-001-V2-677,"['O-20250415-201500-001-V2-2030', 'O-20250415-201500-001-V2-2031']",,,,,['V2_POS1'],a73b6341-d919-4bdb-8e6b-63c132f38b5f,1744748100000000000,1744748100000000000,,,,,,,
O-20250415-201500-001-V2-2030,BACKTESTER-001,MLSignalStrategyV2-V2,EUR/USD.IDEALPRO,IDEALPRO-1-2030,EUR/USD.IDEALPRO-MLSignalStrategyV2-V2,IDEALPRO-001,,STOP_MARKET,SELL,100000.00,GTC,True,False,0.00,NO_LIQUIDITY_SIDE,,,,NO_TRIGGER,CANCELED,OUO,OL-20250415-201500-001-V2-677,['O-20250415-201500-001-V2-2031'],O-20250415-201500-001-V2-2029,,,,['V2_POS1_SL'],f068aea0-f416-4008-8918-168c2fe00d93,1744748100000000000,1744749120000000000,1.12750,DEFAULT,,,,,
O-20250415-201500-001-V2-2031,BACKTESTER-001,MLSignalStrategyV2-V2,EUR/USD.IDEALPRO,IDEALPRO-1-2031,EUR/USD.IDEALPRO-MLSignalStrategyV2-V2,IDEALPRO-001,IDEALPRO-1-211987,LIMIT,SELL,100000.00,GTC,True,False,100000.00,MAKER,1.12897,-8.999999999992347e-05,['2.26 USD'],NO_TRIGGER,FILLED,OUO,OL-20250415-201500-001-V2-677,['O-20250415-201500-001-V2-2030'],O-20250415-201500-001-V2-2029,,,,['V2_POS1_TP'],b8a4ec1e-1767-4d61-8061-52a7bc9bc344,1744748100000000000,1744749120000000000,,,,,1.12888,False,
O-20250415-204500-001-V2-2032,BACKTESTER-001,MLSignalStrategyV2-V2,EUR/USD.IDEALPRO,IDEALPRO-1-2032,EUR/USD.IDEALPRO-MLSignalStrategyV2-V2,IDEALPRO-001,IDEALPRO-1-212014,MARKET,BUY,100000.00,GTC,False,False,100000.00,TAKER,1.1284,0.0,['2.26 USD'],NO_TRIGGER,FILLED,OTO,OL-20250415-204500-001-V2-678,"['O-20250415-204500-001-V2-2033', 'O-20250415-204500-001-V2-2034']",,,,,['V2_POS1'],5ea5b258-f4f0-493c-bbfa-b8f1b8c7181c,1744749900000000000,1744749900000000000,,,,,,,
O-20250415-204500-001-V2-2033,BACKTESTER-001,MLSignalStrategyV2-V2,EUR/USD.IDEALPRO,IDEALPRO-1-2033,EUR/USD.IDEALPRO-MLSignalStrategyV2-V2,IDEALPRO-001,,STOP_MARKET,SELL,100000.00,GTC,True,False,0.00,NO_LIQUIDITY_SIDE,,,,NO_TRIGGER,CANCELED,OUO,OL-20250415-204500-001-V2-678,['O-20250415-204500-001-V2-2034'],O-20250415-204500-001-V2-2032,,,,['V2_POS1_SL'],29a7181f-3841-4bac-9239-beb9dfaf4c46,1744749900000000000,1744754940000000000,1.12773,DEFAULT,,,,,
O-20250415-204500-001-V2-2034,BACKTESTER-001,MLSignalStrategyV2-V2,EUR/USD.IDEALPRO,IDEALPRO-1-2034,EUR/USD.IDEALPRO-MLSignalStrategyV2-V2,IDEALPRO-001,IDEALPRO-1-212153,LIMIT,SELL,100000.00,GTC,True,False,100000.00,MAKER,1.12911,-4.0000000000040004e-05,['2.26 USD'],NO_TRIGGER,FILLED,OUO,OL-20250415-204500-001-V2-678,['O-20250415-204500-001-V2-2033'],O-20250415-204500-001-V2-2032,,,,['V2_POS1_TP'],951c6f93-9cc8-423b-a2d4-016f2909a707,1744749900000000000,1744754940000000000,,,,,1.12907,False,
O-20250416-024500-001-V2-2035,BACKTESTER-001,MLSignalStrategyV2-V2,EUR/USD.IDEALPRO,IDEALPRO-1-2035,EUR/USD.IDEALPRO-MLSignalStrategyV2-V2,IDEALPRO-001,IDEALPRO-1-212707,MARKET,BUY,100000.00,GTC,False,False,100000.00,TAKER,1.13302,0.0,['2.27 USD'],NO_TRIGGER,FILLED,OTO,OL-20250416-024500-001-V2-679,"['O-20250416-024500-001-V2-2036', 'O-20250416-024500-001-V2-2037']",,,,,['V2_POS1'],7bb9ac02-57f3-40bc-8f6e-bbd343592486,1744771500000000000,1744771500000000000,,,,,,,
O-20250416-024500-001-V2-2036,BACKTESTER-001,MLSignalStrategyV2-V2,EUR/USD.IDEALPRO,IDEALPRO-1-2036,EUR/USD.IDEALPRO-MLSignalStrategyV2-V2,IDEALPRO-001,IDEALPRO-1-212717,STOP_MARKET,SELL,100000.00,GTC,True,False,100000.00,TAKER,1.13213,0.00017999999999984695,['2.26 USD'],NO_TRIGGER,FILLED,OUO,OL-20250416-024500-001-V2-679,['O-20250416-024500-001-V2-2037'],O-20250416-024500-001-V2-2035,,,,['V2_POS1_SL'],6607d150-daed-4668-9592-479156b97c0f,1744771500000000000,1744771800000000000,1.13231,DEFAULT,,,,,
O-20250416-024500-001-V2-2037,BACKTESTER-001,MLSignalStrategyV2-V2,EUR/USD.IDEALPRO,IDEALPRO-1-2037,EUR/USD.IDEALPRO-MLSignalStrategyV2-V2,IDEALPRO-001,,LIMIT,SELL,100000.00,GTC,True,False,0.00,NO_LIQUIDITY_SIDE,,,,NO_TRIGGER,CANCELED,OUO,OL-20250416-024500-001-V2-679,['O-20250416-024500-001-V2-2036'],O-20250416-024500-001-V2-2035,,,,['V2_POS1_TP'],030eed63-3fa6-4a4f-81bd-b19e9457a2bd,1744771500000000000,1744771800000000000,,,,,1.13373,False,
O-20250416-031500-001-V2-2038,BACKTESTER-001,MLSignalStrategyV2-V2,EUR/USD.IDEALPRO,IDEALPRO-1-2038,EUR/USD.IDEALPRO-MLSignalStrategyV2-V2,IDEALPRO-001,IDEALPRO-1-212768,MARKET,BUY,100000.00,GTC,False,False,100000.00,TAKER,1.13313,0.0,['2.27 USD'],NO_TRIGGER,FILLED,OTO,OL-20250416-031500-001-V2-680,"['O-20250416-031500-001-V2-2039', 'O-20250416-031500-001-V2-2040']",,,,,['V2_POS1'],5db0c7a5-9755-4e73-bf04-664d5d4041d7,1744773300000000000,1744773300000000000,,,,,,,
O-20250416-031500-001-V2-2039,BACKTESTER-001,MLSignalStrategyV2-V2,EUR/USD.IDEALPRO,IDEALPRO-1-2039,EUR/USD.IDEALPRO-MLSignalStrategyV2-V2,IDEALPRO-001,,STOP_MARKET,SELL,100000.00,GTC,True,False,0.00,NO_LIQUIDITY_SIDE,,,,NO_TRIGGER,CANCELED,OUO,OL-20250416-031500-001-V2-680,['O-20250416-031500-001-V2-2040'],O-20250416-031500-001-V2-2038,,,,['V2_POS1_SL'],e294ec7a-49f2-4a37-aa35-b4192b047900,1744773300000000000,1744774920000000000,1.13242,DEFAULT,,,,,
O-20250416-031500-001-V2-2040,BACKTESTER-001,MLSignalStrategyV2-V2,EUR/USD.IDEALPRO,IDEALPRO-1-2040,EUR/USD.IDEALPRO-MLSignalStrategyV2-V2,IDEALPRO-001,IDEALPRO-1-212823,LIMIT,SELL,100000.00,GTC,True,False,100000.00,MAKER,1.13384,-1.999999999990898e-05,['2.27 USD'],NO_TRIGGER,FILLED,OUO,OL-20250416-031500-001-V2-680,['O-20250416-031500-001-V2-2039'],O-20250416-031500-001-V2-2038,,,,['V2_POS1_TP'],038223df-c3a6-4ed3-9dde-9a0a445de737,1744773300000000000,1744774920000000000,,,,,1.13382,False,
O-20250416-040000-001-V2-2041,BACKTESTER-001,MLSignalStrategyV2-V2,EUR/USD.IDEALPRO,IDEALPRO-1-2041,EUR/USD.IDEALPRO-MLSignalStrategyV2-V2,IDEALPRO-001,IDEALPRO-1-212861,MARKET,BUY,100000.00,GTC,False,False,100000.00,TAKER,1.13435,0.0,['2.27 USD'],NO_TRIGGER,FILLED,OTO,OL-20250416-040000-001-V2-681,"['O-20250416-040000-001-V2-2042', 'O-20250416-040000-001-V2-2043']",,,,,['V2_POS1'],7f6983f5-96b5-499f-9c5f-9270a7c08afe,1744776000000000000,1744776000000000000,,,,,,,
O-20250416-040000-001-V2-2042,BACKTESTER-001,MLSignalStrategyV2-V2,EUR/USD.IDEALPRO,IDEALPRO-1-2042,EUR/USD.IDEALPRO-MLSignalStrategyV2-V2,IDEALPRO-001,IDEALPRO-1-212887,STOP_MARKET,SELL,100000.00,GTC,True,False,100000.00,TAKER,1.13366,3.0000000000196536e-05,['2.27 USD'],NO_TRIGGER,FILLED,OUO,OL-20250416-040000-001-V2-681,['O-20250416-040000-001-V2-2043'],O-20250416-040000-001-V2-2041,,,,['V2_POS1_SL'],347367ae-5d51-4294-a048-9ae7b2cf8c98,1744776000000000000,1744776780000000000,1.13369,DEFAULT,,,,,
O-20250416-040000-001-V2-2043,BACKTESTER-001,MLSignalStrategyV2-V2,EUR/USD.IDEALPRO,IDEALPRO-1-2043,EUR/USD.IDEALPRO-MLSignalStrategyV2-V2,IDEALPRO-001,,LIMIT,SELL,100000.00,GTC,True,False,0.00,NO_LIQUIDITY_SIDE,,,,NO_TRIGGER,CANCELED,OUO,OL-20250416-040000-001-V2-681,['O-20250416-040000-001-V2-2042'],O-20250416-040000-001-V2-2041,,,,['V2_POS1_TP'],474c6c9c-909c-4828-9e84-77aeba558477,1744776000000000000,1744776780000000000,,,,,1.13499,False,
O-20250416-070000-001-V2-2044,BACKTESTER-001,MLSignalStrategyV2-V2,EUR/USD.IDEALPRO,IDEALPRO-1-2044,EUR/USD.IDEALPRO-MLSignalStrategyV2-V2,IDEALPRO-001,IDEALPRO-1-213222,MARKET,SELL,100000.00,GTC,False,False,100000.00,TAKER,1.13609,0.0,['2.27 USD'],NO_TRIGGER,FILLED,OTO,OL-20250416-070000-001-V2-682,"['O-20250416-070000-001-V2-2045', 'O-20250416-070000-001-V2-2046']",,,,,['V2_POS1'],01251498-bde1-4231-bb7a-95a4e83d9076,1744786800000000000,1744786800000000000,,,,,,,
O-20250416-070000-001-V2-2045,BACKTESTER-001,MLSignalStrategyV2-V2,EUR/USD.IDEALPRO,IDEALPRO-1-2045,EUR/USD.IDEALPRO-MLSignalStrategyV2-V2,IDEALPRO-001,IDEALPRO-1-213237,STOP_MARKET,BUY,100000.00,GTC,True,False,100000.00,TAKER,1.13752,0.0004300000000001525,['2.28 USD'],NO_TRIGGER,FILLED,OUO,OL-20250416-070000-001-V2-682,['O-20250416-070000-001-V2-2046'],O-20250416-070000-001-V2-2044,,,,['V2_POS1_SL'],7fc41669-7018-49d4-8fb4-d3a4b32fdd52,1744786800000000000,1744787220000000000,1.13709,DEFAULT,,,,,
O-20250416-070000-001-V2-2046,BACKTESTER-001,MLSignalStrategyV2-V2,EUR/USD.IDEALPRO,IDEALPRO-1-2046,EUR/USD.IDEALPRO-MLSignalStrategyV2-V2,IDEALPRO-001,,LIMIT,BUY,100000.00,GTC,True,False,0.00,NO_LIQUIDITY_SIDE,,,,NO_TRIGGER,CANCELED,OUO,OL-20250416-070000-001-V2-682,['O-20250416-070000-001-V2-2045'],O-20250416-070000-001-V2-2044,,,,['V2_POS1_TP'],8d7bc1a7-4a8d-4314-82a3-e15d1d61d54b,1744786800000000000,1744787220000000000,,,,,1.13509,False,
O-20250416-234500-001-V2-2047,BACKTESTER-001,MLSignalStrategyV2-V2,EUR/USD.IDEALPRO,IDEALPRO-1-2047,EUR/USD.IDEALPRO-MLSignalStrategyV2-V2,IDEALPRO-001,IDEALPRO-1-215204,MARKET,BUY,100000.00,GTC,False,False,100000.00,TAKER,1.14057,0.0,['2.28 USD'],NO_TRIGGER,FILLED,OTO,OL-20250416-234500-001-V2-683,"['O-20250416-234500-001-V2-2048', 'O-20250416-234500-001-V2-2049']",,,,,['V2_POS1'],84e69eac-ba88-4b71-bcd0-6bb3a16ce8c4,1744847100000000000,1744847100000000000,,,,,,,
O-20250416-234500-001-V2-2048,BACKTESTER-001,MLSignalStrategyV2-V2,EUR/USD.IDEALPRO,IDEALPRO-1-2048,EUR/USD.IDEALPRO-MLSignalStrategyV2-V2,IDEALPRO-001,IDEALPRO-1-215223,STOP_MARKET,SELL,100000.00,GTC,True,False,100000.00,TAKER,1.13996,9.999999999998899e-05,['2.28 USD'],NO_TRIGGER,FILLED,OUO,OL-20250416-234500-001-V2-683,['O-20250416-234500-001-V2-2049'],O-20250416-234500-001-V2-2047,,,,['V2_POS1_SL'],3a73332f-8cd8-4b7a-8b63-437f2a636d21,1744847100000000000,1744847640000000000,1.14006,DEFAULT,,,,,
O-20250416-234500-001-V2-2049,BACKTESTER-001,MLSignalStrategyV2-V2,EUR/USD.IDEALPRO,IDEALPRO-1-2049,EUR/USD.IDEALPRO-MLSignalStrategyV2-V2,IDEALPRO-001,,LIMIT,SELL,100000.00,GTC,True,False,0.00,NO_LIQUIDITY_SIDE,,,,NO_TRIGGER,CANCELED,OUO,OL-20250416-234500-001-V2-683,['O-20250416-234500-001-V2-2048'],O-20250416-234500-001-V2-2047,,,,['V2_POS1_TP'],6474be26-753b-4f01-bfd2-bd09d13a7081,1744847100000000000,1744847640000000000,,,,,1.14108,False,
O-20250417-004500-001-V2-2050,BACKTESTER-001,MLSignalStrategyV2-V2,EUR/USD.IDEALPRO,IDEALPRO-1-2050,EUR/USD.IDEALPRO-MLSignalStrategyV2-V2,IDEALPRO-001,IDEALPRO-1-215326,MARKET,BUY,100000.00,GTC,False,False,100000.00,TAKER,1.13729,0.0,['2.27 USD'],NO_TRIGGER,FILLED,OTO,OL-20250417-004500-001-V2-684,"['O-20250417-004500-001-V2-2051', 'O-20250417-004500-001-V2-2052']",,,,,['V2_POS1'],27908d11-224d-48f5-8d59-0388aa9c663a,1744850700000000000,1744850700000000000,,,,,,,
O-20250417-004500-001-V2-2051,BACKTESTER-001,MLSignalStrategyV2-V2,EUR/USD.IDEALPRO,IDEALPRO-1-2051,EUR/USD.IDEALPRO-MLSignalStrategyV2-V2,IDEALPRO-001,IDEALPRO-1-215353,STOP_MARKET,SELL,100000.00,GTC,True,False,100000.00,TAKER,1.13653,7.00000000000145e-05,['2.27 USD'],NO_TRIGGER,FILLED,OUO,OL-20250417-004500-001-V2-684,['O-20250417-004500-001-V2-2052'],O-20250417-004500-001-V2-2050,,,,['V2_POS1_SL'],5f0aadd7-cc8d-45af-b98e-803dc8053b61,1744850700000000000,1744851480000000000,1.13660,DEFAULT,,,,,
O-20250417-004500-001-V2-2052,BACKTESTER-001,MLSignalStrategyV2-V2,EUR/USD.IDEALPRO,IDEALPRO-1-2052,EUR/USD.IDEALPRO-MLSignalStrategyV2-V2,IDEALPRO-001,,LIMIT,SELL,100000.00,GTC,True,False,0.00,NO_LIQUIDITY_SIDE,,,,NO_TRIGGER,CANCELED,OUO,OL-20250417-004500-001-V2-684,['O-20250417-004500-001-V2-2051'],O-20250417-004500-001-V2-2050,,,,['V2_POS1_TP'],7e084ec3-ba8b-4a80-a8e7-c9af7894e48c,1744850700000000000,1744851480000000000,,,,,1.13798,False,
O-20250417-040000-001-V2-2053,BACKTESTER-001,MLSignalStrategyV2-V2,EUR/USD.IDEALPRO,IDEALPRO-1-2053,EUR/USD.IDEALPRO-MLSignalStrategyV2-V2,IDEALPRO-001,IDEALPRO-1-215718,MARKET,BUY,100000.00,GTC,False,False,100000.00,TAKER,1.13645,0.0,['2.27 USD'],NO_TRIGGER,FILLED,OTO,OL-20250417-040000-001-V2-685,"['O-20250417-040000-001-V2-2054', 'O-20250417-040000-001-V2-2055']",,,,,['V2_POS1'],dc140159-1887-46d8-a45b-3fd801431606,1744862400000000000,1744862400000000000,,,,,,,
O-20250417-040000-001-V2-2054,BACKTESTER-001,MLSignalStrategyV2-V2,EUR/USD.IDEALPRO,IDEALPRO-1-2054,EUR/USD.IDEALPRO-MLSignalStrategyV2-V2,IDEALPRO-001,,STOP_MARKET,SELL,100000.00,GTC,True,False,0.00,NO_LIQUIDITY_SIDE,,,,NO_TRIGGER,CANCELED,OUO,OL-20250417-040000-001-V2-685,['O-20250417-040000-001-V2-2055'],O-20250417-040000-001-V2-2053,,,,['V2_POS1_SL'],d87e8ad1-9c8b-48f0-9d6f-1bbb2a223a7d,1744862400000000000,1744866660000000000,1.13578,DEFAULT,,,,,
O-20250417-040000-001-V2-2055,BACKTESTER-001,MLSignalStrategyV2-V2,EUR/USD.IDEALPRO,IDEALPRO-1-2055,EUR/USD.IDEALPRO-MLSignalStrategyV2-V2,IDEALPRO-001,IDEALPRO-1-215861,LIMIT,SELL,100000.00,GTC,True,False,100000.00,MAKER,1.13712,-1.999999999990898e-05,['2.27 USD'],NO_TRIGGER,FILLED,OUO,OL-20250417-040000-001-V2-685,['O-20250417-040000-001-V2-2054'],O-20250417-040000-001-V2-2053,,,,['V2_POS1_TP'],dd5c0ea8-4c26-4298-b9ef-c7de85db2a20,1744862400000000000,1744866660000000000,,,,,1.13710,False,
O-20250417-060000-001-V2-2056,BACKTESTER-001,MLSignalStrategyV2-V2,EUR/USD.IDEALPRO,IDEALPRO-1-2056,EUR/USD.IDEALPRO-MLSignalStrategyV2-V2,IDEALPRO-001,IDEALPRO-1-215960,MARKET,BUY,100000.00,GTC,False,False,100000.00,TAKER,1.13524,0.0,['2.27 USD'],NO_TRIGGER,FILLED,OTO,OL-20250417-060000-001-V2-686,"['O-20250417-060000-001-V2-2057', 'O-20250417-060000-001-V2-2058']",,,,,['V2_POS1'],70d256b3-0acb-490c-b63f-4695df58d867,1744869600000000000,1744869600000000000,,,,,,,
O-20250417-060000-001-V2-2057,BACKTESTER-001,MLSignalStrategyV2-V2,EUR/USD.IDEALPRO,IDEALPRO-1-2057,EUR/USD.IDEALPRO-MLSignalStrategyV2-V2,IDEALPRO-001,IDEALPRO-1-215975,STOP_MARKET,SELL,100000.00,GTC,True,False,100000.00,TAKER,1.13443,7.00000000000145e-05,['2.27 USD'],NO_TRIGGER,FILLED,OUO,OL-20250417-060000-001-V2-686,['O-20250417-060000-001-V2-2058'],O-20250417-060000-001-V2-2056,,,,['V2_POS1_SL'],43fe59ea-e15c-46f6-96e4-256af8e5c12c,1744869600000000000,1744870020000000000,1.13450,DEFAULT,,,,,
O-20250417-060000-001-V2-2058,BACKTESTER-001,MLSignalStrategyV2-V2,EUR/USD.IDEALPRO,IDEALPRO-1-2058,EUR/USD.IDEALPRO-MLSignalStrategyV2-V2,IDEALPRO-001,,LIMIT,SELL,100000.00,GTC,True,False,0.00,NO_LIQUIDITY_SIDE,,,,NO_TRIGGER,CANCELED,OUO,OL-20250417-060000-001-V2-686,['O-20250417-060000-001-V2-2057'],O-20250417-060000-001-V2-2056,,,,['V2_POS1_TP'],a989a4ba-e232-4fee-925e-0e8b1fefc4f1,1744869600000000000,1744870020000000000,,,,,1.13596,False,
O-20250417-061500-001-V2-2059,BACKTESTER-001,MLSignalStrategyV2-V2,EUR/USD.IDEALPRO,IDEALPRO-1-2059,EUR/USD.IDEALPRO-MLSignalStrategyV2-V2,IDEALPRO-001,IDEALPRO-1-215992,MARKET,BUY,100000.00,GTC,False,False,100000.00,TAKER,1.13518,0.0,['2.27 USD'],NO_TRIGGER,FILLED,OTO,OL-20250417-061500-001-V2-687,"['O-20250417-061500-001-V2-2060', 'O-20250417-061500-001-V2-2061']",,,,,['V2_POS1'],82a686fa-b236-4199-9897-c1b12a7de63d,1744870500000000000,1744870500000000000,,,,,,,
O-20250417-061500-001-V2-2060,BACKTESTER-001,MLSignalStrategyV2-V2,EUR/USD.IDEALPRO,IDEALPRO-1-2060,EUR/USD.IDEALPRO-MLSignalStrategyV2-V2,IDEALPRO-001,,STOP_MARKET,SELL,100000.00,GTC,True,False,0.00,NO_LIQUIDITY_SIDE,,,,NO_TRIGGER,CANCELED,OUO,OL-20250417-061500-001-V2-687,['O-20250417-061500-001-V2-2061'],O-20250417-061500-001-V2-2059,,,,['V2_POS1_SL'],010f71f1-a1f2-498c-98d4-67634cccac6b,1744870500000000000,1744871400000000000,1.13443,DEFAULT,,,,,
O-20250417-061500-001-V2-2061,BACKTESTER-001,MLSignalStrategyV2-V2,EUR/USD.IDEALPRO,IDEALPRO-1-2061,EUR/USD.IDEALPRO-MLSignalStrategyV2-V2,IDEALPRO-001,IDEALPRO-1-216023,LIMIT,SELL,100000.00,GTC,True,False,100000.00,MAKER,1.13592,1.0000000000065512e-05,['2.27 USD'],NO_TRIGGER,FILLED,OUO,OL-20250417-061500-001-V2-687,['O-20250417-061500-001-V2-2060'],O-20250417-061500-001-V2-2059,,,,['V2_POS1_TP'],19999034-2e68-4073-b79a-0280193d9d02,1744870500000000000,1744871400000000000,,,,,1.13593,False,
O-20250417-093000-001-V2-2062,BACKTESTER-001,MLSignalStrategyV2-V2,EUR/USD.IDEALPRO,IDEALPRO-1-2062,EUR/USD.IDEALPRO-MLSignalStrategyV2-V2,IDEALPRO-001,IDEALPRO-1-216385,MARKET,SELL,100000.00,GTC,False,False,100000.00,TAKER,1.13716,0.0,['2.27 USD'],NO_TRIGGER,FILLED,OTO,OL-20250417-093000-001-V2-688,"['O-20250417-093000-001-V2-2063', 'O-20250417-093000-001-V2-2064']",,,,,['V2_POS1'],7fb35f87-87c3-4101-b7d1-991f60cccf94,1744882200000000000,1744882200000000000,,,,,,,
O-20250417-093000-001-V2-2063,BACKTESTER-001,MLSignalStrategyV2-V2,EUR/USD.IDEALPRO,IDEALPRO-1-2063,EUR/USD.IDEALPRO-MLSignalStrategyV2-V2,IDEALPRO-001,,STOP_MARKET,BUY,100000.00,GTC,True,False,0.00,NO_LIQUIDITY_SIDE,,,,NO_TRIGGER,CANCELED,OUO,OL-20250417-093000-001-V2-688,['O-20250417-093000-001-V2-2064'],O-20250417-093000-001-V2-2062,,,,['V2_POS1_SL'],7b39d48e-f3ff-4a13-8808-0e709c24d098,1744882200000000000,1744884780000000000,1.13802,DEFAULT,,,,,
O-20250417-093000-001-V2-2064,BACKTESTER-001,MLSignalStrategyV2-V2,EUR/USD.IDEALPRO,IDEALPRO-1-2064,EUR/USD.IDEALPRO-MLSignalStrategyV2-V2,IDEALPRO-001,IDEALPRO-1-216471,LIMIT,BUY,100000.00,GTC,True,False,100000.00,MAKER,1.13603,-0.00026999999999999247,['2.27 USD'],NO_TRIGGER,FILLED,OUO,OL-20250417-093000-001-V2-688,['O-20250417-093000-001-V2-2063'],O-20250417-093000-001-V2-2062,,,,['V2_POS1_TP'],10a981ae-2208-43bb-9bfd-bc47ced20174,1744882200000000000,1744884780000000000,,,,,1.13630,False,
O-20250417-120000-001-V2-2065,BACKTESTER-001,MLSignalStrategyV2-V2,EUR/USD.IDEALPRO,IDEALPRO-1-2065,EUR/USD.IDEALPRO-MLSignalStrategyV2-V2,IDEALPRO-001,IDEALPRO-1-216686,MARKET,BUY,100000.00,GTC,False,False,100000.00,TAKER,1.13567,0.0,['2.27 USD'],NO_TRIGGER,FILLED,OTO,OL-20250417-120000-001-V2-689,"['O-20250417-120000-001-V2-2066', 'O-20250417-120000-001-V2-2067']",,,,,['V2_POS1'],4290db5d-aa26-4b1d-8a1a-05f78e4866ea,1744891200000000000,1744891200000000000,,,,,,,
O-20250417-120000-001-V2-2066,BACKTESTER-001,MLSignalStrategyV2-V2,EUR/USD.IDEALPRO,IDEALPRO-1-2066,EUR/USD.IDEALPRO-MLSignalStrategyV2-V2,IDEALPRO-001,,STOP_MARKET,SELL,100000.00,GTC,True,False,0.00,NO_LIQUIDITY_SIDE,,,,NO_TRIGGER,CANCELED,OUO,OL-20250417-120000-001-V2-689,['O-20250417-120000-001-V2-2067'],O-20250417-120000-001-V2-2065,,,,['V2_POS1_SL'],f630efd4-717e-4a7a-8f1c-283cb23af7b4,1744891200000000000,1744891500000000000,1.13487,DEFAULT,,,,,
O-20250417-120000-001-V2-2067,BACKTESTER-001,MLSignalStrategyV2-V2,EUR/USD.IDEALPRO,IDEALPRO-1-2067,EUR/USD.IDEALPRO-MLSignalStrategyV2-V2,IDEALPRO-001,IDEALPRO-1-216697,LIMIT,SELL,100000.00,GTC,True,False,100000.00,MAKER,1.13663,-0.000180000000000069,['2.27 USD'],NO_TRIGGER,FILLED,OUO,OL-20250417-120000-001-V2-689,['O-20250417-120000-001-V2-2066'],O-20250417-120000-001-V2-2065,,,,['V2_POS1_TP'],b60827c4-094b-465e-a246-9126eadd38d7,1744891200000000000,1744891500000000000,,,,,1.13645,False,
O-20250417-123000-001-V2-2068,BACKTESTER-001,MLSignalStrategyV2-V2,EUR/USD.IDEALPRO,IDEALPRO-1-2068,EUR/USD.IDEALPRO-MLSignalStrategyV2-V2,IDEALPRO-001,IDEALPRO-1-216748,MARKET,BUY,100000.00,GTC,False,False,100000.00,TAKER,1.13455,0.0,['2.27 USD'],NO_TRIGGER,FILLED,OTO,OL-20250417-123000-001-V2-690,"['O-20250417-123000-001-V2-2069', 'O-20250417-123000-001-V2-2070']",,,,,['V2_POS1'],f3941252-4127-489c-a019-74e9d35164d7,1744893000000000000,1744893000000000000,,,,,,,
O-20250417-123000-001-V2-2069,BACKTESTER-001,MLSignalStrategyV2-V2,EUR/USD.IDEALPRO,IDEALPRO-1-2069,EUR/USD.IDEALPRO-MLSignalStrategyV2-V2,IDEALPRO-001,,STOP_MARKET,SELL,100000.00,GTC,True,False,0.00,NO_LIQUIDITY_SIDE,,,,NO_TRIGGER,CANCELED,OUO,OL-20250417-123000-001-V2-690,['O-20250417-123000-001-V2-2070'],O-20250417-123000-001-V2-2068,,,,['V2_POS1_SL'],658011aa-26a0-4e56-95b4-af37423d43ff,1744893000000000000,1744893660000000000,1.13357,DEFAULT,,,,,
O-20250417-123000-001-V2-2070,BACKTESTER-001,MLSignalStrategyV2-V2,EUR/USD.IDEALPRO,IDEALPRO-1-2070,EUR/USD.IDEALPRO-MLSignalStrategyV2-V2,IDEALPRO-001,IDEALPRO-1-216771,LIMIT,SELL,100000.00,GTC,True,False,100000.00,MAKER,1.13568,-0.00017000000000000348,['2.27 USD'],NO_TRIGGER,FILLED,OUO,OL-20250417-123000-001-V2-690,['O-20250417-123000-001-V2-2069'],O-20250417-123000-001-V2-2068,,,,['V2_POS1_TP'],0afd7ce6-7b8f-426a-9701-76bdbbf23e5d,1744893000000000000,1744893660000000000,,,,,1.13551,False,
O-20250417-124500-001-V2-2071,BACKTESTER-001,MLSignalStrategyV2-V2,EUR/USD.IDEALPRO,IDEALPRO-1-2071,EUR/USD.IDEALPRO-MLSignalStrategyV2-V2,IDEALPRO-001,IDEALPRO-1-216780,MARKET,BUY,100000.00,GTC,False,False,100000.00,TAKER,1.13556,0.0,['2.27 USD'],NO_TRIGGER,FILLED,OTO,OL-20250417-124500-001-V2-691,"['O-20250417-124500-001-V2-2072', 'O-20250417-124500-001-V2-2073']",,,,,['V2_POS1'],91b3e8cd-27b1-45ae-bd3b-8c328c653c89,1744893900000000000,1744893900000000000,,,,,,,
O-20250417-124500-001-V2-2072,BACKTESTER-001,MLSignalStrategyV2-V2,EUR/USD.IDEALPRO,IDEALPRO-1-2072,EUR/USD.IDEALPRO-MLSignalStrategyV2-V2,IDEALPRO-001,IDEALPRO-1-216793,STOP_MARKET,SELL,100000.00,GTC,True,False,100000.00,TAKER,1.1344,4.999999999988347e-05,['2.27 USD'],NO_TRIGGER,FILLED,OUO,OL-20250417-124500-001-V2-691,['O-20250417-124500-001-V2-2073'],O-20250417-124500-001-V2-2071,,,,['V2_POS1_SL'],423a5ea1-5023-4104-87ad-a48662443bc6,1744893900000000000,1744894260000000000,1.13445,DEFAULT,,,,,
O-20250417-124500-001-V2-2073,BACKTESTER-001,MLSignalStrategyV2-V2,EUR/USD.IDEALPRO,IDEALPRO-1-2073,EUR/USD.IDEALPRO-MLSignalStrategyV2-V2,IDEALPRO-001,,LIMIT,SELL,100000.00,GTC,True,False,0.00,NO_LIQUIDITY_SIDE,,,,NO_TRIGGER,CANCELED,OUO,OL-20250417-124500-001-V2-691,['O-20250417-124500-001-V2-2072'],O-20250417-124500-001-V2-2071,,,,['V2_POS1_TP'],c010a25d-6b51-4b65-a921-7acfd5095568,1744893900000000000,1744894260000000000,,,,,1.13667,False,
O-20250417-131500-001-V2-2074,BACKTESTER-001,MLSignalStrategyV2-V2,EUR/USD.IDEALPRO,IDEALPRO-1-2074,EUR/USD.IDEALPRO-MLSignalStrategyV2-V2,IDEALPRO-001,IDEALPRO-1-216843,MARKET,SELL,100000.00,GTC,False,False,100000.00,TAKER,1.13553,0.0,['2.27 USD'],NO_TRIGGER,FILLED,OTO,OL-20250417-131500-001-V2-692,"['O-20250417-131500-001-V2-2075', 'O-20250417-131500-001-V2-2076']",,,,,['V2_POS1'],eaed93a1-4330-4ba4-b928-90c108ff045f,1744895700000000000,1744895700000000000,,,,,,,
O-20250417-131500-001-V2-2075,BACKTESTER-001,MLSignalStrategyV2-V2,EUR/USD.IDEALPRO,IDEALPRO-1-2075,EUR/USD.IDEALPRO-MLSignalStrategyV2-V2,IDEALPRO-001,IDEALPRO-1-216871,STOP_MARKET,BUY,100000.00,GTC,True,False,100000.00,TAKER,1.13692,4.999999999988347e-05,['2.27 USD'],NO_TRIGGER,FILLED,OUO,OL-20250417-131500-001-V2-692,['O-20250417-131500-001-V2-2076'],O-20250417-131500-001-V2-2074,,,,['V2_POS1_SL'],6c41cf85-f306-4ca3-b7d6-5ecc3f526562,1744895700000000000,1744896540000000000,1.13687,DEFAULT,,,,,
O-20250417-131500-001-V2-2076,BACKTESTER-001,MLSignalStrategyV2-V2,EUR/USD.IDEALPRO,IDEALPRO-1-2076,EUR/USD.IDEALPRO-MLSignalStrategyV2-V2,IDEALPRO-001,,LIMIT,BUY,100000.00,GTC,True,False,0.00,NO_LIQUIDITY_SIDE,,,,NO_TRIGGER,CANCELED,OUO,OL-20250417-131500-001-V2-692,['O-20250417-131500-001-V2-2075'],O-20250417-131500-001-V2-2074,,,,['V2_POS1_TP'],7a72682c-ca7c-4394-9343-4438d6d5c756,1744895700000000000,1744896540000000000,,,,,1.13419,False,
O-20250417-133000-001-V2-2077,BACKTESTER-001,MLSignalStrategyV2-V2,EUR/USD.IDEALPRO,IDEALPRO-1-2077,EUR/USD.IDEALPRO-MLSignalStrategyV2-V2,IDEALPRO-001,IDEALPRO-1-216874,MARKET,SELL,100000.00,GTC,False,False,100000.00,TAKER,1.13657,0.0,['2.27 USD'],NO_TRIGGER,FILLED,OTO,OL-20250417-133000-001-V2-693,"['O-20250417-133000-001-V2-2078', 'O-20250417-133000-001-V2-2079']",,,,,['V2_POS1'],85d5322d-2ca8-41a6-94c8-1d9230ed4805,1744896600000000000,1744896600000000000,,,,,,,
O-20250417-133000-001-V2-2078,BACKTESTER-001,MLSignalStrategyV2-V2,EUR/USD.IDEALPRO,IDEALPRO-1-2078,EUR/USD.IDEALPRO-MLSignalStrategyV2-V2,IDEALPRO-001,IDEALPRO-1-216979,STOP_MARKET,BUY,100000.00,GTC,True,False,100000.00,TAKER,1.13809,0.000180000000000069,['2.28 USD'],NO_TRIGGER,FILLED,OUO,OL-20250417-133000-001-V2-693,['O-20250417-133000-001-V2-2079'],O-20250417-133000-001-V2-2077,,,,['V2_POS1_SL'],9392d4d7-d8d3-41aa-adf6-ab1eb2cebcb1,1744896600000000000,1744899720000000000,1.13791,DEFAULT,,,,,
O-20250417-133000-001-V2-2079,BACKTESTER-001,MLSignalStrategyV2-V2,EUR/USD.IDEALPRO,IDEALPRO-1-2079,EUR/USD.IDEALPRO-MLSignalStrategyV2-V2,IDEALPRO-001,,LIMIT,BUY,100000.00,GTC,True,False,0.00,NO_LIQUIDITY_SIDE,,,,NO_TRIGGER,CANCELED,OUO,OL-20250417-133000-001-V2-693,['O-20250417-133000-001-V2-2078'],O-20250417-133000-001-V2-2077,,,,['V2_POS1_TP'],22978046-217e-43a7-81c3-46f44c9c0193,1744896600000000000,1744899720000000000,,,,,1.13523,False,
O-20250418-054500-001-V2-2080,BACKTESTER-001,MLSignalStrategyV2-V2,EUR/USD.IDEALPRO,IDEALPRO-1-2080,EUR/USD.IDEALPRO-MLSignalStrategyV2-V2,IDEALPRO-001,IDEALPRO-1-218796,MARKET,BUY,100000.00,GTC,False,False,100000.00,TAKER,1.13698,0.0,['2.27 USD'],NO_TRIGGER,FILLED,OTO,OL-20250418-054500-001-V2-694,"['O-20250418-054500-001-V2-2081', 'O-20250418-054500-001-V2-2082']",,,,,['V2_POS1'],8a3f73c8-d36a-42f6-99b5-d9d6ecc068e6,1744955100000000000,1744955100000000000,,,,,,,
O-20250418-054500-001-V2-2081,BACKTESTER-001,MLSignalStrategyV2-V2,EUR/USD.IDEALPRO,IDEALPRO-1-2081,EUR/USD.IDEALPRO-MLSignalStrategyV2-V2,IDEALPRO-001,,STOP_MARKET,SELL,100000.00,GTC,True,False,0.00,NO_LIQUIDITY_SIDE,,,,NO_TRIGGER,CANCELED,OUO,OL-20250418-054500-001-V2-694,['O-20250418-054500-001-V2-2082'],O-20250418-054500-001-V2-2080,,,,['V2_POS1_SL'],a06fd013-16a8-4e8f-a671-140252ddc7e3,1744955100000000000,1744956780000000000,1.13656,DEFAULT,,,,,
O-20250418-054500-001-V2-2082,BACKTESTER-001,MLSignalStrategyV2-V2,EUR/USD.IDEALPRO,IDEALPRO-1-2082,EUR/USD.IDEALPRO-MLSignalStrategyV2-V2,IDEALPRO-001,IDEALPRO-1-218853,LIMIT,SELL,100000.00,GTC,True,False,100000.00,MAKER,1.13744,-4.0000000000040004e-05,['2.27 USD'],NO_TRIGGER,FILLED,OUO,OL-20250418-054500-001-V2-694,['O-20250418-054500-001-V2-2081'],O-20250418-054500-001-V2-2080,,,,['V2_POS1_TP'],8bb76691-b81a-4d50-9c58-f79c3699069b,1744955100000000000,1744956780000000000,,,,,1.13740,False,
O-20250418-090000-001-V2-2083,BACKTESTER-001,MLSignalStrategyV2-V2,EUR/USD.IDEALPRO,IDEALPRO-1-2083,EUR/USD.IDEALPRO-MLSignalStrategyV2-V2,IDEALPRO-001,IDEALPRO-1-219188,MARKET,BUY,100000.00,GTC,False,False,100000.00,TAKER,1.13711,0.0,['2.27 USD'],NO_TRIGGER,FILLED,OTO,OL-20250418-090000-001-V2-695,"['O-20250418-090000-001-V2-2084', 'O-20250418-090000-001-V2-2085']",,,,,['V2_POS1'],cb689580-779b-4338-8e16-e2bd8dfd0d4a,1744966800000000000,1744966800000000000,,,,,,,
O-20250418-090000-001-V2-2084,BACKTESTER-001,MLSignalStrategyV2-V2,EUR/USD.IDEALPRO,IDEALPRO-1-2084,EUR/USD.IDEALPRO-MLSignalStrategyV2-V2,IDEALPRO-001,,STOP_MARKET,SELL,100000.00,GTC,True,False,0.00,NO_LIQUIDITY_SIDE,,,,NO_TRIGGER,CANCELED,OUO,OL-20250418-090000-001-V2-695,['O-20250418-090000-001-V2-2085'],O-20250418-090000-001-V2-2083,,,,['V2_POS1_SL'],14c29fb9-a9cc-4c66-bda6-099080fc05c9,1744966800000000000,1744974060000000000,1.13666,DEFAULT,,,,,
O-20250418-090000-001-V2-2085,BACKTESTER-001,MLSignalStrategyV2-V2,EUR/USD.IDEALPRO,IDEALPRO-1-2085,EUR/USD.IDEALPRO-MLSignalStrategyV2-V2,IDEALPRO-001,IDEALPRO-1-219431,LIMIT,SELL,100000.00,GTC,True,False,100000.00,MAKER,1.13758,-4.0000000000040004e-05,['2.28 USD'],NO_TRIGGER,FILLED,OUO,OL-20250418-090000-001-V2-695,['O-20250418-090000-001-V2-2084'],O-20250418-090000-001-V2-2083,,,,['V2_POS1_TP'],7f0e7e92-ba19-4ae8-bdcc-24b3ae82e993,1744966800000000000,1744974060000000000,,,,,1.13754,False,
O-20250418-154500-001-V2-2086,BACKTESTER-001,MLSignalStrategyV2-V2,EUR/USD.IDEALPRO,IDEALPRO-1-2086,EUR/USD.IDEALPRO-MLSignalStrategyV2-V2,IDEALPRO-001,IDEALPRO-1-220000,MARKET,BUY,100000.00,GTC,False,False,100000.00,TAKER,1.13929,0.0,['2.28 USD'],NO_TRIGGER,FILLED,OTO,OL-20250418-154500-001-V2-696,"['O-20250418-154500-001-V2-2087', 'O-20250418-154500-001-V2-2088']",,,,,['V2_POS1'],d167eaff-fee4-450d-a4de-426a6f6991fc,1744991100000000000,1744991100000000000,,,,,,,
O-20250418-154500-001-V2-2087,BACKTESTER-001,MLSignalStrategyV2-V2,EUR/USD.IDEALPRO,IDEALPRO-1-2087,EUR/USD.IDEALPRO-MLSignalStrategyV2-V2,IDEALPRO-001,IDEALPRO-1-220041,STOP_MARKET,SELL,100000.00,GTC,True,False,100000.00,TAKER,1.13878,9.000000000014552e-05,['2.28 USD'],NO_TRIGGER,FILLED,OUO,OL-20250418-154500-001-V2-696,['O-20250418-154500-001-V2-2088'],O-20250418-154500-001-V2-2086,,,,['V2_POS1_SL'],d1dee8df-6d03-40fb-a7a2-97f563f73e94,1744991100000000000,1744992300000000000,1.13887,DEFAULT,,,,,
O-20250418-154500-001-V2-2088,BACKTESTER-001,MLSignalStrategyV2-V2,EUR/USD.IDEALPRO,IDEALPRO-1-2088,EUR/USD.IDEALPRO-MLSignalStrategyV2-V2,IDEALPRO-001,,LIMIT,SELL,100000.00,GTC,True,False,0.00,NO_LIQUIDITY_SIDE,,,,NO_TRIGGER,CANCELED,OUO,OL-20250418-154500-001-V2-696,['O-20250418-154500-001-V2-2087'],O-20250418-154500-001-V2-2086,,,,['V2_POS1_TP'],9594b873-7314-4cb1-bfe3-026453f46d4d,1744991100000000000,1744992300000000000,,,,,1.13969,False,
O-20250418-163000-001-V2-2089,BACKTESTER-001,MLSignalStrategyV2-V2,EUR/USD.IDEALPRO,IDEALPRO-1-2089,EUR/USD.IDEALPRO-MLSignalStrategyV2-V2,IDEALPRO-001,IDEALPRO-1-220092,MARKET,BUY,100000.00,GTC,False,False,100000.00,TAKER,1.13937,0.0,['2.28 USD'],NO_TRIGGER,FILLED,OTO,OL-20250418-163000-001-V2-697,"['O-20250418-163000-001-V2-2090', 'O-20250418-163000-001-V2-2091']",,,,,['V2_POS1'],6418eae3-7be2-4a5f-99ff-2cb021d20590,1744993800000000000,1744993800000000000,,,,,,,
O-20250418-163000-001-V2-2090,BACKTESTER-001,MLSignalStrategyV2-V2,EUR/USD.IDEALPRO,IDEALPRO-1-2090,EUR/USD.IDEALPRO-MLSignalStrategyV2-V2,IDEALPRO-001,,STOP_MARKET,SELL,100000.00,GTC,True,False,0.00,NO_LIQUIDITY_SIDE,,,,NO_TRIGGER,CANCELED,OUO,OL-20250418-163000-001-V2-697,['O-20250418-163000-001-V2-2091'],O-20250418-163000-001-V2-2089,,,,['V2_POS1_SL'],03c69565-1105-493f-8e28-f44631a18d61,1744993800000000000,1745193660000000000,1.13898,DEFAULT,,,,,
O-20250418-163000-001-V2-2091,BACKTESTER-001,MLSignalStrategyV2-V2,EUR/USD.IDEALPRO,IDEALPRO-1-2091,EUR/USD.IDEALPRO-MLSignalStrategyV2-V2,IDEALPRO-001,IDEALPRO-1-220635,LIMIT,SELL,100000.00,GTC,True,False,100000.00,MAKER,1.14491,-0.005149999999999988,['2.29 USD'],NO_TRIGGER,FILLED,OUO,OL-20250418-163000-001-V2-697,['O-20250418-163000-001-V2-2090'],O-20250418-163000-001-V2-2089,,,,['V2_POS1_TP'],d23515e2-1764-40a4-acfd-221223ba39d9,1744993800000000000,1745193660000000000,,,,,1.13976,False,
O-20250421-070000-001-V2-2092,BACKTESTER-001,MLSignalStrategyV2-V2,EUR/USD.IDEALPRO,IDEALPRO-1-2092,EUR/USD.IDEALPRO-MLSignalStrategyV2-V2,IDEALPRO-001,IDEALPRO-1-221474,MARKET,SELL,100000.00,GTC,False,False,100000.00,TAKER,1.15155,0.0,['2.30 USD'],NO_TRIGGER,FILLED,OTO,OL-20250421-070000-001-V2-698,"['O-20250421-070000-001-V2-2093', 'O-20250421-070000-001-V2-2094']",,,,,['V2_POS1'],fa6fa48d-2721-49d5-b1d8-4bfe70c47cfe,1745218800000000000,1745218800000000000,,,,,,,
O-20250421-070000-001-V2-2093,BACKTESTER-001,MLSignalStrategyV2-V2,EUR/USD.IDEALPRO,IDEALPRO-1-2093,EUR/USD.IDEALPRO-MLSignalStrategyV2-V2,IDEALPRO-001,IDEALPRO-1-221521,STOP_MARKET,BUY,100000.00,GTC,True,False,100000.00,TAKER,1.15285,0.0003799999999998249,['2.31 USD'],NO_TRIGGER,FILLED,OUO,OL-20250421-070000-001-V2-698,['O-20250421-070000-001-V2-2094'],O-20250421-070000-001-V2-2092,,,,['V2_POS1_SL'],a224c8d0-ba82-4998-b80c-1958c52d5789,1745218800000000000,1745220180000000000,1.15247,DEFAULT,,,,,
O-20250421-070000-001-V2-2094,BACKTESTER-001,MLSignalStrategyV2-V2,EUR/USD.IDEALPRO,IDEALPRO-1-2094,EUR/USD.IDEALPRO-MLSignalStrategyV2-V2,IDEALPRO-001,,LIMIT,BUY,100000.00,GTC,True,False,0.00,NO_LIQUIDITY_SIDE,,,,NO_TRIGGER,CANCELED,OUO,OL-20250421-070000-001-V2-698,['O-20250421-070000-001-V2-2093'],O-20250421-070000-001-V2-2092,,,,['V2_POS1_TP'],aad6323f-6f2c-4caa-bf7d-3d8c8f96b1ab,1745218800000000000,1745220180000000000,,,,,1.15063,False,
O-20250421-080000-001-V2-2095,BACKTESTER-001,MLSignalStrategyV2-V2,EUR/USD.IDEALPRO,IDEALPRO-1-2095,EUR/USD.IDEALPRO-MLSignalStrategyV2-V2,IDEALPRO-001,IDEALPRO-1-221596,MARKET,SELL,100000.00,GTC,False,False,100000.00,TAKER,1.15555,0.0,['2.31 USD'],NO_TRIGGER,FILLED,OTO,OL-20250421-080000-001-V2-699,"['O-20250421-080000-001-V2-2096', 'O-20250421-080000-001-V2-2097']",,,,,['V2_POS1'],5c92aaba-8b79-4fec-b568-e9b52748952f,1745222400000000000,1745222400000000000,,,,,,,
O-20250421-080000-001-V2-2096,BACKTESTER-001,MLSignalStrategyV2-V2,EUR/USD.IDEALPRO,IDEALPRO-1-2096,EUR/USD.IDEALPRO-MLSignalStrategyV2-V2,IDEALPRO-001,,STOP_MARKET,BUY,100000.00,GTC,True,False,0.00,NO_LIQUIDITY_SIDE,,,,NO_TRIGGER,CANCELED,OUO,OL-20250421-080000-001-V2-699,['O-20250421-080000-001-V2-2097'],O-20250421-080000-001-V2-2095,,,,['V2_POS1_SL'],0135f5c9-6af2-48aa-96e4-f9ccdd3cdbad,1745222400000000000,1745223060000000000,1.15664,DEFAULT,,,,,
O-20250421-080000-001-V2-2097,BACKTESTER-001,MLSignalStrategyV2-V2,EUR/USD.IDEALPRO,IDEALPRO-1-2097,EUR/USD.IDEALPRO-MLSignalStrategyV2-V2,IDEALPRO-001,IDEALPRO-1-221619,LIMIT,BUY,100000.00,GTC,True,False,100000.00,MAKER,1.15448,0.0,['2.31 USD'],NO_TRIGGER,FILLED,OUO,OL-20250421-080000-001-V2-699,['O-20250421-080000-001-V2-2096'],O-20250421-080000-001-V2-2095,,,,['V2_POS1_TP'],042a3ea5-2337-4724-b7d8-43674a53a40d,1745222400000000000,1745223060000000000,,,,,1.15448,False,
O-20250421-083000-001-V2-2098,BACKTESTER-001,MLSignalStrategyV2-V2,EUR/USD.IDEALPRO,IDEALPRO-1-2098,EUR/USD.IDEALPRO-MLSignalStrategyV2-V2,IDEALPRO-001,IDEALPRO-1-221658,MARKET,SELL,100000.00,GTC,False,False,100000.00,TAKER,1.15437,0.0,['2.31 USD'],NO_TRIGGER,FILLED,OTO,OL-20250421-083000-001-V2-700,"['O-20250421-083000-001-V2-2099', 'O-20250421-083000-001-V2-2100']",,,,,['V2_POS1'],87a5e753-87ff-4d92-9af6-d210ee7613e0,1745224200000000000,1745224200000000000,,,,,,,
O-20250421-083000-001-V2-2099,BACKTESTER-001,MLSignalStrategyV2-V2,EUR/USD.IDEALPRO,IDEALPRO-1-2099,EUR/USD.IDEALPRO-MLSignalStrategyV2-V2,IDEALPRO-001,IDEALPRO-1-221687,STOP_MARKET,BUY,100000.00,GTC,True,False,100000.00,TAKER,1.15568,9.000000000014552e-05,['2.31 USD'],NO_TRIGGER,FILLED,OUO,OL-20250421-083000-001-V2-700,['O-20250421-083000-001-V2-2100'],O-20250421-083000-001-V2-2098,,,,['V2_POS1_SL'],848b243f-8e73-4249-9767-deae95b90c4e,1745224200000000000,1745225040000000000,1.15559,DEFAULT,,,,,
O-20250421-083000-001-V2-2100,BACKTESTER-001,MLSignalStrategyV2-V2,EUR/USD.IDEALPRO,IDEALPRO-1-2100,EUR/USD.IDEALPRO-MLSignalStrategyV2-V2,IDEALPRO-001,,LIMIT,BUY,100000.00,GTC,True,False,0.00,NO_LIQUIDITY_SIDE,,,,NO_TRIGGER,CANCELED,OUO,OL-20250421-083000-001-V2-700,['O-20250421-083000-001-V2-2099'],O-20250421-083000-001-V2-2098,,,,['V2_POS1_TP'],b392428f-deed-4319-a340-03644fdac1f9,1745224200000000000,1745225040000000000,,,,,1.15317,False,
O-20250421-084500-001-V2-2101,BACKTESTER-001,MLSignalStrategyV2-V2,EUR/USD.IDEALPRO,IDEALPRO-1-2101,EUR/USD.IDEALPRO-MLSignalStrategyV2-V2,IDEALPRO-001,IDEALPRO-1-221690,MARKET,SELL,100000.00,GTC,False,False,100000.00,TAKER,1.15569,0.0,['2.31 USD'],NO_TRIGGER,FILLED,OTO,OL-20250421-084500-001-V2-701,"['O-20250421-084500-001-V2-2102', 'O-20250421-084500-001-V2-2103']",,,,,['V2_POS1'],d8072238-68f4-4295-a5a1-8426799fc05d,1745225100000000000,1745225100000000000,,,,,,,
O-20250421-084500-001-V2-2102,BACKTESTER-001,MLSignalStrategyV2-V2,EUR/USD.IDEALPRO,IDEALPRO-1-2102,EUR/USD.IDEALPRO-MLSignalStrategyV2-V2,IDEALPRO-001,IDEALPRO-1-221747,STOP_MARKET,BUY,100000.00,GTC,True,False,100000.00,TAKER,1.15734,0.00045000000000006146,['2.31 USD'],NO_TRIGGER,FILLED,OUO,OL-20250421-084500-001-V2-701,['O-20250421-084500-001-V2-2103'],O-20250421-084500-001-V2-2101,,,,['V2_POS1_SL'],d469840e-3a6a-4686-869e-e2bd32d1b210,1745225100000000000,1745226780000000000,1.15689,DEFAULT,,,,,
O-20250421-084500-001-V2-2103,BACKTESTER-001,MLSignalStrategyV2-V2,EUR/USD.IDEALPRO,IDEALPRO-1-2103,EUR/USD.IDEALPRO-MLSignalStrategyV2-V2,IDEALPRO-001,,LIMIT,BUY,100000.00,GTC,True,False,0.00,NO_LIQUIDITY_SIDE,,,,NO_TRIGGER,CANCELED,OUO,OL-20250421-084500-001-V2-701,['O-20250421-084500-001-V2-2102'],O-20250421-084500-001-V2-2101,,,,['V2_POS1_TP'],015a4d89-110f-462d-88a8-42f10e3d2d09,1745225100000000000,1745226780000000000,,,,,1.15449,False,
O-20250421-100000-001-V2-2104,BACKTESTER-001,MLSignalStrategyV2-V2,EUR/USD.IDEALPRO,IDEALPRO-1-2104,EUR/USD.IDEALPRO-MLSignalStrategyV2-V2,IDEALPRO-001,IDEALPRO-1-221842,MARKET,SELL,100000.00,GTC,False,False,100000.00,TAKER,1.15471,0.0,['2.31 USD'],NO_TRIGGER,FILLED,OTO,OL-20250421-100000-001-V2-702,"['O-20250421-100000-001-V2-2105', 'O-20250421-100000-001-V2-2106']",,,,,['V2_POS1'],03f9bdf4-9c09-4ff9-b784-2e5312620bad,1745229600000000000,1745229600000000000,,,,,,,
O-20250421-100000-001-V2-2105,BACKTESTER-001,MLSignalStrategyV2-V2,EUR/USD.IDEALPRO,IDEALPRO-1-2105,EUR/USD.IDEALPRO-MLSignalStrategyV2-V2,IDEALPRO-001,,STOP_MARKET,BUY,100000.00,GTC,True,False,0.00,NO_LIQUIDITY_SIDE,,,,NO_TRIGGER,CANCELED,OUO,OL-20250421-100000-001-V2-702,['O-20250421-100000-001-V2-2106'],O-20250421-100000-001-V2-2104,,,,['V2_POS1_SL'],0be7e18b-8e7a-42cc-ab81-4bd760607188,1745229600000000000,1745231220000000000,1.15588,DEFAULT,,,,,
O-20250421-100000-001-V2-2106,BACKTESTER-001,MLSignalStrategyV2-V2,EUR/USD.IDEALPRO,IDEALPRO-1-2106,EUR/USD.IDEALPRO-MLSignalStrategyV2-V2,IDEALPRO-001,IDEALPRO-1-221897,LIMIT,BUY,100000.00,GTC,True,False,100000.00,MAKER,1.15353,-1.0000000000065512e-05,['2.31 USD'],NO_TRIGGER,FILLED,OUO,OL-20250421-100000-001-V2-702,['O-20250421-100000-001-V2-2105'],O-20250421-100000-001-V2-2104,,,,['V2_POS1_TP'],9bee76af-d220-4e6b-b21c-736e3009e2a8,1745229600000000000,1745231220000000000,,,,,1.15354,False,
O-20250421-120000-001-V2-2107,BACKTESTER-001,MLSignalStrategyV2-V2,EUR/USD.IDEALPRO,IDEALPRO-1-2107,EUR/USD.IDEALPRO-MLSignalStrategyV2-V2,IDEALPRO-001,IDEALPRO-1-222084,MARKET,SELL,100000.00,GTC,False,False,100000.00,TAKER,1.15429,0.0,['2.31 USD'],NO_TRIGGER,FILLED,OTO,OL-20250421-120000-001-V2-703,"['O-20250421-120000-001-V2-2108', 'O-20250421-120000-001-V2-2109']",,,,,['V2_POS1'],1dfd16af-4e35-4346-a752-2b812d1af413,1745236800000000000,1745236800000000000,,,,,,,
O-20250421-120000-001-V2-2108,BACKTESTER-001,MLSignalStrategyV2-V2,EUR/USD.IDEALPRO,IDEALPRO-1-2108,EUR/USD.IDEALPRO-MLSignalStrategyV2-V2,IDEALPRO-001,,STOP_MARKET,BUY,100000.00,GTC,True,False,0.00,NO_LIQUIDITY_SIDE,,,,NO_TRIGGER,CANCELED,OUO,OL-20250421-120000-001-V2-703,['O-20250421-120000-001-V2-2109'],O-20250421-120000-001-V2-2107,,,,['V2_POS1_SL'],60e3be71-fd0c-4d7c-ad34-388d92decfeb,1745236800000000000,1745238600000000000,1.15536,DEFAULT,,,,,
O-20250421-120000-001-V2-2109,BACKTESTER-001,MLSignalStrategyV2-V2,EUR/USD.IDEALPRO,IDEALPRO-1-2109,EUR/USD.IDEALPRO-MLSignalStrategyV2-V2,IDEALPRO-001,IDEALPRO-1-222145,LIMIT,BUY,100000.00,GTC,True,False,100000.00,MAKER,1.15309,-0.0001500000000000945,['2.31 USD'],NO_TRIGGER,FILLED,OUO,OL-20250421-120000-001-V2-703,['O-20250421-120000-001-V2-2108'],O-20250421-120000-001-V2-2107,,,,['V2_POS1_TP'],6405bea2-1c9f-42ed-8abf-d4e0955fcdb8,1745236800000000000,1745238600000000000,,,,,1.15324,False,
O-20250421-141500-001-V2-2110,BACKTESTER-001,MLSignalStrategyV2-V2,EUR/USD.IDEALPRO,IDEALPRO-1-2110,EUR/USD.IDEALPRO-MLSignalStrategyV2-V2,IDEALPRO-001,IDEALPRO-1-222357,MARKET,SELL,100000.00,GTC,False,False,100000.00,TAKER,1.15083,0.0,['2.30 USD'],NO_TRIGGER,FILLED,OTO,OL-20250421-141500-001-V2-704,"['O-20250421-141500-001-V2-2111', 'O-20250421-141500-001-V2-2112']",,,,,['V2_POS1'],9fe638c7-2833-4f45-9c3b-ce95992e13de,1745244900000000000,1745244900000000000,,,,,,,
O-20250421-141500-001-V2-2111,BACKTESTER-001,MLSignalStrategyV2-V2,EUR/USD.IDEALPRO,IDEALPRO-1-2111,EUR/USD.IDEALPRO-MLSignalStrategyV2-V2,IDEALPRO-001,,STOP_MARKET,BUY,100000.00,GTC,True,False,0.00,NO_LIQUIDITY_SIDE,,,,NO_TRIGGER,CANCELED,OUO,OL-20250421-141500-001-V2-704,['O-20250421-141500-001-V2-2112'],O-20250421-141500-001-V2-2110,,,,['V2_POS1_SL'],02c38a39-2abf-4ce5-bfd4-29faf64a8f82,1745244900000000000,1745246820000000000,1.15206,DEFAULT,,,,,
O-20250421-141500-001-V2-2112,BACKTESTER-001,MLSignalStrategyV2-V2,EUR/USD.IDEALPRO,IDEALPRO-1-2112,EUR/USD.IDEALPRO-MLSignalStrategyV2-V2,IDEALPRO-001,IDEALPRO-1-222421,LIMIT,BUY,100000.00,GTC,True,False,100000.00,MAKER,1.14899,-0.0006099999999999994,['2.30 USD'],NO_TRIGGER,FILLED,OUO,OL-20250421-141500-001-V2-704,['O-20250421-141500-001-V2-2111'],O-20250421-141500-001-V2-2110,,,,['V2_POS1_TP'],decf6a7c-a182-4cae-9bee-d22d4e8907bf,1745244900000000000,1745246820000000000,,,,,1.14960,False,
O-20250421-151500-001-V2-2113,BACKTESTER-001,MLSignalStrategyV2-V2,EUR/USD.IDEALPRO,IDEALPRO-1-2113,EUR/USD.IDEALPRO-MLSignalStrategyV2-V2,IDEALPRO-001,IDEALPRO-1-222478,MARKET,BUY,100000.00,GTC,False,False,100000.00,TAKER,1.14822,0.0,['2.30 USD'],NO_TRIGGER,FILLED,OTO,OL-20250421-151500-001-V2-705,"['O-20250421-151500-001-V2-2114', 'O-20250421-151500-001-V2-2115']",,,,,['V2_POS1'],df3011d6-46a6-4312-8517-f588ba6686bd,1745248500000000000,1745248500000000000,,,,,,,
O-20250421-151500-001-V2-2114,BACKTESTER-001,MLSignalStrategyV2-V2,EUR/USD.IDEALPRO,IDEALPRO-1-2114,EUR/USD.IDEALPRO-MLSignalStrategyV2-V2,IDEALPRO-001,,STOP_MARKET,SELL,100000.00,GTC,True,False,0.00,NO_LIQUIDITY_SIDE,,,,NO_TRIGGER,CANCELED,OUO,OL-20250421-151500-001-V2-705,['O-20250421-151500-001-V2-2115'],O-20250421-151500-001-V2-2113,,,,['V2_POS1_SL'],043a4c8c-6f64-4bd4-880d-4fe5cdcf571a,1745248500000000000,1745249220000000000,1.14704,DEFAULT,,,,,
O-20250421-151500-001-V2-2115,BACKTESTER-001,MLSignalStrategyV2-V2,EUR/USD.IDEALPRO,IDEALPRO-1-2115,EUR/USD.IDEALPRO-MLSignalStrategyV2-V2,IDEALPRO-001,IDEALPRO-1-222503,LIMIT,SELL,100000.00,GTC,True,False,100000.00,MAKER,1.14962,-0.00024000000000001798,['2.30 USD'],NO_TRIGGER,FILLED,OUO,OL-20250421-151500-001-V2-705,['O-20250421-151500-001-V2-2114'],O-20250421-151500-001-V2-2113,,,,['V2_POS1_TP'],942ad8b6-c28f-4a9d-859f-f896c2033531,1745248500000000000,1745249220000000000,,,,,1.14938,False,
O-20250421-204500-001-V2-2116,BACKTESTER-001,MLSignalStrategyV2-V2,EUR/USD.IDEALPRO,IDEALPRO-1-2116,EUR/USD.IDEALPRO-MLSignalStrategyV2-V2,IDEALPRO-001,IDEALPRO-1-223140,MARKET,BUY,100000.00,GTC,False,False,100000.00,TAKER,1.15058,0.0,['2.30 USD'],NO_TRIGGER,FILLED,OTO,OL-20250421-204500-001-V2-706,"['O-20250421-204500-001-V2-2117', 'O-20250421-204500-001-V2-2118']",,,,,['V2_POS1'],1ba618b2-f401-4ff9-a274-b6b47b1ee19c,1745268300000000000,1745268300000000000,,,,,,,
O-20250421-204500-001-V2-2117,BACKTESTER-001,MLSignalStrategyV2-V2,EUR/USD.IDEALPRO,IDEALPRO-1-2117,EUR/USD.IDEALPRO-MLSignalStrategyV2-V2,IDEALPRO-001,,STOP_MARKET,SELL,100000.00,GTC,True,False,0.00,NO_LIQUIDITY_SIDE,,,,NO_TRIGGER,CANCELED,OUO,OL-20250421-204500-001-V2-706,['O-20250421-204500-001-V2-2118'],O-20250421-204500-001-V2-2116,,,,['V2_POS1_SL'],d81cd61a-22d0-4c16-8760-d67afe0da7bb,1745268300000000000,1745268600000000000,1.15000,DEFAULT,,,,,
O-20250421-204500-001-V2-2118,BACKTESTER-001,MLSignalStrategyV2-V2,EUR/USD.IDEALPRO,IDEALPRO-1-2118,EUR/USD.IDEALPRO-MLSignalStrategyV2-V2,IDEALPRO-001,IDEALPRO-1-223151,LIMIT,SELL,100000.00,GTC,True,False,100000.00,MAKER,1.15115,-9.999999999843467e-06,['2.30 USD'],NO_TRIGGER,FILLED,OUO,OL-20250421-204500-001-V2-706,['O-20250421-204500-001-V2-2117'],O-20250421-204500-001-V2-2116,,,,['V2_POS1_TP'],0c197d91-2a20-427b-af6a-11ebf8951c86,1745268300000000000,1745268600000000000,,,,,1.15114,False,
O-20250422-003000-001-V2-2119,BACKTESTER-001,MLSignalStrategyV2-V2,EUR/USD.IDEALPRO,IDEALPRO-1-2119,EUR/USD.IDEALPRO-MLSignalStrategyV2-V2,IDEALPRO-001,IDEALPRO-1-223563,MARKET,BUY,100000.00,GTC,False,False,100000.00,TAKER,1.14966,0.0,['2.30 USD'],NO_TRIGGER,FILLED,OTO,OL-20250422-003000-001-V2-707,"['O-20250422-003000-001-V2-2120', 'O-20250422-003000-001-V2-2121']",,,,,['V2_POS1'],bca9a32c-df96-4976-8d98-68182aef9d7c,1745281800000000000,1745281800000000000,,,,,,,
O-20250422-003000-001-V2-2120,BACKTESTER-001,MLSignalStrategyV2-V2,EUR/USD.IDEALPRO,IDEALPRO-1-2120,EUR/USD.IDEALPRO-MLSignalStrategyV2-V2,IDEALPRO-001,IDEALPRO-1-223571,STOP_MARKET,SELL,100000.00,GTC,True,False,100000.00,TAKER,1.14899,1.0000000000065512e-05,['2.30 USD'],NO_TRIGGER,FILLED,OUO,OL-20250422-003000-001-V2-707,['O-20250422-003000-001-V2-2121'],O-20250422-003000-001-V2-2119,,,,['V2_POS1_SL'],38a8abf7-4a67-4b7d-bc47-d4305ac91fdb,1745281800000000000,1745282040000000000,1.14900,DEFAULT,,,,,
O-20250422-003000-001-V2-2121,BACKTESTER-001,MLSignalStrategyV2-V2,EUR/USD.IDEALPRO,IDEALPRO-1-2121,EUR/USD.IDEALPRO-MLSignalStrategyV2-V2,IDEALPRO-001,,LIMIT,SELL,100000.00,GTC,True,False,0.00,NO_LIQUIDITY_SIDE,,,,NO_TRIGGER,CANCELED,OUO,OL-20250422-003000-001-V2-707,['O-20250422-003000-001-V2-2120'],O-20250422-003000-001-V2-2119,,,,['V2_POS1_TP'],bcf88b72-dc70-457c-80d3-85e52ced9bbe,1745281800000000000,1745282040000000000,,,,,1.15032,False,
O-20250422-004500-001-V2-2122,BACKTESTER-001,MLSignalStrategyV2-V2,EUR/USD.IDEALPRO,IDEALPRO-1-2122,EUR/USD.IDEALPRO-MLSignalStrategyV2-V2,IDEALPRO-001,IDEALPRO-1-223594,MARKET,BUY,100000.00,GTC,False,False,100000.00,TAKER,1.14884,0.0,['2.30 USD'],NO_TRIGGER,FILLED,OTO,OL-20250422-004500-001-V2-708,"['O-20250422-004500-001-V2-2123', 'O-20250422-004500-001-V2-2124']",,,,,['V2_POS1'],19197ff4-98a9-42c5-bda4-ebac151910b9,1745282700000000000,1745282700000000000,,,,,,,
O-20250422-004500-001-V2-2123,BACKTESTER-001,MLSignalStrategyV2-V2,EUR/USD.IDEALPRO,IDEALPRO-1-2123,EUR/USD.IDEALPRO-MLSignalStrategyV2-V2,IDEALPRO-001,,STOP_MARKET,SELL,100000.00,GTC,True,False,0.00,NO_LIQUIDITY_SIDE,,,,NO_TRIGGER,CANCELED,OUO,OL-20250422-004500-001-V2-708,['O-20250422-004500-001-V2-2124'],O-20250422-004500-001-V2-2122,,,,['V2_POS1_SL'],44d825b8-b9e2-4031-9c85-ee8663d5aabe,1745282700000000000,1745283780000000000,1.14815,DEFAULT,,,,,
O-20250422-004500-001-V2-2124,BACKTESTER-001,MLSignalStrategyV2-V2,EUR/USD.IDEALPRO,IDEALPRO-1-2124,EUR/USD.IDEALPRO-MLSignalStrategyV2-V2,IDEALPRO-001,IDEALPRO-1-223631,LIMIT,SELL,100000.00,GTC,True,False,100000.00,MAKER,1.14964,-0.0001100000000000545,['2.30 USD'],NO_TRIGGER,FILLED,OUO,OL-20250422-004500-001-V2-708,['O-20250422-004500-001-V2-2123'],O-20250422-004500-001-V2-2122,,,,['V2_POS1_TP'],30bce0b4-7cb3-414f-9996-f5b4458f5951,1745282700000000000,1745283780000000000,,,,,1.14953,False,
O-20250422-013000-001-V2-2125,BACKTESTER-001,MLSignalStrategyV2-V2,EUR/USD.IDEALPRO,IDEALPRO-1-2125,EUR/USD.IDEALPRO-MLSignalStrategyV2-V2,IDEALPRO-001,IDEALPRO-1-223687,MARKET,BUY,100000.00,GTC,False,False,100000.00,TAKER,1.14899,0.0,['2.30 USD'],NO_TRIGGER,FILLED,OTO,OL-20250422-013000-001-V2-709,"['O-20250422-013000-001-V2-2126', 'O-20250422-013000-001-V2-2127']",,,,,['V2_POS1'],5825a1c8-eb36-4f9e-b414-2cf8b370ebad,1745285400000000000,1745285400000000000,,,,,,,
O-20250422-013000-001-V2-2126,BACKTESTER-001,MLSignalStrategyV2-V2,EUR/USD.IDEALPRO,IDEALPRO-1-2126,EUR/USD.IDEALPRO-MLSignalStrategyV2-V2,IDEALPRO-001,,STOP_MARKET,SELL,100000.00,GTC,True,False,0.00,NO_LIQUIDITY_SIDE,,,,NO_TRIGGER,CANCELED,OUO,OL-20250422-013000-001-V2-709,['O-20250422-013000-001-V2-2127'],O-20250422-013000-001-V2-2125,,,,['V2_POS1_SL'],2e8459d9-9549-425f-8d58-2f0ef94edc87,1745285400000000000,1745285940000000000,1.14828,DEFAULT,,,,,
O-20250422-013000-001-V2-2127,BACKTESTER-001,MLSignalStrategyV2-V2,EUR/USD.IDEALPRO,IDEALPRO-1-2127,EUR/USD.IDEALPRO-MLSignalStrategyV2-V2,IDEALPRO-001,IDEALPRO-1-223705,LIMIT,SELL,100000.00,GTC,True,False,100000.00,MAKER,1.14983,-0.00012999999999996348,['2.30 USD'],NO_TRIGGER,FILLED,OUO,OL-20250422-013000-001-V2-709,['O-20250422-013000-001-V2-2126'],O-20250422-013000-001-V2-2125,,,,['V2_POS1_TP'],cf1fb6b5-71b5-4769-b74a-7c718977a988,1745285400000000000,1745285940000000000,,,,,1.14970,False,
O-20250422-014500-001-V2-2128,BACKTESTER-001,MLSignalStrategyV2-V2,EUR/USD.IDEALPRO,IDEALPRO-1-2128,EUR/USD.IDEALPRO-MLSignalStrategyV2-V2,IDEALPRO-001,IDEALPRO-1-223718,MARKET,BUY,100000.00,GTC,False,False,100000.00,TAKER,1.14919,0.0,['2.30 USD'],NO_TRIGGER,FILLED,OTO,OL-20250422-014500-001-V2-710,"['O-20250422-014500-001-V2-2129', 'O-20250422-014500-001-V2-2130']",,,,,['V2_POS1'],51fa2e94-b295-4721-b822-2854c9bad757,1745286300000000000,1745286300000000000,,,,,,,
O-20250422-014500-001-V2-2129,BACKTESTER-001,MLSignalStrategyV2-V2,EUR/USD.IDEALPRO,IDEALPRO-1-2129,EUR/USD.IDEALPRO-MLSignalStrategyV2-V2,IDEALPRO-001,,STOP_MARKET,SELL,100000.00,GTC,True,False,0.00,NO_LIQUIDITY_SIDE,,,,NO_TRIGGER,CANCELED,OUO,OL-20250422-014500-001-V2-710,['O-20250422-014500-001-V2-2130'],O-20250422-014500-001-V2-2128,,,,['V2_POS1_SL'],e07098a4-6106-42fe-b528-bab90ed827a8,1745286300000000000,1745287920000000000,1.14846,DEFAULT,,,,,
O-20250422-014500-001-V2-2130,BACKTESTER-001,MLSignalStrategyV2-V2,EUR/USD.IDEALPRO,IDEALPRO-1-2130,EUR/USD.IDEALPRO-MLSignalStrategyV2-V2,IDEALPRO-001,IDEALPRO-1-223773,LIMIT,SELL,100000.00,GTC,True,False,100000.00,MAKER,1.15046,-0.000560000000000116,['2.30 USD'],NO_TRIGGER,FILLED,OUO,OL-20250422-014500-001-V2-710,['O-20250422-014500-001-V2-2129'],O-20250422-014500-001-V2-2128,,,,['V2_POS1_TP'],4ee53320-4242-4397-ae7f-e8f3174ad8b5,1745286300000000000,1745287920000000000,,,,,1.14990,False,
O-20250422-023000-001-V2-2131,BACKTESTER-001,MLSignalStrategyV2-V2,EUR/USD.IDEALPRO,IDEALPRO-1-2131,EUR/USD.IDEALPRO-MLSignalStrategyV2-V2,IDEALPRO-001,IDEALPRO-1-223810,MARKET,BUY,100000.00,GTC,False,False,100000.00,TAKER,1.15115,0.0,['2.30 USD'],NO_TRIGGER,FILLED,OTO,OL-20250422-023000-001-V2-711,"['O-20250422-023000-001-V2-2132', 'O-20250422-023000-001-V2-2133']",,,,,['V2_POS1'],61b10009-562b-4aa0-af04-066e1cd9759a,1745289000000000000,1745289000000000000,,,,,,,
O-20250422-023000-001-V2-2132,BACKTESTER-001,MLSignalStrategyV2-V2,EUR/USD.IDEALPRO,IDEALPRO-1-2132,EUR/USD.IDEALPRO-MLSignalStrategyV2-V2,IDEALPRO-001,,STOP_MARKET,SELL,100000.00,GTC,True,False,0.00,NO_LIQUIDITY_SIDE,,,,NO_TRIGGER,CANCELED,OUO,OL-20250422-023000-001-V2-711,['O-20250422-023000-001-V2-2133'],O-20250422-023000-001-V2-2131,,,,['V2_POS1_SL'],a8424000-38bd-4ce1-baa0-8855c9d2e8fa,1745289000000000000,1745290680000000000,1.15039,DEFAULT,,,,,
O-20250422-023000-001-V2-2133,BACKTESTER-001,MLSignalStrategyV2-V2,EUR/USD.IDEALPRO,IDEALPRO-1-2133,EUR/USD.IDEALPRO-MLSignalStrategyV2-V2,IDEALPRO-001,IDEALPRO-1-223867,LIMIT,SELL,100000.00,GTC,True,False,100000.00,MAKER,1.15196,-5.0000000000105516e-05,['2.30 USD'],NO_TRIGGER,FILLED,OUO,OL-20250422-023000-001-V2-711,['O-20250422-023000-001-V2-2132'],O-20250422-023000-001-V2-2131,,,,['V2_POS1_TP'],d653a4df-45f0-4c20-9584-1424612a531e,1745289000000000000,1745290680000000000,,,,,1.15191,False,
O-20250422-070000-001-V2-2134,BACKTESTER-001,MLSignalStrategyV2-V2,EUR/USD.IDEALPRO,IDEALPRO-1-2134,EUR/USD.IDEALPRO-MLSignalStrategyV2-V2,IDEALPRO-001,IDEALPRO-1-224353,MARKET,BUY,100000.00,GTC,False,False,100000.00,TAKER,1.1501,0.0,['2.30 USD'],NO_TRIGGER,FILLED,OTO,OL-20250422-070000-001-V2-712,"['O-20250422-070000-001-V2-2135', 'O-20250422-070000-001-V2-2136']",,,,,['V2_POS1'],1162f5bd-7e4e-42f4-971d-319b31e29bb0,1745305200000000000,1745305200000000000,,,,,,,
O-20250422-070000-001-V2-2135,BACKTESTER-001,MLSignalStrategyV2-V2,EUR/USD.IDEALPRO,IDEALPRO-1-2135,EUR/USD.IDEALPRO-MLSignalStrategyV2-V2,IDEALPRO-001,IDEALPRO-1-224441,STOP_MARKET,SELL,100000.00,GTC,True,False,100000.00,TAKER,1.1486,0.00029999999999996696,['2.30 USD'],NO_TRIGGER,FILLED,OUO,OL-20250422-070000-001-V2-712,['O-20250422-070000-001-V2-2136'],O-20250422-070000-001-V2-2134,,,,['V2_POS1_SL'],601b7d33-df1e-452b-9c8b-e2864fbfb35c,1745305200000000000,1745307840000000000,1.14890,DEFAULT,,,,,
O-20250422-070000-001-V2-2136,BACKTESTER-001,MLSignalStrategyV2-V2,EUR/USD.IDEALPRO,IDEALPRO-1-2136,EUR/USD.IDEALPRO-MLSignalStrategyV2-V2,IDEALPRO-001,,LIMIT,SELL,100000.00,GTC,True,False,0.00,NO_LIQUIDITY_SIDE,,,,NO_TRIGGER,CANCELED,OUO,OL-20250422-070000-001-V2-712,['O-20250422-070000-001-V2-2135'],O-20250422-070000-001-V2-2134,,,,['V2_POS1_TP'],d7c88016-80de-41db-97a4-d2fa388b12d3,1745305200000000000,1745307840000000000,,,,,1.15128,False,
O-20250422-074500-001-V2-2137,BACKTESTER-001,MLSignalStrategyV2-V2,EUR/USD.IDEALPRO,IDEALPRO-1-2137,EUR/USD.IDEALPRO-MLSignalStrategyV2-V2,IDEALPRO-001,IDEALPRO-1-224444,MARKET,BUY,100000.00,GTC,False,False,100000.00,TAKER,1.14841,0.0,['2.30 USD'],NO_TRIGGER,FILLED,OTO,OL-20250422-074500-001-V2-713,"['O-20250422-074500-001-V2-2138', 'O-20250422-074500-001-V2-2139']",,,,,['V2_POS1'],3668e119-5217-4304-8d48-eca00566cb5d,1745307900000000000,1745307900000000000,,,,,,,
O-20250422-074500-001-V2-2138,BACKTESTER-001,MLSignalStrategyV2-V2,EUR/USD.IDEALPRO,IDEALPRO-1-2138,EUR/USD.IDEALPRO-MLSignalStrategyV2-V2,IDEALPRO-001,,STOP_MARKET,SELL,100000.00,GTC,True,False,0.00,NO_LIQUIDITY_SIDE,,,,NO_TRIGGER,CANCELED,OUO,OL-20250422-074500-001-V2-713,['O-20250422-074500-001-V2-2139'],O-20250422-074500-001-V2-2137,,,,['V2_POS1_SL'],be8a63f3-bfe0-4ce6-91e1-d916f22aac69,1745307900000000000,1745308320000000000,1.14722,DEFAULT,,,,,
O-20250422-074500-001-V2-2139,BACKTESTER-001,MLSignalStrategyV2-V2,EUR/USD.IDEALPRO,IDEALPRO-1-2139,EUR/USD.IDEALPRO-MLSignalStrategyV2-V2,IDEALPRO-001,IDEALPRO-1-224459,LIMIT,SELL,100000.00,GTC,True,False,100000.00,MAKER,1.14987,-0.00026999999999999247,['2.30 USD'],NO_TRIGGER,FILLED,OUO,OL-20250422-074500-001-V2-713,['O-20250422-074500-001-V2-2138'],O-20250422-074500-001-V2-2137,,,,['V2_POS1_TP'],ae2546cc-1002-42d1-b4c1-e2ca27947a20,1745307900000000000,1745308320000000000,,,,,1.14960,False,
O-20250422-080000-001-V2-2140,BACKTESTER-001,MLSignalStrategyV2-V2,EUR/USD.IDEALPRO,IDEALPRO-1-2140,EUR/USD.IDEALPRO-MLSignalStrategyV2-V2,IDEALPRO-001,IDEALPRO-1-224477,MARKET,BUY,100000.00,GTC,False,False,100000.00,TAKER,1.15057,0.0,['2.30 USD'],NO_TRIGGER,FILLED,OTO,OL-20250422-080000-001-V2-714,"['O-20250422-080000-001-V2-2141', 'O-20250422-080000-001-V2-2142']",,,,,['V2_POS1'],b37793f5-6f0e-4239-9d60-0e1b7f06a9aa,1745308800000000000,1745308800000000000,,,,,,,
O-20250422-080000-001-V2-2141,BACKTESTER-001,MLSignalStrategyV2-V2,EUR/USD.IDEALPRO,IDEALPRO-1-2141,EUR/USD.IDEALPRO-MLSignalStrategyV2-V2,IDEALPRO-001,IDEALPRO-1-224707,STOP_MARKET,SELL,100000.00,GTC,True,False,100000.00,TAKER,1.14914,9.999999999998899e-05,['2.30 USD'],NO_TRIGGER,FILLED,OUO,OL-20250422-080000-001-V2-714,['O-20250422-080000-001-V2-2142'],O-20250422-080000-001-V2-2140,,,,['V2_POS1_SL'],8f1ad3f1-5b93-449d-b74c-79fd5323bcfd,1745308800000000000,1745315700000000000,1.14924,DEFAULT,,,,,
O-20250422-080000-001-V2-2142,BACKTESTER-001,MLSignalStrategyV2-V2,EUR/USD.IDEALPRO,IDEALPRO-1-2142,EUR/USD.IDEALPRO-MLSignalStrategyV2-V2,IDEALPRO-001,,LIMIT,SELL,100000.00,GTC,True,False,0.00,NO_LIQUIDITY_SIDE,,,,NO_TRIGGER,CANCELED,OUO,OL-20250422-080000-001-V2-714,['O-20250422-080000-001-V2-2141'],O-20250422-080000-001-V2-2140,,,,['V2_POS1_TP'],bf7bff7a-09e3-484c-a64b-8a667a3b6682,1745308800000000000,1745315700000000000,,,,,1.15190,False,
O-20250422-123000-001-V2-2143,BACKTESTER-001,MLSignalStrategyV2-V2,EUR/USD.IDEALPRO,IDEALPRO-1-2143,EUR/USD.IDEALPRO-MLSignalStrategyV2-V2,IDEALPRO-001,IDEALPRO-1-225018,MARKET,BUY,100000.00,GTC,False,False,100000.00,TAKER,1.14698,0.0,['2.29 USD'],NO_TRIGGER,FILLED,OTO,OL-20250422-123000-001-V2-715,"['O-20250422-123000-001-V2-2144', 'O-20250422-123000-001-V2-2145']",,,,,['V2_POS1'],a857891a-ccc2-4b3f-8c9c-c1182b859edd,1745325000000000000,1745325000000000000,,,,,,,
O-20250422-123000-001-V2-2144,BACKTESTER-001,MLSignalStrategyV2-V2,EUR/USD.IDEALPRO,IDEALPRO-1-2144,EUR/USD.IDEALPRO-MLSignalStrategyV2-V2,IDEALPRO-001,IDEALPRO-1-225097,STOP_MARKET,SELL,100000.00,GTC,True,False,100000.00,TAKER,1.14576,0.00020000000000020002,['2.29 USD'],NO_TRIGGER,FILLED,OUO,OL-20250422-123000-001-V2-715,['O-20250422-123000-001-V2-2145'],O-20250422-123000-001-V2-2143,,,,['V2_POS1_SL'],8f836f82-34a7-461e-8ba0-0950b2528384,1745325000000000000,1745327340000000000,1.14596,DEFAULT,,,,,
O-20250422-123000-001-V2-2145,BACKTESTER-001,MLSignalStrategyV2-V2,EUR/USD.IDEALPRO,IDEALPRO-1-2145,EUR/USD.IDEALPRO-MLSignalStrategyV2-V2,IDEALPRO-001,,LIMIT,SELL,100000.00,GTC,True,False,0.00,NO_LIQUIDITY_SIDE,,,,NO_TRIGGER,CANCELED,OUO,OL-20250422-123000-001-V2-715,['O-20250422-123000-001-V2-2144'],O-20250422-123000-001-V2-2143,,,,['V2_POS1_TP'],c3349280-6a87-42ad-93ac-6f091ef3c8bc,1745325000000000000,1745327340000000000,,,,,1.14800,False,
O-20250422-170000-001-V2-2146,BACKTESTER-001,MLSignalStrategyV2-V2,EUR/USD.IDEALPRO,IDEALPRO-1-2146,EUR/USD.IDEALPRO-MLSignalStrategyV2-V2,IDEALPRO-001,IDEALPRO-1-225560,MARKET,BUY,100000.00,GTC,False,False,100000.00,TAKER,1.1434,0.0,['2.29 USD'],NO_TRIGGER,FILLED,OTO,OL-20250422-170000-001-V2-716,"['O-20250422-170000-001-V2-2147', 'O-20250422-170000-001-V2-2148']",,,,,['V2_POS1'],7f62c47f-d3e9-4416-9af9-7b5797f3a5a1,1745341200000000000,1745341200000000000,,,,,,,
O-20250422-170000-001-V2-2147,BACKTESTER-001,MLSignalStrategyV2-V2,EUR/USD.IDEALPRO,IDEALPRO-1-2147,EUR/USD.IDEALPRO-MLSignalStrategyV2-V2,IDEALPRO-001,,STOP_MARKET,SELL,100000.00,GTC,True,False,0.00,NO_LIQUIDITY_SIDE,,,,NO_TRIGGER,CANCELED,OUO,OL-20250422-170000-001-V2-716,['O-20250422-170000-001-V2-2148'],O-20250422-170000-001-V2-2146,,,,['V2_POS1_SL'],e7b3516d-492e-4888-a301-7a65673ff28c,1745341200000000000,1745342520000000000,1.14229,DEFAULT,,,,,
O-20250422-170000-001-V2-2148,BACKTESTER-001,MLSignalStrategyV2-V2,EUR/USD.IDEALPRO,IDEALPRO-1-2148,EUR/USD.IDEALPRO-MLSignalStrategyV2-V2,IDEALPRO-001,IDEALPRO-1-225605,LIMIT,SELL,100000.00,GTC,True,False,100000.00,MAKER,1.14464,-0.00013000000000018552,['2.29 USD'],NO_TRIGGER,FILLED,OUO,OL-20250422-170000-001-V2-716,['O-20250422-170000-001-V2-2147'],O-20250422-170000-001-V2-2146,,,,['V2_POS1_TP'],eb6feb17-5b43-451c-acf0-c94461cb1653,1745341200000000000,1745342520000000000,,,,,1.14451,False,
O-20250422-174500-001-V2-2149,BACKTESTER-001,MLSignalStrategyV2-V2,EUR/USD.IDEALPRO,IDEALPRO-1-2149,EUR/USD.IDEALPRO-MLSignalStrategyV2-V2,IDEALPRO-001,IDEALPRO-1-225653,MARKET,BUY,100000.00,GTC,False,False,100000.00,TAKER,1.14332,0.0,['2.29 USD'],NO_TRIGGER,FILLED,OTO,OL-20250422-174500-001-V2-717,"['O-20250422-174500-001-V2-2150', 'O-20250422-174500-001-V2-2151']",,,,,['V2_POS1'],f5f5adcd-3806-424c-86e9-d1979c12e4aa,1745343900000000000,1745343900000000000,,,,,,,
O-20250422-174500-001-V2-2150,BACKTESTER-001,MLSignalStrategyV2-V2,EUR/USD.IDEALPRO,IDEALPRO-1-2150,EUR/USD.IDEALPRO-MLSignalStrategyV2-V2,IDEALPRO-001,,STOP_MARKET,SELL,100000.00,GTC,True,False,0.00,NO_LIQUIDITY_SIDE,,,,NO_TRIGGER,CANCELED,OUO,OL-20250422-174500-001-V2-717,['O-20250422-174500-001-V2-2151'],O-20250422-174500-001-V2-2149,,,,['V2_POS1_SL'],007ef6c4-b13c-4bd3-842c-a33b4967cd6c,1745343900000000000,1745344260000000000,1.14221,DEFAULT,,,,,
O-20250422-174500-001-V2-2151,BACKTESTER-001,MLSignalStrategyV2-V2,EUR/USD.IDEALPRO,IDEALPRO-1-2151,EUR/USD.IDEALPRO-MLSignalStrategyV2-V2,IDEALPRO-001,IDEALPRO-1-225665,LIMIT,SELL,100000.00,GTC,True,False,100000.00,MAKER,1.1445,-7.00000000000145e-05,['2.29 USD'],NO_TRIGGER,FILLED,OUO,OL-20250422-174500-001-V2-717,['O-20250422-174500-001-V2-2150'],O-20250422-174500-001-V2-2149,,,,['V2_POS1_TP'],73521def-d26f-4edb-b6c9-7e38f92a5e48,1745343900000000000,1745344260000000000,,,,,1.14443,False,
O-20250422-200000-001-V2-2152,BACKTESTER-001,MLSignalStrategyV2-V2,EUR/USD.IDEALPRO,IDEALPRO-1-2152,EUR/USD.IDEALPRO-MLSignalStrategyV2-V2,IDEALPRO-001,IDEALPRO-1-225924,MARKET,BUY,100000.00,GTC,False,False,100000.00,TAKER,1.14209,0.0,['2.28 USD'],NO_TRIGGER,FILLED,OTO,OL-20250422-200000-001-V2-718,"['O-20250422-200000-001-V2-2153', 'O-20250422-200000-001-V2-2154']",,,,,['V2_POS1'],4c92c1c9-7a56-4c3d-8638-8c9a40601921,1745352000000000000,1745352000000000000,,,,,,,
O-20250422-200000-001-V2-2153,BACKTESTER-001,MLSignalStrategyV2-V2,EUR/USD.IDEALPRO,IDEALPRO-1-2153,EUR/USD.IDEALPRO-MLSignalStrategyV2-V2,IDEALPRO-001,,STOP_MARKET,SELL,100000.00,GTC,True,False,0.00,NO_LIQUIDITY_SIDE,,,,NO_TRIGGER,CANCELED,OUO,OL-20250422-200000-001-V2-718,['O-20250422-200000-001-V2-2154'],O-20250422-200000-001-V2-2152,,,,['V2_POS1_SL'],328d8d70-1b5d-406b-906a-2b01749093ec,1745352000000000000,1745353080000000000,1.14122,DEFAULT,,,,,
O-20250422-200000-001-V2-2154,BACKTESTER-001,MLSignalStrategyV2-V2,EUR/USD.IDEALPRO,IDEALPRO-1-2154,EUR/USD.IDEALPRO-MLSignalStrategyV2-V2,IDEALPRO-001,IDEALPRO-1-225961,LIMIT,SELL,100000.00,GTC,True,False,100000.00,MAKER,1.14302,-5.999999999994898e-05,['2.29 USD'],NO_TRIGGER,FILLED,OUO,OL-20250422-200000-001-V2-718,['O-20250422-200000-001-V2-2153'],O-20250422-200000-001-V2-2152,,,,['V2_POS1_TP'],6da792ee-679f-47ca-9c20-63d135f4a4f6,1745352000000000000,1745353080000000000,,,,,1.14296,False,
O-20250422-203000-001-V2-2155,BACKTESTER-001,MLSignalStrategyV2-V2,EUR/USD.IDEALPRO,IDEALPRO-1-2155,EUR/USD.IDEALPRO-MLSignalStrategyV2-V2,IDEALPRO-001,IDEALPRO-1-225986,MARKET,BUY,100000.00,GTC,False,False,100000.00,TAKER,1.14199,0.0,['2.28 USD'],NO_TRIGGER,FILLED,OTO,OL-20250422-203000-001-V2-719,"['O-20250422-203000-001-V2-2156', 'O-20250422-203000-001-V2-2157']",,,,,['V2_POS1'],79a3ad68-9ef4-4cb6-a4f0-a91518a47936,1745353800000000000,1745353800000000000,,,,,,,
O-20250422-203000-001-V2-2156,BACKTESTER-001,MLSignalStrategyV2-V2,EUR/USD.IDEALPRO,IDEALPRO-1-2156,EUR/USD.IDEALPRO-MLSignalStrategyV2-V2,IDEALPRO-001,,STOP_MARKET,SELL,100000.00,GTC,True,False,0.00,NO_LIQUIDITY_SIDE,,,,NO_TRIGGER,CANCELED,OUO,OL-20250422-203000-001-V2-719,['O-20250422-203000-001-V2-2157'],O-20250422-203000-001-V2-2155,,,,['V2_POS1_SL'],e733a8db-3bf0-49c6-a0cf-e3385df3e275,1745353800000000000,1745357100000000000,1.14115,DEFAULT,,,,,
O-20250422-203000-001-V2-2157,BACKTESTER-001,MLSignalStrategyV2-V2,EUR/USD.IDEALPRO,IDEALPRO-1-2157,EUR/USD.IDEALPRO-MLSignalStrategyV2-V2,IDEALPRO-001,IDEALPRO-1-226067,LIMIT,SELL,100000.00,GTC,True,False,100000.00,MAKER,1.14287,-4.0000000000040004e-05,['2.29 USD'],NO_TRIGGER,FILLED,OUO,OL-20250422-203000-001-V2-719,['O-20250422-203000-001-V2-2156'],O-20250422-203000-001-V2-2155,,,,['V2_POS1_TP'],3971ccc4-7c8b-44ae-a1c4-f34733f6d77a,1745353800000000000,1745357100000000000,,,,,1.14283,False,
O-20250422-220000-001-V2-2158,BACKTESTER-001,MLSignalStrategyV2-V2,EUR/USD.IDEALPRO,IDEALPRO-1-2158,EUR/USD.IDEALPRO-MLSignalStrategyV2-V2,IDEALPRO-001,IDEALPRO-1-226138,MARKET,BUY,100000.00,GTC,False,False,100000.00,TAKER,1.13641,0.0,['2.27 USD'],NO_TRIGGER,FILLED,OTO,OL-20250422-220000-001-V2-720,"['O-20250422-220000-001-V2-2159', 'O-20250422-220000-001-V2-2160']",,,,,['V2_POS1'],b443c1b8-3d3a-4142-a663-1177dd068fb2,1745359200000000000,1745359200000000000,,,,,,,
O-20250422-220000-001-V2-2159,BACKTESTER-001,MLSignalStrategyV2-V2,EUR/USD.IDEALPRO,IDEALPRO-1-2159,EUR/USD.IDEALPRO-MLSignalStrategyV2-V2,IDEALPRO-001,IDEALPRO-1-226145,STOP_MARKET,SELL,100000.00,GTC,True,False,100000.00,TAKER,1.13518,4.999999999988347e-05,['2.27 USD'],NO_TRIGGER,FILLED,OUO,OL-20250422-220000-001-V2-720,['O-20250422-220000-001-V2-2160'],O-20250422-220000-001-V2-2158,,,,['V2_POS1_SL'],b01c775a-ba1d-4484-970e-1de2c70f8e25,1745359200000000000,1745359380000000000,1.13523,DEFAULT,,,,,
O-20250422-220000-001-V2-2160,BACKTESTER-001,MLSignalStrategyV2-V2,EUR/USD.IDEALPRO,IDEALPRO-1-2160,EUR/USD.IDEALPRO-MLSignalStrategyV2-V2,IDEALPRO-001,,LIMIT,SELL,100000.00,GTC,True,False,0.00,NO_LIQUIDITY_SIDE,,,,NO_TRIGGER,CANCELED,OUO,OL-20250422-220000-001-V2-720,['O-20250422-220000-001-V2-2159'],O-20250422-220000-001-V2-2158,,,,['V2_POS1_TP'],eb374c7c-df4b-48d0-b451-46a7b8e55613,1745359200000000000,1745359380000000000,,,,,1.13759,False,
O-20250422-221500-001-V2-2161,BACKTESTER-001,MLSignalStrategyV2-V2,EUR/USD.IDEALPRO,IDEALPRO-1-2161,EUR/USD.IDEALPRO-MLSignalStrategyV2-V2,IDEALPRO-001,IDEALPRO-1-226170,MARKET,BUY,100000.00,GTC,False,False,100000.00,TAKER,1.13587,0.0,['2.27 USD'],NO_TRIGGER,FILLED,OTO,OL-20250422-221500-001-V2-721,"['O-20250422-221500-001-V2-2162', 'O-20250422-221500-001-V2-2163']",,,,,['V2_POS1'],a6e19cb9-4f96-44bb-a4b2-da7a3ee213f8,1745360100000000000,1745360100000000000,,,,,,,
O-20250422-221500-001-V2-2162,BACKTESTER-001,MLSignalStrategyV2-V2,EUR/USD.IDEALPRO,IDEALPRO-1-2162,EUR/USD.IDEALPRO-MLSignalStrategyV2-V2,IDEALPRO-001,IDEALPRO-1-226175,STOP_MARKET,SELL,100000.00,GTC,True,False,100000.00,TAKER,1.1345,4.0000000000040004e-05,['2.27 USD'],NO_TRIGGER,FILLED,OUO,OL-20250422-221500-001-V2-721,['O-20250422-221500-001-V2-2163'],O-20250422-221500-001-V2-2161,,,,['V2_POS1_SL'],14be6999-174a-4e01-9e85-a75251104550,1745360100000000000,1745360220000000000,1.13454,DEFAULT,,,,,
O-20250422-221500-001-V2-2163,BACKTESTER-001,MLSignalStrategyV2-V2,EUR/USD.IDEALPRO,IDEALPRO-1-2163,EUR/USD.IDEALPRO-MLSignalStrategyV2-V2,IDEALPRO-001,,LIMIT,SELL,100000.00,GTC,True,False,0.00,NO_LIQUIDITY_SIDE,,,,NO_TRIGGER,CANCELED,OUO,OL-20250422-221500-001-V2-721,['O-20250422-221500-001-V2-2162'],O-20250422-221500-001-V2-2161,,,,['V2_POS1_TP'],f2e224a4-12b5-4b88-aff8-c59fd63d3c90,1745360100000000000,1745360220000000000,,,,,1.13718,False,
O-20250422-223000-001-V2-2164,BACKTESTER-001,MLSignalStrategyV2-V2,EUR/USD.IDEALPRO,IDEALPRO-1-2164,EUR/USD.IDEALPRO-MLSignalStrategyV2-V2,IDEALPRO-001,IDEALPRO-1-226202,MARKET,BUY,100000.00,GTC,False,False,100000.00,TAKER,1.13177,0.0,['2.26 USD'],NO_TRIGGER,FILLED,OTO,OL-20250422-223000-001-V2-722,"['O-20250422-223000-001-V2-2165', 'O-20250422-223000-001-V2-2166']",,,,,['V2_POS1'],0f491ba9-f745-44e0-b965-e31dc6d5faca,1745361000000000000,1745361000000000000,,,,,,,
O-20250422-223000-001-V2-2165,BACKTESTER-001,MLSignalStrategyV2-V2,EUR/USD.IDEALPRO,IDEALPRO-1-2165,EUR/USD.IDEALPRO-MLSignalStrategyV2-V2,IDEALPRO-001,,STOP_MARKET,SELL,100000.00,GTC,True,False,0.00,NO_LIQUIDITY_SIDE,,,,NO_TRIGGER,CANCELED,OUO,OL-20250422-223000-001-V2-722,['O-20250422-223000-001-V2-2166'],O-20250422-223000-001-V2-2164,,,,['V2_POS1_SL'],d154d16d-e285-4821-84b3-53e63b70fea3,1745361000000000000,1745361720000000000,1.13018,DEFAULT,,,,,
O-20250422-223000-001-V2-2166,BACKTESTER-001,MLSignalStrategyV2-V2,EUR/USD.IDEALPRO,IDEALPRO-1-2166,EUR/USD.IDEALPRO-MLSignalStrategyV2-V2,IDEALPRO-001,IDEALPRO-1-226227,LIMIT,SELL,100000.00,GTC,True,False,100000.00,MAKER,1.13337,-2.999999999997449e-05,['2.27 USD'],NO_TRIGGER,FILLED,OUO,OL-20250422-223000-001-V2-722,['O-20250422-223000-001-V2-2165'],O-20250422-223000-001-V2-2164,,,,['V2_POS1_TP'],a9f3d2a1-d8fb-469f-a55a-31ae3d92ee56,1745361000000000000,1745361720000000000,,,,,1.13334,False,
O-20250422-224500-001-V2-2167,BACKTESTER-001,MLSignalStrategyV2-V2,EUR/USD.IDEALPRO,IDEALPRO-1-2167,EUR/USD.IDEALPRO-MLSignalStrategyV2-V2,IDEALPRO-001,IDEALPRO-1-226234,MARKET,BUY,100000.00,GTC,False,False,100000.00,TAKER,1.13347,0.0,['2.27 USD'],NO_TRIGGER,FILLED,OTO,OL-20250422-224500-001-V2-723,"['O-20250422-224500-001-V2-2168', 'O-20250422-224500-001-V2-2169']",,,,,['V2_POS1'],5c93d1ad-e862-4d82-86c9-bf7bb2127cf4,1745361900000000000,1745361900000000000,,,,,,,
O-20250422-224500-001-V2-2168,BACKTESTER-001,MLSignalStrategyV2-V2,EUR/USD.IDEALPRO,IDEALPRO-1-2168,EUR/USD.IDEALPRO-MLSignalStrategyV2-V2,IDEALPRO-001,,STOP_MARKET,SELL,100000.00,GTC,True,False,0.00,NO_LIQUIDITY_SIDE,,,,NO_TRIGGER,CANCELED,OUO,OL-20250422-224500-001-V2-723,['O-20250422-224500-001-V2-2169'],O-20250422-224500-001-V2-2167,,,,['V2_POS1_SL'],df563422-6825-4ac5-9ac0-6f3d163d6680,1745361900000000000,1745363460000000000,1.13170,DEFAULT,,,,,
O-20250422-224500-001-V2-2169,BACKTESTER-001,MLSignalStrategyV2-V2,EUR/USD.IDEALPRO,IDEALPRO-1-2169,EUR/USD.IDEALPRO-MLSignalStrategyV2-V2,IDEALPRO-001,IDEALPRO-1-226287,LIMIT,SELL,100000.00,GTC,True,False,100000.00,MAKER,1.13575,-0.0005100000000000104,['2.27 USD'],NO_TRIGGER,FILLED,OUO,OL-20250422-224500-001-V2-723,['O-20250422-224500-001-V2-2168'],O-20250422-224500-001-V2-2167,,,,['V2_POS1_TP'],7f85d64c-25fb-44d7-9fcf-79f2440347e9,1745361900000000000,1745363460000000000,,,,,1.13524,False,
O-20250422-231500-001-V2-2170,BACKTESTER-001,MLSignalStrategyV2-V2,EUR/USD.IDEALPRO,IDEALPRO-1-2170,EUR/USD.IDEALPRO-MLSignalStrategyV2-V2,IDEALPRO-001,IDEALPRO-1-226296,MARKET,BUY,100000.00,GTC,False,False,100000.00,TAKER,1.1354,0.0,['2.27 USD'],NO_TRIGGER,FILLED,OTO,OL-20250422-231500-001-V2-724,"['O-20250422-231500-001-V2-2171', 'O-20250422-231500-001-V2-2172']",,,,,['V2_POS1'],441955cd-03ff-4c21-942d-c627992b8c40,1745363700000000000,1745363700000000000,,,,,,,
O-20250422-231500-001-V2-2171,BACKTESTER-001,MLSignalStrategyV2-V2,EUR/USD.IDEALPRO,IDEALPRO-1-2171,EUR/USD.IDEALPRO-MLSignalStrategyV2-V2,IDEALPRO-001,,STOP_MARKET,SELL,100000.00,GTC,True,False,0.00,NO_LIQUIDITY_SIDE,,,,NO_TRIGGER,CANCELED,OUO,OL-20250422-231500-001-V2-724,['O-20250422-231500-001-V2-2172'],O-20250422-231500-001-V2-2170,,,,['V2_POS1_SL'],13e705c1-e12f-4b0f-8f53-4be81b1d2631,1745363700000000000,1745367300000000000,1.13366,DEFAULT,,,,,
O-20250422-231500-001-V2-2172,BACKTESTER-001,MLSignalStrategyV2-V2,EUR/USD.IDEALPRO,IDEALPRO-1-2172,EUR/USD.IDEALPRO-MLSignalStrategyV2-V2,IDEALPRO-001,IDEALPRO-1-226417,LIMIT,SELL,100000.00,GTC,True,False,100000.00,MAKER,1.13712,0.0,['2.27 USD'],NO_TRIGGER,FILLED,OUO,OL-20250422-231500-001-V2-724,['O-20250422-231500-001-V2-2171'],O-20250422-231500-001-V2-2170,,,,['V2_POS1_TP'],2804aab5-68b8-4bdd-b4a2-50483e2e894f,1745363700000000000,1745367300000000000,,,,,1.13712,False,
O-20250423-033000-001-V2-2173,BACKTESTER-001,MLSignalStrategyV2-V2,EUR/USD.IDEALPRO,IDEALPRO-1-2173,EUR/USD.IDEALPRO-MLSignalStrategyV2-V2,IDEALPRO-001,IDEALPRO-1-226808,MARKET,BUY,100000.00,GTC,False,False,100000.00,TAKER,1.13837,0.0,['2.28 USD'],NO_TRIGGER,FILLED,OTO,OL-20250423-033000-001-V2-725,"['O-20250423-033000-001-V2-2174', 'O-20250423-033000-001-V2-2175']",,,,,['V2_POS1'],30f4ab35-2a5b-4e3e-98ab-70016000c6d5,1745379000000000000,1745379000000000000,,,,,,,
O-20250423-033000-001-V2-2174,BACKTESTER-001,MLSignalStrategyV2-V2,EUR/USD.IDEALPRO,IDEALPRO-1-2174,EUR/USD.IDEALPRO-MLSignalStrategyV2-V2,IDEALPRO-001,IDEALPRO-1-226891,STOP_MARKET,SELL,100000.00,GTC,True,False,100000.00,TAKER,1.13728,2.999999999997449e-05,['2.27 USD'],NO_TRIGGER,FILLED,OUO,OL-20250423-033000-001-V2-725,['O-20250423-033000-001-V2-2175'],O-20250423-033000-001-V2-2173,,,,['V2_POS1_SL'],ebc666d2-4336-4898-adae-1b4010be2bc4,1745379000000000000,1745381460000000000,1.13731,DEFAULT,,,,,
O-20250423-033000-001-V2-2175,BACKTESTER-001,MLSignalStrategyV2-V2,EUR/USD.IDEALPRO,IDEALPRO-1-2175,EUR/USD.IDEALPRO-MLSignalStrategyV2-V2,IDEALPRO-001,,LIMIT,SELL,100000.00,GTC,True,False,0.00,NO_LIQUIDITY_SIDE,,,,NO_TRIGGER,CANCELED,OUO,OL-20250423-033000-001-V2-725,['O-20250423-033000-001-V2-2174'],O-20250423-033000-001-V2-2173,,,,['V2_POS1_TP'],047b2293-6980-473c-8cb7-203421f881a9,1745379000000000000,1745381460000000000,,,,,1.13943,False,
O-20250423-041500-001-V2-2176,BACKTESTER-001,MLSignalStrategyV2-V2,EUR/USD.IDEALPRO,IDEALPRO-1-2176,EUR/USD.IDEALPRO-MLSignalStrategyV2-V2,IDEALPRO-001,IDEALPRO-1-226900,MARKET,BUY,100000.00,GTC,False,False,100000.00,TAKER,1.1372,0.0,['2.27 USD'],NO_TRIGGER,FILLED,OTO,OL-20250423-041500-001-V2-726,"['O-20250423-041500-001-V2-2177', 'O-20250423-041500-001-V2-2178']",,,,,['V2_POS1'],cf7168b9-4d7b-4c65-baed-d872406460ed,1745381700000000000,1745381700000000000,,,,,,,
O-20250423-041500-001-V2-2177,BACKTESTER-001,MLSignalStrategyV2-V2,EUR/USD.IDEALPRO,IDEALPRO-1-2177,EUR/USD.IDEALPRO-MLSignalStrategyV2-V2,IDEALPRO-001,,STOP_MARKET,SELL,100000.00,GTC,True,False,0.00,NO_LIQUIDITY_SIDE,,,,NO_TRIGGER,CANCELED,OUO,OL-20250423-041500-001-V2-726,['O-20250423-041500-001-V2-2178'],O-20250423-041500-001-V2-2176,,,,['V2_POS1_SL'],fc14518a-1a4e-4594-a6d2-853d42a76998,1745381700000000000,1745382120000000000,1.13617,DEFAULT,,,,,
O-20250423-041500-001-V2-2178,BACKTESTER-001,MLSignalStrategyV2-V2,EUR/USD.IDEALPRO,IDEALPRO-1-2178,EUR/USD.IDEALPRO-MLSignalStrategyV2-V2,IDEALPRO-001,IDEALPRO-1-226915,LIMIT,SELL,100000.00,GTC,True,False,100000.00,MAKER,1.13854,-0.00031000000000003247,['2.28 USD'],NO_TRIGGER,FILLED,OUO,OL-20250423-041500-001-V2-726,['O-20250423-041500-001-V2-2177'],O-20250423-041500-001-V2-2176,,,,['V2_POS1_TP'],0ce82c54-0c23-4d22-be07-7a7f2b79cfb7,1745381700000000000,1745382120000000000,,,,,1.13823,False,
O-20250423-043000-001-V2-2179,BACKTESTER-001,MLSignalStrategyV2-V2,EUR/USD.IDEALPRO,IDEALPRO-1-2179,EUR/USD.IDEALPRO-MLSignalStrategyV2-V2,IDEALPRO-001,IDEALPRO-1-226932,MARKET,BUY,100000.00,GTC,False,False,100000.00,TAKER,1.1383,0.0,['2.28 USD'],NO_TRIGGER,FILLED,OTO,OL-20250423-043000-001-V2-727,"['O-20250423-043000-001-V2-2180', 'O-20250423-043000-001-V2-2181']",,,,,['V2_POS1'],8600192e-a7e2-416f-ba73-2618a4773c6c,1745382600000000000,1745382600000000000,,,,,,,
O-20250423-043000-001-V2-2180,BACKTESTER-001,MLSignalStrategyV2-V2,EUR/USD.IDEALPRO,IDEALPRO-1-2180,EUR/USD.IDEALPRO-MLSignalStrategyV2-V2,IDEALPRO-001,,STOP_MARKET,SELL,100000.00,GTC,True,False,0.00,NO_LIQUIDITY_SIDE,,,,NO_TRIGGER,CANCELED,OUO,OL-20250423-043000-001-V2-727,['O-20250423-043000-001-V2-2181'],O-20250423-043000-001-V2-2179,,,,['V2_POS1_SL'],1bdb86b7-02b8-4ad8-ae26-f62028d4168c,1745382600000000000,1745384940000000000,1.13728,DEFAULT,,,,,
O-20250423-043000-001-V2-2181,BACKTESTER-001,MLSignalStrategyV2-V2,EUR/USD.IDEALPRO,IDEALPRO-1-2181,EUR/USD.IDEALPRO-MLSignalStrategyV2-V2,IDEALPRO-001,IDEALPRO-1-227011,LIMIT,SELL,100000.00,GTC,True,False,100000.00,MAKER,1.13947,-0.00014999999999987246,['2.28 USD'],NO_TRIGGER,FILLED,OUO,OL-20250423-043000-001-V2-727,['O-20250423-043000-001-V2-2180'],O-20250423-043000-001-V2-2179,,,,['V2_POS1_TP'],a2c6abb8-cfe5-41fb-902f-e11eb8344606,1745382600000000000,1745384940000000000,,,,,1.13932,False,
O-20250423-110000-001-V2-2182,BACKTESTER-001,MLSignalStrategyV2-V2,EUR/USD.IDEALPRO,IDEALPRO-1-2182,EUR/USD.IDEALPRO-MLSignalStrategyV2-V2,IDEALPRO-001,IDEALPRO-1-227714,MARKET,SELL,100000.00,GTC,False,False,100000.00,TAKER,1.1402,0.0,['2.28 USD'],NO_TRIGGER,FILLED,OTO,OL-20250423-110000-001-V2-728,"['O-20250423-110000-001-V2-2183', 'O-20250423-110000-001-V2-2184']",,,,,['V2_POS1'],ddda8d75-21d3-413e-856b-a613f808c1cf,1745406000000000000,1745406000000000000,,,,,,,
O-20250423-110000-001-V2-2183,BACKTESTER-001,MLSignalStrategyV2-V2,EUR/USD.IDEALPRO,IDEALPRO-1-2183,EUR/USD.IDEALPRO-MLSignalStrategyV2-V2,IDEALPRO-001,,STOP_MARKET,BUY,100000.00,GTC,True,False,0.00,NO_LIQUIDITY_SIDE,,,,NO_TRIGGER,CANCELED,OUO,OL-20250423-110000-001-V2-728,['O-20250423-110000-001-V2-2184'],O-20250423-110000-001-V2-2182,,,,['V2_POS1_SL'],62494a29-c4b2-42f7-8dff-ef82374d8642,1745406000000000000,1745406600000000000,1.14130,DEFAULT,,,,,
O-20250423-110000-001-V2-2184,BACKTESTER-001,MLSignalStrategyV2-V2,EUR/USD.IDEALPRO,IDEALPRO-1-2184,EUR/USD.IDEALPRO-MLSignalStrategyV2-V2,IDEALPRO-001,IDEALPRO-1-227735,LIMIT,BUY,100000.00,GTC,True,False,100000.00,MAKER,1.13871,-0.0004099999999997994,['2.28 USD'],NO_TRIGGER,FILLED,OUO,OL-20250423-110000-001-V2-728,['O-20250423-110000-001-V2-2183'],O-20250423-110000-001-V2-2182,,,,['V2_POS1_TP'],16d16394-2db1-4083-af6c-b642fca5589c,1745406000000000000,1745406600000000000,,,,,1.13912,False,
O-20250423-111500-001-V2-2185,BACKTESTER-001,MLSignalStrategyV2-V2,EUR/USD.IDEALPRO,IDEALPRO-1-2185,EUR/USD.IDEALPRO-MLSignalStrategyV2-V2,IDEALPRO-001,IDEALPRO-1-227746,MARKET,SELL,100000.00,GTC,False,False,100000.00,TAKER,1.13996,0.0,['2.28 USD'],NO_TRIGGER,FILLED,OTO,OL-20250423-111500-001-V2-729,"['O-20250423-111500-001-V2-2186', 'O-20250423-111500-001-V2-2187']",,,,,['V2_POS1'],2964affc-e3f4-47b4-96aa-19905f019a2e,1745406900000000000,1745406900000000000,,,,,,,
O-20250423-111500-001-V2-2186,BACKTESTER-001,MLSignalStrategyV2-V2,EUR/USD.IDEALPRO,IDEALPRO-1-2186,EUR/USD.IDEALPRO-MLSignalStrategyV2-V2,IDEALPRO-001,,STOP_MARKET,BUY,100000.00,GTC,True,False,0.00,NO_LIQUIDITY_SIDE,,,,NO_TRIGGER,CANCELED,OUO,OL-20250423-111500-001-V2-729,['O-20250423-111500-001-V2-2187'],O-20250423-111500-001-V2-2185,,,,['V2_POS1_SL'],52dadbaa-da15-4073-b66d-0a45c9cd49c0,1745406900000000000,1745407740000000000,1.14105,DEFAULT,,,,,
O-20250423-111500-001-V2-2187,BACKTESTER-001,MLSignalStrategyV2-V2,EUR/USD.IDEALPRO,IDEALPRO-1-2187,EUR/USD.IDEALPRO-MLSignalStrategyV2-V2,IDEALPRO-001,IDEALPRO-1-227775,LIMIT,BUY,100000.00,GTC,True,False,100000.00,MAKER,1.13879,-9.999999999998899e-05,['2.28 USD'],NO_TRIGGER,FILLED,OUO,OL-20250423-111500-001-V2-729,['O-20250423-111500-001-V2-2186'],O-20250423-111500-001-V2-2185,,,,['V2_POS1_TP'],e67efaa1-4ef2-43bc-af97-42681e7fb0fa,1745406900000000000,1745407740000000000,,,,,1.13889,False,
O-20250423-201500-001-V2-2188,BACKTESTER-001,MLSignalStrategyV2-V2,EUR/USD.IDEALPRO,IDEALPRO-1-2188,EUR/USD.IDEALPRO-MLSignalStrategyV2-V2,IDEALPRO-001,IDEALPRO-1-228828,MARKET,BUY,100000.00,GTC,False,False,100000.00,TAKER,1.13231,0.0,['2.26 USD'],NO_TRIGGER,FILLED,OTO,OL-20250423-201500-001-V2-730,"['O-20250423-201500-001-V2-2189', 'O-20250423-201500-001-V2-2190']",,,,,['V2_POS1'],395b6bca-e57f-4421-bab9-4bdb071bc060,1745439300000000000,1745439300000000000,,,,,,,
O-20250423-201500-001-V2-2189,BACKTESTER-001,MLSignalStrategyV2-V2,EUR/USD.IDEALPRO,IDEALPRO-1-2189,EUR/USD.IDEALPRO-MLSignalStrategyV2-V2,IDEALPRO-001,IDEALPRO-1-228845,STOP_MARKET,SELL,100000.00,GTC,True,False,100000.00,TAKER,1.13136,9.999999999998899e-05,['2.26 USD'],NO_TRIGGER,FILLED,OUO,OL-20250423-201500-001-V2-730,['O-20250423-201500-001-V2-2190'],O-20250423-201500-001-V2-2188,,,,['V2_POS1_SL'],97389ad7-81cf-4b7f-b060-6a09d4177318,1745439300000000000,1745439780000000000,1.13146,DEFAULT,,,,,
O-20250423-201500-001-V2-2190,BACKTESTER-001,MLSignalStrategyV2-V2,EUR/USD.IDEALPRO,IDEALPRO-1-2190,EUR/USD.IDEALPRO-MLSignalStrategyV2-V2,IDEALPRO-001,,LIMIT,SELL,100000.00,GTC,True,False,0.00,NO_LIQUIDITY_SIDE,,,,NO_TRIGGER,CANCELED,OUO,OL-20250423-201500-001-V2-730,['O-20250423-201500-001-V2-2189'],O-20250423-201500-001-V2-2188,,,,['V2_POS1_TP'],9a92863a-cf29-4c94-b888-4af579d2e544,1745439300000000000,1745439780000000000,,,,,1.13316,False,
O-20250423-203000-001-V2-2191,BACKTESTER-001,MLSignalStrategyV2-V2,EUR/USD.IDEALPRO,IDEALPRO-1-2191,EUR/USD.IDEALPRO-MLSignalStrategyV2-V2,IDEALPRO-001,IDEALPRO-1-228861,MARKET,BUY,100000.00,GTC,False,False,100000.00,TAKER,1.13121,0.0,['2.26 USD'],NO_TRIGGER,FILLED,OTO,OL-20250423-203000-001-V2-731,"['O-20250423-203000-001-V2-2192', 'O-20250423-203000-001-V2-2193']",,,,,['V2_POS1'],270eded9-6fd8-4b10-8729-e399703aeced,1745440200000000000,1745440200000000000,,,,,,,
O-20250423-203000-001-V2-2192,BACKTESTER-001,MLSignalStrategyV2-V2,EUR/USD.IDEALPRO,IDEALPRO-1-2192,EUR/USD.IDEALPRO-MLSignalStrategyV2-V2,IDEALPRO-001,,STOP_MARKET,SELL,100000.00,GTC,True,False,0.00,NO_LIQUIDITY_SIDE,,,,NO_TRIGGER,CANCELED,OUO,OL-20250423-203000-001-V2-731,['O-20250423-203000-001-V2-2193'],O-20250423-203000-001-V2-2191,,,,['V2_POS1_SL'],790d33b6-7ff4-4094-b745-ef06be87bdad,1745440200000000000,1745442960000000000,1.13034,DEFAULT,,,,,
O-20250423-203000-001-V2-2193,BACKTESTER-001,MLSignalStrategyV2-V2,EUR/USD.IDEALPRO,IDEALPRO-1-2193,EUR/USD.IDEALPRO-MLSignalStrategyV2-V2,IDEALPRO-001,IDEALPRO-1-228923,LIMIT,SELL,100000.00,GTC,True,False,100000.00,MAKER,1.13217,-0.00010999999999983245,['2.26 USD'],NO_TRIGGER,FILLED,OUO,OL-20250423-203000-001-V2-731,['O-20250423-203000-001-V2-2192'],O-20250423-203000-001-V2-2191,,,,['V2_POS1_TP'],644847d6-9b20-4218-a95a-2e8180a082fa,1745440200000000000,1745442960000000000,,,,,1.13206,False,
O-20250423-214500-001-V2-2194,BACKTESTER-001,MLSignalStrategyV2-V2,EUR/USD.IDEALPRO,IDEALPRO-1-2194,EUR/USD.IDEALPRO-MLSignalStrategyV2-V2,IDEALPRO-001,IDEALPRO-1-228981,MARKET,BUY,100000.00,GTC,False,False,100000.00,TAKER,1.13179,0.0,['2.26 USD'],NO_TRIGGER,FILLED,OTO,OL-20250423-214500-001-V2-732,"['O-20250423-214500-001-V2-2195', 'O-20250423-214500-001-V2-2196']",,,,,['V2_POS1'],60a5af6d-5dc8-4476-b0d6-69540c538eff,1745444700000000000,1745444700000000000,,,,,,,
O-20250423-214500-001-V2-2195,BACKTESTER-001,MLSignalStrategyV2-V2,EUR/USD.IDEALPRO,IDEALPRO-1-2195,EUR/USD.IDEALPRO-MLSignalStrategyV2-V2,IDEALPRO-001,,STOP_MARKET,SELL,100000.00,GTC,True,False,0.00,NO_LIQUIDITY_SIDE,,,,NO_TRIGGER,CANCELED,OUO,OL-20250423-214500-001-V2-732,['O-20250423-214500-001-V2-2196'],O-20250423-214500-001-V2-2194,,,,['V2_POS1_SL'],d0ee4d5b-3681-4ff3-98e7-042238635223,1745444700000000000,1745445540000000000,1.13104,DEFAULT,,,,,
O-20250423-214500-001-V2-2196,BACKTESTER-001,MLSignalStrategyV2-V2,EUR/USD.IDEALPRO,IDEALPRO-1-2196,EUR/USD.IDEALPRO-MLSignalStrategyV2-V2,IDEALPRO-001,IDEALPRO-1-229011,LIMIT,SELL,100000.00,GTC,True,False,100000.00,MAKER,1.1324,-2.0000000000131024e-05,['2.26 USD'],NO_TRIGGER,FILLED,OUO,OL-20250423-214500-001-V2-732,['O-20250423-214500-001-V2-2195'],O-20250423-214500-001-V2-2194,,,,['V2_POS1_TP'],92b43d43-ecf7-49d2-beb0-4a7e5be862aa,1745444700000000000,1745445540000000000,,,,,1.13238,False,
O-20250423-233000-001-V2-2197,BACKTESTER-001,MLSignalStrategyV2-V2,EUR/USD.IDEALPRO,IDEALPRO-1-2197,EUR/USD.IDEALPRO-MLSignalStrategyV2-V2,IDEALPRO-001,IDEALPRO-1-229195,MARKET,BUY,100000.00,GTC,False,False,100000.00,TAKER,1.13303,0.0,['2.27 USD'],NO_TRIGGER,FILLED,OTO,OL-20250423-233000-001-V2-733,"['O-20250423-233000-001-V2-2198', 'O-20250423-233000-001-V2-2199']",,,,,['V2_POS1'],40b4f160-3160-41b0-a2ec-fda03836b226,1745451000000000000,1745451000000000000,,,,,,,
O-20250423-233000-001-V2-2198,BACKTESTER-001,MLSignalStrategyV2-V2,EUR/USD.IDEALPRO,IDEALPRO-1-2198,EUR/USD.IDEALPRO-MLSignalStrategyV2-V2,IDEALPRO-001,IDEALPRO-1-229267,STOP_MARKET,SELL,100000.00,GTC,True,False,100000.00,TAKER,1.13227,0.0,['2.26 USD'],NO_TRIGGER,FILLED,OUO,OL-20250423-233000-001-V2-733,['O-20250423-233000-001-V2-2199'],O-20250423-233000-001-V2-2197,,,,['V2_POS1_SL'],5e3514e0-a6ed-4af4-9b25-66c50d9316c7,1745451000000000000,1745453160000000000,1.13227,DEFAULT,,,,,
O-20250423-233000-001-V2-2199,BACKTESTER-001,MLSignalStrategyV2-V2,EUR/USD.IDEALPRO,IDEALPRO-1-2199,EUR/USD.IDEALPRO-MLSignalStrategyV2-V2,IDEALPRO-001,,LIMIT,SELL,100000.00,GTC,True,False,0.00,NO_LIQUIDITY_SIDE,,,,NO_TRIGGER,CANCELED,OUO,OL-20250423-233000-001-V2-733,['O-20250423-233000-001-V2-2198'],O-20250423-233000-001-V2-2197,,,,['V2_POS1_TP'],ebbcc93a-73f6-4993-bc14-5ed5f27a92d7,1745451000000000000,1745453160000000000,,,,,1.13377,False,
O-20250424-003000-001-V2-2200,BACKTESTER-001,MLSignalStrategyV2-V2,EUR/USD.IDEALPRO,IDEALPRO-1-2200,EUR/USD.IDEALPRO-MLSignalStrategyV2-V2,IDEALPRO-001,IDEALPRO-1-229316,MARKET,BUY,100000.00,GTC,False,False,100000.00,TAKER,1.13397,0.0,['2.27 USD'],NO_TRIGGER,FILLED,OTO,OL-20250424-003000-001-V2-734,"['O-20250424-003000-001-V2-2201', 'O-20250424-003000-001-V2-2202']",,,,,['V2_POS1'],cbb4eb44-5a7e-4494-8503-eaa17b158f22,1745454600000000000,1745454600000000000,,,,,,,
O-20250424-003000-001-V2-2201,BACKTESTER-001,MLSignalStrategyV2-V2,EUR/USD.IDEALPRO,IDEALPRO-1-2201,EUR/USD.IDEALPRO-MLSignalStrategyV2-V2,IDEALPRO-001,IDEALPRO-1-229339,STOP_MARKET,SELL,100000.00,GTC,True,False,100000.00,TAKER,1.13313,7.00000000000145e-05,['2.27 USD'],NO_TRIGGER,FILLED,OUO,OL-20250424-003000-001-V2-734,['O-20250424-003000-001-V2-2202'],O-20250424-003000-001-V2-2200,,,,['V2_POS1_SL'],0cc30581-6ac2-45bc-9e3f-699ab0adfe76,1745454600000000000,1745455260000000000,1.13320,DEFAULT,,,,,
O-20250424-003000-001-V2-2202,BACKTESTER-001,MLSignalStrategyV2-V2,EUR/USD.IDEALPRO,IDEALPRO-1-2202,EUR/USD.IDEALPRO-MLSignalStrategyV2-V2,IDEALPRO-001,,LIMIT,SELL,100000.00,GTC,True,False,0.00,NO_LIQUIDITY_SIDE,,,,NO_TRIGGER,CANCELED,OUO,OL-20250424-003000-001-V2-734,['O-20250424-003000-001-V2-2201'],O-20250424-003000-001-V2-2200,,,,['V2_POS1_TP'],3c6091a4-d1ec-48c7-bb8f-c752bcd5185a,1745454600000000000,1745455260000000000,,,,,1.13472,False,
O-20250424-034500-001-V2-2203,BACKTESTER-001,MLSignalStrategyV2-V2,EUR/USD.IDEALPRO,IDEALPRO-1-2203,EUR/USD.IDEALPRO-MLSignalStrategyV2-V2,IDEALPRO-001,IDEALPRO-1-229709,MARKET,SELL,100000.00,GTC,False,False,100000.00,TAKER,1.1339,0.0,['2.27 USD'],NO_TRIGGER,FILLED,OTO,OL-20250424-034500-001-V2-735,"['O-20250424-034500-001-V2-2204', 'O-20250424-034500-001-V2-2205']",,,,,['V2_POS1'],40a6d230-1222-47fb-82f5-5207c75ddbad,1745466300000000000,1745466300000000000,,,,,,,
O-20250424-034500-001-V2-2204,BACKTESTER-001,MLSignalStrategyV2-V2,EUR/USD.IDEALPRO,IDEALPRO-1-2204,EUR/USD.IDEALPRO-MLSignalStrategyV2-V2,IDEALPRO-001,,STOP_MARKET,BUY,100000.00,GTC,True,False,0.00,NO_LIQUIDITY_SIDE,,,,NO_TRIGGER,CANCELED,OUO,OL-20250424-034500-001-V2-735,['O-20250424-034500-001-V2-2205'],O-20250424-034500-001-V2-2203,,,,['V2_POS1_SL'],3f6bf28e-c5e0-469b-99fc-f0fc29e32e8d,1745466300000000000,1745473380000000000,1.13462,DEFAULT,,,,,
O-20250424-034500-001-V2-2205,BACKTESTER-001,MLSignalStrategyV2-V2,EUR/USD.IDEALPRO,IDEALPRO-1-2205,EUR/USD.IDEALPRO-MLSignalStrategyV2-V2,IDEALPRO-001,IDEALPRO-1-229945,LIMIT,BUY,100000.00,GTC,True,False,100000.00,MAKER,1.13308,-9.999999999998899e-05,['2.27 USD'],NO_TRIGGER,FILLED,OUO,OL-20250424-034500-001-V2-735,['O-20250424-034500-001-V2-2204'],O-20250424-034500-001-V2-2203,,,,['V2_POS1_TP'],f5872bf6-6da0-4220-afd5-45b49455e96f,1745466300000000000,1745473380000000000,,,,,1.13318,False,
O-20250424-061500-001-V2-2206,BACKTESTER-001,MLSignalStrategyV2-V2,EUR/USD.IDEALPRO,IDEALPRO-1-2206,EUR/USD.IDEALPRO-MLSignalStrategyV2-V2,IDEALPRO-001,IDEALPRO-1-230011,MARKET,BUY,100000.00,GTC,False,False,100000.00,TAKER,1.13489,0.0,['2.27 USD'],NO_TRIGGER,FILLED,OTO,OL-20250424-061500-001-V2-736,"['O-20250424-061500-001-V2-2207', 'O-20250424-061500-001-V2-2208']",,,,,['V2_POS1'],ab4dc498-c2aa-4682-b797-a07de331447b,1745475300000000000,1745475300000000000,,,,,,,
O-20250424-061500-001-V2-2207,BACKTESTER-001,MLSignalStrategyV2-V2,EUR/USD.IDEALPRO,IDEALPRO-1-2207,EUR/USD.IDEALPRO-MLSignalStrategyV2-V2,IDEALPRO-001,,STOP_MARKET,SELL,100000.00,GTC,True,False,0.00,NO_LIQUIDITY_SIDE,,,,NO_TRIGGER,CANCELED,OUO,OL-20250424-061500-001-V2-736,['O-20250424-061500-001-V2-2208'],O-20250424-061500-001-V2-2206,,,,['V2_POS1_SL'],6a1b8cb1-a7ed-4c6c-b2cc-70f26e480287,1745475300000000000,1745478060000000000,1.13411,DEFAULT,,,,,
O-20250424-061500-001-V2-2208,BACKTESTER-001,MLSignalStrategyV2-V2,EUR/USD.IDEALPRO,IDEALPRO-1-2208,EUR/USD.IDEALPRO-MLSignalStrategyV2-V2,IDEALPRO-001,IDEALPRO-1-230103,LIMIT,SELL,100000.00,GTC,True,False,100000.00,MAKER,1.13596,-0.0002900000000001235,['2.27 USD'],NO_TRIGGER,FILLED,OUO,OL-20250424-061500-001-V2-736,['O-20250424-061500-001-V2-2207'],O-20250424-061500-001-V2-2206,,,,['V2_POS1_TP'],f8b1001d-ae29-4a96-aa68-fb7527c39d65,1745475300000000000,1745478060000000000,,,,,1.13567,False,
O-20250424-090000-001-V2-2209,BACKTESTER-001,MLSignalStrategyV2-V2,EUR/USD.IDEALPRO,IDEALPRO-1-2209,EUR/USD.IDEALPRO-MLSignalStrategyV2-V2,IDEALPRO-001,IDEALPRO-1-230342,MARKET,SELL,100000.00,GTC,False,False,100000.00,TAKER,1.13806,0.0,['2.28 USD'],NO_TRIGGER,FILLED,OTO,OL-20250424-090000-001-V2-737,"['O-20250424-090000-001-V2-2210', 'O-20250424-090000-001-V2-2211']",,,,,['V2_POS1'],d20ea1bc-43c8-4dd9-a5c7-772cf0698000,1745485200000000000,1745485200000000000,,,,,,,
O-20250424-090000-001-V2-2210,BACKTESTER-001,MLSignalStrategyV2-V2,EUR/USD.IDEALPRO,IDEALPRO-1-2210,EUR/USD.IDEALPRO-MLSignalStrategyV2-V2,IDEALPRO-001,IDEALPRO-1-230363,STOP_MARKET,BUY,100000.00,GTC,True,False,100000.00,TAKER,1.13898,0.0,['2.28 USD'],NO_TRIGGER,FILLED,OUO,OL-20250424-090000-001-V2-737,['O-20250424-090000-001-V2-2211'],O-20250424-090000-001-V2-2209,,,,['V2_POS1_SL'],07e85628-bd0f-442e-9fe5-c25eec58f734,1745485200000000000,1745485800000000000,1.13898,DEFAULT,,,,,
O-20250424-090000-001-V2-2211,BACKTESTER-001,MLSignalStrategyV2-V2,EUR/USD.IDEALPRO,IDEALPRO-1-2211,EUR/USD.IDEALPRO-MLSignalStrategyV2-V2,IDEALPRO-001,,LIMIT,BUY,100000.00,GTC,True,False,0.00,NO_LIQUIDITY_SIDE,,,,NO_TRIGGER,CANCELED,OUO,OL-20250424-090000-001-V2-737,['O-20250424-090000-001-V2-2210'],O-20250424-090000-001-V2-2209,,,,['V2_POS1_TP'],4f5bba9b-f75b-4bcb-9617-dec29015e6a3,1745485200000000000,1745485800000000000,,,,,1.13716,False,
O-20250424-094500-001-V2-2212,BACKTESTER-001,MLSignalStrategyV2-V2,EUR/USD.IDEALPRO,IDEALPRO-1-2212,EUR/USD.IDEALPRO-MLSignalStrategyV2-V2,IDEALPRO-001,IDEALPRO-1-230435,MARKET,SELL,100000.00,GTC,False,False,100000.00,TAKER,1.13777,0.0,['2.28 USD'],NO_TRIGGER,FILLED,OTO,OL-20250424-094500-001-V2-738,"['O-20250424-094500-001-V2-2213', 'O-20250424-094500-001-V2-2214']",,,,,['V2_POS1'],c05a7a1d-25da-407c-a602-90cece3e685c,1745487900000000000,1745487900000000000,,,,,,,
O-20250424-094500-001-V2-2213,BACKTESTER-001,MLSignalStrategyV2-V2,EUR/USD.IDEALPRO,IDEALPRO-1-2213,EUR/USD.IDEALPRO-MLSignalStrategyV2-V2,IDEALPRO-001,IDEALPRO-1-230461,STOP_MARKET,BUY,100000.00,GTC,True,False,100000.00,TAKER,1.13877,0.00012999999999996348,['2.28 USD'],NO_TRIGGER,FILLED,OUO,OL-20250424-094500-001-V2-738,['O-20250424-094500-001-V2-2214'],O-20250424-094500-001-V2-2212,,,,['V2_POS1_SL'],dceade62-fcae-422e-b28a-0ceb9650f98e,1745487900000000000,1745488680000000000,1.13864,DEFAULT,,,,,
O-20250424-094500-001-V2-2214,BACKTESTER-001,MLSignalStrategyV2-V2,EUR/USD.IDEALPRO,IDEALPRO-1-2214,EUR/USD.IDEALPRO-MLSignalStrategyV2-V2,IDEALPRO-001,,LIMIT,BUY,100000.00,GTC,True,False,0.00,NO_LIQUIDITY_SIDE,,,,NO_TRIGGER,CANCELED,OUO,OL-20250424-094500-001-V2-738,['O-20250424-094500-001-V2-2213'],O-20250424-094500-001-V2-2212,,,,['V2_POS1_TP'],0fd30c34-5eb5-4977-8519-f09c3b6e8e69,1745487900000000000,1745488680000000000,,,,,1.13690,False,
O-20250424-234500-001-V2-2215,BACKTESTER-001,MLSignalStrategyV2-V2,EUR/USD.IDEALPRO,IDEALPRO-1-2215,EUR/USD.IDEALPRO-MLSignalStrategyV2-V2,IDEALPRO-001,IDEALPRO-1-232086,MARKET,SELL,100000.00,GTC,False,False,100000.00,TAKER,1.13736,0.0,['2.27 USD'],NO_TRIGGER,FILLED,OTO,OL-20250424-234500-001-V2-739,"['O-20250424-234500-001-V2-2216', 'O-20250424-234500-001-V2-2217']",,,,,['V2_POS1'],fb82c592-a40f-4afe-b735-ba966fe82c53,1745538300000000000,1745538300000000000,,,,,,,
O-20250424-234500-001-V2-2216,BACKTESTER-001,MLSignalStrategyV2-V2,EUR/USD.IDEALPRO,IDEALPRO-1-2216,EUR/USD.IDEALPRO-MLSignalStrategyV2-V2,IDEALPRO-001,,STOP_MARKET,BUY,100000.00,GTC,True,False,0.00,NO_LIQUIDITY_SIDE,,,,NO_TRIGGER,CANCELED,OUO,OL-20250424-234500-001-V2-739,['O-20250424-234500-001-V2-2217'],O-20250424-234500-001-V2-2215,,,,['V2_POS1_SL'],b28a7750-4fb7-4bdd-b15b-4d9972955d27,1745538300000000000,1745539320000000000,1.13789,DEFAULT,,,,,
O-20250424-234500-001-V2-2217,BACKTESTER-001,MLSignalStrategyV2-V2,EUR/USD.IDEALPRO,IDEALPRO-1-2217,EUR/USD.IDEALPRO-MLSignalStrategyV2-V2,IDEALPRO-001,IDEALPRO-1-232121,LIMIT,BUY,100000.00,GTC,True,False,100000.00,MAKER,1.13649,-0.00035999999999991594,['2.27 USD'],NO_TRIGGER,FILLED,OUO,OL-20250424-234500-001-V2-739,['O-20250424-234500-001-V2-2216'],O-20250424-234500-001-V2-2215,,,,['V2_POS1_TP'],c810cc69-d15c-4c14-974b-d131cb460335,1745538300000000000,1745539320000000000,,,,,1.13685,False,
O-20250425-010000-001-V2-2218,BACKTESTER-001,MLSignalStrategyV2-V2,EUR/USD.IDEALPRO,IDEALPRO-1-2218,EUR/USD.IDEALPRO-MLSignalStrategyV2-V2,IDEALPRO-001,IDEALPRO-1-232238,MARKET,BUY,100000.00,GTC,False,False,100000.00,TAKER,1.13474,0.0,['2.27 USD'],NO_TRIGGER,FILLED,OTO,OL-20250425-010000-001-V2-740,"['O-20250425-010000-001-V2-2219', 'O-20250425-010000-001-V2-2220']",,,,,['V2_POS1'],eb8e9919-0fe1-4ec9-bae3-666b43c2b972,1745542800000000000,1745542800000000000,,,,,,,
O-20250425-010000-001-V2-2219,BACKTESTER-001,MLSignalStrategyV2-V2,EUR/USD.IDEALPRO,IDEALPRO-1-2219,EUR/USD.IDEALPRO-MLSignalStrategyV2-V2,IDEALPRO-001,,STOP_MARKET,SELL,100000.00,GTC,True,False,0.00,NO_LIQUIDITY_SIDE,,,,NO_TRIGGER,CANCELED,OUO,OL-20250425-010000-001-V2-740,['O-20250425-010000-001-V2-2220'],O-20250425-010000-001-V2-2218,,,,['V2_POS1_SL'],7d16182a-a68f-47a4-8f12-907011977cd1,1745542800000000000,1745543580000000000,1.13411,DEFAULT,,,,,
O-20250425-010000-001-V2-2220,BACKTESTER-001,MLSignalStrategyV2-V2,EUR/USD.IDEALPRO,IDEALPRO-1-2220,EUR/USD.IDEALPRO-MLSignalStrategyV2-V2,IDEALPRO-001,IDEALPRO-1-232265,LIMIT,SELL,100000.00,GTC,True,False,100000.00,MAKER,1.13537,-1.999999999990898e-05,['2.27 USD'],NO_TRIGGER,FILLED,OUO,OL-20250425-010000-001-V2-740,['O-20250425-010000-001-V2-2219'],O-20250425-010000-001-V2-2218,,,,['V2_POS1_TP'],d7e0c99d-7d2e-4768-91b2-a6e9789a71b2,1745542800000000000,1745543580000000000,,,,,1.13535,False,
O-20250425-030000-001-V2-2221,BACKTESTER-001,MLSignalStrategyV2-V2,EUR/USD.IDEALPRO,IDEALPRO-1-2221,EUR/USD.IDEALPRO-MLSignalStrategyV2-V2,IDEALPRO-001,IDEALPRO-1-232480,MARKET,SELL,100000.00,GTC,False,False,100000.00,TAKER,1.13481,0.0,['2.27 USD'],NO_TRIGGER,FILLED,OTO,OL-20250425-030000-001-V2-741,"['O-20250425-030000-001-V2-2222', 'O-20250425-030000-001-V2-2223']",,,,,['V2_POS1'],51b2d0bc-aebf-4d55-af1f-4b8858ac8d04,1745550000000000000,1745550000000000000,,,,,,,
O-20250425-030000-001-V2-2222,BACKTESTER-001,MLSignalStrategyV2-V2,EUR/USD.IDEALPRO,IDEALPRO-1-2222,EUR/USD.IDEALPRO-MLSignalStrategyV2-V2,IDEALPRO-001,IDEALPRO-1-232525,STOP_MARKET,BUY,100000.00,GTC,True,False,100000.00,TAKER,1.13582,0.0003500000000000725,['2.27 USD'],NO_TRIGGER,FILLED,OUO,OL-20250425-030000-001-V2-741,['O-20250425-030000-001-V2-2223'],O-20250425-030000-001-V2-2221,,,,['V2_POS1_SL'],b0406ccf-078c-4cf2-bb4f-6978de7fa94d,1745550000000000000,1745551320000000000,1.13547,DEFAULT,,,,,
O-20250425-030000-001-V2-2223,BACKTESTER-001,MLSignalStrategyV2-V2,EUR/USD.IDEALPRO,IDEALPRO-1-2223,EUR/USD.IDEALPRO-MLSignalStrategyV2-V2,IDEALPRO-001,,LIMIT,BUY,100000.00,GTC,True,False,0.00,NO_LIQUIDITY_SIDE,,,,NO_TRIGGER,CANCELED,OUO,OL-20250425-030000-001-V2-741,['O-20250425-030000-001-V2-2222'],O-20250425-030000-001-V2-2221,,,,['V2_POS1_TP'],30e59b1c-cf5c-437a-b6a2-e92880b8f4d7,1745550000000000000,1745551320000000000,,,,,1.13415,False,
O-20250425-034500-001-V2-2224,BACKTESTER-001,MLSignalStrategyV2-V2,EUR/USD.IDEALPRO,IDEALPRO-1-2224,EUR/USD.IDEALPRO-MLSignalStrategyV2-V2,IDEALPRO-001,IDEALPRO-1-232572,MARKET,BUY,100000.00,GTC,False,False,100000.00,TAKER,1.13332,0.0,['2.27 USD'],NO_TRIGGER,FILLED,OTO,OL-20250425-034500-001-V2-742,"['O-20250425-034500-001-V2-2225', 'O-20250425-034500-001-V2-2226']",,,,,['V2_POS1'],f493a47a-8605-4a6b-9854-2194d29d9c87,1745552700000000000,1745552700000000000,,,,,,,
O-20250425-034500-001-V2-2225,BACKTESTER-001,MLSignalStrategyV2-V2,EUR/USD.IDEALPRO,IDEALPRO-1-2225,EUR/USD.IDEALPRO-MLSignalStrategyV2-V2,IDEALPRO-001,IDEALPRO-1-232603,STOP_MARKET,SELL,100000.00,GTC,True,False,100000.00,TAKER,1.13253,4.999999999988347e-05,['2.27 USD'],NO_TRIGGER,FILLED,OUO,OL-20250425-034500-001-V2-742,['O-20250425-034500-001-V2-2226'],O-20250425-034500-001-V2-2224,,,,['V2_POS1_SL'],12ca1488-6c76-42c7-b471-e16648f840ff,1745552700000000000,1745553600000000000,1.13258,DEFAULT,,,,,
O-20250425-034500-001-V2-2226,BACKTESTER-001,MLSignalStrategyV2-V2,EUR/USD.IDEALPRO,IDEALPRO-1-2226,EUR/USD.IDEALPRO-MLSignalStrategyV2-V2,IDEALPRO-001,,LIMIT,SELL,100000.00,GTC,True,False,0.00,NO_LIQUIDITY_SIDE,,,,NO_TRIGGER,CANCELED,OUO,OL-20250425-034500-001-V2-742,['O-20250425-034500-001-V2-2225'],O-20250425-034500-001-V2-2224,,,,['V2_POS1_TP'],3496f951-b285-44f4-be29-6537513af3b7,1745552700000000000,1745553600000000000,,,,,1.13404,False,
O-20250425-040000-001-V2-2227,BACKTESTER-001,MLSignalStrategyV2-V2,EUR/USD.IDEALPRO,IDEALPRO-1-2227,EUR/USD.IDEALPRO-MLSignalStrategyV2-V2,IDEALPRO-001,IDEALPRO-1-232604,MARKET,BUY,100000.00,GTC,False,False,100000.00,TAKER,1.13262,0.0,['2.27 USD'],NO_TRIGGER,FILLED,OTO,OL-20250425-040000-001-V2-743,"['O-20250425-040000-001-V2-2228', 'O-20250425-040000-001-V2-2229']",,,,,['V2_POS1'],5b401e0f-5676-4c7c-a367-72526ecba4ee,1745553600000000000,1745553600000000000,,,,,,,
O-20250425-040000-001-V2-2228,BACKTESTER-001,MLSignalStrategyV2-V2,EUR/USD.IDEALPRO,IDEALPRO-1-2228,EUR/USD.IDEALPRO-MLSignalStrategyV2-V2,IDEALPRO-001,IDEALPRO-1-232615,STOP_MARKET,SELL,100000.00,GTC,True,False,100000.00,TAKER,1.13156,0.000280000000000058,['2.26 USD'],NO_TRIGGER,FILLED,OUO,OL-20250425-040000-001-V2-743,['O-20250425-040000-001-V2-2229'],O-20250425-040000-001-V2-2227,,,,['V2_POS1_SL'],3e3008f1-7797-41eb-9a59-340472199a5f,1745553600000000000,1745553900000000000,1.13184,DEFAULT,,,,,
O-20250425-040000-001-V2-2229,BACKTESTER-001,MLSignalStrategyV2-V2,EUR/USD.IDEALPRO,IDEALPRO-1-2229,EUR/USD.IDEALPRO-MLSignalStrategyV2-V2,IDEALPRO-001,,LIMIT,SELL,100000.00,GTC,True,False,0.00,NO_LIQUIDITY_SIDE,,,,NO_TRIGGER,CANCELED,OUO,OL-20250425-040000-001-V2-743,['O-20250425-040000-001-V2-2228'],O-20250425-040000-001-V2-2227,,,,['V2_POS1_TP'],489b994b-5125-4a80-9367-8548c5442c90,1745553600000000000,1745553900000000000,,,,,1.13338,False,
O-20250425-041500-001-V2-2230,BACKTESTER-001,MLSignalStrategyV2-V2,EUR/USD.IDEALPRO,IDEALPRO-1-2230,EUR/USD.IDEALPRO-MLSignalStrategyV2-V2,IDEALPRO-001,IDEALPRO-1-232636,MARKET,BUY,100000.00,GTC,False,False,100000.00,TAKER,1.13266,0.0,['2.27 USD'],NO_TRIGGER,FILLED,OTO,OL-20250425-041500-001-V2-744,"['O-20250425-041500-001-V2-2231', 'O-20250425-041500-001-V2-2232']",,,,,['V2_POS1'],318ec6c0-89ab-49d0-9d06-d6700e6a2a12,1745554500000000000,1745554500000000000,,,,,,,
O-20250425-041500-001-V2-2231,BACKTESTER-001,MLSignalStrategyV2-V2,EUR/USD.IDEALPRO,IDEALPRO-1-2231,EUR/USD.IDEALPRO-MLSignalStrategyV2-V2,IDEALPRO-001,,STOP_MARKET,SELL,100000.00,GTC,True,False,0.00,NO_LIQUIDITY_SIDE,,,,NO_TRIGGER,CANCELED,OUO,OL-20250425-041500-001-V2-744,['O-20250425-041500-001-V2-2232'],O-20250425-041500-001-V2-2230,,,,['V2_POS1_SL'],8522e3c0-da37-4820-9958-67629ee1c48e,1745554500000000000,1745556720000000000,1.13188,DEFAULT,,,,,
O-20250425-041500-001-V2-2232,BACKTESTER-001,MLSignalStrategyV2-V2,EUR/USD.IDEALPRO,IDEALPRO-1-2232,EUR/USD.IDEALPRO-MLSignalStrategyV2-V2,IDEALPRO-001,IDEALPRO-1-232711,LIMIT,SELL,100000.00,GTC,True,False,100000.00,MAKER,1.13356,-0.00011999999999989797,['2.27 USD'],NO_TRIGGER,FILLED,OUO,OL-20250425-041500-001-V2-744,['O-20250425-041500-001-V2-2231'],O-20250425-041500-001-V2-2230,,,,['V2_POS1_TP'],06b60fc4-7b4b-4b77-8ae9-dd07836a722f,1745554500000000000,1745556720000000000,,,,,1.13344,False,
O-20250425-050000-001-V2-2233,BACKTESTER-001,MLSignalStrategyV2-V2,EUR/USD.IDEALPRO,IDEALPRO-1-2233,EUR/USD.IDEALPRO-MLSignalStrategyV2-V2,IDEALPRO-001,IDEALPRO-1-232728,MARKET,BUY,100000.00,GTC,False,False,100000.00,TAKER,1.13353,0.0,['2.27 USD'],NO_TRIGGER,FILLED,OTO,OL-20250425-050000-001-V2-745,"['O-20250425-050000-001-V2-2234', 'O-20250425-050000-001-V2-2235']",,,,,['V2_POS1'],e59f8240-4a73-4a22-a1ef-dee1d6e204f9,1745557200000000000,1745557200000000000,,,,,,,
O-20250425-050000-001-V2-2234,BACKTESTER-001,MLSignalStrategyV2-V2,EUR/USD.IDEALPRO,IDEALPRO-1-2234,EUR/USD.IDEALPRO-MLSignalStrategyV2-V2,IDEALPRO-001,IDEALPRO-1-232827,STOP_MARKET,SELL,100000.00,GTC,True,False,100000.00,TAKER,1.13276,4.0000000000040004e-05,['2.27 USD'],NO_TRIGGER,FILLED,OUO,OL-20250425-050000-001-V2-745,['O-20250425-050000-001-V2-2235'],O-20250425-050000-001-V2-2233,,,,['V2_POS1_SL'],5b3ff634-95c5-45c7-95b2-85d32d8dd965,1745557200000000000,1745560140000000000,1.13280,DEFAULT,,,,,
O-20250425-050000-001-V2-2235,BACKTESTER-001,MLSignalStrategyV2-V2,EUR/USD.IDEALPRO,IDEALPRO-1-2235,EUR/USD.IDEALPRO-MLSignalStrategyV2-V2,IDEALPRO-001,,LIMIT,SELL,100000.00,GTC,True,False,0.00,NO_LIQUIDITY_SIDE,,,,NO_TRIGGER,CANCELED,OUO,OL-20250425-050000-001-V2-745,['O-20250425-050000-001-V2-2234'],O-20250425-050000-001-V2-2233,,,,['V2_POS1_TP'],6bb77c2b-ea3f-4de5-b12e-b642598486bc,1745557200000000000,1745560140000000000,,,,,1.13424,False,
O-20250425-093000-001-V2-2236,BACKTESTER-001,MLSignalStrategyV2-V2,EUR/USD.IDEALPRO,IDEALPRO-1-2236,EUR/USD.IDEALPRO-MLSignalStrategyV2-V2,IDEALPRO-001,IDEALPRO-1-233270,MARKET,SELL,100000.00,GTC,False,False,100000.00,TAKER,1.13543,0.0,['2.27 USD'],NO_TRIGGER,FILLED,OTO,OL-20250425-093000-001-V2-746,"['O-20250425-093000-001-V2-2237', 'O-20250425-093000-001-V2-2238']",,,,,['V2_POS1'],98bbc7bd-c439-4e0c-8bf1-d5f57957ab00,1745573400000000000,1745573400000000000,,,,,,,
O-20250425-093000-001-V2-2237,BACKTESTER-001,MLSignalStrategyV2-V2,EUR/USD.IDEALPRO,IDEALPRO-1-2237,EUR/USD.IDEALPRO-MLSignalStrategyV2-V2,IDEALPRO-001,,STOP_MARKET,BUY,100000.00,GTC,True,False,0.00,NO_LIQUIDITY_SIDE,,,,NO_TRIGGER,CANCELED,OUO,OL-20250425-093000-001-V2-746,['O-20250425-093000-001-V2-2238'],O-20250425-093000-001-V2-2236,,,,['V2_POS1_SL'],f329f2a0-7795-4f44-915a-b54a5677d092,1745573400000000000,1745575140000000000,1.13627,DEFAULT,,,,,
O-20250425-093000-001-V2-2238,BACKTESTER-001,MLSignalStrategyV2-V2,EUR/USD.IDEALPRO,IDEALPRO-1-2238,EUR/USD.IDEALPRO-MLSignalStrategyV2-V2,IDEALPRO-001,IDEALPRO-1-233329,LIMIT,BUY,100000.00,GTC,True,False,100000.00,MAKER,1.1345,-8.999999999992347e-05,['2.27 USD'],NO_TRIGGER,FILLED,OUO,OL-20250425-093000-001-V2-746,['O-20250425-093000-001-V2-2237'],O-20250425-093000-001-V2-2236,,,,['V2_POS1_TP'],97fb2aa3-dbab-4753-93df-796945bf7ab2,1745573400000000000,1745575140000000000,,,,,1.13459,False,
O-20250425-103000-001-V2-2239,BACKTESTER-001,MLSignalStrategyV2-V2,EUR/USD.IDEALPRO,IDEALPRO-1-2239,EUR/USD.IDEALPRO-MLSignalStrategyV2-V2,IDEALPRO-001,IDEALPRO-1-233392,MARKET,BUY,100000.00,GTC,False,False,100000.00,TAKER,1.13431,0.0,['2.27 USD'],NO_TRIGGER,FILLED,OTO,OL-20250425-103000-001-V2-747,"['O-20250425-103000-001-V2-2240', 'O-20250425-103000-001-V2-2241']",,,,,['V2_POS1'],495055fd-f616-452b-8296-5ba71a245a26,1745577000000000000,1745577000000000000,,,,,,,
O-20250425-103000-001-V2-2240,BACKTESTER-001,MLSignalStrategyV2-V2,EUR/USD.IDEALPRO,IDEALPRO-1-2240,EUR/USD.IDEALPRO-MLSignalStrategyV2-V2,IDEALPRO-001,,STOP_MARKET,SELL,100000.00,GTC,True,False,0.00,NO_LIQUIDITY_SIDE,,,,NO_TRIGGER,CANCELED,OUO,OL-20250425-103000-001-V2-747,['O-20250425-103000-001-V2-2241'],O-20250425-103000-001-V2-2239,,,,['V2_POS1_SL'],6ddaa866-5983-4c91-adbc-ad7334c485b2,1745577000000000000,1745577240000000000,1.13349,DEFAULT,,,,,
O-20250425-103000-001-V2-2241,BACKTESTER-001,MLSignalStrategyV2-V2,EUR/USD.IDEALPRO,IDEALPRO-1-2241,EUR/USD.IDEALPRO-MLSignalStrategyV2-V2,IDEALPRO-001,IDEALPRO-1-233401,LIMIT,SELL,100000.00,GTC,True,False,100000.00,MAKER,1.13525,-0.00012000000000012001,['2.27 USD'],NO_TRIGGER,FILLED,OUO,OL-20250425-103000-001-V2-747,['O-20250425-103000-001-V2-2240'],O-20250425-103000-001-V2-2239,,,,['V2_POS1_TP'],36913316-95c1-4aa7-a485-ccda73eea41c,1745577000000000000,1745577240000000000,,,,,1.13513,False,
O-20250425-134500-001-V2-2242,BACKTESTER-001,MLSignalStrategyV2-V2,EUR/USD.IDEALPRO,IDEALPRO-1-2242,EUR/USD.IDEALPRO-MLSignalStrategyV2-V2,IDEALPRO-001,IDEALPRO-1-233785,MARKET,BUY,100000.00,GTC,False,False,100000.00,TAKER,1.13406,0.0,['2.27 USD'],NO_TRIGGER,FILLED,OTO,OL-20250425-134500-001-V2-748,"['O-20250425-134500-001-V2-2243', 'O-20250425-134500-001-V2-2244']",,,,,['V2_POS1'],e64a4c51-55d2-4676-b20e-258abfa598a0,1745588700000000000,1745588700000000000,,,,,,,
O-20250425-134500-001-V2-2243,BACKTESTER-001,MLSignalStrategyV2-V2,EUR/USD.IDEALPRO,IDEALPRO-1-2243,EUR/USD.IDEALPRO-MLSignalStrategyV2-V2,IDEALPRO-001,,STOP_MARKET,SELL,100000.00,GTC,True,False,0.00,NO_LIQUIDITY_SIDE,,,,NO_TRIGGER,CANCELED,OUO,OL-20250425-134500-001-V2-748,['O-20250425-134500-001-V2-2244'],O-20250425-134500-001-V2-2242,,,,['V2_POS1_SL'],f77d5db2-9f01-4428-8017-eabecee7590f,1745588700000000000,1745589300000000000,1.13319,DEFAULT,,,,,
O-20250425-134500-001-V2-2244,BACKTESTER-001,MLSignalStrategyV2-V2,EUR/USD.IDEALPRO,IDEALPRO-1-2244,EUR/USD.IDEALPRO-MLSignalStrategyV2-V2,IDEALPRO-001,IDEALPRO-1-233805,LIMIT,SELL,100000.00,GTC,True,False,100000.00,MAKER,1.13494,-1.0000000000065512e-05,['2.27 USD'],NO_TRIGGER,FILLED,OUO,OL-20250425-134500-001-V2-748,['O-20250425-134500-001-V2-2243'],O-20250425-134500-001-V2-2242,,,,['V2_POS1_TP'],5a807864-1593-434a-b08e-c361410ad401,1745588700000000000,1745589300000000000,,,,,1.13493,False,
O-20250427-213000-001-V2-2245,BACKTESTER-001,MLSignalStrategyV2-V2,EUR/USD.IDEALPRO,IDEALPRO-1-2245,EUR/USD.IDEALPRO-MLSignalStrategyV2-V2,IDEALPRO-001,IDEALPRO-1-234686,MARKET,BUY,100000.00,GTC,False,False,100000.00,TAKER,1.13649,0.0,['2.27 USD'],NO_TRIGGER,FILLED,OTO,OL-20250427-213000-001-V2-749,"['O-20250427-213000-001-V2-2246', 'O-20250427-213000-001-V2-2247']",,,,,['V2_POS1'],e5a1f484-7355-4ba5-b474-f7bb89657c9c,1745789400000000000,1745789400000000000,,,,,,,
O-20250427-213000-001-V2-2246,BACKTESTER-001,MLSignalStrategyV2-V2,EUR/USD.IDEALPRO,IDEALPRO-1-2246,EUR/USD.IDEALPRO-MLSignalStrategyV2-V2,IDEALPRO-001,IDEALPRO-1-234711,STOP_MARKET,SELL,100000.00,GTC,True,False,100000.00,TAKER,1.13594,1.0000000000065512e-05,['2.27 USD'],NO_TRIGGER,FILLED,OUO,OL-20250427-213000-001-V2-749,['O-20250427-213000-001-V2-2247'],O-20250427-213000-001-V2-2245,,,,['V2_POS1_SL'],90601411-03c3-401a-9bf0-7891c9efff95,1745789400000000000,1745790120000000000,1.13595,DEFAULT,,,,,
O-20250427-213000-001-V2-2247,BACKTESTER-001,MLSignalStrategyV2-V2,EUR/USD.IDEALPRO,IDEALPRO-1-2247,EUR/USD.IDEALPRO-MLSignalStrategyV2-V2,IDEALPRO-001,,LIMIT,SELL,100000.00,GTC,True,False,0.00,NO_LIQUIDITY_SIDE,,,,NO_TRIGGER,CANCELED,OUO,OL-20250427-213000-001-V2-749,['O-20250427-213000-001-V2-2246'],O-20250427-213000-001-V2-2245,,,,['V2_POS1_TP'],3bdeb768-4135-4f53-8f4d-39b9822a7959,1745789400000000000,1745790120000000000,,,,,1.13701,False,
O-20250427-214500-001-V2-2248,BACKTESTER-001,MLSignalStrategyV2-V2,EUR/USD.IDEALPRO,IDEALPRO-1-2248,EUR/USD.IDEALPRO-MLSignalStrategyV2-V2,IDEALPRO-001,IDEALPRO-1-234717,MARKET,BUY,100000.00,GTC,False,False,100000.00,TAKER,1.13596,0.0,['2.27 USD'],NO_TRIGGER,FILLED,OTO,OL-20250427-214500-001-V2-750,"['O-20250427-214500-001-V2-2249', 'O-20250427-214500-001-V2-2250']",,,,,['V2_POS1'],8fc74033-7332-4d70-a59f-962a62b744d4,1745790300000000000,1745790300000000000,,,,,,,
O-20250427-214500-001-V2-2249,BACKTESTER-001,MLSignalStrategyV2-V2,EUR/USD.IDEALPRO,IDEALPRO-1-2249,EUR/USD.IDEALPRO-MLSignalStrategyV2-V2,IDEALPRO-001,,STOP_MARKET,SELL,100000.00,GTC,True,False,0.00,NO_LIQUIDITY_SIDE,,,,NO_TRIGGER,CANCELED,OUO,OL-20250427-214500-001-V2-750,['O-20250427-214500-001-V2-2250'],O-20250427-214500-001-V2-2248,,,,['V2_POS1_SL'],e252694c-7641-484b-9ee5-dc53f1cb64fc,1745790300000000000,1745791260000000000,1.13545,DEFAULT,,,,,
O-20250427-214500-001-V2-2250,BACKTESTER-001,MLSignalStrategyV2-V2,EUR/USD.IDEALPRO,IDEALPRO-1-2250,EUR/USD.IDEALPRO-MLSignalStrategyV2-V2,IDEALPRO-001,IDEALPRO-1-234751,LIMIT,SELL,100000.00,GTC,True,False,100000.00,MAKER,1.1365,-2.999999999997449e-05,['2.27 USD'],NO_TRIGGER,FILLED,OUO,OL-20250427-214500-001-V2-750,['O-20250427-214500-001-V2-2249'],O-20250427-214500-001-V2-2248,,,,['V2_POS1_TP'],88d1f930-cd73-4f6a-b9fa-14dde04aebcb,1745790300000000000,1745791260000000000,,,,,1.13647,False,
O-20250427-221500-001-V2-2251,BACKTESTER-001,MLSignalStrategyV2-V2,EUR/USD.IDEALPRO,IDEALPRO-1-2251,EUR/USD.IDEALPRO-MLSignalStrategyV2-V2,IDEALPRO-001,IDEALPRO-1-234780,MARKET,BUY,100000.00,GTC,False,False,100000.00,TAKER,1.1359,0.0,['2.27 USD'],NO_TRIGGER,FILLED,OTO,OL-20250427-221500-001-V2-751,"['O-20250427-221500-001-V2-2252', 'O-20250427-221500-001-V2-2253']",,,,,['V2_POS1'],0019ee01-2409-4c3e-9994-a552b9a8813b,1745792100000000000,1745792100000000000,,,,,,,
O-20250427-221500-001-V2-2252,BACKTESTER-001,MLSignalStrategyV2-V2,EUR/USD.IDEALPRO,IDEALPRO-1-2252,EUR/USD.IDEALPRO-MLSignalStrategyV2-V2,IDEALPRO-001,IDEALPRO-1-234787,STOP_MARKET,SELL,100000.00,GTC,True,False,100000.00,TAKER,1.13514,0.00028999999999990145,['2.27 USD'],NO_TRIGGER,FILLED,OUO,OL-20250427-221500-001-V2-751,['O-20250427-221500-001-V2-2253'],O-20250427-221500-001-V2-2251,,,,['V2_POS1_SL'],66f00332-81f8-4277-a41d-a83c875995df,1745792100000000000,1745792280000000000,1.13543,DEFAULT,,,,,
O-20250427-221500-001-V2-2253,BACKTESTER-001,MLSignalStrategyV2-V2,EUR/USD.IDEALPRO,IDEALPRO-1-2253,EUR/USD.IDEALPRO-MLSignalStrategyV2-V2,IDEALPRO-001,,LIMIT,SELL,100000.00,GTC,True,False,0.00,NO_LIQUIDITY_SIDE,,,,NO_TRIGGER,CANCELED,OUO,OL-20250427-221500-001-V2-751,['O-20250427-221500-001-V2-2252'],O-20250427-221500-001-V2-2251,,,,['V2_POS1_TP'],523a8e6b-dc8a-4c1e-90fb-6734e878e807,1745792100000000000,1745792280000000000,,,,,1.13635,False,
O-20250427-223000-001-V2-2254,BACKTESTER-001,MLSignalStrategyV2-V2,EUR/USD.IDEALPRO,IDEALPRO-1-2254,EUR/USD.IDEALPRO-MLSignalStrategyV2-V2,IDEALPRO-001,IDEALPRO-1-234812,MARKET,BUY,100000.00,GTC,False,False,100000.00,TAKER,1.13498,0.0,['2.27 USD'],NO_TRIGGER,FILLED,OTO,OL-20250427-223000-001-V2-752,"['O-20250427-223000-001-V2-2255', 'O-20250427-223000-001-V2-2256']",,,,,['V2_POS1'],946bee21-5548-4804-b314-cfd58b871e4a,1745793000000000000,1745793000000000000,,,,,,,
O-20250427-223000-001-V2-2255,BACKTESTER-001,MLSignalStrategyV2-V2,EUR/USD.IDEALPRO,IDEALPRO-1-2255,EUR/USD.IDEALPRO-MLSignalStrategyV2-V2,IDEALPRO-001,IDEALPRO-1-234815,STOP_MARKET,SELL,100000.00,GTC,True,False,100000.00,TAKER,1.13399,0.0004999999999999449,['2.27 USD'],NO_TRIGGER,FILLED,OUO,OL-20250427-223000-001-V2-752,['O-20250427-223000-001-V2-2256'],O-20250427-223000-001-V2-2254,,,,['V2_POS1_SL'],52fa06fe-c0c9-44ed-9ece-75c67b0ff0aa,1745793000000000000,1745793060000000000,1.13449,DEFAULT,,,,,
O-20250427-223000-001-V2-2256,BACKTESTER-001,MLSignalStrategyV2-V2,EUR/USD.IDEALPRO,IDEALPRO-1-2256,EUR/USD.IDEALPRO-MLSignalStrategyV2-V2,IDEALPRO-001,,LIMIT,SELL,100000.00,GTC,True,False,0.00,NO_LIQUIDITY_SIDE,,,,NO_TRIGGER,CANCELED,OUO,OL-20250427-223000-001-V2-752,['O-20250427-223000-001-V2-2255'],O-20250427-223000-001-V2-2254,,,,['V2_POS1_TP'],0a513cc2-2043-4d60-b984-9e6ad94b2179,1745793000000000000,1745793060000000000,,,,,1.13547,False,
O-20250427-224500-001-V2-2257,BACKTESTER-001,MLSignalStrategyV2-V2,EUR/USD.IDEALPRO,IDEALPRO-1-2257,EUR/USD.IDEALPRO-MLSignalStrategyV2-V2,IDEALPRO-001,IDEALPRO-1-234844,MARKET,BUY,100000.00,GTC,False,False,100000.00,TAKER,1.13499,0.0,['2.27 USD'],NO_TRIGGER,FILLED,OTO,OL-20250427-224500-001-V2-753,"['O-20250427-224500-001-V2-2258', 'O-20250427-224500-001-V2-2259']",,,,,['V2_POS1'],6b75c136-518f-4417-ab85-d62a0629ef04,1745793900000000000,1745793900000000000,,,,,,,
O-20250427-224500-001-V2-2258,BACKTESTER-001,MLSignalStrategyV2-V2,EUR/USD.IDEALPRO,IDEALPRO-1-2258,EUR/USD.IDEALPRO-MLSignalStrategyV2-V2,IDEALPRO-001,IDEALPRO-1-234989,STOP_MARKET,SELL,100000.00,GTC,True,False,100000.00,TAKER,1.13439,5.999999999994898e-05,['2.27 USD'],NO_TRIGGER,FILLED,OUO,OL-20250427-224500-001-V2-753,['O-20250427-224500-001-V2-2259'],O-20250427-224500-001-V2-2257,,,,['V2_POS1_SL'],09d0c04a-ee62-4b02-8fa7-cf99c70fbf4d,1745793900000000000,1745798220000000000,1.13445,DEFAULT,,,,,
O-20250427-224500-001-V2-2259,BACKTESTER-001,MLSignalStrategyV2-V2,EUR/USD.IDEALPRO,IDEALPRO-1-2259,EUR/USD.IDEALPRO-MLSignalStrategyV2-V2,IDEALPRO-001,,LIMIT,SELL,100000.00,GTC,True,False,0.00,NO_LIQUIDITY_SIDE,,,,NO_TRIGGER,CANCELED,OUO,OL-20250427-224500-001-V2-753,['O-20250427-224500-001-V2-2258'],O-20250427-224500-001-V2-2257,,,,['V2_POS1_TP'],d1f30943-c2f7-4b06-9aa2-b071892a8e49,1745793900000000000,1745798220000000000,,,,,1.13553,False,
O-20250428-020000-001-V2-2260,BACKTESTER-001,MLSignalStrategyV2-V2,EUR/USD.IDEALPRO,IDEALPRO-1-2260,EUR/USD.IDEALPRO-MLSignalStrategyV2-V2,IDEALPRO-001,IDEALPRO-1-235236,MARKET,BUY,100000.00,GTC,False,False,100000.00,TAKER,1.13513,0.0,['2.27 USD'],NO_TRIGGER,FILLED,OTO,OL-20250428-020000-001-V2-754,"['O-20250428-020000-001-V2-2261', 'O-20250428-020000-001-V2-2262']",,,,,['V2_POS1'],547849f5-bcf7-4959-b1f1-44dfe5f7d4dc,1745805600000000000,1745805600000000000,,,,,,,
O-20250428-020000-001-V2-2261,BACKTESTER-001,MLSignalStrategyV2-V2,EUR/USD.IDEALPRO,IDEALPRO-1-2261,EUR/USD.IDEALPRO-MLSignalStrategyV2-V2,IDEALPRO-001,IDEALPRO-1-235263,STOP_MARKET,SELL,100000.00,GTC,True,False,100000.00,TAKER,1.13433,0.00012999999999996348,['2.27 USD'],NO_TRIGGER,FILLED,OUO,OL-20250428-020000-001-V2-754,['O-20250428-020000-001-V2-2262'],O-20250428-020000-001-V2-2260,,,,['V2_POS1_SL'],b0abd76f-c40c-4ab4-95be-8ba4c4c3d8ab,1745805600000000000,1745806380000000000,1.13446,DEFAULT,,,,,
O-20250428-020000-001-V2-2262,BACKTESTER-001,MLSignalStrategyV2-V2,EUR/USD.IDEALPRO,IDEALPRO-1-2262,EUR/USD.IDEALPRO-MLSignalStrategyV2-V2,IDEALPRO-001,,LIMIT,SELL,100000.00,GTC,True,False,0.00,NO_LIQUIDITY_SIDE,,,,NO_TRIGGER,CANCELED,OUO,OL-20250428-020000-001-V2-754,['O-20250428-020000-001-V2-2261'],O-20250428-020000-001-V2-2260,,,,['V2_POS1_TP'],cf89a172-ffa6-4175-bb42-525241f6da4e,1745805600000000000,1745806380000000000,,,,,1.13580,False,
O-20250428-023000-001-V2-2263,BACKTESTER-001,MLSignalStrategyV2-V2,EUR/USD.IDEALPRO,IDEALPRO-1-2263,EUR/USD.IDEALPRO-MLSignalStrategyV2-V2,IDEALPRO-001,IDEALPRO-1-235298,MARKET,SELL,100000.00,GTC,False,False,100000.00,TAKER,1.13464,0.0,['2.27 USD'],NO_TRIGGER,FILLED,OTO,OL-20250428-023000-001-V2-755,"['O-20250428-023000-001-V2-2264', 'O-20250428-023000-001-V2-2265']",,,,,['V2_POS1'],78f40658-a089-4142-88d8-3f9e9d2ce694,1745807400000000000,1745807400000000000,,,,,,,
O-20250428-023000-001-V2-2264,BACKTESTER-001,MLSignalStrategyV2-V2,EUR/USD.IDEALPRO,IDEALPRO-1-2264,EUR/USD.IDEALPRO-MLSignalStrategyV2-V2,IDEALPRO-001,IDEALPRO-1-235331,STOP_MARKET,BUY,100000.00,GTC,True,False,100000.00,TAKER,1.13531,0.0,['2.27 USD'],NO_TRIGGER,FILLED,OUO,OL-20250428-023000-001-V2-755,['O-20250428-023000-001-V2-2265'],O-20250428-023000-001-V2-2263,,,,['V2_POS1_SL'],0b025e19-9108-4614-9a5a-d96278c3d47e,1745807400000000000,1745808360000000000,1.13531,DEFAULT,,,,,
O-20250428-023000-001-V2-2265,BACKTESTER-001,MLSignalStrategyV2-V2,EUR/USD.IDEALPRO,IDEALPRO-1-2265,EUR/USD.IDEALPRO-MLSignalStrategyV2-V2,IDEALPRO-001,,LIMIT,BUY,100000.00,GTC,True,False,0.00,NO_LIQUIDITY_SIDE,,,,NO_TRIGGER,CANCELED,OUO,OL-20250428-023000-001-V2-755,['O-20250428-023000-001-V2-2264'],O-20250428-023000-001-V2-2263,,,,['V2_POS1_TP'],c74c611a-2387-4581-b0bc-2f160d6e1c64,1745807400000000000,1745808360000000000,,,,,1.13397,False,
O-20250428-070000-001-V2-2266,BACKTESTER-001,MLSignalStrategyV2-V2,EUR/USD.IDEALPRO,IDEALPRO-1-2266,EUR/USD.IDEALPRO-MLSignalStrategyV2-V2,IDEALPRO-001,IDEALPRO-1-235840,MARKET,BUY,100000.00,GTC,False,False,100000.00,TAKER,1.13317,0.0,['2.27 USD'],NO_TRIGGER,FILLED,OTO,OL-20250428-070000-001-V2-756,"['O-20250428-070000-001-V2-2267', 'O-20250428-070000-001-V2-2268']",,,,,['V2_POS1'],4f57d5b5-3c9b-471a-8182-619f0d99b618,1745823600000000000,1745823600000000000,,,,,,,
O-20250428-070000-001-V2-2267,BACKTESTER-001,MLSignalStrategyV2-V2,EUR/USD.IDEALPRO,IDEALPRO-1-2267,EUR/USD.IDEALPRO-MLSignalStrategyV2-V2,IDEALPRO-001,,STOP_MARKET,SELL,100000.00,GTC,True,False,0.00,NO_LIQUIDITY_SIDE,,,,NO_TRIGGER,CANCELED,OUO,OL-20250428-070000-001-V2-756,['O-20250428-070000-001-V2-2268'],O-20250428-070000-001-V2-2266,,,,['V2_POS1_SL'],140b7dae-e2bd-4bf1-9422-51dbddef6fdf,1745823600000000000,1745823840000000000,1.13239,DEFAULT,,,,,
O-20250428-070000-001-V2-2268,BACKTESTER-001,MLSignalStrategyV2-V2,EUR/USD.IDEALPRO,IDEALPRO-1-2268,EUR/USD.IDEALPRO-MLSignalStrategyV2-V2,IDEALPRO-001,IDEALPRO-1-235849,LIMIT,SELL,100000.00,GTC,True,False,100000.00,MAKER,1.134,-6.999999999979245e-05,['2.27 USD'],NO_TRIGGER,FILLED,OUO,OL-20250428-070000-001-V2-756,['O-20250428-070000-001-V2-2267'],O-20250428-070000-001-V2-2266,,,,['V2_POS1_TP'],77065a98-35c9-4582-8ec8-6ec8dd725640,1745823600000000000,1745823840000000000,,,,,1.13393,False,
O-20250428-071500-001-V2-2269,BACKTESTER-001,MLSignalStrategyV2-V2,EUR/USD.IDEALPRO,IDEALPRO-1-2269,EUR/USD.IDEALPRO-MLSignalStrategyV2-V2,IDEALPRO-001,IDEALPRO-1-235872,MARKET,BUY,100000.00,GTC,False,False,100000.00,TAKER,1.13428,0.0,['2.27 USD'],NO_TRIGGER,FILLED,OTO,OL-20250428-071500-001-V2-757,"['O-20250428-071500-001-V2-2270', 'O-20250428-071500-001-V2-2271']",,,,,['V2_POS1'],8e3f99b1-3eff-43f5-a173-d4622bf215ed,1745824500000000000,1745824500000000000,,,,,,,
O-20250428-071500-001-V2-2270,BACKTESTER-001,MLSignalStrategyV2-V2,EUR/USD.IDEALPRO,IDEALPRO-1-2270,EUR/USD.IDEALPRO-MLSignalStrategyV2-V2,IDEALPRO-001,,STOP_MARKET,SELL,100000.00,GTC,True,False,0.00,NO_LIQUIDITY_SIDE,,,,NO_TRIGGER,CANCELED,OUO,OL-20250428-071500-001-V2-757,['O-20250428-071500-001-V2-2271'],O-20250428-071500-001-V2-2269,,,,['V2_POS1_SL'],e39c4f42-a378-46c4-8284-e7e481e7fa55,1745824500000000000,1745825460000000000,1.13342,DEFAULT,,,,,
O-20250428-071500-001-V2-2271,BACKTESTER-001,MLSignalStrategyV2-V2,EUR/USD.IDEALPRO,IDEALPRO-1-2271,EUR/USD.IDEALPRO-MLSignalStrategyV2-V2,IDEALPRO-001,IDEALPRO-1-235905,LIMIT,SELL,100000.00,GTC,True,False,100000.00,MAKER,1.13516,-4.0000000000040004e-05,['2.27 USD'],NO_TRIGGER,FILLED,OUO,OL-20250428-071500-001-V2-757,['O-20250428-071500-001-V2-2270'],O-20250428-071500-001-V2-2269,,,,['V2_POS1_TP'],46d22607-8483-4147-a58f-92b89fb08545,1745824500000000000,1745825460000000000,,,,,1.13512,False,
O-20250428-081500-001-V2-2272,BACKTESTER-001,MLSignalStrategyV2-V2,EUR/USD.IDEALPRO,IDEALPRO-1-2272,EUR/USD.IDEALPRO-MLSignalStrategyV2-V2,IDEALPRO-001,IDEALPRO-1-235994,MARKET,BUY,100000.00,GTC,False,False,100000.00,TAKER,1.13439,0.0,['2.27 USD'],NO_TRIGGER,FILLED,OTO,OL-20250428-081500-001-V2-758,"['O-20250428-081500-001-V2-2273', 'O-20250428-081500-001-V2-2274']",,,,,['V2_POS1'],a60f8742-5afa-41c0-b75f-1b696a405cdc,1745828100000000000,1745828100000000000,,,,,,,
O-20250428-081500-001-V2-2273,BACKTESTER-001,MLSignalStrategyV2-V2,EUR/USD.IDEALPRO,IDEALPRO-1-2273,EUR/USD.IDEALPRO-MLSignalStrategyV2-V2,IDEALPRO-001,,STOP_MARKET,SELL,100000.00,GTC,True,False,0.00,NO_LIQUIDITY_SIDE,,,,NO_TRIGGER,CANCELED,OUO,OL-20250428-081500-001-V2-758,['O-20250428-081500-001-V2-2274'],O-20250428-081500-001-V2-2272,,,,['V2_POS1_SL'],0c44814d-952d-409d-a9c0-fb8b9f66a6e6,1745828100000000000,1745832540000000000,1.13341,DEFAULT,,,,,
O-20250428-081500-001-V2-2274,BACKTESTER-001,MLSignalStrategyV2-V2,EUR/USD.IDEALPRO,IDEALPRO-1-2274,EUR/USD.IDEALPRO-MLSignalStrategyV2-V2,IDEALPRO-001,IDEALPRO-1-236143,LIMIT,SELL,100000.00,GTC,True,False,100000.00,MAKER,1.13552,-0.00017000000000000348,['2.27 USD'],NO_TRIGGER,FILLED,OUO,OL-20250428-081500-001-V2-758,['O-20250428-081500-001-V2-2273'],O-20250428-081500-001-V2-2272,,,,['V2_POS1_TP'],16a28515-1822-47b4-ace4-aca83acb0b49,1745828100000000000,1745832540000000000,,,,,1.13535,False,
O-20250428-144500-001-V2-2275,BACKTESTER-001,MLSignalStrategyV2-V2,EUR/USD.IDEALPRO,IDEALPRO-1-2275,EUR/USD.IDEALPRO-MLSignalStrategyV2-V2,IDEALPRO-001,IDEALPRO-1-236776,MARKET,SELL,100000.00,GTC,False,False,100000.00,TAKER,1.13991,0.0,['2.28 USD'],NO_TRIGGER,FILLED,OTO,OL-20250428-144500-001-V2-759,"['O-20250428-144500-001-V2-2276', 'O-20250428-144500-001-V2-2277']",,,,,['V2_POS1'],778980ac-ddd8-4f21-978a-117459a4e409,1745851500000000000,1745851500000000000,,,,,,,
O-20250428-144500-001-V2-2276,BACKTESTER-001,MLSignalStrategyV2-V2,EUR/USD.IDEALPRO,IDEALPRO-1-2276,EUR/USD.IDEALPRO-MLSignalStrategyV2-V2,IDEALPRO-001,,STOP_MARKET,BUY,100000.00,GTC,True,False,0.00,NO_LIQUIDITY_SIDE,,,,NO_TRIGGER,CANCELED,OUO,OL-20250428-144500-001-V2-759,['O-20250428-144500-001-V2-2277'],O-20250428-144500-001-V2-2275,,,,['V2_POS1_SL'],74dd7b4b-3d68-44f4-b147-7267ad1c4bfa,1745851500000000000,1745851920000000000,1.14118,DEFAULT,,,,,
O-20250428-144500-001-V2-2277,BACKTESTER-001,MLSignalStrategyV2-V2,EUR/USD.IDEALPRO,IDEALPRO-1-2277,EUR/USD.IDEALPRO-MLSignalStrategyV2-V2,IDEALPRO-001,IDEALPRO-1-236791,LIMIT,BUY,100000.00,GTC,True,False,100000.00,MAKER,1.13862,-4.0000000000040004e-05,['2.28 USD'],NO_TRIGGER,FILLED,OUO,OL-20250428-144500-001-V2-759,['O-20250428-144500-001-V2-2276'],O-20250428-144500-001-V2-2275,,,,['V2_POS1_TP'],7cb15ea6-1668-4d4e-8667-237687f15ec5,1745851500000000000,1745851920000000000,,,,,1.13866,False,
O-20250428-151500-001-V2-2278,BACKTESTER-001,MLSignalStrategyV2-V2,EUR/USD.IDEALPRO,IDEALPRO-1-2278,EUR/USD.IDEALPRO-MLSignalStrategyV2-V2,IDEALPRO-001,IDEALPRO-1-236839,MARKET,SELL,100000.00,GTC,False,False,100000.00,TAKER,1.13731,0.0,['2.27 USD'],NO_TRIGGER,FILLED,OTO,OL-20250428-151500-001-V2-760,"['O-20250428-151500-001-V2-2279', 'O-20250428-151500-001-V2-2280']",,,,,['V2_POS1'],8eedcd5a-8cef-454c-97fc-c55e9d69cfbf,1745853300000000000,1745853300000000000,,,,,,,
O-20250428-151500-001-V2-2279,BACKTESTER-001,MLSignalStrategyV2-V2,EUR/USD.IDEALPRO,IDEALPRO-1-2279,EUR/USD.IDEALPRO-MLSignalStrategyV2-V2,IDEALPRO-001,IDEALPRO-1-236881,STOP_MARKET,BUY,100000.00,GTC,True,False,100000.00,TAKER,1.13882,7.00000000000145e-05,['2.28 USD'],NO_TRIGGER,FILLED,OUO,OL-20250428-151500-001-V2-760,['O-20250428-151500-001-V2-2280'],O-20250428-151500-001-V2-2278,,,,['V2_POS1_SL'],609260ea-7c76-46f5-94bf-76398fa4cf6f,1745853300000000000,1745854560000000000,1.13875,DEFAULT,,,,,
O-20250428-151500-001-V2-2280,BACKTESTER-001,MLSignalStrategyV2-V2,EUR/USD.IDEALPRO,IDEALPRO-1-2280,EUR/USD.IDEALPRO-MLSignalStrategyV2-V2,IDEALPRO-001,,LIMIT,BUY,100000.00,GTC,True,False,0.00,NO_LIQUIDITY_SIDE,,,,NO_TRIGGER,CANCELED,OUO,OL-20250428-151500-001-V2-760,['O-20250428-151500-001-V2-2279'],O-20250428-151500-001-V2-2278,,,,['V2_POS1_TP'],add82ca6-3c53-404e-815f-c6b4ce5f5982,1745853300000000000,1745854560000000000,,,,,1.13587,False,
O-20250428-170000-001-V2-2281,BACKTESTER-001,MLSignalStrategyV2-V2,EUR/USD.IDEALPRO,IDEALPRO-1-2281,EUR/USD.IDEALPRO-MLSignalStrategyV2-V2,IDEALPRO-001,IDEALPRO-1-237050,MARKET,SELL,100000.00,GTC,False,False,100000.00,TAKER,1.14115,0.0,['2.28 USD'],NO_TRIGGER,FILLED,OTO,OL-20250428-170000-001-V2-761,"['O-20250428-170000-001-V2-2282', 'O-20250428-170000-001-V2-2283']",,,,,['V2_POS1'],30a54087-161d-4886-8221-bf016cde4eb3,1745859600000000000,1745859600000000000,,,,,,,
O-20250428-170000-001-V2-2282,BACKTESTER-001,MLSignalStrategyV2-V2,EUR/USD.IDEALPRO,IDEALPRO-1-2282,EUR/USD.IDEALPRO-MLSignalStrategyV2-V2,IDEALPRO-001,IDEALPRO-1-237401,STOP_MARKET,BUY,100000.00,GTC,True,False,100000.00,TAKER,1.14252,5.999999999994898e-05,['2.29 USD'],NO_TRIGGER,FILLED,OUO,OL-20250428-170000-001-V2-761,['O-20250428-170000-001-V2-2283'],O-20250428-170000-001-V2-2281,,,,['V2_POS1_SL'],b1c656ea-4900-4976-85bd-e52735c27b54,1745859600000000000,1745870100000000000,1.14246,DEFAULT,,,,,
O-20250428-170000-001-V2-2283,BACKTESTER-001,MLSignalStrategyV2-V2,EUR/USD.IDEALPRO,IDEALPRO-1-2283,EUR/USD.IDEALPRO-MLSignalStrategyV2-V2,IDEALPRO-001,,LIMIT,BUY,100000.00,GTC,True,False,0.00,NO_LIQUIDITY_SIDE,,,,NO_TRIGGER,CANCELED,OUO,OL-20250428-170000-001-V2-761,['O-20250428-170000-001-V2-2282'],O-20250428-170000-001-V2-2281,,,,['V2_POS1_TP'],085e5076-f2ff-49d9-92f0-f528a58e03a4,1745859600000000000,1745870100000000000,,,,,1.13986,False,
O-20250428-200000-001-V2-2284,BACKTESTER-001,MLSignalStrategyV2-V2,EUR/USD.IDEALPRO,IDEALPRO-1-2284,EUR/USD.IDEALPRO-MLSignalStrategyV2-V2,IDEALPRO-001,IDEALPRO-1-237412,MARKET,SELL,100000.00,GTC,False,False,100000.00,TAKER,1.1422,0.0,['2.28 USD'],NO_TRIGGER,FILLED,OTO,OL-20250428-200000-001-V2-762,"['O-20250428-200000-001-V2-2285', 'O-20250428-200000-001-V2-2286']",,,,,['V2_POS1'],97d94cb0-e687-41b4-9578-ddb6bd73458c,1745870400000000000,1745870400000000000,,,,,,,
O-20250428-200000-001-V2-2285,BACKTESTER-001,MLSignalStrategyV2-V2,EUR/USD.IDEALPRO,IDEALPRO-1-2285,EUR/USD.IDEALPRO-MLSignalStrategyV2-V2,IDEALPRO-001,,STOP_MARKET,BUY,100000.00,GTC,True,False,0.00,NO_LIQUIDITY_SIDE,,,,NO_TRIGGER,CANCELED,OUO,OL-20250428-200000-001-V2-762,['O-20250428-200000-001-V2-2286'],O-20250428-200000-001-V2-2284,,,,['V2_POS1_SL'],8d883aa0-c362-48e2-aec6-466f68c1bad1,1745870400000000000,1745878800000000000,1.14296,DEFAULT,,,,,
O-20250428-200000-001-V2-2286,BACKTESTER-001,MLSignalStrategyV2-V2,EUR/USD.IDEALPRO,IDEALPRO-1-2286,EUR/USD.IDEALPRO-MLSignalStrategyV2-V2,IDEALPRO-001,IDEALPRO-1-237663,LIMIT,BUY,100000.00,GTC,True,False,100000.00,MAKER,1.14131,-0.00012999999999996348,['2.28 USD'],NO_TRIGGER,FILLED,OUO,OL-20250428-200000-001-V2-762,['O-20250428-200000-001-V2-2285'],O-20250428-200000-001-V2-2284,,,,['V2_POS1_TP'],3038c495-08ce-4f64-994e-1f5a78f82c0b,1745870400000000000,1745878800000000000,,,,,1.14144,False,
O-20250429-013000-001-V2-2287,BACKTESTER-001,MLSignalStrategyV2-V2,EUR/USD.IDEALPRO,IDEALPRO-1-2287,EUR/USD.IDEALPRO-MLSignalStrategyV2-V2,IDEALPRO-001,IDEALPRO-1-238045,MARKET,SELL,100000.00,GTC,False,False,100000.00,TAKER,1.14033,0.0,['2.28 USD'],NO_TRIGGER,FILLED,OTO,OL-20250429-013000-001-V2-763,"['O-20250429-013000-001-V2-2288', 'O-20250429-013000-001-V2-2289']",,,,,['V2_POS1'],de619825-e6d6-4141-8ce0-66b6db2db0dd,1745890200000000000,1745890200000000000,,,,,,,
O-20250429-013000-001-V2-2288,BACKTESTER-001,MLSignalStrategyV2-V2,EUR/USD.IDEALPRO,IDEALPRO-1-2288,EUR/USD.IDEALPRO-MLSignalStrategyV2-V2,IDEALPRO-001,,STOP_MARKET,BUY,100000.00,GTC,True,False,0.00,NO_LIQUIDITY_SIDE,,,,NO_TRIGGER,CANCELED,OUO,OL-20250429-013000-001-V2-763,['O-20250429-013000-001-V2-2289'],O-20250429-013000-001-V2-2287,,,,['V2_POS1_SL'],69492887-3762-4d0f-89fb-e008b3a4ff9d,1745890200000000000,1745890860000000000,1.14089,DEFAULT,,,,,
O-20250429-013000-001-V2-2289,BACKTESTER-001,MLSignalStrategyV2-V2,EUR/USD.IDEALPRO,IDEALPRO-1-2289,EUR/USD.IDEALPRO-MLSignalStrategyV2-V2,IDEALPRO-001,IDEALPRO-1-238067,LIMIT,BUY,100000.00,GTC,True,False,100000.00,MAKER,1.13964,-0.00012999999999996348,['2.28 USD'],NO_TRIGGER,FILLED,OUO,OL-20250429-013000-001-V2-763,['O-20250429-013000-001-V2-2288'],O-20250429-013000-001-V2-2287,,,,['V2_POS1_TP'],ec3b0773-7b0f-4e02-8ccc-2a2827e75db8,1745890200000000000,1745890860000000000,,,,,1.13977,False,
O-20250429-014500-001-V2-2290,BACKTESTER-001,MLSignalStrategyV2-V2,EUR/USD.IDEALPRO,IDEALPRO-1-2290,EUR/USD.IDEALPRO-MLSignalStrategyV2-V2,IDEALPRO-001,IDEALPRO-1-238077,MARKET,SELL,100000.00,GTC,False,False,100000.00,TAKER,1.13965,0.0,['2.28 USD'],NO_TRIGGER,FILLED,OTO,OL-20250429-014500-001-V2-764,"['O-20250429-014500-001-V2-2291', 'O-20250429-014500-001-V2-2292']",,,,,['V2_POS1'],b5e81303-e64c-4de9-8e49-89c6f76ced30,1745891100000000000,1745891100000000000,,,,,,,
O-20250429-014500-001-V2-2291,BACKTESTER-001,MLSignalStrategyV2-V2,EUR/USD.IDEALPRO,IDEALPRO-1-2291,EUR/USD.IDEALPRO-MLSignalStrategyV2-V2,IDEALPRO-001,,STOP_MARKET,BUY,100000.00,GTC,True,False,0.00,NO_LIQUIDITY_SIDE,,,,NO_TRIGGER,CANCELED,OUO,OL-20250429-014500-001-V2-764,['O-20250429-014500-001-V2-2292'],O-20250429-014500-001-V2-2290,,,,['V2_POS1_SL'],1e82e55c-a303-4bcf-b09b-b412c36e3708,1745891100000000000,1745891460000000000,1.14022,DEFAULT,,,,,
O-20250429-014500-001-V2-2292,BACKTESTER-001,MLSignalStrategyV2-V2,EUR/USD.IDEALPRO,IDEALPRO-1-2292,EUR/USD.IDEALPRO-MLSignalStrategyV2-V2,IDEALPRO-001,IDEALPRO-1-238089,LIMIT,BUY,100000.00,GTC,True,False,100000.00,MAKER,1.13907,-1.0000000000065512e-05,['2.28 USD'],NO_TRIGGER,FILLED,OUO,OL-20250429-014500-001-V2-764,['O-20250429-014500-001-V2-2291'],O-20250429-014500-001-V2-2290,,,,['V2_POS1_TP'],df2ab079-6305-4d89-9310-b588d1d6f895,1745891100000000000,1745891460000000000,,,,,1.13908,False,
O-20250429-020000-001-V2-2293,BACKTESTER-001,MLSignalStrategyV2-V2,EUR/USD.IDEALPRO,IDEALPRO-1-2293,EUR/USD.IDEALPRO-MLSignalStrategyV2-V2,IDEALPRO-001,IDEALPRO-1-238109,MARKET,BUY,100000.00,GTC,False,False,100000.00,TAKER,1.13925,0.0,['2.28 USD'],NO_TRIGGER,FILLED,OTO,OL-20250429-020000-001-V2-765,"['O-20250429-020000-001-V2-2294', 'O-20250429-020000-001-V2-2295']",,,,,['V2_POS1'],c28ed115-9927-47fe-84a8-e00e71f5814d,1745892000000000000,1745892000000000000,,,,,,,
O-20250429-020000-001-V2-2294,BACKTESTER-001,MLSignalStrategyV2-V2,EUR/USD.IDEALPRO,IDEALPRO-1-2294,EUR/USD.IDEALPRO-MLSignalStrategyV2-V2,IDEALPRO-001,,STOP_MARKET,SELL,100000.00,GTC,True,False,0.00,NO_LIQUIDITY_SIDE,,,,NO_TRIGGER,CANCELED,OUO,OL-20250429-020000-001-V2-765,['O-20250429-020000-001-V2-2295'],O-20250429-020000-001-V2-2293,,,,['V2_POS1_SL'],0b4ee0c8-1287-4dc3-886b-101c57f6b657,1745892000000000000,1745892360000000000,1.13864,DEFAULT,,,,,
O-20250429-020000-001-V2-2295,BACKTESTER-001,MLSignalStrategyV2-V2,EUR/USD.IDEALPRO,IDEALPRO-1-2295,EUR/USD.IDEALPRO-MLSignalStrategyV2-V2,IDEALPRO-001,IDEALPRO-1-238121,LIMIT,SELL,100000.00,GTC,True,False,100000.00,MAKER,1.14,-0.00013999999999980695,['2.28 USD'],NO_TRIGGER,FILLED,OUO,OL-20250429-020000-001-V2-765,['O-20250429-020000-001-V2-2294'],O-20250429-020000-001-V2-2293,,,,['V2_POS1_TP'],05fb2815-61a4-488c-afcc-51fce4374193,1745892000000000000,1745892360000000000,,,,,1.13986,False,
O-20250429-021500-001-V2-2296,BACKTESTER-001,MLSignalStrategyV2-V2,EUR/USD.IDEALPRO,IDEALPRO-1-2296,EUR/USD.IDEALPRO-MLSignalStrategyV2-V2,IDEALPRO-001,IDEALPRO-1-238140,MARKET,BUY,100000.00,GTC,False,False,100000.00,TAKER,1.14194,0.0,['2.28 USD'],NO_TRIGGER,FILLED,OTO,OL-20250429-021500-001-V2-766,"['O-20250429-021500-001-V2-2297', 'O-20250429-021500-001-V2-2298']",,,,,['V2_POS1'],cb032abe-2c11-44ce-9b1c-c16873ad3035,1745892900000000000,1745892900000000000,,,,,,,
O-20250429-021500-001-V2-2297,BACKTESTER-001,MLSignalStrategyV2-V2,EUR/USD.IDEALPRO,IDEALPRO-1-2297,EUR/USD.IDEALPRO-MLSignalStrategyV2-V2,IDEALPRO-001,IDEALPRO-1-238153,STOP_MARKET,SELL,100000.00,GTC,True,False,100000.00,TAKER,1.1412,1.999999999990898e-05,['2.28 USD'],NO_TRIGGER,FILLED,OUO,OL-20250429-021500-001-V2-766,['O-20250429-021500-001-V2-2298'],O-20250429-021500-001-V2-2296,,,,['V2_POS1_SL'],6996608c-28b1-4ed7-a07d-812bea2b4e1b,1745892900000000000,1745893260000000000,1.14122,DEFAULT,,,,,
O-20250429-021500-001-V2-2298,BACKTESTER-001,MLSignalStrategyV2-V2,EUR/USD.IDEALPRO,IDEALPRO-1-2298,EUR/USD.IDEALPRO-MLSignalStrategyV2-V2,IDEALPRO-001,,LIMIT,SELL,100000.00,GTC,True,False,0.00,NO_LIQUIDITY_SIDE,,,,NO_TRIGGER,CANCELED,OUO,OL-20250429-021500-001-V2-766,['O-20250429-021500-001-V2-2297'],O-20250429-021500-001-V2-2296,,,,['V2_POS1_TP'],3fe228d7-fe8e-4137-8f89-422007d3c382,1745892900000000000,1745893260000000000,,,,,1.14266,False,
O-20250429-100000-001-V2-2299,BACKTESTER-001,MLSignalStrategyV2-V2,EUR/USD.IDEALPRO,IDEALPRO-1-2299,EUR/USD.IDEALPRO-MLSignalStrategyV2-V2,IDEALPRO-001,IDEALPRO-1-239072,MARKET,BUY,100000.00,GTC,False,False,100000.00,TAKER,1.13807,0.0,['2.28 USD'],NO_TRIGGER,FILLED,OTO,OL-20250429-100000-001-V2-767,"['O-20250429-100000-001-V2-2300', 'O-20250429-100000-001-V2-2301']",,,,,['V2_POS1'],524ff224-65a9-48f2-be77-a18f4460c06a,1745920800000000000,1745920800000000000,,,,,,,
O-20250429-100000-001-V2-2300,BACKTESTER-001,MLSignalStrategyV2-V2,EUR/USD.IDEALPRO,IDEALPRO-1-2300,EUR/USD.IDEALPRO-MLSignalStrategyV2-V2,IDEALPRO-001,IDEALPRO-1-239311,STOP_MARKET,SELL,100000.00,GTC,True,False,100000.00,TAKER,1.13711,0.00010999999999983245,['2.27 USD'],NO_TRIGGER,FILLED,OUO,OL-20250429-100000-001-V2-767,['O-20250429-100000-001-V2-2301'],O-20250429-100000-001-V2-2299,,,,['V2_POS1_SL'],fad0ad4d-1bac-49bf-870a-4ded45d73563,1745920800000000000,1745927940000000000,1.13722,DEFAULT,,,,,
O-20250429-100000-001-V2-2301,BACKTESTER-001,MLSignalStrategyV2-V2,EUR/USD.IDEALPRO,IDEALPRO-1-2301,EUR/USD.IDEALPRO-MLSignalStrategyV2-V2,IDEALPRO-001,,LIMIT,SELL,100000.00,GTC,True,False,0.00,NO_LIQUIDITY_SIDE,,,,NO_TRIGGER,CANCELED,OUO,OL-20250429-100000-001-V2-767,['O-20250429-100000-001-V2-2300'],O-20250429-100000-001-V2-2299,,,,['V2_POS1_TP'],2800c1d9-de5a-442d-bde9-f64343f82739,1745920800000000000,1745927940000000000,,,,,1.13890,False,
O-20250429-230000-001-V2-2302,BACKTESTER-001,MLSignalStrategyV2-V2,EUR/USD.IDEALPRO,IDEALPRO-1-2302,EUR/USD.IDEALPRO-MLSignalStrategyV2-V2,IDEALPRO-001,IDEALPRO-1-240604,MARKET,SELL,100000.00,GTC,False,False,100000.00,TAKER,1.13916,0.0,['2.28 USD'],NO_TRIGGER,FILLED,OTO,OL-20250429-230000-001-V2-768,"['O-20250429-230000-001-V2-2303', 'O-20250429-230000-001-V2-2304']",,,,,['V2_POS1'],e6ea899f-5835-482d-8490-69e45ec58934,1745967600000000000,1745967600000000000,,,,,,,
O-20250429-230000-001-V2-2303,BACKTESTER-001,MLSignalStrategyV2-V2,EUR/USD.IDEALPRO,IDEALPRO-1-2303,EUR/USD.IDEALPRO-MLSignalStrategyV2-V2,IDEALPRO-001,,STOP_MARKET,BUY,100000.00,GTC,True,False,0.00,NO_LIQUIDITY_SIDE,,,,NO_TRIGGER,CANCELED,OUO,OL-20250429-230000-001-V2-768,['O-20250429-230000-001-V2-2304'],O-20250429-230000-001-V2-2302,,,,['V2_POS1_SL'],45605456-432a-467f-98df-1a11ab1dbd5d,1745967600000000000,1745973780000000000,1.13975,DEFAULT,,,,,
O-20250429-230000-001-V2-2304,BACKTESTER-001,MLSignalStrategyV2-V2,EUR/USD.IDEALPRO,IDEALPRO-1-2304,EUR/USD.IDEALPRO-MLSignalStrategyV2-V2,IDEALPRO-001,IDEALPRO-1-240811,LIMIT,BUY,100000.00,GTC,True,False,100000.00,MAKER,1.13858,9.999999999843467e-06,['2.28 USD'],NO_TRIGGER,FILLED,OUO,OL-20250429-230000-001-V2-768,['O-20250429-230000-001-V2-2303'],O-20250429-230000-001-V2-2302,,,,['V2_POS1_TP'],c45d8310-9cd5-40fa-b1d0-e3bbc66ba695,1745967600000000000,1745973780000000000,,,,,1.13857,False,
O-20250430-020000-001-V2-2305,BACKTESTER-001,MLSignalStrategyV2-V2,EUR/USD.IDEALPRO,IDEALPRO-1-2305,EUR/USD.IDEALPRO-MLSignalStrategyV2-V2,IDEALPRO-001,IDEALPRO-1-240966,MARKET,BUY,100000.00,GTC,False,False,100000.00,TAKER,1.13587,0.0,['2.27 USD'],NO_TRIGGER,FILLED,OTO,OL-20250430-020000-001-V2-769,"['O-20250430-020000-001-V2-2306', 'O-20250430-020000-001-V2-2307']",,,,,['V2_POS1'],4f418ec2-45be-4d00-a25a-cdfce7e54835,1745978400000000000,1745978400000000000,,,,,,,
O-20250430-020000-001-V2-2306,BACKTESTER-001,MLSignalStrategyV2-V2,EUR/USD.IDEALPRO,IDEALPRO-1-2306,EUR/USD.IDEALPRO-MLSignalStrategyV2-V2,IDEALPRO-001,,STOP_MARKET,SELL,100000.00,GTC,True,False,0.00,NO_LIQUIDITY_SIDE,,,,NO_TRIGGER,CANCELED,OUO,OL-20250430-020000-001-V2-769,['O-20250430-020000-001-V2-2307'],O-20250430-020000-001-V2-2305,,,,['V2_POS1_SL'],10f961a7-b6fe-419f-82c9-c56a8a067709,1745978400000000000,1745979000000000000,1.13523,DEFAULT,,,,,
O-20250430-020000-001-V2-2307,BACKTESTER-001,MLSignalStrategyV2-V2,EUR/USD.IDEALPRO,IDEALPRO-1-2307,EUR/USD.IDEALPRO-MLSignalStrategyV2-V2,IDEALPRO-001,IDEALPRO-1-240987,LIMIT,SELL,100000.00,GTC,True,False,100000.00,MAKER,1.13662,-0.0001100000000000545,['2.27 USD'],NO_TRIGGER,FILLED,OUO,OL-20250430-020000-001-V2-769,['O-20250430-020000-001-V2-2306'],O-20250430-020000-001-V2-2305,,,,['V2_POS1_TP'],198a3d7e-7fa0-4469-888d-51195702e865,1745978400000000000,1745979000000000000,,,,,1.13651,False,
O-20250430-021500-001-V2-2308,BACKTESTER-001,MLSignalStrategyV2-V2,EUR/USD.IDEALPRO,IDEALPRO-1-2308,EUR/USD.IDEALPRO-MLSignalStrategyV2-V2,IDEALPRO-001,IDEALPRO-1-240998,MARKET,BUY,100000.00,GTC,False,False,100000.00,TAKER,1.1365,0.0,['2.27 USD'],NO_TRIGGER,FILLED,OTO,OL-20250430-021500-001-V2-770,"['O-20250430-021500-001-V2-2309', 'O-20250430-021500-001-V2-2310']",,,,,['V2_POS1'],6486f26c-d53a-400c-a86c-76d56ce92819,1745979300000000000,1745979300000000000,,,,,,,
O-20250430-021500-001-V2-2309,BACKTESTER-001,MLSignalStrategyV2-V2,EUR/USD.IDEALPRO,IDEALPRO-1-2309,EUR/USD.IDEALPRO-MLSignalStrategyV2-V2,IDEALPRO-001,,STOP_MARKET,SELL,100000.00,GTC,True,False,0.00,NO_LIQUIDITY_SIDE,,,,NO_TRIGGER,CANCELED,OUO,OL-20250430-021500-001-V2-770,['O-20250430-021500-001-V2-2310'],O-20250430-021500-001-V2-2308,,,,['V2_POS1_SL'],93f59ee6-de5f-47e9-9b0b-1bdfa18536a6,1745979300000000000,1745982060000000000,1.13574,DEFAULT,,,,,
O-20250430-021500-001-V2-2310,BACKTESTER-001,MLSignalStrategyV2-V2,EUR/USD.IDEALPRO,IDEALPRO-1-2310,EUR/USD.IDEALPRO-MLSignalStrategyV2-V2,IDEALPRO-001,IDEALPRO-1-241091,LIMIT,SELL,100000.00,GTC,True,False,100000.00,MAKER,1.13734,-8.000000000008001e-05,['2.27 USD'],NO_TRIGGER,FILLED,OUO,OL-20250430-021500-001-V2-770,['O-20250430-021500-001-V2-2309'],O-20250430-021500-001-V2-2308,,,,['V2_POS1_TP'],c5a573ec-ab93-4db4-a7fb-f6ea72287cde,1745979300000000000,1745982060000000000,,,,,1.13726,False,
O-20250430-031500-001-V2-2311,BACKTESTER-001,MLSignalStrategyV2-V2,EUR/USD.IDEALPRO,IDEALPRO-1-2311,EUR/USD.IDEALPRO-MLSignalStrategyV2-V2,IDEALPRO-001,IDEALPRO-1-241120,MARKET,BUY,100000.00,GTC,False,False,100000.00,TAKER,1.1375,0.0,['2.28 USD'],NO_TRIGGER,FILLED,OTO,OL-20250430-031500-001-V2-771,"['O-20250430-031500-001-V2-2312', 'O-20250430-031500-001-V2-2313']",,,,,['V2_POS1'],d26552d8-6160-423c-9b2c-3d7b6174f58c,1745982900000000000,1745982900000000000,,,,,,,
O-20250430-031500-001-V2-2312,BACKTESTER-001,MLSignalStrategyV2-V2,EUR/USD.IDEALPRO,IDEALPRO-1-2312,EUR/USD.IDEALPRO-MLSignalStrategyV2-V2,IDEALPRO-001,IDEALPRO-1-241177,STOP_MARKET,SELL,100000.00,GTC,True,False,100000.00,TAKER,1.13676,5.0000000000105516e-05,['2.27 USD'],NO_TRIGGER,FILLED,OUO,OL-20250430-031500-001-V2-771,['O-20250430-031500-001-V2-2313'],O-20250430-031500-001-V2-2311,,,,['V2_POS1_SL'],363b564a-5210-4516-a014-44e094a9ec39,1745982900000000000,1745984580000000000,1.13681,DEFAULT,,,,,
O-20250430-031500-001-V2-2313,BACKTESTER-001,MLSignalStrategyV2-V2,EUR/USD.IDEALPRO,IDEALPRO-1-2313,EUR/USD.IDEALPRO-MLSignalStrategyV2-V2,IDEALPRO-001,,LIMIT,SELL,100000.00,GTC,True,False,0.00,NO_LIQUIDITY_SIDE,,,,NO_TRIGGER,CANCELED,OUO,OL-20250430-031500-001-V2-771,['O-20250430-031500-001-V2-2312'],O-20250430-031500-001-V2-2311,,,,['V2_POS1_TP'],a66cf99c-6421-48fb-801f-e7e5d3621b86,1745982900000000000,1745984580000000000,,,,,1.13817,False,
O-20250430-073000-001-V2-2314,BACKTESTER-001,MLSignalStrategyV2-V2,EUR/USD.IDEALPRO,IDEALPRO-1-2314,EUR/USD.IDEALPRO-MLSignalStrategyV2-V2,IDEALPRO-001,IDEALPRO-1-241632,MARKET,BUY,100000.00,GTC,False,False,100000.00,TAKER,1.13806,0.0,['2.28 USD'],NO_TRIGGER,FILLED,OTO,OL-20250430-073000-001-V2-772,"['O-20250430-073000-001-V2-2315', 'O-20250430-073000-001-V2-2316']",,,,,['V2_POS1'],19862480-92be-4790-8d6b-1579cbd4864d,1745998200000000000,1745998200000000000,,,,,,,
O-20250430-073000-001-V2-2315,BACKTESTER-001,MLSignalStrategyV2-V2,EUR/USD.IDEALPRO,IDEALPRO-1-2315,EUR/USD.IDEALPRO-MLSignalStrategyV2-V2,IDEALPRO-001,IDEALPRO-1-241695,STOP_MARKET,SELL,100000.00,GTC,True,False,100000.00,TAKER,1.13693,0.00032999999999994145,['2.27 USD'],NO_TRIGGER,FILLED,OUO,OL-20250430-073000-001-V2-772,['O-20250430-073000-001-V2-2316'],O-20250430-073000-001-V2-2314,,,,['V2_POS1_SL'],ecbfe317-16bf-4ae2-aaee-122de9231007,1745998200000000000,1746000060000000000,1.13726,DEFAULT,,,,,
O-20250430-073000-001-V2-2316,BACKTESTER-001,MLSignalStrategyV2-V2,EUR/USD.IDEALPRO,IDEALPRO-1-2316,EUR/USD.IDEALPRO-MLSignalStrategyV2-V2,IDEALPRO-001,,LIMIT,SELL,100000.00,GTC,True,False,0.00,NO_LIQUIDITY_SIDE,,,,NO_TRIGGER,CANCELED,OUO,OL-20250430-073000-001-V2-772,['O-20250430-073000-001-V2-2315'],O-20250430-073000-001-V2-2314,,,,['V2_POS1_TP'],c857dc77-156c-4fad-89ee-07fd84da0b91,1745998200000000000,1746000060000000000,,,,,1.13884,False,
O-20250430-100000-001-V2-2317,BACKTESTER-001,MLSignalStrategyV2-V2,EUR/USD.IDEALPRO,IDEALPRO-1-2317,EUR/USD.IDEALPRO-MLSignalStrategyV2-V2,IDEALPRO-001,IDEALPRO-1-241935,MARKET,BUY,100000.00,GTC,False,False,100000.00,TAKER,1.13624,0.0,['2.27 USD'],NO_TRIGGER,FILLED,OTO,OL-20250430-100000-001-V2-773,"['O-20250430-100000-001-V2-2318', 'O-20250430-100000-001-V2-2319']",,,,,['V2_POS1'],876f2071-8aa1-4466-b67b-7b89f561342d,1746007200000000000,1746007200000000000,,,,,,,
O-20250430-100000-001-V2-2318,BACKTESTER-001,MLSignalStrategyV2-V2,EUR/USD.IDEALPRO,IDEALPRO-1-2318,EUR/USD.IDEALPRO-MLSignalStrategyV2-V2,IDEALPRO-001,,STOP_MARKET,SELL,100000.00,GTC,True,False,0.00,NO_LIQUIDITY_SIDE,,,,NO_TRIGGER,CANCELED,OUO,OL-20250430-100000-001-V2-773,['O-20250430-100000-001-V2-2319'],O-20250430-100000-001-V2-2317,,,,['V2_POS1_SL'],a741e07a-a6f4-49f8-a04c-f3061880ea27,1746007200000000000,1746012360000000000,1.13543,DEFAULT,,,,,
O-20250430-100000-001-V2-2319,BACKTESTER-001,MLSignalStrategyV2-V2,EUR/USD.IDEALPRO,IDEALPRO-1-2319,EUR/USD.IDEALPRO-MLSignalStrategyV2-V2,IDEALPRO-001,IDEALPRO-1-242107,LIMIT,SELL,100000.00,GTC,True,False,100000.00,MAKER,1.13712,-7.00000000000145e-05,['2.27 USD'],NO_TRIGGER,FILLED,OUO,OL-20250430-100000-001-V2-773,['O-20250430-100000-001-V2-2318'],O-20250430-100000-001-V2-2317,,,,['V2_POS1_TP'],90dd71e2-eb99-49e1-9540-077d246e9d18,1746007200000000000,1746012360000000000,,,,,1.13705,False,
O-20250430-200000-001-V2-2320,BACKTESTER-001,MLSignalStrategyV2-V2,EUR/USD.IDEALPRO,IDEALPRO-1-2320,EUR/USD.IDEALPRO-MLSignalStrategyV2-V2,IDEALPRO-001,IDEALPRO-1-243136,MARKET,BUY,100000.00,GTC,False,False,100000.00,TAKER,1.13299,0.0,['2.27 USD'],NO_TRIGGER,FILLED,OTO,OL-20250430-200000-001-V2-774,"['O-20250430-200000-001-V2-2321', 'O-20250430-200000-001-V2-2322']",,,,,['V2_POS1'],f2387134-d7cf-4b5d-9569-1f71b643b904,1746043200000000000,1746043200000000000,,,,,,,
O-20250430-200000-001-V2-2321,BACKTESTER-001,MLSignalStrategyV2-V2,EUR/USD.IDEALPRO,IDEALPRO-1-2321,EUR/USD.IDEALPRO-MLSignalStrategyV2-V2,IDEALPRO-001,IDEALPRO-1-243157,STOP_MARKET,SELL,100000.00,GTC,True,False,100000.00,TAKER,1.132,0.00021000000000004349,['2.26 USD'],NO_TRIGGER,FILLED,OUO,OL-20250430-200000-001-V2-774,['O-20250430-200000-001-V2-2322'],O-20250430-200000-001-V2-2320,,,,['V2_POS1_SL'],949ebc46-83f4-49bf-ae4d-526e95c84e9b,1746043200000000000,1746043800000000000,1.13221,DEFAULT,,,,,
O-20250430-200000-001-V2-2322,BACKTESTER-001,MLSignalStrategyV2-V2,EUR/USD.IDEALPRO,IDEALPRO-1-2322,EUR/USD.IDEALPRO-MLSignalStrategyV2-V2,IDEALPRO-001,,LIMIT,SELL,100000.00,GTC,True,False,0.00,NO_LIQUIDITY_SIDE,,,,NO_TRIGGER,CANCELED,OUO,OL-20250430-200000-001-V2-774,['O-20250430-200000-001-V2-2321'],O-20250430-200000-001-V2-2320,,,,['V2_POS1_TP'],e2e69847-65e0-4cc4-bd66-7131ae2ae140,1746043200000000000,1746043800000000000,,,,,1.13377,False,
O-20250430-201500-001-V2-2323,BACKTESTER-001,MLSignalStrategyV2-V2,EUR/USD.IDEALPRO,IDEALPRO-1-2323,EUR/USD.IDEALPRO-MLSignalStrategyV2-V2,IDEALPRO-001,IDEALPRO-1-243168,MARKET,BUY,100000.00,GTC,False,False,100000.00,TAKER,1.13215,0.0,['2.26 USD'],NO_TRIGGER,FILLED,OTO,OL-20250430-201500-001-V2-775,"['O-20250430-201500-001-V2-2324', 'O-20250430-201500-001-V2-2325']",,,,,['V2_POS1'],360cffa5-4721-41cc-a5cf-f1788472f396,1746044100000000000,1746044100000000000,,,,,,,
O-20250430-201500-001-V2-2324,BACKTESTER-001,MLSignalStrategyV2-V2,EUR/USD.IDEALPRO,IDEALPRO-1-2324,EUR/USD.IDEALPRO-MLSignalStrategyV2-V2,IDEALPRO-001,,STOP_MARKET,SELL,100000.00,GTC,True,False,0.00,NO_LIQUIDITY_SIDE,,,,NO_TRIGGER,CANCELED,OUO,OL-20250430-201500-001-V2-775,['O-20250430-201500-001-V2-2325'],O-20250430-201500-001-V2-2323,,,,['V2_POS1_SL'],b76c9bb2-a27a-4497-8c93-2f5181ded133,1746044100000000000,1746046740000000000,1.13135,DEFAULT,,,,,
O-20250430-201500-001-V2-2325,BACKTESTER-001,MLSignalStrategyV2-V2,EUR/USD.IDEALPRO,IDEALPRO-1-2325,EUR/USD.IDEALPRO-MLSignalStrategyV2-V2,IDEALPRO-001,IDEALPRO-1-243257,LIMIT,SELL,100000.00,GTC,True,False,100000.00,MAKER,1.13299,-4.0000000000040004e-05,['2.27 USD'],NO_TRIGGER,FILLED,OUO,OL-20250430-201500-001-V2-775,['O-20250430-201500-001-V2-2324'],O-20250430-201500-001-V2-2323,,,,['V2_POS1_TP'],bfa43cc9-653b-42b1-a5f9-c51b01703372,1746044100000000000,1746046740000000000,,,,,1.13295,False,
O-20250430-213000-001-V2-2326,BACKTESTER-001,MLSignalStrategyV2-V2,EUR/USD.IDEALPRO,IDEALPRO-1-2326,EUR/USD.IDEALPRO-MLSignalStrategyV2-V2,IDEALPRO-001,IDEALPRO-1-243290,MARKET,BUY,100000.00,GTC,False,False,100000.00,TAKER,1.13292,0.0,['2.27 USD'],NO_TRIGGER,FILLED,OTO,OL-20250430-213000-001-V2-776,"['O-20250430-213000-001-V2-2327', 'O-20250430-213000-001-V2-2328']",,,,,['V2_POS1'],49cbffa3-b0cd-49d5-8bf9-fc67aab98c27,1746048600000000000,1746048600000000000,,,,,,,
O-20250430-213000-001-V2-2327,BACKTESTER-001,MLSignalStrategyV2-V2,EUR/USD.IDEALPRO,IDEALPRO-1-2327,EUR/USD.IDEALPRO-MLSignalStrategyV2-V2,IDEALPRO-001,IDEALPRO-1-243391,STOP_MARKET,SELL,100000.00,GTC,True,False,100000.00,TAKER,1.13223,9.999999999843467e-06,['2.26 USD'],NO_TRIGGER,FILLED,OUO,OL-20250430-213000-001-V2-776,['O-20250430-213000-001-V2-2328'],O-20250430-213000-001-V2-2326,,,,['V2_POS1_SL'],c1528b82-a0bb-4482-9d92-6986bc6644ce,1746048600000000000,1746051600000000000,1.13224,DEFAULT,,,,,
O-20250430-213000-001-V2-2328,BACKTESTER-001,MLSignalStrategyV2-V2,EUR/USD.IDEALPRO,IDEALPRO-1-2328,EUR/USD.IDEALPRO-MLSignalStrategyV2-V2,IDEALPRO-001,,LIMIT,SELL,100000.00,GTC,True,False,0.00,NO_LIQUIDITY_SIDE,,,,NO_TRIGGER,CANCELED,OUO,OL-20250430-213000-001-V2-776,['O-20250430-213000-001-V2-2327'],O-20250430-213000-001-V2-2326,,,,['V2_POS1_TP'],96dc1427-4211-43a3-961f-bfa047bb0875,1746048600000000000,1746051600000000000,,,,,1.13360,False,
O-20250430-223000-001-V2-2329,BACKTESTER-001,MLSignalStrategyV2-V2,EUR/USD.IDEALPRO,IDEALPRO-1-2329,EUR/USD.IDEALPRO-MLSignalStrategyV2-V2,IDEALPRO-001,IDEALPRO-1-243412,MARKET,BUY,100000.00,GTC,False,False,100000.00,TAKER,1.13239,0.0,['2.26 USD'],NO_TRIGGER,FILLED,OTO,OL-20250430-223000-001-V2-777,"['O-20250430-223000-001-V2-2330', 'O-20250430-223000-001-V2-2331']",,,,,['V2_POS1'],ce67bc03-955b-48d1-9ef3-bcb8c6912a42,1746052200000000000,1746052200000000000,,,,,,,
O-20250430-223000-001-V2-2330,BACKTESTER-001,MLSignalStrategyV2-V2,EUR/USD.IDEALPRO,IDEALPRO-1-2330,EUR/USD.IDEALPRO-MLSignalStrategyV2-V2,IDEALPRO-001,,STOP_MARKET,SELL,100000.00,GTC,True,False,0.00,NO_LIQUIDITY_SIDE,,,,NO_TRIGGER,CANCELED,OUO,OL-20250430-223000-001-V2-777,['O-20250430-223000-001-V2-2331'],O-20250430-223000-001-V2-2329,,,,['V2_POS1_SL'],fee5dfe7-661e-4ccc-9532-512220b79c81,1746052200000000000,1746058800000000000,1.13187,DEFAULT,,,,,
O-20250430-223000-001-V2-2331,BACKTESTER-001,MLSignalStrategyV2-V2,EUR/USD.IDEALPRO,IDEALPRO-1-2331,EUR/USD.IDEALPRO-MLSignalStrategyV2-V2,IDEALPRO-001,IDEALPRO-1-243633,LIMIT,SELL,100000.00,GTC,True,False,100000.00,MAKER,1.13289,0.0,['2.27 USD'],NO_TRIGGER,FILLED,OUO,OL-20250430-223000-001-V2-777,['O-20250430-223000-001-V2-2330'],O-20250430-223000-001-V2-2329,,,,['V2_POS1_TP'],1e98743f-5609-453f-8009-de691a08249a,1746052200000000000,1746058800000000000,,,,,1.13289,False,
O-20250501-003000-001-V2-2332,BACKTESTER-001,MLSignalStrategyV2-V2,EUR/USD.IDEALPRO,IDEALPRO-1-2332,EUR/USD.IDEALPRO-MLSignalStrategyV2-V2,IDEALPRO-001,IDEALPRO-1-243655,MARKET,SELL,100000.00,GTC,False,False,100000.00,TAKER,1.13285,0.0,['2.27 USD'],NO_TRIGGER,FILLED,OTO,OL-20250501-003000-001-V2-778,"['O-20250501-003000-001-V2-2333', 'O-20250501-003000-001-V2-2334']",,,,,['V2_POS1'],a86ed185-95b8-4cf4-9da9-43f89d519589,1746059400000000000,1746059400000000000,,,,,,,
O-20250501-003000-001-V2-2333,BACKTESTER-001,MLSignalStrategyV2-V2,EUR/USD.IDEALPRO,IDEALPRO-1-2333,EUR/USD.IDEALPRO-MLSignalStrategyV2-V2,IDEALPRO-001,,STOP_MARKET,BUY,100000.00,GTC,True,False,0.00,NO_LIQUIDITY_SIDE,,,,NO_TRIGGER,CANCELED,OUO,OL-20250501-003000-001-V2-778,['O-20250501-003000-001-V2-2334'],O-20250501-003000-001-V2-2332,,,,['V2_POS1_SL'],998b60f7-384e-4a6a-82c6-28ab4cfa3d77,1746059400000000000,1746059820000000000,1.13327,DEFAULT,,,,,
O-20250501-003000-001-V2-2334,BACKTESTER-001,MLSignalStrategyV2-V2,EUR/USD.IDEALPRO,IDEALPRO-1-2334,EUR/USD.IDEALPRO-MLSignalStrategyV2-V2,IDEALPRO-001,IDEALPRO-1-243669,LIMIT,BUY,100000.00,GTC,True,False,100000.00,MAKER,1.13225,-0.000180000000000069,['2.26 USD'],NO_TRIGGER,FILLED,OUO,OL-20250501-003000-001-V2-778,['O-20250501-003000-001-V2-2333'],O-20250501-003000-001-V2-2332,,,,['V2_POS1_TP'],eb3519ab-0034-4692-b52f-8e42773d4e57,1746059400000000000,1746059820000000000,,,,,1.13243,False,
O-20250501-034500-001-V2-2335,BACKTESTER-001,MLSignalStrategyV2-V2,EUR/USD.IDEALPRO,IDEALPRO-1-2335,EUR/USD.IDEALPRO-MLSignalStrategyV2-V2,IDEALPRO-001,IDEALPRO-1-244046,MARKET,BUY,100000.00,GTC,False,False,100000.00,TAKER,1.13016,0.0,['2.26 USD'],NO_TRIGGER,FILLED,OTO,OL-20250501-034500-001-V2-779,"['O-20250501-034500-001-V2-2336', 'O-20250501-034500-001-V2-2337']",,,,,['V2_POS1'],967b2094-31be-4b4a-a367-7fd4be18814b,1746071100000000000,1746071100000000000,,,,,,,
O-20250501-034500-001-V2-2336,BACKTESTER-001,MLSignalStrategyV2-V2,EUR/USD.IDEALPRO,IDEALPRO-1-2336,EUR/USD.IDEALPRO-MLSignalStrategyV2-V2,IDEALPRO-001,,STOP_MARKET,SELL,100000.00,GTC,True,False,0.00,NO_LIQUIDITY_SIDE,,,,NO_TRIGGER,CANCELED,OUO,OL-20250501-034500-001-V2-779,['O-20250501-034500-001-V2-2337'],O-20250501-034500-001-V2-2335,,,,['V2_POS1_SL'],3c985123-1ce7-48b9-b924-fc028a08a234,1746071100000000000,1746071280000000000,1.12963,DEFAULT,,,,,
O-20250501-034500-001-V2-2337,BACKTESTER-001,MLSignalStrategyV2-V2,EUR/USD.IDEALPRO,IDEALPRO-1-2337,EUR/USD.IDEALPRO-MLSignalStrategyV2-V2,IDEALPRO-001,IDEALPRO-1-244053,LIMIT,SELL,100000.00,GTC,True,False,100000.00,MAKER,1.13074,-5.0000000000105516e-05,['2.26 USD'],NO_TRIGGER,FILLED,OUO,OL-20250501-034500-001-V2-779,['O-20250501-034500-001-V2-2336'],O-20250501-034500-001-V2-2335,,,,['V2_POS1_TP'],72d076cc-a94e-4638-be74-8995c8c9c52c,1746071100000000000,1746071280000000000,,,,,1.13069,False,
O-20250501-091500-001-V2-2338,BACKTESTER-001,MLSignalStrategyV2-V2,EUR/USD.IDEALPRO,IDEALPRO-1-2338,EUR/USD.IDEALPRO-MLSignalStrategyV2-V2,IDEALPRO-001,IDEALPRO-1-244708,MARKET,BUY,100000.00,GTC,False,False,100000.00,TAKER,1.13169,0.0,['2.26 USD'],NO_TRIGGER,FILLED,OTO,OL-20250501-091500-001-V2-780,"['O-20250501-091500-001-V2-2339', 'O-20250501-091500-001-V2-2340']",,,,,['V2_POS1'],bdd6fedd-56ab-4bae-bbf5-9f18479b033f,1746090900000000000,1746090900000000000,,,,,,,
O-20250501-091500-001-V2-2339,BACKTESTER-001,MLSignalStrategyV2-V2,EUR/USD.IDEALPRO,IDEALPRO-1-2339,EUR/USD.IDEALPRO-MLSignalStrategyV2-V2,IDEALPRO-001,,STOP_MARKET,SELL,100000.00,GTC,True,False,0.00,NO_LIQUIDITY_SIDE,,,,NO_TRIGGER,CANCELED,OUO,OL-20250501-091500-001-V2-780,['O-20250501-091500-001-V2-2340'],O-20250501-091500-001-V2-2338,,,,['V2_POS1_SL'],f55ff5a3-21af-4943-8067-4ca00124db11,1746090900000000000,1746091500000000000,1.13091,DEFAULT,,,,,
O-20250501-091500-001-V2-2340,BACKTESTER-001,MLSignalStrategyV2-V2,EUR/USD.IDEALPRO,IDEALPRO-1-2340,EUR/USD.IDEALPRO-MLSignalStrategyV2-V2,IDEALPRO-001,IDEALPRO-1-244729,LIMIT,SELL,100000.00,GTC,True,False,100000.00,MAKER,1.13247,0.0,['2.26 USD'],NO_TRIGGER,FILLED,OUO,OL-20250501-091500-001-V2-780,['O-20250501-091500-001-V2-2339'],O-20250501-091500-001-V2-2338,,,,['V2_POS1_TP'],77e9e8e5-848f-44be-beb7-620ca4348b2c,1746090900000000000,1746091500000000000,,,,,1.13247,False,
O-20250501-100000-001-V2-2341,BACKTESTER-001,MLSignalStrategyV2-V2,EUR/USD.IDEALPRO,IDEALPRO-1-2341,EUR/USD.IDEALPRO-MLSignalStrategyV2-V2,IDEALPRO-001,IDEALPRO-1-244800,MARKET,SELL,100000.00,GTC,False,False,100000.00,TAKER,1.13144,0.0,['2.26 USD'],NO_TRIGGER,FILLED,OTO,OL-20250501-100000-001-V2-781,"['O-20250501-100000-001-V2-2342', 'O-20250501-100000-001-V2-2343']",,,,,['V2_POS1'],b82d6474-c35c-4b8a-9641-bb7e6aad2768,1746093600000000000,1746093600000000000,,,,,,,
O-20250501-100000-001-V2-2342,BACKTESTER-001,MLSignalStrategyV2-V2,EUR/USD.IDEALPRO,IDEALPRO-1-2342,EUR/USD.IDEALPRO-MLSignalStrategyV2-V2,IDEALPRO-001,IDEALPRO-1-244821,STOP_MARKET,BUY,100000.00,GTC,True,False,100000.00,TAKER,1.1325,0.0003300000000001635,['2.27 USD'],NO_TRIGGER,FILLED,OUO,OL-20250501-100000-001-V2-781,['O-20250501-100000-001-V2-2343'],O-20250501-100000-001-V2-2341,,,,['V2_POS1_SL'],f096d7a6-c092-48ee-8bd8-ed53d2c466a4,1746093600000000000,1746094200000000000,1.13217,DEFAULT,,,,,
O-20250501-100000-001-V2-2343,BACKTESTER-001,MLSignalStrategyV2-V2,EUR/USD.IDEALPRO,IDEALPRO-1-2343,EUR/USD.IDEALPRO-MLSignalStrategyV2-V2,IDEALPRO-001,,LIMIT,BUY,100000.00,GTC,True,False,0.00,NO_LIQUIDITY_SIDE,,,,NO_TRIGGER,CANCELED,OUO,OL-20250501-100000-001-V2-781,['O-20250501-100000-001-V2-2342'],O-20250501-100000-001-V2-2341,,,,['V2_POS1_TP'],93076675-73a6-42fe-9b38-a542a9cab180,1746093600000000000,1746094200000000000,,,,,1.13071,False,
O-20250501-124500-001-V2-2344,BACKTESTER-001,MLSignalStrategyV2-V2,EUR/USD.IDEALPRO,IDEALPRO-1-2344,EUR/USD.IDEALPRO-MLSignalStrategyV2-V2,IDEALPRO-001,IDEALPRO-1-245133,MARKET,SELL,100000.00,GTC,False,False,100000.00,TAKER,1.13172,0.0,['2.26 USD'],NO_TRIGGER,FILLED,OTO,OL-20250501-124500-001-V2-782,"['O-20250501-124500-001-V2-2345', 'O-20250501-124500-001-V2-2346']",,,,,['V2_POS1'],f35830a9-cf7e-4632-aa69-ee5f031c74b1,1746103500000000000,1746103500000000000,,,,,,,
O-20250501-124500-001-V2-2345,BACKTESTER-001,MLSignalStrategyV2-V2,EUR/USD.IDEALPRO,IDEALPRO-1-2345,EUR/USD.IDEALPRO-MLSignalStrategyV2-V2,IDEALPRO-001,IDEALPRO-1-245189,STOP_MARKET,BUY,100000.00,GTC,True,False,100000.00,TAKER,1.13278,9.999999999998899e-05,['2.27 USD'],NO_TRIGGER,FILLED,OUO,OL-20250501-124500-001-V2-782,['O-20250501-124500-001-V2-2346'],O-20250501-124500-001-V2-2344,,,,['V2_POS1_SL'],ed12ba53-f63a-467e-9339-5195dabdf5eb,1746103500000000000,1746105180000000000,1.13268,DEFAULT,,,,,
O-20250501-124500-001-V2-2346,BACKTESTER-001,MLSignalStrategyV2-V2,EUR/USD.IDEALPRO,IDEALPRO-1-2346,EUR/USD.IDEALPRO-MLSignalStrategyV2-V2,IDEALPRO-001,,LIMIT,BUY,100000.00,GTC,True,False,0.00,NO_LIQUIDITY_SIDE,,,,NO_TRIGGER,CANCELED,OUO,OL-20250501-124500-001-V2-782,['O-20250501-124500-001-V2-2345'],O-20250501-124500-001-V2-2344,,,,['V2_POS1_TP'],bd908fa5-252a-4012-bdbf-6801a331ab32,1746103500000000000,1746105180000000000,,,,,1.13076,False,
O-20250501-150000-001-V2-2347,BACKTESTER-001,MLSignalStrategyV2-V2,EUR/USD.IDEALPRO,IDEALPRO-1-2347,EUR/USD.IDEALPRO-MLSignalStrategyV2-V2,IDEALPRO-001,IDEALPRO-1-245404,MARKET,BUY,100000.00,GTC,False,False,100000.00,TAKER,1.12818,0.0,['2.26 USD'],NO_TRIGGER,FILLED,OTO,OL-20250501-150000-001-V2-783,"['O-20250501-150000-001-V2-2348', 'O-20250501-150000-001-V2-2349']",,,,,['V2_POS1'],3377edd1-9114-4338-bd19-b996e3bd9879,1746111600000000000,1746111600000000000,,,,,,,
O-20250501-150000-001-V2-2348,BACKTESTER-001,MLSignalStrategyV2-V2,EUR/USD.IDEALPRO,IDEALPRO-1-2348,EUR/USD.IDEALPRO-MLSignalStrategyV2-V2,IDEALPRO-001,IDEALPRO-1-245483,STOP_MARKET,SELL,100000.00,GTC,True,False,100000.00,TAKER,1.12709,2.0000000000131024e-05,['2.25 USD'],NO_TRIGGER,FILLED,OUO,OL-20250501-150000-001-V2-783,['O-20250501-150000-001-V2-2349'],O-20250501-150000-001-V2-2347,,,,['V2_POS1_SL'],9726be11-d52a-416e-9762-fac23f0ba2b9,1746111600000000000,1746113940000000000,1.12711,DEFAULT,,,,,
O-20250501-150000-001-V2-2349,BACKTESTER-001,MLSignalStrategyV2-V2,EUR/USD.IDEALPRO,IDEALPRO-1-2349,EUR/USD.IDEALPRO-MLSignalStrategyV2-V2,IDEALPRO-001,,LIMIT,SELL,100000.00,GTC,True,False,0.00,NO_LIQUIDITY_SIDE,,,,NO_TRIGGER,CANCELED,OUO,OL-20250501-150000-001-V2-783,['O-20250501-150000-001-V2-2348'],O-20250501-150000-001-V2-2347,,,,['V2_POS1_TP'],dc078841-012d-46b5-b363-6b05a60b3cd2,1746111600000000000,1746113940000000000,,,,,1.12923,False,
O-20250501-154500-001-V2-2350,BACKTESTER-001,MLSignalStrategyV2-V2,EUR/USD.IDEALPRO,IDEALPRO-1-2350,EUR/USD.IDEALPRO-MLSignalStrategyV2-V2,IDEALPRO-001,IDEALPRO-1-245496,MARKET,BUY,100000.00,GTC,False,False,100000.00,TAKER,1.12679,0.0,['2.25 USD'],NO_TRIGGER,FILLED,OTO,OL-20250501-154500-001-V2-784,"['O-20250501-154500-001-V2-2351', 'O-20250501-154500-001-V2-2352']",,,,,['V2_POS1'],563b6265-2822-4196-b65e-6011882c1f14,1746114300000000000,1746114300000000000,,,,,,,
O-20250501-154500-001-V2-2351,BACKTESTER-001,MLSignalStrategyV2-V2,EUR/USD.IDEALPRO,IDEALPRO-1-2351,EUR/USD.IDEALPRO-MLSignalStrategyV2-V2,IDEALPRO-001,,STOP_MARKET,SELL,100000.00,GTC,True,False,0.00,NO_LIQUIDITY_SIDE,,,,NO_TRIGGER,CANCELED,OUO,OL-20250501-154500-001-V2-784,['O-20250501-154500-001-V2-2352'],O-20250501-154500-001-V2-2350,,,,['V2_POS1_SL'],1f67a7e6-0add-4847-bd05-8fa4b45334e1,1746114300000000000,1746115200000000000,1.12568,DEFAULT,,,,,
O-20250501-154500-001-V2-2352,BACKTESTER-001,MLSignalStrategyV2-V2,EUR/USD.IDEALPRO,IDEALPRO-1-2352,EUR/USD.IDEALPRO-MLSignalStrategyV2-V2,IDEALPRO-001,IDEALPRO-1-245527,LIMIT,SELL,100000.00,GTC,True,False,100000.00,MAKER,1.12802,-0.00012000000000012001,['2.26 USD'],NO_TRIGGER,FILLED,OUO,OL-20250501-154500-001-V2-784,['O-20250501-154500-001-V2-2351'],O-20250501-154500-001-V2-2350,,,,['V2_POS1_TP'],2547a12e-e619-418e-971f-978658e90bc2,1746114300000000000,1746115200000000000,,,,,1.12790,False,
O-20250501-183000-001-V2-2353,BACKTESTER-001,MLSignalStrategyV2-V2,EUR/USD.IDEALPRO,IDEALPRO-1-2353,EUR/USD.IDEALPRO-MLSignalStrategyV2-V2,IDEALPRO-001,IDEALPRO-1-245828,MARKET,BUY,100000.00,GTC,False,False,100000.00,TAKER,1.12805,0.0,['2.26 USD'],NO_TRIGGER,FILLED,OTO,OL-20250501-183000-001-V2-785,"['O-20250501-183000-001-V2-2354', 'O-20250501-183000-001-V2-2355']",,,,,['V2_POS1'],c53195f9-bd12-4275-9d94-663ad55c469c,1746124200000000000,1746124200000000000,,,,,,,
O-20250501-183000-001-V2-2354,BACKTESTER-001,MLSignalStrategyV2-V2,EUR/USD.IDEALPRO,IDEALPRO-1-2354,EUR/USD.IDEALPRO-MLSignalStrategyV2-V2,IDEALPRO-001,,STOP_MARKET,SELL,100000.00,GTC,True,False,0.00,NO_LIQUIDITY_SIDE,,,,NO_TRIGGER,CANCELED,OUO,OL-20250501-183000-001-V2-785,['O-20250501-183000-001-V2-2355'],O-20250501-183000-001-V2-2353,,,,['V2_POS1_SL'],459cbe57-75a0-4f75-84e8-6b145597f1b1,1746124200000000000,1746125040000000000,1.12726,DEFAULT,,,,,
O-20250501-183000-001-V2-2355,BACKTESTER-001,MLSignalStrategyV2-V2,EUR/USD.IDEALPRO,IDEALPRO-1-2355,EUR/USD.IDEALPRO-MLSignalStrategyV2-V2,IDEALPRO-001,IDEALPRO-1-245857,LIMIT,SELL,100000.00,GTC,True,False,100000.00,MAKER,1.12905,-0.00021000000000004349,['2.26 USD'],NO_TRIGGER,FILLED,OUO,OL-20250501-183000-001-V2-785,['O-20250501-183000-001-V2-2354'],O-20250501-183000-001-V2-2353,,,,['V2_POS1_TP'],4dd0790e-3352-4de7-9471-b13d144a4cf4,1746124200000000000,1746125040000000000,,,,,1.12884,False,
O-20250501-230000-001-V2-2356,BACKTESTER-001,MLSignalStrategyV2-V2,EUR/USD.IDEALPRO,IDEALPRO-1-2356,EUR/USD.IDEALPRO-MLSignalStrategyV2-V2,IDEALPRO-001,IDEALPRO-1-246340,MARKET,BUY,100000.00,GTC,False,False,100000.00,TAKER,1.12952,0.0,['2.26 USD'],NO_TRIGGER,FILLED,OTO,OL-20250501-230000-001-V2-786,"['O-20250501-230000-001-V2-2357', 'O-20250501-230000-001-V2-2358']",,,,,['V2_POS1'],b58408bf-6493-4486-930b-c3b10faf0802,1746140400000000000,1746140400000000000,,,,,,,
O-20250501-230000-001-V2-2357,BACKTESTER-001,MLSignalStrategyV2-V2,EUR/USD.IDEALPRO,IDEALPRO-1-2357,EUR/USD.IDEALPRO-MLSignalStrategyV2-V2,IDEALPRO-001,IDEALPRO-1-246485,STOP_MARKET,SELL,100000.00,GTC,True,False,100000.00,TAKER,1.12909,0.0,['2.26 USD'],NO_TRIGGER,FILLED,OUO,OL-20250501-230000-001-V2-786,['O-20250501-230000-001-V2-2358'],O-20250501-230000-001-V2-2356,,,,['V2_POS1_SL'],8aee2fdc-b2c8-4f9f-94b9-a0dadd31cdf4,1746140400000000000,1746144720000000000,1.12909,DEFAULT,,,,,
O-20250501-230000-001-V2-2358,BACKTESTER-001,MLSignalStrategyV2-V2,EUR/USD.IDEALPRO,IDEALPRO-1-2358,EUR/USD.IDEALPRO-MLSignalStrategyV2-V2,IDEALPRO-001,,LIMIT,SELL,100000.00,GTC,True,False,0.00,NO_LIQUIDITY_SIDE,,,,NO_TRIGGER,CANCELED,OUO,OL-20250501-230000-001-V2-786,['O-20250501-230000-001-V2-2357'],O-20250501-230000-001-V2-2356,,,,['V2_POS1_TP'],79bf8f17-c0c3-426c-9145-5ca236a5dceb,1746140400000000000,1746144720000000000,,,,,1.12995,False,
O-20250502-011500-001-V2-2359,BACKTESTER-001,MLSignalStrategyV2-V2,EUR/USD.IDEALPRO,IDEALPRO-1-2359,EUR/USD.IDEALPRO-MLSignalStrategyV2-V2,IDEALPRO-001,IDEALPRO-1-246612,MARKET,BUY,100000.00,GTC,False,False,100000.00,TAKER,1.12866,0.0,['2.26 USD'],NO_TRIGGER,FILLED,OTO,OL-20250502-011500-001-V2-787,"['O-20250502-011500-001-V2-2360', 'O-20250502-011500-001-V2-2361']",,,,,['V2_POS1'],c39f9de4-4af9-4853-8104-bc415d551009,1746148500000000000,1746148500000000000,,,,,,,
O-20250502-011500-001-V2-2360,BACKTESTER-001,MLSignalStrategyV2-V2,EUR/USD.IDEALPRO,IDEALPRO-1-2360,EUR/USD.IDEALPRO-MLSignalStrategyV2-V2,IDEALPRO-001,IDEALPRO-1-246645,STOP_MARKET,SELL,100000.00,GTC,True,False,100000.00,TAKER,1.12808,4.0000000000040004e-05,['2.26 USD'],NO_TRIGGER,FILLED,OUO,OL-20250502-011500-001-V2-787,['O-20250502-011500-001-V2-2361'],O-20250502-011500-001-V2-2359,,,,['V2_POS1_SL'],23eaeb12-6029-4a10-929e-6db46216e955,1746148500000000000,1746149460000000000,1.12812,DEFAULT,,,,,
O-20250502-011500-001-V2-2361,BACKTESTER-001,MLSignalStrategyV2-V2,EUR/USD.IDEALPRO,IDEALPRO-1-2361,EUR/USD.IDEALPRO-MLSignalStrategyV2-V2,IDEALPRO-001,,LIMIT,SELL,100000.00,GTC,True,False,0.00,NO_LIQUIDITY_SIDE,,,,NO_TRIGGER,CANCELED,OUO,OL-20250502-011500-001-V2-787,['O-20250502-011500-001-V2-2360'],O-20250502-011500-001-V2-2359,,,,['V2_POS1_TP'],91292ca4-31d6-4855-9a91-8cf4d7452dfa,1746148500000000000,1746149460000000000,,,,,1.12920,False,
O-20250502-014500-001-V2-2362,BACKTESTER-001,MLSignalStrategyV2-V2,EUR/USD.IDEALPRO,IDEALPRO-1-2362,EUR/USD.IDEALPRO-MLSignalStrategyV2-V2,IDEALPRO-001,IDEALPRO-1-246674,MARKET,BUY,100000.00,GTC,False,False,100000.00,TAKER,1.12864,0.0,['2.26 USD'],NO_TRIGGER,FILLED,OTO,OL-20250502-014500-001-V2-788,"['O-20250502-014500-001-V2-2363', 'O-20250502-014500-001-V2-2364']",,,,,['V2_POS1'],ceeebb58-cf9b-4a63-a5e8-854551a9ace0,1746150300000000000,1746150300000000000,,,,,,,
O-20250502-014500-001-V2-2363,BACKTESTER-001,MLSignalStrategyV2-V2,EUR/USD.IDEALPRO,IDEALPRO-1-2363,EUR/USD.IDEALPRO-MLSignalStrategyV2-V2,IDEALPRO-001,,STOP_MARKET,SELL,100000.00,GTC,True,False,0.00,NO_LIQUIDITY_SIDE,,,,NO_TRIGGER,CANCELED,OUO,OL-20250502-014500-001-V2-788,['O-20250502-014500-001-V2-2364'],O-20250502-014500-001-V2-2362,,,,['V2_POS1_SL'],3f16a780-ac78-48ca-8d11-c2ad3aceb386,1746150300000000000,1746150600000000000,1.12810,DEFAULT,,,,,
O-20250502-014500-001-V2-2364,BACKTESTER-001,MLSignalStrategyV2-V2,EUR/USD.IDEALPRO,IDEALPRO-1-2364,EUR/USD.IDEALPRO-MLSignalStrategyV2-V2,IDEALPRO-001,IDEALPRO-1-246685,LIMIT,SELL,100000.00,GTC,True,False,100000.00,MAKER,1.12918,0.0,['2.26 USD'],NO_TRIGGER,FILLED,OUO,OL-20250502-014500-001-V2-788,['O-20250502-014500-001-V2-2363'],O-20250502-014500-001-V2-2362,,,,['V2_POS1_TP'],2951f63d-33b5-49ed-ba34-a480e3a94f2e,1746150300000000000,1746150600000000000,,,,,1.12918,False,
O-20250502-033000-001-V2-2365,BACKTESTER-001,MLSignalStrategyV2-V2,EUR/USD.IDEALPRO,IDEALPRO-1-2365,EUR/USD.IDEALPRO-MLSignalStrategyV2-V2,IDEALPRO-001,IDEALPRO-1-246886,MARKET,BUY,100000.00,GTC,False,False,100000.00,TAKER,1.13081,0.0,['2.26 USD'],NO_TRIGGER,FILLED,OTO,OL-20250502-033000-001-V2-789,"['O-20250502-033000-001-V2-2366', 'O-20250502-033000-001-V2-2367']",,,,,['V2_POS1'],af449178-83d4-4d9b-b3d0-ccd6f07b1288,1746156600000000000,1746156600000000000,,,,,,,
O-20250502-033000-001-V2-2366,BACKTESTER-001,MLSignalStrategyV2-V2,EUR/USD.IDEALPRO,IDEALPRO-1-2366,EUR/USD.IDEALPRO-MLSignalStrategyV2-V2,IDEALPRO-001,,STOP_MARKET,SELL,100000.00,GTC,True,False,0.00,NO_LIQUIDITY_SIDE,,,,NO_TRIGGER,CANCELED,OUO,OL-20250502-033000-001-V2-789,['O-20250502-033000-001-V2-2367'],O-20250502-033000-001-V2-2365,,,,['V2_POS1_SL'],8e6e750b-7f22-4ddd-bb13-d7c1a3d46583,1746156600000000000,1746157140000000000,1.13024,DEFAULT,,,,,
O-20250502-033000-001-V2-2367,BACKTESTER-001,MLSignalStrategyV2-V2,EUR/USD.IDEALPRO,IDEALPRO-1-2367,EUR/USD.IDEALPRO-MLSignalStrategyV2-V2,IDEALPRO-001,IDEALPRO-1-246905,LIMIT,SELL,100000.00,GTC,True,False,100000.00,MAKER,1.13138,0.0,['2.26 USD'],NO_TRIGGER,FILLED,OUO,OL-20250502-033000-001-V2-789,['O-20250502-033000-001-V2-2366'],O-20250502-033000-001-V2-2365,,,,['V2_POS1_TP'],e52dfa03-8310-40a0-bc01-cd85bd37ddb0,1746156600000000000,1746157140000000000,,,,,1.13138,False,
O-20250502-034500-001-V2-2368,BACKTESTER-001,MLSignalStrategyV2-V2,EUR/USD.IDEALPRO,IDEALPRO-1-2368,EUR/USD.IDEALPRO-MLSignalStrategyV2-V2,IDEALPRO-001,IDEALPRO-1-246918,MARKET,BUY,100000.00,GTC,False,False,100000.00,TAKER,1.13113,0.0,['2.26 USD'],NO_TRIGGER,FILLED,OTO,OL-20250502-034500-001-V2-790,"['O-20250502-034500-001-V2-2369', 'O-20250502-034500-001-V2-2370']",,,,,['V2_POS1'],b3c8ba69-0a03-4c33-a8f3-6b3ad926ca31,1746157500000000000,1746157500000000000,,,,,,,
O-20250502-034500-001-V2-2369,BACKTESTER-001,MLSignalStrategyV2-V2,EUR/USD.IDEALPRO,IDEALPRO-1-2369,EUR/USD.IDEALPRO-MLSignalStrategyV2-V2,IDEALPRO-001,IDEALPRO-1-246983,STOP_MARKET,SELL,100000.00,GTC,True,False,100000.00,TAKER,1.13047,3.999999999981796e-05,['2.26 USD'],NO_TRIGGER,FILLED,OUO,OL-20250502-034500-001-V2-790,['O-20250502-034500-001-V2-2370'],O-20250502-034500-001-V2-2368,,,,['V2_POS1_SL'],a9899a75-9e6c-4aa6-ba58-e1d18bf3d2ba,1746157500000000000,1746159420000000000,1.13051,DEFAULT,,,,,
O-20250502-034500-001-V2-2370,BACKTESTER-001,MLSignalStrategyV2-V2,EUR/USD.IDEALPRO,IDEALPRO-1-2370,EUR/USD.IDEALPRO-MLSignalStrategyV2-V2,IDEALPRO-001,,LIMIT,SELL,100000.00,GTC,True,False,0.00,NO_LIQUIDITY_SIDE,,,,NO_TRIGGER,CANCELED,OUO,OL-20250502-034500-001-V2-790,['O-20250502-034500-001-V2-2369'],O-20250502-034500-001-V2-2368,,,,['V2_POS1_TP'],cc72554f-790b-43b1-8615-17eaa47c0ef1,1746157500000000000,1746159420000000000,,,,,1.13173,False,
O-20250502-043000-001-V2-2371,BACKTESTER-001,MLSignalStrategyV2-V2,EUR/USD.IDEALPRO,IDEALPRO-1-2371,EUR/USD.IDEALPRO-MLSignalStrategyV2-V2,IDEALPRO-001,IDEALPRO-1-247010,MARKET,BUY,100000.00,GTC,False,False,100000.00,TAKER,1.13082,0.0,['2.26 USD'],NO_TRIGGER,FILLED,OTO,OL-20250502-043000-001-V2-791,"['O-20250502-043000-001-V2-2372', 'O-20250502-043000-001-V2-2373']",,,,,['V2_POS1'],b5e3f373-0a16-4526-adda-56fd4ca0e9f0,1746160200000000000,1746160200000000000,,,,,,,
O-20250502-043000-001-V2-2372,BACKTESTER-001,MLSignalStrategyV2-V2,EUR/USD.IDEALPRO,IDEALPRO-1-2372,EUR/USD.IDEALPRO-MLSignalStrategyV2-V2,IDEALPRO-001,IDEALPRO-1-247045,STOP_MARKET,SELL,100000.00,GTC,True,False,100000.00,TAKER,1.13017,3.0000000000196536e-05,['2.26 USD'],NO_TRIGGER,FILLED,OUO,OL-20250502-043000-001-V2-791,['O-20250502-043000-001-V2-2373'],O-20250502-043000-001-V2-2371,,,,['V2_POS1_SL'],affefa3a-4e86-412b-a7ed-916178c23b6b,1746160200000000000,1746161220000000000,1.13020,DEFAULT,,,,,
O-20250502-043000-001-V2-2373,BACKTESTER-001,MLSignalStrategyV2-V2,EUR/USD.IDEALPRO,IDEALPRO-1-2373,EUR/USD.IDEALPRO-MLSignalStrategyV2-V2,IDEALPRO-001,,LIMIT,SELL,100000.00,GTC,True,False,0.00,NO_LIQUIDITY_SIDE,,,,NO_TRIGGER,CANCELED,OUO,OL-20250502-043000-001-V2-791,['O-20250502-043000-001-V2-2372'],O-20250502-043000-001-V2-2371,,,,['V2_POS1_TP'],75f5caa5-6ffa-4929-bf56-b6c0043cc025,1746160200000000000,1746161220000000000,,,,,1.13144,False,
O-20250502-054500-001-V2-2374,BACKTESTER-001,MLSignalStrategyV2-V2,EUR/USD.IDEALPRO,IDEALPRO-1-2374,EUR/USD.IDEALPRO-MLSignalStrategyV2-V2,IDEALPRO-001,IDEALPRO-1-247162,MARKET,BUY,100000.00,GTC,False,False,100000.00,TAKER,1.13099,0.0,['2.26 USD'],NO_TRIGGER,FILLED,OTO,OL-20250502-054500-001-V2-792,"['O-20250502-054500-001-V2-2375', 'O-20250502-054500-001-V2-2376']",,,,,['V2_POS1'],1990d8f3-92d5-4338-bc00-b1ea252464f5,1746164700000000000,1746164700000000000,,,,,,,
O-20250502-054500-001-V2-2375,BACKTESTER-001,MLSignalStrategyV2-V2,EUR/USD.IDEALPRO,IDEALPRO-1-2375,EUR/USD.IDEALPRO-MLSignalStrategyV2-V2,IDEALPRO-001,IDEALPRO-1-247171,STOP_MARKET,SELL,100000.00,GTC,True,False,100000.00,TAKER,1.13037,6.999999999979245e-05,['2.26 USD'],NO_TRIGGER,FILLED,OUO,OL-20250502-054500-001-V2-792,['O-20250502-054500-001-V2-2376'],O-20250502-054500-001-V2-2374,,,,['V2_POS1_SL'],f1a33745-b0b1-4efc-b6d9-e8a91cfa2c55,1746164700000000000,1746164940000000000,1.13044,DEFAULT,,,,,
O-20250502-054500-001-V2-2376,BACKTESTER-001,MLSignalStrategyV2-V2,EUR/USD.IDEALPRO,IDEALPRO-1-2376,EUR/USD.IDEALPRO-MLSignalStrategyV2-V2,IDEALPRO-001,,LIMIT,SELL,100000.00,GTC,True,False,0.00,NO_LIQUIDITY_SIDE,,,,NO_TRIGGER,CANCELED,OUO,OL-20250502-054500-001-V2-792,['O-20250502-054500-001-V2-2375'],O-20250502-054500-001-V2-2374,,,,['V2_POS1_TP'],81927746-ddca-472d-bb87-95fb2e238b28,1746164700000000000,1746164940000000000,,,,,1.13152,False,
O-20250502-073000-001-V2-2377,BACKTESTER-001,MLSignalStrategyV2-V2,EUR/USD.IDEALPRO,IDEALPRO-1-2377,EUR/USD.IDEALPRO-MLSignalStrategyV2-V2,IDEALPRO-001,IDEALPRO-1-247375,MARKET,BUY,100000.00,GTC,False,False,100000.00,TAKER,1.13212,0.0,['2.26 USD'],NO_TRIGGER,FILLED,OTO,OL-20250502-073000-001-V2-793,"['O-20250502-073000-001-V2-2378', 'O-20250502-073000-001-V2-2379']",,,,,['V2_POS1'],02d0c833-6e0b-49ba-8f12-1efe494baac5,1746171000000000000,1746171000000000000,,,,,,,
O-20250502-073000-001-V2-2378,BACKTESTER-001,MLSignalStrategyV2-V2,EUR/USD.IDEALPRO,IDEALPRO-1-2378,EUR/USD.IDEALPRO-MLSignalStrategyV2-V2,IDEALPRO-001,,STOP_MARKET,SELL,100000.00,GTC,True,False,0.00,NO_LIQUIDITY_SIDE,,,,NO_TRIGGER,CANCELED,OUO,OL-20250502-073000-001-V2-793,['O-20250502-073000-001-V2-2379'],O-20250502-073000-001-V2-2377,,,,['V2_POS1_SL'],2802d403-70c8-46aa-b0be-773fe478ccef,1746171000000000000,1746171840000000000,1.13133,DEFAULT,,,,,
O-20250502-073000-001-V2-2379,BACKTESTER-001,MLSignalStrategyV2-V2,EUR/USD.IDEALPRO,IDEALPRO-1-2379,EUR/USD.IDEALPRO-MLSignalStrategyV2-V2,IDEALPRO-001,IDEALPRO-1-247403,LIMIT,SELL,100000.00,GTC,True,False,100000.00,MAKER,1.13297,-8.000000000008001e-05,['2.27 USD'],NO_TRIGGER,FILLED,OUO,OL-20250502-073000-001-V2-793,['O-20250502-073000-001-V2-2378'],O-20250502-073000-001-V2-2377,,,,['V2_POS1_TP'],293cb940-8979-45f6-9b8d-7f54bfee2fe6,1746171000000000000,1746171840000000000,,,,,1.13289,False,
O-20250502-134500-001-V2-2380,BACKTESTER-001,MLSignalStrategyV2-V2,EUR/USD.IDEALPRO,IDEALPRO-1-2380,EUR/USD.IDEALPRO-MLSignalStrategyV2-V2,IDEALPRO-001,IDEALPRO-1-248126,MARKET,SELL,100000.00,GTC,False,False,100000.00,TAKER,1.13677,0.0,['2.27 USD'],NO_TRIGGER,FILLED,OTO,OL-20250502-134500-001-V2-794,"['O-20250502-134500-001-V2-2381', 'O-20250502-134500-001-V2-2382']",,,,,['V2_POS1'],585bb360-2692-4e26-88a3-c220bde49593,1746193500000000000,1746193500000000000,,,,,,,
O-20250502-134500-001-V2-2381,BACKTESTER-001,MLSignalStrategyV2-V2,EUR/USD.IDEALPRO,IDEALPRO-1-2381,EUR/USD.IDEALPRO-MLSignalStrategyV2-V2,IDEALPRO-001,,STOP_MARKET,BUY,100000.00,GTC,True,False,0.00,NO_LIQUIDITY_SIDE,,,,NO_TRIGGER,CANCELED,OUO,OL-20250502-134500-001-V2-794,['O-20250502-134500-001-V2-2382'],O-20250502-134500-001-V2-2380,,,,['V2_POS1_SL'],09d06cbf-922e-4fc7-abb1-5ce9cd7f4e01,1746193500000000000,1746199140000000000,1.13827,DEFAULT,,,,,
O-20250502-134500-001-V2-2382,BACKTESTER-001,MLSignalStrategyV2-V2,EUR/USD.IDEALPRO,IDEALPRO-1-2382,EUR/USD.IDEALPRO-MLSignalStrategyV2-V2,IDEALPRO-001,IDEALPRO-1-248315,LIMIT,BUY,100000.00,GTC,True,False,100000.00,MAKER,1.13524,-2.999999999997449e-05,['2.27 USD'],NO_TRIGGER,FILLED,OUO,OL-20250502-134500-001-V2-794,['O-20250502-134500-001-V2-2381'],O-20250502-134500-001-V2-2380,,,,['V2_POS1_TP'],ec967c82-bae0-43bc-be6b-1ed088b3cc90,1746193500000000000,1746199140000000000,,,,,1.13527,False,
O-20250502-161500-001-V2-2383,BACKTESTER-001,MLSignalStrategyV2-V2,EUR/USD.IDEALPRO,IDEALPRO-1-2383,EUR/USD.IDEALPRO-MLSignalStrategyV2-V2,IDEALPRO-001,IDEALPRO-1-248428,MARKET,SELL,100000.00,GTC,False,False,100000.00,TAKER,1.13374,0.0,['2.27 USD'],NO_TRIGGER,FILLED,OTO,OL-20250502-161500-001-V2-795,"['O-20250502-161500-001-V2-2384', 'O-20250502-161500-001-V2-2385']",,,,,['V2_POS1'],9116a2b2-7a80-4bf7-a57c-9cf23fc33aac,1746202500000000000,1746202500000000000,,,,,,,
O-20250502-161500-001-V2-2384,BACKTESTER-001,MLSignalStrategyV2-V2,EUR/USD.IDEALPRO,IDEALPRO-1-2384,EUR/USD.IDEALPRO-MLSignalStrategyV2-V2,IDEALPRO-001,,STOP_MARKET,BUY,100000.00,GTC,True,False,0.00,NO_LIQUIDITY_SIDE,,,,NO_TRIGGER,CANCELED,OUO,OL-20250502-161500-001-V2-795,['O-20250502-161500-001-V2-2385'],O-20250502-161500-001-V2-2383,,,,['V2_POS1_SL'],a874122c-8136-43d1-a9c5-7456e628a091,1746202500000000000,1746204000000000000,1.13504,DEFAULT,,,,,
O-20250502-161500-001-V2-2385,BACKTESTER-001,MLSignalStrategyV2-V2,EUR/USD.IDEALPRO,IDEALPRO-1-2385,EUR/USD.IDEALPRO-MLSignalStrategyV2-V2,IDEALPRO-001,IDEALPRO-1-248479,LIMIT,BUY,100000.00,GTC,True,False,100000.00,MAKER,1.13241,-2.999999999997449e-05,['2.26 USD'],NO_TRIGGER,FILLED,OUO,OL-20250502-161500-001-V2-795,['O-20250502-161500-001-V2-2384'],O-20250502-161500-001-V2-2383,,,,['V2_POS1_TP'],ba5edb59-78ab-455d-8a96-4d8aa87664c7,1746202500000000000,1746204000000000000,,,,,1.13244,False,
O-20250502-164500-001-V2-2386,BACKTESTER-001,MLSignalStrategyV2-V2,EUR/USD.IDEALPRO,IDEALPRO-1-2386,EUR/USD.IDEALPRO-MLSignalStrategyV2-V2,IDEALPRO-001,IDEALPRO-1-248490,MARKET,SELL,100000.00,GTC,False,False,100000.00,TAKER,1.13316,0.0,['2.27 USD'],NO_TRIGGER,FILLED,OTO,OL-20250502-164500-001-V2-796,"['O-20250502-164500-001-V2-2387', 'O-20250502-164500-001-V2-2388']",,,,,['V2_POS1'],f27cc5d2-6abd-4904-9776-155ee8aac1bf,1746204300000000000,1746204300000000000,,,,,,,
O-20250502-164500-001-V2-2387,BACKTESTER-001,MLSignalStrategyV2-V2,EUR/USD.IDEALPRO,IDEALPRO-1-2387,EUR/USD.IDEALPRO-MLSignalStrategyV2-V2,IDEALPRO-001,,STOP_MARKET,BUY,100000.00,GTC,True,False,0.00,NO_LIQUIDITY_SIDE,,,,NO_TRIGGER,CANCELED,OUO,OL-20250502-164500-001-V2-796,['O-20250502-164500-001-V2-2388'],O-20250502-164500-001-V2-2386,,,,['V2_POS1_SL'],53dc989b-5280-4dd7-9dc6-95f1ea6117ba,1746204300000000000,1746204840000000000,1.13440,DEFAULT,,,,,
O-20250502-164500-001-V2-2388,BACKTESTER-001,MLSignalStrategyV2-V2,EUR/USD.IDEALPRO,IDEALPRO-1-2388,EUR/USD.IDEALPRO-MLSignalStrategyV2-V2,IDEALPRO-001,IDEALPRO-1-248509,LIMIT,BUY,100000.00,GTC,True,False,100000.00,MAKER,1.13184,-9.999999999998899e-05,['2.26 USD'],NO_TRIGGER,FILLED,OUO,OL-20250502-164500-001-V2-796,['O-20250502-164500-001-V2-2387'],O-20250502-164500-001-V2-2386,,,,['V2_POS1_TP'],30887d78-26fd-485b-a3b4-389b73afef02,1746204300000000000,1746204840000000000,,,,,1.13194,False,
O-20250504-213000-001-V2-2389,BACKTESTER-001,MLSignalStrategyV2-V2,EUR/USD.IDEALPRO,IDEALPRO-1-2389,EUR/USD.IDEALPRO-MLSignalStrategyV2-V2,IDEALPRO-001,IDEALPRO-1-249033,MARKET,BUY,100000.00,GTC,False,False,100000.00,TAKER,1.13031,0.0,['2.26 USD'],NO_TRIGGER,FILLED,OTO,OL-20250504-213000-001-V2-797,"['O-20250504-213000-001-V2-2390', 'O-20250504-213000-001-V2-2391']",,,,,['V2_POS1'],66015bc8-d158-40fa-aa5c-025c53163c77,1746394200000000000,1746394200000000000,,,,,,,
O-20250504-213000-001-V2-2390,BACKTESTER-001,MLSignalStrategyV2-V2,EUR/USD.IDEALPRO,IDEALPRO-1-2390,EUR/USD.IDEALPRO-MLSignalStrategyV2-V2,IDEALPRO-001,IDEALPRO-1-249053,STOP_MARKET,SELL,100000.00,GTC,True,False,100000.00,TAKER,1.12957,0.0001100000000000545,['2.26 USD'],NO_TRIGGER,FILLED,OUO,OL-20250504-213000-001-V2-797,['O-20250504-213000-001-V2-2391'],O-20250504-213000-001-V2-2389,,,,['V2_POS1_SL'],a3e5afb2-b8a6-4fd2-a06c-d9b5a46523e6,1746394200000000000,1746394800000000000,1.12968,DEFAULT,,,,,
O-20250504-213000-001-V2-2391,BACKTESTER-001,MLSignalStrategyV2-V2,EUR/USD.IDEALPRO,IDEALPRO-1-2391,EUR/USD.IDEALPRO-MLSignalStrategyV2-V2,IDEALPRO-001,,LIMIT,SELL,100000.00,GTC,True,False,0.00,NO_LIQUIDITY_SIDE,,,,NO_TRIGGER,CANCELED,OUO,OL-20250504-213000-001-V2-797,['O-20250504-213000-001-V2-2390'],O-20250504-213000-001-V2-2389,,,,['V2_POS1_TP'],7a8223cc-eeb2-4886-8a63-3fbcd784dff0,1746394200000000000,1746394800000000000,,,,,1.13092,False,
O-20250504-214500-001-V2-2392,BACKTESTER-001,MLSignalStrategyV2-V2,EUR/USD.IDEALPRO,IDEALPRO-1-2392,EUR/USD.IDEALPRO-MLSignalStrategyV2-V2,IDEALPRO-001,IDEALPRO-1-249063,MARKET,BUY,100000.00,GTC,False,False,100000.00,TAKER,1.12984,0.0,['2.26 USD'],NO_TRIGGER,FILLED,OTO,OL-20250504-214500-001-V2-798,"['O-20250504-214500-001-V2-2393', 'O-20250504-214500-001-V2-2394']",,,,,['V2_POS1'],922a3c58-bea2-4a35-9299-d5105c3917c7,1746395100000000000,1746395100000000000,,,,,,,
O-20250504-214500-001-V2-2393,BACKTESTER-001,MLSignalStrategyV2-V2,EUR/USD.IDEALPRO,IDEALPRO-1-2393,EUR/USD.IDEALPRO-MLSignalStrategyV2-V2,IDEALPRO-001,,STOP_MARKET,SELL,100000.00,GTC,True,False,0.00,NO_LIQUIDITY_SIDE,,,,NO_TRIGGER,CANCELED,OUO,OL-20250504-214500-001-V2-798,['O-20250504-214500-001-V2-2394'],O-20250504-214500-001-V2-2392,,,,['V2_POS1_SL'],79b5bfaa-e638-4a97-9826-98a464bcf018,1746395100000000000,1746395940000000000,1.12924,DEFAULT,,,,,
O-20250504-214500-001-V2-2394,BACKTESTER-001,MLSignalStrategyV2-V2,EUR/USD.IDEALPRO,IDEALPRO-1-2394,EUR/USD.IDEALPRO-MLSignalStrategyV2-V2,IDEALPRO-001,IDEALPRO-1-249093,LIMIT,SELL,100000.00,GTC,True,False,100000.00,MAKER,1.13054,-6.000000000017103e-05,['2.26 USD'],NO_TRIGGER,FILLED,OUO,OL-20250504-214500-001-V2-798,['O-20250504-214500-001-V2-2393'],O-20250504-214500-001-V2-2392,,,,['V2_POS1_TP'],b77134bf-0b0d-465e-b35f-55df49365cce,1746395100000000000,1746395940000000000,,,,,1.13048,False,
O-20250504-220000-001-V2-2395,BACKTESTER-001,MLSignalStrategyV2-V2,EUR/USD.IDEALPRO,IDEALPRO-1-2395,EUR/USD.IDEALPRO-MLSignalStrategyV2-V2,IDEALPRO-001,IDEALPRO-1-249096,MARKET,BUY,100000.00,GTC,False,False,100000.00,TAKER,1.13009,0.0,['2.26 USD'],NO_TRIGGER,FILLED,OTO,OL-20250504-220000-001-V2-799,"['O-20250504-220000-001-V2-2396', 'O-20250504-220000-001-V2-2397']",,,,,['V2_POS1'],54c76558-f4f1-44de-8585-bdc105f9a355,1746396000000000000,1746396000000000000,,,,,,,
O-20250504-220000-001-V2-2396,BACKTESTER-001,MLSignalStrategyV2-V2,EUR/USD.IDEALPRO,IDEALPRO-1-2396,EUR/USD.IDEALPRO-MLSignalStrategyV2-V2,IDEALPRO-001,,STOP_MARKET,SELL,100000.00,GTC,True,False,0.00,NO_LIQUIDITY_SIDE,,,,NO_TRIGGER,CANCELED,OUO,OL-20250504-220000-001-V2-799,['O-20250504-220000-001-V2-2397'],O-20250504-220000-001-V2-2395,,,,['V2_POS1_SL'],679869eb-ead0-46ee-9c11-de47a7f58a90,1746396000000000000,1746396180000000000,1.12945,DEFAULT,,,,,
O-20250504-220000-001-V2-2397,BACKTESTER-001,MLSignalStrategyV2-V2,EUR/USD.IDEALPRO,IDEALPRO-1-2397,EUR/USD.IDEALPRO-MLSignalStrategyV2-V2,IDEALPRO-001,IDEALPRO-1-249103,LIMIT,SELL,100000.00,GTC,True,False,100000.00,MAKER,1.13084,-0.00012999999999996348,['2.26 USD'],NO_TRIGGER,FILLED,OUO,OL-20250504-220000-001-V2-799,['O-20250504-220000-001-V2-2396'],O-20250504-220000-001-V2-2395,,,,['V2_POS1_TP'],cd7bcb27-ef8e-4184-a663-2e6c53c52323,1746396000000000000,1746396180000000000,,,,,1.13071,False,
O-20250504-221500-001-V2-2398,BACKTESTER-001,MLSignalStrategyV2-V2,EUR/USD.IDEALPRO,IDEALPRO-1-2398,EUR/USD.IDEALPRO-MLSignalStrategyV2-V2,IDEALPRO-001,IDEALPRO-1-249128,MARKET,BUY,100000.00,GTC,False,False,100000.00,TAKER,1.13037,0.0,['2.26 USD'],NO_TRIGGER,FILLED,OTO,OL-20250504-221500-001-V2-800,"['O-20250504-221500-001-V2-2399', 'O-20250504-221500-001-V2-2400']",,,,,['V2_POS1'],bfc07d28-7723-490b-9692-71b7e4e1a13c,1746396900000000000,1746396900000000000,,,,,,,
O-20250504-221500-001-V2-2399,BACKTESTER-001,MLSignalStrategyV2-V2,EUR/USD.IDEALPRO,IDEALPRO-1-2399,EUR/USD.IDEALPRO-MLSignalStrategyV2-V2,IDEALPRO-001,,STOP_MARKET,SELL,100000.00,GTC,True,False,0.00,NO_LIQUIDITY_SIDE,,,,NO_TRIGGER,CANCELED,OUO,OL-20250504-221500-001-V2-800,['O-20250504-221500-001-V2-2400'],O-20250504-221500-001-V2-2398,,,,['V2_POS1_SL'],879ce987-5d28-4b55-92af-8a908c4193bf,1746396900000000000,1746398400000000000,1.12970,DEFAULT,,,,,
O-20250504-221500-001-V2-2400,BACKTESTER-001,MLSignalStrategyV2-V2,EUR/USD.IDEALPRO,IDEALPRO-1-2400,EUR/USD.IDEALPRO-MLSignalStrategyV2-V2,IDEALPRO-001,IDEALPRO-1-249179,LIMIT,SELL,100000.00,GTC,True,False,100000.00,MAKER,1.13125,-0.0002300000000001745,['2.26 USD'],NO_TRIGGER,FILLED,OUO,OL-20250504-221500-001-V2-800,['O-20250504-221500-001-V2-2399'],O-20250504-221500-001-V2-2398,,,,['V2_POS1_TP'],39e4d078-8180-4589-a9ba-82c67507ff90,1746396900000000000,1746398400000000000,,,,,1.13102,False,
O-20250504-224500-001-V2-2401,BACKTESTER-001,MLSignalStrategyV2-V2,EUR/USD.IDEALPRO,IDEALPRO-1-2401,EUR/USD.IDEALPRO-MLSignalStrategyV2-V2,IDEALPRO-001,IDEALPRO-1-249190,MARKET,BUY,100000.00,GTC,False,False,100000.00,TAKER,1.13135,0.0,['2.26 USD'],NO_TRIGGER,FILLED,OTO,OL-20250504-224500-001-V2-801,"['O-20250504-224500-001-V2-2402', 'O-20250504-224500-001-V2-2403']",,,,,['V2_POS1'],2407d36d-04e2-4b53-ad11-065b91887cd1,1746398700000000000,1746398700000000000,,,,,,,
O-20250504-224500-001-V2-2402,BACKTESTER-001,MLSignalStrategyV2-V2,EUR/USD.IDEALPRO,IDEALPRO-1-2402,EUR/USD.IDEALPRO-MLSignalStrategyV2-V2,IDEALPRO-001,IDEALPRO-1-249217,STOP_MARKET,SELL,100000.00,GTC,True,False,100000.00,TAKER,1.13067,1.999999999990898e-05,['2.26 USD'],NO_TRIGGER,FILLED,OUO,OL-20250504-224500-001-V2-801,['O-20250504-224500-001-V2-2403'],O-20250504-224500-001-V2-2401,,,,['V2_POS1_SL'],1b80cad3-78be-4501-a1a4-1d38a14fdc10,1746398700000000000,1746399480000000000,1.13069,DEFAULT,,,,,
O-20250504-224500-001-V2-2403,BACKTESTER-001,MLSignalStrategyV2-V2,EUR/USD.IDEALPRO,IDEALPRO-1-2403,EUR/USD.IDEALPRO-MLSignalStrategyV2-V2,IDEALPRO-001,,LIMIT,SELL,100000.00,GTC,True,False,0.00,NO_LIQUIDITY_SIDE,,,,NO_TRIGGER,CANCELED,OUO,OL-20250504-224500-001-V2-801,['O-20250504-224500-001-V2-2402'],O-20250504-224500-001-V2-2401,,,,['V2_POS1_TP'],73cd25b1-2e44-484d-ab53-c607917b24d1,1746398700000000000,1746399480000000000,,,,,1.13199,False,
O-20250504-230000-001-V2-2404,BACKTESTER-001,MLSignalStrategyV2-V2,EUR/USD.IDEALPRO,IDEALPRO-1-2404,EUR/USD.IDEALPRO-MLSignalStrategyV2-V2,IDEALPRO-001,IDEALPRO-1-249222,MARKET,BUY,100000.00,GTC,False,False,100000.00,TAKER,1.13061,0.0,['2.26 USD'],NO_TRIGGER,FILLED,OTO,OL-20250504-230000-001-V2-802,"['O-20250504-230000-001-V2-2405', 'O-20250504-230000-001-V2-2406']",,,,,['V2_POS1'],05c28a50-f35f-4b8e-9eca-8df5d6d93413,1746399600000000000,1746399600000000000,,,,,,,
O-20250504-230000-001-V2-2405,BACKTESTER-001,MLSignalStrategyV2-V2,EUR/USD.IDEALPRO,IDEALPRO-1-2405,EUR/USD.IDEALPRO-MLSignalStrategyV2-V2,IDEALPRO-001,,STOP_MARKET,SELL,100000.00,GTC,True,False,0.00,NO_LIQUIDITY_SIDE,,,,NO_TRIGGER,CANCELED,OUO,OL-20250504-230000-001-V2-802,['O-20250504-230000-001-V2-2406'],O-20250504-230000-001-V2-2404,,,,['V2_POS1_SL'],c1e74851-120e-4ba8-aee4-258ab6d61a98,1746399600000000000,1746401520000000000,1.12995,DEFAULT,,,,,
O-20250504-230000-001-V2-2406,BACKTESTER-001,MLSignalStrategyV2-V2,EUR/USD.IDEALPRO,IDEALPRO-1-2406,EUR/USD.IDEALPRO-MLSignalStrategyV2-V2,IDEALPRO-001,IDEALPRO-1-249287,LIMIT,SELL,100000.00,GTC,True,False,100000.00,MAKER,1.13142,-0.00017000000000000348,['2.26 USD'],NO_TRIGGER,FILLED,OUO,OL-20250504-230000-001-V2-802,['O-20250504-230000-001-V2-2405'],O-20250504-230000-001-V2-2404,,,,['V2_POS1_TP'],9609b418-5a85-4969-8f06-a9ccaa30ea4b,1746399600000000000,1746401520000000000,,,,,1.13125,False,
O-20250504-234500-001-V2-2407,BACKTESTER-001,MLSignalStrategyV2-V2,EUR/USD.IDEALPRO,IDEALPRO-1-2407,EUR/USD.IDEALPRO-MLSignalStrategyV2-V2,IDEALPRO-001,IDEALPRO-1-249314,MARKET,BUY,100000.00,GTC,False,False,100000.00,TAKER,1.13204,0.0,['2.26 USD'],NO_TRIGGER,FILLED,OTO,OL-20250504-234500-001-V2-803,"['O-20250504-234500-001-V2-2408', 'O-20250504-234500-001-V2-2409']",,,,,['V2_POS1'],575bdb32-0062-43d9-a1c9-d7a6b4c3f172,1746402300000000000,1746402300000000000,,,,,,,
O-20250504-234500-001-V2-2408,BACKTESTER-001,MLSignalStrategyV2-V2,EUR/USD.IDEALPRO,IDEALPRO-1-2408,EUR/USD.IDEALPRO-MLSignalStrategyV2-V2,IDEALPRO-001,,STOP_MARKET,SELL,100000.00,GTC,True,False,0.00,NO_LIQUIDITY_SIDE,,,,NO_TRIGGER,CANCELED,OUO,OL-20250504-234500-001-V2-803,['O-20250504-234500-001-V2-2409'],O-20250504-234500-001-V2-2407,,,,['V2_POS1_SL'],2b2fc32c-8b09-4ef3-b5a9-7f0e0edd88ef,1746402300000000000,1746402420000000000,1.13140,DEFAULT,,,,,
O-20250504-234500-001-V2-2409,BACKTESTER-001,MLSignalStrategyV2-V2,EUR/USD.IDEALPRO,IDEALPRO-1-2409,EUR/USD.IDEALPRO-MLSignalStrategyV2-V2,IDEALPRO-001,IDEALPRO-1-249319,LIMIT,SELL,100000.00,GTC,True,False,100000.00,MAKER,1.13279,-0.0001100000000000545,['2.27 USD'],NO_TRIGGER,FILLED,OUO,OL-20250504-234500-001-V2-803,['O-20250504-234500-001-V2-2408'],O-20250504-234500-001-V2-2407,,,,['V2_POS1_TP'],02d953a0-ba85-48cf-b3a6-bd7531892447,1746402300000000000,1746402420000000000,,,,,1.13268,False,
O-20250505-023000-001-V2-2410,BACKTESTER-001,MLSignalStrategyV2-V2,EUR/USD.IDEALPRO,IDEALPRO-1-2410,EUR/USD.IDEALPRO-MLSignalStrategyV2-V2,IDEALPRO-001,IDEALPRO-1-249647,MARKET,BUY,100000.00,GTC,False,False,100000.00,TAKER,1.13397,0.0,['2.27 USD'],NO_TRIGGER,FILLED,OTO,OL-20250505-023000-001-V2-804,"['O-20250505-023000-001-V2-2411', 'O-20250505-023000-001-V2-2412']",,,,,['V2_POS1'],d266e696-3678-456f-82f5-065966799811,1746412200000000000,1746412200000000000,,,,,,,
O-20250505-023000-001-V2-2411,BACKTESTER-001,MLSignalStrategyV2-V2,EUR/USD.IDEALPRO,IDEALPRO-1-2411,EUR/USD.IDEALPRO-MLSignalStrategyV2-V2,IDEALPRO-001,IDEALPRO-1-249735,STOP_MARKET,SELL,100000.00,GTC,True,False,100000.00,TAKER,1.13325,0.0,['2.27 USD'],NO_TRIGGER,FILLED,OUO,OL-20250505-023000-001-V2-804,['O-20250505-023000-001-V2-2412'],O-20250505-023000-001-V2-2410,,,,['V2_POS1_SL'],2555a49d-1b76-43e3-8c2b-645253a58e59,1746412200000000000,1746414840000000000,1.13325,DEFAULT,,,,,
O-20250505-023000-001-V2-2412,BACKTESTER-001,MLSignalStrategyV2-V2,EUR/USD.IDEALPRO,IDEALPRO-1-2412,EUR/USD.IDEALPRO-MLSignalStrategyV2-V2,IDEALPRO-001,,LIMIT,SELL,100000.00,GTC,True,False,0.00,NO_LIQUIDITY_SIDE,,,,NO_TRIGGER,CANCELED,OUO,OL-20250505-023000-001-V2-804,['O-20250505-023000-001-V2-2411'],O-20250505-023000-001-V2-2410,,,,['V2_POS1_TP'],d3e7414b-0395-4f26-bd77-8923c6925826,1746412200000000000,1746414840000000000,,,,,1.13469,False,
O-20250505-080000-001-V2-2413,BACKTESTER-001,MLSignalStrategyV2-V2,EUR/USD.IDEALPRO,IDEALPRO-1-2413,EUR/USD.IDEALPRO-MLSignalStrategyV2-V2,IDEALPRO-001,IDEALPRO-1-250308,MARKET,BUY,100000.00,GTC,False,False,100000.00,TAKER,1.13131,0.0,['2.26 USD'],NO_TRIGGER,FILLED,OTO,OL-20250505-080000-001-V2-805,"['O-20250505-080000-001-V2-2414', 'O-20250505-080000-001-V2-2415']",,,,,['V2_POS1'],c9bbeffa-1f4d-4c95-9832-869917fc4404,1746432000000000000,1746432000000000000,,,,,,,
O-20250505-080000-001-V2-2414,BACKTESTER-001,MLSignalStrategyV2-V2,EUR/USD.IDEALPRO,IDEALPRO-1-2414,EUR/USD.IDEALPRO-MLSignalStrategyV2-V2,IDEALPRO-001,,STOP_MARKET,SELL,100000.00,GTC,True,False,0.00,NO_LIQUIDITY_SIDE,,,,NO_TRIGGER,CANCELED,OUO,OL-20250505-080000-001-V2-805,['O-20250505-080000-001-V2-2415'],O-20250505-080000-001-V2-2413,,,,['V2_POS1_SL'],db7a1018-e08a-4594-afe7-0adc9fa6d548,1746432000000000000,1746432480000000000,1.13054,DEFAULT,,,,,
O-20250505-080000-001-V2-2415,BACKTESTER-001,MLSignalStrategyV2-V2,EUR/USD.IDEALPRO,IDEALPRO-1-2415,EUR/USD.IDEALPRO-MLSignalStrategyV2-V2,IDEALPRO-001,IDEALPRO-1-250325,LIMIT,SELL,100000.00,GTC,True,False,100000.00,MAKER,1.13207,1.0000000000065512e-05,['2.26 USD'],NO_TRIGGER,FILLED,OUO,OL-20250505-080000-001-V2-805,['O-20250505-080000-001-V2-2414'],O-20250505-080000-001-V2-2413,,,,['V2_POS1_TP'],8d4ff49f-f589-4439-8fbc-2ec866588306,1746432000000000000,1746432480000000000,,,,,1.13208,False,
O-20250505-081500-001-V2-2416,BACKTESTER-001,MLSignalStrategyV2-V2,EUR/USD.IDEALPRO,IDEALPRO-1-2416,EUR/USD.IDEALPRO-MLSignalStrategyV2-V2,IDEALPRO-001,IDEALPRO-1-250340,MARKET,BUY,100000.00,GTC,False,False,100000.00,TAKER,1.13256,0.0,['2.27 USD'],NO_TRIGGER,FILLED,OTO,OL-20250505-081500-001-V2-806,"['O-20250505-081500-001-V2-2417', 'O-20250505-081500-001-V2-2418']",,,,,['V2_POS1'],fb652d95-63d3-4ca7-b80c-c602627c701f,1746432900000000000,1746432900000000000,,,,,,,
O-20250505-081500-001-V2-2417,BACKTESTER-001,MLSignalStrategyV2-V2,EUR/USD.IDEALPRO,IDEALPRO-1-2417,EUR/USD.IDEALPRO-MLSignalStrategyV2-V2,IDEALPRO-001,,STOP_MARKET,SELL,100000.00,GTC,True,False,0.00,NO_LIQUIDITY_SIDE,,,,NO_TRIGGER,CANCELED,OUO,OL-20250505-081500-001-V2-806,['O-20250505-081500-001-V2-2418'],O-20250505-081500-001-V2-2416,,,,['V2_POS1_SL'],9209b349-6291-432f-a4e9-d58dc7248e32,1746432900000000000,1746435900000000000,1.13174,DEFAULT,,,,,
O-20250505-081500-001-V2-2418,BACKTESTER-001,MLSignalStrategyV2-V2,EUR/USD.IDEALPRO,IDEALPRO-1-2418,EUR/USD.IDEALPRO-MLSignalStrategyV2-V2,IDEALPRO-001,IDEALPRO-1-250441,LIMIT,SELL,100000.00,GTC,True,False,100000.00,MAKER,1.13343,-7.00000000000145e-05,['2.27 USD'],NO_TRIGGER,FILLED,OUO,OL-20250505-081500-001-V2-806,['O-20250505-081500-001-V2-2417'],O-20250505-081500-001-V2-2416,,,,['V2_POS1_TP'],e786ad85-1404-4b75-b9f6-0fddf67c310d,1746432900000000000,1746435900000000000,,,,,1.13336,False,
O-20250505-124500-001-V2-2419,BACKTESTER-001,MLSignalStrategyV2-V2,EUR/USD.IDEALPRO,IDEALPRO-1-2419,EUR/USD.IDEALPRO-MLSignalStrategyV2-V2,IDEALPRO-001,IDEALPRO-1-250883,MARKET,SELL,100000.00,GTC,False,False,100000.00,TAKER,1.13502,0.0,['2.27 USD'],NO_TRIGGER,FILLED,OTO,OL-20250505-124500-001-V2-807,"['O-20250505-124500-001-V2-2420', 'O-20250505-124500-001-V2-2421']",,,,,['V2_POS1'],9c138f41-1388-445a-88af-3b23253c102b,1746449100000000000,1746449100000000000,,,,,,,
O-20250505-124500-001-V2-2420,BACKTESTER-001,MLSignalStrategyV2-V2,EUR/USD.IDEALPRO,IDEALPRO-1-2420,EUR/USD.IDEALPRO-MLSignalStrategyV2-V2,IDEALPRO-001,IDEALPRO-1-250897,STOP_MARKET,BUY,100000.00,GTC,True,False,100000.00,TAKER,1.13599,9.999999999998899e-05,['2.27 USD'],NO_TRIGGER,FILLED,OUO,OL-20250505-124500-001-V2-807,['O-20250505-124500-001-V2-2421'],O-20250505-124500-001-V2-2419,,,,['V2_POS1_SL'],3bdf8553-0324-4e95-a40c-29d186aa92d7,1746449100000000000,1746449520000000000,1.13589,DEFAULT,,,,,
O-20250505-124500-001-V2-2421,BACKTESTER-001,MLSignalStrategyV2-V2,EUR/USD.IDEALPRO,IDEALPRO-1-2421,EUR/USD.IDEALPRO-MLSignalStrategyV2-V2,IDEALPRO-001,,LIMIT,BUY,100000.00,GTC,True,False,0.00,NO_LIQUIDITY_SIDE,,,,NO_TRIGGER,CANCELED,OUO,OL-20250505-124500-001-V2-807,['O-20250505-124500-001-V2-2420'],O-20250505-124500-001-V2-2419,,,,['V2_POS1_TP'],fa5de369-4064-42f2-ac35-dde70373a6be,1746449100000000000,1746449520000000000,,,,,1.13415,False,
O-20250505-150000-001-V2-2422,BACKTESTER-001,MLSignalStrategyV2-V2,EUR/USD.IDEALPRO,IDEALPRO-1-2422,EUR/USD.IDEALPRO-MLSignalStrategyV2-V2,IDEALPRO-001,IDEALPRO-1-251154,MARKET,SELL,100000.00,GTC,False,False,100000.00,TAKER,1.13385,0.0,['2.27 USD'],NO_TRIGGER,FILLED,OTO,OL-20250505-150000-001-V2-808,"['O-20250505-150000-001-V2-2423', 'O-20250505-150000-001-V2-2424']",,,,,['V2_POS1'],0eacd950-290e-4acc-b3b0-d2f4666081b7,1746457200000000000,1746457200000000000,,,,,,,
O-20250505-150000-001-V2-2423,BACKTESTER-001,MLSignalStrategyV2-V2,EUR/USD.IDEALPRO,IDEALPRO-1-2423,EUR/USD.IDEALPRO-MLSignalStrategyV2-V2,IDEALPRO-001,,STOP_MARKET,BUY,100000.00,GTC,True,False,0.00,NO_LIQUIDITY_SIDE,,,,NO_TRIGGER,CANCELED,OUO,OL-20250505-150000-001-V2-808,['O-20250505-150000-001-V2-2424'],O-20250505-150000-001-V2-2422,,,,['V2_POS1_SL'],79ca9563-0930-4bb5-bbf6-acd13a765131,1746457200000000000,1746457620000000000,1.13477,DEFAULT,,,,,
O-20250505-150000-001-V2-2424,BACKTESTER-001,MLSignalStrategyV2-V2,EUR/USD.IDEALPRO,IDEALPRO-1-2424,EUR/USD.IDEALPRO-MLSignalStrategyV2-V2,IDEALPRO-001,IDEALPRO-1-251169,LIMIT,BUY,100000.00,GTC,True,False,100000.00,MAKER,1.13292,-2.999999999997449e-05,['2.27 USD'],NO_TRIGGER,FILLED,OUO,OL-20250505-150000-001-V2-808,['O-20250505-150000-001-V2-2423'],O-20250505-150000-001-V2-2422,,,,['V2_POS1_TP'],bf0456bc-2914-4ae7-bb15-64299e88877d,1746457200000000000,1746457620000000000,,,,,1.13295,False,
O-20250505-151500-001-V2-2425,BACKTESTER-001,MLSignalStrategyV2-V2,EUR/USD.IDEALPRO,IDEALPRO-1-2425,EUR/USD.IDEALPRO-MLSignalStrategyV2-V2,IDEALPRO-001,IDEALPRO-1-251187,MARKET,SELL,100000.00,GTC,False,False,100000.00,TAKER,1.13308,0.0,['2.27 USD'],NO_TRIGGER,FILLED,OTO,OL-20250505-151500-001-V2-809,"['O-20250505-151500-001-V2-2426', 'O-20250505-151500-001-V2-2427']",,,,,['V2_POS1'],0a8749b6-a1dc-493c-b9b3-8f5b35cda523,1746458100000000000,1746458100000000000,,,,,,,
O-20250505-151500-001-V2-2426,BACKTESTER-001,MLSignalStrategyV2-V2,EUR/USD.IDEALPRO,IDEALPRO-1-2426,EUR/USD.IDEALPRO-MLSignalStrategyV2-V2,IDEALPRO-001,,STOP_MARKET,BUY,100000.00,GTC,True,False,0.00,NO_LIQUIDITY_SIDE,,,,NO_TRIGGER,CANCELED,OUO,OL-20250505-151500-001-V2-809,['O-20250505-151500-001-V2-2427'],O-20250505-151500-001-V2-2425,,,,['V2_POS1_SL'],62843759-4750-499b-9ab7-a6bc5034ee03,1746458100000000000,1746459420000000000,1.13399,DEFAULT,,,,,
O-20250505-151500-001-V2-2427,BACKTESTER-001,MLSignalStrategyV2-V2,EUR/USD.IDEALPRO,IDEALPRO-1-2427,EUR/USD.IDEALPRO-MLSignalStrategyV2-V2,IDEALPRO-001,IDEALPRO-1-251231,LIMIT,BUY,100000.00,GTC,True,False,100000.00,MAKER,1.13209,-9.999999999998899e-05,['2.26 USD'],NO_TRIGGER,FILLED,OUO,OL-20250505-151500-001-V2-809,['O-20250505-151500-001-V2-2426'],O-20250505-151500-001-V2-2425,,,,['V2_POS1_TP'],21493693-5602-420a-9f63-20a9945d7952,1746458100000000000,1746459420000000000,,,,,1.13219,False,
O-20250505-170000-001-V2-2428,BACKTESTER-001,MLSignalStrategyV2-V2,EUR/USD.IDEALPRO,IDEALPRO-1-2428,EUR/USD.IDEALPRO-MLSignalStrategyV2-V2,IDEALPRO-001,IDEALPRO-1-251398,MARKET,BUY,100000.00,GTC,False,False,100000.00,TAKER,1.13023,0.0,['2.26 USD'],NO_TRIGGER,FILLED,OTO,OL-20250505-170000-001-V2-810,"['O-20250505-170000-001-V2-2429', 'O-20250505-170000-001-V2-2430']",,,,,['V2_POS1'],65d228f0-79e2-4335-abaf-00d100b532c6,1746464400000000000,1746464400000000000,,,,,,,
O-20250505-170000-001-V2-2429,BACKTESTER-001,MLSignalStrategyV2-V2,EUR/USD.IDEALPRO,IDEALPRO-1-2429,EUR/USD.IDEALPRO-MLSignalStrategyV2-V2,IDEALPRO-001,,STOP_MARKET,SELL,100000.00,GTC,True,False,0.00,NO_LIQUIDITY_SIDE,,,,NO_TRIGGER,CANCELED,OUO,OL-20250505-170000-001-V2-810,['O-20250505-170000-001-V2-2430'],O-20250505-170000-001-V2-2428,,,,['V2_POS1_SL'],384f27d3-8cf9-4f5b-8df6-f3e4b80eae69,1746464400000000000,1746466320000000000,1.12943,DEFAULT,,,,,
O-20250505-170000-001-V2-2430,BACKTESTER-001,MLSignalStrategyV2-V2,EUR/USD.IDEALPRO,IDEALPRO-1-2430,EUR/USD.IDEALPRO-MLSignalStrategyV2-V2,IDEALPRO-001,IDEALPRO-1-251463,LIMIT,SELL,100000.00,GTC,True,False,100000.00,MAKER,1.13105,-2.0000000000131024e-05,['2.26 USD'],NO_TRIGGER,FILLED,OUO,OL-20250505-170000-001-V2-810,['O-20250505-170000-001-V2-2429'],O-20250505-170000-001-V2-2428,,,,['V2_POS1_TP'],c0e428b0-9604-4661-b460-57bcdeb92010,1746464400000000000,1746466320000000000,,,,,1.13103,False,
O-20250505-174500-001-V2-2431,BACKTESTER-001,MLSignalStrategyV2-V2,EUR/USD.IDEALPRO,IDEALPRO-1-2431,EUR/USD.IDEALPRO-MLSignalStrategyV2-V2,IDEALPRO-001,IDEALPRO-1-251490,MARKET,BUY,100000.00,GTC,False,False,100000.00,TAKER,1.13024,0.0,['2.26 USD'],NO_TRIGGER,FILLED,OTO,OL-20250505-174500-001-V2-811,"['O-20250505-174500-001-V2-2432', 'O-20250505-174500-001-V2-2433']",,,,,['V2_POS1'],275e5368-e74f-4337-a73a-6bb411635017,1746467100000000000,1746467100000000000,,,,,,,
O-20250505-174500-001-V2-2432,BACKTESTER-001,MLSignalStrategyV2-V2,EUR/USD.IDEALPRO,IDEALPRO-1-2432,EUR/USD.IDEALPRO-MLSignalStrategyV2-V2,IDEALPRO-001,,STOP_MARKET,SELL,100000.00,GTC,True,False,0.00,NO_LIQUIDITY_SIDE,,,,NO_TRIGGER,CANCELED,OUO,OL-20250505-174500-001-V2-811,['O-20250505-174500-001-V2-2433'],O-20250505-174500-001-V2-2431,,,,['V2_POS1_SL'],b3163122-2191-4c29-813a-55fb4b13d4db,1746467100000000000,1746471180000000000,1.12953,DEFAULT,,,,,
O-20250505-174500-001-V2-2433,BACKTESTER-001,MLSignalStrategyV2-V2,EUR/USD.IDEALPRO,IDEALPRO-1-2433,EUR/USD.IDEALPRO-MLSignalStrategyV2-V2,IDEALPRO-001,IDEALPRO-1-251627,LIMIT,SELL,100000.00,GTC,True,False,100000.00,MAKER,1.13101,-6.000000000017103e-05,['2.26 USD'],NO_TRIGGER,FILLED,OUO,OL-20250505-174500-001-V2-811,['O-20250505-174500-001-V2-2432'],O-20250505-174500-001-V2-2431,,,,['V2_POS1_TP'],88d4f3df-6f04-430e-876d-c40566ea28a9,1746467100000000000,1746471180000000000,,,,,1.13095,False,
O-20250505-190000-001-V2-2434,BACKTESTER-001,MLSignalStrategyV2-V2,EUR/USD.IDEALPRO,IDEALPRO-1-2434,EUR/USD.IDEALPRO-MLSignalStrategyV2-V2,IDEALPRO-001,IDEALPRO-1-251643,MARKET,BUY,100000.00,GTC,False,False,100000.00,TAKER,1.13132,0.0,['2.26 USD'],NO_TRIGGER,FILLED,OTO,OL-20250505-190000-001-V2-812,"['O-20250505-190000-001-V2-2435', 'O-20250505-190000-001-V2-2436']",,,,,['V2_POS1'],dc14c4c6-4631-4924-ba0e-a42be3c48a8a,1746471600000000000,1746471600000000000,,,,,,,
O-20250505-190000-001-V2-2435,BACKTESTER-001,MLSignalStrategyV2-V2,EUR/USD.IDEALPRO,IDEALPRO-1-2435,EUR/USD.IDEALPRO-MLSignalStrategyV2-V2,IDEALPRO-001,,STOP_MARKET,SELL,100000.00,GTC,True,False,0.00,NO_LIQUIDITY_SIDE,,,,NO_TRIGGER,CANCELED,OUO,OL-20250505-190000-001-V2-812,['O-20250505-190000-001-V2-2436'],O-20250505-190000-001-V2-2434,,,,['V2_POS1_SL'],a264d1db-6434-425f-97ee-28eb201a8b04,1746471600000000000,1746472080000000000,1.13070,DEFAULT,,,,,
O-20250505-190000-001-V2-2436,BACKTESTER-001,MLSignalStrategyV2-V2,EUR/USD.IDEALPRO,IDEALPRO-1-2436,EUR/USD.IDEALPRO-MLSignalStrategyV2-V2,IDEALPRO-001,IDEALPRO-1-251659,LIMIT,SELL,100000.00,GTC,True,False,100000.00,MAKER,1.13194,0.0,['2.26 USD'],NO_TRIGGER,FILLED,OUO,OL-20250505-190000-001-V2-812,['O-20250505-190000-001-V2-2435'],O-20250505-190000-001-V2-2434,,,,['V2_POS1_TP'],fd735ae4-6f4b-42e9-868e-009b056d04d0,1746471600000000000,1746472080000000000,,,,,1.13194,False,
O-20250505-221500-001-V2-2437,BACKTESTER-001,MLSignalStrategyV2-V2,EUR/USD.IDEALPRO,IDEALPRO-1-2437,EUR/USD.IDEALPRO-MLSignalStrategyV2-V2,IDEALPRO-001,IDEALPRO-1-252005,MARKET,BUY,100000.00,GTC,False,False,100000.00,TAKER,1.13197,0.0,['2.26 USD'],NO_TRIGGER,FILLED,OTO,OL-20250505-221500-001-V2-813,"['O-20250505-221500-001-V2-2438', 'O-20250505-221500-001-V2-2439']",,,,,['V2_POS1'],6176e038-eb25-458f-9915-6d42eda33398,1746483300000000000,1746483300000000000,,,,,,,
O-20250505-221500-001-V2-2438,BACKTESTER-001,MLSignalStrategyV2-V2,EUR/USD.IDEALPRO,IDEALPRO-1-2438,EUR/USD.IDEALPRO-MLSignalStrategyV2-V2,IDEALPRO-001,IDEALPRO-1-252049,STOP_MARKET,SELL,100000.00,GTC,True,False,100000.00,TAKER,1.13156,5.0000000000105516e-05,['2.26 USD'],NO_TRIGGER,FILLED,OUO,OL-20250505-221500-001-V2-813,['O-20250505-221500-001-V2-2439'],O-20250505-221500-001-V2-2437,,,,['V2_POS1_SL'],4296fa19-4fd0-4b67-87c1-38a09749400f,1746483300000000000,1746484620000000000,1.13161,DEFAULT,,,,,
O-20250505-221500-001-V2-2439,BACKTESTER-001,MLSignalStrategyV2-V2,EUR/USD.IDEALPRO,IDEALPRO-1-2439,EUR/USD.IDEALPRO-MLSignalStrategyV2-V2,IDEALPRO-001,,LIMIT,SELL,100000.00,GTC,True,False,0.00,NO_LIQUIDITY_SIDE,,,,NO_TRIGGER,CANCELED,OUO,OL-20250505-221500-001-V2-813,['O-20250505-221500-001-V2-2438'],O-20250505-221500-001-V2-2437,,,,['V2_POS1_TP'],3a8bb6c3-cdd2-437e-b415-f62f440c430d,1746483300000000000,1746484620000000000,,,,,1.13233,False,
O-20250505-234500-001-V2-2440,BACKTESTER-001,MLSignalStrategyV2-V2,EUR/USD.IDEALPRO,IDEALPRO-1-2440,EUR/USD.IDEALPRO-MLSignalStrategyV2-V2,IDEALPRO-001,IDEALPRO-1-252187,MARKET,BUY,100000.00,GTC,False,False,100000.00,TAKER,1.13164,0.0,['2.26 USD'],NO_TRIGGER,FILLED,OTO,OL-20250505-234500-001-V2-814,"['O-20250505-234500-001-V2-2441', 'O-20250505-234500-001-V2-2442']",,,,,['V2_POS1'],6aaecb40-b13e-48bc-b7f5-d95612737d0c,1746488700000000000,1746488700000000000,,,,,,,
O-20250505-234500-001-V2-2441,BACKTESTER-001,MLSignalStrategyV2-V2,EUR/USD.IDEALPRO,IDEALPRO-1-2441,EUR/USD.IDEALPRO-MLSignalStrategyV2-V2,IDEALPRO-001,IDEALPRO-1-252211,STOP_MARKET,SELL,100000.00,GTC,True,False,100000.00,TAKER,1.13129,2.0000000000131024e-05,['2.26 USD'],NO_TRIGGER,FILLED,OUO,OL-20250505-234500-001-V2-814,['O-20250505-234500-001-V2-2442'],O-20250505-234500-001-V2-2440,,,,['V2_POS1_SL'],6d50f274-6222-4a28-b0d6-624d099c61f1,1746488700000000000,1746489420000000000,1.13131,DEFAULT,,,,,
O-20250505-234500-001-V2-2442,BACKTESTER-001,MLSignalStrategyV2-V2,EUR/USD.IDEALPRO,IDEALPRO-1-2442,EUR/USD.IDEALPRO-MLSignalStrategyV2-V2,IDEALPRO-001,,LIMIT,SELL,100000.00,GTC,True,False,0.00,NO_LIQUIDITY_SIDE,,,,NO_TRIGGER,CANCELED,OUO,OL-20250505-234500-001-V2-814,['O-20250505-234500-001-V2-2441'],O-20250505-234500-001-V2-2440,,,,['V2_POS1_TP'],34120b79-0615-40ec-aeca-ac8aba1fe48e,1746488700000000000,1746489420000000000,,,,,1.13195,False,
O-20250506-000000-001-V2-2443,BACKTESTER-001,MLSignalStrategyV2-V2,EUR/USD.IDEALPRO,IDEALPRO-1-2443,EUR/USD.IDEALPRO-MLSignalStrategyV2-V2,IDEALPRO-001,IDEALPRO-1-252218,MARKET,BUY,100000.00,GTC,False,False,100000.00,TAKER,1.13123,0.0,['2.26 USD'],NO_TRIGGER,FILLED,OTO,OL-20250506-000000-001-V2-815,"['O-20250506-000000-001-V2-2444', 'O-20250506-000000-001-V2-2445']",,,,,['V2_POS1'],af52ba0b-2608-4dc2-b533-39dc1af20e2c,1746489600000000000,1746489600000000000,,,,,,,
O-20250506-000000-001-V2-2444,BACKTESTER-001,MLSignalStrategyV2-V2,EUR/USD.IDEALPRO,IDEALPRO-1-2444,EUR/USD.IDEALPRO-MLSignalStrategyV2-V2,IDEALPRO-001,IDEALPRO-1-252235,STOP_MARKET,SELL,100000.00,GTC,True,False,100000.00,TAKER,1.13058,0.0003300000000001635,['2.26 USD'],NO_TRIGGER,FILLED,OUO,OL-20250506-000000-001-V2-815,['O-20250506-000000-001-V2-2445'],O-20250506-000000-001-V2-2443,,,,['V2_POS1_SL'],f07fbf60-c58d-46fe-954b-ba677b34bf80,1746489600000000000,1746490080000000000,1.13091,DEFAULT,,,,,
O-20250506-000000-001-V2-2445,BACKTESTER-001,MLSignalStrategyV2-V2,EUR/USD.IDEALPRO,IDEALPRO-1-2445,EUR/USD.IDEALPRO-MLSignalStrategyV2-V2,IDEALPRO-001,,LIMIT,SELL,100000.00,GTC,True,False,0.00,NO_LIQUIDITY_SIDE,,,,NO_TRIGGER,CANCELED,OUO,OL-20250506-000000-001-V2-815,['O-20250506-000000-001-V2-2444'],O-20250506-000000-001-V2-2443,,,,['V2_POS1_TP'],b2c1fd27-726f-4423-be6e-5cbb947ada3a,1746489600000000000,1746490080000000000,,,,,1.13155,False,
O-20250506-001500-001-V2-2446,BACKTESTER-001,MLSignalStrategyV2-V2,EUR/USD.IDEALPRO,IDEALPRO-1-2446,EUR/USD.IDEALPRO-MLSignalStrategyV2-V2,IDEALPRO-001,IDEALPRO-1-252250,MARKET,BUY,100000.00,GTC,False,False,100000.00,TAKER,1.12989,0.0,['2.26 USD'],NO_TRIGGER,FILLED,OTO,OL-20250506-001500-001-V2-816,"['O-20250506-001500-001-V2-2447', 'O-20250506-001500-001-V2-2448']",,,,,['V2_POS1'],cd4c990b-fa49-4c12-8e59-1c046bf61661,1746490500000000000,1746490500000000000,,,,,,,
O-20250506-001500-001-V2-2447,BACKTESTER-001,MLSignalStrategyV2-V2,EUR/USD.IDEALPRO,IDEALPRO-1-2447,EUR/USD.IDEALPRO-MLSignalStrategyV2-V2,IDEALPRO-001,IDEALPRO-1-252257,STOP_MARKET,SELL,100000.00,GTC,True,False,100000.00,TAKER,1.12941,9.999999999998899e-05,['2.26 USD'],NO_TRIGGER,FILLED,OUO,OL-20250506-001500-001-V2-816,['O-20250506-001500-001-V2-2448'],O-20250506-001500-001-V2-2446,,,,['V2_POS1_SL'],02179a65-cba4-44c7-b042-324be4c9cf95,1746490500000000000,1746490680000000000,1.12951,DEFAULT,,,,,
O-20250506-001500-001-V2-2448,BACKTESTER-001,MLSignalStrategyV2-V2,EUR/USD.IDEALPRO,IDEALPRO-1-2448,EUR/USD.IDEALPRO-MLSignalStrategyV2-V2,IDEALPRO-001,,LIMIT,SELL,100000.00,GTC,True,False,0.00,NO_LIQUIDITY_SIDE,,,,NO_TRIGGER,CANCELED,OUO,OL-20250506-001500-001-V2-816,['O-20250506-001500-001-V2-2447'],O-20250506-001500-001-V2-2446,,,,['V2_POS1_TP'],269aedb2-f017-4540-acd1-9baf42791312,1746490500000000000,1746490680000000000,,,,,1.13027,False,
O-20250506-003000-001-V2-2449,BACKTESTER-001,MLSignalStrategyV2-V2,EUR/USD.IDEALPRO,IDEALPRO-1-2449,EUR/USD.IDEALPRO-MLSignalStrategyV2-V2,IDEALPRO-001,IDEALPRO-1-252282,MARKET,BUY,100000.00,GTC,False,False,100000.00,TAKER,1.12868,0.0,['2.26 USD'],NO_TRIGGER,FILLED,OTO,OL-20250506-003000-001-V2-817,"['O-20250506-003000-001-V2-2450', 'O-20250506-003000-001-V2-2451']",,,,,['V2_POS1'],3ba21eb8-e685-4fdd-a539-3fe26b9a7c9f,1746491400000000000,1746491400000000000,,,,,,,
O-20250506-003000-001-V2-2450,BACKTESTER-001,MLSignalStrategyV2-V2,EUR/USD.IDEALPRO,IDEALPRO-1-2450,EUR/USD.IDEALPRO-MLSignalStrategyV2-V2,IDEALPRO-001,,STOP_MARKET,SELL,100000.00,GTC,True,False,0.00,NO_LIQUIDITY_SIDE,,,,NO_TRIGGER,CANCELED,OUO,OL-20250506-003000-001-V2-817,['O-20250506-003000-001-V2-2451'],O-20250506-003000-001-V2-2449,,,,['V2_POS1_SL'],82399989-8f7e-4f31-9545-953e556d0935,1746491400000000000,1746491520000000000,1.12817,DEFAULT,,,,,
O-20250506-003000-001-V2-2451,BACKTESTER-001,MLSignalStrategyV2-V2,EUR/USD.IDEALPRO,IDEALPRO-1-2451,EUR/USD.IDEALPRO-MLSignalStrategyV2-V2,IDEALPRO-001,IDEALPRO-1-252287,LIMIT,SELL,100000.00,GTC,True,False,100000.00,MAKER,1.12923,-4.0000000000040004e-05,['2.26 USD'],NO_TRIGGER,FILLED,OUO,OL-20250506-003000-001-V2-817,['O-20250506-003000-001-V2-2450'],O-20250506-003000-001-V2-2449,,,,['V2_POS1_TP'],eac64037-d252-4f3d-b586-8cfab66e30b1,1746491400000000000,1746491520000000000,,,,,1.12919,False,
O-20250506-004500-001-V2-2452,BACKTESTER-001,MLSignalStrategyV2-V2,EUR/USD.IDEALPRO,IDEALPRO-1-2452,EUR/USD.IDEALPRO-MLSignalStrategyV2-V2,IDEALPRO-001,IDEALPRO-1-252314,MARKET,BUY,100000.00,GTC,False,False,100000.00,TAKER,1.12871,0.0,['2.26 USD'],NO_TRIGGER,FILLED,OTO,OL-20250506-004500-001-V2-818,"['O-20250506-004500-001-V2-2453', 'O-20250506-004500-001-V2-2454']",,,,,['V2_POS1'],0438ecf6-a4ad-4dcb-82da-85a3381084b6,1746492300000000000,1746492300000000000,,,,,,,
O-20250506-004500-001-V2-2453,BACKTESTER-001,MLSignalStrategyV2-V2,EUR/USD.IDEALPRO,IDEALPRO-1-2453,EUR/USD.IDEALPRO-MLSignalStrategyV2-V2,IDEALPRO-001,IDEALPRO-1-252353,STOP_MARKET,SELL,100000.00,GTC,True,False,100000.00,TAKER,1.128,0.0001100000000000545,['2.26 USD'],NO_TRIGGER,FILLED,OUO,OL-20250506-004500-001-V2-818,['O-20250506-004500-001-V2-2454'],O-20250506-004500-001-V2-2452,,,,['V2_POS1_SL'],ec70ff62-862c-4064-827e-10f9291fee17,1746492300000000000,1746493440000000000,1.12811,DEFAULT,,,,,
O-20250506-004500-001-V2-2454,BACKTESTER-001,MLSignalStrategyV2-V2,EUR/USD.IDEALPRO,IDEALPRO-1-2454,EUR/USD.IDEALPRO-MLSignalStrategyV2-V2,IDEALPRO-001,,LIMIT,SELL,100000.00,GTC,True,False,0.00,NO_LIQUIDITY_SIDE,,,,NO_TRIGGER,CANCELED,OUO,OL-20250506-004500-001-V2-818,['O-20250506-004500-001-V2-2453'],O-20250506-004500-001-V2-2452,,,,['V2_POS1_TP'],5288a0c8-18a8-4a52-88d2-7ab293a36df2,1746492300000000000,1746493440000000000,,,,,1.12929,False,
O-20250506-013000-001-V2-2455,BACKTESTER-001,MLSignalStrategyV2-V2,EUR/USD.IDEALPRO,IDEALPRO-1-2455,EUR/USD.IDEALPRO-MLSignalStrategyV2-V2,IDEALPRO-001,IDEALPRO-1-252406,MARKET,BUY,100000.00,GTC,False,False,100000.00,TAKER,1.12887,0.0,['2.26 USD'],NO_TRIGGER,FILLED,OTO,OL-20250506-013000-001-V2-819,"['O-20250506-013000-001-V2-2456', 'O-20250506-013000-001-V2-2457']",,,,,['V2_POS1'],9f4f82f9-3e3b-4e1f-9e34-16a5e3a5ed16,1746495000000000000,1746495000000000000,,,,,,,
O-20250506-013000-001-V2-2456,BACKTESTER-001,MLSignalStrategyV2-V2,EUR/USD.IDEALPRO,IDEALPRO-1-2456,EUR/USD.IDEALPRO-MLSignalStrategyV2-V2,IDEALPRO-001,IDEALPRO-1-252411,STOP_MARKET,SELL,100000.00,GTC,True,False,100000.00,TAKER,1.128,0.00021000000000004349,['2.26 USD'],NO_TRIGGER,FILLED,OUO,OL-20250506-013000-001-V2-819,['O-20250506-013000-001-V2-2457'],O-20250506-013000-001-V2-2455,,,,['V2_POS1_SL'],377cbe14-13d0-4f12-ad72-c00ee9b7ca9f,1746495000000000000,1746495120000000000,1.12821,DEFAULT,,,,,
O-20250506-013000-001-V2-2457,BACKTESTER-001,MLSignalStrategyV2-V2,EUR/USD.IDEALPRO,IDEALPRO-1-2457,EUR/USD.IDEALPRO-MLSignalStrategyV2-V2,IDEALPRO-001,,LIMIT,SELL,100000.00,GTC,True,False,0.00,NO_LIQUIDITY_SIDE,,,,NO_TRIGGER,CANCELED,OUO,OL-20250506-013000-001-V2-819,['O-20250506-013000-001-V2-2456'],O-20250506-013000-001-V2-2455,,,,['V2_POS1_TP'],c3e2943b-8720-46a5-9b41-c6bf2588a647,1746495000000000000,1746495120000000000,,,,,1.12953,False,
O-20250506-014500-001-V2-2458,BACKTESTER-001,MLSignalStrategyV2-V2,EUR/USD.IDEALPRO,IDEALPRO-1-2458,EUR/USD.IDEALPRO-MLSignalStrategyV2-V2,IDEALPRO-001,IDEALPRO-1-252439,MARKET,BUY,100000.00,GTC,False,False,100000.00,TAKER,1.12906,0.0,['2.26 USD'],NO_TRIGGER,FILLED,OTO,OL-20250506-014500-001-V2-820,"['O-20250506-014500-001-V2-2459', 'O-20250506-014500-001-V2-2460']",,,,,['V2_POS1'],d8fca2a9-a806-40bb-87b7-6142d1a76715,1746495900000000000,1746495900000000000,,,,,,,
O-20250506-014500-001-V2-2459,BACKTESTER-001,MLSignalStrategyV2-V2,EUR/USD.IDEALPRO,IDEALPRO-1-2459,EUR/USD.IDEALPRO-MLSignalStrategyV2-V2,IDEALPRO-001,,STOP_MARKET,SELL,100000.00,GTC,True,False,0.00,NO_LIQUIDITY_SIDE,,,,NO_TRIGGER,CANCELED,OUO,OL-20250506-014500-001-V2-820,['O-20250506-014500-001-V2-2460'],O-20250506-014500-001-V2-2458,,,,['V2_POS1_SL'],4ed39acd-1087-48ac-9614-0cc442298b34,1746495900000000000,1746496980000000000,1.12835,DEFAULT,,,,,
O-20250506-014500-001-V2-2460,BACKTESTER-001,MLSignalStrategyV2-V2,EUR/USD.IDEALPRO,IDEALPRO-1-2460,EUR/USD.IDEALPRO-MLSignalStrategyV2-V2,IDEALPRO-001,IDEALPRO-1-252475,LIMIT,SELL,100000.00,GTC,True,False,100000.00,MAKER,1.12978,-1.0000000000065512e-05,['2.26 USD'],NO_TRIGGER,FILLED,OUO,OL-20250506-014500-001-V2-820,['O-20250506-014500-001-V2-2459'],O-20250506-014500-001-V2-2458,,,,['V2_POS1_TP'],11bc5c0e-93ae-412d-8bed-7e62aa3b758a,1746495900000000000,1746496980000000000,,,,,1.12977,False,
O-20250506-041500-001-V2-2461,BACKTESTER-001,MLSignalStrategyV2-V2,EUR/USD.IDEALPRO,IDEALPRO-1-2461,EUR/USD.IDEALPRO-MLSignalStrategyV2-V2,IDEALPRO-001,IDEALPRO-1-252740,MARKET,BUY,100000.00,GTC,False,False,100000.00,TAKER,1.13187,0.0,['2.26 USD'],NO_TRIGGER,FILLED,OTO,OL-20250506-041500-001-V2-821,"['O-20250506-041500-001-V2-2462', 'O-20250506-041500-001-V2-2463']",,,,,['V2_POS1'],2dd7be03-96df-4336-818c-dfae4277c4ab,1746504900000000000,1746504900000000000,,,,,,,
O-20250506-041500-001-V2-2462,BACKTESTER-001,MLSignalStrategyV2-V2,EUR/USD.IDEALPRO,IDEALPRO-1-2462,EUR/USD.IDEALPRO-MLSignalStrategyV2-V2,IDEALPRO-001,,STOP_MARKET,SELL,100000.00,GTC,True,False,0.00,NO_LIQUIDITY_SIDE,,,,NO_TRIGGER,CANCELED,OUO,OL-20250506-041500-001-V2-821,['O-20250506-041500-001-V2-2463'],O-20250506-041500-001-V2-2461,,,,['V2_POS1_SL'],05d65601-fd57-433e-8d0d-881e580fe9d8,1746504900000000000,1746506760000000000,1.13124,DEFAULT,,,,,
O-20250506-041500-001-V2-2463,BACKTESTER-001,MLSignalStrategyV2-V2,EUR/USD.IDEALPRO,IDEALPRO-1-2463,EUR/USD.IDEALPRO-MLSignalStrategyV2-V2,IDEALPRO-001,IDEALPRO-1-252803,LIMIT,SELL,100000.00,GTC,True,False,100000.00,MAKER,1.1327,-0.00019999999999997797,['2.27 USD'],NO_TRIGGER,FILLED,OUO,OL-20250506-041500-001-V2-821,['O-20250506-041500-001-V2-2462'],O-20250506-041500-001-V2-2461,,,,['V2_POS1_TP'],25a9766c-e5e8-4c41-aa50-37a17df9c739,1746504900000000000,1746506760000000000,,,,,1.13250,False,
O-20250506-084500-001-V2-2464,BACKTESTER-001,MLSignalStrategyV2-V2,EUR/USD.IDEALPRO,IDEALPRO-1-2464,EUR/USD.IDEALPRO-MLSignalStrategyV2-V2,IDEALPRO-001,IDEALPRO-1-253282,MARKET,BUY,100000.00,GTC,False,False,100000.00,TAKER,1.13357,0.0,['2.27 USD'],NO_TRIGGER,FILLED,OTO,OL-20250506-084500-001-V2-822,"['O-20250506-084500-001-V2-2465', 'O-20250506-084500-001-V2-2466']",,,,,['V2_POS1'],08c7e488-d8d7-4159-a758-74865395e092,1746521100000000000,1746521100000000000,,,,,,,
O-20250506-084500-001-V2-2465,BACKTESTER-001,MLSignalStrategyV2-V2,EUR/USD.IDEALPRO,IDEALPRO-1-2465,EUR/USD.IDEALPRO-MLSignalStrategyV2-V2,IDEALPRO-001,IDEALPRO-1-253309,STOP_MARKET,SELL,100000.00,GTC,True,False,100000.00,TAKER,1.13257,8.999999999992347e-05,['2.27 USD'],NO_TRIGGER,FILLED,OUO,OL-20250506-084500-001-V2-822,['O-20250506-084500-001-V2-2466'],O-20250506-084500-001-V2-2464,,,,['V2_POS1_SL'],8208c8b9-8a2a-46da-8459-13f4a8d2ec92,1746521100000000000,1746521880000000000,1.13266,DEFAULT,,,,,
O-20250506-084500-001-V2-2466,BACKTESTER-001,MLSignalStrategyV2-V2,EUR/USD.IDEALPRO,IDEALPRO-1-2466,EUR/USD.IDEALPRO-MLSignalStrategyV2-V2,IDEALPRO-001,,LIMIT,SELL,100000.00,GTC,True,False,0.00,NO_LIQUIDITY_SIDE,,,,NO_TRIGGER,CANCELED,OUO,OL-20250506-084500-001-V2-822,['O-20250506-084500-001-V2-2465'],O-20250506-084500-001-V2-2464,,,,['V2_POS1_TP'],8a98f9f0-0f13-493b-bd7f-40f3fc574507,1746521100000000000,1746521880000000000,,,,,1.13448,False,
O-20250506-201500-001-V2-2467,BACKTESTER-001,MLSignalStrategyV2-V2,EUR/USD.IDEALPRO,IDEALPRO-1-2467,EUR/USD.IDEALPRO-MLSignalStrategyV2-V2,IDEALPRO-001,IDEALPRO-1-254664,MARKET,BUY,100000.00,GTC,False,False,100000.00,TAKER,1.13781,0.0,['2.28 USD'],NO_TRIGGER,FILLED,OTO,OL-20250506-201500-001-V2-823,"['O-20250506-201500-001-V2-2468', 'O-20250506-201500-001-V2-2469']",,,,,['V2_POS1'],22433cf2-6e3e-482f-9eda-5d2429866253,1746562500000000000,1746562500000000000,,,,,,,
O-20250506-201500-001-V2-2468,BACKTESTER-001,MLSignalStrategyV2-V2,EUR/USD.IDEALPRO,IDEALPRO-1-2468,EUR/USD.IDEALPRO-MLSignalStrategyV2-V2,IDEALPRO-001,IDEALPRO-1-254697,STOP_MARKET,SELL,100000.00,GTC,True,False,100000.00,TAKER,1.13681,0.00027999999999983594,['2.27 USD'],NO_TRIGGER,FILLED,OUO,OL-20250506-201500-001-V2-823,['O-20250506-201500-001-V2-2469'],O-20250506-201500-001-V2-2467,,,,['V2_POS1_SL'],1def3e0a-97c7-4c9f-ba30-7a7ee7defeac,1746562500000000000,1746563460000000000,1.13709,DEFAULT,,,,,
O-20250506-201500-001-V2-2469,BACKTESTER-001,MLSignalStrategyV2-V2,EUR/USD.IDEALPRO,IDEALPRO-1-2469,EUR/USD.IDEALPRO-MLSignalStrategyV2-V2,IDEALPRO-001,,LIMIT,SELL,100000.00,GTC,True,False,0.00,NO_LIQUIDITY_SIDE,,,,NO_TRIGGER,CANCELED,OUO,OL-20250506-201500-001-V2-823,['O-20250506-201500-001-V2-2468'],O-20250506-201500-001-V2-2467,,,,['V2_POS1_TP'],d00e8062-8016-44dd-a9b1-ebebf3ad76a1,1746562500000000000,1746563460000000000,,,,,1.13851,False,
O-20250506-223000-001-V2-2470,BACKTESTER-001,MLSignalStrategyV2-V2,EUR/USD.IDEALPRO,IDEALPRO-1-2470,EUR/USD.IDEALPRO-MLSignalStrategyV2-V2,IDEALPRO-001,IDEALPRO-1-254906,MARKET,BUY,100000.00,GTC,False,False,100000.00,TAKER,1.13296,0.0,['2.27 USD'],NO_TRIGGER,FILLED,OTO,OL-20250506-223000-001-V2-824,"['O-20250506-223000-001-V2-2471', 'O-20250506-223000-001-V2-2472']",,,,,['V2_POS1'],baafd122-2ab9-4753-9f76-6d983cd40189,1746570600000000000,1746570600000000000,,,,,,,
O-20250506-223000-001-V2-2471,BACKTESTER-001,MLSignalStrategyV2-V2,EUR/USD.IDEALPRO,IDEALPRO-1-2471,EUR/USD.IDEALPRO-MLSignalStrategyV2-V2,IDEALPRO-001,,STOP_MARKET,SELL,100000.00,GTC,True,False,0.00,NO_LIQUIDITY_SIDE,,,,NO_TRIGGER,CANCELED,OUO,OL-20250506-223000-001-V2-824,['O-20250506-223000-001-V2-2472'],O-20250506-223000-001-V2-2470,,,,['V2_POS1_SL'],a2957c53-e868-46fd-8239-f4b497edc97e,1746570600000000000,1746570840000000000,1.13202,DEFAULT,,,,,
O-20250506-223000-001-V2-2472,BACKTESTER-001,MLSignalStrategyV2-V2,EUR/USD.IDEALPRO,IDEALPRO-1-2472,EUR/USD.IDEALPRO-MLSignalStrategyV2-V2,IDEALPRO-001,IDEALPRO-1-254915,LIMIT,SELL,100000.00,GTC,True,False,100000.00,MAKER,1.13394,-4.0000000000040004e-05,['2.27 USD'],NO_TRIGGER,FILLED,OUO,OL-20250506-223000-001-V2-824,['O-20250506-223000-001-V2-2471'],O-20250506-223000-001-V2-2470,,,,['V2_POS1_TP'],df15a67f-b394-44de-be8a-0dee34910647,1746570600000000000,1746570840000000000,,,,,1.13390,False,
O-20250506-230000-001-V2-2473,BACKTESTER-001,MLSignalStrategyV2-V2,EUR/USD.IDEALPRO,IDEALPRO-1-2473,EUR/USD.IDEALPRO-MLSignalStrategyV2-V2,IDEALPRO-001,IDEALPRO-1-254968,MARKET,BUY,100000.00,GTC,False,False,100000.00,TAKER,1.13427,0.0,['2.27 USD'],NO_TRIGGER,FILLED,OTO,OL-20250506-230000-001-V2-825,"['O-20250506-230000-001-V2-2474', 'O-20250506-230000-001-V2-2475']",,,,,['V2_POS1'],da1e015e-fc64-4c9b-9bc6-7562a4538da3,1746572400000000000,1746572400000000000,,,,,,,
O-20250506-230000-001-V2-2474,BACKTESTER-001,MLSignalStrategyV2-V2,EUR/USD.IDEALPRO,IDEALPRO-1-2474,EUR/USD.IDEALPRO-MLSignalStrategyV2-V2,IDEALPRO-001,IDEALPRO-1-255133,STOP_MARKET,SELL,100000.00,GTC,True,False,100000.00,TAKER,1.13301,0.00017999999999984695,['2.27 USD'],NO_TRIGGER,FILLED,OUO,OL-20250506-230000-001-V2-825,['O-20250506-230000-001-V2-2475'],O-20250506-230000-001-V2-2473,,,,['V2_POS1_SL'],f299588c-df74-4948-b5fc-afc481771643,1746572400000000000,1746577320000000000,1.13319,DEFAULT,,,,,
O-20250506-230000-001-V2-2475,BACKTESTER-001,MLSignalStrategyV2-V2,EUR/USD.IDEALPRO,IDEALPRO-1-2475,EUR/USD.IDEALPRO-MLSignalStrategyV2-V2,IDEALPRO-001,,LIMIT,SELL,100000.00,GTC,True,False,0.00,NO_LIQUIDITY_SIDE,,,,NO_TRIGGER,CANCELED,OUO,OL-20250506-230000-001-V2-825,['O-20250506-230000-001-V2-2474'],O-20250506-230000-001-V2-2473,,,,['V2_POS1_TP'],35d318b5-278d-4677-b433-53f9bd5756ee,1746572400000000000,1746577320000000000,,,,,1.13533,False,
O-20250507-023000-001-V2-2476,BACKTESTER-001,MLSignalStrategyV2-V2,EUR/USD.IDEALPRO,IDEALPRO-1-2476,EUR/USD.IDEALPRO-MLSignalStrategyV2-V2,IDEALPRO-001,IDEALPRO-1-255390,MARKET,BUY,100000.00,GTC,False,False,100000.00,TAKER,1.13433,0.0,['2.27 USD'],NO_TRIGGER,FILLED,OTO,OL-20250507-023000-001-V2-826,"['O-20250507-023000-001-V2-2477', 'O-20250507-023000-001-V2-2478']",,,,,['V2_POS1'],5ae106dc-5f16-4fcc-b72a-74e207578941,1746585000000000000,1746585000000000000,,,,,,,
O-20250507-023000-001-V2-2477,BACKTESTER-001,MLSignalStrategyV2-V2,EUR/USD.IDEALPRO,IDEALPRO-1-2477,EUR/USD.IDEALPRO-MLSignalStrategyV2-V2,IDEALPRO-001,,STOP_MARKET,SELL,100000.00,GTC,True,False,0.00,NO_LIQUIDITY_SIDE,,,,NO_TRIGGER,CANCELED,OUO,OL-20250507-023000-001-V2-826,['O-20250507-023000-001-V2-2478'],O-20250507-023000-001-V2-2476,,,,['V2_POS1_SL'],a1919637-27f3-4fe8-9c31-77ec65392eaf,1746585000000000000,1746594960000000000,1.13326,DEFAULT,,,,,
O-20250507-023000-001-V2-2478,BACKTESTER-001,MLSignalStrategyV2-V2,EUR/USD.IDEALPRO,IDEALPRO-1-2478,EUR/USD.IDEALPRO-MLSignalStrategyV2-V2,IDEALPRO-001,IDEALPRO-1-255723,LIMIT,SELL,100000.00,GTC,True,False,100000.00,MAKER,1.13543,-2.999999999997449e-05,['2.27 USD'],NO_TRIGGER,FILLED,OUO,OL-20250507-023000-001-V2-826,['O-20250507-023000-001-V2-2477'],O-20250507-023000-001-V2-2476,,,,['V2_POS1_TP'],4335bc22-b436-41d1-ba90-a116d3c3d425,1746585000000000000,1746594960000000000,,,,,1.13540,False,
O-20250507-053000-001-V2-2479,BACKTESTER-001,MLSignalStrategyV2-V2,EUR/USD.IDEALPRO,IDEALPRO-1-2479,EUR/USD.IDEALPRO-MLSignalStrategyV2-V2,IDEALPRO-001,IDEALPRO-1-255752,MARKET,BUY,100000.00,GTC,False,False,100000.00,TAKER,1.13553,0.0,['2.27 USD'],NO_TRIGGER,FILLED,OTO,OL-20250507-053000-001-V2-827,"['O-20250507-053000-001-V2-2480', 'O-20250507-053000-001-V2-2481']",,,,,['V2_POS1'],bb9b6fd6-9c05-400b-a142-189bed5edf72,1746595800000000000,1746595800000000000,,,,,,,
O-20250507-053000-001-V2-2480,BACKTESTER-001,MLSignalStrategyV2-V2,EUR/USD.IDEALPRO,IDEALPRO-1-2480,EUR/USD.IDEALPRO-MLSignalStrategyV2-V2,IDEALPRO-001,,STOP_MARKET,SELL,100000.00,GTC,True,False,0.00,NO_LIQUIDITY_SIDE,,,,NO_TRIGGER,CANCELED,OUO,OL-20250507-053000-001-V2-827,['O-20250507-053000-001-V2-2481'],O-20250507-053000-001-V2-2479,,,,['V2_POS1_SL'],f347a560-48dc-4259-888f-cc0ce6d9a225,1746595800000000000,1746597060000000000,1.13490,DEFAULT,,,,,
O-20250507-053000-001-V2-2481,BACKTESTER-001,MLSignalStrategyV2-V2,EUR/USD.IDEALPRO,IDEALPRO-1-2481,EUR/USD.IDEALPRO-MLSignalStrategyV2-V2,IDEALPRO-001,IDEALPRO-1-255795,LIMIT,SELL,100000.00,GTC,True,False,100000.00,MAKER,1.13621,-4.999999999988347e-05,['2.27 USD'],NO_TRIGGER,FILLED,OUO,OL-20250507-053000-001-V2-827,['O-20250507-053000-001-V2-2480'],O-20250507-053000-001-V2-2479,,,,['V2_POS1_TP'],32bdacf8-d940-48a7-9e50-f809a4063bd8,1746595800000000000,1746597060000000000,,,,,1.13616,False,
O-20250507-140000-001-V2-2482,BACKTESTER-001,MLSignalStrategyV2-V2,EUR/USD.IDEALPRO,IDEALPRO-1-2482,EUR/USD.IDEALPRO-MLSignalStrategyV2-V2,IDEALPRO-001,IDEALPRO-1-256775,MARKET,BUY,100000.00,GTC,False,False,100000.00,TAKER,1.1367,0.0,['2.27 USD'],NO_TRIGGER,FILLED,OTO,OL-20250507-140000-001-V2-828,"['O-20250507-140000-001-V2-2483', 'O-20250507-140000-001-V2-2484']",,,,,['V2_POS1'],015adcf8-a024-400b-bd8b-dc912c512521,1746626400000000000,1746626400000000000,,,,,,,
O-20250507-140000-001-V2-2483,BACKTESTER-001,MLSignalStrategyV2-V2,EUR/USD.IDEALPRO,IDEALPRO-1-2483,EUR/USD.IDEALPRO-MLSignalStrategyV2-V2,IDEALPRO-001,IDEALPRO-1-256791,STOP_MARKET,SELL,100000.00,GTC,True,False,100000.00,TAKER,1.13576,0.00018999999999991246,['2.27 USD'],NO_TRIGGER,FILLED,OUO,OL-20250507-140000-001-V2-828,['O-20250507-140000-001-V2-2484'],O-20250507-140000-001-V2-2482,,,,['V2_POS1_SL'],4defefb3-6d37-4e3a-841c-f018ed1f052f,1746626400000000000,1746626880000000000,1.13595,DEFAULT,,,,,
O-20250507-140000-001-V2-2484,BACKTESTER-001,MLSignalStrategyV2-V2,EUR/USD.IDEALPRO,IDEALPRO-1-2484,EUR/USD.IDEALPRO-MLSignalStrategyV2-V2,IDEALPRO-001,,LIMIT,SELL,100000.00,GTC,True,False,0.00,NO_LIQUIDITY_SIDE,,,,NO_TRIGGER,CANCELED,OUO,OL-20250507-140000-001-V2-828,['O-20250507-140000-001-V2-2483'],O-20250507-140000-001-V2-2482,,,,['V2_POS1_TP'],c679935b-b0c1-4d6f-8871-89a2160699e4,1746626400000000000,1746626880000000000,,,,,1.13743,False,
O-20250507-143000-001-V2-2485,BACKTESTER-001,MLSignalStrategyV2-V2,EUR/USD.IDEALPRO,IDEALPRO-1-2485,EUR/USD.IDEALPRO-MLSignalStrategyV2-V2,IDEALPRO-001,IDEALPRO-1-256836,MARKET,BUY,100000.00,GTC,False,False,100000.00,TAKER,1.13619,0.0,['2.27 USD'],NO_TRIGGER,FILLED,OTO,OL-20250507-143000-001-V2-829,"['O-20250507-143000-001-V2-2486', 'O-20250507-143000-001-V2-2487']",,,,,['V2_POS1'],4cfe32b8-d02c-45be-99cf-0baef7433e09,1746628200000000000,1746628200000000000,,,,,,,
O-20250507-143000-001-V2-2486,BACKTESTER-001,MLSignalStrategyV2-V2,EUR/USD.IDEALPRO,IDEALPRO-1-2486,EUR/USD.IDEALPRO-MLSignalStrategyV2-V2,IDEALPRO-001,,STOP_MARKET,SELL,100000.00,GTC,True,False,0.00,NO_LIQUIDITY_SIDE,,,,NO_TRIGGER,CANCELED,OUO,OL-20250507-143000-001-V2-829,['O-20250507-143000-001-V2-2487'],O-20250507-143000-001-V2-2485,,,,['V2_POS1_SL'],e389b0e6-24a7-4e8a-90bb-114edd36213d,1746628200000000000,1746629640000000000,1.13542,DEFAULT,,,,,
O-20250507-143000-001-V2-2487,BACKTESTER-001,MLSignalStrategyV2-V2,EUR/USD.IDEALPRO,IDEALPRO-1-2487,EUR/USD.IDEALPRO-MLSignalStrategyV2-V2,IDEALPRO-001,IDEALPRO-1-256885,LIMIT,SELL,100000.00,GTC,True,False,100000.00,MAKER,1.13705,-0.00010999999999983245,['2.27 USD'],NO_TRIGGER,FILLED,OUO,OL-20250507-143000-001-V2-829,['O-20250507-143000-001-V2-2486'],O-20250507-143000-001-V2-2485,,,,['V2_POS1_TP'],1e255153-3287-4bdf-9723-05d8fb92ce42,1746628200000000000,1746629640000000000,,,,,1.13694,False,
O-20250507-201500-001-V2-2488,BACKTESTER-001,MLSignalStrategyV2-V2,EUR/USD.IDEALPRO,IDEALPRO-1-2488,EUR/USD.IDEALPRO-MLSignalStrategyV2-V2,IDEALPRO-001,IDEALPRO-1-257528,MARKET,BUY,100000.00,GTC,False,False,100000.00,TAKER,1.12951,0.0,['2.26 USD'],NO_TRIGGER,FILLED,OTO,OL-20250507-201500-001-V2-830,"['O-20250507-201500-001-V2-2489', 'O-20250507-201500-001-V2-2490']",,,,,['V2_POS1'],b7d08d7b-eea7-4acc-bb3d-cc9460e531a5,1746648900000000000,1746648900000000000,,,,,,,
O-20250507-201500-001-V2-2489,BACKTESTER-001,MLSignalStrategyV2-V2,EUR/USD.IDEALPRO,IDEALPRO-1-2489,EUR/USD.IDEALPRO-MLSignalStrategyV2-V2,IDEALPRO-001,,STOP_MARKET,SELL,100000.00,GTC,True,False,0.00,NO_LIQUIDITY_SIDE,,,,NO_TRIGGER,CANCELED,OUO,OL-20250507-201500-001-V2-830,['O-20250507-201500-001-V2-2490'],O-20250507-201500-001-V2-2488,,,,['V2_POS1_SL'],25c76b9a-be82-422a-b4c9-7a23cf62fa7b,1746648900000000000,1746652560000000000,1.12819,DEFAULT,,,,,
O-20250507-201500-001-V2-2490,BACKTESTER-001,MLSignalStrategyV2-V2,EUR/USD.IDEALPRO,IDEALPRO-1-2490,EUR/USD.IDEALPRO-MLSignalStrategyV2-V2,IDEALPRO-001,IDEALPRO-1-257621,LIMIT,SELL,100000.00,GTC,True,False,100000.00,MAKER,1.13089,-5.999999999994898e-05,['2.26 USD'],NO_TRIGGER,FILLED,OUO,OL-20250507-201500-001-V2-830,['O-20250507-201500-001-V2-2489'],O-20250507-201500-001-V2-2488,,,,['V2_POS1_TP'],3e92cba9-ae27-446b-9ec9-aa9d1843c69f,1746648900000000000,1746652560000000000,,,,,1.13083,False,
O-20250507-214500-001-V2-2491,BACKTESTER-001,MLSignalStrategyV2-V2,EUR/USD.IDEALPRO,IDEALPRO-1-2491,EUR/USD.IDEALPRO-MLSignalStrategyV2-V2,IDEALPRO-001,IDEALPRO-1-257679,MARKET,BUY,100000.00,GTC,False,False,100000.00,TAKER,1.13113,0.0,['2.26 USD'],NO_TRIGGER,FILLED,OTO,OL-20250507-214500-001-V2-831,"['O-20250507-214500-001-V2-2492', 'O-20250507-214500-001-V2-2493']",,,,,['V2_POS1'],04311c9a-6662-4ff9-84d4-0a9c668a7eee,1746654300000000000,1746654300000000000,,,,,,,
O-20250507-214500-001-V2-2492,BACKTESTER-001,MLSignalStrategyV2-V2,EUR/USD.IDEALPRO,IDEALPRO-1-2492,EUR/USD.IDEALPRO-MLSignalStrategyV2-V2,IDEALPRO-001,IDEALPRO-1-257813,STOP_MARKET,SELL,100000.00,GTC,True,False,100000.00,TAKER,1.13006,8.999999999992347e-05,['2.26 USD'],NO_TRIGGER,FILLED,OUO,OL-20250507-214500-001-V2-831,['O-20250507-214500-001-V2-2493'],O-20250507-214500-001-V2-2491,,,,['V2_POS1_SL'],9b249b7c-7ad6-446e-b7ae-720905a24b79,1746654300000000000,1746658260000000000,1.13015,DEFAULT,,,,,
O-20250507-214500-001-V2-2493,BACKTESTER-001,MLSignalStrategyV2-V2,EUR/USD.IDEALPRO,IDEALPRO-1-2493,EUR/USD.IDEALPRO-MLSignalStrategyV2-V2,IDEALPRO-001,,LIMIT,SELL,100000.00,GTC,True,False,0.00,NO_LIQUIDITY_SIDE,,,,NO_TRIGGER,CANCELED,OUO,OL-20250507-214500-001-V2-831,['O-20250507-214500-001-V2-2492'],O-20250507-214500-001-V2-2491,,,,['V2_POS1_TP'],de0328d3-1dba-426b-88d0-17e20a2a652f,1746654300000000000,1746658260000000000,,,,,1.13213,False,
O-20250507-230000-001-V2-2494,BACKTESTER-001,MLSignalStrategyV2-V2,EUR/USD.IDEALPRO,IDEALPRO-1-2494,EUR/USD.IDEALPRO-MLSignalStrategyV2-V2,IDEALPRO-001,IDEALPRO-1-257832,MARKET,BUY,100000.00,GTC,False,False,100000.00,TAKER,1.13013,0.0,['2.26 USD'],NO_TRIGGER,FILLED,OTO,OL-20250507-230000-001-V2-832,"['O-20250507-230000-001-V2-2495', 'O-20250507-230000-001-V2-2496']",,,,,['V2_POS1'],cf6d8d19-603a-430e-9c5b-ad1dcc987f97,1746658800000000000,1746658800000000000,,,,,,,
O-20250507-230000-001-V2-2495,BACKTESTER-001,MLSignalStrategyV2-V2,EUR/USD.IDEALPRO,IDEALPRO-1-2495,EUR/USD.IDEALPRO-MLSignalStrategyV2-V2,IDEALPRO-001,,STOP_MARKET,SELL,100000.00,GTC,True,False,0.00,NO_LIQUIDITY_SIDE,,,,NO_TRIGGER,CANCELED,OUO,OL-20250507-230000-001-V2-832,['O-20250507-230000-001-V2-2496'],O-20250507-230000-001-V2-2494,,,,['V2_POS1_SL'],9d999046-0daf-4ab7-8291-59044c3cddca,1746658800000000000,1746659940000000000,1.12942,DEFAULT,,,,,
O-20250507-230000-001-V2-2496,BACKTESTER-001,MLSignalStrategyV2-V2,EUR/USD.IDEALPRO,IDEALPRO-1-2496,EUR/USD.IDEALPRO-MLSignalStrategyV2-V2,IDEALPRO-001,IDEALPRO-1-257871,LIMIT,SELL,100000.00,GTC,True,False,100000.00,MAKER,1.13088,-4.0000000000040004e-05,['2.26 USD'],NO_TRIGGER,FILLED,OUO,OL-20250507-230000-001-V2-832,['O-20250507-230000-001-V2-2495'],O-20250507-230000-001-V2-2494,,,,['V2_POS1_TP'],f32027c5-ea64-40a1-b10a-d55315bc02fc,1746658800000000000,1746659940000000000,,,,,1.13084,False,
O-20250507-233000-001-V2-2497,BACKTESTER-001,MLSignalStrategyV2-V2,EUR/USD.IDEALPRO,IDEALPRO-1-2497,EUR/USD.IDEALPRO-MLSignalStrategyV2-V2,IDEALPRO-001,IDEALPRO-1-257894,MARKET,BUY,100000.00,GTC,False,False,100000.00,TAKER,1.13057,0.0,['2.26 USD'],NO_TRIGGER,FILLED,OTO,OL-20250507-233000-001-V2-833,"['O-20250507-233000-001-V2-2498', 'O-20250507-233000-001-V2-2499']",,,,,['V2_POS1'],7bf8ef78-289c-4aee-ad6c-029b168d5ef3,1746660600000000000,1746660600000000000,,,,,,,
O-20250507-233000-001-V2-2498,BACKTESTER-001,MLSignalStrategyV2-V2,EUR/USD.IDEALPRO,IDEALPRO-1-2498,EUR/USD.IDEALPRO-MLSignalStrategyV2-V2,IDEALPRO-001,,STOP_MARKET,SELL,100000.00,GTC,True,False,0.00,NO_LIQUIDITY_SIDE,,,,NO_TRIGGER,CANCELED,OUO,OL-20250507-233000-001-V2-833,['O-20250507-233000-001-V2-2499'],O-20250507-233000-001-V2-2497,,,,['V2_POS1_SL'],af31b1da-3c8d-47e2-933d-cfa30c711401,1746660600000000000,1746663180000000000,1.12991,DEFAULT,,,,,
O-20250507-233000-001-V2-2499,BACKTESTER-001,MLSignalStrategyV2-V2,EUR/USD.IDEALPRO,IDEALPRO-1-2499,EUR/USD.IDEALPRO-MLSignalStrategyV2-V2,IDEALPRO-001,IDEALPRO-1-257981,LIMIT,SELL,100000.00,GTC,True,False,100000.00,MAKER,1.1314,-0.00018999999999991246,['2.26 USD'],NO_TRIGGER,FILLED,OUO,OL-20250507-233000-001-V2-833,['O-20250507-233000-001-V2-2498'],O-20250507-233000-001-V2-2497,,,,['V2_POS1_TP'],42ef902d-244b-4fbc-85bf-808757678ea6,1746660600000000000,1746663180000000000,,,,,1.13121,False,
O-20250508-060000-001-V2-2500,BACKTESTER-001,MLSignalStrategyV2-V2,EUR/USD.IDEALPRO,IDEALPRO-1-2500,EUR/USD.IDEALPRO-MLSignalStrategyV2-V2,IDEALPRO-001,IDEALPRO-1-258676,MARKET,BUY,100000.00,GTC,False,False,100000.00,TAKER,1.1304,0.0,['2.26 USD'],NO_TRIGGER,FILLED,OTO,OL-20250508-060000-001-V2-834,"['O-20250508-060000-001-V2-2501', 'O-20250508-060000-001-V2-2502']",,,,,['V2_POS1'],2e077344-3146-4829-b6b2-8ab885e18fb9,1746684000000000000,1746684000000000000,,,,,,,
O-20250508-060000-001-V2-2501,BACKTESTER-001,MLSignalStrategyV2-V2,EUR/USD.IDEALPRO,IDEALPRO-1-2501,EUR/USD.IDEALPRO-MLSignalStrategyV2-V2,IDEALPRO-001,IDEALPRO-1-258705,STOP_MARKET,SELL,100000.00,GTC,True,False,100000.00,TAKER,1.12963,2.0000000000131024e-05,['2.26 USD'],NO_TRIGGER,FILLED,OUO,OL-20250508-060000-001-V2-834,['O-20250508-060000-001-V2-2502'],O-20250508-060000-001-V2-2500,,,,['V2_POS1_SL'],a3ed055a-8fb9-4755-aec7-1ce27b636202,1746684000000000000,1746684840000000000,1.12965,DEFAULT,,,,,
O-20250508-060000-001-V2-2502,BACKTESTER-001,MLSignalStrategyV2-V2,EUR/USD.IDEALPRO,IDEALPRO-1-2502,EUR/USD.IDEALPRO-MLSignalStrategyV2-V2,IDEALPRO-001,,LIMIT,SELL,100000.00,GTC,True,False,0.00,NO_LIQUIDITY_SIDE,,,,NO_TRIGGER,CANCELED,OUO,OL-20250508-060000-001-V2-834,['O-20250508-060000-001-V2-2501'],O-20250508-060000-001-V2-2500,,,,['V2_POS1_TP'],cee2439f-992c-4446-a068-7dd90abeffea,1746684000000000000,1746684840000000000,,,,,1.13113,False,
O-20250508-063000-001-V2-2503,BACKTESTER-001,MLSignalStrategyV2-V2,EUR/USD.IDEALPRO,IDEALPRO-1-2503,EUR/USD.IDEALPRO-MLSignalStrategyV2-V2,IDEALPRO-001,IDEALPRO-1-258739,MARKET,BUY,100000.00,GTC,False,False,100000.00,TAKER,1.12858,0.0,['2.26 USD'],NO_TRIGGER,FILLED,OTO,OL-20250508-063000-001-V2-835,"['O-20250508-063000-001-V2-2504', 'O-20250508-063000-001-V2-2505']",,,,,['V2_POS1'],7891b52b-49c1-4753-9a86-03c1b310773f,1746685800000000000,1746685800000000000,,,,,,,
O-20250508-063000-001-V2-2504,BACKTESTER-001,MLSignalStrategyV2-V2,EUR/USD.IDEALPRO,IDEALPRO-1-2504,EUR/USD.IDEALPRO-MLSignalStrategyV2-V2,IDEALPRO-001,IDEALPRO-1-258767,STOP_MARKET,SELL,100000.00,GTC,True,False,100000.00,TAKER,1.12767,5.999999999994898e-05,['2.26 USD'],NO_TRIGGER,FILLED,OUO,OL-20250508-063000-001-V2-835,['O-20250508-063000-001-V2-2505'],O-20250508-063000-001-V2-2503,,,,['V2_POS1_SL'],dbeec98f-fd41-4dfb-855a-a9e89409c4b6,1746685800000000000,1746686640000000000,1.12773,DEFAULT,,,,,
O-20250508-063000-001-V2-2505,BACKTESTER-001,MLSignalStrategyV2-V2,EUR/USD.IDEALPRO,IDEALPRO-1-2505,EUR/USD.IDEALPRO-MLSignalStrategyV2-V2,IDEALPRO-001,,LIMIT,SELL,100000.00,GTC,True,False,0.00,NO_LIQUIDITY_SIDE,,,,NO_TRIGGER,CANCELED,OUO,OL-20250508-063000-001-V2-835,['O-20250508-063000-001-V2-2504'],O-20250508-063000-001-V2-2503,,,,['V2_POS1_TP'],e2582b6d-b04b-4160-9a2e-0487e33a6223,1746685800000000000,1746686640000000000,,,,,1.12943,False,
O-20250508-064500-001-V2-2506,BACKTESTER-001,MLSignalStrategyV2-V2,EUR/USD.IDEALPRO,IDEALPRO-1-2506,EUR/USD.IDEALPRO-MLSignalStrategyV2-V2,IDEALPRO-001,IDEALPRO-1-258770,MARKET,BUY,100000.00,GTC,False,False,100000.00,TAKER,1.12796,0.0,['2.26 USD'],NO_TRIGGER,FILLED,OTO,OL-20250508-064500-001-V2-836,"['O-20250508-064500-001-V2-2507', 'O-20250508-064500-001-V2-2508']",,,,,['V2_POS1'],be727445-5c2e-4aee-9782-87ec6584668a,1746686700000000000,1746686700000000000,,,,,,,
O-20250508-064500-001-V2-2507,BACKTESTER-001,MLSignalStrategyV2-V2,EUR/USD.IDEALPRO,IDEALPRO-1-2507,EUR/USD.IDEALPRO-MLSignalStrategyV2-V2,IDEALPRO-001,,STOP_MARKET,SELL,100000.00,GTC,True,False,0.00,NO_LIQUIDITY_SIDE,,,,NO_TRIGGER,CANCELED,OUO,OL-20250508-064500-001-V2-836,['O-20250508-064500-001-V2-2508'],O-20250508-064500-001-V2-2506,,,,['V2_POS1_SL'],746f9399-5f0d-4d79-81a0-6f2055b7c165,1746686700000000000,1746687060000000000,1.12711,DEFAULT,,,,,
O-20250508-064500-001-V2-2508,BACKTESTER-001,MLSignalStrategyV2-V2,EUR/USD.IDEALPRO,IDEALPRO-1-2508,EUR/USD.IDEALPRO-MLSignalStrategyV2-V2,IDEALPRO-001,IDEALPRO-1-258783,LIMIT,SELL,100000.00,GTC,True,False,100000.00,MAKER,1.12881,0.0,['2.26 USD'],NO_TRIGGER,FILLED,OUO,OL-20250508-064500-001-V2-836,['O-20250508-064500-001-V2-2507'],O-20250508-064500-001-V2-2506,,,,['V2_POS1_TP'],392088c2-af20-4a2a-9238-5a04237e3812,1746686700000000000,1746687060000000000,,,,,1.12881,False,
O-20250508-101500-001-V2-2509,BACKTESTER-001,MLSignalStrategyV2-V2,EUR/USD.IDEALPRO,IDEALPRO-1-2509,EUR/USD.IDEALPRO-MLSignalStrategyV2-V2,IDEALPRO-001,IDEALPRO-1-259192,MARKET,BUY,100000.00,GTC,False,False,100000.00,TAKER,1.12793,0.0,['2.26 USD'],NO_TRIGGER,FILLED,OTO,OL-20250508-101500-001-V2-837,"['O-20250508-101500-001-V2-2510', 'O-20250508-101500-001-V2-2511']",,,,,['V2_POS1'],1c762229-5d7c-49fa-83cb-112126573eb5,1746699300000000000,1746699300000000000,,,,,,,
O-20250508-101500-001-V2-2510,BACKTESTER-001,MLSignalStrategyV2-V2,EUR/USD.IDEALPRO,IDEALPRO-1-2510,EUR/USD.IDEALPRO-MLSignalStrategyV2-V2,IDEALPRO-001,,STOP_MARKET,SELL,100000.00,GTC,True,False,0.00,NO_LIQUIDITY_SIDE,,,,NO_TRIGGER,CANCELED,OUO,OL-20250508-101500-001-V2-837,['O-20250508-101500-001-V2-2511'],O-20250508-101500-001-V2-2509,,,,['V2_POS1_SL'],6eac734f-eb1d-4639-a36b-601dd108fabc,1746699300000000000,1746699780000000000,1.12709,DEFAULT,,,,,
O-20250508-101500-001-V2-2511,BACKTESTER-001,MLSignalStrategyV2-V2,EUR/USD.IDEALPRO,IDEALPRO-1-2511,EUR/USD.IDEALPRO-MLSignalStrategyV2-V2,IDEALPRO-001,IDEALPRO-1-259209,LIMIT,SELL,100000.00,GTC,True,False,100000.00,MAKER,1.12881,-6.000000000017103e-05,['2.26 USD'],NO_TRIGGER,FILLED,OUO,OL-20250508-101500-001-V2-837,['O-20250508-101500-001-V2-2510'],O-20250508-101500-001-V2-2509,,,,['V2_POS1_TP'],e05e9e7a-d7cd-48cb-9fae-29489f0235e0,1746699300000000000,1746699780000000000,,,,,1.12875,False,
O-20250508-151500-001-V2-2512,BACKTESTER-001,MLSignalStrategyV2-V2,EUR/USD.IDEALPRO,IDEALPRO-1-2512,EUR/USD.IDEALPRO-MLSignalStrategyV2-V2,IDEALPRO-001,IDEALPRO-1-259794,MARKET,SELL,100000.00,GTC,False,False,100000.00,TAKER,1.12873,0.0,['2.26 USD'],NO_TRIGGER,FILLED,OTO,OL-20250508-151500-001-V2-838,"['O-20250508-151500-001-V2-2513', 'O-20250508-151500-001-V2-2514']",,,,,['V2_POS1'],62b25bb8-39ef-4528-9a67-df22484c4153,1746717300000000000,1746717300000000000,,,,,,,
O-20250508-151500-001-V2-2513,BACKTESTER-001,MLSignalStrategyV2-V2,EUR/USD.IDEALPRO,IDEALPRO-1-2513,EUR/USD.IDEALPRO-MLSignalStrategyV2-V2,IDEALPRO-001,,STOP_MARKET,BUY,100000.00,GTC,True,False,0.00,NO_LIQUIDITY_SIDE,,,,NO_TRIGGER,CANCELED,OUO,OL-20250508-151500-001-V2-838,['O-20250508-151500-001-V2-2514'],O-20250508-151500-001-V2-2512,,,,['V2_POS1_SL'],c1d70605-2577-48b4-92cb-d8ccade05bdf,1746717300000000000,1746717720000000000,1.12994,DEFAULT,,,,,
O-20250508-151500-001-V2-2514,BACKTESTER-001,MLSignalStrategyV2-V2,EUR/USD.IDEALPRO,IDEALPRO-1-2514,EUR/USD.IDEALPRO-MLSignalStrategyV2-V2,IDEALPRO-001,IDEALPRO-1-259809,LIMIT,BUY,100000.00,GTC,True,False,100000.00,MAKER,1.12707,-0.00045000000000006146,['2.25 USD'],NO_TRIGGER,FILLED,OUO,OL-20250508-151500-001-V2-838,['O-20250508-151500-001-V2-2513'],O-20250508-151500-001-V2-2512,,,,['V2_POS1_TP'],05af3864-17bb-4a06-baba-22a28b1aa111,1746717300000000000,1746717720000000000,,,,,1.12752,False,
O-20250508-180000-001-V2-2515,BACKTESTER-001,MLSignalStrategyV2-V2,EUR/USD.IDEALPRO,IDEALPRO-1-2515,EUR/USD.IDEALPRO-MLSignalStrategyV2-V2,IDEALPRO-001,IDEALPRO-1-260126,MARKET,BUY,100000.00,GTC,False,False,100000.00,TAKER,1.12268,0.0,['2.25 USD'],NO_TRIGGER,FILLED,OTO,OL-20250508-180000-001-V2-839,"['O-20250508-180000-001-V2-2516', 'O-20250508-180000-001-V2-2517']",,,,,['V2_POS1'],e28333ee-77e2-4013-8e1d-ba7a22cd4eed,1746727200000000000,1746727200000000000,,,,,,,
O-20250508-180000-001-V2-2516,BACKTESTER-001,MLSignalStrategyV2-V2,EUR/USD.IDEALPRO,IDEALPRO-1-2516,EUR/USD.IDEALPRO-MLSignalStrategyV2-V2,IDEALPRO-001,IDEALPRO-1-260297,STOP_MARKET,SELL,100000.00,GTC,True,False,100000.00,TAKER,1.12153,0.0,['2.24 USD'],NO_TRIGGER,FILLED,OUO,OL-20250508-180000-001-V2-839,['O-20250508-180000-001-V2-2517'],O-20250508-180000-001-V2-2515,,,,['V2_POS1_SL'],52de4e68-a081-46e1-93c7-504c83bd4f1a,1746727200000000000,1746732300000000000,1.12153,DEFAULT,,,,,
O-20250508-180000-001-V2-2517,BACKTESTER-001,MLSignalStrategyV2-V2,EUR/USD.IDEALPRO,IDEALPRO-1-2517,EUR/USD.IDEALPRO-MLSignalStrategyV2-V2,IDEALPRO-001,,LIMIT,SELL,100000.00,GTC,True,False,0.00,NO_LIQUIDITY_SIDE,,,,NO_TRIGGER,CANCELED,OUO,OL-20250508-180000-001-V2-839,['O-20250508-180000-001-V2-2516'],O-20250508-180000-001-V2-2515,,,,['V2_POS1_TP'],d5271b42-b45d-448d-be9b-e14c4fbe5784,1746727200000000000,1746732300000000000,,,,,1.12383,False,
O-20250508-193000-001-V2-2518,BACKTESTER-001,MLSignalStrategyV2-V2,EUR/USD.IDEALPRO,IDEALPRO-1-2518,EUR/USD.IDEALPRO-MLSignalStrategyV2-V2,IDEALPRO-001,IDEALPRO-1-260308,MARKET,BUY,100000.00,GTC,False,False,100000.00,TAKER,1.12125,0.0,['2.24 USD'],NO_TRIGGER,FILLED,OTO,OL-20250508-193000-001-V2-840,"['O-20250508-193000-001-V2-2519', 'O-20250508-193000-001-V2-2520']",,,,,['V2_POS1'],bc7bdef1-8e9e-4f19-a11d-221fc04cbdc9,1746732600000000000,1746732600000000000,,,,,,,
O-20250508-193000-001-V2-2519,BACKTESTER-001,MLSignalStrategyV2-V2,EUR/USD.IDEALPRO,IDEALPRO-1-2519,EUR/USD.IDEALPRO-MLSignalStrategyV2-V2,IDEALPRO-001,,STOP_MARKET,SELL,100000.00,GTC,True,False,0.00,NO_LIQUIDITY_SIDE,,,,NO_TRIGGER,CANCELED,OUO,OL-20250508-193000-001-V2-840,['O-20250508-193000-001-V2-2520'],O-20250508-193000-001-V2-2518,,,,['V2_POS1_SL'],b78fc704-0909-47bc-8456-d8e4056fd093,1746732600000000000,1746733560000000000,1.12040,DEFAULT,,,,,
O-20250508-193000-001-V2-2520,BACKTESTER-001,MLSignalStrategyV2-V2,EUR/USD.IDEALPRO,IDEALPRO-1-2520,EUR/USD.IDEALPRO-MLSignalStrategyV2-V2,IDEALPRO-001,IDEALPRO-1-260341,LIMIT,SELL,100000.00,GTC,True,False,100000.00,MAKER,1.12216,-5.999999999994898e-05,['2.24 USD'],NO_TRIGGER,FILLED,OUO,OL-20250508-193000-001-V2-840,['O-20250508-193000-001-V2-2519'],O-20250508-193000-001-V2-2518,,,,['V2_POS1_TP'],ce999995-cbcc-4a64-b51f-7e4b0e414176,1746732600000000000,1746733560000000000,,,,,1.12210,False,
O-20250508-210000-001-V2-2521,BACKTESTER-001,MLSignalStrategyV2-V2,EUR/USD.IDEALPRO,IDEALPRO-1-2521,EUR/USD.IDEALPRO-MLSignalStrategyV2-V2,IDEALPRO-001,IDEALPRO-1-260490,MARKET,BUY,100000.00,GTC,False,False,100000.00,TAKER,1.12251,0.0,['2.25 USD'],NO_TRIGGER,FILLED,OTO,OL-20250508-210000-001-V2-841,"['O-20250508-210000-001-V2-2522', 'O-20250508-210000-001-V2-2523']",,,,,['V2_POS1'],cab290ae-addc-4d24-8909-96962a662b03,1746738000000000000,1746738000000000000,,,,,,,
O-20250508-210000-001-V2-2522,BACKTESTER-001,MLSignalStrategyV2-V2,EUR/USD.IDEALPRO,IDEALPRO-1-2522,EUR/USD.IDEALPRO-MLSignalStrategyV2-V2,IDEALPRO-001,,STOP_MARKET,SELL,100000.00,GTC,True,False,0.00,NO_LIQUIDITY_SIDE,,,,NO_TRIGGER,CANCELED,OUO,OL-20250508-210000-001-V2-841,['O-20250508-210000-001-V2-2523'],O-20250508-210000-001-V2-2521,,,,['V2_POS1_SL'],db587c7e-e0f6-455c-ad70-fff6eebc481f,1746738000000000000,1746743700000000000,1.12184,DEFAULT,,,,,
O-20250508-210000-001-V2-2523,BACKTESTER-001,MLSignalStrategyV2-V2,EUR/USD.IDEALPRO,IDEALPRO-1-2523,EUR/USD.IDEALPRO-MLSignalStrategyV2-V2,IDEALPRO-001,IDEALPRO-1-260651,LIMIT,SELL,100000.00,GTC,True,False,100000.00,MAKER,1.12327,-0.0001100000000000545,['2.25 USD'],NO_TRIGGER,FILLED,OUO,OL-20250508-210000-001-V2-841,['O-20250508-210000-001-V2-2522'],O-20250508-210000-001-V2-2521,,,,['V2_POS1_TP'],4bc68c9c-491f-44a5-bb95-a93a932fd717,1746738000000000000,1746743700000000000,,,,,1.12316,False,
O-20250508-233000-001-V2-2524,BACKTESTER-001,MLSignalStrategyV2-V2,EUR/USD.IDEALPRO,IDEALPRO-1-2524,EUR/USD.IDEALPRO-MLSignalStrategyV2-V2,IDEALPRO-001,IDEALPRO-1-260762,MARKET,BUY,100000.00,GTC,False,False,100000.00,TAKER,1.12244,0.0,['2.24 USD'],NO_TRIGGER,FILLED,OTO,OL-20250508-233000-001-V2-842,"['O-20250508-233000-001-V2-2525', 'O-20250508-233000-001-V2-2526']",,,,,['V2_POS1'],ad639776-78a2-432c-a004-3b01d6ced1eb,1746747000000000000,1746747000000000000,,,,,,,
O-20250508-233000-001-V2-2525,BACKTESTER-001,MLSignalStrategyV2-V2,EUR/USD.IDEALPRO,IDEALPRO-1-2525,EUR/USD.IDEALPRO-MLSignalStrategyV2-V2,IDEALPRO-001,,STOP_MARKET,SELL,100000.00,GTC,True,False,0.00,NO_LIQUIDITY_SIDE,,,,NO_TRIGGER,CANCELED,OUO,OL-20250508-233000-001-V2-842,['O-20250508-233000-001-V2-2526'],O-20250508-233000-001-V2-2524,,,,['V2_POS1_SL'],5347b6b0-06d2-4221-b7e7-488f332b73a2,1746747000000000000,1746747960000000000,1.12204,DEFAULT,,,,,
O-20250508-233000-001-V2-2526,BACKTESTER-001,MLSignalStrategyV2-V2,EUR/USD.IDEALPRO,IDEALPRO-1-2526,EUR/USD.IDEALPRO-MLSignalStrategyV2-V2,IDEALPRO-001,IDEALPRO-1-260795,LIMIT,SELL,100000.00,GTC,True,False,100000.00,MAKER,1.12292,-7.999999999985796e-05,['2.25 USD'],NO_TRIGGER,FILLED,OUO,OL-20250508-233000-001-V2-842,['O-20250508-233000-001-V2-2525'],O-20250508-233000-001-V2-2524,,,,['V2_POS1_TP'],ec6b2f64-dd05-4a61-94c5-422eae4b8e07,1746747000000000000,1746747960000000000,,,,,1.12284,False,
O-20250509-013000-001-V2-2527,BACKTESTER-001,MLSignalStrategyV2-V2,EUR/USD.IDEALPRO,IDEALPRO-1-2527,EUR/USD.IDEALPRO-MLSignalStrategyV2-V2,IDEALPRO-001,IDEALPRO-1-261004,MARKET,BUY,100000.00,GTC,False,False,100000.00,TAKER,1.12161,0.0,['2.24 USD'],NO_TRIGGER,FILLED,OTO,OL-20250509-013000-001-V2-843,"['O-20250509-013000-001-V2-2528', 'O-20250509-013000-001-V2-2529']",,,,,['V2_POS1'],71348625-3516-4bdf-83f0-1a25253fa356,1746754200000000000,1746754200000000000,,,,,,,
O-20250509-013000-001-V2-2528,BACKTESTER-001,MLSignalStrategyV2-V2,EUR/USD.IDEALPRO,IDEALPRO-1-2528,EUR/USD.IDEALPRO-MLSignalStrategyV2-V2,IDEALPRO-001,IDEALPRO-1-261069,STOP_MARKET,SELL,100000.00,GTC,True,False,100000.00,TAKER,1.12092,8.000000000008001e-05,['2.24 USD'],NO_TRIGGER,FILLED,OUO,OL-20250509-013000-001-V2-843,['O-20250509-013000-001-V2-2529'],O-20250509-013000-001-V2-2527,,,,['V2_POS1_SL'],1241c9cc-eec5-49a5-b689-6da51f7c8255,1746754200000000000,1746756120000000000,1.12100,DEFAULT,,,,,
O-20250509-013000-001-V2-2529,BACKTESTER-001,MLSignalStrategyV2-V2,EUR/USD.IDEALPRO,IDEALPRO-1-2529,EUR/USD.IDEALPRO-MLSignalStrategyV2-V2,IDEALPRO-001,,LIMIT,SELL,100000.00,GTC,True,False,0.00,NO_LIQUIDITY_SIDE,,,,NO_TRIGGER,CANCELED,OUO,OL-20250509-013000-001-V2-843,['O-20250509-013000-001-V2-2528'],O-20250509-013000-001-V2-2527,,,,['V2_POS1_TP'],d67b3c62-7de0-4688-bb1d-304ee3aab23e,1746754200000000000,1746756120000000000,,,,,1.12220,False,
O-20250509-021500-001-V2-2530,BACKTESTER-001,MLSignalStrategyV2-V2,EUR/USD.IDEALPRO,IDEALPRO-1-2530,EUR/USD.IDEALPRO-MLSignalStrategyV2-V2,IDEALPRO-001,IDEALPRO-1-261096,MARKET,BUY,100000.00,GTC,False,False,100000.00,TAKER,1.12001,0.0,['2.24 USD'],NO_TRIGGER,FILLED,OTO,OL-20250509-021500-001-V2-844,"['O-20250509-021500-001-V2-2531', 'O-20250509-021500-001-V2-2532']",,,,,['V2_POS1'],b6138062-2c4d-488e-b25d-39b73e8740f5,1746756900000000000,1746756900000000000,,,,,,,
O-20250509-021500-001-V2-2531,BACKTESTER-001,MLSignalStrategyV2-V2,EUR/USD.IDEALPRO,IDEALPRO-1-2531,EUR/USD.IDEALPRO-MLSignalStrategyV2-V2,IDEALPRO-001,,STOP_MARKET,SELL,100000.00,GTC,True,False,0.00,NO_LIQUIDITY_SIDE,,,,NO_TRIGGER,CANCELED,OUO,OL-20250509-021500-001-V2-844,['O-20250509-021500-001-V2-2532'],O-20250509-021500-001-V2-2530,,,,['V2_POS1_SL'],ce3c2f28-a851-49a7-a124-e4f498b16703,1746756900000000000,1746757260000000000,1.11932,DEFAULT,,,,,
O-20250509-021500-001-V2-2532,BACKTESTER-001,MLSignalStrategyV2-V2,EUR/USD.IDEALPRO,IDEALPRO-1-2532,EUR/USD.IDEALPRO-MLSignalStrategyV2-V2,IDEALPRO-001,IDEALPRO-1-261109,LIMIT,SELL,100000.00,GTC,True,False,100000.00,MAKER,1.12067,9.999999999843467e-06,['2.24 USD'],NO_TRIGGER,FILLED,OUO,OL-20250509-021500-001-V2-844,['O-20250509-021500-001-V2-2531'],O-20250509-021500-001-V2-2530,,,,['V2_POS1_TP'],b1469838-153d-46e5-9148-bde4f8afb4a2,1746756900000000000,1746757260000000000,,,,,1.12068,False,
O-20250509-023000-001-V2-2533,BACKTESTER-001,MLSignalStrategyV2-V2,EUR/USD.IDEALPRO,IDEALPRO-1-2533,EUR/USD.IDEALPRO-MLSignalStrategyV2-V2,IDEALPRO-001,IDEALPRO-1-261128,MARKET,BUY,100000.00,GTC,False,False,100000.00,TAKER,1.12065,0.0,['2.24 USD'],NO_TRIGGER,FILLED,OTO,OL-20250509-023000-001-V2-845,"['O-20250509-023000-001-V2-2534', 'O-20250509-023000-001-V2-2535']",,,,,['V2_POS1'],e58eb305-27fe-4449-8a5b-b4be8f350dc1,1746757800000000000,1746757800000000000,,,,,,,
O-20250509-023000-001-V2-2534,BACKTESTER-001,MLSignalStrategyV2-V2,EUR/USD.IDEALPRO,IDEALPRO-1-2534,EUR/USD.IDEALPRO-MLSignalStrategyV2-V2,IDEALPRO-001,,STOP_MARKET,SELL,100000.00,GTC,True,False,0.00,NO_LIQUIDITY_SIDE,,,,NO_TRIGGER,CANCELED,OUO,OL-20250509-023000-001-V2-845,['O-20250509-023000-001-V2-2535'],O-20250509-023000-001-V2-2533,,,,['V2_POS1_SL'],26f03481-eff9-4754-b82e-8f5aac6dcf31,1746757800000000000,1746758640000000000,1.11993,DEFAULT,,,,,
O-20250509-023000-001-V2-2535,BACKTESTER-001,MLSignalStrategyV2-V2,EUR/USD.IDEALPRO,IDEALPRO-1-2535,EUR/USD.IDEALPRO-MLSignalStrategyV2-V2,IDEALPRO-001,IDEALPRO-1-261157,LIMIT,SELL,100000.00,GTC,True,False,100000.00,MAKER,1.12135,0.0,['2.24 USD'],NO_TRIGGER,FILLED,OUO,OL-20250509-023000-001-V2-845,['O-20250509-023000-001-V2-2534'],O-20250509-023000-001-V2-2533,,,,['V2_POS1_TP'],75c1865e-c096-4fdc-ad19-4a86cf502b6b,1746757800000000000,1746758640000000000,,,,,1.12135,False,
O-20250509-024500-001-V2-2536,BACKTESTER-001,MLSignalStrategyV2-V2,EUR/USD.IDEALPRO,IDEALPRO-1-2536,EUR/USD.IDEALPRO-MLSignalStrategyV2-V2,IDEALPRO-001,IDEALPRO-1-261160,MARKET,BUY,100000.00,GTC,False,False,100000.00,TAKER,1.12135,0.0,['2.24 USD'],NO_TRIGGER,FILLED,OTO,OL-20250509-024500-001-V2-846,"['O-20250509-024500-001-V2-2537', 'O-20250509-024500-001-V2-2538']",,,,,['V2_POS1'],dfeaf461-3446-46f6-a088-bf47fc13207e,1746758700000000000,1746758700000000000,,,,,,,
O-20250509-024500-001-V2-2537,BACKTESTER-001,MLSignalStrategyV2-V2,EUR/USD.IDEALPRO,IDEALPRO-1-2537,EUR/USD.IDEALPRO-MLSignalStrategyV2-V2,IDEALPRO-001,,STOP_MARKET,SELL,100000.00,GTC,True,False,0.00,NO_LIQUIDITY_SIDE,,,,NO_TRIGGER,CANCELED,OUO,OL-20250509-024500-001-V2-846,['O-20250509-024500-001-V2-2538'],O-20250509-024500-001-V2-2536,,,,['V2_POS1_SL'],36d8452e-c1ed-41bf-9be9-afe0cb4136ad,1746758700000000000,1746759660000000000,1.12063,DEFAULT,,,,,
O-20250509-024500-001-V2-2538,BACKTESTER-001,MLSignalStrategyV2-V2,EUR/USD.IDEALPRO,IDEALPRO-1-2538,EUR/USD.IDEALPRO-MLSignalStrategyV2-V2,IDEALPRO-001,IDEALPRO-1-261193,LIMIT,SELL,100000.00,GTC,True,False,100000.00,MAKER,1.12243,-0.00038000000000004697,['2.24 USD'],NO_TRIGGER,FILLED,OUO,OL-20250509-024500-001-V2-846,['O-20250509-024500-001-V2-2537'],O-20250509-024500-001-V2-2536,,,,['V2_POS1_TP'],73cca7bf-d830-4ea6-bc91-599a98f301e2,1746758700000000000,1746759660000000000,,,,,1.12205,False,
O-20250509-041500-001-V2-2539,BACKTESTER-001,MLSignalStrategyV2-V2,EUR/USD.IDEALPRO,IDEALPRO-1-2539,EUR/USD.IDEALPRO-MLSignalStrategyV2-V2,IDEALPRO-001,IDEALPRO-1-261342,MARKET,BUY,100000.00,GTC,False,False,100000.00,TAKER,1.12277,0.0,['2.25 USD'],NO_TRIGGER,FILLED,OTO,OL-20250509-041500-001-V2-847,"['O-20250509-041500-001-V2-2540', 'O-20250509-041500-001-V2-2541']",,,,,['V2_POS1'],0bd07c29-1c46-42cc-98f8-587c114ce9d4,1746764100000000000,1746764100000000000,,,,,,,
O-20250509-041500-001-V2-2540,BACKTESTER-001,MLSignalStrategyV2-V2,EUR/USD.IDEALPRO,IDEALPRO-1-2540,EUR/USD.IDEALPRO-MLSignalStrategyV2-V2,IDEALPRO-001,IDEALPRO-1-261487,STOP_MARKET,SELL,100000.00,GTC,True,False,100000.00,TAKER,1.12203,0.00010999999999983245,['2.24 USD'],NO_TRIGGER,FILLED,OUO,OL-20250509-041500-001-V2-847,['O-20250509-041500-001-V2-2541'],O-20250509-041500-001-V2-2539,,,,['V2_POS1_SL'],ed1543cf-9c59-42a3-b24b-c1b90559adb2,1746764100000000000,1746768420000000000,1.12214,DEFAULT,,,,,
O-20250509-041500-001-V2-2541,BACKTESTER-001,MLSignalStrategyV2-V2,EUR/USD.IDEALPRO,IDEALPRO-1-2541,EUR/USD.IDEALPRO-MLSignalStrategyV2-V2,IDEALPRO-001,,LIMIT,SELL,100000.00,GTC,True,False,0.00,NO_LIQUIDITY_SIDE,,,,NO_TRIGGER,CANCELED,OUO,OL-20250509-041500-001-V2-847,['O-20250509-041500-001-V2-2540'],O-20250509-041500-001-V2-2539,,,,['V2_POS1_TP'],41fef816-7ef7-4d04-b6c3-45f44790fcc8,1746764100000000000,1746768420000000000,,,,,1.12340,False,
O-20250509-070000-001-V2-2542,BACKTESTER-001,MLSignalStrategyV2-V2,EUR/USD.IDEALPRO,IDEALPRO-1-2542,EUR/USD.IDEALPRO-MLSignalStrategyV2-V2,IDEALPRO-001,IDEALPRO-1-261675,MARKET,BUY,100000.00,GTC,False,False,100000.00,TAKER,1.12404,0.0,['2.25 USD'],NO_TRIGGER,FILLED,OTO,OL-20250509-070000-001-V2-848,"['O-20250509-070000-001-V2-2543', 'O-20250509-070000-001-V2-2544']",,,,,['V2_POS1'],8d5ae759-7702-49a4-939b-0f29a99163db,1746774000000000000,1746774000000000000,,,,,,,
O-20250509-070000-001-V2-2543,BACKTESTER-001,MLSignalStrategyV2-V2,EUR/USD.IDEALPRO,IDEALPRO-1-2543,EUR/USD.IDEALPRO-MLSignalStrategyV2-V2,IDEALPRO-001,,STOP_MARKET,SELL,100000.00,GTC,True,False,0.00,NO_LIQUIDITY_SIDE,,,,NO_TRIGGER,CANCELED,OUO,OL-20250509-070000-001-V2-848,['O-20250509-070000-001-V2-2544'],O-20250509-070000-001-V2-2542,,,,['V2_POS1_SL'],875c577f-b1e5-46c9-b469-125f3542174c,1746774000000000000,1746774780000000000,1.12335,DEFAULT,,,,,
O-20250509-070000-001-V2-2544,BACKTESTER-001,MLSignalStrategyV2-V2,EUR/USD.IDEALPRO,IDEALPRO-1-2544,EUR/USD.IDEALPRO-MLSignalStrategyV2-V2,IDEALPRO-001,IDEALPRO-1-261701,LIMIT,SELL,100000.00,GTC,True,False,100000.00,MAKER,1.12478,-4.999999999988347e-05,['2.25 USD'],NO_TRIGGER,FILLED,OUO,OL-20250509-070000-001-V2-848,['O-20250509-070000-001-V2-2543'],O-20250509-070000-001-V2-2542,,,,['V2_POS1_TP'],5f217534-2df5-4183-99eb-f15f31f4871d,1746774000000000000,1746774780000000000,,,,,1.12473,False,
O-20250509-073000-001-V2-2545,BACKTESTER-001,MLSignalStrategyV2-V2,EUR/USD.IDEALPRO,IDEALPRO-1-2545,EUR/USD.IDEALPRO-MLSignalStrategyV2-V2,IDEALPRO-001,IDEALPRO-1-261736,MARKET,BUY,100000.00,GTC,False,False,100000.00,TAKER,1.12444,0.0,['2.25 USD'],NO_TRIGGER,FILLED,OTO,OL-20250509-073000-001-V2-849,"['O-20250509-073000-001-V2-2546', 'O-20250509-073000-001-V2-2547']",,,,,['V2_POS1'],eb5b364e-021f-45c4-9296-2976fa5600dd,1746775800000000000,1746775800000000000,,,,,,,
O-20250509-073000-001-V2-2546,BACKTESTER-001,MLSignalStrategyV2-V2,EUR/USD.IDEALPRO,IDEALPRO-1-2546,EUR/USD.IDEALPRO-MLSignalStrategyV2-V2,IDEALPRO-001,,STOP_MARKET,SELL,100000.00,GTC,True,False,0.00,NO_LIQUIDITY_SIDE,,,,NO_TRIGGER,CANCELED,OUO,OL-20250509-073000-001-V2-849,['O-20250509-073000-001-V2-2547'],O-20250509-073000-001-V2-2545,,,,['V2_POS1_SL'],32f93910-9272-4426-8051-07a9ec4f2ee2,1746775800000000000,1746776160000000000,1.12374,DEFAULT,,,,,
O-20250509-073000-001-V2-2547,BACKTESTER-001,MLSignalStrategyV2-V2,EUR/USD.IDEALPRO,IDEALPRO-1-2547,EUR/USD.IDEALPRO-MLSignalStrategyV2-V2,IDEALPRO-001,IDEALPRO-1-261749,LIMIT,SELL,100000.00,GTC,True,False,100000.00,MAKER,1.12531,-0.00017000000000000348,['2.25 USD'],NO_TRIGGER,FILLED,OUO,OL-20250509-073000-001-V2-849,['O-20250509-073000-001-V2-2546'],O-20250509-073000-001-V2-2545,,,,['V2_POS1_TP'],a7bff20b-510a-4f58-870f-2de512dea729,1746775800000000000,1746776160000000000,,,,,1.12514,False,
O-20250509-150000-001-V2-2548,BACKTESTER-001,MLSignalStrategyV2-V2,EUR/USD.IDEALPRO,IDEALPRO-1-2548,EUR/USD.IDEALPRO-MLSignalStrategyV2-V2,IDEALPRO-001,IDEALPRO-1-262638,MARKET,SELL,100000.00,GTC,False,False,100000.00,TAKER,1.12676,0.0,['2.25 USD'],NO_TRIGGER,FILLED,OTO,OL-20250509-150000-001-V2-850,"['O-20250509-150000-001-V2-2549', 'O-20250509-150000-001-V2-2550']",,,,,['V2_POS1'],e644aff9-ceeb-4d64-a155-b40defceb976,1746802800000000000,1746802800000000000,,,,,,,
O-20250509-150000-001-V2-2549,BACKTESTER-001,MLSignalStrategyV2-V2,EUR/USD.IDEALPRO,IDEALPRO-1-2549,EUR/USD.IDEALPRO-MLSignalStrategyV2-V2,IDEALPRO-001,,STOP_MARKET,BUY,100000.00,GTC,True,False,0.00,NO_LIQUIDITY_SIDE,,,,NO_TRIGGER,CANCELED,OUO,OL-20250509-150000-001-V2-850,['O-20250509-150000-001-V2-2550'],O-20250509-150000-001-V2-2548,,,,['V2_POS1_SL'],b8144867-fe4b-446a-8aae-0e393057747f,1746802800000000000,1746809940000000000,1.12778,DEFAULT,,,,,
O-20250509-150000-001-V2-2550,BACKTESTER-001,MLSignalStrategyV2-V2,EUR/USD.IDEALPRO,IDEALPRO-1-2550,EUR/USD.IDEALPRO-MLSignalStrategyV2-V2,IDEALPRO-001,IDEALPRO-1-262877,LIMIT,BUY,100000.00,GTC,True,False,100000.00,MAKER,1.12577,9.999999999843467e-06,['2.25 USD'],NO_TRIGGER,FILLED,OUO,OL-20250509-150000-001-V2-850,['O-20250509-150000-001-V2-2549'],O-20250509-150000-001-V2-2548,,,,['V2_POS1_TP'],5ef8e202-ac1c-4048-89b9-6c1d034bb6f3,1746802800000000000,1746809940000000000,,,,,1.12576,False,
O-20250511-213000-001-V2-2551,BACKTESTER-001,MLSignalStrategyV2-V2,EUR/USD.IDEALPRO,IDEALPRO-1-2551,EUR/USD.IDEALPRO-MLSignalStrategyV2-V2,IDEALPRO-001,IDEALPRO-1-263390,MARKET,BUY,100000.00,GTC,False,False,100000.00,TAKER,1.1213,0.0,['2.24 USD'],NO_TRIGGER,FILLED,OTO,OL-20250511-213000-001-V2-851,"['O-20250511-213000-001-V2-2552', 'O-20250511-213000-001-V2-2553']",,,,,['V2_POS1'],b0c9928a-7319-4b59-829b-f00c3f11e5de,1746999000000000000,1746999000000000000,,,,,,,
O-20250511-213000-001-V2-2552,BACKTESTER-001,MLSignalStrategyV2-V2,EUR/USD.IDEALPRO,IDEALPRO-1-2552,EUR/USD.IDEALPRO-MLSignalStrategyV2-V2,IDEALPRO-001,,STOP_MARKET,SELL,100000.00,GTC,True,False,0.00,NO_LIQUIDITY_SIDE,,,,NO_TRIGGER,CANCELED,OUO,OL-20250511-213000-001-V2-851,['O-20250511-213000-001-V2-2553'],O-20250511-213000-001-V2-2551,,,,['V2_POS1_SL'],065f0ff7-ca56-40f4-8e57-8b8c4deebf91,1746999000000000000,1747000920000000000,1.12063,DEFAULT,,,,,
O-20250511-213000-001-V2-2553,BACKTESTER-001,MLSignalStrategyV2-V2,EUR/USD.IDEALPRO,IDEALPRO-1-2553,EUR/USD.IDEALPRO-MLSignalStrategyV2-V2,IDEALPRO-001,IDEALPRO-1-263455,LIMIT,SELL,100000.00,GTC,True,False,100000.00,MAKER,1.12217,-0.00019999999999997797,['2.24 USD'],NO_TRIGGER,FILLED,OUO,OL-20250511-213000-001-V2-851,['O-20250511-213000-001-V2-2552'],O-20250511-213000-001-V2-2551,,,,['V2_POS1_TP'],2e87ba2c-322e-4664-b976-1a1c91109ea3,1746999000000000000,1747000920000000000,,,,,1.12197,False,
O-20250511-221500-001-V2-2554,BACKTESTER-001,MLSignalStrategyV2-V2,EUR/USD.IDEALPRO,IDEALPRO-1-2554,EUR/USD.IDEALPRO-MLSignalStrategyV2-V2,IDEALPRO-001,IDEALPRO-1-263482,MARKET,BUY,100000.00,GTC,False,False,100000.00,TAKER,1.12253,0.0,['2.25 USD'],NO_TRIGGER,FILLED,OTO,OL-20250511-221500-001-V2-852,"['O-20250511-221500-001-V2-2555', 'O-20250511-221500-001-V2-2556']",,,,,['V2_POS1'],655abd41-518d-435c-afdf-0284205b989f,1747001700000000000,1747001700000000000,,,,,,,
O-20250511-221500-001-V2-2555,BACKTESTER-001,MLSignalStrategyV2-V2,EUR/USD.IDEALPRO,IDEALPRO-1-2555,EUR/USD.IDEALPRO-MLSignalStrategyV2-V2,IDEALPRO-001,,STOP_MARKET,SELL,100000.00,GTC,True,False,0.00,NO_LIQUIDITY_SIDE,,,,NO_TRIGGER,CANCELED,OUO,OL-20250511-221500-001-V2-852,['O-20250511-221500-001-V2-2556'],O-20250511-221500-001-V2-2554,,,,['V2_POS1_SL'],ea98a49e-1362-416b-974a-05f226e0620d,1747001700000000000,1747005240000000000,1.12176,DEFAULT,,,,,
O-20250511-221500-001-V2-2556,BACKTESTER-001,MLSignalStrategyV2-V2,EUR/USD.IDEALPRO,IDEALPRO-1-2556,EUR/USD.IDEALPRO-MLSignalStrategyV2-V2,IDEALPRO-001,IDEALPRO-1-263601,LIMIT,SELL,100000.00,GTC,True,False,100000.00,MAKER,1.12333,-4.999999999988347e-05,['2.25 USD'],NO_TRIGGER,FILLED,OUO,OL-20250511-221500-001-V2-852,['O-20250511-221500-001-V2-2555'],O-20250511-221500-001-V2-2554,,,,['V2_POS1_TP'],8b9e0dae-0eb4-416d-b7c4-dbf6b7cbdf64,1747001700000000000,1747005240000000000,,,,,1.12328,False,
O-20250511-231500-001-V2-2557,BACKTESTER-001,MLSignalStrategyV2-V2,EUR/USD.IDEALPRO,IDEALPRO-1-2557,EUR/USD.IDEALPRO-MLSignalStrategyV2-V2,IDEALPRO-001,IDEALPRO-1-263604,MARKET,BUY,100000.00,GTC,False,False,100000.00,TAKER,1.12338,0.0,['2.25 USD'],NO_TRIGGER,FILLED,OTO,OL-20250511-231500-001-V2-853,"['O-20250511-231500-001-V2-2558', 'O-20250511-231500-001-V2-2559']",,,,,['V2_POS1'],c4097e35-f287-4a8b-9a66-ee1b08f9c1f2,1747005300000000000,1747005300000000000,,,,,,,
O-20250511-231500-001-V2-2558,BACKTESTER-001,MLSignalStrategyV2-V2,EUR/USD.IDEALPRO,IDEALPRO-1-2558,EUR/USD.IDEALPRO-MLSignalStrategyV2-V2,IDEALPRO-001,IDEALPRO-1-263671,STOP_MARKET,SELL,100000.00,GTC,True,False,100000.00,TAKER,1.1226,5.999999999994898e-05,['2.25 USD'],NO_TRIGGER,FILLED,OUO,OL-20250511-231500-001-V2-853,['O-20250511-231500-001-V2-2559'],O-20250511-231500-001-V2-2557,,,,['V2_POS1_SL'],8055a43f-c3ed-4639-b86e-4a7c502054bd,1747005300000000000,1747007280000000000,1.12266,DEFAULT,,,,,
O-20250511-231500-001-V2-2559,BACKTESTER-001,MLSignalStrategyV2-V2,EUR/USD.IDEALPRO,IDEALPRO-1-2559,EUR/USD.IDEALPRO-MLSignalStrategyV2-V2,IDEALPRO-001,,LIMIT,SELL,100000.00,GTC,True,False,0.00,NO_LIQUIDITY_SIDE,,,,NO_TRIGGER,CANCELED,OUO,OL-20250511-231500-001-V2-853,['O-20250511-231500-001-V2-2558'],O-20250511-231500-001-V2-2557,,,,['V2_POS1_TP'],1ea803bd-2af8-405e-b283-ccf69d733616,1747005300000000000,1747007280000000000,,,,,1.12410,False,
O-20250512-051500-001-V2-2560,BACKTESTER-001,MLSignalStrategyV2-V2,EUR/USD.IDEALPRO,IDEALPRO-1-2560,EUR/USD.IDEALPRO-MLSignalStrategyV2-V2,IDEALPRO-001,IDEALPRO-1-264326,MARKET,BUY,100000.00,GTC,False,False,100000.00,TAKER,1.12244,0.0,['2.24 USD'],NO_TRIGGER,FILLED,OTO,OL-20250512-051500-001-V2-854,"['O-20250512-051500-001-V2-2561', 'O-20250512-051500-001-V2-2562']",,,,,['V2_POS1'],b9fb0c6d-3d62-4932-905a-0f234e4541cf,1747026900000000000,1747026900000000000,,,,,,,
O-20250512-051500-001-V2-2561,BACKTESTER-001,MLSignalStrategyV2-V2,EUR/USD.IDEALPRO,IDEALPRO-1-2561,EUR/USD.IDEALPRO-MLSignalStrategyV2-V2,IDEALPRO-001,IDEALPRO-1-264371,STOP_MARKET,SELL,100000.00,GTC,True,False,100000.00,TAKER,1.12183,8.999999999992347e-05,['2.24 USD'],NO_TRIGGER,FILLED,OUO,OL-20250512-051500-001-V2-854,['O-20250512-051500-001-V2-2562'],O-20250512-051500-001-V2-2560,,,,['V2_POS1_SL'],b9138700-6ae5-427d-b36d-0d48883a3da5,1747026900000000000,1747028220000000000,1.12192,DEFAULT,,,,,
O-20250512-051500-001-V2-2562,BACKTESTER-001,MLSignalStrategyV2-V2,EUR/USD.IDEALPRO,IDEALPRO-1-2562,EUR/USD.IDEALPRO-MLSignalStrategyV2-V2,IDEALPRO-001,,LIMIT,SELL,100000.00,GTC,True,False,0.00,NO_LIQUIDITY_SIDE,,,,NO_TRIGGER,CANCELED,OUO,OL-20250512-051500-001-V2-854,['O-20250512-051500-001-V2-2561'],O-20250512-051500-001-V2-2560,,,,['V2_POS1_TP'],8ce7682b-cfc9-40b6-831a-71fdfdc72145,1747026900000000000,1747028220000000000,,,,,1.12294,False,
O-20250512-054500-001-V2-2563,BACKTESTER-001,MLSignalStrategyV2-V2,EUR/USD.IDEALPRO,IDEALPRO-1-2563,EUR/USD.IDEALPRO-MLSignalStrategyV2-V2,IDEALPRO-001,IDEALPRO-1-264388,MARKET,BUY,100000.00,GTC,False,False,100000.00,TAKER,1.12208,0.0,['2.24 USD'],NO_TRIGGER,FILLED,OTO,OL-20250512-054500-001-V2-855,"['O-20250512-054500-001-V2-2564', 'O-20250512-054500-001-V2-2565']",,,,,['V2_POS1'],747cb3cd-ae1a-4b70-9fc3-3b4b43b21a23,1747028700000000000,1747028700000000000,,,,,,,
O-20250512-054500-001-V2-2564,BACKTESTER-001,MLSignalStrategyV2-V2,EUR/USD.IDEALPRO,IDEALPRO-1-2564,EUR/USD.IDEALPRO-MLSignalStrategyV2-V2,IDEALPRO-001,IDEALPRO-1-264395,STOP_MARKET,SELL,100000.00,GTC,True,False,100000.00,TAKER,1.12152,5.999999999994898e-05,['2.24 USD'],NO_TRIGGER,FILLED,OUO,OL-20250512-054500-001-V2-855,['O-20250512-054500-001-V2-2565'],O-20250512-054500-001-V2-2563,,,,['V2_POS1_SL'],698ea0c8-b4fd-405f-9b48-faa34210a0fb,1747028700000000000,1747028880000000000,1.12158,DEFAULT,,,,,
O-20250512-054500-001-V2-2565,BACKTESTER-001,MLSignalStrategyV2-V2,EUR/USD.IDEALPRO,IDEALPRO-1-2565,EUR/USD.IDEALPRO-MLSignalStrategyV2-V2,IDEALPRO-001,,LIMIT,SELL,100000.00,GTC,True,False,0.00,NO_LIQUIDITY_SIDE,,,,NO_TRIGGER,CANCELED,OUO,OL-20250512-054500-001-V2-855,['O-20250512-054500-001-V2-2564'],O-20250512-054500-001-V2-2563,,,,['V2_POS1_TP'],5edd7e2c-196f-4351-a613-faea9b3ecad2,1747028700000000000,1747028880000000000,,,,,1.12258,False,
O-20250512-071500-001-V2-2566,BACKTESTER-001,MLSignalStrategyV2-V2,EUR/USD.IDEALPRO,IDEALPRO-1-2566,EUR/USD.IDEALPRO-MLSignalStrategyV2-V2,IDEALPRO-001,IDEALPRO-1-264570,MARKET,BUY,100000.00,GTC,False,False,100000.00,TAKER,1.11594,0.0,['2.23 USD'],NO_TRIGGER,FILLED,OTO,OL-20250512-071500-001-V2-856,"['O-20250512-071500-001-V2-2567', 'O-20250512-071500-001-V2-2568']",,,,,['V2_POS1'],c3c0a821-7d4e-464d-9786-317e4b72dcd8,1747034100000000000,1747034100000000000,,,,,,,
O-20250512-071500-001-V2-2567,BACKTESTER-001,MLSignalStrategyV2-V2,EUR/USD.IDEALPRO,IDEALPRO-1-2567,EUR/USD.IDEALPRO-MLSignalStrategyV2-V2,IDEALPRO-001,IDEALPRO-1-264587,STOP_MARKET,SELL,100000.00,GTC,True,False,100000.00,TAKER,1.11406,0.0008799999999999919,['2.23 USD'],NO_TRIGGER,FILLED,OUO,OL-20250512-071500-001-V2-856,['O-20250512-071500-001-V2-2568'],O-20250512-071500-001-V2-2566,,,,['V2_POS1_SL'],19444bf4-cbae-4301-ab00-f5c300fb4732,1747034100000000000,1747034580000000000,1.11494,DEFAULT,,,,,
O-20250512-071500-001-V2-2568,BACKTESTER-001,MLSignalStrategyV2-V2,EUR/USD.IDEALPRO,IDEALPRO-1-2568,EUR/USD.IDEALPRO-MLSignalStrategyV2-V2,IDEALPRO-001,,LIMIT,SELL,100000.00,GTC,True,False,0.00,NO_LIQUIDITY_SIDE,,,,NO_TRIGGER,CANCELED,OUO,OL-20250512-071500-001-V2-856,['O-20250512-071500-001-V2-2567'],O-20250512-071500-001-V2-2566,,,,['V2_POS1_TP'],5255ea91-6ffe-495f-b398-c1f460d74339,1747034100000000000,1747034580000000000,,,,,1.11694,False,
O-20250512-073000-001-V2-2569,BACKTESTER-001,MLSignalStrategyV2-V2,EUR/USD.IDEALPRO,IDEALPRO-1-2569,EUR/USD.IDEALPRO-MLSignalStrategyV2-V2,IDEALPRO-001,IDEALPRO-1-264602,MARKET,BUY,100000.00,GTC,False,False,100000.00,TAKER,1.11157,0.0,['2.22 USD'],NO_TRIGGER,FILLED,OTO,OL-20250512-073000-001-V2-857,"['O-20250512-073000-001-V2-2570', 'O-20250512-073000-001-V2-2571']",,,,,['V2_POS1'],85110330-f0a2-46ba-8e9c-46cfb85401da,1747035000000000000,1747035000000000000,,,,,,,
O-20250512-073000-001-V2-2570,BACKTESTER-001,MLSignalStrategyV2-V2,EUR/USD.IDEALPRO,IDEALPRO-1-2570,EUR/USD.IDEALPRO-MLSignalStrategyV2-V2,IDEALPRO-001,,STOP_MARKET,SELL,100000.00,GTC,True,False,0.00,NO_LIQUIDITY_SIDE,,,,NO_TRIGGER,CANCELED,OUO,OL-20250512-073000-001-V2-857,['O-20250512-073000-001-V2-2571'],O-20250512-073000-001-V2-2569,,,,['V2_POS1_SL'],0ca664b2-47bb-4d9d-b945-427ca570c2d5,1747035000000000000,1747035240000000000,1.11006,DEFAULT,,,,,
O-20250512-073000-001-V2-2571,BACKTESTER-001,MLSignalStrategyV2-V2,EUR/USD.IDEALPRO,IDEALPRO-1-2571,EUR/USD.IDEALPRO-MLSignalStrategyV2-V2,IDEALPRO-001,IDEALPRO-1-264611,LIMIT,SELL,100000.00,GTC,True,False,100000.00,MAKER,1.11334,-0.000280000000000058,['2.23 USD'],NO_TRIGGER,FILLED,OUO,OL-20250512-073000-001-V2-857,['O-20250512-073000-001-V2-2570'],O-20250512-073000-001-V2-2569,,,,['V2_POS1_TP'],5299f872-d307-453a-ba08-f674171282ba,1747035000000000000,1747035240000000000,,,,,1.11306,False,
O-20250512-074500-001-V2-2572,BACKTESTER-001,MLSignalStrategyV2-V2,EUR/USD.IDEALPRO,IDEALPRO-1-2572,EUR/USD.IDEALPRO-MLSignalStrategyV2-V2,IDEALPRO-001,IDEALPRO-1-264634,MARKET,BUY,100000.00,GTC,False,False,100000.00,TAKER,1.11044,0.0,['2.22 USD'],NO_TRIGGER,FILLED,OTO,OL-20250512-074500-001-V2-858,"['O-20250512-074500-001-V2-2573', 'O-20250512-074500-001-V2-2574']",,,,,['V2_POS1'],3cef062e-20c5-4cc6-badf-5b37cd15543a,1747035900000000000,1747035900000000000,,,,,,,
O-20250512-074500-001-V2-2573,BACKTESTER-001,MLSignalStrategyV2-V2,EUR/USD.IDEALPRO,IDEALPRO-1-2573,EUR/USD.IDEALPRO-MLSignalStrategyV2-V2,IDEALPRO-001,IDEALPRO-1-264695,STOP_MARKET,SELL,100000.00,GTC,True,False,100000.00,TAKER,1.10819,0.0004900000000001015,['2.22 USD'],NO_TRIGGER,FILLED,OUO,OL-20250512-074500-001-V2-858,['O-20250512-074500-001-V2-2574'],O-20250512-074500-001-V2-2572,,,,['V2_POS1_SL'],78f55d6e-eee5-463f-9bcc-6ec0639fa4c2,1747035900000000000,1747037700000000000,1.10868,DEFAULT,,,,,
O-20250512-074500-001-V2-2574,BACKTESTER-001,MLSignalStrategyV2-V2,EUR/USD.IDEALPRO,IDEALPRO-1-2574,EUR/USD.IDEALPRO-MLSignalStrategyV2-V2,IDEALPRO-001,,LIMIT,SELL,100000.00,GTC,True,False,0.00,NO_LIQUIDITY_SIDE,,,,NO_TRIGGER,CANCELED,OUO,OL-20250512-074500-001-V2-858,['O-20250512-074500-001-V2-2573'],O-20250512-074500-001-V2-2572,,,,['V2_POS1_TP'],9f23d53a-5b6b-453e-9cab-d1c1edbedec7,1747035900000000000,1747037700000000000,,,,,1.11220,False,
O-20250512-081500-001-V2-2575,BACKTESTER-001,MLSignalStrategyV2-V2,EUR/USD.IDEALPRO,IDEALPRO-1-2575,EUR/USD.IDEALPRO-MLSignalStrategyV2-V2,IDEALPRO-001,IDEALPRO-1-264696,MARKET,BUY,100000.00,GTC,False,False,100000.00,TAKER,1.10936,0.0,['2.22 USD'],NO_TRIGGER,FILLED,OTO,OL-20250512-081500-001-V2-859,"['O-20250512-081500-001-V2-2576', 'O-20250512-081500-001-V2-2577']",,,,,['V2_POS1'],450d8620-2397-4d22-8e13-96aecd2d841f,1747037700000000000,1747037700000000000,,,,,,,
O-20250512-081500-001-V2-2576,BACKTESTER-001,MLSignalStrategyV2-V2,EUR/USD.IDEALPRO,IDEALPRO-1-2576,EUR/USD.IDEALPRO-MLSignalStrategyV2-V2,IDEALPRO-001,,STOP_MARKET,SELL,100000.00,GTC,True,False,0.00,NO_LIQUIDITY_SIDE,,,,NO_TRIGGER,CANCELED,OUO,OL-20250512-081500-001-V2-859,['O-20250512-081500-001-V2-2577'],O-20250512-081500-001-V2-2575,,,,['V2_POS1_SL'],512c587f-9c24-42f4-8528-0ebcfcb9de8c,1747037700000000000,1747038240000000000,1.10753,DEFAULT,,,,,
O-20250512-081500-001-V2-2577,BACKTESTER-001,MLSignalStrategyV2-V2,EUR/USD.IDEALPRO,IDEALPRO-1-2577,EUR/USD.IDEALPRO-MLSignalStrategyV2-V2,IDEALPRO-001,IDEALPRO-1-264715,LIMIT,SELL,100000.00,GTC,True,False,100000.00,MAKER,1.11136,-0.00017000000000000348,['2.22 USD'],NO_TRIGGER,FILLED,OUO,OL-20250512-081500-001-V2-859,['O-20250512-081500-001-V2-2576'],O-20250512-081500-001-V2-2575,,,,['V2_POS1_TP'],8b5bc25a-3df1-468c-8ed0-4a26cc29262f,1747037700000000000,1747038240000000000,,,,,1.11119,False,
O-20250512-100000-001-V2-2578,BACKTESTER-001,MLSignalStrategyV2-V2,EUR/USD.IDEALPRO,IDEALPRO-1-2578,EUR/USD.IDEALPRO-MLSignalStrategyV2-V2,IDEALPRO-001,IDEALPRO-1-264908,MARKET,BUY,100000.00,GTC,False,False,100000.00,TAKER,1.11188,0.0,['2.22 USD'],NO_TRIGGER,FILLED,OTO,OL-20250512-100000-001-V2-860,"['O-20250512-100000-001-V2-2579', 'O-20250512-100000-001-V2-2580']",,,,,['V2_POS1'],d3b1ef14-0e90-43c1-b759-810816b8c07f,1747044000000000000,1747044000000000000,,,,,,,
O-20250512-100000-001-V2-2579,BACKTESTER-001,MLSignalStrategyV2-V2,EUR/USD.IDEALPRO,IDEALPRO-1-2579,EUR/USD.IDEALPRO-MLSignalStrategyV2-V2,IDEALPRO-001,IDEALPRO-1-264941,STOP_MARKET,SELL,100000.00,GTC,True,False,100000.00,TAKER,1.1098,0.0004900000000001015,['2.22 USD'],NO_TRIGGER,FILLED,OUO,OL-20250512-100000-001-V2-860,['O-20250512-100000-001-V2-2580'],O-20250512-100000-001-V2-2578,,,,['V2_POS1_SL'],9cc05fee-3f14-4b74-9fee-5e438cab1c74,1747044000000000000,1747044960000000000,1.11029,DEFAULT,,,,,
O-20250512-100000-001-V2-2580,BACKTESTER-001,MLSignalStrategyV2-V2,EUR/USD.IDEALPRO,IDEALPRO-1-2580,EUR/USD.IDEALPRO-MLSignalStrategyV2-V2,IDEALPRO-001,,LIMIT,SELL,100000.00,GTC,True,False,0.00,NO_LIQUIDITY_SIDE,,,,NO_TRIGGER,CANCELED,OUO,OL-20250512-100000-001-V2-860,['O-20250512-100000-001-V2-2579'],O-20250512-100000-001-V2-2578,,,,['V2_POS1_TP'],4c911286-b4a0-414d-9720-d535d7737808,1747044000000000000,1747044960000000000,,,,,1.11345,False,
O-20250512-103000-001-V2-2581,BACKTESTER-001,MLSignalStrategyV2-V2,EUR/USD.IDEALPRO,IDEALPRO-1-2581,EUR/USD.IDEALPRO-MLSignalStrategyV2-V2,IDEALPRO-001,IDEALPRO-1-264970,MARKET,BUY,100000.00,GTC,False,False,100000.00,TAKER,1.10906,0.0,['2.22 USD'],NO_TRIGGER,FILLED,OTO,OL-20250512-103000-001-V2-861,"['O-20250512-103000-001-V2-2582', 'O-20250512-103000-001-V2-2583']",,,,,['V2_POS1'],137687b1-70ab-4751-8e12-83dc28866ea7,1747045800000000000,1747045800000000000,,,,,,,
O-20250512-103000-001-V2-2582,BACKTESTER-001,MLSignalStrategyV2-V2,EUR/USD.IDEALPRO,IDEALPRO-1-2582,EUR/USD.IDEALPRO-MLSignalStrategyV2-V2,IDEALPRO-001,IDEALPRO-1-265001,STOP_MARKET,SELL,100000.00,GTC,True,False,100000.00,TAKER,1.10742,0.00014999999999987246,['2.21 USD'],NO_TRIGGER,FILLED,OUO,OL-20250512-103000-001-V2-861,['O-20250512-103000-001-V2-2583'],O-20250512-103000-001-V2-2581,,,,['V2_POS1_SL'],4767a2f0-b4f1-4093-86f0-f50e6908b056,1747045800000000000,1747046700000000000,1.10757,DEFAULT,,,,,
O-20250512-103000-001-V2-2583,BACKTESTER-001,MLSignalStrategyV2-V2,EUR/USD.IDEALPRO,IDEALPRO-1-2583,EUR/USD.IDEALPRO-MLSignalStrategyV2-V2,IDEALPRO-001,,LIMIT,SELL,100000.00,GTC,True,False,0.00,NO_LIQUIDITY_SIDE,,,,NO_TRIGGER,CANCELED,OUO,OL-20250512-103000-001-V2-861,['O-20250512-103000-001-V2-2582'],O-20250512-103000-001-V2-2581,,,,['V2_POS1_TP'],5b16c560-5140-4630-9683-8791a342bd86,1747045800000000000,1747046700000000000,,,,,1.11055,False,
O-20250512-104500-001-V2-2584,BACKTESTER-001,MLSignalStrategyV2-V2,EUR/USD.IDEALPRO,IDEALPRO-1-2584,EUR/USD.IDEALPRO-MLSignalStrategyV2-V2,IDEALPRO-001,IDEALPRO-1-265002,MARKET,BUY,100000.00,GTC,False,False,100000.00,TAKER,1.10747,0.0,['2.21 USD'],NO_TRIGGER,FILLED,OTO,OL-20250512-104500-001-V2-862,"['O-20250512-104500-001-V2-2585', 'O-20250512-104500-001-V2-2586']",,,,,['V2_POS1'],d5887ff4-8c37-42df-9f35-77d0508a947e,1747046700000000000,1747046700000000000,,,,,,,
O-20250512-104500-001-V2-2585,BACKTESTER-001,MLSignalStrategyV2-V2,EUR/USD.IDEALPRO,IDEALPRO-1-2585,EUR/USD.IDEALPRO-MLSignalStrategyV2-V2,IDEALPRO-001,,STOP_MARKET,SELL,100000.00,GTC,True,False,0.00,NO_LIQUIDITY_SIDE,,,,NO_TRIGGER,CANCELED,OUO,OL-20250512-104500-001-V2-862,['O-20250512-104500-001-V2-2586'],O-20250512-104500-001-V2-2584,,,,['V2_POS1_SL'],2a0dbcbb-284f-485f-8524-cda7d4f2232d,1747046700000000000,1747048320000000000,1.10596,DEFAULT,,,,,
O-20250512-104500-001-V2-2586,BACKTESTER-001,MLSignalStrategyV2-V2,EUR/USD.IDEALPRO,IDEALPRO-1-2586,EUR/USD.IDEALPRO-MLSignalStrategyV2-V2,IDEALPRO-001,IDEALPRO-1-265057,LIMIT,SELL,100000.00,GTC,True,False,100000.00,MAKER,1.10906,-9.999999999998899e-05,['2.22 USD'],NO_TRIGGER,FILLED,OUO,OL-20250512-104500-001-V2-862,['O-20250512-104500-001-V2-2585'],O-20250512-104500-001-V2-2584,,,,['V2_POS1_TP'],f6ed6df8-ce07-4f01-b033-86941d07a715,1747046700000000000,1747048320000000000,,,,,1.10896,False,
O-20250512-170000-001-V2-2587,BACKTESTER-001,MLSignalStrategyV2-V2,EUR/USD.IDEALPRO,IDEALPRO-1-2587,EUR/USD.IDEALPRO-MLSignalStrategyV2-V2,IDEALPRO-001,IDEALPRO-1-265754,MARKET,BUY,100000.00,GTC,False,False,100000.00,TAKER,1.10847,0.0,['2.22 USD'],NO_TRIGGER,FILLED,OTO,OL-20250512-170000-001-V2-863,"['O-20250512-170000-001-V2-2588', 'O-20250512-170000-001-V2-2589']",,,,,['V2_POS1'],3463452f-1eec-4860-9647-cc1d7b775980,1747069200000000000,1747069200000000000,,,,,,,
O-20250512-170000-001-V2-2588,BACKTESTER-001,MLSignalStrategyV2-V2,EUR/USD.IDEALPRO,IDEALPRO-1-2588,EUR/USD.IDEALPRO-MLSignalStrategyV2-V2,IDEALPRO-001,IDEALPRO-1-265825,STOP_MARKET,SELL,100000.00,GTC,True,False,100000.00,TAKER,1.10744,1.0000000000065512e-05,['2.21 USD'],NO_TRIGGER,FILLED,OUO,OL-20250512-170000-001-V2-863,['O-20250512-170000-001-V2-2589'],O-20250512-170000-001-V2-2587,,,,['V2_POS1_SL'],e62efa57-99b6-4dcc-9312-f95b9c8c3fef,1747069200000000000,1747071300000000000,1.10745,DEFAULT,,,,,
O-20250512-170000-001-V2-2589,BACKTESTER-001,MLSignalStrategyV2-V2,EUR/USD.IDEALPRO,IDEALPRO-1-2589,EUR/USD.IDEALPRO-MLSignalStrategyV2-V2,IDEALPRO-001,,LIMIT,SELL,100000.00,GTC,True,False,0.00,NO_LIQUIDITY_SIDE,,,,NO_TRIGGER,CANCELED,OUO,OL-20250512-170000-001-V2-863,['O-20250512-170000-001-V2-2588'],O-20250512-170000-001-V2-2587,,,,['V2_POS1_TP'],b676b05d-5353-41be-9b2e-01e310dfa382,1747069200000000000,1747071300000000000,,,,,1.10949,False,
O-20250513-103000-001-V2-2590,BACKTESTER-001,MLSignalStrategyV2-V2,EUR/USD.IDEALPRO,IDEALPRO-1-2590,EUR/USD.IDEALPRO-MLSignalStrategyV2-V2,IDEALPRO-001,IDEALPRO-1-267826,MARKET,BUY,100000.00,GTC,False,False,100000.00,TAKER,1.11095,0.0,['2.22 USD'],NO_TRIGGER,FILLED,OTO,OL-20250513-103000-001-V2-864,"['O-20250513-103000-001-V2-2591', 'O-20250513-103000-001-V2-2592']",,,,,['V2_POS1'],003f1b34-480a-4749-bcca-a4e7a5ac0fd6,1747132200000000000,1747132200000000000,,,,,,,
O-20250513-103000-001-V2-2591,BACKTESTER-001,MLSignalStrategyV2-V2,EUR/USD.IDEALPRO,IDEALPRO-1-2591,EUR/USD.IDEALPRO-MLSignalStrategyV2-V2,IDEALPRO-001,IDEALPRO-1-267849,STOP_MARKET,SELL,100000.00,GTC,True,False,100000.00,TAKER,1.11014,5.0000000000105516e-05,['2.22 USD'],NO_TRIGGER,FILLED,OUO,OL-20250513-103000-001-V2-864,['O-20250513-103000-001-V2-2592'],O-20250513-103000-001-V2-2590,,,,['V2_POS1_SL'],a0e9cd3a-f4c7-4c1a-9ace-8a41811e85b8,1747132200000000000,1747132860000000000,1.11019,DEFAULT,,,,,
O-20250513-103000-001-V2-2592,BACKTESTER-001,MLSignalStrategyV2-V2,EUR/USD.IDEALPRO,IDEALPRO-1-2592,EUR/USD.IDEALPRO-MLSignalStrategyV2-V2,IDEALPRO-001,,LIMIT,SELL,100000.00,GTC,True,False,0.00,NO_LIQUIDITY_SIDE,,,,NO_TRIGGER,CANCELED,OUO,OL-20250513-103000-001-V2-864,['O-20250513-103000-001-V2-2591'],O-20250513-103000-001-V2-2590,,,,['V2_POS1_TP'],91cd49ce-f4a8-494a-941c-a6ee4e8d1a33,1747132200000000000,1747132860000000000,,,,,1.11169,False,
O-20250513-104500-001-V2-2593,BACKTESTER-001,MLSignalStrategyV2-V2,EUR/USD.IDEALPRO,IDEALPRO-1-2593,EUR/USD.IDEALPRO-MLSignalStrategyV2-V2,IDEALPRO-001,IDEALPRO-1-267859,MARKET,BUY,100000.00,GTC,False,False,100000.00,TAKER,1.11032,0.0,['2.22 USD'],NO_TRIGGER,FILLED,OTO,OL-20250513-104500-001-V2-865,"['O-20250513-104500-001-V2-2594', 'O-20250513-104500-001-V2-2595']",,,,,['V2_POS1'],fea5bc37-5b47-4929-886d-298810da9178,1747133100000000000,1747133100000000000,,,,,,,
O-20250513-104500-001-V2-2594,BACKTESTER-001,MLSignalStrategyV2-V2,EUR/USD.IDEALPRO,IDEALPRO-1-2594,EUR/USD.IDEALPRO-MLSignalStrategyV2-V2,IDEALPRO-001,,STOP_MARKET,SELL,100000.00,GTC,True,False,0.00,NO_LIQUIDITY_SIDE,,,,NO_TRIGGER,CANCELED,OUO,OL-20250513-104500-001-V2-865,['O-20250513-104500-001-V2-2595'],O-20250513-104500-001-V2-2593,,,,['V2_POS1_SL'],4b71346c-f5f0-4019-9b4c-8d2b2ae7b037,1747133100000000000,1747135200000000000,1.10957,DEFAULT,,,,,
O-20250513-104500-001-V2-2595,BACKTESTER-001,MLSignalStrategyV2-V2,EUR/USD.IDEALPRO,IDEALPRO-1-2595,EUR/USD.IDEALPRO-MLSignalStrategyV2-V2,IDEALPRO-001,IDEALPRO-1-267929,LIMIT,SELL,100000.00,GTC,True,False,100000.00,MAKER,1.11111,-5.999999999994898e-05,['2.22 USD'],NO_TRIGGER,FILLED,OUO,OL-20250513-104500-001-V2-865,['O-20250513-104500-001-V2-2594'],O-20250513-104500-001-V2-2593,,,,['V2_POS1_TP'],3c8d23e2-e263-431f-a097-b8035b249e38,1747133100000000000,1747135200000000000,,,,,1.11105,False,
O-20250513-201500-001-V2-2596,BACKTESTER-001,MLSignalStrategyV2-V2,EUR/USD.IDEALPRO,IDEALPRO-1-2596,EUR/USD.IDEALPRO-MLSignalStrategyV2-V2,IDEALPRO-001,IDEALPRO-1-269000,MARKET,BUY,100000.00,GTC,False,False,100000.00,TAKER,1.11888,0.0,['2.24 USD'],NO_TRIGGER,FILLED,OTO,OL-20250513-201500-001-V2-866,"['O-20250513-201500-001-V2-2597', 'O-20250513-201500-001-V2-2598']",,,,,['V2_POS1'],3bbf374c-6802-40ec-a9dc-fc2a9e32a403,1747167300000000000,1747167300000000000,,,,,,,
O-20250513-201500-001-V2-2597,BACKTESTER-001,MLSignalStrategyV2-V2,EUR/USD.IDEALPRO,IDEALPRO-1-2597,EUR/USD.IDEALPRO-MLSignalStrategyV2-V2,IDEALPRO-001,,STOP_MARKET,SELL,100000.00,GTC,True,False,0.00,NO_LIQUIDITY_SIDE,,,,NO_TRIGGER,CANCELED,OUO,OL-20250513-201500-001-V2-866,['O-20250513-201500-001-V2-2598'],O-20250513-201500-001-V2-2596,,,,['V2_POS1_SL'],528faf85-d86f-4f68-9bd1-29ea9c1c3740,1747167300000000000,1747168200000000000,1.11838,DEFAULT,,,,,
O-20250513-201500-001-V2-2598,BACKTESTER-001,MLSignalStrategyV2-V2,EUR/USD.IDEALPRO,IDEALPRO-1-2598,EUR/USD.IDEALPRO-MLSignalStrategyV2-V2,IDEALPRO-001,IDEALPRO-1-269031,LIMIT,SELL,100000.00,GTC,True,False,100000.00,MAKER,1.11945,-7.00000000000145e-05,['2.24 USD'],NO_TRIGGER,FILLED,OUO,OL-20250513-201500-001-V2-866,['O-20250513-201500-001-V2-2597'],O-20250513-201500-001-V2-2596,,,,['V2_POS1_TP'],b6dfdc9b-277d-4bef-8aa8-8ebdde68369b,1747167300000000000,1747168200000000000,,,,,1.11938,False,
O-20250513-203000-001-V2-2599,BACKTESTER-001,MLSignalStrategyV2-V2,EUR/USD.IDEALPRO,IDEALPRO-1-2599,EUR/USD.IDEALPRO-MLSignalStrategyV2-V2,IDEALPRO-001,IDEALPRO-1-269032,MARKET,BUY,100000.00,GTC,False,False,100000.00,TAKER,1.11933,0.0,['2.24 USD'],NO_TRIGGER,FILLED,OTO,OL-20250513-203000-001-V2-867,"['O-20250513-203000-001-V2-2600', 'O-20250513-203000-001-V2-2601']",,,,,['V2_POS1'],9e11e500-7fab-461d-b316-01273a3f873e,1747168200000000000,1747168200000000000,,,,,,,
O-20250513-203000-001-V2-2600,BACKTESTER-001,MLSignalStrategyV2-V2,EUR/USD.IDEALPRO,IDEALPRO-1-2600,EUR/USD.IDEALPRO-MLSignalStrategyV2-V2,IDEALPRO-001,IDEALPRO-1-269073,STOP_MARKET,SELL,100000.00,GTC,True,False,100000.00,TAKER,1.11883,1.999999999990898e-05,['2.24 USD'],NO_TRIGGER,FILLED,OUO,OL-20250513-203000-001-V2-867,['O-20250513-203000-001-V2-2601'],O-20250513-203000-001-V2-2599,,,,['V2_POS1_SL'],98320fa3-887b-40d3-827e-6ab4996fda91,1747168200000000000,1747169400000000000,1.11885,DEFAULT,,,,,
O-20250513-203000-001-V2-2601,BACKTESTER-001,MLSignalStrategyV2-V2,EUR/USD.IDEALPRO,IDEALPRO-1-2601,EUR/USD.IDEALPRO-MLSignalStrategyV2-V2,IDEALPRO-001,,LIMIT,SELL,100000.00,GTC,True,False,0.00,NO_LIQUIDITY_SIDE,,,,NO_TRIGGER,CANCELED,OUO,OL-20250513-203000-001-V2-867,['O-20250513-203000-001-V2-2600'],O-20250513-203000-001-V2-2599,,,,['V2_POS1_TP'],9ec28120-8518-4a83-9ff9-f99e7b2b666c,1747168200000000000,1747169400000000000,,,,,1.11981,False,
O-20250513-220000-001-V2-2602,BACKTESTER-001,MLSignalStrategyV2-V2,EUR/USD.IDEALPRO,IDEALPRO-1-2602,EUR/USD.IDEALPRO-MLSignalStrategyV2-V2,IDEALPRO-001,IDEALPRO-1-269185,MARKET,BUY,100000.00,GTC,False,False,100000.00,TAKER,1.11873,0.0,['2.24 USD'],NO_TRIGGER,FILLED,OTO,OL-20250513-220000-001-V2-868,"['O-20250513-220000-001-V2-2603', 'O-20250513-220000-001-V2-2604']",,,,,['V2_POS1'],4c207236-a024-4469-ad6c-c69a94cb9b3c,1747173600000000000,1747173600000000000,,,,,,,
O-20250513-220000-001-V2-2603,BACKTESTER-001,MLSignalStrategyV2-V2,EUR/USD.IDEALPRO,IDEALPRO-1-2603,EUR/USD.IDEALPRO-MLSignalStrategyV2-V2,IDEALPRO-001,,STOP_MARKET,SELL,100000.00,GTC,True,False,0.00,NO_LIQUIDITY_SIDE,,,,NO_TRIGGER,CANCELED,OUO,OL-20250513-220000-001-V2-868,['O-20250513-220000-001-V2-2604'],O-20250513-220000-001-V2-2602,,,,['V2_POS1_SL'],2f39b697-f306-4d7e-a071-b55540f65694,1747173600000000000,1747173840000000000,1.11833,DEFAULT,,,,,
O-20250513-220000-001-V2-2604,BACKTESTER-001,MLSignalStrategyV2-V2,EUR/USD.IDEALPRO,IDEALPRO-1-2604,EUR/USD.IDEALPRO-MLSignalStrategyV2-V2,IDEALPRO-001,IDEALPRO-1-269193,LIMIT,SELL,100000.00,GTC,True,False,100000.00,MAKER,1.11916,-4.999999999988347e-05,['2.24 USD'],NO_TRIGGER,FILLED,OUO,OL-20250513-220000-001-V2-868,['O-20250513-220000-001-V2-2603'],O-20250513-220000-001-V2-2602,,,,['V2_POS1_TP'],139ca1fd-fd90-4da2-b299-500826d2095f,1747173600000000000,1747173840000000000,,,,,1.11911,False,
O-20250513-221500-001-V2-2605,BACKTESTER-001,MLSignalStrategyV2-V2,EUR/USD.IDEALPRO,IDEALPRO-1-2605,EUR/USD.IDEALPRO-MLSignalStrategyV2-V2,IDEALPRO-001,IDEALPRO-1-269216,MARKET,BUY,100000.00,GTC,False,False,100000.00,TAKER,1.11887,0.0,['2.24 USD'],NO_TRIGGER,FILLED,OTO,OL-20250513-221500-001-V2-869,"['O-20250513-221500-001-V2-2606', 'O-20250513-221500-001-V2-2607']",,,,,['V2_POS1'],ca5a3158-7596-4b9f-b0cb-eef0847ca32d,1747174500000000000,1747174500000000000,,,,,,,
O-20250513-221500-001-V2-2606,BACKTESTER-001,MLSignalStrategyV2-V2,EUR/USD.IDEALPRO,IDEALPRO-1-2606,EUR/USD.IDEALPRO-MLSignalStrategyV2-V2,IDEALPRO-001,,STOP_MARKET,SELL,100000.00,GTC,True,False,0.00,NO_LIQUIDITY_SIDE,,,,NO_TRIGGER,CANCELED,OUO,OL-20250513-221500-001-V2-869,['O-20250513-221500-001-V2-2607'],O-20250513-221500-001-V2-2605,,,,['V2_POS1_SL'],68c5c12c-0422-475b-92c5-a5b3ed25ba45,1747174500000000000,1747176660000000000,1.11846,DEFAULT,,,,,
O-20250513-221500-001-V2-2607,BACKTESTER-001,MLSignalStrategyV2-V2,EUR/USD.IDEALPRO,IDEALPRO-1-2607,EUR/USD.IDEALPRO-MLSignalStrategyV2-V2,IDEALPRO-001,IDEALPRO-1-269289,LIMIT,SELL,100000.00,GTC,True,False,100000.00,MAKER,1.11942,-0.00016000000000016001,['2.24 USD'],NO_TRIGGER,FILLED,OUO,OL-20250513-221500-001-V2-869,['O-20250513-221500-001-V2-2606'],O-20250513-221500-001-V2-2605,,,,['V2_POS1_TP'],613b0497-b921-455e-9e51-cb4bd3a9f7d9,1747174500000000000,1747176660000000000,,,,,1.11926,False,
O-20250513-230000-001-V2-2608,BACKTESTER-001,MLSignalStrategyV2-V2,EUR/USD.IDEALPRO,IDEALPRO-1-2608,EUR/USD.IDEALPRO-MLSignalStrategyV2-V2,IDEALPRO-001,IDEALPRO-1-269309,MARKET,BUY,100000.00,GTC,False,False,100000.00,TAKER,1.11975,0.0,['2.24 USD'],NO_TRIGGER,FILLED,OTO,OL-20250513-230000-001-V2-870,"['O-20250513-230000-001-V2-2609', 'O-20250513-230000-001-V2-2610']",,,,,['V2_POS1'],bae4758d-a0b0-4262-8eae-69c53c17e275,1747177200000000000,1747177200000000000,,,,,,,
O-20250513-230000-001-V2-2609,BACKTESTER-001,MLSignalStrategyV2-V2,EUR/USD.IDEALPRO,IDEALPRO-1-2609,EUR/USD.IDEALPRO-MLSignalStrategyV2-V2,IDEALPRO-001,IDEALPRO-1-269319,STOP_MARKET,SELL,100000.00,GTC,True,False,100000.00,TAKER,1.11928,5.999999999994898e-05,['2.24 USD'],NO_TRIGGER,FILLED,OUO,OL-20250513-230000-001-V2-870,['O-20250513-230000-001-V2-2610'],O-20250513-230000-001-V2-2608,,,,['V2_POS1_SL'],cc12ed81-13e6-4568-9f11-716351d7389d,1747177200000000000,1747177500000000000,1.11934,DEFAULT,,,,,
O-20250513-230000-001-V2-2610,BACKTESTER-001,MLSignalStrategyV2-V2,EUR/USD.IDEALPRO,IDEALPRO-1-2610,EUR/USD.IDEALPRO-MLSignalStrategyV2-V2,IDEALPRO-001,,LIMIT,SELL,100000.00,GTC,True,False,0.00,NO_LIQUIDITY_SIDE,,,,NO_TRIGGER,CANCELED,OUO,OL-20250513-230000-001-V2-870,['O-20250513-230000-001-V2-2609'],O-20250513-230000-001-V2-2608,,,,['V2_POS1_TP'],1dd1e371-7843-4cfa-98eb-8cd4a1abee8e,1747177200000000000,1747177500000000000,,,,,1.12014,False,
O-20250514-024500-001-V2-2611,BACKTESTER-001,MLSignalStrategyV2-V2,EUR/USD.IDEALPRO,IDEALPRO-1-2611,EUR/USD.IDEALPRO-MLSignalStrategyV2-V2,IDEALPRO-001,IDEALPRO-1-269761,MARKET,SELL,100000.00,GTC,False,False,100000.00,TAKER,1.11851,0.0,['2.24 USD'],NO_TRIGGER,FILLED,OTO,OL-20250514-024500-001-V2-871,"['O-20250514-024500-001-V2-2612', 'O-20250514-024500-001-V2-2613']",,,,,['V2_POS1'],418bbd03-cd3c-42c3-aead-b0229fb0f0fb,1747190700000000000,1747190700000000000,,,,,,,
O-20250514-024500-001-V2-2612,BACKTESTER-001,MLSignalStrategyV2-V2,EUR/USD.IDEALPRO,IDEALPRO-1-2612,EUR/USD.IDEALPRO-MLSignalStrategyV2-V2,IDEALPRO-001,IDEALPRO-1-269783,STOP_MARKET,BUY,100000.00,GTC,True,False,100000.00,TAKER,1.11926,0.00017999999999984695,['2.24 USD'],NO_TRIGGER,FILLED,OUO,OL-20250514-024500-001-V2-871,['O-20250514-024500-001-V2-2613'],O-20250514-024500-001-V2-2611,,,,['V2_POS1_SL'],c4bbfca4-ae59-452a-bf6a-53ed60e112ee,1747190700000000000,1747191360000000000,1.11908,DEFAULT,,,,,
O-20250514-024500-001-V2-2613,BACKTESTER-001,MLSignalStrategyV2-V2,EUR/USD.IDEALPRO,IDEALPRO-1-2613,EUR/USD.IDEALPRO-MLSignalStrategyV2-V2,IDEALPRO-001,,LIMIT,BUY,100000.00,GTC,True,False,0.00,NO_LIQUIDITY_SIDE,,,,NO_TRIGGER,CANCELED,OUO,OL-20250514-024500-001-V2-871,['O-20250514-024500-001-V2-2612'],O-20250514-024500-001-V2-2611,,,,['V2_POS1_TP'],84526e16-efec-40ca-a268-a64bd2e185c0,1747190700000000000,1747191360000000000,,,,,1.11796,False,
O-20250514-043000-001-V2-2614,BACKTESTER-001,MLSignalStrategyV2-V2,EUR/USD.IDEALPRO,IDEALPRO-1-2614,EUR/USD.IDEALPRO-MLSignalStrategyV2-V2,IDEALPRO-001,IDEALPRO-1-269972,MARKET,BUY,100000.00,GTC,False,False,100000.00,TAKER,1.11952,0.0,['2.24 USD'],NO_TRIGGER,FILLED,OTO,OL-20250514-043000-001-V2-872,"['O-20250514-043000-001-V2-2615', 'O-20250514-043000-001-V2-2616']",,,,,['V2_POS1'],05dbcf2f-f9f1-44e2-85ca-feeaa2be154c,1747197000000000000,1747197000000000000,,,,,,,
O-20250514-043000-001-V2-2615,BACKTESTER-001,MLSignalStrategyV2-V2,EUR/USD.IDEALPRO,IDEALPRO-1-2615,EUR/USD.IDEALPRO-MLSignalStrategyV2-V2,IDEALPRO-001,IDEALPRO-1-270029,STOP_MARKET,SELL,100000.00,GTC,True,False,100000.00,TAKER,1.11888,5.999999999994898e-05,['2.24 USD'],NO_TRIGGER,FILLED,OUO,OL-20250514-043000-001-V2-872,['O-20250514-043000-001-V2-2616'],O-20250514-043000-001-V2-2614,,,,['V2_POS1_SL'],3c1d8829-3c36-4ee4-8b9b-85787b2b4f6f,1747197000000000000,1747198680000000000,1.11894,DEFAULT,,,,,
O-20250514-043000-001-V2-2616,BACKTESTER-001,MLSignalStrategyV2-V2,EUR/USD.IDEALPRO,IDEALPRO-1-2616,EUR/USD.IDEALPRO-MLSignalStrategyV2-V2,IDEALPRO-001,,LIMIT,SELL,100000.00,GTC,True,False,0.00,NO_LIQUIDITY_SIDE,,,,NO_TRIGGER,CANCELED,OUO,OL-20250514-043000-001-V2-872,['O-20250514-043000-001-V2-2615'],O-20250514-043000-001-V2-2614,,,,['V2_POS1_TP'],039365e8-3c2d-4a4f-afcb-1132081bcb81,1747197000000000000,1747198680000000000,,,,,1.12010,False,
O-20250514-074500-001-V2-2617,BACKTESTER-001,MLSignalStrategyV2-V2,EUR/USD.IDEALPRO,IDEALPRO-1-2617,EUR/USD.IDEALPRO-MLSignalStrategyV2-V2,IDEALPRO-001,IDEALPRO-1-270364,MARKET,BUY,100000.00,GTC,False,False,100000.00,TAKER,1.12047,0.0,['2.24 USD'],NO_TRIGGER,FILLED,OTO,OL-20250514-074500-001-V2-873,"['O-20250514-074500-001-V2-2618', 'O-20250514-074500-001-V2-2619']",,,,,['V2_POS1'],ff6a5eff-2908-46dd-8504-0b1fd5e677a6,1747208700000000000,1747208700000000000,,,,,,,
O-20250514-074500-001-V2-2618,BACKTESTER-001,MLSignalStrategyV2-V2,EUR/USD.IDEALPRO,IDEALPRO-1-2618,EUR/USD.IDEALPRO-MLSignalStrategyV2-V2,IDEALPRO-001,,STOP_MARKET,SELL,100000.00,GTC,True,False,0.00,NO_LIQUIDITY_SIDE,,,,NO_TRIGGER,CANCELED,OUO,OL-20250514-074500-001-V2-873,['O-20250514-074500-001-V2-2619'],O-20250514-074500-001-V2-2617,,,,['V2_POS1_SL'],b2c30403-606d-4bbb-9b87-7633b39a5f49,1747208700000000000,1747209300000000000,1.11959,DEFAULT,,,,,
O-20250514-074500-001-V2-2619,BACKTESTER-001,MLSignalStrategyV2-V2,EUR/USD.IDEALPRO,IDEALPRO-1-2619,EUR/USD.IDEALPRO-MLSignalStrategyV2-V2,IDEALPRO-001,IDEALPRO-1-270385,LIMIT,SELL,100000.00,GTC,True,False,100000.00,MAKER,1.12147,-0.000140000000000029,['2.24 USD'],NO_TRIGGER,FILLED,OUO,OL-20250514-074500-001-V2-873,['O-20250514-074500-001-V2-2618'],O-20250514-074500-001-V2-2617,,,,['V2_POS1_TP'],d9a27c0e-bd56-45cc-8f17-f816e38b80f9,1747208700000000000,1747209300000000000,,,,,1.12133,False,
O-20250514-101500-001-V2-2620,BACKTESTER-001,MLSignalStrategyV2-V2,EUR/USD.IDEALPRO,IDEALPRO-1-2620,EUR/USD.IDEALPRO-MLSignalStrategyV2-V2,IDEALPRO-001,IDEALPRO-1-270667,MARKET,SELL,100000.00,GTC,False,False,100000.00,TAKER,1.12449,0.0,['2.25 USD'],NO_TRIGGER,FILLED,OTO,OL-20250514-101500-001-V2-874,"['O-20250514-101500-001-V2-2621', 'O-20250514-101500-001-V2-2622']",,,,,['V2_POS1'],2f967e19-783c-42ae-b0dd-9240c85e57ed,1747217700000000000,1747217700000000000,,,,,,,
O-20250514-101500-001-V2-2621,BACKTESTER-001,MLSignalStrategyV2-V2,EUR/USD.IDEALPRO,IDEALPRO-1-2621,EUR/USD.IDEALPRO-MLSignalStrategyV2-V2,IDEALPRO-001,,STOP_MARKET,BUY,100000.00,GTC,True,False,0.00,NO_LIQUIDITY_SIDE,,,,NO_TRIGGER,CANCELED,OUO,OL-20250514-101500-001-V2-874,['O-20250514-101500-001-V2-2622'],O-20250514-101500-001-V2-2620,,,,['V2_POS1_SL'],b11ac237-f510-48f4-a305-c5152eb3b8a3,1747217700000000000,1747219140000000000,1.12569,DEFAULT,,,,,
O-20250514-101500-001-V2-2622,BACKTESTER-001,MLSignalStrategyV2-V2,EUR/USD.IDEALPRO,IDEALPRO-1-2622,EUR/USD.IDEALPRO-MLSignalStrategyV2-V2,IDEALPRO-001,IDEALPRO-1-270715,LIMIT,BUY,100000.00,GTC,True,False,100000.00,MAKER,1.12326,-2.999999999997449e-05,['2.25 USD'],NO_TRIGGER,FILLED,OUO,OL-20250514-101500-001-V2-874,['O-20250514-101500-001-V2-2621'],O-20250514-101500-001-V2-2620,,,,['V2_POS1_TP'],fcecd73d-1998-4adb-93a3-abc490ef4839,1747217700000000000,1747219140000000000,,,,,1.12329,False,
O-20250514-104500-001-V2-2623,BACKTESTER-001,MLSignalStrategyV2-V2,EUR/USD.IDEALPRO,IDEALPRO-1-2623,EUR/USD.IDEALPRO-MLSignalStrategyV2-V2,IDEALPRO-001,IDEALPRO-1-270728,MARKET,SELL,100000.00,GTC,False,False,100000.00,TAKER,1.12332,0.0,['2.25 USD'],NO_TRIGGER,FILLED,OTO,OL-20250514-104500-001-V2-875,"['O-20250514-104500-001-V2-2624', 'O-20250514-104500-001-V2-2625']",,,,,['V2_POS1'],f5fbf794-93bc-4a81-9086-021af0bf6a35,1747219500000000000,1747219500000000000,,,,,,,
O-20250514-104500-001-V2-2624,BACKTESTER-001,MLSignalStrategyV2-V2,EUR/USD.IDEALPRO,IDEALPRO-1-2624,EUR/USD.IDEALPRO-MLSignalStrategyV2-V2,IDEALPRO-001,,STOP_MARKET,BUY,100000.00,GTC,True,False,0.00,NO_LIQUIDITY_SIDE,,,,NO_TRIGGER,CANCELED,OUO,OL-20250514-104500-001-V2-875,['O-20250514-104500-001-V2-2625'],O-20250514-104500-001-V2-2623,,,,['V2_POS1_SL'],68fbb1d3-e073-4a7e-8893-011e2efb6a03,1747219500000000000,1747221360000000000,1.12448,DEFAULT,,,,,
O-20250514-104500-001-V2-2625,BACKTESTER-001,MLSignalStrategyV2-V2,EUR/USD.IDEALPRO,IDEALPRO-1-2625,EUR/USD.IDEALPRO-MLSignalStrategyV2-V2,IDEALPRO-001,IDEALPRO-1-270791,LIMIT,BUY,100000.00,GTC,True,False,100000.00,MAKER,1.12213,-2.999999999997449e-05,['2.24 USD'],NO_TRIGGER,FILLED,OUO,OL-20250514-104500-001-V2-875,['O-20250514-104500-001-V2-2624'],O-20250514-104500-001-V2-2623,,,,['V2_POS1_TP'],3d8ea6ca-b535-446b-83ab-d501229ecb8e,1747219500000000000,1747221360000000000,,,,,1.12216,False,
O-20250514-164500-001-V2-2626,BACKTESTER-001,MLSignalStrategyV2-V2,EUR/USD.IDEALPRO,IDEALPRO-1-2626,EUR/USD.IDEALPRO-MLSignalStrategyV2-V2,IDEALPRO-001,IDEALPRO-1-271450,MARKET,BUY,100000.00,GTC,False,False,100000.00,TAKER,1.1186,0.0,['2.24 USD'],NO_TRIGGER,FILLED,OTO,OL-20250514-164500-001-V2-876,"['O-20250514-164500-001-V2-2627', 'O-20250514-164500-001-V2-2628']",,,,,['V2_POS1'],98bfb93d-5a18-4a90-9ec1-95e70f2ff6a6,1747241100000000000,1747241100000000000,,,,,,,
O-20250514-164500-001-V2-2627,BACKTESTER-001,MLSignalStrategyV2-V2,EUR/USD.IDEALPRO,IDEALPRO-1-2627,EUR/USD.IDEALPRO-MLSignalStrategyV2-V2,IDEALPRO-001,,STOP_MARKET,SELL,100000.00,GTC,True,False,0.00,NO_LIQUIDITY_SIDE,,,,NO_TRIGGER,CANCELED,OUO,OL-20250514-164500-001-V2-876,['O-20250514-164500-001-V2-2628'],O-20250514-164500-001-V2-2626,,,,['V2_POS1_SL'],6b2603e9-d29d-4c3e-8cca-ebbd3ea51296,1747241100000000000,1747241760000000000,1.11761,DEFAULT,,,,,
O-20250514-164500-001-V2-2628,BACKTESTER-001,MLSignalStrategyV2-V2,EUR/USD.IDEALPRO,IDEALPRO-1-2628,EUR/USD.IDEALPRO-MLSignalStrategyV2-V2,IDEALPRO-001,IDEALPRO-1-271473,LIMIT,SELL,100000.00,GTC,True,False,100000.00,MAKER,1.1196,-9.999999999843467e-06,['2.24 USD'],NO_TRIGGER,FILLED,OUO,OL-20250514-164500-001-V2-876,['O-20250514-164500-001-V2-2627'],O-20250514-164500-001-V2-2626,,,,['V2_POS1_TP'],f5b8c827-d0c6-4c4b-ad8d-c763eef561a8,1747241100000000000,1747241760000000000,,,,,1.11959,False,
O-20250514-200000-001-V2-2629,BACKTESTER-001,MLSignalStrategyV2-V2,EUR/USD.IDEALPRO,IDEALPRO-1-2629,EUR/USD.IDEALPRO-MLSignalStrategyV2-V2,IDEALPRO-001,IDEALPRO-1-271842,MARKET,BUY,100000.00,GTC,False,False,100000.00,TAKER,1.11675,0.0,['2.23 USD'],NO_TRIGGER,FILLED,OTO,OL-20250514-200000-001-V2-877,"['O-20250514-200000-001-V2-2630', 'O-20250514-200000-001-V2-2631']",,,,,['V2_POS1'],528b349f-596c-4b87-8dbb-3874af2e1c59,1747252800000000000,1747252800000000000,,,,,,,
O-20250514-200000-001-V2-2630,BACKTESTER-001,MLSignalStrategyV2-V2,EUR/USD.IDEALPRO,IDEALPRO-1-2630,EUR/USD.IDEALPRO-MLSignalStrategyV2-V2,IDEALPRO-001,,STOP_MARKET,SELL,100000.00,GTC,True,False,0.00,NO_LIQUIDITY_SIDE,,,,NO_TRIGGER,CANCELED,OUO,OL-20250514-200000-001-V2-877,['O-20250514-200000-001-V2-2631'],O-20250514-200000-001-V2-2629,,,,['V2_POS1_SL'],faec8faf-8cc2-4ad5-8881-ebdedd3495a4,1747252800000000000,1747255260000000000,1.11602,DEFAULT,,,,,
O-20250514-200000-001-V2-2631,BACKTESTER-001,MLSignalStrategyV2-V2,EUR/USD.IDEALPRO,IDEALPRO-1-2631,EUR/USD.IDEALPRO-MLSignalStrategyV2-V2,IDEALPRO-001,IDEALPRO-1-271925,LIMIT,SELL,100000.00,GTC,True,False,100000.00,MAKER,1.11749,-1.0000000000065512e-05,['2.23 USD'],NO_TRIGGER,FILLED,OUO,OL-20250514-200000-001-V2-877,['O-20250514-200000-001-V2-2630'],O-20250514-200000-001-V2-2629,,,,['V2_POS1_TP'],2bc5c95f-b451-4591-aa50-b6cc7ada02c1,1747252800000000000,1747255260000000000,,,,,1.11748,False,
O-20250514-210000-001-V2-2632,BACKTESTER-001,MLSignalStrategyV2-V2,EUR/USD.IDEALPRO,IDEALPRO-1-2632,EUR/USD.IDEALPRO-MLSignalStrategyV2-V2,IDEALPRO-001,IDEALPRO-1-271964,MARKET,BUY,100000.00,GTC,False,False,100000.00,TAKER,1.1174,0.0,['2.23 USD'],NO_TRIGGER,FILLED,OTO,OL-20250514-210000-001-V2-878,"['O-20250514-210000-001-V2-2633', 'O-20250514-210000-001-V2-2634']",,,,,['V2_POS1'],66400efd-d79b-4af5-b613-5bb186893cc1,1747256400000000000,1747256400000000000,,,,,,,
O-20250514-210000-001-V2-2633,BACKTESTER-001,MLSignalStrategyV2-V2,EUR/USD.IDEALPRO,IDEALPRO-1-2633,EUR/USD.IDEALPRO-MLSignalStrategyV2-V2,IDEALPRO-001,,STOP_MARKET,SELL,100000.00,GTC,True,False,0.00,NO_LIQUIDITY_SIDE,,,,NO_TRIGGER,CANCELED,OUO,OL-20250514-210000-001-V2-878,['O-20250514-210000-001-V2-2634'],O-20250514-210000-001-V2-2632,,,,['V2_POS1_SL'],6986eb0e-e418-4bf0-96b7-52fa1f39260e,1747256400000000000,1747260240000000000,1.11681,DEFAULT,,,,,
O-20250514-210000-001-V2-2634,BACKTESTER-001,MLSignalStrategyV2-V2,EUR/USD.IDEALPRO,IDEALPRO-1-2634,EUR/USD.IDEALPRO-MLSignalStrategyV2-V2,IDEALPRO-001,IDEALPRO-1-272063,LIMIT,SELL,100000.00,GTC,True,False,100000.00,MAKER,1.11796,9.999999999843467e-06,['2.24 USD'],NO_TRIGGER,FILLED,OUO,OL-20250514-210000-001-V2-878,['O-20250514-210000-001-V2-2633'],O-20250514-210000-001-V2-2632,,,,['V2_POS1_TP'],68700c94-bd12-476a-8dbe-4e758e1c0c64,1747256400000000000,1747260240000000000,,,,,1.11797,False,
O-20250515-003000-001-V2-2635,BACKTESTER-001,MLSignalStrategyV2-V2,EUR/USD.IDEALPRO,IDEALPRO-1-2635,EUR/USD.IDEALPRO-MLSignalStrategyV2-V2,IDEALPRO-001,IDEALPRO-1-272357,MARKET,BUY,100000.00,GTC,False,False,100000.00,TAKER,1.11885,0.0,['2.24 USD'],NO_TRIGGER,FILLED,OTO,OL-20250515-003000-001-V2-879,"['O-20250515-003000-001-V2-2636', 'O-20250515-003000-001-V2-2637']",,,,,['V2_POS1'],0560ac5a-a569-46ab-8b5b-cfe49b2ab33e,1747269000000000000,1747269000000000000,,,,,,,
O-20250515-003000-001-V2-2636,BACKTESTER-001,MLSignalStrategyV2-V2,EUR/USD.IDEALPRO,IDEALPRO-1-2636,EUR/USD.IDEALPRO-MLSignalStrategyV2-V2,IDEALPRO-001,,STOP_MARKET,SELL,100000.00,GTC,True,False,0.00,NO_LIQUIDITY_SIDE,,,,NO_TRIGGER,CANCELED,OUO,OL-20250515-003000-001-V2-879,['O-20250515-003000-001-V2-2637'],O-20250515-003000-001-V2-2635,,,,['V2_POS1_SL'],3ebe613f-0fac-485a-9906-5b5ab9f4bb82,1747269000000000000,1747269240000000000,1.11837,DEFAULT,,,,,
O-20250515-003000-001-V2-2637,BACKTESTER-001,MLSignalStrategyV2-V2,EUR/USD.IDEALPRO,IDEALPRO-1-2637,EUR/USD.IDEALPRO-MLSignalStrategyV2-V2,IDEALPRO-001,IDEALPRO-1-272365,LIMIT,SELL,100000.00,GTC,True,False,100000.00,MAKER,1.11946,-0.00012999999999996348,['2.24 USD'],NO_TRIGGER,FILLED,OUO,OL-20250515-003000-001-V2-879,['O-20250515-003000-001-V2-2636'],O-20250515-003000-001-V2-2635,,,,['V2_POS1_TP'],db5fe291-28cf-4749-810c-2d99b27d0182,1747269000000000000,1747269240000000000,,,,,1.11933,False,
O-20250515-100000-001-V2-2638,BACKTESTER-001,MLSignalStrategyV2-V2,EUR/USD.IDEALPRO,IDEALPRO-1-2638,EUR/USD.IDEALPRO-MLSignalStrategyV2-V2,IDEALPRO-001,IDEALPRO-1-273498,MARKET,SELL,100000.00,GTC,False,False,100000.00,TAKER,1.12025,0.0,['2.24 USD'],NO_TRIGGER,FILLED,OTO,OL-20250515-100000-001-V2-880,"['O-20250515-100000-001-V2-2639', 'O-20250515-100000-001-V2-2640']",,,,,['V2_POS1'],25731d92-7545-4891-a756-6d19f80f46b5,1747303200000000000,1747303200000000000,,,,,,,
O-20250515-100000-001-V2-2639,BACKTESTER-001,MLSignalStrategyV2-V2,EUR/USD.IDEALPRO,IDEALPRO-1-2639,EUR/USD.IDEALPRO-MLSignalStrategyV2-V2,IDEALPRO-001,IDEALPRO-1-273563,STOP_MARKET,BUY,100000.00,GTC,True,False,100000.00,TAKER,1.12115,0.00013000000000018552,['2.24 USD'],NO_TRIGGER,FILLED,OUO,OL-20250515-100000-001-V2-880,['O-20250515-100000-001-V2-2640'],O-20250515-100000-001-V2-2638,,,,['V2_POS1_SL'],1d5b1689-0b8e-461a-9d67-91097b0b1d71,1747303200000000000,1747305120000000000,1.12102,DEFAULT,,,,,
O-20250515-100000-001-V2-2640,BACKTESTER-001,MLSignalStrategyV2-V2,EUR/USD.IDEALPRO,IDEALPRO-1-2640,EUR/USD.IDEALPRO-MLSignalStrategyV2-V2,IDEALPRO-001,,LIMIT,BUY,100000.00,GTC,True,False,0.00,NO_LIQUIDITY_SIDE,,,,NO_TRIGGER,CANCELED,OUO,OL-20250515-100000-001-V2-880,['O-20250515-100000-001-V2-2639'],O-20250515-100000-001-V2-2638,,,,['V2_POS1_TP'],d967f6c8-8b09-4ce6-ba01-ea159f0a2cf6,1747303200000000000,1747305120000000000,,,,,1.11948,False,
O-20250515-104500-001-V2-2641,BACKTESTER-001,MLSignalStrategyV2-V2,EUR/USD.IDEALPRO,IDEALPRO-1-2641,EUR/USD.IDEALPRO-MLSignalStrategyV2-V2,IDEALPRO-001,IDEALPRO-1-273591,MARKET,SELL,100000.00,GTC,False,False,100000.00,TAKER,1.12074,0.0,['2.24 USD'],NO_TRIGGER,FILLED,OTO,OL-20250515-104500-001-V2-881,"['O-20250515-104500-001-V2-2642', 'O-20250515-104500-001-V2-2643']",,,,,['V2_POS1'],6e685f35-7b54-44b8-89f0-6105692fc139,1747305900000000000,1747305900000000000,,,,,,,
O-20250515-104500-001-V2-2642,BACKTESTER-001,MLSignalStrategyV2-V2,EUR/USD.IDEALPRO,IDEALPRO-1-2642,EUR/USD.IDEALPRO-MLSignalStrategyV2-V2,IDEALPRO-001,,STOP_MARKET,BUY,100000.00,GTC,True,False,0.00,NO_LIQUIDITY_SIDE,,,,NO_TRIGGER,CANCELED,OUO,OL-20250515-104500-001-V2-881,['O-20250515-104500-001-V2-2643'],O-20250515-104500-001-V2-2641,,,,['V2_POS1_SL'],996f1635-4a3b-47df-aabf-aa42d99c59ed,1747305900000000000,1747306380000000000,1.12141,DEFAULT,,,,,
O-20250515-104500-001-V2-2643,BACKTESTER-001,MLSignalStrategyV2-V2,EUR/USD.IDEALPRO,IDEALPRO-1-2643,EUR/USD.IDEALPRO-MLSignalStrategyV2-V2,IDEALPRO-001,IDEALPRO-1-273607,LIMIT,BUY,100000.00,GTC,True,False,100000.00,MAKER,1.12003,-3.999999999981796e-05,['2.24 USD'],NO_TRIGGER,FILLED,OUO,OL-20250515-104500-001-V2-881,['O-20250515-104500-001-V2-2642'],O-20250515-104500-001-V2-2641,,,,['V2_POS1_TP'],f3adb42e-95e6-4245-b3c1-aeac0ee8a569,1747305900000000000,1747306380000000000,,,,,1.12007,False,
O-20250515-120000-001-V2-2644,BACKTESTER-001,MLSignalStrategyV2-V2,EUR/USD.IDEALPRO,IDEALPRO-1-2644,EUR/USD.IDEALPRO-MLSignalStrategyV2-V2,IDEALPRO-001,IDEALPRO-1-273742,MARKET,BUY,100000.00,GTC,False,False,100000.00,TAKER,1.11831,0.0,['2.24 USD'],NO_TRIGGER,FILLED,OTO,OL-20250515-120000-001-V2-882,"['O-20250515-120000-001-V2-2645', 'O-20250515-120000-001-V2-2646']",,,,,['V2_POS1'],faa60bf4-eb97-457c-9051-ddbbd45d85d6,1747310400000000000,1747310400000000000,,,,,,,
O-20250515-120000-001-V2-2645,BACKTESTER-001,MLSignalStrategyV2-V2,EUR/USD.IDEALPRO,IDEALPRO-1-2645,EUR/USD.IDEALPRO-MLSignalStrategyV2-V2,IDEALPRO-001,,STOP_MARKET,SELL,100000.00,GTC,True,False,0.00,NO_LIQUIDITY_SIDE,,,,NO_TRIGGER,CANCELED,OUO,OL-20250515-120000-001-V2-882,['O-20250515-120000-001-V2-2646'],O-20250515-120000-001-V2-2644,,,,['V2_POS1_SL'],e533c2f4-b0e4-4f89-b636-4365a5f65960,1747310400000000000,1747311600000000000,1.11755,DEFAULT,,,,,
O-20250515-120000-001-V2-2646,BACKTESTER-001,MLSignalStrategyV2-V2,EUR/USD.IDEALPRO,IDEALPRO-1-2646,EUR/USD.IDEALPRO-MLSignalStrategyV2-V2,IDEALPRO-001,IDEALPRO-1-273783,LIMIT,SELL,100000.00,GTC,True,False,100000.00,MAKER,1.11908,-2.999999999997449e-05,['2.24 USD'],NO_TRIGGER,FILLED,OUO,OL-20250515-120000-001-V2-882,['O-20250515-120000-001-V2-2645'],O-20250515-120000-001-V2-2644,,,,['V2_POS1_TP'],3d1de08b-be25-4559-99ca-3655946dfbf7,1747310400000000000,1747311600000000000,,,,,1.11905,False,
O-20250515-180000-001-V2-2647,BACKTESTER-001,MLSignalStrategyV2-V2,EUR/USD.IDEALPRO,IDEALPRO-1-2647,EUR/USD.IDEALPRO-MLSignalStrategyV2-V2,IDEALPRO-001,IDEALPRO-1-274464,MARKET,BUY,100000.00,GTC,False,False,100000.00,TAKER,1.11714,0.0,['2.23 USD'],NO_TRIGGER,FILLED,OTO,OL-20250515-180000-001-V2-883,"['O-20250515-180000-001-V2-2648', 'O-20250515-180000-001-V2-2649']",,,,,['V2_POS1'],090106a8-1aeb-41be-a339-f02267241cce,1747332000000000000,1747332000000000000,,,,,,,
O-20250515-180000-001-V2-2648,BACKTESTER-001,MLSignalStrategyV2-V2,EUR/USD.IDEALPRO,IDEALPRO-1-2648,EUR/USD.IDEALPRO-MLSignalStrategyV2-V2,IDEALPRO-001,,STOP_MARKET,SELL,100000.00,GTC,True,False,0.00,NO_LIQUIDITY_SIDE,,,,NO_TRIGGER,CANCELED,OUO,OL-20250515-180000-001-V2-883,['O-20250515-180000-001-V2-2649'],O-20250515-180000-001-V2-2647,,,,['V2_POS1_SL'],8dd4b4a5-31fa-4474-8fa9-33f730963127,1747332000000000000,1747333380000000000,1.11633,DEFAULT,,,,,
O-20250515-180000-001-V2-2649,BACKTESTER-001,MLSignalStrategyV2-V2,EUR/USD.IDEALPRO,IDEALPRO-1-2649,EUR/USD.IDEALPRO-MLSignalStrategyV2-V2,IDEALPRO-001,IDEALPRO-1-274511,LIMIT,SELL,100000.00,GTC,True,False,100000.00,MAKER,1.11796,-2.999999999997449e-05,['2.24 USD'],NO_TRIGGER,FILLED,OUO,OL-20250515-180000-001-V2-883,['O-20250515-180000-001-V2-2648'],O-20250515-180000-001-V2-2647,,,,['V2_POS1_TP'],ad7b5fa2-beb2-40e6-8af5-1c5d8f739e60,1747332000000000000,1747333380000000000,,,,,1.11793,False,
O-20250515-210000-001-V2-2650,BACKTESTER-001,MLSignalStrategyV2-V2,EUR/USD.IDEALPRO,IDEALPRO-1-2650,EUR/USD.IDEALPRO-MLSignalStrategyV2-V2,IDEALPRO-001,IDEALPRO-1-274826,MARKET,BUY,100000.00,GTC,False,False,100000.00,TAKER,1.11876,0.0,['2.24 USD'],NO_TRIGGER,FILLED,OTO,OL-20250515-210000-001-V2-884,"['O-20250515-210000-001-V2-2651', 'O-20250515-210000-001-V2-2652']",,,,,['V2_POS1'],bddf8db5-6572-47a6-87ce-ee67550caa60,1747342800000000000,1747342800000000000,,,,,,,
O-20250515-210000-001-V2-2651,BACKTESTER-001,MLSignalStrategyV2-V2,EUR/USD.IDEALPRO,IDEALPRO-1-2651,EUR/USD.IDEALPRO-MLSignalStrategyV2-V2,IDEALPRO-001,IDEALPRO-1-274851,STOP_MARKET,SELL,100000.00,GTC,True,False,100000.00,TAKER,1.11823,7.00000000000145e-05,['2.24 USD'],NO_TRIGGER,FILLED,OUO,OL-20250515-210000-001-V2-884,['O-20250515-210000-001-V2-2652'],O-20250515-210000-001-V2-2650,,,,['V2_POS1_SL'],4ceb41c4-baa6-4d4f-8561-798f114c51ab,1747342800000000000,1747344420000000000,1.11830,DEFAULT,,,,,
O-20250515-210000-001-V2-2652,BACKTESTER-001,MLSignalStrategyV2-V2,EUR/USD.IDEALPRO,IDEALPRO-1-2652,EUR/USD.IDEALPRO-MLSignalStrategyV2-V2,IDEALPRO-001,,LIMIT,SELL,100000.00,GTC,True,False,0.00,NO_LIQUIDITY_SIDE,,,,NO_TRIGGER,CANCELED,OUO,OL-20250515-210000-001-V2-884,['O-20250515-210000-001-V2-2651'],O-20250515-210000-001-V2-2650,,,,['V2_POS1_TP'],e778811f-2c6d-487d-86ac-004ec7501285,1747342800000000000,1747344420000000000,,,,,1.11922,False,
O-20250515-213000-001-V2-2653,BACKTESTER-001,MLSignalStrategyV2-V2,EUR/USD.IDEALPRO,IDEALPRO-1-2653,EUR/USD.IDEALPRO-MLSignalStrategyV2-V2,IDEALPRO-001,IDEALPRO-1-274858,MARKET,BUY,100000.00,GTC,False,False,100000.00,TAKER,1.11833,0.0,['2.24 USD'],NO_TRIGGER,FILLED,OTO,OL-20250515-213000-001-V2-885,"['O-20250515-213000-001-V2-2654', 'O-20250515-213000-001-V2-2655']",,,,,['V2_POS1'],f9a2ff3b-e6cc-4a12-9aa0-de9b9d0eecb6,1747344600000000000,1747344600000000000,,,,,,,
O-20250515-213000-001-V2-2654,BACKTESTER-001,MLSignalStrategyV2-V2,EUR/USD.IDEALPRO,IDEALPRO-1-2654,EUR/USD.IDEALPRO-MLSignalStrategyV2-V2,IDEALPRO-001,,STOP_MARKET,SELL,100000.00,GTC,True,False,0.00,NO_LIQUIDITY_SIDE,,,,NO_TRIGGER,CANCELED,OUO,OL-20250515-213000-001-V2-885,['O-20250515-213000-001-V2-2655'],O-20250515-213000-001-V2-2653,,,,['V2_POS1_SL'],b1d4427e-c3dd-47ef-95df-5921a9bd71a4,1747344600000000000,1747345080000000000,1.11788,DEFAULT,,,,,
O-20250515-213000-001-V2-2655,BACKTESTER-001,MLSignalStrategyV2-V2,EUR/USD.IDEALPRO,IDEALPRO-1-2655,EUR/USD.IDEALPRO-MLSignalStrategyV2-V2,IDEALPRO-001,IDEALPRO-1-274875,LIMIT,SELL,100000.00,GTC,True,False,100000.00,MAKER,1.11886,-7.999999999985796e-05,['2.24 USD'],NO_TRIGGER,FILLED,OUO,OL-20250515-213000-001-V2-885,['O-20250515-213000-001-V2-2654'],O-20250515-213000-001-V2-2653,,,,['V2_POS1_TP'],0be71ee8-96f9-4aeb-b1a7-8c20c575e079,1747344600000000000,1747345080000000000,,,,,1.11878,False,
O-20250515-230000-001-V2-2656,BACKTESTER-001,MLSignalStrategyV2-V2,EUR/USD.IDEALPRO,IDEALPRO-1-2656,EUR/USD.IDEALPRO-MLSignalStrategyV2-V2,IDEALPRO-001,IDEALPRO-1-275040,MARKET,BUY,100000.00,GTC,False,False,100000.00,TAKER,1.11922,0.0,['2.24 USD'],NO_TRIGGER,FILLED,OTO,OL-20250515-230000-001-V2-886,"['O-20250515-230000-001-V2-2657', 'O-20250515-230000-001-V2-2658']",,,,,['V2_POS1'],752aa681-25cb-4aba-8726-7e45ef525e0c,1747350000000000000,1747350000000000000,,,,,,,
O-20250515-230000-001-V2-2657,BACKTESTER-001,MLSignalStrategyV2-V2,EUR/USD.IDEALPRO,IDEALPRO-1-2657,EUR/USD.IDEALPRO-MLSignalStrategyV2-V2,IDEALPRO-001,,STOP_MARKET,SELL,100000.00,GTC,True,False,0.00,NO_LIQUIDITY_SIDE,,,,NO_TRIGGER,CANCELED,OUO,OL-20250515-230000-001-V2-886,['O-20250515-230000-001-V2-2658'],O-20250515-230000-001-V2-2656,,,,['V2_POS1_SL'],5129f89a-7b79-424a-8e12-ef83c85a85ee,1747350000000000000,1747353900000000000,1.11883,DEFAULT,,,,,
O-20250515-230000-001-V2-2658,BACKTESTER-001,MLSignalStrategyV2-V2,EUR/USD.IDEALPRO,IDEALPRO-1-2658,EUR/USD.IDEALPRO-MLSignalStrategyV2-V2,IDEALPRO-001,IDEALPRO-1-275171,LIMIT,SELL,100000.00,GTC,True,False,100000.00,MAKER,1.12024,-0.0006299999999999084,['2.24 USD'],NO_TRIGGER,FILLED,OUO,OL-20250515-230000-001-V2-886,['O-20250515-230000-001-V2-2657'],O-20250515-230000-001-V2-2656,,,,['V2_POS1_TP'],e29d6873-5b87-47d8-a21d-7b32a2407c07,1747350000000000000,1747353900000000000,,,,,1.11961,False,
O-20250516-093000-001-V2-2659,BACKTESTER-001,MLSignalStrategyV2-V2,EUR/USD.IDEALPRO,IDEALPRO-1-2659,EUR/USD.IDEALPRO-MLSignalStrategyV2-V2,IDEALPRO-001,IDEALPRO-1-276302,MARKET,BUY,100000.00,GTC,False,False,100000.00,TAKER,1.12076,0.0,['2.24 USD'],NO_TRIGGER,FILLED,OTO,OL-20250516-093000-001-V2-887,"['O-20250516-093000-001-V2-2660', 'O-20250516-093000-001-V2-2661']",,,,,['V2_POS1'],543d0ed7-398c-4f6e-91e1-9ee2ff3bb2f2,1747387800000000000,1747387800000000000,,,,,,,
O-20250516-093000-001-V2-2660,BACKTESTER-001,MLSignalStrategyV2-V2,EUR/USD.IDEALPRO,IDEALPRO-1-2660,EUR/USD.IDEALPRO-MLSignalStrategyV2-V2,IDEALPRO-001,IDEALPRO-1-276325,STOP_MARKET,SELL,100000.00,GTC,True,False,100000.00,TAKER,1.12007,7.00000000000145e-05,['2.24 USD'],NO_TRIGGER,FILLED,OUO,OL-20250516-093000-001-V2-887,['O-20250516-093000-001-V2-2661'],O-20250516-093000-001-V2-2659,,,,['V2_POS1_SL'],6ea81971-fc77-47dc-88a4-7cc4a1fbfb11,1747387800000000000,1747388460000000000,1.12014,DEFAULT,,,,,
O-20250516-093000-001-V2-2661,BACKTESTER-001,MLSignalStrategyV2-V2,EUR/USD.IDEALPRO,IDEALPRO-1-2661,EUR/USD.IDEALPRO-MLSignalStrategyV2-V2,IDEALPRO-001,,LIMIT,SELL,100000.00,GTC,True,False,0.00,NO_LIQUIDITY_SIDE,,,,NO_TRIGGER,CANCELED,OUO,OL-20250516-093000-001-V2-887,['O-20250516-093000-001-V2-2660'],O-20250516-093000-001-V2-2659,,,,['V2_POS1_TP'],8a5d72a7-69f9-4850-9ded-6456c8f7989a,1747387800000000000,1747388460000000000,,,,,1.12138,False,
O-20250516-100000-001-V2-2662,BACKTESTER-001,MLSignalStrategyV2-V2,EUR/USD.IDEALPRO,IDEALPRO-1-2662,EUR/USD.IDEALPRO-MLSignalStrategyV2-V2,IDEALPRO-001,IDEALPRO-1-276364,MARKET,BUY,100000.00,GTC,False,False,100000.00,TAKER,1.11945,0.0,['2.24 USD'],NO_TRIGGER,FILLED,OTO,OL-20250516-100000-001-V2-888,"['O-20250516-100000-001-V2-2663', 'O-20250516-100000-001-V2-2664']",,,,,['V2_POS1'],81dddfea-93bd-4951-8d38-92514fb804db,1747389600000000000,1747389600000000000,,,,,,,
O-20250516-100000-001-V2-2663,BACKTESTER-001,MLSignalStrategyV2-V2,EUR/USD.IDEALPRO,IDEALPRO-1-2663,EUR/USD.IDEALPRO-MLSignalStrategyV2-V2,IDEALPRO-001,,STOP_MARKET,SELL,100000.00,GTC,True,False,0.00,NO_LIQUIDITY_SIDE,,,,NO_TRIGGER,CANCELED,OUO,OL-20250516-100000-001-V2-888,['O-20250516-100000-001-V2-2664'],O-20250516-100000-001-V2-2662,,,,['V2_POS1_SL'],f2a8b91e-3616-45f3-aac9-a2a3a731cec7,1747389600000000000,1747393260000000000,1.11878,DEFAULT,,,,,
O-20250516-100000-001-V2-2664,BACKTESTER-001,MLSignalStrategyV2-V2,EUR/USD.IDEALPRO,IDEALPRO-1-2664,EUR/USD.IDEALPRO-MLSignalStrategyV2-V2,IDEALPRO-001,IDEALPRO-1-276487,LIMIT,SELL,100000.00,GTC,True,False,100000.00,MAKER,1.12023,-0.0001100000000000545,['2.24 USD'],NO_TRIGGER,FILLED,OUO,OL-20250516-100000-001-V2-888,['O-20250516-100000-001-V2-2663'],O-20250516-100000-001-V2-2662,,,,['V2_POS1_TP'],0a600610-c385-4912-ae35-e0d8fe02554a,1747389600000000000,1747393260000000000,,,,,1.12012,False,
O-20250516-153000-001-V2-2665,BACKTESTER-001,MLSignalStrategyV2-V2,EUR/USD.IDEALPRO,IDEALPRO-1-2665,EUR/USD.IDEALPRO-MLSignalStrategyV2-V2,IDEALPRO-001,IDEALPRO-1-277026,MARKET,BUY,100000.00,GTC,False,False,100000.00,TAKER,1.11435,0.0,['2.23 USD'],NO_TRIGGER,FILLED,OTO,OL-20250516-153000-001-V2-889,"['O-20250516-153000-001-V2-2666', 'O-20250516-153000-001-V2-2667']",,,,,['V2_POS1'],291d4092-f749-4e7a-9e44-315f793b8ae7,1747409400000000000,1747409400000000000,,,,,,,
O-20250516-153000-001-V2-2666,BACKTESTER-001,MLSignalStrategyV2-V2,EUR/USD.IDEALPRO,IDEALPRO-1-2666,EUR/USD.IDEALPRO-MLSignalStrategyV2-V2,IDEALPRO-001,IDEALPRO-1-277101,STOP_MARKET,SELL,100000.00,GTC,True,False,100000.00,TAKER,1.11336,2.0000000000131024e-05,['2.23 USD'],NO_TRIGGER,FILLED,OUO,OL-20250516-153000-001-V2-889,['O-20250516-153000-001-V2-2667'],O-20250516-153000-001-V2-2665,,,,['V2_POS1_SL'],6a1946bc-924d-4174-9f25-18b29c2eb0ac,1747409400000000000,1747411620000000000,1.11338,DEFAULT,,,,,
O-20250516-153000-001-V2-2667,BACKTESTER-001,MLSignalStrategyV2-V2,EUR/USD.IDEALPRO,IDEALPRO-1-2667,EUR/USD.IDEALPRO-MLSignalStrategyV2-V2,IDEALPRO-001,,LIMIT,SELL,100000.00,GTC,True,False,0.00,NO_LIQUIDITY_SIDE,,,,NO_TRIGGER,CANCELED,OUO,OL-20250516-153000-001-V2-889,['O-20250516-153000-001-V2-2666'],O-20250516-153000-001-V2-2665,,,,['V2_POS1_TP'],6d14e8f3-beb4-4ed8-8391-51af4208e951,1747409400000000000,1747411620000000000,,,,,1.11532,False,
O-20250516-161500-001-V2-2668,BACKTESTER-001,MLSignalStrategyV2-V2,EUR/USD.IDEALPRO,IDEALPRO-1-2668,EUR/USD.IDEALPRO-MLSignalStrategyV2-V2,IDEALPRO-001,IDEALPRO-1-277118,MARKET,BUY,100000.00,GTC,False,False,100000.00,TAKER,1.1137,0.0,['2.23 USD'],NO_TRIGGER,FILLED,OTO,OL-20250516-161500-001-V2-890,"['O-20250516-161500-001-V2-2669', 'O-20250516-161500-001-V2-2670']",,,,,['V2_POS1'],43712a64-4391-4ecb-b771-f3695accf4f4,1747412100000000000,1747412100000000000,,,,,,,
O-20250516-161500-001-V2-2669,BACKTESTER-001,MLSignalStrategyV2-V2,EUR/USD.IDEALPRO,IDEALPRO-1-2669,EUR/USD.IDEALPRO-MLSignalStrategyV2-V2,IDEALPRO-001,,STOP_MARKET,SELL,100000.00,GTC,True,False,0.00,NO_LIQUIDITY_SIDE,,,,NO_TRIGGER,CANCELED,OUO,OL-20250516-161500-001-V2-890,['O-20250516-161500-001-V2-2670'],O-20250516-161500-001-V2-2668,,,,['V2_POS1_SL'],66e90814-4700-4b5c-9607-7742e4610439,1747412100000000000,1747414140000000000,1.11274,DEFAULT,,,,,
O-20250516-161500-001-V2-2670,BACKTESTER-001,MLSignalStrategyV2-V2,EUR/USD.IDEALPRO,IDEALPRO-1-2670,EUR/USD.IDEALPRO-MLSignalStrategyV2-V2,IDEALPRO-001,IDEALPRO-1-277187,LIMIT,SELL,100000.00,GTC,True,False,100000.00,MAKER,1.11464,0.0,['2.23 USD'],NO_TRIGGER,FILLED,OUO,OL-20250516-161500-001-V2-890,['O-20250516-161500-001-V2-2669'],O-20250516-161500-001-V2-2668,,,,['V2_POS1_TP'],305b7b23-5171-4a36-a929-c0a26c6acde6,1747412100000000000,1747414140000000000,,,,,1.11464,False,
O-20250518-213000-001-V2-2671,BACKTESTER-001,MLSignalStrategyV2-V2,EUR/USD.IDEALPRO,IDEALPRO-1-2671,EUR/USD.IDEALPRO-MLSignalStrategyV2-V2,IDEALPRO-001,IDEALPRO-1-277720,MARKET,BUY,100000.00,GTC,False,False,100000.00,TAKER,1.11817,0.0,['2.24 USD'],NO_TRIGGER,FILLED,OTO,OL-20250518-213000-001-V2-891,"['O-20250518-213000-001-V2-2672', 'O-20250518-213000-001-V2-2673']",,,,,['V2_POS1'],9213ee49-e63f-4d5f-9f90-43a2339505b7,1747603800000000000,1747603800000000000,,,,,,,
O-20250518-213000-001-V2-2672,BACKTESTER-001,MLSignalStrategyV2-V2,EUR/USD.IDEALPRO,IDEALPRO-1-2672,EUR/USD.IDEALPRO-MLSignalStrategyV2-V2,IDEALPRO-001,IDEALPRO-1-277739,STOP_MARKET,SELL,100000.00,GTC,True,False,100000.00,TAKER,1.11744,5.999999999994898e-05,['2.23 USD'],NO_TRIGGER,FILLED,OUO,OL-20250518-213000-001-V2-891,['O-20250518-213000-001-V2-2673'],O-20250518-213000-001-V2-2671,,,,['V2_POS1_SL'],c1f35ab1-0eca-4762-8667-7ec765e94234,1747603800000000000,1747604340000000000,1.11750,DEFAULT,,,,,
O-20250518-213000-001-V2-2673,BACKTESTER-001,MLSignalStrategyV2-V2,EUR/USD.IDEALPRO,IDEALPRO-1-2673,EUR/USD.IDEALPRO-MLSignalStrategyV2-V2,IDEALPRO-001,,LIMIT,SELL,100000.00,GTC,True,False,0.00,NO_LIQUIDITY_SIDE,,,,NO_TRIGGER,CANCELED,OUO,OL-20250518-213000-001-V2-891,['O-20250518-213000-001-V2-2672'],O-20250518-213000-001-V2-2671,,,,['V2_POS1_TP'],ebbbc7ac-f902-4cdf-a8d4-b35631f8651f,1747603800000000000,1747604340000000000,,,,,1.11884,False,
O-20250518-214500-001-V2-2674,BACKTESTER-001,MLSignalStrategyV2-V2,EUR/USD.IDEALPRO,IDEALPRO-1-2674,EUR/USD.IDEALPRO-MLSignalStrategyV2-V2,IDEALPRO-001,IDEALPRO-1-277751,MARKET,BUY,100000.00,GTC,False,False,100000.00,TAKER,1.11763,0.0,['2.24 USD'],NO_TRIGGER,FILLED,OTO,OL-20250518-214500-001-V2-892,"['O-20250518-214500-001-V2-2675', 'O-20250518-214500-001-V2-2676']",,,,,['V2_POS1'],3e330466-16e1-4bc4-9085-35466e3b4912,1747604700000000000,1747604700000000000,,,,,,,
O-20250518-214500-001-V2-2675,BACKTESTER-001,MLSignalStrategyV2-V2,EUR/USD.IDEALPRO,IDEALPRO-1-2675,EUR/USD.IDEALPRO-MLSignalStrategyV2-V2,IDEALPRO-001,,STOP_MARKET,SELL,100000.00,GTC,True,False,0.00,NO_LIQUIDITY_SIDE,,,,NO_TRIGGER,CANCELED,OUO,OL-20250518-214500-001-V2-892,['O-20250518-214500-001-V2-2676'],O-20250518-214500-001-V2-2674,,,,['V2_POS1_SL'],4bb76274-90d6-4a67-b1a9-eebf693176cc,1747604700000000000,1747605840000000000,1.11689,DEFAULT,,,,,
O-20250518-214500-001-V2-2676,BACKTESTER-001,MLSignalStrategyV2-V2,EUR/USD.IDEALPRO,IDEALPRO-1-2676,EUR/USD.IDEALPRO-MLSignalStrategyV2-V2,IDEALPRO-001,IDEALPRO-1-277791,LIMIT,SELL,100000.00,GTC,True,False,100000.00,MAKER,1.11835,-4.0000000000040004e-05,['2.24 USD'],NO_TRIGGER,FILLED,OUO,OL-20250518-214500-001-V2-892,['O-20250518-214500-001-V2-2675'],O-20250518-214500-001-V2-2674,,,,['V2_POS1_TP'],366f0722-de0a-4c5b-954f-38f2bc8e53cb,1747604700000000000,1747605840000000000,,,,,1.11831,False,
O-20250518-221500-001-V2-2677,BACKTESTER-001,MLSignalStrategyV2-V2,EUR/USD.IDEALPRO,IDEALPRO-1-2677,EUR/USD.IDEALPRO-MLSignalStrategyV2-V2,IDEALPRO-001,IDEALPRO-1-277814,MARKET,BUY,100000.00,GTC,False,False,100000.00,TAKER,1.11864,0.0,['2.24 USD'],NO_TRIGGER,FILLED,OTO,OL-20250518-221500-001-V2-893,"['O-20250518-221500-001-V2-2678', 'O-20250518-221500-001-V2-2679']",,,,,['V2_POS1'],0dcd5a35-b92e-4316-bc79-4ae2ceb277bd,1747606500000000000,1747606500000000000,,,,,,,
O-20250518-221500-001-V2-2678,BACKTESTER-001,MLSignalStrategyV2-V2,EUR/USD.IDEALPRO,IDEALPRO-1-2678,EUR/USD.IDEALPRO-MLSignalStrategyV2-V2,IDEALPRO-001,,STOP_MARKET,SELL,100000.00,GTC,True,False,0.00,NO_LIQUIDITY_SIDE,,,,NO_TRIGGER,CANCELED,OUO,OL-20250518-221500-001-V2-893,['O-20250518-221500-001-V2-2679'],O-20250518-221500-001-V2-2677,,,,['V2_POS1_SL'],89f66616-d8e9-4aeb-8d92-c263a15990ef,1747606500000000000,1747608900000000000,1.11794,DEFAULT,,,,,
O-20250518-221500-001-V2-2679,BACKTESTER-001,MLSignalStrategyV2-V2,EUR/USD.IDEALPRO,IDEALPRO-1-2679,EUR/USD.IDEALPRO-MLSignalStrategyV2-V2,IDEALPRO-001,IDEALPRO-1-277895,LIMIT,SELL,100000.00,GTC,True,False,100000.00,MAKER,1.11937,-2.999999999997449e-05,['2.24 USD'],NO_TRIGGER,FILLED,OUO,OL-20250518-221500-001-V2-893,['O-20250518-221500-001-V2-2678'],O-20250518-221500-001-V2-2677,,,,['V2_POS1_TP'],fede2c84-a2ad-4560-958c-0d762ec13a82,1747606500000000000,1747608900000000000,,,,,1.11934,False,
O-20250518-230000-001-V2-2680,BACKTESTER-001,MLSignalStrategyV2-V2,EUR/USD.IDEALPRO,IDEALPRO-1-2680,EUR/USD.IDEALPRO-MLSignalStrategyV2-V2,IDEALPRO-001,IDEALPRO-1-277907,MARKET,SELL,100000.00,GTC,False,False,100000.00,TAKER,1.11902,0.0,['2.24 USD'],NO_TRIGGER,FILLED,OTO,OL-20250518-230000-001-V2-894,"['O-20250518-230000-001-V2-2681', 'O-20250518-230000-001-V2-2682']",,,,,['V2_POS1'],dcfaafe8-2dae-4720-aee2-8669ae8c7faf,1747609200000000000,1747609200000000000,,,,,,,
O-20250518-230000-001-V2-2681,BACKTESTER-001,MLSignalStrategyV2-V2,EUR/USD.IDEALPRO,IDEALPRO-1-2681,EUR/USD.IDEALPRO-MLSignalStrategyV2-V2,IDEALPRO-001,,STOP_MARKET,BUY,100000.00,GTC,True,False,0.00,NO_LIQUIDITY_SIDE,,,,NO_TRIGGER,CANCELED,OUO,OL-20250518-230000-001-V2-894,['O-20250518-230000-001-V2-2682'],O-20250518-230000-001-V2-2680,,,,['V2_POS1_SL'],47feb92e-94d3-47db-a6ac-7576b7ae4664,1747609200000000000,1747611780000000000,1.11967,DEFAULT,,,,,
O-20250518-230000-001-V2-2682,BACKTESTER-001,MLSignalStrategyV2-V2,EUR/USD.IDEALPRO,IDEALPRO-1-2682,EUR/USD.IDEALPRO-MLSignalStrategyV2-V2,IDEALPRO-001,IDEALPRO-1-277993,LIMIT,BUY,100000.00,GTC,True,False,100000.00,MAKER,1.11824,-0.00013000000000018552,['2.24 USD'],NO_TRIGGER,FILLED,OUO,OL-20250518-230000-001-V2-894,['O-20250518-230000-001-V2-2681'],O-20250518-230000-001-V2-2680,,,,['V2_POS1_TP'],99ffac43-a71e-41b2-a2e9-0262ae9df0c5,1747609200000000000,1747611780000000000,,,,,1.11837,False,
O-20250519-081500-001-V2-2683,BACKTESTER-001,MLSignalStrategyV2-V2,EUR/USD.IDEALPRO,IDEALPRO-1-2683,EUR/USD.IDEALPRO-MLSignalStrategyV2-V2,IDEALPRO-001,IDEALPRO-1-279018,MARKET,SELL,100000.00,GTC,False,False,100000.00,TAKER,1.12483,0.0,['2.25 USD'],NO_TRIGGER,FILLED,OTO,OL-20250519-081500-001-V2-895,"['O-20250519-081500-001-V2-2684', 'O-20250519-081500-001-V2-2685']",,,,,['V2_POS1'],ef5ff709-6197-4f76-8c6c-e9062e03cfe9,1747642500000000000,1747642500000000000,,,,,,,
O-20250519-081500-001-V2-2684,BACKTESTER-001,MLSignalStrategyV2-V2,EUR/USD.IDEALPRO,IDEALPRO-1-2684,EUR/USD.IDEALPRO-MLSignalStrategyV2-V2,IDEALPRO-001,IDEALPRO-1-279097,STOP_MARKET,BUY,100000.00,GTC,True,False,100000.00,TAKER,1.12572,1.0000000000065512e-05,['2.25 USD'],NO_TRIGGER,FILLED,OUO,OL-20250519-081500-001-V2-895,['O-20250519-081500-001-V2-2685'],O-20250519-081500-001-V2-2683,,,,['V2_POS1_SL'],7730ff62-0a83-4ea1-8aab-4aa27899576b,1747642500000000000,1747644840000000000,1.12571,DEFAULT,,,,,
O-20250519-081500-001-V2-2685,BACKTESTER-001,MLSignalStrategyV2-V2,EUR/USD.IDEALPRO,IDEALPRO-1-2685,EUR/USD.IDEALPRO-MLSignalStrategyV2-V2,IDEALPRO-001,,LIMIT,BUY,100000.00,GTC,True,False,0.00,NO_LIQUIDITY_SIDE,,,,NO_TRIGGER,CANCELED,OUO,OL-20250519-081500-001-V2-895,['O-20250519-081500-001-V2-2684'],O-20250519-081500-001-V2-2683,,,,['V2_POS1_TP'],2d9d85be-8ee7-4454-bc7b-6cbfd4b3c784,1747642500000000000,1747644840000000000,,,,,1.12395,False,
O-20250519-123000-001-V2-2686,BACKTESTER-001,MLSignalStrategyV2-V2,EUR/USD.IDEALPRO,IDEALPRO-1-2686,EUR/USD.IDEALPRO-MLSignalStrategyV2-V2,IDEALPRO-001,IDEALPRO-1-279530,MARKET,SELL,100000.00,GTC,False,False,100000.00,TAKER,1.12641,0.0,['2.25 USD'],NO_TRIGGER,FILLED,OTO,OL-20250519-123000-001-V2-896,"['O-20250519-123000-001-V2-2687', 'O-20250519-123000-001-V2-2688']",,,,,['V2_POS1'],b934510e-1ecc-4787-a1f7-57b5f8af6ca7,1747657800000000000,1747657800000000000,,,,,,,
O-20250519-123000-001-V2-2687,BACKTESTER-001,MLSignalStrategyV2-V2,EUR/USD.IDEALPRO,IDEALPRO-1-2687,EUR/USD.IDEALPRO-MLSignalStrategyV2-V2,IDEALPRO-001,,STOP_MARKET,BUY,100000.00,GTC,True,False,0.00,NO_LIQUIDITY_SIDE,,,,NO_TRIGGER,CANCELED,OUO,OL-20250519-123000-001-V2-896,['O-20250519-123000-001-V2-2688'],O-20250519-123000-001-V2-2686,,,,['V2_POS1_SL'],6eef2f04-78a7-48d2-a72b-b7b74f0e24fa,1747657800000000000,1747659660000000000,1.12728,DEFAULT,,,,,
O-20250519-123000-001-V2-2688,BACKTESTER-001,MLSignalStrategyV2-V2,EUR/USD.IDEALPRO,IDEALPRO-1-2688,EUR/USD.IDEALPRO-MLSignalStrategyV2-V2,IDEALPRO-001,IDEALPRO-1-279593,LIMIT,BUY,100000.00,GTC,True,False,100000.00,MAKER,1.12534,-0.00019999999999997797,['2.25 USD'],NO_TRIGGER,FILLED,OUO,OL-20250519-123000-001-V2-896,['O-20250519-123000-001-V2-2687'],O-20250519-123000-001-V2-2686,,,,['V2_POS1_TP'],f5db284e-0f3a-430f-bd01-bbfebe44a188,1747657800000000000,1747659660000000000,,,,,1.12554,False,
O-20250519-131500-001-V2-2689,BACKTESTER-001,MLSignalStrategyV2-V2,EUR/USD.IDEALPRO,IDEALPRO-1-2689,EUR/USD.IDEALPRO-MLSignalStrategyV2-V2,IDEALPRO-001,IDEALPRO-1-279622,MARKET,SELL,100000.00,GTC,False,False,100000.00,TAKER,1.12604,0.0,['2.25 USD'],NO_TRIGGER,FILLED,OTO,OL-20250519-131500-001-V2-897,"['O-20250519-131500-001-V2-2690', 'O-20250519-131500-001-V2-2691']",,,,,['V2_POS1'],563ced10-0b48-4192-92c7-0715977863e8,1747660500000000000,1747660500000000000,,,,,,,
O-20250519-131500-001-V2-2690,BACKTESTER-001,MLSignalStrategyV2-V2,EUR/USD.IDEALPRO,IDEALPRO-1-2690,EUR/USD.IDEALPRO-MLSignalStrategyV2-V2,IDEALPRO-001,,STOP_MARKET,BUY,100000.00,GTC,True,False,0.00,NO_LIQUIDITY_SIDE,,,,NO_TRIGGER,CANCELED,OUO,OL-20250519-131500-001-V2-897,['O-20250519-131500-001-V2-2691'],O-20250519-131500-001-V2-2689,,,,['V2_POS1_SL'],533321ac-ec37-42b2-bb1a-e2a7c82e3082,1747660500000000000,1747660800000000000,1.12689,DEFAULT,,,,,
O-20250519-131500-001-V2-2691,BACKTESTER-001,MLSignalStrategyV2-V2,EUR/USD.IDEALPRO,IDEALPRO-1-2691,EUR/USD.IDEALPRO-MLSignalStrategyV2-V2,IDEALPRO-001,IDEALPRO-1-279633,LIMIT,BUY,100000.00,GTC,True,False,100000.00,MAKER,1.12516,-2.999999999997449e-05,['2.25 USD'],NO_TRIGGER,FILLED,OUO,OL-20250519-131500-001-V2-897,['O-20250519-131500-001-V2-2690'],O-20250519-131500-001-V2-2689,,,,['V2_POS1_TP'],a840f75c-d526-47b3-b6ea-1a151425783b,1747660500000000000,1747660800000000000,,,,,1.12519,False,
O-20250519-170000-001-V2-2692,BACKTESTER-001,MLSignalStrategyV2-V2,EUR/USD.IDEALPRO,IDEALPRO-1-2692,EUR/USD.IDEALPRO-MLSignalStrategyV2-V2,IDEALPRO-001,IDEALPRO-1-280074,MARKET,BUY,100000.00,GTC,False,False,100000.00,TAKER,1.12354,0.0,['2.25 USD'],NO_TRIGGER,FILLED,OTO,OL-20250519-170000-001-V2-898,"['O-20250519-170000-001-V2-2693', 'O-20250519-170000-001-V2-2694']",,,,,['V2_POS1'],57f99c32-28ba-4f82-8472-b44f2acdc076,1747674000000000000,1747674000000000000,,,,,,,
O-20250519-170000-001-V2-2693,BACKTESTER-001,MLSignalStrategyV2-V2,EUR/USD.IDEALPRO,IDEALPRO-1-2693,EUR/USD.IDEALPRO-MLSignalStrategyV2-V2,IDEALPRO-001,IDEALPRO-1-280101,STOP_MARKET,SELL,100000.00,GTC,True,False,100000.00,TAKER,1.12271,9.999999999998899e-05,['2.25 USD'],NO_TRIGGER,FILLED,OUO,OL-20250519-170000-001-V2-898,['O-20250519-170000-001-V2-2694'],O-20250519-170000-001-V2-2692,,,,['V2_POS1_SL'],6d7f163f-f275-4540-ac9c-ffb45e9651e9,1747674000000000000,1747674780000000000,1.12281,DEFAULT,,,,,
O-20250519-170000-001-V2-2694,BACKTESTER-001,MLSignalStrategyV2-V2,EUR/USD.IDEALPRO,IDEALPRO-1-2694,EUR/USD.IDEALPRO-MLSignalStrategyV2-V2,IDEALPRO-001,,LIMIT,SELL,100000.00,GTC,True,False,0.00,NO_LIQUIDITY_SIDE,,,,NO_TRIGGER,CANCELED,OUO,OL-20250519-170000-001-V2-898,['O-20250519-170000-001-V2-2693'],O-20250519-170000-001-V2-2692,,,,['V2_POS1_TP'],4b0875bc-cc53-4e89-bbcf-78ca10f4a79b,1747674000000000000,1747674780000000000,,,,,1.12425,False,
O-20250519-173000-001-V2-2695,BACKTESTER-001,MLSignalStrategyV2-V2,EUR/USD.IDEALPRO,IDEALPRO-1-2695,EUR/USD.IDEALPRO-MLSignalStrategyV2-V2,IDEALPRO-001,IDEALPRO-1-280136,MARKET,BUY,100000.00,GTC,False,False,100000.00,TAKER,1.12283,0.0,['2.25 USD'],NO_TRIGGER,FILLED,OTO,OL-20250519-173000-001-V2-899,"['O-20250519-173000-001-V2-2696', 'O-20250519-173000-001-V2-2697']",,,,,['V2_POS1'],5b20e2f5-32f2-4743-9269-fc1c518b5451,1747675800000000000,1747675800000000000,,,,,,,
O-20250519-173000-001-V2-2696,BACKTESTER-001,MLSignalStrategyV2-V2,EUR/USD.IDEALPRO,IDEALPRO-1-2696,EUR/USD.IDEALPRO-MLSignalStrategyV2-V2,IDEALPRO-001,,STOP_MARKET,SELL,100000.00,GTC,True,False,0.00,NO_LIQUIDITY_SIDE,,,,NO_TRIGGER,CANCELED,OUO,OL-20250519-173000-001-V2-899,['O-20250519-173000-001-V2-2697'],O-20250519-173000-001-V2-2695,,,,['V2_POS1_SL'],3a288a23-ecc8-4331-a728-3f76304495ec,1747675800000000000,1747680780000000000,1.12210,DEFAULT,,,,,
O-20250519-173000-001-V2-2697,BACKTESTER-001,MLSignalStrategyV2-V2,EUR/USD.IDEALPRO,IDEALPRO-1-2697,EUR/USD.IDEALPRO-MLSignalStrategyV2-V2,IDEALPRO-001,IDEALPRO-1-280303,LIMIT,SELL,100000.00,GTC,True,False,100000.00,MAKER,1.12363,-8.999999999992347e-05,['2.25 USD'],NO_TRIGGER,FILLED,OUO,OL-20250519-173000-001-V2-899,['O-20250519-173000-001-V2-2696'],O-20250519-173000-001-V2-2695,,,,['V2_POS1_TP'],c77e4e6e-81a0-4499-866d-e9c33a45db41,1747675800000000000,1747680780000000000,,,,,1.12354,False,
O-20250519-220000-001-V2-2698,BACKTESTER-001,MLSignalStrategyV2-V2,EUR/USD.IDEALPRO,IDEALPRO-1-2698,EUR/USD.IDEALPRO-MLSignalStrategyV2-V2,IDEALPRO-001,IDEALPRO-1-280649,MARKET,BUY,100000.00,GTC,False,False,100000.00,TAKER,1.12435,0.0,['2.25 USD'],NO_TRIGGER,FILLED,OTO,OL-20250519-220000-001-V2-900,"['O-20250519-220000-001-V2-2699', 'O-20250519-220000-001-V2-2700']",,,,,['V2_POS1'],2d727994-f1e4-479b-819a-39b0b7a42f4f,1747692000000000000,1747692000000000000,,,,,,,
O-20250519-220000-001-V2-2699,BACKTESTER-001,MLSignalStrategyV2-V2,EUR/USD.IDEALPRO,IDEALPRO-1-2699,EUR/USD.IDEALPRO-MLSignalStrategyV2-V2,IDEALPRO-001,IDEALPRO-1-280689,STOP_MARKET,SELL,100000.00,GTC,True,False,100000.00,TAKER,1.12397,5.0000000000105516e-05,['2.25 USD'],NO_TRIGGER,FILLED,OUO,OL-20250519-220000-001-V2-900,['O-20250519-220000-001-V2-2700'],O-20250519-220000-001-V2-2698,,,,['V2_POS1_SL'],200c5ebf-a5eb-4a54-9246-ef343b28089c,1747692000000000000,1747693200000000000,1.12402,DEFAULT,,,,,
O-20250519-220000-001-V2-2700,BACKTESTER-001,MLSignalStrategyV2-V2,EUR/USD.IDEALPRO,IDEALPRO-1-2700,EUR/USD.IDEALPRO-MLSignalStrategyV2-V2,IDEALPRO-001,,LIMIT,SELL,100000.00,GTC,True,False,0.00,NO_LIQUIDITY_SIDE,,,,NO_TRIGGER,CANCELED,OUO,OL-20250519-220000-001-V2-900,['O-20250519-220000-001-V2-2699'],O-20250519-220000-001-V2-2698,,,,['V2_POS1_TP'],fcc69cba-ce78-4d59-b53a-08888bb5e06f,1747692000000000000,1747693200000000000,,,,,1.12466,False,
O-20250519-223000-001-V2-2701,BACKTESTER-001,MLSignalStrategyV2-V2,EUR/USD.IDEALPRO,IDEALPRO-1-2701,EUR/USD.IDEALPRO-MLSignalStrategyV2-V2,IDEALPRO-001,IDEALPRO-1-280710,MARKET,BUY,100000.00,GTC,False,False,100000.00,TAKER,1.12407,0.0,['2.25 USD'],NO_TRIGGER,FILLED,OTO,OL-20250519-223000-001-V2-901,"['O-20250519-223000-001-V2-2702', 'O-20250519-223000-001-V2-2703']",,,,,['V2_POS1'],fb19eeb0-0955-43e7-b17a-1bcbc68dfa1f,1747693800000000000,1747693800000000000,,,,,,,
O-20250519-223000-001-V2-2702,BACKTESTER-001,MLSignalStrategyV2-V2,EUR/USD.IDEALPRO,IDEALPRO-1-2702,EUR/USD.IDEALPRO-MLSignalStrategyV2-V2,IDEALPRO-001,IDEALPRO-1-280745,STOP_MARKET,SELL,100000.00,GTC,True,False,100000.00,TAKER,1.12373,1.0000000000065512e-05,['2.25 USD'],NO_TRIGGER,FILLED,OUO,OL-20250519-223000-001-V2-901,['O-20250519-223000-001-V2-2703'],O-20250519-223000-001-V2-2701,,,,['V2_POS1_SL'],5734d46d-599f-4aac-bd8b-97bbcff18a75,1747693800000000000,1747694820000000000,1.12374,DEFAULT,,,,,
O-20250519-223000-001-V2-2703,BACKTESTER-001,MLSignalStrategyV2-V2,EUR/USD.IDEALPRO,IDEALPRO-1-2703,EUR/USD.IDEALPRO-MLSignalStrategyV2-V2,IDEALPRO-001,,LIMIT,SELL,100000.00,GTC,True,False,0.00,NO_LIQUIDITY_SIDE,,,,NO_TRIGGER,CANCELED,OUO,OL-20250519-223000-001-V2-901,['O-20250519-223000-001-V2-2702'],O-20250519-223000-001-V2-2701,,,,['V2_POS1_TP'],167d438c-e110-45fd-babe-b4cb1addac4b,1747693800000000000,1747694820000000000,,,,,1.12440,False,
O-20250519-230000-001-V2-2704,BACKTESTER-001,MLSignalStrategyV2-V2,EUR/USD.IDEALPRO,IDEALPRO-1-2704,EUR/USD.IDEALPRO-MLSignalStrategyV2-V2,IDEALPRO-001,IDEALPRO-1-280772,MARKET,BUY,100000.00,GTC,False,False,100000.00,TAKER,1.12354,0.0,['2.25 USD'],NO_TRIGGER,FILLED,OTO,OL-20250519-230000-001-V2-902,"['O-20250519-230000-001-V2-2705', 'O-20250519-230000-001-V2-2706']",,,,,['V2_POS1'],71ae6ef5-bbf0-434f-a826-8bc2d455a959,1747695600000000000,1747695600000000000,,,,,,,
O-20250519-230000-001-V2-2705,BACKTESTER-001,MLSignalStrategyV2-V2,EUR/USD.IDEALPRO,IDEALPRO-1-2705,EUR/USD.IDEALPRO-MLSignalStrategyV2-V2,IDEALPRO-001,IDEALPRO-1-280801,STOP_MARKET,SELL,100000.00,GTC,True,False,100000.00,TAKER,1.12319,3.0000000000196536e-05,['2.25 USD'],NO_TRIGGER,FILLED,OUO,OL-20250519-230000-001-V2-902,['O-20250519-230000-001-V2-2706'],O-20250519-230000-001-V2-2704,,,,['V2_POS1_SL'],6863d4c2-0add-4c01-bc90-6d72e3f53477,1747695600000000000,1747696440000000000,1.12322,DEFAULT,,,,,
O-20250519-230000-001-V2-2706,BACKTESTER-001,MLSignalStrategyV2-V2,EUR/USD.IDEALPRO,IDEALPRO-1-2706,EUR/USD.IDEALPRO-MLSignalStrategyV2-V2,IDEALPRO-001,,LIMIT,SELL,100000.00,GTC,True,False,0.00,NO_LIQUIDITY_SIDE,,,,NO_TRIGGER,CANCELED,OUO,OL-20250519-230000-001-V2-902,['O-20250519-230000-001-V2-2705'],O-20250519-230000-001-V2-2704,,,,['V2_POS1_TP'],bdfed135-83c3-4ec3-b9a5-24fb141b620b,1747695600000000000,1747696440000000000,,,,,1.12386,False,
O-20250519-233000-001-V2-2707,BACKTESTER-001,MLSignalStrategyV2-V2,EUR/USD.IDEALPRO,IDEALPRO-1-2707,EUR/USD.IDEALPRO-MLSignalStrategyV2-V2,IDEALPRO-001,IDEALPRO-1-280835,MARKET,BUY,100000.00,GTC,False,False,100000.00,TAKER,1.12346,0.0,['2.25 USD'],NO_TRIGGER,FILLED,OTO,OL-20250519-233000-001-V2-903,"['O-20250519-233000-001-V2-2708', 'O-20250519-233000-001-V2-2709']",,,,,['V2_POS1'],60bc6ab5-45ea-4819-ac63-3fd8b1a36a19,1747697400000000000,1747697400000000000,,,,,,,
O-20250519-233000-001-V2-2708,BACKTESTER-001,MLSignalStrategyV2-V2,EUR/USD.IDEALPRO,IDEALPRO-1-2708,EUR/USD.IDEALPRO-MLSignalStrategyV2-V2,IDEALPRO-001,IDEALPRO-1-280897,STOP_MARKET,SELL,100000.00,GTC,True,False,100000.00,TAKER,1.12309,4.0000000000040004e-05,['2.25 USD'],NO_TRIGGER,FILLED,OUO,OL-20250519-233000-001-V2-903,['O-20250519-233000-001-V2-2709'],O-20250519-233000-001-V2-2707,,,,['V2_POS1_SL'],64ec20fa-6b4f-4e0a-b4b5-5a741ec6649e,1747697400000000000,1747699260000000000,1.12313,DEFAULT,,,,,
O-20250519-233000-001-V2-2709,BACKTESTER-001,MLSignalStrategyV2-V2,EUR/USD.IDEALPRO,IDEALPRO-1-2709,EUR/USD.IDEALPRO-MLSignalStrategyV2-V2,IDEALPRO-001,,LIMIT,SELL,100000.00,GTC,True,False,0.00,NO_LIQUIDITY_SIDE,,,,NO_TRIGGER,CANCELED,OUO,OL-20250519-233000-001-V2-903,['O-20250519-233000-001-V2-2708'],O-20250519-233000-001-V2-2707,,,,['V2_POS1_TP'],4249e6e3-5eb4-4ae1-97b3-22dfd119e696,1747697400000000000,1747699260000000000,,,,,1.12377,False,
O-20250520-001500-001-V2-2710,BACKTESTER-001,MLSignalStrategyV2-V2,EUR/USD.IDEALPRO,IDEALPRO-1-2710,EUR/USD.IDEALPRO-MLSignalStrategyV2-V2,IDEALPRO-001,IDEALPRO-1-280926,MARKET,BUY,100000.00,GTC,False,False,100000.00,TAKER,1.12276,0.0,['2.25 USD'],NO_TRIGGER,FILLED,OTO,OL-20250520-001500-001-V2-904,"['O-20250520-001500-001-V2-2711', 'O-20250520-001500-001-V2-2712']",,,,,['V2_POS1'],638771d6-fa0b-42ee-8c4f-9954c299c10b,1747700100000000000,1747700100000000000,,,,,,,
O-20250520-001500-001-V2-2711,BACKTESTER-001,MLSignalStrategyV2-V2,EUR/USD.IDEALPRO,IDEALPRO-1-2711,EUR/USD.IDEALPRO-MLSignalStrategyV2-V2,IDEALPRO-001,IDEALPRO-1-280945,STOP_MARKET,SELL,100000.00,GTC,True,False,100000.00,TAKER,1.12233,0.00011999999999989797,['2.24 USD'],NO_TRIGGER,FILLED,OUO,OL-20250520-001500-001-V2-904,['O-20250520-001500-001-V2-2712'],O-20250520-001500-001-V2-2710,,,,['V2_POS1_SL'],13d76c2f-b57b-4847-a94f-c60c17d3ed8f,1747700100000000000,1747700640000000000,1.12245,DEFAULT,,,,,
O-20250520-001500-001-V2-2712,BACKTESTER-001,MLSignalStrategyV2-V2,EUR/USD.IDEALPRO,IDEALPRO-1-2712,EUR/USD.IDEALPRO-MLSignalStrategyV2-V2,IDEALPRO-001,,LIMIT,SELL,100000.00,GTC,True,False,0.00,NO_LIQUIDITY_SIDE,,,,NO_TRIGGER,CANCELED,OUO,OL-20250520-001500-001-V2-904,['O-20250520-001500-001-V2-2711'],O-20250520-001500-001-V2-2710,,,,['V2_POS1_TP'],5b4adb5c-77cb-4cca-80b5-e70cb4f9eb2f,1747700100000000000,1747700640000000000,,,,,1.12307,False,
O-20250520-003000-001-V2-2713,BACKTESTER-001,MLSignalStrategyV2-V2,EUR/USD.IDEALPRO,IDEALPRO-1-2713,EUR/USD.IDEALPRO-MLSignalStrategyV2-V2,IDEALPRO-001,IDEALPRO-1-280958,MARKET,BUY,100000.00,GTC,False,False,100000.00,TAKER,1.12216,0.0,['2.24 USD'],NO_TRIGGER,FILLED,OTO,OL-20250520-003000-001-V2-905,"['O-20250520-003000-001-V2-2714', 'O-20250520-003000-001-V2-2715']",,,,,['V2_POS1'],04d70cb1-5946-4bb8-be48-6d7d5b323ad3,1747701000000000000,1747701000000000000,,,,,,,
O-20250520-003000-001-V2-2714,BACKTESTER-001,MLSignalStrategyV2-V2,EUR/USD.IDEALPRO,IDEALPRO-1-2714,EUR/USD.IDEALPRO-MLSignalStrategyV2-V2,IDEALPRO-001,IDEALPRO-1-280967,STOP_MARKET,SELL,100000.00,GTC,True,False,100000.00,TAKER,1.1218,2.0000000000131024e-05,['2.24 USD'],NO_TRIGGER,FILLED,OUO,OL-20250520-003000-001-V2-905,['O-20250520-003000-001-V2-2715'],O-20250520-003000-001-V2-2713,,,,['V2_POS1_SL'],e6a051e6-09ce-45ff-938a-993117e070c3,1747701000000000000,1747701240000000000,1.12182,DEFAULT,,,,,
O-20250520-003000-001-V2-2715,BACKTESTER-001,MLSignalStrategyV2-V2,EUR/USD.IDEALPRO,IDEALPRO-1-2715,EUR/USD.IDEALPRO-MLSignalStrategyV2-V2,IDEALPRO-001,,LIMIT,SELL,100000.00,GTC,True,False,0.00,NO_LIQUIDITY_SIDE,,,,NO_TRIGGER,CANCELED,OUO,OL-20250520-003000-001-V2-905,['O-20250520-003000-001-V2-2714'],O-20250520-003000-001-V2-2713,,,,['V2_POS1_TP'],83b315cd-2fd2-4d78-9d9f-b15b96f9b547,1747701000000000000,1747701240000000000,,,,,1.12250,False,
O-20250520-004500-001-V2-2716,BACKTESTER-001,MLSignalStrategyV2-V2,EUR/USD.IDEALPRO,IDEALPRO-1-2716,EUR/USD.IDEALPRO-MLSignalStrategyV2-V2,IDEALPRO-001,IDEALPRO-1-280990,MARKET,BUY,100000.00,GTC,False,False,100000.00,TAKER,1.12225,0.0,['2.24 USD'],NO_TRIGGER,FILLED,OTO,OL-20250520-004500-001-V2-906,"['O-20250520-004500-001-V2-2717', 'O-20250520-004500-001-V2-2718']",,,,,['V2_POS1'],4bd112c2-c881-4112-bc64-f5596b07d2aa,1747701900000000000,1747701900000000000,,,,,,,
O-20250520-004500-001-V2-2717,BACKTESTER-001,MLSignalStrategyV2-V2,EUR/USD.IDEALPRO,IDEALPRO-1-2717,EUR/USD.IDEALPRO-MLSignalStrategyV2-V2,IDEALPRO-001,,STOP_MARKET,SELL,100000.00,GTC,True,False,0.00,NO_LIQUIDITY_SIDE,,,,NO_TRIGGER,CANCELED,OUO,OL-20250520-004500-001-V2-906,['O-20250520-004500-001-V2-2718'],O-20250520-004500-001-V2-2716,,,,['V2_POS1_SL'],51373b20-2bed-4dd4-be2b-357f2c9d9a3e,1747701900000000000,1747702500000000000,1.12189,DEFAULT,,,,,
O-20250520-004500-001-V2-2718,BACKTESTER-001,MLSignalStrategyV2-V2,EUR/USD.IDEALPRO,IDEALPRO-1-2718,EUR/USD.IDEALPRO-MLSignalStrategyV2-V2,IDEALPRO-001,IDEALPRO-1-281011,LIMIT,SELL,100000.00,GTC,True,False,100000.00,MAKER,1.1226,1.0000000000065512e-05,['2.25 USD'],NO_TRIGGER,FILLED,OUO,OL-20250520-004500-001-V2-906,['O-20250520-004500-001-V2-2717'],O-20250520-004500-001-V2-2716,,,,['V2_POS1_TP'],2b0e466f-3e12-4553-8044-e9650100beab,1747701900000000000,1747702500000000000,,,,,1.12261,False,
O-20250520-020000-001-V2-2719,BACKTESTER-001,MLSignalStrategyV2-V2,EUR/USD.IDEALPRO,IDEALPRO-1-2719,EUR/USD.IDEALPRO-MLSignalStrategyV2-V2,IDEALPRO-001,IDEALPRO-1-281142,MARKET,SELL,100000.00,GTC,False,False,100000.00,TAKER,1.12384,0.0,['2.25 USD'],NO_TRIGGER,FILLED,OTO,OL-20250520-020000-001-V2-907,"['O-20250520-020000-001-V2-2720', 'O-20250520-020000-001-V2-2721']",,,,,['V2_POS1'],ed70a632-136a-43f0-b868-4121fb04803a,1747706400000000000,1747706400000000000,,,,,,,
O-20250520-020000-001-V2-2720,BACKTESTER-001,MLSignalStrategyV2-V2,EUR/USD.IDEALPRO,IDEALPRO-1-2720,EUR/USD.IDEALPRO-MLSignalStrategyV2-V2,IDEALPRO-001,IDEALPRO-1-281185,STOP_MARKET,BUY,100000.00,GTC,True,False,100000.00,TAKER,1.1246,0.000220000000000109,['2.25 USD'],NO_TRIGGER,FILLED,OUO,OL-20250520-020000-001-V2-907,['O-20250520-020000-001-V2-2721'],O-20250520-020000-001-V2-2719,,,,['V2_POS1_SL'],d70caba3-330d-4b1e-9be0-13513e9db503,1747706400000000000,1747707660000000000,1.12438,DEFAULT,,,,,
O-20250520-020000-001-V2-2721,BACKTESTER-001,MLSignalStrategyV2-V2,EUR/USD.IDEALPRO,IDEALPRO-1-2721,EUR/USD.IDEALPRO-MLSignalStrategyV2-V2,IDEALPRO-001,,LIMIT,BUY,100000.00,GTC,True,False,0.00,NO_LIQUIDITY_SIDE,,,,NO_TRIGGER,CANCELED,OUO,OL-20250520-020000-001-V2-907,['O-20250520-020000-001-V2-2720'],O-20250520-020000-001-V2-2719,,,,['V2_POS1_TP'],f795f680-f20f-422f-b763-a328edfed0f5,1747706400000000000,1747707660000000000,,,,,1.12332,False,
O-20250520-070000-001-V2-2722,BACKTESTER-001,MLSignalStrategyV2-V2,EUR/USD.IDEALPRO,IDEALPRO-1-2722,EUR/USD.IDEALPRO-MLSignalStrategyV2-V2,IDEALPRO-001,IDEALPRO-1-281744,MARKET,BUY,100000.00,GTC,False,False,100000.00,TAKER,1.12578,0.0,['2.25 USD'],NO_TRIGGER,FILLED,OTO,OL-20250520-070000-001-V2-908,"['O-20250520-070000-001-V2-2723', 'O-20250520-070000-001-V2-2724']",,,,,['V2_POS1'],ea64bafe-02ca-4d23-808b-687a1b2fa21c,1747724400000000000,1747724400000000000,,,,,,,
O-20250520-070000-001-V2-2723,BACKTESTER-001,MLSignalStrategyV2-V2,EUR/USD.IDEALPRO,IDEALPRO-1-2723,EUR/USD.IDEALPRO-MLSignalStrategyV2-V2,IDEALPRO-001,,STOP_MARKET,SELL,100000.00,GTC,True,False,0.00,NO_LIQUIDITY_SIDE,,,,NO_TRIGGER,CANCELED,OUO,OL-20250520-070000-001-V2-908,['O-20250520-070000-001-V2-2724'],O-20250520-070000-001-V2-2722,,,,['V2_POS1_SL'],2728dd04-9bdb-4edb-a187-61ac1cb9148f,1747724400000000000,1747724940000000000,1.12512,DEFAULT,,,,,
O-20250520-070000-001-V2-2724,BACKTESTER-001,MLSignalStrategyV2-V2,EUR/USD.IDEALPRO,IDEALPRO-1-2724,EUR/USD.IDEALPRO-MLSignalStrategyV2-V2,IDEALPRO-001,IDEALPRO-1-281763,LIMIT,SELL,100000.00,GTC,True,False,100000.00,MAKER,1.12657,-0.0001500000000000945,['2.25 USD'],NO_TRIGGER,FILLED,OUO,OL-20250520-070000-001-V2-908,['O-20250520-070000-001-V2-2723'],O-20250520-070000-001-V2-2722,,,,['V2_POS1_TP'],205329d4-6dc2-4c65-95a0-6d54e0261e4d,1747724400000000000,1747724940000000000,,,,,1.12642,False,
O-20250520-110000-001-V2-2725,BACKTESTER-001,MLSignalStrategyV2-V2,EUR/USD.IDEALPRO,IDEALPRO-1-2725,EUR/USD.IDEALPRO-MLSignalStrategyV2-V2,IDEALPRO-001,IDEALPRO-1-282226,MARKET,BUY,100000.00,GTC,False,False,100000.00,TAKER,1.12445,0.0,['2.25 USD'],NO_TRIGGER,FILLED,OTO,OL-20250520-110000-001-V2-909,"['O-20250520-110000-001-V2-2726', 'O-20250520-110000-001-V2-2727']",,,,,['V2_POS1'],3211ed4e-68cd-4c72-b028-12e368bd3cee,1747738800000000000,1747738800000000000,,,,,,,
O-20250520-110000-001-V2-2726,BACKTESTER-001,MLSignalStrategyV2-V2,EUR/USD.IDEALPRO,IDEALPRO-1-2726,EUR/USD.IDEALPRO-MLSignalStrategyV2-V2,IDEALPRO-001,,STOP_MARKET,SELL,100000.00,GTC,True,False,0.00,NO_LIQUIDITY_SIDE,,,,NO_TRIGGER,CANCELED,OUO,OL-20250520-110000-001-V2-909,['O-20250520-110000-001-V2-2727'],O-20250520-110000-001-V2-2725,,,,['V2_POS1_SL'],6a47ae99-a35a-4218-908d-dfe881f6f032,1747738800000000000,1747740360000000000,1.12375,DEFAULT,,,,,
O-20250520-110000-001-V2-2727,BACKTESTER-001,MLSignalStrategyV2-V2,EUR/USD.IDEALPRO,IDEALPRO-1-2727,EUR/USD.IDEALPRO-MLSignalStrategyV2-V2,IDEALPRO-001,IDEALPRO-1-282279,LIMIT,SELL,100000.00,GTC,True,False,100000.00,MAKER,1.12518,-2.999999999997449e-05,['2.25 USD'],NO_TRIGGER,FILLED,OUO,OL-20250520-110000-001-V2-909,['O-20250520-110000-001-V2-2726'],O-20250520-110000-001-V2-2725,,,,['V2_POS1_TP'],3a394855-cd2a-44cb-89bb-97f15f6bce2f,1747738800000000000,1747740360000000000,,,,,1.12515,False,
O-20250520-123000-001-V2-2728,BACKTESTER-001,MLSignalStrategyV2-V2,EUR/USD.IDEALPRO,IDEALPRO-1-2728,EUR/USD.IDEALPRO-MLSignalStrategyV2-V2,IDEALPRO-001,IDEALPRO-1-282408,MARKET,BUY,100000.00,GTC,False,False,100000.00,TAKER,1.12279,0.0,['2.25 USD'],NO_TRIGGER,FILLED,OTO,OL-20250520-123000-001-V2-910,"['O-20250520-123000-001-V2-2729', 'O-20250520-123000-001-V2-2730']",,,,,['V2_POS1'],7e11a6d8-87c6-44a1-9722-8bec999ee287,1747744200000000000,1747744200000000000,,,,,,,
O-20250520-123000-001-V2-2729,BACKTESTER-001,MLSignalStrategyV2-V2,EUR/USD.IDEALPRO,IDEALPRO-1-2729,EUR/USD.IDEALPRO-MLSignalStrategyV2-V2,IDEALPRO-001,,STOP_MARKET,SELL,100000.00,GTC,True,False,0.00,NO_LIQUIDITY_SIDE,,,,NO_TRIGGER,CANCELED,OUO,OL-20250520-123000-001-V2-910,['O-20250520-123000-001-V2-2730'],O-20250520-123000-001-V2-2728,,,,['V2_POS1_SL'],447377b8-8bfc-4538-868d-ec6c25aa99af,1747744200000000000,1747744380000000000,1.12214,DEFAULT,,,,,
O-20250520-123000-001-V2-2730,BACKTESTER-001,MLSignalStrategyV2-V2,EUR/USD.IDEALPRO,IDEALPRO-1-2730,EUR/USD.IDEALPRO-MLSignalStrategyV2-V2,IDEALPRO-001,IDEALPRO-1-282415,LIMIT,SELL,100000.00,GTC,True,False,100000.00,MAKER,1.12344,-1.999999999990898e-05,['2.25 USD'],NO_TRIGGER,FILLED,OUO,OL-20250520-123000-001-V2-910,['O-20250520-123000-001-V2-2729'],O-20250520-123000-001-V2-2728,,,,['V2_POS1_TP'],f3bebaeb-89d3-4314-bfef-c24ca1313562,1747744200000000000,1747744380000000000,,,,,1.12342,False,
O-20250520-200000-001-V2-2731,BACKTESTER-001,MLSignalStrategyV2-V2,EUR/USD.IDEALPRO,IDEALPRO-1-2731,EUR/USD.IDEALPRO-MLSignalStrategyV2-V2,IDEALPRO-001,IDEALPRO-1-283311,MARKET,BUY,100000.00,GTC,False,False,100000.00,TAKER,1.12807,0.0,['2.26 USD'],NO_TRIGGER,FILLED,OTO,OL-20250520-200000-001-V2-911,"['O-20250520-200000-001-V2-2732', 'O-20250520-200000-001-V2-2733']",,,,,['V2_POS1'],ec1bae57-143a-40f4-aeaa-72b1ef542091,1747771200000000000,1747771200000000000,,,,,,,
O-20250520-200000-001-V2-2732,BACKTESTER-001,MLSignalStrategyV2-V2,EUR/USD.IDEALPRO,IDEALPRO-1-2732,EUR/USD.IDEALPRO-MLSignalStrategyV2-V2,IDEALPRO-001,,STOP_MARKET,SELL,100000.00,GTC,True,False,0.00,NO_LIQUIDITY_SIDE,,,,NO_TRIGGER,CANCELED,OUO,OL-20250520-200000-001-V2-911,['O-20250520-200000-001-V2-2733'],O-20250520-200000-001-V2-2731,,,,['V2_POS1_SL'],50e5a805-8431-4c1e-9f46-d7c76831f011,1747771200000000000,1747774560000000000,1.12758,DEFAULT,,,,,
O-20250520-200000-001-V2-2733,BACKTESTER-001,MLSignalStrategyV2-V2,EUR/USD.IDEALPRO,IDEALPRO-1-2733,EUR/USD.IDEALPRO-MLSignalStrategyV2-V2,IDEALPRO-001,IDEALPRO-1-283423,LIMIT,SELL,100000.00,GTC,True,False,100000.00,MAKER,1.12855,-9.999999999843467e-06,['2.26 USD'],NO_TRIGGER,FILLED,OUO,OL-20250520-200000-001-V2-911,['O-20250520-200000-001-V2-2732'],O-20250520-200000-001-V2-2731,,,,['V2_POS1_TP'],7d70e7b1-0163-479d-be2e-39bf3920e0f0,1747771200000000000,1747774560000000000,,,,,1.12854,False,
O-20250520-220000-001-V2-2734,BACKTESTER-001,MLSignalStrategyV2-V2,EUR/USD.IDEALPRO,IDEALPRO-1-2734,EUR/USD.IDEALPRO-MLSignalStrategyV2-V2,IDEALPRO-001,IDEALPRO-1-283522,MARKET,BUY,100000.00,GTC,False,False,100000.00,TAKER,1.12827,0.0,['2.26 USD'],NO_TRIGGER,FILLED,OTO,OL-20250520-220000-001-V2-912,"['O-20250520-220000-001-V2-2735', 'O-20250520-220000-001-V2-2736']",,,,,['V2_POS1'],80d1edea-8ac0-4cf4-b2e8-81abc4368af5,1747778400000000000,1747778400000000000,,,,,,,
O-20250520-220000-001-V2-2735,BACKTESTER-001,MLSignalStrategyV2-V2,EUR/USD.IDEALPRO,IDEALPRO-1-2735,EUR/USD.IDEALPRO-MLSignalStrategyV2-V2,IDEALPRO-001,,STOP_MARKET,SELL,100000.00,GTC,True,False,0.00,NO_LIQUIDITY_SIDE,,,,NO_TRIGGER,CANCELED,OUO,OL-20250520-220000-001-V2-912,['O-20250520-220000-001-V2-2736'],O-20250520-220000-001-V2-2734,,,,['V2_POS1_SL'],fd8d097e-65b9-4dca-90c5-63df615d1c78,1747778400000000000,1747778760000000000,1.12794,DEFAULT,,,,,
O-20250520-220000-001-V2-2736,BACKTESTER-001,MLSignalStrategyV2-V2,EUR/USD.IDEALPRO,IDEALPRO-1-2736,EUR/USD.IDEALPRO-MLSignalStrategyV2-V2,IDEALPRO-001,IDEALPRO-1-283535,LIMIT,SELL,100000.00,GTC,True,False,100000.00,MAKER,1.12863,-2.999999999997449e-05,['2.26 USD'],NO_TRIGGER,FILLED,OUO,OL-20250520-220000-001-V2-912,['O-20250520-220000-001-V2-2735'],O-20250520-220000-001-V2-2734,,,,['V2_POS1_TP'],e2eb8af8-bf4c-4e4c-8789-a6f241b1c6b5,1747778400000000000,1747778760000000000,,,,,1.12860,False,
O-20250521-024500-001-V2-2737,BACKTESTER-001,MLSignalStrategyV2-V2,EUR/USD.IDEALPRO,IDEALPRO-1-2737,EUR/USD.IDEALPRO-MLSignalStrategyV2-V2,IDEALPRO-001,IDEALPRO-1-284094,MARKET,BUY,100000.00,GTC,False,False,100000.00,TAKER,1.13218,0.0,['2.26 USD'],NO_TRIGGER,FILLED,OTO,OL-20250521-024500-001-V2-913,"['O-20250521-024500-001-V2-2738', 'O-20250521-024500-001-V2-2739']",,,,,['V2_POS1'],20e16b2c-08a7-4fd7-8bf3-5533fadb0ab1,1747795500000000000,1747795500000000000,,,,,,,
O-20250521-024500-001-V2-2738,BACKTESTER-001,MLSignalStrategyV2-V2,EUR/USD.IDEALPRO,IDEALPRO-1-2738,EUR/USD.IDEALPRO-MLSignalStrategyV2-V2,IDEALPRO-001,,STOP_MARKET,SELL,100000.00,GTC,True,False,0.00,NO_LIQUIDITY_SIDE,,,,NO_TRIGGER,CANCELED,OUO,OL-20250521-024500-001-V2-913,['O-20250521-024500-001-V2-2739'],O-20250521-024500-001-V2-2737,,,,['V2_POS1_SL'],3ebdb9f4-3829-428b-966e-bbddc4541d0b,1747795500000000000,1747798500000000000,1.13148,DEFAULT,,,,,
O-20250521-024500-001-V2-2739,BACKTESTER-001,MLSignalStrategyV2-V2,EUR/USD.IDEALPRO,IDEALPRO-1-2739,EUR/USD.IDEALPRO-MLSignalStrategyV2-V2,IDEALPRO-001,IDEALPRO-1-284195,LIMIT,SELL,100000.00,GTC,True,False,100000.00,MAKER,1.13292,-5.999999999994898e-05,['2.27 USD'],NO_TRIGGER,FILLED,OUO,OL-20250521-024500-001-V2-913,['O-20250521-024500-001-V2-2738'],O-20250521-024500-001-V2-2737,,,,['V2_POS1_TP'],d1948476-5002-422f-9342-dd7d331b7a59,1747795500000000000,1747798500000000000,,,,,1.13286,False,
O-20250521-203000-001-V2-2740,BACKTESTER-001,MLSignalStrategyV2-V2,EUR/USD.IDEALPRO,IDEALPRO-1-2740,EUR/USD.IDEALPRO-MLSignalStrategyV2-V2,IDEALPRO-001,IDEALPRO-1-286227,MARKET,BUY,100000.00,GTC,False,False,100000.00,TAKER,1.13276,0.0,['2.27 USD'],NO_TRIGGER,FILLED,OTO,OL-20250521-203000-001-V2-914,"['O-20250521-203000-001-V2-2741', 'O-20250521-203000-001-V2-2742']",,,,,['V2_POS1'],dddcfebf-add7-49c0-8087-d74141924a69,1747859400000000000,1747859400000000000,,,,,,,
O-20250521-203000-001-V2-2741,BACKTESTER-001,MLSignalStrategyV2-V2,EUR/USD.IDEALPRO,IDEALPRO-1-2741,EUR/USD.IDEALPRO-MLSignalStrategyV2-V2,IDEALPRO-001,IDEALPRO-1-286391,STOP_MARKET,SELL,100000.00,GTC,True,False,100000.00,TAKER,1.13197,6.000000000017103e-05,['2.26 USD'],NO_TRIGGER,FILLED,OUO,OL-20250521-203000-001-V2-914,['O-20250521-203000-001-V2-2742'],O-20250521-203000-001-V2-2740,,,,['V2_POS1_SL'],faf65655-d5f3-4567-905b-37a7e3a1cc17,1747859400000000000,1747865220000000000,1.13203,DEFAULT,,,,,
O-20250521-203000-001-V2-2742,BACKTESTER-001,MLSignalStrategyV2-V2,EUR/USD.IDEALPRO,IDEALPRO-1-2742,EUR/USD.IDEALPRO-MLSignalStrategyV2-V2,IDEALPRO-001,,LIMIT,SELL,100000.00,GTC,True,False,0.00,NO_LIQUIDITY_SIDE,,,,NO_TRIGGER,CANCELED,OUO,OL-20250521-203000-001-V2-914,['O-20250521-203000-001-V2-2741'],O-20250521-203000-001-V2-2740,,,,['V2_POS1_TP'],f2867ef0-ca50-4e01-9a73-2cd364a5081a,1747859400000000000,1747865220000000000,,,,,1.13349,False,
O-20250521-234500-001-V2-2743,BACKTESTER-001,MLSignalStrategyV2-V2,EUR/USD.IDEALPRO,IDEALPRO-1-2743,EUR/USD.IDEALPRO-MLSignalStrategyV2-V2,IDEALPRO-001,IDEALPRO-1-286588,MARKET,SELL,100000.00,GTC,False,False,100000.00,TAKER,1.13268,0.0,['2.27 USD'],NO_TRIGGER,FILLED,OTO,OL-20250521-234500-001-V2-915,"['O-20250521-234500-001-V2-2744', 'O-20250521-234500-001-V2-2745']",,,,,['V2_POS1'],29cd3fc7-7e40-49cf-9cb4-4f47346f8b30,1747871100000000000,1747871100000000000,,,,,,,
O-20250521-234500-001-V2-2744,BACKTESTER-001,MLSignalStrategyV2-V2,EUR/USD.IDEALPRO,IDEALPRO-1-2744,EUR/USD.IDEALPRO-MLSignalStrategyV2-V2,IDEALPRO-001,IDEALPRO-1-286611,STOP_MARKET,BUY,100000.00,GTC,True,False,100000.00,TAKER,1.13322,2.999999999997449e-05,['2.27 USD'],NO_TRIGGER,FILLED,OUO,OL-20250521-234500-001-V2-915,['O-20250521-234500-001-V2-2745'],O-20250521-234500-001-V2-2743,,,,['V2_POS1_SL'],d220d84b-5666-4c01-8f5b-fe93fd4359fa,1747871100000000000,1747871760000000000,1.13319,DEFAULT,,,,,
O-20250521-234500-001-V2-2745,BACKTESTER-001,MLSignalStrategyV2-V2,EUR/USD.IDEALPRO,IDEALPRO-1-2745,EUR/USD.IDEALPRO-MLSignalStrategyV2-V2,IDEALPRO-001,,LIMIT,BUY,100000.00,GTC,True,False,0.00,NO_LIQUIDITY_SIDE,,,,NO_TRIGGER,CANCELED,OUO,OL-20250521-234500-001-V2-915,['O-20250521-234500-001-V2-2744'],O-20250521-234500-001-V2-2743,,,,['V2_POS1_TP'],8a0e936c-b1b7-491d-b084-590d6b2fcea6,1747871100000000000,1747871760000000000,,,,,1.13217,False,
O-20250522-030000-001-V2-2746,BACKTESTER-001,MLSignalStrategyV2-V2,EUR/USD.IDEALPRO,IDEALPRO-1-2746,EUR/USD.IDEALPRO-MLSignalStrategyV2-V2,IDEALPRO-001,IDEALPRO-1-286981,MARKET,BUY,100000.00,GTC,False,False,100000.00,TAKER,1.1339,0.0,['2.27 USD'],NO_TRIGGER,FILLED,OTO,OL-20250522-030000-001-V2-916,"['O-20250522-030000-001-V2-2747', 'O-20250522-030000-001-V2-2748']",,,,,['V2_POS1'],e7ec60d2-598c-49d4-8214-00cc4847953d,1747882800000000000,1747882800000000000,,,,,,,
O-20250522-030000-001-V2-2747,BACKTESTER-001,MLSignalStrategyV2-V2,EUR/USD.IDEALPRO,IDEALPRO-1-2747,EUR/USD.IDEALPRO-MLSignalStrategyV2-V2,IDEALPRO-001,IDEALPRO-1-287079,STOP_MARKET,SELL,100000.00,GTC,True,False,100000.00,TAKER,1.13313,5.999999999994898e-05,['2.27 USD'],NO_TRIGGER,FILLED,OUO,OL-20250522-030000-001-V2-916,['O-20250522-030000-001-V2-2748'],O-20250522-030000-001-V2-2746,,,,['V2_POS1_SL'],133dd2ac-c8c0-4ead-934d-8ea39492973e,1747882800000000000,1747885740000000000,1.13319,DEFAULT,,,,,
O-20250522-030000-001-V2-2748,BACKTESTER-001,MLSignalStrategyV2-V2,EUR/USD.IDEALPRO,IDEALPRO-1-2748,EUR/USD.IDEALPRO-MLSignalStrategyV2-V2,IDEALPRO-001,,LIMIT,SELL,100000.00,GTC,True,False,0.00,NO_LIQUIDITY_SIDE,,,,NO_TRIGGER,CANCELED,OUO,OL-20250522-030000-001-V2-916,['O-20250522-030000-001-V2-2747'],O-20250522-030000-001-V2-2746,,,,['V2_POS1_TP'],bea2454d-76c4-475f-855d-faf5d6929d35,1747882800000000000,1747885740000000000,,,,,1.13459,False,
O-20250522-044500-001-V2-2749,BACKTESTER-001,MLSignalStrategyV2-V2,EUR/USD.IDEALPRO,IDEALPRO-1-2749,EUR/USD.IDEALPRO-MLSignalStrategyV2-V2,IDEALPRO-001,IDEALPRO-1-287192,MARKET,BUY,100000.00,GTC,False,False,100000.00,TAKER,1.13305,0.0,['2.27 USD'],NO_TRIGGER,FILLED,OTO,OL-20250522-044500-001-V2-917,"['O-20250522-044500-001-V2-2750', 'O-20250522-044500-001-V2-2751']",,,,,['V2_POS1'],83516c89-5370-41f2-8665-d8f7b69a08bd,1747889100000000000,1747889100000000000,,,,,,,
O-20250522-044500-001-V2-2750,BACKTESTER-001,MLSignalStrategyV2-V2,EUR/USD.IDEALPRO,IDEALPRO-1-2750,EUR/USD.IDEALPRO-MLSignalStrategyV2-V2,IDEALPRO-001,IDEALPRO-1-287303,STOP_MARKET,SELL,100000.00,GTC,True,False,100000.00,TAKER,1.1325,4.0000000000040004e-05,['2.27 USD'],NO_TRIGGER,FILLED,OUO,OL-20250522-044500-001-V2-917,['O-20250522-044500-001-V2-2751'],O-20250522-044500-001-V2-2749,,,,['V2_POS1_SL'],930a6285-986f-4913-8af5-ca60b682fff9,1747889100000000000,1747892400000000000,1.13254,DEFAULT,,,,,
O-20250522-044500-001-V2-2751,BACKTESTER-001,MLSignalStrategyV2-V2,EUR/USD.IDEALPRO,IDEALPRO-1-2751,EUR/USD.IDEALPRO-MLSignalStrategyV2-V2,IDEALPRO-001,,LIMIT,SELL,100000.00,GTC,True,False,0.00,NO_LIQUIDITY_SIDE,,,,NO_TRIGGER,CANCELED,OUO,OL-20250522-044500-001-V2-917,['O-20250522-044500-001-V2-2750'],O-20250522-044500-001-V2-2749,,,,['V2_POS1_TP'],a1b14d42-242e-4db7-a476-94bd16dfb009,1747889100000000000,1747892400000000000,,,,,1.13356,False,
O-20250522-093000-001-V2-2752,BACKTESTER-001,MLSignalStrategyV2-V2,EUR/USD.IDEALPRO,IDEALPRO-1-2752,EUR/USD.IDEALPRO-MLSignalStrategyV2-V2,IDEALPRO-001,IDEALPRO-1-287764,MARKET,BUY,100000.00,GTC,False,False,100000.00,TAKER,1.1294,0.0,['2.26 USD'],NO_TRIGGER,FILLED,OTO,OL-20250522-093000-001-V2-918,"['O-20250522-093000-001-V2-2753', 'O-20250522-093000-001-V2-2754']",,,,,['V2_POS1'],b4f3235b-1e72-4895-946f-69c7f0cab717,1747906200000000000,1747906200000000000,,,,,,,
O-20250522-093000-001-V2-2753,BACKTESTER-001,MLSignalStrategyV2-V2,EUR/USD.IDEALPRO,IDEALPRO-1-2753,EUR/USD.IDEALPRO-MLSignalStrategyV2-V2,IDEALPRO-001,,STOP_MARKET,SELL,100000.00,GTC,True,False,0.00,NO_LIQUIDITY_SIDE,,,,NO_TRIGGER,CANCELED,OUO,OL-20250522-093000-001-V2-918,['O-20250522-093000-001-V2-2754'],O-20250522-093000-001-V2-2752,,,,['V2_POS1_SL'],5c561085-fd4a-4cec-afdf-2bdc31a23109,1747906200000000000,1747912680000000000,1.12838,DEFAULT,,,,,
O-20250522-093000-001-V2-2754,BACKTESTER-001,MLSignalStrategyV2-V2,EUR/USD.IDEALPRO,IDEALPRO-1-2754,EUR/USD.IDEALPRO-MLSignalStrategyV2-V2,IDEALPRO-001,IDEALPRO-1-287981,LIMIT,SELL,100000.00,GTC,True,False,100000.00,MAKER,1.13047,-5.0000000000105516e-05,['2.26 USD'],NO_TRIGGER,FILLED,OUO,OL-20250522-093000-001-V2-918,['O-20250522-093000-001-V2-2753'],O-20250522-093000-001-V2-2752,,,,['V2_POS1_TP'],27e37e93-5d05-4f28-b90b-6727bea3f1e1,1747906200000000000,1747912680000000000,,,,,1.13042,False,
O-20250522-151500-001-V2-2755,BACKTESTER-001,MLSignalStrategyV2-V2,EUR/USD.IDEALPRO,IDEALPRO-1-2755,EUR/USD.IDEALPRO-MLSignalStrategyV2-V2,IDEALPRO-001,IDEALPRO-1-288456,MARKET,BUY,100000.00,GTC,False,False,100000.00,TAKER,1.12733,0.0,['2.25 USD'],NO_TRIGGER,FILLED,OTO,OL-20250522-151500-001-V2-919,"['O-20250522-151500-001-V2-2756', 'O-20250522-151500-001-V2-2757']",,,,,['V2_POS1'],f9713eb1-dd4c-4fc3-a406-8836b8d58173,1747926900000000000,1747926900000000000,,,,,,,
O-20250522-151500-001-V2-2756,BACKTESTER-001,MLSignalStrategyV2-V2,EUR/USD.IDEALPRO,IDEALPRO-1-2756,EUR/USD.IDEALPRO-MLSignalStrategyV2-V2,IDEALPRO-001,,STOP_MARKET,SELL,100000.00,GTC,True,False,0.00,NO_LIQUIDITY_SIDE,,,,NO_TRIGGER,CANCELED,OUO,OL-20250522-151500-001-V2-919,['O-20250522-151500-001-V2-2757'],O-20250522-151500-001-V2-2755,,,,['V2_POS1_SL'],1b850958-2f2e-4ae1-b8b4-5247776817ef,1747926900000000000,1747927560000000000,1.12632,DEFAULT,,,,,
O-20250522-151500-001-V2-2757,BACKTESTER-001,MLSignalStrategyV2-V2,EUR/USD.IDEALPRO,IDEALPRO-1-2757,EUR/USD.IDEALPRO-MLSignalStrategyV2-V2,IDEALPRO-001,IDEALPRO-1-288479,LIMIT,SELL,100000.00,GTC,True,False,100000.00,MAKER,1.12851,-0.00018999999999991246,['2.26 USD'],NO_TRIGGER,FILLED,OUO,OL-20250522-151500-001-V2-919,['O-20250522-151500-001-V2-2756'],O-20250522-151500-001-V2-2755,,,,['V2_POS1_TP'],c618bb16-2dcd-42f8-8810-28b5cdd25f29,1747926900000000000,1747927560000000000,,,,,1.12832,False,
O-20250522-180000-001-V2-2758,BACKTESTER-001,MLSignalStrategyV2-V2,EUR/USD.IDEALPRO,IDEALPRO-1-2758,EUR/USD.IDEALPRO-MLSignalStrategyV2-V2,IDEALPRO-001,IDEALPRO-1-288789,MARKET,BUY,100000.00,GTC,False,False,100000.00,TAKER,1.12681,0.0,['2.25 USD'],NO_TRIGGER,FILLED,OTO,OL-20250522-180000-001-V2-920,"['O-20250522-180000-001-V2-2759', 'O-20250522-180000-001-V2-2760']",,,,,['V2_POS1'],f5c80550-05d0-465f-bd58-b3b4f93d4ed4,1747936800000000000,1747936800000000000,,,,,,,
O-20250522-180000-001-V2-2759,BACKTESTER-001,MLSignalStrategyV2-V2,EUR/USD.IDEALPRO,IDEALPRO-1-2759,EUR/USD.IDEALPRO-MLSignalStrategyV2-V2,IDEALPRO-001,,STOP_MARKET,SELL,100000.00,GTC,True,False,0.00,NO_LIQUIDITY_SIDE,,,,NO_TRIGGER,CANCELED,OUO,OL-20250522-180000-001-V2-920,['O-20250522-180000-001-V2-2760'],O-20250522-180000-001-V2-2758,,,,['V2_POS1_SL'],c619c7eb-e013-438d-a5dd-ddcca4d08027,1747936800000000000,1747939560000000000,1.12604,DEFAULT,,,,,
O-20250522-180000-001-V2-2760,BACKTESTER-001,MLSignalStrategyV2-V2,EUR/USD.IDEALPRO,IDEALPRO-1-2760,EUR/USD.IDEALPRO-MLSignalStrategyV2-V2,IDEALPRO-001,IDEALPRO-1-288881,LIMIT,SELL,100000.00,GTC,True,False,100000.00,MAKER,1.12776,-0.000180000000000069,['2.26 USD'],NO_TRIGGER,FILLED,OUO,OL-20250522-180000-001-V2-920,['O-20250522-180000-001-V2-2759'],O-20250522-180000-001-V2-2758,,,,['V2_POS1_TP'],b0faa751-3e90-4644-af6b-c7731eb1eb76,1747936800000000000,1747939560000000000,,,,,1.12758,False,
O-20250523-053000-001-V2-2761,BACKTESTER-001,MLSignalStrategyV2-V2,EUR/USD.IDEALPRO,IDEALPRO-1-2761,EUR/USD.IDEALPRO-MLSignalStrategyV2-V2,IDEALPRO-001,IDEALPRO-1-290141,MARKET,BUY,100000.00,GTC,False,False,100000.00,TAKER,1.1321,0.0,['2.26 USD'],NO_TRIGGER,FILLED,OTO,OL-20250523-053000-001-V2-921,"['O-20250523-053000-001-V2-2762', 'O-20250523-053000-001-V2-2763']",,,,,['V2_POS1'],c46e521d-86c1-4852-a3d1-73be96ea805a,1747978200000000000,1747978200000000000,,,,,,,
O-20250523-053000-001-V2-2762,BACKTESTER-001,MLSignalStrategyV2-V2,EUR/USD.IDEALPRO,IDEALPRO-1-2762,EUR/USD.IDEALPRO-MLSignalStrategyV2-V2,IDEALPRO-001,IDEALPRO-1-290147,STOP_MARKET,SELL,100000.00,GTC,True,False,100000.00,TAKER,1.1316,9.999999999998899e-05,['2.26 USD'],NO_TRIGGER,FILLED,OUO,OL-20250523-053000-001-V2-921,['O-20250523-053000-001-V2-2763'],O-20250523-053000-001-V2-2761,,,,['V2_POS1_SL'],e4d73046-f21e-45e7-8884-e11a0a9a0561,1747978200000000000,1747978380000000000,1.13170,DEFAULT,,,,,
O-20250523-053000-001-V2-2763,BACKTESTER-001,MLSignalStrategyV2-V2,EUR/USD.IDEALPRO,IDEALPRO-1-2763,EUR/USD.IDEALPRO-MLSignalStrategyV2-V2,IDEALPRO-001,,LIMIT,SELL,100000.00,GTC,True,False,0.00,NO_LIQUIDITY_SIDE,,,,NO_TRIGGER,CANCELED,OUO,OL-20250523-053000-001-V2-921,['O-20250523-053000-001-V2-2762'],O-20250523-053000-001-V2-2761,,,,['V2_POS1_TP'],39415fb7-c872-4b6d-8f79-74bacddea17c,1747978200000000000,1747978380000000000,,,,,1.13250,False,
O-20250523-074500-001-V2-2764,BACKTESTER-001,MLSignalStrategyV2-V2,EUR/USD.IDEALPRO,IDEALPRO-1-2764,EUR/USD.IDEALPRO-MLSignalStrategyV2-V2,IDEALPRO-001,IDEALPRO-1-290412,MARKET,BUY,100000.00,GTC,False,False,100000.00,TAKER,1.13359,0.0,['2.27 USD'],NO_TRIGGER,FILLED,OTO,OL-20250523-074500-001-V2-922,"['O-20250523-074500-001-V2-2765', 'O-20250523-074500-001-V2-2766']",,,,,['V2_POS1'],f96089f7-7c77-4e38-aa59-466f05fe0d2b,1747986300000000000,1747986300000000000,,,,,,,
O-20250523-074500-001-V2-2765,BACKTESTER-001,MLSignalStrategyV2-V2,EUR/USD.IDEALPRO,IDEALPRO-1-2765,EUR/USD.IDEALPRO-MLSignalStrategyV2-V2,IDEALPRO-001,,STOP_MARKET,SELL,100000.00,GTC,True,False,0.00,NO_LIQUIDITY_SIDE,,,,NO_TRIGGER,CANCELED,OUO,OL-20250523-074500-001-V2-922,['O-20250523-074500-001-V2-2766'],O-20250523-074500-001-V2-2764,,,,['V2_POS1_SL'],8c052d8e-11d7-4dba-8b49-e45cc883712e,1747986300000000000,1747986960000000000,1.13284,DEFAULT,,,,,
O-20250523-074500-001-V2-2766,BACKTESTER-001,MLSignalStrategyV2-V2,EUR/USD.IDEALPRO,IDEALPRO-1-2766,EUR/USD.IDEALPRO-MLSignalStrategyV2-V2,IDEALPRO-001,IDEALPRO-1-290435,LIMIT,SELL,100000.00,GTC,True,False,100000.00,MAKER,1.13442,-8.000000000008001e-05,['2.27 USD'],NO_TRIGGER,FILLED,OUO,OL-20250523-074500-001-V2-922,['O-20250523-074500-001-V2-2765'],O-20250523-074500-001-V2-2764,,,,['V2_POS1_TP'],bfc5635e-1586-4717-9d7c-e8f7c58800e5,1747986300000000000,1747986960000000000,,,,,1.13434,False,
O-20250523-200000-001-V2-2767,BACKTESTER-001,MLSignalStrategyV2-V2,EUR/USD.IDEALPRO,IDEALPRO-1-2767,EUR/USD.IDEALPRO-MLSignalStrategyV2-V2,IDEALPRO-001,IDEALPRO-1-291884,MARKET,BUY,100000.00,GTC,False,False,100000.00,TAKER,1.13637,0.0,['2.27 USD'],NO_TRIGGER,FILLED,OTO,OL-20250523-200000-001-V2-923,"['O-20250523-200000-001-V2-2768', 'O-20250523-200000-001-V2-2769']",,,,,['V2_POS1'],ca5919b8-0d07-4c97-9f1c-d245d75bcf9c,1748030400000000000,1748030400000000000,,,,,,,
O-20250523-200000-001-V2-2768,BACKTESTER-001,MLSignalStrategyV2-V2,EUR/USD.IDEALPRO,IDEALPRO-1-2768,EUR/USD.IDEALPRO-MLSignalStrategyV2-V2,IDEALPRO-001,,STOP_MARKET,SELL,100000.00,GTC,True,False,0.00,NO_LIQUIDITY_SIDE,,,,NO_TRIGGER,CANCELED,OUO,OL-20250523-200000-001-V2-923,['O-20250523-200000-001-V2-2769'],O-20250523-200000-001-V2-2767,,,,['V2_POS1_SL'],6833eb31-6509-4bba-a433-660236c6adec,1748030400000000000,1748034000000000000,1.13579,DEFAULT,,,,,
O-20250523-200000-001-V2-2769,BACKTESTER-001,MLSignalStrategyV2-V2,EUR/USD.IDEALPRO,IDEALPRO-1-2769,EUR/USD.IDEALPRO-MLSignalStrategyV2-V2,IDEALPRO-001,IDEALPRO-1-292005,LIMIT,SELL,100000.00,GTC,True,False,100000.00,MAKER,1.13694,9.999999999843467e-06,['2.27 USD'],NO_TRIGGER,FILLED,OUO,OL-20250523-200000-001-V2-923,['O-20250523-200000-001-V2-2768'],O-20250523-200000-001-V2-2767,,,,['V2_POS1_TP'],bdf6c8e0-c1f6-4de1-b19d-3fa61b772c83,1748030400000000000,1748034000000000000,,,,,1.13695,False,
O-20250525-214500-001-V2-2770,BACKTESTER-001,MLSignalStrategyV2-V2,EUR/USD.IDEALPRO,IDEALPRO-1-2770,EUR/USD.IDEALPRO-MLSignalStrategyV2-V2,IDEALPRO-001,IDEALPRO-1-292065,MARKET,SELL,100000.00,GTC,False,False,100000.00,TAKER,1.13664,0.0,['2.27 USD'],NO_TRIGGER,FILLED,OTO,OL-20250525-214500-001-V2-924,"['O-20250525-214500-001-V2-2771', 'O-20250525-214500-001-V2-2772']",,,,,['V2_POS1'],1b374c61-43de-48b0-9a6f-5efcb4b21e32,1748209500000000000,1748209500000000000,,,,,,,
O-20250525-214500-001-V2-2771,BACKTESTER-001,MLSignalStrategyV2-V2,EUR/USD.IDEALPRO,IDEALPRO-1-2771,EUR/USD.IDEALPRO-MLSignalStrategyV2-V2,IDEALPRO-001,IDEALPRO-1-292119,STOP_MARKET,BUY,100000.00,GTC,True,False,100000.00,TAKER,1.13794,0.0009599999999998499,['2.28 USD'],NO_TRIGGER,FILLED,OUO,OL-20250525-214500-001-V2-924,['O-20250525-214500-001-V2-2772'],O-20250525-214500-001-V2-2770,,,,['V2_POS1_SL'],a7486317-68f7-4790-a355-3ad51d0a447d,1748209500000000000,1748211060000000000,1.13698,DEFAULT,,,,,
O-20250525-214500-001-V2-2772,BACKTESTER-001,MLSignalStrategyV2-V2,EUR/USD.IDEALPRO,IDEALPRO-1-2772,EUR/USD.IDEALPRO-MLSignalStrategyV2-V2,IDEALPRO-001,,LIMIT,BUY,100000.00,GTC,True,False,0.00,NO_LIQUIDITY_SIDE,,,,NO_TRIGGER,CANCELED,OUO,OL-20250525-214500-001-V2-924,['O-20250525-214500-001-V2-2771'],O-20250525-214500-001-V2-2770,,,,['V2_POS1_TP'],e4e75eac-89ce-40c8-a212-74c17ce8824d,1748209500000000000,1748211060000000000,,,,,1.13590,False,
O-20250525-224500-001-V2-2773,BACKTESTER-001,MLSignalStrategyV2-V2,EUR/USD.IDEALPRO,IDEALPRO-1-2773,EUR/USD.IDEALPRO-MLSignalStrategyV2-V2,IDEALPRO-001,IDEALPRO-1-292189,MARKET,SELL,100000.00,GTC,False,False,100000.00,TAKER,1.13744,0.0,['2.27 USD'],NO_TRIGGER,FILLED,OTO,OL-20250525-224500-001-V2-925,"['O-20250525-224500-001-V2-2774', 'O-20250525-224500-001-V2-2775']",,,,,['V2_POS1'],bc25bcf7-3526-4901-8f2d-1f2bf76ba47b,1748213100000000000,1748213100000000000,,,,,,,
O-20250525-224500-001-V2-2774,BACKTESTER-001,MLSignalStrategyV2-V2,EUR/USD.IDEALPRO,IDEALPRO-1-2774,EUR/USD.IDEALPRO-MLSignalStrategyV2-V2,IDEALPRO-001,IDEALPRO-1-292259,STOP_MARKET,BUY,100000.00,GTC,True,False,100000.00,TAKER,1.1382,2.0000000000131024e-05,['2.28 USD'],NO_TRIGGER,FILLED,OUO,OL-20250525-224500-001-V2-925,['O-20250525-224500-001-V2-2775'],O-20250525-224500-001-V2-2773,,,,['V2_POS1_SL'],c23c5e60-c0d5-4d5c-9952-6bfadde7e0b0,1748213100000000000,1748215200000000000,1.13818,DEFAULT,,,,,
O-20250525-224500-001-V2-2775,BACKTESTER-001,MLSignalStrategyV2-V2,EUR/USD.IDEALPRO,IDEALPRO-1-2775,EUR/USD.IDEALPRO-MLSignalStrategyV2-V2,IDEALPRO-001,,LIMIT,BUY,100000.00,GTC,True,False,0.00,NO_LIQUIDITY_SIDE,,,,NO_TRIGGER,CANCELED,OUO,OL-20250525-224500-001-V2-925,['O-20250525-224500-001-V2-2774'],O-20250525-224500-001-V2-2773,,,,['V2_POS1_TP'],8f295916-45db-4b06-a20b-72ebbceb1e4c,1748213100000000000,1748215200000000000,,,,,1.13672,False,
O-20250525-233000-001-V2-2776,BACKTESTER-001,MLSignalStrategyV2-V2,EUR/USD.IDEALPRO,IDEALPRO-1-2776,EUR/USD.IDEALPRO-MLSignalStrategyV2-V2,IDEALPRO-001,IDEALPRO-1-292281,MARKET,SELL,100000.00,GTC,False,False,100000.00,TAKER,1.13793,0.0,['2.28 USD'],NO_TRIGGER,FILLED,OTO,OL-20250525-233000-001-V2-926,"['O-20250525-233000-001-V2-2777', 'O-20250525-233000-001-V2-2778']",,,,,['V2_POS1'],4978c230-d20a-4339-890c-234aa5c30495,1748215800000000000,1748215800000000000,,,,,,,
O-20250525-233000-001-V2-2777,BACKTESTER-001,MLSignalStrategyV2-V2,EUR/USD.IDEALPRO,IDEALPRO-1-2777,EUR/USD.IDEALPRO-MLSignalStrategyV2-V2,IDEALPRO-001,,STOP_MARKET,BUY,100000.00,GTC,True,False,0.00,NO_LIQUIDITY_SIDE,,,,NO_TRIGGER,CANCELED,OUO,OL-20250525-233000-001-V2-926,['O-20250525-233000-001-V2-2778'],O-20250525-233000-001-V2-2776,,,,['V2_POS1_SL'],11563694-9526-433a-b021-300dc90d5e7c,1748215800000000000,1748216580000000000,1.13860,DEFAULT,,,,,
O-20250525-233000-001-V2-2778,BACKTESTER-001,MLSignalStrategyV2-V2,EUR/USD.IDEALPRO,IDEALPRO-1-2778,EUR/USD.IDEALPRO-MLSignalStrategyV2-V2,IDEALPRO-001,IDEALPRO-1-292307,LIMIT,BUY,100000.00,GTC,True,False,100000.00,MAKER,1.13726,0.0,['2.27 USD'],NO_TRIGGER,FILLED,OUO,OL-20250525-233000-001-V2-926,['O-20250525-233000-001-V2-2777'],O-20250525-233000-001-V2-2776,,,,['V2_POS1_TP'],60b26256-d3c0-457e-9627-dab74218dc58,1748215800000000000,1748216580000000000,,,,,1.13726,False,
O-20250526-101500-001-V2-2779,BACKTESTER-001,MLSignalStrategyV2-V2,EUR/USD.IDEALPRO,IDEALPRO-1-2779,EUR/USD.IDEALPRO-MLSignalStrategyV2-V2,IDEALPRO-001,IDEALPRO-1-293572,MARKET,SELL,100000.00,GTC,False,False,100000.00,TAKER,1.13829,0.0,['2.28 USD'],NO_TRIGGER,FILLED,OTO,OL-20250526-101500-001-V2-927,"['O-20250526-101500-001-V2-2780', 'O-20250526-101500-001-V2-2781']",,,,,['V2_POS1'],0b85b469-b3dd-48bc-92ec-114aad23662a,1748254500000000000,1748254500000000000,,,,,,,
O-20250526-101500-001-V2-2780,BACKTESTER-001,MLSignalStrategyV2-V2,EUR/USD.IDEALPRO,IDEALPRO-1-2780,EUR/USD.IDEALPRO-MLSignalStrategyV2-V2,IDEALPRO-001,,STOP_MARKET,BUY,100000.00,GTC,True,False,0.00,NO_LIQUIDITY_SIDE,,,,NO_TRIGGER,CANCELED,OUO,OL-20250526-101500-001-V2-927,['O-20250526-101500-001-V2-2781'],O-20250526-101500-001-V2-2779,,,,['V2_POS1_SL'],15cef3f0-9d2e-41dc-a8bf-2708f3badd0c,1748254500000000000,1748259180000000000,1.13890,DEFAULT,,,,,
O-20250526-101500-001-V2-2781,BACKTESTER-001,MLSignalStrategyV2-V2,EUR/USD.IDEALPRO,IDEALPRO-1-2781,EUR/USD.IDEALPRO-MLSignalStrategyV2-V2,IDEALPRO-001,IDEALPRO-1-293729,LIMIT,BUY,100000.00,GTC,True,False,100000.00,MAKER,1.13766,-4.0000000000040004e-05,['2.28 USD'],NO_TRIGGER,FILLED,OUO,OL-20250526-101500-001-V2-927,['O-20250526-101500-001-V2-2780'],O-20250526-101500-001-V2-2779,,,,['V2_POS1_TP'],948df423-4cc7-4b12-90ab-629a430bce91,1748254500000000000,1748259180000000000,,,,,1.13770,False,
O-20250526-120000-001-V2-2782,BACKTESTER-001,MLSignalStrategyV2-V2,EUR/USD.IDEALPRO,IDEALPRO-1-2782,EUR/USD.IDEALPRO-MLSignalStrategyV2-V2,IDEALPRO-001,IDEALPRO-1-293784,MARKET,SELL,100000.00,GTC,False,False,100000.00,TAKER,1.13772,0.0,['2.28 USD'],NO_TRIGGER,FILLED,OTO,OL-20250526-120000-001-V2-928,"['O-20250526-120000-001-V2-2783', 'O-20250526-120000-001-V2-2784']",,,,,['V2_POS1'],522d97f8-ba1a-4aec-8699-d5033464d44a,1748260800000000000,1748260800000000000,,,,,,,
O-20250526-120000-001-V2-2783,BACKTESTER-001,MLSignalStrategyV2-V2,EUR/USD.IDEALPRO,IDEALPRO-1-2783,EUR/USD.IDEALPRO-MLSignalStrategyV2-V2,IDEALPRO-001,,STOP_MARKET,BUY,100000.00,GTC,True,False,0.00,NO_LIQUIDITY_SIDE,,,,NO_TRIGGER,CANCELED,OUO,OL-20250526-120000-001-V2-928,['O-20250526-120000-001-V2-2784'],O-20250526-120000-001-V2-2782,,,,['V2_POS1_SL'],2cdd33c6-a578-4a9e-9c47-567d7f0ef6d8,1748260800000000000,1748262180000000000,1.13825,DEFAULT,,,,,
O-20250526-120000-001-V2-2784,BACKTESTER-001,MLSignalStrategyV2-V2,EUR/USD.IDEALPRO,IDEALPRO-1-2784,EUR/USD.IDEALPRO-MLSignalStrategyV2-V2,IDEALPRO-001,IDEALPRO-1-293831,LIMIT,BUY,100000.00,GTC,True,False,100000.00,MAKER,1.1372,1.0000000000065512e-05,['2.27 USD'],NO_TRIGGER,FILLED,OUO,OL-20250526-120000-001-V2-928,['O-20250526-120000-001-V2-2783'],O-20250526-120000-001-V2-2782,,,,['V2_POS1_TP'],3ab5ecaf-df3e-4122-8076-ba19b19dfdb3,1748260800000000000,1748262180000000000,,,,,1.13719,False,
O-20250526-124500-001-V2-2785,BACKTESTER-001,MLSignalStrategyV2-V2,EUR/USD.IDEALPRO,IDEALPRO-1-2785,EUR/USD.IDEALPRO-MLSignalStrategyV2-V2,IDEALPRO-001,IDEALPRO-1-293877,MARKET,SELL,100000.00,GTC,False,False,100000.00,TAKER,1.13749,0.0,['2.27 USD'],NO_TRIGGER,FILLED,OTO,OL-20250526-124500-001-V2-929,"['O-20250526-124500-001-V2-2786', 'O-20250526-124500-001-V2-2787']",,,,,['V2_POS1'],a6064428-3b5e-4e91-9ac7-458e337023b2,1748263500000000000,1748263500000000000,,,,,,,
O-20250526-124500-001-V2-2786,BACKTESTER-001,MLSignalStrategyV2-V2,EUR/USD.IDEALPRO,IDEALPRO-1-2786,EUR/USD.IDEALPRO-MLSignalStrategyV2-V2,IDEALPRO-001,IDEALPRO-1-293979,STOP_MARKET,BUY,100000.00,GTC,True,False,100000.00,TAKER,1.13807,0.0,['2.28 USD'],NO_TRIGGER,FILLED,OUO,OL-20250526-124500-001-V2-929,['O-20250526-124500-001-V2-2787'],O-20250526-124500-001-V2-2785,,,,['V2_POS1_SL'],cc09ca7c-a2e6-4031-b8dd-c40391df069d,1748263500000000000,1748266560000000000,1.13807,DEFAULT,,,,,
O-20250526-124500-001-V2-2787,BACKTESTER-001,MLSignalStrategyV2-V2,EUR/USD.IDEALPRO,IDEALPRO-1-2787,EUR/USD.IDEALPRO-MLSignalStrategyV2-V2,IDEALPRO-001,,LIMIT,BUY,100000.00,GTC,True,False,0.00,NO_LIQUIDITY_SIDE,,,,NO_TRIGGER,CANCELED,OUO,OL-20250526-124500-001-V2-929,['O-20250526-124500-001-V2-2786'],O-20250526-124500-001-V2-2785,,,,['V2_POS1_TP'],8f64495a-a99c-415b-b52d-8ee65fa7dc53,1748263500000000000,1748266560000000000,,,,,1.13693,False,
O-20250526-134500-001-V2-2788,BACKTESTER-001,MLSignalStrategyV2-V2,EUR/USD.IDEALPRO,IDEALPRO-1-2788,EUR/USD.IDEALPRO-MLSignalStrategyV2-V2,IDEALPRO-001,IDEALPRO-1-293998,MARKET,SELL,100000.00,GTC,False,False,100000.00,TAKER,1.13782,0.0,['2.28 USD'],NO_TRIGGER,FILLED,OTO,OL-20250526-134500-001-V2-930,"['O-20250526-134500-001-V2-2789', 'O-20250526-134500-001-V2-2790']",,,,,['V2_POS1'],c2b10f7e-8d1d-4132-9571-3e16f446f992,1748267100000000000,1748267100000000000,,,,,,,
O-20250526-134500-001-V2-2789,BACKTESTER-001,MLSignalStrategyV2-V2,EUR/USD.IDEALPRO,IDEALPRO-1-2789,EUR/USD.IDEALPRO-MLSignalStrategyV2-V2,IDEALPRO-001,IDEALPRO-1-294027,STOP_MARKET,BUY,100000.00,GTC,True,False,100000.00,TAKER,1.13836,2.0000000000131024e-05,['2.28 USD'],NO_TRIGGER,FILLED,OUO,OL-20250526-134500-001-V2-930,['O-20250526-134500-001-V2-2790'],O-20250526-134500-001-V2-2788,,,,['V2_POS1_SL'],cc2f0204-743e-4518-91b9-38fbd27f525f,1748267100000000000,1748267940000000000,1.13834,DEFAULT,,,,,
O-20250526-134500-001-V2-2790,BACKTESTER-001,MLSignalStrategyV2-V2,EUR/USD.IDEALPRO,IDEALPRO-1-2790,EUR/USD.IDEALPRO-MLSignalStrategyV2-V2,IDEALPRO-001,,LIMIT,BUY,100000.00,GTC,True,False,0.00,NO_LIQUIDITY_SIDE,,,,NO_TRIGGER,CANCELED,OUO,OL-20250526-134500-001-V2-930,['O-20250526-134500-001-V2-2789'],O-20250526-134500-001-V2-2788,,,,['V2_POS1_TP'],de6fb63a-50c6-4095-b8ee-d79b2d545fe3,1748267100000000000,1748267940000000000,,,,,1.13732,False,
O-20250526-141500-001-V2-2791,BACKTESTER-001,MLSignalStrategyV2-V2,EUR/USD.IDEALPRO,IDEALPRO-1-2791,EUR/USD.IDEALPRO-MLSignalStrategyV2-V2,IDEALPRO-001,IDEALPRO-1-294060,MARKET,SELL,100000.00,GTC,False,False,100000.00,TAKER,1.13796,0.0,['2.28 USD'],NO_TRIGGER,FILLED,OTO,OL-20250526-141500-001-V2-931,"['O-20250526-141500-001-V2-2792', 'O-20250526-141500-001-V2-2793']",,,,,['V2_POS1'],afa84b65-c814-469f-be1d-d51bb2519605,1748268900000000000,1748268900000000000,,,,,,,
O-20250526-141500-001-V2-2792,BACKTESTER-001,MLSignalStrategyV2-V2,EUR/USD.IDEALPRO,IDEALPRO-1-2792,EUR/USD.IDEALPRO-MLSignalStrategyV2-V2,IDEALPRO-001,IDEALPRO-1-294093,STOP_MARKET,BUY,100000.00,GTC,True,False,100000.00,TAKER,1.13851,2.999999999997449e-05,['2.28 USD'],NO_TRIGGER,FILLED,OUO,OL-20250526-141500-001-V2-931,['O-20250526-141500-001-V2-2793'],O-20250526-141500-001-V2-2791,,,,['V2_POS1_SL'],2df5b112-1def-468e-8482-c4502a4854e6,1748268900000000000,1748269860000000000,1.13848,DEFAULT,,,,,
O-20250526-141500-001-V2-2793,BACKTESTER-001,MLSignalStrategyV2-V2,EUR/USD.IDEALPRO,IDEALPRO-1-2793,EUR/USD.IDEALPRO-MLSignalStrategyV2-V2,IDEALPRO-001,,LIMIT,BUY,100000.00,GTC,True,False,0.00,NO_LIQUIDITY_SIDE,,,,NO_TRIGGER,CANCELED,OUO,OL-20250526-141500-001-V2-931,['O-20250526-141500-001-V2-2792'],O-20250526-141500-001-V2-2791,,,,['V2_POS1_TP'],0e2d2d07-b840-4c63-bf5a-228d04c071b7,1748268900000000000,1748269860000000000,,,,,1.13744,False,
O-20250526-170000-001-V2-2794,BACKTESTER-001,MLSignalStrategyV2-V2,EUR/USD.IDEALPRO,IDEALPRO-1-2794,EUR/USD.IDEALPRO-MLSignalStrategyV2-V2,IDEALPRO-001,IDEALPRO-1-294392,MARKET,BUY,100000.00,GTC,False,False,100000.00,TAKER,1.13834,0.0,['2.28 USD'],NO_TRIGGER,FILLED,OTO,OL-20250526-170000-001-V2-932,"['O-20250526-170000-001-V2-2795', 'O-20250526-170000-001-V2-2796']",,,,,['V2_POS1'],8935368f-2a55-4360-a67f-6b0cd01dd5e2,1748278800000000000,1748278800000000000,,,,,,,
O-20250526-170000-001-V2-2795,BACKTESTER-001,MLSignalStrategyV2-V2,EUR/USD.IDEALPRO,IDEALPRO-1-2795,EUR/USD.IDEALPRO-MLSignalStrategyV2-V2,IDEALPRO-001,IDEALPRO-1-294455,STOP_MARKET,SELL,100000.00,GTC,True,False,100000.00,TAKER,1.13787,0.00012000000000012001,['2.28 USD'],NO_TRIGGER,FILLED,OUO,OL-20250526-170000-001-V2-932,['O-20250526-170000-001-V2-2796'],O-20250526-170000-001-V2-2794,,,,['V2_POS1_SL'],76f2b494-f670-4aa1-81da-71ddf22a1925,1748278800000000000,1748280660000000000,1.13799,DEFAULT,,,,,
O-20250526-170000-001-V2-2796,BACKTESTER-001,MLSignalStrategyV2-V2,EUR/USD.IDEALPRO,IDEALPRO-1-2796,EUR/USD.IDEALPRO-MLSignalStrategyV2-V2,IDEALPRO-001,,LIMIT,SELL,100000.00,GTC,True,False,0.00,NO_LIQUIDITY_SIDE,,,,NO_TRIGGER,CANCELED,OUO,OL-20250526-170000-001-V2-932,['O-20250526-170000-001-V2-2795'],O-20250526-170000-001-V2-2794,,,,['V2_POS1_TP'],6d002258-27dc-4cb4-8041-3116b2e8eb5f,1748278800000000000,1748280660000000000,,,,,1.13869,False,
O-20250527-011500-001-V2-2797,BACKTESTER-001,MLSignalStrategyV2-V2,EUR/USD.IDEALPRO,IDEALPRO-1-2797,EUR/USD.IDEALPRO-MLSignalStrategyV2-V2,IDEALPRO-001,IDEALPRO-1-295354,MARKET,SELL,100000.00,GTC,False,False,100000.00,TAKER,1.14064,0.0,['2.28 USD'],NO_TRIGGER,FILLED,OTO,OL-20250527-011500-001-V2-933,"['O-20250527-011500-001-V2-2798', 'O-20250527-011500-001-V2-2799']",,,,,['V2_POS1'],79f21708-4ce8-4802-9a61-b12199aab8ea,1748308500000000000,1748308500000000000,,,,,,,
O-20250527-011500-001-V2-2798,BACKTESTER-001,MLSignalStrategyV2-V2,EUR/USD.IDEALPRO,IDEALPRO-1-2798,EUR/USD.IDEALPRO-MLSignalStrategyV2-V2,IDEALPRO-001,,STOP_MARKET,BUY,100000.00,GTC,True,False,0.00,NO_LIQUIDITY_SIDE,,,,NO_TRIGGER,CANCELED,OUO,OL-20250527-011500-001-V2-933,['O-20250527-011500-001-V2-2799'],O-20250527-011500-001-V2-2797,,,,['V2_POS1_SL'],f80abe4a-0486-4699-9bba-baedbe5b2f04,1748308500000000000,1748310000000000000,1.14104,DEFAULT,,,,,
O-20250527-011500-001-V2-2799,BACKTESTER-001,MLSignalStrategyV2-V2,EUR/USD.IDEALPRO,IDEALPRO-1-2799,EUR/USD.IDEALPRO-MLSignalStrategyV2-V2,IDEALPRO-001,IDEALPRO-1-295405,LIMIT,BUY,100000.00,GTC,True,False,100000.00,MAKER,1.14007,-0.00017000000000000348,['2.28 USD'],NO_TRIGGER,FILLED,OUO,OL-20250527-011500-001-V2-933,['O-20250527-011500-001-V2-2798'],O-20250527-011500-001-V2-2797,,,,['V2_POS1_TP'],d28bae8c-2f5c-4a24-85d0-52704ebdd931,1748308500000000000,1748310000000000000,,,,,1.14024,False,
O-20250527-014500-001-V2-2800,BACKTESTER-001,MLSignalStrategyV2-V2,EUR/USD.IDEALPRO,IDEALPRO-1-2800,EUR/USD.IDEALPRO-MLSignalStrategyV2-V2,IDEALPRO-001,IDEALPRO-1-295416,MARKET,SELL,100000.00,GTC,False,False,100000.00,TAKER,1.1396,0.0,['2.28 USD'],NO_TRIGGER,FILLED,OTO,OL-20250527-014500-001-V2-934,"['O-20250527-014500-001-V2-2801', 'O-20250527-014500-001-V2-2802']",,,,,['V2_POS1'],e12e8eb5-0172-4d43-a3f9-e4ca90f4f526,1748310300000000000,1748310300000000000,,,,,,,
O-20250527-014500-001-V2-2801,BACKTESTER-001,MLSignalStrategyV2-V2,EUR/USD.IDEALPRO,IDEALPRO-1-2801,EUR/USD.IDEALPRO-MLSignalStrategyV2-V2,IDEALPRO-001,,STOP_MARKET,BUY,100000.00,GTC,True,False,0.00,NO_LIQUIDITY_SIDE,,,,NO_TRIGGER,CANCELED,OUO,OL-20250527-014500-001-V2-934,['O-20250527-014500-001-V2-2802'],O-20250527-014500-001-V2-2800,,,,['V2_POS1_SL'],3363aa60-6310-4b1d-9d30-163e408164dc,1748310300000000000,1748310720000000000,1.14003,DEFAULT,,,,,
O-20250527-014500-001-V2-2802,BACKTESTER-001,MLSignalStrategyV2-V2,EUR/USD.IDEALPRO,IDEALPRO-1-2802,EUR/USD.IDEALPRO-MLSignalStrategyV2-V2,IDEALPRO-001,IDEALPRO-1-295431,LIMIT,BUY,100000.00,GTC,True,False,100000.00,MAKER,1.13914,-2.999999999997449e-05,['2.28 USD'],NO_TRIGGER,FILLED,OUO,OL-20250527-014500-001-V2-934,['O-20250527-014500-001-V2-2801'],O-20250527-014500-001-V2-2800,,,,['V2_POS1_TP'],1df59b61-c82d-43af-9270-8c8263dd109d,1748310300000000000,1748310720000000000,,,,,1.13917,False,
O-20250527-073000-001-V2-2803,BACKTESTER-001,MLSignalStrategyV2-V2,EUR/USD.IDEALPRO,IDEALPRO-1-2803,EUR/USD.IDEALPRO-MLSignalStrategyV2-V2,IDEALPRO-001,IDEALPRO-1-296108,MARKET,BUY,100000.00,GTC,False,False,100000.00,TAKER,1.13471,0.0,['2.27 USD'],NO_TRIGGER,FILLED,OTO,OL-20250527-073000-001-V2-935,"['O-20250527-073000-001-V2-2804', 'O-20250527-073000-001-V2-2805']",,,,,['V2_POS1'],5fa121bb-c00b-4de9-b39b-925567d07c24,1748331000000000000,1748331000000000000,,,,,,,
O-20250527-073000-001-V2-2804,BACKTESTER-001,MLSignalStrategyV2-V2,EUR/USD.IDEALPRO,IDEALPRO-1-2804,EUR/USD.IDEALPRO-MLSignalStrategyV2-V2,IDEALPRO-001,IDEALPRO-1-296155,STOP_MARKET,SELL,100000.00,GTC,True,False,100000.00,TAKER,1.13387,2.999999999997449e-05,['2.27 USD'],NO_TRIGGER,FILLED,OUO,OL-20250527-073000-001-V2-935,['O-20250527-073000-001-V2-2805'],O-20250527-073000-001-V2-2803,,,,['V2_POS1_SL'],3903c4fc-81bc-4b11-a0e1-8ab4a8e66861,1748331000000000000,1748332380000000000,1.13390,DEFAULT,,,,,
O-20250527-073000-001-V2-2805,BACKTESTER-001,MLSignalStrategyV2-V2,EUR/USD.IDEALPRO,IDEALPRO-1-2805,EUR/USD.IDEALPRO-MLSignalStrategyV2-V2,IDEALPRO-001,,LIMIT,SELL,100000.00,GTC,True,False,0.00,NO_LIQUIDITY_SIDE,,,,NO_TRIGGER,CANCELED,OUO,OL-20250527-073000-001-V2-935,['O-20250527-073000-001-V2-2804'],O-20250527-073000-001-V2-2803,,,,['V2_POS1_TP'],d7fa36f4-7448-4ccc-b15b-acc4ffb0ebd8,1748331000000000000,1748332380000000000,,,,,1.13552,False,
O-20250527-080000-001-V2-2806,BACKTESTER-001,MLSignalStrategyV2-V2,EUR/USD.IDEALPRO,IDEALPRO-1-2806,EUR/USD.IDEALPRO-MLSignalStrategyV2-V2,IDEALPRO-001,IDEALPRO-1-296170,MARKET,BUY,100000.00,GTC,False,False,100000.00,TAKER,1.13409,0.0,['2.27 USD'],NO_TRIGGER,FILLED,OTO,OL-20250527-080000-001-V2-936,"['O-20250527-080000-001-V2-2807', 'O-20250527-080000-001-V2-2808']",,,,,['V2_POS1'],cf020aac-2085-43a7-8d7e-1e6eca24be48,1748332800000000000,1748332800000000000,,,,,,,
O-20250527-080000-001-V2-2807,BACKTESTER-001,MLSignalStrategyV2-V2,EUR/USD.IDEALPRO,IDEALPRO-1-2807,EUR/USD.IDEALPRO-MLSignalStrategyV2-V2,IDEALPRO-001,,STOP_MARKET,SELL,100000.00,GTC,True,False,0.00,NO_LIQUIDITY_SIDE,,,,NO_TRIGGER,CANCELED,OUO,OL-20250527-080000-001-V2-936,['O-20250527-080000-001-V2-2808'],O-20250527-080000-001-V2-2806,,,,['V2_POS1_SL'],6bba2528-529e-46f2-88f2-ad9afc94fe86,1748332800000000000,1748333700000000000,1.13319,DEFAULT,,,,,
O-20250527-080000-001-V2-2808,BACKTESTER-001,MLSignalStrategyV2-V2,EUR/USD.IDEALPRO,IDEALPRO-1-2808,EUR/USD.IDEALPRO-MLSignalStrategyV2-V2,IDEALPRO-001,IDEALPRO-1-296201,LIMIT,SELL,100000.00,GTC,True,False,100000.00,MAKER,1.13499,0.0,['2.27 USD'],NO_TRIGGER,FILLED,OUO,OL-20250527-080000-001-V2-936,['O-20250527-080000-001-V2-2807'],O-20250527-080000-001-V2-2806,,,,['V2_POS1_TP'],707e58df-0028-4722-be93-868effc5d4fc,1748332800000000000,1748333700000000000,,,,,1.13499,False,
O-20250527-083000-001-V2-2809,BACKTESTER-001,MLSignalStrategyV2-V2,EUR/USD.IDEALPRO,IDEALPRO-1-2809,EUR/USD.IDEALPRO-MLSignalStrategyV2-V2,IDEALPRO-001,IDEALPRO-1-296232,MARKET,BUY,100000.00,GTC,False,False,100000.00,TAKER,1.13464,0.0,['2.27 USD'],NO_TRIGGER,FILLED,OTO,OL-20250527-083000-001-V2-937,"['O-20250527-083000-001-V2-2810', 'O-20250527-083000-001-V2-2811']",,,,,['V2_POS1'],61f765c2-e0eb-4b6e-837a-6e015c6c9cb5,1748334600000000000,1748334600000000000,,,,,,,
O-20250527-083000-001-V2-2810,BACKTESTER-001,MLSignalStrategyV2-V2,EUR/USD.IDEALPRO,IDEALPRO-1-2810,EUR/USD.IDEALPRO-MLSignalStrategyV2-V2,IDEALPRO-001,,STOP_MARKET,SELL,100000.00,GTC,True,False,0.00,NO_LIQUIDITY_SIDE,,,,NO_TRIGGER,CANCELED,OUO,OL-20250527-083000-001-V2-937,['O-20250527-083000-001-V2-2811'],O-20250527-083000-001-V2-2809,,,,['V2_POS1_SL'],7c4492de-b995-44e2-af75-20ceeca533fc,1748334600000000000,1748335440000000000,1.13377,DEFAULT,,,,,
O-20250527-083000-001-V2-2811,BACKTESTER-001,MLSignalStrategyV2-V2,EUR/USD.IDEALPRO,IDEALPRO-1-2811,EUR/USD.IDEALPRO-MLSignalStrategyV2-V2,IDEALPRO-001,IDEALPRO-1-296261,LIMIT,SELL,100000.00,GTC,True,False,100000.00,MAKER,1.13555,-4.0000000000040004e-05,['2.27 USD'],NO_TRIGGER,FILLED,OUO,OL-20250527-083000-001-V2-937,['O-20250527-083000-001-V2-2810'],O-20250527-083000-001-V2-2809,,,,['V2_POS1_TP'],f7554977-5477-46d8-88a3-f2f1bbbea611,1748334600000000000,1748335440000000000,,,,,1.13551,False,
O-20250527-090000-001-V2-2812,BACKTESTER-001,MLSignalStrategyV2-V2,EUR/USD.IDEALPRO,IDEALPRO-1-2812,EUR/USD.IDEALPRO-MLSignalStrategyV2-V2,IDEALPRO-001,IDEALPRO-1-296294,MARKET,BUY,100000.00,GTC,False,False,100000.00,TAKER,1.13488,0.0,['2.27 USD'],NO_TRIGGER,FILLED,OTO,OL-20250527-090000-001-V2-938,"['O-20250527-090000-001-V2-2813', 'O-20250527-090000-001-V2-2814']",,,,,['V2_POS1'],2a0b5048-88f5-47b3-8243-1398ffc53b0a,1748336400000000000,1748336400000000000,,,,,,,
O-20250527-090000-001-V2-2813,BACKTESTER-001,MLSignalStrategyV2-V2,EUR/USD.IDEALPRO,IDEALPRO-1-2813,EUR/USD.IDEALPRO-MLSignalStrategyV2-V2,IDEALPRO-001,,STOP_MARKET,SELL,100000.00,GTC,True,False,0.00,NO_LIQUIDITY_SIDE,,,,NO_TRIGGER,CANCELED,OUO,OL-20250527-090000-001-V2-938,['O-20250527-090000-001-V2-2814'],O-20250527-090000-001-V2-2812,,,,['V2_POS1_SL'],722d074f-7387-4133-ad27-dddde44e1ded,1748336400000000000,1748337120000000000,1.13400,DEFAULT,,,,,
O-20250527-090000-001-V2-2814,BACKTESTER-001,MLSignalStrategyV2-V2,EUR/USD.IDEALPRO,IDEALPRO-1-2814,EUR/USD.IDEALPRO-MLSignalStrategyV2-V2,IDEALPRO-001,IDEALPRO-1-296319,LIMIT,SELL,100000.00,GTC,True,False,100000.00,MAKER,1.13579,-5.0000000000105516e-05,['2.27 USD'],NO_TRIGGER,FILLED,OUO,OL-20250527-090000-001-V2-938,['O-20250527-090000-001-V2-2813'],O-20250527-090000-001-V2-2812,,,,['V2_POS1_TP'],b3c4166f-f062-4b72-b0ec-62d7271f9ef9,1748336400000000000,1748337120000000000,,,,,1.13574,False,
O-20250527-091500-001-V2-2815,BACKTESTER-001,MLSignalStrategyV2-V2,EUR/USD.IDEALPRO,IDEALPRO-1-2815,EUR/USD.IDEALPRO-MLSignalStrategyV2-V2,IDEALPRO-001,IDEALPRO-1-296326,MARKET,BUY,100000.00,GTC,False,False,100000.00,TAKER,1.13537,0.0,['2.27 USD'],NO_TRIGGER,FILLED,OTO,OL-20250527-091500-001-V2-939,"['O-20250527-091500-001-V2-2816', 'O-20250527-091500-001-V2-2817']",,,,,['V2_POS1'],b18cbc66-e545-417a-92af-7c2f1e3ca810,1748337300000000000,1748337300000000000,,,,,,,
O-20250527-091500-001-V2-2816,BACKTESTER-001,MLSignalStrategyV2-V2,EUR/USD.IDEALPRO,IDEALPRO-1-2816,EUR/USD.IDEALPRO-MLSignalStrategyV2-V2,IDEALPRO-001,IDEALPRO-1-296373,STOP_MARKET,SELL,100000.00,GTC,True,False,100000.00,TAKER,1.13447,1.999999999990898e-05,['2.27 USD'],NO_TRIGGER,FILLED,OUO,OL-20250527-091500-001-V2-939,['O-20250527-091500-001-V2-2817'],O-20250527-091500-001-V2-2815,,,,['V2_POS1_SL'],f5953ca8-f408-49bc-9541-ceb437df4b0c,1748337300000000000,1748338680000000000,1.13449,DEFAULT,,,,,
O-20250527-091500-001-V2-2817,BACKTESTER-001,MLSignalStrategyV2-V2,EUR/USD.IDEALPRO,IDEALPRO-1-2817,EUR/USD.IDEALPRO-MLSignalStrategyV2-V2,IDEALPRO-001,,LIMIT,SELL,100000.00,GTC,True,False,0.00,NO_LIQUIDITY_SIDE,,,,NO_TRIGGER,CANCELED,OUO,OL-20250527-091500-001-V2-939,['O-20250527-091500-001-V2-2816'],O-20250527-091500-001-V2-2815,,,,['V2_POS1_TP'],e9d684d8-5f45-4a38-b190-291227477ff7,1748337300000000000,1748338680000000000,,,,,1.13623,False,
O-20250527-094500-001-V2-2818,BACKTESTER-001,MLSignalStrategyV2-V2,EUR/USD.IDEALPRO,IDEALPRO-1-2818,EUR/USD.IDEALPRO-MLSignalStrategyV2-V2,IDEALPRO-001,IDEALPRO-1-296388,MARKET,BUY,100000.00,GTC,False,False,100000.00,TAKER,1.13501,0.0,['2.27 USD'],NO_TRIGGER,FILLED,OTO,OL-20250527-094500-001-V2-940,"['O-20250527-094500-001-V2-2819', 'O-20250527-094500-001-V2-2820']",,,,,['V2_POS1'],e5e19fde-e5ff-4508-87f3-c2f9c38cc21c,1748339100000000000,1748339100000000000,,,,,,,
O-20250527-094500-001-V2-2819,BACKTESTER-001,MLSignalStrategyV2-V2,EUR/USD.IDEALPRO,IDEALPRO-1-2819,EUR/USD.IDEALPRO-MLSignalStrategyV2-V2,IDEALPRO-001,IDEALPRO-1-296453,STOP_MARKET,SELL,100000.00,GTC,True,False,100000.00,TAKER,1.13412,7.00000000000145e-05,['2.27 USD'],NO_TRIGGER,FILLED,OUO,OL-20250527-094500-001-V2-940,['O-20250527-094500-001-V2-2820'],O-20250527-094500-001-V2-2818,,,,['V2_POS1_SL'],43bc6c19-9fb4-45ef-ba03-f9be13b03e03,1748339100000000000,1748341020000000000,1.13419,DEFAULT,,,,,
O-20250527-094500-001-V2-2820,BACKTESTER-001,MLSignalStrategyV2-V2,EUR/USD.IDEALPRO,IDEALPRO-1-2820,EUR/USD.IDEALPRO-MLSignalStrategyV2-V2,IDEALPRO-001,,LIMIT,SELL,100000.00,GTC,True,False,0.00,NO_LIQUIDITY_SIDE,,,,NO_TRIGGER,CANCELED,OUO,OL-20250527-094500-001-V2-940,['O-20250527-094500-001-V2-2819'],O-20250527-094500-001-V2-2818,,,,['V2_POS1_TP'],121940bd-91b7-4586-8a9f-4cb266df5c86,1748339100000000000,1748341020000000000,,,,,1.13583,False,
O-20250527-104500-001-V2-2821,BACKTESTER-001,MLSignalStrategyV2-V2,EUR/USD.IDEALPRO,IDEALPRO-1-2821,EUR/USD.IDEALPRO-MLSignalStrategyV2-V2,IDEALPRO-001,IDEALPRO-1-296511,MARKET,BUY,100000.00,GTC,False,False,100000.00,TAKER,1.13493,0.0,['2.27 USD'],NO_TRIGGER,FILLED,OTO,OL-20250527-104500-001-V2-941,"['O-20250527-104500-001-V2-2822', 'O-20250527-104500-001-V2-2823']",,,,,['V2_POS1'],3a294294-ac1a-4ea2-ab4f-15afeaf7b2c1,1748342700000000000,1748342700000000000,,,,,,,
O-20250527-104500-001-V2-2822,BACKTESTER-001,MLSignalStrategyV2-V2,EUR/USD.IDEALPRO,IDEALPRO-1-2822,EUR/USD.IDEALPRO-MLSignalStrategyV2-V2,IDEALPRO-001,IDEALPRO-1-296527,STOP_MARKET,SELL,100000.00,GTC,True,False,100000.00,TAKER,1.13417,4.0000000000040004e-05,['2.27 USD'],NO_TRIGGER,FILLED,OUO,OL-20250527-104500-001-V2-941,['O-20250527-104500-001-V2-2823'],O-20250527-104500-001-V2-2821,,,,['V2_POS1_SL'],4b1127bb-2d68-4f3c-aa6b-66ef034131b1,1748342700000000000,1748343180000000000,1.13421,DEFAULT,,,,,
O-20250527-104500-001-V2-2823,BACKTESTER-001,MLSignalStrategyV2-V2,EUR/USD.IDEALPRO,IDEALPRO-1-2823,EUR/USD.IDEALPRO-MLSignalStrategyV2-V2,IDEALPRO-001,,LIMIT,SELL,100000.00,GTC,True,False,0.00,NO_LIQUIDITY_SIDE,,,,NO_TRIGGER,CANCELED,OUO,OL-20250527-104500-001-V2-941,['O-20250527-104500-001-V2-2822'],O-20250527-104500-001-V2-2821,,,,['V2_POS1_TP'],4e0b73fd-9b7f-46ab-a530-b6aa25d3f4f6,1748342700000000000,1748343180000000000,,,,,1.13565,False,
O-20250527-110000-001-V2-2824,BACKTESTER-001,MLSignalStrategyV2-V2,EUR/USD.IDEALPRO,IDEALPRO-1-2824,EUR/USD.IDEALPRO-MLSignalStrategyV2-V2,IDEALPRO-001,IDEALPRO-1-296542,MARKET,BUY,100000.00,GTC,False,False,100000.00,TAKER,1.13439,0.0,['2.27 USD'],NO_TRIGGER,FILLED,OTO,OL-20250527-110000-001-V2-942,"['O-20250527-110000-001-V2-2825', 'O-20250527-110000-001-V2-2826']",,,,,['V2_POS1'],ca9cdd0f-6f17-4834-9e16-d8710d8a43a2,1748343600000000000,1748343600000000000,,,,,,,
O-20250527-110000-001-V2-2825,BACKTESTER-001,MLSignalStrategyV2-V2,EUR/USD.IDEALPRO,IDEALPRO-1-2825,EUR/USD.IDEALPRO-MLSignalStrategyV2-V2,IDEALPRO-001,,STOP_MARKET,SELL,100000.00,GTC,True,False,0.00,NO_LIQUIDITY_SIDE,,,,NO_TRIGGER,CANCELED,OUO,OL-20250527-110000-001-V2-942,['O-20250527-110000-001-V2-2826'],O-20250527-110000-001-V2-2824,,,,['V2_POS1_SL'],ca290566-3754-479e-a87f-216648922b6b,1748343600000000000,1748344860000000000,1.13367,DEFAULT,,,,,
O-20250527-110000-001-V2-2826,BACKTESTER-001,MLSignalStrategyV2-V2,EUR/USD.IDEALPRO,IDEALPRO-1-2826,EUR/USD.IDEALPRO-MLSignalStrategyV2-V2,IDEALPRO-001,IDEALPRO-1-296585,LIMIT,SELL,100000.00,GTC,True,False,100000.00,MAKER,1.13519,-7.999999999985796e-05,['2.27 USD'],NO_TRIGGER,FILLED,OUO,OL-20250527-110000-001-V2-942,['O-20250527-110000-001-V2-2825'],O-20250527-110000-001-V2-2824,,,,['V2_POS1_TP'],40f116a1-2d3b-4eb8-ac01-829da8871429,1748343600000000000,1748344860000000000,,,,,1.13511,False,
O-20250527-164500-001-V2-2827,BACKTESTER-001,MLSignalStrategyV2-V2,EUR/USD.IDEALPRO,IDEALPRO-1-2827,EUR/USD.IDEALPRO-MLSignalStrategyV2-V2,IDEALPRO-001,IDEALPRO-1-297234,MARKET,BUY,100000.00,GTC,False,False,100000.00,TAKER,1.13333,0.0,['2.27 USD'],NO_TRIGGER,FILLED,OTO,OL-20250527-164500-001-V2-943,"['O-20250527-164500-001-V2-2828', 'O-20250527-164500-001-V2-2829']",,,,,['V2_POS1'],a01ec397-b9a2-40aa-b310-55d7759d06f2,1748364300000000000,1748364300000000000,,,,,,,
O-20250527-164500-001-V2-2828,BACKTESTER-001,MLSignalStrategyV2-V2,EUR/USD.IDEALPRO,IDEALPRO-1-2828,EUR/USD.IDEALPRO-MLSignalStrategyV2-V2,IDEALPRO-001,,STOP_MARKET,SELL,100000.00,GTC,True,False,0.00,NO_LIQUIDITY_SIDE,,,,NO_TRIGGER,CANCELED,OUO,OL-20250527-164500-001-V2-943,['O-20250527-164500-001-V2-2829'],O-20250527-164500-001-V2-2827,,,,['V2_POS1_SL'],ddec4c27-c900-4393-9186-0f8eaeddf327,1748364300000000000,1748391780000000000,1.13256,DEFAULT,,,,,
O-20250527-164500-001-V2-2829,BACKTESTER-001,MLSignalStrategyV2-V2,EUR/USD.IDEALPRO,IDEALPRO-1-2829,EUR/USD.IDEALPRO-MLSignalStrategyV2-V2,IDEALPRO-001,IDEALPRO-1-298121,LIMIT,SELL,100000.00,GTC,True,False,100000.00,MAKER,1.13417,-6.999999999979245e-05,['2.27 USD'],NO_TRIGGER,FILLED,OUO,OL-20250527-164500-001-V2-943,['O-20250527-164500-001-V2-2828'],O-20250527-164500-001-V2-2827,,,,['V2_POS1_TP'],6a057097-6df6-4f20-81d4-a744e5c75883,1748364300000000000,1748391780000000000,,,,,1.13410,False,
O-20250528-020000-001-V2-2830,BACKTESTER-001,MLSignalStrategyV2-V2,EUR/USD.IDEALPRO,IDEALPRO-1-2830,EUR/USD.IDEALPRO-MLSignalStrategyV2-V2,IDEALPRO-001,IDEALPRO-1-298316,MARKET,BUY,100000.00,GTC,False,False,100000.00,TAKER,1.13177,0.0,['2.26 USD'],NO_TRIGGER,FILLED,OTO,OL-20250528-020000-001-V2-944,"['O-20250528-020000-001-V2-2831', 'O-20250528-020000-001-V2-2832']",,,,,['V2_POS1'],a9082574-ff20-4a43-82ff-591b907796d1,1748397600000000000,1748397600000000000,,,,,,,
O-20250528-020000-001-V2-2831,BACKTESTER-001,MLSignalStrategyV2-V2,EUR/USD.IDEALPRO,IDEALPRO-1-2831,EUR/USD.IDEALPRO-MLSignalStrategyV2-V2,IDEALPRO-001,,STOP_MARKET,SELL,100000.00,GTC,True,False,0.00,NO_LIQUIDITY_SIDE,,,,NO_TRIGGER,CANCELED,OUO,OL-20250528-020000-001-V2-944,['O-20250528-020000-001-V2-2832'],O-20250528-020000-001-V2-2830,,,,['V2_POS1_SL'],03caea27-57cd-4500-ad5a-d6bbffde7ae7,1748397600000000000,1748399580000000000,1.13108,DEFAULT,,,,,
O-20250528-020000-001-V2-2832,BACKTESTER-001,MLSignalStrategyV2-V2,EUR/USD.IDEALPRO,IDEALPRO-1-2832,EUR/USD.IDEALPRO-MLSignalStrategyV2-V2,IDEALPRO-001,IDEALPRO-1-298383,LIMIT,SELL,100000.00,GTC,True,False,100000.00,MAKER,1.13247,-1.0000000000065512e-05,['2.26 USD'],NO_TRIGGER,FILLED,OUO,OL-20250528-020000-001-V2-944,['O-20250528-020000-001-V2-2831'],O-20250528-020000-001-V2-2830,,,,['V2_POS1_TP'],6530cbca-f7d9-4682-a153-2f288ac419f9,1748397600000000000,1748399580000000000,,,,,1.13246,False,
O-20250528-030000-001-V2-2833,BACKTESTER-001,MLSignalStrategyV2-V2,EUR/USD.IDEALPRO,IDEALPRO-1-2833,EUR/USD.IDEALPRO-MLSignalStrategyV2-V2,IDEALPRO-001,IDEALPRO-1-298438,MARKET,BUY,100000.00,GTC,False,False,100000.00,TAKER,1.13055,0.0,['2.26 USD'],NO_TRIGGER,FILLED,OTO,OL-20250528-030000-001-V2-945,"['O-20250528-030000-001-V2-2834', 'O-20250528-030000-001-V2-2835']",,,,,['V2_POS1'],0b99dabf-be71-4a76-ba6b-eb75eb6c03e9,1748401200000000000,1748401200000000000,,,,,,,
O-20250528-030000-001-V2-2834,BACKTESTER-001,MLSignalStrategyV2-V2,EUR/USD.IDEALPRO,IDEALPRO-1-2834,EUR/USD.IDEALPRO-MLSignalStrategyV2-V2,IDEALPRO-001,IDEALPRO-1-298721,STOP_MARKET,SELL,100000.00,GTC,True,False,100000.00,TAKER,1.12958,0.00017000000000000348,['2.26 USD'],NO_TRIGGER,FILLED,OUO,OL-20250528-030000-001-V2-945,['O-20250528-030000-001-V2-2835'],O-20250528-030000-001-V2-2833,,,,['V2_POS1_SL'],a1d2e91a-ec67-44d4-9423-8627e1b5e2a5,1748401200000000000,1748409660000000000,1.12975,DEFAULT,,,,,
O-20250528-030000-001-V2-2835,BACKTESTER-001,MLSignalStrategyV2-V2,EUR/USD.IDEALPRO,IDEALPRO-1-2835,EUR/USD.IDEALPRO-MLSignalStrategyV2-V2,IDEALPRO-001,,LIMIT,SELL,100000.00,GTC,True,False,0.00,NO_LIQUIDITY_SIDE,,,,NO_TRIGGER,CANCELED,OUO,OL-20250528-030000-001-V2-945,['O-20250528-030000-001-V2-2834'],O-20250528-030000-001-V2-2833,,,,['V2_POS1_TP'],432a313f-c489-4591-9c90-7953f8d37b1c,1748401200000000000,1748409660000000000,,,,,1.13135,False,
O-20250528-074500-001-V2-2836,BACKTESTER-001,MLSignalStrategyV2-V2,EUR/USD.IDEALPRO,IDEALPRO-1-2836,EUR/USD.IDEALPRO-MLSignalStrategyV2-V2,IDEALPRO-001,IDEALPRO-1-299010,MARKET,BUY,100000.00,GTC,False,False,100000.00,TAKER,1.13253,0.0,['2.27 USD'],NO_TRIGGER,FILLED,OTO,OL-20250528-074500-001-V2-946,"['O-20250528-074500-001-V2-2837', 'O-20250528-074500-001-V2-2838']",,,,,['V2_POS1'],4ee25768-a02c-4cdb-863d-2c83f589da58,1748418300000000000,1748418300000000000,,,,,,,
O-20250528-074500-001-V2-2837,BACKTESTER-001,MLSignalStrategyV2-V2,EUR/USD.IDEALPRO,IDEALPRO-1-2837,EUR/USD.IDEALPRO-MLSignalStrategyV2-V2,IDEALPRO-001,,STOP_MARKET,SELL,100000.00,GTC,True,False,0.00,NO_LIQUIDITY_SIDE,,,,NO_TRIGGER,CANCELED,OUO,OL-20250528-074500-001-V2-946,['O-20250528-074500-001-V2-2838'],O-20250528-074500-001-V2-2836,,,,['V2_POS1_SL'],a557bc4a-5a97-4c6a-94e0-2eb839154580,1748418300000000000,1748419440000000000,1.13180,DEFAULT,,,,,
O-20250528-074500-001-V2-2838,BACKTESTER-001,MLSignalStrategyV2-V2,EUR/USD.IDEALPRO,IDEALPRO-1-2838,EUR/USD.IDEALPRO-MLSignalStrategyV2-V2,IDEALPRO-001,IDEALPRO-1-299049,LIMIT,SELL,100000.00,GTC,True,False,100000.00,MAKER,1.13328,-2.0000000000131024e-05,['2.27 USD'],NO_TRIGGER,FILLED,OUO,OL-20250528-074500-001-V2-946,['O-20250528-074500-001-V2-2837'],O-20250528-074500-001-V2-2836,,,,['V2_POS1_TP'],3e67eb06-dd15-4a36-aeb6-fcbe4108c945,1748418300000000000,1748419440000000000,,,,,1.13326,False,
O-20250528-160000-001-V2-2839,BACKTESTER-001,MLSignalStrategyV2-V2,EUR/USD.IDEALPRO,IDEALPRO-1-2839,EUR/USD.IDEALPRO-MLSignalStrategyV2-V2,IDEALPRO-001,IDEALPRO-1-300002,MARKET,BUY,100000.00,GTC,False,False,100000.00,TAKER,1.12848,0.0,['2.26 USD'],NO_TRIGGER,FILLED,OTO,OL-20250528-160000-001-V2-947,"['O-20250528-160000-001-V2-2840', 'O-20250528-160000-001-V2-2841']",,,,,['V2_POS1'],dcaac000-30f8-4f22-96dd-e9f4e0588716,1748448000000000000,1748448000000000000,,,,,,,
O-20250528-160000-001-V2-2840,BACKTESTER-001,MLSignalStrategyV2-V2,EUR/USD.IDEALPRO,IDEALPRO-1-2840,EUR/USD.IDEALPRO-MLSignalStrategyV2-V2,IDEALPRO-001,,STOP_MARKET,SELL,100000.00,GTC,True,False,0.00,NO_LIQUIDITY_SIDE,,,,NO_TRIGGER,CANCELED,OUO,OL-20250528-160000-001-V2-947,['O-20250528-160000-001-V2-2841'],O-20250528-160000-001-V2-2839,,,,['V2_POS1_SL'],ade19f87-848c-45cd-b08a-00e6f21d066b,1748448000000000000,1748448840000000000,1.12755,DEFAULT,,,,,
O-20250528-160000-001-V2-2841,BACKTESTER-001,MLSignalStrategyV2-V2,EUR/USD.IDEALPRO,IDEALPRO-1-2841,EUR/USD.IDEALPRO-MLSignalStrategyV2-V2,IDEALPRO-001,IDEALPRO-1-300031,LIMIT,SELL,100000.00,GTC,True,False,100000.00,MAKER,1.1294,-1.0000000000065512e-05,['2.26 USD'],NO_TRIGGER,FILLED,OUO,OL-20250528-160000-001-V2-947,['O-20250528-160000-001-V2-2840'],O-20250528-160000-001-V2-2839,,,,['V2_POS1_TP'],4a87ff18-0f1b-4231-bc65-38a699bb417a,1748448000000000000,1748448840000000000,,,,,1.12939,False,
O-20250528-203000-001-V2-2842,BACKTESTER-001,MLSignalStrategyV2-V2,EUR/USD.IDEALPRO,IDEALPRO-1-2842,EUR/USD.IDEALPRO-MLSignalStrategyV2-V2,IDEALPRO-001,IDEALPRO-1-300544,MARKET,SELL,100000.00,GTC,False,False,100000.00,TAKER,1.12952,0.0,['2.26 USD'],NO_TRIGGER,FILLED,OTO,OL-20250528-203000-001-V2-948,"['O-20250528-203000-001-V2-2843', 'O-20250528-203000-001-V2-2844']",,,,,['V2_POS1'],714fc9ec-688e-46c3-87bc-beee9039cabe,1748464200000000000,1748464200000000000,,,,,,,
O-20250528-203000-001-V2-2843,BACKTESTER-001,MLSignalStrategyV2-V2,EUR/USD.IDEALPRO,IDEALPRO-1-2843,EUR/USD.IDEALPRO-MLSignalStrategyV2-V2,IDEALPRO-001,,STOP_MARKET,BUY,100000.00,GTC,True,False,0.00,NO_LIQUIDITY_SIDE,,,,NO_TRIGGER,CANCELED,OUO,OL-20250528-203000-001-V2-948,['O-20250528-203000-001-V2-2844'],O-20250528-203000-001-V2-2842,,,,['V2_POS1_SL'],6efbfea1-d4b0-4403-9a61-06d08a50751c,1748464200000000000,1748466000000000000,1.13000,DEFAULT,,,,,
O-20250528-203000-001-V2-2844,BACKTESTER-001,MLSignalStrategyV2-V2,EUR/USD.IDEALPRO,IDEALPRO-1-2844,EUR/USD.IDEALPRO-MLSignalStrategyV2-V2,IDEALPRO-001,IDEALPRO-1-300605,LIMIT,BUY,100000.00,GTC,True,False,100000.00,MAKER,1.12903,-1.0000000000065512e-05,['2.26 USD'],NO_TRIGGER,FILLED,OUO,OL-20250528-203000-001-V2-948,['O-20250528-203000-001-V2-2843'],O-20250528-203000-001-V2-2842,,,,['V2_POS1_TP'],43804d34-85d7-4ebf-8552-ddcd17301342,1748464200000000000,1748466000000000000,,,,,1.12904,False,
O-20250528-230000-001-V2-2845,BACKTESTER-001,MLSignalStrategyV2-V2,EUR/USD.IDEALPRO,IDEALPRO-1-2845,EUR/USD.IDEALPRO-MLSignalStrategyV2-V2,IDEALPRO-001,IDEALPRO-1-300817,MARKET,BUY,100000.00,GTC,False,False,100000.00,TAKER,1.12915,0.0,['2.26 USD'],NO_TRIGGER,FILLED,OTO,OL-20250528-230000-001-V2-949,"['O-20250528-230000-001-V2-2846', 'O-20250528-230000-001-V2-2847']",,,,,['V2_POS1'],caa2f0ab-3033-49c6-81db-60d87d258870,1748473200000000000,1748473200000000000,,,,,,,
O-20250528-230000-001-V2-2846,BACKTESTER-001,MLSignalStrategyV2-V2,EUR/USD.IDEALPRO,IDEALPRO-1-2846,EUR/USD.IDEALPRO-MLSignalStrategyV2-V2,IDEALPRO-001,IDEALPRO-1-300823,STOP_MARKET,SELL,100000.00,GTC,True,False,100000.00,TAKER,1.12881,3.999999999981796e-05,['2.26 USD'],NO_TRIGGER,FILLED,OUO,OL-20250528-230000-001-V2-949,['O-20250528-230000-001-V2-2847'],O-20250528-230000-001-V2-2845,,,,['V2_POS1_SL'],e059faa2-bfd7-46cd-8397-cb1f0de6e4c0,1748473200000000000,1748473380000000000,1.12885,DEFAULT,,,,,
O-20250528-230000-001-V2-2847,BACKTESTER-001,MLSignalStrategyV2-V2,EUR/USD.IDEALPRO,IDEALPRO-1-2847,EUR/USD.IDEALPRO-MLSignalStrategyV2-V2,IDEALPRO-001,,LIMIT,SELL,100000.00,GTC,True,False,0.00,NO_LIQUIDITY_SIDE,,,,NO_TRIGGER,CANCELED,OUO,OL-20250528-230000-001-V2-949,['O-20250528-230000-001-V2-2846'],O-20250528-230000-001-V2-2845,,,,['V2_POS1_TP'],db715c47-7bd1-4d6f-bd41-1bf7dae3cead,1748473200000000000,1748473380000000000,,,,,1.12945,False,
O-20250528-231500-001-V2-2848,BACKTESTER-001,MLSignalStrategyV2-V2,EUR/USD.IDEALPRO,IDEALPRO-1-2848,EUR/USD.IDEALPRO-MLSignalStrategyV2-V2,IDEALPRO-001,IDEALPRO-1-300848,MARKET,BUY,100000.00,GTC,False,False,100000.00,TAKER,1.12787,0.0,['2.26 USD'],NO_TRIGGER,FILLED,OTO,OL-20250528-231500-001-V2-950,"['O-20250528-231500-001-V2-2849', 'O-20250528-231500-001-V2-2850']",,,,,['V2_POS1'],6fc296c7-25cd-4632-b071-5b548283eccf,1748474100000000000,1748474100000000000,,,,,,,
O-20250528-231500-001-V2-2849,BACKTESTER-001,MLSignalStrategyV2-V2,EUR/USD.IDEALPRO,IDEALPRO-1-2849,EUR/USD.IDEALPRO-MLSignalStrategyV2-V2,IDEALPRO-001,IDEALPRO-1-300851,STOP_MARKET,SELL,100000.00,GTC,True,False,100000.00,TAKER,1.12743,6.000000000017103e-05,['2.25 USD'],NO_TRIGGER,FILLED,OUO,OL-20250528-231500-001-V2-950,['O-20250528-231500-001-V2-2850'],O-20250528-231500-001-V2-2848,,,,['V2_POS1_SL'],e3bb8f46-4119-4bbe-b627-550caad9fc0c,1748474100000000000,1748474160000000000,1.12749,DEFAULT,,,,,
O-20250528-231500-001-V2-2850,BACKTESTER-001,MLSignalStrategyV2-V2,EUR/USD.IDEALPRO,IDEALPRO-1-2850,EUR/USD.IDEALPRO-MLSignalStrategyV2-V2,IDEALPRO-001,,LIMIT,SELL,100000.00,GTC,True,False,0.00,NO_LIQUIDITY_SIDE,,,,NO_TRIGGER,CANCELED,OUO,OL-20250528-231500-001-V2-950,['O-20250528-231500-001-V2-2849'],O-20250528-231500-001-V2-2848,,,,['V2_POS1_TP'],50755131-3e3c-49f4-b596-1f80fbb9a9e6,1748474100000000000,1748474160000000000,,,,,1.12823,False,
O-20250528-233000-001-V2-2851,BACKTESTER-001,MLSignalStrategyV2-V2,EUR/USD.IDEALPRO,IDEALPRO-1-2851,EUR/USD.IDEALPRO-MLSignalStrategyV2-V2,IDEALPRO-001,IDEALPRO-1-300880,MARKET,BUY,100000.00,GTC,False,False,100000.00,TAKER,1.12699,0.0,['2.25 USD'],NO_TRIGGER,FILLED,OTO,OL-20250528-233000-001-V2-951,"['O-20250528-233000-001-V2-2852', 'O-20250528-233000-001-V2-2853']",,,,,['V2_POS1'],358cedde-48ea-4077-8d8b-8e2f78a0e334,1748475000000000000,1748475000000000000,,,,,,,
O-20250528-233000-001-V2-2852,BACKTESTER-001,MLSignalStrategyV2-V2,EUR/USD.IDEALPRO,IDEALPRO-1-2852,EUR/USD.IDEALPRO-MLSignalStrategyV2-V2,IDEALPRO-001,IDEALPRO-1-300887,STOP_MARKET,SELL,100000.00,GTC,True,False,100000.00,TAKER,1.12621,0.000320000000000098,['2.25 USD'],NO_TRIGGER,FILLED,OUO,OL-20250528-233000-001-V2-951,['O-20250528-233000-001-V2-2853'],O-20250528-233000-001-V2-2851,,,,['V2_POS1_SL'],ef6db8dc-b70b-4c0e-90f9-87e07e034a2e,1748475000000000000,1748475180000000000,1.12653,DEFAULT,,,,,
O-20250528-233000-001-V2-2853,BACKTESTER-001,MLSignalStrategyV2-V2,EUR/USD.IDEALPRO,IDEALPRO-1-2853,EUR/USD.IDEALPRO-MLSignalStrategyV2-V2,IDEALPRO-001,,LIMIT,SELL,100000.00,GTC,True,False,0.00,NO_LIQUIDITY_SIDE,,,,NO_TRIGGER,CANCELED,OUO,OL-20250528-233000-001-V2-951,['O-20250528-233000-001-V2-2852'],O-20250528-233000-001-V2-2851,,,,['V2_POS1_TP'],1f7e20d9-6271-4f95-9306-4727521b39e2,1748475000000000000,1748475180000000000,,,,,1.12745,False,
O-20250528-234500-001-V2-2854,BACKTESTER-001,MLSignalStrategyV2-V2,EUR/USD.IDEALPRO,IDEALPRO-1-2854,EUR/USD.IDEALPRO-MLSignalStrategyV2-V2,IDEALPRO-001,IDEALPRO-1-300912,MARKET,BUY,100000.00,GTC,False,False,100000.00,TAKER,1.12108,0.0,['2.24 USD'],NO_TRIGGER,FILLED,OTO,OL-20250528-234500-001-V2-952,"['O-20250528-234500-001-V2-2855', 'O-20250528-234500-001-V2-2856']",,,,,['V2_POS1'],e09c1818-3000-4b3f-9fb3-ead577d44087,1748475900000000000,1748475900000000000,,,,,,,
O-20250528-234500-001-V2-2855,BACKTESTER-001,MLSignalStrategyV2-V2,EUR/USD.IDEALPRO,IDEALPRO-1-2855,EUR/USD.IDEALPRO-MLSignalStrategyV2-V2,IDEALPRO-001,,STOP_MARKET,SELL,100000.00,GTC,True,False,0.00,NO_LIQUIDITY_SIDE,,,,NO_TRIGGER,CANCELED,OUO,OL-20250528-234500-001-V2-952,['O-20250528-234500-001-V2-2856'],O-20250528-234500-001-V2-2854,,,,['V2_POS1_SL'],679030b2-ac18-4b54-8ae7-70e9bf6ba671,1748475900000000000,1748475900000000000,1.12026,DEFAULT,,,,,
O-20250528-234500-001-V2-2856,BACKTESTER-001,MLSignalStrategyV2-V2,EUR/USD.IDEALPRO,IDEALPRO-1-2856,EUR/USD.IDEALPRO-MLSignalStrategyV2-V2,IDEALPRO-001,IDEALPRO-1-300914,LIMIT,SELL,100000.00,GTC,True,False,100000.00,MAKER,1.12192,-4.0000000000040004e-05,['2.24 USD'],NO_TRIGGER,FILLED,OUO,OL-20250528-234500-001-V2-952,['O-20250528-234500-001-V2-2855'],O-20250528-234500-001-V2-2854,,,,['V2_POS1_TP'],4c862703-c2ed-45bc-83e1-bd091977f83d,1748475900000000000,1748475900000000000,,,,,1.12188,False,
O-20250528-234500-001-V2-2857,BACKTESTER-001,MLSignalStrategyV2-V2,EUR/USD.IDEALPRO,IDEALPRO-1-2857,EUR/USD.IDEALPRO-MLSignalStrategyV2-V2,IDEALPRO-001,IDEALPRO-1-300915,MARKET,BUY,100000.00,GTC,False,False,100000.00,TAKER,1.12108,0.0,['2.24 USD'],NO_TRIGGER,FILLED,OTO,OL-20250528-234500-001-V2-953,"['O-20250528-234500-001-V2-2858', 'O-20250528-234500-001-V2-2859']",,,,,['V2_POS1'],46cbb6e8-cefe-4e44-bf76-6a3b4d7abf22,1748475900000000000,1748475900000000000,,,,,,,
O-20250528-234500-001-V2-2858,BACKTESTER-001,MLSignalStrategyV2-V2,EUR/USD.IDEALPRO,IDEALPRO-1-2858,EUR/USD.IDEALPRO-MLSignalStrategyV2-V2,IDEALPRO-001,,STOP_MARKET,SELL,100000.00,GTC,True,False,0.00,NO_LIQUIDITY_SIDE,,,,NO_TRIGGER,CANCELED,OUO,OL-20250528-234500-001-V2-953,['O-20250528-234500-001-V2-2859'],O-20250528-234500-001-V2-2857,,,,['V2_POS1_SL'],befe411e-f975-4c12-8b7d-bb27b4ae6b28,1748475900000000000,1748475960000000000,1.11996,DEFAULT,,,,,
O-20250528-234500-001-V2-2859,BACKTESTER-001,MLSignalStrategyV2-V2,EUR/USD.IDEALPRO,IDEALPRO-1-2859,EUR/USD.IDEALPRO-MLSignalStrategyV2-V2,IDEALPRO-001,IDEALPRO-1-300917,LIMIT,SELL,100000.00,GTC,True,False,100000.00,MAKER,1.1223,-0.00012000000000012001,['2.24 USD'],NO_TRIGGER,FILLED,OUO,OL-20250528-234500-001-V2-953,['O-20250528-234500-001-V2-2858'],O-20250528-234500-001-V2-2857,,,,['V2_POS1_TP'],04f3dc87-5025-4474-b8dc-9a5ddc83541b,1748475900000000000,1748475960000000000,,,,,1.12218,False,
O-20250529-000000-001-V2-2860,BACKTESTER-001,MLSignalStrategyV2-V2,EUR/USD.IDEALPRO,IDEALPRO-1-2860,EUR/USD.IDEALPRO-MLSignalStrategyV2-V2,IDEALPRO-001,IDEALPRO-1-300946,MARKET,BUY,100000.00,GTC,False,False,100000.00,TAKER,1.12298,0.0,['2.25 USD'],NO_TRIGGER,FILLED,OTO,OL-20250529-000000-001-V2-954,"['O-20250529-000000-001-V2-2861', 'O-20250529-000000-001-V2-2862']",,,,,['V2_POS1'],f694d6fb-74e8-4ba8-abd1-840fc78f115f,1748476800000000000,1748476800000000000,,,,,,,
O-20250529-000000-001-V2-2861,BACKTESTER-001,MLSignalStrategyV2-V2,EUR/USD.IDEALPRO,IDEALPRO-1-2861,EUR/USD.IDEALPRO-MLSignalStrategyV2-V2,IDEALPRO-001,,STOP_MARKET,SELL,100000.00,GTC,True,False,0.00,NO_LIQUIDITY_SIDE,,,,NO_TRIGGER,CANCELED,OUO,OL-20250529-000000-001-V2-954,['O-20250529-000000-001-V2-2862'],O-20250529-000000-001-V2-2860,,,,['V2_POS1_SL'],afe2eaac-2154-430d-beb0-b66bff47cb19,1748476800000000000,1748477220000000000,1.12176,DEFAULT,,,,,
O-20250529-000000-001-V2-2862,BACKTESTER-001,MLSignalStrategyV2-V2,EUR/USD.IDEALPRO,IDEALPRO-1-2862,EUR/USD.IDEALPRO-MLSignalStrategyV2-V2,IDEALPRO-001,IDEALPRO-1-300961,LIMIT,SELL,100000.00,GTC,True,False,100000.00,MAKER,1.12429,-8.999999999992347e-05,['2.25 USD'],NO_TRIGGER,FILLED,OUO,OL-20250529-000000-001-V2-954,['O-20250529-000000-001-V2-2861'],O-20250529-000000-001-V2-2860,,,,['V2_POS1_TP'],8099a738-4393-43e7-b405-fa8b0416b795,1748476800000000000,1748477220000000000,,,,,1.12420,False,
O-20250529-001500-001-V2-2863,BACKTESTER-001,MLSignalStrategyV2-V2,EUR/USD.IDEALPRO,IDEALPRO-1-2863,EUR/USD.IDEALPRO-MLSignalStrategyV2-V2,IDEALPRO-001,IDEALPRO-1-300978,MARKET,BUY,100000.00,GTC,False,False,100000.00,TAKER,1.12391,0.0,['2.25 USD'],NO_TRIGGER,FILLED,OTO,OL-20250529-001500-001-V2-955,"['O-20250529-001500-001-V2-2864', 'O-20250529-001500-001-V2-2865']",,,,,['V2_POS1'],88005ad8-aa20-4935-946b-7e127cee5b69,1748477700000000000,1748477700000000000,,,,,,,
O-20250529-001500-001-V2-2864,BACKTESTER-001,MLSignalStrategyV2-V2,EUR/USD.IDEALPRO,IDEALPRO-1-2864,EUR/USD.IDEALPRO-MLSignalStrategyV2-V2,IDEALPRO-001,IDEALPRO-1-301077,STOP_MARKET,SELL,100000.00,GTC,True,False,100000.00,TAKER,1.12251,3.0000000000196536e-05,['2.25 USD'],NO_TRIGGER,FILLED,OUO,OL-20250529-001500-001-V2-955,['O-20250529-001500-001-V2-2865'],O-20250529-001500-001-V2-2863,,,,['V2_POS1_SL'],21c2ff93-68ca-4db4-b818-79f36175ff36,1748477700000000000,1748480640000000000,1.12254,DEFAULT,,,,,
O-20250529-001500-001-V2-2865,BACKTESTER-001,MLSignalStrategyV2-V2,EUR/USD.IDEALPRO,IDEALPRO-1-2865,EUR/USD.IDEALPRO-MLSignalStrategyV2-V2,IDEALPRO-001,,LIMIT,SELL,100000.00,GTC,True,False,0.00,NO_LIQUIDITY_SIDE,,,,NO_TRIGGER,CANCELED,OUO,OL-20250529-001500-001-V2-955,['O-20250529-001500-001-V2-2864'],O-20250529-001500-001-V2-2863,,,,['V2_POS1_TP'],c3e23df6-3836-44ad-bb87-6bf3ec331c42,1748477700000000000,1748480640000000000,,,,,1.12528,False,
O-20250529-060000-001-V2-2866,BACKTESTER-001,MLSignalStrategyV2-V2,EUR/USD.IDEALPRO,IDEALPRO-1-2866,EUR/USD.IDEALPRO-MLSignalStrategyV2-V2,IDEALPRO-001,IDEALPRO-1-301670,MARKET,BUY,100000.00,GTC,False,False,100000.00,TAKER,1.12438,0.0,['2.25 USD'],NO_TRIGGER,FILLED,OTO,OL-20250529-060000-001-V2-956,"['O-20250529-060000-001-V2-2867', 'O-20250529-060000-001-V2-2868']",,,,,['V2_POS1'],506077f4-b005-42f9-b804-d715990e636e,1748498400000000000,1748498400000000000,,,,,,,
O-20250529-060000-001-V2-2867,BACKTESTER-001,MLSignalStrategyV2-V2,EUR/USD.IDEALPRO,IDEALPRO-1-2867,EUR/USD.IDEALPRO-MLSignalStrategyV2-V2,IDEALPRO-001,,STOP_MARKET,SELL,100000.00,GTC,True,False,0.00,NO_LIQUIDITY_SIDE,,,,NO_TRIGGER,CANCELED,OUO,OL-20250529-060000-001-V2-956,['O-20250529-060000-001-V2-2868'],O-20250529-060000-001-V2-2866,,,,['V2_POS1_SL'],90e27f58-c82e-4f96-a184-fbb6f5333181,1748498400000000000,1748498820000000000,1.12373,DEFAULT,,,,,
O-20250529-060000-001-V2-2868,BACKTESTER-001,MLSignalStrategyV2-V2,EUR/USD.IDEALPRO,IDEALPRO-1-2868,EUR/USD.IDEALPRO-MLSignalStrategyV2-V2,IDEALPRO-001,IDEALPRO-1-301685,LIMIT,SELL,100000.00,GTC,True,False,100000.00,MAKER,1.12504,-2.999999999997449e-05,['2.25 USD'],NO_TRIGGER,FILLED,OUO,OL-20250529-060000-001-V2-956,['O-20250529-060000-001-V2-2867'],O-20250529-060000-001-V2-2866,,,,['V2_POS1_TP'],55458ac4-b6be-48e6-89cc-fef9a65a406a,1748498400000000000,1748498820000000000,,,,,1.12501,False,
O-20250529-061500-001-V2-2869,BACKTESTER-001,MLSignalStrategyV2-V2,EUR/USD.IDEALPRO,IDEALPRO-1-2869,EUR/USD.IDEALPRO-MLSignalStrategyV2-V2,IDEALPRO-001,IDEALPRO-1-301702,MARKET,BUY,100000.00,GTC,False,False,100000.00,TAKER,1.12542,0.0,['2.25 USD'],NO_TRIGGER,FILLED,OTO,OL-20250529-061500-001-V2-957,"['O-20250529-061500-001-V2-2870', 'O-20250529-061500-001-V2-2871']",,,,,['V2_POS1'],6a1ed2c3-4e14-4c9d-8466-04e7e47c9cc1,1748499300000000000,1748499300000000000,,,,,,,
O-20250529-061500-001-V2-2870,BACKTESTER-001,MLSignalStrategyV2-V2,EUR/USD.IDEALPRO,IDEALPRO-1-2870,EUR/USD.IDEALPRO-MLSignalStrategyV2-V2,IDEALPRO-001,,STOP_MARKET,SELL,100000.00,GTC,True,False,0.00,NO_LIQUIDITY_SIDE,,,,NO_TRIGGER,CANCELED,OUO,OL-20250529-061500-001-V2-957,['O-20250529-061500-001-V2-2871'],O-20250529-061500-001-V2-2869,,,,['V2_POS1_SL'],15deb17c-1b19-42e9-865d-6d10a24ec64b,1748499300000000000,1748499780000000000,1.12472,DEFAULT,,,,,
O-20250529-061500-001-V2-2871,BACKTESTER-001,MLSignalStrategyV2-V2,EUR/USD.IDEALPRO,IDEALPRO-1-2871,EUR/USD.IDEALPRO-MLSignalStrategyV2-V2,IDEALPRO-001,IDEALPRO-1-301719,LIMIT,SELL,100000.00,GTC,True,False,100000.00,MAKER,1.12652,-0.0004199999999998649,['2.25 USD'],NO_TRIGGER,FILLED,OUO,OL-20250529-061500-001-V2-957,['O-20250529-061500-001-V2-2870'],O-20250529-061500-001-V2-2869,,,,['V2_POS1_TP'],8bd30846-f04d-4905-afe8-3ce4c4ef1934,1748499300000000000,1748499780000000000,,,,,1.12610,False,
O-20250529-124500-001-V2-2872,BACKTESTER-001,MLSignalStrategyV2-V2,EUR/USD.IDEALPRO,IDEALPRO-1-2872,EUR/USD.IDEALPRO-MLSignalStrategyV2-V2,IDEALPRO-001,IDEALPRO-1-302484,MARKET,SELL,100000.00,GTC,False,False,100000.00,TAKER,1.13267,0.0,['2.27 USD'],NO_TRIGGER,FILLED,OTO,OL-20250529-124500-001-V2-958,"['O-20250529-124500-001-V2-2873', 'O-20250529-124500-001-V2-2874']",,,,,['V2_POS1'],a96a612a-c1a0-4ec0-a284-eaaf8b328a66,1748522700000000000,1748522700000000000,,,,,,,
O-20250529-124500-001-V2-2873,BACKTESTER-001,MLSignalStrategyV2-V2,EUR/USD.IDEALPRO,IDEALPRO-1-2873,EUR/USD.IDEALPRO-MLSignalStrategyV2-V2,IDEALPRO-001,IDEALPRO-1-302505,STOP_MARKET,BUY,100000.00,GTC,True,False,100000.00,TAKER,1.13371,4.0000000000040004e-05,['2.27 USD'],NO_TRIGGER,FILLED,OUO,OL-20250529-124500-001-V2-958,['O-20250529-124500-001-V2-2874'],O-20250529-124500-001-V2-2872,,,,['V2_POS1_SL'],1332f8cf-a80a-4522-8332-80786a1c58da,1748522700000000000,1748523300000000000,1.13367,DEFAULT,,,,,
O-20250529-124500-001-V2-2874,BACKTESTER-001,MLSignalStrategyV2-V2,EUR/USD.IDEALPRO,IDEALPRO-1-2874,EUR/USD.IDEALPRO-MLSignalStrategyV2-V2,IDEALPRO-001,,LIMIT,BUY,100000.00,GTC,True,False,0.00,NO_LIQUIDITY_SIDE,,,,NO_TRIGGER,CANCELED,OUO,OL-20250529-124500-001-V2-958,['O-20250529-124500-001-V2-2873'],O-20250529-124500-001-V2-2872,,,,['V2_POS1_TP'],46df4322-c862-4847-ae7e-bb58ad3f8bc5,1748522700000000000,1748523300000000000,,,,,1.13167,False,
O-20250529-131500-001-V2-2875,BACKTESTER-001,MLSignalStrategyV2-V2,EUR/USD.IDEALPRO,IDEALPRO-1-2875,EUR/USD.IDEALPRO-MLSignalStrategyV2-V2,IDEALPRO-001,IDEALPRO-1-302546,MARKET,SELL,100000.00,GTC,False,False,100000.00,TAKER,1.13451,0.0,['2.27 USD'],NO_TRIGGER,FILLED,OTO,OL-20250529-131500-001-V2-959,"['O-20250529-131500-001-V2-2876', 'O-20250529-131500-001-V2-2877']",,,,,['V2_POS1'],ceb1c7a0-c8e6-48cc-b157-2aa702b8a2a9,1748524500000000000,1748524500000000000,,,,,,,
O-20250529-131500-001-V2-2876,BACKTESTER-001,MLSignalStrategyV2-V2,EUR/USD.IDEALPRO,IDEALPRO-1-2876,EUR/USD.IDEALPRO-MLSignalStrategyV2-V2,IDEALPRO-001,IDEALPRO-1-302639,STOP_MARKET,BUY,100000.00,GTC,True,False,100000.00,TAKER,1.13587,8.999999999992347e-05,['2.27 USD'],NO_TRIGGER,FILLED,OUO,OL-20250529-131500-001-V2-959,['O-20250529-131500-001-V2-2877'],O-20250529-131500-001-V2-2875,,,,['V2_POS1_SL'],c4ee1788-3aa7-484c-af55-47645c013c5f,1748524500000000000,1748527260000000000,1.13578,DEFAULT,,,,,
O-20250529-131500-001-V2-2877,BACKTESTER-001,MLSignalStrategyV2-V2,EUR/USD.IDEALPRO,IDEALPRO-1-2877,EUR/USD.IDEALPRO-MLSignalStrategyV2-V2,IDEALPRO-001,,LIMIT,BUY,100000.00,GTC,True,False,0.00,NO_LIQUIDITY_SIDE,,,,NO_TRIGGER,CANCELED,OUO,OL-20250529-131500-001-V2-959,['O-20250529-131500-001-V2-2876'],O-20250529-131500-001-V2-2875,,,,['V2_POS1_TP'],fcd4b400-31a0-44d7-973f-1c14489b3cd2,1748524500000000000,1748527260000000000,,,,,1.13324,False,
O-20250529-191500-001-V2-2878,BACKTESTER-001,MLSignalStrategyV2-V2,EUR/USD.IDEALPRO,IDEALPRO-1-2878,EUR/USD.IDEALPRO-MLSignalStrategyV2-V2,IDEALPRO-001,IDEALPRO-1-303268,MARKET,SELL,100000.00,GTC,False,False,100000.00,TAKER,1.13753,0.0,['2.28 USD'],NO_TRIGGER,FILLED,OTO,OL-20250529-191500-001-V2-960,"['O-20250529-191500-001-V2-2879', 'O-20250529-191500-001-V2-2880']",,,,,['V2_POS1'],5edcbc02-2273-477b-89ba-21de3b447416,1748546100000000000,1748546100000000000,,,,,,,
O-20250529-191500-001-V2-2879,BACKTESTER-001,MLSignalStrategyV2-V2,EUR/USD.IDEALPRO,IDEALPRO-1-2879,EUR/USD.IDEALPRO-MLSignalStrategyV2-V2,IDEALPRO-001,,STOP_MARKET,BUY,100000.00,GTC,True,False,0.00,NO_LIQUIDITY_SIDE,,,,NO_TRIGGER,CANCELED,OUO,OL-20250529-191500-001-V2-960,['O-20250529-191500-001-V2-2880'],O-20250529-191500-001-V2-2878,,,,['V2_POS1_SL'],5eb4086e-3fbc-4573-bd0e-1809e67bd3b9,1748546100000000000,1748546460000000000,1.13823,DEFAULT,,,,,
O-20250529-191500-001-V2-2880,BACKTESTER-001,MLSignalStrategyV2-V2,EUR/USD.IDEALPRO,IDEALPRO-1-2880,EUR/USD.IDEALPRO-MLSignalStrategyV2-V2,IDEALPRO-001,IDEALPRO-1-303281,LIMIT,BUY,100000.00,GTC,True,False,100000.00,MAKER,1.13681,-1.999999999990898e-05,['2.27 USD'],NO_TRIGGER,FILLED,OUO,OL-20250529-191500-001-V2-960,['O-20250529-191500-001-V2-2879'],O-20250529-191500-001-V2-2878,,,,['V2_POS1_TP'],61fb2413-33ea-4972-9b10-f85b1d29697a,1748546100000000000,1748546460000000000,,,,,1.13683,False,
O-20250529-233000-001-V2-2881,BACKTESTER-001,MLSignalStrategyV2-V2,EUR/USD.IDEALPRO,IDEALPRO-1-2881,EUR/USD.IDEALPRO-MLSignalStrategyV2-V2,IDEALPRO-001,IDEALPRO-1-303751,MARKET,BUY,100000.00,GTC,False,False,100000.00,TAKER,1.1376,0.0,['2.28 USD'],NO_TRIGGER,FILLED,OTO,OL-20250529-233000-001-V2-961,"['O-20250529-233000-001-V2-2882', 'O-20250529-233000-001-V2-2883']",,,,,['V2_POS1'],732b8f46-3525-4f1c-8be3-b40346928704,1748561400000000000,1748561400000000000,,,,,,,
O-20250529-233000-001-V2-2882,BACKTESTER-001,MLSignalStrategyV2-V2,EUR/USD.IDEALPRO,IDEALPRO-1-2882,EUR/USD.IDEALPRO-MLSignalStrategyV2-V2,IDEALPRO-001,,STOP_MARKET,SELL,100000.00,GTC,True,False,0.00,NO_LIQUIDITY_SIDE,,,,NO_TRIGGER,CANCELED,OUO,OL-20250529-233000-001-V2-961,['O-20250529-233000-001-V2-2883'],O-20250529-233000-001-V2-2881,,,,['V2_POS1_SL'],a97b2b06-3c35-4ca5-8803-b3825c2ed2aa,1748561400000000000,1748563380000000000,1.13720,DEFAULT,,,,,
O-20250529-233000-001-V2-2883,BACKTESTER-001,MLSignalStrategyV2-V2,EUR/USD.IDEALPRO,IDEALPRO-1-2883,EUR/USD.IDEALPRO-MLSignalStrategyV2-V2,IDEALPRO-001,IDEALPRO-1-303817,LIMIT,SELL,100000.00,GTC,True,False,100000.00,MAKER,1.1381,-0.00011999999999989797,['2.28 USD'],NO_TRIGGER,FILLED,OUO,OL-20250529-233000-001-V2-961,['O-20250529-233000-001-V2-2882'],O-20250529-233000-001-V2-2881,,,,['V2_POS1_TP'],a1f522ce-88b3-4e90-8b62-de275c712d46,1748561400000000000,1748563380000000000,,,,,1.13798,False,
O-20250530-020000-001-V2-2884,BACKTESTER-001,MLSignalStrategyV2-V2,EUR/USD.IDEALPRO,IDEALPRO-1-2884,EUR/USD.IDEALPRO-MLSignalStrategyV2-V2,IDEALPRO-001,IDEALPRO-1-304053,MARKET,BUY,100000.00,GTC,False,False,100000.00,TAKER,1.1355,0.0,['2.27 USD'],NO_TRIGGER,FILLED,OTO,OL-20250530-020000-001-V2-962,"['O-20250530-020000-001-V2-2885', 'O-20250530-020000-001-V2-2886']",,,,,['V2_POS1'],0ce35de5-d427-4b32-a82e-560c741fb909,1748570400000000000,1748570400000000000,,,,,,,
O-20250530-020000-001-V2-2885,BACKTESTER-001,MLSignalStrategyV2-V2,EUR/USD.IDEALPRO,IDEALPRO-1-2885,EUR/USD.IDEALPRO-MLSignalStrategyV2-V2,IDEALPRO-001,IDEALPRO-1-304273,STOP_MARKET,SELL,100000.00,GTC,True,False,100000.00,TAKER,1.13465,4.0000000000040004e-05,['2.27 USD'],NO_TRIGGER,FILLED,OUO,OL-20250530-020000-001-V2-962,['O-20250530-020000-001-V2-2886'],O-20250530-020000-001-V2-2884,,,,['V2_POS1_SL'],7cee7037-30d1-4cf9-9e72-03d795561c4f,1748570400000000000,1748577000000000000,1.13469,DEFAULT,,,,,
O-20250530-020000-001-V2-2886,BACKTESTER-001,MLSignalStrategyV2-V2,EUR/USD.IDEALPRO,IDEALPRO-1-2886,EUR/USD.IDEALPRO-MLSignalStrategyV2-V2,IDEALPRO-001,,LIMIT,SELL,100000.00,GTC,True,False,0.00,NO_LIQUIDITY_SIDE,,,,NO_TRIGGER,CANCELED,OUO,OL-20250530-020000-001-V2-962,['O-20250530-020000-001-V2-2885'],O-20250530-020000-001-V2-2884,,,,['V2_POS1_TP'],dabe689c-ee7f-46b5-8da9-44949d95a005,1748570400000000000,1748577000000000000,,,,,1.13629,False,
O-20250530-043000-001-V2-2887,BACKTESTER-001,MLSignalStrategyV2-V2,EUR/USD.IDEALPRO,IDEALPRO-1-2887,EUR/USD.IDEALPRO-MLSignalStrategyV2-V2,IDEALPRO-001,IDEALPRO-1-304354,MARKET,SELL,100000.00,GTC,False,False,100000.00,TAKER,1.13523,0.0,['2.27 USD'],NO_TRIGGER,FILLED,OTO,OL-20250530-043000-001-V2-963,"['O-20250530-043000-001-V2-2888', 'O-20250530-043000-001-V2-2889']",,,,,['V2_POS1'],0834c8b0-6a2b-4031-b477-7cd743bb01e1,1748579400000000000,1748579400000000000,,,,,,,
O-20250530-043000-001-V2-2888,BACKTESTER-001,MLSignalStrategyV2-V2,EUR/USD.IDEALPRO,IDEALPRO-1-2888,EUR/USD.IDEALPRO-MLSignalStrategyV2-V2,IDEALPRO-001,,STOP_MARKET,BUY,100000.00,GTC,True,False,0.00,NO_LIQUIDITY_SIDE,,,,NO_TRIGGER,CANCELED,OUO,OL-20250530-043000-001-V2-963,['O-20250530-043000-001-V2-2889'],O-20250530-043000-001-V2-2887,,,,['V2_POS1_SL'],903deeef-4159-481a-8c1c-a915f479de93,1748579400000000000,1748580900000000000,1.13574,DEFAULT,,,,,
O-20250530-043000-001-V2-2889,BACKTESTER-001,MLSignalStrategyV2-V2,EUR/USD.IDEALPRO,IDEALPRO-1-2889,EUR/USD.IDEALPRO-MLSignalStrategyV2-V2,IDEALPRO-001,IDEALPRO-1-304405,LIMIT,BUY,100000.00,GTC,True,False,100000.00,MAKER,1.1347,-1.999999999990898e-05,['2.27 USD'],NO_TRIGGER,FILLED,OUO,OL-20250530-043000-001-V2-963,['O-20250530-043000-001-V2-2888'],O-20250530-043000-001-V2-2887,,,,['V2_POS1_TP'],1f5b4e38-f8ba-4919-b5b8-a5b0129f6a27,1748579400000000000,1748580900000000000,,,,,1.13472,False,
O-20250530-053000-001-V2-2890,BACKTESTER-001,MLSignalStrategyV2-V2,EUR/USD.IDEALPRO,IDEALPRO-1-2890,EUR/USD.IDEALPRO-MLSignalStrategyV2-V2,IDEALPRO-001,IDEALPRO-1-304477,MARKET,SELL,100000.00,GTC,False,False,100000.00,TAKER,1.13463,0.0,['2.27 USD'],NO_TRIGGER,FILLED,OTO,OL-20250530-053000-001-V2-964,"['O-20250530-053000-001-V2-2891', 'O-20250530-053000-001-V2-2892']",,,,,['V2_POS1'],b0f282f1-16dd-40a5-99ec-a31a320f3c75,1748583000000000000,1748583000000000000,,,,,,,
O-20250530-053000-001-V2-2891,BACKTESTER-001,MLSignalStrategyV2-V2,EUR/USD.IDEALPRO,IDEALPRO-1-2891,EUR/USD.IDEALPRO-MLSignalStrategyV2-V2,IDEALPRO-001,IDEALPRO-1-304525,STOP_MARKET,BUY,100000.00,GTC,True,False,100000.00,TAKER,1.13515,5.0000000000105516e-05,['2.27 USD'],NO_TRIGGER,FILLED,OUO,OL-20250530-053000-001-V2-964,['O-20250530-053000-001-V2-2892'],O-20250530-053000-001-V2-2890,,,,['V2_POS1_SL'],f50d67cc-8860-4ccc-96e9-9de62a1f61a4,1748583000000000000,1748584440000000000,1.13510,DEFAULT,,,,,
O-20250530-053000-001-V2-2892,BACKTESTER-001,MLSignalStrategyV2-V2,EUR/USD.IDEALPRO,IDEALPRO-1-2892,EUR/USD.IDEALPRO-MLSignalStrategyV2-V2,IDEALPRO-001,,LIMIT,BUY,100000.00,GTC,True,False,0.00,NO_LIQUIDITY_SIDE,,,,NO_TRIGGER,CANCELED,OUO,OL-20250530-053000-001-V2-964,['O-20250530-053000-001-V2-2891'],O-20250530-053000-001-V2-2890,,,,['V2_POS1_TP'],f9e55b29-fe78-42b1-965a-e70115b35c5b,1748583000000000000,1748584440000000000,,,,,1.13418,False,
O-20250530-070000-001-V2-2893,BACKTESTER-001,MLSignalStrategyV2-V2,EUR/USD.IDEALPRO,IDEALPRO-1-2893,EUR/USD.IDEALPRO-MLSignalStrategyV2-V2,IDEALPRO-001,IDEALPRO-1-304658,MARKET,SELL,100000.00,GTC,False,False,100000.00,TAKER,1.13466,0.0,['2.27 USD'],NO_TRIGGER,FILLED,OTO,OL-20250530-070000-001-V2-965,"['O-20250530-070000-001-V2-2894', 'O-20250530-070000-001-V2-2895']",,,,,['V2_POS1'],631e9d94-b1a2-4798-9da7-0140af1ba96d,1748588400000000000,1748588400000000000,,,,,,,
O-20250530-070000-001-V2-2894,BACKTESTER-001,MLSignalStrategyV2-V2,EUR/USD.IDEALPRO,IDEALPRO-1-2894,EUR/USD.IDEALPRO-MLSignalStrategyV2-V2,IDEALPRO-001,,STOP_MARKET,BUY,100000.00,GTC,True,False,0.00,NO_LIQUIDITY_SIDE,,,,NO_TRIGGER,CANCELED,OUO,OL-20250530-070000-001-V2-965,['O-20250530-070000-001-V2-2895'],O-20250530-070000-001-V2-2893,,,,['V2_POS1_SL'],e1b8f775-22df-4ffe-9376-68ebd9222b8e,1748588400000000000,1748588460000000000,1.13529,DEFAULT,,,,,
O-20250530-070000-001-V2-2895,BACKTESTER-001,MLSignalStrategyV2-V2,EUR/USD.IDEALPRO,IDEALPRO-1-2895,EUR/USD.IDEALPRO-MLSignalStrategyV2-V2,IDEALPRO-001,IDEALPRO-1-304661,LIMIT,BUY,100000.00,GTC,True,False,100000.00,MAKER,1.13393,-9.999999999998899e-05,['2.27 USD'],NO_TRIGGER,FILLED,OUO,OL-20250530-070000-001-V2-965,['O-20250530-070000-001-V2-2894'],O-20250530-070000-001-V2-2893,,,,['V2_POS1_TP'],918ba638-a85c-4e9c-9ec2-7f5bd63e9592,1748588400000000000,1748588460000000000,,,,,1.13403,False,
O-20250530-093000-001-V2-2896,BACKTESTER-001,MLSignalStrategyV2-V2,EUR/USD.IDEALPRO,IDEALPRO-1-2896,EUR/USD.IDEALPRO-MLSignalStrategyV2-V2,IDEALPRO-001,IDEALPRO-1-304960,MARKET,BUY,100000.00,GTC,False,False,100000.00,TAKER,1.13288,0.0,['2.27 USD'],NO_TRIGGER,FILLED,OTO,OL-20250530-093000-001-V2-966,"['O-20250530-093000-001-V2-2897', 'O-20250530-093000-001-V2-2898']",,,,,['V2_POS1'],b5371ee5-6768-4a22-b568-9f1357acb137,1748597400000000000,1748597400000000000,,,,,,,
O-20250530-093000-001-V2-2897,BACKTESTER-001,MLSignalStrategyV2-V2,EUR/USD.IDEALPRO,IDEALPRO-1-2897,EUR/USD.IDEALPRO-MLSignalStrategyV2-V2,IDEALPRO-001,,STOP_MARKET,SELL,100000.00,GTC,True,False,0.00,NO_LIQUIDITY_SIDE,,,,NO_TRIGGER,CANCELED,OUO,OL-20250530-093000-001-V2-966,['O-20250530-093000-001-V2-2898'],O-20250530-093000-001-V2-2896,,,,['V2_POS1_SL'],bee06844-ce82-413d-86c2-9346b64c882f,1748597400000000000,1748606280000000000,1.13205,DEFAULT,,,,,
O-20250530-093000-001-V2-2898,BACKTESTER-001,MLSignalStrategyV2-V2,EUR/USD.IDEALPRO,IDEALPRO-1-2898,EUR/USD.IDEALPRO-MLSignalStrategyV2-V2,IDEALPRO-001,IDEALPRO-1-305257,LIMIT,SELL,100000.00,GTC,True,False,100000.00,MAKER,1.13376,-7.00000000000145e-05,['2.27 USD'],NO_TRIGGER,FILLED,OUO,OL-20250530-093000-001-V2-966,['O-20250530-093000-001-V2-2897'],O-20250530-093000-001-V2-2896,,,,['V2_POS1_TP'],d79903c8-55b9-4b6d-af56-e47a550319bd,1748597400000000000,1748606280000000000,,,,,1.13369,False,
O-20250530-204500-001-V2-2899,BACKTESTER-001,MLSignalStrategyV2-V2,EUR/USD.IDEALPRO,IDEALPRO-1-2899,EUR/USD.IDEALPRO-MLSignalStrategyV2-V2,IDEALPRO-001,IDEALPRO-1-306313,MARKET,BUY,100000.00,GTC,False,False,100000.00,TAKER,1.13463,0.0,['2.27 USD'],NO_TRIGGER,FILLED,OTO,OL-20250530-204500-001-V2-967,"['O-20250530-204500-001-V2-2900', 'O-20250530-204500-001-V2-2901']",,,,,['V2_POS1'],e1f04ccc-e820-48ca-b167-30f0241df06f,1748637900000000000,1748637900000000000,,,,,,,
O-20250530-204500-001-V2-2900,BACKTESTER-001,MLSignalStrategyV2-V2,EUR/USD.IDEALPRO,IDEALPRO-1-2900,EUR/USD.IDEALPRO-MLSignalStrategyV2-V2,IDEALPRO-001,,STOP_MARKET,SELL,100000.00,GTC,True,False,0.00,NO_LIQUIDITY_SIDE,,,,NO_TRIGGER,CANCELED,OUO,OL-20250530-204500-001-V2-967,['O-20250530-204500-001-V2-2901'],O-20250530-204500-001-V2-2899,,,,['V2_POS1_SL'],aaf14977-db95-47fe-a5b9-2bf3a7123f14,1748637900000000000,1748814960000000000,1.13408,DEFAULT,,,,,
O-20250530-204500-001-V2-2901,BACKTESTER-001,MLSignalStrategyV2-V2,EUR/USD.IDEALPRO,IDEALPRO-1-2901,EUR/USD.IDEALPRO-MLSignalStrategyV2-V2,IDEALPRO-001,IDEALPRO-1-306425,LIMIT,SELL,100000.00,GTC,True,False,100000.00,MAKER,1.13529,-0.00012999999999996348,['2.27 USD'],NO_TRIGGER,FILLED,OUO,OL-20250530-204500-001-V2-967,['O-20250530-204500-001-V2-2900'],O-20250530-204500-001-V2-2899,,,,['V2_POS1_TP'],32a6fdd2-0b3e-45df-8b8d-516e46d6d562,1748637900000000000,1748814960000000000,,,,,1.13516,False,
O-20250601-220000-001-V2-2902,BACKTESTER-001,MLSignalStrategyV2-V2,EUR/USD.IDEALPRO,IDEALPRO-1-2902,EUR/USD.IDEALPRO-MLSignalStrategyV2-V2,IDEALPRO-001,IDEALPRO-1-306434,MARKET,BUY,100000.00,GTC,False,False,100000.00,TAKER,1.13508,0.0,['2.27 USD'],NO_TRIGGER,FILLED,OTO,OL-20250601-220000-001-V2-968,"['O-20250601-220000-001-V2-2903', 'O-20250601-220000-001-V2-2904']",,,,,['V2_POS1'],cdc3a73e-ad6d-4afe-9d51-b53f4a4acd34,1748815200000000000,1748815200000000000,,,,,,,
O-20250601-220000-001-V2-2903,BACKTESTER-001,MLSignalStrategyV2-V2,EUR/USD.IDEALPRO,IDEALPRO-1-2903,EUR/USD.IDEALPRO-MLSignalStrategyV2-V2,IDEALPRO-001,,STOP_MARKET,SELL,100000.00,GTC,True,False,0.00,NO_LIQUIDITY_SIDE,,,,NO_TRIGGER,CANCELED,OUO,OL-20250601-220000-001-V2-968,['O-20250601-220000-001-V2-2904'],O-20250601-220000-001-V2-2902,,,,['V2_POS1_SL'],d1d86b75-3f6e-4fb5-aee7-3de16f47038c,1748815200000000000,1748815320000000000,1.13467,DEFAULT,,,,,
O-20250601-220000-001-V2-2904,BACKTESTER-001,MLSignalStrategyV2-V2,EUR/USD.IDEALPRO,IDEALPRO-1-2904,EUR/USD.IDEALPRO-MLSignalStrategyV2-V2,IDEALPRO-001,IDEALPRO-1-306439,LIMIT,SELL,100000.00,GTC,True,False,100000.00,MAKER,1.1355,-2.999999999997449e-05,['2.27 USD'],NO_TRIGGER,FILLED,OUO,OL-20250601-220000-001-V2-968,['O-20250601-220000-001-V2-2903'],O-20250601-220000-001-V2-2902,,,,['V2_POS1_TP'],2010c390-397a-40ed-89f9-6679e47bafa8,1748815200000000000,1748815320000000000,,,,,1.13547,False,
O-20250601-221500-001-V2-2905,BACKTESTER-001,MLSignalStrategyV2-V2,EUR/USD.IDEALPRO,IDEALPRO-1-2905,EUR/USD.IDEALPRO-MLSignalStrategyV2-V2,IDEALPRO-001,IDEALPRO-1-306466,MARKET,BUY,100000.00,GTC,False,False,100000.00,TAKER,1.13562,0.0,['2.27 USD'],NO_TRIGGER,FILLED,OTO,OL-20250601-221500-001-V2-969,"['O-20250601-221500-001-V2-2906', 'O-20250601-221500-001-V2-2907']",,,,,['V2_POS1'],ef6ae7d2-1dd4-482c-80e2-7abc85aad801,1748816100000000000,1748816100000000000,,,,,,,
O-20250601-221500-001-V2-2906,BACKTESTER-001,MLSignalStrategyV2-V2,EUR/USD.IDEALPRO,IDEALPRO-1-2906,EUR/USD.IDEALPRO-MLSignalStrategyV2-V2,IDEALPRO-001,IDEALPRO-1-306487,STOP_MARKET,SELL,100000.00,GTC,True,False,100000.00,TAKER,1.13518,1.999999999990898e-05,['2.27 USD'],NO_TRIGGER,FILLED,OUO,OL-20250601-221500-001-V2-969,['O-20250601-221500-001-V2-2907'],O-20250601-221500-001-V2-2905,,,,['V2_POS1_SL'],4275f99b-778a-4d0d-bba9-98fd3d6f0e94,1748816100000000000,1748816700000000000,1.13520,DEFAULT,,,,,
O-20250601-221500-001-V2-2907,BACKTESTER-001,MLSignalStrategyV2-V2,EUR/USD.IDEALPRO,IDEALPRO-1-2907,EUR/USD.IDEALPRO-MLSignalStrategyV2-V2,IDEALPRO-001,,LIMIT,SELL,100000.00,GTC,True,False,0.00,NO_LIQUIDITY_SIDE,,,,NO_TRIGGER,CANCELED,OUO,OL-20250601-221500-001-V2-969,['O-20250601-221500-001-V2-2906'],O-20250601-221500-001-V2-2905,,,,['V2_POS1_TP'],32f6543f-c253-458c-867a-6c50e0715e0d,1748816100000000000,1748816700000000000,,,,,1.13604,False,
O-20250601-223000-001-V2-2908,BACKTESTER-001,MLSignalStrategyV2-V2,EUR/USD.IDEALPRO,IDEALPRO-1-2908,EUR/USD.IDEALPRO-MLSignalStrategyV2-V2,IDEALPRO-001,IDEALPRO-1-306498,MARKET,BUY,100000.00,GTC,False,False,100000.00,TAKER,1.13511,0.0,['2.27 USD'],NO_TRIGGER,FILLED,OTO,OL-20250601-223000-001-V2-970,"['O-20250601-223000-001-V2-2909', 'O-20250601-223000-001-V2-2910']",,,,,['V2_POS1'],cad3eb6a-d4ba-4e2a-bec6-cd6950eaf36b,1748817000000000000,1748817000000000000,,,,,,,
O-20250601-223000-001-V2-2909,BACKTESTER-001,MLSignalStrategyV2-V2,EUR/USD.IDEALPRO,IDEALPRO-1-2909,EUR/USD.IDEALPRO-MLSignalStrategyV2-V2,IDEALPRO-001,,STOP_MARKET,SELL,100000.00,GTC,True,False,0.00,NO_LIQUIDITY_SIDE,,,,NO_TRIGGER,CANCELED,OUO,OL-20250601-223000-001-V2-970,['O-20250601-223000-001-V2-2910'],O-20250601-223000-001-V2-2908,,,,['V2_POS1_SL'],6aad98fa-c69c-4d6d-be5e-439696267c3b,1748817000000000000,1748818380000000000,1.13466,DEFAULT,,,,,
O-20250601-223000-001-V2-2910,BACKTESTER-001,MLSignalStrategyV2-V2,EUR/USD.IDEALPRO,IDEALPRO-1-2910,EUR/USD.IDEALPRO-MLSignalStrategyV2-V2,IDEALPRO-001,IDEALPRO-1-306545,LIMIT,SELL,100000.00,GTC,True,False,100000.00,MAKER,1.13565,-9.000000000014552e-05,['2.27 USD'],NO_TRIGGER,FILLED,OUO,OL-20250601-223000-001-V2-970,['O-20250601-223000-001-V2-2909'],O-20250601-223000-001-V2-2908,,,,['V2_POS1_TP'],b9716765-f8d1-4d7c-93ea-15de700fc110,1748817000000000000,1748818380000000000,,,,,1.13556,False,
O-20250601-230000-001-V2-2911,BACKTESTER-001,MLSignalStrategyV2-V2,EUR/USD.IDEALPRO,IDEALPRO-1-2911,EUR/USD.IDEALPRO-MLSignalStrategyV2-V2,IDEALPRO-001,IDEALPRO-1-306560,MARKET,BUY,100000.00,GTC,False,False,100000.00,TAKER,1.13553,0.0,['2.27 USD'],NO_TRIGGER,FILLED,OTO,OL-20250601-230000-001-V2-971,"['O-20250601-230000-001-V2-2912', 'O-20250601-230000-001-V2-2913']",,,,,['V2_POS1'],44a4a2d7-c7cc-406e-b7f1-4be016763f39,1748818800000000000,1748818800000000000,,,,,,,
O-20250601-230000-001-V2-2912,BACKTESTER-001,MLSignalStrategyV2-V2,EUR/USD.IDEALPRO,IDEALPRO-1-2912,EUR/USD.IDEALPRO-MLSignalStrategyV2-V2,IDEALPRO-001,,STOP_MARKET,SELL,100000.00,GTC,True,False,0.00,NO_LIQUIDITY_SIDE,,,,NO_TRIGGER,CANCELED,OUO,OL-20250601-230000-001-V2-971,['O-20250601-230000-001-V2-2913'],O-20250601-230000-001-V2-2911,,,,['V2_POS1_SL'],50838a55-08c3-49bc-b3b0-d1b57cc6867a,1748818800000000000,1748819220000000000,1.13507,DEFAULT,,,,,
O-20250601-230000-001-V2-2913,BACKTESTER-001,MLSignalStrategyV2-V2,EUR/USD.IDEALPRO,IDEALPRO-1-2913,EUR/USD.IDEALPRO-MLSignalStrategyV2-V2,IDEALPRO-001,IDEALPRO-1-306575,LIMIT,SELL,100000.00,GTC,True,False,100000.00,MAKER,1.13597,0.0,['2.27 USD'],NO_TRIGGER,FILLED,OUO,OL-20250601-230000-001-V2-971,['O-20250601-230000-001-V2-2912'],O-20250601-230000-001-V2-2911,,,,['V2_POS1_TP'],587a4036-39fa-46ea-b241-f8d28736ce60,1748818800000000000,1748819220000000000,,,,,1.13597,False,
O-20250601-233000-001-V2-2914,BACKTESTER-001,MLSignalStrategyV2-V2,EUR/USD.IDEALPRO,IDEALPRO-1-2914,EUR/USD.IDEALPRO-MLSignalStrategyV2-V2,IDEALPRO-001,IDEALPRO-1-306622,MARKET,BUY,100000.00,GTC,False,False,100000.00,TAKER,1.13583,0.0,['2.27 USD'],NO_TRIGGER,FILLED,OTO,OL-20250601-233000-001-V2-972,"['O-20250601-233000-001-V2-2915', 'O-20250601-233000-001-V2-2916']",,,,,['V2_POS1'],46a54ae3-781a-4157-8ce0-a18fafaffcc9,1748820600000000000,1748820600000000000,,,,,,,
O-20250601-233000-001-V2-2915,BACKTESTER-001,MLSignalStrategyV2-V2,EUR/USD.IDEALPRO,IDEALPRO-1-2915,EUR/USD.IDEALPRO-MLSignalStrategyV2-V2,IDEALPRO-001,IDEALPRO-1-306677,STOP_MARKET,SELL,100000.00,GTC,True,False,100000.00,TAKER,1.13532,5.999999999994898e-05,['2.27 USD'],NO_TRIGGER,FILLED,OUO,OL-20250601-233000-001-V2-972,['O-20250601-233000-001-V2-2916'],O-20250601-233000-001-V2-2914,,,,['V2_POS1_SL'],d79bb3bc-d5ef-4ec4-8222-409b7c1bd36d,1748820600000000000,1748822220000000000,1.13538,DEFAULT,,,,,
O-20250601-233000-001-V2-2916,BACKTESTER-001,MLSignalStrategyV2-V2,EUR/USD.IDEALPRO,IDEALPRO-1-2916,EUR/USD.IDEALPRO-MLSignalStrategyV2-V2,IDEALPRO-001,,LIMIT,SELL,100000.00,GTC,True,False,0.00,NO_LIQUIDITY_SIDE,,,,NO_TRIGGER,CANCELED,OUO,OL-20250601-233000-001-V2-972,['O-20250601-233000-001-V2-2915'],O-20250601-233000-001-V2-2914,,,,['V2_POS1_TP'],0fd98434-6f94-472c-9049-52f2e2bce9a4,1748820600000000000,1748822220000000000,,,,,1.13626,False,
O-20250602-063000-001-V2-2917,BACKTESTER-001,MLSignalStrategyV2-V2,EUR/USD.IDEALPRO,IDEALPRO-1-2917,EUR/USD.IDEALPRO-MLSignalStrategyV2-V2,IDEALPRO-001,IDEALPRO-1-307464,MARKET,SELL,100000.00,GTC,False,False,100000.00,TAKER,1.13907,0.0,['2.28 USD'],NO_TRIGGER,FILLED,OTO,OL-20250602-063000-001-V2-973,"['O-20250602-063000-001-V2-2918', 'O-20250602-063000-001-V2-2919']",,,,,['V2_POS1'],96cf9d9a-8b06-4e84-9ec9-fc1223566651,1748845800000000000,1748845800000000000,,,,,,,
O-20250602-063000-001-V2-2918,BACKTESTER-001,MLSignalStrategyV2-V2,EUR/USD.IDEALPRO,IDEALPRO-1-2918,EUR/USD.IDEALPRO-MLSignalStrategyV2-V2,IDEALPRO-001,IDEALPRO-1-307467,STOP_MARKET,BUY,100000.00,GTC,True,False,100000.00,TAKER,1.13974,0.00021000000000004349,['2.28 USD'],NO_TRIGGER,FILLED,OUO,OL-20250602-063000-001-V2-973,['O-20250602-063000-001-V2-2919'],O-20250602-063000-001-V2-2917,,,,['V2_POS1_SL'],7e24aad7-517f-4031-82af-3cb64d046806,1748845800000000000,1748845860000000000,1.13953,DEFAULT,,,,,
O-20250602-063000-001-V2-2919,BACKTESTER-001,MLSignalStrategyV2-V2,EUR/USD.IDEALPRO,IDEALPRO-1-2919,EUR/USD.IDEALPRO-MLSignalStrategyV2-V2,IDEALPRO-001,,LIMIT,BUY,100000.00,GTC,True,False,0.00,NO_LIQUIDITY_SIDE,,,,NO_TRIGGER,CANCELED,OUO,OL-20250602-063000-001-V2-973,['O-20250602-063000-001-V2-2918'],O-20250602-063000-001-V2-2917,,,,['V2_POS1_TP'],7400733f-d2ef-4f46-8c5d-8bbee8641823,1748845800000000000,1748845860000000000,,,,,1.13863,False,
O-20250602-064500-001-V2-2920,BACKTESTER-001,MLSignalStrategyV2-V2,EUR/USD.IDEALPRO,IDEALPRO-1-2920,EUR/USD.IDEALPRO-MLSignalStrategyV2-V2,IDEALPRO-001,IDEALPRO-1-307496,MARKET,SELL,100000.00,GTC,False,False,100000.00,TAKER,1.1405,0.0,['2.28 USD'],NO_TRIGGER,FILLED,OTO,OL-20250602-064500-001-V2-974,"['O-20250602-064500-001-V2-2921', 'O-20250602-064500-001-V2-2922']",,,,,['V2_POS1'],19acefb7-800c-4024-9796-64830ef8b805,1748846700000000000,1748846700000000000,,,,,,,
O-20250602-064500-001-V2-2921,BACKTESTER-001,MLSignalStrategyV2-V2,EUR/USD.IDEALPRO,IDEALPRO-1-2921,EUR/USD.IDEALPRO-MLSignalStrategyV2-V2,IDEALPRO-001,,STOP_MARKET,BUY,100000.00,GTC,True,False,0.00,NO_LIQUIDITY_SIDE,,,,NO_TRIGGER,CANCELED,OUO,OL-20250602-064500-001-V2-974,['O-20250602-064500-001-V2-2922'],O-20250602-064500-001-V2-2920,,,,['V2_POS1_SL'],4e53de91-dc36-4efb-9b75-ba92f28cd35d,1748846700000000000,1748847300000000000,1.14104,DEFAULT,,,,,
O-20250602-064500-001-V2-2922,BACKTESTER-001,MLSignalStrategyV2-V2,EUR/USD.IDEALPRO,IDEALPRO-1-2922,EUR/USD.IDEALPRO-MLSignalStrategyV2-V2,IDEALPRO-001,IDEALPRO-1-307517,LIMIT,BUY,100000.00,GTC,True,False,100000.00,MAKER,1.13993,-4.999999999988347e-05,['2.28 USD'],NO_TRIGGER,FILLED,OUO,OL-20250602-064500-001-V2-974,['O-20250602-064500-001-V2-2921'],O-20250602-064500-001-V2-2920,,,,['V2_POS1_TP'],11d4ea6a-ef79-499b-b1da-1a9e0e2897b4,1748846700000000000,1748847300000000000,,,,,1.13998,False,
O-20250602-100000-001-V2-2923,BACKTESTER-001,MLSignalStrategyV2-V2,EUR/USD.IDEALPRO,IDEALPRO-1-2923,EUR/USD.IDEALPRO-MLSignalStrategyV2-V2,IDEALPRO-001,IDEALPRO-1-307888,MARKET,SELL,100000.00,GTC,False,False,100000.00,TAKER,1.14234,0.0,['2.28 USD'],NO_TRIGGER,FILLED,OTO,OL-20250602-100000-001-V2-975,"['O-20250602-100000-001-V2-2924', 'O-20250602-100000-001-V2-2925']",,,,,['V2_POS1'],e963c53f-0ebf-45f5-a3fb-c336122d41d1,1748858400000000000,1748858400000000000,,,,,,,
O-20250602-100000-001-V2-2924,BACKTESTER-001,MLSignalStrategyV2-V2,EUR/USD.IDEALPRO,IDEALPRO-1-2924,EUR/USD.IDEALPRO-MLSignalStrategyV2-V2,IDEALPRO-001,,STOP_MARKET,BUY,100000.00,GTC,True,False,0.00,NO_LIQUIDITY_SIDE,,,,NO_TRIGGER,CANCELED,OUO,OL-20250602-100000-001-V2-975,['O-20250602-100000-001-V2-2925'],O-20250602-100000-001-V2-2923,,,,['V2_POS1_SL'],090c48b7-6f97-40fc-b938-15d16c0205cc,1748858400000000000,1748860320000000000,1.14309,DEFAULT,,,,,
O-20250602-100000-001-V2-2925,BACKTESTER-001,MLSignalStrategyV2-V2,EUR/USD.IDEALPRO,IDEALPRO-1-2925,EUR/USD.IDEALPRO-MLSignalStrategyV2-V2,IDEALPRO-001,IDEALPRO-1-307953,LIMIT,BUY,100000.00,GTC,True,False,100000.00,MAKER,1.14149,-0.00010000000000021103,['2.28 USD'],NO_TRIGGER,FILLED,OUO,OL-20250602-100000-001-V2-975,['O-20250602-100000-001-V2-2924'],O-20250602-100000-001-V2-2923,,,,['V2_POS1_TP'],d3aa1aa1-2dea-47bb-8698-4e685363e462,1748858400000000000,1748860320000000000,,,,,1.14159,False,
O-20250602-104500-001-V2-2926,BACKTESTER-001,MLSignalStrategyV2-V2,EUR/USD.IDEALPRO,IDEALPRO-1-2926,EUR/USD.IDEALPRO-MLSignalStrategyV2-V2,IDEALPRO-001,IDEALPRO-1-307981,MARKET,SELL,100000.00,GTC,False,False,100000.00,TAKER,1.1419,0.0,['2.28 USD'],NO_TRIGGER,FILLED,OTO,OL-20250602-104500-001-V2-976,"['O-20250602-104500-001-V2-2927', 'O-20250602-104500-001-V2-2928']",,,,,['V2_POS1'],3dbae1a8-af49-4cb7-ab92-38476aebe05e,1748861100000000000,1748861100000000000,,,,,,,
O-20250602-104500-001-V2-2927,BACKTESTER-001,MLSignalStrategyV2-V2,EUR/USD.IDEALPRO,IDEALPRO-1-2927,EUR/USD.IDEALPRO-MLSignalStrategyV2-V2,IDEALPRO-001,IDEALPRO-1-308067,STOP_MARKET,BUY,100000.00,GTC,True,False,100000.00,TAKER,1.14265,1.999999999990898e-05,['2.29 USD'],NO_TRIGGER,FILLED,OUO,OL-20250602-104500-001-V2-976,['O-20250602-104500-001-V2-2928'],O-20250602-104500-001-V2-2926,,,,['V2_POS1_SL'],fbbfabb8-9bea-4409-bc9c-da82d4da0f18,1748861100000000000,1748863680000000000,1.14263,DEFAULT,,,,,
O-20250602-104500-001-V2-2928,BACKTESTER-001,MLSignalStrategyV2-V2,EUR/USD.IDEALPRO,IDEALPRO-1-2928,EUR/USD.IDEALPRO-MLSignalStrategyV2-V2,IDEALPRO-001,,LIMIT,BUY,100000.00,GTC,True,False,0.00,NO_LIQUIDITY_SIDE,,,,NO_TRIGGER,CANCELED,OUO,OL-20250602-104500-001-V2-976,['O-20250602-104500-001-V2-2927'],O-20250602-104500-001-V2-2926,,,,['V2_POS1_TP'],17394dfb-13f2-4d54-86a7-5f508bf26d1f,1748861100000000000,1748863680000000000,,,,,1.14117,False,
O-20250602-121500-001-V2-2929,BACKTESTER-001,MLSignalStrategyV2-V2,EUR/USD.IDEALPRO,IDEALPRO-1-2929,EUR/USD.IDEALPRO-MLSignalStrategyV2-V2,IDEALPRO-001,IDEALPRO-1-308162,MARKET,SELL,100000.00,GTC,False,False,100000.00,TAKER,1.1415,0.0,['2.28 USD'],NO_TRIGGER,FILLED,OTO,OL-20250602-121500-001-V2-977,"['O-20250602-121500-001-V2-2930', 'O-20250602-121500-001-V2-2931']",,,,,['V2_POS1'],88a75ecb-23c4-439e-b896-9d1be4e1d35c,1748866500000000000,1748866500000000000,,,,,,,
O-20250602-121500-001-V2-2930,BACKTESTER-001,MLSignalStrategyV2-V2,EUR/USD.IDEALPRO,IDEALPRO-1-2930,EUR/USD.IDEALPRO-MLSignalStrategyV2-V2,IDEALPRO-001,IDEALPRO-1-308195,STOP_MARKET,BUY,100000.00,GTC,True,False,100000.00,TAKER,1.1424,0.00017000000000000348,['2.28 USD'],NO_TRIGGER,FILLED,OUO,OL-20250602-121500-001-V2-977,['O-20250602-121500-001-V2-2931'],O-20250602-121500-001-V2-2929,,,,['V2_POS1_SL'],164ae517-e7f3-4599-98cd-8e94d3799539,1748866500000000000,1748867460000000000,1.14223,DEFAULT,,,,,
O-20250602-121500-001-V2-2931,BACKTESTER-001,MLSignalStrategyV2-V2,EUR/USD.IDEALPRO,IDEALPRO-1-2931,EUR/USD.IDEALPRO-MLSignalStrategyV2-V2,IDEALPRO-001,,LIMIT,BUY,100000.00,GTC,True,False,0.00,NO_LIQUIDITY_SIDE,,,,NO_TRIGGER,CANCELED,OUO,OL-20250602-121500-001-V2-977,['O-20250602-121500-001-V2-2930'],O-20250602-121500-001-V2-2929,,,,['V2_POS1_TP'],c4ee84f9-eb69-4e2e-a312-bfa0f7bd88ce,1748866500000000000,1748867460000000000,,,,,1.14077,False,
O-20250602-141500-001-V2-2932,BACKTESTER-001,MLSignalStrategyV2-V2,EUR/USD.IDEALPRO,IDEALPRO-1-2932,EUR/USD.IDEALPRO-MLSignalStrategyV2-V2,IDEALPRO-001,IDEALPRO-1-308404,MARKET,SELL,100000.00,GTC,False,False,100000.00,TAKER,1.14417,0.0,['2.29 USD'],NO_TRIGGER,FILLED,OTO,OL-20250602-141500-001-V2-978,"['O-20250602-141500-001-V2-2933', 'O-20250602-141500-001-V2-2934']",,,,,['V2_POS1'],d89756a3-44ee-49b2-b2c5-e44b3dee0946,1748873700000000000,1748873700000000000,,,,,,,
O-20250602-141500-001-V2-2933,BACKTESTER-001,MLSignalStrategyV2-V2,EUR/USD.IDEALPRO,IDEALPRO-1-2933,EUR/USD.IDEALPRO-MLSignalStrategyV2-V2,IDEALPRO-001,,STOP_MARKET,BUY,100000.00,GTC,True,False,0.00,NO_LIQUIDITY_SIDE,,,,NO_TRIGGER,CANCELED,OUO,OL-20250602-141500-001-V2-978,['O-20250602-141500-001-V2-2934'],O-20250602-141500-001-V2-2932,,,,['V2_POS1_SL'],5fbe5a51-539e-4ba1-a42b-2f482c55d7e1,1748873700000000000,1748876640000000000,1.14508,DEFAULT,,,,,
O-20250602-141500-001-V2-2934,BACKTESTER-001,MLSignalStrategyV2-V2,EUR/USD.IDEALPRO,IDEALPRO-1-2934,EUR/USD.IDEALPRO-MLSignalStrategyV2-V2,IDEALPRO-001,IDEALPRO-1-308503,LIMIT,BUY,100000.00,GTC,True,False,100000.00,MAKER,1.14312,-0.000140000000000029,['2.29 USD'],NO_TRIGGER,FILLED,OUO,OL-20250602-141500-001-V2-978,['O-20250602-141500-001-V2-2933'],O-20250602-141500-001-V2-2932,,,,['V2_POS1_TP'],7f7e2aee-b6b4-4ee9-8dbb-25ca18dac1c5,1748873700000000000,1748876640000000000,,,,,1.14326,False,
O-20250602-153000-001-V2-2935,BACKTESTER-001,MLSignalStrategyV2-V2,EUR/USD.IDEALPRO,IDEALPRO-1-2935,EUR/USD.IDEALPRO-MLSignalStrategyV2-V2,IDEALPRO-001,IDEALPRO-1-308556,MARKET,SELL,100000.00,GTC,False,False,100000.00,TAKER,1.14332,0.0,['2.29 USD'],NO_TRIGGER,FILLED,OTO,OL-20250602-153000-001-V2-979,"['O-20250602-153000-001-V2-2936', 'O-20250602-153000-001-V2-2937']",,,,,['V2_POS1'],285bc7c8-8ee4-4b8f-854f-abc23399e94a,1748878200000000000,1748878200000000000,,,,,,,
O-20250602-153000-001-V2-2936,BACKTESTER-001,MLSignalStrategyV2-V2,EUR/USD.IDEALPRO,IDEALPRO-1-2936,EUR/USD.IDEALPRO-MLSignalStrategyV2-V2,IDEALPRO-001,,STOP_MARKET,BUY,100000.00,GTC,True,False,0.00,NO_LIQUIDITY_SIDE,,,,NO_TRIGGER,CANCELED,OUO,OL-20250602-153000-001-V2-979,['O-20250602-153000-001-V2-2937'],O-20250602-153000-001-V2-2935,,,,['V2_POS1_SL'],d09a00a3-d4c0-41c6-b171-e994b731343f,1748878200000000000,1748879820000000000,1.14417,DEFAULT,,,,,
O-20250602-153000-001-V2-2937,BACKTESTER-001,MLSignalStrategyV2-V2,EUR/USD.IDEALPRO,IDEALPRO-1-2937,EUR/USD.IDEALPRO-MLSignalStrategyV2-V2,IDEALPRO-001,IDEALPRO-1-308611,LIMIT,BUY,100000.00,GTC,True,False,100000.00,MAKER,1.14243,-4.0000000000040004e-05,['2.28 USD'],NO_TRIGGER,FILLED,OUO,OL-20250602-153000-001-V2-979,['O-20250602-153000-001-V2-2936'],O-20250602-153000-001-V2-2935,,,,['V2_POS1_TP'],2c3bd069-e690-4ee1-9271-fa2b61d50d5f,1748878200000000000,1748879820000000000,,,,,1.14247,False,
O-20250602-204500-001-V2-2938,BACKTESTER-001,MLSignalStrategyV2-V2,EUR/USD.IDEALPRO,IDEALPRO-1-2938,EUR/USD.IDEALPRO-MLSignalStrategyV2-V2,IDEALPRO-001,IDEALPRO-1-309188,MARKET,BUY,100000.00,GTC,False,False,100000.00,TAKER,1.14408,0.0,['2.29 USD'],NO_TRIGGER,FILLED,OTO,OL-20250602-204500-001-V2-980,"['O-20250602-204500-001-V2-2939', 'O-20250602-204500-001-V2-2940']",,,,,['V2_POS1'],4ed8a693-891d-4604-85ef-574bd864253a,1748897100000000000,1748897100000000000,,,,,,,
O-20250602-204500-001-V2-2939,BACKTESTER-001,MLSignalStrategyV2-V2,EUR/USD.IDEALPRO,IDEALPRO-1-2939,EUR/USD.IDEALPRO-MLSignalStrategyV2-V2,IDEALPRO-001,,STOP_MARKET,SELL,100000.00,GTC,True,False,0.00,NO_LIQUIDITY_SIDE,,,,NO_TRIGGER,CANCELED,OUO,OL-20250602-204500-001-V2-980,['O-20250602-204500-001-V2-2940'],O-20250602-204500-001-V2-2938,,,,['V2_POS1_SL'],4c4f6911-ae24-4098-bed8-051439b327f4,1748897100000000000,1748902980000000000,1.14359,DEFAULT,,,,,
O-20250602-204500-001-V2-2940,BACKTESTER-001,MLSignalStrategyV2-V2,EUR/USD.IDEALPRO,IDEALPRO-1-2940,EUR/USD.IDEALPRO-MLSignalStrategyV2-V2,IDEALPRO-001,IDEALPRO-1-309355,LIMIT,SELL,100000.00,GTC,True,False,100000.00,MAKER,1.14457,0.0,['2.29 USD'],NO_TRIGGER,FILLED,OUO,OL-20250602-204500-001-V2-980,['O-20250602-204500-001-V2-2939'],O-20250602-204500-001-V2-2938,,,,['V2_POS1_TP'],af7f0f9b-66fa-499a-92e2-f805f4a66003,1748897100000000000,1748902980000000000,,,,,1.14457,False,
O-20250603-020000-001-V2-2941,BACKTESTER-001,MLSignalStrategyV2-V2,EUR/USD.IDEALPRO,IDEALPRO-1-2941,EUR/USD.IDEALPRO-MLSignalStrategyV2-V2,IDEALPRO-001,IDEALPRO-1-309790,MARKET,BUY,100000.00,GTC,False,False,100000.00,TAKER,1.14281,0.0,['2.29 USD'],NO_TRIGGER,FILLED,OTO,OL-20250603-020000-001-V2-981,"['O-20250603-020000-001-V2-2942', 'O-20250603-020000-001-V2-2943']",,,,,['V2_POS1'],76ea9b9b-3e63-4018-9905-17c444a6b629,1748916000000000000,1748916000000000000,,,,,,,
O-20250603-020000-001-V2-2942,BACKTESTER-001,MLSignalStrategyV2-V2,EUR/USD.IDEALPRO,IDEALPRO-1-2942,EUR/USD.IDEALPRO-MLSignalStrategyV2-V2,IDEALPRO-001,IDEALPRO-1-309817,STOP_MARKET,SELL,100000.00,GTC,True,False,100000.00,TAKER,1.14227,3.0000000000196536e-05,['2.28 USD'],NO_TRIGGER,FILLED,OUO,OL-20250603-020000-001-V2-981,['O-20250603-020000-001-V2-2943'],O-20250603-020000-001-V2-2941,,,,['V2_POS1_SL'],a1e70927-5b93-4581-9ad4-12b9a3074012,1748916000000000000,1748916780000000000,1.14230,DEFAULT,,,,,
O-20250603-020000-001-V2-2943,BACKTESTER-001,MLSignalStrategyV2-V2,EUR/USD.IDEALPRO,IDEALPRO-1-2943,EUR/USD.IDEALPRO-MLSignalStrategyV2-V2,IDEALPRO-001,,LIMIT,SELL,100000.00,GTC,True,False,0.00,NO_LIQUIDITY_SIDE,,,,NO_TRIGGER,CANCELED,OUO,OL-20250603-020000-001-V2-981,['O-20250603-020000-001-V2-2942'],O-20250603-020000-001-V2-2941,,,,['V2_POS1_TP'],7b65aa12-b943-4cba-9a7c-f8a6122925ad,1748916000000000000,1748916780000000000,,,,,1.14330,False,
O-20250603-021500-001-V2-2944,BACKTESTER-001,MLSignalStrategyV2-V2,EUR/USD.IDEALPRO,IDEALPRO-1-2944,EUR/USD.IDEALPRO-MLSignalStrategyV2-V2,IDEALPRO-001,IDEALPRO-1-309822,MARKET,SELL,100000.00,GTC,False,False,100000.00,TAKER,1.14278,0.0,['2.29 USD'],NO_TRIGGER,FILLED,OTO,OL-20250603-021500-001-V2-982,"['O-20250603-021500-001-V2-2945', 'O-20250603-021500-001-V2-2946']",,,,,['V2_POS1'],df4acb29-443c-486f-9592-cf0b91994bdb,1748916900000000000,1748916900000000000,,,,,,,
O-20250603-021500-001-V2-2945,BACKTESTER-001,MLSignalStrategyV2-V2,EUR/USD.IDEALPRO,IDEALPRO-1-2945,EUR/USD.IDEALPRO-MLSignalStrategyV2-V2,IDEALPRO-001,,STOP_MARKET,BUY,100000.00,GTC,True,False,0.00,NO_LIQUIDITY_SIDE,,,,NO_TRIGGER,CANCELED,OUO,OL-20250603-021500-001-V2-982,['O-20250603-021500-001-V2-2946'],O-20250603-021500-001-V2-2944,,,,['V2_POS1_SL'],2c0f140c-0145-4548-a5f5-0d4c4e2e0dbd,1748916900000000000,1748918400000000000,1.14329,DEFAULT,,,,,
O-20250603-021500-001-V2-2946,BACKTESTER-001,MLSignalStrategyV2-V2,EUR/USD.IDEALPRO,IDEALPRO-1-2946,EUR/USD.IDEALPRO-MLSignalStrategyV2-V2,IDEALPRO-001,IDEALPRO-1-309873,LIMIT,BUY,100000.00,GTC,True,False,100000.00,MAKER,1.14226,-9.999999999843467e-06,['2.28 USD'],NO_TRIGGER,FILLED,OUO,OL-20250603-021500-001-V2-982,['O-20250603-021500-001-V2-2945'],O-20250603-021500-001-V2-2944,,,,['V2_POS1_TP'],78101dd9-8d9d-4b17-924f-28bcba1d10e0,1748916900000000000,1748918400000000000,,,,,1.14227,False,
O-20250603-040000-001-V2-2947,BACKTESTER-001,MLSignalStrategyV2-V2,EUR/USD.IDEALPRO,IDEALPRO-1-2947,EUR/USD.IDEALPRO-MLSignalStrategyV2-V2,IDEALPRO-001,IDEALPRO-1-310035,MARKET,SELL,100000.00,GTC,False,False,100000.00,TAKER,1.14199,0.0,['2.28 USD'],NO_TRIGGER,FILLED,OTO,OL-20250603-040000-001-V2-983,"['O-20250603-040000-001-V2-2948', 'O-20250603-040000-001-V2-2949']",,,,,['V2_POS1'],50053fdd-803d-45da-8449-6d248aed1f9b,1748923200000000000,1748923200000000000,,,,,,,
O-20250603-040000-001-V2-2948,BACKTESTER-001,MLSignalStrategyV2-V2,EUR/USD.IDEALPRO,IDEALPRO-1-2948,EUR/USD.IDEALPRO-MLSignalStrategyV2-V2,IDEALPRO-001,IDEALPRO-1-310137,STOP_MARKET,BUY,100000.00,GTC,True,False,100000.00,TAKER,1.1425,2.999999999997449e-05,['2.29 USD'],NO_TRIGGER,FILLED,OUO,OL-20250603-040000-001-V2-983,['O-20250603-040000-001-V2-2949'],O-20250603-040000-001-V2-2947,,,,['V2_POS1_SL'],7358f5c2-ba9c-4b40-a8e3-b6b105e2ce28,1748923200000000000,1748926260000000000,1.14247,DEFAULT,,,,,
O-20250603-040000-001-V2-2949,BACKTESTER-001,MLSignalStrategyV2-V2,EUR/USD.IDEALPRO,IDEALPRO-1-2949,EUR/USD.IDEALPRO-MLSignalStrategyV2-V2,IDEALPRO-001,,LIMIT,BUY,100000.00,GTC,True,False,0.00,NO_LIQUIDITY_SIDE,,,,NO_TRIGGER,CANCELED,OUO,OL-20250603-040000-001-V2-983,['O-20250603-040000-001-V2-2948'],O-20250603-040000-001-V2-2947,,,,['V2_POS1_TP'],d64d45d9-222d-43ca-838b-03ed62f8cddc,1748923200000000000,1748926260000000000,,,,,1.14153,False,
O-20250603-091500-001-V2-2950,BACKTESTER-001,MLSignalStrategyV2-V2,EUR/USD.IDEALPRO,IDEALPRO-1-2950,EUR/USD.IDEALPRO-MLSignalStrategyV2-V2,IDEALPRO-001,IDEALPRO-1-310666,MARKET,BUY,100000.00,GTC,False,False,100000.00,TAKER,1.14125,0.0,['2.28 USD'],NO_TRIGGER,FILLED,OTO,OL-20250603-091500-001-V2-984,"['O-20250603-091500-001-V2-2951', 'O-20250603-091500-001-V2-2952']",,,,,['V2_POS1'],205e029c-21ca-49b4-be95-1e51f93e4682,1748942100000000000,1748942100000000000,,,,,,,
O-20250603-091500-001-V2-2951,BACKTESTER-001,MLSignalStrategyV2-V2,EUR/USD.IDEALPRO,IDEALPRO-1-2951,EUR/USD.IDEALPRO-MLSignalStrategyV2-V2,IDEALPRO-001,IDEALPRO-1-310771,STOP_MARKET,SELL,100000.00,GTC,True,False,100000.00,TAKER,1.14028,0.000280000000000058,['2.28 USD'],NO_TRIGGER,FILLED,OUO,OL-20250603-091500-001-V2-984,['O-20250603-091500-001-V2-2952'],O-20250603-091500-001-V2-2950,,,,['V2_POS1_SL'],cf5561a1-b2e3-4cea-b6c1-8f86dd63cf0e,1748942100000000000,1748945220000000000,1.14056,DEFAULT,,,,,
O-20250603-091500-001-V2-2952,BACKTESTER-001,MLSignalStrategyV2-V2,EUR/USD.IDEALPRO,IDEALPRO-1-2952,EUR/USD.IDEALPRO-MLSignalStrategyV2-V2,IDEALPRO-001,,LIMIT,SELL,100000.00,GTC,True,False,0.00,NO_LIQUIDITY_SIDE,,,,NO_TRIGGER,CANCELED,OUO,OL-20250603-091500-001-V2-984,['O-20250603-091500-001-V2-2951'],O-20250603-091500-001-V2-2950,,,,['V2_POS1_TP'],e7326682-bee9-4031-a0c5-3050b8d6e725,1748942100000000000,1748945220000000000,,,,,1.14194,False,
O-20250603-113000-001-V2-2953,BACKTESTER-001,MLSignalStrategyV2-V2,EUR/USD.IDEALPRO,IDEALPRO-1-2953,EUR/USD.IDEALPRO-MLSignalStrategyV2-V2,IDEALPRO-001,IDEALPRO-1-310938,MARKET,BUY,100000.00,GTC,False,False,100000.00,TAKER,1.13871,0.0,['2.28 USD'],NO_TRIGGER,FILLED,OTO,OL-20250603-113000-001-V2-985,"['O-20250603-113000-001-V2-2954', 'O-20250603-113000-001-V2-2955']",,,,,['V2_POS1'],db9d130b-b425-4461-a46d-7e5af07f3f05,1748950200000000000,1748950200000000000,,,,,,,
O-20250603-113000-001-V2-2954,BACKTESTER-001,MLSignalStrategyV2-V2,EUR/USD.IDEALPRO,IDEALPRO-1-2954,EUR/USD.IDEALPRO-MLSignalStrategyV2-V2,IDEALPRO-001,,STOP_MARKET,SELL,100000.00,GTC,True,False,0.00,NO_LIQUIDITY_SIDE,,,,NO_TRIGGER,CANCELED,OUO,OL-20250603-113000-001-V2-985,['O-20250603-113000-001-V2-2955'],O-20250603-113000-001-V2-2953,,,,['V2_POS1_SL'],54d0d0e5-6fb2-4988-890e-9a877cbb6c37,1748950200000000000,1748951400000000000,1.13797,DEFAULT,,,,,
O-20250603-113000-001-V2-2955,BACKTESTER-001,MLSignalStrategyV2-V2,EUR/USD.IDEALPRO,IDEALPRO-1-2955,EUR/USD.IDEALPRO-MLSignalStrategyV2-V2,IDEALPRO-001,IDEALPRO-1-310979,LIMIT,SELL,100000.00,GTC,True,False,100000.00,MAKER,1.13949,-3.999999999981796e-05,['2.28 USD'],NO_TRIGGER,FILLED,OUO,OL-20250603-113000-001-V2-985,['O-20250603-113000-001-V2-2954'],O-20250603-113000-001-V2-2953,,,,['V2_POS1_TP'],48c87b7d-79b1-40ab-8f93-9d0790cb0dd3,1748950200000000000,1748951400000000000,,,,,1.13945,False,
O-20250603-140000-001-V2-2956,BACKTESTER-001,MLSignalStrategyV2-V2,EUR/USD.IDEALPRO,IDEALPRO-1-2956,EUR/USD.IDEALPRO-MLSignalStrategyV2-V2,IDEALPRO-001,IDEALPRO-1-311240,MARKET,BUY,100000.00,GTC,False,False,100000.00,TAKER,1.13878,0.0,['2.28 USD'],NO_TRIGGER,FILLED,OTO,OL-20250603-140000-001-V2-986,"['O-20250603-140000-001-V2-2957', 'O-20250603-140000-001-V2-2958']",,,,,['V2_POS1'],9dde42a5-26ac-4ab8-8df7-516015a8c468,1748959200000000000,1748959200000000000,,,,,,,
O-20250603-140000-001-V2-2957,BACKTESTER-001,MLSignalStrategyV2-V2,EUR/USD.IDEALPRO,IDEALPRO-1-2957,EUR/USD.IDEALPRO-MLSignalStrategyV2-V2,IDEALPRO-001,IDEALPRO-1-311243,STOP_MARKET,SELL,100000.00,GTC,True,False,100000.00,TAKER,1.1373,0.0006699999999999484,['2.27 USD'],NO_TRIGGER,FILLED,OUO,OL-20250603-140000-001-V2-986,['O-20250603-140000-001-V2-2958'],O-20250603-140000-001-V2-2956,,,,['V2_POS1_SL'],95899cd2-7366-4e4c-bfd9-9c92285ebc07,1748959200000000000,1748959260000000000,1.13797,DEFAULT,,,,,
O-20250603-140000-001-V2-2958,BACKTESTER-001,MLSignalStrategyV2-V2,EUR/USD.IDEALPRO,IDEALPRO-1-2958,EUR/USD.IDEALPRO-MLSignalStrategyV2-V2,IDEALPRO-001,,LIMIT,SELL,100000.00,GTC,True,False,0.00,NO_LIQUIDITY_SIDE,,,,NO_TRIGGER,CANCELED,OUO,OL-20250603-140000-001-V2-986,['O-20250603-140000-001-V2-2957'],O-20250603-140000-001-V2-2956,,,,['V2_POS1_TP'],30af7df0-8990-4208-a9e3-d740e0bc65a9,1748959200000000000,1748959260000000000,,,,,1.13959,False,
O-20250603-141500-001-V2-2959,BACKTESTER-001,MLSignalStrategyV2-V2,EUR/USD.IDEALPRO,IDEALPRO-1-2959,EUR/USD.IDEALPRO-MLSignalStrategyV2-V2,IDEALPRO-001,IDEALPRO-1-311272,MARKET,BUY,100000.00,GTC,False,False,100000.00,TAKER,1.13785,0.0,['2.28 USD'],NO_TRIGGER,FILLED,OTO,OL-20250603-141500-001-V2-987,"['O-20250603-141500-001-V2-2960', 'O-20250603-141500-001-V2-2961']",,,,,['V2_POS1'],7d6d6f61-f03b-448d-9713-b9262c5d2e92,1748960100000000000,1748960100000000000,,,,,,,
O-20250603-141500-001-V2-2960,BACKTESTER-001,MLSignalStrategyV2-V2,EUR/USD.IDEALPRO,IDEALPRO-1-2960,EUR/USD.IDEALPRO-MLSignalStrategyV2-V2,IDEALPRO-001,,STOP_MARKET,SELL,100000.00,GTC,True,False,0.00,NO_LIQUIDITY_SIDE,,,,NO_TRIGGER,CANCELED,OUO,OL-20250603-141500-001-V2-987,['O-20250603-141500-001-V2-2961'],O-20250603-141500-001-V2-2959,,,,['V2_POS1_SL'],16f84ee3-c5d4-46eb-af65-2e61597fd82d,1748960100000000000,1748960400000000000,1.13694,DEFAULT,,,,,
O-20250603-141500-001-V2-2961,BACKTESTER-001,MLSignalStrategyV2-V2,EUR/USD.IDEALPRO,IDEALPRO-1-2961,EUR/USD.IDEALPRO-MLSignalStrategyV2-V2,IDEALPRO-001,IDEALPRO-1-311283,LIMIT,SELL,100000.00,GTC,True,False,100000.00,MAKER,1.13876,-1.999999999990898e-05,['2.28 USD'],NO_TRIGGER,FILLED,OUO,OL-20250603-141500-001-V2-987,['O-20250603-141500-001-V2-2960'],O-20250603-141500-001-V2-2959,,,,['V2_POS1_TP'],f605398e-3f3c-4b0b-9452-ec953c732bc9,1748960100000000000,1748960400000000000,,,,,1.13874,False,
O-20250603-160000-001-V2-2962,BACKTESTER-001,MLSignalStrategyV2-V2,EUR/USD.IDEALPRO,IDEALPRO-1-2962,EUR/USD.IDEALPRO-MLSignalStrategyV2-V2,IDEALPRO-001,IDEALPRO-1-311484,MARKET,BUY,100000.00,GTC,False,False,100000.00,TAKER,1.13722,0.0,['2.27 USD'],NO_TRIGGER,FILLED,OTO,OL-20250603-160000-001-V2-988,"['O-20250603-160000-001-V2-2963', 'O-20250603-160000-001-V2-2964']",,,,,['V2_POS1'],169195b6-558c-460f-b084-4ce84eb6e2f9,1748966400000000000,1748966400000000000,,,,,,,
O-20250603-160000-001-V2-2963,BACKTESTER-001,MLSignalStrategyV2-V2,EUR/USD.IDEALPRO,IDEALPRO-1-2963,EUR/USD.IDEALPRO-MLSignalStrategyV2-V2,IDEALPRO-001,,STOP_MARKET,SELL,100000.00,GTC,True,False,0.00,NO_LIQUIDITY_SIDE,,,,NO_TRIGGER,CANCELED,OUO,OL-20250603-160000-001-V2-988,['O-20250603-160000-001-V2-2964'],O-20250603-160000-001-V2-2962,,,,['V2_POS1_SL'],0c33f1e1-e70d-49a0-96ac-c0d2b2bae7e4,1748966400000000000,1748967000000000000,1.13636,DEFAULT,,,,,
O-20250603-160000-001-V2-2964,BACKTESTER-001,MLSignalStrategyV2-V2,EUR/USD.IDEALPRO,IDEALPRO-1-2964,EUR/USD.IDEALPRO-MLSignalStrategyV2-V2,IDEALPRO-001,IDEALPRO-1-311505,LIMIT,SELL,100000.00,GTC,True,False,100000.00,MAKER,1.13817,-8.999999999992347e-05,['2.28 USD'],NO_TRIGGER,FILLED,OUO,OL-20250603-160000-001-V2-988,['O-20250603-160000-001-V2-2963'],O-20250603-160000-001-V2-2962,,,,['V2_POS1_TP'],a0ad15e0-e377-45e7-925f-766fcd2a009e,1748966400000000000,1748967000000000000,,,,,1.13808,False,
O-20250603-164500-001-V2-2965,BACKTESTER-001,MLSignalStrategyV2-V2,EUR/USD.IDEALPRO,IDEALPRO-1-2965,EUR/USD.IDEALPRO-MLSignalStrategyV2-V2,IDEALPRO-001,IDEALPRO-1-311576,MARKET,BUY,100000.00,GTC,False,False,100000.00,TAKER,1.13701,0.0,['2.27 USD'],NO_TRIGGER,FILLED,OTO,OL-20250603-164500-001-V2-989,"['O-20250603-164500-001-V2-2966', 'O-20250603-164500-001-V2-2967']",,,,,['V2_POS1'],3613f4db-74e5-42e4-b62b-50bfe8d3dd20,1748969100000000000,1748969100000000000,,,,,,,
O-20250603-164500-001-V2-2966,BACKTESTER-001,MLSignalStrategyV2-V2,EUR/USD.IDEALPRO,IDEALPRO-1-2966,EUR/USD.IDEALPRO-MLSignalStrategyV2-V2,IDEALPRO-001,,STOP_MARKET,SELL,100000.00,GTC,True,False,0.00,NO_LIQUIDITY_SIDE,,,,NO_TRIGGER,CANCELED,OUO,OL-20250603-164500-001-V2-989,['O-20250603-164500-001-V2-2967'],O-20250603-164500-001-V2-2965,,,,['V2_POS1_SL'],45ae2c16-b92a-4f62-bdab-60234002c7ea,1748969100000000000,1748970720000000000,1.13620,DEFAULT,,,,,
O-20250603-164500-001-V2-2967,BACKTESTER-001,MLSignalStrategyV2-V2,EUR/USD.IDEALPRO,IDEALPRO-1-2967,EUR/USD.IDEALPRO-MLSignalStrategyV2-V2,IDEALPRO-001,IDEALPRO-1-311631,LIMIT,SELL,100000.00,GTC,True,False,100000.00,MAKER,1.13791,-8.999999999992347e-05,['2.28 USD'],NO_TRIGGER,FILLED,OUO,OL-20250603-164500-001-V2-989,['O-20250603-164500-001-V2-2966'],O-20250603-164500-001-V2-2965,,,,['V2_POS1_TP'],1faf4546-53ee-4652-98f3-a9277107603e,1748969100000000000,1748970720000000000,,,,,1.13782,False,
O-20250603-173000-001-V2-2968,BACKTESTER-001,MLSignalStrategyV2-V2,EUR/USD.IDEALPRO,IDEALPRO-1-2968,EUR/USD.IDEALPRO-MLSignalStrategyV2-V2,IDEALPRO-001,IDEALPRO-1-311668,MARKET,BUY,100000.00,GTC,False,False,100000.00,TAKER,1.1378,0.0,['2.28 USD'],NO_TRIGGER,FILLED,OTO,OL-20250603-173000-001-V2-990,"['O-20250603-173000-001-V2-2969', 'O-20250603-173000-001-V2-2970']",,,,,['V2_POS1'],bba733c7-ce1e-4c19-8ce4-9c84e7a35384,1748971800000000000,1748971800000000000,,,,,,,
O-20250603-173000-001-V2-2969,BACKTESTER-001,MLSignalStrategyV2-V2,EUR/USD.IDEALPRO,IDEALPRO-1-2969,EUR/USD.IDEALPRO-MLSignalStrategyV2-V2,IDEALPRO-001,IDEALPRO-1-311819,STOP_MARKET,SELL,100000.00,GTC,True,False,100000.00,TAKER,1.13688,0.0001900000000001345,['2.27 USD'],NO_TRIGGER,FILLED,OUO,OL-20250603-173000-001-V2-990,['O-20250603-173000-001-V2-2970'],O-20250603-173000-001-V2-2968,,,,['V2_POS1_SL'],d17db82c-c22c-496c-90ac-0ab1aa121cac,1748971800000000000,1748976300000000000,1.13707,DEFAULT,,,,,
O-20250603-173000-001-V2-2970,BACKTESTER-001,MLSignalStrategyV2-V2,EUR/USD.IDEALPRO,IDEALPRO-1-2970,EUR/USD.IDEALPRO-MLSignalStrategyV2-V2,IDEALPRO-001,,LIMIT,SELL,100000.00,GTC,True,False,0.00,NO_LIQUIDITY_SIDE,,,,NO_TRIGGER,CANCELED,OUO,OL-20250603-173000-001-V2-990,['O-20250603-173000-001-V2-2969'],O-20250603-173000-001-V2-2968,,,,['V2_POS1_TP'],b5f71762-10dc-4ed2-9312-d248069b7d4d,1748971800000000000,1748976300000000000,,,,,1.13853,False,
O-20250603-200000-001-V2-2971,BACKTESTER-001,MLSignalStrategyV2-V2,EUR/USD.IDEALPRO,IDEALPRO-1-2971,EUR/USD.IDEALPRO-MLSignalStrategyV2-V2,IDEALPRO-001,IDEALPRO-1-311970,MARKET,BUY,100000.00,GTC,False,False,100000.00,TAKER,1.13689,0.0,['2.27 USD'],NO_TRIGGER,FILLED,OTO,OL-20250603-200000-001-V2-991,"['O-20250603-200000-001-V2-2972', 'O-20250603-200000-001-V2-2973']",,,,,['V2_POS1'],b4a25a18-defc-4f5f-8ecd-455dd1875bf9,1748980800000000000,1748980800000000000,,,,,,,
O-20250603-200000-001-V2-2972,BACKTESTER-001,MLSignalStrategyV2-V2,EUR/USD.IDEALPRO,IDEALPRO-1-2972,EUR/USD.IDEALPRO-MLSignalStrategyV2-V2,IDEALPRO-001,,STOP_MARKET,SELL,100000.00,GTC,True,False,0.00,NO_LIQUIDITY_SIDE,,,,NO_TRIGGER,CANCELED,OUO,OL-20250603-200000-001-V2-991,['O-20250603-200000-001-V2-2973'],O-20250603-200000-001-V2-2971,,,,['V2_POS1_SL'],038f8016-d846-4a4b-a140-aa8333f9a80f,1748980800000000000,1748983140000000000,1.13646,DEFAULT,,,,,
O-20250603-200000-001-V2-2973,BACKTESTER-001,MLSignalStrategyV2-V2,EUR/USD.IDEALPRO,IDEALPRO-1-2973,EUR/USD.IDEALPRO-MLSignalStrategyV2-V2,IDEALPRO-001,IDEALPRO-1-312049,LIMIT,SELL,100000.00,GTC,True,False,100000.00,MAKER,1.13731,-1.0000000000065512e-05,['2.27 USD'],NO_TRIGGER,FILLED,OUO,OL-20250603-200000-001-V2-991,['O-20250603-200000-001-V2-2972'],O-20250603-200000-001-V2-2971,,,,['V2_POS1_TP'],6a3f0acc-514c-452f-83b5-8e307432ba8f,1748980800000000000,1748983140000000000,,,,,1.13730,False,
O-20250603-220000-001-V2-2974,BACKTESTER-001,MLSignalStrategyV2-V2,EUR/USD.IDEALPRO,IDEALPRO-1-2974,EUR/USD.IDEALPRO-MLSignalStrategyV2-V2,IDEALPRO-001,IDEALPRO-1-312182,MARKET,BUY,100000.00,GTC,False,False,100000.00,TAKER,1.13773,0.0,['2.28 USD'],NO_TRIGGER,FILLED,OTO,OL-20250603-220000-001-V2-992,"['O-20250603-220000-001-V2-2975', 'O-20250603-220000-001-V2-2976']",,,,,['V2_POS1'],591f35ec-859c-40a3-af50-78ed45569be8,1748988000000000000,1748988000000000000,,,,,,,
O-20250603-220000-001-V2-2975,BACKTESTER-001,MLSignalStrategyV2-V2,EUR/USD.IDEALPRO,IDEALPRO-1-2975,EUR/USD.IDEALPRO-MLSignalStrategyV2-V2,IDEALPRO-001,IDEALPRO-1-312185,STOP_MARKET,SELL,100000.00,GTC,True,False,100000.00,TAKER,1.13717,0.00021999999999988695,['2.27 USD'],NO_TRIGGER,FILLED,OUO,OL-20250603-220000-001-V2-992,['O-20250603-220000-001-V2-2976'],O-20250603-220000-001-V2-2974,,,,['V2_POS1_SL'],63a77f79-9b47-4bef-b1a2-04abe0732fb6,1748988000000000000,1748988060000000000,1.13739,DEFAULT,,,,,
O-20250603-220000-001-V2-2976,BACKTESTER-001,MLSignalStrategyV2-V2,EUR/USD.IDEALPRO,IDEALPRO-1-2976,EUR/USD.IDEALPRO-MLSignalStrategyV2-V2,IDEALPRO-001,,LIMIT,SELL,100000.00,GTC,True,False,0.00,NO_LIQUIDITY_SIDE,,,,NO_TRIGGER,CANCELED,OUO,OL-20250603-220000-001-V2-992,['O-20250603-220000-001-V2-2975'],O-20250603-220000-001-V2-2974,,,,['V2_POS1_TP'],da0540f5-c44c-461f-8756-c4fb1f590322,1748988000000000000,1748988060000000000,,,,,1.13807,False,
O-20250603-221500-001-V2-2977,BACKTESTER-001,MLSignalStrategyV2-V2,EUR/USD.IDEALPRO,IDEALPRO-1-2977,EUR/USD.IDEALPRO-MLSignalStrategyV2-V2,IDEALPRO-001,IDEALPRO-1-312214,MARKET,BUY,100000.00,GTC,False,False,100000.00,TAKER,1.13736,0.0,['2.27 USD'],NO_TRIGGER,FILLED,OTO,OL-20250603-221500-001-V2-993,"['O-20250603-221500-001-V2-2978', 'O-20250603-221500-001-V2-2979']",,,,,['V2_POS1'],83f553a7-1342-4fee-b56d-6c39463b5f87,1748988900000000000,1748988900000000000,,,,,,,
O-20250603-221500-001-V2-2978,BACKTESTER-001,MLSignalStrategyV2-V2,EUR/USD.IDEALPRO,IDEALPRO-1-2978,EUR/USD.IDEALPRO-MLSignalStrategyV2-V2,IDEALPRO-001,,STOP_MARKET,SELL,100000.00,GTC,True,False,0.00,NO_LIQUIDITY_SIDE,,,,NO_TRIGGER,CANCELED,OUO,OL-20250603-221500-001-V2-993,['O-20250603-221500-001-V2-2979'],O-20250603-221500-001-V2-2977,,,,['V2_POS1_SL'],8fbb4617-6bc1-4da0-89f3-1dafff46eade,1748988900000000000,1748992440000000000,1.13701,DEFAULT,,,,,
O-20250603-221500-001-V2-2979,BACKTESTER-001,MLSignalStrategyV2-V2,EUR/USD.IDEALPRO,IDEALPRO-1-2979,EUR/USD.IDEALPRO-MLSignalStrategyV2-V2,IDEALPRO-001,IDEALPRO-1-312333,LIMIT,SELL,100000.00,GTC,True,False,100000.00,MAKER,1.13769,0.0,['2.28 USD'],NO_TRIGGER,FILLED,OUO,OL-20250603-221500-001-V2-993,['O-20250603-221500-001-V2-2978'],O-20250603-221500-001-V2-2977,,,,['V2_POS1_TP'],39834cc0-2842-4ae7-9926-e833b625a053,1748988900000000000,1748992440000000000,,,,,1.13769,False,
O-20250603-233000-001-V2-2980,BACKTESTER-001,MLSignalStrategyV2-V2,EUR/USD.IDEALPRO,IDEALPRO-1-2980,EUR/USD.IDEALPRO-MLSignalStrategyV2-V2,IDEALPRO-001,IDEALPRO-1-312366,MARKET,BUY,100000.00,GTC,False,False,100000.00,TAKER,1.13761,0.0,['2.28 USD'],NO_TRIGGER,FILLED,OTO,OL-20250603-233000-001-V2-994,"['O-20250603-233000-001-V2-2981', 'O-20250603-233000-001-V2-2982']",,,,,['V2_POS1'],9c12f8fd-abd7-4994-8e6e-80c91b211e03,1748993400000000000,1748993400000000000,,,,,,,
O-20250603-233000-001-V2-2981,BACKTESTER-001,MLSignalStrategyV2-V2,EUR/USD.IDEALPRO,IDEALPRO-1-2981,EUR/USD.IDEALPRO-MLSignalStrategyV2-V2,IDEALPRO-001,,STOP_MARKET,SELL,100000.00,GTC,True,False,0.00,NO_LIQUIDITY_SIDE,,,,NO_TRIGGER,CANCELED,OUO,OL-20250603-233000-001-V2-994,['O-20250603-233000-001-V2-2982'],O-20250603-233000-001-V2-2980,,,,['V2_POS1_SL'],60da38d3-35b6-4e5d-91fc-3862028472c2,1748993400000000000,1748993700000000000,1.13733,DEFAULT,,,,,
O-20250603-233000-001-V2-2982,BACKTESTER-001,MLSignalStrategyV2-V2,EUR/USD.IDEALPRO,IDEALPRO-1-2982,EUR/USD.IDEALPRO-MLSignalStrategyV2-V2,IDEALPRO-001,IDEALPRO-1-312377,LIMIT,SELL,100000.00,GTC,True,False,100000.00,MAKER,1.13789,0.0,['2.28 USD'],NO_TRIGGER,FILLED,OUO,OL-20250603-233000-001-V2-994,['O-20250603-233000-001-V2-2981'],O-20250603-233000-001-V2-2980,,,,['V2_POS1_TP'],5dc35873-e47c-444b-a03c-62bae9e9a431,1748993400000000000,1748993700000000000,,,,,1.13789,False,
O-20250604-050000-001-V2-2983,BACKTESTER-001,MLSignalStrategyV2-V2,EUR/USD.IDEALPRO,IDEALPRO-1-2983,EUR/USD.IDEALPRO-MLSignalStrategyV2-V2,IDEALPRO-001,IDEALPRO-1-313028,MARKET,BUY,100000.00,GTC,False,False,100000.00,TAKER,1.13669,0.0,['2.27 USD'],NO_TRIGGER,FILLED,OTO,OL-20250604-050000-001-V2-995,"['O-20250604-050000-001-V2-2984', 'O-20250604-050000-001-V2-2985']",,,,,['V2_POS1'],7434edc2-c7aa-4a5a-b6e7-ba4f4c2c28cf,1749013200000000000,1749013200000000000,,,,,,,
O-20250604-050000-001-V2-2984,BACKTESTER-001,MLSignalStrategyV2-V2,EUR/USD.IDEALPRO,IDEALPRO-1-2984,EUR/USD.IDEALPRO-MLSignalStrategyV2-V2,IDEALPRO-001,IDEALPRO-1-313099,STOP_MARKET,SELL,100000.00,GTC,True,False,100000.00,TAKER,1.13572,0.0004199999999998649,['2.27 USD'],NO_TRIGGER,FILLED,OUO,OL-20250604-050000-001-V2-995,['O-20250604-050000-001-V2-2985'],O-20250604-050000-001-V2-2983,,,,['V2_POS1_SL'],6dee8d8c-10ff-4ea5-830d-1e7a5531cd77,1749013200000000000,1749015300000000000,1.13614,DEFAULT,,,,,
O-20250604-050000-001-V2-2985,BACKTESTER-001,MLSignalStrategyV2-V2,EUR/USD.IDEALPRO,IDEALPRO-1-2985,EUR/USD.IDEALPRO-MLSignalStrategyV2-V2,IDEALPRO-001,,LIMIT,SELL,100000.00,GTC,True,False,0.00,NO_LIQUIDITY_SIDE,,,,NO_TRIGGER,CANCELED,OUO,OL-20250604-050000-001-V2-995,['O-20250604-050000-001-V2-2984'],O-20250604-050000-001-V2-2983,,,,['V2_POS1_TP'],a174b7f5-9a8b-40b0-88ce-b8cd66b40667,1749013200000000000,1749015300000000000,,,,,1.13722,False,
O-20250604-081500-001-V2-2986,BACKTESTER-001,MLSignalStrategyV2-V2,EUR/USD.IDEALPRO,IDEALPRO-1-2986,EUR/USD.IDEALPRO-MLSignalStrategyV2-V2,IDEALPRO-001,IDEALPRO-1-313420,MARKET,BUY,100000.00,GTC,False,False,100000.00,TAKER,1.13875,0.0,['2.28 USD'],NO_TRIGGER,FILLED,OTO,OL-20250604-081500-001-V2-996,"['O-20250604-081500-001-V2-2987', 'O-20250604-081500-001-V2-2988']",,,,,['V2_POS1'],68b9d39c-7fcb-4c4b-9e46-256051addd2e,1749024900000000000,1749024900000000000,,,,,,,
O-20250604-081500-001-V2-2987,BACKTESTER-001,MLSignalStrategyV2-V2,EUR/USD.IDEALPRO,IDEALPRO-1-2987,EUR/USD.IDEALPRO-MLSignalStrategyV2-V2,IDEALPRO-001,,STOP_MARKET,SELL,100000.00,GTC,True,False,0.00,NO_LIQUIDITY_SIDE,,,,NO_TRIGGER,CANCELED,OUO,OL-20250604-081500-001-V2-996,['O-20250604-081500-001-V2-2988'],O-20250604-081500-001-V2-2986,,,,['V2_POS1_SL'],0c1f8e70-5315-42c2-b0d6-4054ff77d875,1749024900000000000,1749025920000000000,1.13808,DEFAULT,,,,,
O-20250604-081500-001-V2-2988,BACKTESTER-001,MLSignalStrategyV2-V2,EUR/USD.IDEALPRO,IDEALPRO-1-2988,EUR/USD.IDEALPRO-MLSignalStrategyV2-V2,IDEALPRO-001,IDEALPRO-1-313455,LIMIT,SELL,100000.00,GTC,True,False,100000.00,MAKER,1.13956,-0.00015999999999993797,['2.28 USD'],NO_TRIGGER,FILLED,OUO,OL-20250604-081500-001-V2-996,['O-20250604-081500-001-V2-2987'],O-20250604-081500-001-V2-2986,,,,['V2_POS1_TP'],b2612b37-0d93-4847-a4fe-784380826f15,1749024900000000000,1749025920000000000,,,,,1.13940,False,
O-20250604-200000-001-V2-2989,BACKTESTER-001,MLSignalStrategyV2-V2,EUR/USD.IDEALPRO,IDEALPRO-1-2989,EUR/USD.IDEALPRO-MLSignalStrategyV2-V2,IDEALPRO-001,IDEALPRO-1-314833,MARKET,BUY,100000.00,GTC,False,False,100000.00,TAKER,1.14123,0.0,['2.28 USD'],NO_TRIGGER,FILLED,OTO,OL-20250604-200000-001-V2-997,"['O-20250604-200000-001-V2-2990', 'O-20250604-200000-001-V2-2991']",,,,,['V2_POS1'],8d35ca8b-a21d-458b-94cf-24835121dfbb,1749067200000000000,1749067200000000000,,,,,,,
O-20250604-200000-001-V2-2990,BACKTESTER-001,MLSignalStrategyV2-V2,EUR/USD.IDEALPRO,IDEALPRO-1-2990,EUR/USD.IDEALPRO-MLSignalStrategyV2-V2,IDEALPRO-001,,STOP_MARKET,SELL,100000.00,GTC,True,False,0.00,NO_LIQUIDITY_SIDE,,,,NO_TRIGGER,CANCELED,OUO,OL-20250604-200000-001-V2-997,['O-20250604-200000-001-V2-2991'],O-20250604-200000-001-V2-2989,,,,['V2_POS1_SL'],510b3dbb-6fa4-499c-ad5f-841746e0f064,1749067200000000000,1749068760000000000,1.14079,DEFAULT,,,,,
O-20250604-200000-001-V2-2991,BACKTESTER-001,MLSignalStrategyV2-V2,EUR/USD.IDEALPRO,IDEALPRO-1-2991,EUR/USD.IDEALPRO-MLSignalStrategyV2-V2,IDEALPRO-001,IDEALPRO-1-314885,LIMIT,SELL,100000.00,GTC,True,False,100000.00,MAKER,1.14172,-5.0000000000105516e-05,['2.28 USD'],NO_TRIGGER,FILLED,OUO,OL-20250604-200000-001-V2-997,['O-20250604-200000-001-V2-2990'],O-20250604-200000-001-V2-2989,,,,['V2_POS1_TP'],2c1340d8-48f8-4b95-86af-ba6b6fa0c317,1749067200000000000,1749068760000000000,,,,,1.14167,False,
O-20250604-223000-001-V2-2992,BACKTESTER-001,MLSignalStrategyV2-V2,EUR/USD.IDEALPRO,IDEALPRO-1-2992,EUR/USD.IDEALPRO-MLSignalStrategyV2-V2,IDEALPRO-001,IDEALPRO-1-315105,MARKET,BUY,100000.00,GTC,False,False,100000.00,TAKER,1.14203,0.0,['2.28 USD'],NO_TRIGGER,FILLED,OTO,OL-20250604-223000-001-V2-998,"['O-20250604-223000-001-V2-2993', 'O-20250604-223000-001-V2-2994']",,,,,['V2_POS1'],2e7187a6-9b88-42b4-944d-697399d61b51,1749076200000000000,1749076200000000000,,,,,,,
O-20250604-223000-001-V2-2993,BACKTESTER-001,MLSignalStrategyV2-V2,EUR/USD.IDEALPRO,IDEALPRO-1-2993,EUR/USD.IDEALPRO-MLSignalStrategyV2-V2,IDEALPRO-001,,STOP_MARKET,SELL,100000.00,GTC,True,False,0.00,NO_LIQUIDITY_SIDE,,,,NO_TRIGGER,CANCELED,OUO,OL-20250604-223000-001-V2-998,['O-20250604-223000-001-V2-2994'],O-20250604-223000-001-V2-2992,,,,['V2_POS1_SL'],bd3df12d-c88d-45ef-8f2b-484fbe75d501,1749076200000000000,1749079020000000000,1.14175,DEFAULT,,,,,
O-20250604-223000-001-V2-2994,BACKTESTER-001,MLSignalStrategyV2-V2,EUR/USD.IDEALPRO,IDEALPRO-1-2994,EUR/USD.IDEALPRO-MLSignalStrategyV2-V2,IDEALPRO-001,IDEALPRO-1-315199,LIMIT,SELL,100000.00,GTC,True,False,100000.00,MAKER,1.14241,-9.999999999998899e-05,['2.28 USD'],NO_TRIGGER,FILLED,OUO,OL-20250604-223000-001-V2-998,['O-20250604-223000-001-V2-2993'],O-20250604-223000-001-V2-2992,,,,['V2_POS1_TP'],624c534e-5726-4f71-abe3-69e0e24c7bbb,1749076200000000000,1749079020000000000,,,,,1.14231,False,
O-20250605-093000-001-V2-2995,BACKTESTER-001,MLSignalStrategyV2-V2,EUR/USD.IDEALPRO,IDEALPRO-1-2995,EUR/USD.IDEALPRO-MLSignalStrategyV2-V2,IDEALPRO-001,IDEALPRO-1-316427,MARKET,BUY,100000.00,GTC,False,False,100000.00,TAKER,1.14194,0.0,['2.28 USD'],NO_TRIGGER,FILLED,OTO,OL-20250605-093000-001-V2-999,"['O-20250605-093000-001-V2-2996', 'O-20250605-093000-001-V2-2997']",,,,,['V2_POS1'],f2aa1309-1e9e-4995-82b7-1a525e5d3e09,1749115800000000000,1749115800000000000,,,,,,,
O-20250605-093000-001-V2-2996,BACKTESTER-001,MLSignalStrategyV2-V2,EUR/USD.IDEALPRO,IDEALPRO-1-2996,EUR/USD.IDEALPRO-MLSignalStrategyV2-V2,IDEALPRO-001,IDEALPRO-1-316451,STOP_MARKET,SELL,100000.00,GTC,True,False,100000.00,TAKER,1.14132,3.0000000000196536e-05,['2.28 USD'],NO_TRIGGER,FILLED,OUO,OL-20250605-093000-001-V2-999,['O-20250605-093000-001-V2-2997'],O-20250605-093000-001-V2-2995,,,,['V2_POS1_SL'],f544cdea-6c9d-4273-8d58-bc6d5e19af15,1749115800000000000,1749116520000000000,1.14135,DEFAULT,,,,,
O-20250605-093000-001-V2-2997,BACKTESTER-001,MLSignalStrategyV2-V2,EUR/USD.IDEALPRO,IDEALPRO-1-2997,EUR/USD.IDEALPRO-MLSignalStrategyV2-V2,IDEALPRO-001,,LIMIT,SELL,100000.00,GTC,True,False,0.00,NO_LIQUIDITY_SIDE,,,,NO_TRIGGER,CANCELED,OUO,OL-20250605-093000-001-V2-999,['O-20250605-093000-001-V2-2996'],O-20250605-093000-001-V2-2995,,,,['V2_POS1_TP'],e2557fea-a0a0-44c9-93b1-a62c761864f3,1749115800000000000,1749116520000000000,,,,,1.14251,False,
O-20250605-094500-001-V2-2998,BACKTESTER-001,MLSignalStrategyV2-V2,EUR/USD.IDEALPRO,IDEALPRO-1-2998,EUR/USD.IDEALPRO-MLSignalStrategyV2-V2,IDEALPRO-001,IDEALPRO-1-316458,MARKET,BUY,100000.00,GTC,False,False,100000.00,TAKER,1.14119,0.0,['2.28 USD'],NO_TRIGGER,FILLED,OTO,OL-20250605-094500-001-V2-1000,"['O-20250605-094500-001-V2-2999', 'O-20250605-094500-001-V2-3000']",,,,,['V2_POS1'],2ba7f440-cf7e-497b-9dd6-49a7f8f18bb5,1749116700000000000,1749116700000000000,,,,,,,
O-20250605-094500-001-V2-2999,BACKTESTER-001,MLSignalStrategyV2-V2,EUR/USD.IDEALPRO,IDEALPRO-1-2999,EUR/USD.IDEALPRO-MLSignalStrategyV2-V2,IDEALPRO-001,,STOP_MARKET,SELL,100000.00,GTC,True,False,0.00,NO_LIQUIDITY_SIDE,,,,NO_TRIGGER,CANCELED,OUO,OL-20250605-094500-001-V2-1000,['O-20250605-094500-001-V2-3000'],O-20250605-094500-001-V2-2998,,,,['V2_POS1_SL'],a754863f-61d4-4dae-9bfc-63d74629dc35,1749116700000000000,1749117540000000000,1.14059,DEFAULT,,,,,
O-20250605-094500-001-V2-3000,BACKTESTER-001,MLSignalStrategyV2-V2,EUR/USD.IDEALPRO,IDEALPRO-1-3000,EUR/USD.IDEALPRO-MLSignalStrategyV2-V2,IDEALPRO-001,IDEALPRO-1-316487,LIMIT,SELL,100000.00,GTC,True,False,100000.00,MAKER,1.14189,-0.00012000000000012001,['2.28 USD'],NO_TRIGGER,FILLED,OUO,OL-20250605-094500-001-V2-1000,['O-20250605-094500-001-V2-2999'],O-20250605-094500-001-V2-2998,,,,['V2_POS1_TP'],fa096e23-f680-4c4b-ab21-e61a0dd89db1,1749116700000000000,1749117540000000000,,,,,1.14177,False,
O-20250605-100000-001-V2-3001,BACKTESTER-001,MLSignalStrategyV2-V2,EUR/USD.IDEALPRO,IDEALPRO-1-3001,EUR/USD.IDEALPRO-MLSignalStrategyV2-V2,IDEALPRO-001,IDEALPRO-1-316490,MARKET,BUY,100000.00,GTC,False,False,100000.00,TAKER,1.14186,0.0,['2.28 USD'],NO_TRIGGER,FILLED,OTO,OL-20250605-100000-001-V2-1001,"['O-20250605-100000-001-V2-3002', 'O-20250605-100000-001-V2-3003']",,,,,['V2_POS1'],d1275259-23aa-4f61-bcc7-38f2171a1c6b,1749117600000000000,1749117600000000000,,,,,,,
O-20250605-100000-001-V2-3002,BACKTESTER-001,MLSignalStrategyV2-V2,EUR/USD.IDEALPRO,IDEALPRO-1-3002,EUR/USD.IDEALPRO-MLSignalStrategyV2-V2,IDEALPRO-001,,STOP_MARKET,SELL,100000.00,GTC,True,False,0.00,NO_LIQUIDITY_SIDE,,,,NO_TRIGGER,CANCELED,OUO,OL-20250605-100000-001-V2-1001,['O-20250605-100000-001-V2-3003'],O-20250605-100000-001-V2-3001,,,,['V2_POS1_SL'],fd4304b6-953c-479e-ab2f-b2dbfebd5c53,1749117600000000000,1749118020000000000,1.14126,DEFAULT,,,,,
O-20250605-100000-001-V2-3003,BACKTESTER-001,MLSignalStrategyV2-V2,EUR/USD.IDEALPRO,IDEALPRO-1-3003,EUR/USD.IDEALPRO-MLSignalStrategyV2-V2,IDEALPRO-001,IDEALPRO-1-316505,LIMIT,SELL,100000.00,GTC,True,False,100000.00,MAKER,1.1425,-4.0000000000040004e-05,['2.29 USD'],NO_TRIGGER,FILLED,OUO,OL-20250605-100000-001-V2-1001,['O-20250605-100000-001-V2-3002'],O-20250605-100000-001-V2-3001,,,,['V2_POS1_TP'],aa90f30a-be04-480b-9162-d6a978e95c2e,1749117600000000000,1749118020000000000,,,,,1.14246,False,
O-20250605-133000-001-V2-3004,BACKTESTER-001,MLSignalStrategyV2-V2,EUR/USD.IDEALPRO,IDEALPRO-1-3004,EUR/USD.IDEALPRO-MLSignalStrategyV2-V2,IDEALPRO-001,IDEALPRO-1-316912,MARKET,SELL,100000.00,GTC,False,False,100000.00,TAKER,1.1491,0.0,['2.30 USD'],NO_TRIGGER,FILLED,OTO,OL-20250605-133000-001-V2-1002,"['O-20250605-133000-001-V2-3005', 'O-20250605-133000-001-V2-3006']",,,,,['V2_POS1'],5a12978f-8e60-4d77-9b63-d55b2af2976e,1749130200000000000,1749130200000000000,,,,,,,
O-20250605-133000-001-V2-3005,BACKTESTER-001,MLSignalStrategyV2-V2,EUR/USD.IDEALPRO,IDEALPRO-1-3005,EUR/USD.IDEALPRO-MLSignalStrategyV2-V2,IDEALPRO-001,,STOP_MARKET,BUY,100000.00,GTC,True,False,0.00,NO_LIQUIDITY_SIDE,,,,NO_TRIGGER,CANCELED,OUO,OL-20250605-133000-001-V2-1002,['O-20250605-133000-001-V2-3006'],O-20250605-133000-001-V2-3004,,,,['V2_POS1_SL'],3cb0a9b5-1fe2-4c2e-a303-82e78827d714,1749130200000000000,1749131400000000000,1.15056,DEFAULT,,,,,
O-20250605-133000-001-V2-3006,BACKTESTER-001,MLSignalStrategyV2-V2,EUR/USD.IDEALPRO,IDEALPRO-1-3006,EUR/USD.IDEALPRO-MLSignalStrategyV2-V2,IDEALPRO-001,IDEALPRO-1-316953,LIMIT,BUY,100000.00,GTC,True,False,100000.00,MAKER,1.14743,-0.00022999999999995246,['2.29 USD'],NO_TRIGGER,FILLED,OUO,OL-20250605-133000-001-V2-1002,['O-20250605-133000-001-V2-3005'],O-20250605-133000-001-V2-3004,,,,['V2_POS1_TP'],bbd67641-4641-4ae2-b8bf-f95749724c6f,1749130200000000000,1749131400000000000,,,,,1.14766,False,
O-20250605-140000-001-V2-3007,BACKTESTER-001,MLSignalStrategyV2-V2,EUR/USD.IDEALPRO,IDEALPRO-1-3007,EUR/USD.IDEALPRO-MLSignalStrategyV2-V2,IDEALPRO-001,IDEALPRO-1-316974,MARKET,SELL,100000.00,GTC,False,False,100000.00,TAKER,1.14805,0.0,['2.30 USD'],NO_TRIGGER,FILLED,OTO,OL-20250605-140000-001-V2-1003,"['O-20250605-140000-001-V2-3008', 'O-20250605-140000-001-V2-3009']",,,,,['V2_POS1'],ca2e5518-4b6f-4742-8132-523aa760dbb1,1749132000000000000,1749132000000000000,,,,,,,
O-20250605-140000-001-V2-3008,BACKTESTER-001,MLSignalStrategyV2-V2,EUR/USD.IDEALPRO,IDEALPRO-1-3008,EUR/USD.IDEALPRO-MLSignalStrategyV2-V2,IDEALPRO-001,,STOP_MARKET,BUY,100000.00,GTC,True,False,0.00,NO_LIQUIDITY_SIDE,,,,NO_TRIGGER,CANCELED,OUO,OL-20250605-140000-001-V2-1003,['O-20250605-140000-001-V2-3009'],O-20250605-140000-001-V2-3007,,,,['V2_POS1_SL'],6e96e4b4-1cb7-4d6b-a4c6-2e1d0a241d9d,1749132000000000000,1749132360000000000,1.14953,DEFAULT,,,,,
O-20250605-140000-001-V2-3009,BACKTESTER-001,MLSignalStrategyV2-V2,EUR/USD.IDEALPRO,IDEALPRO-1-3009,EUR/USD.IDEALPRO-MLSignalStrategyV2-V2,IDEALPRO-001,IDEALPRO-1-316987,LIMIT,BUY,100000.00,GTC,True,False,100000.00,MAKER,1.14656,-2.999999999997449e-05,['2.29 USD'],NO_TRIGGER,FILLED,OUO,OL-20250605-140000-001-V2-1003,['O-20250605-140000-001-V2-3008'],O-20250605-140000-001-V2-3007,,,,['V2_POS1_TP'],fc16ff5a-f806-4cc3-b4e3-3543d0a71a2e,1749132000000000000,1749132360000000000,,,,,1.14659,False,
O-20250605-141500-001-V2-3010,BACKTESTER-001,MLSignalStrategyV2-V2,EUR/USD.IDEALPRO,IDEALPRO-1-3010,EUR/USD.IDEALPRO-MLSignalStrategyV2-V2,IDEALPRO-001,IDEALPRO-1-317006,MARKET,SELL,100000.00,GTC,False,False,100000.00,TAKER,1.14765,0.0,['2.30 USD'],NO_TRIGGER,FILLED,OTO,OL-20250605-141500-001-V2-1004,"['O-20250605-141500-001-V2-3011', 'O-20250605-141500-001-V2-3012']",,,,,['V2_POS1'],4bd3d76b-e8f4-4227-ae7c-be8a11cc4a76,1749132900000000000,1749132900000000000,,,,,,,
O-20250605-141500-001-V2-3011,BACKTESTER-001,MLSignalStrategyV2-V2,EUR/USD.IDEALPRO,IDEALPRO-1-3011,EUR/USD.IDEALPRO-MLSignalStrategyV2-V2,IDEALPRO-001,,STOP_MARKET,BUY,100000.00,GTC,True,False,0.00,NO_LIQUIDITY_SIDE,,,,NO_TRIGGER,CANCELED,OUO,OL-20250605-141500-001-V2-1004,['O-20250605-141500-001-V2-3012'],O-20250605-141500-001-V2-3010,,,,['V2_POS1_SL'],dd9b917c-9e4c-4683-ba2e-41b0ddc6e3a3,1749132900000000000,1749134820000000000,1.14908,DEFAULT,,,,,
O-20250605-141500-001-V2-3012,BACKTESTER-001,MLSignalStrategyV2-V2,EUR/USD.IDEALPRO,IDEALPRO-1-3012,EUR/USD.IDEALPRO-MLSignalStrategyV2-V2,IDEALPRO-001,IDEALPRO-1-317071,LIMIT,BUY,100000.00,GTC,True,False,100000.00,MAKER,1.14594,-0.000280000000000058,['2.29 USD'],NO_TRIGGER,FILLED,OUO,OL-20250605-141500-001-V2-1004,['O-20250605-141500-001-V2-3011'],O-20250605-141500-001-V2-3010,,,,['V2_POS1_TP'],f74dd9d5-a9b7-4fcc-af2d-2cb4803b1bd5,1749132900000000000,1749134820000000000,,,,,1.14622,False,
O-20250605-190000-001-V2-3013,BACKTESTER-001,MLSignalStrategyV2-V2,EUR/USD.IDEALPRO,IDEALPRO-1-3013,EUR/USD.IDEALPRO-MLSignalStrategyV2-V2,IDEALPRO-001,IDEALPRO-1-317578,MARKET,BUY,100000.00,GTC,False,False,100000.00,TAKER,1.14424,0.0,['2.29 USD'],NO_TRIGGER,FILLED,OTO,OL-20250605-190000-001-V2-1005,"['O-20250605-190000-001-V2-3014', 'O-20250605-190000-001-V2-3015']",,,,,['V2_POS1'],6538ae72-e359-4744-acc8-5d4e2a321ed3,1749150000000000000,1749150000000000000,,,,,,,
O-20250605-190000-001-V2-3014,BACKTESTER-001,MLSignalStrategyV2-V2,EUR/USD.IDEALPRO,IDEALPRO-1-3014,EUR/USD.IDEALPRO-MLSignalStrategyV2-V2,IDEALPRO-001,IDEALPRO-1-317651,STOP_MARKET,SELL,100000.00,GTC,True,False,100000.00,TAKER,1.14345,1.999999999990898e-05,['2.29 USD'],NO_TRIGGER,FILLED,OUO,OL-20250605-190000-001-V2-1005,['O-20250605-190000-001-V2-3015'],O-20250605-190000-001-V2-3013,,,,['V2_POS1_SL'],c7acc8d3-9c1a-4614-8b30-8ea62430d692,1749150000000000000,1749152160000000000,1.14347,DEFAULT,,,,,
O-20250605-190000-001-V2-3015,BACKTESTER-001,MLSignalStrategyV2-V2,EUR/USD.IDEALPRO,IDEALPRO-1-3015,EUR/USD.IDEALPRO-MLSignalStrategyV2-V2,IDEALPRO-001,,LIMIT,SELL,100000.00,GTC,True,False,0.00,NO_LIQUIDITY_SIDE,,,,NO_TRIGGER,CANCELED,OUO,OL-20250605-190000-001-V2-1005,['O-20250605-190000-001-V2-3014'],O-20250605-190000-001-V2-3013,,,,['V2_POS1_TP'],f4e867a2-2693-4692-9147-2eae160f46ba,1749150000000000000,1749152160000000000,,,,,1.14499,False,
O-20250605-230000-001-V2-3016,BACKTESTER-001,MLSignalStrategyV2-V2,EUR/USD.IDEALPRO,IDEALPRO-1-3016,EUR/USD.IDEALPRO-MLSignalStrategyV2-V2,IDEALPRO-001,IDEALPRO-1-318030,MARKET,BUY,100000.00,GTC,False,False,100000.00,TAKER,1.14517,0.0,['2.29 USD'],NO_TRIGGER,FILLED,OTO,OL-20250605-230000-001-V2-1006,"['O-20250605-230000-001-V2-3017', 'O-20250605-230000-001-V2-3018']",,,,,['V2_POS1'],f724c084-e7fa-4049-b28d-400258400e1b,1749164400000000000,1749164400000000000,,,,,,,
O-20250605-230000-001-V2-3017,BACKTESTER-001,MLSignalStrategyV2-V2,EUR/USD.IDEALPRO,IDEALPRO-1-3017,EUR/USD.IDEALPRO-MLSignalStrategyV2-V2,IDEALPRO-001,IDEALPRO-1-318039,STOP_MARKET,SELL,100000.00,GTC,True,False,100000.00,TAKER,1.14475,2.0000000000131024e-05,['2.29 USD'],NO_TRIGGER,FILLED,OUO,OL-20250605-230000-001-V2-1006,['O-20250605-230000-001-V2-3018'],O-20250605-230000-001-V2-3016,,,,['V2_POS1_SL'],c481c193-3958-4869-a062-a9c888a18880,1749164400000000000,1749164640000000000,1.14477,DEFAULT,,,,,
O-20250605-230000-001-V2-3018,BACKTESTER-001,MLSignalStrategyV2-V2,EUR/USD.IDEALPRO,IDEALPRO-1-3018,EUR/USD.IDEALPRO-MLSignalStrategyV2-V2,IDEALPRO-001,,LIMIT,SELL,100000.00,GTC,True,False,0.00,NO_LIQUIDITY_SIDE,,,,NO_TRIGGER,CANCELED,OUO,OL-20250605-230000-001-V2-1006,['O-20250605-230000-001-V2-3017'],O-20250605-230000-001-V2-3016,,,,['V2_POS1_TP'],97097124-07b8-487a-a53e-a5b855c13512,1749164400000000000,1749164640000000000,,,,,1.14557,False,
O-20250606-014500-001-V2-3019,BACKTESTER-001,MLSignalStrategyV2-V2,EUR/USD.IDEALPRO,IDEALPRO-1-3019,EUR/USD.IDEALPRO-MLSignalStrategyV2-V2,IDEALPRO-001,IDEALPRO-1-318362,MARKET,SELL,100000.00,GTC,False,False,100000.00,TAKER,1.14461,0.0,['2.29 USD'],NO_TRIGGER,FILLED,OTO,OL-20250606-014500-001-V2-1007,"['O-20250606-014500-001-V2-3020', 'O-20250606-014500-001-V2-3021']",,,,,['V2_POS1'],ead91121-12c7-4938-9d8e-12328445a285,1749174300000000000,1749174300000000000,,,,,,,
O-20250606-014500-001-V2-3020,BACKTESTER-001,MLSignalStrategyV2-V2,EUR/USD.IDEALPRO,IDEALPRO-1-3020,EUR/USD.IDEALPRO-MLSignalStrategyV2-V2,IDEALPRO-001,,STOP_MARKET,BUY,100000.00,GTC,True,False,0.00,NO_LIQUIDITY_SIDE,,,,NO_TRIGGER,CANCELED,OUO,OL-20250606-014500-001-V2-1007,['O-20250606-014500-001-V2-3021'],O-20250606-014500-001-V2-3019,,,,['V2_POS1_SL'],7530a0d1-b103-4075-8bd8-d0d4d8864483,1749174300000000000,1749175080000000000,1.14500,DEFAULT,,,,,
O-20250606-014500-001-V2-3021,BACKTESTER-001,MLSignalStrategyV2-V2,EUR/USD.IDEALPRO,IDEALPRO-1-3021,EUR/USD.IDEALPRO-MLSignalStrategyV2-V2,IDEALPRO-001,IDEALPRO-1-318389,LIMIT,BUY,100000.00,GTC,True,False,100000.00,MAKER,1.14415,-7.00000000000145e-05,['2.29 USD'],NO_TRIGGER,FILLED,OUO,OL-20250606-014500-001-V2-1007,['O-20250606-014500-001-V2-3020'],O-20250606-014500-001-V2-3019,,,,['V2_POS1_TP'],f2c5aa5c-3670-4660-82ee-4bf30d67db93,1749174300000000000,1749175080000000000,,,,,1.14422,False,
O-20250606-020000-001-V2-3022,BACKTESTER-001,MLSignalStrategyV2-V2,EUR/USD.IDEALPRO,IDEALPRO-1-3022,EUR/USD.IDEALPRO-MLSignalStrategyV2-V2,IDEALPRO-001,IDEALPRO-1-318394,MARKET,SELL,100000.00,GTC,False,False,100000.00,TAKER,1.14426,0.0,['2.29 USD'],NO_TRIGGER,FILLED,OTO,OL-20250606-020000-001-V2-1008,"['O-20250606-020000-001-V2-3023', 'O-20250606-020000-001-V2-3024']",,,,,['V2_POS1'],d5b2a007-45ce-4cbd-a747-d106ee0a9590,1749175200000000000,1749175200000000000,,,,,,,
O-20250606-020000-001-V2-3023,BACKTESTER-001,MLSignalStrategyV2-V2,EUR/USD.IDEALPRO,IDEALPRO-1-3023,EUR/USD.IDEALPRO-MLSignalStrategyV2-V2,IDEALPRO-001,,STOP_MARKET,BUY,100000.00,GTC,True,False,0.00,NO_LIQUIDITY_SIDE,,,,NO_TRIGGER,CANCELED,OUO,OL-20250606-020000-001-V2-1008,['O-20250606-020000-001-V2-3024'],O-20250606-020000-001-V2-3022,,,,['V2_POS1_SL'],2cfe9bcb-839a-4cb2-84a8-7281ea12df83,1749175200000000000,1749175440000000000,1.14467,DEFAULT,,,,,
O-20250606-020000-001-V2-3024,BACKTESTER-001,MLSignalStrategyV2-V2,EUR/USD.IDEALPRO,IDEALPRO-1-3024,EUR/USD.IDEALPRO-MLSignalStrategyV2-V2,IDEALPRO-001,IDEALPRO-1-318403,LIMIT,BUY,100000.00,GTC,True,False,100000.00,MAKER,1.14382,-2.999999999997449e-05,['2.29 USD'],NO_TRIGGER,FILLED,OUO,OL-20250606-020000-001-V2-1008,['O-20250606-020000-001-V2-3023'],O-20250606-020000-001-V2-3022,,,,['V2_POS1_TP'],eec9aa8c-7481-4cdd-859e-352cc5928858,1749175200000000000,1749175440000000000,,,,,1.14385,False,
O-20250606-021500-001-V2-3025,BACKTESTER-001,MLSignalStrategyV2-V2,EUR/USD.IDEALPRO,IDEALPRO-1-3025,EUR/USD.IDEALPRO-MLSignalStrategyV2-V2,IDEALPRO-001,IDEALPRO-1-318426,MARKET,BUY,100000.00,GTC,False,False,100000.00,TAKER,1.14384,0.0,['2.29 USD'],NO_TRIGGER,FILLED,OTO,OL-20250606-021500-001-V2-1009,"['O-20250606-021500-001-V2-3026', 'O-20250606-021500-001-V2-3027']",,,,,['V2_POS1'],a56b4d54-453e-4455-8a69-21bf6986324b,1749176100000000000,1749176100000000000,,,,,,,
O-20250606-021500-001-V2-3026,BACKTESTER-001,MLSignalStrategyV2-V2,EUR/USD.IDEALPRO,IDEALPRO-1-3026,EUR/USD.IDEALPRO-MLSignalStrategyV2-V2,IDEALPRO-001,IDEALPRO-1-318441,STOP_MARKET,SELL,100000.00,GTC,True,False,100000.00,TAKER,1.14338,1.999999999990898e-05,['2.29 USD'],NO_TRIGGER,FILLED,OUO,OL-20250606-021500-001-V2-1009,['O-20250606-021500-001-V2-3027'],O-20250606-021500-001-V2-3025,,,,['V2_POS1_SL'],4e8559c0-81a7-434a-86f4-3684c2c9fa18,1749176100000000000,1749176520000000000,1.14340,DEFAULT,,,,,
O-20250606-021500-001-V2-3027,BACKTESTER-001,MLSignalStrategyV2-V2,EUR/USD.IDEALPRO,IDEALPRO-1-3027,EUR/USD.IDEALPRO-MLSignalStrategyV2-V2,IDEALPRO-001,,LIMIT,SELL,100000.00,GTC,True,False,0.00,NO_LIQUIDITY_SIDE,,,,NO_TRIGGER,CANCELED,OUO,OL-20250606-021500-001-V2-1009,['O-20250606-021500-001-V2-3026'],O-20250606-021500-001-V2-3025,,,,['V2_POS1_TP'],2d02cf26-7fdc-46e7-8f40-277f1d9c233d,1749176100000000000,1749176520000000000,,,,,1.14426,False,
O-20250606-023000-001-V2-3028,BACKTESTER-001,MLSignalStrategyV2-V2,EUR/USD.IDEALPRO,IDEALPRO-1-3028,EUR/USD.IDEALPRO-MLSignalStrategyV2-V2,IDEALPRO-001,IDEALPRO-1-318458,MARKET,BUY,100000.00,GTC,False,False,100000.00,TAKER,1.14353,0.0,['2.29 USD'],NO_TRIGGER,FILLED,OTO,OL-20250606-023000-001-V2-1010,"['O-20250606-023000-001-V2-3029', 'O-20250606-023000-001-V2-3030']",,,,,['V2_POS1'],2600a575-d017-47d2-be8e-709b69d3268d,1749177000000000000,1749177000000000000,,,,,,,
O-20250606-023000-001-V2-3029,BACKTESTER-001,MLSignalStrategyV2-V2,EUR/USD.IDEALPRO,IDEALPRO-1-3029,EUR/USD.IDEALPRO-MLSignalStrategyV2-V2,IDEALPRO-001,,STOP_MARKET,SELL,100000.00,GTC,True,False,0.00,NO_LIQUIDITY_SIDE,,,,NO_TRIGGER,CANCELED,OUO,OL-20250606-023000-001-V2-1010,['O-20250606-023000-001-V2-3030'],O-20250606-023000-001-V2-3028,,,,['V2_POS1_SL'],450eb4c7-f623-45a0-bcdc-b58ff69bc2f7,1749177000000000000,1749178620000000000,1.14309,DEFAULT,,,,,
O-20250606-023000-001-V2-3030,BACKTESTER-001,MLSignalStrategyV2-V2,EUR/USD.IDEALPRO,IDEALPRO-1-3030,EUR/USD.IDEALPRO-MLSignalStrategyV2-V2,IDEALPRO-001,IDEALPRO-1-318513,LIMIT,SELL,100000.00,GTC,True,False,100000.00,MAKER,1.14402,-7.00000000000145e-05,['2.29 USD'],NO_TRIGGER,FILLED,OUO,OL-20250606-023000-001-V2-1010,['O-20250606-023000-001-V2-3029'],O-20250606-023000-001-V2-3028,,,,['V2_POS1_TP'],02543828-b254-40ca-97ec-a5eeb7ba2988,1749177000000000000,1749178620000000000,,,,,1.14395,False,
O-20250606-093000-001-V2-3031,BACKTESTER-001,MLSignalStrategyV2-V2,EUR/USD.IDEALPRO,IDEALPRO-1-3031,EUR/USD.IDEALPRO-MLSignalStrategyV2-V2,IDEALPRO-001,IDEALPRO-1-319300,MARKET,SELL,100000.00,GTC,False,False,100000.00,TAKER,1.14142,0.0,['2.28 USD'],NO_TRIGGER,FILLED,OTO,OL-20250606-093000-001-V2-1011,"['O-20250606-093000-001-V2-3032', 'O-20250606-093000-001-V2-3033']",,,,,['V2_POS1'],c30e4557-a946-4e70-9029-b44b29466a5c,1749202200000000000,1749202200000000000,,,,,,,
O-20250606-093000-001-V2-3032,BACKTESTER-001,MLSignalStrategyV2-V2,EUR/USD.IDEALPRO,IDEALPRO-1-3032,EUR/USD.IDEALPRO-MLSignalStrategyV2-V2,IDEALPRO-001,IDEALPRO-1-319331,STOP_MARKET,BUY,100000.00,GTC,True,False,100000.00,TAKER,1.14213,0.00017000000000000348,['2.28 USD'],NO_TRIGGER,FILLED,OUO,OL-20250606-093000-001-V2-1011,['O-20250606-093000-001-V2-3033'],O-20250606-093000-001-V2-3031,,,,['V2_POS1_SL'],93d95cd4-4412-4738-b9be-4d2bb5ac9f00,1749202200000000000,1749203100000000000,1.14196,DEFAULT,,,,,
O-20250606-093000-001-V2-3033,BACKTESTER-001,MLSignalStrategyV2-V2,EUR/USD.IDEALPRO,IDEALPRO-1-3033,EUR/USD.IDEALPRO-MLSignalStrategyV2-V2,IDEALPRO-001,,LIMIT,BUY,100000.00,GTC,True,False,0.00,NO_LIQUIDITY_SIDE,,,,NO_TRIGGER,CANCELED,OUO,OL-20250606-093000-001-V2-1011,['O-20250606-093000-001-V2-3032'],O-20250606-093000-001-V2-3031,,,,['V2_POS1_TP'],c6121ec8-8125-4785-92cb-e7e98c475c3f,1749202200000000000,1749203100000000000,,,,,1.14088,False,
O-20250606-101500-001-V2-3034,BACKTESTER-001,MLSignalStrategyV2-V2,EUR/USD.IDEALPRO,IDEALPRO-1-3034,EUR/USD.IDEALPRO-MLSignalStrategyV2-V2,IDEALPRO-001,IDEALPRO-1-319393,MARKET,SELL,100000.00,GTC,False,False,100000.00,TAKER,1.14202,0.0,['2.28 USD'],NO_TRIGGER,FILLED,OTO,OL-20250606-101500-001-V2-1012,"['O-20250606-101500-001-V2-3035', 'O-20250606-101500-001-V2-3036']",,,,,['V2_POS1'],73e3b01b-ba23-4f40-8309-922b79da1819,1749204900000000000,1749204900000000000,,,,,,,
O-20250606-101500-001-V2-3035,BACKTESTER-001,MLSignalStrategyV2-V2,EUR/USD.IDEALPRO,IDEALPRO-1-3035,EUR/USD.IDEALPRO-MLSignalStrategyV2-V2,IDEALPRO-001,IDEALPRO-1-319549,STOP_MARKET,BUY,100000.00,GTC,True,False,100000.00,TAKER,1.14252,1.0000000000065512e-05,['2.29 USD'],NO_TRIGGER,FILLED,OUO,OL-20250606-101500-001-V2-1012,['O-20250606-101500-001-V2-3036'],O-20250606-101500-001-V2-3034,,,,['V2_POS1_SL'],5f315f25-455f-4879-b68a-fad86dfcf428,1749204900000000000,1749209580000000000,1.14251,DEFAULT,,,,,
O-20250606-101500-001-V2-3036,BACKTESTER-001,MLSignalStrategyV2-V2,EUR/USD.IDEALPRO,IDEALPRO-1-3036,EUR/USD.IDEALPRO-MLSignalStrategyV2-V2,IDEALPRO-001,,LIMIT,BUY,100000.00,GTC,True,False,0.00,NO_LIQUIDITY_SIDE,,,,NO_TRIGGER,CANCELED,OUO,OL-20250606-101500-001-V2-1012,['O-20250606-101500-001-V2-3035'],O-20250606-101500-001-V2-3034,,,,['V2_POS1_TP'],56fefdee-5368-4c99-9304-9600a19a4368,1749204900000000000,1749209580000000000,,,,,1.14155,False,
O-20250606-131500-001-V2-3037,BACKTESTER-001,MLSignalStrategyV2-V2,EUR/USD.IDEALPRO,IDEALPRO-1-3037,EUR/USD.IDEALPRO-MLSignalStrategyV2-V2,IDEALPRO-001,IDEALPRO-1-319754,MARKET,BUY,100000.00,GTC,False,False,100000.00,TAKER,1.13943,0.0,['2.28 USD'],NO_TRIGGER,FILLED,OTO,OL-20250606-131500-001-V2-1013,"['O-20250606-131500-001-V2-3038', 'O-20250606-131500-001-V2-3039']",,,,,['V2_POS1'],f2492582-fbd5-40be-a0c1-4e170daf536d,1749215700000000000,1749215700000000000,,,,,,,
O-20250606-131500-001-V2-3038,BACKTESTER-001,MLSignalStrategyV2-V2,EUR/USD.IDEALPRO,IDEALPRO-1-3038,EUR/USD.IDEALPRO-MLSignalStrategyV2-V2,IDEALPRO-001,IDEALPRO-1-319769,STOP_MARKET,SELL,100000.00,GTC,True,False,100000.00,TAKER,1.13821,0.0001100000000000545,['2.28 USD'],NO_TRIGGER,FILLED,OUO,OL-20250606-131500-001-V2-1013,['O-20250606-131500-001-V2-3039'],O-20250606-131500-001-V2-3037,,,,['V2_POS1_SL'],22061165-8729-48f4-bb03-4328dc175dee,1749215700000000000,1749216120000000000,1.13832,DEFAULT,,,,,
O-20250606-131500-001-V2-3039,BACKTESTER-001,MLSignalStrategyV2-V2,EUR/USD.IDEALPRO,IDEALPRO-1-3039,EUR/USD.IDEALPRO-MLSignalStrategyV2-V2,IDEALPRO-001,,LIMIT,SELL,100000.00,GTC,True,False,0.00,NO_LIQUIDITY_SIDE,,,,NO_TRIGGER,CANCELED,OUO,OL-20250606-131500-001-V2-1013,['O-20250606-131500-001-V2-3038'],O-20250606-131500-001-V2-3037,,,,['V2_POS1_TP'],29c0ca37-e623-4864-9911-930372bd3d21,1749215700000000000,1749216120000000000,,,,,1.14052,False,
O-20250606-133000-001-V2-3040,BACKTESTER-001,MLSignalStrategyV2-V2,EUR/USD.IDEALPRO,IDEALPRO-1-3040,EUR/USD.IDEALPRO-MLSignalStrategyV2-V2,IDEALPRO-001,IDEALPRO-1-319786,MARKET,BUY,100000.00,GTC,False,False,100000.00,TAKER,1.13769,0.0,['2.28 USD'],NO_TRIGGER,FILLED,OTO,OL-20250606-133000-001-V2-1014,"['O-20250606-133000-001-V2-3041', 'O-20250606-133000-001-V2-3042']",,,,,['V2_POS1'],e2f26e9f-e555-42dc-976f-d3d988e5cb62,1749216600000000000,1749216600000000000,,,,,,,
O-20250606-133000-001-V2-3041,BACKTESTER-001,MLSignalStrategyV2-V2,EUR/USD.IDEALPRO,IDEALPRO-1-3041,EUR/USD.IDEALPRO-MLSignalStrategyV2-V2,IDEALPRO-001,,STOP_MARKET,SELL,100000.00,GTC,True,False,0.00,NO_LIQUIDITY_SIDE,,,,NO_TRIGGER,CANCELED,OUO,OL-20250606-133000-001-V2-1014,['O-20250606-133000-001-V2-3042'],O-20250606-133000-001-V2-3040,,,,['V2_POS1_SL'],fddc1df3-694b-4e76-89f6-3117df8718f8,1749216600000000000,1749216960000000000,1.13651,DEFAULT,,,,,
O-20250606-133000-001-V2-3042,BACKTESTER-001,MLSignalStrategyV2-V2,EUR/USD.IDEALPRO,IDEALPRO-1-3042,EUR/USD.IDEALPRO-MLSignalStrategyV2-V2,IDEALPRO-001,IDEALPRO-1-319799,LIMIT,SELL,100000.00,GTC,True,False,100000.00,MAKER,1.13902,-0.00014999999999987246,['2.28 USD'],NO_TRIGGER,FILLED,OUO,OL-20250606-133000-001-V2-1014,['O-20250606-133000-001-V2-3041'],O-20250606-133000-001-V2-3040,,,,['V2_POS1_TP'],bb1a3eea-092d-4c81-a719-d48a56fecee8,1749216600000000000,1749216960000000000,,,,,1.13887,False,
O-20250606-154500-001-V2-3043,BACKTESTER-001,MLSignalStrategyV2-V2,EUR/USD.IDEALPRO,IDEALPRO-1-3043,EUR/USD.IDEALPRO-MLSignalStrategyV2-V2,IDEALPRO-001,IDEALPRO-1-320059,MARKET,SELL,100000.00,GTC,False,False,100000.00,TAKER,1.14016,0.0,['2.28 USD'],NO_TRIGGER,FILLED,OTO,OL-20250606-154500-001-V2-1015,"['O-20250606-154500-001-V2-3044', 'O-20250606-154500-001-V2-3045']",,,,,['V2_POS1'],d5150a3b-fc5e-499d-b106-370f9ed8faae,1749224700000000000,1749224700000000000,,,,,,,
O-20250606-154500-001-V2-3044,BACKTESTER-001,MLSignalStrategyV2-V2,EUR/USD.IDEALPRO,IDEALPRO-1-3044,EUR/USD.IDEALPRO-MLSignalStrategyV2-V2,IDEALPRO-001,,STOP_MARKET,BUY,100000.00,GTC,True,False,0.00,NO_LIQUIDITY_SIDE,,,,NO_TRIGGER,CANCELED,OUO,OL-20250606-154500-001-V2-1015,['O-20250606-154500-001-V2-3045'],O-20250606-154500-001-V2-3043,,,,['V2_POS1_SL'],9b6ea179-123e-4126-ae07-a11a9b2b0f4a,1749224700000000000,1749228900000000000,1.14134,DEFAULT,,,,,
O-20250606-154500-001-V2-3045,BACKTESTER-001,MLSignalStrategyV2-V2,EUR/USD.IDEALPRO,IDEALPRO-1-3045,EUR/USD.IDEALPRO-MLSignalStrategyV2-V2,IDEALPRO-001,IDEALPRO-1-320199,LIMIT,BUY,100000.00,GTC,True,False,100000.00,MAKER,1.13886,-0.00012000000000012001,['2.28 USD'],NO_TRIGGER,FILLED,OUO,OL-20250606-154500-001-V2-1015,['O-20250606-154500-001-V2-3044'],O-20250606-154500-001-V2-3043,,,,['V2_POS1_TP'],22341f61-ca10-42e7-91d4-aa3161ebed38,1749224700000000000,1749228900000000000,,,,,1.13898,False,
O-20250606-204500-001-V2-3046,BACKTESTER-001,MLSignalStrategyV2-V2,EUR/USD.IDEALPRO,IDEALPRO-1-3046,EUR/USD.IDEALPRO-MLSignalStrategyV2-V2,IDEALPRO-001,IDEALPRO-1-320661,MARKET,BUY,100000.00,GTC,False,False,100000.00,TAKER,1.13936,0.0,['2.28 USD'],NO_TRIGGER,FILLED,OTO,OL-20250606-204500-001-V2-1016,"['O-20250606-204500-001-V2-3047', 'O-20250606-204500-001-V2-3048']",,,,,['V2_POS1'],742335f7-9034-4ffc-a3f0-765aa61c45ed,1749242700000000000,1749242700000000000,,,,,,,
O-20250606-204500-001-V2-3047,BACKTESTER-001,MLSignalStrategyV2-V2,EUR/USD.IDEALPRO,IDEALPRO-1-3047,EUR/USD.IDEALPRO-MLSignalStrategyV2-V2,IDEALPRO-001,,STOP_MARKET,SELL,100000.00,GTC,True,False,0.00,NO_LIQUIDITY_SIDE,,,,NO_TRIGGER,CANCELED,OUO,OL-20250606-204500-001-V2-1016,['O-20250606-204500-001-V2-3048'],O-20250606-204500-001-V2-3046,,,,['V2_POS1_SL'],92210db3-00d7-4832-8cb5-168c7136a9fc,1749242700000000000,1749420300000000000,1.13894,DEFAULT,,,,,
O-20250606-204500-001-V2-3048,BACKTESTER-001,MLSignalStrategyV2-V2,EUR/USD.IDEALPRO,IDEALPRO-1-3048,EUR/USD.IDEALPRO-MLSignalStrategyV2-V2,IDEALPRO-001,IDEALPRO-1-320791,LIMIT,SELL,100000.00,GTC,True,False,100000.00,MAKER,1.13979,-1.0000000000065512e-05,['2.28 USD'],NO_TRIGGER,FILLED,OUO,OL-20250606-204500-001-V2-1016,['O-20250606-204500-001-V2-3047'],O-20250606-204500-001-V2-3046,,,,['V2_POS1_TP'],198356c4-2dac-49f9-98c6-2b93d9059b77,1749242700000000000,1749420300000000000,,,,,1.13978,False,
O-20250608-221500-001-V2-3049,BACKTESTER-001,MLSignalStrategyV2-V2,EUR/USD.IDEALPRO,IDEALPRO-1-3049,EUR/USD.IDEALPRO-MLSignalStrategyV2-V2,IDEALPRO-001,IDEALPRO-1-320812,MARKET,BUY,100000.00,GTC,False,False,100000.00,TAKER,1.14027,0.0,['2.28 USD'],NO_TRIGGER,FILLED,OTO,OL-20250608-221500-001-V2-1017,"['O-20250608-221500-001-V2-3050', 'O-20250608-221500-001-V2-3051']",,,,,['V2_POS1'],1764ee63-8945-4adf-b15c-793a8f8df05d,1749420900000000000,1749420900000000000,,,,,,,
O-20250608-221500-001-V2-3050,BACKTESTER-001,MLSignalStrategyV2-V2,EUR/USD.IDEALPRO,IDEALPRO-1-3050,EUR/USD.IDEALPRO-MLSignalStrategyV2-V2,IDEALPRO-001,,STOP_MARKET,SELL,100000.00,GTC,True,False,0.00,NO_LIQUIDITY_SIDE,,,,NO_TRIGGER,CANCELED,OUO,OL-20250608-221500-001-V2-1017,['O-20250608-221500-001-V2-3051'],O-20250608-221500-001-V2-3049,,,,['V2_POS1_SL'],d2d9896e-4847-45f1-ad2a-423670dc76e2,1749420900000000000,1749423540000000000,1.13991,DEFAULT,,,,,
O-20250608-221500-001-V2-3051,BACKTESTER-001,MLSignalStrategyV2-V2,EUR/USD.IDEALPRO,IDEALPRO-1-3051,EUR/USD.IDEALPRO-MLSignalStrategyV2-V2,IDEALPRO-001,IDEALPRO-1-320901,LIMIT,SELL,100000.00,GTC,True,False,100000.00,MAKER,1.14065,-1.999999999990898e-05,['2.28 USD'],NO_TRIGGER,FILLED,OUO,OL-20250608-221500-001-V2-1017,['O-20250608-221500-001-V2-3050'],O-20250608-221500-001-V2-3049,,,,['V2_POS1_TP'],546e5fbf-ec13-4c7a-ab7b-106f4e848506,1749420900000000000,1749423540000000000,,,,,1.14063,False,
O-20250608-234500-001-V2-3052,BACKTESTER-001,MLSignalStrategyV2-V2,EUR/USD.IDEALPRO,IDEALPRO-1-3052,EUR/USD.IDEALPRO-MLSignalStrategyV2-V2,IDEALPRO-001,IDEALPRO-1-320994,MARKET,BUY,100000.00,GTC,False,False,100000.00,TAKER,1.14046,0.0,['2.28 USD'],NO_TRIGGER,FILLED,OTO,OL-20250608-234500-001-V2-1018,"['O-20250608-234500-001-V2-3053', 'O-20250608-234500-001-V2-3054']",,,,,['V2_POS1'],179939f8-d43d-43bf-83f6-959e8160b37d,1749426300000000000,1749426300000000000,,,,,,,
O-20250608-234500-001-V2-3053,BACKTESTER-001,MLSignalStrategyV2-V2,EUR/USD.IDEALPRO,IDEALPRO-1-3053,EUR/USD.IDEALPRO-MLSignalStrategyV2-V2,IDEALPRO-001,,STOP_MARKET,SELL,100000.00,GTC,True,False,0.00,NO_LIQUIDITY_SIDE,,,,NO_TRIGGER,CANCELED,OUO,OL-20250608-234500-001-V2-1018,['O-20250608-234500-001-V2-3054'],O-20250608-234500-001-V2-3052,,,,['V2_POS1_SL'],e84c307c-ac50-41e4-ae23-e104a15bcfca,1749426300000000000,1749426780000000000,1.14012,DEFAULT,,,,,
O-20250608-234500-001-V2-3054,BACKTESTER-001,MLSignalStrategyV2-V2,EUR/USD.IDEALPRO,IDEALPRO-1-3054,EUR/USD.IDEALPRO-MLSignalStrategyV2-V2,IDEALPRO-001,IDEALPRO-1-321011,LIMIT,SELL,100000.00,GTC,True,False,100000.00,MAKER,1.1408,-2.0000000000131024e-05,['2.28 USD'],NO_TRIGGER,FILLED,OUO,OL-20250608-234500-001-V2-1018,['O-20250608-234500-001-V2-3053'],O-20250608-234500-001-V2-3052,,,,['V2_POS1_TP'],2ff6bbe4-93a5-4b22-b4d2-2a456f074f87,1749426300000000000,1749426780000000000,,,,,1.14078,False,
O-20250609-021500-001-V2-3055,BACKTESTER-001,MLSignalStrategyV2-V2,EUR/USD.IDEALPRO,IDEALPRO-1-3055,EUR/USD.IDEALPRO-MLSignalStrategyV2-V2,IDEALPRO-001,IDEALPRO-1-321297,MARKET,SELL,100000.00,GTC,False,False,100000.00,TAKER,1.14222,0.0,['2.28 USD'],NO_TRIGGER,FILLED,OTO,OL-20250609-021500-001-V2-1019,"['O-20250609-021500-001-V2-3056', 'O-20250609-021500-001-V2-3057']",,,,,['V2_POS1'],3c6a8ea0-fae3-41c7-a32c-dc29180ed31c,1749435300000000000,1749435300000000000,,,,,,,
O-20250609-021500-001-V2-3056,BACKTESTER-001,MLSignalStrategyV2-V2,EUR/USD.IDEALPRO,IDEALPRO-1-3056,EUR/USD.IDEALPRO-MLSignalStrategyV2-V2,IDEALPRO-001,,STOP_MARKET,BUY,100000.00,GTC,True,False,0.00,NO_LIQUIDITY_SIDE,,,,NO_TRIGGER,CANCELED,OUO,OL-20250609-021500-001-V2-1019,['O-20250609-021500-001-V2-3057'],O-20250609-021500-001-V2-3055,,,,['V2_POS1_SL'],8a22d96c-045c-4a55-bbe3-06a118adc999,1749435300000000000,1749438060000000000,1.14279,DEFAULT,,,,,
O-20250609-021500-001-V2-3057,BACKTESTER-001,MLSignalStrategyV2-V2,EUR/USD.IDEALPRO,IDEALPRO-1-3057,EUR/USD.IDEALPRO-MLSignalStrategyV2-V2,IDEALPRO-001,IDEALPRO-1-321389,LIMIT,BUY,100000.00,GTC,True,False,100000.00,MAKER,1.14167,0.0,['2.28 USD'],NO_TRIGGER,FILLED,OUO,OL-20250609-021500-001-V2-1019,['O-20250609-021500-001-V2-3056'],O-20250609-021500-001-V2-3055,,,,['V2_POS1_TP'],4fb58bba-9cdc-4a34-8468-9d44e64fa8a8,1749435300000000000,1749438060000000000,,,,,1.14167,False,
O-20250609-104500-001-V2-3058,BACKTESTER-001,MLSignalStrategyV2-V2,EUR/USD.IDEALPRO,IDEALPRO-1-3058,EUR/USD.IDEALPRO-MLSignalStrategyV2-V2,IDEALPRO-001,IDEALPRO-1-322319,MARKET,SELL,100000.00,GTC,False,False,100000.00,TAKER,1.14182,0.0,['2.28 USD'],NO_TRIGGER,FILLED,OTO,OL-20250609-104500-001-V2-1020,"['O-20250609-104500-001-V2-3059', 'O-20250609-104500-001-V2-3060']",,,,,['V2_POS1'],05c2c328-a303-484c-9278-f8513669bac9,1749465900000000000,1749465900000000000,,,,,,,
O-20250609-104500-001-V2-3059,BACKTESTER-001,MLSignalStrategyV2-V2,EUR/USD.IDEALPRO,IDEALPRO-1-3059,EUR/USD.IDEALPRO-MLSignalStrategyV2-V2,IDEALPRO-001,,STOP_MARKET,BUY,100000.00,GTC,True,False,0.00,NO_LIQUIDITY_SIDE,,,,NO_TRIGGER,CANCELED,OUO,OL-20250609-104500-001-V2-1020,['O-20250609-104500-001-V2-3060'],O-20250609-104500-001-V2-3058,,,,['V2_POS1_SL'],05473378-0e4c-48dd-9606-58be97062e40,1749465900000000000,1749468840000000000,1.14239,DEFAULT,,,,,
O-20250609-104500-001-V2-3060,BACKTESTER-001,MLSignalStrategyV2-V2,EUR/USD.IDEALPRO,IDEALPRO-1-3060,EUR/USD.IDEALPRO-MLSignalStrategyV2-V2,IDEALPRO-001,IDEALPRO-1-322417,LIMIT,BUY,100000.00,GTC,True,False,100000.00,MAKER,1.14079,-0.000460000000000127,['2.28 USD'],NO_TRIGGER,FILLED,OUO,OL-20250609-104500-001-V2-1020,['O-20250609-104500-001-V2-3059'],O-20250609-104500-001-V2-3058,,,,['V2_POS1_TP'],5ba55916-b096-4c40-85ce-2410091a36cf,1749465900000000000,1749468840000000000,,,,,1.14125,False,
O-20250609-150000-001-V2-3061,BACKTESTER-001,MLSignalStrategyV2-V2,EUR/USD.IDEALPRO,IDEALPRO-1-3061,EUR/USD.IDEALPRO-MLSignalStrategyV2-V2,IDEALPRO-001,IDEALPRO-1-322830,MARKET,SELL,100000.00,GTC,False,False,100000.00,TAKER,1.14078,0.0,['2.28 USD'],NO_TRIGGER,FILLED,OTO,OL-20250609-150000-001-V2-1021,"['O-20250609-150000-001-V2-3062', 'O-20250609-150000-001-V2-3063']",,,,,['V2_POS1'],c1b6572e-0bd3-4154-af69-3bf2d10b67ac,1749481200000000000,1749481200000000000,,,,,,,
O-20250609-150000-001-V2-3062,BACKTESTER-001,MLSignalStrategyV2-V2,EUR/USD.IDEALPRO,IDEALPRO-1-3062,EUR/USD.IDEALPRO-MLSignalStrategyV2-V2,IDEALPRO-001,IDEALPRO-1-322849,STOP_MARKET,BUY,100000.00,GTC,True,False,100000.00,TAKER,1.1415,4.0000000000040004e-05,['2.28 USD'],NO_TRIGGER,FILLED,OUO,OL-20250609-150000-001-V2-1021,['O-20250609-150000-001-V2-3063'],O-20250609-150000-001-V2-3061,,,,['V2_POS1_SL'],88b92d7d-0c57-4573-8f85-39dda3cf8b4a,1749481200000000000,1749481740000000000,1.14146,DEFAULT,,,,,
O-20250609-150000-001-V2-3063,BACKTESTER-001,MLSignalStrategyV2-V2,EUR/USD.IDEALPRO,IDEALPRO-1-3063,EUR/USD.IDEALPRO-MLSignalStrategyV2-V2,IDEALPRO-001,,LIMIT,BUY,100000.00,GTC,True,False,0.00,NO_LIQUIDITY_SIDE,,,,NO_TRIGGER,CANCELED,OUO,OL-20250609-150000-001-V2-1021,['O-20250609-150000-001-V2-3062'],O-20250609-150000-001-V2-3061,,,,['V2_POS1_TP'],0b4c794f-2b96-456a-8669-2886bd60489c,1749481200000000000,1749481740000000000,,,,,1.14010,False,
O-20250609-191500-001-V2-3064,BACKTESTER-001,MLSignalStrategyV2-V2,EUR/USD.IDEALPRO,IDEALPRO-1-3064,EUR/USD.IDEALPRO-MLSignalStrategyV2-V2,IDEALPRO-001,IDEALPRO-1-323343,MARKET,BUY,100000.00,GTC,False,False,100000.00,TAKER,1.14285,0.0,['2.29 USD'],NO_TRIGGER,FILLED,OTO,OL-20250609-191500-001-V2-1022,"['O-20250609-191500-001-V2-3065', 'O-20250609-191500-001-V2-3066']",,,,,['V2_POS1'],2783f52f-c7df-4a01-9ade-93484f85985f,1749496500000000000,1749496500000000000,,,,,,,
O-20250609-191500-001-V2-3065,BACKTESTER-001,MLSignalStrategyV2-V2,EUR/USD.IDEALPRO,IDEALPRO-1-3065,EUR/USD.IDEALPRO-MLSignalStrategyV2-V2,IDEALPRO-001,IDEALPRO-1-323399,STOP_MARKET,SELL,100000.00,GTC,True,False,100000.00,TAKER,1.14239,2.999999999997449e-05,['2.28 USD'],NO_TRIGGER,FILLED,OUO,OL-20250609-191500-001-V2-1022,['O-20250609-191500-001-V2-3066'],O-20250609-191500-001-V2-3064,,,,['V2_POS1_SL'],71d9ac08-0f56-4b47-a91c-7f1a4ef760b3,1749496500000000000,1749498180000000000,1.14242,DEFAULT,,,,,
O-20250609-191500-001-V2-3066,BACKTESTER-001,MLSignalStrategyV2-V2,EUR/USD.IDEALPRO,IDEALPRO-1-3066,EUR/USD.IDEALPRO-MLSignalStrategyV2-V2,IDEALPRO-001,,LIMIT,SELL,100000.00,GTC,True,False,0.00,NO_LIQUIDITY_SIDE,,,,NO_TRIGGER,CANCELED,OUO,OL-20250609-191500-001-V2-1022,['O-20250609-191500-001-V2-3065'],O-20250609-191500-001-V2-3064,,,,['V2_POS1_TP'],ffe90df3-da8a-47b7-9233-2469fc058643,1749496500000000000,1749498180000000000,,,,,1.14326,False,
O-20250610-024500-001-V2-3067,BACKTESTER-001,MLSignalStrategyV2-V2,EUR/USD.IDEALPRO,IDEALPRO-1-3067,EUR/USD.IDEALPRO-MLSignalStrategyV2-V2,IDEALPRO-001,IDEALPRO-1-324215,MARKET,BUY,100000.00,GTC,False,False,100000.00,TAKER,1.13941,0.0,['2.28 USD'],NO_TRIGGER,FILLED,OTO,OL-20250610-024500-001-V2-1023,"['O-20250610-024500-001-V2-3068', 'O-20250610-024500-001-V2-3069']",,,,,['V2_POS1'],4c9f490a-75ac-481d-afa6-7483d92ccd7b,1749523500000000000,1749523500000000000,,,,,,,
O-20250610-024500-001-V2-3068,BACKTESTER-001,MLSignalStrategyV2-V2,EUR/USD.IDEALPRO,IDEALPRO-1-3068,EUR/USD.IDEALPRO-MLSignalStrategyV2-V2,IDEALPRO-001,,STOP_MARKET,SELL,100000.00,GTC,True,False,0.00,NO_LIQUIDITY_SIDE,,,,NO_TRIGGER,CANCELED,OUO,OL-20250610-024500-001-V2-1023,['O-20250610-024500-001-V2-3069'],O-20250610-024500-001-V2-3067,,,,['V2_POS1_SL'],40e70d26-df69-4c0d-b0ad-fbf248c87364,1749523500000000000,1749524400000000000,1.13876,DEFAULT,,,,,
O-20250610-024500-001-V2-3069,BACKTESTER-001,MLSignalStrategyV2-V2,EUR/USD.IDEALPRO,IDEALPRO-1-3069,EUR/USD.IDEALPRO-MLSignalStrategyV2-V2,IDEALPRO-001,IDEALPRO-1-324245,LIMIT,SELL,100000.00,GTC,True,False,100000.00,MAKER,1.14007,-9.999999999843467e-06,['2.28 USD'],NO_TRIGGER,FILLED,OUO,OL-20250610-024500-001-V2-1023,['O-20250610-024500-001-V2-3068'],O-20250610-024500-001-V2-3067,,,,['V2_POS1_TP'],b52557b4-745c-4ddf-ad23-75ee21e7cb76,1749523500000000000,1749524400000000000,,,,,1.14006,False,
O-20250610-073000-001-V2-3070,BACKTESTER-001,MLSignalStrategyV2-V2,EUR/USD.IDEALPRO,IDEALPRO-1-3070,EUR/USD.IDEALPRO-MLSignalStrategyV2-V2,IDEALPRO-001,IDEALPRO-1-324786,MARKET,BUY,100000.00,GTC,False,False,100000.00,TAKER,1.13913,0.0,['2.28 USD'],NO_TRIGGER,FILLED,OTO,OL-20250610-073000-001-V2-1024,"['O-20250610-073000-001-V2-3071', 'O-20250610-073000-001-V2-3072']",,,,,['V2_POS1'],477ebb4b-69aa-425b-87e3-85aa648a5d73,1749540600000000000,1749540600000000000,,,,,,,
O-20250610-073000-001-V2-3071,BACKTESTER-001,MLSignalStrategyV2-V2,EUR/USD.IDEALPRO,IDEALPRO-1-3071,EUR/USD.IDEALPRO-MLSignalStrategyV2-V2,IDEALPRO-001,,STOP_MARKET,SELL,100000.00,GTC,True,False,0.00,NO_LIQUIDITY_SIDE,,,,NO_TRIGGER,CANCELED,OUO,OL-20250610-073000-001-V2-1024,['O-20250610-073000-001-V2-3072'],O-20250610-073000-001-V2-3070,,,,['V2_POS1_SL'],ee5c411a-74ac-4d4b-9514-588ae3900074,1749540600000000000,1749543060000000000,1.13821,DEFAULT,,,,,
O-20250610-073000-001-V2-3072,BACKTESTER-001,MLSignalStrategyV2-V2,EUR/USD.IDEALPRO,IDEALPRO-1-3072,EUR/USD.IDEALPRO-MLSignalStrategyV2-V2,IDEALPRO-001,IDEALPRO-1-324869,LIMIT,SELL,100000.00,GTC,True,False,100000.00,MAKER,1.14037,-0.000320000000000098,['2.28 USD'],NO_TRIGGER,FILLED,OUO,OL-20250610-073000-001-V2-1024,['O-20250610-073000-001-V2-3071'],O-20250610-073000-001-V2-3070,,,,['V2_POS1_TP'],62911d1f-9132-4ce7-80b5-06a7ccbc8e73,1749540600000000000,1749543060000000000,,,,,1.14005,False,
O-20250610-101500-001-V2-3073,BACKTESTER-001,MLSignalStrategyV2-V2,EUR/USD.IDEALPRO,IDEALPRO-1-3073,EUR/USD.IDEALPRO-MLSignalStrategyV2-V2,IDEALPRO-001,IDEALPRO-1-325118,MARKET,BUY,100000.00,GTC,False,False,100000.00,TAKER,1.14129,0.0,['2.28 USD'],NO_TRIGGER,FILLED,OTO,OL-20250610-101500-001-V2-1025,"['O-20250610-101500-001-V2-3074', 'O-20250610-101500-001-V2-3075']",,,,,['V2_POS1'],de067240-179e-4740-8e2a-5d7154a0b071,1749550500000000000,1749550500000000000,,,,,,,
O-20250610-101500-001-V2-3074,BACKTESTER-001,MLSignalStrategyV2-V2,EUR/USD.IDEALPRO,IDEALPRO-1-3074,EUR/USD.IDEALPRO-MLSignalStrategyV2-V2,IDEALPRO-001,,STOP_MARKET,SELL,100000.00,GTC,True,False,0.00,NO_LIQUIDITY_SIDE,,,,NO_TRIGGER,CANCELED,OUO,OL-20250610-101500-001-V2-1025,['O-20250610-101500-001-V2-3075'],O-20250610-101500-001-V2-3073,,,,['V2_POS1_SL'],a84c9ab9-60bb-4e0e-a995-f351960892a8,1749550500000000000,1749551160000000000,1.14055,DEFAULT,,,,,
O-20250610-101500-001-V2-3075,BACKTESTER-001,MLSignalStrategyV2-V2,EUR/USD.IDEALPRO,IDEALPRO-1-3075,EUR/USD.IDEALPRO-MLSignalStrategyV2-V2,IDEALPRO-001,IDEALPRO-1-325141,LIMIT,SELL,100000.00,GTC,True,False,100000.00,MAKER,1.1422,-0.00017000000000000348,['2.28 USD'],NO_TRIGGER,FILLED,OUO,OL-20250610-101500-001-V2-1025,['O-20250610-101500-001-V2-3074'],O-20250610-101500-001-V2-3073,,,,['V2_POS1_TP'],64d24323-7ae8-4731-9720-9c9742fcb561,1749550500000000000,1749551160000000000,,,,,1.14203,False,
O-20250610-141500-001-V2-3076,BACKTESTER-001,MLSignalStrategyV2-V2,EUR/USD.IDEALPRO,IDEALPRO-1-3076,EUR/USD.IDEALPRO-MLSignalStrategyV2-V2,IDEALPRO-001,IDEALPRO-1-325601,MARKET,BUY,100000.00,GTC,False,False,100000.00,TAKER,1.14322,0.0,['2.29 USD'],NO_TRIGGER,FILLED,OTO,OL-20250610-141500-001-V2-1026,"['O-20250610-141500-001-V2-3077', 'O-20250610-141500-001-V2-3078']",,,,,['V2_POS1'],ef073571-0e1e-45a8-b2fc-da56c7abeb7e,1749564900000000000,1749564900000000000,,,,,,,
O-20250610-141500-001-V2-3077,BACKTESTER-001,MLSignalStrategyV2-V2,EUR/USD.IDEALPRO,IDEALPRO-1-3077,EUR/USD.IDEALPRO-MLSignalStrategyV2-V2,IDEALPRO-001,IDEALPRO-1-325671,STOP_MARKET,SELL,100000.00,GTC,True,False,100000.00,TAKER,1.14209,0.00039999999999995595,['2.28 USD'],NO_TRIGGER,FILLED,OUO,OL-20250610-141500-001-V2-1026,['O-20250610-141500-001-V2-3078'],O-20250610-141500-001-V2-3076,,,,['V2_POS1_SL'],1f02fbcf-4c65-4eb3-acae-dbab4f0ebc99,1749564900000000000,1749567000000000000,1.14249,DEFAULT,,,,,
O-20250610-141500-001-V2-3078,BACKTESTER-001,MLSignalStrategyV2-V2,EUR/USD.IDEALPRO,IDEALPRO-1-3078,EUR/USD.IDEALPRO-MLSignalStrategyV2-V2,IDEALPRO-001,,LIMIT,SELL,100000.00,GTC,True,False,0.00,NO_LIQUIDITY_SIDE,,,,NO_TRIGGER,CANCELED,OUO,OL-20250610-141500-001-V2-1026,['O-20250610-141500-001-V2-3077'],O-20250610-141500-001-V2-3076,,,,['V2_POS1_TP'],c47f94b1-d8c9-4a57-93ff-8f2b6d89ddec,1749564900000000000,1749567000000000000,,,,,1.14395,False,
O-20250610-160000-001-V2-3079,BACKTESTER-001,MLSignalStrategyV2-V2,EUR/USD.IDEALPRO,IDEALPRO-1-3079,EUR/USD.IDEALPRO-MLSignalStrategyV2-V2,IDEALPRO-001,IDEALPRO-1-325812,MARKET,SELL,100000.00,GTC,False,False,100000.00,TAKER,1.14225,0.0,['2.28 USD'],NO_TRIGGER,FILLED,OTO,OL-20250610-160000-001-V2-1027,"['O-20250610-160000-001-V2-3080', 'O-20250610-160000-001-V2-3081']",,,,,['V2_POS1'],eac63f1d-0078-4836-a0eb-87a85e6a6532,1749571200000000000,1749571200000000000,,,,,,,
O-20250610-160000-001-V2-3080,BACKTESTER-001,MLSignalStrategyV2-V2,EUR/USD.IDEALPRO,IDEALPRO-1-3080,EUR/USD.IDEALPRO-MLSignalStrategyV2-V2,IDEALPRO-001,,STOP_MARKET,BUY,100000.00,GTC,True,False,0.00,NO_LIQUIDITY_SIDE,,,,NO_TRIGGER,CANCELED,OUO,OL-20250610-160000-001-V2-1027,['O-20250610-160000-001-V2-3081'],O-20250610-160000-001-V2-3079,,,,['V2_POS1_SL'],9ba815a7-fd79-418d-9464-9502e6be8eeb,1749571200000000000,1749573120000000000,1.14289,DEFAULT,,,,,
O-20250610-160000-001-V2-3081,BACKTESTER-001,MLSignalStrategyV2-V2,EUR/USD.IDEALPRO,IDEALPRO-1-3081,EUR/USD.IDEALPRO-MLSignalStrategyV2-V2,IDEALPRO-001,IDEALPRO-1-325877,LIMIT,BUY,100000.00,GTC,True,False,100000.00,MAKER,1.1416,-1.0000000000065512e-05,['2.28 USD'],NO_TRIGGER,FILLED,OUO,OL-20250610-160000-001-V2-1027,['O-20250610-160000-001-V2-3080'],O-20250610-160000-001-V2-3079,,,,['V2_POS1_TP'],ba754f26-1388-4b77-aa28-2db2411b3d0e,1749571200000000000,1749573120000000000,,,,,1.14161,False,
O-20250610-220000-001-V2-3082,BACKTESTER-001,MLSignalStrategyV2-V2,EUR/USD.IDEALPRO,IDEALPRO-1-3082,EUR/USD.IDEALPRO-MLSignalStrategyV2-V2,IDEALPRO-001,IDEALPRO-1-326504,MARKET,BUY,100000.00,GTC,False,False,100000.00,TAKER,1.14248,0.0,['2.28 USD'],NO_TRIGGER,FILLED,OTO,OL-20250610-220000-001-V2-1028,"['O-20250610-220000-001-V2-3083', 'O-20250610-220000-001-V2-3084']",,,,,['V2_POS1'],281e2336-3d71-459b-93c2-73f6b07cfece,1749592800000000000,1749592800000000000,,,,,,,
O-20250610-220000-001-V2-3083,BACKTESTER-001,MLSignalStrategyV2-V2,EUR/USD.IDEALPRO,IDEALPRO-1-3083,EUR/USD.IDEALPRO-MLSignalStrategyV2-V2,IDEALPRO-001,,STOP_MARKET,SELL,100000.00,GTC,True,False,0.00,NO_LIQUIDITY_SIDE,,,,NO_TRIGGER,CANCELED,OUO,OL-20250610-220000-001-V2-1028,['O-20250610-220000-001-V2-3084'],O-20250610-220000-001-V2-3082,,,,['V2_POS1_SL'],862a8475-8af5-4eb9-b5bc-d3fd985a8d46,1749592800000000000,1749595680000000000,1.14205,DEFAULT,,,,,
O-20250610-220000-001-V2-3084,BACKTESTER-001,MLSignalStrategyV2-V2,EUR/USD.IDEALPRO,IDEALPRO-1-3084,EUR/USD.IDEALPRO-MLSignalStrategyV2-V2,IDEALPRO-001,IDEALPRO-1-326601,LIMIT,SELL,100000.00,GTC,True,False,100000.00,MAKER,1.14292,-9.999999999843467e-06,['2.29 USD'],NO_TRIGGER,FILLED,OUO,OL-20250610-220000-001-V2-1028,['O-20250610-220000-001-V2-3083'],O-20250610-220000-001-V2-3082,,,,['V2_POS1_TP'],a7c2955c-6ace-4aea-b62e-ca2f04268637,1749592800000000000,1749595680000000000,,,,,1.14291,False,
O-20250610-230000-001-V2-3085,BACKTESTER-001,MLSignalStrategyV2-V2,EUR/USD.IDEALPRO,IDEALPRO-1-3085,EUR/USD.IDEALPRO-MLSignalStrategyV2-V2,IDEALPRO-001,IDEALPRO-1-326627,MARKET,BUY,100000.00,GTC,False,False,100000.00,TAKER,1.14287,0.0,['2.29 USD'],NO_TRIGGER,FILLED,OTO,OL-20250610-230000-001-V2-1029,"['O-20250610-230000-001-V2-3086', 'O-20250610-230000-001-V2-3087']",,,,,['V2_POS1'],adfc3132-6e24-4800-9e7c-c305674ac6fd,1749596400000000000,1749596400000000000,,,,,,,
O-20250610-230000-001-V2-3086,BACKTESTER-001,MLSignalStrategyV2-V2,EUR/USD.IDEALPRO,IDEALPRO-1-3086,EUR/USD.IDEALPRO-MLSignalStrategyV2-V2,IDEALPRO-001,,STOP_MARKET,SELL,100000.00,GTC,True,False,0.00,NO_LIQUIDITY_SIDE,,,,NO_TRIGGER,CANCELED,OUO,OL-20250610-230000-001-V2-1029,['O-20250610-230000-001-V2-3087'],O-20250610-230000-001-V2-3085,,,,['V2_POS1_SL'],25b399ee-5a3a-42fa-b60f-169fe45b25b8,1749596400000000000,1749597000000000000,1.14254,DEFAULT,,,,,
O-20250610-230000-001-V2-3087,BACKTESTER-001,MLSignalStrategyV2-V2,EUR/USD.IDEALPRO,IDEALPRO-1-3087,EUR/USD.IDEALPRO-MLSignalStrategyV2-V2,IDEALPRO-001,IDEALPRO-1-326647,LIMIT,SELL,100000.00,GTC,True,False,100000.00,MAKER,1.14329,-8.999999999992347e-05,['2.29 USD'],NO_TRIGGER,FILLED,OUO,OL-20250610-230000-001-V2-1029,['O-20250610-230000-001-V2-3086'],O-20250610-230000-001-V2-3085,,,,['V2_POS1_TP'],b6e2dd72-a993-4745-bfdf-4aec43557354,1749596400000000000,1749597000000000000,,,,,1.14320,False,
O-20250611-020000-001-V2-3088,BACKTESTER-001,MLSignalStrategyV2-V2,EUR/USD.IDEALPRO,IDEALPRO-1-3088,EUR/USD.IDEALPRO-MLSignalStrategyV2-V2,IDEALPRO-001,IDEALPRO-1-326989,MARKET,BUY,100000.00,GTC,False,False,100000.00,TAKER,1.14085,0.0,['2.28 USD'],NO_TRIGGER,FILLED,OTO,OL-20250611-020000-001-V2-1030,"['O-20250611-020000-001-V2-3089', 'O-20250611-020000-001-V2-3090']",,,,,['V2_POS1'],dcfbcd43-54cf-45ca-be4e-37a4c242c84f,1749607200000000000,1749607200000000000,,,,,,,
O-20250611-020000-001-V2-3089,BACKTESTER-001,MLSignalStrategyV2-V2,EUR/USD.IDEALPRO,IDEALPRO-1-3089,EUR/USD.IDEALPRO-MLSignalStrategyV2-V2,IDEALPRO-001,,STOP_MARKET,SELL,100000.00,GTC,True,False,0.00,NO_LIQUIDITY_SIDE,,,,NO_TRIGGER,CANCELED,OUO,OL-20250611-020000-001-V2-1030,['O-20250611-020000-001-V2-3090'],O-20250611-020000-001-V2-3088,,,,['V2_POS1_SL'],8109c885-0099-4014-a0db-4e46e86ae4fd,1749607200000000000,1749608580000000000,1.14023,DEFAULT,,,,,
O-20250611-020000-001-V2-3090,BACKTESTER-001,MLSignalStrategyV2-V2,EUR/USD.IDEALPRO,IDEALPRO-1-3090,EUR/USD.IDEALPRO-MLSignalStrategyV2-V2,IDEALPRO-001,IDEALPRO-1-327035,LIMIT,SELL,100000.00,GTC,True,False,100000.00,MAKER,1.14147,0.0,['2.28 USD'],NO_TRIGGER,FILLED,OUO,OL-20250611-020000-001-V2-1030,['O-20250611-020000-001-V2-3089'],O-20250611-020000-001-V2-3088,,,,['V2_POS1_TP'],3abc4c88-655d-47e1-821e-8da1ff0cf809,1749607200000000000,1749608580000000000,,,,,1.14147,False,
O-20250611-024500-001-V2-3091,BACKTESTER-001,MLSignalStrategyV2-V2,EUR/USD.IDEALPRO,IDEALPRO-1-3091,EUR/USD.IDEALPRO-MLSignalStrategyV2-V2,IDEALPRO-001,IDEALPRO-1-327080,MARKET,BUY,100000.00,GTC,False,False,100000.00,TAKER,1.14168,0.0,['2.28 USD'],NO_TRIGGER,FILLED,OTO,OL-20250611-024500-001-V2-1031,"['O-20250611-024500-001-V2-3092', 'O-20250611-024500-001-V2-3093']",,,,,['V2_POS1'],46df52b9-9642-40d4-a9d5-5b8f4a0df609,1749609900000000000,1749609900000000000,,,,,,,
O-20250611-024500-001-V2-3092,BACKTESTER-001,MLSignalStrategyV2-V2,EUR/USD.IDEALPRO,IDEALPRO-1-3092,EUR/USD.IDEALPRO-MLSignalStrategyV2-V2,IDEALPRO-001,,STOP_MARKET,SELL,100000.00,GTC,True,False,0.00,NO_LIQUIDITY_SIDE,,,,NO_TRIGGER,CANCELED,OUO,OL-20250611-024500-001-V2-1031,['O-20250611-024500-001-V2-3093'],O-20250611-024500-001-V2-3091,,,,['V2_POS1_SL'],c6be6b9d-c51f-49f3-8b03-fe424a187ad6,1749609900000000000,1749621120000000000,1.14112,DEFAULT,,,,,
O-20250611-024500-001-V2-3093,BACKTESTER-001,MLSignalStrategyV2-V2,EUR/USD.IDEALPRO,IDEALPRO-1-3093,EUR/USD.IDEALPRO-MLSignalStrategyV2-V2,IDEALPRO-001,IDEALPRO-1-327455,LIMIT,SELL,100000.00,GTC,True,False,100000.00,MAKER,1.14226,-4.0000000000040004e-05,['2.28 USD'],NO_TRIGGER,FILLED,OUO,OL-20250611-024500-001-V2-1031,['O-20250611-024500-001-V2-3092'],O-20250611-024500-001-V2-3091,,,,['V2_POS1_TP'],758bebb8-404f-4ffa-af8c-332c1753e9d1,1749609900000000000,1749621120000000000,,,,,1.14222,False,
O-20250611-070000-001-V2-3094,BACKTESTER-001,MLSignalStrategyV2-V2,EUR/USD.IDEALPRO,IDEALPRO-1-3094,EUR/USD.IDEALPRO-MLSignalStrategyV2-V2,IDEALPRO-001,IDEALPRO-1-327592,MARKET,BUY,100000.00,GTC,False,False,100000.00,TAKER,1.14102,0.0,['2.28 USD'],NO_TRIGGER,FILLED,OTO,OL-20250611-070000-001-V2-1032,"['O-20250611-070000-001-V2-3095', 'O-20250611-070000-001-V2-3096']",,,,,['V2_POS1'],c0b334a5-e099-4442-8fff-a07dbcc72a78,1749625200000000000,1749625200000000000,,,,,,,
O-20250611-070000-001-V2-3095,BACKTESTER-001,MLSignalStrategyV2-V2,EUR/USD.IDEALPRO,IDEALPRO-1-3095,EUR/USD.IDEALPRO-MLSignalStrategyV2-V2,IDEALPRO-001,,STOP_MARKET,SELL,100000.00,GTC,True,False,0.00,NO_LIQUIDITY_SIDE,,,,NO_TRIGGER,CANCELED,OUO,OL-20250611-070000-001-V2-1032,['O-20250611-070000-001-V2-3096'],O-20250611-070000-001-V2-3094,,,,['V2_POS1_SL'],60f3d7e6-b7df-47e9-aeb6-231225166755,1749625200000000000,1749627900000000000,1.14048,DEFAULT,,,,,
O-20250611-070000-001-V2-3096,BACKTESTER-001,MLSignalStrategyV2-V2,EUR/USD.IDEALPRO,IDEALPRO-1-3096,EUR/USD.IDEALPRO-MLSignalStrategyV2-V2,IDEALPRO-001,IDEALPRO-1-327683,LIMIT,SELL,100000.00,GTC,True,False,100000.00,MAKER,1.14162,-8.000000000008001e-05,['2.28 USD'],NO_TRIGGER,FILLED,OUO,OL-20250611-070000-001-V2-1032,['O-20250611-070000-001-V2-3095'],O-20250611-070000-001-V2-3094,,,,['V2_POS1_TP'],77689e9e-f74b-47c3-a6ec-d6230b7fe042,1749625200000000000,1749627900000000000,,,,,1.14154,False,
O-20250611-081500-001-V2-3097,BACKTESTER-001,MLSignalStrategyV2-V2,EUR/USD.IDEALPRO,IDEALPRO-1-3097,EUR/USD.IDEALPRO-MLSignalStrategyV2-V2,IDEALPRO-001,IDEALPRO-1-327744,MARKET,BUY,100000.00,GTC,False,False,100000.00,TAKER,1.14227,0.0,['2.28 USD'],NO_TRIGGER,FILLED,OTO,OL-20250611-081500-001-V2-1033,"['O-20250611-081500-001-V2-3098', 'O-20250611-081500-001-V2-3099']",,,,,['V2_POS1'],393a8be8-71f9-46a7-9e71-f140a989efda,1749629700000000000,1749629700000000000,,,,,,,
O-20250611-081500-001-V2-3098,BACKTESTER-001,MLSignalStrategyV2-V2,EUR/USD.IDEALPRO,IDEALPRO-1-3098,EUR/USD.IDEALPRO-MLSignalStrategyV2-V2,IDEALPRO-001,,STOP_MARKET,SELL,100000.00,GTC,True,False,0.00,NO_LIQUIDITY_SIDE,,,,NO_TRIGGER,CANCELED,OUO,OL-20250611-081500-001-V2-1033,['O-20250611-081500-001-V2-3099'],O-20250611-081500-001-V2-3097,,,,['V2_POS1_SL'],d39bbfa3-c76b-4b2e-a210-1dfee7164209,1749629700000000000,1749630600000000000,1.14165,DEFAULT,,,,,
O-20250611-081500-001-V2-3099,BACKTESTER-001,MLSignalStrategyV2-V2,EUR/USD.IDEALPRO,IDEALPRO-1-3099,EUR/USD.IDEALPRO-MLSignalStrategyV2-V2,IDEALPRO-001,IDEALPRO-1-327775,LIMIT,SELL,100000.00,GTC,True,False,100000.00,MAKER,1.14287,0.0,['2.29 USD'],NO_TRIGGER,FILLED,OUO,OL-20250611-081500-001-V2-1033,['O-20250611-081500-001-V2-3098'],O-20250611-081500-001-V2-3097,,,,['V2_POS1_TP'],2e22f0ea-909a-4390-be8b-d51415889ea5,1749629700000000000,1749630600000000000,,,,,1.14287,False,
O-20250611-083000-001-V2-3100,BACKTESTER-001,MLSignalStrategyV2-V2,EUR/USD.IDEALPRO,IDEALPRO-1-3100,EUR/USD.IDEALPRO-MLSignalStrategyV2-V2,IDEALPRO-001,IDEALPRO-1-327776,MARKET,BUY,100000.00,GTC,False,False,100000.00,TAKER,1.14284,0.0,['2.29 USD'],NO_TRIGGER,FILLED,OTO,OL-20250611-083000-001-V2-1034,"['O-20250611-083000-001-V2-3101', 'O-20250611-083000-001-V2-3102']",,,,,['V2_POS1'],aafac122-726b-4a52-b701-7a29d8e35ccb,1749630600000000000,1749630600000000000,,,,,,,
O-20250611-083000-001-V2-3101,BACKTESTER-001,MLSignalStrategyV2-V2,EUR/USD.IDEALPRO,IDEALPRO-1-3101,EUR/USD.IDEALPRO-MLSignalStrategyV2-V2,IDEALPRO-001,,STOP_MARKET,SELL,100000.00,GTC,True,False,0.00,NO_LIQUIDITY_SIDE,,,,NO_TRIGGER,CANCELED,OUO,OL-20250611-083000-001-V2-1034,['O-20250611-083000-001-V2-3102'],O-20250611-083000-001-V2-3100,,,,['V2_POS1_SL'],de6f2bda-f561-43eb-94af-36e4e7371f76,1749630600000000000,1749631320000000000,1.14223,DEFAULT,,,,,
O-20250611-083000-001-V2-3102,BACKTESTER-001,MLSignalStrategyV2-V2,EUR/USD.IDEALPRO,IDEALPRO-1-3102,EUR/USD.IDEALPRO-MLSignalStrategyV2-V2,IDEALPRO-001,IDEALPRO-1-327801,LIMIT,SELL,100000.00,GTC,True,False,100000.00,MAKER,1.14372,-0.00026999999999999247,['2.29 USD'],NO_TRIGGER,FILLED,OUO,OL-20250611-083000-001-V2-1034,['O-20250611-083000-001-V2-3101'],O-20250611-083000-001-V2-3100,,,,['V2_POS1_TP'],b768aa5f-34da-461e-bdcb-87d6e878750d,1749630600000000000,1749631320000000000,,,,,1.14345,False,
O-20250611-160000-001-V2-3103,BACKTESTER-001,MLSignalStrategyV2-V2,EUR/USD.IDEALPRO,IDEALPRO-1-3103,EUR/USD.IDEALPRO-MLSignalStrategyV2-V2,IDEALPRO-001,IDEALPRO-1-328678,MARKET,SELL,100000.00,GTC,False,False,100000.00,TAKER,1.14894,0.0,['2.30 USD'],NO_TRIGGER,FILLED,OTO,OL-20250611-160000-001-V2-1035,"['O-20250611-160000-001-V2-3104', 'O-20250611-160000-001-V2-3105']",,,,,['V2_POS1'],b2e88b76-c596-4b84-8361-f4ee04679f13,1749657600000000000,1749657600000000000,,,,,,,
O-20250611-160000-001-V2-3104,BACKTESTER-001,MLSignalStrategyV2-V2,EUR/USD.IDEALPRO,IDEALPRO-1-3104,EUR/USD.IDEALPRO-MLSignalStrategyV2-V2,IDEALPRO-001,IDEALPRO-1-328913,STOP_MARKET,BUY,100000.00,GTC,True,False,100000.00,TAKER,1.14992,0.00012999999999996348,['2.30 USD'],NO_TRIGGER,FILLED,OUO,OL-20250611-160000-001-V2-1035,['O-20250611-160000-001-V2-3105'],O-20250611-160000-001-V2-3103,,,,['V2_POS1_SL'],36977348-7e60-4d87-b24c-a892f1aa6828,1749657600000000000,1749664620000000000,1.14979,DEFAULT,,,,,
O-20250611-160000-001-V2-3105,BACKTESTER-001,MLSignalStrategyV2-V2,EUR/USD.IDEALPRO,IDEALPRO-1-3105,EUR/USD.IDEALPRO-MLSignalStrategyV2-V2,IDEALPRO-001,,LIMIT,BUY,100000.00,GTC,True,False,0.00,NO_LIQUIDITY_SIDE,,,,NO_TRIGGER,CANCELED,OUO,OL-20250611-160000-001-V2-1035,['O-20250611-160000-001-V2-3104'],O-20250611-160000-001-V2-3103,,,,['V2_POS1_TP'],35bac78c-9d54-4859-89ee-b04a97251df8,1749657600000000000,1749664620000000000,,,,,1.14811,False,
O-20250611-210000-001-V2-3106,BACKTESTER-001,MLSignalStrategyV2-V2,EUR/USD.IDEALPRO,IDEALPRO-1-3106,EUR/USD.IDEALPRO-MLSignalStrategyV2-V2,IDEALPRO-001,IDEALPRO-1-329280,MARKET,BUY,100000.00,GTC,False,False,100000.00,TAKER,1.14876,0.0,['2.30 USD'],NO_TRIGGER,FILLED,OTO,OL-20250611-210000-001-V2-1036,"['O-20250611-210000-001-V2-3107', 'O-20250611-210000-001-V2-3108']",,,,,['V2_POS1'],ab96780d-6bf2-4e11-8464-9ba207edf150,1749675600000000000,1749675600000000000,,,,,,,
O-20250611-210000-001-V2-3107,BACKTESTER-001,MLSignalStrategyV2-V2,EUR/USD.IDEALPRO,IDEALPRO-1-3107,EUR/USD.IDEALPRO-MLSignalStrategyV2-V2,IDEALPRO-001,,STOP_MARKET,SELL,100000.00,GTC,True,False,0.00,NO_LIQUIDITY_SIDE,,,,NO_TRIGGER,CANCELED,OUO,OL-20250611-210000-001-V2-1036,['O-20250611-210000-001-V2-3108'],O-20250611-210000-001-V2-3106,,,,['V2_POS1_SL'],355dde3c-0f1c-4663-a6e5-9bd323492b9b,1749675600000000000,1749679260000000000,1.14834,DEFAULT,,,,,
O-20250611-210000-001-V2-3108,BACKTESTER-001,MLSignalStrategyV2-V2,EUR/USD.IDEALPRO,IDEALPRO-1-3108,EUR/USD.IDEALPRO-MLSignalStrategyV2-V2,IDEALPRO-001,IDEALPRO-1-329373,LIMIT,SELL,100000.00,GTC,True,False,100000.00,MAKER,1.14916,0.0,['2.30 USD'],NO_TRIGGER,FILLED,OUO,OL-20250611-210000-001-V2-1036,['O-20250611-210000-001-V2-3107'],O-20250611-210000-001-V2-3106,,,,['V2_POS1_TP'],5717b784-80bb-493f-854f-0dd6272b9e71,1749675600000000000,1749679260000000000,,,,,1.14916,False,
O-20250611-230000-001-V2-3109,BACKTESTER-001,MLSignalStrategyV2-V2,EUR/USD.IDEALPRO,IDEALPRO-1-3109,EUR/USD.IDEALPRO-MLSignalStrategyV2-V2,IDEALPRO-001,IDEALPRO-1-329493,MARKET,BUY,100000.00,GTC,False,False,100000.00,TAKER,1.15059,0.0,['2.30 USD'],NO_TRIGGER,FILLED,OTO,OL-20250611-230000-001-V2-1037,"['O-20250611-230000-001-V2-3110', 'O-20250611-230000-001-V2-3111']",,,,,['V2_POS1'],9955e7fe-f674-4213-b1c9-b31599deb6c1,1749682800000000000,1749682800000000000,,,,,,,
O-20250611-230000-001-V2-3110,BACKTESTER-001,MLSignalStrategyV2-V2,EUR/USD.IDEALPRO,IDEALPRO-1-3110,EUR/USD.IDEALPRO-MLSignalStrategyV2-V2,IDEALPRO-001,,STOP_MARKET,SELL,100000.00,GTC,True,False,0.00,NO_LIQUIDITY_SIDE,,,,NO_TRIGGER,CANCELED,OUO,OL-20250611-230000-001-V2-1037,['O-20250611-230000-001-V2-3111'],O-20250611-230000-001-V2-3109,,,,['V2_POS1_SL'],ce31f862-c7a3-4926-b440-54a8d46e0178,1749682800000000000,1749682980000000000,1.15017,DEFAULT,,,,,
O-20250611-230000-001-V2-3111,BACKTESTER-001,MLSignalStrategyV2-V2,EUR/USD.IDEALPRO,IDEALPRO-1-3111,EUR/USD.IDEALPRO-MLSignalStrategyV2-V2,IDEALPRO-001,IDEALPRO-1-329499,LIMIT,SELL,100000.00,GTC,True,False,100000.00,MAKER,1.15101,0.0,['2.30 USD'],NO_TRIGGER,FILLED,OUO,OL-20250611-230000-001-V2-1037,['O-20250611-230000-001-V2-3110'],O-20250611-230000-001-V2-3109,,,,['V2_POS1_TP'],cae445aa-2cd4-4ffe-b95a-80e9614d0974,1749682800000000000,1749682980000000000,,,,,1.15101,False,
O-20250611-233000-001-V2-3112,BACKTESTER-001,MLSignalStrategyV2-V2,EUR/USD.IDEALPRO,IDEALPRO-1-3112,EUR/USD.IDEALPRO-MLSignalStrategyV2-V2,IDEALPRO-001,IDEALPRO-1-329555,MARKET,BUY,100000.00,GTC,False,False,100000.00,TAKER,1.15055,0.0,['2.30 USD'],NO_TRIGGER,FILLED,OTO,OL-20250611-233000-001-V2-1038,"['O-20250611-233000-001-V2-3113', 'O-20250611-233000-001-V2-3114']",,,,,['V2_POS1'],0322592c-9e05-4ffd-ad01-64a77ae9e350,1749684600000000000,1749684600000000000,,,,,,,
O-20250611-233000-001-V2-3113,BACKTESTER-001,MLSignalStrategyV2-V2,EUR/USD.IDEALPRO,IDEALPRO-1-3113,EUR/USD.IDEALPRO-MLSignalStrategyV2-V2,IDEALPRO-001,,STOP_MARKET,SELL,100000.00,GTC,True,False,0.00,NO_LIQUIDITY_SIDE,,,,NO_TRIGGER,CANCELED,OUO,OL-20250611-233000-001-V2-1038,['O-20250611-233000-001-V2-3114'],O-20250611-233000-001-V2-3112,,,,['V2_POS1_SL'],706a2863-e859-47df-abcb-1ee15639896b,1749684600000000000,1749685320000000000,1.15010,DEFAULT,,,,,
O-20250611-233000-001-V2-3114,BACKTESTER-001,MLSignalStrategyV2-V2,EUR/USD.IDEALPRO,IDEALPRO-1-3114,EUR/USD.IDEALPRO-MLSignalStrategyV2-V2,IDEALPRO-001,IDEALPRO-1-329579,LIMIT,SELL,100000.00,GTC,True,False,100000.00,MAKER,1.15102,-4.0000000000040004e-05,['2.30 USD'],NO_TRIGGER,FILLED,OUO,OL-20250611-233000-001-V2-1038,['O-20250611-233000-001-V2-3113'],O-20250611-233000-001-V2-3112,,,,['V2_POS1_TP'],26627a7b-f3cf-4734-8a18-a815dacdfdb2,1749684600000000000,1749685320000000000,,,,,1.15098,False,
O-20250611-234500-001-V2-3115,BACKTESTER-001,MLSignalStrategyV2-V2,EUR/USD.IDEALPRO,IDEALPRO-1-3115,EUR/USD.IDEALPRO-MLSignalStrategyV2-V2,IDEALPRO-001,IDEALPRO-1-329586,MARKET,BUY,100000.00,GTC,False,False,100000.00,TAKER,1.15078,0.0,['2.30 USD'],NO_TRIGGER,FILLED,OTO,OL-20250611-234500-001-V2-1039,"['O-20250611-234500-001-V2-3116', 'O-20250611-234500-001-V2-3117']",,,,,['V2_POS1'],af4c8e8a-991d-4556-b1dd-ea77beab9e68,1749685500000000000,1749685500000000000,,,,,,,
O-20250611-234500-001-V2-3116,BACKTESTER-001,MLSignalStrategyV2-V2,EUR/USD.IDEALPRO,IDEALPRO-1-3116,EUR/USD.IDEALPRO-MLSignalStrategyV2-V2,IDEALPRO-001,,STOP_MARKET,SELL,100000.00,GTC,True,False,0.00,NO_LIQUIDITY_SIDE,,,,NO_TRIGGER,CANCELED,OUO,OL-20250611-234500-001-V2-1039,['O-20250611-234500-001-V2-3117'],O-20250611-234500-001-V2-3115,,,,['V2_POS1_SL'],7c90b2c2-1098-45c1-8558-a325df46bf0d,1749685500000000000,1749686460000000000,1.15033,DEFAULT,,,,,
O-20250611-234500-001-V2-3117,BACKTESTER-001,MLSignalStrategyV2-V2,EUR/USD.IDEALPRO,IDEALPRO-1-3117,EUR/USD.IDEALPRO-MLSignalStrategyV2-V2,IDEALPRO-001,IDEALPRO-1-329619,LIMIT,SELL,100000.00,GTC,True,False,100000.00,MAKER,1.15125,-2.0000000000131024e-05,['2.30 USD'],NO_TRIGGER,FILLED,OUO,OL-20250611-234500-001-V2-1039,['O-20250611-234500-001-V2-3116'],O-20250611-234500-001-V2-3115,,,,['V2_POS1_TP'],3a78d022-cf1a-47ad-9409-502d205a7be3,1749685500000000000,1749686460000000000,,,,,1.15123,False,
O-20250612-003000-001-V2-3118,BACKTESTER-001,MLSignalStrategyV2-V2,EUR/USD.IDEALPRO,IDEALPRO-1-3118,EUR/USD.IDEALPRO-MLSignalStrategyV2-V2,IDEALPRO-001,IDEALPRO-1-329679,MARKET,SELL,100000.00,GTC,False,False,100000.00,TAKER,1.15122,0.0,['2.30 USD'],NO_TRIGGER,FILLED,OTO,OL-20250612-003000-001-V2-1040,"['O-20250612-003000-001-V2-3119', 'O-20250612-003000-001-V2-3120']",,,,,['V2_POS1'],6f745f4f-483b-4f81-b15b-cfce4c620a63,1749688200000000000,1749688200000000000,,,,,,,
O-20250612-003000-001-V2-3119,BACKTESTER-001,MLSignalStrategyV2-V2,EUR/USD.IDEALPRO,IDEALPRO-1-3119,EUR/USD.IDEALPRO-MLSignalStrategyV2-V2,IDEALPRO-001,,STOP_MARKET,BUY,100000.00,GTC,True,False,0.00,NO_LIQUIDITY_SIDE,,,,NO_TRIGGER,CANCELED,OUO,OL-20250612-003000-001-V2-1040,['O-20250612-003000-001-V2-3120'],O-20250612-003000-001-V2-3118,,,,['V2_POS1_SL'],80c1b237-292e-44c2-a8cc-c216298782b1,1749688200000000000,1749688500000000000,1.15177,DEFAULT,,,,,
O-20250612-003000-001-V2-3120,BACKTESTER-001,MLSignalStrategyV2-V2,EUR/USD.IDEALPRO,IDEALPRO-1-3120,EUR/USD.IDEALPRO-MLSignalStrategyV2-V2,IDEALPRO-001,IDEALPRO-1-329689,LIMIT,BUY,100000.00,GTC,True,False,100000.00,MAKER,1.15054,-0.00013000000000018552,['2.30 USD'],NO_TRIGGER,FILLED,OUO,OL-20250612-003000-001-V2-1040,['O-20250612-003000-001-V2-3119'],O-20250612-003000-001-V2-3118,,,,['V2_POS1_TP'],6d768f2e-3320-41d8-a1a9-321c44fd840d,1749688200000000000,1749688500000000000,,,,,1.15067,False,
O-20250612-061500-001-V2-3121,BACKTESTER-001,MLSignalStrategyV2-V2,EUR/USD.IDEALPRO,IDEALPRO-1-3121,EUR/USD.IDEALPRO-MLSignalStrategyV2-V2,IDEALPRO-001,IDEALPRO-1-330370,MARKET,SELL,100000.00,GTC,False,False,100000.00,TAKER,1.15194,0.0,['2.30 USD'],NO_TRIGGER,FILLED,OTO,OL-20250612-061500-001-V2-1041,"['O-20250612-061500-001-V2-3122', 'O-20250612-061500-001-V2-3123']",,,,,['V2_POS1'],51cd7156-4d60-43fa-bbc3-3f978993a80d,1749708900000000000,1749708900000000000,,,,,,,
O-20250612-061500-001-V2-3122,BACKTESTER-001,MLSignalStrategyV2-V2,EUR/USD.IDEALPRO,IDEALPRO-1-3122,EUR/USD.IDEALPRO-MLSignalStrategyV2-V2,IDEALPRO-001,,STOP_MARKET,BUY,100000.00,GTC,True,False,0.00,NO_LIQUIDITY_SIDE,,,,NO_TRIGGER,CANCELED,OUO,OL-20250612-061500-001-V2-1041,['O-20250612-061500-001-V2-3123'],O-20250612-061500-001-V2-3121,,,,['V2_POS1_SL'],bc0999c1-6ce0-4cab-8b5c-e104ba8f26e7,1749708900000000000,1749709140000000000,1.15248,DEFAULT,,,,,
O-20250612-061500-001-V2-3123,BACKTESTER-001,MLSignalStrategyV2-V2,EUR/USD.IDEALPRO,IDEALPRO-1-3123,EUR/USD.IDEALPRO-MLSignalStrategyV2-V2,IDEALPRO-001,IDEALPRO-1-330379,LIMIT,BUY,100000.00,GTC,True,False,100000.00,MAKER,1.1513,-9.999999999998899e-05,['2.30 USD'],NO_TRIGGER,FILLED,OUO,OL-20250612-061500-001-V2-1041,['O-20250612-061500-001-V2-3122'],O-20250612-061500-001-V2-3121,,,,['V2_POS1_TP'],59c3d6b6-1312-4b12-9cd1-93bf6f58e759,1749708900000000000,1749709140000000000,,,,,1.15140,False,
O-20250612-093000-001-V2-3124,BACKTESTER-001,MLSignalStrategyV2-V2,EUR/USD.IDEALPRO,IDEALPRO-1-3124,EUR/USD.IDEALPRO-MLSignalStrategyV2-V2,IDEALPRO-001,IDEALPRO-1-330762,MARKET,SELL,100000.00,GTC,False,False,100000.00,TAKER,1.15577,0.0,['2.31 USD'],NO_TRIGGER,FILLED,OTO,OL-20250612-093000-001-V2-1042,"['O-20250612-093000-001-V2-3125', 'O-20250612-093000-001-V2-3126']",,,,,['V2_POS1'],a709aced-271d-431f-b534-229f62e0be31,1749720600000000000,1749720600000000000,,,,,,,
O-20250612-093000-001-V2-3125,BACKTESTER-001,MLSignalStrategyV2-V2,EUR/USD.IDEALPRO,IDEALPRO-1-3125,EUR/USD.IDEALPRO-MLSignalStrategyV2-V2,IDEALPRO-001,IDEALPRO-1-330809,STOP_MARKET,BUY,100000.00,GTC,True,False,100000.00,TAKER,1.15678,9.999999999998899e-05,['2.31 USD'],NO_TRIGGER,FILLED,OUO,OL-20250612-093000-001-V2-1042,['O-20250612-093000-001-V2-3126'],O-20250612-093000-001-V2-3124,,,,['V2_POS1_SL'],3cce7bd7-95e2-44a6-bb12-adc2354dd256,1749720600000000000,1749721980000000000,1.15668,DEFAULT,,,,,
O-20250612-093000-001-V2-3126,BACKTESTER-001,MLSignalStrategyV2-V2,EUR/USD.IDEALPRO,IDEALPRO-1-3126,EUR/USD.IDEALPRO-MLSignalStrategyV2-V2,IDEALPRO-001,,LIMIT,BUY,100000.00,GTC,True,False,0.00,NO_LIQUIDITY_SIDE,,,,NO_TRIGGER,CANCELED,OUO,OL-20250612-093000-001-V2-1042,['O-20250612-093000-001-V2-3125'],O-20250612-093000-001-V2-3124,,,,['V2_POS1_TP'],4c04a944-c610-432b-b703-123c95d24674,1749720600000000000,1749721980000000000,,,,,1.15486,False,
O-20250612-100000-001-V2-3127,BACKTESTER-001,MLSignalStrategyV2-V2,EUR/USD.IDEALPRO,IDEALPRO-1-3127,EUR/USD.IDEALPRO-MLSignalStrategyV2-V2,IDEALPRO-001,IDEALPRO-1-330824,MARKET,SELL,100000.00,GTC,False,False,100000.00,TAKER,1.15721,0.0,['2.31 USD'],NO_TRIGGER,FILLED,OTO,OL-20250612-100000-001-V2-1043,"['O-20250612-100000-001-V2-3128', 'O-20250612-100000-001-V2-3129']",,,,,['V2_POS1'],2645c324-35cc-45f9-9c08-3b576bba0f83,1749722400000000000,1749722400000000000,,,,,,,
O-20250612-100000-001-V2-3128,BACKTESTER-001,MLSignalStrategyV2-V2,EUR/USD.IDEALPRO,IDEALPRO-1-3128,EUR/USD.IDEALPRO-MLSignalStrategyV2-V2,IDEALPRO-001,IDEALPRO-1-330853,STOP_MARKET,BUY,100000.00,GTC,True,False,100000.00,TAKER,1.15868,0.00048000000000003595,['2.32 USD'],NO_TRIGGER,FILLED,OUO,OL-20250612-100000-001-V2-1043,['O-20250612-100000-001-V2-3129'],O-20250612-100000-001-V2-3127,,,,['V2_POS1_SL'],5027a804-53ee-469a-86e0-c7f84f621b95,1749722400000000000,1749723240000000000,1.15820,DEFAULT,,,,,
O-20250612-100000-001-V2-3129,BACKTESTER-001,MLSignalStrategyV2-V2,EUR/USD.IDEALPRO,IDEALPRO-1-3129,EUR/USD.IDEALPRO-MLSignalStrategyV2-V2,IDEALPRO-001,,LIMIT,BUY,100000.00,GTC,True,False,0.00,NO_LIQUIDITY_SIDE,,,,NO_TRIGGER,CANCELED,OUO,OL-20250612-100000-001-V2-1043,['O-20250612-100000-001-V2-3128'],O-20250612-100000-001-V2-3127,,,,['V2_POS1_TP'],2cfe7b20-4dbc-45d1-acb7-c300b14ed444,1749722400000000000,1749723240000000000,,,,,1.15622,False,
O-20250612-101500-001-V2-3130,BACKTESTER-001,MLSignalStrategyV2-V2,EUR/USD.IDEALPRO,IDEALPRO-1-3130,EUR/USD.IDEALPRO-MLSignalStrategyV2-V2,IDEALPRO-001,IDEALPRO-1-330856,MARKET,SELL,100000.00,GTC,False,False,100000.00,TAKER,1.15774,0.0,['2.32 USD'],NO_TRIGGER,FILLED,OTO,OL-20250612-101500-001-V2-1044,"['O-20250612-101500-001-V2-3131', 'O-20250612-101500-001-V2-3132']",,,,,['V2_POS1'],f90893fe-ef27-4d74-be59-593a54f3a46a,1749723300000000000,1749723300000000000,,,,,,,
O-20250612-101500-001-V2-3131,BACKTESTER-001,MLSignalStrategyV2-V2,EUR/USD.IDEALPRO,IDEALPRO-1-3131,EUR/USD.IDEALPRO-MLSignalStrategyV2-V2,IDEALPRO-001,IDEALPRO-1-330885,STOP_MARKET,BUY,100000.00,GTC,True,False,100000.00,TAKER,1.15922,0.00031999999999987594,['2.32 USD'],NO_TRIGGER,FILLED,OUO,OL-20250612-101500-001-V2-1044,['O-20250612-101500-001-V2-3132'],O-20250612-101500-001-V2-3130,,,,['V2_POS1_SL'],9d5ffa36-055c-4e06-b199-d6cf7d207c48,1749723300000000000,1749724140000000000,1.15890,DEFAULT,,,,,
O-20250612-101500-001-V2-3132,BACKTESTER-001,MLSignalStrategyV2-V2,EUR/USD.IDEALPRO,IDEALPRO-1-3132,EUR/USD.IDEALPRO-MLSignalStrategyV2-V2,IDEALPRO-001,,LIMIT,BUY,100000.00,GTC,True,False,0.00,NO_LIQUIDITY_SIDE,,,,NO_TRIGGER,CANCELED,OUO,OL-20250612-101500-001-V2-1044,['O-20250612-101500-001-V2-3131'],O-20250612-101500-001-V2-3130,,,,['V2_POS1_TP'],19d03fd5-157a-46ad-9b90-6c8e3dbbad06,1749723300000000000,1749724140000000000,,,,,1.15660,False,
O-20250612-103000-001-V2-3133,BACKTESTER-001,MLSignalStrategyV2-V2,EUR/USD.IDEALPRO,IDEALPRO-1-3133,EUR/USD.IDEALPRO-MLSignalStrategyV2-V2,IDEALPRO-001,IDEALPRO-1-330888,MARKET,SELL,100000.00,GTC,False,False,100000.00,TAKER,1.15901,0.0,['2.32 USD'],NO_TRIGGER,FILLED,OTO,OL-20250612-103000-001-V2-1045,"['O-20250612-103000-001-V2-3134', 'O-20250612-103000-001-V2-3135']",,,,,['V2_POS1'],7a72d64e-1b44-4797-abe2-f8b1bab7e287,1749724200000000000,1749724200000000000,,,,,,,
O-20250612-103000-001-V2-3134,BACKTESTER-001,MLSignalStrategyV2-V2,EUR/USD.IDEALPRO,IDEALPRO-1-3134,EUR/USD.IDEALPRO-MLSignalStrategyV2-V2,IDEALPRO-001,IDEALPRO-1-330933,STOP_MARKET,BUY,100000.00,GTC,True,False,100000.00,TAKER,1.16109,0.0008799999999999919,['2.32 USD'],NO_TRIGGER,FILLED,OUO,OL-20250612-103000-001-V2-1045,['O-20250612-103000-001-V2-3135'],O-20250612-103000-001-V2-3133,,,,['V2_POS1_SL'],229f8ee8-3709-422a-9769-fc9f6d92c8c2,1749724200000000000,1749725520000000000,1.16021,DEFAULT,,,,,
O-20250612-103000-001-V2-3135,BACKTESTER-001,MLSignalStrategyV2-V2,EUR/USD.IDEALPRO,IDEALPRO-1-3135,EUR/USD.IDEALPRO-MLSignalStrategyV2-V2,IDEALPRO-001,,LIMIT,BUY,100000.00,GTC,True,False,0.00,NO_LIQUIDITY_SIDE,,,,NO_TRIGGER,CANCELED,OUO,OL-20250612-103000-001-V2-1045,['O-20250612-103000-001-V2-3134'],O-20250612-103000-001-V2-3133,,,,['V2_POS1_TP'],92b58e77-c52a-400d-800a-9dd3183d85d8,1749724200000000000,1749725520000000000,,,,,1.15783,False,
O-20250612-121500-001-V2-3136,BACKTESTER-001,MLSignalStrategyV2-V2,EUR/USD.IDEALPRO,IDEALPRO-1-3136,EUR/USD.IDEALPRO-MLSignalStrategyV2-V2,IDEALPRO-001,IDEALPRO-1-331100,MARKET,BUY,100000.00,GTC,False,False,100000.00,TAKER,1.15964,0.0,['2.32 USD'],NO_TRIGGER,FILLED,OTO,OL-20250612-121500-001-V2-1046,"['O-20250612-121500-001-V2-3137', 'O-20250612-121500-001-V2-3138']",,,,,['V2_POS1'],afc00ee0-9a5c-4a44-9554-b7f11f5d592a,1749730500000000000,1749730500000000000,,,,,,,
O-20250612-121500-001-V2-3137,BACKTESTER-001,MLSignalStrategyV2-V2,EUR/USD.IDEALPRO,IDEALPRO-1-3137,EUR/USD.IDEALPRO-MLSignalStrategyV2-V2,IDEALPRO-001,,STOP_MARKET,SELL,100000.00,GTC,True,False,0.00,NO_LIQUIDITY_SIDE,,,,NO_TRIGGER,CANCELED,OUO,OL-20250612-121500-001-V2-1046,['O-20250612-121500-001-V2-3138'],O-20250612-121500-001-V2-3136,,,,['V2_POS1_SL'],46207f90-dd1b-4d38-ab9a-ce20ce04fd22,1749730500000000000,1749731460000000000,1.15848,DEFAULT,,,,,
O-20250612-121500-001-V2-3138,BACKTESTER-001,MLSignalStrategyV2-V2,EUR/USD.IDEALPRO,IDEALPRO-1-3138,EUR/USD.IDEALPRO-MLSignalStrategyV2-V2,IDEALPRO-001,IDEALPRO-1-331133,LIMIT,SELL,100000.00,GTC,True,False,100000.00,MAKER,1.16319,-0.0024100000000000232,['2.33 USD'],NO_TRIGGER,FILLED,OUO,OL-20250612-121500-001-V2-1046,['O-20250612-121500-001-V2-3137'],O-20250612-121500-001-V2-3136,,,,['V2_POS1_TP'],4efb9ad4-061c-4cc4-b4d6-6ad5cb0bd570,1749730500000000000,1749731460000000000,,,,,1.16078,False,
O-20250612-140000-001-V2-3139,BACKTESTER-001,MLSignalStrategyV2-V2,EUR/USD.IDEALPRO,IDEALPRO-1-3139,EUR/USD.IDEALPRO-MLSignalStrategyV2-V2,IDEALPRO-001,IDEALPRO-1-331312,MARKET,BUY,100000.00,GTC,False,False,100000.00,TAKER,1.1585,0.0,['2.32 USD'],NO_TRIGGER,FILLED,OTO,OL-20250612-140000-001-V2-1047,"['O-20250612-140000-001-V2-3140', 'O-20250612-140000-001-V2-3141']",,,,,['V2_POS1'],5602bbb6-183e-4e23-b923-a3f1b57b8af5,1749736800000000000,1749736800000000000,,,,,,,
O-20250612-140000-001-V2-3140,BACKTESTER-001,MLSignalStrategyV2-V2,EUR/USD.IDEALPRO,IDEALPRO-1-3140,EUR/USD.IDEALPRO-MLSignalStrategyV2-V2,IDEALPRO-001,IDEALPRO-1-331467,STOP_MARKET,SELL,100000.00,GTC,True,False,100000.00,TAKER,1.15702,0.00012999999999996348,['2.31 USD'],NO_TRIGGER,FILLED,OUO,OL-20250612-140000-001-V2-1047,['O-20250612-140000-001-V2-3141'],O-20250612-140000-001-V2-3139,,,,['V2_POS1_SL'],86bafda3-f8ee-4c86-b0ae-2248f238233a,1749736800000000000,1749741420000000000,1.15715,DEFAULT,,,,,
O-20250612-140000-001-V2-3141,BACKTESTER-001,MLSignalStrategyV2-V2,EUR/USD.IDEALPRO,IDEALPRO-1-3141,EUR/USD.IDEALPRO-MLSignalStrategyV2-V2,IDEALPRO-001,,LIMIT,SELL,100000.00,GTC,True,False,0.00,NO_LIQUIDITY_SIDE,,,,NO_TRIGGER,CANCELED,OUO,OL-20250612-140000-001-V2-1047,['O-20250612-140000-001-V2-3140'],O-20250612-140000-001-V2-3139,,,,['V2_POS1_TP'],6f477dd1-44e6-47e1-b023-064c00d81b5d,1749736800000000000,1749741420000000000,,,,,1.15985,False,
O-20250612-184500-001-V2-3142,BACKTESTER-001,MLSignalStrategyV2-V2,EUR/USD.IDEALPRO,IDEALPRO-1-3142,EUR/USD.IDEALPRO-MLSignalStrategyV2-V2,IDEALPRO-001,IDEALPRO-1-331885,MARKET,BUY,100000.00,GTC,False,False,100000.00,TAKER,1.15748,0.0,['2.31 USD'],NO_TRIGGER,FILLED,OTO,OL-20250612-184500-001-V2-1048,"['O-20250612-184500-001-V2-3143', 'O-20250612-184500-001-V2-3144']",,,,,['V2_POS1'],030d8e3b-2b7d-453b-970b-194cfaefbb94,1749753900000000000,1749753900000000000,,,,,,,
O-20250612-184500-001-V2-3143,BACKTESTER-001,MLSignalStrategyV2-V2,EUR/USD.IDEALPRO,IDEALPRO-1-3143,EUR/USD.IDEALPRO-MLSignalStrategyV2-V2,IDEALPRO-001,,STOP_MARKET,SELL,100000.00,GTC,True,False,0.00,NO_LIQUIDITY_SIDE,,,,NO_TRIGGER,CANCELED,OUO,OL-20250612-184500-001-V2-1048,['O-20250612-184500-001-V2-3144'],O-20250612-184500-001-V2-3142,,,,['V2_POS1_SL'],efb4f59a-e892-422e-9cb2-3f750b66cb75,1749753900000000000,1749759720000000000,1.15683,DEFAULT,,,,,
O-20250612-184500-001-V2-3144,BACKTESTER-001,MLSignalStrategyV2-V2,EUR/USD.IDEALPRO,IDEALPRO-1-3144,EUR/USD.IDEALPRO-MLSignalStrategyV2-V2,IDEALPRO-001,IDEALPRO-1-332079,LIMIT,SELL,100000.00,GTC,True,False,100000.00,MAKER,1.15812,1.0000000000065512e-05,['2.32 USD'],NO_TRIGGER,FILLED,OUO,OL-20250612-184500-001-V2-1048,['O-20250612-184500-001-V2-3143'],O-20250612-184500-001-V2-3142,,,,['V2_POS1_TP'],f2062bd8-7032-4860-a6ca-78ec4aea72e4,1749753900000000000,1749759720000000000,,,,,1.15813,False,
O-20250612-213000-001-V2-3145,BACKTESTER-001,MLSignalStrategyV2-V2,EUR/USD.IDEALPRO,IDEALPRO-1-3145,EUR/USD.IDEALPRO-MLSignalStrategyV2-V2,IDEALPRO-001,IDEALPRO-1-332187,MARKET,BUY,100000.00,GTC,False,False,100000.00,TAKER,1.15878,0.0,['2.32 USD'],NO_TRIGGER,FILLED,OTO,OL-20250612-213000-001-V2-1049,"['O-20250612-213000-001-V2-3146', 'O-20250612-213000-001-V2-3147']",,,,,['V2_POS1'],68be51ee-f111-4021-b64a-ab782dacd605,1749763800000000000,1749763800000000000,,,,,,,
O-20250612-213000-001-V2-3146,BACKTESTER-001,MLSignalStrategyV2-V2,EUR/USD.IDEALPRO,IDEALPRO-1-3146,EUR/USD.IDEALPRO-MLSignalStrategyV2-V2,IDEALPRO-001,,STOP_MARKET,SELL,100000.00,GTC,True,False,0.00,NO_LIQUIDITY_SIDE,,,,NO_TRIGGER,CANCELED,OUO,OL-20250612-213000-001-V2-1049,['O-20250612-213000-001-V2-3147'],O-20250612-213000-001-V2-3145,,,,['V2_POS1_SL'],0bece2e1-0b37-4641-90a1-167e2b0c1689,1749763800000000000,1749766440000000000,1.15835,DEFAULT,,,,,
O-20250612-213000-001-V2-3147,BACKTESTER-001,MLSignalStrategyV2-V2,EUR/USD.IDEALPRO,IDEALPRO-1-3147,EUR/USD.IDEALPRO-MLSignalStrategyV2-V2,IDEALPRO-001,IDEALPRO-1-332275,LIMIT,SELL,100000.00,GTC,True,False,100000.00,MAKER,1.15927,-5.999999999994898e-05,['2.32 USD'],NO_TRIGGER,FILLED,OUO,OL-20250612-213000-001-V2-1049,['O-20250612-213000-001-V2-3146'],O-20250612-213000-001-V2-3145,,,,['V2_POS1_TP'],46ea516e-ff6b-4951-a6e6-218bccb10914,1749763800000000000,1749766440000000000,,,,,1.15921,False,
O-20250612-230000-001-V2-3148,BACKTESTER-001,MLSignalStrategyV2-V2,EUR/USD.IDEALPRO,IDEALPRO-1-3148,EUR/USD.IDEALPRO-MLSignalStrategyV2-V2,IDEALPRO-001,IDEALPRO-1-332368,MARKET,BUY,100000.00,GTC,False,False,100000.00,TAKER,1.15899,0.0,['2.32 USD'],NO_TRIGGER,FILLED,OTO,OL-20250612-230000-001-V2-1050,"['O-20250612-230000-001-V2-3149', 'O-20250612-230000-001-V2-3150']",,,,,['V2_POS1'],c3db1e00-a090-43e0-8ad4-0c6ed86e9e29,1749769200000000000,1749769200000000000,,,,,,,
O-20250612-230000-001-V2-3149,BACKTESTER-001,MLSignalStrategyV2-V2,EUR/USD.IDEALPRO,IDEALPRO-1-3149,EUR/USD.IDEALPRO-MLSignalStrategyV2-V2,IDEALPRO-001,,STOP_MARKET,SELL,100000.00,GTC,True,False,0.00,NO_LIQUIDITY_SIDE,,,,NO_TRIGGER,CANCELED,OUO,OL-20250612-230000-001-V2-1050,['O-20250612-230000-001-V2-3150'],O-20250612-230000-001-V2-3148,,,,['V2_POS1_SL'],daaf7544-0625-4cf6-8910-4a162de3b75e,1749769200000000000,1749770220000000000,1.15865,DEFAULT,,,,,
O-20250612-230000-001-V2-3150,BACKTESTER-001,MLSignalStrategyV2-V2,EUR/USD.IDEALPRO,IDEALPRO-1-3150,EUR/USD.IDEALPRO-MLSignalStrategyV2-V2,IDEALPRO-001,IDEALPRO-1-332403,LIMIT,SELL,100000.00,GTC,True,False,100000.00,MAKER,1.15932,-9.999999999843467e-06,['2.32 USD'],NO_TRIGGER,FILLED,OUO,OL-20250612-230000-001-V2-1050,['O-20250612-230000-001-V2-3149'],O-20250612-230000-001-V2-3148,,,,['V2_POS1_TP'],914c621a-ce3b-425e-bdbe-fe63fe266bf6,1749769200000000000,1749770220000000000,,,,,1.15931,False,
O-20250613-014500-001-V2-3151,BACKTESTER-001,MLSignalStrategyV2-V2,EUR/USD.IDEALPRO,IDEALPRO-1-3151,EUR/USD.IDEALPRO-MLSignalStrategyV2-V2,IDEALPRO-001,IDEALPRO-1-332700,MARKET,BUY,100000.00,GTC,False,False,100000.00,TAKER,1.15448,0.0,['2.31 USD'],NO_TRIGGER,FILLED,OTO,OL-20250613-014500-001-V2-1051,"['O-20250613-014500-001-V2-3152', 'O-20250613-014500-001-V2-3153']",,,,,['V2_POS1'],b1cfc6d1-e283-4fe1-a8f6-5c7a6e7c460d,1749779100000000000,1749779100000000000,,,,,,,
O-20250613-014500-001-V2-3152,BACKTESTER-001,MLSignalStrategyV2-V2,EUR/USD.IDEALPRO,IDEALPRO-1-3152,EUR/USD.IDEALPRO-MLSignalStrategyV2-V2,IDEALPRO-001,IDEALPRO-1-332867,STOP_MARKET,SELL,100000.00,GTC,True,False,100000.00,TAKER,1.15291,0.00017999999999984695,['2.31 USD'],NO_TRIGGER,FILLED,OUO,OL-20250613-014500-001-V2-1051,['O-20250613-014500-001-V2-3153'],O-20250613-014500-001-V2-3151,,,,['V2_POS1_SL'],36f843c0-fb9d-4130-b952-f6372147971f,1749779100000000000,1749784080000000000,1.15309,DEFAULT,,,,,
O-20250613-014500-001-V2-3153,BACKTESTER-001,MLSignalStrategyV2-V2,EUR/USD.IDEALPRO,IDEALPRO-1-3153,EUR/USD.IDEALPRO-MLSignalStrategyV2-V2,IDEALPRO-001,,LIMIT,SELL,100000.00,GTC,True,False,0.00,NO_LIQUIDITY_SIDE,,,,NO_TRIGGER,CANCELED,OUO,OL-20250613-014500-001-V2-1051,['O-20250613-014500-001-V2-3152'],O-20250613-014500-001-V2-3151,,,,['V2_POS1_TP'],5e0613f3-72d5-410e-b0aa-c43f3173a28e,1749779100000000000,1749784080000000000,,,,,1.15587,False,
O-20250613-034500-001-V2-3154,BACKTESTER-001,MLSignalStrategyV2-V2,EUR/USD.IDEALPRO,IDEALPRO-1-3154,EUR/USD.IDEALPRO-MLSignalStrategyV2-V2,IDEALPRO-001,IDEALPRO-1-332942,MARKET,BUY,100000.00,GTC,False,False,100000.00,TAKER,1.15328,0.0,['2.31 USD'],NO_TRIGGER,FILLED,OTO,OL-20250613-034500-001-V2-1052,"['O-20250613-034500-001-V2-3155', 'O-20250613-034500-001-V2-3156']",,,,,['V2_POS1'],f5cfbcf4-547b-4cf1-b188-ef7cb8d5acb8,1749786300000000000,1749786300000000000,,,,,,,
O-20250613-034500-001-V2-3155,BACKTESTER-001,MLSignalStrategyV2-V2,EUR/USD.IDEALPRO,IDEALPRO-1-3155,EUR/USD.IDEALPRO-MLSignalStrategyV2-V2,IDEALPRO-001,IDEALPRO-1-333021,STOP_MARKET,SELL,100000.00,GTC,True,False,100000.00,TAKER,1.15216,9.999999999843467e-06,['2.30 USD'],NO_TRIGGER,FILLED,OUO,OL-20250613-034500-001-V2-1052,['O-20250613-034500-001-V2-3156'],O-20250613-034500-001-V2-3154,,,,['V2_POS1_SL'],e5d6efc9-2b06-4a43-9527-fe62474588c2,1749786300000000000,1749788640000000000,1.15217,DEFAULT,,,,,
O-20250613-034500-001-V2-3156,BACKTESTER-001,MLSignalStrategyV2-V2,EUR/USD.IDEALPRO,IDEALPRO-1-3156,EUR/USD.IDEALPRO-MLSignalStrategyV2-V2,IDEALPRO-001,,LIMIT,SELL,100000.00,GTC,True,False,0.00,NO_LIQUIDITY_SIDE,,,,NO_TRIGGER,CANCELED,OUO,OL-20250613-034500-001-V2-1052,['O-20250613-034500-001-V2-3155'],O-20250613-034500-001-V2-3154,,,,['V2_POS1_TP'],ba6883af-48c0-486a-ba99-0c557348c994,1749786300000000000,1749788640000000000,,,,,1.15437,False,
O-20250613-043000-001-V2-3157,BACKTESTER-001,MLSignalStrategyV2-V2,EUR/USD.IDEALPRO,IDEALPRO-1-3157,EUR/USD.IDEALPRO-MLSignalStrategyV2-V2,IDEALPRO-001,IDEALPRO-1-333034,MARKET,BUY,100000.00,GTC,False,False,100000.00,TAKER,1.15212,0.0,['2.30 USD'],NO_TRIGGER,FILLED,OTO,OL-20250613-043000-001-V2-1053,"['O-20250613-043000-001-V2-3158', 'O-20250613-043000-001-V2-3159']",,,,,['V2_POS1'],565a9dc3-a194-4aa9-9209-82a1e3160c14,1749789000000000000,1749789000000000000,,,,,,,
O-20250613-043000-001-V2-3158,BACKTESTER-001,MLSignalStrategyV2-V2,EUR/USD.IDEALPRO,IDEALPRO-1-3158,EUR/USD.IDEALPRO-MLSignalStrategyV2-V2,IDEALPRO-001,,STOP_MARKET,SELL,100000.00,GTC,True,False,0.00,NO_LIQUIDITY_SIDE,,,,NO_TRIGGER,CANCELED,OUO,OL-20250613-043000-001-V2-1053,['O-20250613-043000-001-V2-3159'],O-20250613-043000-001-V2-3157,,,,['V2_POS1_SL'],cabc5599-4fcf-4ac1-a765-1fb2708dbdc3,1749789000000000000,1749791160000000000,1.15107,DEFAULT,,,,,
O-20250613-043000-001-V2-3159,BACKTESTER-001,MLSignalStrategyV2-V2,EUR/USD.IDEALPRO,IDEALPRO-1-3159,EUR/USD.IDEALPRO-MLSignalStrategyV2-V2,IDEALPRO-001,IDEALPRO-1-333107,LIMIT,SELL,100000.00,GTC,True,False,100000.00,MAKER,1.15336,-0.00018999999999991246,['2.31 USD'],NO_TRIGGER,FILLED,OUO,OL-20250613-043000-001-V2-1053,['O-20250613-043000-001-V2-3158'],O-20250613-043000-001-V2-3157,,,,['V2_POS1_TP'],abf5c6b2-e38e-492b-af53-713b6457780c,1749789000000000000,1749791160000000000,,,,,1.15317,False,
O-20250613-054500-001-V2-3160,BACKTESTER-001,MLSignalStrategyV2-V2,EUR/USD.IDEALPRO,IDEALPRO-1-3160,EUR/USD.IDEALPRO-MLSignalStrategyV2-V2,IDEALPRO-001,IDEALPRO-1-333186,MARKET,BUY,100000.00,GTC,False,False,100000.00,TAKER,1.15252,0.0,['2.31 USD'],NO_TRIGGER,FILLED,OTO,OL-20250613-054500-001-V2-1054,"['O-20250613-054500-001-V2-3161', 'O-20250613-054500-001-V2-3162']",,,,,['V2_POS1'],6e0b19f8-d5cb-4627-b75a-514ad6a2c10d,1749793500000000000,1749793500000000000,,,,,,,
O-20250613-054500-001-V2-3161,BACKTESTER-001,MLSignalStrategyV2-V2,EUR/USD.IDEALPRO,IDEALPRO-1-3161,EUR/USD.IDEALPRO-MLSignalStrategyV2-V2,IDEALPRO-001,,STOP_MARKET,SELL,100000.00,GTC,True,False,0.00,NO_LIQUIDITY_SIDE,,,,NO_TRIGGER,CANCELED,OUO,OL-20250613-054500-001-V2-1054,['O-20250613-054500-001-V2-3162'],O-20250613-054500-001-V2-3160,,,,['V2_POS1_SL'],72e8b967-7ca3-49fd-bf40-162c53e4237e,1749793500000000000,1749794580000000000,1.15141,DEFAULT,,,,,
O-20250613-054500-001-V2-3162,BACKTESTER-001,MLSignalStrategyV2-V2,EUR/USD.IDEALPRO,IDEALPRO-1-3162,EUR/USD.IDEALPRO-MLSignalStrategyV2-V2,IDEALPRO-001,IDEALPRO-1-333223,LIMIT,SELL,100000.00,GTC,True,False,100000.00,MAKER,1.15374,-0.0001100000000000545,['2.31 USD'],NO_TRIGGER,FILLED,OUO,OL-20250613-054500-001-V2-1054,['O-20250613-054500-001-V2-3161'],O-20250613-054500-001-V2-3160,,,,['V2_POS1_TP'],1ef3d6fe-9cbd-47f2-8182-d9ff34ba4aa9,1749793500000000000,1749794580000000000,,,,,1.15363,False,
O-20250613-090000-001-V2-3163,BACKTESTER-001,MLSignalStrategyV2-V2,EUR/USD.IDEALPRO,IDEALPRO-1-3163,EUR/USD.IDEALPRO-MLSignalStrategyV2-V2,IDEALPRO-001,IDEALPRO-1-333578,MARKET,BUY,100000.00,GTC,False,False,100000.00,TAKER,1.15287,0.0,['2.31 USD'],NO_TRIGGER,FILLED,OTO,OL-20250613-090000-001-V2-1055,"['O-20250613-090000-001-V2-3164', 'O-20250613-090000-001-V2-3165']",,,,,['V2_POS1'],5a622e1d-7a14-4dde-8746-5e0f46052cd0,1749805200000000000,1749805200000000000,,,,,,,
O-20250613-090000-001-V2-3164,BACKTESTER-001,MLSignalStrategyV2-V2,EUR/USD.IDEALPRO,IDEALPRO-1-3164,EUR/USD.IDEALPRO-MLSignalStrategyV2-V2,IDEALPRO-001,IDEALPRO-1-333747,STOP_MARKET,SELL,100000.00,GTC,True,False,100000.00,TAKER,1.15142,0.00026999999999999247,['2.30 USD'],NO_TRIGGER,FILLED,OUO,OL-20250613-090000-001-V2-1055,['O-20250613-090000-001-V2-3165'],O-20250613-090000-001-V2-3163,,,,['V2_POS1_SL'],fec1564d-eec7-43d4-9455-1e6bafd70860,1749805200000000000,1749810240000000000,1.15169,DEFAULT,,,,,
O-20250613-090000-001-V2-3165,BACKTESTER-001,MLSignalStrategyV2-V2,EUR/USD.IDEALPRO,IDEALPRO-1-3165,EUR/USD.IDEALPRO-MLSignalStrategyV2-V2,IDEALPRO-001,,LIMIT,SELL,100000.00,GTC,True,False,0.00,NO_LIQUIDITY_SIDE,,,,NO_TRIGGER,CANCELED,OUO,OL-20250613-090000-001-V2-1055,['O-20250613-090000-001-V2-3164'],O-20250613-090000-001-V2-3163,,,,['V2_POS1_TP'],9f707d76-114a-4178-9865-f477fd103a0f,1749805200000000000,1749810240000000000,,,,,1.15405,False,
O-20250613-103000-001-V2-3166,BACKTESTER-001,MLSignalStrategyV2-V2,EUR/USD.IDEALPRO,IDEALPRO-1-3166,EUR/USD.IDEALPRO-MLSignalStrategyV2-V2,IDEALPRO-001,IDEALPRO-1-333760,MARKET,BUY,100000.00,GTC,False,False,100000.00,TAKER,1.1516,0.0,['2.30 USD'],NO_TRIGGER,FILLED,OTO,OL-20250613-103000-001-V2-1056,"['O-20250613-103000-001-V2-3167', 'O-20250613-103000-001-V2-3168']",,,,,['V2_POS1'],74531c0a-d476-4163-bcdc-8707a03413f2,1749810600000000000,1749810600000000000,,,,,,,
O-20250613-103000-001-V2-3167,BACKTESTER-001,MLSignalStrategyV2-V2,EUR/USD.IDEALPRO,IDEALPRO-1-3167,EUR/USD.IDEALPRO-MLSignalStrategyV2-V2,IDEALPRO-001,IDEALPRO-1-333779,STOP_MARKET,SELL,100000.00,GTC,True,False,100000.00,TAKER,1.15057,7.00000000000145e-05,['2.30 USD'],NO_TRIGGER,FILLED,OUO,OL-20250613-103000-001-V2-1056,['O-20250613-103000-001-V2-3168'],O-20250613-103000-001-V2-3166,,,,['V2_POS1_SL'],60b5c3b8-db9a-46c5-bd0d-ed9d028058c6,1749810600000000000,1749811140000000000,1.15064,DEFAULT,,,,,
O-20250613-103000-001-V2-3168,BACKTESTER-001,MLSignalStrategyV2-V2,EUR/USD.IDEALPRO,IDEALPRO-1-3168,EUR/USD.IDEALPRO-MLSignalStrategyV2-V2,IDEALPRO-001,,LIMIT,SELL,100000.00,GTC,True,False,0.00,NO_LIQUIDITY_SIDE,,,,NO_TRIGGER,CANCELED,OUO,OL-20250613-103000-001-V2-1056,['O-20250613-103000-001-V2-3167'],O-20250613-103000-001-V2-3166,,,,['V2_POS1_TP'],9026bd64-2b32-4732-a3f0-93d0abd13c4d,1749810600000000000,1749811140000000000,,,,,1.15256,False,
O-20250613-104500-001-V2-3169,BACKTESTER-001,MLSignalStrategyV2-V2,EUR/USD.IDEALPRO,IDEALPRO-1-3169,EUR/USD.IDEALPRO-MLSignalStrategyV2-V2,IDEALPRO-001,IDEALPRO-1-333792,MARKET,BUY,100000.00,GTC,False,False,100000.00,TAKER,1.15123,0.0,['2.30 USD'],NO_TRIGGER,FILLED,OTO,OL-20250613-104500-001-V2-1057,"['O-20250613-104500-001-V2-3170', 'O-20250613-104500-001-V2-3171']",,,,,['V2_POS1'],17b5c82e-9494-4a8d-88c7-c54bcff974ad,1749811500000000000,1749811500000000000,,,,,,,
O-20250613-104500-001-V2-3170,BACKTESTER-001,MLSignalStrategyV2-V2,EUR/USD.IDEALPRO,IDEALPRO-1-3170,EUR/USD.IDEALPRO-MLSignalStrategyV2-V2,IDEALPRO-001,IDEALPRO-1-333797,STOP_MARKET,SELL,100000.00,GTC,True,False,100000.00,TAKER,1.1502,6.000000000017103e-05,['2.30 USD'],NO_TRIGGER,FILLED,OUO,OL-20250613-104500-001-V2-1057,['O-20250613-104500-001-V2-3171'],O-20250613-104500-001-V2-3169,,,,['V2_POS1_SL'],651f84a0-96a4-421b-9958-d53732c61bda,1749811500000000000,1749811620000000000,1.15026,DEFAULT,,,,,
O-20250613-104500-001-V2-3171,BACKTESTER-001,MLSignalStrategyV2-V2,EUR/USD.IDEALPRO,IDEALPRO-1-3171,EUR/USD.IDEALPRO-MLSignalStrategyV2-V2,IDEALPRO-001,,LIMIT,SELL,100000.00,GTC,True,False,0.00,NO_LIQUIDITY_SIDE,,,,NO_TRIGGER,CANCELED,OUO,OL-20250613-104500-001-V2-1057,['O-20250613-104500-001-V2-3170'],O-20250613-104500-001-V2-3169,,,,['V2_POS1_TP'],8231409b-e828-4532-bc6f-6f2b353177ed,1749811500000000000,1749811620000000000,,,,,1.15220,False,
O-20250613-154500-001-V2-3172,BACKTESTER-001,MLSignalStrategyV2-V2,EUR/USD.IDEALPRO,IDEALPRO-1-3172,EUR/USD.IDEALPRO-MLSignalStrategyV2-V2,IDEALPRO-001,IDEALPRO-1-334395,MARKET,SELL,100000.00,GTC,False,False,100000.00,TAKER,1.15628,0.0,['2.31 USD'],NO_TRIGGER,FILLED,OTO,OL-20250613-154500-001-V2-1058,"['O-20250613-154500-001-V2-3173', 'O-20250613-154500-001-V2-3174']",,,,,['V2_POS1'],df5314d5-c873-4295-8cca-7987e9672501,1749829500000000000,1749829500000000000,,,,,,,
O-20250613-154500-001-V2-3173,BACKTESTER-001,MLSignalStrategyV2-V2,EUR/USD.IDEALPRO,IDEALPRO-1-3173,EUR/USD.IDEALPRO-MLSignalStrategyV2-V2,IDEALPRO-001,,STOP_MARKET,BUY,100000.00,GTC,True,False,0.00,NO_LIQUIDITY_SIDE,,,,NO_TRIGGER,CANCELED,OUO,OL-20250613-154500-001-V2-1058,['O-20250613-154500-001-V2-3174'],O-20250613-154500-001-V2-3172,,,,['V2_POS1_SL'],99ae1c4f-cf66-4d7c-bca6-dfa78d081e60,1749829500000000000,1749831180000000000,1.15725,DEFAULT,,,,,
O-20250613-154500-001-V2-3174,BACKTESTER-001,MLSignalStrategyV2-V2,EUR/USD.IDEALPRO,IDEALPRO-1-3174,EUR/USD.IDEALPRO-MLSignalStrategyV2-V2,IDEALPRO-001,IDEALPRO-1-334451,LIMIT,BUY,100000.00,GTC,True,False,100000.00,MAKER,1.15534,1.0000000000065512e-05,['2.31 USD'],NO_TRIGGER,FILLED,OUO,OL-20250613-154500-001-V2-1058,['O-20250613-154500-001-V2-3173'],O-20250613-154500-001-V2-3172,,,,['V2_POS1_TP'],b913c274-d6e7-4b1a-99ae-12705194982d,1749829500000000000,1749831180000000000,,,,,1.15533,False,
O-20250615-213000-001-V2-3175,BACKTESTER-001,MLSignalStrategyV2-V2,EUR/USD.IDEALPRO,IDEALPRO-1-3175,EUR/USD.IDEALPRO-MLSignalStrategyV2-V2,IDEALPRO-001,IDEALPRO-1-335056,MARKET,BUY,100000.00,GTC,False,False,100000.00,TAKER,1.15326,0.0,['2.31 USD'],NO_TRIGGER,FILLED,OTO,OL-20250615-213000-001-V2-1059,"['O-20250615-213000-001-V2-3176', 'O-20250615-213000-001-V2-3177']",,,,,['V2_POS1'],f50b4e00-23d9-4598-a073-4296d1cf415a,1750023000000000000,1750023000000000000,,,,,,,
O-20250615-213000-001-V2-3176,BACKTESTER-001,MLSignalStrategyV2-V2,EUR/USD.IDEALPRO,IDEALPRO-1-3176,EUR/USD.IDEALPRO-MLSignalStrategyV2-V2,IDEALPRO-001,,STOP_MARKET,SELL,100000.00,GTC,True,False,0.00,NO_LIQUIDITY_SIDE,,,,NO_TRIGGER,CANCELED,OUO,OL-20250615-213000-001-V2-1059,['O-20250615-213000-001-V2-3177'],O-20250615-213000-001-V2-3175,,,,['V2_POS1_SL'],e75ac434-524b-4210-ba59-618ff4b6ba0f,1750023000000000000,1750027080000000000,1.15249,DEFAULT,,,,,
O-20250615-213000-001-V2-3177,BACKTESTER-001,MLSignalStrategyV2-V2,EUR/USD.IDEALPRO,IDEALPRO-1-3177,EUR/USD.IDEALPRO-MLSignalStrategyV2-V2,IDEALPRO-001,IDEALPRO-1-335193,LIMIT,SELL,100000.00,GTC,True,False,100000.00,MAKER,1.15409,-8.000000000008001e-05,['2.31 USD'],NO_TRIGGER,FILLED,OUO,OL-20250615-213000-001-V2-1059,['O-20250615-213000-001-V2-3176'],O-20250615-213000-001-V2-3175,,,,['V2_POS1_TP'],e0415320-edfe-4684-a698-78b335ae4ae4,1750023000000000000,1750027080000000000,,,,,1.15401,False,
O-20250615-224500-001-V2-3178,BACKTESTER-001,MLSignalStrategyV2-V2,EUR/USD.IDEALPRO,IDEALPRO-1-3178,EUR/USD.IDEALPRO-MLSignalStrategyV2-V2,IDEALPRO-001,IDEALPRO-1-335208,MARKET,BUY,100000.00,GTC,False,False,100000.00,TAKER,1.15395,0.0,['2.31 USD'],NO_TRIGGER,FILLED,OTO,OL-20250615-224500-001-V2-1060,"['O-20250615-224500-001-V2-3179', 'O-20250615-224500-001-V2-3180']",,,,,['V2_POS1'],8445fde7-6534-434d-9eac-340ef2ff9de2,1750027500000000000,1750027500000000000,,,,,,,
O-20250615-224500-001-V2-3179,BACKTESTER-001,MLSignalStrategyV2-V2,EUR/USD.IDEALPRO,IDEALPRO-1-3179,EUR/USD.IDEALPRO-MLSignalStrategyV2-V2,IDEALPRO-001,,STOP_MARKET,SELL,100000.00,GTC,True,False,0.00,NO_LIQUIDITY_SIDE,,,,NO_TRIGGER,CANCELED,OUO,OL-20250615-224500-001-V2-1060,['O-20250615-224500-001-V2-3180'],O-20250615-224500-001-V2-3178,,,,['V2_POS1_SL'],c71f901d-b23e-4cf4-a6f6-cb2e6eb3234f,1750027500000000000,1750027800000000000,1.15325,DEFAULT,,,,,
O-20250615-224500-001-V2-3180,BACKTESTER-001,MLSignalStrategyV2-V2,EUR/USD.IDEALPRO,IDEALPRO-1-3180,EUR/USD.IDEALPRO-MLSignalStrategyV2-V2,IDEALPRO-001,IDEALPRO-1-335219,LIMIT,SELL,100000.00,GTC,True,False,100000.00,MAKER,1.15473,-9.999999999998899e-05,['2.31 USD'],NO_TRIGGER,FILLED,OUO,OL-20250615-224500-001-V2-1060,['O-20250615-224500-001-V2-3179'],O-20250615-224500-001-V2-3178,,,,['V2_POS1_TP'],ee83e7b8-4cd9-458d-a8c7-2f4757d38c8e,1750027500000000000,1750027800000000000,,,,,1.15463,False,
O-20250615-230000-001-V2-3181,BACKTESTER-001,MLSignalStrategyV2-V2,EUR/USD.IDEALPRO,IDEALPRO-1-3181,EUR/USD.IDEALPRO-MLSignalStrategyV2-V2,IDEALPRO-001,IDEALPRO-1-335240,MARKET,BUY,100000.00,GTC,False,False,100000.00,TAKER,1.15414,0.0,['2.31 USD'],NO_TRIGGER,FILLED,OTO,OL-20250615-230000-001-V2-1061,"['O-20250615-230000-001-V2-3182', 'O-20250615-230000-001-V2-3183']",,,,,['V2_POS1'],05a786a3-e85b-4339-be66-ec592b39d39a,1750028400000000000,1750028400000000000,,,,,,,
O-20250615-230000-001-V2-3182,BACKTESTER-001,MLSignalStrategyV2-V2,EUR/USD.IDEALPRO,IDEALPRO-1-3182,EUR/USD.IDEALPRO-MLSignalStrategyV2-V2,IDEALPRO-001,IDEALPRO-1-335265,STOP_MARKET,SELL,100000.00,GTC,True,False,100000.00,TAKER,1.15308,0.00034999999999985043,['2.31 USD'],NO_TRIGGER,FILLED,OUO,OL-20250615-230000-001-V2-1061,['O-20250615-230000-001-V2-3183'],O-20250615-230000-001-V2-3181,,,,['V2_POS1_SL'],d17a5fac-97fd-4dd6-806a-89d0b93c4155,1750028400000000000,1750029120000000000,1.15343,DEFAULT,,,,,
O-20250615-230000-001-V2-3183,BACKTESTER-001,MLSignalStrategyV2-V2,EUR/USD.IDEALPRO,IDEALPRO-1-3183,EUR/USD.IDEALPRO-MLSignalStrategyV2-V2,IDEALPRO-001,,LIMIT,SELL,100000.00,GTC,True,False,0.00,NO_LIQUIDITY_SIDE,,,,NO_TRIGGER,CANCELED,OUO,OL-20250615-230000-001-V2-1061,['O-20250615-230000-001-V2-3182'],O-20250615-230000-001-V2-3181,,,,['V2_POS1_TP'],ccbb10b1-6af5-4f37-9676-70b0923bdcc8,1750028400000000000,1750029120000000000,,,,,1.15483,False,
O-20250615-231500-001-V2-3184,BACKTESTER-001,MLSignalStrategyV2-V2,EUR/USD.IDEALPRO,IDEALPRO-1-3184,EUR/USD.IDEALPRO-MLSignalStrategyV2-V2,IDEALPRO-001,IDEALPRO-1-335272,MARKET,BUY,100000.00,GTC,False,False,100000.00,TAKER,1.15302,0.0,['2.31 USD'],NO_TRIGGER,FILLED,OTO,OL-20250615-231500-001-V2-1062,"['O-20250615-231500-001-V2-3185', 'O-20250615-231500-001-V2-3186']",,,,,['V2_POS1'],fa0cda9c-386e-4aaf-abe7-449408fd7d35,1750029300000000000,1750029300000000000,,,,,,,
O-20250615-231500-001-V2-3185,BACKTESTER-001,MLSignalStrategyV2-V2,EUR/USD.IDEALPRO,IDEALPRO-1-3185,EUR/USD.IDEALPRO-MLSignalStrategyV2-V2,IDEALPRO-001,,STOP_MARKET,SELL,100000.00,GTC,True,False,0.00,NO_LIQUIDITY_SIDE,,,,NO_TRIGGER,CANCELED,OUO,OL-20250615-231500-001-V2-1062,['O-20250615-231500-001-V2-3186'],O-20250615-231500-001-V2-3184,,,,['V2_POS1_SL'],97748a67-9d60-4177-bc9f-be26b7ba4700,1750029300000000000,1750030320000000000,1.15229,DEFAULT,,,,,
O-20250615-231500-001-V2-3186,BACKTESTER-001,MLSignalStrategyV2-V2,EUR/USD.IDEALPRO,IDEALPRO-1-3186,EUR/USD.IDEALPRO-MLSignalStrategyV2-V2,IDEALPRO-001,IDEALPRO-1-335308,LIMIT,SELL,100000.00,GTC,True,False,100000.00,MAKER,1.15373,0.0,['2.31 USD'],NO_TRIGGER,FILLED,OUO,OL-20250615-231500-001-V2-1062,['O-20250615-231500-001-V2-3185'],O-20250615-231500-001-V2-3184,,,,['V2_POS1_TP'],cb4ddd35-b1d9-46b7-b9ab-19863d0c1bcd,1750029300000000000,1750030320000000000,,,,,1.15373,False,
O-20250615-234500-001-V2-3187,BACKTESTER-001,MLSignalStrategyV2-V2,EUR/USD.IDEALPRO,IDEALPRO-1-3187,EUR/USD.IDEALPRO-MLSignalStrategyV2-V2,IDEALPRO-001,IDEALPRO-1-335334,MARKET,BUY,100000.00,GTC,False,False,100000.00,TAKER,1.15389,0.0,['2.31 USD'],NO_TRIGGER,FILLED,OTO,OL-20250615-234500-001-V2-1063,"['O-20250615-234500-001-V2-3188', 'O-20250615-234500-001-V2-3189']",,,,,['V2_POS1'],ba3563a0-6bdb-4f50-b9ac-0f9a04af50aa,1750031100000000000,1750031100000000000,,,,,,,
O-20250615-234500-001-V2-3188,BACKTESTER-001,MLSignalStrategyV2-V2,EUR/USD.IDEALPRO,IDEALPRO-1-3188,EUR/USD.IDEALPRO-MLSignalStrategyV2-V2,IDEALPRO-001,,STOP_MARKET,SELL,100000.00,GTC,True,False,0.00,NO_LIQUIDITY_SIDE,,,,NO_TRIGGER,CANCELED,OUO,OL-20250615-234500-001-V2-1063,['O-20250615-234500-001-V2-3189'],O-20250615-234500-001-V2-3187,,,,['V2_POS1_SL'],4119e9a7-7b55-48d2-a0a0-0d44dc2e0c86,1750031100000000000,1750033560000000000,1.15318,DEFAULT,,,,,
O-20250615-234500-001-V2-3189,BACKTESTER-001,MLSignalStrategyV2-V2,EUR/USD.IDEALPRO,IDEALPRO-1-3189,EUR/USD.IDEALPRO-MLSignalStrategyV2-V2,IDEALPRO-001,IDEALPRO-1-335417,LIMIT,SELL,100000.00,GTC,True,False,100000.00,MAKER,1.1546,0.0,['2.31 USD'],NO_TRIGGER,FILLED,OUO,OL-20250615-234500-001-V2-1063,['O-20250615-234500-001-V2-3188'],O-20250615-234500-001-V2-3187,,,,['V2_POS1_TP'],45a25643-c00d-4d59-8180-68d41d8fde84,1750031100000000000,1750033560000000000,,,,,1.15460,False,
O-20250616-023000-001-V2-3190,BACKTESTER-001,MLSignalStrategyV2-V2,EUR/USD.IDEALPRO,IDEALPRO-1-3190,EUR/USD.IDEALPRO-MLSignalStrategyV2-V2,IDEALPRO-001,IDEALPRO-1-335666,MARKET,SELL,100000.00,GTC,False,False,100000.00,TAKER,1.15321,0.0,['2.31 USD'],NO_TRIGGER,FILLED,OTO,OL-20250616-023000-001-V2-1064,"['O-20250616-023000-001-V2-3191', 'O-20250616-023000-001-V2-3192']",,,,,['V2_POS1'],392e7d2d-2455-42df-83dd-43d844377117,1750041000000000000,1750041000000000000,,,,,,,
O-20250616-023000-001-V2-3191,BACKTESTER-001,MLSignalStrategyV2-V2,EUR/USD.IDEALPRO,IDEALPRO-1-3191,EUR/USD.IDEALPRO-MLSignalStrategyV2-V2,IDEALPRO-001,,STOP_MARKET,BUY,100000.00,GTC,True,False,0.00,NO_LIQUIDITY_SIDE,,,,NO_TRIGGER,CANCELED,OUO,OL-20250616-023000-001-V2-1064,['O-20250616-023000-001-V2-3192'],O-20250616-023000-001-V2-3190,,,,['V2_POS1_SL'],20d8ce3e-9e30-40b2-864b-b3c8891756eb,1750041000000000000,1750044060000000000,1.15386,DEFAULT,,,,,
O-20250616-023000-001-V2-3192,BACKTESTER-001,MLSignalStrategyV2-V2,EUR/USD.IDEALPRO,IDEALPRO-1-3192,EUR/USD.IDEALPRO-MLSignalStrategyV2-V2,IDEALPRO-001,IDEALPRO-1-335769,LIMIT,BUY,100000.00,GTC,True,False,100000.00,MAKER,1.15237,-0.0001900000000001345,['2.30 USD'],NO_TRIGGER,FILLED,OUO,OL-20250616-023000-001-V2-1064,['O-20250616-023000-001-V2-3191'],O-20250616-023000-001-V2-3190,,,,['V2_POS1_TP'],f02e0dc8-930f-442b-ae79-359693fd4526,1750041000000000000,1750044060000000000,,,,,1.15256,False,
O-20250616-051500-001-V2-3193,BACKTESTER-001,MLSignalStrategyV2-V2,EUR/USD.IDEALPRO,IDEALPRO-1-3193,EUR/USD.IDEALPRO-MLSignalStrategyV2-V2,IDEALPRO-001,IDEALPRO-1-335999,MARKET,BUY,100000.00,GTC,False,False,100000.00,TAKER,1.15464,0.0,['2.31 USD'],NO_TRIGGER,FILLED,OTO,OL-20250616-051500-001-V2-1065,"['O-20250616-051500-001-V2-3194', 'O-20250616-051500-001-V2-3195']",,,,,['V2_POS1'],c99e1deb-f077-4e2a-bfaa-469531016726,1750050900000000000,1750050900000000000,,,,,,,
O-20250616-051500-001-V2-3194,BACKTESTER-001,MLSignalStrategyV2-V2,EUR/USD.IDEALPRO,IDEALPRO-1-3194,EUR/USD.IDEALPRO-MLSignalStrategyV2-V2,IDEALPRO-001,,STOP_MARKET,SELL,100000.00,GTC,True,False,0.00,NO_LIQUIDITY_SIDE,,,,NO_TRIGGER,CANCELED,OUO,OL-20250616-051500-001-V2-1065,['O-20250616-051500-001-V2-3195'],O-20250616-051500-001-V2-3193,,,,['V2_POS1_SL'],21204f68-e7f1-4371-9279-4f544e87f316,1750050900000000000,1750051440000000000,1.15408,DEFAULT,,,,,
O-20250616-051500-001-V2-3195,BACKTESTER-001,MLSignalStrategyV2-V2,EUR/USD.IDEALPRO,IDEALPRO-1-3195,EUR/USD.IDEALPRO-MLSignalStrategyV2-V2,IDEALPRO-001,IDEALPRO-1-336017,LIMIT,SELL,100000.00,GTC,True,False,100000.00,MAKER,1.15538,-0.00019999999999997797,['2.31 USD'],NO_TRIGGER,FILLED,OUO,OL-20250616-051500-001-V2-1065,['O-20250616-051500-001-V2-3194'],O-20250616-051500-001-V2-3193,,,,['V2_POS1_TP'],50edc4e6-b8e6-4bc0-809c-ae80629589b1,1750050900000000000,1750051440000000000,,,,,1.15518,False,
O-20250616-073000-001-V2-3196,BACKTESTER-001,MLSignalStrategyV2-V2,EUR/USD.IDEALPRO,IDEALPRO-1-3196,EUR/USD.IDEALPRO-MLSignalStrategyV2-V2,IDEALPRO-001,IDEALPRO-1-336270,MARKET,SELL,100000.00,GTC,False,False,100000.00,TAKER,1.15818,0.0,['2.32 USD'],NO_TRIGGER,FILLED,OTO,OL-20250616-073000-001-V2-1066,"['O-20250616-073000-001-V2-3197', 'O-20250616-073000-001-V2-3198']",,,,,['V2_POS1'],7854c5db-1016-4142-8e4f-903c756946b2,1750059000000000000,1750059000000000000,,,,,,,
O-20250616-073000-001-V2-3197,BACKTESTER-001,MLSignalStrategyV2-V2,EUR/USD.IDEALPRO,IDEALPRO-1-3197,EUR/USD.IDEALPRO-MLSignalStrategyV2-V2,IDEALPRO-001,,STOP_MARKET,BUY,100000.00,GTC,True,False,0.00,NO_LIQUIDITY_SIDE,,,,NO_TRIGGER,CANCELED,OUO,OL-20250616-073000-001-V2-1066,['O-20250616-073000-001-V2-3198'],O-20250616-073000-001-V2-3196,,,,['V2_POS1_SL'],2042b376-a06a-40ac-89af-f480848e9df4,1750059000000000000,1750069140000000000,1.15907,DEFAULT,,,,,
O-20250616-073000-001-V2-3198,BACKTESTER-001,MLSignalStrategyV2-V2,EUR/USD.IDEALPRO,IDEALPRO-1-3198,EUR/USD.IDEALPRO-MLSignalStrategyV2-V2,IDEALPRO-001,IDEALPRO-1-336609,LIMIT,BUY,100000.00,GTC,True,False,100000.00,MAKER,1.15726,-2.999999999997449e-05,['2.31 USD'],NO_TRIGGER,FILLED,OUO,OL-20250616-073000-001-V2-1066,['O-20250616-073000-001-V2-3197'],O-20250616-073000-001-V2-3196,,,,['V2_POS1_TP'],426a3df2-8202-40c2-8032-7e680c534fc8,1750059000000000000,1750069140000000000,,,,,1.15729,False,
O-20250616-141500-001-V2-3199,BACKTESTER-001,MLSignalStrategyV2-V2,EUR/USD.IDEALPRO,IDEALPRO-1-3199,EUR/USD.IDEALPRO-MLSignalStrategyV2-V2,IDEALPRO-001,IDEALPRO-1-337082,MARKET,SELL,100000.00,GTC,False,False,100000.00,TAKER,1.16095,0.0,['2.32 USD'],NO_TRIGGER,FILLED,OTO,OL-20250616-141500-001-V2-1067,"['O-20250616-141500-001-V2-3200', 'O-20250616-141500-001-V2-3201']",,,,,['V2_POS1'],62fb2be7-4f2b-490d-8208-d0e9eaddd843,1750083300000000000,1750083300000000000,,,,,,,
O-20250616-141500-001-V2-3200,BACKTESTER-001,MLSignalStrategyV2-V2,EUR/USD.IDEALPRO,IDEALPRO-1-3200,EUR/USD.IDEALPRO-MLSignalStrategyV2-V2,IDEALPRO-001,,STOP_MARKET,BUY,100000.00,GTC,True,False,0.00,NO_LIQUIDITY_SIDE,,,,NO_TRIGGER,CANCELED,OUO,OL-20250616-141500-001-V2-1067,['O-20250616-141500-001-V2-3201'],O-20250616-141500-001-V2-3199,,,,['V2_POS1_SL'],cdc1c59c-33cf-472a-854b-4c62974cb679,1750083300000000000,1750084980000000000,1.16184,DEFAULT,,,,,
O-20250616-141500-001-V2-3201,BACKTESTER-001,MLSignalStrategyV2-V2,EUR/USD.IDEALPRO,IDEALPRO-1-3201,EUR/USD.IDEALPRO-MLSignalStrategyV2-V2,IDEALPRO-001,IDEALPRO-1-337139,LIMIT,BUY,100000.00,GTC,True,False,100000.00,MAKER,1.1597,-0.000360000000000138,['2.32 USD'],NO_TRIGGER,FILLED,OUO,OL-20250616-141500-001-V2-1067,['O-20250616-141500-001-V2-3200'],O-20250616-141500-001-V2-3199,,,,['V2_POS1_TP'],b8995cef-8d8b-449b-b71c-1d1464e8fac2,1750083300000000000,1750084980000000000,,,,,1.16006,False,
O-20250616-150000-001-V2-3202,BACKTESTER-001,MLSignalStrategyV2-V2,EUR/USD.IDEALPRO,IDEALPRO-1-3202,EUR/USD.IDEALPRO-MLSignalStrategyV2-V2,IDEALPRO-001,IDEALPRO-1-337174,MARKET,SELL,100000.00,GTC,False,False,100000.00,TAKER,1.15914,0.0,['2.32 USD'],NO_TRIGGER,FILLED,OTO,OL-20250616-150000-001-V2-1068,"['O-20250616-150000-001-V2-3203', 'O-20250616-150000-001-V2-3204']",,,,,['V2_POS1'],c5e4c18c-d162-42d9-b5e3-9c283e4b7987,1750086000000000000,1750086000000000000,,,,,,,
O-20250616-150000-001-V2-3203,BACKTESTER-001,MLSignalStrategyV2-V2,EUR/USD.IDEALPRO,IDEALPRO-1-3203,EUR/USD.IDEALPRO-MLSignalStrategyV2-V2,IDEALPRO-001,,STOP_MARKET,BUY,100000.00,GTC,True,False,0.00,NO_LIQUIDITY_SIDE,,,,NO_TRIGGER,CANCELED,OUO,OL-20250616-150000-001-V2-1068,['O-20250616-150000-001-V2-3204'],O-20250616-150000-001-V2-3202,,,,['V2_POS1_SL'],daa54b00-6e22-4cd4-b555-b8740310a1f1,1750086000000000000,1750087140000000000,1.16009,DEFAULT,,,,,
O-20250616-150000-001-V2-3204,BACKTESTER-001,MLSignalStrategyV2-V2,EUR/USD.IDEALPRO,IDEALPRO-1-3204,EUR/USD.IDEALPRO-MLSignalStrategyV2-V2,IDEALPRO-001,IDEALPRO-1-337214,LIMIT,BUY,100000.00,GTC,True,False,100000.00,MAKER,1.15822,1.0000000000065512e-05,['2.32 USD'],NO_TRIGGER,FILLED,OUO,OL-20250616-150000-001-V2-1068,['O-20250616-150000-001-V2-3203'],O-20250616-150000-001-V2-3202,,,,['V2_POS1_TP'],3acaa98a-8128-4e79-9f53-0d40f6778cf2,1750086000000000000,1750087140000000000,,,,,1.15821,False,
O-20250616-200000-001-V2-3205,BACKTESTER-001,MLSignalStrategyV2-V2,EUR/USD.IDEALPRO,IDEALPRO-1-3205,EUR/USD.IDEALPRO-MLSignalStrategyV2-V2,IDEALPRO-001,IDEALPRO-1-337776,MARKET,BUY,100000.00,GTC,False,False,100000.00,TAKER,1.15556,0.0,['2.31 USD'],NO_TRIGGER,FILLED,OTO,OL-20250616-200000-001-V2-1069,"['O-20250616-200000-001-V2-3206', 'O-20250616-200000-001-V2-3207']",,,,,['V2_POS1'],2563273c-b02b-4cf4-a648-ab5cccb60370,1750104000000000000,1750104000000000000,,,,,,,
O-20250616-200000-001-V2-3206,BACKTESTER-001,MLSignalStrategyV2-V2,EUR/USD.IDEALPRO,IDEALPRO-1-3206,EUR/USD.IDEALPRO-MLSignalStrategyV2-V2,IDEALPRO-001,,STOP_MARKET,SELL,100000.00,GTC,True,False,0.00,NO_LIQUIDITY_SIDE,,,,NO_TRIGGER,CANCELED,OUO,OL-20250616-200000-001-V2-1069,['O-20250616-200000-001-V2-3207'],O-20250616-200000-001-V2-3205,,,,['V2_POS1_SL'],d81e6e9e-5665-450f-9d3e-3125c22875c0,1750104000000000000,1750104360000000000,1.15498,DEFAULT,,,,,
O-20250616-200000-001-V2-3207,BACKTESTER-001,MLSignalStrategyV2-V2,EUR/USD.IDEALPRO,IDEALPRO-1-3207,EUR/USD.IDEALPRO-MLSignalStrategyV2-V2,IDEALPRO-001,IDEALPRO-1-337789,LIMIT,SELL,100000.00,GTC,True,False,100000.00,MAKER,1.15633,-0.0001900000000001345,['2.31 USD'],NO_TRIGGER,FILLED,OUO,OL-20250616-200000-001-V2-1069,['O-20250616-200000-001-V2-3206'],O-20250616-200000-001-V2-3205,,,,['V2_POS1_TP'],31197183-caab-48ff-8d8a-affe2465c5c0,1750104000000000000,1750104360000000000,,,,,1.15614,False,
O-20250616-224500-001-V2-3208,BACKTESTER-001,MLSignalStrategyV2-V2,EUR/USD.IDEALPRO,IDEALPRO-1-3208,EUR/USD.IDEALPRO-MLSignalStrategyV2-V2,IDEALPRO-001,IDEALPRO-1-338078,MARKET,BUY,100000.00,GTC,False,False,100000.00,TAKER,1.15569,0.0,['2.31 USD'],NO_TRIGGER,FILLED,OTO,OL-20250616-224500-001-V2-1070,"['O-20250616-224500-001-V2-3209', 'O-20250616-224500-001-V2-3210']",,,,,['V2_POS1'],6f51ab21-c6b3-4d08-adcf-629ca617cd5d,1750113900000000000,1750113900000000000,,,,,,,
O-20250616-224500-001-V2-3209,BACKTESTER-001,MLSignalStrategyV2-V2,EUR/USD.IDEALPRO,IDEALPRO-1-3209,EUR/USD.IDEALPRO-MLSignalStrategyV2-V2,IDEALPRO-001,,STOP_MARKET,SELL,100000.00,GTC,True,False,0.00,NO_LIQUIDITY_SIDE,,,,NO_TRIGGER,CANCELED,OUO,OL-20250616-224500-001-V2-1070,['O-20250616-224500-001-V2-3210'],O-20250616-224500-001-V2-3208,,,,['V2_POS1_SL'],80608254-97ea-4d4b-899c-999098370dea,1750113900000000000,1750116060000000000,1.15527,DEFAULT,,,,,
O-20250616-224500-001-V2-3210,BACKTESTER-001,MLSignalStrategyV2-V2,EUR/USD.IDEALPRO,IDEALPRO-1-3210,EUR/USD.IDEALPRO-MLSignalStrategyV2-V2,IDEALPRO-001,IDEALPRO-1-338151,LIMIT,SELL,100000.00,GTC,True,False,100000.00,MAKER,1.15621,-9.999999999998899e-05,['2.31 USD'],NO_TRIGGER,FILLED,OUO,OL-20250616-224500-001-V2-1070,['O-20250616-224500-001-V2-3209'],O-20250616-224500-001-V2-3208,,,,['V2_POS1_TP'],25dc0ee6-78d8-481e-b8cf-db9313ff5ab3,1750113900000000000,1750116060000000000,,,,,1.15611,False,
O-20250617-010000-001-V2-3211,BACKTESTER-001,MLSignalStrategyV2-V2,EUR/USD.IDEALPRO,IDEALPRO-1-3211,EUR/USD.IDEALPRO-MLSignalStrategyV2-V2,IDEALPRO-001,IDEALPRO-1-338350,MARKET,SELL,100000.00,GTC,False,False,100000.00,TAKER,1.15498,0.0,['2.31 USD'],NO_TRIGGER,FILLED,OTO,OL-20250617-010000-001-V2-1071,"['O-20250617-010000-001-V2-3212', 'O-20250617-010000-001-V2-3213']",,,,,['V2_POS1'],88b66c21-ab3b-4209-9984-af299d1c5c67,1750122000000000000,1750122000000000000,,,,,,,
O-20250617-010000-001-V2-3212,BACKTESTER-001,MLSignalStrategyV2-V2,EUR/USD.IDEALPRO,IDEALPRO-1-3212,EUR/USD.IDEALPRO-MLSignalStrategyV2-V2,IDEALPRO-001,IDEALPRO-1-338387,STOP_MARKET,BUY,100000.00,GTC,True,False,100000.00,TAKER,1.15552,6.000000000017103e-05,['2.31 USD'],NO_TRIGGER,FILLED,OUO,OL-20250617-010000-001-V2-1071,['O-20250617-010000-001-V2-3213'],O-20250617-010000-001-V2-3211,,,,['V2_POS1_SL'],6de5316f-7d54-43f0-b2a1-9e6958a3961e,1750122000000000000,1750123080000000000,1.15546,DEFAULT,,,,,
O-20250617-010000-001-V2-3213,BACKTESTER-001,MLSignalStrategyV2-V2,EUR/USD.IDEALPRO,IDEALPRO-1-3213,EUR/USD.IDEALPRO-MLSignalStrategyV2-V2,IDEALPRO-001,,LIMIT,BUY,100000.00,GTC,True,False,0.00,NO_LIQUIDITY_SIDE,,,,NO_TRIGGER,CANCELED,OUO,OL-20250617-010000-001-V2-1071,['O-20250617-010000-001-V2-3212'],O-20250617-010000-001-V2-3211,,,,['V2_POS1_TP'],f59dc409-dc99-4796-a22e-b1a213bd4918,1750122000000000000,1750123080000000000,,,,,1.15452,False,
O-20250617-014500-001-V2-3214,BACKTESTER-001,MLSignalStrategyV2-V2,EUR/USD.IDEALPRO,IDEALPRO-1-3214,EUR/USD.IDEALPRO-MLSignalStrategyV2-V2,IDEALPRO-001,IDEALPRO-1-338442,MARKET,SELL,100000.00,GTC,False,False,100000.00,TAKER,1.15545,0.0,['2.31 USD'],NO_TRIGGER,FILLED,OTO,OL-20250617-014500-001-V2-1072,"['O-20250617-014500-001-V2-3215', 'O-20250617-014500-001-V2-3216']",,,,,['V2_POS1'],2a0c0434-50e9-4e8b-9559-ddd8a7daa5fd,1750124700000000000,1750124700000000000,,,,,,,
O-20250617-014500-001-V2-3215,BACKTESTER-001,MLSignalStrategyV2-V2,EUR/USD.IDEALPRO,IDEALPRO-1-3215,EUR/USD.IDEALPRO-MLSignalStrategyV2-V2,IDEALPRO-001,IDEALPRO-1-338457,STOP_MARKET,BUY,100000.00,GTC,True,False,100000.00,TAKER,1.15599,8.000000000008001e-05,['2.31 USD'],NO_TRIGGER,FILLED,OUO,OL-20250617-014500-001-V2-1072,['O-20250617-014500-001-V2-3216'],O-20250617-014500-001-V2-3214,,,,['V2_POS1_SL'],20211790-c568-4842-abb4-46c2e01b3f17,1750124700000000000,1750125120000000000,1.15591,DEFAULT,,,,,
O-20250617-014500-001-V2-3216,BACKTESTER-001,MLSignalStrategyV2-V2,EUR/USD.IDEALPRO,IDEALPRO-1-3216,EUR/USD.IDEALPRO-MLSignalStrategyV2-V2,IDEALPRO-001,,LIMIT,BUY,100000.00,GTC,True,False,0.00,NO_LIQUIDITY_SIDE,,,,NO_TRIGGER,CANCELED,OUO,OL-20250617-014500-001-V2-1072,['O-20250617-014500-001-V2-3215'],O-20250617-014500-001-V2-3214,,,,['V2_POS1_TP'],0ffb3662-7f05-4ae7-ab9d-771126d5ae8a,1750124700000000000,1750125120000000000,,,,,1.15499,False,
O-20250617-021500-001-V2-3217,BACKTESTER-001,MLSignalStrategyV2-V2,EUR/USD.IDEALPRO,IDEALPRO-1-3217,EUR/USD.IDEALPRO-MLSignalStrategyV2-V2,IDEALPRO-001,IDEALPRO-1-338504,MARKET,SELL,100000.00,GTC,False,False,100000.00,TAKER,1.15501,0.0,['2.31 USD'],NO_TRIGGER,FILLED,OTO,OL-20250617-021500-001-V2-1073,"['O-20250617-021500-001-V2-3218', 'O-20250617-021500-001-V2-3219']",,,,,['V2_POS1'],d6bd3379-45ea-4674-8328-e28da46810a3,1750126500000000000,1750126500000000000,,,,,,,
O-20250617-021500-001-V2-3218,BACKTESTER-001,MLSignalStrategyV2-V2,EUR/USD.IDEALPRO,IDEALPRO-1-3218,EUR/USD.IDEALPRO-MLSignalStrategyV2-V2,IDEALPRO-001,IDEALPRO-1-338581,STOP_MARKET,BUY,100000.00,GTC,True,False,100000.00,TAKER,1.15569,0.00021000000000004349,['2.31 USD'],NO_TRIGGER,FILLED,OUO,OL-20250617-021500-001-V2-1073,['O-20250617-021500-001-V2-3219'],O-20250617-021500-001-V2-3217,,,,['V2_POS1_SL'],3ed12fd7-e07b-4970-b9ad-2d1ff4311350,1750126500000000000,1750128780000000000,1.15548,DEFAULT,,,,,
O-20250617-021500-001-V2-3219,BACKTESTER-001,MLSignalStrategyV2-V2,EUR/USD.IDEALPRO,IDEALPRO-1-3219,EUR/USD.IDEALPRO-MLSignalStrategyV2-V2,IDEALPRO-001,,LIMIT,BUY,100000.00,GTC,True,False,0.00,NO_LIQUIDITY_SIDE,,,,NO_TRIGGER,CANCELED,OUO,OL-20250617-021500-001-V2-1073,['O-20250617-021500-001-V2-3218'],O-20250617-021500-001-V2-3217,,,,['V2_POS1_TP'],832fab79-4648-43ef-8e5b-8be9b3cafb61,1750126500000000000,1750128780000000000,,,,,1.15456,False,
O-20250617-094500-001-V2-3220,BACKTESTER-001,MLSignalStrategyV2-V2,EUR/USD.IDEALPRO,IDEALPRO-1-3220,EUR/USD.IDEALPRO-MLSignalStrategyV2-V2,IDEALPRO-001,IDEALPRO-1-339407,MARKET,BUY,100000.00,GTC,False,False,100000.00,TAKER,1.15579,0.0,['2.31 USD'],NO_TRIGGER,FILLED,OTO,OL-20250617-094500-001-V2-1074,"['O-20250617-094500-001-V2-3221', 'O-20250617-094500-001-V2-3222']",,,,,['V2_POS1'],7679c72a-a64e-411d-b8ae-bf9a00a8b7de,1750153500000000000,1750153500000000000,,,,,,,
O-20250617-094500-001-V2-3221,BACKTESTER-001,MLSignalStrategyV2-V2,EUR/USD.IDEALPRO,IDEALPRO-1-3221,EUR/USD.IDEALPRO-MLSignalStrategyV2-V2,IDEALPRO-001,,STOP_MARKET,SELL,100000.00,GTC,True,False,0.00,NO_LIQUIDITY_SIDE,,,,NO_TRIGGER,CANCELED,OUO,OL-20250617-094500-001-V2-1074,['O-20250617-094500-001-V2-3222'],O-20250617-094500-001-V2-3220,,,,['V2_POS1_SL'],e352a063-e3e2-4a4e-af33-d4507b602094,1750153500000000000,1750155180000000000,1.15518,DEFAULT,,,,,
O-20250617-094500-001-V2-3222,BACKTESTER-001,MLSignalStrategyV2-V2,EUR/USD.IDEALPRO,IDEALPRO-1-3222,EUR/USD.IDEALPRO-MLSignalStrategyV2-V2,IDEALPRO-001,IDEALPRO-1-339463,LIMIT,SELL,100000.00,GTC,True,False,100000.00,MAKER,1.15644,-3.999999999981796e-05,['2.31 USD'],NO_TRIGGER,FILLED,OUO,OL-20250617-094500-001-V2-1074,['O-20250617-094500-001-V2-3221'],O-20250617-094500-001-V2-3220,,,,['V2_POS1_TP'],f384416e-f766-41a8-82d2-26fe9e9a2813,1750153500000000000,1750155180000000000,,,,,1.15640,False,
O-20250617-163000-001-V2-3223,BACKTESTER-001,MLSignalStrategyV2-V2,EUR/USD.IDEALPRO,IDEALPRO-1-3223,EUR/USD.IDEALPRO-MLSignalStrategyV2-V2,IDEALPRO-001,IDEALPRO-1-340218,MARKET,BUY,100000.00,GTC,False,False,100000.00,TAKER,1.15239,0.0,['2.30 USD'],NO_TRIGGER,FILLED,OTO,OL-20250617-163000-001-V2-1075,"['O-20250617-163000-001-V2-3224', 'O-20250617-163000-001-V2-3225']",,,,,['V2_POS1'],22ff19bc-fab8-4554-a913-54825568c756,1750177800000000000,1750177800000000000,,,,,,,
O-20250617-163000-001-V2-3224,BACKTESTER-001,MLSignalStrategyV2-V2,EUR/USD.IDEALPRO,IDEALPRO-1-3224,EUR/USD.IDEALPRO-MLSignalStrategyV2-V2,IDEALPRO-001,IDEALPRO-1-340257,STOP_MARKET,SELL,100000.00,GTC,True,False,100000.00,TAKER,1.15094,0.00046999999999997044,['2.30 USD'],NO_TRIGGER,FILLED,OUO,OL-20250617-163000-001-V2-1075,['O-20250617-163000-001-V2-3225'],O-20250617-163000-001-V2-3223,,,,['V2_POS1_SL'],a0f222d6-f201-41d8-a451-46023f46b554,1750177800000000000,1750178940000000000,1.15141,DEFAULT,,,,,
O-20250617-163000-001-V2-3225,BACKTESTER-001,MLSignalStrategyV2-V2,EUR/USD.IDEALPRO,IDEALPRO-1-3225,EUR/USD.IDEALPRO-MLSignalStrategyV2-V2,IDEALPRO-001,,LIMIT,SELL,100000.00,GTC,True,False,0.00,NO_LIQUIDITY_SIDE,,,,NO_TRIGGER,CANCELED,OUO,OL-20250617-163000-001-V2-1075,['O-20250617-163000-001-V2-3224'],O-20250617-163000-001-V2-3223,,,,['V2_POS1_TP'],0c8fb507-67ac-46b2-95c0-2f31940da833,1750177800000000000,1750178940000000000,,,,,1.15337,False,
O-20250617-171500-001-V2-3226,BACKTESTER-001,MLSignalStrategyV2-V2,EUR/USD.IDEALPRO,IDEALPRO-1-3226,EUR/USD.IDEALPRO-MLSignalStrategyV2-V2,IDEALPRO-001,IDEALPRO-1-340311,MARKET,BUY,100000.00,GTC,False,False,100000.00,TAKER,1.14975,0.0,['2.30 USD'],NO_TRIGGER,FILLED,OTO,OL-20250617-171500-001-V2-1076,"['O-20250617-171500-001-V2-3227', 'O-20250617-171500-001-V2-3228']",,,,,['V2_POS1'],4da90336-1e10-4a11-bce4-c6592c3a0f8c,1750180500000000000,1750180500000000000,,,,,,,
O-20250617-171500-001-V2-3227,BACKTESTER-001,MLSignalStrategyV2-V2,EUR/USD.IDEALPRO,IDEALPRO-1-3227,EUR/USD.IDEALPRO-MLSignalStrategyV2-V2,IDEALPRO-001,,STOP_MARKET,SELL,100000.00,GTC,True,False,0.00,NO_LIQUIDITY_SIDE,,,,NO_TRIGGER,CANCELED,OUO,OL-20250617-171500-001-V2-1076,['O-20250617-171500-001-V2-3228'],O-20250617-171500-001-V2-3226,,,,['V2_POS1_SL'],86664f41-058a-4f6c-980a-22bba9eaa04b,1750180500000000000,1750181760000000000,1.14870,DEFAULT,,,,,
O-20250617-171500-001-V2-3228,BACKTESTER-001,MLSignalStrategyV2-V2,EUR/USD.IDEALPRO,IDEALPRO-1-3228,EUR/USD.IDEALPRO-MLSignalStrategyV2-V2,IDEALPRO-001,IDEALPRO-1-340353,LIMIT,SELL,100000.00,GTC,True,False,100000.00,MAKER,1.15087,-9.000000000014552e-05,['2.30 USD'],NO_TRIGGER,FILLED,OUO,OL-20250617-171500-001-V2-1076,['O-20250617-171500-001-V2-3227'],O-20250617-171500-001-V2-3226,,,,['V2_POS1_TP'],635d60d7-f838-4165-b7d2-864d878bab1a,1750180500000000000,1750181760000000000,,,,,1.15078,False,
O-20250617-174500-001-V2-3229,BACKTESTER-001,MLSignalStrategyV2-V2,EUR/USD.IDEALPRO,IDEALPRO-1-3229,EUR/USD.IDEALPRO-MLSignalStrategyV2-V2,IDEALPRO-001,IDEALPRO-1-340372,MARKET,BUY,100000.00,GTC,False,False,100000.00,TAKER,1.14913,0.0,['2.30 USD'],NO_TRIGGER,FILLED,OTO,OL-20250617-174500-001-V2-1077,"['O-20250617-174500-001-V2-3230', 'O-20250617-174500-001-V2-3231']",,,,,['V2_POS1'],8c1bf862-9d77-42c6-b3be-489021cae69d,1750182300000000000,1750182300000000000,,,,,,,
O-20250617-174500-001-V2-3230,BACKTESTER-001,MLSignalStrategyV2-V2,EUR/USD.IDEALPRO,IDEALPRO-1-3230,EUR/USD.IDEALPRO-MLSignalStrategyV2-V2,IDEALPRO-001,IDEALPRO-1-340377,STOP_MARKET,SELL,100000.00,GTC,True,False,100000.00,TAKER,1.14784,0.000220000000000109,['2.30 USD'],NO_TRIGGER,FILLED,OUO,OL-20250617-174500-001-V2-1077,['O-20250617-174500-001-V2-3231'],O-20250617-174500-001-V2-3229,,,,['V2_POS1_SL'],03458f74-dc2d-4573-b083-0e3f9994e8bd,1750182300000000000,1750182420000000000,1.14806,DEFAULT,,,,,
O-20250617-174500-001-V2-3231,BACKTESTER-001,MLSignalStrategyV2-V2,EUR/USD.IDEALPRO,IDEALPRO-1-3231,EUR/USD.IDEALPRO-MLSignalStrategyV2-V2,IDEALPRO-001,,LIMIT,SELL,100000.00,GTC,True,False,0.00,NO_LIQUIDITY_SIDE,,,,NO_TRIGGER,CANCELED,OUO,OL-20250617-174500-001-V2-1077,['O-20250617-174500-001-V2-3230'],O-20250617-174500-001-V2-3229,,,,['V2_POS1_TP'],fb13dd13-99fb-4656-b767-631c76f93f9c,1750182300000000000,1750182420000000000,,,,,1.15018,False,
O-20250617-200000-001-V2-3232,BACKTESTER-001,MLSignalStrategyV2-V2,EUR/USD.IDEALPRO,IDEALPRO-1-3232,EUR/USD.IDEALPRO-MLSignalStrategyV2-V2,IDEALPRO-001,IDEALPRO-1-340644,MARKET,BUY,100000.00,GTC,False,False,100000.00,TAKER,1.14848,0.0,['2.30 USD'],NO_TRIGGER,FILLED,OTO,OL-20250617-200000-001-V2-1078,"['O-20250617-200000-001-V2-3233', 'O-20250617-200000-001-V2-3234']",,,,,['V2_POS1'],9761f753-91bc-407b-a9c2-63b6f3a42a5a,1750190400000000000,1750190400000000000,,,,,,,
O-20250617-200000-001-V2-3233,BACKTESTER-001,MLSignalStrategyV2-V2,EUR/USD.IDEALPRO,IDEALPRO-1-3233,EUR/USD.IDEALPRO-MLSignalStrategyV2-V2,IDEALPRO-001,IDEALPRO-1-340669,STOP_MARKET,SELL,100000.00,GTC,True,False,100000.00,TAKER,1.14764,8.999999999992347e-05,['2.30 USD'],NO_TRIGGER,FILLED,OUO,OL-20250617-200000-001-V2-1078,['O-20250617-200000-001-V2-3234'],O-20250617-200000-001-V2-3232,,,,['V2_POS1_SL'],3ede5c12-1dbf-455e-968c-93fd2fbf998c,1750190400000000000,1750191120000000000,1.14773,DEFAULT,,,,,
O-20250617-200000-001-V2-3234,BACKTESTER-001,MLSignalStrategyV2-V2,EUR/USD.IDEALPRO,IDEALPRO-1-3234,EUR/USD.IDEALPRO-MLSignalStrategyV2-V2,IDEALPRO-001,,LIMIT,SELL,100000.00,GTC,True,False,0.00,NO_LIQUIDITY_SIDE,,,,NO_TRIGGER,CANCELED,OUO,OL-20250617-200000-001-V2-1078,['O-20250617-200000-001-V2-3233'],O-20250617-200000-001-V2-3232,,,,['V2_POS1_TP'],5c93cfa8-4879-44c2-a51d-a12ef58e61bd,1750190400000000000,1750191120000000000,,,,,1.14921,False,
O-20250617-201500-001-V2-3235,BACKTESTER-001,MLSignalStrategyV2-V2,EUR/USD.IDEALPRO,IDEALPRO-1-3235,EUR/USD.IDEALPRO-MLSignalStrategyV2-V2,IDEALPRO-001,IDEALPRO-1-340676,MARKET,BUY,100000.00,GTC,False,False,100000.00,TAKER,1.1476,0.0,['2.30 USD'],NO_TRIGGER,FILLED,OTO,OL-20250617-201500-001-V2-1079,"['O-20250617-201500-001-V2-3236', 'O-20250617-201500-001-V2-3237']",,,,,['V2_POS1'],af7902bb-8f18-4dff-ac87-e34cff9b866d,1750191300000000000,1750191300000000000,,,,,,,
O-20250617-201500-001-V2-3236,BACKTESTER-001,MLSignalStrategyV2-V2,EUR/USD.IDEALPRO,IDEALPRO-1-3236,EUR/USD.IDEALPRO-MLSignalStrategyV2-V2,IDEALPRO-001,,STOP_MARKET,SELL,100000.00,GTC,True,False,0.00,NO_LIQUIDITY_SIDE,,,,NO_TRIGGER,CANCELED,OUO,OL-20250617-201500-001-V2-1079,['O-20250617-201500-001-V2-3237'],O-20250617-201500-001-V2-3235,,,,['V2_POS1_SL'],f36f8b86-447d-455c-ac19-614266300951,1750191300000000000,1750192080000000000,1.14687,DEFAULT,,,,,
O-20250617-201500-001-V2-3237,BACKTESTER-001,MLSignalStrategyV2-V2,EUR/USD.IDEALPRO,IDEALPRO-1-3237,EUR/USD.IDEALPRO-MLSignalStrategyV2-V2,IDEALPRO-001,IDEALPRO-1-340703,LIMIT,SELL,100000.00,GTC,True,False,100000.00,MAKER,1.14849,-0.000180000000000069,['2.30 USD'],NO_TRIGGER,FILLED,OUO,OL-20250617-201500-001-V2-1079,['O-20250617-201500-001-V2-3236'],O-20250617-201500-001-V2-3235,,,,['V2_POS1_TP'],bc6db24c-af9c-4e67-b93a-dd141119f632,1750191300000000000,1750192080000000000,,,,,1.14831,False,
O-20250617-204500-001-V2-3238,BACKTESTER-001,MLSignalStrategyV2-V2,EUR/USD.IDEALPRO,IDEALPRO-1-3238,EUR/USD.IDEALPRO-MLSignalStrategyV2-V2,IDEALPRO-001,IDEALPRO-1-340738,MARKET,BUY,100000.00,GTC,False,False,100000.00,TAKER,1.14774,0.0,['2.30 USD'],NO_TRIGGER,FILLED,OTO,OL-20250617-204500-001-V2-1080,"['O-20250617-204500-001-V2-3239', 'O-20250617-204500-001-V2-3240']",,,,,['V2_POS1'],096136c4-0185-4721-946c-eed890ca94c9,1750193100000000000,1750193100000000000,,,,,,,
O-20250617-204500-001-V2-3239,BACKTESTER-001,MLSignalStrategyV2-V2,EUR/USD.IDEALPRO,IDEALPRO-1-3239,EUR/USD.IDEALPRO-MLSignalStrategyV2-V2,IDEALPRO-001,,STOP_MARKET,SELL,100000.00,GTC,True,False,0.00,NO_LIQUIDITY_SIDE,,,,NO_TRIGGER,CANCELED,OUO,OL-20250617-204500-001-V2-1080,['O-20250617-204500-001-V2-3240'],O-20250617-204500-001-V2-3238,,,,['V2_POS1_SL'],a961b9aa-04fd-42bc-9f6d-c0305754694f,1750193100000000000,1750193460000000000,1.14701,DEFAULT,,,,,
O-20250617-204500-001-V2-3240,BACKTESTER-001,MLSignalStrategyV2-V2,EUR/USD.IDEALPRO,IDEALPRO-1-3240,EUR/USD.IDEALPRO-MLSignalStrategyV2-V2,IDEALPRO-001,IDEALPRO-1-340751,LIMIT,SELL,100000.00,GTC,True,False,100000.00,MAKER,1.14853,-5.999999999994898e-05,['2.30 USD'],NO_TRIGGER,FILLED,OUO,OL-20250617-204500-001-V2-1080,['O-20250617-204500-001-V2-3239'],O-20250617-204500-001-V2-3238,,,,['V2_POS1_TP'],d6e5a328-ae68-46be-beee-0594e38ef9de,1750193100000000000,1750193460000000000,,,,,1.14847,False,
O-20250617-220000-001-V2-3241,BACKTESTER-001,MLSignalStrategyV2-V2,EUR/USD.IDEALPRO,IDEALPRO-1-3241,EUR/USD.IDEALPRO-MLSignalStrategyV2-V2,IDEALPRO-001,IDEALPRO-1-340860,MARKET,BUY,100000.00,GTC,False,False,100000.00,TAKER,1.14823,0.0,['2.30 USD'],NO_TRIGGER,FILLED,OTO,OL-20250617-220000-001-V2-1081,"['O-20250617-220000-001-V2-3242', 'O-20250617-220000-001-V2-3243']",,,,,['V2_POS1'],38c9716e-398e-4e54-ad75-3031844b2a17,1750197600000000000,1750197600000000000,,,,,,,
O-20250617-220000-001-V2-3242,BACKTESTER-001,MLSignalStrategyV2-V2,EUR/USD.IDEALPRO,IDEALPRO-1-3242,EUR/USD.IDEALPRO-MLSignalStrategyV2-V2,IDEALPRO-001,IDEALPRO-1-340963,STOP_MARKET,SELL,100000.00,GTC,True,False,100000.00,TAKER,1.14759,4.999999999988347e-05,['2.30 USD'],NO_TRIGGER,FILLED,OUO,OL-20250617-220000-001-V2-1081,['O-20250617-220000-001-V2-3243'],O-20250617-220000-001-V2-3241,,,,['V2_POS1_SL'],b43f65e3-7aab-4ff5-94fc-4633a47ddd49,1750197600000000000,1750200660000000000,1.14764,DEFAULT,,,,,
O-20250617-220000-001-V2-3243,BACKTESTER-001,MLSignalStrategyV2-V2,EUR/USD.IDEALPRO,IDEALPRO-1-3243,EUR/USD.IDEALPRO-MLSignalStrategyV2-V2,IDEALPRO-001,,LIMIT,SELL,100000.00,GTC,True,False,0.00,NO_LIQUIDITY_SIDE,,,,NO_TRIGGER,CANCELED,OUO,OL-20250617-220000-001-V2-1081,['O-20250617-220000-001-V2-3242'],O-20250617-220000-001-V2-3241,,,,['V2_POS1_TP'],73e49f7a-2d42-4115-9d32-215156e9aca9,1750197600000000000,1750200660000000000,,,,,1.14880,False,
O-20250617-230000-001-V2-3244,BACKTESTER-001,MLSignalStrategyV2-V2,EUR/USD.IDEALPRO,IDEALPRO-1-3244,EUR/USD.IDEALPRO-MLSignalStrategyV2-V2,IDEALPRO-001,IDEALPRO-1-340982,MARKET,BUY,100000.00,GTC,False,False,100000.00,TAKER,1.14752,0.0,['2.30 USD'],NO_TRIGGER,FILLED,OTO,OL-20250617-230000-001-V2-1082,"['O-20250617-230000-001-V2-3245', 'O-20250617-230000-001-V2-3246']",,,,,['V2_POS1'],e250d298-c5fe-47df-9a6b-8dafe9317d3f,1750201200000000000,1750201200000000000,,,,,,,
O-20250617-230000-001-V2-3245,BACKTESTER-001,MLSignalStrategyV2-V2,EUR/USD.IDEALPRO,IDEALPRO-1-3245,EUR/USD.IDEALPRO-MLSignalStrategyV2-V2,IDEALPRO-001,,STOP_MARKET,SELL,100000.00,GTC,True,False,0.00,NO_LIQUIDITY_SIDE,,,,NO_TRIGGER,CANCELED,OUO,OL-20250617-230000-001-V2-1082,['O-20250617-230000-001-V2-3246'],O-20250617-230000-001-V2-3244,,,,['V2_POS1_SL'],a5b923ca-e5b0-4435-904f-1fe858a4c127,1750201200000000000,1750204200000000000,1.14704,DEFAULT,,,,,
O-20250617-230000-001-V2-3246,BACKTESTER-001,MLSignalStrategyV2-V2,EUR/USD.IDEALPRO,IDEALPRO-1-3246,EUR/USD.IDEALPRO-MLSignalStrategyV2-V2,IDEALPRO-001,IDEALPRO-1-341083,LIMIT,SELL,100000.00,GTC,True,False,100000.00,MAKER,1.14797,1.0000000000065512e-05,['2.30 USD'],NO_TRIGGER,FILLED,OUO,OL-20250617-230000-001-V2-1082,['O-20250617-230000-001-V2-3245'],O-20250617-230000-001-V2-3244,,,,['V2_POS1_TP'],980666bd-ea49-45f1-8da6-e297debfc41b,1750201200000000000,1750204200000000000,,,,,1.14798,False,
O-20250618-041500-001-V2-3247,BACKTESTER-001,MLSignalStrategyV2-V2,EUR/USD.IDEALPRO,IDEALPRO-1-3247,EUR/USD.IDEALPRO-MLSignalStrategyV2-V2,IDEALPRO-001,IDEALPRO-1-341614,MARKET,BUY,100000.00,GTC,False,False,100000.00,TAKER,1.15001,0.0,['2.30 USD'],NO_TRIGGER,FILLED,OTO,OL-20250618-041500-001-V2-1083,"['O-20250618-041500-001-V2-3248', 'O-20250618-041500-001-V2-3249']",,,,,['V2_POS1'],800003ea-311b-4097-a13c-be5ce4b41e1d,1750220100000000000,1750220100000000000,,,,,,,
O-20250618-041500-001-V2-3248,BACKTESTER-001,MLSignalStrategyV2-V2,EUR/USD.IDEALPRO,IDEALPRO-1-3248,EUR/USD.IDEALPRO-MLSignalStrategyV2-V2,IDEALPRO-001,,STOP_MARKET,SELL,100000.00,GTC,True,False,0.00,NO_LIQUIDITY_SIDE,,,,NO_TRIGGER,CANCELED,OUO,OL-20250618-041500-001-V2-1083,['O-20250618-041500-001-V2-3249'],O-20250618-041500-001-V2-3247,,,,['V2_POS1_SL'],69afd758-555e-4b12-aa17-40e4ee1acd46,1750220100000000000,1750221180000000000,1.14959,DEFAULT,,,,,
O-20250618-041500-001-V2-3249,BACKTESTER-001,MLSignalStrategyV2-V2,EUR/USD.IDEALPRO,IDEALPRO-1-3249,EUR/USD.IDEALPRO-MLSignalStrategyV2-V2,IDEALPRO-001,IDEALPRO-1-341651,LIMIT,SELL,100000.00,GTC,True,False,100000.00,MAKER,1.15043,-2.0000000000131024e-05,['2.30 USD'],NO_TRIGGER,FILLED,OUO,OL-20250618-041500-001-V2-1083,['O-20250618-041500-001-V2-3248'],O-20250618-041500-001-V2-3247,,,,['V2_POS1_TP'],60e0a18b-7525-4184-b28b-8be28ecf55ef,1750220100000000000,1750221180000000000,,,,,1.15041,False,
O-20250618-101500-001-V2-3250,BACKTESTER-001,MLSignalStrategyV2-V2,EUR/USD.IDEALPRO,IDEALPRO-1-3250,EUR/USD.IDEALPRO-MLSignalStrategyV2-V2,IDEALPRO-001,IDEALPRO-1-342337,MARKET,BUY,100000.00,GTC,False,False,100000.00,TAKER,1.15065,0.0,['2.30 USD'],NO_TRIGGER,FILLED,OTO,OL-20250618-101500-001-V2-1084,"['O-20250618-101500-001-V2-3251', 'O-20250618-101500-001-V2-3252']",,,,,['V2_POS1'],cec512f5-83c0-4907-b522-c3515294be85,1750241700000000000,1750241700000000000,,,,,,,
O-20250618-101500-001-V2-3251,BACKTESTER-001,MLSignalStrategyV2-V2,EUR/USD.IDEALPRO,IDEALPRO-1-3251,EUR/USD.IDEALPRO-MLSignalStrategyV2-V2,IDEALPRO-001,IDEALPRO-1-342409,STOP_MARKET,SELL,100000.00,GTC,True,False,100000.00,TAKER,1.14989,0.000140000000000029,['2.30 USD'],NO_TRIGGER,FILLED,OUO,OL-20250618-101500-001-V2-1084,['O-20250618-101500-001-V2-3252'],O-20250618-101500-001-V2-3250,,,,['V2_POS1_SL'],49457682-d6f8-4484-9fa0-b53a542dc778,1750241700000000000,1750243860000000000,1.15003,DEFAULT,,,,,
O-20250618-101500-001-V2-3252,BACKTESTER-001,MLSignalStrategyV2-V2,EUR/USD.IDEALPRO,IDEALPRO-1-3252,EUR/USD.IDEALPRO-MLSignalStrategyV2-V2,IDEALPRO-001,,LIMIT,SELL,100000.00,GTC,True,False,0.00,NO_LIQUIDITY_SIDE,,,,NO_TRIGGER,CANCELED,OUO,OL-20250618-101500-001-V2-1084,['O-20250618-101500-001-V2-3251'],O-20250618-101500-001-V2-3250,,,,['V2_POS1_TP'],73ce3d7d-638f-4d2e-b1c6-4c2448a3331d,1750241700000000000,1750243860000000000,,,,,1.15125,False,
O-20250618-203000-001-V2-3253,BACKTESTER-001,MLSignalStrategyV2-V2,EUR/USD.IDEALPRO,IDEALPRO-1-3253,EUR/USD.IDEALPRO-MLSignalStrategyV2-V2,IDEALPRO-001,IDEALPRO-1-343568,MARKET,BUY,100000.00,GTC,False,False,100000.00,TAKER,1.14785,0.0,['2.30 USD'],NO_TRIGGER,FILLED,OTO,OL-20250618-203000-001-V2-1085,"['O-20250618-203000-001-V2-3254', 'O-20250618-203000-001-V2-3255']",,,,,['V2_POS1'],e0573eda-ec1b-4f86-8c87-99903b6748a1,1750278600000000000,1750278600000000000,,,,,,,
O-20250618-203000-001-V2-3254,BACKTESTER-001,MLSignalStrategyV2-V2,EUR/USD.IDEALPRO,IDEALPRO-1-3254,EUR/USD.IDEALPRO-MLSignalStrategyV2-V2,IDEALPRO-001,IDEALPRO-1-344091,STOP_MARKET,SELL,100000.00,GTC,True,False,100000.00,TAKER,1.14643,0.00024999999999986144,['2.29 USD'],NO_TRIGGER,FILLED,OUO,OL-20250618-203000-001-V2-1085,['O-20250618-203000-001-V2-3255'],O-20250618-203000-001-V2-3253,,,,['V2_POS1_SL'],84ad51fa-c8a7-47f2-b1f8-c665403441e4,1750278600000000000,1750295160000000000,1.14668,DEFAULT,,,,,
O-20250618-203000-001-V2-3255,BACKTESTER-001,MLSignalStrategyV2-V2,EUR/USD.IDEALPRO,IDEALPRO-1-3255,EUR/USD.IDEALPRO-MLSignalStrategyV2-V2,IDEALPRO-001,,LIMIT,SELL,100000.00,GTC,True,False,0.00,NO_LIQUIDITY_SIDE,,,,NO_TRIGGER,CANCELED,OUO,OL-20250618-203000-001-V2-1085,['O-20250618-203000-001-V2-3254'],O-20250618-203000-001-V2-3253,,,,['V2_POS1_TP'],55b3959d-928a-4c49-98f9-ae9624eafe14,1750278600000000000,1750295160000000000,,,,,1.14902,False,
O-20250619-040000-001-V2-3256,BACKTESTER-001,MLSignalStrategyV2-V2,EUR/USD.IDEALPRO,IDEALPRO-1-3256,EUR/USD.IDEALPRO-MLSignalStrategyV2-V2,IDEALPRO-001,IDEALPRO-1-344441,MARKET,SELL,100000.00,GTC,False,False,100000.00,TAKER,1.14659,0.0,['2.29 USD'],NO_TRIGGER,FILLED,OTO,OL-20250619-040000-001-V2-1086,"['O-20250619-040000-001-V2-3257', 'O-20250619-040000-001-V2-3258']",,,,,['V2_POS1'],e01036bb-78be-4106-8594-658a2731b58e,1750305600000000000,1750305600000000000,,,,,,,
O-20250619-040000-001-V2-3257,BACKTESTER-001,MLSignalStrategyV2-V2,EUR/USD.IDEALPRO,IDEALPRO-1-3257,EUR/USD.IDEALPRO-MLSignalStrategyV2-V2,IDEALPRO-001,,STOP_MARKET,BUY,100000.00,GTC,True,False,0.00,NO_LIQUIDITY_SIDE,,,,NO_TRIGGER,CANCELED,OUO,OL-20250619-040000-001-V2-1086,['O-20250619-040000-001-V2-3258'],O-20250619-040000-001-V2-3256,,,,['V2_POS1_SL'],876f0e03-5aee-4fbf-8e6b-8c86153bb7d6,1750305600000000000,1750311060000000000,1.14712,DEFAULT,,,,,
O-20250619-040000-001-V2-3258,BACKTESTER-001,MLSignalStrategyV2-V2,EUR/USD.IDEALPRO,IDEALPRO-1-3258,EUR/USD.IDEALPRO-MLSignalStrategyV2-V2,IDEALPRO-001,IDEALPRO-1-344623,LIMIT,BUY,100000.00,GTC,True,False,100000.00,MAKER,1.14602,-4.0000000000040004e-05,['2.29 USD'],NO_TRIGGER,FILLED,OUO,OL-20250619-040000-001-V2-1086,['O-20250619-040000-001-V2-3257'],O-20250619-040000-001-V2-3256,,,,['V2_POS1_TP'],96c3dd47-0307-4c3c-887c-d1f9bb57724f,1750305600000000000,1750311060000000000,,,,,1.14606,False,
O-20250619-060000-001-V2-3259,BACKTESTER-001,MLSignalStrategyV2-V2,EUR/USD.IDEALPRO,IDEALPRO-1-3259,EUR/USD.IDEALPRO-MLSignalStrategyV2-V2,IDEALPRO-001,IDEALPRO-1-344682,MARKET,BUY,100000.00,GTC,False,False,100000.00,TAKER,1.14567,0.0,['2.29 USD'],NO_TRIGGER,FILLED,OTO,OL-20250619-060000-001-V2-1087,"['O-20250619-060000-001-V2-3260', 'O-20250619-060000-001-V2-3261']",,,,,['V2_POS1'],81874b3f-b533-40db-aaa1-0541ee4111b7,1750312800000000000,1750312800000000000,,,,,,,
O-20250619-060000-001-V2-3260,BACKTESTER-001,MLSignalStrategyV2-V2,EUR/USD.IDEALPRO,IDEALPRO-1-3260,EUR/USD.IDEALPRO-MLSignalStrategyV2-V2,IDEALPRO-001,IDEALPRO-1-344699,STOP_MARKET,SELL,100000.00,GTC,True,False,100000.00,TAKER,1.14515,3.0000000000196536e-05,['2.29 USD'],NO_TRIGGER,FILLED,OUO,OL-20250619-060000-001-V2-1087,['O-20250619-060000-001-V2-3261'],O-20250619-060000-001-V2-3259,,,,['V2_POS1_SL'],e7c651ee-8c5e-42f4-8d90-2c21a3cd741d,1750312800000000000,1750313280000000000,1.14518,DEFAULT,,,,,
O-20250619-060000-001-V2-3261,BACKTESTER-001,MLSignalStrategyV2-V2,EUR/USD.IDEALPRO,IDEALPRO-1-3261,EUR/USD.IDEALPRO-MLSignalStrategyV2-V2,IDEALPRO-001,,LIMIT,SELL,100000.00,GTC,True,False,0.00,NO_LIQUIDITY_SIDE,,,,NO_TRIGGER,CANCELED,OUO,OL-20250619-060000-001-V2-1087,['O-20250619-060000-001-V2-3260'],O-20250619-060000-001-V2-3259,,,,['V2_POS1_TP'],a6e10970-799a-4981-ae44-e80e17983215,1750312800000000000,1750313280000000000,,,,,1.14614,False,
O-20250619-061500-001-V2-3262,BACKTESTER-001,MLSignalStrategyV2-V2,EUR/USD.IDEALPRO,IDEALPRO-1-3262,EUR/USD.IDEALPRO-MLSignalStrategyV2-V2,IDEALPRO-001,IDEALPRO-1-344714,MARKET,SELL,100000.00,GTC,False,False,100000.00,TAKER,1.14554,0.0,['2.29 USD'],NO_TRIGGER,FILLED,OTO,OL-20250619-061500-001-V2-1088,"['O-20250619-061500-001-V2-3263', 'O-20250619-061500-001-V2-3264']",,,,,['V2_POS1'],5fdbc9f4-3aba-4cd0-8b69-a8809a8660e6,1750313700000000000,1750313700000000000,,,,,,,
O-20250619-061500-001-V2-3263,BACKTESTER-001,MLSignalStrategyV2-V2,EUR/USD.IDEALPRO,IDEALPRO-1-3263,EUR/USD.IDEALPRO-MLSignalStrategyV2-V2,IDEALPRO-001,,STOP_MARKET,BUY,100000.00,GTC,True,False,0.00,NO_LIQUIDITY_SIDE,,,,NO_TRIGGER,CANCELED,OUO,OL-20250619-061500-001-V2-1088,['O-20250619-061500-001-V2-3264'],O-20250619-061500-001-V2-3262,,,,['V2_POS1_SL'],9e541466-4a90-45eb-ace7-56a773b70ebc,1750313700000000000,1750314120000000000,1.14607,DEFAULT,,,,,
O-20250619-061500-001-V2-3264,BACKTESTER-001,MLSignalStrategyV2-V2,EUR/USD.IDEALPRO,IDEALPRO-1-3264,EUR/USD.IDEALPRO-MLSignalStrategyV2-V2,IDEALPRO-001,IDEALPRO-1-344729,LIMIT,BUY,100000.00,GTC,True,False,100000.00,MAKER,1.14502,-1.0000000000065512e-05,['2.29 USD'],NO_TRIGGER,FILLED,OUO,OL-20250619-061500-001-V2-1088,['O-20250619-061500-001-V2-3263'],O-20250619-061500-001-V2-3262,,,,['V2_POS1_TP'],2abfa3a2-903e-4f4d-8028-15b4b5896dac,1750313700000000000,1750314120000000000,,,,,1.14503,False,
O-20250619-063000-001-V2-3265,BACKTESTER-001,MLSignalStrategyV2-V2,EUR/USD.IDEALPRO,IDEALPRO-1-3265,EUR/USD.IDEALPRO-MLSignalStrategyV2-V2,IDEALPRO-001,IDEALPRO-1-344746,MARKET,SELL,100000.00,GTC,False,False,100000.00,TAKER,1.14522,0.0,['2.29 USD'],NO_TRIGGER,FILLED,OTO,OL-20250619-063000-001-V2-1089,"['O-20250619-063000-001-V2-3266', 'O-20250619-063000-001-V2-3267']",,,,,['V2_POS1'],c9535389-a3f4-4cbe-9072-a3a259a56709,1750314600000000000,1750314600000000000,,,,,,,
O-20250619-063000-001-V2-3266,BACKTESTER-001,MLSignalStrategyV2-V2,EUR/USD.IDEALPRO,IDEALPRO-1-3266,EUR/USD.IDEALPRO-MLSignalStrategyV2-V2,IDEALPRO-001,,STOP_MARKET,BUY,100000.00,GTC,True,False,0.00,NO_LIQUIDITY_SIDE,,,,NO_TRIGGER,CANCELED,OUO,OL-20250619-063000-001-V2-1089,['O-20250619-063000-001-V2-3267'],O-20250619-063000-001-V2-3265,,,,['V2_POS1_SL'],1f52e855-464a-4357-ac7b-a323bea69c32,1750314600000000000,1750314780000000000,1.14575,DEFAULT,,,,,
O-20250619-063000-001-V2-3267,BACKTESTER-001,MLSignalStrategyV2-V2,EUR/USD.IDEALPRO,IDEALPRO-1-3267,EUR/USD.IDEALPRO-MLSignalStrategyV2-V2,IDEALPRO-001,IDEALPRO-1-344753,LIMIT,BUY,100000.00,GTC,True,False,100000.00,MAKER,1.14465,-4.0000000000040004e-05,['2.29 USD'],NO_TRIGGER,FILLED,OUO,OL-20250619-063000-001-V2-1089,['O-20250619-063000-001-V2-3266'],O-20250619-063000-001-V2-3265,,,,['V2_POS1_TP'],ba42dde2-d0b2-4bb6-a8e5-d56afea0eb8e,1750314600000000000,1750314780000000000,,,,,1.14469,False,
O-20250619-064500-001-V2-3268,BACKTESTER-001,MLSignalStrategyV2-V2,EUR/USD.IDEALPRO,IDEALPRO-1-3268,EUR/USD.IDEALPRO-MLSignalStrategyV2-V2,IDEALPRO-001,IDEALPRO-1-344778,MARKET,BUY,100000.00,GTC,False,False,100000.00,TAKER,1.14569,0.0,['2.29 USD'],NO_TRIGGER,FILLED,OTO,OL-20250619-064500-001-V2-1090,"['O-20250619-064500-001-V2-3269', 'O-20250619-064500-001-V2-3270']",,,,,['V2_POS1'],1bbc1847-b4be-418e-8380-163114bde911,1750315500000000000,1750315500000000000,,,,,,,
O-20250619-064500-001-V2-3269,BACKTESTER-001,MLSignalStrategyV2-V2,EUR/USD.IDEALPRO,IDEALPRO-1-3269,EUR/USD.IDEALPRO-MLSignalStrategyV2-V2,IDEALPRO-001,,STOP_MARKET,SELL,100000.00,GTC,True,False,0.00,NO_LIQUIDITY_SIDE,,,,NO_TRIGGER,CANCELED,OUO,OL-20250619-064500-001-V2-1090,['O-20250619-064500-001-V2-3270'],O-20250619-064500-001-V2-3268,,,,['V2_POS1_SL'],30a31699-1027-4350-8c31-f30146189133,1750315500000000000,1750315800000000000,1.14513,DEFAULT,,,,,
O-20250619-064500-001-V2-3270,BACKTESTER-001,MLSignalStrategyV2-V2,EUR/USD.IDEALPRO,IDEALPRO-1-3270,EUR/USD.IDEALPRO-MLSignalStrategyV2-V2,IDEALPRO-001,IDEALPRO-1-344789,LIMIT,SELL,100000.00,GTC,True,False,100000.00,MAKER,1.14642,-0.00017000000000000348,['2.29 USD'],NO_TRIGGER,FILLED,OUO,OL-20250619-064500-001-V2-1090,['O-20250619-064500-001-V2-3269'],O-20250619-064500-001-V2-3268,,,,['V2_POS1_TP'],36863f20-7a17-4c48-ab96-a3feea341c8a,1750315500000000000,1750315800000000000,,,,,1.14625,False,
O-20250619-133000-001-V2-3271,BACKTESTER-001,MLSignalStrategyV2-V2,EUR/USD.IDEALPRO,IDEALPRO-1-3271,EUR/USD.IDEALPRO-MLSignalStrategyV2-V2,IDEALPRO-001,IDEALPRO-1-345590,MARKET,BUY,100000.00,GTC,False,False,100000.00,TAKER,1.14799,0.0,['2.30 USD'],NO_TRIGGER,FILLED,OTO,OL-20250619-133000-001-V2-1091,"['O-20250619-133000-001-V2-3272', 'O-20250619-133000-001-V2-3273']",,,,,['V2_POS1'],35410ab2-86b0-46cd-ab88-f07cbd050b50,1750339800000000000,1750339800000000000,,,,,,,
O-20250619-133000-001-V2-3272,BACKTESTER-001,MLSignalStrategyV2-V2,EUR/USD.IDEALPRO,IDEALPRO-1-3272,EUR/USD.IDEALPRO-MLSignalStrategyV2-V2,IDEALPRO-001,IDEALPRO-1-345607,STOP_MARKET,SELL,100000.00,GTC,True,False,100000.00,TAKER,1.14717,0.000180000000000069,['2.29 USD'],NO_TRIGGER,FILLED,OUO,OL-20250619-133000-001-V2-1091,['O-20250619-133000-001-V2-3273'],O-20250619-133000-001-V2-3271,,,,['V2_POS1_SL'],c93875e4-4f1e-4553-9bce-34c911b410f1,1750339800000000000,1750340280000000000,1.14735,DEFAULT,,,,,
O-20250619-133000-001-V2-3273,BACKTESTER-001,MLSignalStrategyV2-V2,EUR/USD.IDEALPRO,IDEALPRO-1-3273,EUR/USD.IDEALPRO-MLSignalStrategyV2-V2,IDEALPRO-001,,LIMIT,SELL,100000.00,GTC,True,False,0.00,NO_LIQUIDITY_SIDE,,,,NO_TRIGGER,CANCELED,OUO,OL-20250619-133000-001-V2-1091,['O-20250619-133000-001-V2-3272'],O-20250619-133000-001-V2-3271,,,,['V2_POS1_TP'],85abb606-71e5-4f5b-b255-06fc1fb6db77,1750339800000000000,1750340280000000000,,,,,1.14863,False,
O-20250619-180000-001-V2-3274,BACKTESTER-001,MLSignalStrategyV2-V2,EUR/USD.IDEALPRO,IDEALPRO-1-3274,EUR/USD.IDEALPRO-MLSignalStrategyV2-V2,IDEALPRO-001,IDEALPRO-1-346132,MARKET,BUY,100000.00,GTC,False,False,100000.00,TAKER,1.14791,0.0,['2.30 USD'],NO_TRIGGER,FILLED,OTO,OL-20250619-180000-001-V2-1092,"['O-20250619-180000-001-V2-3275', 'O-20250619-180000-001-V2-3276']",,,,,['V2_POS1'],e0f8050f-20d6-413b-a980-1a81a6f83c06,1750356000000000000,1750356000000000000,,,,,,,
O-20250619-180000-001-V2-3275,BACKTESTER-001,MLSignalStrategyV2-V2,EUR/USD.IDEALPRO,IDEALPRO-1-3275,EUR/USD.IDEALPRO-MLSignalStrategyV2-V2,IDEALPRO-001,,STOP_MARKET,SELL,100000.00,GTC,True,False,0.00,NO_LIQUIDITY_SIDE,,,,NO_TRIGGER,CANCELED,OUO,OL-20250619-180000-001-V2-1092,['O-20250619-180000-001-V2-3276'],O-20250619-180000-001-V2-3274,,,,['V2_POS1_SL'],54740c0d-3008-4203-8c29-a6b10411b857,1750356000000000000,1750356660000000000,1.14729,DEFAULT,,,,,
O-20250619-180000-001-V2-3276,BACKTESTER-001,MLSignalStrategyV2-V2,EUR/USD.IDEALPRO,IDEALPRO-1-3276,EUR/USD.IDEALPRO-MLSignalStrategyV2-V2,IDEALPRO-001,IDEALPRO-1-346155,LIMIT,SELL,100000.00,GTC,True,False,100000.00,MAKER,1.14853,-2.0000000000131024e-05,['2.30 USD'],NO_TRIGGER,FILLED,OUO,OL-20250619-180000-001-V2-1092,['O-20250619-180000-001-V2-3275'],O-20250619-180000-001-V2-3274,,,,['V2_POS1_TP'],7b6b05b0-d016-4531-91fa-6b6afe9cba21,1750356000000000000,1750356660000000000,,,,,1.14851,False,
O-20250619-181500-001-V2-3277,BACKTESTER-001,MLSignalStrategyV2-V2,EUR/USD.IDEALPRO,IDEALPRO-1-3277,EUR/USD.IDEALPRO-MLSignalStrategyV2-V2,IDEALPRO-001,IDEALPRO-1-346164,MARKET,BUY,100000.00,GTC,False,False,100000.00,TAKER,1.14848,0.0,['2.30 USD'],NO_TRIGGER,FILLED,OTO,OL-20250619-181500-001-V2-1093,"['O-20250619-181500-001-V2-3278', 'O-20250619-181500-001-V2-3279']",,,,,['V2_POS1'],3aa57c99-ef88-44b0-978c-d3954cccfd4d,1750356900000000000,1750356900000000000,,,,,,,
O-20250619-181500-001-V2-3278,BACKTESTER-001,MLSignalStrategyV2-V2,EUR/USD.IDEALPRO,IDEALPRO-1-3278,EUR/USD.IDEALPRO-MLSignalStrategyV2-V2,IDEALPRO-001,,STOP_MARKET,SELL,100000.00,GTC,True,False,0.00,NO_LIQUIDITY_SIDE,,,,NO_TRIGGER,CANCELED,OUO,OL-20250619-181500-001-V2-1093,['O-20250619-181500-001-V2-3279'],O-20250619-181500-001-V2-3277,,,,['V2_POS1_SL'],037861f6-3432-4799-94d8-3e873eb59ff4,1750356900000000000,1750360320000000000,1.14785,DEFAULT,,,,,
O-20250619-181500-001-V2-3279,BACKTESTER-001,MLSignalStrategyV2-V2,EUR/USD.IDEALPRO,IDEALPRO-1-3279,EUR/USD.IDEALPRO-MLSignalStrategyV2-V2,IDEALPRO-001,IDEALPRO-1-346279,LIMIT,SELL,100000.00,GTC,True,False,100000.00,MAKER,1.14917,-5.999999999994898e-05,['2.30 USD'],NO_TRIGGER,FILLED,OUO,OL-20250619-181500-001-V2-1093,['O-20250619-181500-001-V2-3278'],O-20250619-181500-001-V2-3277,,,,['V2_POS1_TP'],e6ec696b-7910-4d35-b7bb-ce49836de413,1750356900000000000,1750360320000000000,,,,,1.14911,False,
O-20250620-030000-001-V2-3280,BACKTESTER-001,MLSignalStrategyV2-V2,EUR/USD.IDEALPRO,IDEALPRO-1-3280,EUR/USD.IDEALPRO-MLSignalStrategyV2-V2,IDEALPRO-001,IDEALPRO-1-347186,MARKET,BUY,100000.00,GTC,False,False,100000.00,TAKER,1.15183,0.0,['2.30 USD'],NO_TRIGGER,FILLED,OTO,OL-20250620-030000-001-V2-1094,"['O-20250620-030000-001-V2-3281', 'O-20250620-030000-001-V2-3282']",,,,,['V2_POS1'],0b787400-b666-4647-ab89-08a4ed97cfcd,1750388400000000000,1750388400000000000,,,,,,,
O-20250620-030000-001-V2-3281,BACKTESTER-001,MLSignalStrategyV2-V2,EUR/USD.IDEALPRO,IDEALPRO-1-3281,EUR/USD.IDEALPRO-MLSignalStrategyV2-V2,IDEALPRO-001,,STOP_MARKET,SELL,100000.00,GTC,True,False,0.00,NO_LIQUIDITY_SIDE,,,,NO_TRIGGER,CANCELED,OUO,OL-20250620-030000-001-V2-1094,['O-20250620-030000-001-V2-3282'],O-20250620-030000-001-V2-3280,,,,['V2_POS1_SL'],1ef01357-27b0-4930-84d8-543f306950fb,1750388400000000000,1750389060000000000,1.15128,DEFAULT,,,,,
O-20250620-030000-001-V2-3282,BACKTESTER-001,MLSignalStrategyV2-V2,EUR/USD.IDEALPRO,IDEALPRO-1-3282,EUR/USD.IDEALPRO-MLSignalStrategyV2-V2,IDEALPRO-001,IDEALPRO-1-347209,LIMIT,SELL,100000.00,GTC,True,False,100000.00,MAKER,1.15235,1.0000000000065512e-05,['2.30 USD'],NO_TRIGGER,FILLED,OUO,OL-20250620-030000-001-V2-1094,['O-20250620-030000-001-V2-3281'],O-20250620-030000-001-V2-3280,,,,['V2_POS1_TP'],6815e0b5-299f-4158-8efc-af6b6260ea43,1750388400000000000,1750389060000000000,,,,,1.15236,False,
O-20250620-160000-001-V2-3283,BACKTESTER-001,MLSignalStrategyV2-V2,EUR/USD.IDEALPRO,IDEALPRO-1-3283,EUR/USD.IDEALPRO-MLSignalStrategyV2-V2,IDEALPRO-001,IDEALPRO-1-348748,MARKET,BUY,100000.00,GTC,False,False,100000.00,TAKER,1.15197,0.0,['2.30 USD'],NO_TRIGGER,FILLED,OTO,OL-20250620-160000-001-V2-1095,"['O-20250620-160000-001-V2-3284', 'O-20250620-160000-001-V2-3285']",,,,,['V2_POS1'],5c36db13-49eb-43b7-95be-37ae00c47192,1750435200000000000,1750435200000000000,,,,,,,
O-20250620-160000-001-V2-3284,BACKTESTER-001,MLSignalStrategyV2-V2,EUR/USD.IDEALPRO,IDEALPRO-1-3284,EUR/USD.IDEALPRO-MLSignalStrategyV2-V2,IDEALPRO-001,,STOP_MARKET,SELL,100000.00,GTC,True,False,0.00,NO_LIQUIDITY_SIDE,,,,NO_TRIGGER,CANCELED,OUO,OL-20250620-160000-001-V2-1095,['O-20250620-160000-001-V2-3285'],O-20250620-160000-001-V2-3283,,,,['V2_POS1_SL'],637ccd41-edd9-4093-a94c-9ea8ffc3f8c1,1750435200000000000,1750435680000000000,1.15110,DEFAULT,,,,,
O-20250620-160000-001-V2-3285,BACKTESTER-001,MLSignalStrategyV2-V2,EUR/USD.IDEALPRO,IDEALPRO-1-3285,EUR/USD.IDEALPRO-MLSignalStrategyV2-V2,IDEALPRO-001,IDEALPRO-1-348765,LIMIT,SELL,100000.00,GTC,True,False,100000.00,MAKER,1.15287,-2.999999999997449e-05,['2.31 USD'],NO_TRIGGER,FILLED,OUO,OL-20250620-160000-001-V2-1095,['O-20250620-160000-001-V2-3284'],O-20250620-160000-001-V2-3283,,,,['V2_POS1_TP'],5dc8f2e4-a8b6-4ea0-bff0-0e212bf5b10c,1750435200000000000,1750435680000000000,,,,,1.15284,False,
O-20250620-161500-001-V2-3286,BACKTESTER-001,MLSignalStrategyV2-V2,EUR/USD.IDEALPRO,IDEALPRO-1-3286,EUR/USD.IDEALPRO-MLSignalStrategyV2-V2,IDEALPRO-001,IDEALPRO-1-348780,MARKET,BUY,100000.00,GTC,False,False,100000.00,TAKER,1.15249,0.0,['2.30 USD'],NO_TRIGGER,FILLED,OTO,OL-20250620-161500-001-V2-1096,"['O-20250620-161500-001-V2-3287', 'O-20250620-161500-001-V2-3288']",,,,,['V2_POS1'],8bcecc4b-5820-43fa-8028-3cde5689df83,1750436100000000000,1750436100000000000,,,,,,,
O-20250620-161500-001-V2-3287,BACKTESTER-001,MLSignalStrategyV2-V2,EUR/USD.IDEALPRO,IDEALPRO-1-3287,EUR/USD.IDEALPRO-MLSignalStrategyV2-V2,IDEALPRO-001,,STOP_MARKET,SELL,100000.00,GTC,True,False,0.00,NO_LIQUIDITY_SIDE,,,,NO_TRIGGER,CANCELED,OUO,OL-20250620-161500-001-V2-1096,['O-20250620-161500-001-V2-3288'],O-20250620-161500-001-V2-3286,,,,['V2_POS1_SL'],62e7bae0-b930-4e74-8726-876bf63a8177,1750436100000000000,1750437120000000000,1.15165,DEFAULT,,,,,
O-20250620-161500-001-V2-3288,BACKTESTER-001,MLSignalStrategyV2-V2,EUR/USD.IDEALPRO,IDEALPRO-1-3288,EUR/USD.IDEALPRO-MLSignalStrategyV2-V2,IDEALPRO-001,IDEALPRO-1-348815,LIMIT,SELL,100000.00,GTC,True,False,100000.00,MAKER,1.15353,-0.00019999999999997797,['2.31 USD'],NO_TRIGGER,FILLED,OUO,OL-20250620-161500-001-V2-1096,['O-20250620-161500-001-V2-3287'],O-20250620-161500-001-V2-3286,,,,['V2_POS1_TP'],0a7358a1-ca94-464d-b19d-84a1102452d0,1750436100000000000,1750437120000000000,,,,,1.15333,False,
O-20250622-213000-001-V2-3289,BACKTESTER-001,MLSignalStrategyV2-V2,EUR/USD.IDEALPRO,IDEALPRO-1-3289,EUR/USD.IDEALPRO-MLSignalStrategyV2-V2,IDEALPRO-001,IDEALPRO-1-349382,MARKET,BUY,100000.00,GTC,False,False,100000.00,TAKER,1.14721,0.0,['2.29 USD'],NO_TRIGGER,FILLED,OTO,OL-20250622-213000-001-V2-1097,"['O-20250622-213000-001-V2-3290', 'O-20250622-213000-001-V2-3291']",,,,,['V2_POS1'],54720e0a-9268-4ff3-8b79-ca285aa6c5d3,1750627800000000000,1750627800000000000,,,,,,,
O-20250622-213000-001-V2-3290,BACKTESTER-001,MLSignalStrategyV2-V2,EUR/USD.IDEALPRO,IDEALPRO-1-3290,EUR/USD.IDEALPRO-MLSignalStrategyV2-V2,IDEALPRO-001,,STOP_MARKET,SELL,100000.00,GTC,True,False,0.00,NO_LIQUIDITY_SIDE,,,,NO_TRIGGER,CANCELED,OUO,OL-20250622-213000-001-V2-1097,['O-20250622-213000-001-V2-3291'],O-20250622-213000-001-V2-3289,,,,['V2_POS1_SL'],76176dc2-62b4-491c-96db-04bb56a926ba,1750627800000000000,1750629720000000000,1.14640,DEFAULT,,,,,
O-20250622-213000-001-V2-3291,BACKTESTER-001,MLSignalStrategyV2-V2,EUR/USD.IDEALPRO,IDEALPRO-1-3291,EUR/USD.IDEALPRO-MLSignalStrategyV2-V2,IDEALPRO-001,IDEALPRO-1-349447,LIMIT,SELL,100000.00,GTC,True,False,100000.00,MAKER,1.14889,-0.0008900000000000574,['2.30 USD'],NO_TRIGGER,FILLED,OUO,OL-20250622-213000-001-V2-1097,['O-20250622-213000-001-V2-3290'],O-20250622-213000-001-V2-3289,,,,['V2_POS1_TP'],77aca066-5705-4431-a92e-3b41251983ce,1750627800000000000,1750629720000000000,,,,,1.14800,False,
O-20250622-221500-001-V2-3292,BACKTESTER-001,MLSignalStrategyV2-V2,EUR/USD.IDEALPRO,IDEALPRO-1-3292,EUR/USD.IDEALPRO-MLSignalStrategyV2-V2,IDEALPRO-001,IDEALPRO-1-349474,MARKET,BUY,100000.00,GTC,False,False,100000.00,TAKER,1.14868,0.0,['2.30 USD'],NO_TRIGGER,FILLED,OTO,OL-20250622-221500-001-V2-1098,"['O-20250622-221500-001-V2-3293', 'O-20250622-221500-001-V2-3294']",,,,,['V2_POS1'],93efc715-9dd6-4d2e-a14a-9f83e671efc2,1750630500000000000,1750630500000000000,,,,,,,
O-20250622-221500-001-V2-3293,BACKTESTER-001,MLSignalStrategyV2-V2,EUR/USD.IDEALPRO,IDEALPRO-1-3293,EUR/USD.IDEALPRO-MLSignalStrategyV2-V2,IDEALPRO-001,,STOP_MARKET,SELL,100000.00,GTC,True,False,0.00,NO_LIQUIDITY_SIDE,,,,NO_TRIGGER,CANCELED,OUO,OL-20250622-221500-001-V2-1098,['O-20250622-221500-001-V2-3294'],O-20250622-221500-001-V2-3292,,,,['V2_POS1_SL'],a0034b59-47ac-444a-b34c-fba528650633,1750630500000000000,1750631040000000000,1.14791,DEFAULT,,,,,
O-20250622-221500-001-V2-3294,BACKTESTER-001,MLSignalStrategyV2-V2,EUR/USD.IDEALPRO,IDEALPRO-1-3294,EUR/USD.IDEALPRO-MLSignalStrategyV2-V2,IDEALPRO-001,IDEALPRO-1-349493,LIMIT,SELL,100000.00,GTC,True,False,100000.00,MAKER,1.14946,-9.999999999843467e-06,['2.30 USD'],NO_TRIGGER,FILLED,OUO,OL-20250622-221500-001-V2-1098,['O-20250622-221500-001-V2-3293'],O-20250622-221500-001-V2-3292,,,,['V2_POS1_TP'],e20b32c2-3b7e-47e9-bb3f-864f9bbf50c0,1750630500000000000,1750631040000000000,,,,,1.14945,False,
O-20250622-223000-001-V2-3295,BACKTESTER-001,MLSignalStrategyV2-V2,EUR/USD.IDEALPRO,IDEALPRO-1-3295,EUR/USD.IDEALPRO-MLSignalStrategyV2-V2,IDEALPRO-001,IDEALPRO-1-349506,MARKET,BUY,100000.00,GTC,False,False,100000.00,TAKER,1.14887,0.0,['2.30 USD'],NO_TRIGGER,FILLED,OTO,OL-20250622-223000-001-V2-1099,"['O-20250622-223000-001-V2-3296', 'O-20250622-223000-001-V2-3297']",,,,,['V2_POS1'],fa87861a-3417-45c2-97d9-3714b2b6903f,1750631400000000000,1750631400000000000,,,,,,,
O-20250622-223000-001-V2-3296,BACKTESTER-001,MLSignalStrategyV2-V2,EUR/USD.IDEALPRO,IDEALPRO-1-3296,EUR/USD.IDEALPRO-MLSignalStrategyV2-V2,IDEALPRO-001,,STOP_MARKET,SELL,100000.00,GTC,True,False,0.00,NO_LIQUIDITY_SIDE,,,,NO_TRIGGER,CANCELED,OUO,OL-20250622-223000-001-V2-1099,['O-20250622-223000-001-V2-3297'],O-20250622-223000-001-V2-3295,,,,['V2_POS1_SL'],e6caa12e-659f-4a24-9be0-08d82a075a20,1750631400000000000,1750634400000000000,1.14802,DEFAULT,,,,,
O-20250622-223000-001-V2-3297,BACKTESTER-001,MLSignalStrategyV2-V2,EUR/USD.IDEALPRO,IDEALPRO-1-3297,EUR/USD.IDEALPRO-MLSignalStrategyV2-V2,IDEALPRO-001,IDEALPRO-1-349607,LIMIT,SELL,100000.00,GTC,True,False,100000.00,MAKER,1.14984,-0.00011999999999989797,['2.30 USD'],NO_TRIGGER,FILLED,OUO,OL-20250622-223000-001-V2-1099,['O-20250622-223000-001-V2-3296'],O-20250622-223000-001-V2-3295,,,,['V2_POS1_TP'],63e5c641-1372-4fb5-9486-734d44a408ad,1750631400000000000,1750634400000000000,,,,,1.14972,False,
O-20250622-233000-001-V2-3298,BACKTESTER-001,MLSignalStrategyV2-V2,EUR/USD.IDEALPRO,IDEALPRO-1-3298,EUR/USD.IDEALPRO-MLSignalStrategyV2-V2,IDEALPRO-001,IDEALPRO-1-349628,MARKET,BUY,100000.00,GTC,False,False,100000.00,TAKER,1.14986,0.0,['2.30 USD'],NO_TRIGGER,FILLED,OTO,OL-20250622-233000-001-V2-1100,"['O-20250622-233000-001-V2-3299', 'O-20250622-233000-001-V2-3300']",,,,,['V2_POS1'],ebd2e583-88d6-47e0-b1c0-f16f861740de,1750635000000000000,1750635000000000000,,,,,,,
O-20250622-233000-001-V2-3299,BACKTESTER-001,MLSignalStrategyV2-V2,EUR/USD.IDEALPRO,IDEALPRO-1-3299,EUR/USD.IDEALPRO-MLSignalStrategyV2-V2,IDEALPRO-001,,STOP_MARKET,SELL,100000.00,GTC,True,False,0.00,NO_LIQUIDITY_SIDE,,,,NO_TRIGGER,CANCELED,OUO,OL-20250622-233000-001-V2-1100,['O-20250622-233000-001-V2-3300'],O-20250622-233000-001-V2-3298,,,,['V2_POS1_SL'],8934f276-1d1f-485d-a28f-fa438338ac33,1750635000000000000,1750635240000000000,1.14907,DEFAULT,,,,,
O-20250622-233000-001-V2-3300,BACKTESTER-001,MLSignalStrategyV2-V2,EUR/USD.IDEALPRO,IDEALPRO-1-3300,EUR/USD.IDEALPRO-MLSignalStrategyV2-V2,IDEALPRO-001,IDEALPRO-1-349637,LIMIT,SELL,100000.00,GTC,True,False,100000.00,MAKER,1.15065,-1.999999999990898e-05,['2.30 USD'],NO_TRIGGER,FILLED,OUO,OL-20250622-233000-001-V2-1100,['O-20250622-233000-001-V2-3299'],O-20250622-233000-001-V2-3298,,,,['V2_POS1_TP'],bc48e585-aa1c-4e2e-aa68-474027193f56,1750635000000000000,1750635240000000000,,,,,1.15063,False,
O-20250623-050000-001-V2-3301,BACKTESTER-001,MLSignalStrategyV2-V2,EUR/USD.IDEALPRO,IDEALPRO-1-3301,EUR/USD.IDEALPRO-MLSignalStrategyV2-V2,IDEALPRO-001,IDEALPRO-1-350290,MARKET,BUY,100000.00,GTC,False,False,100000.00,TAKER,1.14908,0.0,['2.30 USD'],NO_TRIGGER,FILLED,OTO,OL-20250623-050000-001-V2-1101,"['O-20250623-050000-001-V2-3302', 'O-20250623-050000-001-V2-3303']",,,,,['V2_POS1'],a9aaf090-7085-43e3-b154-6be081394a9d,1750654800000000000,1750654800000000000,,,,,,,
O-20250623-050000-001-V2-3302,BACKTESTER-001,MLSignalStrategyV2-V2,EUR/USD.IDEALPRO,IDEALPRO-1-3302,EUR/USD.IDEALPRO-MLSignalStrategyV2-V2,IDEALPRO-001,,STOP_MARKET,SELL,100000.00,GTC,True,False,0.00,NO_LIQUIDITY_SIDE,,,,NO_TRIGGER,CANCELED,OUO,OL-20250623-050000-001-V2-1101,['O-20250623-050000-001-V2-3303'],O-20250623-050000-001-V2-3301,,,,['V2_POS1_SL'],da1da2f5-0193-4a4c-9600-dabc12bef3f0,1750654800000000000,1750655220000000000,1.14847,DEFAULT,,,,,
O-20250623-050000-001-V2-3303,BACKTESTER-001,MLSignalStrategyV2-V2,EUR/USD.IDEALPRO,IDEALPRO-1-3303,EUR/USD.IDEALPRO-MLSignalStrategyV2-V2,IDEALPRO-001,IDEALPRO-1-350305,LIMIT,SELL,100000.00,GTC,True,False,100000.00,MAKER,1.14974,-7.00000000000145e-05,['2.30 USD'],NO_TRIGGER,FILLED,OUO,OL-20250623-050000-001-V2-1101,['O-20250623-050000-001-V2-3302'],O-20250623-050000-001-V2-3301,,,,['V2_POS1_TP'],26a2c0ec-602a-4bb6-b160-85ea5de356c3,1750654800000000000,1750655220000000000,,,,,1.14967,False,
O-20250623-051500-001-V2-3304,BACKTESTER-001,MLSignalStrategyV2-V2,EUR/USD.IDEALPRO,IDEALPRO-1-3304,EUR/USD.IDEALPRO-MLSignalStrategyV2-V2,IDEALPRO-001,IDEALPRO-1-350322,MARKET,BUY,100000.00,GTC,False,False,100000.00,TAKER,1.14957,0.0,['2.30 USD'],NO_TRIGGER,FILLED,OTO,OL-20250623-051500-001-V2-1102,"['O-20250623-051500-001-V2-3305', 'O-20250623-051500-001-V2-3306']",,,,,['V2_POS1'],ae6f6109-d696-48e5-ad3f-aff1d49666db,1750655700000000000,1750655700000000000,,,,,,,
O-20250623-051500-001-V2-3305,BACKTESTER-001,MLSignalStrategyV2-V2,EUR/USD.IDEALPRO,IDEALPRO-1-3305,EUR/USD.IDEALPRO-MLSignalStrategyV2-V2,IDEALPRO-001,,STOP_MARKET,SELL,100000.00,GTC,True,False,0.00,NO_LIQUIDITY_SIDE,,,,NO_TRIGGER,CANCELED,OUO,OL-20250623-051500-001-V2-1102,['O-20250623-051500-001-V2-3306'],O-20250623-051500-001-V2-3304,,,,['V2_POS1_SL'],e852ffa1-72a5-4e0e-b4eb-40923db3f386,1750655700000000000,1750656060000000000,1.14898,DEFAULT,,,,,
O-20250623-051500-001-V2-3306,BACKTESTER-001,MLSignalStrategyV2-V2,EUR/USD.IDEALPRO,IDEALPRO-1-3306,EUR/USD.IDEALPRO-MLSignalStrategyV2-V2,IDEALPRO-001,IDEALPRO-1-350335,LIMIT,SELL,100000.00,GTC,True,False,100000.00,MAKER,1.15016,0.0,['2.30 USD'],NO_TRIGGER,FILLED,OUO,OL-20250623-051500-001-V2-1102,['O-20250623-051500-001-V2-3305'],O-20250623-051500-001-V2-3304,,,,['V2_POS1_TP'],c883fdf8-9bc4-46a4-ae3f-00ccc87d39da,1750655700000000000,1750656060000000000,,,,,1.15016,False,
O-20250623-070000-001-V2-3307,BACKTESTER-001,MLSignalStrategyV2-V2,EUR/USD.IDEALPRO,IDEALPRO-1-3307,EUR/USD.IDEALPRO-MLSignalStrategyV2-V2,IDEALPRO-001,IDEALPRO-1-350535,MARKET,SELL,100000.00,GTC,False,False,100000.00,TAKER,1.15071,0.0,['2.30 USD'],NO_TRIGGER,FILLED,OTO,OL-20250623-070000-001-V2-1103,"['O-20250623-070000-001-V2-3308', 'O-20250623-070000-001-V2-3309']",,,,,['V2_POS1'],e1a5370e-10eb-4fd5-9887-6afc632949c3,1750662000000000000,1750662000000000000,,,,,,,
O-20250623-070000-001-V2-3308,BACKTESTER-001,MLSignalStrategyV2-V2,EUR/USD.IDEALPRO,IDEALPRO-1-3308,EUR/USD.IDEALPRO-MLSignalStrategyV2-V2,IDEALPRO-001,IDEALPRO-1-350537,STOP_MARKET,BUY,100000.00,GTC,True,False,100000.00,TAKER,1.15162,0.0002500000000000835,['2.30 USD'],NO_TRIGGER,FILLED,OUO,OL-20250623-070000-001-V2-1103,['O-20250623-070000-001-V2-3309'],O-20250623-070000-001-V2-3307,,,,['V2_POS1_SL'],602d3433-1f7e-4011-a24e-9a2d410bba91,1750662000000000000,1750662060000000000,1.15137,DEFAULT,,,,,
O-20250623-070000-001-V2-3309,BACKTESTER-001,MLSignalStrategyV2-V2,EUR/USD.IDEALPRO,IDEALPRO-1-3309,EUR/USD.IDEALPRO-MLSignalStrategyV2-V2,IDEALPRO-001,,LIMIT,BUY,100000.00,GTC,True,False,0.00,NO_LIQUIDITY_SIDE,,,,NO_TRIGGER,CANCELED,OUO,OL-20250623-070000-001-V2-1103,['O-20250623-070000-001-V2-3308'],O-20250623-070000-001-V2-3307,,,,['V2_POS1_TP'],372efb2d-74ec-4f7a-925b-379106bad0b1,1750662000000000000,1750662060000000000,,,,,1.15005,False,
O-20250623-084500-001-V2-3310,BACKTESTER-001,MLSignalStrategyV2-V2,EUR/USD.IDEALPRO,IDEALPRO-1-3310,EUR/USD.IDEALPRO-MLSignalStrategyV2-V2,IDEALPRO-001,IDEALPRO-1-350746,MARKET,BUY,100000.00,GTC,False,False,100000.00,TAKER,1.14875,0.0,['2.30 USD'],NO_TRIGGER,FILLED,OTO,OL-20250623-084500-001-V2-1104,"['O-20250623-084500-001-V2-3311', 'O-20250623-084500-001-V2-3312']",,,,,['V2_POS1'],6cd4056a-9167-4749-a998-0a30d433af7a,1750668300000000000,1750668300000000000,,,,,,,
O-20250623-084500-001-V2-3311,BACKTESTER-001,MLSignalStrategyV2-V2,EUR/USD.IDEALPRO,IDEALPRO-1-3311,EUR/USD.IDEALPRO-MLSignalStrategyV2-V2,IDEALPRO-001,IDEALPRO-1-350785,STOP_MARKET,SELL,100000.00,GTC,True,False,100000.00,TAKER,1.14752,0.00042999999999993044,['2.30 USD'],NO_TRIGGER,FILLED,OUO,OL-20250623-084500-001-V2-1104,['O-20250623-084500-001-V2-3312'],O-20250623-084500-001-V2-3310,,,,['V2_POS1_SL'],ed95e9b1-b16d-4fd2-87e6-ea176f48299d,1750668300000000000,1750669440000000000,1.14795,DEFAULT,,,,,
O-20250623-084500-001-V2-3312,BACKTESTER-001,MLSignalStrategyV2-V2,EUR/USD.IDEALPRO,IDEALPRO-1-3312,EUR/USD.IDEALPRO-MLSignalStrategyV2-V2,IDEALPRO-001,,LIMIT,SELL,100000.00,GTC,True,False,0.00,NO_LIQUIDITY_SIDE,,,,NO_TRIGGER,CANCELED,OUO,OL-20250623-084500-001-V2-1104,['O-20250623-084500-001-V2-3311'],O-20250623-084500-001-V2-3310,,,,['V2_POS1_TP'],d33d288e-3982-4219-8d32-ba49d94261a8,1750668300000000000,1750669440000000000,,,,,1.14953,False,
O-20250623-103000-001-V2-3313,BACKTESTER-001,MLSignalStrategyV2-V2,EUR/USD.IDEALPRO,IDEALPRO-1-3313,EUR/USD.IDEALPRO-MLSignalStrategyV2-V2,IDEALPRO-001,IDEALPRO-1-350958,MARKET,BUY,100000.00,GTC,False,False,100000.00,TAKER,1.14678,0.0,['2.29 USD'],NO_TRIGGER,FILLED,OTO,OL-20250623-103000-001-V2-1105,"['O-20250623-103000-001-V2-3314', 'O-20250623-103000-001-V2-3315']",,,,,['V2_POS1'],8f65af99-5847-4514-9431-3f815d819327,1750674600000000000,1750674600000000000,,,,,,,
O-20250623-103000-001-V2-3314,BACKTESTER-001,MLSignalStrategyV2-V2,EUR/USD.IDEALPRO,IDEALPRO-1-3314,EUR/USD.IDEALPRO-MLSignalStrategyV2-V2,IDEALPRO-001,,STOP_MARKET,SELL,100000.00,GTC,True,False,0.00,NO_LIQUIDITY_SIDE,,,,NO_TRIGGER,CANCELED,OUO,OL-20250623-103000-001-V2-1105,['O-20250623-103000-001-V2-3315'],O-20250623-103000-001-V2-3313,,,,['V2_POS1_SL'],ec3684d5-3a8f-48e1-a2b3-cd5eff7049ae,1750674600000000000,1750680480000000000,1.14579,DEFAULT,,,,,
O-20250623-103000-001-V2-3315,BACKTESTER-001,MLSignalStrategyV2-V2,EUR/USD.IDEALPRO,IDEALPRO-1-3315,EUR/USD.IDEALPRO-MLSignalStrategyV2-V2,IDEALPRO-001,IDEALPRO-1-351155,LIMIT,SELL,100000.00,GTC,True,False,100000.00,MAKER,1.1478,-2.999999999997449e-05,['2.30 USD'],NO_TRIGGER,FILLED,OUO,OL-20250623-103000-001-V2-1105,['O-20250623-103000-001-V2-3314'],O-20250623-103000-001-V2-3313,,,,['V2_POS1_TP'],4ce3cde9-08f7-4f8d-a67e-c27ca17eaa34,1750674600000000000,1750680480000000000,,,,,1.14777,False,
O-20250623-123000-001-V2-3316,BACKTESTER-001,MLSignalStrategyV2-V2,EUR/USD.IDEALPRO,IDEALPRO-1-3316,EUR/USD.IDEALPRO-MLSignalStrategyV2-V2,IDEALPRO-001,IDEALPRO-1-351200,MARKET,BUY,100000.00,GTC,False,False,100000.00,TAKER,1.14628,0.0,['2.29 USD'],NO_TRIGGER,FILLED,OTO,OL-20250623-123000-001-V2-1106,"['O-20250623-123000-001-V2-3317', 'O-20250623-123000-001-V2-3318']",,,,,['V2_POS1'],1b78de83-3f9a-4c90-9093-f69b040c5416,1750681800000000000,1750681800000000000,,,,,,,
O-20250623-123000-001-V2-3317,BACKTESTER-001,MLSignalStrategyV2-V2,EUR/USD.IDEALPRO,IDEALPRO-1-3317,EUR/USD.IDEALPRO-MLSignalStrategyV2-V2,IDEALPRO-001,,STOP_MARKET,SELL,100000.00,GTC,True,False,0.00,NO_LIQUIDITY_SIDE,,,,NO_TRIGGER,CANCELED,OUO,OL-20250623-123000-001-V2-1106,['O-20250623-123000-001-V2-3318'],O-20250623-123000-001-V2-3316,,,,['V2_POS1_SL'],4048c2f7-08f0-4e6b-b197-8f022ed7e611,1750681800000000000,1750683840000000000,1.14541,DEFAULT,,,,,
O-20250623-123000-001-V2-3318,BACKTESTER-001,MLSignalStrategyV2-V2,EUR/USD.IDEALPRO,IDEALPRO-1-3318,EUR/USD.IDEALPRO-MLSignalStrategyV2-V2,IDEALPRO-001,IDEALPRO-1-351269,LIMIT,SELL,100000.00,GTC,True,False,100000.00,MAKER,1.14715,-1.999999999990898e-05,['2.29 USD'],NO_TRIGGER,FILLED,OUO,OL-20250623-123000-001-V2-1106,['O-20250623-123000-001-V2-3317'],O-20250623-123000-001-V2-3316,,,,['V2_POS1_TP'],ab94ac97-72f7-4a95-b4ac-f10b40ccd023,1750681800000000000,1750683840000000000,,,,,1.14713,False,
O-20250623-143000-001-V2-3319,BACKTESTER-001,MLSignalStrategyV2-V2,EUR/USD.IDEALPRO,IDEALPRO-1-3319,EUR/USD.IDEALPRO-MLSignalStrategyV2-V2,IDEALPRO-001,IDEALPRO-1-351442,MARKET,SELL,100000.00,GTC,False,False,100000.00,TAKER,1.153,0.0,['2.31 USD'],NO_TRIGGER,FILLED,OTO,OL-20250623-143000-001-V2-1107,"['O-20250623-143000-001-V2-3320', 'O-20250623-143000-001-V2-3321']",,,,,['V2_POS1'],012ea1ac-3370-4ebe-8568-6601ab0ace94,1750689000000000000,1750689000000000000,,,,,,,
O-20250623-143000-001-V2-3320,BACKTESTER-001,MLSignalStrategyV2-V2,EUR/USD.IDEALPRO,IDEALPRO-1-3320,EUR/USD.IDEALPRO-MLSignalStrategyV2-V2,IDEALPRO-001,IDEALPRO-1-351539,STOP_MARKET,BUY,100000.00,GTC,True,False,100000.00,TAKER,1.15432,0.000140000000000029,['2.31 USD'],NO_TRIGGER,FILLED,OUO,OL-20250623-143000-001-V2-1107,['O-20250623-143000-001-V2-3321'],O-20250623-143000-001-V2-3319,,,,['V2_POS1_SL'],9642df45-f9fc-4e2c-b881-a5472c90f882,1750689000000000000,1750691880000000000,1.15418,DEFAULT,,,,,
O-20250623-143000-001-V2-3321,BACKTESTER-001,MLSignalStrategyV2-V2,EUR/USD.IDEALPRO,IDEALPRO-1-3321,EUR/USD.IDEALPRO-MLSignalStrategyV2-V2,IDEALPRO-001,,LIMIT,BUY,100000.00,GTC,True,False,0.00,NO_LIQUIDITY_SIDE,,,,NO_TRIGGER,CANCELED,OUO,OL-20250623-143000-001-V2-1107,['O-20250623-143000-001-V2-3320'],O-20250623-143000-001-V2-3319,,,,['V2_POS1_TP'],db2b80fd-e1ed-498c-8b3a-2e566077d155,1750689000000000000,1750691880000000000,,,,,1.15182,False,
O-20250623-191500-001-V2-3322,BACKTESTER-001,MLSignalStrategyV2-V2,EUR/USD.IDEALPRO,IDEALPRO-1-3322,EUR/USD.IDEALPRO-MLSignalStrategyV2-V2,IDEALPRO-001,IDEALPRO-1-352015,MARKET,BUY,100000.00,GTC,False,False,100000.00,TAKER,1.15768,0.0,['2.32 USD'],NO_TRIGGER,FILLED,OTO,OL-20250623-191500-001-V2-1108,"['O-20250623-191500-001-V2-3323', 'O-20250623-191500-001-V2-3324']",,,,,['V2_POS1'],b9b11268-176a-4d27-86a0-be769f236996,1750706100000000000,1750706100000000000,,,,,,,
O-20250623-191500-001-V2-3323,BACKTESTER-001,MLSignalStrategyV2-V2,EUR/USD.IDEALPRO,IDEALPRO-1-3323,EUR/USD.IDEALPRO-MLSignalStrategyV2-V2,IDEALPRO-001,,STOP_MARKET,SELL,100000.00,GTC,True,False,0.00,NO_LIQUIDITY_SIDE,,,,NO_TRIGGER,CANCELED,OUO,OL-20250623-191500-001-V2-1108,['O-20250623-191500-001-V2-3324'],O-20250623-191500-001-V2-3322,,,,['V2_POS1_SL'],cf947273-5d0c-4f3e-bf56-bc8663428318,1750706100000000000,1750716360000000000,1.15685,DEFAULT,,,,,
O-20250623-191500-001-V2-3324,BACKTESTER-001,MLSignalStrategyV2-V2,EUR/USD.IDEALPRO,IDEALPRO-1-3324,EUR/USD.IDEALPRO-MLSignalStrategyV2-V2,IDEALPRO-001,IDEALPRO-1-352327,LIMIT,SELL,100000.00,GTC,True,False,100000.00,MAKER,1.15894,-0.0004300000000001525,['2.32 USD'],NO_TRIGGER,FILLED,OUO,OL-20250623-191500-001-V2-1108,['O-20250623-191500-001-V2-3323'],O-20250623-191500-001-V2-3322,,,,['V2_POS1_TP'],79896a7e-d88f-4c02-a56a-9d1df6b45f1a,1750706100000000000,1750716360000000000,,,,,1.15851,False,
O-20250624-004500-001-V2-3325,BACKTESTER-001,MLSignalStrategyV2-V2,EUR/USD.IDEALPRO,IDEALPRO-1-3325,EUR/USD.IDEALPRO-MLSignalStrategyV2-V2,IDEALPRO-001,IDEALPRO-1-352646,MARKET,BUY,100000.00,GTC,False,False,100000.00,TAKER,1.1604,0.0,['2.32 USD'],NO_TRIGGER,FILLED,OTO,OL-20250624-004500-001-V2-1109,"['O-20250624-004500-001-V2-3326', 'O-20250624-004500-001-V2-3327']",,,,,['V2_POS1'],ba8c6d1f-4b94-47f1-b4b1-cd0028ff3b80,1750725900000000000,1750725900000000000,,,,,,,
O-20250624-004500-001-V2-3326,BACKTESTER-001,MLSignalStrategyV2-V2,EUR/USD.IDEALPRO,IDEALPRO-1-3326,EUR/USD.IDEALPRO-MLSignalStrategyV2-V2,IDEALPRO-001,IDEALPRO-1-352659,STOP_MARKET,SELL,100000.00,GTC,True,False,100000.00,TAKER,1.15897,0.0007200000000000539,['2.32 USD'],NO_TRIGGER,FILLED,OUO,OL-20250624-004500-001-V2-1109,['O-20250624-004500-001-V2-3327'],O-20250624-004500-001-V2-3325,,,,['V2_POS1_SL'],89c0353c-e669-48f7-8d9b-36d320ad3402,1750725900000000000,1750726260000000000,1.15969,DEFAULT,,,,,
O-20250624-004500-001-V2-3327,BACKTESTER-001,MLSignalStrategyV2-V2,EUR/USD.IDEALPRO,IDEALPRO-1-3327,EUR/USD.IDEALPRO-MLSignalStrategyV2-V2,IDEALPRO-001,,LIMIT,SELL,100000.00,GTC,True,False,0.00,NO_LIQUIDITY_SIDE,,,,NO_TRIGGER,CANCELED,OUO,OL-20250624-004500-001-V2-1109,['O-20250624-004500-001-V2-3326'],O-20250624-004500-001-V2-3325,,,,['V2_POS1_TP'],1b94e545-8b7e-42fc-aeda-c9cef64b0a03,1750725900000000000,1750726260000000000,,,,,1.16111,False,
O-20250624-010000-001-V2-3328,BACKTESTER-001,MLSignalStrategyV2-V2,EUR/USD.IDEALPRO,IDEALPRO-1-3328,EUR/USD.IDEALPRO-MLSignalStrategyV2-V2,IDEALPRO-001,IDEALPRO-1-352678,MARKET,BUY,100000.00,GTC,False,False,100000.00,TAKER,1.15993,0.0,['2.32 USD'],NO_TRIGGER,FILLED,OTO,OL-20250624-010000-001-V2-1110,"['O-20250624-010000-001-V2-3329', 'O-20250624-010000-001-V2-3330']",,,,,['V2_POS1'],4acddd53-b37d-4fa5-95cf-74813fa0a4c9,1750726800000000000,1750726800000000000,,,,,,,
O-20250624-010000-001-V2-3329,BACKTESTER-001,MLSignalStrategyV2-V2,EUR/USD.IDEALPRO,IDEALPRO-1-3329,EUR/USD.IDEALPRO-MLSignalStrategyV2-V2,IDEALPRO-001,IDEALPRO-1-352767,STOP_MARKET,SELL,100000.00,GTC,True,False,100000.00,TAKER,1.15912,4.0000000000040004e-05,['2.32 USD'],NO_TRIGGER,FILLED,OUO,OL-20250624-010000-001-V2-1110,['O-20250624-010000-001-V2-3330'],O-20250624-010000-001-V2-3328,,,,['V2_POS1_SL'],68ecc709-3302-4577-9d03-fedf4c2d17d8,1750726800000000000,1750729440000000000,1.15916,DEFAULT,,,,,
O-20250624-010000-001-V2-3330,BACKTESTER-001,MLSignalStrategyV2-V2,EUR/USD.IDEALPRO,IDEALPRO-1-3330,EUR/USD.IDEALPRO-MLSignalStrategyV2-V2,IDEALPRO-001,,LIMIT,SELL,100000.00,GTC,True,False,0.00,NO_LIQUIDITY_SIDE,,,,NO_TRIGGER,CANCELED,OUO,OL-20250624-010000-001-V2-1110,['O-20250624-010000-001-V2-3329'],O-20250624-010000-001-V2-3328,,,,['V2_POS1_TP'],7c9c5d60-35dc-48c4-9f83-c9e45f43f81c,1750726800000000000,1750729440000000000,,,,,1.16070,False,
O-20250624-020000-001-V2-3331,BACKTESTER-001,MLSignalStrategyV2-V2,EUR/USD.IDEALPRO,IDEALPRO-1-3331,EUR/USD.IDEALPRO-MLSignalStrategyV2-V2,IDEALPRO-001,IDEALPRO-1-352800,MARKET,SELL,100000.00,GTC,False,False,100000.00,TAKER,1.15908,0.0,['2.32 USD'],NO_TRIGGER,FILLED,OTO,OL-20250624-020000-001-V2-1111,"['O-20250624-020000-001-V2-3332', 'O-20250624-020000-001-V2-3333']",,,,,['V2_POS1'],f2133cbb-b102-412b-9912-a19a5ff69a86,1750730400000000000,1750730400000000000,,,,,,,
O-20250624-020000-001-V2-3332,BACKTESTER-001,MLSignalStrategyV2-V2,EUR/USD.IDEALPRO,IDEALPRO-1-3332,EUR/USD.IDEALPRO-MLSignalStrategyV2-V2,IDEALPRO-001,IDEALPRO-1-352869,STOP_MARKET,BUY,100000.00,GTC,True,False,100000.00,TAKER,1.15985,0.0,['2.32 USD'],NO_TRIGGER,FILLED,OUO,OL-20250624-020000-001-V2-1111,['O-20250624-020000-001-V2-3333'],O-20250624-020000-001-V2-3331,,,,['V2_POS1_SL'],99e700b1-cc59-49d0-b84f-365f7574f8ed,1750730400000000000,1750732440000000000,1.15985,DEFAULT,,,,,
O-20250624-020000-001-V2-3333,BACKTESTER-001,MLSignalStrategyV2-V2,EUR/USD.IDEALPRO,IDEALPRO-1-3333,EUR/USD.IDEALPRO-MLSignalStrategyV2-V2,IDEALPRO-001,,LIMIT,BUY,100000.00,GTC,True,False,0.00,NO_LIQUIDITY_SIDE,,,,NO_TRIGGER,CANCELED,OUO,OL-20250624-020000-001-V2-1111,['O-20250624-020000-001-V2-3332'],O-20250624-020000-001-V2-3331,,,,['V2_POS1_TP'],002639e3-88e5-48d2-b26a-9cb5bb409db9,1750730400000000000,1750732440000000000,,,,,1.15833,False,
O-20250624-041500-001-V2-3334,BACKTESTER-001,MLSignalStrategyV2-V2,EUR/USD.IDEALPRO,IDEALPRO-1-3334,EUR/USD.IDEALPRO-MLSignalStrategyV2-V2,IDEALPRO-001,IDEALPRO-1-353073,MARKET,BUY,100000.00,GTC,False,False,100000.00,TAKER,1.16041,0.0,['2.32 USD'],NO_TRIGGER,FILLED,OTO,OL-20250624-041500-001-V2-1112,"['O-20250624-041500-001-V2-3335', 'O-20250624-041500-001-V2-3336']",,,,,['V2_POS1'],797bae17-23d3-41df-89c7-74f01de0b45a,1750738500000000000,1750738500000000000,,,,,,,
O-20250624-041500-001-V2-3335,BACKTESTER-001,MLSignalStrategyV2-V2,EUR/USD.IDEALPRO,IDEALPRO-1-3335,EUR/USD.IDEALPRO-MLSignalStrategyV2-V2,IDEALPRO-001,,STOP_MARKET,SELL,100000.00,GTC,True,False,0.00,NO_LIQUIDITY_SIDE,,,,NO_TRIGGER,CANCELED,OUO,OL-20250624-041500-001-V2-1112,['O-20250624-041500-001-V2-3336'],O-20250624-041500-001-V2-3334,,,,['V2_POS1_SL'],23c3eb3f-1b54-4421-9909-edcf5fca7c08,1750738500000000000,1750740180000000000,1.15987,DEFAULT,,,,,
O-20250624-041500-001-V2-3336,BACKTESTER-001,MLSignalStrategyV2-V2,EUR/USD.IDEALPRO,IDEALPRO-1-3336,EUR/USD.IDEALPRO-MLSignalStrategyV2-V2,IDEALPRO-001,IDEALPRO-1-353129,LIMIT,SELL,100000.00,GTC,True,False,100000.00,MAKER,1.16097,-2.0000000000131024e-05,['2.32 USD'],NO_TRIGGER,FILLED,OUO,OL-20250624-041500-001-V2-1112,['O-20250624-041500-001-V2-3335'],O-20250624-041500-001-V2-3334,,,,['V2_POS1_TP'],426518c2-b27f-4550-be5a-ec2958d62db7,1750738500000000000,1750740180000000000,,,,,1.16095,False,
O-20250624-080000-001-V2-3337,BACKTESTER-001,MLSignalStrategyV2-V2,EUR/USD.IDEALPRO,IDEALPRO-1-3337,EUR/USD.IDEALPRO-MLSignalStrategyV2-V2,IDEALPRO-001,IDEALPRO-1-353524,MARKET,BUY,100000.00,GTC,False,False,100000.00,TAKER,1.15916,0.0,['2.32 USD'],NO_TRIGGER,FILLED,OTO,OL-20250624-080000-001-V2-1113,"['O-20250624-080000-001-V2-3338', 'O-20250624-080000-001-V2-3339']",,,,,['V2_POS1'],4c0c01cf-0d3c-466d-b8ba-e82a6efc6723,1750752000000000000,1750752000000000000,,,,,,,
O-20250624-080000-001-V2-3338,BACKTESTER-001,MLSignalStrategyV2-V2,EUR/USD.IDEALPRO,IDEALPRO-1-3338,EUR/USD.IDEALPRO-MLSignalStrategyV2-V2,IDEALPRO-001,,STOP_MARKET,SELL,100000.00,GTC,True,False,0.00,NO_LIQUIDITY_SIDE,,,,NO_TRIGGER,CANCELED,OUO,OL-20250624-080000-001-V2-1113,['O-20250624-080000-001-V2-3339'],O-20250624-080000-001-V2-3337,,,,['V2_POS1_SL'],c1455684-7c99-4530-ae99-53520cbb4146,1750752000000000000,1750756440000000000,1.15818,DEFAULT,,,,,
O-20250624-080000-001-V2-3339,BACKTESTER-001,MLSignalStrategyV2-V2,EUR/USD.IDEALPRO,IDEALPRO-1-3339,EUR/USD.IDEALPRO-MLSignalStrategyV2-V2,IDEALPRO-001,IDEALPRO-1-353673,LIMIT,SELL,100000.00,GTC,True,False,100000.00,MAKER,1.16015,-1.0000000000065512e-05,['2.32 USD'],NO_TRIGGER,FILLED,OUO,OL-20250624-080000-001-V2-1113,['O-20250624-080000-001-V2-3338'],O-20250624-080000-001-V2-3337,,,,['V2_POS1_TP'],6c5b27cb-d106-4571-836b-027440be39e8,1750752000000000000,1750756440000000000,,,,,1.16014,False,
O-20250624-171500-001-V2-3340,BACKTESTER-001,MLSignalStrategyV2-V2,EUR/USD.IDEALPRO,IDEALPRO-1-3340,EUR/USD.IDEALPRO-MLSignalStrategyV2-V2,IDEALPRO-001,IDEALPRO-1-354636,MARKET,SELL,100000.00,GTC,False,False,100000.00,TAKER,1.16254,0.0,['2.33 USD'],NO_TRIGGER,FILLED,OTO,OL-20250624-171500-001-V2-1114,"['O-20250624-171500-001-V2-3341', 'O-20250624-171500-001-V2-3342']",,,,,['V2_POS1'],e624ef63-8b60-4967-b8d7-984ca7e20d56,1750785300000000000,1750785300000000000,,,,,,,
O-20250624-171500-001-V2-3341,BACKTESTER-001,MLSignalStrategyV2-V2,EUR/USD.IDEALPRO,IDEALPRO-1-3341,EUR/USD.IDEALPRO-MLSignalStrategyV2-V2,IDEALPRO-001,,STOP_MARKET,BUY,100000.00,GTC,True,False,0.00,NO_LIQUIDITY_SIDE,,,,NO_TRIGGER,CANCELED,OUO,OL-20250624-171500-001-V2-1114,['O-20250624-171500-001-V2-3342'],O-20250624-171500-001-V2-3340,,,,['V2_POS1_SL'],c1aa8f93-e1d4-4057-9852-48173e56a8d5,1750785300000000000,1750794540000000000,1.16340,DEFAULT,,,,,
O-20250624-171500-001-V2-3342,BACKTESTER-001,MLSignalStrategyV2-V2,EUR/USD.IDEALPRO,IDEALPRO-1-3342,EUR/USD.IDEALPRO-MLSignalStrategyV2-V2,IDEALPRO-001,IDEALPRO-1-354945,LIMIT,BUY,100000.00,GTC,True,False,100000.00,MAKER,1.16163,-5.0000000000105516e-05,['2.32 USD'],NO_TRIGGER,FILLED,OUO,OL-20250624-171500-001-V2-1114,['O-20250624-171500-001-V2-3341'],O-20250624-171500-001-V2-3340,,,,['V2_POS1_TP'],4c89d0ae-e0ae-497c-8f3d-66eb323df404,1750785300000000000,1750794540000000000,,,,,1.16168,False,
O-20250624-220000-001-V2-3343,BACKTESTER-001,MLSignalStrategyV2-V2,EUR/USD.IDEALPRO,IDEALPRO-1-3343,EUR/USD.IDEALPRO-MLSignalStrategyV2-V2,IDEALPRO-001,IDEALPRO-1-355178,MARKET,SELL,100000.00,GTC,False,False,100000.00,TAKER,1.16104,0.0,['2.32 USD'],NO_TRIGGER,FILLED,OTO,OL-20250624-220000-001-V2-1115,"['O-20250624-220000-001-V2-3344', 'O-20250624-220000-001-V2-3345']",,,,,['V2_POS1'],aaa76b09-5333-4896-a6d2-acec18b7b17a,1750802400000000000,1750802400000000000,,,,,,,
O-20250624-220000-001-V2-3344,BACKTESTER-001,MLSignalStrategyV2-V2,EUR/USD.IDEALPRO,IDEALPRO-1-3344,EUR/USD.IDEALPRO-MLSignalStrategyV2-V2,IDEALPRO-001,,STOP_MARKET,BUY,100000.00,GTC,True,False,0.00,NO_LIQUIDITY_SIDE,,,,NO_TRIGGER,CANCELED,OUO,OL-20250624-220000-001-V2-1115,['O-20250624-220000-001-V2-3345'],O-20250624-220000-001-V2-3343,,,,['V2_POS1_SL'],062b5f0d-b6fe-4a52-8924-f245e24acedf,1750802400000000000,1750803420000000000,1.16152,DEFAULT,,,,,
O-20250624-220000-001-V2-3345,BACKTESTER-001,MLSignalStrategyV2-V2,EUR/USD.IDEALPRO,IDEALPRO-1-3345,EUR/USD.IDEALPRO-MLSignalStrategyV2-V2,IDEALPRO-001,IDEALPRO-1-355213,LIMIT,BUY,100000.00,GTC,True,False,100000.00,MAKER,1.16045,-0.0001100000000000545,['2.32 USD'],NO_TRIGGER,FILLED,OUO,OL-20250624-220000-001-V2-1115,['O-20250624-220000-001-V2-3344'],O-20250624-220000-001-V2-3343,,,,['V2_POS1_TP'],f5602176-f12a-4cf8-ab83-e7565de96ff4,1750802400000000000,1750803420000000000,,,,,1.16056,False,
O-20250624-223000-001-V2-3346,BACKTESTER-001,MLSignalStrategyV2-V2,EUR/USD.IDEALPRO,IDEALPRO-1-3346,EUR/USD.IDEALPRO-MLSignalStrategyV2-V2,IDEALPRO-001,IDEALPRO-1-355241,MARKET,BUY,100000.00,GTC,False,False,100000.00,TAKER,1.16064,0.0,['2.32 USD'],NO_TRIGGER,FILLED,OTO,OL-20250624-223000-001-V2-1116,"['O-20250624-223000-001-V2-3347', 'O-20250624-223000-001-V2-3348']",,,,,['V2_POS1'],72cb8f4e-1d45-4be3-83ed-4f8e6722b3e0,1750804200000000000,1750804200000000000,,,,,,,
O-20250624-223000-001-V2-3347,BACKTESTER-001,MLSignalStrategyV2-V2,EUR/USD.IDEALPRO,IDEALPRO-1-3347,EUR/USD.IDEALPRO-MLSignalStrategyV2-V2,IDEALPRO-001,,STOP_MARKET,SELL,100000.00,GTC,True,False,0.00,NO_LIQUIDITY_SIDE,,,,NO_TRIGGER,CANCELED,OUO,OL-20250624-223000-001-V2-1116,['O-20250624-223000-001-V2-3348'],O-20250624-223000-001-V2-3346,,,,['V2_POS1_SL'],b155a180-1650-4063-9c1e-31abe967abc3,1750804200000000000,1750806960000000000,1.16017,DEFAULT,,,,,
O-20250624-223000-001-V2-3348,BACKTESTER-001,MLSignalStrategyV2-V2,EUR/USD.IDEALPRO,IDEALPRO-1-3348,EUR/USD.IDEALPRO-MLSignalStrategyV2-V2,IDEALPRO-001,IDEALPRO-1-355333,LIMIT,SELL,100000.00,GTC,True,False,100000.00,MAKER,1.16114,-2.999999999997449e-05,['2.32 USD'],NO_TRIGGER,FILLED,OUO,OL-20250624-223000-001-V2-1116,['O-20250624-223000-001-V2-3347'],O-20250624-223000-001-V2-3346,,,,['V2_POS1_TP'],b0c48eda-f1bf-492e-b9a0-5e28c19b48d4,1750804200000000000,1750806960000000000,,,,,1.16111,False,
O-20250625-023000-001-V2-3349,BACKTESTER-001,MLSignalStrategyV2-V2,EUR/USD.IDEALPRO,IDEALPRO-1-3349,EUR/USD.IDEALPRO-MLSignalStrategyV2-V2,IDEALPRO-001,IDEALPRO-1-355722,MARKET,SELL,100000.00,GTC,False,False,100000.00,TAKER,1.16247,0.0,['2.32 USD'],NO_TRIGGER,FILLED,OTO,OL-20250625-023000-001-V2-1117,"['O-20250625-023000-001-V2-3350', 'O-20250625-023000-001-V2-3351']",,,,,['V2_POS1'],2d9922d2-4f3b-43ec-b04f-384a5054e6c1,1750818600000000000,1750818600000000000,,,,,,,
O-20250625-023000-001-V2-3350,BACKTESTER-001,MLSignalStrategyV2-V2,EUR/USD.IDEALPRO,IDEALPRO-1-3350,EUR/USD.IDEALPRO-MLSignalStrategyV2-V2,IDEALPRO-001,,STOP_MARKET,BUY,100000.00,GTC,True,False,0.00,NO_LIQUIDITY_SIDE,,,,NO_TRIGGER,CANCELED,OUO,OL-20250625-023000-001-V2-1117,['O-20250625-023000-001-V2-3351'],O-20250625-023000-001-V2-3349,,,,['V2_POS1_SL'],68f18d41-43ab-4c23-b67e-fc6f468b45ba,1750818600000000000,1750819980000000000,1.16301,DEFAULT,,,,,
O-20250625-023000-001-V2-3351,BACKTESTER-001,MLSignalStrategyV2-V2,EUR/USD.IDEALPRO,IDEALPRO-1-3351,EUR/USD.IDEALPRO-MLSignalStrategyV2-V2,IDEALPRO-001,IDEALPRO-1-355769,LIMIT,BUY,100000.00,GTC,True,False,100000.00,MAKER,1.16182,-0.00010999999999983245,['2.32 USD'],NO_TRIGGER,FILLED,OUO,OL-20250625-023000-001-V2-1117,['O-20250625-023000-001-V2-3350'],O-20250625-023000-001-V2-3349,,,,['V2_POS1_TP'],62c1cbbb-4671-4cc0-8307-a499ec74042f,1750818600000000000,1750819980000000000,,,,,1.16193,False,
O-20250625-030000-001-V2-3352,BACKTESTER-001,MLSignalStrategyV2-V2,EUR/USD.IDEALPRO,IDEALPRO-1-3352,EUR/USD.IDEALPRO-MLSignalStrategyV2-V2,IDEALPRO-001,IDEALPRO-1-355784,MARKET,SELL,100000.00,GTC,False,False,100000.00,TAKER,1.16206,0.0,['2.32 USD'],NO_TRIGGER,FILLED,OTO,OL-20250625-030000-001-V2-1118,"['O-20250625-030000-001-V2-3353', 'O-20250625-030000-001-V2-3354']",,,,,['V2_POS1'],c48c67e6-18ec-410a-b975-941f99edca19,1750820400000000000,1750820400000000000,,,,,,,
O-20250625-030000-001-V2-3353,BACKTESTER-001,MLSignalStrategyV2-V2,EUR/USD.IDEALPRO,IDEALPRO-1-3353,EUR/USD.IDEALPRO-MLSignalStrategyV2-V2,IDEALPRO-001,,STOP_MARKET,BUY,100000.00,GTC,True,False,0.00,NO_LIQUIDITY_SIDE,,,,NO_TRIGGER,CANCELED,OUO,OL-20250625-030000-001-V2-1118,['O-20250625-030000-001-V2-3354'],O-20250625-030000-001-V2-3352,,,,['V2_POS1_SL'],7259940a-8083-4847-bbe3-3512c5f04030,1750820400000000000,1750823460000000000,1.16258,DEFAULT,,,,,
O-20250625-030000-001-V2-3354,BACKTESTER-001,MLSignalStrategyV2-V2,EUR/USD.IDEALPRO,IDEALPRO-1-3354,EUR/USD.IDEALPRO-MLSignalStrategyV2-V2,IDEALPRO-001,IDEALPRO-1-355887,LIMIT,BUY,100000.00,GTC,True,False,100000.00,MAKER,1.16148,-5.999999999994898e-05,['2.32 USD'],NO_TRIGGER,FILLED,OUO,OL-20250625-030000-001-V2-1118,['O-20250625-030000-001-V2-3353'],O-20250625-030000-001-V2-3352,,,,['V2_POS1_TP'],66194d89-2c63-4685-9782-66db4c0f4bea,1750820400000000000,1750823460000000000,,,,,1.16154,False,
O-20250625-044500-001-V2-3355,BACKTESTER-001,MLSignalStrategyV2-V2,EUR/USD.IDEALPRO,IDEALPRO-1-3355,EUR/USD.IDEALPRO-MLSignalStrategyV2-V2,IDEALPRO-001,IDEALPRO-1-355997,MARKET,SELL,100000.00,GTC,False,False,100000.00,TAKER,1.16138,0.0,['2.32 USD'],NO_TRIGGER,FILLED,OTO,OL-20250625-044500-001-V2-1119,"['O-20250625-044500-001-V2-3356', 'O-20250625-044500-001-V2-3357']",,,,,['V2_POS1'],3c88ca41-0f51-44e4-911d-8d91d5a3b17b,1750826700000000000,1750826700000000000,,,,,,,
O-20250625-044500-001-V2-3356,BACKTESTER-001,MLSignalStrategyV2-V2,EUR/USD.IDEALPRO,IDEALPRO-1-3356,EUR/USD.IDEALPRO-MLSignalStrategyV2-V2,IDEALPRO-001,,STOP_MARKET,BUY,100000.00,GTC,True,False,0.00,NO_LIQUIDITY_SIDE,,,,NO_TRIGGER,CANCELED,OUO,OL-20250625-044500-001-V2-1119,['O-20250625-044500-001-V2-3357'],O-20250625-044500-001-V2-3355,,,,['V2_POS1_SL'],17704905-83ef-41c4-9be3-2fa4a8b18d4f,1750826700000000000,1750829280000000000,1.16179,DEFAULT,,,,,
O-20250625-044500-001-V2-3357,BACKTESTER-001,MLSignalStrategyV2-V2,EUR/USD.IDEALPRO,IDEALPRO-1-3357,EUR/USD.IDEALPRO-MLSignalStrategyV2-V2,IDEALPRO-001,IDEALPRO-1-356083,LIMIT,BUY,100000.00,GTC,True,False,100000.00,MAKER,1.16096,-1.0000000000065512e-05,['2.32 USD'],NO_TRIGGER,FILLED,OUO,OL-20250625-044500-001-V2-1119,['O-20250625-044500-001-V2-3356'],O-20250625-044500-001-V2-3355,,,,['V2_POS1_TP'],e23a36a4-d50c-46e5-be04-db7089592c03,1750826700000000000,1750829280000000000,,,,,1.16097,False,
O-20250625-074500-001-V2-3358,BACKTESTER-001,MLSignalStrategyV2-V2,EUR/USD.IDEALPRO,IDEALPRO-1-3358,EUR/USD.IDEALPRO-MLSignalStrategyV2-V2,IDEALPRO-001,IDEALPRO-1-356358,MARKET,BUY,100000.00,GTC,False,False,100000.00,TAKER,1.16077,0.0,['2.32 USD'],NO_TRIGGER,FILLED,OTO,OL-20250625-074500-001-V2-1120,"['O-20250625-074500-001-V2-3359', 'O-20250625-074500-001-V2-3360']",,,,,['V2_POS1'],cb295aff-9672-4fe0-80f5-01dfccf4a713,1750837500000000000,1750837500000000000,,,,,,,
O-20250625-074500-001-V2-3359,BACKTESTER-001,MLSignalStrategyV2-V2,EUR/USD.IDEALPRO,IDEALPRO-1-3359,EUR/USD.IDEALPRO-MLSignalStrategyV2-V2,IDEALPRO-001,IDEALPRO-1-356371,STOP_MARKET,SELL,100000.00,GTC,True,False,100000.00,TAKER,1.16013,7.999999999985796e-05,['2.32 USD'],NO_TRIGGER,FILLED,OUO,OL-20250625-074500-001-V2-1120,['O-20250625-074500-001-V2-3360'],O-20250625-074500-001-V2-3358,,,,['V2_POS1_SL'],b15c4c52-857e-4a4b-9053-1d34f89d898a,1750837500000000000,1750837860000000000,1.16021,DEFAULT,,,,,
O-20250625-074500-001-V2-3360,BACKTESTER-001,MLSignalStrategyV2-V2,EUR/USD.IDEALPRO,IDEALPRO-1-3360,EUR/USD.IDEALPRO-MLSignalStrategyV2-V2,IDEALPRO-001,,LIMIT,SELL,100000.00,GTC,True,False,0.00,NO_LIQUIDITY_SIDE,,,,NO_TRIGGER,CANCELED,OUO,OL-20250625-074500-001-V2-1120,['O-20250625-074500-001-V2-3359'],O-20250625-074500-001-V2-3358,,,,['V2_POS1_TP'],e6e678ae-84db-42ff-a7df-4ee4e2f0514c,1750837500000000000,1750837860000000000,,,,,1.16133,False,
O-20250625-080000-001-V2-3361,BACKTESTER-001,MLSignalStrategyV2-V2,EUR/USD.IDEALPRO,IDEALPRO-1-3361,EUR/USD.IDEALPRO-MLSignalStrategyV2-V2,IDEALPRO-001,IDEALPRO-1-356390,MARKET,BUY,100000.00,GTC,False,False,100000.00,TAKER,1.15991,0.0,['2.32 USD'],NO_TRIGGER,FILLED,OTO,OL-20250625-080000-001-V2-1121,"['O-20250625-080000-001-V2-3362', 'O-20250625-080000-001-V2-3363']",,,,,['V2_POS1'],3a584203-a6db-46df-878b-8e76ee60d545,1750838400000000000,1750838400000000000,,,,,,,
O-20250625-080000-001-V2-3362,BACKTESTER-001,MLSignalStrategyV2-V2,EUR/USD.IDEALPRO,IDEALPRO-1-3362,EUR/USD.IDEALPRO-MLSignalStrategyV2-V2,IDEALPRO-001,,STOP_MARKET,SELL,100000.00,GTC,True,False,0.00,NO_LIQUIDITY_SIDE,,,,NO_TRIGGER,CANCELED,OUO,OL-20250625-080000-001-V2-1121,['O-20250625-080000-001-V2-3363'],O-20250625-080000-001-V2-3361,,,,['V2_POS1_SL'],16dbd87e-8132-4457-8b5d-63cd0f61f458,1750838400000000000,1750841040000000000,1.15927,DEFAULT,,,,,
O-20250625-080000-001-V2-3363,BACKTESTER-001,MLSignalStrategyV2-V2,EUR/USD.IDEALPRO,IDEALPRO-1-3363,EUR/USD.IDEALPRO-MLSignalStrategyV2-V2,IDEALPRO-001,IDEALPRO-1-356479,LIMIT,SELL,100000.00,GTC,True,False,100000.00,MAKER,1.16063,-9.999999999998899e-05,['2.32 USD'],NO_TRIGGER,FILLED,OUO,OL-20250625-080000-001-V2-1121,['O-20250625-080000-001-V2-3362'],O-20250625-080000-001-V2-3361,,,,['V2_POS1_TP'],5e273c41-45ce-4e06-afae-2491bf082217,1750838400000000000,1750841040000000000,,,,,1.16053,False,
O-20250625-213000-001-V2-3364,BACKTESTER-001,MLSignalStrategyV2-V2,EUR/USD.IDEALPRO,IDEALPRO-1-3364,EUR/USD.IDEALPRO-MLSignalStrategyV2-V2,IDEALPRO-001,IDEALPRO-1-357983,MARKET,BUY,100000.00,GTC,False,False,100000.00,TAKER,1.16552,0.0,['2.33 USD'],NO_TRIGGER,FILLED,OTO,OL-20250625-213000-001-V2-1122,"['O-20250625-213000-001-V2-3365', 'O-20250625-213000-001-V2-3366']",,,,,['V2_POS1'],605b67bc-5b4b-4571-9645-acacc51ecc70,1750887000000000000,1750887000000000000,,,,,,,
O-20250625-213000-001-V2-3365,BACKTESTER-001,MLSignalStrategyV2-V2,EUR/USD.IDEALPRO,IDEALPRO-1-3365,EUR/USD.IDEALPRO-MLSignalStrategyV2-V2,IDEALPRO-001,,STOP_MARKET,SELL,100000.00,GTC,True,False,0.00,NO_LIQUIDITY_SIDE,,,,NO_TRIGGER,CANCELED,OUO,OL-20250625-213000-001-V2-1122,['O-20250625-213000-001-V2-3366'],O-20250625-213000-001-V2-3364,,,,['V2_POS1_SL'],7cf71a20-4eb5-4a7a-8056-6fd9ded782ca,1750887000000000000,1750891380000000000,1.16507,DEFAULT,,,,,
O-20250625-213000-001-V2-3366,BACKTESTER-001,MLSignalStrategyV2-V2,EUR/USD.IDEALPRO,IDEALPRO-1-3366,EUR/USD.IDEALPRO-MLSignalStrategyV2-V2,IDEALPRO-001,IDEALPRO-1-358129,LIMIT,SELL,100000.00,GTC,True,False,100000.00,MAKER,1.16606,-9.000000000014552e-05,['2.33 USD'],NO_TRIGGER,FILLED,OUO,OL-20250625-213000-001-V2-1122,['O-20250625-213000-001-V2-3365'],O-20250625-213000-001-V2-3364,,,,['V2_POS1_TP'],7817a159-9d8b-4fcc-b499-e1b3810275f5,1750887000000000000,1750891380000000000,,,,,1.16597,False,
O-20250625-234500-001-V2-3367,BACKTESTER-001,MLSignalStrategyV2-V2,EUR/USD.IDEALPRO,IDEALPRO-1-3367,EUR/USD.IDEALPRO-MLSignalStrategyV2-V2,IDEALPRO-001,IDEALPRO-1-358255,MARKET,SELL,100000.00,GTC,False,False,100000.00,TAKER,1.16771,0.0,['2.34 USD'],NO_TRIGGER,FILLED,OTO,OL-20250625-234500-001-V2-1123,"['O-20250625-234500-001-V2-3368', 'O-20250625-234500-001-V2-3369']",,,,,['V2_POS1'],207b9db7-7df4-4186-94da-8c3fe7a43757,1750895100000000000,1750895100000000000,,,,,,,
O-20250625-234500-001-V2-3368,BACKTESTER-001,MLSignalStrategyV2-V2,EUR/USD.IDEALPRO,IDEALPRO-1-3368,EUR/USD.IDEALPRO-MLSignalStrategyV2-V2,IDEALPRO-001,IDEALPRO-1-358269,STOP_MARKET,BUY,100000.00,GTC,True,False,100000.00,TAKER,1.16827,5.999999999994898e-05,['2.34 USD'],NO_TRIGGER,FILLED,OUO,OL-20250625-234500-001-V2-1123,['O-20250625-234500-001-V2-3369'],O-20250625-234500-001-V2-3367,,,,['V2_POS1_SL'],0b319bdb-5c6c-4065-8997-f7f1a818ba32,1750895100000000000,1750895520000000000,1.16821,DEFAULT,,,,,
O-20250625-234500-001-V2-3369,BACKTESTER-001,MLSignalStrategyV2-V2,EUR/USD.IDEALPRO,IDEALPRO-1-3369,EUR/USD.IDEALPRO-MLSignalStrategyV2-V2,IDEALPRO-001,,LIMIT,BUY,100000.00,GTC,True,False,0.00,NO_LIQUIDITY_SIDE,,,,NO_TRIGGER,CANCELED,OUO,OL-20250625-234500-001-V2-1123,['O-20250625-234500-001-V2-3368'],O-20250625-234500-001-V2-3367,,,,['V2_POS1_TP'],e7f82fe1-5614-4748-a8fc-53a3e3414d8f,1750895100000000000,1750895520000000000,,,,,1.16723,False,
O-20250626-000000-001-V2-3370,BACKTESTER-001,MLSignalStrategyV2-V2,EUR/USD.IDEALPRO,IDEALPRO-1-3370,EUR/USD.IDEALPRO-MLSignalStrategyV2-V2,IDEALPRO-001,IDEALPRO-1-358286,MARKET,SELL,100000.00,GTC,False,False,100000.00,TAKER,1.16834,0.0,['2.34 USD'],NO_TRIGGER,FILLED,OTO,OL-20250626-000000-001-V2-1124,"['O-20250626-000000-001-V2-3371', 'O-20250626-000000-001-V2-3372']",,,,,['V2_POS1'],7ecfeb86-3074-4945-8ab7-4b6a71d864f1,1750896000000000000,1750896000000000000,,,,,,,
O-20250626-000000-001-V2-3371,BACKTESTER-001,MLSignalStrategyV2-V2,EUR/USD.IDEALPRO,IDEALPRO-1-3371,EUR/USD.IDEALPRO-MLSignalStrategyV2-V2,IDEALPRO-001,IDEALPRO-1-358329,STOP_MARKET,BUY,100000.00,GTC,True,False,100000.00,TAKER,1.16885,9.999999999843467e-06,['2.34 USD'],NO_TRIGGER,FILLED,OUO,OL-20250626-000000-001-V2-1124,['O-20250626-000000-001-V2-3372'],O-20250626-000000-001-V2-3370,,,,['V2_POS1_SL'],1ee55d29-c7a2-489f-9692-fb7f636d3fae,1750896000000000000,1750897260000000000,1.16884,DEFAULT,,,,,
O-20250626-000000-001-V2-3372,BACKTESTER-001,MLSignalStrategyV2-V2,EUR/USD.IDEALPRO,IDEALPRO-1-3372,EUR/USD.IDEALPRO-MLSignalStrategyV2-V2,IDEALPRO-001,,LIMIT,BUY,100000.00,GTC,True,False,0.00,NO_LIQUIDITY_SIDE,,,,NO_TRIGGER,CANCELED,OUO,OL-20250626-000000-001-V2-1124,['O-20250626-000000-001-V2-3371'],O-20250626-000000-001-V2-3370,,,,['V2_POS1_TP'],4b78391f-548b-4cb2-b429-c6f16e3f49bd,1750896000000000000,1750897260000000000,,,,,1.16784,False,
O-20250626-033000-001-V2-3373,BACKTESTER-001,MLSignalStrategyV2-V2,EUR/USD.IDEALPRO,IDEALPRO-1-3373,EUR/USD.IDEALPRO-MLSignalStrategyV2-V2,IDEALPRO-001,IDEALPRO-1-358708,MARKET,SELL,100000.00,GTC,False,False,100000.00,TAKER,1.1695,0.0,['2.34 USD'],NO_TRIGGER,FILLED,OTO,OL-20250626-033000-001-V2-1125,"['O-20250626-033000-001-V2-3374', 'O-20250626-033000-001-V2-3375']",,,,,['V2_POS1'],56334b7a-fb00-444e-8100-ac6e0d0a336c,1750908600000000000,1750908600000000000,,,,,,,
O-20250626-033000-001-V2-3374,BACKTESTER-001,MLSignalStrategyV2-V2,EUR/USD.IDEALPRO,IDEALPRO-1-3374,EUR/USD.IDEALPRO-MLSignalStrategyV2-V2,IDEALPRO-001,,STOP_MARKET,BUY,100000.00,GTC,True,False,0.00,NO_LIQUIDITY_SIDE,,,,NO_TRIGGER,CANCELED,OUO,OL-20250626-033000-001-V2-1125,['O-20250626-033000-001-V2-3375'],O-20250626-033000-001-V2-3373,,,,['V2_POS1_SL'],dee18d03-dd07-46df-9a0d-cea293bef943,1750908600000000000,1750910940000000000,1.17028,DEFAULT,,,,,
O-20250626-033000-001-V2-3375,BACKTESTER-001,MLSignalStrategyV2-V2,EUR/USD.IDEALPRO,IDEALPRO-1-3375,EUR/USD.IDEALPRO-MLSignalStrategyV2-V2,IDEALPRO-001,IDEALPRO-1-358787,LIMIT,BUY,100000.00,GTC,True,False,100000.00,MAKER,1.16865,-7.00000000000145e-05,['2.34 USD'],NO_TRIGGER,FILLED,OUO,OL-20250626-033000-001-V2-1125,['O-20250626-033000-001-V2-3374'],O-20250626-033000-001-V2-3373,,,,['V2_POS1_TP'],2309bf6a-9d54-42b7-a3d8-5afb0347a688,1750908600000000000,1750910940000000000,,,,,1.16872,False,
O-20250626-063000-001-V2-3376,BACKTESTER-001,MLSignalStrategyV2-V2,EUR/USD.IDEALPRO,IDEALPRO-1-3376,EUR/USD.IDEALPRO-MLSignalStrategyV2-V2,IDEALPRO-001,IDEALPRO-1-359071,MARKET,SELL,100000.00,GTC,False,False,100000.00,TAKER,1.16776,0.0,['2.34 USD'],NO_TRIGGER,FILLED,OTO,OL-20250626-063000-001-V2-1126,"['O-20250626-063000-001-V2-3377', 'O-20250626-063000-001-V2-3378']",,,,,['V2_POS1'],54c92d23-e269-491e-b1a7-8ba9e568206d,1750919400000000000,1750919400000000000,,,,,,,
O-20250626-063000-001-V2-3377,BACKTESTER-001,MLSignalStrategyV2-V2,EUR/USD.IDEALPRO,IDEALPRO-1-3377,EUR/USD.IDEALPRO-MLSignalStrategyV2-V2,IDEALPRO-001,IDEALPRO-1-359091,STOP_MARKET,BUY,100000.00,GTC,True,False,100000.00,TAKER,1.16848,5.999999999994898e-05,['2.34 USD'],NO_TRIGGER,FILLED,OUO,OL-20250626-063000-001-V2-1126,['O-20250626-063000-001-V2-3378'],O-20250626-063000-001-V2-3376,,,,['V2_POS1_SL'],f62f4900-121f-4b8c-96b5-751d0cc6e40b,1750919400000000000,1750920000000000000,1.16842,DEFAULT,,,,,
O-20250626-063000-001-V2-3378,BACKTESTER-001,MLSignalStrategyV2-V2,EUR/USD.IDEALPRO,IDEALPRO-1-3378,EUR/USD.IDEALPRO-MLSignalStrategyV2-V2,IDEALPRO-001,,LIMIT,BUY,100000.00,GTC,True,False,0.00,NO_LIQUIDITY_SIDE,,,,NO_TRIGGER,CANCELED,OUO,OL-20250626-063000-001-V2-1126,['O-20250626-063000-001-V2-3377'],O-20250626-063000-001-V2-3376,,,,['V2_POS1_TP'],9f64449f-da8e-4b93-9d8a-e1f79872decb,1750919400000000000,1750920000000000000,,,,,1.16710,False,
O-20250626-090000-001-V2-3379,BACKTESTER-001,MLSignalStrategyV2-V2,EUR/USD.IDEALPRO,IDEALPRO-1-3379,EUR/USD.IDEALPRO-MLSignalStrategyV2-V2,IDEALPRO-001,IDEALPRO-1-359373,MARKET,SELL,100000.00,GTC,False,False,100000.00,TAKER,1.17277,0.0,['2.35 USD'],NO_TRIGGER,FILLED,OTO,OL-20250626-090000-001-V2-1127,"['O-20250626-090000-001-V2-3380', 'O-20250626-090000-001-V2-3381']",,,,,['V2_POS1'],1d91ba87-b3cf-4e36-ac4c-c208b207ad50,1750928400000000000,1750928400000000000,,,,,,,
O-20250626-090000-001-V2-3380,BACKTESTER-001,MLSignalStrategyV2-V2,EUR/USD.IDEALPRO,IDEALPRO-1-3380,EUR/USD.IDEALPRO-MLSignalStrategyV2-V2,IDEALPRO-001,,STOP_MARKET,BUY,100000.00,GTC,True,False,0.00,NO_LIQUIDITY_SIDE,,,,NO_TRIGGER,CANCELED,OUO,OL-20250626-090000-001-V2-1127,['O-20250626-090000-001-V2-3381'],O-20250626-090000-001-V2-3379,,,,['V2_POS1_SL'],f6ea84d0-90d6-414e-abe4-c9dd169d64ce,1750928400000000000,1750929600000000000,1.17381,DEFAULT,,,,,
O-20250626-090000-001-V2-3381,BACKTESTER-001,MLSignalStrategyV2-V2,EUR/USD.IDEALPRO,IDEALPRO-1-3381,EUR/USD.IDEALPRO-MLSignalStrategyV2-V2,IDEALPRO-001,IDEALPRO-1-359413,LIMIT,BUY,100000.00,GTC,True,False,100000.00,MAKER,1.17172,-2.999999999997449e-05,['2.34 USD'],NO_TRIGGER,FILLED,OUO,OL-20250626-090000-001-V2-1127,['O-20250626-090000-001-V2-3380'],O-20250626-090000-001-V2-3379,,,,['V2_POS1_TP'],b9e04c6e-5396-4b7a-9318-ff1ccde92c9e,1750928400000000000,1750929600000000000,,,,,1.17175,False,
O-20250626-093000-001-V2-3382,BACKTESTER-001,MLSignalStrategyV2-V2,EUR/USD.IDEALPRO,IDEALPRO-1-3382,EUR/USD.IDEALPRO-MLSignalStrategyV2-V2,IDEALPRO-001,IDEALPRO-1-359434,MARKET,SELL,100000.00,GTC,False,False,100000.00,TAKER,1.17193,0.0,['2.34 USD'],NO_TRIGGER,FILLED,OTO,OL-20250626-093000-001-V2-1128,"['O-20250626-093000-001-V2-3383', 'O-20250626-093000-001-V2-3384']",,,,,['V2_POS1'],e4784e6a-70e1-4ab2-adc2-f0a39175390b,1750930200000000000,1750930200000000000,,,,,,,
O-20250626-093000-001-V2-3383,BACKTESTER-001,MLSignalStrategyV2-V2,EUR/USD.IDEALPRO,IDEALPRO-1-3383,EUR/USD.IDEALPRO-MLSignalStrategyV2-V2,IDEALPRO-001,IDEALPRO-1-359549,STOP_MARKET,BUY,100000.00,GTC,True,False,100000.00,TAKER,1.17292,2.999999999997449e-05,['2.35 USD'],NO_TRIGGER,FILLED,OUO,OL-20250626-093000-001-V2-1128,['O-20250626-093000-001-V2-3384'],O-20250626-093000-001-V2-3382,,,,['V2_POS1_SL'],578ec352-d1f4-4494-b894-bb7d1d3768be,1750930200000000000,1750933620000000000,1.17289,DEFAULT,,,,,
O-20250626-093000-001-V2-3384,BACKTESTER-001,MLSignalStrategyV2-V2,EUR/USD.IDEALPRO,IDEALPRO-1-3384,EUR/USD.IDEALPRO-MLSignalStrategyV2-V2,IDEALPRO-001,,LIMIT,BUY,100000.00,GTC,True,False,0.00,NO_LIQUIDITY_SIDE,,,,NO_TRIGGER,CANCELED,OUO,OL-20250626-093000-001-V2-1128,['O-20250626-093000-001-V2-3383'],O-20250626-093000-001-V2-3382,,,,['V2_POS1_TP'],17a1c8b6-0176-4970-828f-bf99ad0f3da4,1750930200000000000,1750933620000000000,,,,,1.17097,False,
O-20250626-181500-001-V2-3385,BACKTESTER-001,MLSignalStrategyV2-V2,EUR/USD.IDEALPRO,IDEALPRO-1-3385,EUR/USD.IDEALPRO-MLSignalStrategyV2-V2,IDEALPRO-001,IDEALPRO-1-360487,MARKET,BUY,100000.00,GTC,False,False,100000.00,TAKER,1.17271,0.0,['2.35 USD'],NO_TRIGGER,FILLED,OTO,OL-20250626-181500-001-V2-1129,"['O-20250626-181500-001-V2-3386', 'O-20250626-181500-001-V2-3387']",,,,,['V2_POS1'],178adda2-42ba-4212-b8d8-9c9ae9d4f6d4,1750961700000000000,1750961700000000000,,,,,,,
O-20250626-181500-001-V2-3386,BACKTESTER-001,MLSignalStrategyV2-V2,EUR/USD.IDEALPRO,IDEALPRO-1-3386,EUR/USD.IDEALPRO-MLSignalStrategyV2-V2,IDEALPRO-001,IDEALPRO-1-360511,STOP_MARKET,SELL,100000.00,GTC,True,False,100000.00,TAKER,1.17197,2.999999999997449e-05,['2.34 USD'],NO_TRIGGER,FILLED,OUO,OL-20250626-181500-001-V2-1129,['O-20250626-181500-001-V2-3387'],O-20250626-181500-001-V2-3385,,,,['V2_POS1_SL'],ea7743a6-b6a5-488e-83de-f01f067b3958,1750961700000000000,1750962420000000000,1.17200,DEFAULT,,,,,
O-20250626-181500-001-V2-3387,BACKTESTER-001,MLSignalStrategyV2-V2,EUR/USD.IDEALPRO,IDEALPRO-1-3387,EUR/USD.IDEALPRO-MLSignalStrategyV2-V2,IDEALPRO-001,,LIMIT,SELL,100000.00,GTC,True,False,0.00,NO_LIQUIDITY_SIDE,,,,NO_TRIGGER,CANCELED,OUO,OL-20250626-181500-001-V2-1129,['O-20250626-181500-001-V2-3386'],O-20250626-181500-001-V2-3385,,,,['V2_POS1_TP'],01bec966-45d5-4a22-9ddd-9c77d09a8390,1750961700000000000,1750962420000000000,,,,,1.17340,False,
O-20250626-183000-001-V2-3388,BACKTESTER-001,MLSignalStrategyV2-V2,EUR/USD.IDEALPRO,IDEALPRO-1-3388,EUR/USD.IDEALPRO-MLSignalStrategyV2-V2,IDEALPRO-001,IDEALPRO-1-360518,MARKET,BUY,100000.00,GTC,False,False,100000.00,TAKER,1.17205,0.0,['2.34 USD'],NO_TRIGGER,FILLED,OTO,OL-20250626-183000-001-V2-1130,"['O-20250626-183000-001-V2-3389', 'O-20250626-183000-001-V2-3390']",,,,,['V2_POS1'],930331c5-8db6-40c7-9d02-ca0537597d6f,1750962600000000000,1750962600000000000,,,,,,,
O-20250626-183000-001-V2-3389,BACKTESTER-001,MLSignalStrategyV2-V2,EUR/USD.IDEALPRO,IDEALPRO-1-3389,EUR/USD.IDEALPRO-MLSignalStrategyV2-V2,IDEALPRO-001,IDEALPRO-1-360593,STOP_MARKET,SELL,100000.00,GTC,True,False,100000.00,TAKER,1.17131,2.999999999997449e-05,['2.34 USD'],NO_TRIGGER,FILLED,OUO,OL-20250626-183000-001-V2-1130,['O-20250626-183000-001-V2-3390'],O-20250626-183000-001-V2-3388,,,,['V2_POS1_SL'],d2deb2f5-6fb5-48fc-82f2-738274dc4120,1750962600000000000,1750964820000000000,1.17134,DEFAULT,,,,,
O-20250626-183000-001-V2-3390,BACKTESTER-001,MLSignalStrategyV2-V2,EUR/USD.IDEALPRO,IDEALPRO-1-3390,EUR/USD.IDEALPRO-MLSignalStrategyV2-V2,IDEALPRO-001,,LIMIT,SELL,100000.00,GTC,True,False,0.00,NO_LIQUIDITY_SIDE,,,,NO_TRIGGER,CANCELED,OUO,OL-20250626-183000-001-V2-1130,['O-20250626-183000-001-V2-3389'],O-20250626-183000-001-V2-3388,,,,['V2_POS1_TP'],b6f2e4ac-9445-4763-9e03-7cbbd23ee924,1750962600000000000,1750964820000000000,,,,,1.17276,False,
O-20250626-213000-001-V2-3391,BACKTESTER-001,MLSignalStrategyV2-V2,EUR/USD.IDEALPRO,IDEALPRO-1-3391,EUR/USD.IDEALPRO-MLSignalStrategyV2-V2,IDEALPRO-001,IDEALPRO-1-360850,MARKET,BUY,100000.00,GTC,False,False,100000.00,TAKER,1.1697,0.0,['2.34 USD'],NO_TRIGGER,FILLED,OTO,OL-20250626-213000-001-V2-1131,"['O-20250626-213000-001-V2-3392', 'O-20250626-213000-001-V2-3393']",,,,,['V2_POS1'],6e3a54a7-14ae-4ab1-a809-cde9de536cfb,1750973400000000000,1750973400000000000,,,,,,,
O-20250626-213000-001-V2-3392,BACKTESTER-001,MLSignalStrategyV2-V2,EUR/USD.IDEALPRO,IDEALPRO-1-3392,EUR/USD.IDEALPRO-MLSignalStrategyV2-V2,IDEALPRO-001,,STOP_MARKET,SELL,100000.00,GTC,True,False,0.00,NO_LIQUIDITY_SIDE,,,,NO_TRIGGER,CANCELED,OUO,OL-20250626-213000-001-V2-1131,['O-20250626-213000-001-V2-3393'],O-20250626-213000-001-V2-3391,,,,['V2_POS1_SL'],14666613-b04a-4801-8dc9-dabe11809ff8,1750973400000000000,1750974180000000000,1.16908,DEFAULT,,,,,
O-20250626-213000-001-V2-3393,BACKTESTER-001,MLSignalStrategyV2-V2,EUR/USD.IDEALPRO,IDEALPRO-1-3393,EUR/USD.IDEALPRO-MLSignalStrategyV2-V2,IDEALPRO-001,IDEALPRO-1-360877,LIMIT,SELL,100000.00,GTC,True,False,100000.00,MAKER,1.17044,-0.00011999999999989797,['2.34 USD'],NO_TRIGGER,FILLED,OUO,OL-20250626-213000-001-V2-1131,['O-20250626-213000-001-V2-3392'],O-20250626-213000-001-V2-3391,,,,['V2_POS1_TP'],e9c324c6-3f3e-4381-86b6-f5dbe33ff892,1750973400000000000,1750974180000000000,,,,,1.17032,False,
O-20250626-214500-001-V2-3394,BACKTESTER-001,MLSignalStrategyV2-V2,EUR/USD.IDEALPRO,IDEALPRO-1-3394,EUR/USD.IDEALPRO-MLSignalStrategyV2-V2,IDEALPRO-001,IDEALPRO-1-360881,MARKET,BUY,100000.00,GTC,False,False,100000.00,TAKER,1.16939,0.0,['2.34 USD'],NO_TRIGGER,FILLED,OTO,OL-20250626-214500-001-V2-1132,"['O-20250626-214500-001-V2-3395', 'O-20250626-214500-001-V2-3396']",,,,,['V2_POS1'],14404e4b-b13a-4cd6-8f55-dd2e4200c1c4,1750974300000000000,1750974300000000000,,,,,,,
O-20250626-214500-001-V2-3395,BACKTESTER-001,MLSignalStrategyV2-V2,EUR/USD.IDEALPRO,IDEALPRO-1-3395,EUR/USD.IDEALPRO-MLSignalStrategyV2-V2,IDEALPRO-001,IDEALPRO-1-360989,STOP_MARKET,SELL,100000.00,GTC,True,False,100000.00,TAKER,1.16833,0.00035999999999991594,['2.34 USD'],NO_TRIGGER,FILLED,OUO,OL-20250626-214500-001-V2-1132,['O-20250626-214500-001-V2-3396'],O-20250626-214500-001-V2-3394,,,,['V2_POS1_SL'],3bd87a84-66f4-4c52-8902-f055455681ea,1750974300000000000,1750977480000000000,1.16869,DEFAULT,,,,,
O-20250626-214500-001-V2-3396,BACKTESTER-001,MLSignalStrategyV2-V2,EUR/USD.IDEALPRO,IDEALPRO-1-3396,EUR/USD.IDEALPRO-MLSignalStrategyV2-V2,IDEALPRO-001,,LIMIT,SELL,100000.00,GTC,True,False,0.00,NO_LIQUIDITY_SIDE,,,,NO_TRIGGER,CANCELED,OUO,OL-20250626-214500-001-V2-1132,['O-20250626-214500-001-V2-3395'],O-20250626-214500-001-V2-3394,,,,['V2_POS1_TP'],9c14d69c-ec9b-4c27-85fe-6afc858ed2c3,1750974300000000000,1750977480000000000,,,,,1.17003,False,
O-20250626-230000-001-V2-3397,BACKTESTER-001,MLSignalStrategyV2-V2,EUR/USD.IDEALPRO,IDEALPRO-1-3397,EUR/USD.IDEALPRO-MLSignalStrategyV2-V2,IDEALPRO-001,IDEALPRO-1-361034,MARKET,BUY,100000.00,GTC,False,False,100000.00,TAKER,1.16831,0.0,['2.34 USD'],NO_TRIGGER,FILLED,OTO,OL-20250626-230000-001-V2-1133,"['O-20250626-230000-001-V2-3398', 'O-20250626-230000-001-V2-3399']",,,,,['V2_POS1'],4d1f708b-1439-41a3-aebe-b3a90190cc67,1750978800000000000,1750978800000000000,,,,,,,
O-20250626-230000-001-V2-3398,BACKTESTER-001,MLSignalStrategyV2-V2,EUR/USD.IDEALPRO,IDEALPRO-1-3398,EUR/USD.IDEALPRO-MLSignalStrategyV2-V2,IDEALPRO-001,,STOP_MARKET,SELL,100000.00,GTC,True,False,0.00,NO_LIQUIDITY_SIDE,,,,NO_TRIGGER,CANCELED,OUO,OL-20250626-230000-001-V2-1133,['O-20250626-230000-001-V2-3399'],O-20250626-230000-001-V2-3397,,,,['V2_POS1_SL'],a263a75b-441d-4cf6-a064-01130d3c84b5,1750978800000000000,1750978980000000000,1.16764,DEFAULT,,,,,
O-20250626-230000-001-V2-3399,BACKTESTER-001,MLSignalStrategyV2-V2,EUR/USD.IDEALPRO,IDEALPRO-1-3399,EUR/USD.IDEALPRO-MLSignalStrategyV2-V2,IDEALPRO-001,IDEALPRO-1-361041,LIMIT,SELL,100000.00,GTC,True,False,100000.00,MAKER,1.16908,-9.999999999998899e-05,['2.34 USD'],NO_TRIGGER,FILLED,OUO,OL-20250626-230000-001-V2-1133,['O-20250626-230000-001-V2-3398'],O-20250626-230000-001-V2-3397,,,,['V2_POS1_TP'],f2892b6e-b4b4-4252-8004-e8265f3bc944,1750978800000000000,1750978980000000000,,,,,1.16898,False,
O-20250626-231500-001-V2-3400,BACKTESTER-001,MLSignalStrategyV2-V2,EUR/USD.IDEALPRO,IDEALPRO-1-3400,EUR/USD.IDEALPRO-MLSignalStrategyV2-V2,IDEALPRO-001,IDEALPRO-1-361066,MARKET,BUY,100000.00,GTC,False,False,100000.00,TAKER,1.16925,0.0,['2.34 USD'],NO_TRIGGER,FILLED,OTO,OL-20250626-231500-001-V2-1134,"['O-20250626-231500-001-V2-3401', 'O-20250626-231500-001-V2-3402']",,,,,['V2_POS1'],b59500f4-2cc3-4216-957c-15c1fbbebc4c,1750979700000000000,1750979700000000000,,,,,,,
O-20250626-231500-001-V2-3401,BACKTESTER-001,MLSignalStrategyV2-V2,EUR/USD.IDEALPRO,IDEALPRO-1-3401,EUR/USD.IDEALPRO-MLSignalStrategyV2-V2,IDEALPRO-001,IDEALPRO-1-361355,STOP_MARKET,SELL,100000.00,GTC,True,False,100000.00,TAKER,1.16859,1.999999999990898e-05,['2.34 USD'],NO_TRIGGER,FILLED,OUO,OL-20250626-231500-001-V2-1134,['O-20250626-231500-001-V2-3402'],O-20250626-231500-001-V2-3400,,,,['V2_POS1_SL'],032c992d-dda8-4f20-ac68-bfb3d11765eb,1750979700000000000,1750988340000000000,1.16861,DEFAULT,,,,,
O-20250626-231500-001-V2-3402,BACKTESTER-001,MLSignalStrategyV2-V2,EUR/USD.IDEALPRO,IDEALPRO-1-3402,EUR/USD.IDEALPRO-MLSignalStrategyV2-V2,IDEALPRO-001,,LIMIT,SELL,100000.00,GTC,True,False,0.00,NO_LIQUIDITY_SIDE,,,,NO_TRIGGER,CANCELED,OUO,OL-20250626-231500-001-V2-1134,['O-20250626-231500-001-V2-3401'],O-20250626-231500-001-V2-3400,,,,['V2_POS1_TP'],045d9009-76a0-4092-ae10-f39ba0452601,1750979700000000000,1750988340000000000,,,,,1.16989,False,
O-20250627-034500-001-V2-3403,BACKTESTER-001,MLSignalStrategyV2-V2,EUR/USD.IDEALPRO,IDEALPRO-1-3403,EUR/USD.IDEALPRO-MLSignalStrategyV2-V2,IDEALPRO-001,IDEALPRO-1-361608,MARKET,SELL,100000.00,GTC,False,False,100000.00,TAKER,1.1705,0.0,['2.34 USD'],NO_TRIGGER,FILLED,OTO,OL-20250627-034500-001-V2-1135,"['O-20250627-034500-001-V2-3404', 'O-20250627-034500-001-V2-3405']",,,,,['V2_POS1'],2061ce9b-8757-43a5-96ab-1af58887bdfb,1750995900000000000,1750995900000000000,,,,,,,
O-20250627-034500-001-V2-3404,BACKTESTER-001,MLSignalStrategyV2-V2,EUR/USD.IDEALPRO,IDEALPRO-1-3404,EUR/USD.IDEALPRO-MLSignalStrategyV2-V2,IDEALPRO-001,,STOP_MARKET,BUY,100000.00,GTC,True,False,0.00,NO_LIQUIDITY_SIDE,,,,NO_TRIGGER,CANCELED,OUO,OL-20250627-034500-001-V2-1135,['O-20250627-034500-001-V2-3405'],O-20250627-034500-001-V2-3403,,,,['V2_POS1_SL'],282b97f2-f3ad-469d-a9ff-b1caa9b510a6,1750995900000000000,1750996320000000000,1.17110,DEFAULT,,,,,
O-20250627-034500-001-V2-3405,BACKTESTER-001,MLSignalStrategyV2-V2,EUR/USD.IDEALPRO,IDEALPRO-1-3405,EUR/USD.IDEALPRO-MLSignalStrategyV2-V2,IDEALPRO-001,IDEALPRO-1-361623,LIMIT,BUY,100000.00,GTC,True,False,100000.00,MAKER,1.1698,-0.00012000000000012001,['2.34 USD'],NO_TRIGGER,FILLED,OUO,OL-20250627-034500-001-V2-1135,['O-20250627-034500-001-V2-3404'],O-20250627-034500-001-V2-3403,,,,['V2_POS1_TP'],33b1564f-6090-4f7f-97d5-655553cb1c11,1750995900000000000,1750996320000000000,,,,,1.16992,False,
O-20250627-040000-001-V2-3406,BACKTESTER-001,MLSignalStrategyV2-V2,EUR/USD.IDEALPRO,IDEALPRO-1-3406,EUR/USD.IDEALPRO-MLSignalStrategyV2-V2,IDEALPRO-001,IDEALPRO-1-361640,MARKET,BUY,100000.00,GTC,False,False,100000.00,TAKER,1.16958,0.0,['2.34 USD'],NO_TRIGGER,FILLED,OTO,OL-20250627-040000-001-V2-1136,"['O-20250627-040000-001-V2-3407', 'O-20250627-040000-001-V2-3408']",,,,,['V2_POS1'],2f7b8742-dffe-4f39-9ec3-06458b81612d,1750996800000000000,1750996800000000000,,,,,,,
O-20250627-040000-001-V2-3407,BACKTESTER-001,MLSignalStrategyV2-V2,EUR/USD.IDEALPRO,IDEALPRO-1-3407,EUR/USD.IDEALPRO-MLSignalStrategyV2-V2,IDEALPRO-001,IDEALPRO-1-361713,STOP_MARKET,SELL,100000.00,GTC,True,False,100000.00,TAKER,1.16891,8.000000000008001e-05,['2.34 USD'],NO_TRIGGER,FILLED,OUO,OL-20250627-040000-001-V2-1136,['O-20250627-040000-001-V2-3408'],O-20250627-040000-001-V2-3406,,,,['V2_POS1_SL'],f92e4dc9-aa5f-4f55-a074-aece0a3ac2a8,1750996800000000000,1750998960000000000,1.16899,DEFAULT,,,,,
O-20250627-040000-001-V2-3408,BACKTESTER-001,MLSignalStrategyV2-V2,EUR/USD.IDEALPRO,IDEALPRO-1-3408,EUR/USD.IDEALPRO-MLSignalStrategyV2-V2,IDEALPRO-001,,LIMIT,SELL,100000.00,GTC,True,False,0.00,NO_LIQUIDITY_SIDE,,,,NO_TRIGGER,CANCELED,OUO,OL-20250627-040000-001-V2-1136,['O-20250627-040000-001-V2-3407'],O-20250627-040000-001-V2-3406,,,,['V2_POS1_TP'],c266b5e6-c0b2-4970-8c02-9193006362ca,1750996800000000000,1750998960000000000,,,,,1.17017,False,
O-20250627-044500-001-V2-3409,BACKTESTER-001,MLSignalStrategyV2-V2,EUR/USD.IDEALPRO,IDEALPRO-1-3409,EUR/USD.IDEALPRO-MLSignalStrategyV2-V2,IDEALPRO-001,IDEALPRO-1-361732,MARKET,SELL,100000.00,GTC,False,False,100000.00,TAKER,1.16898,0.0,['2.34 USD'],NO_TRIGGER,FILLED,OTO,OL-20250627-044500-001-V2-1137,"['O-20250627-044500-001-V2-3410', 'O-20250627-044500-001-V2-3411']",,,,,['V2_POS1'],9397a9f9-f2d0-4698-906e-974b72916f2e,1750999500000000000,1750999500000000000,,,,,,,
O-20250627-044500-001-V2-3410,BACKTESTER-001,MLSignalStrategyV2-V2,EUR/USD.IDEALPRO,IDEALPRO-1-3410,EUR/USD.IDEALPRO-MLSignalStrategyV2-V2,IDEALPRO-001,,STOP_MARKET,BUY,100000.00,GTC,True,False,0.00,NO_LIQUIDITY_SIDE,,,,NO_TRIGGER,CANCELED,OUO,OL-20250627-044500-001-V2-1137,['O-20250627-044500-001-V2-3411'],O-20250627-044500-001-V2-3409,,,,['V2_POS1_SL'],2677212d-6108-42d3-8b7d-04d095f2229d,1750999500000000000,1751004420000000000,1.16952,DEFAULT,,,,,
O-20250627-044500-001-V2-3411,BACKTESTER-001,MLSignalStrategyV2-V2,EUR/USD.IDEALPRO,IDEALPRO-1-3411,EUR/USD.IDEALPRO-MLSignalStrategyV2-V2,IDEALPRO-001,IDEALPRO-1-361897,LIMIT,BUY,100000.00,GTC,True,False,100000.00,MAKER,1.16836,-9.999999999998899e-05,['2.34 USD'],NO_TRIGGER,FILLED,OUO,OL-20250627-044500-001-V2-1137,['O-20250627-044500-001-V2-3410'],O-20250627-044500-001-V2-3409,,,,['V2_POS1_TP'],cb911751-d1ee-494b-81e2-2210b40e97b8,1750999500000000000,1751004420000000000,,,,,1.16846,False,
O-20250627-073000-001-V2-3412,BACKTESTER-001,MLSignalStrategyV2-V2,EUR/USD.IDEALPRO,IDEALPRO-1-3412,EUR/USD.IDEALPRO-MLSignalStrategyV2-V2,IDEALPRO-001,IDEALPRO-1-362064,MARKET,BUY,100000.00,GTC,False,False,100000.00,TAKER,1.17126,0.0,['2.34 USD'],NO_TRIGGER,FILLED,OTO,OL-20250627-073000-001-V2-1138,"['O-20250627-073000-001-V2-3413', 'O-20250627-073000-001-V2-3414']",,,,,['V2_POS1'],ff9fb3d8-c8a1-47c7-b032-e5fe2932b90f,1751009400000000000,1751009400000000000,,,,,,,
O-20250627-073000-001-V2-3413,BACKTESTER-001,MLSignalStrategyV2-V2,EUR/USD.IDEALPRO,IDEALPRO-1-3413,EUR/USD.IDEALPRO-MLSignalStrategyV2-V2,IDEALPRO-001,,STOP_MARKET,SELL,100000.00,GTC,True,False,0.00,NO_LIQUIDITY_SIDE,,,,NO_TRIGGER,CANCELED,OUO,OL-20250627-073000-001-V2-1138,['O-20250627-073000-001-V2-3414'],O-20250627-073000-001-V2-3412,,,,['V2_POS1_SL'],87f4ad11-9007-44e7-b3f5-0ea8b4ea7d03,1751009400000000000,1751011620000000000,1.17047,DEFAULT,,,,,
O-20250627-073000-001-V2-3414,BACKTESTER-001,MLSignalStrategyV2-V2,EUR/USD.IDEALPRO,IDEALPRO-1-3414,EUR/USD.IDEALPRO-MLSignalStrategyV2-V2,IDEALPRO-001,IDEALPRO-1-362139,LIMIT,SELL,100000.00,GTC,True,False,100000.00,MAKER,1.17213,-9.999999999998899e-05,['2.34 USD'],NO_TRIGGER,FILLED,OUO,OL-20250627-073000-001-V2-1138,['O-20250627-073000-001-V2-3413'],O-20250627-073000-001-V2-3412,,,,['V2_POS1_TP'],2fcfbf80-807c-47f9-98a1-1b2ca9358b53,1751009400000000000,1751011620000000000,,,,,1.17203,False,
O-20250627-133000-001-V2-3415,BACKTESTER-001,MLSignalStrategyV2-V2,EUR/USD.IDEALPRO,IDEALPRO-1-3415,EUR/USD.IDEALPRO-MLSignalStrategyV2-V2,IDEALPRO-001,IDEALPRO-1-362786,MARKET,SELL,100000.00,GTC,False,False,100000.00,TAKER,1.17239,0.0,['2.34 USD'],NO_TRIGGER,FILLED,OTO,OL-20250627-133000-001-V2-1139,"['O-20250627-133000-001-V2-3416', 'O-20250627-133000-001-V2-3417']",,,,,['V2_POS1'],d92ee0d3-cd36-4b89-bf35-adbbd5e20177,1751031000000000000,1751031000000000000,,,,,,,
O-20250627-133000-001-V2-3416,BACKTESTER-001,MLSignalStrategyV2-V2,EUR/USD.IDEALPRO,IDEALPRO-1-3416,EUR/USD.IDEALPRO-MLSignalStrategyV2-V2,IDEALPRO-001,IDEALPRO-1-362859,STOP_MARKET,BUY,100000.00,GTC,True,False,100000.00,TAKER,1.17353,4.0000000000040004e-05,['2.35 USD'],NO_TRIGGER,FILLED,OUO,OL-20250627-133000-001-V2-1139,['O-20250627-133000-001-V2-3417'],O-20250627-133000-001-V2-3415,,,,['V2_POS1_SL'],c11733bc-9759-408c-b56d-6cb55b30adc4,1751031000000000000,1751033160000000000,1.17349,DEFAULT,,,,,
O-20250627-133000-001-V2-3417,BACKTESTER-001,MLSignalStrategyV2-V2,EUR/USD.IDEALPRO,IDEALPRO-1-3417,EUR/USD.IDEALPRO-MLSignalStrategyV2-V2,IDEALPRO-001,,LIMIT,BUY,100000.00,GTC,True,False,0.00,NO_LIQUIDITY_SIDE,,,,NO_TRIGGER,CANCELED,OUO,OL-20250627-133000-001-V2-1139,['O-20250627-133000-001-V2-3416'],O-20250627-133000-001-V2-3415,,,,['V2_POS1_TP'],6d5debcc-29d3-4ed0-ae5e-641d88912e41,1751031000000000000,1751033160000000000,,,,,1.17129,False,
O-20250627-160000-001-V2-3418,BACKTESTER-001,MLSignalStrategyV2-V2,EUR/USD.IDEALPRO,IDEALPRO-1-3418,EUR/USD.IDEALPRO-MLSignalStrategyV2-V2,IDEALPRO-001,IDEALPRO-1-363088,MARKET,SELL,100000.00,GTC,False,False,100000.00,TAKER,1.17236,0.0,['2.34 USD'],NO_TRIGGER,FILLED,OTO,OL-20250627-160000-001-V2-1140,"['O-20250627-160000-001-V2-3419', 'O-20250627-160000-001-V2-3420']",,,,,['V2_POS1'],a2a4bc86-2408-4370-bf91-ffd11af40f6c,1751040000000000000,1751040000000000000,,,,,,,
O-20250627-160000-001-V2-3419,BACKTESTER-001,MLSignalStrategyV2-V2,EUR/USD.IDEALPRO,IDEALPRO-1-3419,EUR/USD.IDEALPRO-MLSignalStrategyV2-V2,IDEALPRO-001,,STOP_MARKET,BUY,100000.00,GTC,True,False,0.00,NO_LIQUIDITY_SIDE,,,,NO_TRIGGER,CANCELED,OUO,OL-20250627-160000-001-V2-1140,['O-20250627-160000-001-V2-3420'],O-20250627-160000-001-V2-3418,,,,['V2_POS1_SL'],b4616265-094d-4bf9-aa2b-940b1ab15856,1751040000000000000,1751045040000000000,1.17334,DEFAULT,,,,,
O-20250627-160000-001-V2-3420,BACKTESTER-001,MLSignalStrategyV2-V2,EUR/USD.IDEALPRO,IDEALPRO-1-3420,EUR/USD.IDEALPRO-MLSignalStrategyV2-V2,IDEALPRO-001,IDEALPRO-1-363257,LIMIT,BUY,100000.00,GTC,True,False,100000.00,MAKER,1.17125,-0.00013000000000018552,['2.34 USD'],NO_TRIGGER,FILLED,OUO,OL-20250627-160000-001-V2-1140,['O-20250627-160000-001-V2-3419'],O-20250627-160000-001-V2-3418,,,,['V2_POS1_TP'],3c96aa7f-6163-4926-ae96-34ca46657308,1751040000000000000,1751045040000000000,,,,,1.17138,False,
O-20250627-201500-001-V2-3421,BACKTESTER-001,MLSignalStrategyV2-V2,EUR/USD.IDEALPRO,IDEALPRO-1-3421,EUR/USD.IDEALPRO-MLSignalStrategyV2-V2,IDEALPRO-001,IDEALPRO-1-363600,MARKET,BUY,100000.00,GTC,False,False,100000.00,TAKER,1.17115,0.0,['2.34 USD'],NO_TRIGGER,FILLED,OTO,OL-20250627-201500-001-V2-1141,"['O-20250627-201500-001-V2-3422', 'O-20250627-201500-001-V2-3423']",,,,,['V2_POS1'],57348ca3-2866-4bec-a1ed-d10f7f6c62fa,1751055300000000000,1751055300000000000,,,,,,,
O-20250627-201500-001-V2-3422,BACKTESTER-001,MLSignalStrategyV2-V2,EUR/USD.IDEALPRO,IDEALPRO-1-3422,EUR/USD.IDEALPRO-MLSignalStrategyV2-V2,IDEALPRO-001,,STOP_MARKET,SELL,100000.00,GTC,True,False,0.00,NO_LIQUIDITY_SIDE,,,,NO_TRIGGER,CANCELED,OUO,OL-20250627-201500-001-V2-1141,['O-20250627-201500-001-V2-3423'],O-20250627-201500-001-V2-3421,,,,['V2_POS1_SL'],fe1df9a5-5ade-49e5-bef9-13996314f739,1751055300000000000,1751057460000000000,1.17050,DEFAULT,,,,,
O-20250627-201500-001-V2-3423,BACKTESTER-001,MLSignalStrategyV2-V2,EUR/USD.IDEALPRO,IDEALPRO-1-3423,EUR/USD.IDEALPRO-MLSignalStrategyV2-V2,IDEALPRO-001,IDEALPRO-1-363673,LIMIT,SELL,100000.00,GTC,True,False,100000.00,MAKER,1.17195,-0.0001500000000000945,['2.34 USD'],NO_TRIGGER,FILLED,OUO,OL-20250627-201500-001-V2-1141,['O-20250627-201500-001-V2-3422'],O-20250627-201500-001-V2-3421,,,,['V2_POS1_TP'],dec5233e-e863-4b0b-9edc-3faca79ea3d4,1751055300000000000,1751057460000000000,,,,,1.17180,False,
O-20250629-213000-001-V2-3424,BACKTESTER-001,MLSignalStrategyV2-V2,EUR/USD.IDEALPRO,IDEALPRO-1-3424,EUR/USD.IDEALPRO-MLSignalStrategyV2-V2,IDEALPRO-001,IDEALPRO-1-363722,MARKET,BUY,100000.00,GTC,False,False,100000.00,TAKER,1.17259,0.0,['2.35 USD'],NO_TRIGGER,FILLED,OTO,OL-20250629-213000-001-V2-1142,"['O-20250629-213000-001-V2-3425', 'O-20250629-213000-001-V2-3426']",,,,,['V2_POS1'],ce14c2d6-36a2-4f7b-9f6a-5abdc881efd4,1751232600000000000,1751232600000000000,,,,,,,
O-20250629-213000-001-V2-3425,BACKTESTER-001,MLSignalStrategyV2-V2,EUR/USD.IDEALPRO,IDEALPRO-1-3425,EUR/USD.IDEALPRO-MLSignalStrategyV2-V2,IDEALPRO-001,,STOP_MARKET,SELL,100000.00,GTC,True,False,0.00,NO_LIQUIDITY_SIDE,,,,NO_TRIGGER,CANCELED,OUO,OL-20250629-213000-001-V2-1142,['O-20250629-213000-001-V2-3426'],O-20250629-213000-001-V2-3424,,,,['V2_POS1_SL'],788fb330-d7c5-49c9-81b5-96c372f95a6f,1751232600000000000,1751237580000000000,1.17192,DEFAULT,,,,,
O-20250629-213000-001-V2-3426,BACKTESTER-001,MLSignalStrategyV2-V2,EUR/USD.IDEALPRO,IDEALPRO-1-3426,EUR/USD.IDEALPRO-MLSignalStrategyV2-V2,IDEALPRO-001,IDEALPRO-1-363889,LIMIT,SELL,100000.00,GTC,True,False,100000.00,MAKER,1.1733,-5.999999999994898e-05,['2.35 USD'],NO_TRIGGER,FILLED,OUO,OL-20250629-213000-001-V2-1142,['O-20250629-213000-001-V2-3425'],O-20250629-213000-001-V2-3424,,,,['V2_POS1_TP'],1ddbc8b0-7c2d-45c4-ad3a-cd2d033075c0,1751232600000000000,1751237580000000000,,,,,1.17324,False,
O-20250629-230000-001-V2-3427,BACKTESTER-001,MLSignalStrategyV2-V2,EUR/USD.IDEALPRO,IDEALPRO-1-3427,EUR/USD.IDEALPRO-MLSignalStrategyV2-V2,IDEALPRO-001,IDEALPRO-1-363905,MARKET,SELL,100000.00,GTC,False,False,100000.00,TAKER,1.17303,0.0,['2.35 USD'],NO_TRIGGER,FILLED,OTO,OL-20250629-230000-001-V2-1143,"['O-20250629-230000-001-V2-3428', 'O-20250629-230000-001-V2-3429']",,,,,['V2_POS1'],8eaaf489-4610-49cb-979c-d3d8ee82f51c,1751238000000000000,1751238000000000000,,,,,,,
O-20250629-230000-001-V2-3428,BACKTESTER-001,MLSignalStrategyV2-V2,EUR/USD.IDEALPRO,IDEALPRO-1-3428,EUR/USD.IDEALPRO-MLSignalStrategyV2-V2,IDEALPRO-001,IDEALPRO-1-363929,STOP_MARKET,BUY,100000.00,GTC,True,False,100000.00,TAKER,1.17367,8.999999999992347e-05,['2.35 USD'],NO_TRIGGER,FILLED,OUO,OL-20250629-230000-001-V2-1143,['O-20250629-230000-001-V2-3429'],O-20250629-230000-001-V2-3427,,,,['V2_POS1_SL'],27a3e358-f08e-480a-9262-79feb30c6df2,1751238000000000000,1751238720000000000,1.17358,DEFAULT,,,,,
O-20250629-230000-001-V2-3429,BACKTESTER-001,MLSignalStrategyV2-V2,EUR/USD.IDEALPRO,IDEALPRO-1-3429,EUR/USD.IDEALPRO-MLSignalStrategyV2-V2,IDEALPRO-001,,LIMIT,BUY,100000.00,GTC,True,False,0.00,NO_LIQUIDITY_SIDE,,,,NO_TRIGGER,CANCELED,OUO,OL-20250629-230000-001-V2-1143,['O-20250629-230000-001-V2-3428'],O-20250629-230000-001-V2-3427,,,,['V2_POS1_TP'],6a58889e-efa8-4b4f-bf45-7bb45094a5f7,1751238000000000000,1751238720000000000,,,,,1.17248,False,
O-20250629-231500-001-V2-3430,BACKTESTER-001,MLSignalStrategyV2-V2,EUR/USD.IDEALPRO,IDEALPRO-1-3430,EUR/USD.IDEALPRO-MLSignalStrategyV2-V2,IDEALPRO-001,IDEALPRO-1-363936,MARKET,SELL,100000.00,GTC,False,False,100000.00,TAKER,1.17367,0.0,['2.35 USD'],NO_TRIGGER,FILLED,OTO,OL-20250629-231500-001-V2-1144,"['O-20250629-231500-001-V2-3431', 'O-20250629-231500-001-V2-3432']",,,,,['V2_POS1'],0af54d49-ec54-47a2-bf1e-2f5fd53ec3c3,1751238900000000000,1751238900000000000,,,,,,,
O-20250629-231500-001-V2-3431,BACKTESTER-001,MLSignalStrategyV2-V2,EUR/USD.IDEALPRO,IDEALPRO-1-3431,EUR/USD.IDEALPRO-MLSignalStrategyV2-V2,IDEALPRO-001,,STOP_MARKET,BUY,100000.00,GTC,True,False,0.00,NO_LIQUIDITY_SIDE,,,,NO_TRIGGER,CANCELED,OUO,OL-20250629-231500-001-V2-1144,['O-20250629-231500-001-V2-3432'],O-20250629-231500-001-V2-3430,,,,['V2_POS1_SL'],97976469-19ef-40ed-ae9e-28a33fe69b0b,1751238900000000000,1751240220000000000,1.17423,DEFAULT,,,,,
O-20250629-231500-001-V2-3432,BACKTESTER-001,MLSignalStrategyV2-V2,EUR/USD.IDEALPRO,IDEALPRO-1-3432,EUR/USD.IDEALPRO-MLSignalStrategyV2-V2,IDEALPRO-001,IDEALPRO-1-363981,LIMIT,BUY,100000.00,GTC,True,False,100000.00,MAKER,1.17307,-4.0000000000040004e-05,['2.35 USD'],NO_TRIGGER,FILLED,OUO,OL-20250629-231500-001-V2-1144,['O-20250629-231500-001-V2-3431'],O-20250629-231500-001-V2-3430,,,,['V2_POS1_TP'],7f697b79-97c7-4e03-bb2a-ee4b990a5d2e,1751238900000000000,1751240220000000000,,,,,1.17311,False,
O-20250630-050000-001-V2-3433,BACKTESTER-001,MLSignalStrategyV2-V2,EUR/USD.IDEALPRO,IDEALPRO-1-3433,EUR/USD.IDEALPRO-MLSignalStrategyV2-V2,IDEALPRO-001,IDEALPRO-1-364629,MARKET,BUY,100000.00,GTC,False,False,100000.00,TAKER,1.17304,0.0,['2.35 USD'],NO_TRIGGER,FILLED,OTO,OL-20250630-050000-001-V2-1145,"['O-20250630-050000-001-V2-3434', 'O-20250630-050000-001-V2-3435']",,,,,['V2_POS1'],1522d2e1-7d73-47ff-98bc-dd4ba572e295,1751259600000000000,1751259600000000000,,,,,,,
O-20250630-050000-001-V2-3434,BACKTESTER-001,MLSignalStrategyV2-V2,EUR/USD.IDEALPRO,IDEALPRO-1-3434,EUR/USD.IDEALPRO-MLSignalStrategyV2-V2,IDEALPRO-001,,STOP_MARKET,SELL,100000.00,GTC,True,False,0.00,NO_LIQUIDITY_SIDE,,,,NO_TRIGGER,CANCELED,OUO,OL-20250630-050000-001-V2-1145,['O-20250630-050000-001-V2-3435'],O-20250630-050000-001-V2-3433,,,,['V2_POS1_SL'],ab127ea6-9d1d-48f1-9022-de7b50891402,1751259600000000000,1751260260000000000,1.17249,DEFAULT,,,,,
O-20250630-050000-001-V2-3435,BACKTESTER-001,MLSignalStrategyV2-V2,EUR/USD.IDEALPRO,IDEALPRO-1-3435,EUR/USD.IDEALPRO-MLSignalStrategyV2-V2,IDEALPRO-001,IDEALPRO-1-364651,LIMIT,SELL,100000.00,GTC,True,False,100000.00,MAKER,1.1736,-1.0000000000065512e-05,['2.35 USD'],NO_TRIGGER,FILLED,OUO,OL-20250630-050000-001-V2-1145,['O-20250630-050000-001-V2-3434'],O-20250630-050000-001-V2-3433,,,,['V2_POS1_TP'],d4b302c2-0e5e-42ad-a8b6-9d446f6d9a13,1751259600000000000,1751260260000000000,,,,,1.17359,False,
O-20250630-071500-001-V2-3436,BACKTESTER-001,MLSignalStrategyV2-V2,EUR/USD.IDEALPRO,IDEALPRO-1-3436,EUR/USD.IDEALPRO-MLSignalStrategyV2-V2,IDEALPRO-001,IDEALPRO-1-364900,MARKET,SELL,100000.00,GTC,False,False,100000.00,TAKER,1.17382,0.0,['2.35 USD'],NO_TRIGGER,FILLED,OTO,OL-20250630-071500-001-V2-1146,"['O-20250630-071500-001-V2-3437', 'O-20250630-071500-001-V2-3438']",,,,,['V2_POS1'],e5c1813f-dbb7-4b0d-8040-3b4ee533bd41,1751267700000000000,1751267700000000000,,,,,,,
O-20250630-071500-001-V2-3437,BACKTESTER-001,MLSignalStrategyV2-V2,EUR/USD.IDEALPRO,IDEALPRO-1-3437,EUR/USD.IDEALPRO-MLSignalStrategyV2-V2,IDEALPRO-001,,STOP_MARKET,BUY,100000.00,GTC,True,False,0.00,NO_LIQUIDITY_SIDE,,,,NO_TRIGGER,CANCELED,OUO,OL-20250630-071500-001-V2-1146,['O-20250630-071500-001-V2-3438'],O-20250630-071500-001-V2-3436,,,,['V2_POS1_SL'],c33e2e8b-0251-4926-80eb-24cea34c1c6c,1751267700000000000,1751268600000000000,1.17460,DEFAULT,,,,,
O-20250630-071500-001-V2-3438,BACKTESTER-001,MLSignalStrategyV2-V2,EUR/USD.IDEALPRO,IDEALPRO-1-3438,EUR/USD.IDEALPRO-MLSignalStrategyV2-V2,IDEALPRO-001,IDEALPRO-1-364931,LIMIT,BUY,100000.00,GTC,True,False,100000.00,MAKER,1.17282,-0.000220000000000109,['2.35 USD'],NO_TRIGGER,FILLED,OUO,OL-20250630-071500-001-V2-1146,['O-20250630-071500-001-V2-3437'],O-20250630-071500-001-V2-3436,,,,['V2_POS1_TP'],97469984-6603-4d46-9449-28b404095587,1751267700000000000,1751268600000000000,,,,,1.17304,False,
O-20250630-104500-001-V2-3439,BACKTESTER-001,MLSignalStrategyV2-V2,EUR/USD.IDEALPRO,IDEALPRO-1-3439,EUR/USD.IDEALPRO-MLSignalStrategyV2-V2,IDEALPRO-001,IDEALPRO-1-365323,MARKET,SELL,100000.00,GTC,False,False,100000.00,TAKER,1.17178,0.0,['2.34 USD'],NO_TRIGGER,FILLED,OTO,OL-20250630-104500-001-V2-1147,"['O-20250630-104500-001-V2-3440', 'O-20250630-104500-001-V2-3441']",,,,,['V2_POS1'],41e28947-c535-4716-858b-b46f6ed4a093,1751280300000000000,1751280300000000000,,,,,,,
O-20250630-104500-001-V2-3440,BACKTESTER-001,MLSignalStrategyV2-V2,EUR/USD.IDEALPRO,IDEALPRO-1-3440,EUR/USD.IDEALPRO-MLSignalStrategyV2-V2,IDEALPRO-001,IDEALPRO-1-365353,STOP_MARKET,BUY,100000.00,GTC,True,False,100000.00,TAKER,1.17249,7.00000000000145e-05,['2.34 USD'],NO_TRIGGER,FILLED,OUO,OL-20250630-104500-001-V2-1147,['O-20250630-104500-001-V2-3441'],O-20250630-104500-001-V2-3439,,,,['V2_POS1_SL'],49e78c31-1bc1-4299-93f5-1953db160afd,1751280300000000000,1751281200000000000,1.17242,DEFAULT,,,,,
O-20250630-104500-001-V2-3441,BACKTESTER-001,MLSignalStrategyV2-V2,EUR/USD.IDEALPRO,IDEALPRO-1-3441,EUR/USD.IDEALPRO-MLSignalStrategyV2-V2,IDEALPRO-001,,LIMIT,BUY,100000.00,GTC,True,False,0.00,NO_LIQUIDITY_SIDE,,,,NO_TRIGGER,CANCELED,OUO,OL-20250630-104500-001-V2-1147,['O-20250630-104500-001-V2-3440'],O-20250630-104500-001-V2-3439,,,,['V2_POS1_TP'],1a81217c-8215-40ad-880a-68d37b3234f1,1751280300000000000,1751281200000000000,,,,,1.17116,False,
O-20250630-124500-001-V2-3442,BACKTESTER-001,MLSignalStrategyV2-V2,EUR/USD.IDEALPRO,IDEALPRO-1-3442,EUR/USD.IDEALPRO-MLSignalStrategyV2-V2,IDEALPRO-001,IDEALPRO-1-365565,MARKET,BUY,100000.00,GTC,False,False,100000.00,TAKER,1.17123,0.0,['2.34 USD'],NO_TRIGGER,FILLED,OTO,OL-20250630-124500-001-V2-1148,"['O-20250630-124500-001-V2-3443', 'O-20250630-124500-001-V2-3444']",,,,,['V2_POS1'],77d422d1-25e4-4377-aa98-58e8d376418e,1751287500000000000,1751287500000000000,,,,,,,
O-20250630-124500-001-V2-3443,BACKTESTER-001,MLSignalStrategyV2-V2,EUR/USD.IDEALPRO,IDEALPRO-1-3443,EUR/USD.IDEALPRO-MLSignalStrategyV2-V2,IDEALPRO-001,,STOP_MARKET,SELL,100000.00,GTC,True,False,0.00,NO_LIQUIDITY_SIDE,,,,NO_TRIGGER,CANCELED,OUO,OL-20250630-124500-001-V2-1148,['O-20250630-124500-001-V2-3444'],O-20250630-124500-001-V2-3442,,,,['V2_POS1_SL'],36c49c8a-5cb9-499e-a599-e86ba47d6ef1,1751287500000000000,1751289660000000000,1.17063,DEFAULT,,,,,
O-20250630-124500-001-V2-3444,BACKTESTER-001,MLSignalStrategyV2-V2,EUR/USD.IDEALPRO,IDEALPRO-1-3444,EUR/USD.IDEALPRO-MLSignalStrategyV2-V2,IDEALPRO-001,IDEALPRO-1-365637,LIMIT,SELL,100000.00,GTC,True,False,100000.00,MAKER,1.17197,-0.000140000000000029,['2.34 USD'],NO_TRIGGER,FILLED,OUO,OL-20250630-124500-001-V2-1148,['O-20250630-124500-001-V2-3443'],O-20250630-124500-001-V2-3442,,,,['V2_POS1_TP'],4fabfbca-9421-40e0-a9aa-27dfbc0885f5,1751287500000000000,1751289660000000000,,,,,1.17183,False,
O-20250630-133000-001-V2-3445,BACKTESTER-001,MLSignalStrategyV2-V2,EUR/USD.IDEALPRO,IDEALPRO-1-3445,EUR/USD.IDEALPRO-MLSignalStrategyV2-V2,IDEALPRO-001,IDEALPRO-1-365656,MARKET,SELL,100000.00,GTC,False,False,100000.00,TAKER,1.17177,0.0,['2.34 USD'],NO_TRIGGER,FILLED,OTO,OL-20250630-133000-001-V2-1149,"['O-20250630-133000-001-V2-3446', 'O-20250630-133000-001-V2-3447']",,,,,['V2_POS1'],339817dd-046f-4112-a9a1-b98171d80caa,1751290200000000000,1751290200000000000,,,,,,,
O-20250630-133000-001-V2-3446,BACKTESTER-001,MLSignalStrategyV2-V2,EUR/USD.IDEALPRO,IDEALPRO-1-3446,EUR/USD.IDEALPRO-MLSignalStrategyV2-V2,IDEALPRO-001,,STOP_MARKET,BUY,100000.00,GTC,True,False,0.00,NO_LIQUIDITY_SIDE,,,,NO_TRIGGER,CANCELED,OUO,OL-20250630-133000-001-V2-1149,['O-20250630-133000-001-V2-3447'],O-20250630-133000-001-V2-3445,,,,['V2_POS1_SL'],852ffcd9-4c9e-47e1-b4e8-a1c0bb802a2d,1751290200000000000,1751292240000000000,1.17233,DEFAULT,,,,,
O-20250630-133000-001-V2-3447,BACKTESTER-001,MLSignalStrategyV2-V2,EUR/USD.IDEALPRO,IDEALPRO-1-3447,EUR/USD.IDEALPRO-MLSignalStrategyV2-V2,IDEALPRO-001,IDEALPRO-1-365725,LIMIT,BUY,100000.00,GTC,True,False,100000.00,MAKER,1.17108,-0.0001500000000000945,['2.34 USD'],NO_TRIGGER,FILLED,OUO,OL-20250630-133000-001-V2-1149,['O-20250630-133000-001-V2-3446'],O-20250630-133000-001-V2-3445,,,,['V2_POS1_TP'],1b045425-b3b3-43e9-9bbe-93a666bc9025,1751290200000000000,1751292240000000000,,,,,1.17123,False,
O-20250630-170000-001-V2-3448,BACKTESTER-001,MLSignalStrategyV2-V2,EUR/USD.IDEALPRO,IDEALPRO-1-3448,EUR/USD.IDEALPRO-MLSignalStrategyV2-V2,IDEALPRO-001,IDEALPRO-1-366078,MARKET,SELL,100000.00,GTC,False,False,100000.00,TAKER,1.17625,0.0,['2.35 USD'],NO_TRIGGER,FILLED,OTO,OL-20250630-170000-001-V2-1150,"['O-20250630-170000-001-V2-3449', 'O-20250630-170000-001-V2-3450']",,,,,['V2_POS1'],12e59981-a870-4882-a733-6e4c4fa7131c,1751302800000000000,1751302800000000000,,,,,,,
O-20250630-170000-001-V2-3449,BACKTESTER-001,MLSignalStrategyV2-V2,EUR/USD.IDEALPRO,IDEALPRO-1-3449,EUR/USD.IDEALPRO-MLSignalStrategyV2-V2,IDEALPRO-001,IDEALPRO-1-366235,STOP_MARKET,BUY,100000.00,GTC,True,False,100000.00,TAKER,1.17776,0.0005199999999998539,['2.36 USD'],NO_TRIGGER,FILLED,OUO,OL-20250630-170000-001-V2-1150,['O-20250630-170000-001-V2-3450'],O-20250630-170000-001-V2-3448,,,,['V2_POS1_SL'],501e0596-d31f-41bf-a3ee-88ff4d0fa560,1751302800000000000,1751307480000000000,1.17724,DEFAULT,,,,,
O-20250630-170000-001-V2-3450,BACKTESTER-001,MLSignalStrategyV2-V2,EUR/USD.IDEALPRO,IDEALPRO-1-3450,EUR/USD.IDEALPRO-MLSignalStrategyV2-V2,IDEALPRO-001,,LIMIT,BUY,100000.00,GTC,True,False,0.00,NO_LIQUIDITY_SIDE,,,,NO_TRIGGER,CANCELED,OUO,OL-20250630-170000-001-V2-1150,['O-20250630-170000-001-V2-3449'],O-20250630-170000-001-V2-3448,,,,['V2_POS1_TP'],9c9c83d4-f894-4bdd-944f-24d59ca9cd40,1751302800000000000,1751307480000000000,,,,,1.17528,False,
O-20250630-190000-001-V2-3451,BACKTESTER-001,MLSignalStrategyV2-V2,EUR/USD.IDEALPRO,IDEALPRO-1-3451,EUR/USD.IDEALPRO-MLSignalStrategyV2-V2,IDEALPRO-001,IDEALPRO-1-366320,MARKET,SELL,100000.00,GTC,False,False,100000.00,TAKER,1.17759,0.0,['2.36 USD'],NO_TRIGGER,FILLED,OTO,OL-20250630-190000-001-V2-1151,"['O-20250630-190000-001-V2-3452', 'O-20250630-190000-001-V2-3453']",,,,,['V2_POS1'],d97ef14a-f9fd-4f09-9cf4-bfbdb6b37473,1751310000000000000,1751310000000000000,,,,,,,
O-20250630-190000-001-V2-3452,BACKTESTER-001,MLSignalStrategyV2-V2,EUR/USD.IDEALPRO,IDEALPRO-1-3452,EUR/USD.IDEALPRO-MLSignalStrategyV2-V2,IDEALPRO-001,IDEALPRO-1-366457,STOP_MARKET,BUY,100000.00,GTC,True,False,100000.00,TAKER,1.17831,1.0000000000065512e-05,['2.36 USD'],NO_TRIGGER,FILLED,OUO,OL-20250630-190000-001-V2-1151,['O-20250630-190000-001-V2-3453'],O-20250630-190000-001-V2-3451,,,,['V2_POS1_SL'],5729ac41-ccf2-4402-833e-689f94189a66,1751310000000000000,1751314080000000000,1.17830,DEFAULT,,,,,
O-20250630-190000-001-V2-3453,BACKTESTER-001,MLSignalStrategyV2-V2,EUR/USD.IDEALPRO,IDEALPRO-1-3453,EUR/USD.IDEALPRO-MLSignalStrategyV2-V2,IDEALPRO-001,,LIMIT,BUY,100000.00,GTC,True,False,0.00,NO_LIQUIDITY_SIDE,,,,NO_TRIGGER,CANCELED,OUO,OL-20250630-190000-001-V2-1151,['O-20250630-190000-001-V2-3452'],O-20250630-190000-001-V2-3451,,,,['V2_POS1_TP'],66420a74-1ab3-4de2-9486-7e81553d3d7f,1751310000000000000,1751314080000000000,,,,,1.17688,False,
O-20250630-220000-001-V2-3454,BACKTESTER-001,MLSignalStrategyV2-V2,EUR/USD.IDEALPRO,IDEALPRO-1-3454,EUR/USD.IDEALPRO-MLSignalStrategyV2-V2,IDEALPRO-001,IDEALPRO-1-366652,MARKET,BUY,100000.00,GTC,False,False,100000.00,TAKER,1.17821,0.0,['2.36 USD'],NO_TRIGGER,FILLED,OTO,OL-20250630-220000-001-V2-1152,"['O-20250630-220000-001-V2-3455', 'O-20250630-220000-001-V2-3456']",,,,,['V2_POS1'],92f4fbc2-9b46-4040-b01c-85c4a7acbc8d,1751320800000000000,1751320800000000000,,,,,,,
O-20250630-220000-001-V2-3455,BACKTESTER-001,MLSignalStrategyV2-V2,EUR/USD.IDEALPRO,IDEALPRO-1-3455,EUR/USD.IDEALPRO-MLSignalStrategyV2-V2,IDEALPRO-001,,STOP_MARKET,SELL,100000.00,GTC,True,False,0.00,NO_LIQUIDITY_SIDE,,,,NO_TRIGGER,CANCELED,OUO,OL-20250630-220000-001-V2-1152,['O-20250630-220000-001-V2-3456'],O-20250630-220000-001-V2-3454,,,,['V2_POS1_SL'],3ba1aceb-cc85-4f8a-aed1-cdc6175070c7,1751320800000000000,1751322000000000000,1.17773,DEFAULT,,,,,
O-20250630-220000-001-V2-3456,BACKTESTER-001,MLSignalStrategyV2-V2,EUR/USD.IDEALPRO,IDEALPRO-1-3456,EUR/USD.IDEALPRO-MLSignalStrategyV2-V2,IDEALPRO-001,IDEALPRO-1-366693,LIMIT,SELL,100000.00,GTC,True,False,100000.00,MAKER,1.17879,-9.999999999998899e-05,['2.36 USD'],NO_TRIGGER,FILLED,OUO,OL-20250630-220000-001-V2-1152,['O-20250630-220000-001-V2-3455'],O-20250630-220000-001-V2-3454,,,,['V2_POS1_TP'],35df1c7b-5197-4be6-a4d8-0d5a7519c49e,1751320800000000000,1751322000000000000,,,,,1.17869,False,
O-20250630-224500-001-V2-3457,BACKTESTER-001,MLSignalStrategyV2-V2,EUR/USD.IDEALPRO,IDEALPRO-1-3457,EUR/USD.IDEALPRO-MLSignalStrategyV2-V2,IDEALPRO-001,IDEALPRO-1-366744,MARKET,BUY,100000.00,GTC,False,False,100000.00,TAKER,1.1787,0.0,['2.36 USD'],NO_TRIGGER,FILLED,OTO,OL-20250630-224500-001-V2-1153,"['O-20250630-224500-001-V2-3458', 'O-20250630-224500-001-V2-3459']",,,,,['V2_POS1'],29f70781-32da-41b7-8d2b-81ad63a280b9,1751323500000000000,1751323500000000000,,,,,,,
O-20250630-224500-001-V2-3458,BACKTESTER-001,MLSignalStrategyV2-V2,EUR/USD.IDEALPRO,IDEALPRO-1-3458,EUR/USD.IDEALPRO-MLSignalStrategyV2-V2,IDEALPRO-001,,STOP_MARKET,SELL,100000.00,GTC,True,False,0.00,NO_LIQUIDITY_SIDE,,,,NO_TRIGGER,CANCELED,OUO,OL-20250630-224500-001-V2-1153,['O-20250630-224500-001-V2-3459'],O-20250630-224500-001-V2-3457,,,,['V2_POS1_SL'],cf7dc332-70e2-4aa4-b092-af3941f59e9a,1751323500000000000,1751328780000000000,1.17822,DEFAULT,,,,,
O-20250630-224500-001-V2-3459,BACKTESTER-001,MLSignalStrategyV2-V2,EUR/USD.IDEALPRO,IDEALPRO-1-3459,EUR/USD.IDEALPRO-MLSignalStrategyV2-V2,IDEALPRO-001,IDEALPRO-1-366921,LIMIT,SELL,100000.00,GTC,True,False,100000.00,MAKER,1.17919,-1.0000000000065512e-05,['2.36 USD'],NO_TRIGGER,FILLED,OUO,OL-20250630-224500-001-V2-1153,['O-20250630-224500-001-V2-3458'],O-20250630-224500-001-V2-3457,,,,['V2_POS1_TP'],f6867566-70dc-4320-9a79-0b0a5c30fd47,1751323500000000000,1751328780000000000,,,,,1.17918,False,
O-20250701-014500-001-V2-3460,BACKTESTER-001,MLSignalStrategyV2-V2,EUR/USD.IDEALPRO,IDEALPRO-1-3460,EUR/USD.IDEALPRO-MLSignalStrategyV2-V2,IDEALPRO-001,IDEALPRO-1-367106,MARKET,SELL,100000.00,GTC,False,False,100000.00,TAKER,1.1788,0.0,['2.36 USD'],NO_TRIGGER,FILLED,OTO,OL-20250701-014500-001-V2-1154,"['O-20250701-014500-001-V2-3461', 'O-20250701-014500-001-V2-3462']",,,,,['V2_POS1'],fe0cf97c-7ab1-48f9-a1b1-99167ff26f88,1751334300000000000,1751334300000000000,,,,,,,
O-20250701-014500-001-V2-3461,BACKTESTER-001,MLSignalStrategyV2-V2,EUR/USD.IDEALPRO,IDEALPRO-1-3461,EUR/USD.IDEALPRO-MLSignalStrategyV2-V2,IDEALPRO-001,,STOP_MARKET,BUY,100000.00,GTC,True,False,0.00,NO_LIQUIDITY_SIDE,,,,NO_TRIGGER,CANCELED,OUO,OL-20250701-014500-001-V2-1154,['O-20250701-014500-001-V2-3462'],O-20250701-014500-001-V2-3460,,,,['V2_POS1_SL'],4d2bbbc9-1a4b-4a4e-8c85-eac969ab7a73,1751334300000000000,1751334660000000000,1.17935,DEFAULT,,,,,
O-20250701-014500-001-V2-3462,BACKTESTER-001,MLSignalStrategyV2-V2,EUR/USD.IDEALPRO,IDEALPRO-1-3462,EUR/USD.IDEALPRO-MLSignalStrategyV2-V2,IDEALPRO-001,IDEALPRO-1-367119,LIMIT,BUY,100000.00,GTC,True,False,100000.00,MAKER,1.17824,-1.0000000000065512e-05,['2.36 USD'],NO_TRIGGER,FILLED,OUO,OL-20250701-014500-001-V2-1154,['O-20250701-014500-001-V2-3461'],O-20250701-014500-001-V2-3460,,,,['V2_POS1_TP'],3a200eec-3989-4a7f-8714-0a1cf28b8c3b,1751334300000000000,1751334660000000000,,,,,1.17825,False,
O-20250701-020000-001-V2-3463,BACKTESTER-001,MLSignalStrategyV2-V2,EUR/USD.IDEALPRO,IDEALPRO-1-3463,EUR/USD.IDEALPRO-MLSignalStrategyV2-V2,IDEALPRO-001,IDEALPRO-1-367139,MARKET,SELL,100000.00,GTC,False,False,100000.00,TAKER,1.17805,0.0,['2.36 USD'],NO_TRIGGER,FILLED,OTO,OL-20250701-020000-001-V2-1155,"['O-20250701-020000-001-V2-3464', 'O-20250701-020000-001-V2-3465']",,,,,['V2_POS1'],b740a96f-10ec-4d5d-a61a-cdf786acbd9f,1751335200000000000,1751335200000000000,,,,,,,
O-20250701-020000-001-V2-3464,BACKTESTER-001,MLSignalStrategyV2-V2,EUR/USD.IDEALPRO,IDEALPRO-1-3464,EUR/USD.IDEALPRO-MLSignalStrategyV2-V2,IDEALPRO-001,IDEALPRO-1-367233,STOP_MARKET,BUY,100000.00,GTC,True,False,100000.00,TAKER,1.17864,9.999999999843467e-06,['2.36 USD'],NO_TRIGGER,FILLED,OUO,OL-20250701-020000-001-V2-1155,['O-20250701-020000-001-V2-3465'],O-20250701-020000-001-V2-3463,,,,['V2_POS1_SL'],9bcdaca3-3b72-472d-a9b9-27651b0ae272,1751335200000000000,1751338020000000000,1.17863,DEFAULT,,,,,
O-20250701-020000-001-V2-3465,BACKTESTER-001,MLSignalStrategyV2-V2,EUR/USD.IDEALPRO,IDEALPRO-1-3465,EUR/USD.IDEALPRO-MLSignalStrategyV2-V2,IDEALPRO-001,,LIMIT,BUY,100000.00,GTC,True,False,0.00,NO_LIQUIDITY_SIDE,,,,NO_TRIGGER,CANCELED,OUO,OL-20250701-020000-001-V2-1155,['O-20250701-020000-001-V2-3464'],O-20250701-020000-001-V2-3463,,,,['V2_POS1_TP'],1fe2a5c8-2558-420e-a1f9-d10aea14d29e,1751335200000000000,1751338020000000000,,,,,1.17747,False,
O-20250701-043000-001-V2-3466,BACKTESTER-001,MLSignalStrategyV2-V2,EUR/USD.IDEALPRO,IDEALPRO-1-3466,EUR/USD.IDEALPRO-MLSignalStrategyV2-V2,IDEALPRO-001,IDEALPRO-1-367440,MARKET,SELL,100000.00,GTC,False,False,100000.00,TAKER,1.17905,0.0,['2.36 USD'],NO_TRIGGER,FILLED,OTO,OL-20250701-043000-001-V2-1156,"['O-20250701-043000-001-V2-3467', 'O-20250701-043000-001-V2-3468']",,,,,['V2_POS1'],90bb74bb-20ef-4d92-83ff-f577bb10eb61,1751344200000000000,1751344200000000000,,,,,,,
O-20250701-043000-001-V2-3467,BACKTESTER-001,MLSignalStrategyV2-V2,EUR/USD.IDEALPRO,IDEALPRO-1-3467,EUR/USD.IDEALPRO-MLSignalStrategyV2-V2,IDEALPRO-001,,STOP_MARKET,BUY,100000.00,GTC,True,False,0.00,NO_LIQUIDITY_SIDE,,,,NO_TRIGGER,CANCELED,OUO,OL-20250701-043000-001-V2-1156,['O-20250701-043000-001-V2-3468'],O-20250701-043000-001-V2-3466,,,,['V2_POS1_SL'],6a77a92c-aef0-45a1-90d3-358b2a9010a2,1751344200000000000,1751345100000000000,1.17951,DEFAULT,,,,,
O-20250701-043000-001-V2-3468,BACKTESTER-001,MLSignalStrategyV2-V2,EUR/USD.IDEALPRO,IDEALPRO-1-3468,EUR/USD.IDEALPRO-MLSignalStrategyV2-V2,IDEALPRO-001,IDEALPRO-1-367471,LIMIT,BUY,100000.00,GTC,True,False,100000.00,MAKER,1.17854,-7.00000000000145e-05,['2.36 USD'],NO_TRIGGER,FILLED,OUO,OL-20250701-043000-001-V2-1156,['O-20250701-043000-001-V2-3467'],O-20250701-043000-001-V2-3466,,,,['V2_POS1_TP'],daa42fb3-4c65-4aa3-8360-4e6227bb3175,1751344200000000000,1751345100000000000,,,,,1.17861,False,
O-20250701-070000-001-V2-3469,BACKTESTER-001,MLSignalStrategyV2-V2,EUR/USD.IDEALPRO,IDEALPRO-1-3469,EUR/USD.IDEALPRO-MLSignalStrategyV2-V2,IDEALPRO-001,IDEALPRO-1-367742,MARKET,SELL,100000.00,GTC,False,False,100000.00,TAKER,1.17794,0.0,['2.36 USD'],NO_TRIGGER,FILLED,OTO,OL-20250701-070000-001-V2-1157,"['O-20250701-070000-001-V2-3470', 'O-20250701-070000-001-V2-3471']",,,,,['V2_POS1'],91531869-b76c-4a76-8c4f-e70588ee1f69,1751353200000000000,1751353200000000000,,,,,,,
O-20250701-070000-001-V2-3470,BACKTESTER-001,MLSignalStrategyV2-V2,EUR/USD.IDEALPRO,IDEALPRO-1-3470,EUR/USD.IDEALPRO-MLSignalStrategyV2-V2,IDEALPRO-001,,STOP_MARKET,BUY,100000.00,GTC,True,False,0.00,NO_LIQUIDITY_SIDE,,,,NO_TRIGGER,CANCELED,OUO,OL-20250701-070000-001-V2-1157,['O-20250701-070000-001-V2-3471'],O-20250701-070000-001-V2-3469,,,,['V2_POS1_SL'],1bd232f1-bd69-411e-aedf-5e2f8f726e60,1751353200000000000,1751353380000000000,1.17844,DEFAULT,,,,,
O-20250701-070000-001-V2-3471,BACKTESTER-001,MLSignalStrategyV2-V2,EUR/USD.IDEALPRO,IDEALPRO-1-3471,EUR/USD.IDEALPRO-MLSignalStrategyV2-V2,IDEALPRO-001,IDEALPRO-1-367749,LIMIT,BUY,100000.00,GTC,True,False,100000.00,MAKER,1.17692,-0.000520000000000076,['2.35 USD'],NO_TRIGGER,FILLED,OUO,OL-20250701-070000-001-V2-1157,['O-20250701-070000-001-V2-3470'],O-20250701-070000-001-V2-3469,,,,['V2_POS1_TP'],8cec235c-b063-4efe-b2c4-5f2f513eeff3,1751353200000000000,1751353380000000000,,,,,1.17744,False,
O-20250701-111500-001-V2-3472,BACKTESTER-001,MLSignalStrategyV2-V2,EUR/USD.IDEALPRO,IDEALPRO-1-3472,EUR/USD.IDEALPRO-MLSignalStrategyV2-V2,IDEALPRO-001,IDEALPRO-1-368254,MARKET,BUY,100000.00,GTC,False,False,100000.00,TAKER,1.18104,0.0,['2.36 USD'],NO_TRIGGER,FILLED,OTO,OL-20250701-111500-001-V2-1158,"['O-20250701-111500-001-V2-3473', 'O-20250701-111500-001-V2-3474']",,,,,['V2_POS1'],51d52402-bb3b-4f08-8a6c-9524f6d5656e,1751368500000000000,1751368500000000000,,,,,,,
O-20250701-111500-001-V2-3473,BACKTESTER-001,MLSignalStrategyV2-V2,EUR/USD.IDEALPRO,IDEALPRO-1-3473,EUR/USD.IDEALPRO-MLSignalStrategyV2-V2,IDEALPRO-001,,STOP_MARKET,SELL,100000.00,GTC,True,False,0.00,NO_LIQUIDITY_SIDE,,,,NO_TRIGGER,CANCELED,OUO,OL-20250701-111500-001-V2-1158,['O-20250701-111500-001-V2-3474'],O-20250701-111500-001-V2-3472,,,,['V2_POS1_SL'],51e93c35-e023-4394-95b8-26dda6f7c806,1751368500000000000,1751370360000000000,1.18019,DEFAULT,,,,,
O-20250701-111500-001-V2-3474,BACKTESTER-001,MLSignalStrategyV2-V2,EUR/USD.IDEALPRO,IDEALPRO-1-3474,EUR/USD.IDEALPRO-MLSignalStrategyV2-V2,IDEALPRO-001,IDEALPRO-1-368317,LIMIT,SELL,100000.00,GTC,True,False,100000.00,MAKER,1.18189,-2.0000000000131024e-05,['2.36 USD'],NO_TRIGGER,FILLED,OUO,OL-20250701-111500-001-V2-1158,['O-20250701-111500-001-V2-3473'],O-20250701-111500-001-V2-3472,,,,['V2_POS1_TP'],c60ffd74-9d38-4a44-aad5-bcfd58cc7a06,1751368500000000000,1751370360000000000,,,,,1.18187,False,
O-20250701-161500-001-V2-3475,BACKTESTER-001,MLSignalStrategyV2-V2,EUR/USD.IDEALPRO,IDEALPRO-1-3475,EUR/USD.IDEALPRO-MLSignalStrategyV2-V2,IDEALPRO-001,IDEALPRO-1-368856,MARKET,BUY,100000.00,GTC,False,False,100000.00,TAKER,1.17705,0.0,['2.35 USD'],NO_TRIGGER,FILLED,OTO,OL-20250701-161500-001-V2-1159,"['O-20250701-161500-001-V2-3476', 'O-20250701-161500-001-V2-3477']",,,,,['V2_POS1'],05dff48b-0523-481c-b625-2dcade647933,1751386500000000000,1751386500000000000,,,,,,,
O-20250701-161500-001-V2-3476,BACKTESTER-001,MLSignalStrategyV2-V2,EUR/USD.IDEALPRO,IDEALPRO-1-3476,EUR/USD.IDEALPRO-MLSignalStrategyV2-V2,IDEALPRO-001,IDEALPRO-1-368883,STOP_MARKET,SELL,100000.00,GTC,True,False,100000.00,TAKER,1.17616,0.0,['2.35 USD'],NO_TRIGGER,FILLED,OUO,OL-20250701-161500-001-V2-1159,['O-20250701-161500-001-V2-3477'],O-20250701-161500-001-V2-3475,,,,['V2_POS1_SL'],72b1a1a7-8cb2-43b7-826b-f1c1dfc35976,1751386500000000000,1751387280000000000,1.17616,DEFAULT,,,,,
O-20250701-161500-001-V2-3477,BACKTESTER-001,MLSignalStrategyV2-V2,EUR/USD.IDEALPRO,IDEALPRO-1-3477,EUR/USD.IDEALPRO-MLSignalStrategyV2-V2,IDEALPRO-001,,LIMIT,SELL,100000.00,GTC,True,False,0.00,NO_LIQUIDITY_SIDE,,,,NO_TRIGGER,CANCELED,OUO,OL-20250701-161500-001-V2-1159,['O-20250701-161500-001-V2-3476'],O-20250701-161500-001-V2-3475,,,,['V2_POS1_TP'],5b378c6d-545e-4131-90d6-64ff03c21dfd,1751386500000000000,1751387280000000000,,,,,1.17792,False,
O-20250701-163000-001-V2-3478,BACKTESTER-001,MLSignalStrategyV2-V2,EUR/USD.IDEALPRO,IDEALPRO-1-3478,EUR/USD.IDEALPRO-MLSignalStrategyV2-V2,IDEALPRO-001,IDEALPRO-1-368888,MARKET,BUY,100000.00,GTC,False,False,100000.00,TAKER,1.1764,0.0,['2.35 USD'],NO_TRIGGER,FILLED,OTO,OL-20250701-163000-001-V2-1160,"['O-20250701-163000-001-V2-3479', 'O-20250701-163000-001-V2-3480']",,,,,['V2_POS1'],26e23452-c123-48d3-b980-d61b4a3ab2ce,1751387400000000000,1751387400000000000,,,,,,,
O-20250701-163000-001-V2-3479,BACKTESTER-001,MLSignalStrategyV2-V2,EUR/USD.IDEALPRO,IDEALPRO-1-3479,EUR/USD.IDEALPRO-MLSignalStrategyV2-V2,IDEALPRO-001,,STOP_MARKET,SELL,100000.00,GTC,True,False,0.00,NO_LIQUIDITY_SIDE,,,,NO_TRIGGER,CANCELED,OUO,OL-20250701-163000-001-V2-1160,['O-20250701-163000-001-V2-3480'],O-20250701-163000-001-V2-3478,,,,['V2_POS1_SL'],a11d5194-92e6-45a9-bbdf-10db5ccaeb05,1751387400000000000,1751390160000000000,1.17553,DEFAULT,,,,,
O-20250701-163000-001-V2-3480,BACKTESTER-001,MLSignalStrategyV2-V2,EUR/USD.IDEALPRO,IDEALPRO-1-3480,EUR/USD.IDEALPRO-MLSignalStrategyV2-V2,IDEALPRO-001,IDEALPRO-1-368981,LIMIT,SELL,100000.00,GTC,True,False,100000.00,MAKER,1.17728,-1.0000000000065512e-05,['2.35 USD'],NO_TRIGGER,FILLED,OUO,OL-20250701-163000-001-V2-1160,['O-20250701-163000-001-V2-3479'],O-20250701-163000-001-V2-3478,,,,['V2_POS1_TP'],6567de00-f062-4549-9b99-c48b77ef50a5,1751387400000000000,1751390160000000000,,,,,1.17727,False,
O-20250701-204500-001-V2-3481,BACKTESTER-001,MLSignalStrategyV2-V2,EUR/USD.IDEALPRO,IDEALPRO-1-3481,EUR/USD.IDEALPRO-MLSignalStrategyV2-V2,IDEALPRO-001,IDEALPRO-1-369401,MARKET,SELL,100000.00,GTC,False,False,100000.00,TAKER,1.18043,0.0,['2.36 USD'],NO_TRIGGER,FILLED,OTO,OL-20250701-204500-001-V2-1161,"['O-20250701-204500-001-V2-3482', 'O-20250701-204500-001-V2-3483']",,,,,['V2_POS1'],e6f76916-5875-4eaa-863c-d3d310cc5be2,1751402700000000000,1751402700000000000,,,,,,,
O-20250701-204500-001-V2-3482,BACKTESTER-001,MLSignalStrategyV2-V2,EUR/USD.IDEALPRO,IDEALPRO-1-3482,EUR/USD.IDEALPRO-MLSignalStrategyV2-V2,IDEALPRO-001,IDEALPRO-1-369885,STOP_MARKET,BUY,100000.00,GTC,True,False,100000.00,TAKER,1.18098,0.0,['2.36 USD'],NO_TRIGGER,FILLED,OUO,OL-20250701-204500-001-V2-1161,['O-20250701-204500-001-V2-3483'],O-20250701-204500-001-V2-3481,,,,['V2_POS1_SL'],8925314b-820b-4118-8ffd-5157c49e345a,1751402700000000000,1751418120000000000,1.18098,DEFAULT,,,,,
O-20250701-204500-001-V2-3483,BACKTESTER-001,MLSignalStrategyV2-V2,EUR/USD.IDEALPRO,IDEALPRO-1-3483,EUR/USD.IDEALPRO-MLSignalStrategyV2-V2,IDEALPRO-001,,LIMIT,BUY,100000.00,GTC,True,False,0.00,NO_LIQUIDITY_SIDE,,,,NO_TRIGGER,CANCELED,OUO,OL-20250701-204500-001-V2-1161,['O-20250701-204500-001-V2-3482'],O-20250701-204500-001-V2-3481,,,,['V2_POS1_TP'],0bff05aa-17b4-47e0-9bb0-86cc823f9193,1751402700000000000,1751418120000000000,,,,,1.17988,False,
O-20250702-030000-001-V2-3484,BACKTESTER-001,MLSignalStrategyV2-V2,EUR/USD.IDEALPRO,IDEALPRO-1-3484,EUR/USD.IDEALPRO-MLSignalStrategyV2-V2,IDEALPRO-001,IDEALPRO-1-370122,MARKET,SELL,100000.00,GTC,False,False,100000.00,TAKER,1.18003,0.0,['2.36 USD'],NO_TRIGGER,FILLED,OTO,OL-20250702-030000-001-V2-1162,"['O-20250702-030000-001-V2-3485', 'O-20250702-030000-001-V2-3486']",,,,,['V2_POS1'],2018782b-1f1c-45aa-b70b-5415e8cf2559,1751425200000000000,1751425200000000000,,,,,,,
O-20250702-030000-001-V2-3485,BACKTESTER-001,MLSignalStrategyV2-V2,EUR/USD.IDEALPRO,IDEALPRO-1-3485,EUR/USD.IDEALPRO-MLSignalStrategyV2-V2,IDEALPRO-001,,STOP_MARKET,BUY,100000.00,GTC,True,False,0.00,NO_LIQUIDITY_SIDE,,,,NO_TRIGGER,CANCELED,OUO,OL-20250702-030000-001-V2-1162,['O-20250702-030000-001-V2-3486'],O-20250702-030000-001-V2-3484,,,,['V2_POS1_SL'],f4a518bb-2fcc-433d-b8d0-2ba9b26cfffb,1751425200000000000,1751430840000000000,1.18048,DEFAULT,,,,,
O-20250702-030000-001-V2-3486,BACKTESTER-001,MLSignalStrategyV2-V2,EUR/USD.IDEALPRO,IDEALPRO-1-3486,EUR/USD.IDEALPRO-MLSignalStrategyV2-V2,IDEALPRO-001,IDEALPRO-1-370311,LIMIT,BUY,100000.00,GTC,True,False,100000.00,MAKER,1.17958,0.0,['2.36 USD'],NO_TRIGGER,FILLED,OUO,OL-20250702-030000-001-V2-1162,['O-20250702-030000-001-V2-3485'],O-20250702-030000-001-V2-3484,,,,['V2_POS1_TP'],fedc1075-4291-4d77-8f7c-11e633c2e01e,1751425200000000000,1751430840000000000,,,,,1.17958,False,
O-20250702-073000-001-V2-3487,BACKTESTER-001,MLSignalStrategyV2-V2,EUR/USD.IDEALPRO,IDEALPRO-1-3487,EUR/USD.IDEALPRO-MLSignalStrategyV2-V2,IDEALPRO-001,IDEALPRO-1-370665,MARKET,BUY,100000.00,GTC,False,False,100000.00,TAKER,1.17776,0.0,['2.36 USD'],NO_TRIGGER,FILLED,OTO,OL-20250702-073000-001-V2-1163,"['O-20250702-073000-001-V2-3488', 'O-20250702-073000-001-V2-3489']",,,,,['V2_POS1'],e5d0151b-ac8f-43bd-9fd2-2463ee890578,1751441400000000000,1751441400000000000,,,,,,,
O-20250702-073000-001-V2-3488,BACKTESTER-001,MLSignalStrategyV2-V2,EUR/USD.IDEALPRO,IDEALPRO-1-3488,EUR/USD.IDEALPRO-MLSignalStrategyV2-V2,IDEALPRO-001,,STOP_MARKET,SELL,100000.00,GTC,True,False,0.00,NO_LIQUIDITY_SIDE,,,,NO_TRIGGER,CANCELED,OUO,OL-20250702-073000-001-V2-1163,['O-20250702-073000-001-V2-3489'],O-20250702-073000-001-V2-3487,,,,['V2_POS1_SL'],17664209-6dfd-4802-8add-89f9b6a62ac8,1751441400000000000,1751441760000000000,1.17724,DEFAULT,,,,,
O-20250702-073000-001-V2-3489,BACKTESTER-001,MLSignalStrategyV2-V2,EUR/USD.IDEALPRO,IDEALPRO-1-3489,EUR/USD.IDEALPRO-MLSignalStrategyV2-V2,IDEALPRO-001,IDEALPRO-1-370677,LIMIT,SELL,100000.00,GTC,True,False,100000.00,MAKER,1.17832,-4.0000000000040004e-05,['2.36 USD'],NO_TRIGGER,FILLED,OUO,OL-20250702-073000-001-V2-1163,['O-20250702-073000-001-V2-3488'],O-20250702-073000-001-V2-3487,,,,['V2_POS1_TP'],6a353e44-11bb-42cf-b723-562ac5cecb32,1751441400000000000,1751441760000000000,,,,,1.17828,False,
O-20250702-101500-001-V2-3490,BACKTESTER-001,MLSignalStrategyV2-V2,EUR/USD.IDEALPRO,IDEALPRO-1-3490,EUR/USD.IDEALPRO-MLSignalStrategyV2-V2,IDEALPRO-001,IDEALPRO-1-370996,MARKET,SELL,100000.00,GTC,False,False,100000.00,TAKER,1.17799,0.0,['2.36 USD'],NO_TRIGGER,FILLED,OTO,OL-20250702-101500-001-V2-1164,"['O-20250702-101500-001-V2-3491', 'O-20250702-101500-001-V2-3492']",,,,,['V2_POS1'],0261d271-c6ea-49cf-84ec-8b20a0458cbf,1751451300000000000,1751451300000000000,,,,,,,
O-20250702-101500-001-V2-3491,BACKTESTER-001,MLSignalStrategyV2-V2,EUR/USD.IDEALPRO,IDEALPRO-1-3491,EUR/USD.IDEALPRO-MLSignalStrategyV2-V2,IDEALPRO-001,,STOP_MARKET,BUY,100000.00,GTC,True,False,0.00,NO_LIQUIDITY_SIDE,,,,NO_TRIGGER,CANCELED,OUO,OL-20250702-101500-001-V2-1164,['O-20250702-101500-001-V2-3492'],O-20250702-101500-001-V2-3490,,,,['V2_POS1_SL'],4d0172d1-7a25-4854-a1be-7f3d0c287bfa,1751451300000000000,1751452080000000000,1.17859,DEFAULT,,,,,
O-20250702-101500-001-V2-3492,BACKTESTER-001,MLSignalStrategyV2-V2,EUR/USD.IDEALPRO,IDEALPRO-1-3492,EUR/USD.IDEALPRO-MLSignalStrategyV2-V2,IDEALPRO-001,IDEALPRO-1-371023,LIMIT,BUY,100000.00,GTC,True,False,100000.00,MAKER,1.17732,-7.00000000000145e-05,['2.35 USD'],NO_TRIGGER,FILLED,OUO,OL-20250702-101500-001-V2-1164,['O-20250702-101500-001-V2-3491'],O-20250702-101500-001-V2-3490,,,,['V2_POS1_TP'],68b15ed6-f69e-43eb-88c1-c0c269518c70,1751451300000000000,1751452080000000000,,,,,1.17739,False,
O-20250702-104500-001-V2-3493,BACKTESTER-001,MLSignalStrategyV2-V2,EUR/USD.IDEALPRO,IDEALPRO-1-3493,EUR/USD.IDEALPRO-MLSignalStrategyV2-V2,IDEALPRO-001,IDEALPRO-1-371058,MARKET,SELL,100000.00,GTC,False,False,100000.00,TAKER,1.17755,0.0,['2.36 USD'],NO_TRIGGER,FILLED,OTO,OL-20250702-104500-001-V2-1165,"['O-20250702-104500-001-V2-3494', 'O-20250702-104500-001-V2-3495']",,,,,['V2_POS1'],c0a01657-975a-4e7c-996d-cfd6f80f5bae,1751453100000000000,1751453100000000000,,,,,,,
O-20250702-104500-001-V2-3494,BACKTESTER-001,MLSignalStrategyV2-V2,EUR/USD.IDEALPRO,IDEALPRO-1-3494,EUR/USD.IDEALPRO-MLSignalStrategyV2-V2,IDEALPRO-001,,STOP_MARKET,BUY,100000.00,GTC,True,False,0.00,NO_LIQUIDITY_SIDE,,,,NO_TRIGGER,CANCELED,OUO,OL-20250702-104500-001-V2-1165,['O-20250702-104500-001-V2-3495'],O-20250702-104500-001-V2-3493,,,,['V2_POS1_SL'],48683eb0-4e4c-4675-b21d-4a901e421383,1751453100000000000,1751453400000000000,1.17815,DEFAULT,,,,,
O-20250702-104500-001-V2-3495,BACKTESTER-001,MLSignalStrategyV2-V2,EUR/USD.IDEALPRO,IDEALPRO-1-3495,EUR/USD.IDEALPRO-MLSignalStrategyV2-V2,IDEALPRO-001,IDEALPRO-1-371069,LIMIT,BUY,100000.00,GTC,True,False,100000.00,MAKER,1.17691,-4.0000000000040004e-05,['2.35 USD'],NO_TRIGGER,FILLED,OUO,OL-20250702-104500-001-V2-1165,['O-20250702-104500-001-V2-3494'],O-20250702-104500-001-V2-3493,,,,['V2_POS1_TP'],1eb142e8-125c-4f4c-bc56-6495237bb9db,1751453100000000000,1751453400000000000,,,,,1.17695,False,
O-20250702-114500-001-V2-3496,BACKTESTER-001,MLSignalStrategyV2-V2,EUR/USD.IDEALPRO,IDEALPRO-1-3496,EUR/USD.IDEALPRO-MLSignalStrategyV2-V2,IDEALPRO-001,IDEALPRO-1-371180,MARKET,BUY,100000.00,GTC,False,False,100000.00,TAKER,1.17573,0.0,['2.35 USD'],NO_TRIGGER,FILLED,OTO,OL-20250702-114500-001-V2-1166,"['O-20250702-114500-001-V2-3497', 'O-20250702-114500-001-V2-3498']",,,,,['V2_POS1'],da6ae145-e7cc-48da-a4ce-95618758f447,1751456700000000000,1751456700000000000,,,,,,,
O-20250702-114500-001-V2-3497,BACKTESTER-001,MLSignalStrategyV2-V2,EUR/USD.IDEALPRO,IDEALPRO-1-3497,EUR/USD.IDEALPRO-MLSignalStrategyV2-V2,IDEALPRO-001,IDEALPRO-1-371207,STOP_MARKET,SELL,100000.00,GTC,True,False,100000.00,TAKER,1.17476,0.00032999999999994145,['2.35 USD'],NO_TRIGGER,FILLED,OUO,OL-20250702-114500-001-V2-1166,['O-20250702-114500-001-V2-3498'],O-20250702-114500-001-V2-3496,,,,['V2_POS1_SL'],58452035-6d4c-4825-8c59-e6010856e837,1751456700000000000,1751457480000000000,1.17509,DEFAULT,,,,,
O-20250702-114500-001-V2-3498,BACKTESTER-001,MLSignalStrategyV2-V2,EUR/USD.IDEALPRO,IDEALPRO-1-3498,EUR/USD.IDEALPRO-MLSignalStrategyV2-V2,IDEALPRO-001,,LIMIT,SELL,100000.00,GTC,True,False,0.00,NO_LIQUIDITY_SIDE,,,,NO_TRIGGER,CANCELED,OUO,OL-20250702-114500-001-V2-1166,['O-20250702-114500-001-V2-3497'],O-20250702-114500-001-V2-3496,,,,['V2_POS1_TP'],6fb89b4b-fc31-4c6e-a6da-1414eb67e575,1751456700000000000,1751457480000000000,,,,,1.17635,False,
O-20250702-143000-001-V2-3499,BACKTESTER-001,MLSignalStrategyV2-V2,EUR/USD.IDEALPRO,IDEALPRO-1-3499,EUR/USD.IDEALPRO-MLSignalStrategyV2-V2,IDEALPRO-001,IDEALPRO-1-371513,MARKET,SELL,100000.00,GTC,False,False,100000.00,TAKER,1.17627,0.0,['2.35 USD'],NO_TRIGGER,FILLED,OTO,OL-20250702-143000-001-V2-1167,"['O-20250702-143000-001-V2-3500', 'O-20250702-143000-001-V2-3501']",,,,,['V2_POS1'],62871225-aa36-4f2b-848c-7d3c361ae3f4,1751466600000000000,1751466600000000000,,,,,,,
O-20250702-143000-001-V2-3500,BACKTESTER-001,MLSignalStrategyV2-V2,EUR/USD.IDEALPRO,IDEALPRO-1-3500,EUR/USD.IDEALPRO-MLSignalStrategyV2-V2,IDEALPRO-001,,STOP_MARKET,BUY,100000.00,GTC,True,False,0.00,NO_LIQUIDITY_SIDE,,,,NO_TRIGGER,CANCELED,OUO,OL-20250702-143000-001-V2-1167,['O-20250702-143000-001-V2-3501'],O-20250702-143000-001-V2-3499,,,,['V2_POS1_SL'],d9305fa3-6597-496c-b851-ea5d1174cfce,1751466600000000000,1751467860000000000,1.17747,DEFAULT,,,,,
O-20250702-143000-001-V2-3501,BACKTESTER-001,MLSignalStrategyV2-V2,EUR/USD.IDEALPRO,IDEALPRO-1-3501,EUR/USD.IDEALPRO-MLSignalStrategyV2-V2,IDEALPRO-001,IDEALPRO-1-371555,LIMIT,BUY,100000.00,GTC,True,False,100000.00,MAKER,1.17508,-1.0000000000065512e-05,['2.35 USD'],NO_TRIGGER,FILLED,OUO,OL-20250702-143000-001-V2-1167,['O-20250702-143000-001-V2-3500'],O-20250702-143000-001-V2-3499,,,,['V2_POS1_TP'],b6465480-1a58-4b0d-bcbc-538beee1a31e,1751466600000000000,1751467860000000000,,,,,1.17509,False,
O-20250702-221500-001-V2-3502,BACKTESTER-001,MLSignalStrategyV2-V2,EUR/USD.IDEALPRO,IDEALPRO-1-3502,EUR/USD.IDEALPRO-MLSignalStrategyV2-V2,IDEALPRO-001,IDEALPRO-1-372414,MARKET,BUY,100000.00,GTC,False,False,100000.00,TAKER,1.18,0.0,['2.36 USD'],NO_TRIGGER,FILLED,OTO,OL-20250702-221500-001-V2-1168,"['O-20250702-221500-001-V2-3503', 'O-20250702-221500-001-V2-3504']",,,,,['V2_POS1'],fbe68e44-ad05-408b-9798-d05977c4463f,1751494500000000000,1751494500000000000,,,,,,,
O-20250702-221500-001-V2-3503,BACKTESTER-001,MLSignalStrategyV2-V2,EUR/USD.IDEALPRO,IDEALPRO-1-3503,EUR/USD.IDEALPRO-MLSignalStrategyV2-V2,IDEALPRO-001,,STOP_MARKET,SELL,100000.00,GTC,True,False,0.00,NO_LIQUIDITY_SIDE,,,,NO_TRIGGER,CANCELED,OUO,OL-20250702-221500-001-V2-1168,['O-20250702-221500-001-V2-3504'],O-20250702-221500-001-V2-3502,,,,['V2_POS1_SL'],5d848084-e421-4503-b947-b192bdf21f8e,1751494500000000000,1751501820000000000,1.17961,DEFAULT,,,,,
O-20250702-221500-001-V2-3504,BACKTESTER-001,MLSignalStrategyV2-V2,EUR/USD.IDEALPRO,IDEALPRO-1-3504,EUR/USD.IDEALPRO-MLSignalStrategyV2-V2,IDEALPRO-001,IDEALPRO-1-372659,LIMIT,SELL,100000.00,GTC,True,False,100000.00,MAKER,1.18069,-0.00029999999999996696,['2.36 USD'],NO_TRIGGER,FILLED,OUO,OL-20250702-221500-001-V2-1168,['O-20250702-221500-001-V2-3503'],O-20250702-221500-001-V2-3502,,,,['V2_POS1_TP'],eb7375d5-3bda-41f5-8564-d60ccc3a39c4,1751494500000000000,1751501820000000000,,,,,1.18039,False,
O-20250703-030000-001-V2-3505,BACKTESTER-001,MLSignalStrategyV2-V2,EUR/USD.IDEALPRO,IDEALPRO-1-3505,EUR/USD.IDEALPRO-MLSignalStrategyV2-V2,IDEALPRO-001,IDEALPRO-1-372987,MARKET,SELL,100000.00,GTC,False,False,100000.00,TAKER,1.17979,0.0,['2.36 USD'],NO_TRIGGER,FILLED,OTO,OL-20250703-030000-001-V2-1169,"['O-20250703-030000-001-V2-3506', 'O-20250703-030000-001-V2-3507']",,,,,['V2_POS1'],b59a51af-7358-4b41-b390-633f2de7c1d9,1751511600000000000,1751511600000000000,,,,,,,
O-20250703-030000-001-V2-3506,BACKTESTER-001,MLSignalStrategyV2-V2,EUR/USD.IDEALPRO,IDEALPRO-1-3506,EUR/USD.IDEALPRO-MLSignalStrategyV2-V2,IDEALPRO-001,,STOP_MARKET,BUY,100000.00,GTC,True,False,0.00,NO_LIQUIDITY_SIDE,,,,NO_TRIGGER,CANCELED,OUO,OL-20250703-030000-001-V2-1169,['O-20250703-030000-001-V2-3507'],O-20250703-030000-001-V2-3505,,,,['V2_POS1_SL'],b6ee3d71-1bd8-465c-b27d-76bc06cf4b5f,1751511600000000000,1751513460000000000,1.18016,DEFAULT,,,,,
O-20250703-030000-001-V2-3507,BACKTESTER-001,MLSignalStrategyV2-V2,EUR/USD.IDEALPRO,IDEALPRO-1-3507,EUR/USD.IDEALPRO-MLSignalStrategyV2-V2,IDEALPRO-001,IDEALPRO-1-373049,LIMIT,BUY,100000.00,GTC,True,False,100000.00,MAKER,1.1794,-1.999999999990898e-05,['2.36 USD'],NO_TRIGGER,FILLED,OUO,OL-20250703-030000-001-V2-1169,['O-20250703-030000-001-V2-3506'],O-20250703-030000-001-V2-3505,,,,['V2_POS1_TP'],e23e8158-d07a-4785-a83e-7fd88566c0d2,1751511600000000000,1751513460000000000,,,,,1.17942,False,
O-20250703-043000-001-V2-3508,BACKTESTER-001,MLSignalStrategyV2-V2,EUR/USD.IDEALPRO,IDEALPRO-1-3508,EUR/USD.IDEALPRO-MLSignalStrategyV2-V2,IDEALPRO-001,IDEALPRO-1-373168,MARKET,SELL,100000.00,GTC,False,False,100000.00,TAKER,1.17898,0.0,['2.36 USD'],NO_TRIGGER,FILLED,OTO,OL-20250703-043000-001-V2-1170,"['O-20250703-043000-001-V2-3509', 'O-20250703-043000-001-V2-3510']",,,,,['V2_POS1'],f2244f6d-63bc-4fdc-81e9-6dfc9ab1914d,1751517000000000000,1751517000000000000,,,,,,,
O-20250703-043000-001-V2-3509,BACKTESTER-001,MLSignalStrategyV2-V2,EUR/USD.IDEALPRO,IDEALPRO-1-3509,EUR/USD.IDEALPRO-MLSignalStrategyV2-V2,IDEALPRO-001,IDEALPRO-1-373327,STOP_MARKET,BUY,100000.00,GTC,True,False,100000.00,TAKER,1.17939,2.999999999997449e-05,['2.36 USD'],NO_TRIGGER,FILLED,OUO,OL-20250703-043000-001-V2-1170,['O-20250703-043000-001-V2-3510'],O-20250703-043000-001-V2-3508,,,,['V2_POS1_SL'],6e2d9925-4fe9-4d62-83bb-9466ee6bcd1a,1751517000000000000,1751521740000000000,1.17936,DEFAULT,,,,,
O-20250703-043000-001-V2-3510,BACKTESTER-001,MLSignalStrategyV2-V2,EUR/USD.IDEALPRO,IDEALPRO-1-3510,EUR/USD.IDEALPRO-MLSignalStrategyV2-V2,IDEALPRO-001,,LIMIT,BUY,100000.00,GTC,True,False,0.00,NO_LIQUIDITY_SIDE,,,,NO_TRIGGER,CANCELED,OUO,OL-20250703-043000-001-V2-1170,['O-20250703-043000-001-V2-3509'],O-20250703-043000-001-V2-3508,,,,['V2_POS1_TP'],9d077cf5-e5f1-4fca-890e-f669354e1921,1751517000000000000,1751521740000000000,,,,,1.17862,False,
O-20250703-121500-001-V2-3511,BACKTESTER-001,MLSignalStrategyV2-V2,EUR/USD.IDEALPRO,IDEALPRO-1-3511,EUR/USD.IDEALPRO-MLSignalStrategyV2-V2,IDEALPRO-001,IDEALPRO-1-374101,MARKET,SELL,100000.00,GTC,False,False,100000.00,TAKER,1.17832,0.0,['2.36 USD'],NO_TRIGGER,FILLED,OTO,OL-20250703-121500-001-V2-1171,"['O-20250703-121500-001-V2-3512', 'O-20250703-121500-001-V2-3513']",,,,,['V2_POS1'],bf810399-e4bf-4fcb-8db9-223c840be21d,1751544900000000000,1751544900000000000,,,,,,,
O-20250703-121500-001-V2-3512,BACKTESTER-001,MLSignalStrategyV2-V2,EUR/USD.IDEALPRO,IDEALPRO-1-3512,EUR/USD.IDEALPRO-MLSignalStrategyV2-V2,IDEALPRO-001,IDEALPRO-1-374113,STOP_MARKET,BUY,100000.00,GTC,True,False,100000.00,TAKER,1.17885,1.999999999990898e-05,['2.36 USD'],NO_TRIGGER,FILLED,OUO,OL-20250703-121500-001-V2-1171,['O-20250703-121500-001-V2-3513'],O-20250703-121500-001-V2-3511,,,,['V2_POS1_SL'],330a978f-3cd7-4191-bbc5-42c2e5b3d4c4,1751544900000000000,1751545260000000000,1.17883,DEFAULT,,,,,
O-20250703-121500-001-V2-3513,BACKTESTER-001,MLSignalStrategyV2-V2,EUR/USD.IDEALPRO,IDEALPRO-1-3513,EUR/USD.IDEALPRO-MLSignalStrategyV2-V2,IDEALPRO-001,,LIMIT,BUY,100000.00,GTC,True,False,0.00,NO_LIQUIDITY_SIDE,,,,NO_TRIGGER,CANCELED,OUO,OL-20250703-121500-001-V2-1171,['O-20250703-121500-001-V2-3512'],O-20250703-121500-001-V2-3511,,,,['V2_POS1_TP'],d17c2935-f808-4968-bc50-4d939f5cfdbf,1751544900000000000,1751545260000000000,,,,,1.17781,False,
O-20250703-124500-001-V2-3514,BACKTESTER-001,MLSignalStrategyV2-V2,EUR/USD.IDEALPRO,IDEALPRO-1-3514,EUR/USD.IDEALPRO-MLSignalStrategyV2-V2,IDEALPRO-001,IDEALPRO-1-374162,MARKET,BUY,100000.00,GTC,False,False,100000.00,TAKER,1.1735,0.0,['2.35 USD'],NO_TRIGGER,FILLED,OTO,OL-20250703-124500-001-V2-1172,"['O-20250703-124500-001-V2-3515', 'O-20250703-124500-001-V2-3516']",,,,,['V2_POS1'],5e7f2bc9-229b-4664-be3d-e53ae60e4398,1751546700000000000,1751546700000000000,,,,,,,
O-20250703-124500-001-V2-3515,BACKTESTER-001,MLSignalStrategyV2-V2,EUR/USD.IDEALPRO,IDEALPRO-1-3515,EUR/USD.IDEALPRO-MLSignalStrategyV2-V2,IDEALPRO-001,IDEALPRO-1-374171,STOP_MARKET,SELL,100000.00,GTC,True,False,100000.00,TAKER,1.17258,2.0000000000131024e-05,['2.35 USD'],NO_TRIGGER,FILLED,OUO,OL-20250703-124500-001-V2-1172,['O-20250703-124500-001-V2-3516'],O-20250703-124500-001-V2-3514,,,,['V2_POS1_SL'],dab3b1c3-ab1c-46cc-89d1-c0919575e593,1751546700000000000,1751546940000000000,1.17260,DEFAULT,,,,,
O-20250703-124500-001-V2-3516,BACKTESTER-001,MLSignalStrategyV2-V2,EUR/USD.IDEALPRO,IDEALPRO-1-3516,EUR/USD.IDEALPRO-MLSignalStrategyV2-V2,IDEALPRO-001,,LIMIT,SELL,100000.00,GTC,True,False,0.00,NO_LIQUIDITY_SIDE,,,,NO_TRIGGER,CANCELED,OUO,OL-20250703-124500-001-V2-1172,['O-20250703-124500-001-V2-3515'],O-20250703-124500-001-V2-3514,,,,['V2_POS1_TP'],07923669-1526-432b-a0c3-81c48ee706ba,1751546700000000000,1751546940000000000,,,,,1.17440,False,
O-20250703-130000-001-V2-3517,BACKTESTER-001,MLSignalStrategyV2-V2,EUR/USD.IDEALPRO,IDEALPRO-1-3517,EUR/USD.IDEALPRO-MLSignalStrategyV2-V2,IDEALPRO-001,IDEALPRO-1-374194,MARKET,BUY,100000.00,GTC,False,False,100000.00,TAKER,1.17385,0.0,['2.35 USD'],NO_TRIGGER,FILLED,OTO,OL-20250703-130000-001-V2-1173,"['O-20250703-130000-001-V2-3518', 'O-20250703-130000-001-V2-3519']",,,,,['V2_POS1'],0b141368-cd9b-4ba6-9707-765b04a88bc4,1751547600000000000,1751547600000000000,,,,,,,
O-20250703-130000-001-V2-3518,BACKTESTER-001,MLSignalStrategyV2-V2,EUR/USD.IDEALPRO,IDEALPRO-1-3518,EUR/USD.IDEALPRO-MLSignalStrategyV2-V2,IDEALPRO-001,,STOP_MARKET,SELL,100000.00,GTC,True,False,0.00,NO_LIQUIDITY_SIDE,,,,NO_TRIGGER,CANCELED,OUO,OL-20250703-130000-001-V2-1173,['O-20250703-130000-001-V2-3519'],O-20250703-130000-001-V2-3517,,,,['V2_POS1_SL'],1a2c4313-1415-4edd-bf4b-25928d11e467,1751547600000000000,1751548500000000000,1.17257,DEFAULT,,,,,
O-20250703-130000-001-V2-3519,BACKTESTER-001,MLSignalStrategyV2-V2,EUR/USD.IDEALPRO,IDEALPRO-1-3519,EUR/USD.IDEALPRO-MLSignalStrategyV2-V2,IDEALPRO-001,IDEALPRO-1-374225,LIMIT,SELL,100000.00,GTC,True,False,100000.00,MAKER,1.17528,-0.0001500000000000945,['2.35 USD'],NO_TRIGGER,FILLED,OUO,OL-20250703-130000-001-V2-1173,['O-20250703-130000-001-V2-3518'],O-20250703-130000-001-V2-3517,,,,['V2_POS1_TP'],adb513aa-d445-43d5-98d9-149e14f22b9c,1751547600000000000,1751548500000000000,,,,,1.17513,False,
O-20250703-131500-001-V2-3520,BACKTESTER-001,MLSignalStrategyV2-V2,EUR/USD.IDEALPRO,IDEALPRO-1-3520,EUR/USD.IDEALPRO-MLSignalStrategyV2-V2,IDEALPRO-001,IDEALPRO-1-374226,MARKET,BUY,100000.00,GTC,False,False,100000.00,TAKER,1.17519,0.0,['2.35 USD'],NO_TRIGGER,FILLED,OTO,OL-20250703-131500-001-V2-1174,"['O-20250703-131500-001-V2-3521', 'O-20250703-131500-001-V2-3522']",,,,,['V2_POS1'],197af3c6-fd8e-43b7-aab5-f5a7eabaffc2,1751548500000000000,1751548500000000000,,,,,,,
O-20250703-131500-001-V2-3521,BACKTESTER-001,MLSignalStrategyV2-V2,EUR/USD.IDEALPRO,IDEALPRO-1-3521,EUR/USD.IDEALPRO-MLSignalStrategyV2-V2,IDEALPRO-001,,STOP_MARKET,SELL,100000.00,GTC,True,False,0.00,NO_LIQUIDITY_SIDE,,,,NO_TRIGGER,CANCELED,OUO,OL-20250703-131500-001-V2-1174,['O-20250703-131500-001-V2-3522'],O-20250703-131500-001-V2-3520,,,,['V2_POS1_SL'],1e9a621a-cab0-44b9-a9e8-1ccc670d5d8f,1751548500000000000,1751548800000000000,1.17386,DEFAULT,,,,,
O-20250703-131500-001-V2-3522,BACKTESTER-001,MLSignalStrategyV2-V2,EUR/USD.IDEALPRO,IDEALPRO-1-3522,EUR/USD.IDEALPRO-MLSignalStrategyV2-V2,IDEALPRO-001,IDEALPRO-1-374237,LIMIT,SELL,100000.00,GTC,True,False,100000.00,MAKER,1.17653,-2.999999999997449e-05,['2.35 USD'],NO_TRIGGER,FILLED,OUO,OL-20250703-131500-001-V2-1174,['O-20250703-131500-001-V2-3521'],O-20250703-131500-001-V2-3520,,,,['V2_POS1_TP'],31418c42-00e5-487b-8764-d71a20e0f948,1751548500000000000,1751548800000000000,,,,,1.17650,False,
O-20250703-133000-001-V2-3523,BACKTESTER-001,MLSignalStrategyV2-V2,EUR/USD.IDEALPRO,IDEALPRO-1-3523,EUR/USD.IDEALPRO-MLSignalStrategyV2-V2,IDEALPRO-001,IDEALPRO-1-374258,MARKET,BUY,100000.00,GTC,False,False,100000.00,TAKER,1.17644,0.0,['2.35 USD'],NO_TRIGGER,FILLED,OTO,OL-20250703-133000-001-V2-1175,"['O-20250703-133000-001-V2-3524', 'O-20250703-133000-001-V2-3525']",,,,,['V2_POS1'],a39adf61-4f5d-47ed-a093-fdd43df3010f,1751549400000000000,1751549400000000000,,,,,,,
O-20250703-133000-001-V2-3524,BACKTESTER-001,MLSignalStrategyV2-V2,EUR/USD.IDEALPRO,IDEALPRO-1-3524,EUR/USD.IDEALPRO-MLSignalStrategyV2-V2,IDEALPRO-001,,STOP_MARKET,SELL,100000.00,GTC,True,False,0.00,NO_LIQUIDITY_SIDE,,,,NO_TRIGGER,CANCELED,OUO,OL-20250703-133000-001-V2-1175,['O-20250703-133000-001-V2-3525'],O-20250703-133000-001-V2-3523,,,,['V2_POS1_SL'],dc66d258-d629-4168-a45b-21f4fd425dfa,1751549400000000000,1751550900000000000,1.17512,DEFAULT,,,,,
O-20250703-133000-001-V2-3525,BACKTESTER-001,MLSignalStrategyV2-V2,EUR/USD.IDEALPRO,IDEALPRO-1-3525,EUR/USD.IDEALPRO-MLSignalStrategyV2-V2,IDEALPRO-001,IDEALPRO-1-374309,LIMIT,SELL,100000.00,GTC,True,False,100000.00,MAKER,1.17795,-0.0001900000000001345,['2.36 USD'],NO_TRIGGER,FILLED,OUO,OL-20250703-133000-001-V2-1175,['O-20250703-133000-001-V2-3524'],O-20250703-133000-001-V2-3523,,,,['V2_POS1_TP'],95783601-5fe5-4c76-abbf-99fefb3cc117,1751549400000000000,1751550900000000000,,,,,1.17776,False,
O-20250703-191500-001-V2-3526,BACKTESTER-001,MLSignalStrategyV2-V2,EUR/USD.IDEALPRO,IDEALPRO-1-3526,EUR/USD.IDEALPRO-MLSignalStrategyV2-V2,IDEALPRO-001,IDEALPRO-1-374951,MARKET,BUY,100000.00,GTC,False,False,100000.00,TAKER,1.17468,0.0,['2.35 USD'],NO_TRIGGER,FILLED,OTO,OL-20250703-191500-001-V2-1176,"['O-20250703-191500-001-V2-3527', 'O-20250703-191500-001-V2-3528']",,,,,['V2_POS1'],68a883cb-ed6a-42fe-91af-f5df323d1806,1751570100000000000,1751570100000000000,,,,,,,
O-20250703-191500-001-V2-3527,BACKTESTER-001,MLSignalStrategyV2-V2,EUR/USD.IDEALPRO,IDEALPRO-1-3527,EUR/USD.IDEALPRO-MLSignalStrategyV2-V2,IDEALPRO-001,,STOP_MARKET,SELL,100000.00,GTC,True,False,0.00,NO_LIQUIDITY_SIDE,,,,NO_TRIGGER,CANCELED,OUO,OL-20250703-191500-001-V2-1176,['O-20250703-191500-001-V2-3528'],O-20250703-191500-001-V2-3526,,,,['V2_POS1_SL'],e5f133f5-4ec2-4e31-bc92-60f6fb98f1b0,1751570100000000000,1751572440000000000,1.17415,DEFAULT,,,,,
O-20250703-191500-001-V2-3528,BACKTESTER-001,MLSignalStrategyV2-V2,EUR/USD.IDEALPRO,IDEALPRO-1-3528,EUR/USD.IDEALPRO-MLSignalStrategyV2-V2,IDEALPRO-001,IDEALPRO-1-375029,LIMIT,SELL,100000.00,GTC,True,False,100000.00,MAKER,1.17524,-5.0000000000105516e-05,['2.35 USD'],NO_TRIGGER,FILLED,OUO,OL-20250703-191500-001-V2-1176,['O-20250703-191500-001-V2-3527'],O-20250703-191500-001-V2-3526,,,,['V2_POS1_TP'],dc3412b6-7c85-43b6-bbbe-fa92b55247e3,1751570100000000000,1751572440000000000,,,,,1.17519,False,
O-20250703-213000-001-V2-3529,BACKTESTER-001,MLSignalStrategyV2-V2,EUR/USD.IDEALPRO,IDEALPRO-1-3529,EUR/USD.IDEALPRO-MLSignalStrategyV2-V2,IDEALPRO-001,IDEALPRO-1-375192,MARKET,BUY,100000.00,GTC,False,False,100000.00,TAKER,1.17536,0.0,['2.35 USD'],NO_TRIGGER,FILLED,OTO,OL-20250703-213000-001-V2-1177,"['O-20250703-213000-001-V2-3530', 'O-20250703-213000-001-V2-3531']",,,,,['V2_POS1'],41b4c2f8-d50c-49e9-81e6-50c784606ea2,1751578200000000000,1751578200000000000,,,,,,,
O-20250703-213000-001-V2-3530,BACKTESTER-001,MLSignalStrategyV2-V2,EUR/USD.IDEALPRO,IDEALPRO-1-3530,EUR/USD.IDEALPRO-MLSignalStrategyV2-V2,IDEALPRO-001,,STOP_MARKET,SELL,100000.00,GTC,True,False,0.00,NO_LIQUIDITY_SIDE,,,,NO_TRIGGER,CANCELED,OUO,OL-20250703-213000-001-V2-1177,['O-20250703-213000-001-V2-3531'],O-20250703-213000-001-V2-3529,,,,['V2_POS1_SL'],40ac3bb9-c3ae-4469-864e-0b9cf4cb18e9,1751578200000000000,1751578860000000000,1.17494,DEFAULT,,,,,
O-20250703-213000-001-V2-3531,BACKTESTER-001,MLSignalStrategyV2-V2,EUR/USD.IDEALPRO,IDEALPRO-1-3531,EUR/USD.IDEALPRO-MLSignalStrategyV2-V2,IDEALPRO-001,IDEALPRO-1-375215,LIMIT,SELL,100000.00,GTC,True,False,100000.00,MAKER,1.17576,0.0,['2.35 USD'],NO_TRIGGER,FILLED,OUO,OL-20250703-213000-001-V2-1177,['O-20250703-213000-001-V2-3530'],O-20250703-213000-001-V2-3529,,,,['V2_POS1_TP'],cb5a495f-9faa-4689-802d-488af25b9659,1751578200000000000,1751578860000000000,,,,,1.17576,False,
O-20250703-214500-001-V2-3532,BACKTESTER-001,MLSignalStrategyV2-V2,EUR/USD.IDEALPRO,IDEALPRO-1-3532,EUR/USD.IDEALPRO-MLSignalStrategyV2-V2,IDEALPRO-001,IDEALPRO-1-375223,MARKET,BUY,100000.00,GTC,False,False,100000.00,TAKER,1.17578,0.0,['2.35 USD'],NO_TRIGGER,FILLED,OTO,OL-20250703-214500-001-V2-1178,"['O-20250703-214500-001-V2-3533', 'O-20250703-214500-001-V2-3534']",,,,,['V2_POS1'],d1a51a8e-84f3-4bbb-ba6f-ff6f1d0a115b,1751579100000000000,1751579100000000000,,,,,,,
O-20250703-214500-001-V2-3533,BACKTESTER-001,MLSignalStrategyV2-V2,EUR/USD.IDEALPRO,IDEALPRO-1-3533,EUR/USD.IDEALPRO-MLSignalStrategyV2-V2,IDEALPRO-001,,STOP_MARKET,SELL,100000.00,GTC,True,False,0.00,NO_LIQUIDITY_SIDE,,,,NO_TRIGGER,CANCELED,OUO,OL-20250703-214500-001-V2-1178,['O-20250703-214500-001-V2-3534'],O-20250703-214500-001-V2-3532,,,,['V2_POS1_SL'],eeae035d-b299-4930-8666-d02dbc13ebfb,1751579100000000000,1751585280000000000,1.17536,DEFAULT,,,,,
O-20250703-214500-001-V2-3534,BACKTESTER-001,MLSignalStrategyV2-V2,EUR/USD.IDEALPRO,IDEALPRO-1-3534,EUR/USD.IDEALPRO-MLSignalStrategyV2-V2,IDEALPRO-001,IDEALPRO-1-375431,LIMIT,SELL,100000.00,GTC,True,False,100000.00,MAKER,1.1762,-3.999999999981796e-05,['2.35 USD'],NO_TRIGGER,FILLED,OUO,OL-20250703-214500-001-V2-1178,['O-20250703-214500-001-V2-3533'],O-20250703-214500-001-V2-3532,,,,['V2_POS1_TP'],3f1cec15-d417-48af-b248-41649dbb3ca1,1751579100000000000,1751585280000000000,,,,,1.17616,False,
O-20250704-020000-001-V2-3535,BACKTESTER-001,MLSignalStrategyV2-V2,EUR/USD.IDEALPRO,IDEALPRO-1-3535,EUR/USD.IDEALPRO-MLSignalStrategyV2-V2,IDEALPRO-001,IDEALPRO-1-375736,MARKET,SELL,100000.00,GTC,False,False,100000.00,TAKER,1.17596,0.0,['2.35 USD'],NO_TRIGGER,FILLED,OTO,OL-20250704-020000-001-V2-1179,"['O-20250704-020000-001-V2-3536', 'O-20250704-020000-001-V2-3537']",,,,,['V2_POS1'],bdb4ee8d-08b4-4f52-8d7f-438de9c8ae6e,1751594400000000000,1751594400000000000,,,,,,,
O-20250704-020000-001-V2-3536,BACKTESTER-001,MLSignalStrategyV2-V2,EUR/USD.IDEALPRO,IDEALPRO-1-3536,EUR/USD.IDEALPRO-MLSignalStrategyV2-V2,IDEALPRO-001,IDEALPRO-1-375767,STOP_MARKET,BUY,100000.00,GTC,True,False,100000.00,TAKER,1.1764,1.999999999990898e-05,['2.35 USD'],NO_TRIGGER,FILLED,OUO,OL-20250704-020000-001-V2-1179,['O-20250704-020000-001-V2-3537'],O-20250704-020000-001-V2-3535,,,,['V2_POS1_SL'],69a6b1d4-14be-4d3a-8a84-88bd2b6c6c78,1751594400000000000,1751595300000000000,1.17638,DEFAULT,,,,,
O-20250704-020000-001-V2-3537,BACKTESTER-001,MLSignalStrategyV2-V2,EUR/USD.IDEALPRO,IDEALPRO-1-3537,EUR/USD.IDEALPRO-MLSignalStrategyV2-V2,IDEALPRO-001,,LIMIT,BUY,100000.00,GTC,True,False,0.00,NO_LIQUIDITY_SIDE,,,,NO_TRIGGER,CANCELED,OUO,OL-20250704-020000-001-V2-1179,['O-20250704-020000-001-V2-3536'],O-20250704-020000-001-V2-3535,,,,['V2_POS1_TP'],7d4a7f3f-37bc-4863-968e-574b15ccbc35,1751594400000000000,1751595300000000000,,,,,1.17554,False,
O-20250704-074500-001-V2-3538,BACKTESTER-001,MLSignalStrategyV2-V2,EUR/USD.IDEALPRO,IDEALPRO-1-3538,EUR/USD.IDEALPRO-MLSignalStrategyV2-V2,IDEALPRO-001,IDEALPRO-1-376428,MARKET,BUY,100000.00,GTC,False,False,100000.00,TAKER,1.17716,0.0,['2.35 USD'],NO_TRIGGER,FILLED,OTO,OL-20250704-074500-001-V2-1180,"['O-20250704-074500-001-V2-3539', 'O-20250704-074500-001-V2-3540']",,,,,['V2_POS1'],1577c8df-de49-4cdf-9e34-d501ed4471d4,1751615100000000000,1751615100000000000,,,,,,,
O-20250704-074500-001-V2-3539,BACKTESTER-001,MLSignalStrategyV2-V2,EUR/USD.IDEALPRO,IDEALPRO-1-3539,EUR/USD.IDEALPRO-MLSignalStrategyV2-V2,IDEALPRO-001,,STOP_MARKET,SELL,100000.00,GTC,True,False,0.00,NO_LIQUIDITY_SIDE,,,,NO_TRIGGER,CANCELED,OUO,OL-20250704-074500-001-V2-1180,['O-20250704-074500-001-V2-3540'],O-20250704-074500-001-V2-3538,,,,['V2_POS1_SL'],8a15dd9f-1d9a-48ea-ae7e-87b5687c6e69,1751615100000000000,1751615340000000000,1.17668,DEFAULT,,,,,
O-20250704-074500-001-V2-3540,BACKTESTER-001,MLSignalStrategyV2-V2,EUR/USD.IDEALPRO,IDEALPRO-1-3540,EUR/USD.IDEALPRO-MLSignalStrategyV2-V2,IDEALPRO-001,IDEALPRO-1-376437,LIMIT,SELL,100000.00,GTC,True,False,100000.00,MAKER,1.17775,-0.0001100000000000545,['2.36 USD'],NO_TRIGGER,FILLED,OUO,OL-20250704-074500-001-V2-1180,['O-20250704-074500-001-V2-3539'],O-20250704-074500-001-V2-3538,,,,['V2_POS1_TP'],23236a11-6c50-44cc-912b-6081819ab620,1751615100000000000,1751615340000000000,,,,,1.17764,False,
O-20250704-134500-001-V2-3541,BACKTESTER-001,MLSignalStrategyV2-V2,EUR/USD.IDEALPRO,IDEALPRO-1-3541,EUR/USD.IDEALPRO-MLSignalStrategyV2-V2,IDEALPRO-001,IDEALPRO-1-377150,MARKET,BUY,100000.00,GTC,False,False,100000.00,TAKER,1.17767,0.0,['2.36 USD'],NO_TRIGGER,FILLED,OTO,OL-20250704-134500-001-V2-1181,"['O-20250704-134500-001-V2-3542', 'O-20250704-134500-001-V2-3543']",,,,,['V2_POS1'],6544594d-6ba2-48af-9c87-5384a7e786f7,1751636700000000000,1751636700000000000,,,,,,,
O-20250704-134500-001-V2-3542,BACKTESTER-001,MLSignalStrategyV2-V2,EUR/USD.IDEALPRO,IDEALPRO-1-3542,EUR/USD.IDEALPRO-MLSignalStrategyV2-V2,IDEALPRO-001,,STOP_MARKET,SELL,100000.00,GTC,True,False,0.00,NO_LIQUIDITY_SIDE,,,,NO_TRIGGER,CANCELED,OUO,OL-20250704-134500-001-V2-1181,['O-20250704-134500-001-V2-3543'],O-20250704-134500-001-V2-3541,,,,['V2_POS1_SL'],2cef7c07-dd48-4d88-9f66-e5f47931b7f8,1751636700000000000,1751637480000000000,1.17724,DEFAULT,,,,,
O-20250704-134500-001-V2-3543,BACKTESTER-001,MLSignalStrategyV2-V2,EUR/USD.IDEALPRO,IDEALPRO-1-3543,EUR/USD.IDEALPRO-MLSignalStrategyV2-V2,IDEALPRO-001,IDEALPRO-1-377177,LIMIT,SELL,100000.00,GTC,True,False,100000.00,MAKER,1.17809,-1.0000000000065512e-05,['2.36 USD'],NO_TRIGGER,FILLED,OUO,OL-20250704-134500-001-V2-1181,['O-20250704-134500-001-V2-3542'],O-20250704-134500-001-V2-3541,,,,['V2_POS1_TP'],04c30942-44c9-4f63-8ef3-b164ebd16b54,1751636700000000000,1751637480000000000,,,,,1.17808,False,
O-20250704-163000-001-V2-3544,BACKTESTER-001,MLSignalStrategyV2-V2,EUR/USD.IDEALPRO,IDEALPRO-1-3544,EUR/USD.IDEALPRO-MLSignalStrategyV2-V2,IDEALPRO-001,IDEALPRO-1-377482,MARKET,BUY,100000.00,GTC,False,False,100000.00,TAKER,1.17816,0.0,['2.36 USD'],NO_TRIGGER,FILLED,OTO,OL-20250704-163000-001-V2-1182,"['O-20250704-163000-001-V2-3545', 'O-20250704-163000-001-V2-3546']",,,,,['V2_POS1'],155e80cf-e491-4ced-898f-a2edf2b5f553,1751646600000000000,1751646600000000000,,,,,,,
O-20250704-163000-001-V2-3545,BACKTESTER-001,MLSignalStrategyV2-V2,EUR/USD.IDEALPRO,IDEALPRO-1-3545,EUR/USD.IDEALPRO-MLSignalStrategyV2-V2,IDEALPRO-001,IDEALPRO-1-377497,STOP_MARKET,SELL,100000.00,GTC,True,False,100000.00,TAKER,1.17771,1.999999999990898e-05,['2.36 USD'],NO_TRIGGER,FILLED,OUO,OL-20250704-163000-001-V2-1182,['O-20250704-163000-001-V2-3546'],O-20250704-163000-001-V2-3544,,,,['V2_POS1_SL'],0dee2c3b-777f-4948-ba65-06c2f0006774,1751646600000000000,1751647020000000000,1.17773,DEFAULT,,,,,
O-20250704-163000-001-V2-3546,BACKTESTER-001,MLSignalStrategyV2-V2,EUR/USD.IDEALPRO,IDEALPRO-1-3546,EUR/USD.IDEALPRO-MLSignalStrategyV2-V2,IDEALPRO-001,,LIMIT,SELL,100000.00,GTC,True,False,0.00,NO_LIQUIDITY_SIDE,,,,NO_TRIGGER,CANCELED,OUO,OL-20250704-163000-001-V2-1182,['O-20250704-163000-001-V2-3545'],O-20250704-163000-001-V2-3544,,,,['V2_POS1_TP'],7a87ba68-c141-405f-b612-a91e9d0bbe3e,1751646600000000000,1751647020000000000,,,,,1.17859,False,
O-20250704-164500-001-V2-3547,BACKTESTER-001,MLSignalStrategyV2-V2,EUR/USD.IDEALPRO,IDEALPRO-1-3547,EUR/USD.IDEALPRO-MLSignalStrategyV2-V2,IDEALPRO-001,IDEALPRO-1-377514,MARKET,BUY,100000.00,GTC,False,False,100000.00,TAKER,1.17756,0.0,['2.36 USD'],NO_TRIGGER,FILLED,OTO,OL-20250704-164500-001-V2-1183,"['O-20250704-164500-001-V2-3548', 'O-20250704-164500-001-V2-3549']",,,,,['V2_POS1'],6a1f5f11-d7bd-40af-bc8a-e77e0a2b3d61,1751647500000000000,1751647500000000000,,,,,,,
O-20250704-164500-001-V2-3548,BACKTESTER-001,MLSignalStrategyV2-V2,EUR/USD.IDEALPRO,IDEALPRO-1-3548,EUR/USD.IDEALPRO-MLSignalStrategyV2-V2,IDEALPRO-001,,STOP_MARKET,SELL,100000.00,GTC,True,False,0.00,NO_LIQUIDITY_SIDE,,,,NO_TRIGGER,CANCELED,OUO,OL-20250704-164500-001-V2-1183,['O-20250704-164500-001-V2-3549'],O-20250704-164500-001-V2-3547,,,,['V2_POS1_SL'],8379cb56-a878-4db0-813e-e4014ca3c4ff,1751647500000000000,1751655660000000000,1.17712,DEFAULT,,,,,
O-20250704-164500-001-V2-3549,BACKTESTER-001,MLSignalStrategyV2-V2,EUR/USD.IDEALPRO,IDEALPRO-1-3549,EUR/USD.IDEALPRO-MLSignalStrategyV2-V2,IDEALPRO-001,IDEALPRO-1-377787,LIMIT,SELL,100000.00,GTC,True,False,100000.00,MAKER,1.17797,1.0000000000065512e-05,['2.36 USD'],NO_TRIGGER,FILLED,OUO,OL-20250704-164500-001-V2-1183,['O-20250704-164500-001-V2-3548'],O-20250704-164500-001-V2-3547,,,,['V2_POS1_TP'],50d2e927-28e6-441a-a375-2e9ea83a5a12,1751647500000000000,1751655660000000000,,,,,1.17798,False,
O-20250706-213000-001-V2-3550,BACKTESTER-001,MLSignalStrategyV2-V2,EUR/USD.IDEALPRO,IDEALPRO-1-3550,EUR/USD.IDEALPRO-MLSignalStrategyV2-V2,IDEALPRO-001,IDEALPRO-1-378056,MARKET,BUY,100000.00,GTC,False,False,100000.00,TAKER,1.17808,0.0,['2.36 USD'],NO_TRIGGER,FILLED,OTO,OL-20250706-213000-001-V2-1184,"['O-20250706-213000-001-V2-3551', 'O-20250706-213000-001-V2-3552']",,,,,['V2_POS1'],6ee7dd41-60de-495f-b776-3ba99956073a,1751837400000000000,1751837400000000000,,,,,,,
O-20250706-213000-001-V2-3551,BACKTESTER-001,MLSignalStrategyV2-V2,EUR/USD.IDEALPRO,IDEALPRO-1-3551,EUR/USD.IDEALPRO-MLSignalStrategyV2-V2,IDEALPRO-001,IDEALPRO-1-378133,STOP_MARKET,SELL,100000.00,GTC,True,False,100000.00,TAKER,1.17734,0.00026999999999999247,['2.35 USD'],NO_TRIGGER,FILLED,OUO,OL-20250706-213000-001-V2-1184,['O-20250706-213000-001-V2-3552'],O-20250706-213000-001-V2-3550,,,,['V2_POS1_SL'],2e21849c-2e3f-45d7-8b01-7aa29725194e,1751837400000000000,1751839680000000000,1.17761,DEFAULT,,,,,
O-20250706-213000-001-V2-3552,BACKTESTER-001,MLSignalStrategyV2-V2,EUR/USD.IDEALPRO,IDEALPRO-1-3552,EUR/USD.IDEALPRO-MLSignalStrategyV2-V2,IDEALPRO-001,,LIMIT,SELL,100000.00,GTC,True,False,0.00,NO_LIQUIDITY_SIDE,,,,NO_TRIGGER,CANCELED,OUO,OL-20250706-213000-001-V2-1184,['O-20250706-213000-001-V2-3551'],O-20250706-213000-001-V2-3550,,,,['V2_POS1_TP'],d64aeda5-16a9-4acf-9cab-15bff69eba93,1751837400000000000,1751839680000000000,,,,,1.17855,False,
O-20250706-221500-001-V2-3553,BACKTESTER-001,MLSignalStrategyV2-V2,EUR/USD.IDEALPRO,IDEALPRO-1-3553,EUR/USD.IDEALPRO-MLSignalStrategyV2-V2,IDEALPRO-001,IDEALPRO-1-378148,MARKET,BUY,100000.00,GTC,False,False,100000.00,TAKER,1.17772,0.0,['2.36 USD'],NO_TRIGGER,FILLED,OTO,OL-20250706-221500-001-V2-1185,"['O-20250706-221500-001-V2-3554', 'O-20250706-221500-001-V2-3555']",,,,,['V2_POS1'],213a9607-8834-4f82-a79f-8865bc93bc6e,1751840100000000000,1751840100000000000,,,,,,,
O-20250706-221500-001-V2-3554,BACKTESTER-001,MLSignalStrategyV2-V2,EUR/USD.IDEALPRO,IDEALPRO-1-3554,EUR/USD.IDEALPRO-MLSignalStrategyV2-V2,IDEALPRO-001,,STOP_MARKET,SELL,100000.00,GTC,True,False,0.00,NO_LIQUIDITY_SIDE,,,,NO_TRIGGER,CANCELED,OUO,OL-20250706-221500-001-V2-1185,['O-20250706-221500-001-V2-3555'],O-20250706-221500-001-V2-3553,,,,['V2_POS1_SL'],287f8a7f-34f0-429c-b05c-f85020a8baea,1751840100000000000,1751841120000000000,1.17733,DEFAULT,,,,,
O-20250706-221500-001-V2-3555,BACKTESTER-001,MLSignalStrategyV2-V2,EUR/USD.IDEALPRO,IDEALPRO-1-3555,EUR/USD.IDEALPRO-MLSignalStrategyV2-V2,IDEALPRO-001,IDEALPRO-1-378183,LIMIT,SELL,100000.00,GTC,True,False,100000.00,MAKER,1.1782,-8.999999999992347e-05,['2.36 USD'],NO_TRIGGER,FILLED,OUO,OL-20250706-221500-001-V2-1185,['O-20250706-221500-001-V2-3554'],O-20250706-221500-001-V2-3553,,,,['V2_POS1_TP'],aff0f900-26a7-4b1b-822f-085340822f21,1751840100000000000,1751841120000000000,,,,,1.17811,False,
O-20250706-224500-001-V2-3556,BACKTESTER-001,MLSignalStrategyV2-V2,EUR/USD.IDEALPRO,IDEALPRO-1-3556,EUR/USD.IDEALPRO-MLSignalStrategyV2-V2,IDEALPRO-001,IDEALPRO-1-378210,MARKET,BUY,100000.00,GTC,False,False,100000.00,TAKER,1.178,0.0,['2.36 USD'],NO_TRIGGER,FILLED,OTO,OL-20250706-224500-001-V2-1186,"['O-20250706-224500-001-V2-3557', 'O-20250706-224500-001-V2-3558']",,,,,['V2_POS1'],0984c7c1-07db-4091-ae6e-5ced65d644be,1751841900000000000,1751841900000000000,,,,,,,
O-20250706-224500-001-V2-3557,BACKTESTER-001,MLSignalStrategyV2-V2,EUR/USD.IDEALPRO,IDEALPRO-1-3557,EUR/USD.IDEALPRO-MLSignalStrategyV2-V2,IDEALPRO-001,IDEALPRO-1-378337,STOP_MARKET,SELL,100000.00,GTC,True,False,100000.00,TAKER,1.17754,7.00000000000145e-05,['2.36 USD'],NO_TRIGGER,FILLED,OUO,OL-20250706-224500-001-V2-1186,['O-20250706-224500-001-V2-3558'],O-20250706-224500-001-V2-3556,,,,['V2_POS1_SL'],18aa2d50-6d5f-49c4-b416-a3eb1e916a64,1751841900000000000,1751845680000000000,1.17761,DEFAULT,,,,,
O-20250706-224500-001-V2-3558,BACKTESTER-001,MLSignalStrategyV2-V2,EUR/USD.IDEALPRO,IDEALPRO-1-3558,EUR/USD.IDEALPRO-MLSignalStrategyV2-V2,IDEALPRO-001,,LIMIT,SELL,100000.00,GTC,True,False,0.00,NO_LIQUIDITY_SIDE,,,,NO_TRIGGER,CANCELED,OUO,OL-20250706-224500-001-V2-1186,['O-20250706-224500-001-V2-3557'],O-20250706-224500-001-V2-3556,,,,['V2_POS1_TP'],121bdabc-4732-4312-886a-7476bd9aa53f,1751841900000000000,1751845680000000000,,,,,1.17837,False,
O-20250707-020000-001-V2-3559,BACKTESTER-001,MLSignalStrategyV2-V2,EUR/USD.IDEALPRO,IDEALPRO-1-3559,EUR/USD.IDEALPRO-MLSignalStrategyV2-V2,IDEALPRO-001,IDEALPRO-1-378602,MARKET,SELL,100000.00,GTC,False,False,100000.00,TAKER,1.1772,0.0,['2.35 USD'],NO_TRIGGER,FILLED,OTO,OL-20250707-020000-001-V2-1187,"['O-20250707-020000-001-V2-3560', 'O-20250707-020000-001-V2-3561']",,,,,['V2_POS1'],d791b82f-2027-46b1-8d60-9da3f03fc31e,1751853600000000000,1751853600000000000,,,,,,,
O-20250707-020000-001-V2-3560,BACKTESTER-001,MLSignalStrategyV2-V2,EUR/USD.IDEALPRO,IDEALPRO-1-3560,EUR/USD.IDEALPRO-MLSignalStrategyV2-V2,IDEALPRO-001,,STOP_MARKET,BUY,100000.00,GTC,True,False,0.00,NO_LIQUIDITY_SIDE,,,,NO_TRIGGER,CANCELED,OUO,OL-20250707-020000-001-V2-1187,['O-20250707-020000-001-V2-3561'],O-20250707-020000-001-V2-3559,,,,['V2_POS1_SL'],dbd357af-f3cc-4193-9fdb-494f34cdcfaf,1751853600000000000,1751855520000000000,1.17768,DEFAULT,,,,,
O-20250707-020000-001-V2-3561,BACKTESTER-001,MLSignalStrategyV2-V2,EUR/USD.IDEALPRO,IDEALPRO-1-3561,EUR/USD.IDEALPRO-MLSignalStrategyV2-V2,IDEALPRO-001,IDEALPRO-1-378667,LIMIT,BUY,100000.00,GTC,True,False,100000.00,MAKER,1.17659,-0.00012999999999996348,['2.35 USD'],NO_TRIGGER,FILLED,OUO,OL-20250707-020000-001-V2-1187,['O-20250707-020000-001-V2-3560'],O-20250707-020000-001-V2-3559,,,,['V2_POS1_TP'],0dc64c37-1476-4fa9-9314-e018eb031d4f,1751853600000000000,1751855520000000000,,,,,1.17672,False,
O-20250707-053000-001-V2-3562,BACKTESTER-001,MLSignalStrategyV2-V2,EUR/USD.IDEALPRO,IDEALPRO-1-3562,EUR/USD.IDEALPRO-MLSignalStrategyV2-V2,IDEALPRO-001,IDEALPRO-1-379024,MARKET,BUY,100000.00,GTC,False,False,100000.00,TAKER,1.17648,0.0,['2.35 USD'],NO_TRIGGER,FILLED,OTO,OL-20250707-053000-001-V2-1188,"['O-20250707-053000-001-V2-3563', 'O-20250707-053000-001-V2-3564']",,,,,['V2_POS1'],cc63c9ef-17af-4e9e-83c0-9fee388abca1,1751866200000000000,1751866200000000000,,,,,,,
O-20250707-053000-001-V2-3563,BACKTESTER-001,MLSignalStrategyV2-V2,EUR/USD.IDEALPRO,IDEALPRO-1-3563,EUR/USD.IDEALPRO-MLSignalStrategyV2-V2,IDEALPRO-001,,STOP_MARKET,SELL,100000.00,GTC,True,False,0.00,NO_LIQUIDITY_SIDE,,,,NO_TRIGGER,CANCELED,OUO,OL-20250707-053000-001-V2-1188,['O-20250707-053000-001-V2-3564'],O-20250707-053000-001-V2-3562,,,,['V2_POS1_SL'],586129b2-5fc4-40f9-9911-90c8c6b7d97c,1751866200000000000,1751866860000000000,1.17609,DEFAULT,,,,,
O-20250707-053000-001-V2-3564,BACKTESTER-001,MLSignalStrategyV2-V2,EUR/USD.IDEALPRO,IDEALPRO-1-3564,EUR/USD.IDEALPRO-MLSignalStrategyV2-V2,IDEALPRO-001,IDEALPRO-1-379047,LIMIT,SELL,100000.00,GTC,True,False,100000.00,MAKER,1.17688,-2.999999999997449e-05,['2.35 USD'],NO_TRIGGER,FILLED,OUO,OL-20250707-053000-001-V2-1188,['O-20250707-053000-001-V2-3563'],O-20250707-053000-001-V2-3562,,,,['V2_POS1_TP'],b11f9abd-2e64-4661-b1a2-28c1d994afda,1751866200000000000,1751866860000000000,,,,,1.17685,False,
O-20250707-054500-001-V2-3565,BACKTESTER-001,MLSignalStrategyV2-V2,EUR/USD.IDEALPRO,IDEALPRO-1-3565,EUR/USD.IDEALPRO-MLSignalStrategyV2-V2,IDEALPRO-001,IDEALPRO-1-379056,MARKET,SELL,100000.00,GTC,False,False,100000.00,TAKER,1.17695,0.0,['2.35 USD'],NO_TRIGGER,FILLED,OTO,OL-20250707-054500-001-V2-1189,"['O-20250707-054500-001-V2-3566', 'O-20250707-054500-001-V2-3567']",,,,,['V2_POS1'],d7b5986e-f5c7-490e-bebb-478fd63f0c2d,1751867100000000000,1751867100000000000,,,,,,,
O-20250707-054500-001-V2-3566,BACKTESTER-001,MLSignalStrategyV2-V2,EUR/USD.IDEALPRO,IDEALPRO-1-3566,EUR/USD.IDEALPRO-MLSignalStrategyV2-V2,IDEALPRO-001,IDEALPRO-1-379083,STOP_MARKET,BUY,100000.00,GTC,True,False,100000.00,TAKER,1.17738,3.0000000000196536e-05,['2.35 USD'],NO_TRIGGER,FILLED,OUO,OL-20250707-054500-001-V2-1189,['O-20250707-054500-001-V2-3567'],O-20250707-054500-001-V2-3565,,,,['V2_POS1_SL'],b5987ed7-b460-4254-a703-ead73641308d,1751867100000000000,1751867880000000000,1.17735,DEFAULT,,,,,
O-20250707-054500-001-V2-3567,BACKTESTER-001,MLSignalStrategyV2-V2,EUR/USD.IDEALPRO,IDEALPRO-1-3567,EUR/USD.IDEALPRO-MLSignalStrategyV2-V2,IDEALPRO-001,,LIMIT,BUY,100000.00,GTC,True,False,0.00,NO_LIQUIDITY_SIDE,,,,NO_TRIGGER,CANCELED,OUO,OL-20250707-054500-001-V2-1189,['O-20250707-054500-001-V2-3566'],O-20250707-054500-001-V2-3565,,,,['V2_POS1_TP'],8cd0ed1f-7879-4239-9d7a-6be2b64c2bbe,1751867100000000000,1751867880000000000,,,,,1.17657,False,
O-20250707-060000-001-V2-3568,BACKTESTER-001,MLSignalStrategyV2-V2,EUR/USD.IDEALPRO,IDEALPRO-1-3568,EUR/USD.IDEALPRO-MLSignalStrategyV2-V2,IDEALPRO-001,IDEALPRO-1-379089,MARKET,SELL,100000.00,GTC,False,False,100000.00,TAKER,1.17717,0.0,['2.35 USD'],NO_TRIGGER,FILLED,OTO,OL-20250707-060000-001-V2-1190,"['O-20250707-060000-001-V2-3569', 'O-20250707-060000-001-V2-3570']",,,,,['V2_POS1'],0715cfbc-30fb-432f-8ef0-017e76db31be,1751868000000000000,1751868000000000000,,,,,,,
O-20250707-060000-001-V2-3569,BACKTESTER-001,MLSignalStrategyV2-V2,EUR/USD.IDEALPRO,IDEALPRO-1-3569,EUR/USD.IDEALPRO-MLSignalStrategyV2-V2,IDEALPRO-001,,STOP_MARKET,BUY,100000.00,GTC,True,False,0.00,NO_LIQUIDITY_SIDE,,,,NO_TRIGGER,CANCELED,OUO,OL-20250707-060000-001-V2-1190,['O-20250707-060000-001-V2-3570'],O-20250707-060000-001-V2-3568,,,,['V2_POS1_SL'],7b252ca7-36e0-4cec-8c87-7dcae0c35527,1751868000000000000,1751868480000000000,1.17756,DEFAULT,,,,,
O-20250707-060000-001-V2-3570,BACKTESTER-001,MLSignalStrategyV2-V2,EUR/USD.IDEALPRO,IDEALPRO-1-3570,EUR/USD.IDEALPRO-MLSignalStrategyV2-V2,IDEALPRO-001,IDEALPRO-1-379105,LIMIT,BUY,100000.00,GTC,True,False,100000.00,MAKER,1.1764,-0.00038000000000004697,['2.35 USD'],NO_TRIGGER,FILLED,OUO,OL-20250707-060000-001-V2-1190,['O-20250707-060000-001-V2-3569'],O-20250707-060000-001-V2-3568,,,,['V2_POS1_TP'],eaaac1ad-c087-4ce2-af6d-b4a4db015cd2,1751868000000000000,1751868480000000000,,,,,1.17678,False,
O-20250707-070000-001-V2-3571,BACKTESTER-001,MLSignalStrategyV2-V2,EUR/USD.IDEALPRO,IDEALPRO-1-3571,EUR/USD.IDEALPRO-MLSignalStrategyV2-V2,IDEALPRO-001,IDEALPRO-1-379211,MARKET,SELL,100000.00,GTC,False,False,100000.00,TAKER,1.17558,0.0,['2.35 USD'],NO_TRIGGER,FILLED,OTO,OL-20250707-070000-001-V2-1191,"['O-20250707-070000-001-V2-3572', 'O-20250707-070000-001-V2-3573']",,,,,['V2_POS1'],56ef6e6b-44f0-48f7-ad5b-3f0775a17b2a,1751871600000000000,1751871600000000000,,,,,,,
O-20250707-070000-001-V2-3572,BACKTESTER-001,MLSignalStrategyV2-V2,EUR/USD.IDEALPRO,IDEALPRO-1-3572,EUR/USD.IDEALPRO-MLSignalStrategyV2-V2,IDEALPRO-001,,STOP_MARKET,BUY,100000.00,GTC,True,False,0.00,NO_LIQUIDITY_SIDE,,,,NO_TRIGGER,CANCELED,OUO,OL-20250707-070000-001-V2-1191,['O-20250707-070000-001-V2-3573'],O-20250707-070000-001-V2-3571,,,,['V2_POS1_SL'],e2fd3080-14bc-41e5-84ed-5a8d882ec186,1751871600000000000,1751872200000000000,1.17611,DEFAULT,,,,,
O-20250707-070000-001-V2-3573,BACKTESTER-001,MLSignalStrategyV2-V2,EUR/USD.IDEALPRO,IDEALPRO-1-3573,EUR/USD.IDEALPRO-MLSignalStrategyV2-V2,IDEALPRO-001,IDEALPRO-1-379231,LIMIT,BUY,100000.00,GTC,True,False,100000.00,MAKER,1.17482,-0.0002500000000000835,['2.35 USD'],NO_TRIGGER,FILLED,OUO,OL-20250707-070000-001-V2-1191,['O-20250707-070000-001-V2-3572'],O-20250707-070000-001-V2-3571,,,,['V2_POS1_TP'],ec6172ab-14ff-44b8-8325-181d3cc3db59,1751871600000000000,1751872200000000000,,,,,1.17507,False,
O-20250707-084500-001-V2-3574,BACKTESTER-001,MLSignalStrategyV2-V2,EUR/USD.IDEALPRO,IDEALPRO-1-3574,EUR/USD.IDEALPRO-MLSignalStrategyV2-V2,IDEALPRO-001,IDEALPRO-1-379422,MARKET,BUY,100000.00,GTC,False,False,100000.00,TAKER,1.17331,0.0,['2.35 USD'],NO_TRIGGER,FILLED,OTO,OL-20250707-084500-001-V2-1192,"['O-20250707-084500-001-V2-3575', 'O-20250707-084500-001-V2-3576']",,,,,['V2_POS1'],de38ed31-f92b-4942-948b-6b8324cecceb,1751877900000000000,1751877900000000000,,,,,,,
O-20250707-084500-001-V2-3575,BACKTESTER-001,MLSignalStrategyV2-V2,EUR/USD.IDEALPRO,IDEALPRO-1-3575,EUR/USD.IDEALPRO-MLSignalStrategyV2-V2,IDEALPRO-001,IDEALPRO-1-379441,STOP_MARKET,SELL,100000.00,GTC,True,False,100000.00,TAKER,1.17257,0.0001100000000000545,['2.35 USD'],NO_TRIGGER,FILLED,OUO,OL-20250707-084500-001-V2-1192,['O-20250707-084500-001-V2-3576'],O-20250707-084500-001-V2-3574,,,,['V2_POS1_SL'],7ba0dcdd-4b5e-49d8-b914-08b19873b017,1751877900000000000,1751878440000000000,1.17268,DEFAULT,,,,,
O-20250707-084500-001-V2-3576,BACKTESTER-001,MLSignalStrategyV2-V2,EUR/USD.IDEALPRO,IDEALPRO-1-3576,EUR/USD.IDEALPRO-MLSignalStrategyV2-V2,IDEALPRO-001,,LIMIT,SELL,100000.00,GTC,True,False,0.00,NO_LIQUIDITY_SIDE,,,,NO_TRIGGER,CANCELED,OUO,OL-20250707-084500-001-V2-1192,['O-20250707-084500-001-V2-3575'],O-20250707-084500-001-V2-3574,,,,['V2_POS1_TP'],d5f7132a-4e98-47f9-a376-6a3c21593f6b,1751877900000000000,1751878440000000000,,,,,1.17394,False,
O-20250707-110000-001-V2-3577,BACKTESTER-001,MLSignalStrategyV2-V2,EUR/USD.IDEALPRO,IDEALPRO-1-3577,EUR/USD.IDEALPRO-MLSignalStrategyV2-V2,IDEALPRO-001,IDEALPRO-1-379694,MARKET,SELL,100000.00,GTC,False,False,100000.00,TAKER,1.17277,0.0,['2.35 USD'],NO_TRIGGER,FILLED,OTO,OL-20250707-110000-001-V2-1193,"['O-20250707-110000-001-V2-3578', 'O-20250707-110000-001-V2-3579']",,,,,['V2_POS1'],c159325d-9c96-43dc-b959-4b5e2cad04f2,1751886000000000000,1751886000000000000,,,,,,,
O-20250707-110000-001-V2-3578,BACKTESTER-001,MLSignalStrategyV2-V2,EUR/USD.IDEALPRO,IDEALPRO-1-3578,EUR/USD.IDEALPRO-MLSignalStrategyV2-V2,IDEALPRO-001,IDEALPRO-1-379791,STOP_MARKET,BUY,100000.00,GTC,True,False,100000.00,TAKER,1.17332,9.999999999843467e-06,['2.35 USD'],NO_TRIGGER,FILLED,OUO,OL-20250707-110000-001-V2-1193,['O-20250707-110000-001-V2-3579'],O-20250707-110000-001-V2-3577,,,,['V2_POS1_SL'],8f33bfc6-cd21-41e5-a9d3-c649aa89dbee,1751886000000000000,1751888880000000000,1.17331,DEFAULT,,,,,
O-20250707-110000-001-V2-3579,BACKTESTER-001,MLSignalStrategyV2-V2,EUR/USD.IDEALPRO,IDEALPRO-1-3579,EUR/USD.IDEALPRO-MLSignalStrategyV2-V2,IDEALPRO-001,,LIMIT,BUY,100000.00,GTC,True,False,0.00,NO_LIQUIDITY_SIDE,,,,NO_TRIGGER,CANCELED,OUO,OL-20250707-110000-001-V2-1193,['O-20250707-110000-001-V2-3578'],O-20250707-110000-001-V2-3577,,,,['V2_POS1_TP'],bd390eb1-2737-4db9-a5fa-eccb887c54e5,1751886000000000000,1751888880000000000,,,,,1.17223,False,
O-20250707-120000-001-V2-3580,BACKTESTER-001,MLSignalStrategyV2-V2,EUR/USD.IDEALPRO,IDEALPRO-1-3580,EUR/USD.IDEALPRO-MLSignalStrategyV2-V2,IDEALPRO-001,IDEALPRO-1-379816,MARKET,SELL,100000.00,GTC,False,False,100000.00,TAKER,1.17294,0.0,['2.35 USD'],NO_TRIGGER,FILLED,OTO,OL-20250707-120000-001-V2-1194,"['O-20250707-120000-001-V2-3581', 'O-20250707-120000-001-V2-3582']",,,,,['V2_POS1'],25c1bcf3-653f-44cd-b9a7-01fc0dab23b0,1751889600000000000,1751889600000000000,,,,,,,
O-20250707-120000-001-V2-3581,BACKTESTER-001,MLSignalStrategyV2-V2,EUR/USD.IDEALPRO,IDEALPRO-1-3581,EUR/USD.IDEALPRO-MLSignalStrategyV2-V2,IDEALPRO-001,,STOP_MARKET,BUY,100000.00,GTC,True,False,0.00,NO_LIQUIDITY_SIDE,,,,NO_TRIGGER,CANCELED,OUO,OL-20250707-120000-001-V2-1194,['O-20250707-120000-001-V2-3582'],O-20250707-120000-001-V2-3580,,,,['V2_POS1_SL'],9f4a0683-d0c5-4a59-99c9-ba61ae985ba0,1751889600000000000,1751890440000000000,1.17337,DEFAULT,,,,,
O-20250707-120000-001-V2-3582,BACKTESTER-001,MLSignalStrategyV2-V2,EUR/USD.IDEALPRO,IDEALPRO-1-3582,EUR/USD.IDEALPRO-MLSignalStrategyV2-V2,IDEALPRO-001,IDEALPRO-1-379845,LIMIT,BUY,100000.00,GTC,True,False,100000.00,MAKER,1.17245,-8.000000000008001e-05,['2.34 USD'],NO_TRIGGER,FILLED,OUO,OL-20250707-120000-001-V2-1194,['O-20250707-120000-001-V2-3581'],O-20250707-120000-001-V2-3580,,,,['V2_POS1_TP'],f45f2175-9965-4eec-97ab-75c9da416345,1751889600000000000,1751890440000000000,,,,,1.17253,False,
O-20250707-124500-001-V2-3583,BACKTESTER-001,MLSignalStrategyV2-V2,EUR/USD.IDEALPRO,IDEALPRO-1-3583,EUR/USD.IDEALPRO-MLSignalStrategyV2-V2,IDEALPRO-001,IDEALPRO-1-379909,MARKET,SELL,100000.00,GTC,False,False,100000.00,TAKER,1.17228,0.0,['2.34 USD'],NO_TRIGGER,FILLED,OTO,OL-20250707-124500-001-V2-1195,"['O-20250707-124500-001-V2-3584', 'O-20250707-124500-001-V2-3585']",,,,,['V2_POS1'],c4531ca7-eaca-429b-97d1-b63ea4285280,1751892300000000000,1751892300000000000,,,,,,,
O-20250707-124500-001-V2-3584,BACKTESTER-001,MLSignalStrategyV2-V2,EUR/USD.IDEALPRO,IDEALPRO-1-3584,EUR/USD.IDEALPRO-MLSignalStrategyV2-V2,IDEALPRO-001,IDEALPRO-1-379953,STOP_MARKET,BUY,100000.00,GTC,True,False,100000.00,TAKER,1.17283,2.999999999997449e-05,['2.35 USD'],NO_TRIGGER,FILLED,OUO,OL-20250707-124500-001-V2-1195,['O-20250707-124500-001-V2-3585'],O-20250707-124500-001-V2-3583,,,,['V2_POS1_SL'],70ac2811-0f7b-4d2c-ad08-437d7613706b,1751892300000000000,1751893620000000000,1.17280,DEFAULT,,,,,
O-20250707-124500-001-V2-3585,BACKTESTER-001,MLSignalStrategyV2-V2,EUR/USD.IDEALPRO,IDEALPRO-1-3585,EUR/USD.IDEALPRO-MLSignalStrategyV2-V2,IDEALPRO-001,,LIMIT,BUY,100000.00,GTC,True,False,0.00,NO_LIQUIDITY_SIDE,,,,NO_TRIGGER,CANCELED,OUO,OL-20250707-124500-001-V2-1195,['O-20250707-124500-001-V2-3584'],O-20250707-124500-001-V2-3583,,,,['V2_POS1_TP'],5cd62398-1904-4252-aba8-bb8b7dff5ee1,1751892300000000000,1751893620000000000,,,,,1.17176,False,
O-20250707-131500-001-V2-3586,BACKTESTER-001,MLSignalStrategyV2-V2,EUR/USD.IDEALPRO,IDEALPRO-1-3586,EUR/USD.IDEALPRO-MLSignalStrategyV2-V2,IDEALPRO-001,IDEALPRO-1-379970,MARKET,SELL,100000.00,GTC,False,False,100000.00,TAKER,1.17268,0.0,['2.35 USD'],NO_TRIGGER,FILLED,OTO,OL-20250707-131500-001-V2-1196,"['O-20250707-131500-001-V2-3587', 'O-20250707-131500-001-V2-3588']",,,,,['V2_POS1'],582c2ed2-18f8-4dd4-8075-d4f72d16fe46,1751894100000000000,1751894100000000000,,,,,,,
O-20250707-131500-001-V2-3587,BACKTESTER-001,MLSignalStrategyV2-V2,EUR/USD.IDEALPRO,IDEALPRO-1-3587,EUR/USD.IDEALPRO-MLSignalStrategyV2-V2,IDEALPRO-001,IDEALPRO-1-379987,STOP_MARKET,BUY,100000.00,GTC,True,False,100000.00,TAKER,1.17341,0.0002500000000000835,['2.35 USD'],NO_TRIGGER,FILLED,OUO,OL-20250707-131500-001-V2-1196,['O-20250707-131500-001-V2-3588'],O-20250707-131500-001-V2-3586,,,,['V2_POS1_SL'],482e7378-fe62-4d29-91a2-59d739d0b8b8,1751894100000000000,1751894580000000000,1.17316,DEFAULT,,,,,
O-20250707-131500-001-V2-3588,BACKTESTER-001,MLSignalStrategyV2-V2,EUR/USD.IDEALPRO,IDEALPRO-1-3588,EUR/USD.IDEALPRO-MLSignalStrategyV2-V2,IDEALPRO-001,,LIMIT,BUY,100000.00,GTC,True,False,0.00,NO_LIQUIDITY_SIDE,,,,NO_TRIGGER,CANCELED,OUO,OL-20250707-131500-001-V2-1196,['O-20250707-131500-001-V2-3587'],O-20250707-131500-001-V2-3586,,,,['V2_POS1_TP'],fb54de95-ac2b-4ff7-a203-4281c383425f,1751894100000000000,1751894580000000000,,,,,1.17220,False,
O-20250707-133000-001-V2-3589,BACKTESTER-001,MLSignalStrategyV2-V2,EUR/USD.IDEALPRO,IDEALPRO-1-3589,EUR/USD.IDEALPRO-MLSignalStrategyV2-V2,IDEALPRO-001,IDEALPRO-1-380002,MARKET,SELL,100000.00,GTC,False,False,100000.00,TAKER,1.17369,0.0,['2.35 USD'],NO_TRIGGER,FILLED,OTO,OL-20250707-133000-001-V2-1197,"['O-20250707-133000-001-V2-3590', 'O-20250707-133000-001-V2-3591']",,,,,['V2_POS1'],22db3a55-fef3-40f2-86d6-a6f505f605e8,1751895000000000000,1751895000000000000,,,,,,,
O-20250707-133000-001-V2-3590,BACKTESTER-001,MLSignalStrategyV2-V2,EUR/USD.IDEALPRO,IDEALPRO-1-3590,EUR/USD.IDEALPRO-MLSignalStrategyV2-V2,IDEALPRO-001,IDEALPRO-1-380141,STOP_MARKET,BUY,100000.00,GTC,True,False,100000.00,TAKER,1.17424,1.999999999990898e-05,['2.35 USD'],NO_TRIGGER,FILLED,OUO,OL-20250707-133000-001-V2-1197,['O-20250707-133000-001-V2-3591'],O-20250707-133000-001-V2-3589,,,,['V2_POS1_SL'],a98dec11-45ce-4da5-aa29-2426f901235d,1751895000000000000,1751899140000000000,1.17422,DEFAULT,,,,,
O-20250707-133000-001-V2-3591,BACKTESTER-001,MLSignalStrategyV2-V2,EUR/USD.IDEALPRO,IDEALPRO-1-3591,EUR/USD.IDEALPRO-MLSignalStrategyV2-V2,IDEALPRO-001,,LIMIT,BUY,100000.00,GTC,True,False,0.00,NO_LIQUIDITY_SIDE,,,,NO_TRIGGER,CANCELED,OUO,OL-20250707-133000-001-V2-1197,['O-20250707-133000-001-V2-3590'],O-20250707-133000-001-V2-3589,,,,['V2_POS1_TP'],97e3757e-5090-4cea-b99c-04c019c946b9,1751895000000000000,1751899140000000000,,,,,1.17316,False,
O-20250707-170000-001-V2-3592,BACKTESTER-001,MLSignalStrategyV2-V2,EUR/USD.IDEALPRO,IDEALPRO-1-3592,EUR/USD.IDEALPRO-MLSignalStrategyV2-V2,IDEALPRO-001,IDEALPRO-1-380424,MARKET,BUY,100000.00,GTC,False,False,100000.00,TAKER,1.16944,0.0,['2.34 USD'],NO_TRIGGER,FILLED,OTO,OL-20250707-170000-001-V2-1198,"['O-20250707-170000-001-V2-3593', 'O-20250707-170000-001-V2-3594']",,,,,['V2_POS1'],d2dfd10f-4149-41ae-8f2c-0f4cd8623c8b,1751907600000000000,1751907600000000000,,,,,,,
O-20250707-170000-001-V2-3593,BACKTESTER-001,MLSignalStrategyV2-V2,EUR/USD.IDEALPRO,IDEALPRO-1-3593,EUR/USD.IDEALPRO-MLSignalStrategyV2-V2,IDEALPRO-001,,STOP_MARKET,SELL,100000.00,GTC,True,False,0.00,NO_LIQUIDITY_SIDE,,,,NO_TRIGGER,CANCELED,OUO,OL-20250707-170000-001-V2-1198,['O-20250707-170000-001-V2-3594'],O-20250707-170000-001-V2-3592,,,,['V2_POS1_SL'],e4f2ae28-df7f-44bb-9a7c-bf836aeaa635,1751907600000000000,1751909460000000000,1.16847,DEFAULT,,,,,
O-20250707-170000-001-V2-3594,BACKTESTER-001,MLSignalStrategyV2-V2,EUR/USD.IDEALPRO,IDEALPRO-1-3594,EUR/USD.IDEALPRO-MLSignalStrategyV2-V2,IDEALPRO-001,IDEALPRO-1-380487,LIMIT,SELL,100000.00,GTC,True,False,100000.00,MAKER,1.17088,-0.0004899999999998794,['2.34 USD'],NO_TRIGGER,FILLED,OUO,OL-20250707-170000-001-V2-1198,['O-20250707-170000-001-V2-3593'],O-20250707-170000-001-V2-3592,,,,['V2_POS1_TP'],407014e6-35fb-44c1-88d0-71e70a906e85,1751907600000000000,1751909460000000000,,,,,1.17039,False,
O-20250707-230000-001-V2-3595,BACKTESTER-001,MLSignalStrategyV2-V2,EUR/USD.IDEALPRO,IDEALPRO-1-3595,EUR/USD.IDEALPRO-MLSignalStrategyV2-V2,IDEALPRO-001,IDEALPRO-1-381116,MARKET,BUY,100000.00,GTC,False,False,100000.00,TAKER,1.17356,0.0,['2.35 USD'],NO_TRIGGER,FILLED,OTO,OL-20250707-230000-001-V2-1199,"['O-20250707-230000-001-V2-3596', 'O-20250707-230000-001-V2-3597']",,,,,['V2_POS1'],644a13a8-41f0-4b21-800b-932d955566e4,1751929200000000000,1751929200000000000,,,,,,,
O-20250707-230000-001-V2-3596,BACKTESTER-001,MLSignalStrategyV2-V2,EUR/USD.IDEALPRO,IDEALPRO-1-3596,EUR/USD.IDEALPRO-MLSignalStrategyV2-V2,IDEALPRO-001,,STOP_MARKET,SELL,100000.00,GTC,True,False,0.00,NO_LIQUIDITY_SIDE,,,,NO_TRIGGER,CANCELED,OUO,OL-20250707-230000-001-V2-1199,['O-20250707-230000-001-V2-3597'],O-20250707-230000-001-V2-3595,,,,['V2_POS1_SL'],e7a32572-fb98-4d98-af6c-894c35b749d1,1751929200000000000,1751932980000000000,1.17300,DEFAULT,,,,,
O-20250707-230000-001-V2-3597,BACKTESTER-001,MLSignalStrategyV2-V2,EUR/USD.IDEALPRO,IDEALPRO-1-3597,EUR/USD.IDEALPRO-MLSignalStrategyV2-V2,IDEALPRO-001,IDEALPRO-1-381243,LIMIT,SELL,100000.00,GTC,True,False,100000.00,MAKER,1.17412,0.0,['2.35 USD'],NO_TRIGGER,FILLED,OUO,OL-20250707-230000-001-V2-1199,['O-20250707-230000-001-V2-3596'],O-20250707-230000-001-V2-3595,,,,['V2_POS1_TP'],4710b360-a3db-4d00-949d-d00ad73ce1e4,1751929200000000000,1751932980000000000,,,,,1.17412,False,
O-20250708-001500-001-V2-3598,BACKTESTER-001,MLSignalStrategyV2-V2,EUR/USD.IDEALPRO,IDEALPRO-1-3598,EUR/USD.IDEALPRO-MLSignalStrategyV2-V2,IDEALPRO-001,IDEALPRO-1-381268,MARKET,SELL,100000.00,GTC,False,False,100000.00,TAKER,1.17467,0.0,['2.35 USD'],NO_TRIGGER,FILLED,OTO,OL-20250708-001500-001-V2-1200,"['O-20250708-001500-001-V2-3599', 'O-20250708-001500-001-V2-3600']",,,,,['V2_POS1'],289f205e-365c-4bbd-a22d-0dab296f92e4,1751933700000000000,1751933700000000000,,,,,,,
O-20250708-001500-001-V2-3599,BACKTESTER-001,MLSignalStrategyV2-V2,EUR/USD.IDEALPRO,IDEALPRO-1-3599,EUR/USD.IDEALPRO-MLSignalStrategyV2-V2,IDEALPRO-001,,STOP_MARKET,BUY,100000.00,GTC,True,False,0.00,NO_LIQUIDITY_SIDE,,,,NO_TRIGGER,CANCELED,OUO,OL-20250708-001500-001-V2-1200,['O-20250708-001500-001-V2-3600'],O-20250708-001500-001-V2-3598,,,,['V2_POS1_SL'],238cbf43-742c-419b-8cab-617a585982a3,1751933700000000000,1751934480000000000,1.17518,DEFAULT,,,,,
O-20250708-001500-001-V2-3600,BACKTESTER-001,MLSignalStrategyV2-V2,EUR/USD.IDEALPRO,IDEALPRO-1-3600,EUR/USD.IDEALPRO-MLSignalStrategyV2-V2,IDEALPRO-001,IDEALPRO-1-381295,LIMIT,BUY,100000.00,GTC,True,False,100000.00,MAKER,1.17404,-0.000140000000000029,['2.35 USD'],NO_TRIGGER,FILLED,OUO,OL-20250708-001500-001-V2-1200,['O-20250708-001500-001-V2-3599'],O-20250708-001500-001-V2-3598,,,,['V2_POS1_TP'],8c0ef126-c9ae-4396-a885-2da94e5a4939,1751933700000000000,1751934480000000000,,,,,1.17418,False,
O-20250708-004500-001-V2-3601,BACKTESTER-001,MLSignalStrategyV2-V2,EUR/USD.IDEALPRO,IDEALPRO-1-3601,EUR/USD.IDEALPRO-MLSignalStrategyV2-V2,IDEALPRO-001,IDEALPRO-1-381330,MARKET,BUY,100000.00,GTC,False,False,100000.00,TAKER,1.17461,0.0,['2.35 USD'],NO_TRIGGER,FILLED,OTO,OL-20250708-004500-001-V2-1201,"['O-20250708-004500-001-V2-3602', 'O-20250708-004500-001-V2-3603']",,,,,['V2_POS1'],c8e95ec7-ed9a-4df5-ab0d-986eea2d0899,1751935500000000000,1751935500000000000,,,,,,,
O-20250708-004500-001-V2-3602,BACKTESTER-001,MLSignalStrategyV2-V2,EUR/USD.IDEALPRO,IDEALPRO-1-3602,EUR/USD.IDEALPRO-MLSignalStrategyV2-V2,IDEALPRO-001,IDEALPRO-1-381379,STOP_MARKET,SELL,100000.00,GTC,True,False,100000.00,TAKER,1.17401,5.0000000000105516e-05,['2.35 USD'],NO_TRIGGER,FILLED,OUO,OL-20250708-004500-001-V2-1201,['O-20250708-004500-001-V2-3603'],O-20250708-004500-001-V2-3601,,,,['V2_POS1_SL'],e7f693ff-4d33-4207-9751-d750472468bb,1751935500000000000,1751936940000000000,1.17406,DEFAULT,,,,,
O-20250708-004500-001-V2-3603,BACKTESTER-001,MLSignalStrategyV2-V2,EUR/USD.IDEALPRO,IDEALPRO-1-3603,EUR/USD.IDEALPRO-MLSignalStrategyV2-V2,IDEALPRO-001,,LIMIT,SELL,100000.00,GTC,True,False,0.00,NO_LIQUIDITY_SIDE,,,,NO_TRIGGER,CANCELED,OUO,OL-20250708-004500-001-V2-1201,['O-20250708-004500-001-V2-3602'],O-20250708-004500-001-V2-3601,,,,['V2_POS1_TP'],9525bd40-457d-4b61-b1e7-8560d800f6a0,1751935500000000000,1751936940000000000,,,,,1.17514,False,
O-20250708-011500-001-V2-3604,BACKTESTER-001,MLSignalStrategyV2-V2,EUR/USD.IDEALPRO,IDEALPRO-1-3604,EUR/USD.IDEALPRO-MLSignalStrategyV2-V2,IDEALPRO-001,IDEALPRO-1-381392,MARKET,BUY,100000.00,GTC,False,False,100000.00,TAKER,1.17353,0.0,['2.35 USD'],NO_TRIGGER,FILLED,OTO,OL-20250708-011500-001-V2-1202,"['O-20250708-011500-001-V2-3605', 'O-20250708-011500-001-V2-3606']",,,,,['V2_POS1'],82335c15-70d2-44c8-bb0a-9f97ccafc7a7,1751937300000000000,1751937300000000000,,,,,,,
O-20250708-011500-001-V2-3605,BACKTESTER-001,MLSignalStrategyV2-V2,EUR/USD.IDEALPRO,IDEALPRO-1-3605,EUR/USD.IDEALPRO-MLSignalStrategyV2-V2,IDEALPRO-001,,STOP_MARKET,SELL,100000.00,GTC,True,False,0.00,NO_LIQUIDITY_SIDE,,,,NO_TRIGGER,CANCELED,OUO,OL-20250708-011500-001-V2-1202,['O-20250708-011500-001-V2-3606'],O-20250708-011500-001-V2-3604,,,,['V2_POS1_SL'],bebb2485-71eb-45b2-8830-0720fd9cf509,1751937300000000000,1751938680000000000,1.17295,DEFAULT,,,,,
O-20250708-011500-001-V2-3606,BACKTESTER-001,MLSignalStrategyV2-V2,EUR/USD.IDEALPRO,IDEALPRO-1-3606,EUR/USD.IDEALPRO-MLSignalStrategyV2-V2,IDEALPRO-001,IDEALPRO-1-381439,LIMIT,SELL,100000.00,GTC,True,False,100000.00,MAKER,1.17422,-0.00012999999999996348,['2.35 USD'],NO_TRIGGER,FILLED,OUO,OL-20250708-011500-001-V2-1202,['O-20250708-011500-001-V2-3605'],O-20250708-011500-001-V2-3604,,,,['V2_POS1_TP'],aaad65a9-3996-4735-a322-0b02f5dcd4ef,1751937300000000000,1751938680000000000,,,,,1.17409,False,
O-20250708-024500-001-V2-3607,BACKTESTER-001,MLSignalStrategyV2-V2,EUR/USD.IDEALPRO,IDEALPRO-1-3607,EUR/USD.IDEALPRO-MLSignalStrategyV2-V2,IDEALPRO-001,IDEALPRO-1-381574,MARKET,BUY,100000.00,GTC,False,False,100000.00,TAKER,1.1742,0.0,['2.35 USD'],NO_TRIGGER,FILLED,OTO,OL-20250708-024500-001-V2-1203,"['O-20250708-024500-001-V2-3608', 'O-20250708-024500-001-V2-3609']",,,,,['V2_POS1'],52f25bc7-0138-4ab5-b814-4c62f2f1660f,1751942700000000000,1751942700000000000,,,,,,,
O-20250708-024500-001-V2-3608,BACKTESTER-001,MLSignalStrategyV2-V2,EUR/USD.IDEALPRO,IDEALPRO-1-3608,EUR/USD.IDEALPRO-MLSignalStrategyV2-V2,IDEALPRO-001,,STOP_MARKET,SELL,100000.00,GTC,True,False,0.00,NO_LIQUIDITY_SIDE,,,,NO_TRIGGER,CANCELED,OUO,OL-20250708-024500-001-V2-1203,['O-20250708-024500-001-V2-3609'],O-20250708-024500-001-V2-3607,,,,['V2_POS1_SL'],51aece1d-8f17-4fdd-848c-8300185beb24,1751942700000000000,1751946060000000000,1.17362,DEFAULT,,,,,
O-20250708-024500-001-V2-3609,BACKTESTER-001,MLSignalStrategyV2-V2,EUR/USD.IDEALPRO,IDEALPRO-1-3609,EUR/USD.IDEALPRO-MLSignalStrategyV2-V2,IDEALPRO-001,IDEALPRO-1-381687,LIMIT,SELL,100000.00,GTC,True,False,100000.00,MAKER,1.1748,-2.0000000000131024e-05,['2.35 USD'],NO_TRIGGER,FILLED,OUO,OL-20250708-024500-001-V2-1203,['O-20250708-024500-001-V2-3608'],O-20250708-024500-001-V2-3607,,,,['V2_POS1_TP'],dc055152-b286-4562-aae8-8076204ffbe5,1751942700000000000,1751946060000000000,,,,,1.17478,False,
O-20250708-093000-001-V2-3610,BACKTESTER-001,MLSignalStrategyV2-V2,EUR/USD.IDEALPRO,IDEALPRO-1-3610,EUR/USD.IDEALPRO-MLSignalStrategyV2-V2,IDEALPRO-001,IDEALPRO-1-382387,MARKET,SELL,100000.00,GTC,False,False,100000.00,TAKER,1.17488,0.0,['2.35 USD'],NO_TRIGGER,FILLED,OTO,OL-20250708-093000-001-V2-1204,"['O-20250708-093000-001-V2-3611', 'O-20250708-093000-001-V2-3612']",,,,,['V2_POS1'],e0ffaaab-f4eb-4982-8968-8a146678e9fa,1751967000000000000,1751967000000000000,,,,,,,
O-20250708-093000-001-V2-3611,BACKTESTER-001,MLSignalStrategyV2-V2,EUR/USD.IDEALPRO,IDEALPRO-1-3611,EUR/USD.IDEALPRO-MLSignalStrategyV2-V2,IDEALPRO-001,,STOP_MARKET,BUY,100000.00,GTC,True,False,0.00,NO_LIQUIDITY_SIDE,,,,NO_TRIGGER,CANCELED,OUO,OL-20250708-093000-001-V2-1204,['O-20250708-093000-001-V2-3612'],O-20250708-093000-001-V2-3610,,,,['V2_POS1_SL'],61d4f50b-1ff6-4519-b481-14643814e910,1751967000000000000,1751967480000000000,1.17537,DEFAULT,,,,,
O-20250708-093000-001-V2-3612,BACKTESTER-001,MLSignalStrategyV2-V2,EUR/USD.IDEALPRO,IDEALPRO-1-3612,EUR/USD.IDEALPRO-MLSignalStrategyV2-V2,IDEALPRO-001,IDEALPRO-1-382403,LIMIT,BUY,100000.00,GTC,True,False,100000.00,MAKER,1.17437,-2.0000000000131024e-05,['2.35 USD'],NO_TRIGGER,FILLED,OUO,OL-20250708-093000-001-V2-1204,['O-20250708-093000-001-V2-3611'],O-20250708-093000-001-V2-3610,,,,['V2_POS1_TP'],678b10ab-2127-419a-b891-1a696fbc4500,1751967000000000000,1751967480000000000,,,,,1.17439,False,
O-20250708-101500-001-V2-3613,BACKTESTER-001,MLSignalStrategyV2-V2,EUR/USD.IDEALPRO,IDEALPRO-1-3613,EUR/USD.IDEALPRO-MLSignalStrategyV2-V2,IDEALPRO-001,IDEALPRO-1-382479,MARKET,SELL,100000.00,GTC,False,False,100000.00,TAKER,1.17378,0.0,['2.35 USD'],NO_TRIGGER,FILLED,OTO,OL-20250708-101500-001-V2-1205,"['O-20250708-101500-001-V2-3614', 'O-20250708-101500-001-V2-3615']",,,,,['V2_POS1'],767122b8-5d06-4d03-a37b-c53c0a5c5d17,1751969700000000000,1751969700000000000,,,,,,,
O-20250708-101500-001-V2-3614,BACKTESTER-001,MLSignalStrategyV2-V2,EUR/USD.IDEALPRO,IDEALPRO-1-3614,EUR/USD.IDEALPRO-MLSignalStrategyV2-V2,IDEALPRO-001,,STOP_MARKET,BUY,100000.00,GTC,True,False,0.00,NO_LIQUIDITY_SIDE,,,,NO_TRIGGER,CANCELED,OUO,OL-20250708-101500-001-V2-1205,['O-20250708-101500-001-V2-3615'],O-20250708-101500-001-V2-3613,,,,['V2_POS1_SL'],cdaf9411-7e10-48d8-8fb2-09c1651812fa,1751969700000000000,1751970480000000000,1.17426,DEFAULT,,,,,
O-20250708-101500-001-V2-3615,BACKTESTER-001,MLSignalStrategyV2-V2,EUR/USD.IDEALPRO,IDEALPRO-1-3615,EUR/USD.IDEALPRO-MLSignalStrategyV2-V2,IDEALPRO-001,IDEALPRO-1-382505,LIMIT,BUY,100000.00,GTC,True,False,100000.00,MAKER,1.17328,-3.999999999981796e-05,['2.35 USD'],NO_TRIGGER,FILLED,OUO,OL-20250708-101500-001-V2-1205,['O-20250708-101500-001-V2-3614'],O-20250708-101500-001-V2-3613,,,,['V2_POS1_TP'],0d743c73-eb8e-4f81-b4d6-33494d7c9e30,1751969700000000000,1751970480000000000,,,,,1.17332,False,
O-20250708-103000-001-V2-3616,BACKTESTER-001,MLSignalStrategyV2-V2,EUR/USD.IDEALPRO,IDEALPRO-1-3616,EUR/USD.IDEALPRO-MLSignalStrategyV2-V2,IDEALPRO-001,IDEALPRO-1-382510,MARKET,SELL,100000.00,GTC,False,False,100000.00,TAKER,1.17311,0.0,['2.35 USD'],NO_TRIGGER,FILLED,OTO,OL-20250708-103000-001-V2-1206,"['O-20250708-103000-001-V2-3617', 'O-20250708-103000-001-V2-3618']",,,,,['V2_POS1'],69a36dce-bb64-4895-a804-b923ed436f0b,1751970600000000000,1751970600000000000,,,,,,,
O-20250708-103000-001-V2-3617,BACKTESTER-001,MLSignalStrategyV2-V2,EUR/USD.IDEALPRO,IDEALPRO-1-3617,EUR/USD.IDEALPRO-MLSignalStrategyV2-V2,IDEALPRO-001,,STOP_MARKET,BUY,100000.00,GTC,True,False,0.00,NO_LIQUIDITY_SIDE,,,,NO_TRIGGER,CANCELED,OUO,OL-20250708-103000-001-V2-1206,['O-20250708-103000-001-V2-3618'],O-20250708-103000-001-V2-3616,,,,['V2_POS1_SL'],606cfff2-8f3b-4b56-8b20-fb55a04f95f4,1751970600000000000,1751971440000000000,1.17359,DEFAULT,,,,,
O-20250708-103000-001-V2-3618,BACKTESTER-001,MLSignalStrategyV2-V2,EUR/USD.IDEALPRO,IDEALPRO-1-3618,EUR/USD.IDEALPRO-MLSignalStrategyV2-V2,IDEALPRO-001,IDEALPRO-1-382539,LIMIT,BUY,100000.00,GTC,True,False,100000.00,MAKER,1.17264,9.999999999843467e-06,['2.35 USD'],NO_TRIGGER,FILLED,OUO,OL-20250708-103000-001-V2-1206,['O-20250708-103000-001-V2-3617'],O-20250708-103000-001-V2-3616,,,,['V2_POS1_TP'],9c5e811e-c46e-4ec8-841b-9b39be6ea290,1751970600000000000,1751971440000000000,,,,,1.17263,False,
O-20250708-104500-001-V2-3619,BACKTESTER-001,MLSignalStrategyV2-V2,EUR/USD.IDEALPRO,IDEALPRO-1-3619,EUR/USD.IDEALPRO-MLSignalStrategyV2-V2,IDEALPRO-001,IDEALPRO-1-382542,MARKET,SELL,100000.00,GTC,False,False,100000.00,TAKER,1.17268,0.0,['2.35 USD'],NO_TRIGGER,FILLED,OTO,OL-20250708-104500-001-V2-1207,"['O-20250708-104500-001-V2-3620', 'O-20250708-104500-001-V2-3621']",,,,,['V2_POS1'],289a9c61-79d4-4606-acbb-73ceaf9783fa,1751971500000000000,1751971500000000000,,,,,,,
O-20250708-104500-001-V2-3620,BACKTESTER-001,MLSignalStrategyV2-V2,EUR/USD.IDEALPRO,IDEALPRO-1-3620,EUR/USD.IDEALPRO-MLSignalStrategyV2-V2,IDEALPRO-001,IDEALPRO-1-382579,STOP_MARKET,BUY,100000.00,GTC,True,False,100000.00,TAKER,1.17322,4.999999999988347e-05,['2.35 USD'],NO_TRIGGER,FILLED,OUO,OL-20250708-104500-001-V2-1207,['O-20250708-104500-001-V2-3621'],O-20250708-104500-001-V2-3619,,,,['V2_POS1_SL'],dce4b347-6a8e-436c-8cc5-c0a980c6822f,1751971500000000000,1751972580000000000,1.17317,DEFAULT,,,,,
O-20250708-104500-001-V2-3621,BACKTESTER-001,MLSignalStrategyV2-V2,EUR/USD.IDEALPRO,IDEALPRO-1-3621,EUR/USD.IDEALPRO-MLSignalStrategyV2-V2,IDEALPRO-001,,LIMIT,BUY,100000.00,GTC,True,False,0.00,NO_LIQUIDITY_SIDE,,,,NO_TRIGGER,CANCELED,OUO,OL-20250708-104500-001-V2-1207,['O-20250708-104500-001-V2-3620'],O-20250708-104500-001-V2-3619,,,,['V2_POS1_TP'],084f38a2-53e1-4d5a-9fe4-c356eb940b5e,1751971500000000000,1751972580000000000,,,,,1.17219,False,
O-20250708-114500-001-V2-3622,BACKTESTER-001,MLSignalStrategyV2-V2,EUR/USD.IDEALPRO,IDEALPRO-1-3622,EUR/USD.IDEALPRO-MLSignalStrategyV2-V2,IDEALPRO-001,IDEALPRO-1-382665,MARKET,SELL,100000.00,GTC,False,False,100000.00,TAKER,1.17301,0.0,['2.35 USD'],NO_TRIGGER,FILLED,OTO,OL-20250708-114500-001-V2-1208,"['O-20250708-114500-001-V2-3623', 'O-20250708-114500-001-V2-3624']",,,,,['V2_POS1'],6bdeae40-841c-44cf-badb-ea2403cc335e,1751975100000000000,1751975100000000000,,,,,,,
O-20250708-114500-001-V2-3623,BACKTESTER-001,MLSignalStrategyV2-V2,EUR/USD.IDEALPRO,IDEALPRO-1-3623,EUR/USD.IDEALPRO-MLSignalStrategyV2-V2,IDEALPRO-001,,STOP_MARKET,BUY,100000.00,GTC,True,False,0.00,NO_LIQUIDITY_SIDE,,,,NO_TRIGGER,CANCELED,OUO,OL-20250708-114500-001-V2-1208,['O-20250708-114500-001-V2-3624'],O-20250708-114500-001-V2-3622,,,,['V2_POS1_SL'],af32d4b9-9425-45d4-a58c-32ae971f631e,1751975100000000000,1751975640000000000,1.17350,DEFAULT,,,,,
O-20250708-114500-001-V2-3624,BACKTESTER-001,MLSignalStrategyV2-V2,EUR/USD.IDEALPRO,IDEALPRO-1-3624,EUR/USD.IDEALPRO-MLSignalStrategyV2-V2,IDEALPRO-001,IDEALPRO-1-382684,LIMIT,BUY,100000.00,GTC,True,False,100000.00,MAKER,1.17253,1.0000000000065512e-05,['2.35 USD'],NO_TRIGGER,FILLED,OUO,OL-20250708-114500-001-V2-1208,['O-20250708-114500-001-V2-3623'],O-20250708-114500-001-V2-3622,,,,['V2_POS1_TP'],8df872df-0f00-457b-ad8f-dc25c0fbdfc3,1751975100000000000,1751975640000000000,,,,,1.17252,False,
O-20250708-141500-001-V2-3625,BACKTESTER-001,MLSignalStrategyV2-V2,EUR/USD.IDEALPRO,IDEALPRO-1-3625,EUR/USD.IDEALPRO-MLSignalStrategyV2-V2,IDEALPRO-001,IDEALPRO-1-382966,MARKET,BUY,100000.00,GTC,False,False,100000.00,TAKER,1.16894,0.0,['2.34 USD'],NO_TRIGGER,FILLED,OTO,OL-20250708-141500-001-V2-1209,"['O-20250708-141500-001-V2-3626', 'O-20250708-141500-001-V2-3627']",,,,,['V2_POS1'],8624a56d-400c-4f65-ad66-65b2b5a12447,1751984100000000000,1751984100000000000,,,,,,,
O-20250708-141500-001-V2-3626,BACKTESTER-001,MLSignalStrategyV2-V2,EUR/USD.IDEALPRO,IDEALPRO-1-3626,EUR/USD.IDEALPRO-MLSignalStrategyV2-V2,IDEALPRO-001,,STOP_MARKET,SELL,100000.00,GTC,True,False,0.00,NO_LIQUIDITY_SIDE,,,,NO_TRIGGER,CANCELED,OUO,OL-20250708-141500-001-V2-1209,['O-20250708-141500-001-V2-3627'],O-20250708-141500-001-V2-3625,,,,['V2_POS1_SL'],a1bb4fd3-0578-4bb9-ac17-c0f1eb36da7b,1751984100000000000,1751985240000000000,1.16816,DEFAULT,,,,,
O-20250708-141500-001-V2-3627,BACKTESTER-001,MLSignalStrategyV2-V2,EUR/USD.IDEALPRO,IDEALPRO-1-3627,EUR/USD.IDEALPRO-MLSignalStrategyV2-V2,IDEALPRO-001,IDEALPRO-1-383005,LIMIT,SELL,100000.00,GTC,True,False,100000.00,MAKER,1.16972,0.0,['2.34 USD'],NO_TRIGGER,FILLED,OUO,OL-20250708-141500-001-V2-1209,['O-20250708-141500-001-V2-3626'],O-20250708-141500-001-V2-3625,,,,['V2_POS1_TP'],34874d39-e604-42c0-adba-09cb8bba8add,1751984100000000000,1751985240000000000,,,,,1.16972,False,
O-20250708-144500-001-V2-3628,BACKTESTER-001,MLSignalStrategyV2-V2,EUR/USD.IDEALPRO,IDEALPRO-1-3628,EUR/USD.IDEALPRO-MLSignalStrategyV2-V2,IDEALPRO-001,IDEALPRO-1-383028,MARKET,BUY,100000.00,GTC,False,False,100000.00,TAKER,1.16932,0.0,['2.34 USD'],NO_TRIGGER,FILLED,OTO,OL-20250708-144500-001-V2-1210,"['O-20250708-144500-001-V2-3629', 'O-20250708-144500-001-V2-3630']",,,,,['V2_POS1'],0919821c-114a-4e77-a221-71cbe9bf00a8,1751985900000000000,1751985900000000000,,,,,,,
O-20250708-144500-001-V2-3629,BACKTESTER-001,MLSignalStrategyV2-V2,EUR/USD.IDEALPRO,IDEALPRO-1-3629,EUR/USD.IDEALPRO-MLSignalStrategyV2-V2,IDEALPRO-001,,STOP_MARKET,SELL,100000.00,GTC,True,False,0.00,NO_LIQUIDITY_SIDE,,,,NO_TRIGGER,CANCELED,OUO,OL-20250708-144500-001-V2-1210,['O-20250708-144500-001-V2-3630'],O-20250708-144500-001-V2-3628,,,,['V2_POS1_SL'],3720bac6-9974-4b4f-abcb-854dec948809,1751985900000000000,1751987700000000000,1.16848,DEFAULT,,,,,
O-20250708-144500-001-V2-3630,BACKTESTER-001,MLSignalStrategyV2-V2,EUR/USD.IDEALPRO,IDEALPRO-1-3630,EUR/USD.IDEALPRO-MLSignalStrategyV2-V2,IDEALPRO-001,IDEALPRO-1-383089,LIMIT,SELL,100000.00,GTC,True,False,100000.00,MAKER,1.1703,-0.00013999999999980695,['2.34 USD'],NO_TRIGGER,FILLED,OUO,OL-20250708-144500-001-V2-1210,['O-20250708-144500-001-V2-3629'],O-20250708-144500-001-V2-3628,,,,['V2_POS1_TP'],a66f331c-108f-44dd-9fea-6e4579eb849c,1751985900000000000,1751987700000000000,,,,,1.17016,False,
O-20250708-161500-001-V2-3631,BACKTESTER-001,MLSignalStrategyV2-V2,EUR/USD.IDEALPRO,IDEALPRO-1-3631,EUR/USD.IDEALPRO-MLSignalStrategyV2-V2,IDEALPRO-001,IDEALPRO-1-383211,MARKET,BUY,100000.00,GTC,False,False,100000.00,TAKER,1.17095,0.0,['2.34 USD'],NO_TRIGGER,FILLED,OTO,OL-20250708-161500-001-V2-1211,"['O-20250708-161500-001-V2-3632', 'O-20250708-161500-001-V2-3633']",,,,,['V2_POS1'],b2e9ce6a-102b-4593-a08f-3a13baae2025,1751991300000000000,1751991300000000000,,,,,,,
O-20250708-161500-001-V2-3632,BACKTESTER-001,MLSignalStrategyV2-V2,EUR/USD.IDEALPRO,IDEALPRO-1-3632,EUR/USD.IDEALPRO-MLSignalStrategyV2-V2,IDEALPRO-001,IDEALPRO-1-383249,STOP_MARKET,SELL,100000.00,GTC,True,False,100000.00,TAKER,1.17022,0.0,['2.34 USD'],NO_TRIGGER,FILLED,OUO,OL-20250708-161500-001-V2-1211,['O-20250708-161500-001-V2-3633'],O-20250708-161500-001-V2-3631,,,,['V2_POS1_SL'],a56bebd5-6644-4ae6-bd6c-0117813d25b7,1751991300000000000,1751992440000000000,1.17022,DEFAULT,,,,,
O-20250708-161500-001-V2-3633,BACKTESTER-001,MLSignalStrategyV2-V2,EUR/USD.IDEALPRO,IDEALPRO-1-3633,EUR/USD.IDEALPRO-MLSignalStrategyV2-V2,IDEALPRO-001,,LIMIT,SELL,100000.00,GTC,True,False,0.00,NO_LIQUIDITY_SIDE,,,,NO_TRIGGER,CANCELED,OUO,OL-20250708-161500-001-V2-1211,['O-20250708-161500-001-V2-3632'],O-20250708-161500-001-V2-3631,,,,['V2_POS1_TP'],f2116905-c2b0-446b-8646-fc4916246427,1751991300000000000,1751992440000000000,,,,,1.17168,False,
O-20250708-164500-001-V2-3634,BACKTESTER-001,MLSignalStrategyV2-V2,EUR/USD.IDEALPRO,IDEALPRO-1-3634,EUR/USD.IDEALPRO-MLSignalStrategyV2-V2,IDEALPRO-001,IDEALPRO-1-383272,MARKET,BUY,100000.00,GTC,False,False,100000.00,TAKER,1.17027,0.0,['2.34 USD'],NO_TRIGGER,FILLED,OTO,OL-20250708-164500-001-V2-1212,"['O-20250708-164500-001-V2-3635', 'O-20250708-164500-001-V2-3636']",,,,,['V2_POS1'],f25ca0ab-a344-4405-b0ac-d8437eff0565,1751993100000000000,1751993100000000000,,,,,,,
O-20250708-164500-001-V2-3635,BACKTESTER-001,MLSignalStrategyV2-V2,EUR/USD.IDEALPRO,IDEALPRO-1-3635,EUR/USD.IDEALPRO-MLSignalStrategyV2-V2,IDEALPRO-001,,STOP_MARKET,SELL,100000.00,GTC,True,False,0.00,NO_LIQUIDITY_SIDE,,,,NO_TRIGGER,CANCELED,OUO,OL-20250708-164500-001-V2-1212,['O-20250708-164500-001-V2-3636'],O-20250708-164500-001-V2-3634,,,,['V2_POS1_SL'],8035982d-168e-4e7b-98de-fe026eaae1c1,1751993100000000000,1751994060000000000,1.16953,DEFAULT,,,,,
O-20250708-164500-001-V2-3636,BACKTESTER-001,MLSignalStrategyV2-V2,EUR/USD.IDEALPRO,IDEALPRO-1-3636,EUR/USD.IDEALPRO-MLSignalStrategyV2-V2,IDEALPRO-001,IDEALPRO-1-383305,LIMIT,SELL,100000.00,GTC,True,False,100000.00,MAKER,1.17103,-1.999999999990898e-05,['2.34 USD'],NO_TRIGGER,FILLED,OUO,OL-20250708-164500-001-V2-1212,['O-20250708-164500-001-V2-3635'],O-20250708-164500-001-V2-3634,,,,['V2_POS1_TP'],55ec25bf-7a6e-41e5-ad96-85bf9a770de3,1751993100000000000,1751994060000000000,,,,,1.17101,False,
O-20250709-024500-001-V2-3637,BACKTESTER-001,MLSignalStrategyV2-V2,EUR/USD.IDEALPRO,IDEALPRO-1-3637,EUR/USD.IDEALPRO-MLSignalStrategyV2-V2,IDEALPRO-001,IDEALPRO-1-384444,MARKET,BUY,100000.00,GTC,False,False,100000.00,TAKER,1.17071,0.0,['2.34 USD'],NO_TRIGGER,FILLED,OTO,OL-20250709-024500-001-V2-1213,"['O-20250709-024500-001-V2-3638', 'O-20250709-024500-001-V2-3639']",,,,,['V2_POS1'],93431979-f565-4021-8c73-634532553e82,1752029100000000000,1752029100000000000,,,,,,,
O-20250709-024500-001-V2-3638,BACKTESTER-001,MLSignalStrategyV2-V2,EUR/USD.IDEALPRO,IDEALPRO-1-3638,EUR/USD.IDEALPRO-MLSignalStrategyV2-V2,IDEALPRO-001,,STOP_MARKET,SELL,100000.00,GTC,True,False,0.00,NO_LIQUIDITY_SIDE,,,,NO_TRIGGER,CANCELED,OUO,OL-20250709-024500-001-V2-1213,['O-20250709-024500-001-V2-3639'],O-20250709-024500-001-V2-3637,,,,['V2_POS1_SL'],3ab8c013-f02a-4111-a4e5-fc32a58a107d,1752029100000000000,1752029940000000000,1.17026,DEFAULT,,,,,
O-20250709-024500-001-V2-3639,BACKTESTER-001,MLSignalStrategyV2-V2,EUR/USD.IDEALPRO,IDEALPRO-1-3639,EUR/USD.IDEALPRO-MLSignalStrategyV2-V2,IDEALPRO-001,IDEALPRO-1-384473,LIMIT,SELL,100000.00,GTC,True,False,100000.00,MAKER,1.17119,-2.999999999997449e-05,['2.34 USD'],NO_TRIGGER,FILLED,OUO,OL-20250709-024500-001-V2-1213,['O-20250709-024500-001-V2-3638'],O-20250709-024500-001-V2-3637,,,,['V2_POS1_TP'],20411dd2-786a-4ee3-8182-a8479656f93e,1752029100000000000,1752029940000000000,,,,,1.17116,False,
O-20250709-033000-001-V2-3640,BACKTESTER-001,MLSignalStrategyV2-V2,EUR/USD.IDEALPRO,IDEALPRO-1-3640,EUR/USD.IDEALPRO-MLSignalStrategyV2-V2,IDEALPRO-001,IDEALPRO-1-384537,MARKET,SELL,100000.00,GTC,False,False,100000.00,TAKER,1.17066,0.0,['2.34 USD'],NO_TRIGGER,FILLED,OTO,OL-20250709-033000-001-V2-1214,"['O-20250709-033000-001-V2-3641', 'O-20250709-033000-001-V2-3642']",,,,,['V2_POS1'],aaa459b4-8e36-4b71-9dbd-f22f0cb9c8ec,1752031800000000000,1752031800000000000,,,,,,,
O-20250709-033000-001-V2-3641,BACKTESTER-001,MLSignalStrategyV2-V2,EUR/USD.IDEALPRO,IDEALPRO-1-3641,EUR/USD.IDEALPRO-MLSignalStrategyV2-V2,IDEALPRO-001,IDEALPRO-1-384701,STOP_MARKET,BUY,100000.00,GTC,True,False,100000.00,TAKER,1.17121,4.0000000000040004e-05,['2.34 USD'],NO_TRIGGER,FILLED,OUO,OL-20250709-033000-001-V2-1214,['O-20250709-033000-001-V2-3642'],O-20250709-033000-001-V2-3640,,,,['V2_POS1_SL'],dbaaefc1-1489-408c-bee6-006bc852ae56,1752031800000000000,1752036720000000000,1.17117,DEFAULT,,,,,
O-20250709-033000-001-V2-3642,BACKTESTER-001,MLSignalStrategyV2-V2,EUR/USD.IDEALPRO,IDEALPRO-1-3642,EUR/USD.IDEALPRO-MLSignalStrategyV2-V2,IDEALPRO-001,,LIMIT,BUY,100000.00,GTC,True,False,0.00,NO_LIQUIDITY_SIDE,,,,NO_TRIGGER,CANCELED,OUO,OL-20250709-033000-001-V2-1214,['O-20250709-033000-001-V2-3641'],O-20250709-033000-001-V2-3640,,,,['V2_POS1_TP'],1ae2b575-0428-4f8b-b050-4c56344168dc,1752031800000000000,1752036720000000000,,,,,1.17015,False,
O-20250709-114500-001-V2-3643,BACKTESTER-001,MLSignalStrategyV2-V2,EUR/USD.IDEALPRO,IDEALPRO-1-3643,EUR/USD.IDEALPRO-MLSignalStrategyV2-V2,IDEALPRO-001,IDEALPRO-1-385528,MARKET,SELL,100000.00,GTC,False,False,100000.00,TAKER,1.17047,0.0,['2.34 USD'],NO_TRIGGER,FILLED,OTO,OL-20250709-114500-001-V2-1215,"['O-20250709-114500-001-V2-3644', 'O-20250709-114500-001-V2-3645']",,,,,['V2_POS1'],c77ae0ff-4e37-4a06-8090-c9eb29114f2a,1752061500000000000,1752061500000000000,,,,,,,
O-20250709-114500-001-V2-3644,BACKTESTER-001,MLSignalStrategyV2-V2,EUR/USD.IDEALPRO,IDEALPRO-1-3644,EUR/USD.IDEALPRO-MLSignalStrategyV2-V2,IDEALPRO-001,,STOP_MARKET,BUY,100000.00,GTC,True,False,0.00,NO_LIQUIDITY_SIDE,,,,NO_TRIGGER,CANCELED,OUO,OL-20250709-114500-001-V2-1215,['O-20250709-114500-001-V2-3645'],O-20250709-114500-001-V2-3643,,,,['V2_POS1_SL'],e8a0dd0b-6a88-40a2-b109-da9c1c68df38,1752061500000000000,1752062040000000000,1.17099,DEFAULT,,,,,
O-20250709-114500-001-V2-3645,BACKTESTER-001,MLSignalStrategyV2-V2,EUR/USD.IDEALPRO,IDEALPRO-1-3645,EUR/USD.IDEALPRO-MLSignalStrategyV2-V2,IDEALPRO-001,IDEALPRO-1-385547,LIMIT,BUY,100000.00,GTC,True,False,100000.00,MAKER,1.16974,-0.00022999999999995246,['2.34 USD'],NO_TRIGGER,FILLED,OUO,OL-20250709-114500-001-V2-1215,['O-20250709-114500-001-V2-3644'],O-20250709-114500-001-V2-3643,,,,['V2_POS1_TP'],352d3231-f1ac-4402-8d24-92ffaff88168,1752061500000000000,1752062040000000000,,,,,1.16997,False,
O-20250709-204500-001-V2-3646,BACKTESTER-001,MLSignalStrategyV2-V2,EUR/USD.IDEALPRO,IDEALPRO-1-3646,EUR/USD.IDEALPRO-MLSignalStrategyV2-V2,IDEALPRO-001,IDEALPRO-1-386611,MARKET,BUY,100000.00,GTC,False,False,100000.00,TAKER,1.17174,0.0,['2.34 USD'],NO_TRIGGER,FILLED,OTO,OL-20250709-204500-001-V2-1216,"['O-20250709-204500-001-V2-3647', 'O-20250709-204500-001-V2-3648']",,,,,['V2_POS1'],ff6ed458-0ff6-4342-867c-8aa2388d0ebe,1752093900000000000,1752093900000000000,,,,,,,
O-20250709-204500-001-V2-3647,BACKTESTER-001,MLSignalStrategyV2-V2,EUR/USD.IDEALPRO,IDEALPRO-1-3647,EUR/USD.IDEALPRO-MLSignalStrategyV2-V2,IDEALPRO-001,,STOP_MARKET,SELL,100000.00,GTC,True,False,0.00,NO_LIQUIDITY_SIDE,,,,NO_TRIGGER,CANCELED,OUO,OL-20250709-204500-001-V2-1216,['O-20250709-204500-001-V2-3648'],O-20250709-204500-001-V2-3646,,,,['V2_POS1_SL'],439ac389-b1ec-48a0-98c5-85332a88e0be,1752093900000000000,1752094440000000000,1.17129,DEFAULT,,,,,
O-20250709-204500-001-V2-3648,BACKTESTER-001,MLSignalStrategyV2-V2,EUR/USD.IDEALPRO,IDEALPRO-1-3648,EUR/USD.IDEALPRO-MLSignalStrategyV2-V2,IDEALPRO-001,IDEALPRO-1-386629,LIMIT,SELL,100000.00,GTC,True,False,100000.00,MAKER,1.17223,-6.000000000017103e-05,['2.34 USD'],NO_TRIGGER,FILLED,OUO,OL-20250709-204500-001-V2-1216,['O-20250709-204500-001-V2-3647'],O-20250709-204500-001-V2-3646,,,,['V2_POS1_TP'],94cb75e1-2ce5-4d37-99ae-e7d51b5e7858,1752093900000000000,1752094440000000000,,,,,1.17217,False,
O-20250709-210000-001-V2-3649,BACKTESTER-001,MLSignalStrategyV2-V2,EUR/USD.IDEALPRO,IDEALPRO-1-3649,EUR/USD.IDEALPRO-MLSignalStrategyV2-V2,IDEALPRO-001,IDEALPRO-1-386642,MARKET,BUY,100000.00,GTC,False,False,100000.00,TAKER,1.17206,0.0,['2.34 USD'],NO_TRIGGER,FILLED,OTO,OL-20250709-210000-001-V2-1217,"['O-20250709-210000-001-V2-3650', 'O-20250709-210000-001-V2-3651']",,,,,['V2_POS1'],e319342f-aa6b-49c1-a75d-4f87e673cb77,1752094800000000000,1752094800000000000,,,,,,,
O-20250709-210000-001-V2-3650,BACKTESTER-001,MLSignalStrategyV2-V2,EUR/USD.IDEALPRO,IDEALPRO-1-3650,EUR/USD.IDEALPRO-MLSignalStrategyV2-V2,IDEALPRO-001,IDEALPRO-1-386645,STOP_MARKET,SELL,100000.00,GTC,True,False,100000.00,TAKER,1.17148,0.00011999999999989797,['2.34 USD'],NO_TRIGGER,FILLED,OUO,OL-20250709-210000-001-V2-1217,['O-20250709-210000-001-V2-3651'],O-20250709-210000-001-V2-3649,,,,['V2_POS1_SL'],ee1b1e90-8c45-4aed-bba5-eb1f32822541,1752094800000000000,1752095760000000000,1.17160,DEFAULT,,,,,
O-20250709-210000-001-V2-3651,BACKTESTER-001,MLSignalStrategyV2-V2,EUR/USD.IDEALPRO,IDEALPRO-1-3651,EUR/USD.IDEALPRO-MLSignalStrategyV2-V2,IDEALPRO-001,,LIMIT,SELL,100000.00,GTC,True,False,0.00,NO_LIQUIDITY_SIDE,,,,NO_TRIGGER,CANCELED,OUO,OL-20250709-210000-001-V2-1217,['O-20250709-210000-001-V2-3650'],O-20250709-210000-001-V2-3649,,,,['V2_POS1_TP'],bbc3e745-525a-48c2-9347-564189f90a19,1752094800000000000,1752095760000000000,,,,,1.17250,False,
O-20250709-220000-001-V2-3652,BACKTESTER-001,MLSignalStrategyV2-V2,EUR/USD.IDEALPRO,IDEALPRO-1-3652,EUR/USD.IDEALPRO-MLSignalStrategyV2-V2,IDEALPRO-001,IDEALPRO-1-386735,MARKET,BUY,100000.00,GTC,False,False,100000.00,TAKER,1.17227,0.0,['2.34 USD'],NO_TRIGGER,FILLED,OTO,OL-20250709-220000-001-V2-1218,"['O-20250709-220000-001-V2-3653', 'O-20250709-220000-001-V2-3654']",,,,,['V2_POS1'],fae16a23-b7a8-4dac-9f9f-72f3ccd84925,1752098400000000000,1752098400000000000,,,,,,,
O-20250709-220000-001-V2-3653,BACKTESTER-001,MLSignalStrategyV2-V2,EUR/USD.IDEALPRO,IDEALPRO-1-3653,EUR/USD.IDEALPRO-MLSignalStrategyV2-V2,IDEALPRO-001,,STOP_MARKET,SELL,100000.00,GTC,True,False,0.00,NO_LIQUIDITY_SIDE,,,,NO_TRIGGER,CANCELED,OUO,OL-20250709-220000-001-V2-1218,['O-20250709-220000-001-V2-3654'],O-20250709-220000-001-V2-3652,,,,['V2_POS1_SL'],1b6c5b87-0131-4d3a-afa9-fbe434f329a3,1752098400000000000,1752103380000000000,1.17187,DEFAULT,,,,,
O-20250709-220000-001-V2-3654,BACKTESTER-001,MLSignalStrategyV2-V2,EUR/USD.IDEALPRO,IDEALPRO-1-3654,EUR/USD.IDEALPRO-MLSignalStrategyV2-V2,IDEALPRO-001,IDEALPRO-1-386901,LIMIT,SELL,100000.00,GTC,True,False,100000.00,MAKER,1.1727,-5.0000000000105516e-05,['2.35 USD'],NO_TRIGGER,FILLED,OUO,OL-20250709-220000-001-V2-1218,['O-20250709-220000-001-V2-3653'],O-20250709-220000-001-V2-3652,,,,['V2_POS1_TP'],7fa0e445-abfc-4dd5-8232-e814a3bee232,1752098400000000000,1752103380000000000,,,,,1.17265,False,
O-20250710-000000-001-V2-3655,BACKTESTER-001,MLSignalStrategyV2-V2,EUR/USD.IDEALPRO,IDEALPRO-1-3655,EUR/USD.IDEALPRO-MLSignalStrategyV2-V2,IDEALPRO-001,IDEALPRO-1-386976,MARKET,SELL,100000.00,GTC,False,False,100000.00,TAKER,1.17381,0.0,['2.35 USD'],NO_TRIGGER,FILLED,OTO,OL-20250710-000000-001-V2-1219,"['O-20250710-000000-001-V2-3656', 'O-20250710-000000-001-V2-3657']",,,,,['V2_POS1'],0d0c6895-3735-4fe5-83ca-c01ce7578d58,1752105600000000000,1752105600000000000,,,,,,,
O-20250710-000000-001-V2-3656,BACKTESTER-001,MLSignalStrategyV2-V2,EUR/USD.IDEALPRO,IDEALPRO-1-3656,EUR/USD.IDEALPRO-MLSignalStrategyV2-V2,IDEALPRO-001,IDEALPRO-1-386983,STOP_MARKET,BUY,100000.00,GTC,True,False,100000.00,TAKER,1.17423,8.000000000008001e-05,['2.35 USD'],NO_TRIGGER,FILLED,OUO,OL-20250710-000000-001-V2-1219,['O-20250710-000000-001-V2-3657'],O-20250710-000000-001-V2-3655,,,,['V2_POS1_SL'],81c0bba5-25e5-48f6-b8d7-99735b896639,1752105600000000000,1752105780000000000,1.17415,DEFAULT,,,,,
O-20250710-000000-001-V2-3657,BACKTESTER-001,MLSignalStrategyV2-V2,EUR/USD.IDEALPRO,IDEALPRO-1-3657,EUR/USD.IDEALPRO-MLSignalStrategyV2-V2,IDEALPRO-001,,LIMIT,BUY,100000.00,GTC,True,False,0.00,NO_LIQUIDITY_SIDE,,,,NO_TRIGGER,CANCELED,OUO,OL-20250710-000000-001-V2-1219,['O-20250710-000000-001-V2-3656'],O-20250710-000000-001-V2-3655,,,,['V2_POS1_TP'],dd8d2105-50f2-41da-b102-7a53695d4b7b,1752105600000000000,1752105780000000000,,,,,1.17347,False,
O-20250710-003000-001-V2-3658,BACKTESTER-001,MLSignalStrategyV2-V2,EUR/USD.IDEALPRO,IDEALPRO-1-3658,EUR/USD.IDEALPRO-MLSignalStrategyV2-V2,IDEALPRO-001,IDEALPRO-1-387039,MARKET,SELL,100000.00,GTC,False,False,100000.00,TAKER,1.17458,0.0,['2.35 USD'],NO_TRIGGER,FILLED,OTO,OL-20250710-003000-001-V2-1220,"['O-20250710-003000-001-V2-3659', 'O-20250710-003000-001-V2-3660']",,,,,['V2_POS1'],d4aeed43-31ed-44dc-96a2-4096702e9b5a,1752107400000000000,1752107400000000000,,,,,,,
O-20250710-003000-001-V2-3659,BACKTESTER-001,MLSignalStrategyV2-V2,EUR/USD.IDEALPRO,IDEALPRO-1-3659,EUR/USD.IDEALPRO-MLSignalStrategyV2-V2,IDEALPRO-001,,STOP_MARKET,BUY,100000.00,GTC,True,False,0.00,NO_LIQUIDITY_SIDE,,,,NO_TRIGGER,CANCELED,OUO,OL-20250710-003000-001-V2-1220,['O-20250710-003000-001-V2-3660'],O-20250710-003000-001-V2-3658,,,,['V2_POS1_SL'],84465c84-4d46-44d6-8760-7e13cdf5c358,1752107400000000000,1752109800000000000,1.17503,DEFAULT,,,,,
O-20250710-003000-001-V2-3660,BACKTESTER-001,MLSignalStrategyV2-V2,EUR/USD.IDEALPRO,IDEALPRO-1-3660,EUR/USD.IDEALPRO-MLSignalStrategyV2-V2,IDEALPRO-001,IDEALPRO-1-387119,LIMIT,BUY,100000.00,GTC,True,False,100000.00,MAKER,1.17406,-6.999999999979245e-05,['2.35 USD'],NO_TRIGGER,FILLED,OUO,OL-20250710-003000-001-V2-1220,['O-20250710-003000-001-V2-3659'],O-20250710-003000-001-V2-3658,,,,['V2_POS1_TP'],15e00cdf-1929-494d-924f-2ae7503b403f,1752107400000000000,1752109800000000000,,,,,1.17413,False,
O-20250710-120000-001-V2-3661,BACKTESTER-001,MLSignalStrategyV2-V2,EUR/USD.IDEALPRO,IDEALPRO-1-3661,EUR/USD.IDEALPRO-MLSignalStrategyV2-V2,IDEALPRO-001,IDEALPRO-1-388420,MARKET,SELL,100000.00,GTC,False,False,100000.00,TAKER,1.17119,0.0,['2.34 USD'],NO_TRIGGER,FILLED,OTO,OL-20250710-120000-001-V2-1221,"['O-20250710-120000-001-V2-3662', 'O-20250710-120000-001-V2-3663']",,,,,['V2_POS1'],680e08c9-8d39-46c8-9d76-8ac16b307115,1752148800000000000,1752148800000000000,,,,,,,
O-20250710-120000-001-V2-3662,BACKTESTER-001,MLSignalStrategyV2-V2,EUR/USD.IDEALPRO,IDEALPRO-1-3662,EUR/USD.IDEALPRO-MLSignalStrategyV2-V2,IDEALPRO-001,,STOP_MARKET,BUY,100000.00,GTC,True,False,0.00,NO_LIQUIDITY_SIDE,,,,NO_TRIGGER,CANCELED,OUO,OL-20250710-120000-001-V2-1221,['O-20250710-120000-001-V2-3663'],O-20250710-120000-001-V2-3661,,,,['V2_POS1_SL'],3d2d8810-d5d0-4079-8f49-ab39a76ac669,1752148800000000000,1752150600000000000,1.17164,DEFAULT,,,,,
O-20250710-120000-001-V2-3663,BACKTESTER-001,MLSignalStrategyV2-V2,EUR/USD.IDEALPRO,IDEALPRO-1-3663,EUR/USD.IDEALPRO-MLSignalStrategyV2-V2,IDEALPRO-001,IDEALPRO-1-388481,LIMIT,BUY,100000.00,GTC,True,False,100000.00,MAKER,1.17055,-0.00018999999999991246,['2.34 USD'],NO_TRIGGER,FILLED,OUO,OL-20250710-120000-001-V2-1221,['O-20250710-120000-001-V2-3662'],O-20250710-120000-001-V2-3661,,,,['V2_POS1_TP'],eb41f942-7707-4965-82bb-c3cf8670324b,1752148800000000000,1752150600000000000,,,,,1.17074,False,
O-20250710-124500-001-V2-3664,BACKTESTER-001,MLSignalStrategyV2-V2,EUR/USD.IDEALPRO,IDEALPRO-1-3664,EUR/USD.IDEALPRO-MLSignalStrategyV2-V2,IDEALPRO-001,IDEALPRO-1-388513,MARKET,BUY,100000.00,GTC,False,False,100000.00,TAKER,1.17042,0.0,['2.34 USD'],NO_TRIGGER,FILLED,OTO,OL-20250710-124500-001-V2-1222,"['O-20250710-124500-001-V2-3665', 'O-20250710-124500-001-V2-3666']",,,,,['V2_POS1'],c1027220-b39e-4e79-81a5-9dd40a87bd5b,1752151500000000000,1752151500000000000,,,,,,,
O-20250710-124500-001-V2-3665,BACKTESTER-001,MLSignalStrategyV2-V2,EUR/USD.IDEALPRO,IDEALPRO-1-3665,EUR/USD.IDEALPRO-MLSignalStrategyV2-V2,IDEALPRO-001,,STOP_MARKET,SELL,100000.00,GTC,True,False,0.00,NO_LIQUIDITY_SIDE,,,,NO_TRIGGER,CANCELED,OUO,OL-20250710-124500-001-V2-1222,['O-20250710-124500-001-V2-3666'],O-20250710-124500-001-V2-3664,,,,['V2_POS1_SL'],5f5c2dc5-5dbd-4954-bc66-7c791d3c7451,1752151500000000000,1752152520000000000,1.16992,DEFAULT,,,,,
O-20250710-124500-001-V2-3666,BACKTESTER-001,MLSignalStrategyV2-V2,EUR/USD.IDEALPRO,IDEALPRO-1-3666,EUR/USD.IDEALPRO-MLSignalStrategyV2-V2,IDEALPRO-001,IDEALPRO-1-388547,LIMIT,SELL,100000.00,GTC,True,False,100000.00,MAKER,1.17107,-0.00017000000000000348,['2.34 USD'],NO_TRIGGER,FILLED,OUO,OL-20250710-124500-001-V2-1222,['O-20250710-124500-001-V2-3665'],O-20250710-124500-001-V2-3664,,,,['V2_POS1_TP'],caf95302-b9f6-45c1-952c-06826cd44364,1752151500000000000,1752152520000000000,,,,,1.17090,False,
O-20250710-131500-001-V2-3667,BACKTESTER-001,MLSignalStrategyV2-V2,EUR/USD.IDEALPRO,IDEALPRO-1-3667,EUR/USD.IDEALPRO-MLSignalStrategyV2-V2,IDEALPRO-001,IDEALPRO-1-388574,MARKET,SELL,100000.00,GTC,False,False,100000.00,TAKER,1.17099,0.0,['2.34 USD'],NO_TRIGGER,FILLED,OTO,OL-20250710-131500-001-V2-1223,"['O-20250710-131500-001-V2-3668', 'O-20250710-131500-001-V2-3669']",,,,,['V2_POS1'],aa3ebcd8-f90d-40f9-9fcc-eb7ff6683e5b,1752153300000000000,1752153300000000000,,,,,,,
O-20250710-131500-001-V2-3668,BACKTESTER-001,MLSignalStrategyV2-V2,EUR/USD.IDEALPRO,IDEALPRO-1-3668,EUR/USD.IDEALPRO-MLSignalStrategyV2-V2,IDEALPRO-001,,STOP_MARKET,BUY,100000.00,GTC,True,False,0.00,NO_LIQUIDITY_SIDE,,,,NO_TRIGGER,CANCELED,OUO,OL-20250710-131500-001-V2-1223,['O-20250710-131500-001-V2-3669'],O-20250710-131500-001-V2-3667,,,,['V2_POS1_SL'],1bcfc62a-d3ef-4f90-966c-e481cc7c77ac,1752153300000000000,1752153780000000000,1.17150,DEFAULT,,,,,
O-20250710-131500-001-V2-3669,BACKTESTER-001,MLSignalStrategyV2-V2,EUR/USD.IDEALPRO,IDEALPRO-1-3669,EUR/USD.IDEALPRO-MLSignalStrategyV2-V2,IDEALPRO-001,IDEALPRO-1-388591,LIMIT,BUY,100000.00,GTC,True,False,100000.00,MAKER,1.17048,-2.0000000000131024e-05,['2.34 USD'],NO_TRIGGER,FILLED,OUO,OL-20250710-131500-001-V2-1223,['O-20250710-131500-001-V2-3668'],O-20250710-131500-001-V2-3667,,,,['V2_POS1_TP'],390c0165-d5dc-450d-8007-fa735206cf7e,1752153300000000000,1752153780000000000,,,,,1.17050,False,
O-20250710-143000-001-V2-3670,BACKTESTER-001,MLSignalStrategyV2-V2,EUR/USD.IDEALPRO,IDEALPRO-1-3670,EUR/USD.IDEALPRO-MLSignalStrategyV2-V2,IDEALPRO-001,IDEALPRO-1-388726,MARKET,BUY,100000.00,GTC,False,False,100000.00,TAKER,1.16681,0.0,['2.33 USD'],NO_TRIGGER,FILLED,OTO,OL-20250710-143000-001-V2-1224,"['O-20250710-143000-001-V2-3671', 'O-20250710-143000-001-V2-3672']",,,,,['V2_POS1'],15e833b5-8a45-4a29-a3e7-0b2a66148a45,1752157800000000000,1752157800000000000,,,,,,,
O-20250710-143000-001-V2-3671,BACKTESTER-001,MLSignalStrategyV2-V2,EUR/USD.IDEALPRO,IDEALPRO-1-3671,EUR/USD.IDEALPRO-MLSignalStrategyV2-V2,IDEALPRO-001,,STOP_MARKET,SELL,100000.00,GTC,True,False,0.00,NO_LIQUIDITY_SIDE,,,,NO_TRIGGER,CANCELED,OUO,OL-20250710-143000-001-V2-1224,['O-20250710-143000-001-V2-3672'],O-20250710-143000-001-V2-3670,,,,['V2_POS1_SL'],658e27c4-60c5-4c31-8851-e4ea357bc000,1752157800000000000,1752158100000000000,1.16597,DEFAULT,,,,,
O-20250710-143000-001-V2-3672,BACKTESTER-001,MLSignalStrategyV2-V2,EUR/USD.IDEALPRO,IDEALPRO-1-3672,EUR/USD.IDEALPRO-MLSignalStrategyV2-V2,IDEALPRO-001,IDEALPRO-1-388737,LIMIT,SELL,100000.00,GTC,True,False,100000.00,MAKER,1.16765,-2.0000000000131024e-05,['2.34 USD'],NO_TRIGGER,FILLED,OUO,OL-20250710-143000-001-V2-1224,['O-20250710-143000-001-V2-3671'],O-20250710-143000-001-V2-3670,,,,['V2_POS1_TP'],9e64d105-ad12-4402-9471-bfa453419af8,1752157800000000000,1752158100000000000,,,,,1.16763,False,
O-20250710-144500-001-V2-3673,BACKTESTER-001,MLSignalStrategyV2-V2,EUR/USD.IDEALPRO,IDEALPRO-1-3673,EUR/USD.IDEALPRO-MLSignalStrategyV2-V2,IDEALPRO-001,IDEALPRO-1-388758,MARKET,BUY,100000.00,GTC,False,False,100000.00,TAKER,1.16732,0.0,['2.33 USD'],NO_TRIGGER,FILLED,OTO,OL-20250710-144500-001-V2-1225,"['O-20250710-144500-001-V2-3674', 'O-20250710-144500-001-V2-3675']",,,,,['V2_POS1'],d2bea85f-4c98-4e45-833e-792edcced6db,1752158700000000000,1752158700000000000,,,,,,,
O-20250710-144500-001-V2-3674,BACKTESTER-001,MLSignalStrategyV2-V2,EUR/USD.IDEALPRO,IDEALPRO-1-3674,EUR/USD.IDEALPRO-MLSignalStrategyV2-V2,IDEALPRO-001,,STOP_MARKET,SELL,100000.00,GTC,True,False,0.00,NO_LIQUIDITY_SIDE,,,,NO_TRIGGER,CANCELED,OUO,OL-20250710-144500-001-V2-1225,['O-20250710-144500-001-V2-3675'],O-20250710-144500-001-V2-3673,,,,['V2_POS1_SL'],51d82704-f7b7-420b-ac55-c462e2b98363,1752158700000000000,1752159000000000000,1.16639,DEFAULT,,,,,
O-20250710-144500-001-V2-3675,BACKTESTER-001,MLSignalStrategyV2-V2,EUR/USD.IDEALPRO,IDEALPRO-1-3675,EUR/USD.IDEALPRO-MLSignalStrategyV2-V2,IDEALPRO-001,IDEALPRO-1-388769,LIMIT,SELL,100000.00,GTC,True,False,100000.00,MAKER,1.16839,-0.000140000000000029,['2.34 USD'],NO_TRIGGER,FILLED,OUO,OL-20250710-144500-001-V2-1225,['O-20250710-144500-001-V2-3674'],O-20250710-144500-001-V2-3673,,,,['V2_POS1_TP'],24e3b55a-aa9e-4cca-b49d-e903c2c11db7,1752158700000000000,1752159000000000000,,,,,1.16825,False,
O-20250710-150000-001-V2-3676,BACKTESTER-001,MLSignalStrategyV2-V2,EUR/USD.IDEALPRO,IDEALPRO-1-3676,EUR/USD.IDEALPRO-MLSignalStrategyV2-V2,IDEALPRO-001,IDEALPRO-1-388790,MARKET,BUY,100000.00,GTC,False,False,100000.00,TAKER,1.16799,0.0,['2.34 USD'],NO_TRIGGER,FILLED,OTO,OL-20250710-150000-001-V2-1226,"['O-20250710-150000-001-V2-3677', 'O-20250710-150000-001-V2-3678']",,,,,['V2_POS1'],f1d3ee9c-d58c-4169-8f04-c07f36f89a61,1752159600000000000,1752159600000000000,,,,,,,
O-20250710-150000-001-V2-3677,BACKTESTER-001,MLSignalStrategyV2-V2,EUR/USD.IDEALPRO,IDEALPRO-1-3677,EUR/USD.IDEALPRO-MLSignalStrategyV2-V2,IDEALPRO-001,,STOP_MARKET,SELL,100000.00,GTC,True,False,0.00,NO_LIQUIDITY_SIDE,,,,NO_TRIGGER,CANCELED,OUO,OL-20250710-150000-001-V2-1226,['O-20250710-150000-001-V2-3678'],O-20250710-150000-001-V2-3676,,,,['V2_POS1_SL'],d6edc2fd-1f24-4d7e-a0a6-f724223c5854,1752159600000000000,1752163440000000000,1.16707,DEFAULT,,,,,
O-20250710-150000-001-V2-3678,BACKTESTER-001,MLSignalStrategyV2-V2,EUR/USD.IDEALPRO,IDEALPRO-1-3678,EUR/USD.IDEALPRO-MLSignalStrategyV2-V2,IDEALPRO-001,IDEALPRO-1-388919,LIMIT,SELL,100000.00,GTC,True,False,100000.00,MAKER,1.16896,-5.0000000000105516e-05,['2.34 USD'],NO_TRIGGER,FILLED,OUO,OL-20250710-150000-001-V2-1226,['O-20250710-150000-001-V2-3677'],O-20250710-150000-001-V2-3676,,,,['V2_POS1_TP'],52c17bd1-39f9-487a-9c47-8eb681d8bf9a,1752159600000000000,1752163440000000000,,,,,1.16891,False,
O-20250710-183000-001-V2-3679,BACKTESTER-001,MLSignalStrategyV2-V2,EUR/USD.IDEALPRO,IDEALPRO-1-3679,EUR/USD.IDEALPRO-MLSignalStrategyV2-V2,IDEALPRO-001,IDEALPRO-1-389212,MARKET,BUY,100000.00,GTC,False,False,100000.00,TAKER,1.16923,0.0,['2.34 USD'],NO_TRIGGER,FILLED,OTO,OL-20250710-183000-001-V2-1227,"['O-20250710-183000-001-V2-3680', 'O-20250710-183000-001-V2-3681']",,,,,['V2_POS1'],7f61675c-80d1-48ee-a3e6-d307ff20ca2f,1752172200000000000,1752172200000000000,,,,,,,
O-20250710-183000-001-V2-3680,BACKTESTER-001,MLSignalStrategyV2-V2,EUR/USD.IDEALPRO,IDEALPRO-1-3680,EUR/USD.IDEALPRO-MLSignalStrategyV2-V2,IDEALPRO-001,,STOP_MARKET,SELL,100000.00,GTC,True,False,0.00,NO_LIQUIDITY_SIDE,,,,NO_TRIGGER,CANCELED,OUO,OL-20250710-183000-001-V2-1227,['O-20250710-183000-001-V2-3681'],O-20250710-183000-001-V2-3679,,,,['V2_POS1_SL'],5e841595-9651-443c-b5f0-82f3565778e4,1752172200000000000,1752176820000000000,1.16869,DEFAULT,,,,,
O-20250710-183000-001-V2-3681,BACKTESTER-001,MLSignalStrategyV2-V2,EUR/USD.IDEALPRO,IDEALPRO-1-3681,EUR/USD.IDEALPRO-MLSignalStrategyV2-V2,IDEALPRO-001,IDEALPRO-1-389367,LIMIT,SELL,100000.00,GTC,True,False,100000.00,MAKER,1.16977,0.0,['2.34 USD'],NO_TRIGGER,FILLED,OUO,OL-20250710-183000-001-V2-1227,['O-20250710-183000-001-V2-3680'],O-20250710-183000-001-V2-3679,,,,['V2_POS1_TP'],13d1bb97-ad9e-412e-890f-ffa2cbbb4b58,1752172200000000000,1752176820000000000,,,,,1.16977,False,
O-20250710-213000-001-V2-3682,BACKTESTER-001,MLSignalStrategyV2-V2,EUR/USD.IDEALPRO,IDEALPRO-1-3682,EUR/USD.IDEALPRO-MLSignalStrategyV2-V2,IDEALPRO-001,IDEALPRO-1-389544,MARKET,BUY,100000.00,GTC,False,False,100000.00,TAKER,1.16995,0.0,['2.34 USD'],NO_TRIGGER,FILLED,OTO,OL-20250710-213000-001-V2-1228,"['O-20250710-213000-001-V2-3683', 'O-20250710-213000-001-V2-3684']",,,,,['V2_POS1'],94d3ea5d-434f-4bf8-82e0-0bd98de2554d,1752183000000000000,1752183000000000000,,,,,,,
O-20250710-213000-001-V2-3683,BACKTESTER-001,MLSignalStrategyV2-V2,EUR/USD.IDEALPRO,IDEALPRO-1-3683,EUR/USD.IDEALPRO-MLSignalStrategyV2-V2,IDEALPRO-001,,STOP_MARKET,SELL,100000.00,GTC,True,False,0.00,NO_LIQUIDITY_SIDE,,,,NO_TRIGGER,CANCELED,OUO,OL-20250710-213000-001-V2-1228,['O-20250710-213000-001-V2-3684'],O-20250710-213000-001-V2-3682,,,,['V2_POS1_SL'],2d2d5df4-4b60-483c-a2c3-770c4d1a1298,1752183000000000000,1752184560000000000,1.16961,DEFAULT,,,,,
O-20250710-213000-001-V2-3684,BACKTESTER-001,MLSignalStrategyV2-V2,EUR/USD.IDEALPRO,IDEALPRO-1-3684,EUR/USD.IDEALPRO-MLSignalStrategyV2-V2,IDEALPRO-001,IDEALPRO-1-389597,LIMIT,SELL,100000.00,GTC,True,False,100000.00,MAKER,1.17034,-4.999999999988347e-05,['2.34 USD'],NO_TRIGGER,FILLED,OUO,OL-20250710-213000-001-V2-1228,['O-20250710-213000-001-V2-3683'],O-20250710-213000-001-V2-3682,,,,['V2_POS1_TP'],e45b7fc5-64ec-40d5-887b-0a8468fb342e,1752183000000000000,1752184560000000000,,,,,1.17029,False,
O-20250711-010000-001-V2-3685,BACKTESTER-001,MLSignalStrategyV2-V2,EUR/USD.IDEALPRO,IDEALPRO-1-3685,EUR/USD.IDEALPRO-MLSignalStrategyV2-V2,IDEALPRO-001,IDEALPRO-1-389966,MARKET,BUY,100000.00,GTC,False,False,100000.00,TAKER,1.1675,0.0,['2.34 USD'],NO_TRIGGER,FILLED,OTO,OL-20250711-010000-001-V2-1229,"['O-20250711-010000-001-V2-3686', 'O-20250711-010000-001-V2-3687']",,,,,['V2_POS1'],288d8ca2-49f8-4be8-a140-f07de054c8e9,1752195600000000000,1752195600000000000,,,,,,,
O-20250711-010000-001-V2-3686,BACKTESTER-001,MLSignalStrategyV2-V2,EUR/USD.IDEALPRO,IDEALPRO-1-3686,EUR/USD.IDEALPRO-MLSignalStrategyV2-V2,IDEALPRO-001,,STOP_MARKET,SELL,100000.00,GTC,True,False,0.00,NO_LIQUIDITY_SIDE,,,,NO_TRIGGER,CANCELED,OUO,OL-20250711-010000-001-V2-1229,['O-20250711-010000-001-V2-3687'],O-20250711-010000-001-V2-3685,,,,['V2_POS1_SL'],5e45b73f-fe8c-4341-a7de-fbde0dd89303,1752195600000000000,1752197940000000000,1.16680,DEFAULT,,,,,
O-20250711-010000-001-V2-3687,BACKTESTER-001,MLSignalStrategyV2-V2,EUR/USD.IDEALPRO,IDEALPRO-1-3687,EUR/USD.IDEALPRO-MLSignalStrategyV2-V2,IDEALPRO-001,IDEALPRO-1-390045,LIMIT,SELL,100000.00,GTC,True,False,100000.00,MAKER,1.16831,-0.00012999999999996348,['2.34 USD'],NO_TRIGGER,FILLED,OUO,OL-20250711-010000-001-V2-1229,['O-20250711-010000-001-V2-3686'],O-20250711-010000-001-V2-3685,,,,['V2_POS1_TP'],119e5887-1510-4f6d-9240-6cf32cae5acc,1752195600000000000,1752197940000000000,,,,,1.16818,False,
O-20250711-014500-001-V2-3688,BACKTESTER-001,MLSignalStrategyV2-V2,EUR/USD.IDEALPRO,IDEALPRO-1-3688,EUR/USD.IDEALPRO-MLSignalStrategyV2-V2,IDEALPRO-001,IDEALPRO-1-390058,MARKET,BUY,100000.00,GTC,False,False,100000.00,TAKER,1.16833,0.0,['2.34 USD'],NO_TRIGGER,FILLED,OTO,OL-20250711-014500-001-V2-1230,"['O-20250711-014500-001-V2-3689', 'O-20250711-014500-001-V2-3690']",,,,,['V2_POS1'],3a6de432-d671-46bb-a75b-d99d4c74024f,1752198300000000000,1752198300000000000,,,,,,,
O-20250711-014500-001-V2-3689,BACKTESTER-001,MLSignalStrategyV2-V2,EUR/USD.IDEALPRO,IDEALPRO-1-3689,EUR/USD.IDEALPRO-MLSignalStrategyV2-V2,IDEALPRO-001,IDEALPRO-1-390077,STOP_MARKET,SELL,100000.00,GTC,True,False,100000.00,TAKER,1.16762,9.999999999843467e-06,['2.34 USD'],NO_TRIGGER,FILLED,OUO,OL-20250711-014500-001-V2-1230,['O-20250711-014500-001-V2-3690'],O-20250711-014500-001-V2-3688,,,,['V2_POS1_SL'],37f06649-627c-4b95-bbfa-a767d4e36af8,1752198300000000000,1752198840000000000,1.16763,DEFAULT,,,,,
O-20250711-014500-001-V2-3690,BACKTESTER-001,MLSignalStrategyV2-V2,EUR/USD.IDEALPRO,IDEALPRO-1-3690,EUR/USD.IDEALPRO-MLSignalStrategyV2-V2,IDEALPRO-001,,LIMIT,SELL,100000.00,GTC,True,False,0.00,NO_LIQUIDITY_SIDE,,,,NO_TRIGGER,CANCELED,OUO,OL-20250711-014500-001-V2-1230,['O-20250711-014500-001-V2-3689'],O-20250711-014500-001-V2-3688,,,,['V2_POS1_TP'],014871e6-2a30-49e3-a7cc-3dd7c1a4cd25,1752198300000000000,1752198840000000000,,,,,1.16903,False,
O-20250711-020000-001-V2-3691,BACKTESTER-001,MLSignalStrategyV2-V2,EUR/USD.IDEALPRO,IDEALPRO-1-3691,EUR/USD.IDEALPRO-MLSignalStrategyV2-V2,IDEALPRO-001,IDEALPRO-1-390090,MARKET,BUY,100000.00,GTC,False,False,100000.00,TAKER,1.16754,0.0,['2.34 USD'],NO_TRIGGER,FILLED,OTO,OL-20250711-020000-001-V2-1231,"['O-20250711-020000-001-V2-3692', 'O-20250711-020000-001-V2-3693']",,,,,['V2_POS1'],b57fac84-e662-4838-a919-f41db0c35029,1752199200000000000,1752199200000000000,,,,,,,
O-20250711-020000-001-V2-3692,BACKTESTER-001,MLSignalStrategyV2-V2,EUR/USD.IDEALPRO,IDEALPRO-1-3692,EUR/USD.IDEALPRO-MLSignalStrategyV2-V2,IDEALPRO-001,,STOP_MARKET,SELL,100000.00,GTC,True,False,0.00,NO_LIQUIDITY_SIDE,,,,NO_TRIGGER,CANCELED,OUO,OL-20250711-020000-001-V2-1231,['O-20250711-020000-001-V2-3693'],O-20250711-020000-001-V2-3691,,,,['V2_POS1_SL'],9a35826b-f6c9-4395-8110-6a576d15b78a,1752199200000000000,1752204540000000000,1.16684,DEFAULT,,,,,
O-20250711-020000-001-V2-3693,BACKTESTER-001,MLSignalStrategyV2-V2,EUR/USD.IDEALPRO,IDEALPRO-1-3693,EUR/USD.IDEALPRO-MLSignalStrategyV2-V2,IDEALPRO-001,IDEALPRO-1-390269,LIMIT,SELL,100000.00,GTC,True,False,100000.00,MAKER,1.16823,9.999999999843467e-06,['2.34 USD'],NO_TRIGGER,FILLED,OUO,OL-20250711-020000-001-V2-1231,['O-20250711-020000-001-V2-3692'],O-20250711-020000-001-V2-3691,,,,['V2_POS1_TP'],ea11789e-2d86-4ccb-a339-c76400a02ca9,1752199200000000000,1752204540000000000,,,,,1.16824,False,
O-20250711-100000-001-V2-3694,BACKTESTER-001,MLSignalStrategyV2-V2,EUR/USD.IDEALPRO,IDEALPRO-1-3694,EUR/USD.IDEALPRO-MLSignalStrategyV2-V2,IDEALPRO-001,IDEALPRO-1-391052,MARKET,BUY,100000.00,GTC,False,False,100000.00,TAKER,1.1695,0.0,['2.34 USD'],NO_TRIGGER,FILLED,OTO,OL-20250711-100000-001-V2-1232,"['O-20250711-100000-001-V2-3695', 'O-20250711-100000-001-V2-3696']",,,,,['V2_POS1'],f8e57f02-bcdd-4ac9-a18e-ff26c2c37a97,1752228000000000000,1752228000000000000,,,,,,,
O-20250711-100000-001-V2-3695,BACKTESTER-001,MLSignalStrategyV2-V2,EUR/USD.IDEALPRO,IDEALPRO-1-3695,EUR/USD.IDEALPRO-MLSignalStrategyV2-V2,IDEALPRO-001,IDEALPRO-1-391125,STOP_MARKET,SELL,100000.00,GTC,True,False,100000.00,TAKER,1.16876,0.000140000000000029,['2.34 USD'],NO_TRIGGER,FILLED,OUO,OL-20250711-100000-001-V2-1232,['O-20250711-100000-001-V2-3696'],O-20250711-100000-001-V2-3694,,,,['V2_POS1_SL'],9446f90a-d5d6-4bd4-a751-b941b28d737f,1752228000000000000,1752230160000000000,1.16890,DEFAULT,,,,,
O-20250711-100000-001-V2-3696,BACKTESTER-001,MLSignalStrategyV2-V2,EUR/USD.IDEALPRO,IDEALPRO-1-3696,EUR/USD.IDEALPRO-MLSignalStrategyV2-V2,IDEALPRO-001,,LIMIT,SELL,100000.00,GTC,True,False,0.00,NO_LIQUIDITY_SIDE,,,,NO_TRIGGER,CANCELED,OUO,OL-20250711-100000-001-V2-1232,['O-20250711-100000-001-V2-3695'],O-20250711-100000-001-V2-3694,,,,['V2_POS1_TP'],d33484a7-2f8a-4211-8574-c3bf32170c56,1752228000000000000,1752230160000000000,,,,,1.17010,False,
O-20250711-160000-001-V2-3697,BACKTESTER-001,MLSignalStrategyV2-V2,EUR/USD.IDEALPRO,IDEALPRO-1-3697,EUR/USD.IDEALPRO-MLSignalStrategyV2-V2,IDEALPRO-001,IDEALPRO-1-391775,MARKET,BUY,100000.00,GTC,False,False,100000.00,TAKER,1.16962,0.0,['2.34 USD'],NO_TRIGGER,FILLED,OTO,OL-20250711-160000-001-V2-1233,"['O-20250711-160000-001-V2-3698', 'O-20250711-160000-001-V2-3699']",,,,,['V2_POS1'],13a329b6-a42b-4fd9-b4da-f2f410551005,1752249600000000000,1752249600000000000,,,,,,,
O-20250711-160000-001-V2-3698,BACKTESTER-001,MLSignalStrategyV2-V2,EUR/USD.IDEALPRO,IDEALPRO-1-3698,EUR/USD.IDEALPRO-MLSignalStrategyV2-V2,IDEALPRO-001,IDEALPRO-1-391839,STOP_MARKET,SELL,100000.00,GTC,True,False,100000.00,TAKER,1.16888,1.0000000000065512e-05,['2.34 USD'],NO_TRIGGER,FILLED,OUO,OL-20250711-160000-001-V2-1233,['O-20250711-160000-001-V2-3699'],O-20250711-160000-001-V2-3697,,,,['V2_POS1_SL'],44be9c29-961b-4f8a-839b-3b5f16d7c8f7,1752249600000000000,1752251520000000000,1.16889,DEFAULT,,,,,
O-20250711-160000-001-V2-3699,BACKTESTER-001,MLSignalStrategyV2-V2,EUR/USD.IDEALPRO,IDEALPRO-1-3699,EUR/USD.IDEALPRO-MLSignalStrategyV2-V2,IDEALPRO-001,,LIMIT,SELL,100000.00,GTC,True,False,0.00,NO_LIQUIDITY_SIDE,,,,NO_TRIGGER,CANCELED,OUO,OL-20250711-160000-001-V2-1233,['O-20250711-160000-001-V2-3698'],O-20250711-160000-001-V2-3697,,,,['V2_POS1_TP'],9196bf80-9561-40f1-b92d-899431e878f0,1752249600000000000,1752251520000000000,,,,,1.17035,False,
O-20250711-200000-001-V2-3700,BACKTESTER-001,MLSignalStrategyV2-V2,EUR/USD.IDEALPRO,IDEALPRO-1-3700,EUR/USD.IDEALPRO-MLSignalStrategyV2-V2,IDEALPRO-001,IDEALPRO-1-392256,MARKET,BUY,100000.00,GTC,False,False,100000.00,TAKER,1.16881,0.0,['2.34 USD'],NO_TRIGGER,FILLED,OTO,OL-20250711-200000-001-V2-1234,"['O-20250711-200000-001-V2-3701', 'O-20250711-200000-001-V2-3702']",,,,,['V2_POS1'],6eaf959b-8ada-4b1c-ae34-84ae6b7b1161,1752264000000000000,1752264000000000000,,,,,,,
O-20250711-200000-001-V2-3701,BACKTESTER-001,MLSignalStrategyV2-V2,EUR/USD.IDEALPRO,IDEALPRO-1-3701,EUR/USD.IDEALPRO-MLSignalStrategyV2-V2,IDEALPRO-001,IDEALPRO-1-392303,STOP_MARKET,SELL,100000.00,GTC,True,False,100000.00,TAKER,1.16828,9.999999999998899e-05,['2.34 USD'],NO_TRIGGER,FILLED,OUO,OL-20250711-200000-001-V2-1234,['O-20250711-200000-001-V2-3702'],O-20250711-200000-001-V2-3700,,,,['V2_POS1_SL'],79ba924a-14d6-4ad1-8fff-ca879a249ec6,1752264000000000000,1752265380000000000,1.16838,DEFAULT,,,,,
O-20250711-200000-001-V2-3702,BACKTESTER-001,MLSignalStrategyV2-V2,EUR/USD.IDEALPRO,IDEALPRO-1-3702,EUR/USD.IDEALPRO-MLSignalStrategyV2-V2,IDEALPRO-001,,LIMIT,SELL,100000.00,GTC,True,False,0.00,NO_LIQUIDITY_SIDE,,,,NO_TRIGGER,CANCELED,OUO,OL-20250711-200000-001-V2-1234,['O-20250711-200000-001-V2-3701'],O-20250711-200000-001-V2-3700,,,,['V2_POS1_TP'],40ed126c-008c-4f85-930d-e70d797aec77,1752264000000000000,1752265380000000000,,,,,1.16924,False,
O-20250711-204500-001-V2-3703,BACKTESTER-001,MLSignalStrategyV2-V2,EUR/USD.IDEALPRO,IDEALPRO-1-3703,EUR/USD.IDEALPRO-MLSignalStrategyV2-V2,IDEALPRO-001,IDEALPRO-1-392349,MARKET,BUY,100000.00,GTC,False,False,100000.00,TAKER,1.16871,0.0,['2.34 USD'],NO_TRIGGER,FILLED,OTO,OL-20250711-204500-001-V2-1235,"['O-20250711-204500-001-V2-3704', 'O-20250711-204500-001-V2-3705']",,,,,['V2_POS1'],fe90cafc-d7d0-4b7a-9dcb-0f8721252417,1752266700000000000,1752266700000000000,,,,,,,
O-20250711-204500-001-V2-3704,BACKTESTER-001,MLSignalStrategyV2-V2,EUR/USD.IDEALPRO,IDEALPRO-1-3704,EUR/USD.IDEALPRO-MLSignalStrategyV2-V2,IDEALPRO-001,,STOP_MARKET,SELL,100000.00,GTC,True,False,0.00,NO_LIQUIDITY_SIDE,,,,NO_TRIGGER,CANCELED,OUO,OL-20250711-204500-001-V2-1235,['O-20250711-204500-001-V2-3705'],O-20250711-204500-001-V2-3703,,,,['V2_POS1_SL'],c78112e9-e89e-439b-bd3c-d60a8cf19e46,1752266700000000000,1752267180000000000,1.16826,DEFAULT,,,,,
O-20250711-204500-001-V2-3705,BACKTESTER-001,MLSignalStrategyV2-V2,EUR/USD.IDEALPRO,IDEALPRO-1-3705,EUR/USD.IDEALPRO-MLSignalStrategyV2-V2,IDEALPRO-001,IDEALPRO-1-392365,LIMIT,SELL,100000.00,GTC,True,False,100000.00,MAKER,1.16918,-2.0000000000131024e-05,['2.34 USD'],NO_TRIGGER,FILLED,OUO,OL-20250711-204500-001-V2-1235,['O-20250711-204500-001-V2-3704'],O-20250711-204500-001-V2-3703,,,,['V2_POS1_TP'],9662e4ad-dd74-40b8-9630-3ab78e4e8127,1752266700000000000,1752267180000000000,,,,,1.16916,False,
O-20250713-213000-001-V2-3706,BACKTESTER-001,MLSignalStrategyV2-V2,EUR/USD.IDEALPRO,IDEALPRO-1-3706,EUR/USD.IDEALPRO-MLSignalStrategyV2-V2,IDEALPRO-001,IDEALPRO-1-392410,MARKET,BUY,100000.00,GTC,False,False,100000.00,TAKER,1.1666,0.0,['2.33 USD'],NO_TRIGGER,FILLED,OTO,OL-20250713-213000-001-V2-1236,"['O-20250713-213000-001-V2-3707', 'O-20250713-213000-001-V2-3708']",,,,,['V2_POS1'],34f3ebd4-a9da-499c-9abe-3bd5b1c91a44,1752442200000000000,1752442200000000000,,,,,,,
O-20250713-213000-001-V2-3707,BACKTESTER-001,MLSignalStrategyV2-V2,EUR/USD.IDEALPRO,IDEALPRO-1-3707,EUR/USD.IDEALPRO-MLSignalStrategyV2-V2,IDEALPRO-001,,STOP_MARKET,SELL,100000.00,GTC,True,False,0.00,NO_LIQUIDITY_SIDE,,,,NO_TRIGGER,CANCELED,OUO,OL-20250713-213000-001-V2-1236,['O-20250713-213000-001-V2-3708'],O-20250713-213000-001-V2-3706,,,,['V2_POS1_SL'],b9b53b61-40dd-471a-9f9b-2a703255c52a,1752442200000000000,1752442980000000000,1.16601,DEFAULT,,,,,
O-20250713-213000-001-V2-3708,BACKTESTER-001,MLSignalStrategyV2-V2,EUR/USD.IDEALPRO,IDEALPRO-1-3708,EUR/USD.IDEALPRO-MLSignalStrategyV2-V2,IDEALPRO-001,IDEALPRO-1-392437,LIMIT,SELL,100000.00,GTC,True,False,100000.00,MAKER,1.16721,-2.0000000000131024e-05,['2.33 USD'],NO_TRIGGER,FILLED,OUO,OL-20250713-213000-001-V2-1236,['O-20250713-213000-001-V2-3707'],O-20250713-213000-001-V2-3706,,,,['V2_POS1_TP'],34b0a63d-a633-4303-946e-7b100e908c4a,1752442200000000000,1752442980000000000,,,,,1.16719,False,
O-20250713-214500-001-V2-3709,BACKTESTER-001,MLSignalStrategyV2-V2,EUR/USD.IDEALPRO,IDEALPRO-1-3709,EUR/USD.IDEALPRO-MLSignalStrategyV2-V2,IDEALPRO-001,IDEALPRO-1-392441,MARKET,BUY,100000.00,GTC,False,False,100000.00,TAKER,1.16715,0.0,['2.33 USD'],NO_TRIGGER,FILLED,OTO,OL-20250713-214500-001-V2-1237,"['O-20250713-214500-001-V2-3710', 'O-20250713-214500-001-V2-3711']",,,,,['V2_POS1'],acc29289-70bd-46ab-89d2-02591816fb04,1752443100000000000,1752443100000000000,,,,,,,
O-20250713-214500-001-V2-3710,BACKTESTER-001,MLSignalStrategyV2-V2,EUR/USD.IDEALPRO,IDEALPRO-1-3710,EUR/USD.IDEALPRO-MLSignalStrategyV2-V2,IDEALPRO-001,,STOP_MARKET,SELL,100000.00,GTC,True,False,0.00,NO_LIQUIDITY_SIDE,,,,NO_TRIGGER,CANCELED,OUO,OL-20250713-214500-001-V2-1237,['O-20250713-214500-001-V2-3711'],O-20250713-214500-001-V2-3709,,,,['V2_POS1_SL'],b71c0109-0cf0-4596-9c0c-e9612f786609,1752443100000000000,1752444180000000000,1.16647,DEFAULT,,,,,
O-20250713-214500-001-V2-3711,BACKTESTER-001,MLSignalStrategyV2-V2,EUR/USD.IDEALPRO,IDEALPRO-1-3711,EUR/USD.IDEALPRO-MLSignalStrategyV2-V2,IDEALPRO-001,IDEALPRO-1-392479,LIMIT,SELL,100000.00,GTC,True,False,100000.00,MAKER,1.16796,-0.0002700000000002145,['2.34 USD'],NO_TRIGGER,FILLED,OUO,OL-20250713-214500-001-V2-1237,['O-20250713-214500-001-V2-3710'],O-20250713-214500-001-V2-3709,,,,['V2_POS1_TP'],2cea657d-a4c1-46ae-8e47-f09e7a3d6732,1752443100000000000,1752444180000000000,,,,,1.16769,False,
O-20250713-221500-001-V2-3712,BACKTESTER-001,MLSignalStrategyV2-V2,EUR/USD.IDEALPRO,IDEALPRO-1-3712,EUR/USD.IDEALPRO-MLSignalStrategyV2-V2,IDEALPRO-001,IDEALPRO-1-392504,MARKET,BUY,100000.00,GTC,False,False,100000.00,TAKER,1.16705,0.0,['2.33 USD'],NO_TRIGGER,FILLED,OTO,OL-20250713-221500-001-V2-1238,"['O-20250713-221500-001-V2-3713', 'O-20250713-221500-001-V2-3714']",,,,,['V2_POS1'],ed638673-1d9e-4fcc-8dc9-9256f2db1172,1752444900000000000,1752444900000000000,,,,,,,
O-20250713-221500-001-V2-3713,BACKTESTER-001,MLSignalStrategyV2-V2,EUR/USD.IDEALPRO,IDEALPRO-1-3713,EUR/USD.IDEALPRO-MLSignalStrategyV2-V2,IDEALPRO-001,IDEALPRO-1-392506,STOP_MARKET,SELL,100000.00,GTC,True,False,100000.00,TAKER,1.16632,4.0000000000040004e-05,['2.33 USD'],NO_TRIGGER,FILLED,OUO,OL-20250713-221500-001-V2-1238,['O-20250713-221500-001-V2-3714'],O-20250713-221500-001-V2-3712,,,,['V2_POS1_SL'],2248c8d4-8bb4-4765-b6e4-69a8b5488486,1752444900000000000,1752444900000000000,1.16636,DEFAULT,,,,,
O-20250713-221500-001-V2-3714,BACKTESTER-001,MLSignalStrategyV2-V2,EUR/USD.IDEALPRO,IDEALPRO-1-3714,EUR/USD.IDEALPRO-MLSignalStrategyV2-V2,IDEALPRO-001,,LIMIT,SELL,100000.00,GTC,True,False,0.00,NO_LIQUIDITY_SIDE,,,,NO_TRIGGER,CANCELED,OUO,OL-20250713-221500-001-V2-1238,['O-20250713-221500-001-V2-3713'],O-20250713-221500-001-V2-3712,,,,['V2_POS1_TP'],3a029916-e2b3-43de-87f9-66c229f84376,1752444900000000000,1752444900000000000,,,,,1.16772,False,
O-20250713-221500-001-V2-3715,BACKTESTER-001,MLSignalStrategyV2-V2,EUR/USD.IDEALPRO,IDEALPRO-1-3715,EUR/USD.IDEALPRO-MLSignalStrategyV2-V2,IDEALPRO-001,IDEALPRO-1-392507,MARKET,BUY,100000.00,GTC,False,False,100000.00,TAKER,1.16705,0.0,['2.33 USD'],NO_TRIGGER,FILLED,OTO,OL-20250713-221500-001-V2-1239,"['O-20250713-221500-001-V2-3716', 'O-20250713-221500-001-V2-3717']",,,,,['V2_POS1'],dd0d147b-218e-4c50-8da2-892e280a2aba,1752444900000000000,1752444900000000000,,,,,,,
O-20250713-221500-001-V2-3716,BACKTESTER-001,MLSignalStrategyV2-V2,EUR/USD.IDEALPRO,IDEALPRO-1-3716,EUR/USD.IDEALPRO-MLSignalStrategyV2-V2,IDEALPRO-001,,STOP_MARKET,SELL,100000.00,GTC,True,False,0.00,NO_LIQUIDITY_SIDE,,,,NO_TRIGGER,CANCELED,OUO,OL-20250713-221500-001-V2-1239,['O-20250713-221500-001-V2-3717'],O-20250713-221500-001-V2-3715,,,,['V2_POS1_SL'],e39c6d43-f2a3-493b-9235-8e57916d2d92,1752444900000000000,1752449400000000000,1.16628,DEFAULT,,,,,
O-20250713-221500-001-V2-3717,BACKTESTER-001,MLSignalStrategyV2-V2,EUR/USD.IDEALPRO,IDEALPRO-1-3717,EUR/USD.IDEALPRO-MLSignalStrategyV2-V2,IDEALPRO-001,IDEALPRO-1-392657,LIMIT,SELL,100000.00,GTC,True,False,100000.00,MAKER,1.16786,-5.999999999994898e-05,['2.34 USD'],NO_TRIGGER,FILLED,OUO,OL-20250713-221500-001-V2-1239,['O-20250713-221500-001-V2-3716'],O-20250713-221500-001-V2-3715,,,,['V2_POS1_TP'],fa295f2a-c6a3-4518-9d80-0821a9a86980,1752444900000000000,1752449400000000000,,,,,1.16780,False,
O-20250713-233000-001-V2-3718,BACKTESTER-001,MLSignalStrategyV2-V2,EUR/USD.IDEALPRO,IDEALPRO-1-3718,EUR/USD.IDEALPRO-MLSignalStrategyV2-V2,IDEALPRO-001,IDEALPRO-1-392658,MARKET,BUY,100000.00,GTC,False,False,100000.00,TAKER,1.16769,0.0,['2.34 USD'],NO_TRIGGER,FILLED,OTO,OL-20250713-233000-001-V2-1240,"['O-20250713-233000-001-V2-3719', 'O-20250713-233000-001-V2-3720']",,,,,['V2_POS1'],471bdee4-2079-420a-8df9-6f5b01f4fb5b,1752449400000000000,1752449400000000000,,,,,,,
O-20250713-233000-001-V2-3719,BACKTESTER-001,MLSignalStrategyV2-V2,EUR/USD.IDEALPRO,IDEALPRO-1-3719,EUR/USD.IDEALPRO-MLSignalStrategyV2-V2,IDEALPRO-001,,STOP_MARKET,SELL,100000.00,GTC,True,False,0.00,NO_LIQUIDITY_SIDE,,,,NO_TRIGGER,CANCELED,OUO,OL-20250713-233000-001-V2-1240,['O-20250713-233000-001-V2-3720'],O-20250713-233000-001-V2-3718,,,,['V2_POS1_SL'],82cc1539-9009-4435-86aa-25516e168c84,1752449400000000000,1752451260000000000,1.16700,DEFAULT,,,,,
O-20250713-233000-001-V2-3720,BACKTESTER-001,MLSignalStrategyV2-V2,EUR/USD.IDEALPRO,IDEALPRO-1-3720,EUR/USD.IDEALPRO-MLSignalStrategyV2-V2,IDEALPRO-001,IDEALPRO-1-392721,LIMIT,SELL,100000.00,GTC,True,False,100000.00,MAKER,1.16848,-0.00011999999999989797,['2.34 USD'],NO_TRIGGER,FILLED,OUO,OL-20250713-233000-001-V2-1240,['O-20250713-233000-001-V2-3719'],O-20250713-233000-001-V2-3718,,,,['V2_POS1_TP'],a8b9c4f3-cc4c-4fc3-9301-341eaf0e7ae0,1752449400000000000,1752451260000000000,,,,,1.16836,False,
O-20250714-064500-001-V2-3721,BACKTESTER-001,MLSignalStrategyV2-V2,EUR/USD.IDEALPRO,IDEALPRO-1-3721,EUR/USD.IDEALPRO-MLSignalStrategyV2-V2,IDEALPRO-001,IDEALPRO-1-393530,MARKET,SELL,100000.00,GTC,False,False,100000.00,TAKER,1.16643,0.0,['2.33 USD'],NO_TRIGGER,FILLED,OTO,OL-20250714-064500-001-V2-1241,"['O-20250714-064500-001-V2-3722', 'O-20250714-064500-001-V2-3723']",,,,,['V2_POS1'],df687cc4-ee8d-402a-b1df-1a88e6b85214,1752475500000000000,1752475500000000000,,,,,,,
O-20250714-064500-001-V2-3722,BACKTESTER-001,MLSignalStrategyV2-V2,EUR/USD.IDEALPRO,IDEALPRO-1-3722,EUR/USD.IDEALPRO-MLSignalStrategyV2-V2,IDEALPRO-001,IDEALPRO-1-393583,STOP_MARKET,BUY,100000.00,GTC,True,False,100000.00,TAKER,1.16716,0.00017000000000000348,['2.33 USD'],NO_TRIGGER,FILLED,OUO,OL-20250714-064500-001-V2-1241,['O-20250714-064500-001-V2-3723'],O-20250714-064500-001-V2-3721,,,,['V2_POS1_SL'],d4471766-64ff-4034-9e89-c788633bcea4,1752475500000000000,1752477060000000000,1.16699,DEFAULT,,,,,
O-20250714-064500-001-V2-3723,BACKTESTER-001,MLSignalStrategyV2-V2,EUR/USD.IDEALPRO,IDEALPRO-1-3723,EUR/USD.IDEALPRO-MLSignalStrategyV2-V2,IDEALPRO-001,,LIMIT,BUY,100000.00,GTC,True,False,0.00,NO_LIQUIDITY_SIDE,,,,NO_TRIGGER,CANCELED,OUO,OL-20250714-064500-001-V2-1241,['O-20250714-064500-001-V2-3722'],O-20250714-064500-001-V2-3721,,,,['V2_POS1_TP'],46d6bfc8-db50-41e2-9f9e-7b5195b31813,1752475500000000000,1752477060000000000,,,,,1.16587,False,
O-20250714-071500-001-V2-3724,BACKTESTER-001,MLSignalStrategyV2-V2,EUR/USD.IDEALPRO,IDEALPRO-1-3724,EUR/USD.IDEALPRO-MLSignalStrategyV2-V2,IDEALPRO-001,IDEALPRO-1-393592,MARKET,SELL,100000.00,GTC,False,False,100000.00,TAKER,1.16725,0.0,['2.33 USD'],NO_TRIGGER,FILLED,OTO,OL-20250714-071500-001-V2-1242,"['O-20250714-071500-001-V2-3725', 'O-20250714-071500-001-V2-3726']",,,,,['V2_POS1'],7f03f396-345e-4e51-968b-91362a3c9e8d,1752477300000000000,1752477300000000000,,,,,,,
O-20250714-071500-001-V2-3725,BACKTESTER-001,MLSignalStrategyV2-V2,EUR/USD.IDEALPRO,IDEALPRO-1-3725,EUR/USD.IDEALPRO-MLSignalStrategyV2-V2,IDEALPRO-001,IDEALPRO-1-393623,STOP_MARKET,BUY,100000.00,GTC,True,False,100000.00,TAKER,1.16792,9.999999999998899e-05,['2.34 USD'],NO_TRIGGER,FILLED,OUO,OL-20250714-071500-001-V2-1242,['O-20250714-071500-001-V2-3726'],O-20250714-071500-001-V2-3724,,,,['V2_POS1_SL'],34a47a42-0126-4ed6-89be-56df550152d5,1752477300000000000,1752478200000000000,1.16782,DEFAULT,,,,,
O-20250714-071500-001-V2-3726,BACKTESTER-001,MLSignalStrategyV2-V2,EUR/USD.IDEALPRO,IDEALPRO-1-3726,EUR/USD.IDEALPRO-MLSignalStrategyV2-V2,IDEALPRO-001,,LIMIT,BUY,100000.00,GTC,True,False,0.00,NO_LIQUIDITY_SIDE,,,,NO_TRIGGER,CANCELED,OUO,OL-20250714-071500-001-V2-1242,['O-20250714-071500-001-V2-3725'],O-20250714-071500-001-V2-3724,,,,['V2_POS1_TP'],3d82034c-6b5a-4e21-a48d-64e6e1b818c1,1752477300000000000,1752478200000000000,,,,,1.16668,False,
O-20250714-131500-001-V2-3727,BACKTESTER-001,MLSignalStrategyV2-V2,EUR/USD.IDEALPRO,IDEALPRO-1-3727,EUR/USD.IDEALPRO-MLSignalStrategyV2-V2,IDEALPRO-001,IDEALPRO-1-394315,MARKET,BUY,100000.00,GTC,False,False,100000.00,TAKER,1.16801,0.0,['2.34 USD'],NO_TRIGGER,FILLED,OTO,OL-20250714-131500-001-V2-1243,"['O-20250714-131500-001-V2-3728', 'O-20250714-131500-001-V2-3729']",,,,,['V2_POS1'],af3f28f9-a2b3-4945-932d-80e830705735,1752498900000000000,1752498900000000000,,,,,,,
O-20250714-131500-001-V2-3728,BACKTESTER-001,MLSignalStrategyV2-V2,EUR/USD.IDEALPRO,IDEALPRO-1-3728,EUR/USD.IDEALPRO-MLSignalStrategyV2-V2,IDEALPRO-001,IDEALPRO-1-394349,STOP_MARKET,SELL,100000.00,GTC,True,False,100000.00,TAKER,1.16749,1.0000000000065512e-05,['2.33 USD'],NO_TRIGGER,FILLED,OUO,OL-20250714-131500-001-V2-1243,['O-20250714-131500-001-V2-3729'],O-20250714-131500-001-V2-3727,,,,['V2_POS1_SL'],2669e5b9-6549-4170-a0f3-157627a99290,1752498900000000000,1752499920000000000,1.16750,DEFAULT,,,,,
O-20250714-131500-001-V2-3729,BACKTESTER-001,MLSignalStrategyV2-V2,EUR/USD.IDEALPRO,IDEALPRO-1-3729,EUR/USD.IDEALPRO-MLSignalStrategyV2-V2,IDEALPRO-001,,LIMIT,SELL,100000.00,GTC,True,False,0.00,NO_LIQUIDITY_SIDE,,,,NO_TRIGGER,CANCELED,OUO,OL-20250714-131500-001-V2-1243,['O-20250714-131500-001-V2-3728'],O-20250714-131500-001-V2-3727,,,,['V2_POS1_TP'],fa9c5290-cc38-42f8-9557-d1d0cf48185a,1752498900000000000,1752499920000000000,,,,,1.16850,False,
O-20250714-191500-001-V2-3730,BACKTESTER-001,MLSignalStrategyV2-V2,EUR/USD.IDEALPRO,IDEALPRO-1-3730,EUR/USD.IDEALPRO-MLSignalStrategyV2-V2,IDEALPRO-001,IDEALPRO-1-395036,MARKET,SELL,100000.00,GTC,False,False,100000.00,TAKER,1.16697,0.0,['2.33 USD'],NO_TRIGGER,FILLED,OTO,OL-20250714-191500-001-V2-1244,"['O-20250714-191500-001-V2-3731', 'O-20250714-191500-001-V2-3732']",,,,,['V2_POS1'],fe10f17d-28b4-4469-9d39-00f630e72fe6,1752520500000000000,1752520500000000000,,,,,,,
O-20250714-191500-001-V2-3731,BACKTESTER-001,MLSignalStrategyV2-V2,EUR/USD.IDEALPRO,IDEALPRO-1-3731,EUR/USD.IDEALPRO-MLSignalStrategyV2-V2,IDEALPRO-001,,STOP_MARKET,BUY,100000.00,GTC,True,False,0.00,NO_LIQUIDITY_SIDE,,,,NO_TRIGGER,CANCELED,OUO,OL-20250714-191500-001-V2-1244,['O-20250714-191500-001-V2-3732'],O-20250714-191500-001-V2-3730,,,,['V2_POS1_SL'],905b5ead-6aa4-4f60-bc4c-ea413c9cebf1,1752520500000000000,1752522360000000000,1.16744,DEFAULT,,,,,
O-20250714-191500-001-V2-3732,BACKTESTER-001,MLSignalStrategyV2-V2,EUR/USD.IDEALPRO,IDEALPRO-1-3732,EUR/USD.IDEALPRO-MLSignalStrategyV2-V2,IDEALPRO-001,IDEALPRO-1-395099,LIMIT,BUY,100000.00,GTC,True,False,100000.00,MAKER,1.16647,-5.0000000000105516e-05,['2.33 USD'],NO_TRIGGER,FILLED,OUO,OL-20250714-191500-001-V2-1244,['O-20250714-191500-001-V2-3731'],O-20250714-191500-001-V2-3730,,,,['V2_POS1_TP'],f3ad6c7d-0b0e-49f8-863d-a6370ebb42c2,1752520500000000000,1752522360000000000,,,,,1.16652,False,
O-20250715-070000-001-V2-3733,BACKTESTER-001,MLSignalStrategyV2-V2,EUR/USD.IDEALPRO,IDEALPRO-1-3733,EUR/USD.IDEALPRO-MLSignalStrategyV2-V2,IDEALPRO-001,IDEALPRO-1-396418,MARKET,SELL,100000.00,GTC,False,False,100000.00,TAKER,1.16779,0.0,['2.34 USD'],NO_TRIGGER,FILLED,OTO,OL-20250715-070000-001-V2-1245,"['O-20250715-070000-001-V2-3734', 'O-20250715-070000-001-V2-3735']",,,,,['V2_POS1'],cf8ee1ff-6d3c-4b0a-866b-67fb8425049c,1752562800000000000,1752562800000000000,,,,,,,
O-20250715-070000-001-V2-3734,BACKTESTER-001,MLSignalStrategyV2-V2,EUR/USD.IDEALPRO,IDEALPRO-1-3734,EUR/USD.IDEALPRO-MLSignalStrategyV2-V2,IDEALPRO-001,,STOP_MARKET,BUY,100000.00,GTC,True,False,0.00,NO_LIQUIDITY_SIDE,,,,NO_TRIGGER,CANCELED,OUO,OL-20250715-070000-001-V2-1245,['O-20250715-070000-001-V2-3735'],O-20250715-070000-001-V2-3733,,,,['V2_POS1_SL'],9cf624f0-0350-4fb9-af9f-85d2751a0297,1752562800000000000,1752562980000000000,1.16816,DEFAULT,,,,,
O-20250715-070000-001-V2-3735,BACKTESTER-001,MLSignalStrategyV2-V2,EUR/USD.IDEALPRO,IDEALPRO-1-3735,EUR/USD.IDEALPRO-MLSignalStrategyV2-V2,IDEALPRO-001,IDEALPRO-1-396425,LIMIT,BUY,100000.00,GTC,True,False,100000.00,MAKER,1.16741,-9.999999999843467e-06,['2.33 USD'],NO_TRIGGER,FILLED,OUO,OL-20250715-070000-001-V2-1245,['O-20250715-070000-001-V2-3734'],O-20250715-070000-001-V2-3733,,,,['V2_POS1_TP'],a202f533-1a28-4592-a2c0-f01116832c71,1752562800000000000,1752562980000000000,,,,,1.16742,False,
O-20250715-084500-001-V2-3736,BACKTESTER-001,MLSignalStrategyV2-V2,EUR/USD.IDEALPRO,IDEALPRO-1-3736,EUR/USD.IDEALPRO-MLSignalStrategyV2-V2,IDEALPRO-001,IDEALPRO-1-396631,MARKET,BUY,100000.00,GTC,False,False,100000.00,TAKER,1.16841,0.0,['2.34 USD'],NO_TRIGGER,FILLED,OTO,OL-20250715-084500-001-V2-1246,"['O-20250715-084500-001-V2-3737', 'O-20250715-084500-001-V2-3738']",,,,,['V2_POS1'],4fec826f-14cd-41cb-94fd-23c0000bc550,1752569100000000000,1752569100000000000,,,,,,,
O-20250715-084500-001-V2-3737,BACKTESTER-001,MLSignalStrategyV2-V2,EUR/USD.IDEALPRO,IDEALPRO-1-3737,EUR/USD.IDEALPRO-MLSignalStrategyV2-V2,IDEALPRO-001,,STOP_MARKET,SELL,100000.00,GTC,True,False,0.00,NO_LIQUIDITY_SIDE,,,,NO_TRIGGER,CANCELED,OUO,OL-20250715-084500-001-V2-1246,['O-20250715-084500-001-V2-3738'],O-20250715-084500-001-V2-3736,,,,['V2_POS1_SL'],f04e80db-f023-4159-a03f-50c54dad01b4,1752569100000000000,1752570480000000000,1.16789,DEFAULT,,,,,
O-20250715-084500-001-V2-3738,BACKTESTER-001,MLSignalStrategyV2-V2,EUR/USD.IDEALPRO,IDEALPRO-1-3738,EUR/USD.IDEALPRO-MLSignalStrategyV2-V2,IDEALPRO-001,IDEALPRO-1-396677,LIMIT,SELL,100000.00,GTC,True,False,100000.00,MAKER,1.16909,-0.00015999999999993797,['2.34 USD'],NO_TRIGGER,FILLED,OUO,OL-20250715-084500-001-V2-1246,['O-20250715-084500-001-V2-3737'],O-20250715-084500-001-V2-3736,,,,['V2_POS1_TP'],e35e9fb7-c19a-4797-abc1-2d12228efeb0,1752569100000000000,1752570480000000000,,,,,1.16893,False,
O-20250715-111500-001-V2-3739,BACKTESTER-001,MLSignalStrategyV2-V2,EUR/USD.IDEALPRO,IDEALPRO-1-3739,EUR/USD.IDEALPRO-MLSignalStrategyV2-V2,IDEALPRO-001,IDEALPRO-1-396933,MARKET,BUY,100000.00,GTC,False,False,100000.00,TAKER,1.16777,0.0,['2.34 USD'],NO_TRIGGER,FILLED,OTO,OL-20250715-111500-001-V2-1247,"['O-20250715-111500-001-V2-3740', 'O-20250715-111500-001-V2-3741']",,,,,['V2_POS1'],a03620c4-230c-41c3-b9a1-6c558a0d431b,1752578100000000000,1752578100000000000,,,,,,,
O-20250715-111500-001-V2-3740,BACKTESTER-001,MLSignalStrategyV2-V2,EUR/USD.IDEALPRO,IDEALPRO-1-3740,EUR/USD.IDEALPRO-MLSignalStrategyV2-V2,IDEALPRO-001,IDEALPRO-1-396949,STOP_MARKET,SELL,100000.00,GTC,True,False,100000.00,TAKER,1.16724,4.0000000000040004e-05,['2.33 USD'],NO_TRIGGER,FILLED,OUO,OL-20250715-111500-001-V2-1247,['O-20250715-111500-001-V2-3741'],O-20250715-111500-001-V2-3739,,,,['V2_POS1_SL'],1394f13d-435f-4661-b5ff-392cb8820e42,1752578100000000000,1752578580000000000,1.16728,DEFAULT,,,,,
O-20250715-111500-001-V2-3741,BACKTESTER-001,MLSignalStrategyV2-V2,EUR/USD.IDEALPRO,IDEALPRO-1-3741,EUR/USD.IDEALPRO-MLSignalStrategyV2-V2,IDEALPRO-001,,LIMIT,SELL,100000.00,GTC,True,False,0.00,NO_LIQUIDITY_SIDE,,,,NO_TRIGGER,CANCELED,OUO,OL-20250715-111500-001-V2-1247,['O-20250715-111500-001-V2-3740'],O-20250715-111500-001-V2-3739,,,,['V2_POS1_TP'],0b0a47a4-50a1-423e-aceb-6b44643c5ecb,1752578100000000000,1752578580000000000,,,,,1.16824,False,
O-20250715-113000-001-V2-3742,BACKTESTER-001,MLSignalStrategyV2-V2,EUR/USD.IDEALPRO,IDEALPRO-1-3742,EUR/USD.IDEALPRO-MLSignalStrategyV2-V2,IDEALPRO-001,IDEALPRO-1-396964,MARKET,BUY,100000.00,GTC,False,False,100000.00,TAKER,1.16722,0.0,['2.33 USD'],NO_TRIGGER,FILLED,OTO,OL-20250715-113000-001-V2-1248,"['O-20250715-113000-001-V2-3743', 'O-20250715-113000-001-V2-3744']",,,,,['V2_POS1'],5193bcf4-a979-470d-a617-a81278f51ef6,1752579000000000000,1752579000000000000,,,,,,,
O-20250715-113000-001-V2-3743,BACKTESTER-001,MLSignalStrategyV2-V2,EUR/USD.IDEALPRO,IDEALPRO-1-3743,EUR/USD.IDEALPRO-MLSignalStrategyV2-V2,IDEALPRO-001,IDEALPRO-1-397027,STOP_MARKET,SELL,100000.00,GTC,True,False,100000.00,TAKER,1.16673,1.0000000000065512e-05,['2.33 USD'],NO_TRIGGER,FILLED,OUO,OL-20250715-113000-001-V2-1248,['O-20250715-113000-001-V2-3744'],O-20250715-113000-001-V2-3742,,,,['V2_POS1_SL'],7e94272f-8fe8-4137-b721-0cdb335d20a9,1752579000000000000,1752580860000000000,1.16674,DEFAULT,,,,,
O-20250715-113000-001-V2-3744,BACKTESTER-001,MLSignalStrategyV2-V2,EUR/USD.IDEALPRO,IDEALPRO-1-3744,EUR/USD.IDEALPRO-MLSignalStrategyV2-V2,IDEALPRO-001,,LIMIT,SELL,100000.00,GTC,True,False,0.00,NO_LIQUIDITY_SIDE,,,,NO_TRIGGER,CANCELED,OUO,OL-20250715-113000-001-V2-1248,['O-20250715-113000-001-V2-3743'],O-20250715-113000-001-V2-3742,,,,['V2_POS1_TP'],9859a4a9-445a-4ea1-9adc-9ced584f3e16,1752579000000000000,1752580860000000000,,,,,1.16770,False,
O-20250715-121500-001-V2-3745,BACKTESTER-001,MLSignalStrategyV2-V2,EUR/USD.IDEALPRO,IDEALPRO-1-3745,EUR/USD.IDEALPRO-MLSignalStrategyV2-V2,IDEALPRO-001,IDEALPRO-1-397056,MARKET,SELL,100000.00,GTC,False,False,100000.00,TAKER,1.1668,0.0,['2.33 USD'],NO_TRIGGER,FILLED,OTO,OL-20250715-121500-001-V2-1249,"['O-20250715-121500-001-V2-3746', 'O-20250715-121500-001-V2-3747']",,,,,['V2_POS1'],3108a30c-d5ed-4b04-bb01-b7c42ac67ff7,1752581700000000000,1752581700000000000,,,,,,,
O-20250715-121500-001-V2-3746,BACKTESTER-001,MLSignalStrategyV2-V2,EUR/USD.IDEALPRO,IDEALPRO-1-3746,EUR/USD.IDEALPRO-MLSignalStrategyV2-V2,IDEALPRO-001,IDEALPRO-1-397089,STOP_MARKET,BUY,100000.00,GTC,True,False,100000.00,TAKER,1.16864,0.0013799999999999368,['2.34 USD'],NO_TRIGGER,FILLED,OUO,OL-20250715-121500-001-V2-1249,['O-20250715-121500-001-V2-3747'],O-20250715-121500-001-V2-3745,,,,['V2_POS1_SL'],75230ea2-557f-4829-9f97-2b1436de3f2a,1752581700000000000,1752582660000000000,1.16726,DEFAULT,,,,,
O-20250715-121500-001-V2-3747,BACKTESTER-001,MLSignalStrategyV2-V2,EUR/USD.IDEALPRO,IDEALPRO-1-3747,EUR/USD.IDEALPRO-MLSignalStrategyV2-V2,IDEALPRO-001,,LIMIT,BUY,100000.00,GTC,True,False,0.00,NO_LIQUIDITY_SIDE,,,,NO_TRIGGER,CANCELED,OUO,OL-20250715-121500-001-V2-1249,['O-20250715-121500-001-V2-3746'],O-20250715-121500-001-V2-3745,,,,['V2_POS1_TP'],84b971dd-224f-494f-b805-d3be6d4d2e73,1752581700000000000,1752582660000000000,,,,,1.16636,False,
O-20250715-124500-001-V2-3748,BACKTESTER-001,MLSignalStrategyV2-V2,EUR/USD.IDEALPRO,IDEALPRO-1-3748,EUR/USD.IDEALPRO-MLSignalStrategyV2-V2,IDEALPRO-001,IDEALPRO-1-397118,MARKET,SELL,100000.00,GTC,False,False,100000.00,TAKER,1.16695,0.0,['2.33 USD'],NO_TRIGGER,FILLED,OTO,OL-20250715-124500-001-V2-1250,"['O-20250715-124500-001-V2-3749', 'O-20250715-124500-001-V2-3750']",,,,,['V2_POS1'],96f436f3-0940-41ad-925b-f5879f28edef,1752583500000000000,1752583500000000000,,,,,,,
O-20250715-124500-001-V2-3749,BACKTESTER-001,MLSignalStrategyV2-V2,EUR/USD.IDEALPRO,IDEALPRO-1-3749,EUR/USD.IDEALPRO-MLSignalStrategyV2-V2,IDEALPRO-001,IDEALPRO-1-397135,STOP_MARKET,BUY,100000.00,GTC,True,False,100000.00,TAKER,1.16762,7.00000000000145e-05,['2.34 USD'],NO_TRIGGER,FILLED,OUO,OL-20250715-124500-001-V2-1250,['O-20250715-124500-001-V2-3750'],O-20250715-124500-001-V2-3748,,,,['V2_POS1_SL'],2de2c315-c6ae-427a-8638-e92c2494be10,1752583500000000000,1752583980000000000,1.16755,DEFAULT,,,,,
O-20250715-124500-001-V2-3750,BACKTESTER-001,MLSignalStrategyV2-V2,EUR/USD.IDEALPRO,IDEALPRO-1-3750,EUR/USD.IDEALPRO-MLSignalStrategyV2-V2,IDEALPRO-001,,LIMIT,BUY,100000.00,GTC,True,False,0.00,NO_LIQUIDITY_SIDE,,,,NO_TRIGGER,CANCELED,OUO,OL-20250715-124500-001-V2-1250,['O-20250715-124500-001-V2-3749'],O-20250715-124500-001-V2-3748,,,,['V2_POS1_TP'],687faab3-0b80-4566-81c5-7838eb818f83,1752583500000000000,1752583980000000000,,,,,1.16637,False,
O-20250715-140000-001-V2-3751,BACKTESTER-001,MLSignalStrategyV2-V2,EUR/USD.IDEALPRO,IDEALPRO-1-3751,EUR/USD.IDEALPRO-MLSignalStrategyV2-V2,IDEALPRO-001,IDEALPRO-1-397270,MARKET,BUY,100000.00,GTC,False,False,100000.00,TAKER,1.16431,0.0,['2.33 USD'],NO_TRIGGER,FILLED,OTO,OL-20250715-140000-001-V2-1251,"['O-20250715-140000-001-V2-3752', 'O-20250715-140000-001-V2-3753']",,,,,['V2_POS1'],1d0b3210-220e-42ba-ab68-60bf26939c0d,1752588000000000000,1752588000000000000,,,,,,,
O-20250715-140000-001-V2-3752,BACKTESTER-001,MLSignalStrategyV2-V2,EUR/USD.IDEALPRO,IDEALPRO-1-3752,EUR/USD.IDEALPRO-MLSignalStrategyV2-V2,IDEALPRO-001,IDEALPRO-1-397275,STOP_MARKET,SELL,100000.00,GTC,True,False,100000.00,TAKER,1.16314,0.00017999999999984695,['2.33 USD'],NO_TRIGGER,FILLED,OUO,OL-20250715-140000-001-V2-1251,['O-20250715-140000-001-V2-3753'],O-20250715-140000-001-V2-3751,,,,['V2_POS1_SL'],70f5603f-29e6-436c-99c3-8ba31e00ea69,1752588000000000000,1752588120000000000,1.16332,DEFAULT,,,,,
O-20250715-140000-001-V2-3753,BACKTESTER-001,MLSignalStrategyV2-V2,EUR/USD.IDEALPRO,IDEALPRO-1-3753,EUR/USD.IDEALPRO-MLSignalStrategyV2-V2,IDEALPRO-001,,LIMIT,SELL,100000.00,GTC,True,False,0.00,NO_LIQUIDITY_SIDE,,,,NO_TRIGGER,CANCELED,OUO,OL-20250715-140000-001-V2-1251,['O-20250715-140000-001-V2-3752'],O-20250715-140000-001-V2-3751,,,,['V2_POS1_TP'],b540b8cc-b0c6-4f47-855f-1dcc6b1f019a,1752588000000000000,1752588120000000000,,,,,1.16530,False,
O-20250715-141500-001-V2-3754,BACKTESTER-001,MLSignalStrategyV2-V2,EUR/USD.IDEALPRO,IDEALPRO-1-3754,EUR/USD.IDEALPRO-MLSignalStrategyV2-V2,IDEALPRO-001,IDEALPRO-1-397302,MARKET,BUY,100000.00,GTC,False,False,100000.00,TAKER,1.16358,0.0,['2.33 USD'],NO_TRIGGER,FILLED,OTO,OL-20250715-141500-001-V2-1252,"['O-20250715-141500-001-V2-3755', 'O-20250715-141500-001-V2-3756']",,,,,['V2_POS1'],f6730506-ed78-4719-8f38-86f214127ceb,1752588900000000000,1752588900000000000,,,,,,,
O-20250715-141500-001-V2-3755,BACKTESTER-001,MLSignalStrategyV2-V2,EUR/USD.IDEALPRO,IDEALPRO-1-3755,EUR/USD.IDEALPRO-MLSignalStrategyV2-V2,IDEALPRO-001,IDEALPRO-1-397321,STOP_MARKET,SELL,100000.00,GTC,True,False,100000.00,TAKER,1.1623,0.00027999999999983594,['2.32 USD'],NO_TRIGGER,FILLED,OUO,OL-20250715-141500-001-V2-1252,['O-20250715-141500-001-V2-3756'],O-20250715-141500-001-V2-3754,,,,['V2_POS1_SL'],fac60236-9a4e-4423-86de-1cb328115b07,1752588900000000000,1752589440000000000,1.16258,DEFAULT,,,,,
O-20250715-141500-001-V2-3756,BACKTESTER-001,MLSignalStrategyV2-V2,EUR/USD.IDEALPRO,IDEALPRO-1-3756,EUR/USD.IDEALPRO-MLSignalStrategyV2-V2,IDEALPRO-001,,LIMIT,SELL,100000.00,GTC,True,False,0.00,NO_LIQUIDITY_SIDE,,,,NO_TRIGGER,CANCELED,OUO,OL-20250715-141500-001-V2-1252,['O-20250715-141500-001-V2-3755'],O-20250715-141500-001-V2-3754,,,,['V2_POS1_TP'],236ac527-0086-4adc-a4e3-164f85cff9c3,1752588900000000000,1752589440000000000,,,,,1.16458,False,
O-20250715-143000-001-V2-3757,BACKTESTER-001,MLSignalStrategyV2-V2,EUR/USD.IDEALPRO,IDEALPRO-1-3757,EUR/USD.IDEALPRO-MLSignalStrategyV2-V2,IDEALPRO-001,IDEALPRO-1-397335,MARKET,BUY,100000.00,GTC,False,False,100000.00,TAKER,1.16219,0.0,['2.32 USD'],NO_TRIGGER,FILLED,OTO,OL-20250715-143000-001-V2-1253,"['O-20250715-143000-001-V2-3758', 'O-20250715-143000-001-V2-3759']",,,,,['V2_POS1'],155f838a-48e3-433c-871b-ad193a47ef59,1752589800000000000,1752589800000000000,,,,,,,
O-20250715-143000-001-V2-3758,BACKTESTER-001,MLSignalStrategyV2-V2,EUR/USD.IDEALPRO,IDEALPRO-1-3758,EUR/USD.IDEALPRO-MLSignalStrategyV2-V2,IDEALPRO-001,IDEALPRO-1-397433,STOP_MARKET,SELL,100000.00,GTC,True,False,100000.00,TAKER,1.16108,6.000000000017103e-05,['2.32 USD'],NO_TRIGGER,FILLED,OUO,OL-20250715-143000-001-V2-1253,['O-20250715-143000-001-V2-3759'],O-20250715-143000-001-V2-3757,,,,['V2_POS1_SL'],b87b7791-273e-4c84-befd-28ba8dd8dd68,1752589800000000000,1752592740000000000,1.16114,DEFAULT,,,,,
O-20250715-143000-001-V2-3759,BACKTESTER-001,MLSignalStrategyV2-V2,EUR/USD.IDEALPRO,IDEALPRO-1-3759,EUR/USD.IDEALPRO-MLSignalStrategyV2-V2,IDEALPRO-001,,LIMIT,SELL,100000.00,GTC,True,False,0.00,NO_LIQUIDITY_SIDE,,,,NO_TRIGGER,CANCELED,OUO,OL-20250715-143000-001-V2-1253,['O-20250715-143000-001-V2-3758'],O-20250715-143000-001-V2-3757,,,,['V2_POS1_TP'],9df71ece-fe9e-4d44-b2c6-7e17b3562bda,1752589800000000000,1752592740000000000,,,,,1.16324,False,
O-20250715-160000-001-V2-3760,BACKTESTER-001,MLSignalStrategyV2-V2,EUR/USD.IDEALPRO,IDEALPRO-1-3760,EUR/USD.IDEALPRO-MLSignalStrategyV2-V2,IDEALPRO-001,IDEALPRO-1-397516,MARKET,BUY,100000.00,GTC,False,False,100000.00,TAKER,1.16179,0.0,['2.32 USD'],NO_TRIGGER,FILLED,OTO,OL-20250715-160000-001-V2-1254,"['O-20250715-160000-001-V2-3761', 'O-20250715-160000-001-V2-3762']",,,,,['V2_POS1'],d8f6512c-b6c8-45b0-a70e-16c9d1a095a5,1752595200000000000,1752595200000000000,,,,,,,
O-20250715-160000-001-V2-3761,BACKTESTER-001,MLSignalStrategyV2-V2,EUR/USD.IDEALPRO,IDEALPRO-1-3761,EUR/USD.IDEALPRO-MLSignalStrategyV2-V2,IDEALPRO-001,IDEALPRO-1-397533,STOP_MARKET,SELL,100000.00,GTC,True,False,100000.00,TAKER,1.16093,2.999999999997449e-05,['2.32 USD'],NO_TRIGGER,FILLED,OUO,OL-20250715-160000-001-V2-1254,['O-20250715-160000-001-V2-3762'],O-20250715-160000-001-V2-3760,,,,['V2_POS1_SL'],7e19fd42-dcb0-4554-b484-58f851c45190,1752595200000000000,1752595680000000000,1.16096,DEFAULT,,,,,
O-20250715-160000-001-V2-3762,BACKTESTER-001,MLSignalStrategyV2-V2,EUR/USD.IDEALPRO,IDEALPRO-1-3762,EUR/USD.IDEALPRO-MLSignalStrategyV2-V2,IDEALPRO-001,,LIMIT,SELL,100000.00,GTC,True,False,0.00,NO_LIQUIDITY_SIDE,,,,NO_TRIGGER,CANCELED,OUO,OL-20250715-160000-001-V2-1254,['O-20250715-160000-001-V2-3761'],O-20250715-160000-001-V2-3760,,,,['V2_POS1_TP'],500920ab-1ee7-4d1b-881f-336ccef7be1b,1752595200000000000,1752595680000000000,,,,,1.16262,False,
O-20250715-161500-001-V2-3763,BACKTESTER-001,MLSignalStrategyV2-V2,EUR/USD.IDEALPRO,IDEALPRO-1-3763,EUR/USD.IDEALPRO-MLSignalStrategyV2-V2,IDEALPRO-001,IDEALPRO-1-397548,MARKET,BUY,100000.00,GTC,False,False,100000.00,TAKER,1.16075,0.0,['2.32 USD'],NO_TRIGGER,FILLED,OTO,OL-20250715-161500-001-V2-1255,"['O-20250715-161500-001-V2-3764', 'O-20250715-161500-001-V2-3765']",,,,,['V2_POS1'],cabe1031-92ef-4c07-8a51-93f7f28cd4e9,1752596100000000000,1752596100000000000,,,,,,,
O-20250715-161500-001-V2-3764,BACKTESTER-001,MLSignalStrategyV2-V2,EUR/USD.IDEALPRO,IDEALPRO-1-3764,EUR/USD.IDEALPRO-MLSignalStrategyV2-V2,IDEALPRO-001,IDEALPRO-1-397595,STOP_MARKET,SELL,100000.00,GTC,True,False,100000.00,TAKER,1.15981,8.000000000008001e-05,['2.32 USD'],NO_TRIGGER,FILLED,OUO,OL-20250715-161500-001-V2-1255,['O-20250715-161500-001-V2-3765'],O-20250715-161500-001-V2-3763,,,,['V2_POS1_SL'],ae82bc4d-8bd3-438d-9b6c-c4863740fcbd,1752596100000000000,1752597480000000000,1.15989,DEFAULT,,,,,
O-20250715-161500-001-V2-3765,BACKTESTER-001,MLSignalStrategyV2-V2,EUR/USD.IDEALPRO,IDEALPRO-1-3765,EUR/USD.IDEALPRO-MLSignalStrategyV2-V2,IDEALPRO-001,,LIMIT,SELL,100000.00,GTC,True,False,0.00,NO_LIQUIDITY_SIDE,,,,NO_TRIGGER,CANCELED,OUO,OL-20250715-161500-001-V2-1255,['O-20250715-161500-001-V2-3764'],O-20250715-161500-001-V2-3763,,,,['V2_POS1_TP'],03396bf0-c01b-4428-a2f2-e8f94576b3f1,1752596100000000000,1752597480000000000,,,,,1.16161,False,
O-20250715-164500-001-V2-3766,BACKTESTER-001,MLSignalStrategyV2-V2,EUR/USD.IDEALPRO,IDEALPRO-1-3766,EUR/USD.IDEALPRO-MLSignalStrategyV2-V2,IDEALPRO-001,IDEALPRO-1-397610,MARKET,BUY,100000.00,GTC,False,False,100000.00,TAKER,1.15986,0.0,['2.32 USD'],NO_TRIGGER,FILLED,OTO,OL-20250715-164500-001-V2-1256,"['O-20250715-164500-001-V2-3767', 'O-20250715-164500-001-V2-3768']",,,,,['V2_POS1'],890b15b6-9f03-4658-ac6a-38b0382ad6c6,1752597900000000000,1752597900000000000,,,,,,,
O-20250715-164500-001-V2-3767,BACKTESTER-001,MLSignalStrategyV2-V2,EUR/USD.IDEALPRO,IDEALPRO-1-3767,EUR/USD.IDEALPRO-MLSignalStrategyV2-V2,IDEALPRO-001,,STOP_MARKET,SELL,100000.00,GTC,True,False,0.00,NO_LIQUIDITY_SIDE,,,,NO_TRIGGER,CANCELED,OUO,OL-20250715-164500-001-V2-1256,['O-20250715-164500-001-V2-3768'],O-20250715-164500-001-V2-3766,,,,['V2_POS1_SL'],c09831f6-0a10-4aee-8603-0bb269c1e91c,1752597900000000000,1752621660000000000,1.15900,DEFAULT,,,,,
O-20250715-164500-001-V2-3768,BACKTESTER-001,MLSignalStrategyV2-V2,EUR/USD.IDEALPRO,IDEALPRO-1-3768,EUR/USD.IDEALPRO-MLSignalStrategyV2-V2,IDEALPRO-001,IDEALPRO-1-398373,LIMIT,SELL,100000.00,GTC,True,False,100000.00,MAKER,1.16077,-7.00000000000145e-05,['2.32 USD'],NO_TRIGGER,FILLED,OUO,OL-20250715-164500-001-V2-1256,['O-20250715-164500-001-V2-3767'],O-20250715-164500-001-V2-3766,,,,['V2_POS1_TP'],cd955418-ba18-4e9f-9603-e21d3c39dde0,1752597900000000000,1752621660000000000,,,,,1.16070,False,
O-20250716-050000-001-V2-3769,BACKTESTER-001,MLSignalStrategyV2-V2,EUR/USD.IDEALPRO,IDEALPRO-1-3769,EUR/USD.IDEALPRO-MLSignalStrategyV2-V2,IDEALPRO-001,IDEALPRO-1-399052,MARKET,BUY,100000.00,GTC,False,False,100000.00,TAKER,1.16196,0.0,['2.32 USD'],NO_TRIGGER,FILLED,OTO,OL-20250716-050000-001-V2-1257,"['O-20250716-050000-001-V2-3770', 'O-20250716-050000-001-V2-3771']",,,,,['V2_POS1'],f21d3695-383b-47ca-a100-764c446482df,1752642000000000000,1752642000000000000,,,,,,,
O-20250716-050000-001-V2-3770,BACKTESTER-001,MLSignalStrategyV2-V2,EUR/USD.IDEALPRO,IDEALPRO-1-3770,EUR/USD.IDEALPRO-MLSignalStrategyV2-V2,IDEALPRO-001,IDEALPRO-1-399081,STOP_MARKET,SELL,100000.00,GTC,True,False,100000.00,TAKER,1.16163,4.0000000000040004e-05,['2.32 USD'],NO_TRIGGER,FILLED,OUO,OL-20250716-050000-001-V2-1257,['O-20250716-050000-001-V2-3771'],O-20250716-050000-001-V2-3769,,,,['V2_POS1_SL'],735ebbec-64bf-46a2-8af7-db8fc2887f18,1752642000000000000,1752642840000000000,1.16167,DEFAULT,,,,,
O-20250716-050000-001-V2-3771,BACKTESTER-001,MLSignalStrategyV2-V2,EUR/USD.IDEALPRO,IDEALPRO-1-3771,EUR/USD.IDEALPRO-MLSignalStrategyV2-V2,IDEALPRO-001,,LIMIT,SELL,100000.00,GTC,True,False,0.00,NO_LIQUIDITY_SIDE,,,,NO_TRIGGER,CANCELED,OUO,OL-20250716-050000-001-V2-1257,['O-20250716-050000-001-V2-3770'],O-20250716-050000-001-V2-3769,,,,['V2_POS1_TP'],d43cd33b-c8cd-4afe-ba6d-cd6ade7a6eb7,1752642000000000000,1752642840000000000,,,,,1.16225,False,
O-20250716-140000-001-V2-3772,BACKTESTER-001,MLSignalStrategyV2-V2,EUR/USD.IDEALPRO,IDEALPRO-1-3772,EUR/USD.IDEALPRO-MLSignalStrategyV2-V2,IDEALPRO-001,IDEALPRO-1-400134,MARKET,BUY,100000.00,GTC,False,False,100000.00,TAKER,1.15726,0.0,['2.31 USD'],NO_TRIGGER,FILLED,OTO,OL-20250716-140000-001-V2-1258,"['O-20250716-140000-001-V2-3773', 'O-20250716-140000-001-V2-3774']",,,,,['V2_POS1'],53d3b6ee-098b-4e2e-997f-49bf0c221a4d,1752674400000000000,1752674400000000000,,,,,,,
O-20250716-140000-001-V2-3773,BACKTESTER-001,MLSignalStrategyV2-V2,EUR/USD.IDEALPRO,IDEALPRO-1-3773,EUR/USD.IDEALPRO-MLSignalStrategyV2-V2,IDEALPRO-001,IDEALPRO-1-400215,STOP_MARKET,SELL,100000.00,GTC,True,False,100000.00,TAKER,1.15622,0.00014999999999987246,['2.31 USD'],NO_TRIGGER,FILLED,OUO,OL-20250716-140000-001-V2-1258,['O-20250716-140000-001-V2-3774'],O-20250716-140000-001-V2-3772,,,,['V2_POS1_SL'],4bbdb458-c3f2-4b6a-ae5b-ceff782eae08,1752674400000000000,1752676800000000000,1.15637,DEFAULT,,,,,
O-20250716-140000-001-V2-3774,BACKTESTER-001,MLSignalStrategyV2-V2,EUR/USD.IDEALPRO,IDEALPRO-1-3774,EUR/USD.IDEALPRO-MLSignalStrategyV2-V2,IDEALPRO-001,,LIMIT,SELL,100000.00,GTC,True,False,0.00,NO_LIQUIDITY_SIDE,,,,NO_TRIGGER,CANCELED,OUO,OL-20250716-140000-001-V2-1258,['O-20250716-140000-001-V2-3773'],O-20250716-140000-001-V2-3772,,,,['V2_POS1_TP'],bbb17955-4604-42e7-be5e-56378a3d3937,1752674400000000000,1752676800000000000,,,,,1.15813,False,
O-20250716-144500-001-V2-3775,BACKTESTER-001,MLSignalStrategyV2-V2,EUR/USD.IDEALPRO,IDEALPRO-1-3775,EUR/USD.IDEALPRO-MLSignalStrategyV2-V2,IDEALPRO-001,IDEALPRO-1-400227,MARKET,BUY,100000.00,GTC,False,False,100000.00,TAKER,1.15689,0.0,['2.31 USD'],NO_TRIGGER,FILLED,OTO,OL-20250716-144500-001-V2-1259,"['O-20250716-144500-001-V2-3776', 'O-20250716-144500-001-V2-3777']",,,,,['V2_POS1'],1fa352e9-5bd0-442a-b01b-b5beb3e67f38,1752677100000000000,1752677100000000000,,,,,,,
O-20250716-144500-001-V2-3776,BACKTESTER-001,MLSignalStrategyV2-V2,EUR/USD.IDEALPRO,IDEALPRO-1-3776,EUR/USD.IDEALPRO-MLSignalStrategyV2-V2,IDEALPRO-001,,STOP_MARKET,SELL,100000.00,GTC,True,False,0.00,NO_LIQUIDITY_SIDE,,,,NO_TRIGGER,CANCELED,OUO,OL-20250716-144500-001-V2-1259,['O-20250716-144500-001-V2-3777'],O-20250716-144500-001-V2-3775,,,,['V2_POS1_SL'],16ca6bef-9e7a-4fe6-b322-908aae8f2d6f,1752677100000000000,1752677700000000000,1.15610,DEFAULT,,,,,
O-20250716-144500-001-V2-3777,BACKTESTER-001,MLSignalStrategyV2-V2,EUR/USD.IDEALPRO,IDEALPRO-1-3777,EUR/USD.IDEALPRO-MLSignalStrategyV2-V2,IDEALPRO-001,IDEALPRO-1-400247,LIMIT,SELL,100000.00,GTC,True,False,100000.00,MAKER,1.15982,-0.0021400000000000308,['2.32 USD'],NO_TRIGGER,FILLED,OUO,OL-20250716-144500-001-V2-1259,['O-20250716-144500-001-V2-3776'],O-20250716-144500-001-V2-3775,,,,['V2_POS1_TP'],e1dad899-0c98-458a-b79f-bcbe81be2a30,1752677100000000000,1752677700000000000,,,,,1.15768,False,
O-20250716-160000-001-V2-3778,BACKTESTER-001,MLSignalStrategyV2-V2,EUR/USD.IDEALPRO,IDEALPRO-1-3778,EUR/USD.IDEALPRO-MLSignalStrategyV2-V2,IDEALPRO-001,IDEALPRO-1-400378,MARKET,SELL,100000.00,GTC,False,False,100000.00,TAKER,1.16287,0.0,['2.33 USD'],NO_TRIGGER,FILLED,OTO,OL-20250716-160000-001-V2-1260,"['O-20250716-160000-001-V2-3779', 'O-20250716-160000-001-V2-3780']",,,,,['V2_POS1'],5686e4ad-7b9e-41a7-bb7b-1258edf2b0d9,1752681600000000000,1752681600000000000,,,,,,,
O-20250716-160000-001-V2-3779,BACKTESTER-001,MLSignalStrategyV2-V2,EUR/USD.IDEALPRO,IDEALPRO-1-3779,EUR/USD.IDEALPRO-MLSignalStrategyV2-V2,IDEALPRO-001,IDEALPRO-1-400405,STOP_MARKET,BUY,100000.00,GTC,True,False,100000.00,TAKER,1.16562,0.00024000000000001798,['2.33 USD'],NO_TRIGGER,FILLED,OUO,OL-20250716-160000-001-V2-1260,['O-20250716-160000-001-V2-3780'],O-20250716-160000-001-V2-3778,,,,['V2_POS1_SL'],677b803f-e6f0-49c5-8dbc-a1d6250a26dc,1752681600000000000,1752682380000000000,1.16538,DEFAULT,,,,,
O-20250716-160000-001-V2-3780,BACKTESTER-001,MLSignalStrategyV2-V2,EUR/USD.IDEALPRO,IDEALPRO-1-3780,EUR/USD.IDEALPRO-MLSignalStrategyV2-V2,IDEALPRO-001,,LIMIT,BUY,100000.00,GTC,True,False,0.00,NO_LIQUIDITY_SIDE,,,,NO_TRIGGER,CANCELED,OUO,OL-20250716-160000-001-V2-1260,['O-20250716-160000-001-V2-3779'],O-20250716-160000-001-V2-3778,,,,['V2_POS1_TP'],982bbc58-17ea-4ba4-b0f6-24daade8a61c,1752681600000000000,1752682380000000000,,,,,1.16038,False,
O-20250716-161500-001-V2-3781,BACKTESTER-001,MLSignalStrategyV2-V2,EUR/USD.IDEALPRO,IDEALPRO-1-3781,EUR/USD.IDEALPRO-MLSignalStrategyV2-V2,IDEALPRO-001,IDEALPRO-1-400410,MARKET,SELL,100000.00,GTC,False,False,100000.00,TAKER,1.16466,0.0,['2.33 USD'],NO_TRIGGER,FILLED,OTO,OL-20250716-161500-001-V2-1261,"['O-20250716-161500-001-V2-3782', 'O-20250716-161500-001-V2-3783']",,,,,['V2_POS1'],f162e21e-f04b-4fa2-ae90-7f54e19f3da1,1752682500000000000,1752682500000000000,,,,,,,
O-20250716-161500-001-V2-3782,BACKTESTER-001,MLSignalStrategyV2-V2,EUR/USD.IDEALPRO,IDEALPRO-1-3782,EUR/USD.IDEALPRO-MLSignalStrategyV2-V2,IDEALPRO-001,,STOP_MARKET,BUY,100000.00,GTC,True,False,0.00,NO_LIQUIDITY_SIDE,,,,NO_TRIGGER,CANCELED,OUO,OL-20250716-161500-001-V2-1261,['O-20250716-161500-001-V2-3783'],O-20250716-161500-001-V2-3781,,,,['V2_POS1_SL'],0b368f34-f0db-4a1e-a540-ad18e6b31176,1752682500000000000,1752712680000000000,1.16749,DEFAULT,,,,,
O-20250716-161500-001-V2-3783,BACKTESTER-001,MLSignalStrategyV2-V2,EUR/USD.IDEALPRO,IDEALPRO-1-3783,EUR/USD.IDEALPRO-MLSignalStrategyV2-V2,IDEALPRO-001,IDEALPRO-1-401387,LIMIT,BUY,100000.00,GTC,True,False,100000.00,MAKER,1.16182,-2.999999999997449e-05,['2.32 USD'],NO_TRIGGER,FILLED,OUO,OL-20250716-161500-001-V2-1261,['O-20250716-161500-001-V2-3782'],O-20250716-161500-001-V2-3781,,,,['V2_POS1_TP'],18dcaa62-c860-403d-a342-96ab2c43dca3,1752682500000000000,1752712680000000000,,,,,1.16185,False,
O-20250717-030000-001-V2-3784,BACKTESTER-001,MLSignalStrategyV2-V2,EUR/USD.IDEALPRO,IDEALPRO-1-3784,EUR/USD.IDEALPRO-MLSignalStrategyV2-V2,IDEALPRO-001,IDEALPRO-1-401673,MARKET,SELL,100000.00,GTC,False,False,100000.00,TAKER,1.16182,0.0,['2.32 USD'],NO_TRIGGER,FILLED,OTO,OL-20250717-030000-001-V2-1262,"['O-20250717-030000-001-V2-3785', 'O-20250717-030000-001-V2-3786']",,,,,['V2_POS1'],a0979f4e-40f2-41fa-9222-6a6bbabab8fb,1752721200000000000,1752721200000000000,,,,,,,
O-20250717-030000-001-V2-3785,BACKTESTER-001,MLSignalStrategyV2-V2,EUR/USD.IDEALPRO,IDEALPRO-1-3785,EUR/USD.IDEALPRO-MLSignalStrategyV2-V2,IDEALPRO-001,IDEALPRO-1-401897,STOP_MARKET,BUY,100000.00,GTC,True,False,100000.00,TAKER,1.16234,3.999999999981796e-05,['2.32 USD'],NO_TRIGGER,FILLED,OUO,OL-20250717-030000-001-V2-1262,['O-20250717-030000-001-V2-3786'],O-20250717-030000-001-V2-3784,,,,['V2_POS1_SL'],a40bc856-4b00-4188-aa25-d496bad5ef42,1752721200000000000,1752727920000000000,1.16230,DEFAULT,,,,,
O-20250717-030000-001-V2-3786,BACKTESTER-001,MLSignalStrategyV2-V2,EUR/USD.IDEALPRO,IDEALPRO-1-3786,EUR/USD.IDEALPRO-MLSignalStrategyV2-V2,IDEALPRO-001,,LIMIT,BUY,100000.00,GTC,True,False,0.00,NO_LIQUIDITY_SIDE,,,,NO_TRIGGER,CANCELED,OUO,OL-20250717-030000-001-V2-1262,['O-20250717-030000-001-V2-3785'],O-20250717-030000-001-V2-3784,,,,['V2_POS1_TP'],4ba60214-df21-4967-be26-60846edbf6e0,1752721200000000000,1752727920000000000,,,,,1.16136,False,
O-20250717-061500-001-V2-3787,BACKTESTER-001,MLSignalStrategyV2-V2,EUR/USD.IDEALPRO,IDEALPRO-1-3787,EUR/USD.IDEALPRO-MLSignalStrategyV2-V2,IDEALPRO-001,IDEALPRO-1-402064,MARKET,BUY,100000.00,GTC,False,False,100000.00,TAKER,1.16086,0.0,['2.32 USD'],NO_TRIGGER,FILLED,OTO,OL-20250717-061500-001-V2-1263,"['O-20250717-061500-001-V2-3788', 'O-20250717-061500-001-V2-3789']",,,,,['V2_POS1'],49b64f0a-2718-4cac-9463-6c1e7e4d4b47,1752732900000000000,1752732900000000000,,,,,,,
O-20250717-061500-001-V2-3788,BACKTESTER-001,MLSignalStrategyV2-V2,EUR/USD.IDEALPRO,IDEALPRO-1-3788,EUR/USD.IDEALPRO-MLSignalStrategyV2-V2,IDEALPRO-001,IDEALPRO-1-402073,STOP_MARKET,SELL,100000.00,GTC,True,False,100000.00,TAKER,1.15982,0.0006399999999999739,['2.32 USD'],NO_TRIGGER,FILLED,OUO,OL-20250717-061500-001-V2-1263,['O-20250717-061500-001-V2-3789'],O-20250717-061500-001-V2-3787,,,,['V2_POS1_SL'],b8389fb4-df82-4a7a-bbe9-0312c2c16b4b,1752732900000000000,1752733140000000000,1.16046,DEFAULT,,,,,
O-20250717-061500-001-V2-3789,BACKTESTER-001,MLSignalStrategyV2-V2,EUR/USD.IDEALPRO,IDEALPRO-1-3789,EUR/USD.IDEALPRO-MLSignalStrategyV2-V2,IDEALPRO-001,,LIMIT,SELL,100000.00,GTC,True,False,0.00,NO_LIQUIDITY_SIDE,,,,NO_TRIGGER,CANCELED,OUO,OL-20250717-061500-001-V2-1263,['O-20250717-061500-001-V2-3788'],O-20250717-061500-001-V2-3787,,,,['V2_POS1_TP'],653e8f9c-f2c2-4c42-b6a6-b1e7a9cc224a,1752732900000000000,1752733140000000000,,,,,1.16126,False,
O-20250717-063000-001-V2-3790,BACKTESTER-001,MLSignalStrategyV2-V2,EUR/USD.IDEALPRO,IDEALPRO-1-3790,EUR/USD.IDEALPRO-MLSignalStrategyV2-V2,IDEALPRO-001,IDEALPRO-1-402096,MARKET,BUY,100000.00,GTC,False,False,100000.00,TAKER,1.15831,0.0,['2.32 USD'],NO_TRIGGER,FILLED,OTO,OL-20250717-063000-001-V2-1264,"['O-20250717-063000-001-V2-3791', 'O-20250717-063000-001-V2-3792']",,,,,['V2_POS1'],4bed941a-9c57-4433-9b68-5f12402f787a,1752733800000000000,1752733800000000000,,,,,,,
O-20250717-063000-001-V2-3791,BACKTESTER-001,MLSignalStrategyV2-V2,EUR/USD.IDEALPRO,IDEALPRO-1-3791,EUR/USD.IDEALPRO-MLSignalStrategyV2-V2,IDEALPRO-001,,STOP_MARKET,SELL,100000.00,GTC,True,False,0.00,NO_LIQUIDITY_SIDE,,,,NO_TRIGGER,CANCELED,OUO,OL-20250717-063000-001-V2-1264,['O-20250717-063000-001-V2-3792'],O-20250717-063000-001-V2-3790,,,,['V2_POS1_SL'],fa005389-d805-4b3c-883e-feb9f8e3400c,1752733800000000000,1752733800000000000,1.15776,DEFAULT,,,,,
O-20250717-063000-001-V2-3792,BACKTESTER-001,MLSignalStrategyV2-V2,EUR/USD.IDEALPRO,IDEALPRO-1-3792,EUR/USD.IDEALPRO-MLSignalStrategyV2-V2,IDEALPRO-001,IDEALPRO-1-402098,LIMIT,SELL,100000.00,GTC,True,False,100000.00,MAKER,1.15887,-1.0000000000065512e-05,['2.32 USD'],NO_TRIGGER,FILLED,OUO,OL-20250717-063000-001-V2-1264,['O-20250717-063000-001-V2-3791'],O-20250717-063000-001-V2-3790,,,,['V2_POS1_TP'],6150fc74-30f9-485e-941b-3402e40d27e2,1752733800000000000,1752733800000000000,,,,,1.15886,False,
O-20250717-063000-001-V2-3793,BACKTESTER-001,MLSignalStrategyV2-V2,EUR/USD.IDEALPRO,IDEALPRO-1-3793,EUR/USD.IDEALPRO-MLSignalStrategyV2-V2,IDEALPRO-001,IDEALPRO-1-402099,MARKET,BUY,100000.00,GTC,False,False,100000.00,TAKER,1.15831,0.0,['2.32 USD'],NO_TRIGGER,FILLED,OTO,OL-20250717-063000-001-V2-1265,"['O-20250717-063000-001-V2-3794', 'O-20250717-063000-001-V2-3795']",,,,,['V2_POS1'],93244658-b66c-4d39-a564-3e0e8d26a884,1752733800000000000,1752733800000000000,,,,,,,
O-20250717-063000-001-V2-3794,BACKTESTER-001,MLSignalStrategyV2-V2,EUR/USD.IDEALPRO,IDEALPRO-1-3794,EUR/USD.IDEALPRO-MLSignalStrategyV2-V2,IDEALPRO-001,IDEALPRO-1-402111,STOP_MARKET,SELL,100000.00,GTC,True,False,100000.00,TAKER,1.15752,0.00012999999999996348,['2.32 USD'],NO_TRIGGER,FILLED,OUO,OL-20250717-063000-001-V2-1265,['O-20250717-063000-001-V2-3795'],O-20250717-063000-001-V2-3793,,,,['V2_POS1_SL'],ef74fa34-1204-4bf0-8c93-51bb43084145,1752733800000000000,1752734160000000000,1.15765,DEFAULT,,,,,
O-20250717-063000-001-V2-3795,BACKTESTER-001,MLSignalStrategyV2-V2,EUR/USD.IDEALPRO,IDEALPRO-1-3795,EUR/USD.IDEALPRO-MLSignalStrategyV2-V2,IDEALPRO-001,,LIMIT,SELL,100000.00,GTC,True,False,0.00,NO_LIQUIDITY_SIDE,,,,NO_TRIGGER,CANCELED,OUO,OL-20250717-063000-001-V2-1265,['O-20250717-063000-001-V2-3794'],O-20250717-063000-001-V2-3793,,,,['V2_POS1_TP'],47bbd6e3-0eea-47cc-862a-0dd205707d9b,1752733800000000000,1752734160000000000,,,,,1.15897,False,
O-20250717-064500-001-V2-3796,BACKTESTER-001,MLSignalStrategyV2-V2,EUR/USD.IDEALPRO,IDEALPRO-1-3796,EUR/USD.IDEALPRO-MLSignalStrategyV2-V2,IDEALPRO-001,IDEALPRO-1-402130,MARKET,BUY,100000.00,GTC,False,False,100000.00,TAKER,1.15783,0.0,['2.32 USD'],NO_TRIGGER,FILLED,OTO,OL-20250717-064500-001-V2-1266,"['O-20250717-064500-001-V2-3797', 'O-20250717-064500-001-V2-3798']",,,,,['V2_POS1'],69538545-fa4b-4e64-a7a4-486811410990,1752734700000000000,1752734700000000000,,,,,,,
O-20250717-064500-001-V2-3797,BACKTESTER-001,MLSignalStrategyV2-V2,EUR/USD.IDEALPRO,IDEALPRO-1-3797,EUR/USD.IDEALPRO-MLSignalStrategyV2-V2,IDEALPRO-001,,STOP_MARKET,SELL,100000.00,GTC,True,False,0.00,NO_LIQUIDITY_SIDE,,,,NO_TRIGGER,CANCELED,OUO,OL-20250717-064500-001-V2-1266,['O-20250717-064500-001-V2-3798'],O-20250717-064500-001-V2-3796,,,,['V2_POS1_SL'],fe1cab4f-1944-4219-aeff-74697f92fdad,1752734700000000000,1752736200000000000,1.15714,DEFAULT,,,,,
O-20250717-064500-001-V2-3798,BACKTESTER-001,MLSignalStrategyV2-V2,EUR/USD.IDEALPRO,IDEALPRO-1-3798,EUR/USD.IDEALPRO-MLSignalStrategyV2-V2,IDEALPRO-001,IDEALPRO-1-402181,LIMIT,SELL,100000.00,GTC,True,False,100000.00,MAKER,1.15864,-0.00011999999999989797,['2.32 USD'],NO_TRIGGER,FILLED,OUO,OL-20250717-064500-001-V2-1266,['O-20250717-064500-001-V2-3797'],O-20250717-064500-001-V2-3796,,,,['V2_POS1_TP'],9e5f3b0b-1b9f-4e19-87b6-3e9ff508f1f5,1752734700000000000,1752736200000000000,,,,,1.15852,False,
O-20250717-124500-001-V2-3799,BACKTESTER-001,MLSignalStrategyV2-V2,EUR/USD.IDEALPRO,IDEALPRO-1-3799,EUR/USD.IDEALPRO-MLSignalStrategyV2-V2,IDEALPRO-001,IDEALPRO-1-402852,MARKET,BUY,100000.00,GTC,False,False,100000.00,TAKER,1.15812,0.0,['2.32 USD'],NO_TRIGGER,FILLED,OTO,OL-20250717-124500-001-V2-1267,"['O-20250717-124500-001-V2-3800', 'O-20250717-124500-001-V2-3801']",,,,,['V2_POS1'],defa84f9-ea3e-40f6-b3a2-23634fdb7d07,1752756300000000000,1752756300000000000,,,,,,,
O-20250717-124500-001-V2-3800,BACKTESTER-001,MLSignalStrategyV2-V2,EUR/USD.IDEALPRO,IDEALPRO-1-3800,EUR/USD.IDEALPRO-MLSignalStrategyV2-V2,IDEALPRO-001,,STOP_MARKET,SELL,100000.00,GTC,True,False,0.00,NO_LIQUIDITY_SIDE,,,,NO_TRIGGER,CANCELED,OUO,OL-20250717-124500-001-V2-1267,['O-20250717-124500-001-V2-3801'],O-20250717-124500-001-V2-3799,,,,['V2_POS1_SL'],085804f8-4865-4719-a2d4-dc2e70462d78,1752756300000000000,1752756540000000000,1.15741,DEFAULT,,,,,
O-20250717-124500-001-V2-3801,BACKTESTER-001,MLSignalStrategyV2-V2,EUR/USD.IDEALPRO,IDEALPRO-1-3801,EUR/USD.IDEALPRO-MLSignalStrategyV2-V2,IDEALPRO-001,IDEALPRO-1-402861,LIMIT,SELL,100000.00,GTC,True,False,100000.00,MAKER,1.159,-0.00017000000000000348,['2.32 USD'],NO_TRIGGER,FILLED,OUO,OL-20250717-124500-001-V2-1267,['O-20250717-124500-001-V2-3800'],O-20250717-124500-001-V2-3799,,,,['V2_POS1_TP'],5625f5a2-cf1c-45fe-bb83-bafc7e92ca50,1752756300000000000,1752756540000000000,,,,,1.15883,False,
O-20250717-183000-001-V2-3802,BACKTESTER-001,MLSignalStrategyV2-V2,EUR/USD.IDEALPRO,IDEALPRO-1-3802,EUR/USD.IDEALPRO-MLSignalStrategyV2-V2,IDEALPRO-001,IDEALPRO-1-403544,MARKET,BUY,100000.00,GTC,False,False,100000.00,TAKER,1.15836,0.0,['2.32 USD'],NO_TRIGGER,FILLED,OTO,OL-20250717-183000-001-V2-1268,"['O-20250717-183000-001-V2-3803', 'O-20250717-183000-001-V2-3804']",,,,,['V2_POS1'],1e48e7ae-98d4-4dc4-a402-11844fefb91a,1752777000000000000,1752777000000000000,,,,,,,
O-20250717-183000-001-V2-3803,BACKTESTER-001,MLSignalStrategyV2-V2,EUR/USD.IDEALPRO,IDEALPRO-1-3803,EUR/USD.IDEALPRO-MLSignalStrategyV2-V2,IDEALPRO-001,,STOP_MARKET,SELL,100000.00,GTC,True,False,0.00,NO_LIQUIDITY_SIDE,,,,NO_TRIGGER,CANCELED,OUO,OL-20250717-183000-001-V2-1268,['O-20250717-183000-001-V2-3804'],O-20250717-183000-001-V2-3802,,,,['V2_POS1_SL'],ffc910d3-c99d-4bfd-8a87-70173de0f69e,1752777000000000000,1752779220000000000,1.15781,DEFAULT,,,,,
O-20250717-183000-001-V2-3804,BACKTESTER-001,MLSignalStrategyV2-V2,EUR/USD.IDEALPRO,IDEALPRO-1-3804,EUR/USD.IDEALPRO-MLSignalStrategyV2-V2,IDEALPRO-001,IDEALPRO-1-403619,LIMIT,SELL,100000.00,GTC,True,False,100000.00,MAKER,1.15896,-4.999999999988347e-05,['2.32 USD'],NO_TRIGGER,FILLED,OUO,OL-20250717-183000-001-V2-1268,['O-20250717-183000-001-V2-3803'],O-20250717-183000-001-V2-3802,,,,['V2_POS1_TP'],3c687449-7cc6-438e-8b58-75da91847d37,1752777000000000000,1752779220000000000,,,,,1.15891,False,
O-20250717-191500-001-V2-3805,BACKTESTER-001,MLSignalStrategyV2-V2,EUR/USD.IDEALPRO,IDEALPRO-1-3805,EUR/USD.IDEALPRO-MLSignalStrategyV2-V2,IDEALPRO-001,IDEALPRO-1-403636,MARKET,BUY,100000.00,GTC,False,False,100000.00,TAKER,1.1592,0.0,['2.32 USD'],NO_TRIGGER,FILLED,OTO,OL-20250717-191500-001-V2-1269,"['O-20250717-191500-001-V2-3806', 'O-20250717-191500-001-V2-3807']",,,,,['V2_POS1'],2f39d559-ed8d-4731-a3ad-6c11a760ffc6,1752779700000000000,1752779700000000000,,,,,,,
O-20250717-191500-001-V2-3806,BACKTESTER-001,MLSignalStrategyV2-V2,EUR/USD.IDEALPRO,IDEALPRO-1-3806,EUR/USD.IDEALPRO-MLSignalStrategyV2-V2,IDEALPRO-001,,STOP_MARKET,SELL,100000.00,GTC,True,False,0.00,NO_LIQUIDITY_SIDE,,,,NO_TRIGGER,CANCELED,OUO,OL-20250717-191500-001-V2-1269,['O-20250717-191500-001-V2-3807'],O-20250717-191500-001-V2-3805,,,,['V2_POS1_SL'],02d3f37b-786b-4aa7-b451-fee0541cd997,1752779700000000000,1752780960000000000,1.15866,DEFAULT,,,,,
O-20250717-191500-001-V2-3807,BACKTESTER-001,MLSignalStrategyV2-V2,EUR/USD.IDEALPRO,IDEALPRO-1-3807,EUR/USD.IDEALPRO-MLSignalStrategyV2-V2,IDEALPRO-001,IDEALPRO-1-403679,LIMIT,SELL,100000.00,GTC,True,False,100000.00,MAKER,1.15976,-3.999999999981796e-05,['2.32 USD'],NO_TRIGGER,FILLED,OUO,OL-20250717-191500-001-V2-1269,['O-20250717-191500-001-V2-3806'],O-20250717-191500-001-V2-3805,,,,['V2_POS1_TP'],bd9f9188-8119-44e0-9406-9aede80e42f1,1752779700000000000,1752780960000000000,,,,,1.15972,False,
O-20250718-160000-001-V2-3808,BACKTESTER-001,MLSignalStrategyV2-V2,EUR/USD.IDEALPRO,IDEALPRO-1-3808,EUR/USD.IDEALPRO-MLSignalStrategyV2-V2,IDEALPRO-001,IDEALPRO-1-406098,MARKET,SELL,100000.00,GTC,False,False,100000.00,TAKER,1.16447,0.0,['2.33 USD'],NO_TRIGGER,FILLED,OTO,OL-20250718-160000-001-V2-1270,"['O-20250718-160000-001-V2-3809', 'O-20250718-160000-001-V2-3810']",,,,,['V2_POS1'],75c764cb-5822-4c06-9f86-e824648a7225,1752854400000000000,1752854400000000000,,,,,,,
O-20250718-160000-001-V2-3809,BACKTESTER-001,MLSignalStrategyV2-V2,EUR/USD.IDEALPRO,IDEALPRO-1-3809,EUR/USD.IDEALPRO-MLSignalStrategyV2-V2,IDEALPRO-001,,STOP_MARKET,BUY,100000.00,GTC,True,False,0.00,NO_LIQUIDITY_SIDE,,,,NO_TRIGGER,CANCELED,OUO,OL-20250718-160000-001-V2-1270,['O-20250718-160000-001-V2-3810'],O-20250718-160000-001-V2-3808,,,,['V2_POS1_SL'],a36f4974-d4e2-4dca-a5d7-7f4664a537d4,1752854400000000000,1752855780000000000,1.16522,DEFAULT,,,,,
O-20250718-160000-001-V2-3810,BACKTESTER-001,MLSignalStrategyV2-V2,EUR/USD.IDEALPRO,IDEALPRO-1-3810,EUR/USD.IDEALPRO-MLSignalStrategyV2-V2,IDEALPRO-001,IDEALPRO-1-406145,LIMIT,BUY,100000.00,GTC,True,False,100000.00,MAKER,1.16356,-0.00016000000000016001,['2.33 USD'],NO_TRIGGER,FILLED,OUO,OL-20250718-160000-001-V2-1270,['O-20250718-160000-001-V2-3809'],O-20250718-160000-001-V2-3808,,,,['V2_POS1_TP'],60f83808-6a3d-4dc1-a9ba-702a5de18ea4,1752854400000000000,1752855780000000000,,,,,1.16372,False,
O-20250720-220000-001-V2-3811,BACKTESTER-001,MLSignalStrategyV2-V2,EUR/USD.IDEALPRO,IDEALPRO-1-3811,EUR/USD.IDEALPRO-MLSignalStrategyV2-V2,IDEALPRO-001,IDEALPRO-1-406790,MARKET,BUY,100000.00,GTC,False,False,100000.00,TAKER,1.16346,0.0,['2.33 USD'],NO_TRIGGER,FILLED,OTO,OL-20250720-220000-001-V2-1271,"['O-20250720-220000-001-V2-3812', 'O-20250720-220000-001-V2-3813']",,,,,['V2_POS1'],398da6a2-84b1-430b-b940-4dbf98aed3f5,1753048800000000000,1753048800000000000,,,,,,,
O-20250720-220000-001-V2-3812,BACKTESTER-001,MLSignalStrategyV2-V2,EUR/USD.IDEALPRO,IDEALPRO-1-3812,EUR/USD.IDEALPRO-MLSignalStrategyV2-V2,IDEALPRO-001,IDEALPRO-1-406795,STOP_MARKET,SELL,100000.00,GTC,True,False,100000.00,TAKER,1.16301,0.0,['2.33 USD'],NO_TRIGGER,FILLED,OUO,OL-20250720-220000-001-V2-1271,['O-20250720-220000-001-V2-3813'],O-20250720-220000-001-V2-3811,,,,['V2_POS1_SL'],7062ac4d-efa9-4686-b7eb-b21f9ac7e71f,1753048800000000000,1753048920000000000,1.16301,DEFAULT,,,,,
O-20250720-220000-001-V2-3813,BACKTESTER-001,MLSignalStrategyV2-V2,EUR/USD.IDEALPRO,IDEALPRO-1-3813,EUR/USD.IDEALPRO-MLSignalStrategyV2-V2,IDEALPRO-001,,LIMIT,SELL,100000.00,GTC,True,False,0.00,NO_LIQUIDITY_SIDE,,,,NO_TRIGGER,CANCELED,OUO,OL-20250720-220000-001-V2-1271,['O-20250720-220000-001-V2-3812'],O-20250720-220000-001-V2-3811,,,,['V2_POS1_TP'],fa07d517-4987-4b75-b29b-0397ff513010,1753048800000000000,1753048920000000000,,,,,1.16389,False,
O-20250720-221500-001-V2-3814,BACKTESTER-001,MLSignalStrategyV2-V2,EUR/USD.IDEALPRO,IDEALPRO-1-3814,EUR/USD.IDEALPRO-MLSignalStrategyV2-V2,IDEALPRO-001,IDEALPRO-1-406822,MARKET,BUY,100000.00,GTC,False,False,100000.00,TAKER,1.16311,0.0,['2.33 USD'],NO_TRIGGER,FILLED,OTO,OL-20250720-221500-001-V2-1272,"['O-20250720-221500-001-V2-3815', 'O-20250720-221500-001-V2-3816']",,,,,['V2_POS1'],edbdbab3-2c4b-4fea-a9b9-5143c5977f73,1753049700000000000,1753049700000000000,,,,,,,
O-20250720-221500-001-V2-3815,BACKTESTER-001,MLSignalStrategyV2-V2,EUR/USD.IDEALPRO,IDEALPRO-1-3815,EUR/USD.IDEALPRO-MLSignalStrategyV2-V2,IDEALPRO-001,IDEALPRO-1-406865,STOP_MARKET,SELL,100000.00,GTC,True,False,100000.00,TAKER,1.16264,1.0000000000065512e-05,['2.33 USD'],NO_TRIGGER,FILLED,OUO,OL-20250720-221500-001-V2-1272,['O-20250720-221500-001-V2-3816'],O-20250720-221500-001-V2-3814,,,,['V2_POS1_SL'],d2062678-ab43-4f56-81ec-6567f693f493,1753049700000000000,1753050960000000000,1.16265,DEFAULT,,,,,
O-20250720-221500-001-V2-3816,BACKTESTER-001,MLSignalStrategyV2-V2,EUR/USD.IDEALPRO,IDEALPRO-1-3816,EUR/USD.IDEALPRO-MLSignalStrategyV2-V2,IDEALPRO-001,,LIMIT,SELL,100000.00,GTC,True,False,0.00,NO_LIQUIDITY_SIDE,,,,NO_TRIGGER,CANCELED,OUO,OL-20250720-221500-001-V2-1272,['O-20250720-221500-001-V2-3815'],O-20250720-221500-001-V2-3814,,,,['V2_POS1_TP'],90cdc300-8207-4196-a92c-ea8003fa2280,1753049700000000000,1753050960000000000,,,,,1.16357,False,
O-20250720-224500-001-V2-3817,BACKTESTER-001,MLSignalStrategyV2-V2,EUR/USD.IDEALPRO,IDEALPRO-1-3817,EUR/USD.IDEALPRO-MLSignalStrategyV2-V2,IDEALPRO-001,IDEALPRO-1-406884,MARKET,BUY,100000.00,GTC,False,False,100000.00,TAKER,1.16252,0.0,['2.33 USD'],NO_TRIGGER,FILLED,OTO,OL-20250720-224500-001-V2-1273,"['O-20250720-224500-001-V2-3818', 'O-20250720-224500-001-V2-3819']",,,,,['V2_POS1'],31a2e0f8-df09-43f3-bd26-2bc41acc448a,1753051500000000000,1753051500000000000,,,,,,,
O-20250720-224500-001-V2-3818,BACKTESTER-001,MLSignalStrategyV2-V2,EUR/USD.IDEALPRO,IDEALPRO-1-3818,EUR/USD.IDEALPRO-MLSignalStrategyV2-V2,IDEALPRO-001,,STOP_MARKET,SELL,100000.00,GTC,True,False,0.00,NO_LIQUIDITY_SIDE,,,,NO_TRIGGER,CANCELED,OUO,OL-20250720-224500-001-V2-1273,['O-20250720-224500-001-V2-3819'],O-20250720-224500-001-V2-3817,,,,['V2_POS1_SL'],90975076-b206-497c-93ac-c545eaed65a9,1753051500000000000,1753053660000000000,1.16206,DEFAULT,,,,,
O-20250720-224500-001-V2-3819,BACKTESTER-001,MLSignalStrategyV2-V2,EUR/USD.IDEALPRO,IDEALPRO-1-3819,EUR/USD.IDEALPRO-MLSignalStrategyV2-V2,IDEALPRO-001,IDEALPRO-1-406957,LIMIT,SELL,100000.00,GTC,True,False,100000.00,MAKER,1.16304,-6.000000000017103e-05,['2.33 USD'],NO_TRIGGER,FILLED,OUO,OL-20250720-224500-001-V2-1273,['O-20250720-224500-001-V2-3818'],O-20250720-224500-001-V2-3817,,,,['V2_POS1_TP'],1b26c619-58ee-40af-a1c6-65faf4cab647,1753051500000000000,1753053660000000000,,,,,1.16298,False,
O-20250720-233000-001-V2-3820,BACKTESTER-001,MLSignalStrategyV2-V2,EUR/USD.IDEALPRO,IDEALPRO-1-3820,EUR/USD.IDEALPRO-MLSignalStrategyV2-V2,IDEALPRO-001,IDEALPRO-1-406977,MARKET,BUY,100000.00,GTC,False,False,100000.00,TAKER,1.16304,0.0,['2.33 USD'],NO_TRIGGER,FILLED,OTO,OL-20250720-233000-001-V2-1274,"['O-20250720-233000-001-V2-3821', 'O-20250720-233000-001-V2-3822']",,,,,['V2_POS1'],4bbc9c40-b532-40d6-87bb-7bb7cefd7174,1753054200000000000,1753054200000000000,,,,,,,
O-20250720-233000-001-V2-3821,BACKTESTER-001,MLSignalStrategyV2-V2,EUR/USD.IDEALPRO,IDEALPRO-1-3821,EUR/USD.IDEALPRO-MLSignalStrategyV2-V2,IDEALPRO-001,,STOP_MARKET,SELL,100000.00,GTC,True,False,0.00,NO_LIQUIDITY_SIDE,,,,NO_TRIGGER,CANCELED,OUO,OL-20250720-233000-001-V2-1274,['O-20250720-233000-001-V2-3822'],O-20250720-233000-001-V2-3820,,,,['V2_POS1_SL'],b3d7cebf-ace3-4f97-99ab-44af6756c292,1753054200000000000,1753056900000000000,1.16261,DEFAULT,,,,,
O-20250720-233000-001-V2-3822,BACKTESTER-001,MLSignalStrategyV2-V2,EUR/USD.IDEALPRO,IDEALPRO-1-3822,EUR/USD.IDEALPRO-MLSignalStrategyV2-V2,IDEALPRO-001,IDEALPRO-1-407067,LIMIT,SELL,100000.00,GTC,True,False,100000.00,MAKER,1.16361,-0.000140000000000029,['2.33 USD'],NO_TRIGGER,FILLED,OUO,OL-20250720-233000-001-V2-1274,['O-20250720-233000-001-V2-3821'],O-20250720-233000-001-V2-3820,,,,['V2_POS1_TP'],8bb12b81-5665-4b17-8afc-f32ecbf7ca29,1753054200000000000,1753056900000000000,,,,,1.16347,False,
O-20250721-023000-001-V2-3823,BACKTESTER-001,MLSignalStrategyV2-V2,EUR/USD.IDEALPRO,IDEALPRO-1-3823,EUR/USD.IDEALPRO-MLSignalStrategyV2-V2,IDEALPRO-001,IDEALPRO-1-407339,MARKET,BUY,100000.00,GTC,False,False,100000.00,TAKER,1.16216,0.0,['2.32 USD'],NO_TRIGGER,FILLED,OTO,OL-20250721-023000-001-V2-1275,"['O-20250721-023000-001-V2-3824', 'O-20250721-023000-001-V2-3825']",,,,,['V2_POS1'],52c49929-0d15-4234-9013-a26c396b29ed,1753065000000000000,1753065000000000000,,,,,,,
O-20250721-023000-001-V2-3824,BACKTESTER-001,MLSignalStrategyV2-V2,EUR/USD.IDEALPRO,IDEALPRO-1-3824,EUR/USD.IDEALPRO-MLSignalStrategyV2-V2,IDEALPRO-001,IDEALPRO-1-407377,STOP_MARKET,SELL,100000.00,GTC,True,False,100000.00,TAKER,1.16167,1.999999999990898e-05,['2.32 USD'],NO_TRIGGER,FILLED,OUO,OL-20250721-023000-001-V2-1275,['O-20250721-023000-001-V2-3825'],O-20250721-023000-001-V2-3823,,,,['V2_POS1_SL'],129c1a39-8507-4c72-a537-73bd074e9a39,1753065000000000000,1753066140000000000,1.16169,DEFAULT,,,,,
O-20250721-023000-001-V2-3825,BACKTESTER-001,MLSignalStrategyV2-V2,EUR/USD.IDEALPRO,IDEALPRO-1-3825,EUR/USD.IDEALPRO-MLSignalStrategyV2-V2,IDEALPRO-001,,LIMIT,SELL,100000.00,GTC,True,False,0.00,NO_LIQUIDITY_SIDE,,,,NO_TRIGGER,CANCELED,OUO,OL-20250721-023000-001-V2-1275,['O-20250721-023000-001-V2-3824'],O-20250721-023000-001-V2-3823,,,,['V2_POS1_TP'],b3f77542-0057-483b-b04c-d289d3544deb,1753065000000000000,1753066140000000000,,,,,1.16263,False,
O-20250721-121500-001-V2-3826,BACKTESTER-001,MLSignalStrategyV2-V2,EUR/USD.IDEALPRO,IDEALPRO-1-3826,EUR/USD.IDEALPRO-MLSignalStrategyV2-V2,IDEALPRO-001,IDEALPRO-1-408510,MARKET,SELL,100000.00,GTC,False,False,100000.00,TAKER,1.16685,0.0,['2.33 USD'],NO_TRIGGER,FILLED,OTO,OL-20250721-121500-001-V2-1276,"['O-20250721-121500-001-V2-3827', 'O-20250721-121500-001-V2-3828']",,,,,['V2_POS1'],6c9afc1e-f7d7-4829-95a2-b164c8190228,1753100100000000000,1753100100000000000,,,,,,,
O-20250721-121500-001-V2-3827,BACKTESTER-001,MLSignalStrategyV2-V2,EUR/USD.IDEALPRO,IDEALPRO-1-3827,EUR/USD.IDEALPRO-MLSignalStrategyV2-V2,IDEALPRO-001,,STOP_MARKET,BUY,100000.00,GTC,True,False,0.00,NO_LIQUIDITY_SIDE,,,,NO_TRIGGER,CANCELED,OUO,OL-20250721-121500-001-V2-1276,['O-20250721-121500-001-V2-3828'],O-20250721-121500-001-V2-3826,,,,['V2_POS1_SL'],108cc3c5-ab25-4db0-8694-85f403554ced,1753100100000000000,1753102080000000000,1.16745,DEFAULT,,,,,
O-20250721-121500-001-V2-3828,BACKTESTER-001,MLSignalStrategyV2-V2,EUR/USD.IDEALPRO,IDEALPRO-1-3828,EUR/USD.IDEALPRO-MLSignalStrategyV2-V2,IDEALPRO-001,IDEALPRO-1-408577,LIMIT,BUY,100000.00,GTC,True,False,100000.00,MAKER,1.16627,0.0,['2.33 USD'],NO_TRIGGER,FILLED,OUO,OL-20250721-121500-001-V2-1276,['O-20250721-121500-001-V2-3827'],O-20250721-121500-001-V2-3826,,,,['V2_POS1_TP'],98c00894-8cdb-4590-bc1c-905c2829ab69,1753100100000000000,1753102080000000000,,,,,1.16627,False,
O-20250721-144500-001-V2-3829,BACKTESTER-001,MLSignalStrategyV2-V2,EUR/USD.IDEALPRO,IDEALPRO-1-3829,EUR/USD.IDEALPRO-MLSignalStrategyV2-V2,IDEALPRO-001,IDEALPRO-1-408813,MARKET,SELL,100000.00,GTC,False,False,100000.00,TAKER,1.16884,0.0,['2.34 USD'],NO_TRIGGER,FILLED,OTO,OL-20250721-144500-001-V2-1277,"['O-20250721-144500-001-V2-3830', 'O-20250721-144500-001-V2-3831']",,,,,['V2_POS1'],4fdc2075-2d2e-4196-9e04-aa99b1c2186f,1753109100000000000,1753109100000000000,,,,,,,
O-20250721-144500-001-V2-3830,BACKTESTER-001,MLSignalStrategyV2-V2,EUR/USD.IDEALPRO,IDEALPRO-1-3830,EUR/USD.IDEALPRO-MLSignalStrategyV2-V2,IDEALPRO-001,IDEALPRO-1-408835,STOP_MARKET,BUY,100000.00,GTC,True,False,100000.00,TAKER,1.16968,0.00016000000000016001,['2.34 USD'],NO_TRIGGER,FILLED,OUO,OL-20250721-144500-001-V2-1277,['O-20250721-144500-001-V2-3831'],O-20250721-144500-001-V2-3829,,,,['V2_POS1_SL'],aca602e3-05d7-45bf-8086-af29f3541360,1753109100000000000,1753109760000000000,1.16952,DEFAULT,,,,,
O-20250721-144500-001-V2-3831,BACKTESTER-001,MLSignalStrategyV2-V2,EUR/USD.IDEALPRO,IDEALPRO-1-3831,EUR/USD.IDEALPRO-MLSignalStrategyV2-V2,IDEALPRO-001,,LIMIT,BUY,100000.00,GTC,True,False,0.00,NO_LIQUIDITY_SIDE,,,,NO_TRIGGER,CANCELED,OUO,OL-20250721-144500-001-V2-1277,['O-20250721-144500-001-V2-3830'],O-20250721-144500-001-V2-3829,,,,['V2_POS1_TP'],c3cae5fa-a890-494a-8e3a-a6669f0dfc30,1753109100000000000,1753109760000000000,,,,,1.16816,False,
O-20250721-150000-001-V2-3832,BACKTESTER-001,MLSignalStrategyV2-V2,EUR/USD.IDEALPRO,IDEALPRO-1-3832,EUR/USD.IDEALPRO-MLSignalStrategyV2-V2,IDEALPRO-001,IDEALPRO-1-408844,MARKET,SELL,100000.00,GTC,False,False,100000.00,TAKER,1.16966,0.0,['2.34 USD'],NO_TRIGGER,FILLED,OTO,OL-20250721-150000-001-V2-1278,"['O-20250721-150000-001-V2-3833', 'O-20250721-150000-001-V2-3834']",,,,,['V2_POS1'],6fe9a94e-cd4e-4124-8a62-61ca328af9d8,1753110000000000000,1753110000000000000,,,,,,,
O-20250721-150000-001-V2-3833,BACKTESTER-001,MLSignalStrategyV2-V2,EUR/USD.IDEALPRO,IDEALPRO-1-3833,EUR/USD.IDEALPRO-MLSignalStrategyV2-V2,IDEALPRO-001,IDEALPRO-1-408867,STOP_MARKET,BUY,100000.00,GTC,True,False,100000.00,TAKER,1.17051,0.000140000000000029,['2.34 USD'],NO_TRIGGER,FILLED,OUO,OL-20250721-150000-001-V2-1278,['O-20250721-150000-001-V2-3834'],O-20250721-150000-001-V2-3832,,,,['V2_POS1_SL'],b6481182-ec2e-4599-b85a-492ebdc2892f,1753110000000000000,1753110660000000000,1.17037,DEFAULT,,,,,
O-20250721-150000-001-V2-3834,BACKTESTER-001,MLSignalStrategyV2-V2,EUR/USD.IDEALPRO,IDEALPRO-1-3834,EUR/USD.IDEALPRO-MLSignalStrategyV2-V2,IDEALPRO-001,,LIMIT,BUY,100000.00,GTC,True,False,0.00,NO_LIQUIDITY_SIDE,,,,NO_TRIGGER,CANCELED,OUO,OL-20250721-150000-001-V2-1278,['O-20250721-150000-001-V2-3833'],O-20250721-150000-001-V2-3832,,,,['V2_POS1_TP'],0f6af1c9-b1f2-4627-86c6-75dccfe97472,1753110000000000000,1753110660000000000,,,,,1.16897,False,
O-20250721-151500-001-V2-3835,BACKTESTER-001,MLSignalStrategyV2-V2,EUR/USD.IDEALPRO,IDEALPRO-1-3835,EUR/USD.IDEALPRO-MLSignalStrategyV2-V2,IDEALPRO-001,IDEALPRO-1-408876,MARKET,SELL,100000.00,GTC,False,False,100000.00,TAKER,1.17054,0.0,['2.34 USD'],NO_TRIGGER,FILLED,OTO,OL-20250721-151500-001-V2-1279,"['O-20250721-151500-001-V2-3836', 'O-20250721-151500-001-V2-3837']",,,,,['V2_POS1'],72462246-1ccb-4465-b80a-4df970af9e86,1753110900000000000,1753110900000000000,,,,,,,
O-20250721-151500-001-V2-3836,BACKTESTER-001,MLSignalStrategyV2-V2,EUR/USD.IDEALPRO,IDEALPRO-1-3836,EUR/USD.IDEALPRO-MLSignalStrategyV2-V2,IDEALPRO-001,IDEALPRO-1-408889,STOP_MARKET,BUY,100000.00,GTC,True,False,100000.00,TAKER,1.17152,0.00023999999999979593,['2.34 USD'],NO_TRIGGER,FILLED,OUO,OL-20250721-151500-001-V2-1279,['O-20250721-151500-001-V2-3837'],O-20250721-151500-001-V2-3835,,,,['V2_POS1_SL'],e1106613-79e5-4e43-9f86-563c76fb3596,1753110900000000000,1753111260000000000,1.17128,DEFAULT,,,,,
O-20250721-151500-001-V2-3837,BACKTESTER-001,MLSignalStrategyV2-V2,EUR/USD.IDEALPRO,IDEALPRO-1-3837,EUR/USD.IDEALPRO-MLSignalStrategyV2-V2,IDEALPRO-001,,LIMIT,BUY,100000.00,GTC,True,False,0.00,NO_LIQUIDITY_SIDE,,,,NO_TRIGGER,CANCELED,OUO,OL-20250721-151500-001-V2-1279,['O-20250721-151500-001-V2-3836'],O-20250721-151500-001-V2-3835,,,,['V2_POS1_TP'],8e1f3060-68c2-4dfc-a2f2-d45d1204c725,1753110900000000000,1753111260000000000,,,,,1.16982,False,
O-20250721-153000-001-V2-3838,BACKTESTER-001,MLSignalStrategyV2-V2,EUR/USD.IDEALPRO,IDEALPRO-1-3838,EUR/USD.IDEALPRO-MLSignalStrategyV2-V2,IDEALPRO-001,IDEALPRO-1-408908,MARKET,SELL,100000.00,GTC,False,False,100000.00,TAKER,1.17133,0.0,['2.34 USD'],NO_TRIGGER,FILLED,OTO,OL-20250721-153000-001-V2-1280,"['O-20250721-153000-001-V2-3839', 'O-20250721-153000-001-V2-3840']",,,,,['V2_POS1'],83e22843-f677-4a3d-8874-3f1019b60872,1753111800000000000,1753111800000000000,,,,,,,
O-20250721-153000-001-V2-3839,BACKTESTER-001,MLSignalStrategyV2-V2,EUR/USD.IDEALPRO,IDEALPRO-1-3839,EUR/USD.IDEALPRO-MLSignalStrategyV2-V2,IDEALPRO-001,,STOP_MARKET,BUY,100000.00,GTC,True,False,0.00,NO_LIQUIDITY_SIDE,,,,NO_TRIGGER,CANCELED,OUO,OL-20250721-153000-001-V2-1280,['O-20250721-153000-001-V2-3840'],O-20250721-153000-001-V2-3838,,,,['V2_POS1_SL'],20343321-3f98-41f8-9c21-d13d62c0f0e4,1753111800000000000,1753112880000000000,1.17210,DEFAULT,,,,,
O-20250721-153000-001-V2-3840,BACKTESTER-001,MLSignalStrategyV2-V2,EUR/USD.IDEALPRO,IDEALPRO-1-3840,EUR/USD.IDEALPRO-MLSignalStrategyV2-V2,IDEALPRO-001,IDEALPRO-1-408945,LIMIT,BUY,100000.00,GTC,True,False,100000.00,MAKER,1.17054,-4.0000000000040004e-05,['2.34 USD'],NO_TRIGGER,FILLED,OUO,OL-20250721-153000-001-V2-1280,['O-20250721-153000-001-V2-3839'],O-20250721-153000-001-V2-3838,,,,['V2_POS1_TP'],88a0cfd8-8224-429a-bdbe-28361a8a02a5,1753111800000000000,1753112880000000000,,,,,1.17058,False,
O-20250721-170000-001-V2-3841,BACKTESTER-001,MLSignalStrategyV2-V2,EUR/USD.IDEALPRO,IDEALPRO-1-3841,EUR/USD.IDEALPRO-MLSignalStrategyV2-V2,IDEALPRO-001,IDEALPRO-1-409090,MARKET,SELL,100000.00,GTC,False,False,100000.00,TAKER,1.17002,0.0,['2.34 USD'],NO_TRIGGER,FILLED,OTO,OL-20250721-170000-001-V2-1281,"['O-20250721-170000-001-V2-3842', 'O-20250721-170000-001-V2-3843']",,,,,['V2_POS1'],fc9edfb4-a23b-4bdd-8102-fa440f42a207,1753117200000000000,1753117200000000000,,,,,,,
O-20250721-170000-001-V2-3842,BACKTESTER-001,MLSignalStrategyV2-V2,EUR/USD.IDEALPRO,IDEALPRO-1-3842,EUR/USD.IDEALPRO-MLSignalStrategyV2-V2,IDEALPRO-001,,STOP_MARKET,BUY,100000.00,GTC,True,False,0.00,NO_LIQUIDITY_SIDE,,,,NO_TRIGGER,CANCELED,OUO,OL-20250721-170000-001-V2-1281,['O-20250721-170000-001-V2-3843'],O-20250721-170000-001-V2-3841,,,,['V2_POS1_SL'],79b964d6-19a8-49e8-a1df-002735aa882c,1753117200000000000,1753117560000000000,1.17067,DEFAULT,,,,,
O-20250721-170000-001-V2-3843,BACKTESTER-001,MLSignalStrategyV2-V2,EUR/USD.IDEALPRO,IDEALPRO-1-3843,EUR/USD.IDEALPRO-MLSignalStrategyV2-V2,IDEALPRO-001,IDEALPRO-1-409103,LIMIT,BUY,100000.00,GTC,True,False,100000.00,MAKER,1.16932,-5.0000000000105516e-05,['2.34 USD'],NO_TRIGGER,FILLED,OUO,OL-20250721-170000-001-V2-1281,['O-20250721-170000-001-V2-3842'],O-20250721-170000-001-V2-3841,,,,['V2_POS1_TP'],416cfd5f-68d7-4171-92b6-13b8b50e5e42,1753117200000000000,1753117560000000000,,,,,1.16937,False,
O-20250721-171500-001-V2-3844,BACKTESTER-001,MLSignalStrategyV2-V2,EUR/USD.IDEALPRO,IDEALPRO-1-3844,EUR/USD.IDEALPRO-MLSignalStrategyV2-V2,IDEALPRO-001,IDEALPRO-1-409122,MARKET,SELL,100000.00,GTC,False,False,100000.00,TAKER,1.16944,0.0,['2.34 USD'],NO_TRIGGER,FILLED,OTO,OL-20250721-171500-001-V2-1282,"['O-20250721-171500-001-V2-3845', 'O-20250721-171500-001-V2-3846']",,,,,['V2_POS1'],1d0e2afe-e5b0-4400-905c-233f9333631a,1753118100000000000,1753118100000000000,,,,,,,
O-20250721-171500-001-V2-3845,BACKTESTER-001,MLSignalStrategyV2-V2,EUR/USD.IDEALPRO,IDEALPRO-1-3845,EUR/USD.IDEALPRO-MLSignalStrategyV2-V2,IDEALPRO-001,,STOP_MARKET,BUY,100000.00,GTC,True,False,0.00,NO_LIQUIDITY_SIDE,,,,NO_TRIGGER,CANCELED,OUO,OL-20250721-171500-001-V2-1282,['O-20250721-171500-001-V2-3846'],O-20250721-171500-001-V2-3844,,,,['V2_POS1_SL'],86a0eeac-66a2-498b-8b28-d94c5836a904,1753118100000000000,1753118880000000000,1.17009,DEFAULT,,,,,
O-20250721-171500-001-V2-3846,BACKTESTER-001,MLSignalStrategyV2-V2,EUR/USD.IDEALPRO,IDEALPRO-1-3846,EUR/USD.IDEALPRO-MLSignalStrategyV2-V2,IDEALPRO-001,IDEALPRO-1-409149,LIMIT,BUY,100000.00,GTC,True,False,100000.00,MAKER,1.16867,-0.00011999999999989797,['2.34 USD'],NO_TRIGGER,FILLED,OUO,OL-20250721-171500-001-V2-1282,['O-20250721-171500-001-V2-3845'],O-20250721-171500-001-V2-3844,,,,['V2_POS1_TP'],0576ec05-2657-4cfd-b0a0-bafcd21579ac,1753118100000000000,1753118880000000000,,,,,1.16879,False,
O-20250721-173000-001-V2-3847,BACKTESTER-001,MLSignalStrategyV2-V2,EUR/USD.IDEALPRO,IDEALPRO-1-3847,EUR/USD.IDEALPRO-MLSignalStrategyV2-V2,IDEALPRO-001,IDEALPRO-1-409154,MARKET,SELL,100000.00,GTC,False,False,100000.00,TAKER,1.16894,0.0,['2.34 USD'],NO_TRIGGER,FILLED,OTO,OL-20250721-173000-001-V2-1283,"['O-20250721-173000-001-V2-3848', 'O-20250721-173000-001-V2-3849']",,,,,['V2_POS1'],99b6b84d-fa58-4bb9-9342-181b4e491721,1753119000000000000,1753119000000000000,,,,,,,
O-20250721-173000-001-V2-3848,BACKTESTER-001,MLSignalStrategyV2-V2,EUR/USD.IDEALPRO,IDEALPRO-1-3848,EUR/USD.IDEALPRO-MLSignalStrategyV2-V2,IDEALPRO-001,IDEALPRO-1-409351,STOP_MARKET,BUY,100000.00,GTC,True,False,100000.00,TAKER,1.16963,4.0000000000040004e-05,['2.34 USD'],NO_TRIGGER,FILLED,OUO,OL-20250721-173000-001-V2-1283,['O-20250721-173000-001-V2-3849'],O-20250721-173000-001-V2-3847,,,,['V2_POS1_SL'],2512a358-98de-4847-ab51-de21683fd59c,1753119000000000000,1753124880000000000,1.16959,DEFAULT,,,,,
O-20250721-173000-001-V2-3849,BACKTESTER-001,MLSignalStrategyV2-V2,EUR/USD.IDEALPRO,IDEALPRO-1-3849,EUR/USD.IDEALPRO-MLSignalStrategyV2-V2,IDEALPRO-001,,LIMIT,BUY,100000.00,GTC,True,False,0.00,NO_LIQUIDITY_SIDE,,,,NO_TRIGGER,CANCELED,OUO,OL-20250721-173000-001-V2-1283,['O-20250721-173000-001-V2-3848'],O-20250721-173000-001-V2-3847,,,,['V2_POS1_TP'],cf50f225-14a2-4930-b3e7-6e01d72fc2c3,1753119000000000000,1753124880000000000,,,,,1.16829,False,
O-20250722-001500-001-V2-3850,BACKTESTER-001,MLSignalStrategyV2-V2,EUR/USD.IDEALPRO,IDEALPRO-1-3850,EUR/USD.IDEALPRO-MLSignalStrategyV2-V2,IDEALPRO-001,IDEALPRO-1-409936,MARKET,SELL,100000.00,GTC,False,False,100000.00,TAKER,1.16842,0.0,['2.34 USD'],NO_TRIGGER,FILLED,OTO,OL-20250722-001500-001-V2-1284,"['O-20250722-001500-001-V2-3851', 'O-20250722-001500-001-V2-3852']",,,,,['V2_POS1'],77083c11-9572-4aab-8021-c56435ebcfa5,1753143300000000000,1753143300000000000,,,,,,,
O-20250722-001500-001-V2-3851,BACKTESTER-001,MLSignalStrategyV2-V2,EUR/USD.IDEALPRO,IDEALPRO-1-3851,EUR/USD.IDEALPRO-MLSignalStrategyV2-V2,IDEALPRO-001,IDEALPRO-1-409961,STOP_MARKET,BUY,100000.00,GTC,True,False,100000.00,TAKER,1.16872,1.0000000000065512e-05,['2.34 USD'],NO_TRIGGER,FILLED,OUO,OL-20250722-001500-001-V2-1284,['O-20250722-001500-001-V2-3852'],O-20250722-001500-001-V2-3850,,,,['V2_POS1_SL'],733d078a-755b-4601-8be0-254756149a41,1753143300000000000,1753144020000000000,1.16871,DEFAULT,,,,,
O-20250722-001500-001-V2-3852,BACKTESTER-001,MLSignalStrategyV2-V2,EUR/USD.IDEALPRO,IDEALPRO-1-3852,EUR/USD.IDEALPRO-MLSignalStrategyV2-V2,IDEALPRO-001,,LIMIT,BUY,100000.00,GTC,True,False,0.00,NO_LIQUIDITY_SIDE,,,,NO_TRIGGER,CANCELED,OUO,OL-20250722-001500-001-V2-1284,['O-20250722-001500-001-V2-3851'],O-20250722-001500-001-V2-3850,,,,['V2_POS1_TP'],938d65e1-16b8-4579-9b27-715c51d3fb13,1753143300000000000,1753144020000000000,,,,,1.16813,False,
O-20250722-040000-001-V2-3853,BACKTESTER-001,MLSignalStrategyV2-V2,EUR/USD.IDEALPRO,IDEALPRO-1-3853,EUR/USD.IDEALPRO-MLSignalStrategyV2-V2,IDEALPRO-001,IDEALPRO-1-410389,MARKET,BUY,100000.00,GTC,False,False,100000.00,TAKER,1.16874,0.0,['2.34 USD'],NO_TRIGGER,FILLED,OTO,OL-20250722-040000-001-V2-1285,"['O-20250722-040000-001-V2-3854', 'O-20250722-040000-001-V2-3855']",,,,,['V2_POS1'],539fa97c-ffc7-4ee5-8bf6-f7713f200ef4,1753156800000000000,1753156800000000000,,,,,,,
O-20250722-040000-001-V2-3854,BACKTESTER-001,MLSignalStrategyV2-V2,EUR/USD.IDEALPRO,IDEALPRO-1-3854,EUR/USD.IDEALPRO-MLSignalStrategyV2-V2,IDEALPRO-001,,STOP_MARKET,SELL,100000.00,GTC,True,False,0.00,NO_LIQUIDITY_SIDE,,,,NO_TRIGGER,CANCELED,OUO,OL-20250722-040000-001-V2-1285,['O-20250722-040000-001-V2-3855'],O-20250722-040000-001-V2-3853,,,,['V2_POS1_SL'],b7f1a042-f47d-4010-93c3-5238aed3bd31,1753156800000000000,1753158000000000000,1.16838,DEFAULT,,,,,
O-20250722-040000-001-V2-3855,BACKTESTER-001,MLSignalStrategyV2-V2,EUR/USD.IDEALPRO,IDEALPRO-1-3855,EUR/USD.IDEALPRO-MLSignalStrategyV2-V2,IDEALPRO-001,IDEALPRO-1-410429,LIMIT,SELL,100000.00,GTC,True,False,100000.00,MAKER,1.1691,-2.0000000000131024e-05,['2.34 USD'],NO_TRIGGER,FILLED,OUO,OL-20250722-040000-001-V2-1285,['O-20250722-040000-001-V2-3854'],O-20250722-040000-001-V2-3853,,,,['V2_POS1_TP'],f2f3fc3a-8e44-41c4-987d-619350b8440b,1753156800000000000,1753158000000000000,,,,,1.16908,False,
O-20250722-071500-001-V2-3856,BACKTESTER-001,MLSignalStrategyV2-V2,EUR/USD.IDEALPRO,IDEALPRO-1-3856,EUR/USD.IDEALPRO-MLSignalStrategyV2-V2,IDEALPRO-001,IDEALPRO-1-410781,MARKET,BUY,100000.00,GTC,False,False,100000.00,TAKER,1.16863,0.0,['2.34 USD'],NO_TRIGGER,FILLED,OTO,OL-20250722-071500-001-V2-1286,"['O-20250722-071500-001-V2-3857', 'O-20250722-071500-001-V2-3858']",,,,,['V2_POS1'],aee3ebd8-62c9-4395-be73-7f73c90f5ee4,1753168500000000000,1753168500000000000,,,,,,,
O-20250722-071500-001-V2-3857,BACKTESTER-001,MLSignalStrategyV2-V2,EUR/USD.IDEALPRO,IDEALPRO-1-3857,EUR/USD.IDEALPRO-MLSignalStrategyV2-V2,IDEALPRO-001,IDEALPRO-1-410859,STOP_MARKET,SELL,100000.00,GTC,True,False,100000.00,TAKER,1.16818,1.999999999990898e-05,['2.34 USD'],NO_TRIGGER,FILLED,OUO,OL-20250722-071500-001-V2-1286,['O-20250722-071500-001-V2-3858'],O-20250722-071500-001-V2-3856,,,,['V2_POS1_SL'],ff3e5d56-f135-464e-97b1-2ddb16ee25d1,1753168500000000000,1753170840000000000,1.16820,DEFAULT,,,,,
O-20250722-071500-001-V2-3858,BACKTESTER-001,MLSignalStrategyV2-V2,EUR/USD.IDEALPRO,IDEALPRO-1-3858,EUR/USD.IDEALPRO-MLSignalStrategyV2-V2,IDEALPRO-001,,LIMIT,SELL,100000.00,GTC,True,False,0.00,NO_LIQUIDITY_SIDE,,,,NO_TRIGGER,CANCELED,OUO,OL-20250722-071500-001-V2-1286,['O-20250722-071500-001-V2-3857'],O-20250722-071500-001-V2-3856,,,,['V2_POS1_TP'],3d3a9553-5c4f-461c-aae6-5ef899eca74e,1753168500000000000,1753170840000000000,,,,,1.16906,False,
O-20250722-161500-001-V2-3859,BACKTESTER-001,MLSignalStrategyV2-V2,EUR/USD.IDEALPRO,IDEALPRO-1-3859,EUR/USD.IDEALPRO-MLSignalStrategyV2-V2,IDEALPRO-001,IDEALPRO-1-411862,MARKET,SELL,100000.00,GTC,False,False,100000.00,TAKER,1.17552,0.0,['2.35 USD'],NO_TRIGGER,FILLED,OTO,OL-20250722-161500-001-V2-1287,"['O-20250722-161500-001-V2-3860', 'O-20250722-161500-001-V2-3861']",,,,,['V2_POS1'],95c5bc81-edc8-4c81-a296-42ed185fb290,1753200900000000000,1753200900000000000,,,,,,,
O-20250722-161500-001-V2-3860,BACKTESTER-001,MLSignalStrategyV2-V2,EUR/USD.IDEALPRO,IDEALPRO-1-3860,EUR/USD.IDEALPRO-MLSignalStrategyV2-V2,IDEALPRO-001,,STOP_MARKET,BUY,100000.00,GTC,True,False,0.00,NO_LIQUIDITY_SIDE,,,,NO_TRIGGER,CANCELED,OUO,OL-20250722-161500-001-V2-1287,['O-20250722-161500-001-V2-3861'],O-20250722-161500-001-V2-3859,,,,['V2_POS1_SL'],3aa572dd-334c-4c89-8100-e700e52d41a6,1753200900000000000,1753205460000000000,1.17651,DEFAULT,,,,,
O-20250722-161500-001-V2-3861,BACKTESTER-001,MLSignalStrategyV2-V2,EUR/USD.IDEALPRO,IDEALPRO-1-3861,EUR/USD.IDEALPRO-MLSignalStrategyV2-V2,IDEALPRO-001,IDEALPRO-1-412015,LIMIT,BUY,100000.00,GTC,True,False,100000.00,MAKER,1.17442,-0.0001100000000000545,['2.35 USD'],NO_TRIGGER,FILLED,OUO,OL-20250722-161500-001-V2-1287,['O-20250722-161500-001-V2-3860'],O-20250722-161500-001-V2-3859,,,,['V2_POS1_TP'],ffa5df59-9d56-45bf-9bf9-eab8d927ef0e,1753200900000000000,1753205460000000000,,,,,1.17453,False,
O-20250722-234500-001-V2-3862,BACKTESTER-001,MLSignalStrategyV2-V2,EUR/USD.IDEALPRO,IDEALPRO-1-3862,EUR/USD.IDEALPRO-MLSignalStrategyV2-V2,IDEALPRO-001,IDEALPRO-1-412734,MARKET,BUY,100000.00,GTC,False,False,100000.00,TAKER,1.17396,0.0,['2.35 USD'],NO_TRIGGER,FILLED,OTO,OL-20250722-234500-001-V2-1288,"['O-20250722-234500-001-V2-3863', 'O-20250722-234500-001-V2-3864']",,,,,['V2_POS1'],a96538ff-4226-48b1-9d89-7d9c0051abe7,1753227900000000000,1753227900000000000,,,,,,,
O-20250722-234500-001-V2-3863,BACKTESTER-001,MLSignalStrategyV2-V2,EUR/USD.IDEALPRO,IDEALPRO-1-3863,EUR/USD.IDEALPRO-MLSignalStrategyV2-V2,IDEALPRO-001,IDEALPRO-1-412783,STOP_MARKET,SELL,100000.00,GTC,True,False,100000.00,TAKER,1.17346,5.999999999994898e-05,['2.35 USD'],NO_TRIGGER,FILLED,OUO,OL-20250722-234500-001-V2-1288,['O-20250722-234500-001-V2-3864'],O-20250722-234500-001-V2-3862,,,,['V2_POS1_SL'],090766a1-19b4-4e5a-a1ab-0561fc961806,1753227900000000000,1753229340000000000,1.17352,DEFAULT,,,,,
O-20250722-234500-001-V2-3864,BACKTESTER-001,MLSignalStrategyV2-V2,EUR/USD.IDEALPRO,IDEALPRO-1-3864,EUR/USD.IDEALPRO-MLSignalStrategyV2-V2,IDEALPRO-001,,LIMIT,SELL,100000.00,GTC,True,False,0.00,NO_LIQUIDITY_SIDE,,,,NO_TRIGGER,CANCELED,OUO,OL-20250722-234500-001-V2-1288,['O-20250722-234500-001-V2-3863'],O-20250722-234500-001-V2-3862,,,,['V2_POS1_TP'],cb392548-2c8e-4504-9231-6a39bc8c0c28,1753227900000000000,1753229340000000000,,,,,1.17438,False,
O-20250723-030000-001-V2-3865,BACKTESTER-001,MLSignalStrategyV2-V2,EUR/USD.IDEALPRO,IDEALPRO-1-3865,EUR/USD.IDEALPRO-MLSignalStrategyV2-V2,IDEALPRO-001,IDEALPRO-1-413126,MARKET,SELL,100000.00,GTC,False,False,100000.00,TAKER,1.17349,0.0,['2.35 USD'],NO_TRIGGER,FILLED,OTO,OL-20250723-030000-001-V2-1289,"['O-20250723-030000-001-V2-3866', 'O-20250723-030000-001-V2-3867']",,,,,['V2_POS1'],87920b3f-4e4a-4d45-bc48-2c19e507ccd3,1753239600000000000,1753239600000000000,,,,,,,
O-20250723-030000-001-V2-3866,BACKTESTER-001,MLSignalStrategyV2-V2,EUR/USD.IDEALPRO,IDEALPRO-1-3866,EUR/USD.IDEALPRO-MLSignalStrategyV2-V2,IDEALPRO-001,IDEALPRO-1-413169,STOP_MARKET,BUY,100000.00,GTC,True,False,100000.00,TAKER,1.17399,0.0,['2.35 USD'],NO_TRIGGER,FILLED,OUO,OL-20250723-030000-001-V2-1289,['O-20250723-030000-001-V2-3867'],O-20250723-030000-001-V2-3865,,,,['V2_POS1_SL'],e7a9cc5d-c9b0-4d0f-8e22-ef5a57081325,1753239600000000000,1753240860000000000,1.17399,DEFAULT,,,,,
O-20250723-030000-001-V2-3867,BACKTESTER-001,MLSignalStrategyV2-V2,EUR/USD.IDEALPRO,IDEALPRO-1-3867,EUR/USD.IDEALPRO-MLSignalStrategyV2-V2,IDEALPRO-001,,LIMIT,BUY,100000.00,GTC,True,False,0.00,NO_LIQUIDITY_SIDE,,,,NO_TRIGGER,CANCELED,OUO,OL-20250723-030000-001-V2-1289,['O-20250723-030000-001-V2-3866'],O-20250723-030000-001-V2-3865,,,,['V2_POS1_TP'],a997f1b9-7508-48fa-ba2a-6800b27696a4,1753239600000000000,1753240860000000000,,,,,1.17299,False,
O-20250723-043000-001-V2-3868,BACKTESTER-001,MLSignalStrategyV2-V2,EUR/USD.IDEALPRO,IDEALPRO-1-3868,EUR/USD.IDEALPRO-MLSignalStrategyV2-V2,IDEALPRO-001,IDEALPRO-1-413308,MARKET,SELL,100000.00,GTC,False,False,100000.00,TAKER,1.17358,0.0,['2.35 USD'],NO_TRIGGER,FILLED,OTO,OL-20250723-043000-001-V2-1290,"['O-20250723-043000-001-V2-3869', 'O-20250723-043000-001-V2-3870']",,,,,['V2_POS1'],2b2363b3-e116-4073-9b9e-162fd380509e,1753245000000000000,1753245000000000000,,,,,,,
O-20250723-043000-001-V2-3869,BACKTESTER-001,MLSignalStrategyV2-V2,EUR/USD.IDEALPRO,IDEALPRO-1-3869,EUR/USD.IDEALPRO-MLSignalStrategyV2-V2,IDEALPRO-001,,STOP_MARKET,BUY,100000.00,GTC,True,False,0.00,NO_LIQUIDITY_SIDE,,,,NO_TRIGGER,CANCELED,OUO,OL-20250723-043000-001-V2-1290,['O-20250723-043000-001-V2-3870'],O-20250723-043000-001-V2-3868,,,,['V2_POS1_SL'],9b20982d-9152-4239-af50-cd8a09a5a222,1753245000000000000,1753249200000000000,1.17407,DEFAULT,,,,,
O-20250723-043000-001-V2-3870,BACKTESTER-001,MLSignalStrategyV2-V2,EUR/USD.IDEALPRO,IDEALPRO-1-3870,EUR/USD.IDEALPRO-MLSignalStrategyV2-V2,IDEALPRO-001,IDEALPRO-1-413449,LIMIT,BUY,100000.00,GTC,True,False,100000.00,MAKER,1.17302,-9.000000000014552e-05,['2.35 USD'],NO_TRIGGER,FILLED,OUO,OL-20250723-043000-001-V2-1290,['O-20250723-043000-001-V2-3869'],O-20250723-043000-001-V2-3868,,,,['V2_POS1_TP'],a030456f-c98c-4139-8751-d09f37d39904,1753245000000000000,1753249200000000000,,,,,1.17311,False,
O-20250723-144500-001-V2-3871,BACKTESTER-001,MLSignalStrategyV2-V2,EUR/USD.IDEALPRO,IDEALPRO-1-3871,EUR/USD.IDEALPRO-MLSignalStrategyV2-V2,IDEALPRO-001,IDEALPRO-1-414541,MARKET,SELL,100000.00,GTC,False,False,100000.00,TAKER,1.17338,0.0,['2.35 USD'],NO_TRIGGER,FILLED,OTO,OL-20250723-144500-001-V2-1291,"['O-20250723-144500-001-V2-3872', 'O-20250723-144500-001-V2-3873']",,,,,['V2_POS1'],64e82d51-4733-4ca4-ae6f-25bb19c24ea6,1753281900000000000,1753281900000000000,,,,,,,
O-20250723-144500-001-V2-3872,BACKTESTER-001,MLSignalStrategyV2-V2,EUR/USD.IDEALPRO,IDEALPRO-1-3872,EUR/USD.IDEALPRO-MLSignalStrategyV2-V2,IDEALPRO-001,,STOP_MARKET,BUY,100000.00,GTC,True,False,0.00,NO_LIQUIDITY_SIDE,,,,NO_TRIGGER,CANCELED,OUO,OL-20250723-144500-001-V2-1291,['O-20250723-144500-001-V2-3873'],O-20250723-144500-001-V2-3871,,,,['V2_POS1_SL'],ef8a4162-abd4-45ce-87c6-663a69968594,1753281900000000000,1753282320000000000,1.17410,DEFAULT,,,,,
O-20250723-144500-001-V2-3873,BACKTESTER-001,MLSignalStrategyV2-V2,EUR/USD.IDEALPRO,IDEALPRO-1-3873,EUR/USD.IDEALPRO-MLSignalStrategyV2-V2,IDEALPRO-001,IDEALPRO-1-414555,LIMIT,BUY,100000.00,GTC,True,False,100000.00,MAKER,1.17263,-2.999999999997449e-05,['2.35 USD'],NO_TRIGGER,FILLED,OUO,OL-20250723-144500-001-V2-1291,['O-20250723-144500-001-V2-3872'],O-20250723-144500-001-V2-3871,,,,['V2_POS1_TP'],3ea699b6-ca5a-4e1a-b2a1-d3692c8b9e08,1753281900000000000,1753282320000000000,,,,,1.17266,False,
O-20250723-203000-001-V2-3874,BACKTESTER-001,MLSignalStrategyV2-V2,EUR/USD.IDEALPRO,IDEALPRO-1-3874,EUR/USD.IDEALPRO-MLSignalStrategyV2-V2,IDEALPRO-001,IDEALPRO-1-415232,MARKET,BUY,100000.00,GTC,False,False,100000.00,TAKER,1.17733,0.0,['2.35 USD'],NO_TRIGGER,FILLED,OTO,OL-20250723-203000-001-V2-1292,"['O-20250723-203000-001-V2-3875', 'O-20250723-203000-001-V2-3876']",,,,,['V2_POS1'],d4089121-be1d-4f92-b358-784d342b1f37,1753302600000000000,1753302600000000000,,,,,,,
O-20250723-203000-001-V2-3875,BACKTESTER-001,MLSignalStrategyV2-V2,EUR/USD.IDEALPRO,IDEALPRO-1-3875,EUR/USD.IDEALPRO-MLSignalStrategyV2-V2,IDEALPRO-001,IDEALPRO-1-415279,STOP_MARKET,SELL,100000.00,GTC,True,False,100000.00,TAKER,1.17667,0.00015999999999993797,['2.35 USD'],NO_TRIGGER,FILLED,OUO,OL-20250723-203000-001-V2-1292,['O-20250723-203000-001-V2-3876'],O-20250723-203000-001-V2-3874,,,,['V2_POS1_SL'],d9f090f1-a8c5-431b-8ac8-ffc99c7ea7bb,1753302600000000000,1753303980000000000,1.17683,DEFAULT,,,,,
O-20250723-203000-001-V2-3876,BACKTESTER-001,MLSignalStrategyV2-V2,EUR/USD.IDEALPRO,IDEALPRO-1-3876,EUR/USD.IDEALPRO-MLSignalStrategyV2-V2,IDEALPRO-001,,LIMIT,SELL,100000.00,GTC,True,False,0.00,NO_LIQUIDITY_SIDE,,,,NO_TRIGGER,CANCELED,OUO,OL-20250723-203000-001-V2-1292,['O-20250723-203000-001-V2-3875'],O-20250723-203000-001-V2-3874,,,,['V2_POS1_TP'],d76127cb-2418-44d3-a70d-1f36cabfa30e,1753302600000000000,1753303980000000000,,,,,1.17781,False,
O-20250723-220000-001-V2-3877,BACKTESTER-001,MLSignalStrategyV2-V2,EUR/USD.IDEALPRO,IDEALPRO-1-3877,EUR/USD.IDEALPRO-MLSignalStrategyV2-V2,IDEALPRO-001,IDEALPRO-1-415384,MARKET,BUY,100000.00,GTC,False,False,100000.00,TAKER,1.177,0.0,['2.35 USD'],NO_TRIGGER,FILLED,OTO,OL-20250723-220000-001-V2-1293,"['O-20250723-220000-001-V2-3878', 'O-20250723-220000-001-V2-3879']",,,,,['V2_POS1'],32a01a3d-3f4a-4283-aa16-2e448b1c3838,1753308000000000000,1753308000000000000,,,,,,,
O-20250723-220000-001-V2-3878,BACKTESTER-001,MLSignalStrategyV2-V2,EUR/USD.IDEALPRO,IDEALPRO-1-3878,EUR/USD.IDEALPRO-MLSignalStrategyV2-V2,IDEALPRO-001,,STOP_MARKET,SELL,100000.00,GTC,True,False,0.00,NO_LIQUIDITY_SIDE,,,,NO_TRIGGER,CANCELED,OUO,OL-20250723-220000-001-V2-1293,['O-20250723-220000-001-V2-3879'],O-20250723-220000-001-V2-3877,,,,['V2_POS1_SL'],3f8125a5-c4d9-4fb6-a79b-f8da4f206df2,1753308000000000000,1753308120000000000,1.17658,DEFAULT,,,,,
O-20250723-220000-001-V2-3879,BACKTESTER-001,MLSignalStrategyV2-V2,EUR/USD.IDEALPRO,IDEALPRO-1-3879,EUR/USD.IDEALPRO-MLSignalStrategyV2-V2,IDEALPRO-001,IDEALPRO-1-415389,LIMIT,SELL,100000.00,GTC,True,False,100000.00,MAKER,1.17742,0.0,['2.35 USD'],NO_TRIGGER,FILLED,OUO,OL-20250723-220000-001-V2-1293,['O-20250723-220000-001-V2-3878'],O-20250723-220000-001-V2-3877,,,,['V2_POS1_TP'],73d37d1f-465a-40bd-a168-85a4fb30ff95,1753308000000000000,1753308120000000000,,,,,1.17742,False,
O-20250723-221500-001-V2-3880,BACKTESTER-001,MLSignalStrategyV2-V2,EUR/USD.IDEALPRO,IDEALPRO-1-3880,EUR/USD.IDEALPRO-MLSignalStrategyV2-V2,IDEALPRO-001,IDEALPRO-1-415416,MARKET,BUY,100000.00,GTC,False,False,100000.00,TAKER,1.1773,0.0,['2.35 USD'],NO_TRIGGER,FILLED,OTO,OL-20250723-221500-001-V2-1294,"['O-20250723-221500-001-V2-3881', 'O-20250723-221500-001-V2-3882']",,,,,['V2_POS1'],a64e5212-38cd-4a8d-b17b-50ee852fd8ea,1753308900000000000,1753308900000000000,,,,,,,
O-20250723-221500-001-V2-3881,BACKTESTER-001,MLSignalStrategyV2-V2,EUR/USD.IDEALPRO,IDEALPRO-1-3881,EUR/USD.IDEALPRO-MLSignalStrategyV2-V2,IDEALPRO-001,,STOP_MARKET,SELL,100000.00,GTC,True,False,0.00,NO_LIQUIDITY_SIDE,,,,NO_TRIGGER,CANCELED,OUO,OL-20250723-221500-001-V2-1294,['O-20250723-221500-001-V2-3882'],O-20250723-221500-001-V2-3880,,,,['V2_POS1_SL'],55bd4c9f-2f15-480a-8b4e-b550b43f7c62,1753308900000000000,1753312920000000000,1.17687,DEFAULT,,,,,
O-20250723-221500-001-V2-3882,BACKTESTER-001,MLSignalStrategyV2-V2,EUR/USD.IDEALPRO,IDEALPRO-1-3882,EUR/USD.IDEALPRO-MLSignalStrategyV2-V2,IDEALPRO-001,IDEALPRO-1-415551,LIMIT,SELL,100000.00,GTC,True,False,100000.00,MAKER,1.17787,-0.00015999999999993797,['2.36 USD'],NO_TRIGGER,FILLED,OUO,OL-20250723-221500-001-V2-1294,['O-20250723-221500-001-V2-3881'],O-20250723-221500-001-V2-3880,,,,['V2_POS1_TP'],5c4f567b-664d-480b-94a6-30331267975e,1753308900000000000,1753312920000000000,,,,,1.17771,False,
O-20250723-233000-001-V2-3883,BACKTESTER-001,MLSignalStrategyV2-V2,EUR/USD.IDEALPRO,IDEALPRO-1-3883,EUR/USD.IDEALPRO-MLSignalStrategyV2-V2,IDEALPRO-001,IDEALPRO-1-415569,MARKET,BUY,100000.00,GTC,False,False,100000.00,TAKER,1.17778,0.0,['2.36 USD'],NO_TRIGGER,FILLED,OTO,OL-20250723-233000-001-V2-1295,"['O-20250723-233000-001-V2-3884', 'O-20250723-233000-001-V2-3885']",,,,,['V2_POS1'],1c4b64af-5cae-4dc7-868a-0ba7b4502512,1753313400000000000,1753313400000000000,,,,,,,
O-20250723-233000-001-V2-3884,BACKTESTER-001,MLSignalStrategyV2-V2,EUR/USD.IDEALPRO,IDEALPRO-1-3884,EUR/USD.IDEALPRO-MLSignalStrategyV2-V2,IDEALPRO-001,IDEALPRO-1-415601,STOP_MARKET,SELL,100000.00,GTC,True,False,100000.00,TAKER,1.17745,1.999999999990898e-05,['2.35 USD'],NO_TRIGGER,FILLED,OUO,OL-20250723-233000-001-V2-1295,['O-20250723-233000-001-V2-3885'],O-20250723-233000-001-V2-3883,,,,['V2_POS1_SL'],c495dafb-2ace-4fa6-985b-45363bf70e09,1753313400000000000,1753314360000000000,1.17747,DEFAULT,,,,,
O-20250723-233000-001-V2-3885,BACKTESTER-001,MLSignalStrategyV2-V2,EUR/USD.IDEALPRO,IDEALPRO-1-3885,EUR/USD.IDEALPRO-MLSignalStrategyV2-V2,IDEALPRO-001,,LIMIT,SELL,100000.00,GTC,True,False,0.00,NO_LIQUIDITY_SIDE,,,,NO_TRIGGER,CANCELED,OUO,OL-20250723-233000-001-V2-1295,['O-20250723-233000-001-V2-3884'],O-20250723-233000-001-V2-3883,,,,['V2_POS1_TP'],c3a46cd6-4a00-4eda-b7d9-35a64f73d92e,1753313400000000000,1753314360000000000,,,,,1.17809,False,
O-20250724-003000-001-V2-3886,BACKTESTER-001,MLSignalStrategyV2-V2,EUR/USD.IDEALPRO,IDEALPRO-1-3886,EUR/USD.IDEALPRO-MLSignalStrategyV2-V2,IDEALPRO-001,IDEALPRO-1-415691,MARKET,BUY,100000.00,GTC,False,False,100000.00,TAKER,1.17709,0.0,['2.35 USD'],NO_TRIGGER,FILLED,OTO,OL-20250724-003000-001-V2-1296,"['O-20250724-003000-001-V2-3887', 'O-20250724-003000-001-V2-3888']",,,,,['V2_POS1'],564fcde6-7b87-4881-9b94-e46fd2f75041,1753317000000000000,1753317000000000000,,,,,,,
O-20250724-003000-001-V2-3887,BACKTESTER-001,MLSignalStrategyV2-V2,EUR/USD.IDEALPRO,IDEALPRO-1-3887,EUR/USD.IDEALPRO-MLSignalStrategyV2-V2,IDEALPRO-001,IDEALPRO-1-415693,STOP_MARKET,SELL,100000.00,GTC,True,False,100000.00,TAKER,1.17669,7.00000000000145e-05,['2.35 USD'],NO_TRIGGER,FILLED,OUO,OL-20250724-003000-001-V2-1296,['O-20250724-003000-001-V2-3888'],O-20250724-003000-001-V2-3886,,,,['V2_POS1_SL'],df369603-3651-450e-a96b-340eb4158248,1753317000000000000,1753317060000000000,1.17676,DEFAULT,,,,,
O-20250724-003000-001-V2-3888,BACKTESTER-001,MLSignalStrategyV2-V2,EUR/USD.IDEALPRO,IDEALPRO-1-3888,EUR/USD.IDEALPRO-MLSignalStrategyV2-V2,IDEALPRO-001,,LIMIT,SELL,100000.00,GTC,True,False,0.00,NO_LIQUIDITY_SIDE,,,,NO_TRIGGER,CANCELED,OUO,OL-20250724-003000-001-V2-1296,['O-20250724-003000-001-V2-3887'],O-20250724-003000-001-V2-3886,,,,['V2_POS1_TP'],c627e65d-ba9c-4db0-9666-5ae90966bf58,1753317000000000000,1753317060000000000,,,,,1.17742,False,
O-20250724-004500-001-V2-3889,BACKTESTER-001,MLSignalStrategyV2-V2,EUR/USD.IDEALPRO,IDEALPRO-1-3889,EUR/USD.IDEALPRO-MLSignalStrategyV2-V2,IDEALPRO-001,IDEALPRO-1-415722,MARKET,BUY,100000.00,GTC,False,False,100000.00,TAKER,1.17641,0.0,['2.35 USD'],NO_TRIGGER,FILLED,OTO,OL-20250724-004500-001-V2-1297,"['O-20250724-004500-001-V2-3890', 'O-20250724-004500-001-V2-3891']",,,,,['V2_POS1'],32de3e54-d3a4-40e3-9b23-f9a432d1a043,1753317900000000000,1753317900000000000,,,,,,,
O-20250724-004500-001-V2-3890,BACKTESTER-001,MLSignalStrategyV2-V2,EUR/USD.IDEALPRO,IDEALPRO-1-3890,EUR/USD.IDEALPRO-MLSignalStrategyV2-V2,IDEALPRO-001,,STOP_MARKET,SELL,100000.00,GTC,True,False,0.00,NO_LIQUIDITY_SIDE,,,,NO_TRIGGER,CANCELED,OUO,OL-20250724-004500-001-V2-1297,['O-20250724-004500-001-V2-3891'],O-20250724-004500-001-V2-3889,,,,['V2_POS1_SL'],ce2aae6c-c25c-4cab-aed7-cd38595c9b27,1753317900000000000,1753318440000000000,1.17604,DEFAULT,,,,,
O-20250724-004500-001-V2-3891,BACKTESTER-001,MLSignalStrategyV2-V2,EUR/USD.IDEALPRO,IDEALPRO-1-3891,EUR/USD.IDEALPRO-MLSignalStrategyV2-V2,IDEALPRO-001,IDEALPRO-1-415741,LIMIT,SELL,100000.00,GTC,True,False,100000.00,MAKER,1.17677,-1.0000000000065512e-05,['2.35 USD'],NO_TRIGGER,FILLED,OUO,OL-20250724-004500-001-V2-1297,['O-20250724-004500-001-V2-3890'],O-20250724-004500-001-V2-3889,,,,['V2_POS1_TP'],0907328e-77fb-472b-9465-f762a8d1bef2,1753317900000000000,1753318440000000000,,,,,1.17676,False,
O-20250724-060000-001-V2-3892,BACKTESTER-001,MLSignalStrategyV2-V2,EUR/USD.IDEALPRO,IDEALPRO-1-3892,EUR/USD.IDEALPRO-MLSignalStrategyV2-V2,IDEALPRO-001,IDEALPRO-1-416355,MARKET,BUY,100000.00,GTC,False,False,100000.00,TAKER,1.17711,0.0,['2.35 USD'],NO_TRIGGER,FILLED,OTO,OL-20250724-060000-001-V2-1298,"['O-20250724-060000-001-V2-3893', 'O-20250724-060000-001-V2-3894']",,,,,['V2_POS1'],02457b5a-50e9-472a-bb2d-72ea4da77c29,1753336800000000000,1753336800000000000,,,,,,,
O-20250724-060000-001-V2-3893,BACKTESTER-001,MLSignalStrategyV2-V2,EUR/USD.IDEALPRO,IDEALPRO-1-3893,EUR/USD.IDEALPRO-MLSignalStrategyV2-V2,IDEALPRO-001,IDEALPRO-1-416371,STOP_MARKET,SELL,100000.00,GTC,True,False,100000.00,TAKER,1.17674,3.0000000000196536e-05,['2.35 USD'],NO_TRIGGER,FILLED,OUO,OL-20250724-060000-001-V2-1298,['O-20250724-060000-001-V2-3894'],O-20250724-060000-001-V2-3892,,,,['V2_POS1_SL'],00c64c82-2d97-4bee-8041-231a61adb6e3,1753336800000000000,1753337280000000000,1.17677,DEFAULT,,,,,
O-20250724-060000-001-V2-3894,BACKTESTER-001,MLSignalStrategyV2-V2,EUR/USD.IDEALPRO,IDEALPRO-1-3894,EUR/USD.IDEALPRO-MLSignalStrategyV2-V2,IDEALPRO-001,,LIMIT,SELL,100000.00,GTC,True,False,0.00,NO_LIQUIDITY_SIDE,,,,NO_TRIGGER,CANCELED,OUO,OL-20250724-060000-001-V2-1298,['O-20250724-060000-001-V2-3893'],O-20250724-060000-001-V2-3892,,,,['V2_POS1_TP'],5db70ffc-e62e-4b57-a5e4-9252b5202423,1753336800000000000,1753337280000000000,,,,,1.17745,False,
O-20250724-061500-001-V2-3895,BACKTESTER-001,MLSignalStrategyV2-V2,EUR/USD.IDEALPRO,IDEALPRO-1-3895,EUR/USD.IDEALPRO-MLSignalStrategyV2-V2,IDEALPRO-001,IDEALPRO-1-416386,MARKET,BUY,100000.00,GTC,False,False,100000.00,TAKER,1.17683,0.0,['2.35 USD'],NO_TRIGGER,FILLED,OTO,OL-20250724-061500-001-V2-1299,"['O-20250724-061500-001-V2-3896', 'O-20250724-061500-001-V2-3897']",,,,,['V2_POS1'],745f72ee-abd4-49cf-b433-bbd880f9a3ea,1753337700000000000,1753337700000000000,,,,,,,
O-20250724-061500-001-V2-3896,BACKTESTER-001,MLSignalStrategyV2-V2,EUR/USD.IDEALPRO,IDEALPRO-1-3896,EUR/USD.IDEALPRO-MLSignalStrategyV2-V2,IDEALPRO-001,IDEALPRO-1-416437,STOP_MARKET,SELL,100000.00,GTC,True,False,100000.00,TAKER,1.17643,5.999999999994898e-05,['2.35 USD'],NO_TRIGGER,FILLED,OUO,OL-20250724-061500-001-V2-1299,['O-20250724-061500-001-V2-3897'],O-20250724-061500-001-V2-3895,,,,['V2_POS1_SL'],42ffc2a8-a001-492c-8da0-a36654114f20,1753337700000000000,1753339200000000000,1.17649,DEFAULT,,,,,
O-20250724-061500-001-V2-3897,BACKTESTER-001,MLSignalStrategyV2-V2,EUR/USD.IDEALPRO,IDEALPRO-1-3897,EUR/USD.IDEALPRO-MLSignalStrategyV2-V2,IDEALPRO-001,,LIMIT,SELL,100000.00,GTC,True,False,0.00,NO_LIQUIDITY_SIDE,,,,NO_TRIGGER,CANCELED,OUO,OL-20250724-061500-001-V2-1299,['O-20250724-061500-001-V2-3896'],O-20250724-061500-001-V2-3895,,,,['V2_POS1_TP'],fbbfbd79-0b2a-444f-b527-7639dc1c7eaf,1753337700000000000,1753339200000000000,,,,,1.17717,False,
O-20250724-124500-001-V2-3898,BACKTESTER-001,MLSignalStrategyV2-V2,EUR/USD.IDEALPRO,IDEALPRO-1-3898,EUR/USD.IDEALPRO-MLSignalStrategyV2-V2,IDEALPRO-001,IDEALPRO-1-417168,MARKET,BUY,100000.00,GTC,False,False,100000.00,TAKER,1.17378,0.0,['2.35 USD'],NO_TRIGGER,FILLED,OTO,OL-20250724-124500-001-V2-1300,"['O-20250724-124500-001-V2-3899', 'O-20250724-124500-001-V2-3900']",,,,,['V2_POS1'],2cc6319c-b0a4-4650-9a4c-81f35536726c,1753361100000000000,1753361100000000000,,,,,,,
O-20250724-124500-001-V2-3899,BACKTESTER-001,MLSignalStrategyV2-V2,EUR/USD.IDEALPRO,IDEALPRO-1-3899,EUR/USD.IDEALPRO-MLSignalStrategyV2-V2,IDEALPRO-001,IDEALPRO-1-417205,STOP_MARKET,SELL,100000.00,GTC,True,False,100000.00,TAKER,1.17307,0.00012999999999996348,['2.35 USD'],NO_TRIGGER,FILLED,OUO,OL-20250724-124500-001-V2-1300,['O-20250724-124500-001-V2-3900'],O-20250724-124500-001-V2-3898,,,,['V2_POS1_SL'],4dcfe993-2b26-4010-bf45-622e89463d9a,1753361100000000000,1753362180000000000,1.17320,DEFAULT,,,,,
O-20250724-124500-001-V2-3900,BACKTESTER-001,MLSignalStrategyV2-V2,EUR/USD.IDEALPRO,IDEALPRO-1-3900,EUR/USD.IDEALPRO-MLSignalStrategyV2-V2,IDEALPRO-001,,LIMIT,SELL,100000.00,GTC,True,False,0.00,NO_LIQUIDITY_SIDE,,,,NO_TRIGGER,CANCELED,OUO,OL-20250724-124500-001-V2-1300,['O-20250724-124500-001-V2-3899'],O-20250724-124500-001-V2-3898,,,,['V2_POS1_TP'],eb365311-ffc5-4bc7-a153-518463431a18,1753361100000000000,1753362180000000000,,,,,1.17434,False,
O-20250724-194500-001-V2-3901,BACKTESTER-001,MLSignalStrategyV2-V2,EUR/USD.IDEALPRO,IDEALPRO-1-3901,EUR/USD.IDEALPRO-MLSignalStrategyV2-V2,IDEALPRO-001,IDEALPRO-1-418011,MARKET,BUY,100000.00,GTC,False,False,100000.00,TAKER,1.17669,0.0,['2.35 USD'],NO_TRIGGER,FILLED,OTO,OL-20250724-194500-001-V2-1301,"['O-20250724-194500-001-V2-3902', 'O-20250724-194500-001-V2-3903']",,,,,['V2_POS1'],7877cec0-e737-4969-b02e-c9a7b963c770,1753386300000000000,1753386300000000000,,,,,,,
O-20250724-194500-001-V2-3902,BACKTESTER-001,MLSignalStrategyV2-V2,EUR/USD.IDEALPRO,IDEALPRO-1-3902,EUR/USD.IDEALPRO-MLSignalStrategyV2-V2,IDEALPRO-001,IDEALPRO-1-418033,STOP_MARKET,SELL,100000.00,GTC,True,False,100000.00,TAKER,1.17607,0.0001100000000000545,['2.35 USD'],NO_TRIGGER,FILLED,OUO,OL-20250724-194500-001-V2-1301,['O-20250724-194500-001-V2-3903'],O-20250724-194500-001-V2-3901,,,,['V2_POS1_SL'],6b6f4299-f2d6-4d00-a1eb-e17217b7ad7f,1753386300000000000,1753386960000000000,1.17618,DEFAULT,,,,,
O-20250724-194500-001-V2-3903,BACKTESTER-001,MLSignalStrategyV2-V2,EUR/USD.IDEALPRO,IDEALPRO-1-3903,EUR/USD.IDEALPRO-MLSignalStrategyV2-V2,IDEALPRO-001,,LIMIT,SELL,100000.00,GTC,True,False,0.00,NO_LIQUIDITY_SIDE,,,,NO_TRIGGER,CANCELED,OUO,OL-20250724-194500-001-V2-1301,['O-20250724-194500-001-V2-3902'],O-20250724-194500-001-V2-3901,,,,['V2_POS1_TP'],a9c86710-e701-4fe8-b35d-512b6b977560,1753386300000000000,1753386960000000000,,,,,1.17718,False,
O-20250724-210000-001-V2-3904,BACKTESTER-001,MLSignalStrategyV2-V2,EUR/USD.IDEALPRO,IDEALPRO-1-3904,EUR/USD.IDEALPRO-MLSignalStrategyV2-V2,IDEALPRO-001,IDEALPRO-1-418162,MARKET,BUY,100000.00,GTC,False,False,100000.00,TAKER,1.17479,0.0,['2.35 USD'],NO_TRIGGER,FILLED,OTO,OL-20250724-210000-001-V2-1302,"['O-20250724-210000-001-V2-3905', 'O-20250724-210000-001-V2-3906']",,,,,['V2_POS1'],dcceab2c-e06d-4be9-85fd-0c6e2dba68ed,1753390800000000000,1753390800000000000,,,,,,,
O-20250724-210000-001-V2-3905,BACKTESTER-001,MLSignalStrategyV2-V2,EUR/USD.IDEALPRO,IDEALPRO-1-3905,EUR/USD.IDEALPRO-MLSignalStrategyV2-V2,IDEALPRO-001,,STOP_MARKET,SELL,100000.00,GTC,True,False,0.00,NO_LIQUIDITY_SIDE,,,,NO_TRIGGER,CANCELED,OUO,OL-20250724-210000-001-V2-1302,['O-20250724-210000-001-V2-3906'],O-20250724-210000-001-V2-3904,,,,['V2_POS1_SL'],a0eaab0b-8f3c-47c2-ae8b-3e6513b1e072,1753390800000000000,1753397880000000000,1.17429,DEFAULT,,,,,
O-20250724-210000-001-V2-3906,BACKTESTER-001,MLSignalStrategyV2-V2,EUR/USD.IDEALPRO,IDEALPRO-1-3906,EUR/USD.IDEALPRO-MLSignalStrategyV2-V2,IDEALPRO-001,IDEALPRO-1-418369,LIMIT,SELL,100000.00,GTC,True,False,100000.00,MAKER,1.1753,-1.0000000000065512e-05,['2.35 USD'],NO_TRIGGER,FILLED,OUO,OL-20250724-210000-001-V2-1302,['O-20250724-210000-001-V2-3905'],O-20250724-210000-001-V2-3904,,,,['V2_POS1_TP'],2b4eafda-f7e6-4e2b-96ad-713d763de6c8,1753390800000000000,1753397880000000000,,,,,1.17529,False,
O-20250724-230000-001-V2-3907,BACKTESTER-001,MLSignalStrategyV2-V2,EUR/USD.IDEALPRO,IDEALPRO-1-3907,EUR/USD.IDEALPRO-MLSignalStrategyV2-V2,IDEALPRO-001,IDEALPRO-1-418375,MARKET,SELL,100000.00,GTC,False,False,100000.00,TAKER,1.17519,0.0,['2.35 USD'],NO_TRIGGER,FILLED,OTO,OL-20250724-230000-001-V2-1303,"['O-20250724-230000-001-V2-3908', 'O-20250724-230000-001-V2-3909']",,,,,['V2_POS1'],d8bd35d0-31cc-494a-bc64-0ed5ef4f2247,1753398000000000000,1753398000000000000,,,,,,,
O-20250724-230000-001-V2-3908,BACKTESTER-001,MLSignalStrategyV2-V2,EUR/USD.IDEALPRO,IDEALPRO-1-3908,EUR/USD.IDEALPRO-MLSignalStrategyV2-V2,IDEALPRO-001,IDEALPRO-1-418429,STOP_MARKET,BUY,100000.00,GTC,True,False,100000.00,TAKER,1.17561,8.000000000008001e-05,['2.35 USD'],NO_TRIGGER,FILLED,OUO,OL-20250724-230000-001-V2-1303,['O-20250724-230000-001-V2-3909'],O-20250724-230000-001-V2-3907,,,,['V2_POS1_SL'],cd4dcb90-d28d-4e42-9008-0b5667895aac,1753398000000000000,1753399620000000000,1.17553,DEFAULT,,,,,
O-20250724-230000-001-V2-3909,BACKTESTER-001,MLSignalStrategyV2-V2,EUR/USD.IDEALPRO,IDEALPRO-1-3909,EUR/USD.IDEALPRO-MLSignalStrategyV2-V2,IDEALPRO-001,,LIMIT,BUY,100000.00,GTC,True,False,0.00,NO_LIQUIDITY_SIDE,,,,NO_TRIGGER,CANCELED,OUO,OL-20250724-230000-001-V2-1303,['O-20250724-230000-001-V2-3908'],O-20250724-230000-001-V2-3907,,,,['V2_POS1_TP'],520ed822-2d90-47c7-bd27-01ef3f28eb9a,1753398000000000000,1753399620000000000,,,,,1.17485,False,
O-20250724-233000-001-V2-3910,BACKTESTER-001,MLSignalStrategyV2-V2,EUR/USD.IDEALPRO,IDEALPRO-1-3910,EUR/USD.IDEALPRO-MLSignalStrategyV2-V2,IDEALPRO-001,IDEALPRO-1-418436,MARKET,SELL,100000.00,GTC,False,False,100000.00,TAKER,1.17536,0.0,['2.35 USD'],NO_TRIGGER,FILLED,OTO,OL-20250724-233000-001-V2-1304,"['O-20250724-233000-001-V2-3911', 'O-20250724-233000-001-V2-3912']",,,,,['V2_POS1'],e60728b1-4d4f-477e-aa97-7415c5cec186,1753399800000000000,1753399800000000000,,,,,,,
O-20250724-233000-001-V2-3911,BACKTESTER-001,MLSignalStrategyV2-V2,EUR/USD.IDEALPRO,IDEALPRO-1-3911,EUR/USD.IDEALPRO-MLSignalStrategyV2-V2,IDEALPRO-001,,STOP_MARKET,BUY,100000.00,GTC,True,False,0.00,NO_LIQUIDITY_SIDE,,,,NO_TRIGGER,CANCELED,OUO,OL-20250724-233000-001-V2-1304,['O-20250724-233000-001-V2-3912'],O-20250724-233000-001-V2-3910,,,,['V2_POS1_SL'],dd0f2d36-4cb7-4985-aa6d-0b8e71d18055,1753399800000000000,1753400040000000000,1.17569,DEFAULT,,,,,
O-20250724-233000-001-V2-3912,BACKTESTER-001,MLSignalStrategyV2-V2,EUR/USD.IDEALPRO,IDEALPRO-1-3912,EUR/USD.IDEALPRO-MLSignalStrategyV2-V2,IDEALPRO-001,IDEALPRO-1-418445,LIMIT,BUY,100000.00,GTC,True,False,100000.00,MAKER,1.17501,-3.999999999981796e-05,['2.35 USD'],NO_TRIGGER,FILLED,OUO,OL-20250724-233000-001-V2-1304,['O-20250724-233000-001-V2-3911'],O-20250724-233000-001-V2-3910,,,,['V2_POS1_TP'],ad1d1c90-4d19-49d3-a784-b508cce26692,1753399800000000000,1753400040000000000,,,,,1.17505,False,
O-20250724-234500-001-V2-3913,BACKTESTER-001,MLSignalStrategyV2-V2,EUR/USD.IDEALPRO,IDEALPRO-1-3913,EUR/USD.IDEALPRO-MLSignalStrategyV2-V2,IDEALPRO-001,IDEALPRO-1-418468,MARKET,SELL,100000.00,GTC,False,False,100000.00,TAKER,1.1755,0.0,['2.35 USD'],NO_TRIGGER,FILLED,OTO,OL-20250724-234500-001-V2-1305,"['O-20250724-234500-001-V2-3914', 'O-20250724-234500-001-V2-3915']",,,,,['V2_POS1'],70d39597-c8c1-4f89-ad36-776408893632,1753400700000000000,1753400700000000000,,,,,,,
O-20250724-234500-001-V2-3914,BACKTESTER-001,MLSignalStrategyV2-V2,EUR/USD.IDEALPRO,IDEALPRO-1-3914,EUR/USD.IDEALPRO-MLSignalStrategyV2-V2,IDEALPRO-001,IDEALPRO-1-418501,STOP_MARKET,BUY,100000.00,GTC,True,False,100000.00,TAKER,1.17583,9.999999999843467e-06,['2.35 USD'],NO_TRIGGER,FILLED,OUO,OL-20250724-234500-001-V2-1305,['O-20250724-234500-001-V2-3915'],O-20250724-234500-001-V2-3913,,,,['V2_POS1_SL'],b660140d-65b6-42f2-9c23-0bed5e57e787,1753400700000000000,1753401660000000000,1.17582,DEFAULT,,,,,
O-20250724-234500-001-V2-3915,BACKTESTER-001,MLSignalStrategyV2-V2,EUR/USD.IDEALPRO,IDEALPRO-1-3915,EUR/USD.IDEALPRO-MLSignalStrategyV2-V2,IDEALPRO-001,,LIMIT,BUY,100000.00,GTC,True,False,0.00,NO_LIQUIDITY_SIDE,,,,NO_TRIGGER,CANCELED,OUO,OL-20250724-234500-001-V2-1305,['O-20250724-234500-001-V2-3914'],O-20250724-234500-001-V2-3913,,,,['V2_POS1_TP'],6521791e-4d9c-4ba5-a0ce-7d5055564b9e,1753400700000000000,1753401660000000000,,,,,1.17518,False,
O-20250725-013000-001-V2-3916,BACKTESTER-001,MLSignalStrategyV2-V2,EUR/USD.IDEALPRO,IDEALPRO-1-3916,EUR/USD.IDEALPRO-MLSignalStrategyV2-V2,IDEALPRO-001,IDEALPRO-1-418680,MARKET,SELL,100000.00,GTC,False,False,100000.00,TAKER,1.17442,0.0,['2.35 USD'],NO_TRIGGER,FILLED,OTO,OL-20250725-013000-001-V2-1306,"['O-20250725-013000-001-V2-3917', 'O-20250725-013000-001-V2-3918']",,,,,['V2_POS1'],7ee1d24e-745a-439b-a3de-92d3ad4c5f62,1753407000000000000,1753407000000000000,,,,,,,
O-20250725-013000-001-V2-3917,BACKTESTER-001,MLSignalStrategyV2-V2,EUR/USD.IDEALPRO,IDEALPRO-1-3917,EUR/USD.IDEALPRO-MLSignalStrategyV2-V2,IDEALPRO-001,,STOP_MARKET,BUY,100000.00,GTC,True,False,0.00,NO_LIQUIDITY_SIDE,,,,NO_TRIGGER,CANCELED,OUO,OL-20250725-013000-001-V2-1306,['O-20250725-013000-001-V2-3918'],O-20250725-013000-001-V2-3916,,,,['V2_POS1_SL'],3592eb1d-fbad-4b9c-a915-7c4422fe14a7,1753407000000000000,1753408380000000000,1.17491,DEFAULT,,,,,
O-20250725-013000-001-V2-3918,BACKTESTER-001,MLSignalStrategyV2-V2,EUR/USD.IDEALPRO,IDEALPRO-1-3918,EUR/USD.IDEALPRO-MLSignalStrategyV2-V2,IDEALPRO-001,IDEALPRO-1-418727,LIMIT,BUY,100000.00,GTC,True,False,100000.00,MAKER,1.17393,0.0,['2.35 USD'],NO_TRIGGER,FILLED,OUO,OL-20250725-013000-001-V2-1306,['O-20250725-013000-001-V2-3917'],O-20250725-013000-001-V2-3916,,,,['V2_POS1_TP'],95829676-5f8a-4091-8d47-a5486e55f818,1753407000000000000,1753408380000000000,,,,,1.17393,False,
O-20250725-023000-001-V2-3919,BACKTESTER-001,MLSignalStrategyV2-V2,EUR/USD.IDEALPRO,IDEALPRO-1-3919,EUR/USD.IDEALPRO-MLSignalStrategyV2-V2,IDEALPRO-001,IDEALPRO-1-418802,MARKET,SELL,100000.00,GTC,False,False,100000.00,TAKER,1.17424,0.0,['2.35 USD'],NO_TRIGGER,FILLED,OTO,OL-20250725-023000-001-V2-1307,"['O-20250725-023000-001-V2-3920', 'O-20250725-023000-001-V2-3921']",,,,,['V2_POS1'],1c365242-2c8c-43dd-9bac-75a1249f1f0e,1753410600000000000,1753410600000000000,,,,,,,
O-20250725-023000-001-V2-3920,BACKTESTER-001,MLSignalStrategyV2-V2,EUR/USD.IDEALPRO,IDEALPRO-1-3920,EUR/USD.IDEALPRO-MLSignalStrategyV2-V2,IDEALPRO-001,,STOP_MARKET,BUY,100000.00,GTC,True,False,0.00,NO_LIQUIDITY_SIDE,,,,NO_TRIGGER,CANCELED,OUO,OL-20250725-023000-001-V2-1307,['O-20250725-023000-001-V2-3921'],O-20250725-023000-001-V2-3919,,,,['V2_POS1_SL'],1d4b87e6-620b-4d54-941a-6d44d79443e6,1753410600000000000,1753411380000000000,1.17468,DEFAULT,,,,,
O-20250725-023000-001-V2-3921,BACKTESTER-001,MLSignalStrategyV2-V2,EUR/USD.IDEALPRO,IDEALPRO-1-3921,EUR/USD.IDEALPRO-MLSignalStrategyV2-V2,IDEALPRO-001,IDEALPRO-1-418829,LIMIT,BUY,100000.00,GTC,True,False,100000.00,MAKER,1.17377,-2.999999999997449e-05,['2.35 USD'],NO_TRIGGER,FILLED,OUO,OL-20250725-023000-001-V2-1307,['O-20250725-023000-001-V2-3920'],O-20250725-023000-001-V2-3919,,,,['V2_POS1_TP'],02a40bdb-673f-4b32-bae7-ad01fa815a22,1753410600000000000,1753411380000000000,,,,,1.17380,False,
O-20250725-073000-001-V2-3922,BACKTESTER-001,MLSignalStrategyV2-V2,EUR/USD.IDEALPRO,IDEALPRO-1-3922,EUR/USD.IDEALPRO-MLSignalStrategyV2-V2,IDEALPRO-001,IDEALPRO-1-419405,MARKET,BUY,100000.00,GTC,False,False,100000.00,TAKER,1.17526,0.0,['2.35 USD'],NO_TRIGGER,FILLED,OTO,OL-20250725-073000-001-V2-1308,"['O-20250725-073000-001-V2-3923', 'O-20250725-073000-001-V2-3924']",,,,,['V2_POS1'],38fa0b05-8be2-439c-85f1-15e84f2faef2,1753428600000000000,1753428600000000000,,,,,,,
O-20250725-073000-001-V2-3923,BACKTESTER-001,MLSignalStrategyV2-V2,EUR/USD.IDEALPRO,IDEALPRO-1-3923,EUR/USD.IDEALPRO-MLSignalStrategyV2-V2,IDEALPRO-001,,STOP_MARKET,SELL,100000.00,GTC,True,False,0.00,NO_LIQUIDITY_SIDE,,,,NO_TRIGGER,CANCELED,OUO,OL-20250725-073000-001-V2-1308,['O-20250725-073000-001-V2-3924'],O-20250725-073000-001-V2-3922,,,,['V2_POS1_SL'],89ddc8ac-1419-4aa7-90d0-f88614d8bc0a,1753428600000000000,1753429080000000000,1.17463,DEFAULT,,,,,
O-20250725-073000-001-V2-3924,BACKTESTER-001,MLSignalStrategyV2-V2,EUR/USD.IDEALPRO,IDEALPRO-1-3924,EUR/USD.IDEALPRO-MLSignalStrategyV2-V2,IDEALPRO-001,IDEALPRO-1-419421,LIMIT,SELL,100000.00,GTC,True,False,100000.00,MAKER,1.17594,-7.00000000000145e-05,['2.35 USD'],NO_TRIGGER,FILLED,OUO,OL-20250725-073000-001-V2-1308,['O-20250725-073000-001-V2-3923'],O-20250725-073000-001-V2-3922,,,,['V2_POS1_TP'],c50dcfa0-632b-4d1f-bbeb-e33b3a835c5c,1753428600000000000,1753429080000000000,,,,,1.17587,False,
O-20250725-093000-001-V2-3925,BACKTESTER-001,MLSignalStrategyV2-V2,EUR/USD.IDEALPRO,IDEALPRO-1-3925,EUR/USD.IDEALPRO-MLSignalStrategyV2-V2,IDEALPRO-001,IDEALPRO-1-419647,MARKET,BUY,100000.00,GTC,False,False,100000.00,TAKER,1.17369,0.0,['2.35 USD'],NO_TRIGGER,FILLED,OTO,OL-20250725-093000-001-V2-1309,"['O-20250725-093000-001-V2-3926', 'O-20250725-093000-001-V2-3927']",,,,,['V2_POS1'],7782b64c-aeb5-47f9-8a8d-4bf73bd34caf,1753435800000000000,1753435800000000000,,,,,,,
O-20250725-093000-001-V2-3926,BACKTESTER-001,MLSignalStrategyV2-V2,EUR/USD.IDEALPRO,IDEALPRO-1-3926,EUR/USD.IDEALPRO-MLSignalStrategyV2-V2,IDEALPRO-001,IDEALPRO-1-419805,STOP_MARKET,SELL,100000.00,GTC,True,False,100000.00,TAKER,1.17301,2.999999999997449e-05,['2.35 USD'],NO_TRIGGER,FILLED,OUO,OL-20250725-093000-001-V2-1309,['O-20250725-093000-001-V2-3927'],O-20250725-093000-001-V2-3925,,,,['V2_POS1_SL'],a8b065ce-c4a8-4035-bc4f-8f6b40b272c0,1753435800000000000,1753440540000000000,1.17304,DEFAULT,,,,,
O-20250725-093000-001-V2-3927,BACKTESTER-001,MLSignalStrategyV2-V2,EUR/USD.IDEALPRO,IDEALPRO-1-3927,EUR/USD.IDEALPRO-MLSignalStrategyV2-V2,IDEALPRO-001,,LIMIT,SELL,100000.00,GTC,True,False,0.00,NO_LIQUIDITY_SIDE,,,,NO_TRIGGER,CANCELED,OUO,OL-20250725-093000-001-V2-1309,['O-20250725-093000-001-V2-3926'],O-20250725-093000-001-V2-3925,,,,['V2_POS1_TP'],2c668aa9-7aa3-4636-9840-900cfa17e6ce,1753435800000000000,1753440540000000000,,,,,1.17434,False,
O-20250725-201500-001-V2-3928,BACKTESTER-001,MLSignalStrategyV2-V2,EUR/USD.IDEALPRO,IDEALPRO-1-3928,EUR/USD.IDEALPRO-MLSignalStrategyV2-V2,IDEALPRO-001,IDEALPRO-1-420938,MARKET,BUY,100000.00,GTC,False,False,100000.00,TAKER,1.174,0.0,['2.35 USD'],NO_TRIGGER,FILLED,OTO,OL-20250725-201500-001-V2-1310,"['O-20250725-201500-001-V2-3929', 'O-20250725-201500-001-V2-3930']",,,,,['V2_POS1'],6362ff4a-40c6-47cd-a7cd-47a4d12c5e3d,1753474500000000000,1753474500000000000,,,,,,,
O-20250725-201500-001-V2-3929,BACKTESTER-001,MLSignalStrategyV2-V2,EUR/USD.IDEALPRO,IDEALPRO-1-3929,EUR/USD.IDEALPRO-MLSignalStrategyV2-V2,IDEALPRO-001,,STOP_MARKET,SELL,100000.00,GTC,True,False,0.00,NO_LIQUIDITY_SIDE,,,,NO_TRIGGER,CANCELED,OUO,OL-20250725-201500-001-V2-1310,['O-20250725-201500-001-V2-3930'],O-20250725-201500-001-V2-3928,,,,['V2_POS1_SL'],cb2fe553-763e-4310-ba5c-1294e9f9164f,1753474500000000000,1753650960000000000,1.17357,DEFAULT,,,,,
O-20250725-201500-001-V2-3930,BACKTESTER-001,MLSignalStrategyV2-V2,EUR/USD.IDEALPRO,IDEALPRO-1-3930,EUR/USD.IDEALPRO-MLSignalStrategyV2-V2,IDEALPRO-001,IDEALPRO-1-421031,LIMIT,SELL,100000.00,GTC,True,False,100000.00,MAKER,1.17566,-0.0012499999999999734,['2.35 USD'],NO_TRIGGER,FILLED,OUO,OL-20250725-201500-001-V2-1310,['O-20250725-201500-001-V2-3929'],O-20250725-201500-001-V2-3928,,,,['V2_POS1_TP'],a982669b-cf77-4358-a13b-33098cbf987a,1753474500000000000,1753650960000000000,,,,,1.17441,False,
O-20250728-050000-001-V2-3931,BACKTESTER-001,MLSignalStrategyV2-V2,EUR/USD.IDEALPRO,IDEALPRO-1-3931,EUR/USD.IDEALPRO-MLSignalStrategyV2-V2,IDEALPRO-001,IDEALPRO-1-421961,MARKET,SELL,100000.00,GTC,False,False,100000.00,TAKER,1.17473,0.0,['2.35 USD'],NO_TRIGGER,FILLED,OTO,OL-20250728-050000-001-V2-1311,"['O-20250728-050000-001-V2-3932', 'O-20250728-050000-001-V2-3933']",,,,,['V2_POS1'],b29db877-9fb5-45d1-8c5d-5767fc56b6e7,1753678800000000000,1753678800000000000,,,,,,,
O-20250728-050000-001-V2-3932,BACKTESTER-001,MLSignalStrategyV2-V2,EUR/USD.IDEALPRO,IDEALPRO-1-3932,EUR/USD.IDEALPRO-MLSignalStrategyV2-V2,IDEALPRO-001,,STOP_MARKET,BUY,100000.00,GTC,True,False,0.00,NO_LIQUIDITY_SIDE,,,,NO_TRIGGER,CANCELED,OUO,OL-20250728-050000-001-V2-1311,['O-20250728-050000-001-V2-3933'],O-20250728-050000-001-V2-3931,,,,['V2_POS1_SL'],55b47a79-a5d9-49eb-89e4-ebcdc703aa94,1753678800000000000,1753679820000000000,1.17517,DEFAULT,,,,,
O-20250728-050000-001-V2-3933,BACKTESTER-001,MLSignalStrategyV2-V2,EUR/USD.IDEALPRO,IDEALPRO-1-3933,EUR/USD.IDEALPRO-MLSignalStrategyV2-V2,IDEALPRO-001,IDEALPRO-1-421995,LIMIT,BUY,100000.00,GTC,True,False,100000.00,MAKER,1.17423,-7.999999999985796e-05,['2.35 USD'],NO_TRIGGER,FILLED,OUO,OL-20250728-050000-001-V2-1311,['O-20250728-050000-001-V2-3932'],O-20250728-050000-001-V2-3931,,,,['V2_POS1_TP'],d2f20c6e-5b1d-4d03-91cf-f33941ca0eb7,1753678800000000000,1753679820000000000,,,,,1.17431,False,
O-20250728-054500-001-V2-3934,BACKTESTER-001,MLSignalStrategyV2-V2,EUR/USD.IDEALPRO,IDEALPRO-1-3934,EUR/USD.IDEALPRO-MLSignalStrategyV2-V2,IDEALPRO-001,IDEALPRO-1-422052,MARKET,SELL,100000.00,GTC,False,False,100000.00,TAKER,1.17419,0.0,['2.35 USD'],NO_TRIGGER,FILLED,OTO,OL-20250728-054500-001-V2-1312,"['O-20250728-054500-001-V2-3935', 'O-20250728-054500-001-V2-3936']",,,,,['V2_POS1'],4df61b05-203e-48cc-9bde-c8b1b214da4c,1753681500000000000,1753681500000000000,,,,,,,
O-20250728-054500-001-V2-3935,BACKTESTER-001,MLSignalStrategyV2-V2,EUR/USD.IDEALPRO,IDEALPRO-1-3935,EUR/USD.IDEALPRO-MLSignalStrategyV2-V2,IDEALPRO-001,,STOP_MARKET,BUY,100000.00,GTC,True,False,0.00,NO_LIQUIDITY_SIDE,,,,NO_TRIGGER,CANCELED,OUO,OL-20250728-054500-001-V2-1312,['O-20250728-054500-001-V2-3936'],O-20250728-054500-001-V2-3934,,,,['V2_POS1_SL'],aefbc6a9-7ce7-448a-aef8-4b93c200ce46,1753681500000000000,1753682700000000000,1.17460,DEFAULT,,,,,
O-20250728-054500-001-V2-3936,BACKTESTER-001,MLSignalStrategyV2-V2,EUR/USD.IDEALPRO,IDEALPRO-1-3936,EUR/USD.IDEALPRO-MLSignalStrategyV2-V2,IDEALPRO-001,IDEALPRO-1-422093,LIMIT,BUY,100000.00,GTC,True,False,100000.00,MAKER,1.17376,-4.0000000000040004e-05,['2.35 USD'],NO_TRIGGER,FILLED,OUO,OL-20250728-054500-001-V2-1312,['O-20250728-054500-001-V2-3935'],O-20250728-054500-001-V2-3934,,,,['V2_POS1_TP'],9c2f6133-34e4-44be-86b3-6d223254e1f2,1753681500000000000,1753682700000000000,,,,,1.17380,False,
O-20250728-074500-001-V2-3937,BACKTESTER-001,MLSignalStrategyV2-V2,EUR/USD.IDEALPRO,IDEALPRO-1-3937,EUR/USD.IDEALPRO-MLSignalStrategyV2-V2,IDEALPRO-001,IDEALPRO-1-422294,MARKET,BUY,100000.00,GTC,False,False,100000.00,TAKER,1.16915,0.0,['2.34 USD'],NO_TRIGGER,FILLED,OTO,OL-20250728-074500-001-V2-1313,"['O-20250728-074500-001-V2-3938', 'O-20250728-074500-001-V2-3939']",,,,,['V2_POS1'],58002de7-d633-4967-bab1-3c34b9a4e0f1,1753688700000000000,1753688700000000000,,,,,,,
O-20250728-074500-001-V2-3938,BACKTESTER-001,MLSignalStrategyV2-V2,EUR/USD.IDEALPRO,IDEALPRO-1-3938,EUR/USD.IDEALPRO-MLSignalStrategyV2-V2,IDEALPRO-001,IDEALPRO-1-422311,STOP_MARKET,SELL,100000.00,GTC,True,False,100000.00,TAKER,1.16808,0.00022999999999995246,['2.34 USD'],NO_TRIGGER,FILLED,OUO,OL-20250728-074500-001-V2-1313,['O-20250728-074500-001-V2-3939'],O-20250728-074500-001-V2-3937,,,,['V2_POS1_SL'],be4be37b-6f48-461c-9ce0-10c629d8d3dd,1753688700000000000,1753689180000000000,1.16831,DEFAULT,,,,,
O-20250728-074500-001-V2-3939,BACKTESTER-001,MLSignalStrategyV2-V2,EUR/USD.IDEALPRO,IDEALPRO-1-3939,EUR/USD.IDEALPRO-MLSignalStrategyV2-V2,IDEALPRO-001,,LIMIT,SELL,100000.00,GTC,True,False,0.00,NO_LIQUIDITY_SIDE,,,,NO_TRIGGER,CANCELED,OUO,OL-20250728-074500-001-V2-1313,['O-20250728-074500-001-V2-3938'],O-20250728-074500-001-V2-3937,,,,['V2_POS1_TP'],32d3255b-fbd0-41e9-b535-a75b9eb5654b,1753688700000000000,1753689180000000000,,,,,1.16997,False,
O-20250728-080000-001-V2-3940,BACKTESTER-001,MLSignalStrategyV2-V2,EUR/USD.IDEALPRO,IDEALPRO-1-3940,EUR/USD.IDEALPRO-MLSignalStrategyV2-V2,IDEALPRO-001,IDEALPRO-1-422326,MARKET,BUY,100000.00,GTC,False,False,100000.00,TAKER,1.16749,0.0,['2.33 USD'],NO_TRIGGER,FILLED,OTO,OL-20250728-080000-001-V2-1314,"['O-20250728-080000-001-V2-3941', 'O-20250728-080000-001-V2-3942']",,,,,['V2_POS1'],f160df27-907d-4853-af55-ba3b7d6ee2ce,1753689600000000000,1753689600000000000,,,,,,,
O-20250728-080000-001-V2-3941,BACKTESTER-001,MLSignalStrategyV2-V2,EUR/USD.IDEALPRO,IDEALPRO-1-3941,EUR/USD.IDEALPRO-MLSignalStrategyV2-V2,IDEALPRO-001,,STOP_MARKET,SELL,100000.00,GTC,True,False,0.00,NO_LIQUIDITY_SIDE,,,,NO_TRIGGER,CANCELED,OUO,OL-20250728-080000-001-V2-1314,['O-20250728-080000-001-V2-3942'],O-20250728-080000-001-V2-3940,,,,['V2_POS1_SL'],7a194651-9117-4e1b-a8f1-9f7404ba726c,1753689600000000000,1753690860000000000,1.16656,DEFAULT,,,,,
O-20250728-080000-001-V2-3942,BACKTESTER-001,MLSignalStrategyV2-V2,EUR/USD.IDEALPRO,IDEALPRO-1-3942,EUR/USD.IDEALPRO-MLSignalStrategyV2-V2,IDEALPRO-001,IDEALPRO-1-422369,LIMIT,SELL,100000.00,GTC,True,False,100000.00,MAKER,1.16853,-0.0001100000000000545,['2.34 USD'],NO_TRIGGER,FILLED,OUO,OL-20250728-080000-001-V2-1314,['O-20250728-080000-001-V2-3941'],O-20250728-080000-001-V2-3940,,,,['V2_POS1_TP'],a6b1d0de-28e2-455b-a148-8b36fbc05ea7,1753689600000000000,1753690860000000000,,,,,1.16842,False,
O-20250728-084500-001-V2-3943,BACKTESTER-001,MLSignalStrategyV2-V2,EUR/USD.IDEALPRO,IDEALPRO-1-3943,EUR/USD.IDEALPRO-MLSignalStrategyV2-V2,IDEALPRO-001,IDEALPRO-1-422418,MARKET,BUY,100000.00,GTC,False,False,100000.00,TAKER,1.16785,0.0,['2.34 USD'],NO_TRIGGER,FILLED,OTO,OL-20250728-084500-001-V2-1315,"['O-20250728-084500-001-V2-3944', 'O-20250728-084500-001-V2-3945']",,,,,['V2_POS1'],3694e3b9-7091-47dc-b175-56989e47a5b4,1753692300000000000,1753692300000000000,,,,,,,
O-20250728-084500-001-V2-3944,BACKTESTER-001,MLSignalStrategyV2-V2,EUR/USD.IDEALPRO,IDEALPRO-1-3944,EUR/USD.IDEALPRO-MLSignalStrategyV2-V2,IDEALPRO-001,IDEALPRO-1-422521,STOP_MARKET,SELL,100000.00,GTC,True,False,100000.00,TAKER,1.16633,0.0005599999999998939,['2.33 USD'],NO_TRIGGER,FILLED,OUO,OL-20250728-084500-001-V2-1315,['O-20250728-084500-001-V2-3945'],O-20250728-084500-001-V2-3943,,,,['V2_POS1_SL'],c1b04b4b-985a-44f6-a4b5-335df58f8bd4,1753692300000000000,1753695360000000000,1.16689,DEFAULT,,,,,
O-20250728-084500-001-V2-3945,BACKTESTER-001,MLSignalStrategyV2-V2,EUR/USD.IDEALPRO,IDEALPRO-1-3945,EUR/USD.IDEALPRO-MLSignalStrategyV2-V2,IDEALPRO-001,,LIMIT,SELL,100000.00,GTC,True,False,0.00,NO_LIQUIDITY_SIDE,,,,NO_TRIGGER,CANCELED,OUO,OL-20250728-084500-001-V2-1315,['O-20250728-084500-001-V2-3944'],O-20250728-084500-001-V2-3943,,,,['V2_POS1_TP'],793e553b-8010-4207-a18c-df1eac826e06,1753692300000000000,1753695360000000000,,,,,1.16881,False,
O-20250728-100000-001-V2-3946,BACKTESTER-001,MLSignalStrategyV2-V2,EUR/USD.IDEALPRO,IDEALPRO-1-3946,EUR/USD.IDEALPRO-MLSignalStrategyV2-V2,IDEALPRO-001,IDEALPRO-1-422570,MARKET,BUY,100000.00,GTC,False,False,100000.00,TAKER,1.16669,0.0,['2.33 USD'],NO_TRIGGER,FILLED,OTO,OL-20250728-100000-001-V2-1316,"['O-20250728-100000-001-V2-3947', 'O-20250728-100000-001-V2-3948']",,,,,['V2_POS1'],8953e6ca-992f-44a6-bfe5-9fcef9c9537f,1753696800000000000,1753696800000000000,,,,,,,
O-20250728-100000-001-V2-3947,BACKTESTER-001,MLSignalStrategyV2-V2,EUR/USD.IDEALPRO,IDEALPRO-1-3947,EUR/USD.IDEALPRO-MLSignalStrategyV2-V2,IDEALPRO-001,IDEALPRO-1-422619,STOP_MARKET,SELL,100000.00,GTC,True,False,100000.00,TAKER,1.16576,3.0000000000196536e-05,['2.33 USD'],NO_TRIGGER,FILLED,OUO,OL-20250728-100000-001-V2-1316,['O-20250728-100000-001-V2-3948'],O-20250728-100000-001-V2-3946,,,,['V2_POS1_SL'],6af6c91e-ccf2-4405-8623-0e703ad73e1c,1753696800000000000,1753698240000000000,1.16579,DEFAULT,,,,,
O-20250728-100000-001-V2-3948,BACKTESTER-001,MLSignalStrategyV2-V2,EUR/USD.IDEALPRO,IDEALPRO-1-3948,EUR/USD.IDEALPRO-MLSignalStrategyV2-V2,IDEALPRO-001,,LIMIT,SELL,100000.00,GTC,True,False,0.00,NO_LIQUIDITY_SIDE,,,,NO_TRIGGER,CANCELED,OUO,OL-20250728-100000-001-V2-1316,['O-20250728-100000-001-V2-3947'],O-20250728-100000-001-V2-3946,,,,['V2_POS1_TP'],cd7c225d-8bf0-48f8-b4f6-782af628807e,1753696800000000000,1753698240000000000,,,,,1.16759,False,
O-20250728-103000-001-V2-3949,BACKTESTER-001,MLSignalStrategyV2-V2,EUR/USD.IDEALPRO,IDEALPRO-1-3949,EUR/USD.IDEALPRO-MLSignalStrategyV2-V2,IDEALPRO-001,IDEALPRO-1-422632,MARKET,BUY,100000.00,GTC,False,False,100000.00,TAKER,1.16591,0.0,['2.33 USD'],NO_TRIGGER,FILLED,OTO,OL-20250728-103000-001-V2-1317,"['O-20250728-103000-001-V2-3950', 'O-20250728-103000-001-V2-3951']",,,,,['V2_POS1'],e5976e25-0b52-4d26-985a-5818b91ed683,1753698600000000000,1753698600000000000,,,,,,,
O-20250728-103000-001-V2-3950,BACKTESTER-001,MLSignalStrategyV2-V2,EUR/USD.IDEALPRO,IDEALPRO-1-3950,EUR/USD.IDEALPRO-MLSignalStrategyV2-V2,IDEALPRO-001,,STOP_MARKET,SELL,100000.00,GTC,True,False,0.00,NO_LIQUIDITY_SIDE,,,,NO_TRIGGER,CANCELED,OUO,OL-20250728-103000-001-V2-1317,['O-20250728-103000-001-V2-3951'],O-20250728-103000-001-V2-3949,,,,['V2_POS1_SL'],fdefd4b0-1696-4c71-b213-6166f83c1af5,1753698600000000000,1753699380000000000,1.16501,DEFAULT,,,,,
O-20250728-103000-001-V2-3951,BACKTESTER-001,MLSignalStrategyV2-V2,EUR/USD.IDEALPRO,IDEALPRO-1-3951,EUR/USD.IDEALPRO-MLSignalStrategyV2-V2,IDEALPRO-001,IDEALPRO-1-422659,LIMIT,SELL,100000.00,GTC,True,False,100000.00,MAKER,1.16687,-8.000000000008001e-05,['2.33 USD'],NO_TRIGGER,FILLED,OUO,OL-20250728-103000-001-V2-1317,['O-20250728-103000-001-V2-3950'],O-20250728-103000-001-V2-3949,,,,['V2_POS1_TP'],38e2b5b6-ba82-44bc-9e59-2099a82e028d,1753698600000000000,1753699380000000000,,,,,1.16679,False,
O-20250728-110000-001-V2-3952,BACKTESTER-001,MLSignalStrategyV2-V2,EUR/USD.IDEALPRO,IDEALPRO-1-3952,EUR/USD.IDEALPRO-MLSignalStrategyV2-V2,IDEALPRO-001,IDEALPRO-1-422694,MARKET,BUY,100000.00,GTC,False,False,100000.00,TAKER,1.1658,0.0,['2.33 USD'],NO_TRIGGER,FILLED,OTO,OL-20250728-110000-001-V2-1318,"['O-20250728-110000-001-V2-3953', 'O-20250728-110000-001-V2-3954']",,,,,['V2_POS1'],11ba1c1d-5212-4ae3-91e7-23db976b47ee,1753700400000000000,1753700400000000000,,,,,,,
O-20250728-110000-001-V2-3953,BACKTESTER-001,MLSignalStrategyV2-V2,EUR/USD.IDEALPRO,IDEALPRO-1-3953,EUR/USD.IDEALPRO-MLSignalStrategyV2-V2,IDEALPRO-001,IDEALPRO-1-422731,STOP_MARKET,SELL,100000.00,GTC,True,False,100000.00,TAKER,1.16466,0.00024999999999986144,['2.33 USD'],NO_TRIGGER,FILLED,OUO,OL-20250728-110000-001-V2-1318,['O-20250728-110000-001-V2-3954'],O-20250728-110000-001-V2-3952,,,,['V2_POS1_SL'],b8dc9bfd-96c6-46ea-8ef2-2d58c06f332f,1753700400000000000,1753701480000000000,1.16491,DEFAULT,,,,,
O-20250728-110000-001-V2-3954,BACKTESTER-001,MLSignalStrategyV2-V2,EUR/USD.IDEALPRO,IDEALPRO-1-3954,EUR/USD.IDEALPRO-MLSignalStrategyV2-V2,IDEALPRO-001,,LIMIT,SELL,100000.00,GTC,True,False,0.00,NO_LIQUIDITY_SIDE,,,,NO_TRIGGER,CANCELED,OUO,OL-20250728-110000-001-V2-1318,['O-20250728-110000-001-V2-3953'],O-20250728-110000-001-V2-3952,,,,['V2_POS1_TP'],86df3a21-a421-43e2-a39c-d58fc3c782b0,1753700400000000000,1753701480000000000,,,,,1.16669,False,
O-20250728-113000-001-V2-3955,BACKTESTER-001,MLSignalStrategyV2-V2,EUR/USD.IDEALPRO,IDEALPRO-1-3955,EUR/USD.IDEALPRO-MLSignalStrategyV2-V2,IDEALPRO-001,IDEALPRO-1-422756,MARKET,BUY,100000.00,GTC,False,False,100000.00,TAKER,1.16515,0.0,['2.33 USD'],NO_TRIGGER,FILLED,OTO,OL-20250728-113000-001-V2-1319,"['O-20250728-113000-001-V2-3956', 'O-20250728-113000-001-V2-3957']",,,,,['V2_POS1'],0b61e1b9-0478-4195-a00f-73f616d76656,1753702200000000000,1753702200000000000,,,,,,,
O-20250728-113000-001-V2-3956,BACKTESTER-001,MLSignalStrategyV2-V2,EUR/USD.IDEALPRO,IDEALPRO-1-3956,EUR/USD.IDEALPRO-MLSignalStrategyV2-V2,IDEALPRO-001,,STOP_MARKET,SELL,100000.00,GTC,True,False,0.00,NO_LIQUIDITY_SIDE,,,,NO_TRIGGER,CANCELED,OUO,OL-20250728-113000-001-V2-1319,['O-20250728-113000-001-V2-3957'],O-20250728-113000-001-V2-3955,,,,['V2_POS1_SL'],4b2391c4-4e36-4025-b77b-bddc51627ccf,1753702200000000000,1753704060000000000,1.16433,DEFAULT,,,,,
O-20250728-113000-001-V2-3957,BACKTESTER-001,MLSignalStrategyV2-V2,EUR/USD.IDEALPRO,IDEALPRO-1-3957,EUR/USD.IDEALPRO-MLSignalStrategyV2-V2,IDEALPRO-001,IDEALPRO-1-422819,LIMIT,SELL,100000.00,GTC,True,False,100000.00,MAKER,1.16602,-7.00000000000145e-05,['2.33 USD'],NO_TRIGGER,FILLED,OUO,OL-20250728-113000-001-V2-1319,['O-20250728-113000-001-V2-3956'],O-20250728-113000-001-V2-3955,,,,['V2_POS1_TP'],a341ed40-e3e8-4927-a764-c8cf6ab07916,1753702200000000000,1753704060000000000,,,,,1.16595,False,
O-20250728-121500-001-V2-3958,BACKTESTER-001,MLSignalStrategyV2-V2,EUR/USD.IDEALPRO,IDEALPRO-1-3958,EUR/USD.IDEALPRO-MLSignalStrategyV2-V2,IDEALPRO-001,IDEALPRO-1-422848,MARKET,SELL,100000.00,GTC,False,False,100000.00,TAKER,1.16551,0.0,['2.33 USD'],NO_TRIGGER,FILLED,OTO,OL-20250728-121500-001-V2-1320,"['O-20250728-121500-001-V2-3959', 'O-20250728-121500-001-V2-3960']",,,,,['V2_POS1'],e5ce4286-00cd-47da-8786-b22649ac3ab1,1753704900000000000,1753704900000000000,,,,,,,
O-20250728-121500-001-V2-3959,BACKTESTER-001,MLSignalStrategyV2-V2,EUR/USD.IDEALPRO,IDEALPRO-1-3959,EUR/USD.IDEALPRO-MLSignalStrategyV2-V2,IDEALPRO-001,IDEALPRO-1-422895,STOP_MARKET,BUY,100000.00,GTC,True,False,100000.00,TAKER,1.16651,0.00018999999999991246,['2.33 USD'],NO_TRIGGER,FILLED,OUO,OL-20250728-121500-001-V2-1320,['O-20250728-121500-001-V2-3960'],O-20250728-121500-001-V2-3958,,,,['V2_POS1_SL'],605f5821-a098-43e3-bac1-7218b2223a5b,1753704900000000000,1753706280000000000,1.16632,DEFAULT,,,,,
O-20250728-121500-001-V2-3960,BACKTESTER-001,MLSignalStrategyV2-V2,EUR/USD.IDEALPRO,IDEALPRO-1-3960,EUR/USD.IDEALPRO-MLSignalStrategyV2-V2,IDEALPRO-001,,LIMIT,BUY,100000.00,GTC,True,False,0.00,NO_LIQUIDITY_SIDE,,,,NO_TRIGGER,CANCELED,OUO,OL-20250728-121500-001-V2-1320,['O-20250728-121500-001-V2-3959'],O-20250728-121500-001-V2-3958,,,,['V2_POS1_TP'],3d4e7fc9-c69f-4adb-a9a4-2aea96dec314,1753704900000000000,1753706280000000000,,,,,1.16470,False,
O-20250728-134500-001-V2-3961,BACKTESTER-001,MLSignalStrategyV2-V2,EUR/USD.IDEALPRO,IDEALPRO-1-3961,EUR/USD.IDEALPRO-MLSignalStrategyV2-V2,IDEALPRO-001,IDEALPRO-1-423030,MARKET,BUY,100000.00,GTC,False,False,100000.00,TAKER,1.16337,0.0,['2.33 USD'],NO_TRIGGER,FILLED,OTO,OL-20250728-134500-001-V2-1321,"['O-20250728-134500-001-V2-3962', 'O-20250728-134500-001-V2-3963']",,,,,['V2_POS1'],bb868808-7fe9-416b-a682-18dcdacbdcc1,1753710300000000000,1753710300000000000,,,,,,,
O-20250728-134500-001-V2-3962,BACKTESTER-001,MLSignalStrategyV2-V2,EUR/USD.IDEALPRO,IDEALPRO-1-3962,EUR/USD.IDEALPRO-MLSignalStrategyV2-V2,IDEALPRO-001,,STOP_MARKET,SELL,100000.00,GTC,True,False,0.00,NO_LIQUIDITY_SIDE,,,,NO_TRIGGER,CANCELED,OUO,OL-20250728-134500-001-V2-1321,['O-20250728-134500-001-V2-3963'],O-20250728-134500-001-V2-3961,,,,['V2_POS1_SL'],468fa94b-e823-4526-9a72-7ac5ccb0786f,1753710300000000000,1753712880000000000,1.16247,DEFAULT,,,,,
O-20250728-134500-001-V2-3963,BACKTESTER-001,MLSignalStrategyV2-V2,EUR/USD.IDEALPRO,IDEALPRO-1-3963,EUR/USD.IDEALPRO-MLSignalStrategyV2-V2,IDEALPRO-001,IDEALPRO-1-423117,LIMIT,SELL,100000.00,GTC,True,False,100000.00,MAKER,1.16443,-0.000180000000000069,['2.33 USD'],NO_TRIGGER,FILLED,OUO,OL-20250728-134500-001-V2-1321,['O-20250728-134500-001-V2-3962'],O-20250728-134500-001-V2-3961,,,,['V2_POS1_TP'],7a587fa8-bb4f-4935-98dd-d88be78dc885,1753710300000000000,1753712880000000000,,,,,1.16425,False,
O-20250728-150000-001-V2-3964,BACKTESTER-001,MLSignalStrategyV2-V2,EUR/USD.IDEALPRO,IDEALPRO-1-3964,EUR/USD.IDEALPRO-MLSignalStrategyV2-V2,IDEALPRO-001,IDEALPRO-1-423182,MARKET,BUY,100000.00,GTC,False,False,100000.00,TAKER,1.16372,0.0,['2.33 USD'],NO_TRIGGER,FILLED,OTO,OL-20250728-150000-001-V2-1322,"['O-20250728-150000-001-V2-3965', 'O-20250728-150000-001-V2-3966']",,,,,['V2_POS1'],93a03627-4521-4502-ad31-09470bae3258,1753714800000000000,1753714800000000000,,,,,,,
O-20250728-150000-001-V2-3965,BACKTESTER-001,MLSignalStrategyV2-V2,EUR/USD.IDEALPRO,IDEALPRO-1-3965,EUR/USD.IDEALPRO-MLSignalStrategyV2-V2,IDEALPRO-001,IDEALPRO-1-423207,STOP_MARKET,SELL,100000.00,GTC,True,False,100000.00,TAKER,1.16267,0.00019999999999997797,['2.33 USD'],NO_TRIGGER,FILLED,OUO,OL-20250728-150000-001-V2-1322,['O-20250728-150000-001-V2-3966'],O-20250728-150000-001-V2-3964,,,,['V2_POS1_SL'],f1fe9140-797e-44a0-995e-47961d4aa3fe,1753714800000000000,1753715520000000000,1.16287,DEFAULT,,,,,
O-20250728-150000-001-V2-3966,BACKTESTER-001,MLSignalStrategyV2-V2,EUR/USD.IDEALPRO,IDEALPRO-1-3966,EUR/USD.IDEALPRO-MLSignalStrategyV2-V2,IDEALPRO-001,,LIMIT,SELL,100000.00,GTC,True,False,0.00,NO_LIQUIDITY_SIDE,,,,NO_TRIGGER,CANCELED,OUO,OL-20250728-150000-001-V2-1322,['O-20250728-150000-001-V2-3965'],O-20250728-150000-001-V2-3964,,,,['V2_POS1_TP'],508f113e-1aba-4da9-ad8b-58619c1dcca6,1753714800000000000,1753715520000000000,,,,,1.16457,False,
O-20250728-151500-001-V2-3967,BACKTESTER-001,MLSignalStrategyV2-V2,EUR/USD.IDEALPRO,IDEALPRO-1-3967,EUR/USD.IDEALPRO-MLSignalStrategyV2-V2,IDEALPRO-001,IDEALPRO-1-423214,MARKET,BUY,100000.00,GTC,False,False,100000.00,TAKER,1.16259,0.0,['2.33 USD'],NO_TRIGGER,FILLED,OTO,OL-20250728-151500-001-V2-1323,"['O-20250728-151500-001-V2-3968', 'O-20250728-151500-001-V2-3969']",,,,,['V2_POS1'],c2c0f5c1-865f-4a57-8d7a-361a9fbb2b1e,1753715700000000000,1753715700000000000,,,,,,,
O-20250728-151500-001-V2-3968,BACKTESTER-001,MLSignalStrategyV2-V2,EUR/USD.IDEALPRO,IDEALPRO-1-3968,EUR/USD.IDEALPRO-MLSignalStrategyV2-V2,IDEALPRO-001,IDEALPRO-1-423265,STOP_MARKET,SELL,100000.00,GTC,True,False,100000.00,TAKER,1.16163,8.000000000008001e-05,['2.32 USD'],NO_TRIGGER,FILLED,OUO,OL-20250728-151500-001-V2-1323,['O-20250728-151500-001-V2-3969'],O-20250728-151500-001-V2-3967,,,,['V2_POS1_SL'],7f0c3d5d-3980-4dde-ad57-68f94f7784c9,1753715700000000000,1753717200000000000,1.16171,DEFAULT,,,,,
O-20250728-151500-001-V2-3969,BACKTESTER-001,MLSignalStrategyV2-V2,EUR/USD.IDEALPRO,IDEALPRO-1-3969,EUR/USD.IDEALPRO-MLSignalStrategyV2-V2,IDEALPRO-001,,LIMIT,SELL,100000.00,GTC,True,False,0.00,NO_LIQUIDITY_SIDE,,,,NO_TRIGGER,CANCELED,OUO,OL-20250728-151500-001-V2-1323,['O-20250728-151500-001-V2-3968'],O-20250728-151500-001-V2-3967,,,,['V2_POS1_TP'],e4ce8329-2217-40dd-b883-7fdfa47ca911,1753715700000000000,1753717200000000000,,,,,1.16345,False,
O-20250728-154500-001-V2-3970,BACKTESTER-001,MLSignalStrategyV2-V2,EUR/USD.IDEALPRO,IDEALPRO-1-3970,EUR/USD.IDEALPRO-MLSignalStrategyV2-V2,IDEALPRO-001,IDEALPRO-1-423276,MARKET,BUY,100000.00,GTC,False,False,100000.00,TAKER,1.16154,0.0,['2.32 USD'],NO_TRIGGER,FILLED,OTO,OL-20250728-154500-001-V2-1324,"['O-20250728-154500-001-V2-3971', 'O-20250728-154500-001-V2-3972']",,,,,['V2_POS1'],e8894822-106e-4ad3-9156-4b11abe866ba,1753717500000000000,1753717500000000000,,,,,,,
O-20250728-154500-001-V2-3971,BACKTESTER-001,MLSignalStrategyV2-V2,EUR/USD.IDEALPRO,IDEALPRO-1-3971,EUR/USD.IDEALPRO-MLSignalStrategyV2-V2,IDEALPRO-001,IDEALPRO-1-423313,STOP_MARKET,SELL,100000.00,GTC,True,False,100000.00,TAKER,1.16057,6.999999999979245e-05,['2.32 USD'],NO_TRIGGER,FILLED,OUO,OL-20250728-154500-001-V2-1324,['O-20250728-154500-001-V2-3972'],O-20250728-154500-001-V2-3970,,,,['V2_POS1_SL'],85ab8004-e4e1-497b-aae0-f99e8a4ac375,1753717500000000000,1753718580000000000,1.16064,DEFAULT,,,,,
O-20250728-154500-001-V2-3972,BACKTESTER-001,MLSignalStrategyV2-V2,EUR/USD.IDEALPRO,IDEALPRO-1-3972,EUR/USD.IDEALPRO-MLSignalStrategyV2-V2,IDEALPRO-001,,LIMIT,SELL,100000.00,GTC,True,False,0.00,NO_LIQUIDITY_SIDE,,,,NO_TRIGGER,CANCELED,OUO,OL-20250728-154500-001-V2-1324,['O-20250728-154500-001-V2-3971'],O-20250728-154500-001-V2-3970,,,,['V2_POS1_TP'],4f92e716-fd3e-4650-aa38-7d21543fe58a,1753717500000000000,1753718580000000000,,,,,1.16242,False,
O-20250728-170000-001-V2-3973,BACKTESTER-001,MLSignalStrategyV2-V2,EUR/USD.IDEALPRO,IDEALPRO-1-3973,EUR/USD.IDEALPRO-MLSignalStrategyV2-V2,IDEALPRO-001,IDEALPRO-1-423428,MARKET,BUY,100000.00,GTC,False,False,100000.00,TAKER,1.15993,0.0,['2.32 USD'],NO_TRIGGER,FILLED,OTO,OL-20250728-170000-001-V2-1325,"['O-20250728-170000-001-V2-3974', 'O-20250728-170000-001-V2-3975']",,,,,['V2_POS1'],0951d9c2-df25-4f30-b84a-50eaacae8e53,1753722000000000000,1753722000000000000,,,,,,,
O-20250728-170000-001-V2-3974,BACKTESTER-001,MLSignalStrategyV2-V2,EUR/USD.IDEALPRO,IDEALPRO-1-3974,EUR/USD.IDEALPRO-MLSignalStrategyV2-V2,IDEALPRO-001,IDEALPRO-1-423469,STOP_MARKET,SELL,100000.00,GTC,True,False,100000.00,TAKER,1.15917,1.999999999990898e-05,['2.32 USD'],NO_TRIGGER,FILLED,OUO,OL-20250728-170000-001-V2-1325,['O-20250728-170000-001-V2-3975'],O-20250728-170000-001-V2-3973,,,,['V2_POS1_SL'],0d8834fa-e3d2-4be1-83b9-b3466d88953b,1753722000000000000,1753723200000000000,1.15919,DEFAULT,,,,,
O-20250728-170000-001-V2-3975,BACKTESTER-001,MLSignalStrategyV2-V2,EUR/USD.IDEALPRO,IDEALPRO-1-3975,EUR/USD.IDEALPRO-MLSignalStrategyV2-V2,IDEALPRO-001,,LIMIT,SELL,100000.00,GTC,True,False,0.00,NO_LIQUIDITY_SIDE,,,,NO_TRIGGER,CANCELED,OUO,OL-20250728-170000-001-V2-1325,['O-20250728-170000-001-V2-3974'],O-20250728-170000-001-V2-3973,,,,['V2_POS1_TP'],39254415-6fef-401a-9077-5ce805c13803,1753722000000000000,1753723200000000000,,,,,1.16065,False,
O-20250728-173000-001-V2-3976,BACKTESTER-001,MLSignalStrategyV2-V2,EUR/USD.IDEALPRO,IDEALPRO-1-3976,EUR/USD.IDEALPRO-MLSignalStrategyV2-V2,IDEALPRO-001,IDEALPRO-1-423490,MARKET,BUY,100000.00,GTC,False,False,100000.00,TAKER,1.15954,0.0,['2.32 USD'],NO_TRIGGER,FILLED,OTO,OL-20250728-173000-001-V2-1326,"['O-20250728-173000-001-V2-3977', 'O-20250728-173000-001-V2-3978']",,,,,['V2_POS1'],311716bf-4c47-4360-8fe9-1a925da714d0,1753723800000000000,1753723800000000000,,,,,,,
O-20250728-173000-001-V2-3977,BACKTESTER-001,MLSignalStrategyV2-V2,EUR/USD.IDEALPRO,IDEALPRO-1-3977,EUR/USD.IDEALPRO-MLSignalStrategyV2-V2,IDEALPRO-001,IDEALPRO-1-423561,STOP_MARKET,SELL,100000.00,GTC,True,False,100000.00,TAKER,1.15881,7.00000000000145e-05,['2.32 USD'],NO_TRIGGER,FILLED,OUO,OL-20250728-173000-001-V2-1326,['O-20250728-173000-001-V2-3978'],O-20250728-173000-001-V2-3976,,,,['V2_POS1_SL'],6889f827-c35b-4701-85f7-2d87cbed441c,1753723800000000000,1753725900000000000,1.15888,DEFAULT,,,,,
O-20250728-173000-001-V2-3978,BACKTESTER-001,MLSignalStrategyV2-V2,EUR/USD.IDEALPRO,IDEALPRO-1-3978,EUR/USD.IDEALPRO-MLSignalStrategyV2-V2,IDEALPRO-001,,LIMIT,SELL,100000.00,GTC,True,False,0.00,NO_LIQUIDITY_SIDE,,,,NO_TRIGGER,CANCELED,OUO,OL-20250728-173000-001-V2-1326,['O-20250728-173000-001-V2-3977'],O-20250728-173000-001-V2-3976,,,,['V2_POS1_TP'],2f44effd-3f42-4816-8590-c9b2439111d7,1753723800000000000,1753725900000000000,,,,,1.16018,False,
O-20250728-191500-001-V2-3979,BACKTESTER-001,MLSignalStrategyV2-V2,EUR/USD.IDEALPRO,IDEALPRO-1-3979,EUR/USD.IDEALPRO-MLSignalStrategyV2-V2,IDEALPRO-001,IDEALPRO-1-423703,MARKET,BUY,100000.00,GTC,False,False,100000.00,TAKER,1.15915,0.0,['2.32 USD'],NO_TRIGGER,FILLED,OTO,OL-20250728-191500-001-V2-1327,"['O-20250728-191500-001-V2-3980', 'O-20250728-191500-001-V2-3981']",,,,,['V2_POS1'],0b096c37-a741-4e2e-a8a4-a7c31a38943c,1753730100000000000,1753730100000000000,,,,,,,
O-20250728-191500-001-V2-3980,BACKTESTER-001,MLSignalStrategyV2-V2,EUR/USD.IDEALPRO,IDEALPRO-1-3980,EUR/USD.IDEALPRO-MLSignalStrategyV2-V2,IDEALPRO-001,IDEALPRO-1-423897,STOP_MARKET,SELL,100000.00,GTC,True,False,100000.00,TAKER,1.15862,1.999999999990898e-05,['2.32 USD'],NO_TRIGGER,FILLED,OUO,OL-20250728-191500-001-V2-1327,['O-20250728-191500-001-V2-3981'],O-20250728-191500-001-V2-3979,,,,['V2_POS1_SL'],44e66db2-9c8f-4bcd-b019-3513461a0b28,1753730100000000000,1753735920000000000,1.15864,DEFAULT,,,,,
O-20250728-191500-001-V2-3981,BACKTESTER-001,MLSignalStrategyV2-V2,EUR/USD.IDEALPRO,IDEALPRO-1-3981,EUR/USD.IDEALPRO-MLSignalStrategyV2-V2,IDEALPRO-001,,LIMIT,SELL,100000.00,GTC,True,False,0.00,NO_LIQUIDITY_SIDE,,,,NO_TRIGGER,CANCELED,OUO,OL-20250728-191500-001-V2-1327,['O-20250728-191500-001-V2-3980'],O-20250728-191500-001-V2-3979,,,,['V2_POS1_TP'],8a672f64-10ce-4380-a3c2-8420c68a5063,1753730100000000000,1753735920000000000,,,,,1.15966,False,
O-20250728-220000-001-V2-3982,BACKTESTER-001,MLSignalStrategyV2-V2,EUR/USD.IDEALPRO,IDEALPRO-1-3982,EUR/USD.IDEALPRO-MLSignalStrategyV2-V2,IDEALPRO-001,IDEALPRO-1-424004,MARKET,BUY,100000.00,GTC,False,False,100000.00,TAKER,1.159,0.0,['2.32 USD'],NO_TRIGGER,FILLED,OTO,OL-20250728-220000-001-V2-1328,"['O-20250728-220000-001-V2-3983', 'O-20250728-220000-001-V2-3984']",,,,,['V2_POS1'],2bca376b-be5a-4fee-8eb9-b5d3c87f319b,1753740000000000000,1753740000000000000,,,,,,,
O-20250728-220000-001-V2-3983,BACKTESTER-001,MLSignalStrategyV2-V2,EUR/USD.IDEALPRO,IDEALPRO-1-3983,EUR/USD.IDEALPRO-MLSignalStrategyV2-V2,IDEALPRO-001,,STOP_MARKET,SELL,100000.00,GTC,True,False,0.00,NO_LIQUIDITY_SIDE,,,,NO_TRIGGER,CANCELED,OUO,OL-20250728-220000-001-V2-1328,['O-20250728-220000-001-V2-3984'],O-20250728-220000-001-V2-3982,,,,['V2_POS1_SL'],d9e58509-a5e3-4cac-bed9-ec9651507c66,1753740000000000000,1753740540000000000,1.15870,DEFAULT,,,,,
O-20250728-220000-001-V2-3984,BACKTESTER-001,MLSignalStrategyV2-V2,EUR/USD.IDEALPRO,IDEALPRO-1-3984,EUR/USD.IDEALPRO-MLSignalStrategyV2-V2,IDEALPRO-001,IDEALPRO-1-424023,LIMIT,SELL,100000.00,GTC,True,False,100000.00,MAKER,1.15931,-1.0000000000065512e-05,['2.32 USD'],NO_TRIGGER,FILLED,OUO,OL-20250728-220000-001-V2-1328,['O-20250728-220000-001-V2-3983'],O-20250728-220000-001-V2-3982,,,,['V2_POS1_TP'],ec7747dc-1792-444c-a3a3-f8d79ec00e91,1753740000000000000,1753740540000000000,,,,,1.15930,False,
O-20250729-010000-001-V2-3985,BACKTESTER-001,MLSignalStrategyV2-V2,EUR/USD.IDEALPRO,IDEALPRO-1-3985,EUR/USD.IDEALPRO-MLSignalStrategyV2-V2,IDEALPRO-001,IDEALPRO-1-424366,MARKET,BUY,100000.00,GTC,False,False,100000.00,TAKER,1.15852,0.0,['2.32 USD'],NO_TRIGGER,FILLED,OTO,OL-20250729-010000-001-V2-1329,"['O-20250729-010000-001-V2-3986', 'O-20250729-010000-001-V2-3987']",,,,,['V2_POS1'],d53acfe3-f52e-4b8e-b772-bd9fca062b9e,1753750800000000000,1753750800000000000,,,,,,,
O-20250729-010000-001-V2-3986,BACKTESTER-001,MLSignalStrategyV2-V2,EUR/USD.IDEALPRO,IDEALPRO-1-3986,EUR/USD.IDEALPRO-MLSignalStrategyV2-V2,IDEALPRO-001,,STOP_MARKET,SELL,100000.00,GTC,True,False,0.00,NO_LIQUIDITY_SIDE,,,,NO_TRIGGER,CANCELED,OUO,OL-20250729-010000-001-V2-1329,['O-20250729-010000-001-V2-3987'],O-20250729-010000-001-V2-3985,,,,['V2_POS1_SL'],caebbe64-cb7f-44d1-a045-5fdff61d4eda,1753750800000000000,1753750860000000000,1.15814,DEFAULT,,,,,
O-20250729-010000-001-V2-3987,BACKTESTER-001,MLSignalStrategyV2-V2,EUR/USD.IDEALPRO,IDEALPRO-1-3987,EUR/USD.IDEALPRO-MLSignalStrategyV2-V2,IDEALPRO-001,IDEALPRO-1-424369,LIMIT,SELL,100000.00,GTC,True,False,100000.00,MAKER,1.15897,-7.00000000000145e-05,['2.32 USD'],NO_TRIGGER,FILLED,OUO,OL-20250729-010000-001-V2-1329,['O-20250729-010000-001-V2-3986'],O-20250729-010000-001-V2-3985,,,,['V2_POS1_TP'],97d9d189-c3c3-4b20-b948-8ca9a23cef49,1753750800000000000,1753750860000000000,,,,,1.15890,False,
O-20250729-011500-001-V2-3988,BACKTESTER-001,MLSignalStrategyV2-V2,EUR/USD.IDEALPRO,IDEALPRO-1-3988,EUR/USD.IDEALPRO-MLSignalStrategyV2-V2,IDEALPRO-001,IDEALPRO-1-424398,MARKET,BUY,100000.00,GTC,False,False,100000.00,TAKER,1.15875,0.0,['2.32 USD'],NO_TRIGGER,FILLED,OTO,OL-20250729-011500-001-V2-1330,"['O-20250729-011500-001-V2-3989', 'O-20250729-011500-001-V2-3990']",,,,,['V2_POS1'],1d2559c2-303a-4c3f-8426-a75971ade567,1753751700000000000,1753751700000000000,,,,,,,
O-20250729-011500-001-V2-3989,BACKTESTER-001,MLSignalStrategyV2-V2,EUR/USD.IDEALPRO,IDEALPRO-1-3989,EUR/USD.IDEALPRO-MLSignalStrategyV2-V2,IDEALPRO-001,,STOP_MARKET,SELL,100000.00,GTC,True,False,0.00,NO_LIQUIDITY_SIDE,,,,NO_TRIGGER,CANCELED,OUO,OL-20250729-011500-001-V2-1330,['O-20250729-011500-001-V2-3990'],O-20250729-011500-001-V2-3988,,,,['V2_POS1_SL'],0124fc6f-c35b-48c3-b551-31c62783ee2d,1753751700000000000,1753751820000000000,1.15835,DEFAULT,,,,,
O-20250729-011500-001-V2-3990,BACKTESTER-001,MLSignalStrategyV2-V2,EUR/USD.IDEALPRO,IDEALPRO-1-3990,EUR/USD.IDEALPRO-MLSignalStrategyV2-V2,IDEALPRO-001,IDEALPRO-1-424403,LIMIT,SELL,100000.00,GTC,True,False,100000.00,MAKER,1.15917,-2.0000000000131024e-05,['2.32 USD'],NO_TRIGGER,FILLED,OUO,OL-20250729-011500-001-V2-1330,['O-20250729-011500-001-V2-3989'],O-20250729-011500-001-V2-3988,,,,['V2_POS1_TP'],93689689-a9a6-46e7-adfe-602b9b918934,1753751700000000000,1753751820000000000,,,,,1.15915,False,
O-20250729-040000-001-V2-3991,BACKTESTER-001,MLSignalStrategyV2-V2,EUR/USD.IDEALPRO,IDEALPRO-1-3991,EUR/USD.IDEALPRO-MLSignalStrategyV2-V2,IDEALPRO-001,IDEALPRO-1-424730,MARKET,BUY,100000.00,GTC,False,False,100000.00,TAKER,1.1583,0.0,['2.32 USD'],NO_TRIGGER,FILLED,OTO,OL-20250729-040000-001-V2-1331,"['O-20250729-040000-001-V2-3992', 'O-20250729-040000-001-V2-3993']",,,,,['V2_POS1'],81e1230f-e841-41ff-9922-4feabf67adf1,1753761600000000000,1753761600000000000,,,,,,,
O-20250729-040000-001-V2-3992,BACKTESTER-001,MLSignalStrategyV2-V2,EUR/USD.IDEALPRO,IDEALPRO-1-3992,EUR/USD.IDEALPRO-MLSignalStrategyV2-V2,IDEALPRO-001,IDEALPRO-1-424765,STOP_MARKET,SELL,100000.00,GTC,True,False,100000.00,TAKER,1.1578,5.999999999994898e-05,['2.32 USD'],NO_TRIGGER,FILLED,OUO,OL-20250729-040000-001-V2-1331,['O-20250729-040000-001-V2-3993'],O-20250729-040000-001-V2-3991,,,,['V2_POS1_SL'],0a388201-d41e-4e6f-a8fb-121190198a36,1753761600000000000,1753762620000000000,1.15786,DEFAULT,,,,,
O-20250729-040000-001-V2-3993,BACKTESTER-001,MLSignalStrategyV2-V2,EUR/USD.IDEALPRO,IDEALPRO-1-3993,EUR/USD.IDEALPRO-MLSignalStrategyV2-V2,IDEALPRO-001,,LIMIT,SELL,100000.00,GTC,True,False,0.00,NO_LIQUIDITY_SIDE,,,,NO_TRIGGER,CANCELED,OUO,OL-20250729-040000-001-V2-1331,['O-20250729-040000-001-V2-3992'],O-20250729-040000-001-V2-3991,,,,['V2_POS1_TP'],435875e2-bee0-4fd7-b0e7-4f3ef2f8a7e2,1753761600000000000,1753762620000000000,,,,,1.15874,False,
O-20250729-070000-001-V2-3994,BACKTESTER-001,MLSignalStrategyV2-V2,EUR/USD.IDEALPRO,IDEALPRO-1-3994,EUR/USD.IDEALPRO-MLSignalStrategyV2-V2,IDEALPRO-001,IDEALPRO-1-425092,MARKET,BUY,100000.00,GTC,False,False,100000.00,TAKER,1.1534,0.0,['2.31 USD'],NO_TRIGGER,FILLED,OTO,OL-20250729-070000-001-V2-1332,"['O-20250729-070000-001-V2-3995', 'O-20250729-070000-001-V2-3996']",,,,,['V2_POS1'],520f23e5-fbf5-415d-962b-d3d91de74b78,1753772400000000000,1753772400000000000,,,,,,,
O-20250729-070000-001-V2-3995,BACKTESTER-001,MLSignalStrategyV2-V2,EUR/USD.IDEALPRO,IDEALPRO-1-3995,EUR/USD.IDEALPRO-MLSignalStrategyV2-V2,IDEALPRO-001,,STOP_MARKET,SELL,100000.00,GTC,True,False,0.00,NO_LIQUIDITY_SIDE,,,,NO_TRIGGER,CANCELED,OUO,OL-20250729-070000-001-V2-1332,['O-20250729-070000-001-V2-3996'],O-20250729-070000-001-V2-3994,,,,['V2_POS1_SL'],0f7264fb-339b-4821-9d1d-32c38219ee70,1753772400000000000,1753772460000000000,1.15251,DEFAULT,,,,,
O-20250729-070000-001-V2-3996,BACKTESTER-001,MLSignalStrategyV2-V2,EUR/USD.IDEALPRO,IDEALPRO-1-3996,EUR/USD.IDEALPRO-MLSignalStrategyV2-V2,IDEALPRO-001,IDEALPRO-1-425095,LIMIT,SELL,100000.00,GTC,True,False,100000.00,MAKER,1.1545,-0.0002300000000001745,['2.31 USD'],NO_TRIGGER,FILLED,OUO,OL-20250729-070000-001-V2-1332,['O-20250729-070000-001-V2-3995'],O-20250729-070000-001-V2-3994,,,,['V2_POS1_TP'],ee3272e9-c8ed-4a00-a57f-29369378ebce,1753772400000000000,1753772460000000000,,,,,1.15427,False,
O-20250729-071500-001-V2-3997,BACKTESTER-001,MLSignalStrategyV2-V2,EUR/USD.IDEALPRO,IDEALPRO-1-3997,EUR/USD.IDEALPRO-MLSignalStrategyV2-V2,IDEALPRO-001,IDEALPRO-1-425124,MARKET,BUY,100000.00,GTC,False,False,100000.00,TAKER,1.15308,0.0,['2.31 USD'],NO_TRIGGER,FILLED,OTO,OL-20250729-071500-001-V2-1333,"['O-20250729-071500-001-V2-3998', 'O-20250729-071500-001-V2-3999']",,,,,['V2_POS1'],1543a48f-1cd4-4960-acda-f34e4bd45b69,1753773300000000000,1753773300000000000,,,,,,,
O-20250729-071500-001-V2-3998,BACKTESTER-001,MLSignalStrategyV2-V2,EUR/USD.IDEALPRO,IDEALPRO-1-3998,EUR/USD.IDEALPRO-MLSignalStrategyV2-V2,IDEALPRO-001,,STOP_MARKET,SELL,100000.00,GTC,True,False,0.00,NO_LIQUIDITY_SIDE,,,,NO_TRIGGER,CANCELED,OUO,OL-20250729-071500-001-V2-1333,['O-20250729-071500-001-V2-3999'],O-20250729-071500-001-V2-3997,,,,['V2_POS1_SL'],480aab78-179c-4e2e-9ca9-22de2876927e,1753773300000000000,1753773660000000000,1.15204,DEFAULT,,,,,
O-20250729-071500-001-V2-3999,BACKTESTER-001,MLSignalStrategyV2-V2,EUR/USD.IDEALPRO,IDEALPRO-1-3999,EUR/USD.IDEALPRO-MLSignalStrategyV2-V2,IDEALPRO-001,IDEALPRO-1-425137,LIMIT,SELL,100000.00,GTC,True,False,100000.00,MAKER,1.15413,-1.0000000000065512e-05,['2.31 USD'],NO_TRIGGER,FILLED,OUO,OL-20250729-071500-001-V2-1333,['O-20250729-071500-001-V2-3998'],O-20250729-071500-001-V2-3997,,,,['V2_POS1_TP'],68afafc7-74a8-4c87-b100-e6887b6328dc,1753773300000000000,1753773660000000000,,,,,1.15412,False,
O-20250729-073000-001-V2-4000,BACKTESTER-001,MLSignalStrategyV2-V2,EUR/USD.IDEALPRO,IDEALPRO-1-4000,EUR/USD.IDEALPRO-MLSignalStrategyV2-V2,IDEALPRO-001,IDEALPRO-1-425156,MARKET,BUY,100000.00,GTC,False,False,100000.00,TAKER,1.15365,0.0,['2.31 USD'],NO_TRIGGER,FILLED,OTO,OL-20250729-073000-001-V2-1334,"['O-20250729-073000-001-V2-4001', 'O-20250729-073000-001-V2-4002']",,,,,['V2_POS1'],f3bbc084-a0f2-42b6-92f9-9a191ce3ae8c,1753774200000000000,1753774200000000000,,,,,,,
O-20250729-073000-001-V2-4001,BACKTESTER-001,MLSignalStrategyV2-V2,EUR/USD.IDEALPRO,IDEALPRO-1-4001,EUR/USD.IDEALPRO-MLSignalStrategyV2-V2,IDEALPRO-001,,STOP_MARKET,SELL,100000.00,GTC,True,False,0.00,NO_LIQUIDITY_SIDE,,,,NO_TRIGGER,CANCELED,OUO,OL-20250729-073000-001-V2-1334,['O-20250729-073000-001-V2-4002'],O-20250729-073000-001-V2-4000,,,,['V2_POS1_SL'],89603f9e-e977-4cfb-8360-88885bac6c1b,1753774200000000000,1753775400000000000,1.15255,DEFAULT,,,,,
O-20250729-073000-001-V2-4002,BACKTESTER-001,MLSignalStrategyV2-V2,EUR/USD.IDEALPRO,IDEALPRO-1-4002,EUR/USD.IDEALPRO-MLSignalStrategyV2-V2,IDEALPRO-001,IDEALPRO-1-425197,LIMIT,SELL,100000.00,GTC,True,False,100000.00,MAKER,1.1548,-7.00000000000145e-05,['2.31 USD'],NO_TRIGGER,FILLED,OUO,OL-20250729-073000-001-V2-1334,['O-20250729-073000-001-V2-4001'],O-20250729-073000-001-V2-4000,,,,['V2_POS1_TP'],ed4d8c82-0680-4601-8055-1f19f6cdbad7,1753774200000000000,1753775400000000000,,,,,1.15473,False,
O-20250729-080000-001-V2-4003,BACKTESTER-001,MLSignalStrategyV2-V2,EUR/USD.IDEALPRO,IDEALPRO-1-4003,EUR/USD.IDEALPRO-MLSignalStrategyV2-V2,IDEALPRO-001,IDEALPRO-1-425218,MARKET,BUY,100000.00,GTC,False,False,100000.00,TAKER,1.15548,0.0,['2.31 USD'],NO_TRIGGER,FILLED,OTO,OL-20250729-080000-001-V2-1335,"['O-20250729-080000-001-V2-4004', 'O-20250729-080000-001-V2-4005']",,,,,['V2_POS1'],549a6cd9-e89d-443a-ae6d-fc1149ae288e,1753776000000000000,1753776000000000000,,,,,,,
O-20250729-080000-001-V2-4004,BACKTESTER-001,MLSignalStrategyV2-V2,EUR/USD.IDEALPRO,IDEALPRO-1-4004,EUR/USD.IDEALPRO-MLSignalStrategyV2-V2,IDEALPRO-001,,STOP_MARKET,SELL,100000.00,GTC,True,False,0.00,NO_LIQUIDITY_SIDE,,,,NO_TRIGGER,CANCELED,OUO,OL-20250729-080000-001-V2-1335,['O-20250729-080000-001-V2-4005'],O-20250729-080000-001-V2-4003,,,,['V2_POS1_SL'],0d84ebb4-9046-4069-9ff1-3a8c525f82ea,1753776000000000000,1753776900000000000,1.15441,DEFAULT,,,,,
O-20250729-080000-001-V2-4005,BACKTESTER-001,MLSignalStrategyV2-V2,EUR/USD.IDEALPRO,IDEALPRO-1-4005,EUR/USD.IDEALPRO-MLSignalStrategyV2-V2,IDEALPRO-001,IDEALPRO-1-425249,LIMIT,SELL,100000.00,GTC,True,False,100000.00,MAKER,1.15674,-0.0001900000000001345,['2.31 USD'],NO_TRIGGER,FILLED,OUO,OL-20250729-080000-001-V2-1335,['O-20250729-080000-001-V2-4004'],O-20250729-080000-001-V2-4003,,,,['V2_POS1_TP'],c0b787e0-ff01-40a6-b05e-a8d8c3a0c0cf,1753776000000000000,1753776900000000000,,,,,1.15655,False,
O-20250729-084500-001-V2-4006,BACKTESTER-001,MLSignalStrategyV2-V2,EUR/USD.IDEALPRO,IDEALPRO-1-4006,EUR/USD.IDEALPRO-MLSignalStrategyV2-V2,IDEALPRO-001,IDEALPRO-1-425311,MARKET,BUY,100000.00,GTC,False,False,100000.00,TAKER,1.15656,0.0,['2.31 USD'],NO_TRIGGER,FILLED,OTO,OL-20250729-084500-001-V2-1336,"['O-20250729-084500-001-V2-4007', 'O-20250729-084500-001-V2-4008']",,,,,['V2_POS1'],baf9605b-d630-40a7-98d2-dd466208973c,1753778700000000000,1753778700000000000,,,,,,,
O-20250729-084500-001-V2-4007,BACKTESTER-001,MLSignalStrategyV2-V2,EUR/USD.IDEALPRO,IDEALPRO-1-4007,EUR/USD.IDEALPRO-MLSignalStrategyV2-V2,IDEALPRO-001,,STOP_MARKET,SELL,100000.00,GTC,True,False,0.00,NO_LIQUIDITY_SIDE,,,,NO_TRIGGER,CANCELED,OUO,OL-20250729-084500-001-V2-1336,['O-20250729-084500-001-V2-4008'],O-20250729-084500-001-V2-4006,,,,['V2_POS1_SL'],9e53230f-5ab2-4fb8-8846-b46d883ca249,1753778700000000000,1753779780000000000,1.15558,DEFAULT,,,,,
O-20250729-084500-001-V2-4008,BACKTESTER-001,MLSignalStrategyV2-V2,EUR/USD.IDEALPRO,IDEALPRO-1-4008,EUR/USD.IDEALPRO-MLSignalStrategyV2-V2,IDEALPRO-001,IDEALPRO-1-425347,LIMIT,SELL,100000.00,GTC,True,False,100000.00,MAKER,1.15755,-2.999999999997449e-05,['2.32 USD'],NO_TRIGGER,FILLED,OUO,OL-20250729-084500-001-V2-1336,['O-20250729-084500-001-V2-4007'],O-20250729-084500-001-V2-4006,,,,['V2_POS1_TP'],0bfd638b-5d29-4d14-91bd-11099173b4c3,1753778700000000000,1753779780000000000,,,,,1.15752,False,
O-20250729-100000-001-V2-4009,BACKTESTER-001,MLSignalStrategyV2-V2,EUR/USD.IDEALPRO,IDEALPRO-1-4009,EUR/USD.IDEALPRO-MLSignalStrategyV2-V2,IDEALPRO-001,IDEALPRO-1-425463,MARKET,SELL,100000.00,GTC,False,False,100000.00,TAKER,1.15768,0.0,['2.32 USD'],NO_TRIGGER,FILLED,OTO,OL-20250729-100000-001-V2-1337,"['O-20250729-100000-001-V2-4010', 'O-20250729-100000-001-V2-4011']",,,,,['V2_POS1'],e6e1bf8c-1cd6-48da-a844-f7aac0df8024,1753783200000000000,1753783200000000000,,,,,,,
O-20250729-100000-001-V2-4010,BACKTESTER-001,MLSignalStrategyV2-V2,EUR/USD.IDEALPRO,IDEALPRO-1-4010,EUR/USD.IDEALPRO-MLSignalStrategyV2-V2,IDEALPRO-001,IDEALPRO-1-425517,STOP_MARKET,BUY,100000.00,GTC,True,False,100000.00,TAKER,1.15854,0.0,['2.32 USD'],NO_TRIGGER,FILLED,OUO,OL-20250729-100000-001-V2-1337,['O-20250729-100000-001-V2-4011'],O-20250729-100000-001-V2-4009,,,,['V2_POS1_SL'],b2291ca1-18b5-4fea-8a46-efe4ae7274f2,1753783200000000000,1753784820000000000,1.15854,DEFAULT,,,,,
O-20250729-100000-001-V2-4011,BACKTESTER-001,MLSignalStrategyV2-V2,EUR/USD.IDEALPRO,IDEALPRO-1-4011,EUR/USD.IDEALPRO-MLSignalStrategyV2-V2,IDEALPRO-001,,LIMIT,BUY,100000.00,GTC,True,False,0.00,NO_LIQUIDITY_SIDE,,,,NO_TRIGGER,CANCELED,OUO,OL-20250729-100000-001-V2-1337,['O-20250729-100000-001-V2-4010'],O-20250729-100000-001-V2-4009,,,,['V2_POS1_TP'],04565b54-0976-4b07-a9f5-82a857f5c079,1753783200000000000,1753784820000000000,,,,,1.15682,False,
O-20250729-114500-001-V2-4012,BACKTESTER-001,MLSignalStrategyV2-V2,EUR/USD.IDEALPRO,IDEALPRO-1-4012,EUR/USD.IDEALPRO-MLSignalStrategyV2-V2,IDEALPRO-001,IDEALPRO-1-425674,MARKET,BUY,100000.00,GTC,False,False,100000.00,TAKER,1.15451,0.0,['2.31 USD'],NO_TRIGGER,FILLED,OTO,OL-20250729-114500-001-V2-1338,"['O-20250729-114500-001-V2-4013', 'O-20250729-114500-001-V2-4014']",,,,,['V2_POS1'],478b75f4-e589-46ee-b9bb-361c77eab48a,1753789500000000000,1753789500000000000,,,,,,,
O-20250729-114500-001-V2-4013,BACKTESTER-001,MLSignalStrategyV2-V2,EUR/USD.IDEALPRO,IDEALPRO-1-4013,EUR/USD.IDEALPRO-MLSignalStrategyV2-V2,IDEALPRO-001,IDEALPRO-1-425721,STOP_MARKET,SELL,100000.00,GTC,True,False,100000.00,TAKER,1.15366,0.0,['2.31 USD'],NO_TRIGGER,FILLED,OUO,OL-20250729-114500-001-V2-1338,['O-20250729-114500-001-V2-4014'],O-20250729-114500-001-V2-4012,,,,['V2_POS1_SL'],53a806d6-1deb-436a-8139-f244daa6c812,1753789500000000000,1753790880000000000,1.15366,DEFAULT,,,,,
O-20250729-114500-001-V2-4014,BACKTESTER-001,MLSignalStrategyV2-V2,EUR/USD.IDEALPRO,IDEALPRO-1-4014,EUR/USD.IDEALPRO-MLSignalStrategyV2-V2,IDEALPRO-001,,LIMIT,SELL,100000.00,GTC,True,False,0.00,NO_LIQUIDITY_SIDE,,,,NO_TRIGGER,CANCELED,OUO,OL-20250729-114500-001-V2-1338,['O-20250729-114500-001-V2-4013'],O-20250729-114500-001-V2-4012,,,,['V2_POS1_TP'],bf1244ff-5c2d-4671-af65-d6402299c6c7,1753789500000000000,1753790880000000000,,,,,1.15534,False,
O-20250729-121500-001-V2-4015,BACKTESTER-001,MLSignalStrategyV2-V2,EUR/USD.IDEALPRO,IDEALPRO-1-4015,EUR/USD.IDEALPRO-MLSignalStrategyV2-V2,IDEALPRO-001,IDEALPRO-1-425737,MARKET,BUY,100000.00,GTC,False,False,100000.00,TAKER,1.15349,0.0,['2.31 USD'],NO_TRIGGER,FILLED,OTO,OL-20250729-121500-001-V2-1339,"['O-20250729-121500-001-V2-4016', 'O-20250729-121500-001-V2-4017']",,,,,['V2_POS1'],47be09bf-7059-4d20-b542-60653120977d,1753791300000000000,1753791300000000000,,,,,,,
O-20250729-121500-001-V2-4016,BACKTESTER-001,MLSignalStrategyV2-V2,EUR/USD.IDEALPRO,IDEALPRO-1-4016,EUR/USD.IDEALPRO-MLSignalStrategyV2-V2,IDEALPRO-001,IDEALPRO-1-425827,STOP_MARKET,SELL,100000.00,GTC,True,False,100000.00,TAKER,1.1525,7.999999999985796e-05,['2.31 USD'],NO_TRIGGER,FILLED,OUO,OL-20250729-121500-001-V2-1339,['O-20250729-121500-001-V2-4017'],O-20250729-121500-001-V2-4015,,,,['V2_POS1_SL'],5a4f7a36-485e-4f8e-878e-e89465563d82,1753791300000000000,1753794000000000000,1.15258,DEFAULT,,,,,
O-20250729-121500-001-V2-4017,BACKTESTER-001,MLSignalStrategyV2-V2,EUR/USD.IDEALPRO,IDEALPRO-1-4017,EUR/USD.IDEALPRO-MLSignalStrategyV2-V2,IDEALPRO-001,,LIMIT,SELL,100000.00,GTC,True,False,0.00,NO_LIQUIDITY_SIDE,,,,NO_TRIGGER,CANCELED,OUO,OL-20250729-121500-001-V2-1339,['O-20250729-121500-001-V2-4016'],O-20250729-121500-001-V2-4015,,,,['V2_POS1_TP'],65d48338-7550-46bb-864f-5a5237d44119,1753791300000000000,1753794000000000000,,,,,1.15438,False,
O-20250729-201500-001-V2-4018,BACKTESTER-001,MLSignalStrategyV2-V2,EUR/USD.IDEALPRO,IDEALPRO-1-4018,EUR/USD.IDEALPRO-MLSignalStrategyV2-V2,IDEALPRO-001,IDEALPRO-1-426699,MARKET,BUY,100000.00,GTC,False,False,100000.00,TAKER,1.15516,0.0,['2.31 USD'],NO_TRIGGER,FILLED,OTO,OL-20250729-201500-001-V2-1340,"['O-20250729-201500-001-V2-4019', 'O-20250729-201500-001-V2-4020']",,,,,['V2_POS1'],dbb743ad-ca7f-4dde-b082-dd35d6dbba4f,1753820100000000000,1753820100000000000,,,,,,,
O-20250729-201500-001-V2-4019,BACKTESTER-001,MLSignalStrategyV2-V2,EUR/USD.IDEALPRO,IDEALPRO-1-4019,EUR/USD.IDEALPRO-MLSignalStrategyV2-V2,IDEALPRO-001,IDEALPRO-1-426743,STOP_MARKET,SELL,100000.00,GTC,True,False,100000.00,TAKER,1.15468,0.0,['2.31 USD'],NO_TRIGGER,FILLED,OUO,OL-20250729-201500-001-V2-1340,['O-20250729-201500-001-V2-4020'],O-20250729-201500-001-V2-4018,,,,['V2_POS1_SL'],3da43d4f-0f31-4e72-83d8-bf8dd3d8c3c1,1753820100000000000,1753821420000000000,1.15468,DEFAULT,,,,,
O-20250729-201500-001-V2-4020,BACKTESTER-001,MLSignalStrategyV2-V2,EUR/USD.IDEALPRO,IDEALPRO-1-4020,EUR/USD.IDEALPRO-MLSignalStrategyV2-V2,IDEALPRO-001,,LIMIT,SELL,100000.00,GTC,True,False,0.00,NO_LIQUIDITY_SIDE,,,,NO_TRIGGER,CANCELED,OUO,OL-20250729-201500-001-V2-1340,['O-20250729-201500-001-V2-4019'],O-20250729-201500-001-V2-4018,,,,['V2_POS1_TP'],282e7455-0f0f-4a0c-8c42-889adcaa1f50,1753820100000000000,1753821420000000000,,,,,1.15562,False,
O-20250729-204500-001-V2-4021,BACKTESTER-001,MLSignalStrategyV2-V2,EUR/USD.IDEALPRO,IDEALPRO-1-4021,EUR/USD.IDEALPRO-MLSignalStrategyV2-V2,IDEALPRO-001,IDEALPRO-1-426760,MARKET,BUY,100000.00,GTC,False,False,100000.00,TAKER,1.15464,0.0,['2.31 USD'],NO_TRIGGER,FILLED,OTO,OL-20250729-204500-001-V2-1341,"['O-20250729-204500-001-V2-4022', 'O-20250729-204500-001-V2-4023']",,,,,['V2_POS1'],3ab5ee39-5f39-411a-8433-63883afe6d72,1753821900000000000,1753821900000000000,,,,,,,
O-20250729-204500-001-V2-4022,BACKTESTER-001,MLSignalStrategyV2-V2,EUR/USD.IDEALPRO,IDEALPRO-1-4022,EUR/USD.IDEALPRO-MLSignalStrategyV2-V2,IDEALPRO-001,,STOP_MARKET,SELL,100000.00,GTC,True,False,0.00,NO_LIQUIDITY_SIDE,,,,NO_TRIGGER,CANCELED,OUO,OL-20250729-204500-001-V2-1341,['O-20250729-204500-001-V2-4023'],O-20250729-204500-001-V2-4021,,,,['V2_POS1_SL'],401e4976-48d9-4c73-a12c-c14ef3e8f594,1753821900000000000,1753829760000000000,1.15419,DEFAULT,,,,,
O-20250729-204500-001-V2-4023,BACKTESTER-001,MLSignalStrategyV2-V2,EUR/USD.IDEALPRO,IDEALPRO-1-4023,EUR/USD.IDEALPRO-MLSignalStrategyV2-V2,IDEALPRO-001,IDEALPRO-1-426993,LIMIT,SELL,100000.00,GTC,True,False,100000.00,MAKER,1.15509,0.0,['2.31 USD'],NO_TRIGGER,FILLED,OUO,OL-20250729-204500-001-V2-1341,['O-20250729-204500-001-V2-4022'],O-20250729-204500-001-V2-4021,,,,['V2_POS1_TP'],b177b296-4e21-4831-b1f4-4a1e9e81dc9f,1753821900000000000,1753829760000000000,,,,,1.15509,False,
O-20250730-023000-001-V2-4024,BACKTESTER-001,MLSignalStrategyV2-V2,EUR/USD.IDEALPRO,IDEALPRO-1-4024,EUR/USD.IDEALPRO-MLSignalStrategyV2-V2,IDEALPRO-001,IDEALPRO-1-427422,MARKET,SELL,100000.00,GTC,False,False,100000.00,TAKER,1.15647,0.0,['2.31 USD'],NO_TRIGGER,FILLED,OTO,OL-20250730-023000-001-V2-1342,"['O-20250730-023000-001-V2-4025', 'O-20250730-023000-001-V2-4026']",,,,,['V2_POS1'],8d3b2c01-8a8b-4ba7-a19a-23acb1c35f83,1753842600000000000,1753842600000000000,,,,,,,
O-20250730-023000-001-V2-4025,BACKTESTER-001,MLSignalStrategyV2-V2,EUR/USD.IDEALPRO,IDEALPRO-1-4025,EUR/USD.IDEALPRO-MLSignalStrategyV2-V2,IDEALPRO-001,,STOP_MARKET,BUY,100000.00,GTC,True,False,0.00,NO_LIQUIDITY_SIDE,,,,NO_TRIGGER,CANCELED,OUO,OL-20250730-023000-001-V2-1342,['O-20250730-023000-001-V2-4026'],O-20250730-023000-001-V2-4024,,,,['V2_POS1_SL'],b58c84be-a3ed-4566-88d2-bb5291ab4d18,1753842600000000000,1753843500000000000,1.15688,DEFAULT,,,,,
O-20250730-023000-001-V2-4026,BACKTESTER-001,MLSignalStrategyV2-V2,EUR/USD.IDEALPRO,IDEALPRO-1-4026,EUR/USD.IDEALPRO-MLSignalStrategyV2-V2,IDEALPRO-001,IDEALPRO-1-427453,LIMIT,BUY,100000.00,GTC,True,False,100000.00,MAKER,1.15605,-1.0000000000065512e-05,['2.31 USD'],NO_TRIGGER,FILLED,OUO,OL-20250730-023000-001-V2-1342,['O-20250730-023000-001-V2-4025'],O-20250730-023000-001-V2-4024,,,,['V2_POS1_TP'],0dcc9f9c-e594-43d8-9017-3a01c171099e,1753842600000000000,1753843500000000000,,,,,1.15606,False,
O-20250730-040000-001-V2-4027,BACKTESTER-001,MLSignalStrategyV2-V2,EUR/USD.IDEALPRO,IDEALPRO-1-4027,EUR/USD.IDEALPRO-MLSignalStrategyV2-V2,IDEALPRO-001,IDEALPRO-1-427604,MARKET,SELL,100000.00,GTC,False,False,100000.00,TAKER,1.15617,0.0,['2.31 USD'],NO_TRIGGER,FILLED,OTO,OL-20250730-040000-001-V2-1343,"['O-20250730-040000-001-V2-4028', 'O-20250730-040000-001-V2-4029']",,,,,['V2_POS1'],8cf4181f-9946-4938-81d3-a6e30b4c9c66,1753848000000000000,1753848000000000000,,,,,,,
O-20250730-040000-001-V2-4028,BACKTESTER-001,MLSignalStrategyV2-V2,EUR/USD.IDEALPRO,IDEALPRO-1-4028,EUR/USD.IDEALPRO-MLSignalStrategyV2-V2,IDEALPRO-001,,STOP_MARKET,BUY,100000.00,GTC,True,False,0.00,NO_LIQUIDITY_SIDE,,,,NO_TRIGGER,CANCELED,OUO,OL-20250730-040000-001-V2-1343,['O-20250730-040000-001-V2-4029'],O-20250730-040000-001-V2-4027,,,,['V2_POS1_SL'],6e433dc8-3673-4952-987d-ad330e94664f,1753848000000000000,1753848180000000000,1.15659,DEFAULT,,,,,
O-20250730-040000-001-V2-4029,BACKTESTER-001,MLSignalStrategyV2-V2,EUR/USD.IDEALPRO,IDEALPRO-1-4029,EUR/USD.IDEALPRO-MLSignalStrategyV2-V2,IDEALPRO-001,IDEALPRO-1-427611,LIMIT,BUY,100000.00,GTC,True,False,100000.00,MAKER,1.15574,-1.0000000000065512e-05,['2.31 USD'],NO_TRIGGER,FILLED,OUO,OL-20250730-040000-001-V2-1343,['O-20250730-040000-001-V2-4028'],O-20250730-040000-001-V2-4027,,,,['V2_POS1_TP'],0fa02f81-e51d-4171-8134-93d4ce764971,1753848000000000000,1753848180000000000,,,,,1.15575,False,
O-20250730-053000-001-V2-4030,BACKTESTER-001,MLSignalStrategyV2-V2,EUR/USD.IDEALPRO,IDEALPRO-1-4030,EUR/USD.IDEALPRO-MLSignalStrategyV2-V2,IDEALPRO-001,IDEALPRO-1-427787,MARKET,SELL,100000.00,GTC,False,False,100000.00,TAKER,1.15542,0.0,['2.31 USD'],NO_TRIGGER,FILLED,OTO,OL-20250730-053000-001-V2-1344,"['O-20250730-053000-001-V2-4031', 'O-20250730-053000-001-V2-4032']",,,,,['V2_POS1'],2d1d314f-4ffc-4c93-8365-e7c08e0824f7,1753853400000000000,1753853400000000000,,,,,,,
O-20250730-053000-001-V2-4031,BACKTESTER-001,MLSignalStrategyV2-V2,EUR/USD.IDEALPRO,IDEALPRO-1-4031,EUR/USD.IDEALPRO-MLSignalStrategyV2-V2,IDEALPRO-001,IDEALPRO-1-427795,STOP_MARKET,BUY,100000.00,GTC,True,False,100000.00,TAKER,1.15588,4.0000000000040004e-05,['2.31 USD'],NO_TRIGGER,FILLED,OUO,OL-20250730-053000-001-V2-1344,['O-20250730-053000-001-V2-4032'],O-20250730-053000-001-V2-4030,,,,['V2_POS1_SL'],55a13f00-4782-4849-87f7-035b07a2b7b2,1753853400000000000,1753853640000000000,1.15584,DEFAULT,,,,,
O-20250730-053000-001-V2-4032,BACKTESTER-001,MLSignalStrategyV2-V2,EUR/USD.IDEALPRO,IDEALPRO-1-4032,EUR/USD.IDEALPRO-MLSignalStrategyV2-V2,IDEALPRO-001,,LIMIT,BUY,100000.00,GTC,True,False,0.00,NO_LIQUIDITY_SIDE,,,,NO_TRIGGER,CANCELED,OUO,OL-20250730-053000-001-V2-1344,['O-20250730-053000-001-V2-4031'],O-20250730-053000-001-V2-4030,,,,['V2_POS1_TP'],aaef096a-43c6-4583-947c-7bd8d8c2fec5,1753853400000000000,1753853640000000000,,,,,1.15500,False,
O-20250730-083000-001-V2-4033,BACKTESTER-001,MLSignalStrategyV2-V2,EUR/USD.IDEALPRO,IDEALPRO-1-4033,EUR/USD.IDEALPRO-MLSignalStrategyV2-V2,IDEALPRO-001,IDEALPRO-1-428148,MARKET,BUY,100000.00,GTC,False,False,100000.00,TAKER,1.15552,0.0,['2.31 USD'],NO_TRIGGER,FILLED,OTO,OL-20250730-083000-001-V2-1345,"['O-20250730-083000-001-V2-4034', 'O-20250730-083000-001-V2-4035']",,,,,['V2_POS1'],6291af17-0929-40c2-b88a-40a152a97693,1753864200000000000,1753864200000000000,,,,,,,
O-20250730-083000-001-V2-4034,BACKTESTER-001,MLSignalStrategyV2-V2,EUR/USD.IDEALPRO,IDEALPRO-1-4034,EUR/USD.IDEALPRO-MLSignalStrategyV2-V2,IDEALPRO-001,IDEALPRO-1-428271,STOP_MARKET,SELL,100000.00,GTC,True,False,100000.00,TAKER,1.1548,9.999999999998899e-05,['2.31 USD'],NO_TRIGGER,FILLED,OUO,OL-20250730-083000-001-V2-1345,['O-20250730-083000-001-V2-4035'],O-20250730-083000-001-V2-4033,,,,['V2_POS1_SL'],d9ea79ad-7bc0-4f9a-8d01-d0d1b5594b37,1753864200000000000,1753867860000000000,1.15490,DEFAULT,,,,,
O-20250730-083000-001-V2-4035,BACKTESTER-001,MLSignalStrategyV2-V2,EUR/USD.IDEALPRO,IDEALPRO-1-4035,EUR/USD.IDEALPRO-MLSignalStrategyV2-V2,IDEALPRO-001,,LIMIT,SELL,100000.00,GTC,True,False,0.00,NO_LIQUIDITY_SIDE,,,,NO_TRIGGER,CANCELED,OUO,OL-20250730-083000-001-V2-1345,['O-20250730-083000-001-V2-4034'],O-20250730-083000-001-V2-4033,,,,['V2_POS1_TP'],b33205ba-18cf-4a53-b376-2431fa5b4d12,1753864200000000000,1753867860000000000,,,,,1.15612,False,
O-20250730-103000-001-V2-4036,BACKTESTER-001,MLSignalStrategyV2-V2,EUR/USD.IDEALPRO,IDEALPRO-1-4036,EUR/USD.IDEALPRO-MLSignalStrategyV2-V2,IDEALPRO-001,IDEALPRO-1-428390,MARKET,BUY,100000.00,GTC,False,False,100000.00,TAKER,1.15421,0.0,['2.31 USD'],NO_TRIGGER,FILLED,OTO,OL-20250730-103000-001-V2-1346,"['O-20250730-103000-001-V2-4037', 'O-20250730-103000-001-V2-4038']",,,,,['V2_POS1'],c8966eec-b860-433f-b75c-3f701efeeb72,1753871400000000000,1753871400000000000,,,,,,,
O-20250730-103000-001-V2-4037,BACKTESTER-001,MLSignalStrategyV2-V2,EUR/USD.IDEALPRO,IDEALPRO-1-4037,EUR/USD.IDEALPRO-MLSignalStrategyV2-V2,IDEALPRO-001,IDEALPRO-1-428407,STOP_MARKET,SELL,100000.00,GTC,True,False,100000.00,TAKER,1.15361,7.00000000000145e-05,['2.31 USD'],NO_TRIGGER,FILLED,OUO,OL-20250730-103000-001-V2-1346,['O-20250730-103000-001-V2-4038'],O-20250730-103000-001-V2-4036,,,,['V2_POS1_SL'],a256e06f-9ce3-46e9-b6e1-e778053d4bb4,1753871400000000000,1753871880000000000,1.15368,DEFAULT,,,,,
O-20250730-103000-001-V2-4038,BACKTESTER-001,MLSignalStrategyV2-V2,EUR/USD.IDEALPRO,IDEALPRO-1-4038,EUR/USD.IDEALPRO-MLSignalStrategyV2-V2,IDEALPRO-001,,LIMIT,SELL,100000.00,GTC,True,False,0.00,NO_LIQUIDITY_SIDE,,,,NO_TRIGGER,CANCELED,OUO,OL-20250730-103000-001-V2-1346,['O-20250730-103000-001-V2-4037'],O-20250730-103000-001-V2-4036,,,,['V2_POS1_TP'],77b515f5-2f7b-4a2a-b7d7-2218a17f0122,1753871400000000000,1753871880000000000,,,,,1.15474,False,
O-20250730-104500-001-V2-4039,BACKTESTER-001,MLSignalStrategyV2-V2,EUR/USD.IDEALPRO,IDEALPRO-1-4039,EUR/USD.IDEALPRO-MLSignalStrategyV2-V2,IDEALPRO-001,IDEALPRO-1-428422,MARKET,BUY,100000.00,GTC,False,False,100000.00,TAKER,1.15396,0.0,['2.31 USD'],NO_TRIGGER,FILLED,OTO,OL-20250730-104500-001-V2-1347,"['O-20250730-104500-001-V2-4040', 'O-20250730-104500-001-V2-4041']",,,,,['V2_POS1'],3cc5b2dd-88c5-4682-9b60-6c49a930b359,1753872300000000000,1753872300000000000,,,,,,,
O-20250730-104500-001-V2-4040,BACKTESTER-001,MLSignalStrategyV2-V2,EUR/USD.IDEALPRO,IDEALPRO-1-4040,EUR/USD.IDEALPRO-MLSignalStrategyV2-V2,IDEALPRO-001,IDEALPRO-1-428471,STOP_MARKET,SELL,100000.00,GTC,True,False,100000.00,TAKER,1.15305,0.0003300000000001635,['2.31 USD'],NO_TRIGGER,FILLED,OUO,OL-20250730-104500-001-V2-1347,['O-20250730-104500-001-V2-4041'],O-20250730-104500-001-V2-4039,,,,['V2_POS1_SL'],d82ce72a-6375-4c29-b2b4-00a79931ec7d,1753872300000000000,1753873740000000000,1.15338,DEFAULT,,,,,
O-20250730-104500-001-V2-4041,BACKTESTER-001,MLSignalStrategyV2-V2,EUR/USD.IDEALPRO,IDEALPRO-1-4041,EUR/USD.IDEALPRO-MLSignalStrategyV2-V2,IDEALPRO-001,,LIMIT,SELL,100000.00,GTC,True,False,0.00,NO_LIQUIDITY_SIDE,,,,NO_TRIGGER,CANCELED,OUO,OL-20250730-104500-001-V2-1347,['O-20250730-104500-001-V2-4040'],O-20250730-104500-001-V2-4039,,,,['V2_POS1_TP'],4d63d351-1a8e-41d5-9fdf-5c1d40742fee,1753872300000000000,1753873740000000000,,,,,1.15454,False,
O-20250730-144500-001-V2-4042,BACKTESTER-001,MLSignalStrategyV2-V2,EUR/USD.IDEALPRO,IDEALPRO-1-4042,EUR/USD.IDEALPRO-MLSignalStrategyV2-V2,IDEALPRO-001,IDEALPRO-1-428904,MARKET,BUY,100000.00,GTC,False,False,100000.00,TAKER,1.14769,0.0,['2.30 USD'],NO_TRIGGER,FILLED,OTO,OL-20250730-144500-001-V2-1348,"['O-20250730-144500-001-V2-4043', 'O-20250730-144500-001-V2-4044']",,,,,['V2_POS1'],6195763d-6364-4a52-8e9f-bbc16613b7c4,1753886700000000000,1753886700000000000,,,,,,,
O-20250730-144500-001-V2-4043,BACKTESTER-001,MLSignalStrategyV2-V2,EUR/USD.IDEALPRO,IDEALPRO-1-4043,EUR/USD.IDEALPRO-MLSignalStrategyV2-V2,IDEALPRO-001,IDEALPRO-1-429039,STOP_MARKET,SELL,100000.00,GTC,True,False,100000.00,TAKER,1.14666,5.999999999994898e-05,['2.29 USD'],NO_TRIGGER,FILLED,OUO,OL-20250730-144500-001-V2-1348,['O-20250730-144500-001-V2-4044'],O-20250730-144500-001-V2-4042,,,,['V2_POS1_SL'],7d8b94ed-9ce5-4e1f-8fae-577f04e12609,1753886700000000000,1753890720000000000,1.14672,DEFAULT,,,,,
O-20250730-144500-001-V2-4044,BACKTESTER-001,MLSignalStrategyV2-V2,EUR/USD.IDEALPRO,IDEALPRO-1-4044,EUR/USD.IDEALPRO-MLSignalStrategyV2-V2,IDEALPRO-001,,LIMIT,SELL,100000.00,GTC,True,False,0.00,NO_LIQUIDITY_SIDE,,,,NO_TRIGGER,CANCELED,OUO,OL-20250730-144500-001-V2-1348,['O-20250730-144500-001-V2-4043'],O-20250730-144500-001-V2-4042,,,,['V2_POS1_TP'],bba1d5a0-ac95-448b-b0af-0838e592a9fd,1753886700000000000,1753890720000000000,,,,,1.14866,False,
O-20250730-160000-001-V2-4045,BACKTESTER-001,MLSignalStrategyV2-V2,EUR/USD.IDEALPRO,IDEALPRO-1-4045,EUR/USD.IDEALPRO-MLSignalStrategyV2-V2,IDEALPRO-001,IDEALPRO-1-429056,MARKET,BUY,100000.00,GTC,False,False,100000.00,TAKER,1.14689,0.0,['2.29 USD'],NO_TRIGGER,FILLED,OTO,OL-20250730-160000-001-V2-1349,"['O-20250730-160000-001-V2-4046', 'O-20250730-160000-001-V2-4047']",,,,,['V2_POS1'],7e8e5d1d-1ed2-4f26-b4de-1aaad03598b1,1753891200000000000,1753891200000000000,,,,,,,
O-20250730-160000-001-V2-4046,BACKTESTER-001,MLSignalStrategyV2-V2,EUR/USD.IDEALPRO,IDEALPRO-1-4046,EUR/USD.IDEALPRO-MLSignalStrategyV2-V2,IDEALPRO-001,,STOP_MARKET,SELL,100000.00,GTC,True,False,0.00,NO_LIQUIDITY_SIDE,,,,NO_TRIGGER,CANCELED,OUO,OL-20250730-160000-001-V2-1349,['O-20250730-160000-001-V2-4047'],O-20250730-160000-001-V2-4045,,,,['V2_POS1_SL'],efb3c171-95c9-4ee5-b449-2a57b1a2df74,1753891200000000000,1753895160000000000,1.14607,DEFAULT,,,,,
O-20250730-160000-001-V2-4047,BACKTESTER-001,MLSignalStrategyV2-V2,EUR/USD.IDEALPRO,IDEALPRO-1-4047,EUR/USD.IDEALPRO-MLSignalStrategyV2-V2,IDEALPRO-001,IDEALPRO-1-429189,LIMIT,SELL,100000.00,GTC,True,False,100000.00,MAKER,1.14778,-8.999999999992347e-05,['2.30 USD'],NO_TRIGGER,FILLED,OUO,OL-20250730-160000-001-V2-1349,['O-20250730-160000-001-V2-4046'],O-20250730-160000-001-V2-4045,,,,['V2_POS1_TP'],33eb39e0-149e-4869-9f26-18bd367203f3,1753891200000000000,1753895160000000000,,,,,1.14769,False,
O-20250730-200000-001-V2-4048,BACKTESTER-001,MLSignalStrategyV2-V2,EUR/USD.IDEALPRO,IDEALPRO-1-4048,EUR/USD.IDEALPRO-MLSignalStrategyV2-V2,IDEALPRO-001,IDEALPRO-1-429538,MARKET,BUY,100000.00,GTC,False,False,100000.00,TAKER,1.1424,0.0,['2.28 USD'],NO_TRIGGER,FILLED,OTO,OL-20250730-200000-001-V2-1350,"['O-20250730-200000-001-V2-4049', 'O-20250730-200000-001-V2-4050']",,,,,['V2_POS1'],137a348c-21ac-48b9-8470-2e5ac5191f10,1753905600000000000,1753905600000000000,,,,,,,
O-20250730-200000-001-V2-4049,BACKTESTER-001,MLSignalStrategyV2-V2,EUR/USD.IDEALPRO,IDEALPRO-1-4049,EUR/USD.IDEALPRO-MLSignalStrategyV2-V2,IDEALPRO-001,IDEALPRO-1-429585,STOP_MARKET,SELL,100000.00,GTC,True,False,100000.00,TAKER,1.14106,4.0000000000040004e-05,['2.28 USD'],NO_TRIGGER,FILLED,OUO,OL-20250730-200000-001-V2-1350,['O-20250730-200000-001-V2-4050'],O-20250730-200000-001-V2-4048,,,,['V2_POS1_SL'],84d8f3cc-e0ff-4206-b68e-8c2873c05c76,1753905600000000000,1753906980000000000,1.14110,DEFAULT,,,,,
O-20250730-200000-001-V2-4050,BACKTESTER-001,MLSignalStrategyV2-V2,EUR/USD.IDEALPRO,IDEALPRO-1-4050,EUR/USD.IDEALPRO-MLSignalStrategyV2-V2,IDEALPRO-001,,LIMIT,SELL,100000.00,GTC,True,False,0.00,NO_LIQUIDITY_SIDE,,,,NO_TRIGGER,CANCELED,OUO,OL-20250730-200000-001-V2-1350,['O-20250730-200000-001-V2-4049'],O-20250730-200000-001-V2-4048,,,,['V2_POS1_TP'],f44e34c2-4167-4a9a-9353-7e1e55a2a894,1753905600000000000,1753906980000000000,,,,,1.14370,False,
O-20250730-203000-001-V2-4051,BACKTESTER-001,MLSignalStrategyV2-V2,EUR/USD.IDEALPRO,IDEALPRO-1-4051,EUR/USD.IDEALPRO-MLSignalStrategyV2-V2,IDEALPRO-001,IDEALPRO-1-429600,MARKET,BUY,100000.00,GTC,False,False,100000.00,TAKER,1.1406,0.0,['2.28 USD'],NO_TRIGGER,FILLED,OTO,OL-20250730-203000-001-V2-1351,"['O-20250730-203000-001-V2-4052', 'O-20250730-203000-001-V2-4053']",,,,,['V2_POS1'],5f0d997d-39de-4abb-91fc-be63dc98c4ef,1753907400000000000,1753907400000000000,,,,,,,
O-20250730-203000-001-V2-4052,BACKTESTER-001,MLSignalStrategyV2-V2,EUR/USD.IDEALPRO,IDEALPRO-1-4052,EUR/USD.IDEALPRO-MLSignalStrategyV2-V2,IDEALPRO-001,,STOP_MARKET,SELL,100000.00,GTC,True,False,0.00,NO_LIQUIDITY_SIDE,,,,NO_TRIGGER,CANCELED,OUO,OL-20250730-203000-001-V2-1351,['O-20250730-203000-001-V2-4053'],O-20250730-203000-001-V2-4051,,,,['V2_POS1_SL'],160fa3c4-2330-43a3-930b-2d5c20ea444f,1753907400000000000,1753913820000000000,1.13937,DEFAULT,,,,,
O-20250730-203000-001-V2-4053,BACKTESTER-001,MLSignalStrategyV2-V2,EUR/USD.IDEALPRO,IDEALPRO-1-4053,EUR/USD.IDEALPRO-MLSignalStrategyV2-V2,IDEALPRO-001,IDEALPRO-1-429785,LIMIT,SELL,100000.00,GTC,True,False,100000.00,MAKER,1.1419,-7.00000000000145e-05,['2.28 USD'],NO_TRIGGER,FILLED,OUO,OL-20250730-203000-001-V2-1351,['O-20250730-203000-001-V2-4052'],O-20250730-203000-001-V2-4051,,,,['V2_POS1_TP'],aadc4848-bcd8-44c9-95f8-2e93d7908a77,1753907400000000000,1753913820000000000,,,,,1.14183,False,
O-20250730-230000-001-V2-4054,BACKTESTER-001,MLSignalStrategyV2-V2,EUR/USD.IDEALPRO,IDEALPRO-1-4054,EUR/USD.IDEALPRO-MLSignalStrategyV2-V2,IDEALPRO-001,IDEALPRO-1-429872,MARKET,BUY,100000.00,GTC,False,False,100000.00,TAKER,1.14231,0.0,['2.28 USD'],NO_TRIGGER,FILLED,OTO,OL-20250730-230000-001-V2-1352,"['O-20250730-230000-001-V2-4055', 'O-20250730-230000-001-V2-4056']",,,,,['V2_POS1'],b1ff51cc-874f-4289-9e8d-eacb8a17b8c0,1753916400000000000,1753916400000000000,,,,,,,
O-20250730-230000-001-V2-4055,BACKTESTER-001,MLSignalStrategyV2-V2,EUR/USD.IDEALPRO,IDEALPRO-1-4055,EUR/USD.IDEALPRO-MLSignalStrategyV2-V2,IDEALPRO-001,,STOP_MARKET,SELL,100000.00,GTC,True,False,0.00,NO_LIQUIDITY_SIDE,,,,NO_TRIGGER,CANCELED,OUO,OL-20250730-230000-001-V2-1352,['O-20250730-230000-001-V2-4056'],O-20250730-230000-001-V2-4054,,,,['V2_POS1_SL'],6d96c223-e493-467e-b911-11b689ffdcbc,1753916400000000000,1753919340000000000,1.14163,DEFAULT,,,,,
O-20250730-230000-001-V2-4056,BACKTESTER-001,MLSignalStrategyV2-V2,EUR/USD.IDEALPRO,IDEALPRO-1-4056,EUR/USD.IDEALPRO-MLSignalStrategyV2-V2,IDEALPRO-001,IDEALPRO-1-429971,LIMIT,SELL,100000.00,GTC,True,False,100000.00,MAKER,1.14304,-7.00000000000145e-05,['2.29 USD'],NO_TRIGGER,FILLED,OUO,OL-20250730-230000-001-V2-1352,['O-20250730-230000-001-V2-4055'],O-20250730-230000-001-V2-4054,,,,['V2_POS1_TP'],9b7479cc-19e8-4406-9bda-f887dde3ae79,1753916400000000000,1753919340000000000,,,,,1.14297,False,
O-20250731-000000-001-V2-4057,BACKTESTER-001,MLSignalStrategyV2-V2,EUR/USD.IDEALPRO,IDEALPRO-1-4057,EUR/USD.IDEALPRO-MLSignalStrategyV2-V2,IDEALPRO-001,IDEALPRO-1-429994,MARKET,BUY,100000.00,GTC,False,False,100000.00,TAKER,1.14282,0.0,['2.29 USD'],NO_TRIGGER,FILLED,OTO,OL-20250731-000000-001-V2-1353,"['O-20250731-000000-001-V2-4058', 'O-20250731-000000-001-V2-4059']",,,,,['V2_POS1'],d80a4ac1-3d1e-42db-8f3e-dad54e50166c,1753920000000000000,1753920000000000000,,,,,,,
O-20250731-000000-001-V2-4058,BACKTESTER-001,MLSignalStrategyV2-V2,EUR/USD.IDEALPRO,IDEALPRO-1-4058,EUR/USD.IDEALPRO-MLSignalStrategyV2-V2,IDEALPRO-001,,STOP_MARKET,SELL,100000.00,GTC,True,False,0.00,NO_LIQUIDITY_SIDE,,,,NO_TRIGGER,CANCELED,OUO,OL-20250731-000000-001-V2-1353,['O-20250731-000000-001-V2-4059'],O-20250731-000000-001-V2-4057,,,,['V2_POS1_SL'],0fc9ab47-e6a5-491e-9da6-32b62ee85d53,1753920000000000000,1753920060000000000,1.14227,DEFAULT,,,,,
O-20250731-000000-001-V2-4059,BACKTESTER-001,MLSignalStrategyV2-V2,EUR/USD.IDEALPRO,IDEALPRO-1-4059,EUR/USD.IDEALPRO-MLSignalStrategyV2-V2,IDEALPRO-001,IDEALPRO-1-429997,LIMIT,SELL,100000.00,GTC,True,False,100000.00,MAKER,1.14335,0.0,['2.29 USD'],NO_TRIGGER,FILLED,OUO,OL-20250731-000000-001-V2-1353,['O-20250731-000000-001-V2-4058'],O-20250731-000000-001-V2-4057,,,,['V2_POS1_TP'],057b1d5b-5b68-4b46-8368-140c8731cf33,1753920000000000000,1753920060000000000,,,,,1.14335,False,
O-20250731-001500-001-V2-4060,BACKTESTER-001,MLSignalStrategyV2-V2,EUR/USD.IDEALPRO,IDEALPRO-1-4060,EUR/USD.IDEALPRO-MLSignalStrategyV2-V2,IDEALPRO-001,IDEALPRO-1-430026,MARKET,BUY,100000.00,GTC,False,False,100000.00,TAKER,1.14347,0.0,['2.29 USD'],NO_TRIGGER,FILLED,OTO,OL-20250731-001500-001-V2-1354,"['O-20250731-001500-001-V2-4061', 'O-20250731-001500-001-V2-4062']",,,,,['V2_POS1'],c358db86-a90c-4d90-9ed9-b375e715bb91,1753920900000000000,1753920900000000000,,,,,,,
O-20250731-001500-001-V2-4061,BACKTESTER-001,MLSignalStrategyV2-V2,EUR/USD.IDEALPRO,IDEALPRO-1-4061,EUR/USD.IDEALPRO-MLSignalStrategyV2-V2,IDEALPRO-001,IDEALPRO-1-430131,STOP_MARKET,SELL,100000.00,GTC,True,False,100000.00,TAKER,1.14274,0.00019999999999997797,['2.29 USD'],NO_TRIGGER,FILLED,OUO,OL-20250731-001500-001-V2-1354,['O-20250731-001500-001-V2-4062'],O-20250731-001500-001-V2-4060,,,,['V2_POS1_SL'],aeb11560-cbca-4786-97b6-8e82c156011d,1753920900000000000,1753924020000000000,1.14294,DEFAULT,,,,,
O-20250731-001500-001-V2-4062,BACKTESTER-001,MLSignalStrategyV2-V2,EUR/USD.IDEALPRO,IDEALPRO-1-4062,EUR/USD.IDEALPRO-MLSignalStrategyV2-V2,IDEALPRO-001,,LIMIT,SELL,100000.00,GTC,True,False,0.00,NO_LIQUIDITY_SIDE,,,,NO_TRIGGER,CANCELED,OUO,OL-20250731-001500-001-V2-1354,['O-20250731-001500-001-V2-4061'],O-20250731-001500-001-V2-4060,,,,['V2_POS1_TP'],d0772622-533e-4ba9-a956-e27d8f12245d,1753920900000000000,1753924020000000000,,,,,1.14398,False,
O-20250731-034500-001-V2-4063,BACKTESTER-001,MLSignalStrategyV2-V2,EUR/USD.IDEALPRO,IDEALPRO-1-4063,EUR/USD.IDEALPRO-MLSignalStrategyV2-V2,IDEALPRO-001,IDEALPRO-1-430448,MARKET,BUY,100000.00,GTC,False,False,100000.00,TAKER,1.14206,0.0,['2.28 USD'],NO_TRIGGER,FILLED,OTO,OL-20250731-034500-001-V2-1355,"['O-20250731-034500-001-V2-4064', 'O-20250731-034500-001-V2-4065']",,,,,['V2_POS1'],776cf39f-f5b7-47f7-b90a-eebda27a3dd5,1753933500000000000,1753933500000000000,,,,,,,
O-20250731-034500-001-V2-4064,BACKTESTER-001,MLSignalStrategyV2-V2,EUR/USD.IDEALPRO,IDEALPRO-1-4064,EUR/USD.IDEALPRO-MLSignalStrategyV2-V2,IDEALPRO-001,,STOP_MARKET,SELL,100000.00,GTC,True,False,0.00,NO_LIQUIDITY_SIDE,,,,NO_TRIGGER,CANCELED,OUO,OL-20250731-034500-001-V2-1355,['O-20250731-034500-001-V2-4065'],O-20250731-034500-001-V2-4063,,,,['V2_POS1_SL'],248d8f68-1a37-49fa-82fc-10ce26129cae,1753933500000000000,1753936800000000000,1.14129,DEFAULT,,,,,
O-20250731-034500-001-V2-4065,BACKTESTER-001,MLSignalStrategyV2-V2,EUR/USD.IDEALPRO,IDEALPRO-1-4065,EUR/USD.IDEALPRO-MLSignalStrategyV2-V2,IDEALPRO-001,IDEALPRO-1-430559,LIMIT,SELL,100000.00,GTC,True,False,100000.00,MAKER,1.14283,0.0,['2.29 USD'],NO_TRIGGER,FILLED,OUO,OL-20250731-034500-001-V2-1355,['O-20250731-034500-001-V2-4064'],O-20250731-034500-001-V2-4063,,,,['V2_POS1_TP'],359250fd-2c0f-4fa6-a798-005cad255f4c,1753933500000000000,1753936800000000000,,,,,1.14283,False,
O-20250731-131500-001-V2-4066,BACKTESTER-001,MLSignalStrategyV2-V2,EUR/USD.IDEALPRO,IDEALPRO-1-4066,EUR/USD.IDEALPRO-MLSignalStrategyV2-V2,IDEALPRO-001,IDEALPRO-1-431590,MARKET,BUY,100000.00,GTC,False,False,100000.00,TAKER,1.14169,0.0,['2.28 USD'],NO_TRIGGER,FILLED,OTO,OL-20250731-131500-001-V2-1356,"['O-20250731-131500-001-V2-4067', 'O-20250731-131500-001-V2-4068']",,,,,['V2_POS1'],5ad8faeb-aba1-4544-8208-1f851c6b9543,1753967700000000000,1753967700000000000,,,,,,,
O-20250731-131500-001-V2-4067,BACKTESTER-001,MLSignalStrategyV2-V2,EUR/USD.IDEALPRO,IDEALPRO-1-4067,EUR/USD.IDEALPRO-MLSignalStrategyV2-V2,IDEALPRO-001,IDEALPRO-1-431597,STOP_MARKET,SELL,100000.00,GTC,True,False,100000.00,TAKER,1.14073,8.000000000008001e-05,['2.28 USD'],NO_TRIGGER,FILLED,OUO,OL-20250731-131500-001-V2-1356,['O-20250731-131500-001-V2-4068'],O-20250731-131500-001-V2-4066,,,,['V2_POS1_SL'],527f8f77-c755-4b90-8187-2f113127cd94,1753967700000000000,1753967880000000000,1.14081,DEFAULT,,,,,
O-20250731-131500-001-V2-4068,BACKTESTER-001,MLSignalStrategyV2-V2,EUR/USD.IDEALPRO,IDEALPRO-1-4068,EUR/USD.IDEALPRO-MLSignalStrategyV2-V2,IDEALPRO-001,,LIMIT,SELL,100000.00,GTC,True,False,0.00,NO_LIQUIDITY_SIDE,,,,NO_TRIGGER,CANCELED,OUO,OL-20250731-131500-001-V2-1356,['O-20250731-131500-001-V2-4067'],O-20250731-131500-001-V2-4066,,,,['V2_POS1_TP'],8cf979f1-b9c3-44c9-b9d9-26c7fd075b2b,1753967700000000000,1753967880000000000,,,,,1.14257,False,
O-20250731-133000-001-V2-4069,BACKTESTER-001,MLSignalStrategyV2-V2,EUR/USD.IDEALPRO,IDEALPRO-1-4069,EUR/USD.IDEALPRO-MLSignalStrategyV2-V2,IDEALPRO-001,IDEALPRO-1-431622,MARKET,BUY,100000.00,GTC,False,False,100000.00,TAKER,1.14095,0.0,['2.28 USD'],NO_TRIGGER,FILLED,OTO,OL-20250731-133000-001-V2-1357,"['O-20250731-133000-001-V2-4070', 'O-20250731-133000-001-V2-4071']",,,,,['V2_POS1'],46190c37-ad22-419e-9b29-b9673af4a6c7,1753968600000000000,1753968600000000000,,,,,,,
O-20250731-133000-001-V2-4070,BACKTESTER-001,MLSignalStrategyV2-V2,EUR/USD.IDEALPRO,IDEALPRO-1-4070,EUR/USD.IDEALPRO-MLSignalStrategyV2-V2,IDEALPRO-001,,STOP_MARKET,SELL,100000.00,GTC,True,False,0.00,NO_LIQUIDITY_SIDE,,,,NO_TRIGGER,CANCELED,OUO,OL-20250731-133000-001-V2-1357,['O-20250731-133000-001-V2-4071'],O-20250731-133000-001-V2-4069,,,,['V2_POS1_SL'],9988053d-6dc3-4737-bed6-6202427e9286,1753968600000000000,1753971300000000000,1.14000,DEFAULT,,,,,
O-20250731-133000-001-V2-4071,BACKTESTER-001,MLSignalStrategyV2-V2,EUR/USD.IDEALPRO,IDEALPRO-1-4071,EUR/USD.IDEALPRO-MLSignalStrategyV2-V2,IDEALPRO-001,IDEALPRO-1-431713,LIMIT,SELL,100000.00,GTC,True,False,100000.00,MAKER,1.14225,-0.00036999999999998145,['2.28 USD'],NO_TRIGGER,FILLED,OUO,OL-20250731-133000-001-V2-1357,['O-20250731-133000-001-V2-4070'],O-20250731-133000-001-V2-4069,,,,['V2_POS1_TP'],62076ccc-0181-4c29-9d39-a4920c02c850,1753968600000000000,1753971300000000000,,,,,1.14188,False,
O-20250731-184500-001-V2-4072,BACKTESTER-001,MLSignalStrategyV2-V2,EUR/USD.IDEALPRO,IDEALPRO-1-4072,EUR/USD.IDEALPRO-MLSignalStrategyV2-V2,IDEALPRO-001,IDEALPRO-1-432255,MARKET,BUY,100000.00,GTC,False,False,100000.00,TAKER,1.14293,0.0,['2.29 USD'],NO_TRIGGER,FILLED,OTO,OL-20250731-184500-001-V2-1358,"['O-20250731-184500-001-V2-4073', 'O-20250731-184500-001-V2-4074']",,,,,['V2_POS1'],f938cc64-d0e2-4e6c-9bb9-f25be37aff1a,1753987500000000000,1753987500000000000,,,,,,,
O-20250731-184500-001-V2-4073,BACKTESTER-001,MLSignalStrategyV2-V2,EUR/USD.IDEALPRO,IDEALPRO-1-4073,EUR/USD.IDEALPRO-MLSignalStrategyV2-V2,IDEALPRO-001,IDEALPRO-1-432277,STOP_MARKET,SELL,100000.00,GTC,True,False,100000.00,TAKER,1.14228,2.999999999997449e-05,['2.28 USD'],NO_TRIGGER,FILLED,OUO,OL-20250731-184500-001-V2-1358,['O-20250731-184500-001-V2-4074'],O-20250731-184500-001-V2-4072,,,,['V2_POS1_SL'],0f6a89d3-4b23-45d4-bbc2-bbefee0e6906,1753987500000000000,1753988160000000000,1.14231,DEFAULT,,,,,
O-20250731-184500-001-V2-4074,BACKTESTER-001,MLSignalStrategyV2-V2,EUR/USD.IDEALPRO,IDEALPRO-1-4074,EUR/USD.IDEALPRO-MLSignalStrategyV2-V2,IDEALPRO-001,,LIMIT,SELL,100000.00,GTC,True,False,0.00,NO_LIQUIDITY_SIDE,,,,NO_TRIGGER,CANCELED,OUO,OL-20250731-184500-001-V2-1358,['O-20250731-184500-001-V2-4073'],O-20250731-184500-001-V2-4072,,,,['V2_POS1_TP'],36bef690-c6a9-4a0e-83fc-288be0b6dc18,1753987500000000000,1753988160000000000,,,,,1.14353,False,
O-20250731-190000-001-V2-4075,BACKTESTER-001,MLSignalStrategyV2-V2,EUR/USD.IDEALPRO,IDEALPRO-1-4075,EUR/USD.IDEALPRO-MLSignalStrategyV2-V2,IDEALPRO-001,IDEALPRO-1-432286,MARKET,BUY,100000.00,GTC,False,False,100000.00,TAKER,1.14267,0.0,['2.29 USD'],NO_TRIGGER,FILLED,OTO,OL-20250731-190000-001-V2-1359,"['O-20250731-190000-001-V2-4076', 'O-20250731-190000-001-V2-4077']",,,,,['V2_POS1'],a3c1c2a0-3f41-4737-9775-2520f256cc7c,1753988400000000000,1753988400000000000,,,,,,,
O-20250731-190000-001-V2-4076,BACKTESTER-001,MLSignalStrategyV2-V2,EUR/USD.IDEALPRO,IDEALPRO-1-4076,EUR/USD.IDEALPRO-MLSignalStrategyV2-V2,IDEALPRO-001,IDEALPRO-1-432395,STOP_MARKET,SELL,100000.00,GTC,True,False,100000.00,TAKER,1.14202,2.999999999997449e-05,['2.28 USD'],NO_TRIGGER,FILLED,OUO,OL-20250731-190000-001-V2-1359,['O-20250731-190000-001-V2-4077'],O-20250731-190000-001-V2-4075,,,,['V2_POS1_SL'],b36a2c77-269c-49eb-b1a8-f61c490cb84f,1753988400000000000,1753991640000000000,1.14205,DEFAULT,,,,,
O-20250731-190000-001-V2-4077,BACKTESTER-001,MLSignalStrategyV2-V2,EUR/USD.IDEALPRO,IDEALPRO-1-4077,EUR/USD.IDEALPRO-MLSignalStrategyV2-V2,IDEALPRO-001,,LIMIT,SELL,100000.00,GTC,True,False,0.00,NO_LIQUIDITY_SIDE,,,,NO_TRIGGER,CANCELED,OUO,OL-20250731-190000-001-V2-1359,['O-20250731-190000-001-V2-4076'],O-20250731-190000-001-V2-4075,,,,['V2_POS1_TP'],5c50f003-88e5-4fcf-b6b2-76b8d8bec89b,1753988400000000000,1753991640000000000,,,,,1.14329,False,
O-20250731-210000-001-V2-4078,BACKTESTER-001,MLSignalStrategyV2-V2,EUR/USD.IDEALPRO,IDEALPRO-1-4078,EUR/USD.IDEALPRO-MLSignalStrategyV2-V2,IDEALPRO-001,IDEALPRO-1-432528,MARKET,SELL,100000.00,GTC,False,False,100000.00,TAKER,1.14151,0.0,['2.28 USD'],NO_TRIGGER,FILLED,OTO,OL-20250731-210000-001-V2-1360,"['O-20250731-210000-001-V2-4079', 'O-20250731-210000-001-V2-4080']",,,,,['V2_POS1'],63e8f4db-aa1c-4f95-bc91-ff6bc738adf0,1753995600000000000,1753995600000000000,,,,,,,
O-20250731-210000-001-V2-4079,BACKTESTER-001,MLSignalStrategyV2-V2,EUR/USD.IDEALPRO,IDEALPRO-1-4079,EUR/USD.IDEALPRO-MLSignalStrategyV2-V2,IDEALPRO-001,IDEALPRO-1-432683,STOP_MARKET,BUY,100000.00,GTC,True,False,100000.00,TAKER,1.14216,8.000000000008001e-05,['2.28 USD'],NO_TRIGGER,FILLED,OUO,OL-20250731-210000-001-V2-1360,['O-20250731-210000-001-V2-4080'],O-20250731-210000-001-V2-4078,,,,['V2_POS1_SL'],81e4c3a9-98c3-48ed-b614-6bb1a1b2be0c,1753995600000000000,1754001120000000000,1.14208,DEFAULT,,,,,
O-20250731-210000-001-V2-4080,BACKTESTER-001,MLSignalStrategyV2-V2,EUR/USD.IDEALPRO,IDEALPRO-1-4080,EUR/USD.IDEALPRO-MLSignalStrategyV2-V2,IDEALPRO-001,,LIMIT,BUY,100000.00,GTC,True,False,0.00,NO_LIQUIDITY_SIDE,,,,NO_TRIGGER,CANCELED,OUO,OL-20250731-210000-001-V2-1360,['O-20250731-210000-001-V2-4079'],O-20250731-210000-001-V2-4078,,,,['V2_POS1_TP'],3c0f8162-0fdf-4044-8a7a-9671892bd9e4,1753995600000000000,1754001120000000000,,,,,1.14094,False,
O-20250801-020000-001-V2-4081,BACKTESTER-001,MLSignalStrategyV2-V2,EUR/USD.IDEALPRO,IDEALPRO-1-4081,EUR/USD.IDEALPRO-MLSignalStrategyV2-V2,IDEALPRO-001,IDEALPRO-1-433100,MARKET,BUY,100000.00,GTC,False,False,100000.00,TAKER,1.14071,0.0,['2.28 USD'],NO_TRIGGER,FILLED,OTO,OL-20250801-020000-001-V2-1361,"['O-20250801-020000-001-V2-4082', 'O-20250801-020000-001-V2-4083']",,,,,['V2_POS1'],6f72ac41-9ec0-48ee-add8-b6f6bdc4cda5,1754013600000000000,1754013600000000000,,,,,,,
O-20250801-020000-001-V2-4082,BACKTESTER-001,MLSignalStrategyV2-V2,EUR/USD.IDEALPRO,IDEALPRO-1-4082,EUR/USD.IDEALPRO-MLSignalStrategyV2-V2,IDEALPRO-001,,STOP_MARKET,SELL,100000.00,GTC,True,False,0.00,NO_LIQUIDITY_SIDE,,,,NO_TRIGGER,CANCELED,OUO,OL-20250801-020000-001-V2-1361,['O-20250801-020000-001-V2-4083'],O-20250801-020000-001-V2-4081,,,,['V2_POS1_SL'],a400b88f-4c83-470a-9920-44e3a5fccc27,1754013600000000000,1754013840000000000,1.14007,DEFAULT,,,,,
O-20250801-020000-001-V2-4083,BACKTESTER-001,MLSignalStrategyV2-V2,EUR/USD.IDEALPRO,IDEALPRO-1-4083,EUR/USD.IDEALPRO-MLSignalStrategyV2-V2,IDEALPRO-001,IDEALPRO-1-433109,LIMIT,SELL,100000.00,GTC,True,False,100000.00,MAKER,1.14137,-1.999999999990898e-05,['2.28 USD'],NO_TRIGGER,FILLED,OUO,OL-20250801-020000-001-V2-1361,['O-20250801-020000-001-V2-4082'],O-20250801-020000-001-V2-4081,,,,['V2_POS1_TP'],f2c433b9-e46c-4c51-ab07-cb47c1a749b8,1754013600000000000,1754013840000000000,,,,,1.14135,False,
O-20250801-024500-001-V2-4084,BACKTESTER-001,MLSignalStrategyV2-V2,EUR/USD.IDEALPRO,IDEALPRO-1-4084,EUR/USD.IDEALPRO-MLSignalStrategyV2-V2,IDEALPRO-001,IDEALPRO-1-433192,MARKET,SELL,100000.00,GTC,False,False,100000.00,TAKER,1.1408,0.0,['2.28 USD'],NO_TRIGGER,FILLED,OTO,OL-20250801-024500-001-V2-1362,"['O-20250801-024500-001-V2-4085', 'O-20250801-024500-001-V2-4086']",,,,,['V2_POS1'],3269e37d-88c9-4ee7-bce9-1584cae8bd73,1754016300000000000,1754016300000000000,,,,,,,
O-20250801-024500-001-V2-4085,BACKTESTER-001,MLSignalStrategyV2-V2,EUR/USD.IDEALPRO,IDEALPRO-1-4085,EUR/USD.IDEALPRO-MLSignalStrategyV2-V2,IDEALPRO-001,IDEALPRO-1-433229,STOP_MARKET,BUY,100000.00,GTC,True,False,100000.00,TAKER,1.14154,0.000140000000000029,['2.28 USD'],NO_TRIGGER,FILLED,OUO,OL-20250801-024500-001-V2-1362,['O-20250801-024500-001-V2-4086'],O-20250801-024500-001-V2-4084,,,,['V2_POS1_SL'],4f53bd17-0610-4699-86e0-73a50e0052c8,1754016300000000000,1754017380000000000,1.14140,DEFAULT,,,,,
O-20250801-024500-001-V2-4086,BACKTESTER-001,MLSignalStrategyV2-V2,EUR/USD.IDEALPRO,IDEALPRO-1-4086,EUR/USD.IDEALPRO-MLSignalStrategyV2-V2,IDEALPRO-001,,LIMIT,BUY,100000.00,GTC,True,False,0.00,NO_LIQUIDITY_SIDE,,,,NO_TRIGGER,CANCELED,OUO,OL-20250801-024500-001-V2-1362,['O-20250801-024500-001-V2-4085'],O-20250801-024500-001-V2-4084,,,,['V2_POS1_TP'],af3d8c45-d25f-4a56-a6aa-9975dca7f3f5,1754016300000000000,1754017380000000000,,,,,1.14022,False,
O-20250801-131500-001-V2-4087,BACKTESTER-001,MLSignalStrategyV2-V2,EUR/USD.IDEALPRO,IDEALPRO-1-4087,EUR/USD.IDEALPRO-MLSignalStrategyV2-V2,IDEALPRO-001,IDEALPRO-1-434454,MARKET,SELL,100000.00,GTC,False,False,100000.00,TAKER,1.15647,0.0,['2.31 USD'],NO_TRIGGER,FILLED,OTO,OL-20250801-131500-001-V2-1363,"['O-20250801-131500-001-V2-4088', 'O-20250801-131500-001-V2-4089']",,,,,['V2_POS1'],32ae19c2-86d9-4f31-b2ec-a237287db3b8,1754054100000000000,1754054100000000000,,,,,,,
O-20250801-131500-001-V2-4088,BACKTESTER-001,MLSignalStrategyV2-V2,EUR/USD.IDEALPRO,IDEALPRO-1-4088,EUR/USD.IDEALPRO-MLSignalStrategyV2-V2,IDEALPRO-001,IDEALPRO-1-434547,STOP_MARKET,BUY,100000.00,GTC,True,False,100000.00,TAKER,1.15884,0.00013000000000018552,['2.32 USD'],NO_TRIGGER,FILLED,OUO,OL-20250801-131500-001-V2-1363,['O-20250801-131500-001-V2-4089'],O-20250801-131500-001-V2-4087,,,,['V2_POS1_SL'],bc5ffb50-4e5b-4d05-bbb4-da74749a31d3,1754054100000000000,1754056860000000000,1.15871,DEFAULT,,,,,
O-20250801-131500-001-V2-4089,BACKTESTER-001,MLSignalStrategyV2-V2,EUR/USD.IDEALPRO,IDEALPRO-1-4089,EUR/USD.IDEALPRO-MLSignalStrategyV2-V2,IDEALPRO-001,,LIMIT,BUY,100000.00,GTC,True,False,0.00,NO_LIQUIDITY_SIDE,,,,NO_TRIGGER,CANCELED,OUO,OL-20250801-131500-001-V2-1363,['O-20250801-131500-001-V2-4088'],O-20250801-131500-001-V2-4087,,,,['V2_POS1_TP'],c04e7d2b-e42b-4cea-a6bf-6f3d1ae4d58f,1754054100000000000,1754056860000000000,,,,,1.15425,False,
O-20250801-150000-001-V2-4090,BACKTESTER-001,MLSignalStrategyV2-V2,EUR/USD.IDEALPRO,IDEALPRO-1-4090,EUR/USD.IDEALPRO-MLSignalStrategyV2-V2,IDEALPRO-001,IDEALPRO-1-434666,MARKET,SELL,100000.00,GTC,False,False,100000.00,TAKER,1.1556,0.0,['2.31 USD'],NO_TRIGGER,FILLED,OTO,OL-20250801-150000-001-V2-1364,"['O-20250801-150000-001-V2-4091', 'O-20250801-150000-001-V2-4092']",,,,,['V2_POS1'],ecc1ca4e-6f39-4ecd-aefe-471fe2c168cb,1754060400000000000,1754060400000000000,,,,,,,
O-20250801-150000-001-V2-4091,BACKTESTER-001,MLSignalStrategyV2-V2,EUR/USD.IDEALPRO,IDEALPRO-1-4091,EUR/USD.IDEALPRO-MLSignalStrategyV2-V2,IDEALPRO-001,,STOP_MARKET,BUY,100000.00,GTC,True,False,0.00,NO_LIQUIDITY_SIDE,,,,NO_TRIGGER,CANCELED,OUO,OL-20250801-150000-001-V2-1364,['O-20250801-150000-001-V2-4092'],O-20250801-150000-001-V2-4090,,,,['V2_POS1_SL'],bdc15293-e31b-4711-aa36-0460e5bb453e,1754060400000000000,1754067720000000000,1.15759,DEFAULT,,,,,
O-20250801-150000-001-V2-4092,BACKTESTER-001,MLSignalStrategyV2-V2,EUR/USD.IDEALPRO,IDEALPRO-1-4092,EUR/USD.IDEALPRO-MLSignalStrategyV2-V2,IDEALPRO-001,IDEALPRO-1-434911,LIMIT,BUY,100000.00,GTC,True,False,100000.00,MAKER,1.15354,-7.00000000000145e-05,['2.31 USD'],NO_TRIGGER,FILLED,OUO,OL-20250801-150000-001-V2-1364,['O-20250801-150000-001-V2-4091'],O-20250801-150000-001-V2-4090,,,,['V2_POS1_TP'],802a07da-8c05-43ca-81f6-8861896d414d,1754060400000000000,1754067720000000000,,,,,1.15361,False,
O-20250801-200000-001-V2-4093,BACKTESTER-001,MLSignalStrategyV2-V2,EUR/USD.IDEALPRO,IDEALPRO-1-4093,EUR/USD.IDEALPRO-MLSignalStrategyV2-V2,IDEALPRO-001,IDEALPRO-1-435268,MARKET,SELL,100000.00,GTC,False,False,100000.00,TAKER,1.15691,0.0,['2.31 USD'],NO_TRIGGER,FILLED,OTO,OL-20250801-200000-001-V2-1365,"['O-20250801-200000-001-V2-4094', 'O-20250801-200000-001-V2-4095']",,,,,['V2_POS1'],100bd0d4-a61f-4308-a1b2-f6469f83b8b7,1754078400000000000,1754078400000000000,,,,,,,
O-20250801-200000-001-V2-4094,BACKTESTER-001,MLSignalStrategyV2-V2,EUR/USD.IDEALPRO,IDEALPRO-1-4094,EUR/USD.IDEALPRO-MLSignalStrategyV2-V2,IDEALPRO-001,IDEALPRO-1-435303,STOP_MARKET,BUY,100000.00,GTC,True,False,100000.00,TAKER,1.1583,5.0000000000105516e-05,['2.32 USD'],NO_TRIGGER,FILLED,OUO,OL-20250801-200000-001-V2-1365,['O-20250801-200000-001-V2-4095'],O-20250801-200000-001-V2-4093,,,,['V2_POS1_SL'],3663fad1-b50d-4ae6-9f2c-61e94e38e0a8,1754078400000000000,1754079420000000000,1.15825,DEFAULT,,,,,
O-20250801-200000-001-V2-4095,BACKTESTER-001,MLSignalStrategyV2-V2,EUR/USD.IDEALPRO,IDEALPRO-1-4095,EUR/USD.IDEALPRO-MLSignalStrategyV2-V2,IDEALPRO-001,,LIMIT,BUY,100000.00,GTC,True,False,0.00,NO_LIQUIDITY_SIDE,,,,NO_TRIGGER,CANCELED,OUO,OL-20250801-200000-001-V2-1365,['O-20250801-200000-001-V2-4094'],O-20250801-200000-001-V2-4093,,,,['V2_POS1_TP'],f40aca92-600b-4c3f-8407-db6d08cdab6d,1754078400000000000,1754079420000000000,,,,,1.15557,False,
O-20250801-203000-001-V2-4096,BACKTESTER-001,MLSignalStrategyV2-V2,EUR/USD.IDEALPRO,IDEALPRO-1-4096,EUR/USD.IDEALPRO-MLSignalStrategyV2-V2,IDEALPRO-001,IDEALPRO-1-435330,MARKET,SELL,100000.00,GTC,False,False,100000.00,TAKER,1.15892,0.0,['2.32 USD'],NO_TRIGGER,FILLED,OTO,OL-20250801-203000-001-V2-1366,"['O-20250801-203000-001-V2-4097', 'O-20250801-203000-001-V2-4098']",,,,,['V2_POS1'],87226680-0606-4e43-acc0-e3a55ef27c5e,1754080200000000000,1754080200000000000,,,,,,,
O-20250801-203000-001-V2-4097,BACKTESTER-001,MLSignalStrategyV2-V2,EUR/USD.IDEALPRO,IDEALPRO-1-4097,EUR/USD.IDEALPRO-MLSignalStrategyV2-V2,IDEALPRO-001,,STOP_MARKET,BUY,100000.00,GTC,True,False,0.00,NO_LIQUIDITY_SIDE,,,,NO_TRIGGER,CANCELED,OUO,OL-20250801-203000-001-V2-1366,['O-20250801-203000-001-V2-4098'],O-20250801-203000-001-V2-4096,,,,['V2_POS1_SL'],3349a800-a952-4881-8514-10e5ffa19e72,1754080200000000000,1754266380000000000,1.16017,DEFAULT,,,,,
O-20250801-203000-001-V2-4098,BACKTESTER-001,MLSignalStrategyV2-V2,EUR/USD.IDEALPRO,IDEALPRO-1-4098,EUR/USD.IDEALPRO-MLSignalStrategyV2-V2,IDEALPRO-001,IDEALPRO-1-435747,LIMIT,BUY,100000.00,GTC,True,False,100000.00,MAKER,1.15752,-0.00014999999999987246,['2.32 USD'],NO_TRIGGER,FILLED,OUO,OL-20250801-203000-001-V2-1366,['O-20250801-203000-001-V2-4097'],O-20250801-203000-001-V2-4096,,,,['V2_POS1_TP'],0b62d6ad-9b81-462d-a54b-d64217dfbef8,1754080200000000000,1754266380000000000,,,,,1.15767,False,
O-20250804-020000-001-V2-4099,BACKTESTER-001,MLSignalStrategyV2-V2,EUR/USD.IDEALPRO,IDEALPRO-1-4099,EUR/USD.IDEALPRO-MLSignalStrategyV2-V2,IDEALPRO-001,IDEALPRO-1-435962,MARKET,BUY,100000.00,GTC,False,False,100000.00,TAKER,1.15712,0.0,['2.31 USD'],NO_TRIGGER,FILLED,OTO,OL-20250804-020000-001-V2-1367,"['O-20250804-020000-001-V2-4100', 'O-20250804-020000-001-V2-4101']",,,,,['V2_POS1'],df04f60d-3de4-42ef-b904-ebe924c4a64b,1754272800000000000,1754272800000000000,,,,,,,
O-20250804-020000-001-V2-4100,BACKTESTER-001,MLSignalStrategyV2-V2,EUR/USD.IDEALPRO,IDEALPRO-1-4100,EUR/USD.IDEALPRO-MLSignalStrategyV2-V2,IDEALPRO-001,,STOP_MARKET,SELL,100000.00,GTC,True,False,0.00,NO_LIQUIDITY_SIDE,,,,NO_TRIGGER,CANCELED,OUO,OL-20250804-020000-001-V2-1367,['O-20250804-020000-001-V2-4101'],O-20250804-020000-001-V2-4099,,,,['V2_POS1_SL'],2129e317-f654-430b-8dcf-10f5335dfc86,1754272800000000000,1754276520000000000,1.15635,DEFAULT,,,,,
O-20250804-020000-001-V2-4101,BACKTESTER-001,MLSignalStrategyV2-V2,EUR/USD.IDEALPRO,IDEALPRO-1-4101,EUR/USD.IDEALPRO-MLSignalStrategyV2-V2,IDEALPRO-001,IDEALPRO-1-436087,LIMIT,SELL,100000.00,GTC,True,False,100000.00,MAKER,1.15825,-0.00035999999999991594,['2.32 USD'],NO_TRIGGER,FILLED,OUO,OL-20250804-020000-001-V2-1367,['O-20250804-020000-001-V2-4100'],O-20250804-020000-001-V2-4099,,,,['V2_POS1_TP'],ab385bba-da73-48cd-b17a-abecd7a5e20d,1754272800000000000,1754276520000000000,,,,,1.15789,False,
O-20250804-080000-001-V2-4102,BACKTESTER-001,MLSignalStrategyV2-V2,EUR/USD.IDEALPRO,IDEALPRO-1-4102,EUR/USD.IDEALPRO-MLSignalStrategyV2-V2,IDEALPRO-001,IDEALPRO-1-436685,MARKET,BUY,100000.00,GTC,False,False,100000.00,TAKER,1.15638,0.0,['2.31 USD'],NO_TRIGGER,FILLED,OTO,OL-20250804-080000-001-V2-1368,"['O-20250804-080000-001-V2-4103', 'O-20250804-080000-001-V2-4104']",,,,,['V2_POS1'],27c29c98-63ad-42b0-b3d1-6fc5b07ce82b,1754294400000000000,1754294400000000000,,,,,,,
O-20250804-080000-001-V2-4103,BACKTESTER-001,MLSignalStrategyV2-V2,EUR/USD.IDEALPRO,IDEALPRO-1-4103,EUR/USD.IDEALPRO-MLSignalStrategyV2-V2,IDEALPRO-001,IDEALPRO-1-436755,STOP_MARKET,SELL,100000.00,GTC,True,False,100000.00,TAKER,1.15541,0.00012999999999996348,['2.31 USD'],NO_TRIGGER,FILLED,OUO,OL-20250804-080000-001-V2-1368,['O-20250804-080000-001-V2-4104'],O-20250804-080000-001-V2-4102,,,,['V2_POS1_SL'],c601a341-5365-4e70-a168-08c2a0edc768,1754294400000000000,1754296500000000000,1.15554,DEFAULT,,,,,
O-20250804-080000-001-V2-4104,BACKTESTER-001,MLSignalStrategyV2-V2,EUR/USD.IDEALPRO,IDEALPRO-1-4104,EUR/USD.IDEALPRO-MLSignalStrategyV2-V2,IDEALPRO-001,,LIMIT,SELL,100000.00,GTC,True,False,0.00,NO_LIQUIDITY_SIDE,,,,NO_TRIGGER,CANCELED,OUO,OL-20250804-080000-001-V2-1368,['O-20250804-080000-001-V2-4103'],O-20250804-080000-001-V2-4102,,,,['V2_POS1_TP'],f034e187-6e49-4026-8c42-117b8c231a74,1754294400000000000,1754296500000000000,,,,,1.15722,False,
O-20250804-110000-001-V2-4105,BACKTESTER-001,MLSignalStrategyV2-V2,EUR/USD.IDEALPRO,IDEALPRO-1-4105,EUR/USD.IDEALPRO-MLSignalStrategyV2-V2,IDEALPRO-001,IDEALPRO-1-437047,MARKET,SELL,100000.00,GTC,False,False,100000.00,TAKER,1.15738,0.0,['2.31 USD'],NO_TRIGGER,FILLED,OTO,OL-20250804-110000-001-V2-1369,"['O-20250804-110000-001-V2-4106', 'O-20250804-110000-001-V2-4107']",,,,,['V2_POS1'],179845e5-9596-42b5-af95-2dd50f20f2d8,1754305200000000000,1754305200000000000,,,,,,,
O-20250804-110000-001-V2-4106,BACKTESTER-001,MLSignalStrategyV2-V2,EUR/USD.IDEALPRO,IDEALPRO-1-4106,EUR/USD.IDEALPRO-MLSignalStrategyV2-V2,IDEALPRO-001,IDEALPRO-1-437077,STOP_MARKET,BUY,100000.00,GTC,True,False,100000.00,TAKER,1.15834,0.00014999999999987246,['2.32 USD'],NO_TRIGGER,FILLED,OUO,OL-20250804-110000-001-V2-1369,['O-20250804-110000-001-V2-4107'],O-20250804-110000-001-V2-4105,,,,['V2_POS1_SL'],ee61c9c3-6f3e-4f34-9e59-3b16382c1a91,1754305200000000000,1754306100000000000,1.15819,DEFAULT,,,,,
O-20250804-110000-001-V2-4107,BACKTESTER-001,MLSignalStrategyV2-V2,EUR/USD.IDEALPRO,IDEALPRO-1-4107,EUR/USD.IDEALPRO-MLSignalStrategyV2-V2,IDEALPRO-001,,LIMIT,BUY,100000.00,GTC,True,False,0.00,NO_LIQUIDITY_SIDE,,,,NO_TRIGGER,CANCELED,OUO,OL-20250804-110000-001-V2-1369,['O-20250804-110000-001-V2-4106'],O-20250804-110000-001-V2-4105,,,,['V2_POS1_TP'],ad7c25bc-e928-439b-8717-8d1d04af6dde,1754305200000000000,1754306100000000000,,,,,1.15659,False,
O-20250804-144500-001-V2-4108,BACKTESTER-001,MLSignalStrategyV2-V2,EUR/USD.IDEALPRO,IDEALPRO-1-4108,EUR/USD.IDEALPRO-MLSignalStrategyV2-V2,IDEALPRO-001,IDEALPRO-1-437499,MARKET,SELL,100000.00,GTC,False,False,100000.00,TAKER,1.15745,0.0,['2.31 USD'],NO_TRIGGER,FILLED,OTO,OL-20250804-144500-001-V2-1370,"['O-20250804-144500-001-V2-4109', 'O-20250804-144500-001-V2-4110']",,,,,['V2_POS1'],20a54c26-412d-4cdb-84b5-d21278dc22b5,1754318700000000000,1754318700000000000,,,,,,,
O-20250804-144500-001-V2-4109,BACKTESTER-001,MLSignalStrategyV2-V2,EUR/USD.IDEALPRO,IDEALPRO-1-4109,EUR/USD.IDEALPRO-MLSignalStrategyV2-V2,IDEALPRO-001,,STOP_MARKET,BUY,100000.00,GTC,True,False,0.00,NO_LIQUIDITY_SIDE,,,,NO_TRIGGER,CANCELED,OUO,OL-20250804-144500-001-V2-1370,['O-20250804-144500-001-V2-4110'],O-20250804-144500-001-V2-4108,,,,['V2_POS1_SL'],ab31ff0b-02e0-44db-a584-eca8ea08285e,1754318700000000000,1754319180000000000,1.15845,DEFAULT,,,,,
O-20250804-144500-001-V2-4110,BACKTESTER-001,MLSignalStrategyV2-V2,EUR/USD.IDEALPRO,IDEALPRO-1-4110,EUR/USD.IDEALPRO-MLSignalStrategyV2-V2,IDEALPRO-001,IDEALPRO-1-437515,LIMIT,BUY,100000.00,GTC,True,False,100000.00,MAKER,1.15644,-1.0000000000065512e-05,['2.31 USD'],NO_TRIGGER,FILLED,OUO,OL-20250804-144500-001-V2-1370,['O-20250804-144500-001-V2-4109'],O-20250804-144500-001-V2-4108,,,,['V2_POS1_TP'],3df36b01-6931-4797-b628-491facc0a552,1754318700000000000,1754319180000000000,,,,,1.15645,False,
O-20250804-190000-001-V2-4111,BACKTESTER-001,MLSignalStrategyV2-V2,EUR/USD.IDEALPRO,IDEALPRO-1-4111,EUR/USD.IDEALPRO-MLSignalStrategyV2-V2,IDEALPRO-001,IDEALPRO-1-438011,MARKET,BUY,100000.00,GTC,False,False,100000.00,TAKER,1.15655,0.0,['2.31 USD'],NO_TRIGGER,FILLED,OTO,OL-20250804-190000-001-V2-1371,"['O-20250804-190000-001-V2-4112', 'O-20250804-190000-001-V2-4113']",,,,,['V2_POS1'],563cdce7-b0d8-484c-a290-53748c251895,1754334000000000000,1754334000000000000,,,,,,,
O-20250804-190000-001-V2-4112,BACKTESTER-001,MLSignalStrategyV2-V2,EUR/USD.IDEALPRO,IDEALPRO-1-4112,EUR/USD.IDEALPRO-MLSignalStrategyV2-V2,IDEALPRO-001,,STOP_MARKET,SELL,100000.00,GTC,True,False,0.00,NO_LIQUIDITY_SIDE,,,,NO_TRIGGER,CANCELED,OUO,OL-20250804-190000-001-V2-1371,['O-20250804-190000-001-V2-4113'],O-20250804-190000-001-V2-4111,,,,['V2_POS1_SL'],4703084e-7501-4a12-a79d-7e2ad48feeb0,1754334000000000000,1754335140000000000,1.15590,DEFAULT,,,,,
O-20250804-190000-001-V2-4113,BACKTESTER-001,MLSignalStrategyV2-V2,EUR/USD.IDEALPRO,IDEALPRO-1-4113,EUR/USD.IDEALPRO-MLSignalStrategyV2-V2,IDEALPRO-001,IDEALPRO-1-438049,LIMIT,SELL,100000.00,GTC,True,False,100000.00,MAKER,1.15722,-3.999999999981796e-05,['2.31 USD'],NO_TRIGGER,FILLED,OUO,OL-20250804-190000-001-V2-1371,['O-20250804-190000-001-V2-4112'],O-20250804-190000-001-V2-4111,,,,['V2_POS1_TP'],8eb7d3d4-0264-4d46-ba91-796296b66b2f,1754334000000000000,1754335140000000000,,,,,1.15718,False,
O-20250804-204500-001-V2-4114,BACKTESTER-001,MLSignalStrategyV2-V2,EUR/USD.IDEALPRO,IDEALPRO-1-4114,EUR/USD.IDEALPRO-MLSignalStrategyV2-V2,IDEALPRO-001,IDEALPRO-1-438223,MARKET,BUY,100000.00,GTC,False,False,100000.00,TAKER,1.15724,0.0,['2.31 USD'],NO_TRIGGER,FILLED,OTO,OL-20250804-204500-001-V2-1372,"['O-20250804-204500-001-V2-4115', 'O-20250804-204500-001-V2-4116']",,,,,['V2_POS1'],a22bb5ad-db76-42cf-83c3-c75d8cb68eb0,1754340300000000000,1754340300000000000,,,,,,,
O-20250804-204500-001-V2-4115,BACKTESTER-001,MLSignalStrategyV2-V2,EUR/USD.IDEALPRO,IDEALPRO-1-4115,EUR/USD.IDEALPRO-MLSignalStrategyV2-V2,IDEALPRO-001,,STOP_MARKET,SELL,100000.00,GTC,True,False,0.00,NO_LIQUIDITY_SIDE,,,,NO_TRIGGER,CANCELED,OUO,OL-20250804-204500-001-V2-1372,['O-20250804-204500-001-V2-4116'],O-20250804-204500-001-V2-4114,,,,['V2_POS1_SL'],c7c90bfd-dcaf-4e32-9101-8788adf5bfa5,1754340300000000000,1754345520000000000,1.15672,DEFAULT,,,,,
O-20250804-204500-001-V2-4116,BACKTESTER-001,MLSignalStrategyV2-V2,EUR/USD.IDEALPRO,IDEALPRO-1-4116,EUR/USD.IDEALPRO-MLSignalStrategyV2-V2,IDEALPRO-001,IDEALPRO-1-438367,LIMIT,SELL,100000.00,GTC,True,False,100000.00,MAKER,1.15779,-5.0000000000105516e-05,['2.32 USD'],NO_TRIGGER,FILLED,OUO,OL-20250804-204500-001-V2-1372,['O-20250804-204500-001-V2-4115'],O-20250804-204500-001-V2-4114,,,,['V2_POS1_TP'],5751cc65-ab1b-4867-b383-4e3d6cf37490,1754340300000000000,1754345520000000000,,,,,1.15774,False,
O-20250804-233000-001-V2-4117,BACKTESTER-001,MLSignalStrategyV2-V2,EUR/USD.IDEALPRO,IDEALPRO-1-4117,EUR/USD.IDEALPRO-MLSignalStrategyV2-V2,IDEALPRO-001,IDEALPRO-1-438524,MARKET,SELL,100000.00,GTC,False,False,100000.00,TAKER,1.15848,0.0,['2.32 USD'],NO_TRIGGER,FILLED,OTO,OL-20250804-233000-001-V2-1373,"['O-20250804-233000-001-V2-4118', 'O-20250804-233000-001-V2-4119']",,,,,['V2_POS1'],b2014083-4a29-4c08-af0f-2506def43c9b,1754350200000000000,1754350200000000000,,,,,,,
O-20250804-233000-001-V2-4118,BACKTESTER-001,MLSignalStrategyV2-V2,EUR/USD.IDEALPRO,IDEALPRO-1-4118,EUR/USD.IDEALPRO-MLSignalStrategyV2-V2,IDEALPRO-001,,STOP_MARKET,BUY,100000.00,GTC,True,False,0.00,NO_LIQUIDITY_SIDE,,,,NO_TRIGGER,CANCELED,OUO,OL-20250804-233000-001-V2-1373,['O-20250804-233000-001-V2-4119'],O-20250804-233000-001-V2-4117,,,,['V2_POS1_SL'],2ffdcf38-a47b-4e6f-9752-07ebde9614ce,1754350200000000000,1754353560000000000,1.15889,DEFAULT,,,,,
O-20250804-233000-001-V2-4119,BACKTESTER-001,MLSignalStrategyV2-V2,EUR/USD.IDEALPRO,IDEALPRO-1-4119,EUR/USD.IDEALPRO-MLSignalStrategyV2-V2,IDEALPRO-001,IDEALPRO-1-438637,LIMIT,BUY,100000.00,GTC,True,False,100000.00,MAKER,1.15799,-7.999999999985796e-05,['2.32 USD'],NO_TRIGGER,FILLED,OUO,OL-20250804-233000-001-V2-1373,['O-20250804-233000-001-V2-4118'],O-20250804-233000-001-V2-4117,,,,['V2_POS1_TP'],a627b8de-95e7-43af-835e-0507ed9c1f67,1754350200000000000,1754353560000000000,,,,,1.15807,False,
O-20250805-004500-001-V2-4120,BACKTESTER-001,MLSignalStrategyV2-V2,EUR/USD.IDEALPRO,IDEALPRO-1-4120,EUR/USD.IDEALPRO-MLSignalStrategyV2-V2,IDEALPRO-001,IDEALPRO-1-438676,MARKET,SELL,100000.00,GTC,False,False,100000.00,TAKER,1.15755,0.0,['2.32 USD'],NO_TRIGGER,FILLED,OTO,OL-20250805-004500-001-V2-1374,"['O-20250805-004500-001-V2-4121', 'O-20250805-004500-001-V2-4122']",,,,,['V2_POS1'],b8893bae-b7e8-4e3b-b3a9-9f280c1ab085,1754354700000000000,1754354700000000000,,,,,,,
O-20250805-004500-001-V2-4121,BACKTESTER-001,MLSignalStrategyV2-V2,EUR/USD.IDEALPRO,IDEALPRO-1-4121,EUR/USD.IDEALPRO-MLSignalStrategyV2-V2,IDEALPRO-001,,STOP_MARKET,BUY,100000.00,GTC,True,False,0.00,NO_LIQUIDITY_SIDE,,,,NO_TRIGGER,CANCELED,OUO,OL-20250805-004500-001-V2-1374,['O-20250805-004500-001-V2-4122'],O-20250805-004500-001-V2-4120,,,,['V2_POS1_SL'],62caf3a6-e573-46b8-a1db-d50d00a2308a,1754354700000000000,1754355360000000000,1.15795,DEFAULT,,,,,
O-20250805-004500-001-V2-4122,BACKTESTER-001,MLSignalStrategyV2-V2,EUR/USD.IDEALPRO,IDEALPRO-1-4122,EUR/USD.IDEALPRO-MLSignalStrategyV2-V2,IDEALPRO-001,IDEALPRO-1-438699,LIMIT,BUY,100000.00,GTC,True,False,100000.00,MAKER,1.15712,-5.0000000000105516e-05,['2.31 USD'],NO_TRIGGER,FILLED,OUO,OL-20250805-004500-001-V2-1374,['O-20250805-004500-001-V2-4121'],O-20250805-004500-001-V2-4120,,,,['V2_POS1_TP'],29f6018c-e4af-4b55-97f8-b3b60a77792d,1754354700000000000,1754355360000000000,,,,,1.15717,False,
O-20250805-010000-001-V2-4123,BACKTESTER-001,MLSignalStrategyV2-V2,EUR/USD.IDEALPRO,IDEALPRO-1-4123,EUR/USD.IDEALPRO-MLSignalStrategyV2-V2,IDEALPRO-001,IDEALPRO-1-438708,MARKET,SELL,100000.00,GTC,False,False,100000.00,TAKER,1.1572,0.0,['2.31 USD'],NO_TRIGGER,FILLED,OTO,OL-20250805-010000-001-V2-1375,"['O-20250805-010000-001-V2-4124', 'O-20250805-010000-001-V2-4125']",,,,,['V2_POS1'],9de4d57e-373c-438a-beb2-5878b0e3f104,1754355600000000000,1754355600000000000,,,,,,,
O-20250805-010000-001-V2-4124,BACKTESTER-001,MLSignalStrategyV2-V2,EUR/USD.IDEALPRO,IDEALPRO-1-4124,EUR/USD.IDEALPRO-MLSignalStrategyV2-V2,IDEALPRO-001,,STOP_MARKET,BUY,100000.00,GTC,True,False,0.00,NO_LIQUIDITY_SIDE,,,,NO_TRIGGER,CANCELED,OUO,OL-20250805-010000-001-V2-1375,['O-20250805-010000-001-V2-4125'],O-20250805-010000-001-V2-4123,,,,['V2_POS1_SL'],6dc72879-1156-478f-85ab-19b566bb3b4d,1754355600000000000,1754355900000000000,1.15761,DEFAULT,,,,,
O-20250805-010000-001-V2-4125,BACKTESTER-001,MLSignalStrategyV2-V2,EUR/USD.IDEALPRO,IDEALPRO-1-4125,EUR/USD.IDEALPRO-MLSignalStrategyV2-V2,IDEALPRO-001,IDEALPRO-1-438719,LIMIT,BUY,100000.00,GTC,True,False,100000.00,MAKER,1.15665,-0.00015999999999993797,['2.31 USD'],NO_TRIGGER,FILLED,OUO,OL-20250805-010000-001-V2-1375,['O-20250805-010000-001-V2-4124'],O-20250805-010000-001-V2-4123,,,,['V2_POS1_TP'],7e0d1cc8-1f0b-4e89-aa34-8658a8a588fb,1754355600000000000,1754355900000000000,,,,,1.15681,False,
O-20250805-013000-001-V2-4126,BACKTESTER-001,MLSignalStrategyV2-V2,EUR/USD.IDEALPRO,IDEALPRO-1-4126,EUR/USD.IDEALPRO-MLSignalStrategyV2-V2,IDEALPRO-001,IDEALPRO-1-438770,MARKET,BUY,100000.00,GTC,False,False,100000.00,TAKER,1.15674,0.0,['2.31 USD'],NO_TRIGGER,FILLED,OTO,OL-20250805-013000-001-V2-1376,"['O-20250805-013000-001-V2-4127', 'O-20250805-013000-001-V2-4128']",,,,,['V2_POS1'],a844e4b9-ed88-4053-b642-4bbed0dac88b,1754357400000000000,1754357400000000000,,,,,,,
O-20250805-013000-001-V2-4127,BACKTESTER-001,MLSignalStrategyV2-V2,EUR/USD.IDEALPRO,IDEALPRO-1-4127,EUR/USD.IDEALPRO-MLSignalStrategyV2-V2,IDEALPRO-001,,STOP_MARKET,SELL,100000.00,GTC,True,False,0.00,NO_LIQUIDITY_SIDE,,,,NO_TRIGGER,CANCELED,OUO,OL-20250805-013000-001-V2-1376,['O-20250805-013000-001-V2-4128'],O-20250805-013000-001-V2-4126,,,,['V2_POS1_SL'],81960802-9314-4ed3-801b-088894949da7,1754357400000000000,1754358420000000000,1.15622,DEFAULT,,,,,
O-20250805-013000-001-V2-4128,BACKTESTER-001,MLSignalStrategyV2-V2,EUR/USD.IDEALPRO,IDEALPRO-1-4128,EUR/USD.IDEALPRO-MLSignalStrategyV2-V2,IDEALPRO-001,IDEALPRO-1-438805,LIMIT,SELL,100000.00,GTC,True,False,100000.00,MAKER,1.15738,-0.00012000000000012001,['2.31 USD'],NO_TRIGGER,FILLED,OUO,OL-20250805-013000-001-V2-1376,['O-20250805-013000-001-V2-4127'],O-20250805-013000-001-V2-4126,,,,['V2_POS1_TP'],2aec317b-82e9-4068-90db-bbd527734967,1754357400000000000,1754358420000000000,,,,,1.15726,False,
O-20250805-023000-001-V2-4129,BACKTESTER-001,MLSignalStrategyV2-V2,EUR/USD.IDEALPRO,IDEALPRO-1-4129,EUR/USD.IDEALPRO-MLSignalStrategyV2-V2,IDEALPRO-001,IDEALPRO-1-438892,MARKET,BUY,100000.00,GTC,False,False,100000.00,TAKER,1.15599,0.0,['2.31 USD'],NO_TRIGGER,FILLED,OTO,OL-20250805-023000-001-V2-1377,"['O-20250805-023000-001-V2-4130', 'O-20250805-023000-001-V2-4131']",,,,,['V2_POS1'],469239a7-80c6-4952-acd3-21f30f758b74,1754361000000000000,1754361000000000000,,,,,,,
O-20250805-023000-001-V2-4130,BACKTESTER-001,MLSignalStrategyV2-V2,EUR/USD.IDEALPRO,IDEALPRO-1-4130,EUR/USD.IDEALPRO-MLSignalStrategyV2-V2,IDEALPRO-001,IDEALPRO-1-439003,STOP_MARKET,SELL,100000.00,GTC,True,False,100000.00,TAKER,1.15542,1.0000000000065512e-05,['2.31 USD'],NO_TRIGGER,FILLED,OUO,OL-20250805-023000-001-V2-1377,['O-20250805-023000-001-V2-4131'],O-20250805-023000-001-V2-4129,,,,['V2_POS1_SL'],2ca01353-1ab6-40f8-9e55-02435d1c95aa,1754361000000000000,1754364300000000000,1.15543,DEFAULT,,,,,
O-20250805-023000-001-V2-4131,BACKTESTER-001,MLSignalStrategyV2-V2,EUR/USD.IDEALPRO,IDEALPRO-1-4131,EUR/USD.IDEALPRO-MLSignalStrategyV2-V2,IDEALPRO-001,,LIMIT,SELL,100000.00,GTC,True,False,0.00,NO_LIQUIDITY_SIDE,,,,NO_TRIGGER,CANCELED,OUO,OL-20250805-023000-001-V2-1377,['O-20250805-023000-001-V2-4130'],O-20250805-023000-001-V2-4129,,,,['V2_POS1_TP'],6f3fef88-573c-4f34-9c85-501a58d1b5e4,1754361000000000000,1754364300000000000,,,,,1.15653,False,
O-20250805-044500-001-V2-4132,BACKTESTER-001,MLSignalStrategyV2-V2,EUR/USD.IDEALPRO,IDEALPRO-1-4132,EUR/USD.IDEALPRO-MLSignalStrategyV2-V2,IDEALPRO-001,IDEALPRO-1-439164,MARKET,SELL,100000.00,GTC,False,False,100000.00,TAKER,1.15586,0.0,['2.31 USD'],NO_TRIGGER,FILLED,OTO,OL-20250805-044500-001-V2-1378,"['O-20250805-044500-001-V2-4133', 'O-20250805-044500-001-V2-4134']",,,,,['V2_POS1'],45c7ca81-733e-4e64-8d07-d4e705faf02b,1754369100000000000,1754369100000000000,,,,,,,
O-20250805-044500-001-V2-4133,BACKTESTER-001,MLSignalStrategyV2-V2,EUR/USD.IDEALPRO,IDEALPRO-1-4133,EUR/USD.IDEALPRO-MLSignalStrategyV2-V2,IDEALPRO-001,,STOP_MARKET,BUY,100000.00,GTC,True,False,0.00,NO_LIQUIDITY_SIDE,,,,NO_TRIGGER,CANCELED,OUO,OL-20250805-044500-001-V2-1378,['O-20250805-044500-001-V2-4134'],O-20250805-044500-001-V2-4132,,,,['V2_POS1_SL'],7e545e8d-f3fe-40e8-99a3-fb7d66468a7f,1754369100000000000,1754371020000000000,1.15627,DEFAULT,,,,,
O-20250805-044500-001-V2-4134,BACKTESTER-001,MLSignalStrategyV2-V2,EUR/USD.IDEALPRO,IDEALPRO-1-4134,EUR/USD.IDEALPRO-MLSignalStrategyV2-V2,IDEALPRO-001,IDEALPRO-1-439229,LIMIT,BUY,100000.00,GTC,True,False,100000.00,MAKER,1.15546,9.999999999843467e-06,['2.31 USD'],NO_TRIGGER,FILLED,OUO,OL-20250805-044500-001-V2-1378,['O-20250805-044500-001-V2-4133'],O-20250805-044500-001-V2-4132,,,,['V2_POS1_TP'],05392a9f-534d-474e-b871-5efd6804b817,1754369100000000000,1754371020000000000,,,,,1.15545,False,
O-20250805-070000-001-V2-4135,BACKTESTER-001,MLSignalStrategyV2-V2,EUR/USD.IDEALPRO,IDEALPRO-1-4135,EUR/USD.IDEALPRO-MLSignalStrategyV2-V2,IDEALPRO-001,IDEALPRO-1-439436,MARKET,SELL,100000.00,GTC,False,False,100000.00,TAKER,1.15509,0.0,['2.31 USD'],NO_TRIGGER,FILLED,OTO,OL-20250805-070000-001-V2-1379,"['O-20250805-070000-001-V2-4136', 'O-20250805-070000-001-V2-4137']",,,,,['V2_POS1'],1c8bdec8-babf-45fe-b30f-7a547551b30c,1754377200000000000,1754377200000000000,,,,,,,
O-20250805-070000-001-V2-4136,BACKTESTER-001,MLSignalStrategyV2-V2,EUR/USD.IDEALPRO,IDEALPRO-1-4136,EUR/USD.IDEALPRO-MLSignalStrategyV2-V2,IDEALPRO-001,IDEALPRO-1-439467,STOP_MARKET,BUY,100000.00,GTC,True,False,100000.00,TAKER,1.15567,4.999999999988347e-05,['2.31 USD'],NO_TRIGGER,FILLED,OUO,OL-20250805-070000-001-V2-1379,['O-20250805-070000-001-V2-4137'],O-20250805-070000-001-V2-4135,,,,['V2_POS1_SL'],18c39075-e12a-4de5-a3b8-4730352a321f,1754377200000000000,1754378100000000000,1.15562,DEFAULT,,,,,
O-20250805-070000-001-V2-4137,BACKTESTER-001,MLSignalStrategyV2-V2,EUR/USD.IDEALPRO,IDEALPRO-1-4137,EUR/USD.IDEALPRO-MLSignalStrategyV2-V2,IDEALPRO-001,,LIMIT,BUY,100000.00,GTC,True,False,0.00,NO_LIQUIDITY_SIDE,,,,NO_TRIGGER,CANCELED,OUO,OL-20250805-070000-001-V2-1379,['O-20250805-070000-001-V2-4136'],O-20250805-070000-001-V2-4135,,,,['V2_POS1_TP'],e029ebc4-639d-46ba-8c59-d794be749a9a,1754377200000000000,1754378100000000000,,,,,1.15456,False,
O-20250805-080000-001-V2-4138,BACKTESTER-001,MLSignalStrategyV2-V2,EUR/USD.IDEALPRO,IDEALPRO-1-4138,EUR/USD.IDEALPRO-MLSignalStrategyV2-V2,IDEALPRO-001,IDEALPRO-1-439558,MARKET,BUY,100000.00,GTC,False,False,100000.00,TAKER,1.15462,0.0,['2.31 USD'],NO_TRIGGER,FILLED,OTO,OL-20250805-080000-001-V2-1380,"['O-20250805-080000-001-V2-4139', 'O-20250805-080000-001-V2-4140']",,,,,['V2_POS1'],082ad3e4-11ac-4b2c-8012-9cc40ecacd59,1754380800000000000,1754380800000000000,,,,,,,
O-20250805-080000-001-V2-4139,BACKTESTER-001,MLSignalStrategyV2-V2,EUR/USD.IDEALPRO,IDEALPRO-1-4139,EUR/USD.IDEALPRO-MLSignalStrategyV2-V2,IDEALPRO-001,IDEALPRO-1-439593,STOP_MARKET,SELL,100000.00,GTC,True,False,100000.00,TAKER,1.15377,0.0001900000000001345,['2.31 USD'],NO_TRIGGER,FILLED,OUO,OL-20250805-080000-001-V2-1380,['O-20250805-080000-001-V2-4140'],O-20250805-080000-001-V2-4138,,,,['V2_POS1_SL'],4647c10d-1c03-49b9-9089-e677e98cce53,1754380800000000000,1754381820000000000,1.15396,DEFAULT,,,,,
O-20250805-080000-001-V2-4140,BACKTESTER-001,MLSignalStrategyV2-V2,EUR/USD.IDEALPRO,IDEALPRO-1-4140,EUR/USD.IDEALPRO-MLSignalStrategyV2-V2,IDEALPRO-001,,LIMIT,SELL,100000.00,GTC,True,False,0.00,NO_LIQUIDITY_SIDE,,,,NO_TRIGGER,CANCELED,OUO,OL-20250805-080000-001-V2-1380,['O-20250805-080000-001-V2-4139'],O-20250805-080000-001-V2-4138,,,,['V2_POS1_TP'],92d708aa-76d2-48c4-a3d4-1f58a6391f65,1754380800000000000,1754381820000000000,,,,,1.15528,False,
O-20250806-020000-001-V2-4141,BACKTESTER-001,MLSignalStrategyV2-V2,EUR/USD.IDEALPRO,IDEALPRO-1-4141,EUR/USD.IDEALPRO-MLSignalStrategyV2-V2,IDEALPRO-001,IDEALPRO-1-441690,MARKET,SELL,100000.00,GTC,False,False,100000.00,TAKER,1.15671,0.0,['2.31 USD'],NO_TRIGGER,FILLED,OTO,OL-20250806-020000-001-V2-1381,"['O-20250806-020000-001-V2-4142', 'O-20250806-020000-001-V2-4143']",,,,,['V2_POS1'],80394300-46e5-4ff2-9cab-47542a507b24,1754445600000000000,1754445600000000000,,,,,,,
O-20250806-020000-001-V2-4142,BACKTESTER-001,MLSignalStrategyV2-V2,EUR/USD.IDEALPRO,IDEALPRO-1-4142,EUR/USD.IDEALPRO-MLSignalStrategyV2-V2,IDEALPRO-001,IDEALPRO-1-441735,STOP_MARKET,BUY,100000.00,GTC,True,False,100000.00,TAKER,1.15722,0.00015999999999993797,['2.31 USD'],NO_TRIGGER,FILLED,OUO,OL-20250806-020000-001-V2-1381,['O-20250806-020000-001-V2-4143'],O-20250806-020000-001-V2-4141,,,,['V2_POS1_SL'],3fc6f119-3eb6-4b46-a3f3-cf4898523db5,1754445600000000000,1754446920000000000,1.15706,DEFAULT,,,,,
O-20250806-020000-001-V2-4143,BACKTESTER-001,MLSignalStrategyV2-V2,EUR/USD.IDEALPRO,IDEALPRO-1-4143,EUR/USD.IDEALPRO-MLSignalStrategyV2-V2,IDEALPRO-001,,LIMIT,BUY,100000.00,GTC,True,False,0.00,NO_LIQUIDITY_SIDE,,,,NO_TRIGGER,CANCELED,OUO,OL-20250806-020000-001-V2-1381,['O-20250806-020000-001-V2-4142'],O-20250806-020000-001-V2-4141,,,,['V2_POS1_TP'],542e31f9-993a-4143-a8c8-0fdef34f502a,1754445600000000000,1754446920000000000,,,,,1.15638,False,
O-20250806-030000-001-V2-4144,BACKTESTER-001,MLSignalStrategyV2-V2,EUR/USD.IDEALPRO,IDEALPRO-1-4144,EUR/USD.IDEALPRO-MLSignalStrategyV2-V2,IDEALPRO-001,IDEALPRO-1-441813,MARKET,SELL,100000.00,GTC,False,False,100000.00,TAKER,1.15692,0.0,['2.31 USD'],NO_TRIGGER,FILLED,OTO,OL-20250806-030000-001-V2-1382,"['O-20250806-030000-001-V2-4145', 'O-20250806-030000-001-V2-4146']",,,,,['V2_POS1'],7257ff4f-1763-4b20-9bf0-e5a8fa9a46d9,1754449200000000000,1754449200000000000,,,,,,,
O-20250806-030000-001-V2-4145,BACKTESTER-001,MLSignalStrategyV2-V2,EUR/USD.IDEALPRO,IDEALPRO-1-4145,EUR/USD.IDEALPRO-MLSignalStrategyV2-V2,IDEALPRO-001,IDEALPRO-1-441825,STOP_MARKET,BUY,100000.00,GTC,True,False,100000.00,TAKER,1.15727,2.0000000000131024e-05,['2.31 USD'],NO_TRIGGER,FILLED,OUO,OL-20250806-030000-001-V2-1382,['O-20250806-030000-001-V2-4146'],O-20250806-030000-001-V2-4144,,,,['V2_POS1_SL'],b1dcc0d2-7744-4899-b4d6-3025cb63d127,1754449200000000000,1754449560000000000,1.15725,DEFAULT,,,,,
O-20250806-030000-001-V2-4146,BACKTESTER-001,MLSignalStrategyV2-V2,EUR/USD.IDEALPRO,IDEALPRO-1-4146,EUR/USD.IDEALPRO-MLSignalStrategyV2-V2,IDEALPRO-001,,LIMIT,BUY,100000.00,GTC,True,False,0.00,NO_LIQUIDITY_SIDE,,,,NO_TRIGGER,CANCELED,OUO,OL-20250806-030000-001-V2-1382,['O-20250806-030000-001-V2-4145'],O-20250806-030000-001-V2-4144,,,,['V2_POS1_TP'],a8b00bd7-bf01-41d6-9690-a315cdfd7dd3,1754449200000000000,1754449560000000000,,,,,1.15659,False,
O-20250806-031500-001-V2-4147,BACKTESTER-001,MLSignalStrategyV2-V2,EUR/USD.IDEALPRO,IDEALPRO-1-4147,EUR/USD.IDEALPRO-MLSignalStrategyV2-V2,IDEALPRO-001,IDEALPRO-1-441844,MARKET,SELL,100000.00,GTC,False,False,100000.00,TAKER,1.15738,0.0,['2.31 USD'],NO_TRIGGER,FILLED,OTO,OL-20250806-031500-001-V2-1383,"['O-20250806-031500-001-V2-4148', 'O-20250806-031500-001-V2-4149']",,,,,['V2_POS1'],90005a07-89cc-4f64-9975-0ae6ccaf9835,1754450100000000000,1754450100000000000,,,,,,,
O-20250806-031500-001-V2-4148,BACKTESTER-001,MLSignalStrategyV2-V2,EUR/USD.IDEALPRO,IDEALPRO-1-4148,EUR/USD.IDEALPRO-MLSignalStrategyV2-V2,IDEALPRO-001,IDEALPRO-1-441863,STOP_MARKET,BUY,100000.00,GTC,True,False,100000.00,TAKER,1.1578,7.00000000000145e-05,['2.32 USD'],NO_TRIGGER,FILLED,OUO,OL-20250806-031500-001-V2-1383,['O-20250806-031500-001-V2-4149'],O-20250806-031500-001-V2-4147,,,,['V2_POS1_SL'],2d411b9f-89c8-4fef-9aa4-26bcc3f9569f,1754450100000000000,1754450640000000000,1.15773,DEFAULT,,,,,
O-20250806-031500-001-V2-4149,BACKTESTER-001,MLSignalStrategyV2-V2,EUR/USD.IDEALPRO,IDEALPRO-1-4149,EUR/USD.IDEALPRO-MLSignalStrategyV2-V2,IDEALPRO-001,,LIMIT,BUY,100000.00,GTC,True,False,0.00,NO_LIQUIDITY_SIDE,,,,NO_TRIGGER,CANCELED,OUO,OL-20250806-031500-001-V2-1383,['O-20250806-031500-001-V2-4148'],O-20250806-031500-001-V2-4147,,,,['V2_POS1_TP'],5c7941e9-4ead-48c1-ad6f-1d83c79ce2a6,1754450100000000000,1754450640000000000,,,,,1.15705,False,
O-20250806-104500-001-V2-4150,BACKTESTER-001,MLSignalStrategyV2-V2,EUR/USD.IDEALPRO,IDEALPRO-1-4150,EUR/USD.IDEALPRO-MLSignalStrategyV2-V2,IDEALPRO-001,IDEALPRO-1-442747,MARKET,BUY,100000.00,GTC,False,False,100000.00,TAKER,1.16021,0.0,['2.32 USD'],NO_TRIGGER,FILLED,OTO,OL-20250806-104500-001-V2-1384,"['O-20250806-104500-001-V2-4151', 'O-20250806-104500-001-V2-4152']",,,,,['V2_POS1'],6f026031-8047-4561-910d-dc18d991dcd7,1754477100000000000,1754477100000000000,,,,,,,
O-20250806-104500-001-V2-4151,BACKTESTER-001,MLSignalStrategyV2-V2,EUR/USD.IDEALPRO,IDEALPRO-1-4151,EUR/USD.IDEALPRO-MLSignalStrategyV2-V2,IDEALPRO-001,,STOP_MARKET,SELL,100000.00,GTC,True,False,0.00,NO_LIQUIDITY_SIDE,,,,NO_TRIGGER,CANCELED,OUO,OL-20250806-104500-001-V2-1384,['O-20250806-104500-001-V2-4152'],O-20250806-104500-001-V2-4150,,,,['V2_POS1_SL'],0a767818-9e29-4d54-a26e-1f97c59b8088,1754477100000000000,1754477880000000000,1.15947,DEFAULT,,,,,
O-20250806-104500-001-V2-4152,BACKTESTER-001,MLSignalStrategyV2-V2,EUR/USD.IDEALPRO,IDEALPRO-1-4152,EUR/USD.IDEALPRO-MLSignalStrategyV2-V2,IDEALPRO-001,IDEALPRO-1-442773,LIMIT,SELL,100000.00,GTC,True,False,100000.00,MAKER,1.16098,-4.999999999988347e-05,['2.32 USD'],NO_TRIGGER,FILLED,OUO,OL-20250806-104500-001-V2-1384,['O-20250806-104500-001-V2-4151'],O-20250806-104500-001-V2-4150,,,,['V2_POS1_TP'],82e5d349-7e58-4cdb-92ea-320ae0a1e9ce,1754477100000000000,1754477880000000000,,,,,1.16093,False,
O-20250806-214500-001-V2-4153,BACKTESTER-001,MLSignalStrategyV2-V2,EUR/USD.IDEALPRO,IDEALPRO-1-4153,EUR/USD.IDEALPRO-MLSignalStrategyV2-V2,IDEALPRO-001,IDEALPRO-1-444097,MARKET,SELL,100000.00,GTC,False,False,100000.00,TAKER,1.16552,0.0,['2.33 USD'],NO_TRIGGER,FILLED,OTO,OL-20250806-214500-001-V2-1385,"['O-20250806-214500-001-V2-4154', 'O-20250806-214500-001-V2-4155']",,,,,['V2_POS1'],0a047450-fc50-4662-9532-1a4922d7bf05,1754516700000000000,1754516700000000000,,,,,,,
O-20250806-214500-001-V2-4154,BACKTESTER-001,MLSignalStrategyV2-V2,EUR/USD.IDEALPRO,IDEALPRO-1-4154,EUR/USD.IDEALPRO-MLSignalStrategyV2-V2,IDEALPRO-001,IDEALPRO-1-444145,STOP_MARKET,BUY,100000.00,GTC,True,False,100000.00,TAKER,1.16596,2.0000000000131024e-05,['2.33 USD'],NO_TRIGGER,FILLED,OUO,OL-20250806-214500-001-V2-1385,['O-20250806-214500-001-V2-4155'],O-20250806-214500-001-V2-4153,,,,['V2_POS1_SL'],86f47564-ca1e-4c94-bff8-cad99bb482b3,1754516700000000000,1754517420000000000,1.16594,DEFAULT,,,,,
O-20250806-214500-001-V2-4155,BACKTESTER-001,MLSignalStrategyV2-V2,EUR/USD.IDEALPRO,IDEALPRO-1-4155,EUR/USD.IDEALPRO-MLSignalStrategyV2-V2,IDEALPRO-001,,LIMIT,BUY,100000.00,GTC,True,False,0.00,NO_LIQUIDITY_SIDE,,,,NO_TRIGGER,CANCELED,OUO,OL-20250806-214500-001-V2-1385,['O-20250806-214500-001-V2-4154'],O-20250806-214500-001-V2-4153,,,,['V2_POS1_TP'],cfeb9ac2-f510-4ab5-b98d-1c73a6543da5,1754516700000000000,1754517420000000000,,,,,1.16512,False,
O-20250806-221500-001-V2-4156,BACKTESTER-001,MLSignalStrategyV2-V2,EUR/USD.IDEALPRO,IDEALPRO-1-4156,EUR/USD.IDEALPRO-MLSignalStrategyV2-V2,IDEALPRO-001,IDEALPRO-1-444219,MARKET,BUY,100000.00,GTC,False,False,100000.00,TAKER,1.16648,0.0,['2.33 USD'],NO_TRIGGER,FILLED,OTO,OL-20250806-221500-001-V2-1386,"['O-20250806-221500-001-V2-4157', 'O-20250806-221500-001-V2-4158']",,,,,['V2_POS1'],66416e79-7242-476f-9dbe-a58bb36f6b4a,1754518500000000000,1754518500000000000,,,,,,,
O-20250806-221500-001-V2-4157,BACKTESTER-001,MLSignalStrategyV2-V2,EUR/USD.IDEALPRO,IDEALPRO-1-4157,EUR/USD.IDEALPRO-MLSignalStrategyV2-V2,IDEALPRO-001,IDEALPRO-1-444419,STOP_MARKET,SELL,100000.00,GTC,True,False,100000.00,TAKER,1.16603,3.0000000000196536e-05,['2.33 USD'],NO_TRIGGER,FILLED,OUO,OL-20250806-221500-001-V2-1386,['O-20250806-221500-001-V2-4158'],O-20250806-221500-001-V2-4156,,,,['V2_POS1_SL'],a54b8f59-914a-4220-8626-f4736b5cb568,1754518500000000000,1754521500000000000,1.16606,DEFAULT,,,,,
O-20250806-221500-001-V2-4158,BACKTESTER-001,MLSignalStrategyV2-V2,EUR/USD.IDEALPRO,IDEALPRO-1-4158,EUR/USD.IDEALPRO-MLSignalStrategyV2-V2,IDEALPRO-001,,LIMIT,SELL,100000.00,GTC,True,False,0.00,NO_LIQUIDITY_SIDE,,,,NO_TRIGGER,CANCELED,OUO,OL-20250806-221500-001-V2-1386,['O-20250806-221500-001-V2-4157'],O-20250806-221500-001-V2-4156,,,,['V2_POS1_TP'],3e42bf0f-c46d-4849-9aa0-b1d8899a5deb,1754518500000000000,1754521500000000000,,,,,1.16688,False,
O-20251010-153000-001-V2-4159,BACKTESTER-001,MLSignalStrategyV2-V2,EUR/USD.IDEALPRO,IDEALPRO-1-4159,EUR/USD.IDEALPRO-MLSignalStrategyV2-V2,IDEALPRO-001,IDEALPRO-1-749082,MARKET,SELL,100000.00,GTC,False,False,100000.00,TAKER,1.16274,0.0,['2.33 USD'],NO_TRIGGER,FILLED,OTO,OL-20251010-153000-001-V2-1387,"['O-20251010-153000-001-V2-4160', 'O-20251010-153000-001-V2-4161']",,,,,['V2_POS1'],066c3218-7605-4b0a-9baf-b624face456a,1760110200000000000,1760110200000000000,,,,,,,
O-20251010-153000-001-V2-4160,BACKTESTER-001,MLSignalStrategyV2-V2,EUR/USD.IDEALPRO,IDEALPRO-1-4160,EUR/USD.IDEALPRO-MLSignalStrategyV2-V2,IDEALPRO-001,,STOP_MARKET,BUY,100000.00,GTC,True,False,0.00,NO_LIQUIDITY_SIDE,,,,NO_TRIGGER,CANCELED,OUO,OL-20251010-153000-001-V2-1387,['O-20251010-153000-001-V2-4161'],O-20251010-153000-001-V2-4159,,,,['V2_POS1_SL'],748ea529-41d6-4257-923d-dbc30662aa11,1760110200000000000,1760111100000000000,1.16388,DEFAULT,,,,,
O-20251010-153000-001-V2-4161,BACKTESTER-001,MLSignalStrategyV2-V2,EUR/USD.IDEALPRO,IDEALPRO-1-4161,EUR/USD.IDEALPRO-MLSignalStrategyV2-V2,IDEALPRO-001,IDEALPRO-1-749113,LIMIT,BUY,100000.00,GTC,True,False,100000.00,MAKER,1.16146,-0.000140000000000029,['2.32 USD'],NO_TRIGGER,FILLED,OUO,OL-20251010-153000-001-V2-1387,['O-20251010-153000-001-V2-4160'],O-20251010-153000-001-V2-4159,,,,['V2_POS1_TP'],5d5ecb01-b4d8-4d77-a17a-35cd44c5135f,1760110200000000000,1760111100000000000,,,,,1.16160,False,
O-20251010-161500-001-V2-4162,BACKTESTER-001,MLSignalStrategyV2-V2,EUR/USD.IDEALPRO,IDEALPRO-1-4162,EUR/USD.IDEALPRO-MLSignalStrategyV2-V2,IDEALPRO-001,IDEALPRO-1-749174,MARKET,SELL,100000.00,GTC,False,False,100000.00,TAKER,1.16211,0.0,['2.32 USD'],NO_TRIGGER,FILLED,OTO,OL-20251010-161500-001-V2-1388,"['O-20251010-161500-001-V2-4163', 'O-20251010-161500-001-V2-4164']",,,,,['V2_POS1'],aa7a6005-3d1f-4370-b6c8-b97a182f51e7,1760112900000000000,1760112900000000000,,,,,,,
O-20251010-161500-001-V2-4163,BACKTESTER-001,MLSignalStrategyV2-V2,EUR/USD.IDEALPRO,IDEALPRO-1-4163,EUR/USD.IDEALPRO-MLSignalStrategyV2-V2,IDEALPRO-001,,STOP_MARKET,BUY,100000.00,GTC,True,False,0.00,NO_LIQUIDITY_SIDE,,,,NO_TRIGGER,CANCELED,OUO,OL-20251010-161500-001-V2-1388,['O-20251010-161500-001-V2-4164'],O-20251010-161500-001-V2-4162,,,,['V2_POS1_SL'],2dd90bc5-3874-42fb-8e6e-cc475d3162da,1760112900000000000,1760113200000000000,1.16325,DEFAULT,,,,,
O-20251010-161500-001-V2-4164,BACKTESTER-001,MLSignalStrategyV2-V2,EUR/USD.IDEALPRO,IDEALPRO-1-4164,EUR/USD.IDEALPRO-MLSignalStrategyV2-V2,IDEALPRO-001,IDEALPRO-1-749185,LIMIT,BUY,100000.00,GTC,True,False,100000.00,MAKER,1.16086,-0.00012999999999996348,['2.32 USD'],NO_TRIGGER,FILLED,OUO,OL-20251010-161500-001-V2-1388,['O-20251010-161500-001-V2-4163'],O-20251010-161500-001-V2-4162,,,,['V2_POS1_TP'],92b20ab3-c3ef-4d51-bb77-21d77001f586,1760112900000000000,1760113200000000000,,,,,1.16099,False,
O-20251010-163000-001-V2-4165,BACKTESTER-001,MLSignalStrategyV2-V2,EUR/USD.IDEALPRO,IDEALPRO-1-4165,EUR/USD.IDEALPRO-MLSignalStrategyV2-V2,IDEALPRO-001,IDEALPRO-1-749206,MARKET,SELL,100000.00,GTC,False,False,100000.00,TAKER,1.16118,0.0,['2.32 USD'],NO_TRIGGER,FILLED,OTO,OL-20251010-163000-001-V2-1389,"['O-20251010-163000-001-V2-4166', 'O-20251010-163000-001-V2-4167']",,,,,['V2_POS1'],1566f8a8-2a47-402e-b7d5-a912625f7e23,1760113800000000000,1760113800000000000,,,,,,,
O-20251010-163000-001-V2-4166,BACKTESTER-001,MLSignalStrategyV2-V2,EUR/USD.IDEALPRO,IDEALPRO-1-4166,EUR/USD.IDEALPRO-MLSignalStrategyV2-V2,IDEALPRO-001,,STOP_MARKET,BUY,100000.00,GTC,True,False,0.00,NO_LIQUIDITY_SIDE,,,,NO_TRIGGER,CANCELED,OUO,OL-20251010-163000-001-V2-1389,['O-20251010-163000-001-V2-4167'],O-20251010-163000-001-V2-4165,,,,['V2_POS1_SL'],223d855a-288c-400a-bb42-35390adfab9c,1760113800000000000,1760116200000000000,1.16232,DEFAULT,,,,,
O-20251010-163000-001-V2-4167,BACKTESTER-001,MLSignalStrategyV2-V2,EUR/USD.IDEALPRO,IDEALPRO-1-4167,EUR/USD.IDEALPRO-MLSignalStrategyV2-V2,IDEALPRO-001,IDEALPRO-1-749287,LIMIT,BUY,100000.00,GTC,True,False,100000.00,MAKER,1.15989,-0.00017000000000000348,['2.32 USD'],NO_TRIGGER,FILLED,OUO,OL-20251010-163000-001-V2-1389,['O-20251010-163000-001-V2-4166'],O-20251010-163000-001-V2-4165,,,,['V2_POS1_TP'],c66411a9-6b6a-4b33-a5b9-e12804c475fb,1760113800000000000,1760116200000000000,,,,,1.16006,False,
O-20251010-200000-001-V2-4168,BACKTESTER-001,MLSignalStrategyV2-V2,EUR/USD.IDEALPRO,IDEALPRO-1-4168,EUR/USD.IDEALPRO-MLSignalStrategyV2-V2,IDEALPRO-001,IDEALPRO-1-749629,MARKET,SELL,100000.00,GTC,False,False,100000.00,TAKER,1.16128,0.0,['2.32 USD'],NO_TRIGGER,FILLED,OTO,OL-20251010-200000-001-V2-1390,"['O-20251010-200000-001-V2-4169', 'O-20251010-200000-001-V2-4170']",,,,,['V2_POS1'],8eb8511c-856f-4114-a9e0-de219888c8ad,1760126400000000000,1760126400000000000,,,,,,,
O-20251010-200000-001-V2-4169,BACKTESTER-001,MLSignalStrategyV2-V2,EUR/USD.IDEALPRO,IDEALPRO-1-4169,EUR/USD.IDEALPRO-MLSignalStrategyV2-V2,IDEALPRO-001,,STOP_MARKET,BUY,100000.00,GTC,True,False,0.00,NO_LIQUIDITY_SIDE,,,,NO_TRIGGER,CANCELED,OUO,OL-20251010-200000-001-V2-1390,['O-20251010-200000-001-V2-4170'],O-20251010-200000-001-V2-4168,,,,['V2_POS1_SL'],c3d6f878-8217-4e61-9c93-d7fcaeff6497,1760126400000000000,1760128620000000000,1.16182,DEFAULT,,,,,
O-20251010-200000-001-V2-4170,BACKTESTER-001,MLSignalStrategyV2-V2,EUR/USD.IDEALPRO,IDEALPRO-1-4170,EUR/USD.IDEALPRO-MLSignalStrategyV2-V2,IDEALPRO-001,IDEALPRO-1-749703,LIMIT,BUY,100000.00,GTC,True,False,100000.00,MAKER,1.16056,-0.000180000000000069,['2.32 USD'],NO_TRIGGER,FILLED,OUO,OL-20251010-200000-001-V2-1390,['O-20251010-200000-001-V2-4169'],O-20251010-200000-001-V2-4168,,,,['V2_POS1_TP'],f55fd774-20c7-468b-8233-f787ae950e75,1760126400000000000,1760128620000000000,,,,,1.16074,False,
O-20251010-204500-001-V2-4171,BACKTESTER-001,MLSignalStrategyV2-V2,EUR/USD.IDEALPRO,IDEALPRO-1-4171,EUR/USD.IDEALPRO-MLSignalStrategyV2-V2,IDEALPRO-001,IDEALPRO-1-749721,MARKET,BUY,100000.00,GTC,False,False,100000.00,TAKER,1.16073,0.0,['2.32 USD'],NO_TRIGGER,FILLED,OTO,OL-20251010-204500-001-V2-1391,"['O-20251010-204500-001-V2-4172', 'O-20251010-204500-001-V2-4173']",,,,,['V2_POS1'],5ea71280-f5d2-42ab-81e8-81d006af0edc,1760129100000000000,1760129100000000000,,,,,,,
O-20251010-204500-001-V2-4172,BACKTESTER-001,MLSignalStrategyV2-V2,EUR/USD.IDEALPRO,IDEALPRO-1-4172,EUR/USD.IDEALPRO-MLSignalStrategyV2-V2,IDEALPRO-001,,STOP_MARKET,SELL,100000.00,GTC,True,False,0.00,NO_LIQUIDITY_SIDE,,,,NO_TRIGGER,CANCELED,OUO,OL-20251010-204500-001-V2-1391,['O-20251010-204500-001-V2-4173'],O-20251010-204500-001-V2-4171,,,,['V2_POS1_SL'],ed49746e-85ae-4424-80b9-0b32b5ebc6fe,1760129100000000000,1760129460000000000,1.16017,DEFAULT,,,,,
O-20251010-204500-001-V2-4173,BACKTESTER-001,MLSignalStrategyV2-V2,EUR/USD.IDEALPRO,IDEALPRO-1-4173,EUR/USD.IDEALPRO-MLSignalStrategyV2-V2,IDEALPRO-001,IDEALPRO-1-749733,LIMIT,SELL,100000.00,GTC,True,False,100000.00,MAKER,1.16143,-0.000140000000000029,['2.32 USD'],NO_TRIGGER,FILLED,OUO,OL-20251010-204500-001-V2-1391,['O-20251010-204500-001-V2-4172'],O-20251010-204500-001-V2-4171,,,,['V2_POS1_TP'],1aef55fb-2aad-428f-bb5c-1513a84a104c,1760129100000000000,1760129460000000000,,,,,1.16129,False,
O-20251012-213000-001-V2-4174,BACKTESTER-001,MLSignalStrategyV2-V2,EUR/USD.IDEALPRO,IDEALPRO-1-4174,EUR/USD.IDEALPRO-MLSignalStrategyV2-V2,IDEALPRO-001,IDEALPRO-1-749782,MARKET,BUY,100000.00,GTC,False,False,100000.00,TAKER,1.16104,0.0,['2.32 USD'],NO_TRIGGER,FILLED,OTO,OL-20251012-213000-001-V2-1392,"['O-20251012-213000-001-V2-4175', 'O-20251012-213000-001-V2-4176']",,,,,['V2_POS1'],9c7532a7-b2ba-478b-9526-649492a4deb8,1760304600000000000,1760304600000000000,,,,,,,
O-20251012-213000-001-V2-4175,BACKTESTER-001,MLSignalStrategyV2-V2,EUR/USD.IDEALPRO,IDEALPRO-1-4175,EUR/USD.IDEALPRO-MLSignalStrategyV2-V2,IDEALPRO-001,IDEALPRO-1-749849,STOP_MARKET,SELL,100000.00,GTC,True,False,100000.00,TAKER,1.16018,0.00012000000000012001,['2.32 USD'],NO_TRIGGER,FILLED,OUO,OL-20251012-213000-001-V2-1392,['O-20251012-213000-001-V2-4176'],O-20251012-213000-001-V2-4174,,,,['V2_POS1_SL'],43938ab2-8bdb-4eef-a66d-25a18ebd1594,1760304600000000000,1760306580000000000,1.16030,DEFAULT,,,,,
O-20251012-213000-001-V2-4176,BACKTESTER-001,MLSignalStrategyV2-V2,EUR/USD.IDEALPRO,IDEALPRO-1-4176,EUR/USD.IDEALPRO-MLSignalStrategyV2-V2,IDEALPRO-001,,LIMIT,SELL,100000.00,GTC,True,False,0.00,NO_LIQUIDITY_SIDE,,,,NO_TRIGGER,CANCELED,OUO,OL-20251012-213000-001-V2-1392,['O-20251012-213000-001-V2-4175'],O-20251012-213000-001-V2-4174,,,,['V2_POS1_TP'],9edf10ce-87e6-41ae-93a9-6af1f731043e,1760304600000000000,1760306580000000000,,,,,1.16178,False,
O-20251012-223000-001-V2-4177,BACKTESTER-001,MLSignalStrategyV2-V2,EUR/USD.IDEALPRO,IDEALPRO-1-4177,EUR/USD.IDEALPRO-MLSignalStrategyV2-V2,IDEALPRO-001,IDEALPRO-1-749905,MARKET,BUY,100000.00,GTC,False,False,100000.00,TAKER,1.15957,0.0,['2.32 USD'],NO_TRIGGER,FILLED,OTO,OL-20251012-223000-001-V2-1393,"['O-20251012-223000-001-V2-4178', 'O-20251012-223000-001-V2-4179']",,,,,['V2_POS1'],3170dcb2-04e3-4e78-b2d0-173b8d21ae08,1760308200000000000,1760308200000000000,,,,,,,
O-20251012-223000-001-V2-4178,BACKTESTER-001,MLSignalStrategyV2-V2,EUR/USD.IDEALPRO,IDEALPRO-1-4178,EUR/USD.IDEALPRO-MLSignalStrategyV2-V2,IDEALPRO-001,,STOP_MARKET,SELL,100000.00,GTC,True,False,0.00,NO_LIQUIDITY_SIDE,,,,NO_TRIGGER,CANCELED,OUO,OL-20251012-223000-001-V2-1393,['O-20251012-223000-001-V2-4179'],O-20251012-223000-001-V2-4177,,,,['V2_POS1_SL'],8d338590-b6ce-4a7d-8a4b-14e1cc5a8b8e,1760308200000000000,1760308740000000000,1.15885,DEFAULT,,,,,
O-20251012-223000-001-V2-4179,BACKTESTER-001,MLSignalStrategyV2-V2,EUR/USD.IDEALPRO,IDEALPRO-1-4179,EUR/USD.IDEALPRO-MLSignalStrategyV2-V2,IDEALPRO-001,IDEALPRO-1-749923,LIMIT,SELL,100000.00,GTC,True,False,100000.00,MAKER,1.16036,-7.00000000000145e-05,['2.32 USD'],NO_TRIGGER,FILLED,OUO,OL-20251012-223000-001-V2-1393,['O-20251012-223000-001-V2-4178'],O-20251012-223000-001-V2-4177,,,,['V2_POS1_TP'],c5d4928b-e679-417e-a047-4c3a104b9efa,1760308200000000000,1760308740000000000,,,,,1.16029,False,
O-20251012-224500-001-V2-4180,BACKTESTER-001,MLSignalStrategyV2-V2,EUR/USD.IDEALPRO,IDEALPRO-1-4180,EUR/USD.IDEALPRO-MLSignalStrategyV2-V2,IDEALPRO-001,IDEALPRO-1-749935,MARKET,BUY,100000.00,GTC,False,False,100000.00,TAKER,1.16045,0.0,['2.32 USD'],NO_TRIGGER,FILLED,OTO,OL-20251012-224500-001-V2-1394,"['O-20251012-224500-001-V2-4181', 'O-20251012-224500-001-V2-4182']",,,,,['V2_POS1'],02b802b5-445c-4331-9942-3c2ad9896623,1760309100000000000,1760309100000000000,,,,,,,
O-20251012-224500-001-V2-4181,BACKTESTER-001,MLSignalStrategyV2-V2,EUR/USD.IDEALPRO,IDEALPRO-1-4181,EUR/USD.IDEALPRO-MLSignalStrategyV2-V2,IDEALPRO-001,,STOP_MARKET,SELL,100000.00,GTC,True,False,0.00,NO_LIQUIDITY_SIDE,,,,NO_TRIGGER,CANCELED,OUO,OL-20251012-224500-001-V2-1394,['O-20251012-224500-001-V2-4182'],O-20251012-224500-001-V2-4180,,,,['V2_POS1_SL'],0d211db6-9935-43c1-9385-0054a33875dc,1760309100000000000,1760316180000000000,1.15958,DEFAULT,,,,,
O-20251012-224500-001-V2-4182,BACKTESTER-001,MLSignalStrategyV2-V2,EUR/USD.IDEALPRO,IDEALPRO-1-4182,EUR/USD.IDEALPRO-MLSignalStrategyV2-V2,IDEALPRO-001,IDEALPRO-1-750173,LIMIT,SELL,100000.00,GTC,True,False,100000.00,MAKER,1.16109,-7.00000000000145e-05,['2.32 USD'],NO_TRIGGER,FILLED,OUO,OL-20251012-224500-001-V2-1394,['O-20251012-224500-001-V2-4181'],O-20251012-224500-001-V2-4180,,,,['V2_POS1_TP'],fffec7ff-4e39-4fec-98a4-dd299981f6df,1760309100000000000,1760316180000000000,,,,,1.16102,False,
O-20251013-080000-001-V2-4183,BACKTESTER-001,MLSignalStrategyV2-V2,EUR/USD.IDEALPRO,IDEALPRO-1-4183,EUR/USD.IDEALPRO-MLSignalStrategyV2-V2,IDEALPRO-001,IDEALPRO-1-751048,MARKET,SELL,100000.00,GTC,False,False,100000.00,TAKER,1.15999,0.0,['2.32 USD'],NO_TRIGGER,FILLED,OTO,OL-20251013-080000-001-V2-1395,"['O-20251013-080000-001-V2-4184', 'O-20251013-080000-001-V2-4185']",,,,,['V2_POS1'],408d9c11-97d0-4a83-b29c-1e3d796a49a8,1760342400000000000,1760342400000000000,,,,,,,
O-20251013-080000-001-V2-4184,BACKTESTER-001,MLSignalStrategyV2-V2,EUR/USD.IDEALPRO,IDEALPRO-1-4184,EUR/USD.IDEALPRO-MLSignalStrategyV2-V2,IDEALPRO-001,,STOP_MARKET,BUY,100000.00,GTC,True,False,0.00,NO_LIQUIDITY_SIDE,,,,NO_TRIGGER,CANCELED,OUO,OL-20251013-080000-001-V2-1395,['O-20251013-080000-001-V2-4185'],O-20251013-080000-001-V2-4183,,,,['V2_POS1_SL'],156c4ecf-0fa0-4875-a041-63e8cef18fb4,1760342400000000000,1760344020000000000,1.16072,DEFAULT,,,,,
O-20251013-080000-001-V2-4185,BACKTESTER-001,MLSignalStrategyV2-V2,EUR/USD.IDEALPRO,IDEALPRO-1-4185,EUR/USD.IDEALPRO-MLSignalStrategyV2-V2,IDEALPRO-001,IDEALPRO-1-751103,LIMIT,BUY,100000.00,GTC,True,False,100000.00,MAKER,1.15911,-0.00014999999999987246,['2.32 USD'],NO_TRIGGER,FILLED,OUO,OL-20251013-080000-001-V2-1395,['O-20251013-080000-001-V2-4184'],O-20251013-080000-001-V2-4183,,,,['V2_POS1_TP'],601734c3-33a7-4cec-8a03-faf95c3efd2d,1760342400000000000,1760344020000000000,,,,,1.15926,False,
O-20251013-123000-001-V2-4186,BACKTESTER-001,MLSignalStrategyV2-V2,EUR/USD.IDEALPRO,IDEALPRO-1-4186,EUR/USD.IDEALPRO-MLSignalStrategyV2-V2,IDEALPRO-001,IDEALPRO-1-751590,MARKET,BUY,100000.00,GTC,False,False,100000.00,TAKER,1.15662,0.0,['2.31 USD'],NO_TRIGGER,FILLED,OTO,OL-20251013-123000-001-V2-1396,"['O-20251013-123000-001-V2-4187', 'O-20251013-123000-001-V2-4188']",,,,,['V2_POS1'],23a895b5-da2f-4356-aad7-4245fc20b899,1760358600000000000,1760358600000000000,,,,,,,
O-20251013-123000-001-V2-4187,BACKTESTER-001,MLSignalStrategyV2-V2,EUR/USD.IDEALPRO,IDEALPRO-1-4187,EUR/USD.IDEALPRO-MLSignalStrategyV2-V2,IDEALPRO-001,,STOP_MARKET,SELL,100000.00,GTC,True,False,0.00,NO_LIQUIDITY_SIDE,,,,NO_TRIGGER,CANCELED,OUO,OL-20251013-123000-001-V2-1396,['O-20251013-123000-001-V2-4188'],O-20251013-123000-001-V2-4186,,,,['V2_POS1_SL'],26663e70-83d3-4b71-b96c-78148fd17da7,1760358600000000000,1760362860000000000,1.15587,DEFAULT,,,,,
O-20251013-123000-001-V2-4188,BACKTESTER-001,MLSignalStrategyV2-V2,EUR/USD.IDEALPRO,IDEALPRO-1-4188,EUR/USD.IDEALPRO-MLSignalStrategyV2-V2,IDEALPRO-001,IDEALPRO-1-751733,LIMIT,SELL,100000.00,GTC,True,False,100000.00,MAKER,1.15744,-8.999999999992347e-05,['2.31 USD'],NO_TRIGGER,FILLED,OUO,OL-20251013-123000-001-V2-1396,['O-20251013-123000-001-V2-4187'],O-20251013-123000-001-V2-4186,,,,['V2_POS1_TP'],a9c2bbcf-90f3-414b-90d6-f0d05fde6e1b,1760358600000000000,1760362860000000000,,,,,1.15735,False,
O-20251013-140000-001-V2-4189,BACKTESTER-001,MLSignalStrategyV2-V2,EUR/USD.IDEALPRO,IDEALPRO-1-4189,EUR/USD.IDEALPRO-MLSignalStrategyV2-V2,IDEALPRO-001,IDEALPRO-1-751772,MARKET,SELL,100000.00,GTC,False,False,100000.00,TAKER,1.15751,0.0,['2.32 USD'],NO_TRIGGER,FILLED,OTO,OL-20251013-140000-001-V2-1397,"['O-20251013-140000-001-V2-4190', 'O-20251013-140000-001-V2-4191']",,,,,['V2_POS1'],60ae75cb-b1e5-42cc-ada2-9fccc8820ee7,1760364000000000000,1760364000000000000,,,,,,,
O-20251013-140000-001-V2-4190,BACKTESTER-001,MLSignalStrategyV2-V2,EUR/USD.IDEALPRO,IDEALPRO-1-4190,EUR/USD.IDEALPRO-MLSignalStrategyV2-V2,IDEALPRO-001,,STOP_MARKET,BUY,100000.00,GTC,True,False,0.00,NO_LIQUIDITY_SIDE,,,,NO_TRIGGER,CANCELED,OUO,OL-20251013-140000-001-V2-1397,['O-20251013-140000-001-V2-4191'],O-20251013-140000-001-V2-4189,,,,['V2_POS1_SL'],4e29e8b6-25b7-4876-882a-d4d1a871d74f,1760364000000000000,1760364660000000000,1.15820,DEFAULT,,,,,
O-20251013-140000-001-V2-4191,BACKTESTER-001,MLSignalStrategyV2-V2,EUR/USD.IDEALPRO,IDEALPRO-1-4191,EUR/USD.IDEALPRO-MLSignalStrategyV2-V2,IDEALPRO-001,IDEALPRO-1-751795,LIMIT,BUY,100000.00,GTC,True,False,100000.00,MAKER,1.15675,-9.000000000014552e-05,['2.31 USD'],NO_TRIGGER,FILLED,OUO,OL-20251013-140000-001-V2-1397,['O-20251013-140000-001-V2-4190'],O-20251013-140000-001-V2-4189,,,,['V2_POS1_TP'],2b807e1c-caf8-4f1b-8608-da0242349e0b,1760364000000000000,1760364660000000000,,,,,1.15684,False,
O-20251013-144500-001-V2-4192,BACKTESTER-001,MLSignalStrategyV2-V2,EUR/USD.IDEALPRO,IDEALPRO-1-4192,EUR/USD.IDEALPRO-MLSignalStrategyV2-V2,IDEALPRO-001,IDEALPRO-1-751863,MARKET,SELL,100000.00,GTC,False,False,100000.00,TAKER,1.1564,0.0,['2.31 USD'],NO_TRIGGER,FILLED,OTO,OL-20251013-144500-001-V2-1398,"['O-20251013-144500-001-V2-4193', 'O-20251013-144500-001-V2-4194']",,,,,['V2_POS1'],5e87f36e-9b6a-416a-8d75-3a0bda0f3017,1760366700000000000,1760366700000000000,,,,,,,
O-20251013-144500-001-V2-4193,BACKTESTER-001,MLSignalStrategyV2-V2,EUR/USD.IDEALPRO,IDEALPRO-1-4193,EUR/USD.IDEALPRO-MLSignalStrategyV2-V2,IDEALPRO-001,,STOP_MARKET,BUY,100000.00,GTC,True,False,0.00,NO_LIQUIDITY_SIDE,,,,NO_TRIGGER,CANCELED,OUO,OL-20251013-144500-001-V2-1398,['O-20251013-144500-001-V2-4194'],O-20251013-144500-001-V2-4192,,,,['V2_POS1_SL'],577dbdfb-5683-4a4f-ba1f-be3b5ef6d52c,1760366700000000000,1760367360000000000,1.15713,DEFAULT,,,,,
O-20251013-144500-001-V2-4194,BACKTESTER-001,MLSignalStrategyV2-V2,EUR/USD.IDEALPRO,IDEALPRO-1-4194,EUR/USD.IDEALPRO-MLSignalStrategyV2-V2,IDEALPRO-001,IDEALPRO-1-751887,LIMIT,BUY,100000.00,GTC,True,False,100000.00,MAKER,1.15576,-5.0000000000105516e-05,['2.31 USD'],NO_TRIGGER,FILLED,OUO,OL-20251013-144500-001-V2-1398,['O-20251013-144500-001-V2-4193'],O-20251013-144500-001-V2-4192,,,,['V2_POS1_TP'],e5c182a7-3443-424a-896f-1ce67bcd7b40,1760366700000000000,1760367360000000000,,,,,1.15581,False,
O-20251013-151500-001-V2-4195,BACKTESTER-001,MLSignalStrategyV2-V2,EUR/USD.IDEALPRO,IDEALPRO-1-4195,EUR/USD.IDEALPRO-MLSignalStrategyV2-V2,IDEALPRO-001,IDEALPRO-1-751925,MARKET,SELL,100000.00,GTC,False,False,100000.00,TAKER,1.15655,0.0,['2.31 USD'],NO_TRIGGER,FILLED,OTO,OL-20251013-151500-001-V2-1399,"['O-20251013-151500-001-V2-4196', 'O-20251013-151500-001-V2-4197']",,,,,['V2_POS1'],01f71e23-f95b-4e30-b5cf-cbaeaaaa0bee,1760368500000000000,1760368500000000000,,,,,,,
O-20251013-151500-001-V2-4196,BACKTESTER-001,MLSignalStrategyV2-V2,EUR/USD.IDEALPRO,IDEALPRO-1-4196,EUR/USD.IDEALPRO-MLSignalStrategyV2-V2,IDEALPRO-001,IDEALPRO-1-751993,STOP_MARKET,BUY,100000.00,GTC,True,False,100000.00,TAKER,1.15741,7.00000000000145e-05,['2.31 USD'],NO_TRIGGER,FILLED,OUO,OL-20251013-151500-001-V2-1399,['O-20251013-151500-001-V2-4197'],O-20251013-151500-001-V2-4195,,,,['V2_POS1_SL'],c5600b97-1ff2-4de1-a361-7ba9296a9041,1760368500000000000,1760370480000000000,1.15734,DEFAULT,,,,,
O-20251013-151500-001-V2-4197,BACKTESTER-001,MLSignalStrategyV2-V2,EUR/USD.IDEALPRO,IDEALPRO-1-4197,EUR/USD.IDEALPRO-MLSignalStrategyV2-V2,IDEALPRO-001,,LIMIT,BUY,100000.00,GTC,True,False,0.00,NO_LIQUIDITY_SIDE,,,,NO_TRIGGER,CANCELED,OUO,OL-20251013-151500-001-V2-1399,['O-20251013-151500-001-V2-4196'],O-20251013-151500-001-V2-4195,,,,['V2_POS1_TP'],6f5d9bb3-2e82-4ad8-9c83-6363d98379d7,1760368500000000000,1760370480000000000,,,,,1.15606,False,
O-20251013-190000-001-V2-4198,BACKTESTER-001,MLSignalStrategyV2-V2,EUR/USD.IDEALPRO,IDEALPRO-1-4198,EUR/USD.IDEALPRO-MLSignalStrategyV2-V2,IDEALPRO-001,IDEALPRO-1-752378,MARKET,BUY,100000.00,GTC,False,False,100000.00,TAKER,1.15685,0.0,['2.31 USD'],NO_TRIGGER,FILLED,OTO,OL-20251013-190000-001-V2-1400,"['O-20251013-190000-001-V2-4199', 'O-20251013-190000-001-V2-4200']",,,,,['V2_POS1'],580d4386-8ff9-4e76-8dd7-d2bdb5c4dd9b,1760382000000000000,1760382000000000000,,,,,,,
O-20251013-190000-001-V2-4199,BACKTESTER-001,MLSignalStrategyV2-V2,EUR/USD.IDEALPRO,IDEALPRO-1-4199,EUR/USD.IDEALPRO-MLSignalStrategyV2-V2,IDEALPRO-001,,STOP_MARKET,SELL,100000.00,GTC,True,False,0.00,NO_LIQUIDITY_SIDE,,,,NO_TRIGGER,CANCELED,OUO,OL-20251013-190000-001-V2-1400,['O-20251013-190000-001-V2-4200'],O-20251013-190000-001-V2-4198,,,,['V2_POS1_SL'],5a49181c-f746-41fb-8c97-93288e2a4956,1760382000000000000,1760383080000000000,1.15643,DEFAULT,,,,,
O-20251013-190000-001-V2-4200,BACKTESTER-001,MLSignalStrategyV2-V2,EUR/USD.IDEALPRO,IDEALPRO-1-4200,EUR/USD.IDEALPRO-MLSignalStrategyV2-V2,IDEALPRO-001,IDEALPRO-1-752415,LIMIT,SELL,100000.00,GTC,True,False,100000.00,MAKER,1.15731,-4.0000000000040004e-05,['2.31 USD'],NO_TRIGGER,FILLED,OUO,OL-20251013-190000-001-V2-1400,['O-20251013-190000-001-V2-4199'],O-20251013-190000-001-V2-4198,,,,['V2_POS1_TP'],8c4e191c-2cdd-47f1-9201-3d86f022b5d3,1760382000000000000,1760383080000000000,,,,,1.15727,False,
O-20251013-193000-001-V2-4201,BACKTESTER-001,MLSignalStrategyV2-V2,EUR/USD.IDEALPRO,IDEALPRO-1-4201,EUR/USD.IDEALPRO-MLSignalStrategyV2-V2,IDEALPRO-001,IDEALPRO-1-752440,MARKET,BUY,100000.00,GTC,False,False,100000.00,TAKER,1.1572,0.0,['2.31 USD'],NO_TRIGGER,FILLED,OTO,OL-20251013-193000-001-V2-1401,"['O-20251013-193000-001-V2-4202', 'O-20251013-193000-001-V2-4203']",,,,,['V2_POS1'],821628cc-5f91-403e-97d8-b9b1bdd8c4b2,1760383800000000000,1760383800000000000,,,,,,,
O-20251013-193000-001-V2-4202,BACKTESTER-001,MLSignalStrategyV2-V2,EUR/USD.IDEALPRO,IDEALPRO-1-4202,EUR/USD.IDEALPRO-MLSignalStrategyV2-V2,IDEALPRO-001,IDEALPRO-1-752483,STOP_MARKET,SELL,100000.00,GTC,True,False,100000.00,TAKER,1.15676,4.0000000000040004e-05,['2.31 USD'],NO_TRIGGER,FILLED,OUO,OL-20251013-193000-001-V2-1401,['O-20251013-193000-001-V2-4203'],O-20251013-193000-001-V2-4201,,,,['V2_POS1_SL'],5498e5fe-1ebf-4ca7-baab-bcd26d7b66a0,1760383800000000000,1760385060000000000,1.15680,DEFAULT,,,,,
O-20251013-193000-001-V2-4203,BACKTESTER-001,MLSignalStrategyV2-V2,EUR/USD.IDEALPRO,IDEALPRO-1-4203,EUR/USD.IDEALPRO-MLSignalStrategyV2-V2,IDEALPRO-001,,LIMIT,SELL,100000.00,GTC,True,False,0.00,NO_LIQUIDITY_SIDE,,,,NO_TRIGGER,CANCELED,OUO,OL-20251013-193000-001-V2-1401,['O-20251013-193000-001-V2-4202'],O-20251013-193000-001-V2-4201,,,,['V2_POS1_TP'],57ddd290-6f17-4af8-b599-e97346855c69,1760383800000000000,1760385060000000000,,,,,1.15760,False,
O-20251013-200000-001-V2-4204,BACKTESTER-001,MLSignalStrategyV2-V2,EUR/USD.IDEALPRO,IDEALPRO-1-4204,EUR/USD.IDEALPRO-MLSignalStrategyV2-V2,IDEALPRO-001,IDEALPRO-1-752502,MARKET,BUY,100000.00,GTC,False,False,100000.00,TAKER,1.15664,0.0,['2.31 USD'],NO_TRIGGER,FILLED,OTO,OL-20251013-200000-001-V2-1402,"['O-20251013-200000-001-V2-4205', 'O-20251013-200000-001-V2-4206']",,,,,['V2_POS1'],b99bbe76-b612-4905-9f6a-5dd9d20dfcda,1760385600000000000,1760385600000000000,,,,,,,
O-20251013-200000-001-V2-4205,BACKTESTER-001,MLSignalStrategyV2-V2,EUR/USD.IDEALPRO,IDEALPRO-1-4205,EUR/USD.IDEALPRO-MLSignalStrategyV2-V2,IDEALPRO-001,,STOP_MARKET,SELL,100000.00,GTC,True,False,0.00,NO_LIQUIDITY_SIDE,,,,NO_TRIGGER,CANCELED,OUO,OL-20251013-200000-001-V2-1402,['O-20251013-200000-001-V2-4206'],O-20251013-200000-001-V2-4204,,,,['V2_POS1_SL'],57769369-17f5-42f5-890d-43071b299f73,1760385600000000000,1760386920000000000,1.15625,DEFAULT,,,,,
O-20251013-200000-001-V2-4206,BACKTESTER-001,MLSignalStrategyV2-V2,EUR/USD.IDEALPRO,IDEALPRO-1-4206,EUR/USD.IDEALPRO-MLSignalStrategyV2-V2,IDEALPRO-001,IDEALPRO-1-752547,LIMIT,SELL,100000.00,GTC,True,False,100000.00,MAKER,1.157,1.0000000000065512e-05,['2.31 USD'],NO_TRIGGER,FILLED,OUO,OL-20251013-200000-001-V2-1402,['O-20251013-200000-001-V2-4205'],O-20251013-200000-001-V2-4204,,,,['V2_POS1_TP'],1bfb466b-d182-4561-9baa-1353971d8cc7,1760385600000000000,1760386920000000000,,,,,1.15701,False,
O-20251013-203000-001-V2-4207,BACKTESTER-001,MLSignalStrategyV2-V2,EUR/USD.IDEALPRO,IDEALPRO-1-4207,EUR/USD.IDEALPRO-MLSignalStrategyV2-V2,IDEALPRO-001,IDEALPRO-1-752564,MARKET,BUY,100000.00,GTC,False,False,100000.00,TAKER,1.15671,0.0,['2.31 USD'],NO_TRIGGER,FILLED,OTO,OL-20251013-203000-001-V2-1403,"['O-20251013-203000-001-V2-4208', 'O-20251013-203000-001-V2-4209']",,,,,['V2_POS1'],dfb1dabd-a386-4d1a-9ee4-8d8f2e833c6e,1760387400000000000,1760387400000000000,,,,,,,
O-20251013-203000-001-V2-4208,BACKTESTER-001,MLSignalStrategyV2-V2,EUR/USD.IDEALPRO,IDEALPRO-1-4208,EUR/USD.IDEALPRO-MLSignalStrategyV2-V2,IDEALPRO-001,,STOP_MARKET,SELL,100000.00,GTC,True,False,0.00,NO_LIQUIDITY_SIDE,,,,NO_TRIGGER,CANCELED,OUO,OL-20251013-203000-001-V2-1403,['O-20251013-203000-001-V2-4209'],O-20251013-203000-001-V2-4207,,,,['V2_POS1_SL'],2c80b1b6-319f-4310-a3dd-28086711be39,1760387400000000000,1760389080000000000,1.15635,DEFAULT,,,,,
O-20251013-203000-001-V2-4209,BACKTESTER-001,MLSignalStrategyV2-V2,EUR/USD.IDEALPRO,IDEALPRO-1-4209,EUR/USD.IDEALPRO-MLSignalStrategyV2-V2,IDEALPRO-001,IDEALPRO-1-752621,LIMIT,SELL,100000.00,GTC,True,False,100000.00,MAKER,1.15706,1.0000000000065512e-05,['2.31 USD'],NO_TRIGGER,FILLED,OUO,OL-20251013-203000-001-V2-1403,['O-20251013-203000-001-V2-4208'],O-20251013-203000-001-V2-4207,,,,['V2_POS1_TP'],a2381d10-fa9a-42b2-ad26-910016e68bb1,1760387400000000000,1760389080000000000,,,,,1.15707,False,
O-20251013-220000-001-V2-4210,BACKTESTER-001,MLSignalStrategyV2-V2,EUR/USD.IDEALPRO,IDEALPRO-1-4210,EUR/USD.IDEALPRO-MLSignalStrategyV2-V2,IDEALPRO-001,IDEALPRO-1-752716,MARKET,BUY,100000.00,GTC,False,False,100000.00,TAKER,1.15719,0.0,['2.31 USD'],NO_TRIGGER,FILLED,OTO,OL-20251013-220000-001-V2-1404,"['O-20251013-220000-001-V2-4211', 'O-20251013-220000-001-V2-4212']",,,,,['V2_POS1'],d35f994b-0ca2-4a85-8dec-041a39dd428e,1760392800000000000,1760392800000000000,,,,,,,
O-20251013-220000-001-V2-4211,BACKTESTER-001,MLSignalStrategyV2-V2,EUR/USD.IDEALPRO,IDEALPRO-1-4211,EUR/USD.IDEALPRO-MLSignalStrategyV2-V2,IDEALPRO-001,IDEALPRO-1-752831,STOP_MARKET,SELL,100000.00,GTC,True,False,100000.00,TAKER,1.15684,4.999999999988347e-05,['2.31 USD'],NO_TRIGGER,FILLED,OUO,OL-20251013-220000-001-V2-1404,['O-20251013-220000-001-V2-4212'],O-20251013-220000-001-V2-4210,,,,['V2_POS1_SL'],326cea00-a645-474d-95ef-acc7c4ee5e47,1760392800000000000,1760396220000000000,1.15689,DEFAULT,,,,,
O-20251013-220000-001-V2-4212,BACKTESTER-001,MLSignalStrategyV2-V2,EUR/USD.IDEALPRO,IDEALPRO-1-4212,EUR/USD.IDEALPRO-MLSignalStrategyV2-V2,IDEALPRO-001,,LIMIT,SELL,100000.00,GTC,True,False,0.00,NO_LIQUIDITY_SIDE,,,,NO_TRIGGER,CANCELED,OUO,OL-20251013-220000-001-V2-1404,['O-20251013-220000-001-V2-4211'],O-20251013-220000-001-V2-4210,,,,['V2_POS1_TP'],626d0c6a-a380-425b-b6d2-27dc3f2f2787,1760392800000000000,1760396220000000000,,,,,1.15749,False,
O-20251014-001500-001-V2-4213,BACKTESTER-001,MLSignalStrategyV2-V2,EUR/USD.IDEALPRO,IDEALPRO-1-4213,EUR/USD.IDEALPRO-MLSignalStrategyV2-V2,IDEALPRO-001,IDEALPRO-1-752988,MARKET,BUY,100000.00,GTC,False,False,100000.00,TAKER,1.1559,0.0,['2.31 USD'],NO_TRIGGER,FILLED,OTO,OL-20251014-001500-001-V2-1405,"['O-20251014-001500-001-V2-4214', 'O-20251014-001500-001-V2-4215']",,,,,['V2_POS1'],9b4461b4-2d66-4154-87a2-59b5d7c7b902,1760400900000000000,1760400900000000000,,,,,,,
O-20251014-001500-001-V2-4214,BACKTESTER-001,MLSignalStrategyV2-V2,EUR/USD.IDEALPRO,IDEALPRO-1-4214,EUR/USD.IDEALPRO-MLSignalStrategyV2-V2,IDEALPRO-001,IDEALPRO-1-753019,STOP_MARKET,SELL,100000.00,GTC,True,False,100000.00,TAKER,1.15552,4.999999999988347e-05,['2.31 USD'],NO_TRIGGER,FILLED,OUO,OL-20251014-001500-001-V2-1405,['O-20251014-001500-001-V2-4215'],O-20251014-001500-001-V2-4213,,,,['V2_POS1_SL'],1443806c-f57e-4860-bf52-51e72c4c7ef2,1760400900000000000,1760401800000000000,1.15557,DEFAULT,,,,,
O-20251014-001500-001-V2-4215,BACKTESTER-001,MLSignalStrategyV2-V2,EUR/USD.IDEALPRO,IDEALPRO-1-4215,EUR/USD.IDEALPRO-MLSignalStrategyV2-V2,IDEALPRO-001,,LIMIT,SELL,100000.00,GTC,True,False,0.00,NO_LIQUIDITY_SIDE,,,,NO_TRIGGER,CANCELED,OUO,OL-20251014-001500-001-V2-1405,['O-20251014-001500-001-V2-4214'],O-20251014-001500-001-V2-4213,,,,['V2_POS1_TP'],d810334e-c922-4f72-9b05-97a110730400,1760400900000000000,1760401800000000000,,,,,1.15623,False,
O-20251014-003000-001-V2-4216,BACKTESTER-001,MLSignalStrategyV2-V2,EUR/USD.IDEALPRO,IDEALPRO-1-4216,EUR/USD.IDEALPRO-MLSignalStrategyV2-V2,IDEALPRO-001,IDEALPRO-1-753020,MARKET,BUY,100000.00,GTC,False,False,100000.00,TAKER,1.1556,0.0,['2.31 USD'],NO_TRIGGER,FILLED,OTO,OL-20251014-003000-001-V2-1406,"['O-20251014-003000-001-V2-4217', 'O-20251014-003000-001-V2-4218']",,,,,['V2_POS1'],202fb28d-d400-4b05-8ace-fa5d1f457437,1760401800000000000,1760401800000000000,,,,,,,
O-20251014-003000-001-V2-4217,BACKTESTER-001,MLSignalStrategyV2-V2,EUR/USD.IDEALPRO,IDEALPRO-1-4217,EUR/USD.IDEALPRO-MLSignalStrategyV2-V2,IDEALPRO-001,,STOP_MARKET,SELL,100000.00,GTC,True,False,0.00,NO_LIQUIDITY_SIDE,,,,NO_TRIGGER,CANCELED,OUO,OL-20251014-003000-001-V2-1406,['O-20251014-003000-001-V2-4218'],O-20251014-003000-001-V2-4216,,,,['V2_POS1_SL'],5ac28f7f-38ea-4266-9e23-feb3c9053783,1760401800000000000,1760402760000000000,1.15521,DEFAULT,,,,,
O-20251014-003000-001-V2-4218,BACKTESTER-001,MLSignalStrategyV2-V2,EUR/USD.IDEALPRO,IDEALPRO-1-4218,EUR/USD.IDEALPRO-MLSignalStrategyV2-V2,IDEALPRO-001,IDEALPRO-1-753053,LIMIT,SELL,100000.00,GTC,True,False,100000.00,MAKER,1.156,-2.999999999997449e-05,['2.31 USD'],NO_TRIGGER,FILLED,OUO,OL-20251014-003000-001-V2-1406,['O-20251014-003000-001-V2-4217'],O-20251014-003000-001-V2-4216,,,,['V2_POS1_TP'],a0e72eb7-90b6-48de-bac1-06babce7a2e6,1760401800000000000,1760402760000000000,,,,,1.15597,False,
O-20251014-011500-001-V2-4219,BACKTESTER-001,MLSignalStrategyV2-V2,EUR/USD.IDEALPRO,IDEALPRO-1-4219,EUR/USD.IDEALPRO-MLSignalStrategyV2-V2,IDEALPRO-001,IDEALPRO-1-753112,MARKET,SELL,100000.00,GTC,False,False,100000.00,TAKER,1.1568,0.0,['2.31 USD'],NO_TRIGGER,FILLED,OTO,OL-20251014-011500-001-V2-1407,"['O-20251014-011500-001-V2-4220', 'O-20251014-011500-001-V2-4221']",,,,,['V2_POS1'],9cee9e84-f699-402b-a7c9-176bbb163755,1760404500000000000,1760404500000000000,,,,,,,
O-20251014-011500-001-V2-4220,BACKTESTER-001,MLSignalStrategyV2-V2,EUR/USD.IDEALPRO,IDEALPRO-1-4220,EUR/USD.IDEALPRO-MLSignalStrategyV2-V2,IDEALPRO-001,IDEALPRO-1-753137,STOP_MARKET,BUY,100000.00,GTC,True,False,100000.00,TAKER,1.15725,5.999999999994898e-05,['2.31 USD'],NO_TRIGGER,FILLED,OUO,OL-20251014-011500-001-V2-1407,['O-20251014-011500-001-V2-4221'],O-20251014-011500-001-V2-4219,,,,['V2_POS1_SL'],0f69c8d5-2d3d-40cf-82ed-458503fdee40,1760404500000000000,1760405220000000000,1.15719,DEFAULT,,,,,
O-20251014-011500-001-V2-4221,BACKTESTER-001,MLSignalStrategyV2-V2,EUR/USD.IDEALPRO,IDEALPRO-1-4221,EUR/USD.IDEALPRO-MLSignalStrategyV2-V2,IDEALPRO-001,,LIMIT,BUY,100000.00,GTC,True,False,0.00,NO_LIQUIDITY_SIDE,,,,NO_TRIGGER,CANCELED,OUO,OL-20251014-011500-001-V2-1407,['O-20251014-011500-001-V2-4220'],O-20251014-011500-001-V2-4219,,,,['V2_POS1_TP'],567fd818-9cc9-4505-a99d-db50f87c83ae,1760404500000000000,1760405220000000000,,,,,1.15641,False,
O-20251014-074500-001-V2-4222,BACKTESTER-001,MLSignalStrategyV2-V2,EUR/USD.IDEALPRO,IDEALPRO-1-4222,EUR/USD.IDEALPRO-MLSignalStrategyV2-V2,IDEALPRO-001,IDEALPRO-1-753894,MARKET,BUY,100000.00,GTC,False,False,100000.00,TAKER,1.15441,0.0,['2.31 USD'],NO_TRIGGER,FILLED,OTO,OL-20251014-074500-001-V2-1408,"['O-20251014-074500-001-V2-4223', 'O-20251014-074500-001-V2-4224']",,,,,['V2_POS1'],e9b74abe-416a-4eec-8ef8-18964b5c989d,1760427900000000000,1760427900000000000,,,,,,,
O-20251014-074500-001-V2-4223,BACKTESTER-001,MLSignalStrategyV2-V2,EUR/USD.IDEALPRO,IDEALPRO-1-4223,EUR/USD.IDEALPRO-MLSignalStrategyV2-V2,IDEALPRO-001,,STOP_MARKET,SELL,100000.00,GTC,True,False,0.00,NO_LIQUIDITY_SIDE,,,,NO_TRIGGER,CANCELED,OUO,OL-20251014-074500-001-V2-1408,['O-20251014-074500-001-V2-4224'],O-20251014-074500-001-V2-4222,,,,['V2_POS1_SL'],f0b3c5df-bb4e-4aae-aebf-7e28fa4006a3,1760427900000000000,1760428320000000000,1.15367,DEFAULT,,,,,
O-20251014-074500-001-V2-4224,BACKTESTER-001,MLSignalStrategyV2-V2,EUR/USD.IDEALPRO,IDEALPRO-1-4224,EUR/USD.IDEALPRO-MLSignalStrategyV2-V2,IDEALPRO-001,IDEALPRO-1-753909,LIMIT,SELL,100000.00,GTC,True,False,100000.00,MAKER,1.15525,-0.00010000000000021103,['2.31 USD'],NO_TRIGGER,FILLED,OUO,OL-20251014-074500-001-V2-1408,['O-20251014-074500-001-V2-4223'],O-20251014-074500-001-V2-4222,,,,['V2_POS1_TP'],e34b51c2-9555-43ba-80e5-65347bdbe346,1760427900000000000,1760428320000000000,,,,,1.15515,False,
O-20251014-121500-001-V2-4225,BACKTESTER-001,MLSignalStrategyV2-V2,EUR/USD.IDEALPRO,IDEALPRO-1-4225,EUR/USD.IDEALPRO-MLSignalStrategyV2-V2,IDEALPRO-001,IDEALPRO-1-754436,MARKET,SELL,100000.00,GTC,False,False,100000.00,TAKER,1.15592,0.0,['2.31 USD'],NO_TRIGGER,FILLED,OTO,OL-20251014-121500-001-V2-1409,"['O-20251014-121500-001-V2-4226', 'O-20251014-121500-001-V2-4227']",,,,,['V2_POS1'],274caa9e-225d-44e2-87c3-e7ca6c1e4e56,1760444100000000000,1760444100000000000,,,,,,,
O-20251014-121500-001-V2-4226,BACKTESTER-001,MLSignalStrategyV2-V2,EUR/USD.IDEALPRO,IDEALPRO-1-4226,EUR/USD.IDEALPRO-MLSignalStrategyV2-V2,IDEALPRO-001,IDEALPRO-1-754441,STOP_MARKET,BUY,100000.00,GTC,True,False,100000.00,TAKER,1.15653,5.0000000000105516e-05,['2.31 USD'],NO_TRIGGER,FILLED,OUO,OL-20251014-121500-001-V2-1409,['O-20251014-121500-001-V2-4227'],O-20251014-121500-001-V2-4225,,,,['V2_POS1_SL'],ea22655f-4b60-4da8-a1ab-12562130d94c,1760444100000000000,1760444220000000000,1.15648,DEFAULT,,,,,
O-20251014-121500-001-V2-4227,BACKTESTER-001,MLSignalStrategyV2-V2,EUR/USD.IDEALPRO,IDEALPRO-1-4227,EUR/USD.IDEALPRO-MLSignalStrategyV2-V2,IDEALPRO-001,,LIMIT,BUY,100000.00,GTC,True,False,0.00,NO_LIQUIDITY_SIDE,,,,NO_TRIGGER,CANCELED,OUO,OL-20251014-121500-001-V2-1409,['O-20251014-121500-001-V2-4226'],O-20251014-121500-001-V2-4225,,,,['V2_POS1_TP'],0455402b-9290-4b9e-93fe-c58aab49e2a2,1760444100000000000,1760444220000000000,,,,,1.15536,False,
O-20251014-143000-001-V2-4228,BACKTESTER-001,MLSignalStrategyV2-V2,EUR/USD.IDEALPRO,IDEALPRO-1-4228,EUR/USD.IDEALPRO-MLSignalStrategyV2-V2,IDEALPRO-001,IDEALPRO-1-754708,MARKET,BUY,100000.00,GTC,False,False,100000.00,TAKER,1.15807,0.0,['2.32 USD'],NO_TRIGGER,FILLED,OTO,OL-20251014-143000-001-V2-1410,"['O-20251014-143000-001-V2-4229', 'O-20251014-143000-001-V2-4230']",,,,,['V2_POS1'],2b0a3f0b-abfc-41e8-a213-f786c3599e74,1760452200000000000,1760452200000000000,,,,,,,
O-20251014-143000-001-V2-4229,BACKTESTER-001,MLSignalStrategyV2-V2,EUR/USD.IDEALPRO,IDEALPRO-1-4229,EUR/USD.IDEALPRO-MLSignalStrategyV2-V2,IDEALPRO-001,,STOP_MARKET,SELL,100000.00,GTC,True,False,0.00,NO_LIQUIDITY_SIDE,,,,NO_TRIGGER,CANCELED,OUO,OL-20251014-143000-001-V2-1410,['O-20251014-143000-001-V2-4230'],O-20251014-143000-001-V2-4228,,,,['V2_POS1_SL'],8bf7b5ab-2175-4703-89b8-edc2ec21dcf7,1760452200000000000,1760452680000000000,1.15727,DEFAULT,,,,,
O-20251014-143000-001-V2-4230,BACKTESTER-001,MLSignalStrategyV2-V2,EUR/USD.IDEALPRO,IDEALPRO-1-4230,EUR/USD.IDEALPRO-MLSignalStrategyV2-V2,IDEALPRO-001,IDEALPRO-1-754725,LIMIT,SELL,100000.00,GTC,True,False,100000.00,MAKER,1.15907,-0.000220000000000109,['2.32 USD'],NO_TRIGGER,FILLED,OUO,OL-20251014-143000-001-V2-1410,['O-20251014-143000-001-V2-4229'],O-20251014-143000-001-V2-4228,,,,['V2_POS1_TP'],aac54f99-fbfb-4f44-b28f-783e65d0cfb3,1760452200000000000,1760452680000000000,,,,,1.15885,False,
O-20251014-144500-001-V2-4231,BACKTESTER-001,MLSignalStrategyV2-V2,EUR/USD.IDEALPRO,IDEALPRO-1-4231,EUR/USD.IDEALPRO-MLSignalStrategyV2-V2,IDEALPRO-001,IDEALPRO-1-754740,MARKET,BUY,100000.00,GTC,False,False,100000.00,TAKER,1.1589,0.0,['2.32 USD'],NO_TRIGGER,FILLED,OTO,OL-20251014-144500-001-V2-1411,"['O-20251014-144500-001-V2-4232', 'O-20251014-144500-001-V2-4233']",,,,,['V2_POS1'],fa9059a5-fd1b-42df-a8ae-d68d0594a8b2,1760453100000000000,1760453100000000000,,,,,,,
O-20251014-144500-001-V2-4232,BACKTESTER-001,MLSignalStrategyV2-V2,EUR/USD.IDEALPRO,IDEALPRO-1-4232,EUR/USD.IDEALPRO-MLSignalStrategyV2-V2,IDEALPRO-001,,STOP_MARKET,SELL,100000.00,GTC,True,False,0.00,NO_LIQUIDITY_SIDE,,,,NO_TRIGGER,CANCELED,OUO,OL-20251014-144500-001-V2-1411,['O-20251014-144500-001-V2-4233'],O-20251014-144500-001-V2-4231,,,,['V2_POS1_SL'],37b4254c-9949-4da3-b917-3b88f20bece5,1760453100000000000,1760453880000000000,1.15808,DEFAULT,,,,,
O-20251014-144500-001-V2-4233,BACKTESTER-001,MLSignalStrategyV2-V2,EUR/USD.IDEALPRO,IDEALPRO-1-4233,EUR/USD.IDEALPRO-MLSignalStrategyV2-V2,IDEALPRO-001,IDEALPRO-1-754767,LIMIT,SELL,100000.00,GTC,True,False,100000.00,MAKER,1.15975,-2.999999999997449e-05,['2.32 USD'],NO_TRIGGER,FILLED,OUO,OL-20251014-144500-001-V2-1411,['O-20251014-144500-001-V2-4232'],O-20251014-144500-001-V2-4231,,,,['V2_POS1_TP'],de8ca1a2-5a76-454a-8493-2c47d5f50a88,1760453100000000000,1760453880000000000,,,,,1.15972,False,
O-20251014-163000-001-V2-4234,BACKTESTER-001,MLSignalStrategyV2-V2,EUR/USD.IDEALPRO,IDEALPRO-1-4234,EUR/USD.IDEALPRO-MLSignalStrategyV2-V2,IDEALPRO-001,IDEALPRO-1-754952,MARKET,SELL,100000.00,GTC,False,False,100000.00,TAKER,1.16085,0.0,['2.32 USD'],NO_TRIGGER,FILLED,OTO,OL-20251014-163000-001-V2-1412,"['O-20251014-163000-001-V2-4235', 'O-20251014-163000-001-V2-4236']",,,,,['V2_POS1'],cc6cf2a0-38f5-49a5-b518-c377d96fae3f,1760459400000000000,1760459400000000000,,,,,,,
O-20251014-163000-001-V2-4235,BACKTESTER-001,MLSignalStrategyV2-V2,EUR/USD.IDEALPRO,IDEALPRO-1-4235,EUR/USD.IDEALPRO-MLSignalStrategyV2-V2,IDEALPRO-001,,STOP_MARKET,BUY,100000.00,GTC,True,False,0.00,NO_LIQUIDITY_SIDE,,,,NO_TRIGGER,CANCELED,OUO,OL-20251014-163000-001-V2-1412,['O-20251014-163000-001-V2-4236'],O-20251014-163000-001-V2-4234,,,,['V2_POS1_SL'],3194eefe-de4d-43da-a23a-0255a5e47f8d,1760459400000000000,1760473860000000000,1.16167,DEFAULT,,,,,
O-20251014-163000-001-V2-4236,BACKTESTER-001,MLSignalStrategyV2-V2,EUR/USD.IDEALPRO,IDEALPRO-1-4236,EUR/USD.IDEALPRO-MLSignalStrategyV2-V2,IDEALPRO-001,IDEALPRO-1-755435,LIMIT,BUY,100000.00,GTC,True,False,100000.00,MAKER,1.16003,0.0,['2.32 USD'],NO_TRIGGER,FILLED,OUO,OL-20251014-163000-001-V2-1412,['O-20251014-163000-001-V2-4235'],O-20251014-163000-001-V2-4234,,,,['V2_POS1_TP'],a8a80617-df81-477e-b03a-4a439383967e,1760459400000000000,1760473860000000000,,,,,1.16003,False,
O-20251015-020000-001-V2-4237,BACKTESTER-001,MLSignalStrategyV2-V2,EUR/USD.IDEALPRO,IDEALPRO-1-4237,EUR/USD.IDEALPRO-MLSignalStrategyV2-V2,IDEALPRO-001,IDEALPRO-1-756064,MARKET,SELL,100000.00,GTC,False,False,100000.00,TAKER,1.16192,0.0,['2.32 USD'],NO_TRIGGER,FILLED,OTO,OL-20251015-020000-001-V2-1413,"['O-20251015-020000-001-V2-4238', 'O-20251015-020000-001-V2-4239']",,,,,['V2_POS1'],6f494536-a976-4bc3-81c0-68f9a6bfb8ff,1760493600000000000,1760493600000000000,,,,,,,
O-20251015-020000-001-V2-4238,BACKTESTER-001,MLSignalStrategyV2-V2,EUR/USD.IDEALPRO,IDEALPRO-1-4238,EUR/USD.IDEALPRO-MLSignalStrategyV2-V2,IDEALPRO-001,IDEALPRO-1-756085,STOP_MARKET,BUY,100000.00,GTC,True,False,100000.00,TAKER,1.1624,7.00000000000145e-05,['2.32 USD'],NO_TRIGGER,FILLED,OUO,OL-20251015-020000-001-V2-1413,['O-20251015-020000-001-V2-4239'],O-20251015-020000-001-V2-4237,,,,['V2_POS1_SL'],a55937e6-9833-4c36-9799-d8a2e50e9fdc,1760493600000000000,1760494200000000000,1.16233,DEFAULT,,,,,
O-20251015-020000-001-V2-4239,BACKTESTER-001,MLSignalStrategyV2-V2,EUR/USD.IDEALPRO,IDEALPRO-1-4239,EUR/USD.IDEALPRO-MLSignalStrategyV2-V2,IDEALPRO-001,,LIMIT,BUY,100000.00,GTC,True,False,0.00,NO_LIQUIDITY_SIDE,,,,NO_TRIGGER,CANCELED,OUO,OL-20251015-020000-001-V2-1413,['O-20251015-020000-001-V2-4238'],O-20251015-020000-001-V2-4237,,,,['V2_POS1_TP'],30d1c3f3-82cd-49b5-b83e-dd49bc4c9b6f,1760493600000000000,1760494200000000000,,,,,1.16151,False,
O-20251015-023000-001-V2-4240,BACKTESTER-001,MLSignalStrategyV2-V2,EUR/USD.IDEALPRO,IDEALPRO-1-4240,EUR/USD.IDEALPRO-MLSignalStrategyV2-V2,IDEALPRO-001,IDEALPRO-1-756127,MARKET,SELL,100000.00,GTC,False,False,100000.00,TAKER,1.16219,0.0,['2.32 USD'],NO_TRIGGER,FILLED,OTO,OL-20251015-023000-001-V2-1414,"['O-20251015-023000-001-V2-4241', 'O-20251015-023000-001-V2-4242']",,,,,['V2_POS1'],225d9578-40db-4e69-b027-f94e38c3e9e7,1760495400000000000,1760495400000000000,,,,,,,
O-20251015-023000-001-V2-4241,BACKTESTER-001,MLSignalStrategyV2-V2,EUR/USD.IDEALPRO,IDEALPRO-1-4241,EUR/USD.IDEALPRO-MLSignalStrategyV2-V2,IDEALPRO-001,IDEALPRO-1-756177,STOP_MARKET,BUY,100000.00,GTC,True,False,100000.00,TAKER,1.1626,1.0000000000065512e-05,['2.33 USD'],NO_TRIGGER,FILLED,OUO,OL-20251015-023000-001-V2-1414,['O-20251015-023000-001-V2-4242'],O-20251015-023000-001-V2-4240,,,,['V2_POS1_SL'],78a7ed37-d433-4184-bb1a-98a8134aeb90,1760495400000000000,1760496900000000000,1.16259,DEFAULT,,,,,
O-20251015-023000-001-V2-4242,BACKTESTER-001,MLSignalStrategyV2-V2,EUR/USD.IDEALPRO,IDEALPRO-1-4242,EUR/USD.IDEALPRO-MLSignalStrategyV2-V2,IDEALPRO-001,,LIMIT,BUY,100000.00,GTC,True,False,0.00,NO_LIQUIDITY_SIDE,,,,NO_TRIGGER,CANCELED,OUO,OL-20251015-023000-001-V2-1414,['O-20251015-023000-001-V2-4241'],O-20251015-023000-001-V2-4240,,,,['V2_POS1_TP'],18b99e12-6638-402a-87ee-737452717243,1760495400000000000,1760496900000000000,,,,,1.16181,False,
O-20251015-033000-001-V2-4243,BACKTESTER-001,MLSignalStrategyV2-V2,EUR/USD.IDEALPRO,IDEALPRO-1-4243,EUR/USD.IDEALPRO-MLSignalStrategyV2-V2,IDEALPRO-001,IDEALPRO-1-756248,MARKET,SELL,100000.00,GTC,False,False,100000.00,TAKER,1.16206,0.0,['2.32 USD'],NO_TRIGGER,FILLED,OTO,OL-20251015-033000-001-V2-1415,"['O-20251015-033000-001-V2-4244', 'O-20251015-033000-001-V2-4245']",,,,,['V2_POS1'],cc91b609-89e1-4437-a7be-e3053ab3ad2d,1760499000000000000,1760499000000000000,,,,,,,
O-20251015-033000-001-V2-4244,BACKTESTER-001,MLSignalStrategyV2-V2,EUR/USD.IDEALPRO,IDEALPRO-1-4244,EUR/USD.IDEALPRO-MLSignalStrategyV2-V2,IDEALPRO-001,IDEALPRO-1-756285,STOP_MARKET,BUY,100000.00,GTC,True,False,100000.00,TAKER,1.16243,1.0000000000065512e-05,['2.32 USD'],NO_TRIGGER,FILLED,OUO,OL-20251015-033000-001-V2-1415,['O-20251015-033000-001-V2-4245'],O-20251015-033000-001-V2-4243,,,,['V2_POS1_SL'],ec3a3d46-db03-4eb2-acbb-5a836506a83b,1760499000000000000,1760500080000000000,1.16242,DEFAULT,,,,,
O-20251015-033000-001-V2-4245,BACKTESTER-001,MLSignalStrategyV2-V2,EUR/USD.IDEALPRO,IDEALPRO-1-4245,EUR/USD.IDEALPRO-MLSignalStrategyV2-V2,IDEALPRO-001,,LIMIT,BUY,100000.00,GTC,True,False,0.00,NO_LIQUIDITY_SIDE,,,,NO_TRIGGER,CANCELED,OUO,OL-20251015-033000-001-V2-1415,['O-20251015-033000-001-V2-4244'],O-20251015-033000-001-V2-4243,,,,['V2_POS1_TP'],f1fc45e4-603f-4622-9460-2807d37c7678,1760499000000000000,1760500080000000000,,,,,1.16172,False,
O-20251015-043000-001-V2-4246,BACKTESTER-001,MLSignalStrategyV2-V2,EUR/USD.IDEALPRO,IDEALPRO-1-4246,EUR/USD.IDEALPRO-MLSignalStrategyV2-V2,IDEALPRO-001,IDEALPRO-1-756370,MARKET,SELL,100000.00,GTC,False,False,100000.00,TAKER,1.16182,0.0,['2.32 USD'],NO_TRIGGER,FILLED,OTO,OL-20251015-043000-001-V2-1416,"['O-20251015-043000-001-V2-4247', 'O-20251015-043000-001-V2-4248']",,,,,['V2_POS1'],8a221b6d-40ff-48d6-8b1f-ec41df958e95,1760502600000000000,1760502600000000000,,,,,,,
O-20251015-043000-001-V2-4247,BACKTESTER-001,MLSignalStrategyV2-V2,EUR/USD.IDEALPRO,IDEALPRO-1-4247,EUR/USD.IDEALPRO-MLSignalStrategyV2-V2,IDEALPRO-001,IDEALPRO-1-756447,STOP_MARKET,BUY,100000.00,GTC,True,False,100000.00,TAKER,1.16216,1.0000000000065512e-05,['2.32 USD'],NO_TRIGGER,FILLED,OUO,OL-20251015-043000-001-V2-1416,['O-20251015-043000-001-V2-4248'],O-20251015-043000-001-V2-4246,,,,['V2_POS1_SL'],8c5d15dc-22ec-4d80-aa13-965e48921078,1760502600000000000,1760504880000000000,1.16215,DEFAULT,,,,,
O-20251015-043000-001-V2-4248,BACKTESTER-001,MLSignalStrategyV2-V2,EUR/USD.IDEALPRO,IDEALPRO-1-4248,EUR/USD.IDEALPRO-MLSignalStrategyV2-V2,IDEALPRO-001,,LIMIT,BUY,100000.00,GTC,True,False,0.00,NO_LIQUIDITY_SIDE,,,,NO_TRIGGER,CANCELED,OUO,OL-20251015-043000-001-V2-1416,['O-20251015-043000-001-V2-4247'],O-20251015-043000-001-V2-4246,,,,['V2_POS1_TP'],369a4cd6-0978-45a4-90da-e073455e1b32,1760502600000000000,1760504880000000000,,,,,1.16151,False,
O-20251015-080000-001-V2-4249,BACKTESTER-001,MLSignalStrategyV2-V2,EUR/USD.IDEALPRO,IDEALPRO-1-4249,EUR/USD.IDEALPRO-MLSignalStrategyV2-V2,IDEALPRO-001,IDEALPRO-1-756793,MARKET,BUY,100000.00,GTC,False,False,100000.00,TAKER,1.16357,0.0,['2.33 USD'],NO_TRIGGER,FILLED,OTO,OL-20251015-080000-001-V2-1417,"['O-20251015-080000-001-V2-4250', 'O-20251015-080000-001-V2-4251']",,,,,['V2_POS1'],e2363246-d2f2-46bf-bcfd-af3cf1688978,1760515200000000000,1760515200000000000,,,,,,,
O-20251015-080000-001-V2-4250,BACKTESTER-001,MLSignalStrategyV2-V2,EUR/USD.IDEALPRO,IDEALPRO-1-4250,EUR/USD.IDEALPRO-MLSignalStrategyV2-V2,IDEALPRO-001,,STOP_MARKET,SELL,100000.00,GTC,True,False,0.00,NO_LIQUIDITY_SIDE,,,,NO_TRIGGER,CANCELED,OUO,OL-20251015-080000-001-V2-1417,['O-20251015-080000-001-V2-4251'],O-20251015-080000-001-V2-4249,,,,['V2_POS1_SL'],7a59702a-5990-4dfe-ba35-d4f68b560e8e,1760515200000000000,1760518080000000000,1.16294,DEFAULT,,,,,
O-20251015-080000-001-V2-4251,BACKTESTER-001,MLSignalStrategyV2-V2,EUR/USD.IDEALPRO,IDEALPRO-1-4251,EUR/USD.IDEALPRO-MLSignalStrategyV2-V2,IDEALPRO-001,IDEALPRO-1-756889,LIMIT,SELL,100000.00,GTC,True,False,100000.00,MAKER,1.16423,-5.0000000000105516e-05,['2.33 USD'],NO_TRIGGER,FILLED,OUO,OL-20251015-080000-001-V2-1417,['O-20251015-080000-001-V2-4250'],O-20251015-080000-001-V2-4249,,,,['V2_POS1_TP'],a05382e1-d56c-4cc2-81de-c7974cef3375,1760515200000000000,1760518080000000000,,,,,1.16418,False,
O-20251015-161500-001-V2-4252,BACKTESTER-001,MLSignalStrategyV2-V2,EUR/USD.IDEALPRO,IDEALPRO-1-4252,EUR/USD.IDEALPRO-MLSignalStrategyV2-V2,IDEALPRO-001,IDEALPRO-1-757784,MARKET,BUY,100000.00,GTC,False,False,100000.00,TAKER,1.16312,0.0,['2.33 USD'],NO_TRIGGER,FILLED,OTO,OL-20251015-161500-001-V2-1418,"['O-20251015-161500-001-V2-4253', 'O-20251015-161500-001-V2-4254']",,,,,['V2_POS1'],b0b69dc4-498b-4aa6-8171-d14c267f7ab4,1760544900000000000,1760544900000000000,,,,,,,
O-20251015-161500-001-V2-4253,BACKTESTER-001,MLSignalStrategyV2-V2,EUR/USD.IDEALPRO,IDEALPRO-1-4253,EUR/USD.IDEALPRO-MLSignalStrategyV2-V2,IDEALPRO-001,,STOP_MARKET,SELL,100000.00,GTC,True,False,0.00,NO_LIQUIDITY_SIDE,,,,NO_TRIGGER,CANCELED,OUO,OL-20251015-161500-001-V2-1418,['O-20251015-161500-001-V2-4254'],O-20251015-161500-001-V2-4252,,,,['V2_POS1_SL'],477a4a8e-da92-4069-a7f2-f31321b5c469,1760544900000000000,1760546220000000000,1.16236,DEFAULT,,,,,
O-20251015-161500-001-V2-4254,BACKTESTER-001,MLSignalStrategyV2-V2,EUR/USD.IDEALPRO,IDEALPRO-1-4254,EUR/USD.IDEALPRO-MLSignalStrategyV2-V2,IDEALPRO-001,IDEALPRO-1-757829,LIMIT,SELL,100000.00,GTC,True,False,100000.00,MAKER,1.16388,-2.0000000000131024e-05,['2.33 USD'],NO_TRIGGER,FILLED,OUO,OL-20251015-161500-001-V2-1418,['O-20251015-161500-001-V2-4253'],O-20251015-161500-001-V2-4252,,,,['V2_POS1_TP'],c5192eab-6732-4bf1-87c2-53db59ffb8de,1760544900000000000,1760546220000000000,,,,,1.16386,False,
O-20251015-164500-001-V2-4255,BACKTESTER-001,MLSignalStrategyV2-V2,EUR/USD.IDEALPRO,IDEALPRO-1-4255,EUR/USD.IDEALPRO-MLSignalStrategyV2-V2,IDEALPRO-001,IDEALPRO-1-757847,MARKET,BUY,100000.00,GTC,False,False,100000.00,TAKER,1.16359,0.0,['2.33 USD'],NO_TRIGGER,FILLED,OTO,OL-20251015-164500-001-V2-1419,"['O-20251015-164500-001-V2-4256', 'O-20251015-164500-001-V2-4257']",,,,,['V2_POS1'],395555b0-2dd8-4b04-968e-07486d5ee578,1760546700000000000,1760546700000000000,,,,,,,
O-20251015-164500-001-V2-4256,BACKTESTER-001,MLSignalStrategyV2-V2,EUR/USD.IDEALPRO,IDEALPRO-1-4256,EUR/USD.IDEALPRO-MLSignalStrategyV2-V2,IDEALPRO-001,IDEALPRO-1-757959,STOP_MARKET,SELL,100000.00,GTC,True,False,100000.00,TAKER,1.16283,8.000000000008001e-05,['2.33 USD'],NO_TRIGGER,FILLED,OUO,OL-20251015-164500-001-V2-1419,['O-20251015-164500-001-V2-4257'],O-20251015-164500-001-V2-4255,,,,['V2_POS1_SL'],b52aaa68-1871-4a47-837c-010c8faa140e,1760546700000000000,1760550060000000000,1.16291,DEFAULT,,,,,
O-20251015-164500-001-V2-4257,BACKTESTER-001,MLSignalStrategyV2-V2,EUR/USD.IDEALPRO,IDEALPRO-1-4257,EUR/USD.IDEALPRO-MLSignalStrategyV2-V2,IDEALPRO-001,,LIMIT,SELL,100000.00,GTC,True,False,0.00,NO_LIQUIDITY_SIDE,,,,NO_TRIGGER,CANCELED,OUO,OL-20251015-164500-001-V2-1419,['O-20251015-164500-001-V2-4256'],O-20251015-164500-001-V2-4255,,,,['V2_POS1_TP'],ca663c94-c768-4f82-93e9-53b7653d283e,1760546700000000000,1760550060000000000,,,,,1.16427,False,
O-20251016-033000-001-V2-4258,BACKTESTER-001,MLSignalStrategyV2-V2,EUR/USD.IDEALPRO,IDEALPRO-1-4258,EUR/USD.IDEALPRO-MLSignalStrategyV2-V2,IDEALPRO-001,IDEALPRO-1-759109,MARKET,SELL,100000.00,GTC,False,False,100000.00,TAKER,1.16634,0.0,['2.33 USD'],NO_TRIGGER,FILLED,OTO,OL-20251016-033000-001-V2-1420,"['O-20251016-033000-001-V2-4259', 'O-20251016-033000-001-V2-4260']",,,,,['V2_POS1'],e228dca7-c103-4161-ad0d-8d99f62ff1c3,1760585400000000000,1760585400000000000,,,,,,,
O-20251016-033000-001-V2-4259,BACKTESTER-001,MLSignalStrategyV2-V2,EUR/USD.IDEALPRO,IDEALPRO-1-4259,EUR/USD.IDEALPRO-MLSignalStrategyV2-V2,IDEALPRO-001,,STOP_MARKET,BUY,100000.00,GTC,True,False,0.00,NO_LIQUIDITY_SIDE,,,,NO_TRIGGER,CANCELED,OUO,OL-20251016-033000-001-V2-1420,['O-20251016-033000-001-V2-4260'],O-20251016-033000-001-V2-4258,,,,['V2_POS1_SL'],a272b591-6c8d-4a6f-a731-965ded57b898,1760585400000000000,1760588580000000000,1.16672,DEFAULT,,,,,
O-20251016-033000-001-V2-4260,BACKTESTER-001,MLSignalStrategyV2-V2,EUR/USD.IDEALPRO,IDEALPRO-1-4260,EUR/USD.IDEALPRO-MLSignalStrategyV2-V2,IDEALPRO-001,IDEALPRO-1-759215,LIMIT,BUY,100000.00,GTC,True,False,100000.00,MAKER,1.1659,-6.000000000017103e-05,['2.33 USD'],NO_TRIGGER,FILLED,OUO,OL-20251016-033000-001-V2-1420,['O-20251016-033000-001-V2-4259'],O-20251016-033000-001-V2-4258,,,,['V2_POS1_TP'],a0ce98a3-d412-4e40-a0db-1b6d832e68db,1760585400000000000,1760588580000000000,,,,,1.16596,False,
O-20251016-121500-001-V2-4261,BACKTESTER-001,MLSignalStrategyV2-V2,EUR/USD.IDEALPRO,IDEALPRO-1-4261,EUR/USD.IDEALPRO-MLSignalStrategyV2-V2,IDEALPRO-001,IDEALPRO-1-760161,MARKET,SELL,100000.00,GTC,False,False,100000.00,TAKER,1.16516,0.0,['2.33 USD'],NO_TRIGGER,FILLED,OTO,OL-20251016-121500-001-V2-1421,"['O-20251016-121500-001-V2-4262', 'O-20251016-121500-001-V2-4263']",,,,,['V2_POS1'],316308c3-95cf-4abd-87db-a7068eddf699,1760616900000000000,1760616900000000000,,,,,,,
O-20251016-121500-001-V2-4262,BACKTESTER-001,MLSignalStrategyV2-V2,EUR/USD.IDEALPRO,IDEALPRO-1-4262,EUR/USD.IDEALPRO-MLSignalStrategyV2-V2,IDEALPRO-001,IDEALPRO-1-760199,STOP_MARKET,BUY,100000.00,GTC,True,False,100000.00,TAKER,1.16569,9.999999999843467e-06,['2.33 USD'],NO_TRIGGER,FILLED,OUO,OL-20251016-121500-001-V2-1421,['O-20251016-121500-001-V2-4263'],O-20251016-121500-001-V2-4261,,,,['V2_POS1_SL'],3727d666-38af-44bd-aca5-dff717d7e255,1760616900000000000,1760618040000000000,1.16568,DEFAULT,,,,,
O-20251016-121500-001-V2-4263,BACKTESTER-001,MLSignalStrategyV2-V2,EUR/USD.IDEALPRO,IDEALPRO-1-4263,EUR/USD.IDEALPRO-MLSignalStrategyV2-V2,IDEALPRO-001,,LIMIT,BUY,100000.00,GTC,True,False,0.00,NO_LIQUIDITY_SIDE,,,,NO_TRIGGER,CANCELED,OUO,OL-20251016-121500-001-V2-1421,['O-20251016-121500-001-V2-4262'],O-20251016-121500-001-V2-4261,,,,['V2_POS1_TP'],bb945f43-08f3-4cdc-98ee-f02e516cf8d1,1760616900000000000,1760618040000000000,,,,,1.16466,False,
O-20251016-143000-001-V2-4264,BACKTESTER-001,MLSignalStrategyV2-V2,EUR/USD.IDEALPRO,IDEALPRO-1-4264,EUR/USD.IDEALPRO-MLSignalStrategyV2-V2,IDEALPRO-001,IDEALPRO-1-760432,MARKET,BUY,100000.00,GTC,False,False,100000.00,TAKER,1.16709,0.0,['2.33 USD'],NO_TRIGGER,FILLED,OTO,OL-20251016-143000-001-V2-1422,"['O-20251016-143000-001-V2-4265', 'O-20251016-143000-001-V2-4266']",,,,,['V2_POS1'],1210a2db-eee9-441b-90f4-99edc465f651,1760625000000000000,1760625000000000000,,,,,,,
O-20251016-143000-001-V2-4265,BACKTESTER-001,MLSignalStrategyV2-V2,EUR/USD.IDEALPRO,IDEALPRO-1-4265,EUR/USD.IDEALPRO-MLSignalStrategyV2-V2,IDEALPRO-001,,STOP_MARKET,SELL,100000.00,GTC,True,False,0.00,NO_LIQUIDITY_SIDE,,,,NO_TRIGGER,CANCELED,OUO,OL-20251016-143000-001-V2-1422,['O-20251016-143000-001-V2-4266'],O-20251016-143000-001-V2-4264,,,,['V2_POS1_SL'],6b6fccd8-13b3-49ab-aaf3-06caf4ebde5a,1760625000000000000,1760626440000000000,1.16646,DEFAULT,,,,,
O-20251016-143000-001-V2-4266,BACKTESTER-001,MLSignalStrategyV2-V2,EUR/USD.IDEALPRO,IDEALPRO-1-4266,EUR/USD.IDEALPRO-MLSignalStrategyV2-V2,IDEALPRO-001,IDEALPRO-1-760481,LIMIT,SELL,100000.00,GTC,True,False,100000.00,MAKER,1.16779,-7.00000000000145e-05,['2.34 USD'],NO_TRIGGER,FILLED,OUO,OL-20251016-143000-001-V2-1422,['O-20251016-143000-001-V2-4265'],O-20251016-143000-001-V2-4264,,,,['V2_POS1_TP'],958b6e37-fc06-46ca-b629-5a3b3995d858,1760625000000000000,1760626440000000000,,,,,1.16772,False,
O-20251016-153000-001-V2-4267,BACKTESTER-001,MLSignalStrategyV2-V2,EUR/USD.IDEALPRO,IDEALPRO-1-4267,EUR/USD.IDEALPRO-MLSignalStrategyV2-V2,IDEALPRO-001,IDEALPRO-1-760555,MARKET,BUY,100000.00,GTC,False,False,100000.00,TAKER,1.16719,0.0,['2.33 USD'],NO_TRIGGER,FILLED,OTO,OL-20251016-153000-001-V2-1423,"['O-20251016-153000-001-V2-4268', 'O-20251016-153000-001-V2-4269']",,,,,['V2_POS1'],ebb2467a-2e50-4c27-a5db-ab85f11e2809,1760628600000000000,1760628600000000000,,,,,,,
O-20251016-153000-001-V2-4268,BACKTESTER-001,MLSignalStrategyV2-V2,EUR/USD.IDEALPRO,IDEALPRO-1-4268,EUR/USD.IDEALPRO-MLSignalStrategyV2-V2,IDEALPRO-001,IDEALPRO-1-760589,STOP_MARKET,SELL,100000.00,GTC,True,False,100000.00,TAKER,1.16652,7.00000000000145e-05,['2.33 USD'],NO_TRIGGER,FILLED,OUO,OL-20251016-153000-001-V2-1423,['O-20251016-153000-001-V2-4269'],O-20251016-153000-001-V2-4267,,,,['V2_POS1_SL'],c0a372aa-c80e-4b2d-b061-a07261e87ea3,1760628600000000000,1760629620000000000,1.16659,DEFAULT,,,,,
O-20251016-153000-001-V2-4269,BACKTESTER-001,MLSignalStrategyV2-V2,EUR/USD.IDEALPRO,IDEALPRO-1-4269,EUR/USD.IDEALPRO-MLSignalStrategyV2-V2,IDEALPRO-001,,LIMIT,SELL,100000.00,GTC,True,False,0.00,NO_LIQUIDITY_SIDE,,,,NO_TRIGGER,CANCELED,OUO,OL-20251016-153000-001-V2-1423,['O-20251016-153000-001-V2-4268'],O-20251016-153000-001-V2-4267,,,,['V2_POS1_TP'],9a76c152-5a34-4bb8-b2a4-1d5adca7cd10,1760628600000000000,1760629620000000000,,,,,1.16779,False,
O-20251016-184500-001-V2-4270,BACKTESTER-001,MLSignalStrategyV2-V2,EUR/USD.IDEALPRO,IDEALPRO-1-4270,EUR/USD.IDEALPRO-MLSignalStrategyV2-V2,IDEALPRO-001,IDEALPRO-1-760947,MARKET,BUY,100000.00,GTC,False,False,100000.00,TAKER,1.16869,0.0,['2.34 USD'],NO_TRIGGER,FILLED,OTO,OL-20251016-184500-001-V2-1424,"['O-20251016-184500-001-V2-4271', 'O-20251016-184500-001-V2-4272']",,,,,['V2_POS1'],5134f225-1c0f-42db-bf18-2e8ffb465542,1760640300000000000,1760640300000000000,,,,,,,
O-20251016-184500-001-V2-4271,BACKTESTER-001,MLSignalStrategyV2-V2,EUR/USD.IDEALPRO,IDEALPRO-1-4271,EUR/USD.IDEALPRO-MLSignalStrategyV2-V2,IDEALPRO-001,,STOP_MARKET,SELL,100000.00,GTC,True,False,0.00,NO_LIQUIDITY_SIDE,,,,NO_TRIGGER,CANCELED,OUO,OL-20251016-184500-001-V2-1424,['O-20251016-184500-001-V2-4272'],O-20251016-184500-001-V2-4270,,,,['V2_POS1_SL'],0004b425-d054-41bf-9088-fd02ab8ed524,1760640300000000000,1760642640000000000,1.16801,DEFAULT,,,,,
O-20251016-184500-001-V2-4272,BACKTESTER-001,MLSignalStrategyV2-V2,EUR/USD.IDEALPRO,IDEALPRO-1-4272,EUR/USD.IDEALPRO-MLSignalStrategyV2-V2,IDEALPRO-001,IDEALPRO-1-761025,LIMIT,SELL,100000.00,GTC,True,False,100000.00,MAKER,1.16938,-1.0000000000065512e-05,['2.34 USD'],NO_TRIGGER,FILLED,OUO,OL-20251016-184500-001-V2-1424,['O-20251016-184500-001-V2-4271'],O-20251016-184500-001-V2-4270,,,,['V2_POS1_TP'],959ca5bf-af4e-47c4-990a-31fd16f3bbe0,1760640300000000000,1760642640000000000,,,,,1.16937,False,
O-20251016-230000-001-V2-4273,BACKTESTER-001,MLSignalStrategyV2-V2,EUR/USD.IDEALPRO,IDEALPRO-1-4273,EUR/USD.IDEALPRO-MLSignalStrategyV2-V2,IDEALPRO-001,IDEALPRO-1-761428,MARKET,BUY,100000.00,GTC,False,False,100000.00,TAKER,1.16945,0.0,['2.34 USD'],NO_TRIGGER,FILLED,OTO,OL-20251016-230000-001-V2-1425,"['O-20251016-230000-001-V2-4274', 'O-20251016-230000-001-V2-4275']",,,,,['V2_POS1'],67f96638-4db9-4a6a-b00b-47f358da6d97,1760655600000000000,1760655600000000000,,,,,,,
O-20251016-230000-001-V2-4274,BACKTESTER-001,MLSignalStrategyV2-V2,EUR/USD.IDEALPRO,IDEALPRO-1-4274,EUR/USD.IDEALPRO-MLSignalStrategyV2-V2,IDEALPRO-001,,STOP_MARKET,SELL,100000.00,GTC,True,False,0.00,NO_LIQUIDITY_SIDE,,,,NO_TRIGGER,CANCELED,OUO,OL-20251016-230000-001-V2-1425,['O-20251016-230000-001-V2-4275'],O-20251016-230000-001-V2-4273,,,,['V2_POS1_SL'],bcfda4c6-4862-4c03-93bb-a9bbde71a11a,1760655600000000000,1760656260000000000,1.16913,DEFAULT,,,,,
O-20251016-230000-001-V2-4275,BACKTESTER-001,MLSignalStrategyV2-V2,EUR/USD.IDEALPRO,IDEALPRO-1-4275,EUR/USD.IDEALPRO-MLSignalStrategyV2-V2,IDEALPRO-001,IDEALPRO-1-761451,LIMIT,SELL,100000.00,GTC,True,False,100000.00,MAKER,1.16976,1.0000000000065512e-05,['2.34 USD'],NO_TRIGGER,FILLED,OUO,OL-20251016-230000-001-V2-1425,['O-20251016-230000-001-V2-4274'],O-20251016-230000-001-V2-4273,,,,['V2_POS1_TP'],9a043ef1-58d0-4a3f-b725-9a29df6c67ee,1760655600000000000,1760656260000000000,,,,,1.16977,False,
O-20251016-231500-001-V2-4276,BACKTESTER-001,MLSignalStrategyV2-V2,EUR/USD.IDEALPRO,IDEALPRO-1-4276,EUR/USD.IDEALPRO-MLSignalStrategyV2-V2,IDEALPRO-001,IDEALPRO-1-761460,MARKET,BUY,100000.00,GTC,False,False,100000.00,TAKER,1.16954,0.0,['2.34 USD'],NO_TRIGGER,FILLED,OTO,OL-20251016-231500-001-V2-1426,"['O-20251016-231500-001-V2-4277', 'O-20251016-231500-001-V2-4278']",,,,,['V2_POS1'],5a758b37-d041-4dd3-80c9-1271c24fc501,1760656500000000000,1760656500000000000,,,,,,,
O-20251016-231500-001-V2-4277,BACKTESTER-001,MLSignalStrategyV2-V2,EUR/USD.IDEALPRO,IDEALPRO-1-4277,EUR/USD.IDEALPRO-MLSignalStrategyV2-V2,IDEALPRO-001,,STOP_MARKET,SELL,100000.00,GTC,True,False,0.00,NO_LIQUIDITY_SIDE,,,,NO_TRIGGER,CANCELED,OUO,OL-20251016-231500-001-V2-1426,['O-20251016-231500-001-V2-4278'],O-20251016-231500-001-V2-4276,,,,['V2_POS1_SL'],aacb294e-6d5b-461a-afa0-aff51c8da806,1760656500000000000,1760657700000000000,1.16921,DEFAULT,,,,,
O-20251016-231500-001-V2-4278,BACKTESTER-001,MLSignalStrategyV2-V2,EUR/USD.IDEALPRO,IDEALPRO-1-4278,EUR/USD.IDEALPRO-MLSignalStrategyV2-V2,IDEALPRO-001,IDEALPRO-1-761501,LIMIT,SELL,100000.00,GTC,True,False,100000.00,MAKER,1.16984,1.0000000000065512e-05,['2.34 USD'],NO_TRIGGER,FILLED,OUO,OL-20251016-231500-001-V2-1426,['O-20251016-231500-001-V2-4277'],O-20251016-231500-001-V2-4276,,,,['V2_POS1_TP'],6127809f-c3ee-4402-ab4f-48f0d7495539,1760656500000000000,1760657700000000000,,,,,1.16985,False,
O-20251017-020000-001-V2-4279,BACKTESTER-001,MLSignalStrategyV2-V2,EUR/USD.IDEALPRO,IDEALPRO-1-4279,EUR/USD.IDEALPRO-MLSignalStrategyV2-V2,IDEALPRO-001,IDEALPRO-1-761793,MARKET,SELL,100000.00,GTC,False,False,100000.00,TAKER,1.1701,0.0,['2.34 USD'],NO_TRIGGER,FILLED,OTO,OL-20251017-020000-001-V2-1427,"['O-20251017-020000-001-V2-4280', 'O-20251017-020000-001-V2-4281']",,,,,['V2_POS1'],1cbd42c0-0507-46bc-b8db-0c40411d48df,1760666400000000000,1760666400000000000,,,,,,,
O-20251017-020000-001-V2-4280,BACKTESTER-001,MLSignalStrategyV2-V2,EUR/USD.IDEALPRO,IDEALPRO-1-4280,EUR/USD.IDEALPRO-MLSignalStrategyV2-V2,IDEALPRO-001,,STOP_MARKET,BUY,100000.00,GTC,True,False,0.00,NO_LIQUIDITY_SIDE,,,,NO_TRIGGER,CANCELED,OUO,OL-20251017-020000-001-V2-1427,['O-20251017-020000-001-V2-4281'],O-20251017-020000-001-V2-4279,,,,['V2_POS1_SL'],01c98a66-2b6d-4b58-80db-9b9e61c313f6,1760666400000000000,1760666700000000000,1.17051,DEFAULT,,,,,
O-20251017-020000-001-V2-4281,BACKTESTER-001,MLSignalStrategyV2-V2,EUR/USD.IDEALPRO,IDEALPRO-1-4281,EUR/USD.IDEALPRO-MLSignalStrategyV2-V2,IDEALPRO-001,IDEALPRO-1-761803,LIMIT,BUY,100000.00,GTC,True,False,100000.00,MAKER,1.16966,-2.999999999997449e-05,['2.34 USD'],NO_TRIGGER,FILLED,OUO,OL-20251017-020000-001-V2-1427,['O-20251017-020000-001-V2-4280'],O-20251017-020000-001-V2-4279,,,,['V2_POS1_TP'],9f259bfc-7244-4dd2-ba9e-3b372f4b24b5,1760666400000000000,1760666700000000000,,,,,1.16969,False,
O-20251017-090000-001-V2-4282,BACKTESTER-001,MLSignalStrategyV2-V2,EUR/USD.IDEALPRO,IDEALPRO-1-4282,EUR/USD.IDEALPRO-MLSignalStrategyV2-V2,IDEALPRO-001,IDEALPRO-1-762635,MARKET,BUY,100000.00,GTC,False,False,100000.00,TAKER,1.16973,0.0,['2.34 USD'],NO_TRIGGER,FILLED,OTO,OL-20251017-090000-001-V2-1428,"['O-20251017-090000-001-V2-4283', 'O-20251017-090000-001-V2-4284']",,,,,['V2_POS1'],344109b0-6e76-446b-a557-178b79e149f5,1760691600000000000,1760691600000000000,,,,,,,
O-20251017-090000-001-V2-4283,BACKTESTER-001,MLSignalStrategyV2-V2,EUR/USD.IDEALPRO,IDEALPRO-1-4283,EUR/USD.IDEALPRO-MLSignalStrategyV2-V2,IDEALPRO-001,,STOP_MARKET,SELL,100000.00,GTC,True,False,0.00,NO_LIQUIDITY_SIDE,,,,NO_TRIGGER,CANCELED,OUO,OL-20251017-090000-001-V2-1428,['O-20251017-090000-001-V2-4284'],O-20251017-090000-001-V2-4282,,,,['V2_POS1_SL'],a4bb010b-6d9a-4214-8e22-f05dfef5a97b,1760691600000000000,1760692800000000000,1.16895,DEFAULT,,,,,
O-20251017-090000-001-V2-4284,BACKTESTER-001,MLSignalStrategyV2-V2,EUR/USD.IDEALPRO,IDEALPRO-1-4284,EUR/USD.IDEALPRO-MLSignalStrategyV2-V2,IDEALPRO-001,IDEALPRO-1-762675,LIMIT,SELL,100000.00,GTC,True,False,100000.00,MAKER,1.17054,-2.999999999997449e-05,['2.34 USD'],NO_TRIGGER,FILLED,OUO,OL-20251017-090000-001-V2-1428,['O-20251017-090000-001-V2-4283'],O-20251017-090000-001-V2-4282,,,,['V2_POS1_TP'],9b304a0d-334c-489b-9299-da1d1b93d1ad,1760691600000000000,1760692800000000000,,,,,1.17051,False,
O-20251017-101500-001-V2-4285,BACKTESTER-001,MLSignalStrategyV2-V2,EUR/USD.IDEALPRO,IDEALPRO-1-4285,EUR/USD.IDEALPRO-MLSignalStrategyV2-V2,IDEALPRO-001,IDEALPRO-1-762786,MARKET,BUY,100000.00,GTC,False,False,100000.00,TAKER,1.16964,0.0,['2.34 USD'],NO_TRIGGER,FILLED,OTO,OL-20251017-101500-001-V2-1429,"['O-20251017-101500-001-V2-4286', 'O-20251017-101500-001-V2-4287']",,,,,['V2_POS1'],471ee111-9474-4bf2-8a76-89532a6c9d0b,1760696100000000000,1760696100000000000,,,,,,,
O-20251017-101500-001-V2-4286,BACKTESTER-001,MLSignalStrategyV2-V2,EUR/USD.IDEALPRO,IDEALPRO-1-4286,EUR/USD.IDEALPRO-MLSignalStrategyV2-V2,IDEALPRO-001,IDEALPRO-1-762871,STOP_MARKET,SELL,100000.00,GTC,True,False,100000.00,TAKER,1.16886,0.0001100000000000545,['2.34 USD'],NO_TRIGGER,FILLED,OUO,OL-20251017-101500-001-V2-1429,['O-20251017-101500-001-V2-4287'],O-20251017-101500-001-V2-4285,,,,['V2_POS1_SL'],67ad0ed6-0dfa-4edc-80a8-38ef78839a59,1760696100000000000,1760698620000000000,1.16897,DEFAULT,,,,,
O-20251017-101500-001-V2-4287,BACKTESTER-001,MLSignalStrategyV2-V2,EUR/USD.IDEALPRO,IDEALPRO-1-4287,EUR/USD.IDEALPRO-MLSignalStrategyV2-V2,IDEALPRO-001,,LIMIT,SELL,100000.00,GTC,True,False,0.00,NO_LIQUIDITY_SIDE,,,,NO_TRIGGER,CANCELED,OUO,OL-20251017-101500-001-V2-1429,['O-20251017-101500-001-V2-4286'],O-20251017-101500-001-V2-4285,,,,['V2_POS1_TP'],0ab64784-5097-42fb-aea1-1098e126f3cf,1760696100000000000,1760698620000000000,,,,,1.17029,False,
O-20251017-160000-001-V2-4288,BACKTESTER-001,MLSignalStrategyV2-V2,EUR/USD.IDEALPRO,IDEALPRO-1-4288,EUR/USD.IDEALPRO-MLSignalStrategyV2-V2,IDEALPRO-001,IDEALPRO-1-763478,MARKET,SELL,100000.00,GTC,False,False,100000.00,TAKER,1.16735,0.0,['2.33 USD'],NO_TRIGGER,FILLED,OTO,OL-20251017-160000-001-V2-1430,"['O-20251017-160000-001-V2-4289', 'O-20251017-160000-001-V2-4290']",,,,,['V2_POS1'],e7fb69e8-ec32-4004-af48-5ce48ef1256d,1760716800000000000,1760716800000000000,,,,,,,
O-20251017-160000-001-V2-4289,BACKTESTER-001,MLSignalStrategyV2-V2,EUR/USD.IDEALPRO,IDEALPRO-1-4289,EUR/USD.IDEALPRO-MLSignalStrategyV2-V2,IDEALPRO-001,,STOP_MARKET,BUY,100000.00,GTC,True,False,0.00,NO_LIQUIDITY_SIDE,,,,NO_TRIGGER,CANCELED,OUO,OL-20251017-160000-001-V2-1430,['O-20251017-160000-001-V2-4290'],O-20251017-160000-001-V2-4288,,,,['V2_POS1_SL'],eae66d80-919b-4558-8fac-8ce79c2cf428,1760716800000000000,1760724060000000000,1.16802,DEFAULT,,,,,
O-20251017-160000-001-V2-4290,BACKTESTER-001,MLSignalStrategyV2-V2,EUR/USD.IDEALPRO,IDEALPRO-1-4290,EUR/USD.IDEALPRO-MLSignalStrategyV2-V2,IDEALPRO-001,IDEALPRO-1-763721,LIMIT,BUY,100000.00,GTC,True,False,100000.00,MAKER,1.16639,-0.00028999999999990145,['2.33 USD'],NO_TRIGGER,FILLED,OUO,OL-20251017-160000-001-V2-1430,['O-20251017-160000-001-V2-4289'],O-20251017-160000-001-V2-4288,,,,['V2_POS1_TP'],458bfb90-88ad-4cb1-b38b-363a606afff0,1760716800000000000,1760724060000000000,,,,,1.16668,False,
O-20251017-200000-001-V2-4291,BACKTESTER-001,MLSignalStrategyV2-V2,EUR/USD.IDEALPRO,IDEALPRO-1-4291,EUR/USD.IDEALPRO-MLSignalStrategyV2-V2,IDEALPRO-001,IDEALPRO-1-763960,MARKET,BUY,100000.00,GTC,False,False,100000.00,TAKER,1.16707,0.0,['2.33 USD'],NO_TRIGGER,FILLED,OTO,OL-20251017-200000-001-V2-1431,"['O-20251017-200000-001-V2-4292', 'O-20251017-200000-001-V2-4293']",,,,,['V2_POS1'],ae6d8c27-82d6-477c-9abe-f6dee37b23d3,1760731200000000000,1760731200000000000,,,,,,,
O-20251017-200000-001-V2-4292,BACKTESTER-001,MLSignalStrategyV2-V2,EUR/USD.IDEALPRO,IDEALPRO-1-4292,EUR/USD.IDEALPRO-MLSignalStrategyV2-V2,IDEALPRO-001,IDEALPRO-1-763987,STOP_MARKET,SELL,100000.00,GTC,True,False,100000.00,TAKER,1.16609,0.0005899999999998684,['2.33 USD'],NO_TRIGGER,FILLED,OUO,OL-20251017-200000-001-V2-1431,['O-20251017-200000-001-V2-4293'],O-20251017-200000-001-V2-4291,,,,['V2_POS1_SL'],80d7f80d-76ba-40c8-8243-acf86b2c2de7,1760731200000000000,1760731980000000000,1.16668,DEFAULT,,,,,
O-20251017-200000-001-V2-4293,BACKTESTER-001,MLSignalStrategyV2-V2,EUR/USD.IDEALPRO,IDEALPRO-1-4293,EUR/USD.IDEALPRO-MLSignalStrategyV2-V2,IDEALPRO-001,,LIMIT,SELL,100000.00,GTC,True,False,0.00,NO_LIQUIDITY_SIDE,,,,NO_TRIGGER,CANCELED,OUO,OL-20251017-200000-001-V2-1431,['O-20251017-200000-001-V2-4292'],O-20251017-200000-001-V2-4291,,,,['V2_POS1_TP'],2a57ba72-69bb-4d1e-b706-661429964fd5,1760731200000000000,1760731980000000000,,,,,1.16746,False,
O-20251017-201500-001-V2-4294,BACKTESTER-001,MLSignalStrategyV2-V2,EUR/USD.IDEALPRO,IDEALPRO-1-4294,EUR/USD.IDEALPRO-MLSignalStrategyV2-V2,IDEALPRO-001,IDEALPRO-1-763993,MARKET,BUY,100000.00,GTC,False,False,100000.00,TAKER,1.16666,0.0,['2.33 USD'],NO_TRIGGER,FILLED,OTO,OL-20251017-201500-001-V2-1432,"['O-20251017-201500-001-V2-4295', 'O-20251017-201500-001-V2-4296']",,,,,['V2_POS1'],b4021a54-3207-4df5-84c8-919574534e79,1760732100000000000,1760732100000000000,,,,,,,
O-20251017-201500-001-V2-4295,BACKTESTER-001,MLSignalStrategyV2-V2,EUR/USD.IDEALPRO,IDEALPRO-1-4295,EUR/USD.IDEALPRO-MLSignalStrategyV2-V2,IDEALPRO-001,IDEALPRO-1-764033,STOP_MARKET,SELL,100000.00,GTC,True,False,100000.00,TAKER,1.16619,2.999999999997449e-05,['2.33 USD'],NO_TRIGGER,FILLED,OUO,OL-20251017-201500-001-V2-1432,['O-20251017-201500-001-V2-4296'],O-20251017-201500-001-V2-4294,,,,['V2_POS1_SL'],f1d8c601-53be-47a4-92e8-a30d18507c24,1760732100000000000,1760733300000000000,1.16622,DEFAULT,,,,,
O-20251017-201500-001-V2-4296,BACKTESTER-001,MLSignalStrategyV2-V2,EUR/USD.IDEALPRO,IDEALPRO-1-4296,EUR/USD.IDEALPRO-MLSignalStrategyV2-V2,IDEALPRO-001,,LIMIT,SELL,100000.00,GTC,True,False,0.00,NO_LIQUIDITY_SIDE,,,,NO_TRIGGER,CANCELED,OUO,OL-20251017-201500-001-V2-1432,['O-20251017-201500-001-V2-4295'],O-20251017-201500-001-V2-4294,,,,['V2_POS1_TP'],d922f3cc-1631-4d44-8c60-469ecc9e33fe,1760732100000000000,1760733300000000000,,,,,1.16710,False,
O-20251017-204500-001-V2-4297,BACKTESTER-001,MLSignalStrategyV2-V2,EUR/USD.IDEALPRO,IDEALPRO-1-4297,EUR/USD.IDEALPRO-MLSignalStrategyV2-V2,IDEALPRO-001,IDEALPRO-1-764054,MARKET,BUY,100000.00,GTC,False,False,100000.00,TAKER,1.1659,0.0,['2.33 USD'],NO_TRIGGER,FILLED,OTO,OL-20251017-204500-001-V2-1433,"['O-20251017-204500-001-V2-4298', 'O-20251017-204500-001-V2-4299']",,,,,['V2_POS1'],5fbdccdc-ab70-4858-bd90-1e609303343c,1760733900000000000,1760733900000000000,,,,,,,
O-20251017-204500-001-V2-4298,BACKTESTER-001,MLSignalStrategyV2-V2,EUR/USD.IDEALPRO,IDEALPRO-1-4298,EUR/USD.IDEALPRO-MLSignalStrategyV2-V2,IDEALPRO-001,IDEALPRO-1-764069,STOP_MARKET,SELL,100000.00,GTC,True,False,100000.00,TAKER,1.16507,0.00036999999999998145,['2.33 USD'],NO_TRIGGER,FILLED,OUO,OL-20251017-204500-001-V2-1433,['O-20251017-204500-001-V2-4299'],O-20251017-204500-001-V2-4297,,,,['V2_POS1_SL'],f154c9b6-1ecf-4d96-ad0a-cd49400c8b25,1760733900000000000,1760734320000000000,1.16544,DEFAULT,,,,,
O-20251017-204500-001-V2-4299,BACKTESTER-001,MLSignalStrategyV2-V2,EUR/USD.IDEALPRO,IDEALPRO-1-4299,EUR/USD.IDEALPRO-MLSignalStrategyV2-V2,IDEALPRO-001,,LIMIT,SELL,100000.00,GTC,True,False,0.00,NO_LIQUIDITY_SIDE,,,,NO_TRIGGER,CANCELED,OUO,OL-20251017-204500-001-V2-1433,['O-20251017-204500-001-V2-4298'],O-20251017-204500-001-V2-4297,,,,['V2_POS1_TP'],45d01e23-ff72-484e-9a12-7381deb855d4,1760733900000000000,1760734320000000000,,,,,1.16634,False,
O-20251019-213000-001-V2-4300,BACKTESTER-001,MLSignalStrategyV2-V2,EUR/USD.IDEALPRO,IDEALPRO-1-4300,EUR/USD.IDEALPRO-MLSignalStrategyV2-V2,IDEALPRO-001,IDEALPRO-1-764116,MARKET,BUY,100000.00,GTC,False,False,100000.00,TAKER,1.16623,0.0,['2.33 USD'],NO_TRIGGER,FILLED,OTO,OL-20251019-213000-001-V2-1434,"['O-20251019-213000-001-V2-4301', 'O-20251019-213000-001-V2-4302']",,,,,['V2_POS1'],32a847c6-57e9-4b0f-82ba-357316b21dda,1760909400000000000,1760909400000000000,,,,,,,
O-20251019-213000-001-V2-4301,BACKTESTER-001,MLSignalStrategyV2-V2,EUR/USD.IDEALPRO,IDEALPRO-1-4301,EUR/USD.IDEALPRO-MLSignalStrategyV2-V2,IDEALPRO-001,IDEALPRO-1-764179,STOP_MARKET,SELL,100000.00,GTC,True,False,100000.00,TAKER,1.16555,0.00011999999999989797,['2.33 USD'],NO_TRIGGER,FILLED,OUO,OL-20251019-213000-001-V2-1434,['O-20251019-213000-001-V2-4302'],O-20251019-213000-001-V2-4300,,,,['V2_POS1_SL'],3f45c87c-0170-49ae-92b0-71c6cb60b894,1760909400000000000,1760911260000000000,1.16567,DEFAULT,,,,,
O-20251019-213000-001-V2-4302,BACKTESTER-001,MLSignalStrategyV2-V2,EUR/USD.IDEALPRO,IDEALPRO-1-4302,EUR/USD.IDEALPRO-MLSignalStrategyV2-V2,IDEALPRO-001,,LIMIT,SELL,100000.00,GTC,True,False,0.00,NO_LIQUIDITY_SIDE,,,,NO_TRIGGER,CANCELED,OUO,OL-20251019-213000-001-V2-1434,['O-20251019-213000-001-V2-4301'],O-20251019-213000-001-V2-4300,,,,['V2_POS1_TP'],638a16e0-5576-4f13-8e0a-a86c2399115e,1760909400000000000,1760911260000000000,,,,,1.16677,False,
O-20251019-221500-001-V2-4303,BACKTESTER-001,MLSignalStrategyV2-V2,EUR/USD.IDEALPRO,IDEALPRO-1-4303,EUR/USD.IDEALPRO-MLSignalStrategyV2-V2,IDEALPRO-001,IDEALPRO-1-764207,MARKET,BUY,100000.00,GTC,False,False,100000.00,TAKER,1.16542,0.0,['2.33 USD'],NO_TRIGGER,FILLED,OTO,OL-20251019-221500-001-V2-1435,"['O-20251019-221500-001-V2-4304', 'O-20251019-221500-001-V2-4305']",,,,,['V2_POS1'],6be1bafa-7d63-4ec6-a4de-8b07917aa96e,1760912100000000000,1760912100000000000,,,,,,,
O-20251019-221500-001-V2-4304,BACKTESTER-001,MLSignalStrategyV2-V2,EUR/USD.IDEALPRO,IDEALPRO-1-4304,EUR/USD.IDEALPRO-MLSignalStrategyV2-V2,IDEALPRO-001,,STOP_MARKET,SELL,100000.00,GTC,True,False,0.00,NO_LIQUIDITY_SIDE,,,,NO_TRIGGER,CANCELED,OUO,OL-20251019-221500-001-V2-1435,['O-20251019-221500-001-V2-4305'],O-20251019-221500-001-V2-4303,,,,['V2_POS1_SL'],1cf44cd3-6bdd-4d1b-922c-26cca8eb766d,1760912100000000000,1760916300000000000,1.16496,DEFAULT,,,,,
O-20251019-221500-001-V2-4305,BACKTESTER-001,MLSignalStrategyV2-V2,EUR/USD.IDEALPRO,IDEALPRO-1-4305,EUR/USD.IDEALPRO-MLSignalStrategyV2-V2,IDEALPRO-001,IDEALPRO-1-764349,LIMIT,SELL,100000.00,GTC,True,False,100000.00,MAKER,1.16587,1.0000000000065512e-05,['2.33 USD'],NO_TRIGGER,FILLED,OUO,OL-20251019-221500-001-V2-1435,['O-20251019-221500-001-V2-4304'],O-20251019-221500-001-V2-4303,,,,['V2_POS1_TP'],1d3d28b0-a39e-4d4b-90f6-d52285a690e1,1760912100000000000,1760916300000000000,,,,,1.16588,False,
O-20251019-233000-001-V2-4306,BACKTESTER-001,MLSignalStrategyV2-V2,EUR/USD.IDEALPRO,IDEALPRO-1-4306,EUR/USD.IDEALPRO-MLSignalStrategyV2-V2,IDEALPRO-001,IDEALPRO-1-764360,MARKET,BUY,100000.00,GTC,False,False,100000.00,TAKER,1.16592,0.0,['2.33 USD'],NO_TRIGGER,FILLED,OTO,OL-20251019-233000-001-V2-1436,"['O-20251019-233000-001-V2-4307', 'O-20251019-233000-001-V2-4308']",,,,,['V2_POS1'],729e85cc-66c6-40ef-9bed-96ce54501e63,1760916600000000000,1760916600000000000,,,,,,,
O-20251019-233000-001-V2-4307,BACKTESTER-001,MLSignalStrategyV2-V2,EUR/USD.IDEALPRO,IDEALPRO-1-4307,EUR/USD.IDEALPRO-MLSignalStrategyV2-V2,IDEALPRO-001,,STOP_MARKET,SELL,100000.00,GTC,True,False,0.00,NO_LIQUIDITY_SIDE,,,,NO_TRIGGER,CANCELED,OUO,OL-20251019-233000-001-V2-1436,['O-20251019-233000-001-V2-4308'],O-20251019-233000-001-V2-4306,,,,['V2_POS1_SL'],7a51c212-1936-4276-a0b5-702a68dfc359,1760916600000000000,1760919060000000000,1.16555,DEFAULT,,,,,
O-20251019-233000-001-V2-4308,BACKTESTER-001,MLSignalStrategyV2-V2,EUR/USD.IDEALPRO,IDEALPRO-1-4308,EUR/USD.IDEALPRO-MLSignalStrategyV2-V2,IDEALPRO-001,IDEALPRO-1-764443,LIMIT,SELL,100000.00,GTC,True,False,100000.00,MAKER,1.1663,-9.999999999843467e-06,['2.33 USD'],NO_TRIGGER,FILLED,OUO,OL-20251019-233000-001-V2-1436,['O-20251019-233000-001-V2-4307'],O-20251019-233000-001-V2-4306,,,,['V2_POS1_TP'],f20b5614-eeb9-4fb0-9c27-c723cc45e478,1760916600000000000,1760919060000000000,,,,,1.16629,False,
O-20251020-020000-001-V2-4309,BACKTESTER-001,MLSignalStrategyV2-V2,EUR/USD.IDEALPRO,IDEALPRO-1-4309,EUR/USD.IDEALPRO-MLSignalStrategyV2-V2,IDEALPRO-001,IDEALPRO-1-764662,MARKET,SELL,100000.00,GTC,False,False,100000.00,TAKER,1.166,0.0,['2.33 USD'],NO_TRIGGER,FILLED,OTO,OL-20251020-020000-001-V2-1437,"['O-20251020-020000-001-V2-4310', 'O-20251020-020000-001-V2-4311']",,,,,['V2_POS1'],b6e4c1f5-4597-4197-a98f-5e4f16a2464e,1760925600000000000,1760925600000000000,,,,,,,
O-20251020-020000-001-V2-4310,BACKTESTER-001,MLSignalStrategyV2-V2,EUR/USD.IDEALPRO,IDEALPRO-1-4310,EUR/USD.IDEALPRO-MLSignalStrategyV2-V2,IDEALPRO-001,IDEALPRO-1-764671,STOP_MARKET,BUY,100000.00,GTC,True,False,100000.00,TAKER,1.16639,0.0,['2.33 USD'],NO_TRIGGER,FILLED,OUO,OL-20251020-020000-001-V2-1437,['O-20251020-020000-001-V2-4311'],O-20251020-020000-001-V2-4309,,,,['V2_POS1_SL'],9fb09361-8bc5-4254-a68f-97859bfe830e,1760925600000000000,1760925840000000000,1.16639,DEFAULT,,,,,
O-20251020-020000-001-V2-4311,BACKTESTER-001,MLSignalStrategyV2-V2,EUR/USD.IDEALPRO,IDEALPRO-1-4311,EUR/USD.IDEALPRO-MLSignalStrategyV2-V2,IDEALPRO-001,,LIMIT,BUY,100000.00,GTC,True,False,0.00,NO_LIQUIDITY_SIDE,,,,NO_TRIGGER,CANCELED,OUO,OL-20251020-020000-001-V2-1437,['O-20251020-020000-001-V2-4310'],O-20251020-020000-001-V2-4309,,,,['V2_POS1_TP'],f8443b61-c4eb-4ae2-9b97-33dc81e2f92e,1760925600000000000,1760925840000000000,,,,,1.16563,False,
O-20251020-080000-001-V2-4312,BACKTESTER-001,MLSignalStrategyV2-V2,EUR/USD.IDEALPRO,IDEALPRO-1-4312,EUR/USD.IDEALPRO-MLSignalStrategyV2-V2,IDEALPRO-001,IDEALPRO-1-765385,MARKET,BUY,100000.00,GTC,False,False,100000.00,TAKER,1.16625,0.0,['2.33 USD'],NO_TRIGGER,FILLED,OTO,OL-20251020-080000-001-V2-1438,"['O-20251020-080000-001-V2-4313', 'O-20251020-080000-001-V2-4314']",,,,,['V2_POS1'],19a1b276-c14a-4a2e-af52-9f1f6eecb7ad,1760947200000000000,1760947200000000000,,,,,,,
O-20251020-080000-001-V2-4313,BACKTESTER-001,MLSignalStrategyV2-V2,EUR/USD.IDEALPRO,IDEALPRO-1-4313,EUR/USD.IDEALPRO-MLSignalStrategyV2-V2,IDEALPRO-001,,STOP_MARKET,SELL,100000.00,GTC,True,False,0.00,NO_LIQUIDITY_SIDE,,,,NO_TRIGGER,CANCELED,OUO,OL-20251020-080000-001-V2-1438,['O-20251020-080000-001-V2-4314'],O-20251020-080000-001-V2-4312,,,,['V2_POS1_SL'],614dd3d8-6d62-475f-a2f8-92332030856e,1760947200000000000,1760951040000000000,1.16577,DEFAULT,,,,,
O-20251020-080000-001-V2-4314,BACKTESTER-001,MLSignalStrategyV2-V2,EUR/USD.IDEALPRO,IDEALPRO-1-4314,EUR/USD.IDEALPRO-MLSignalStrategyV2-V2,IDEALPRO-001,IDEALPRO-1-765513,LIMIT,SELL,100000.00,GTC,True,False,100000.00,MAKER,1.16674,-1.0000000000065512e-05,['2.33 USD'],NO_TRIGGER,FILLED,OUO,OL-20251020-080000-001-V2-1438,['O-20251020-080000-001-V2-4313'],O-20251020-080000-001-V2-4312,,,,['V2_POS1_TP'],3867742e-09d8-4330-9306-b75ca5946cdf,1760947200000000000,1760951040000000000,,,,,1.16673,False,
O-20251020-103000-001-V2-4315,BACKTESTER-001,MLSignalStrategyV2-V2,EUR/USD.IDEALPRO,IDEALPRO-1-4315,EUR/USD.IDEALPRO-MLSignalStrategyV2-V2,IDEALPRO-001,IDEALPRO-1-765686,MARKET,BUY,100000.00,GTC,False,False,100000.00,TAKER,1.16542,0.0,['2.33 USD'],NO_TRIGGER,FILLED,OTO,OL-20251020-103000-001-V2-1439,"['O-20251020-103000-001-V2-4316', 'O-20251020-103000-001-V2-4317']",,,,,['V2_POS1'],63c57398-c121-4c70-9d54-240e53e2edf5,1760956200000000000,1760956200000000000,,,,,,,
O-20251020-103000-001-V2-4316,BACKTESTER-001,MLSignalStrategyV2-V2,EUR/USD.IDEALPRO,IDEALPRO-1-4316,EUR/USD.IDEALPRO-MLSignalStrategyV2-V2,IDEALPRO-001,IDEALPRO-1-765811,STOP_MARKET,SELL,100000.00,GTC,True,False,100000.00,TAKER,1.16481,7.00000000000145e-05,['2.33 USD'],NO_TRIGGER,FILLED,OUO,OL-20251020-103000-001-V2-1439,['O-20251020-103000-001-V2-4317'],O-20251020-103000-001-V2-4315,,,,['V2_POS1_SL'],a18012fb-eb8e-4457-8cb0-6965f1955231,1760956200000000000,1760959920000000000,1.16488,DEFAULT,,,,,
O-20251020-103000-001-V2-4317,BACKTESTER-001,MLSignalStrategyV2-V2,EUR/USD.IDEALPRO,IDEALPRO-1-4317,EUR/USD.IDEALPRO-MLSignalStrategyV2-V2,IDEALPRO-001,,LIMIT,SELL,100000.00,GTC,True,False,0.00,NO_LIQUIDITY_SIDE,,,,NO_TRIGGER,CANCELED,OUO,OL-20251020-103000-001-V2-1439,['O-20251020-103000-001-V2-4316'],O-20251020-103000-001-V2-4315,,,,['V2_POS1_TP'],65435af0-f8ed-4373-8c92-d8ae4bc039ee,1760956200000000000,1760959920000000000,,,,,1.16594,False,
O-20251020-121500-001-V2-4318,BACKTESTER-001,MLSignalStrategyV2-V2,EUR/USD.IDEALPRO,IDEALPRO-1-4318,EUR/USD.IDEALPRO-MLSignalStrategyV2-V2,IDEALPRO-001,IDEALPRO-1-765898,MARKET,SELL,100000.00,GTC,False,False,100000.00,TAKER,1.16582,0.0,['2.33 USD'],NO_TRIGGER,FILLED,OTO,OL-20251020-121500-001-V2-1440,"['O-20251020-121500-001-V2-4319', 'O-20251020-121500-001-V2-4320']",,,,,['V2_POS1'],d7c407d4-1501-4cca-b60f-cd806ab672e9,1760962500000000000,1760962500000000000,,,,,,,
O-20251020-121500-001-V2-4319,BACKTESTER-001,MLSignalStrategyV2-V2,EUR/USD.IDEALPRO,IDEALPRO-1-4319,EUR/USD.IDEALPRO-MLSignalStrategyV2-V2,IDEALPRO-001,,STOP_MARKET,BUY,100000.00,GTC,True,False,0.00,NO_LIQUIDITY_SIDE,,,,NO_TRIGGER,CANCELED,OUO,OL-20251020-121500-001-V2-1440,['O-20251020-121500-001-V2-4320'],O-20251020-121500-001-V2-4318,,,,['V2_POS1_SL'],4f35dc0e-952a-406c-bab7-945bbe48c063,1760962500000000000,1760963460000000000,1.16631,DEFAULT,,,,,
O-20251020-121500-001-V2-4320,BACKTESTER-001,MLSignalStrategyV2-V2,EUR/USD.IDEALPRO,IDEALPRO-1-4320,EUR/USD.IDEALPRO-MLSignalStrategyV2-V2,IDEALPRO-001,IDEALPRO-1-765931,LIMIT,BUY,100000.00,GTC,True,False,100000.00,MAKER,1.16533,0.0,['2.33 USD'],NO_TRIGGER,FILLED,OUO,OL-20251020-121500-001-V2-1440,['O-20251020-121500-001-V2-4319'],O-20251020-121500-001-V2-4318,,,,['V2_POS1_TP'],45ff2abb-a0a1-4184-8f04-6fb4449a6c51,1760962500000000000,1760963460000000000,,,,,1.16533,False,
O-20251020-124500-001-V2-4321,BACKTESTER-001,MLSignalStrategyV2-V2,EUR/USD.IDEALPRO,IDEALPRO-1-4321,EUR/USD.IDEALPRO-MLSignalStrategyV2-V2,IDEALPRO-001,IDEALPRO-1-765959,MARKET,SELL,100000.00,GTC,False,False,100000.00,TAKER,1.16529,0.0,['2.33 USD'],NO_TRIGGER,FILLED,OTO,OL-20251020-124500-001-V2-1441,"['O-20251020-124500-001-V2-4322', 'O-20251020-124500-001-V2-4323']",,,,,['V2_POS1'],1e6d0ff6-547f-436f-9d77-4c78cd3b26ba,1760964300000000000,1760964300000000000,,,,,,,
O-20251020-124500-001-V2-4322,BACKTESTER-001,MLSignalStrategyV2-V2,EUR/USD.IDEALPRO,IDEALPRO-1-4322,EUR/USD.IDEALPRO-MLSignalStrategyV2-V2,IDEALPRO-001,,STOP_MARKET,BUY,100000.00,GTC,True,False,0.00,NO_LIQUIDITY_SIDE,,,,NO_TRIGGER,CANCELED,OUO,OL-20251020-124500-001-V2-1441,['O-20251020-124500-001-V2-4323'],O-20251020-124500-001-V2-4321,,,,['V2_POS1_SL'],66e54eed-45bc-4b74-be8e-375fba37a58b,1760964300000000000,1760965020000000000,1.16600,DEFAULT,,,,,
O-20251020-124500-001-V2-4323,BACKTESTER-001,MLSignalStrategyV2-V2,EUR/USD.IDEALPRO,IDEALPRO-1-4323,EUR/USD.IDEALPRO-MLSignalStrategyV2-V2,IDEALPRO-001,IDEALPRO-1-765985,LIMIT,BUY,100000.00,GTC,True,False,100000.00,MAKER,1.16504,0.0,['2.33 USD'],NO_TRIGGER,FILLED,OUO,OL-20251020-124500-001-V2-1441,['O-20251020-124500-001-V2-4322'],O-20251020-124500-001-V2-4321,,,,['V2_POS1_TP'],1f8e1cdd-9990-4bc1-beb0-ba5f597b90a1,1760964300000000000,1760965020000000000,,,,,1.16504,False,
O-20251020-174500-001-V2-4324,BACKTESTER-001,MLSignalStrategyV2-V2,EUR/USD.IDEALPRO,IDEALPRO-1-4324,EUR/USD.IDEALPRO-MLSignalStrategyV2-V2,IDEALPRO-001,IDEALPRO-1-766562,MARKET,BUY,100000.00,GTC,False,False,100000.00,TAKER,1.16432,0.0,['2.33 USD'],NO_TRIGGER,FILLED,OTO,OL-20251020-174500-001-V2-1442,"['O-20251020-174500-001-V2-4325', 'O-20251020-174500-001-V2-4326']",,,,,['V2_POS1'],908c3873-8514-4efc-825f-19b0cfbbcc40,1760982300000000000,1760982300000000000,,,,,,,
O-20251020-174500-001-V2-4325,BACKTESTER-001,MLSignalStrategyV2-V2,EUR/USD.IDEALPRO,IDEALPRO-1-4325,EUR/USD.IDEALPRO-MLSignalStrategyV2-V2,IDEALPRO-001,IDEALPRO-1-766629,STOP_MARKET,SELL,100000.00,GTC,True,False,100000.00,TAKER,1.16383,4.0000000000040004e-05,['2.33 USD'],NO_TRIGGER,FILLED,OUO,OL-20251020-174500-001-V2-1442,['O-20251020-174500-001-V2-4326'],O-20251020-174500-001-V2-4324,,,,['V2_POS1_SL'],ca5d4a25-cb14-43d3-a7a6-f3a47a4cf8a8,1760982300000000000,1760984280000000000,1.16387,DEFAULT,,,,,
O-20251020-174500-001-V2-4326,BACKTESTER-001,MLSignalStrategyV2-V2,EUR/USD.IDEALPRO,IDEALPRO-1-4326,EUR/USD.IDEALPRO-MLSignalStrategyV2-V2,IDEALPRO-001,,LIMIT,SELL,100000.00,GTC,True,False,0.00,NO_LIQUIDITY_SIDE,,,,NO_TRIGGER,CANCELED,OUO,OL-20251020-174500-001-V2-1442,['O-20251020-174500-001-V2-4325'],O-20251020-174500-001-V2-4324,,,,['V2_POS1_TP'],031ff311-4e03-45a4-9ae0-23a95f600fd7,1760982300000000000,1760984280000000000,,,,,1.16475,False,
O-20251020-194500-001-V2-4327,BACKTESTER-001,MLSignalStrategyV2-V2,EUR/USD.IDEALPRO,IDEALPRO-1-4327,EUR/USD.IDEALPRO-MLSignalStrategyV2-V2,IDEALPRO-001,IDEALPRO-1-766804,MARKET,BUY,100000.00,GTC,False,False,100000.00,TAKER,1.1644,0.0,['2.33 USD'],NO_TRIGGER,FILLED,OTO,OL-20251020-194500-001-V2-1443,"['O-20251020-194500-001-V2-4328', 'O-20251020-194500-001-V2-4329']",,,,,['V2_POS1'],6963cee8-440a-4459-b44b-2a88a615f145,1760989500000000000,1760989500000000000,,,,,,,
O-20251020-194500-001-V2-4328,BACKTESTER-001,MLSignalStrategyV2-V2,EUR/USD.IDEALPRO,IDEALPRO-1-4328,EUR/USD.IDEALPRO-MLSignalStrategyV2-V2,IDEALPRO-001,IDEALPRO-1-766833,STOP_MARKET,SELL,100000.00,GTC,True,False,100000.00,TAKER,1.16401,4.0000000000040004e-05,['2.33 USD'],NO_TRIGGER,FILLED,OUO,OL-20251020-194500-001-V2-1443,['O-20251020-194500-001-V2-4329'],O-20251020-194500-001-V2-4327,,,,['V2_POS1_SL'],66389b3f-e260-4ae6-b47a-72c3664b2741,1760989500000000000,1760990340000000000,1.16405,DEFAULT,,,,,
O-20251020-194500-001-V2-4329,BACKTESTER-001,MLSignalStrategyV2-V2,EUR/USD.IDEALPRO,IDEALPRO-1-4329,EUR/USD.IDEALPRO-MLSignalStrategyV2-V2,IDEALPRO-001,,LIMIT,SELL,100000.00,GTC,True,False,0.00,NO_LIQUIDITY_SIDE,,,,NO_TRIGGER,CANCELED,OUO,OL-20251020-194500-001-V2-1443,['O-20251020-194500-001-V2-4328'],O-20251020-194500-001-V2-4327,,,,['V2_POS1_TP'],da00065b-594f-4902-b687-4bb40eafd77f,1760989500000000000,1760990340000000000,,,,,1.16473,False,
O-20251020-200000-001-V2-4330,BACKTESTER-001,MLSignalStrategyV2-V2,EUR/USD.IDEALPRO,IDEALPRO-1-4330,EUR/USD.IDEALPRO-MLSignalStrategyV2-V2,IDEALPRO-001,IDEALPRO-1-766836,MARKET,BUY,100000.00,GTC,False,False,100000.00,TAKER,1.1641,0.0,['2.33 USD'],NO_TRIGGER,FILLED,OTO,OL-20251020-200000-001-V2-1444,"['O-20251020-200000-001-V2-4331', 'O-20251020-200000-001-V2-4332']",,,,,['V2_POS1'],d1024648-fe20-407a-8cc9-c842d1971e48,1760990400000000000,1760990400000000000,,,,,,,
O-20251020-200000-001-V2-4331,BACKTESTER-001,MLSignalStrategyV2-V2,EUR/USD.IDEALPRO,IDEALPRO-1-4331,EUR/USD.IDEALPRO-MLSignalStrategyV2-V2,IDEALPRO-001,,STOP_MARKET,SELL,100000.00,GTC,True,False,0.00,NO_LIQUIDITY_SIDE,,,,NO_TRIGGER,CANCELED,OUO,OL-20251020-200000-001-V2-1444,['O-20251020-200000-001-V2-4332'],O-20251020-200000-001-V2-4330,,,,['V2_POS1_SL'],e46fe0dc-6ff5-4919-a0c4-43d69e2d8070,1760990400000000000,1760990700000000000,1.16376,DEFAULT,,,,,
O-20251020-200000-001-V2-4332,BACKTESTER-001,MLSignalStrategyV2-V2,EUR/USD.IDEALPRO,IDEALPRO-1-4332,EUR/USD.IDEALPRO-MLSignalStrategyV2-V2,IDEALPRO-001,IDEALPRO-1-766847,LIMIT,SELL,100000.00,GTC,True,False,100000.00,MAKER,1.16444,0.0,['2.33 USD'],NO_TRIGGER,FILLED,OUO,OL-20251020-200000-001-V2-1444,['O-20251020-200000-001-V2-4331'],O-20251020-200000-001-V2-4330,,,,['V2_POS1_TP'],d5d66654-497d-479f-9bbf-e08b1d64fc6c,1760990400000000000,1760990700000000000,,,,,1.16444,False,
O-20251020-201500-001-V2-4333,BACKTESTER-001,MLSignalStrategyV2-V2,EUR/USD.IDEALPRO,IDEALPRO-1-4333,EUR/USD.IDEALPRO-MLSignalStrategyV2-V2,IDEALPRO-001,IDEALPRO-1-766867,MARKET,BUY,100000.00,GTC,False,False,100000.00,TAKER,1.16415,0.0,['2.33 USD'],NO_TRIGGER,FILLED,OTO,OL-20251020-201500-001-V2-1445,"['O-20251020-201500-001-V2-4334', 'O-20251020-201500-001-V2-4335']",,,,,['V2_POS1'],12312436-bd90-4ec9-a35c-615c3f3b4abc,1760991300000000000,1760991300000000000,,,,,,,
O-20251020-201500-001-V2-4334,BACKTESTER-001,MLSignalStrategyV2-V2,EUR/USD.IDEALPRO,IDEALPRO-1-4334,EUR/USD.IDEALPRO-MLSignalStrategyV2-V2,IDEALPRO-001,,STOP_MARKET,SELL,100000.00,GTC,True,False,0.00,NO_LIQUIDITY_SIDE,,,,NO_TRIGGER,CANCELED,OUO,OL-20251020-201500-001-V2-1445,['O-20251020-201500-001-V2-4335'],O-20251020-201500-001-V2-4333,,,,['V2_POS1_SL'],ff784bca-e477-42cd-a2de-776163e3bfea,1760991300000000000,1760992080000000000,1.16373,DEFAULT,,,,,
O-20251020-201500-001-V2-4335,BACKTESTER-001,MLSignalStrategyV2-V2,EUR/USD.IDEALPRO,IDEALPRO-1-4335,EUR/USD.IDEALPRO-MLSignalStrategyV2-V2,IDEALPRO-001,IDEALPRO-1-766895,LIMIT,SELL,100000.00,GTC,True,False,100000.00,MAKER,1.16439,0.0,['2.33 USD'],NO_TRIGGER,FILLED,OUO,OL-20251020-201500-001-V2-1445,['O-20251020-201500-001-V2-4334'],O-20251020-201500-001-V2-4333,,,,['V2_POS1_TP'],ffadd323-9950-434f-a02d-0fa9fd1a84b9,1760991300000000000,1760992080000000000,,,,,1.16439,False,
O-20251020-204500-001-V2-4336,BACKTESTER-001,MLSignalStrategyV2-V2,EUR/USD.IDEALPRO,IDEALPRO-1-4336,EUR/USD.IDEALPRO-MLSignalStrategyV2-V2,IDEALPRO-001,IDEALPRO-1-766930,MARKET,BUY,100000.00,GTC,False,False,100000.00,TAKER,1.16435,0.0,['2.33 USD'],NO_TRIGGER,FILLED,OTO,OL-20251020-204500-001-V2-1446,"['O-20251020-204500-001-V2-4337', 'O-20251020-204500-001-V2-4338']",,,,,['V2_POS1'],afc8abe6-de37-4141-a4fe-e5c4aff039a3,1760993100000000000,1760993100000000000,,,,,,,
O-20251020-204500-001-V2-4337,BACKTESTER-001,MLSignalStrategyV2-V2,EUR/USD.IDEALPRO,IDEALPRO-1-4337,EUR/USD.IDEALPRO-MLSignalStrategyV2-V2,IDEALPRO-001,,STOP_MARKET,SELL,100000.00,GTC,True,False,0.00,NO_LIQUIDITY_SIDE,,,,NO_TRIGGER,CANCELED,OUO,OL-20251020-204500-001-V2-1446,['O-20251020-204500-001-V2-4338'],O-20251020-204500-001-V2-4336,,,,['V2_POS1_SL'],9e4ba71a-809f-4827-9e4c-0276d2718f44,1760993100000000000,1761004920000000000,1.16403,DEFAULT,,,,,
O-20251020-204500-001-V2-4338,BACKTESTER-001,MLSignalStrategyV2-V2,EUR/USD.IDEALPRO,IDEALPRO-1-4338,EUR/USD.IDEALPRO-MLSignalStrategyV2-V2,IDEALPRO-001,IDEALPRO-1-767295,LIMIT,SELL,100000.00,GTC,True,False,100000.00,MAKER,1.16465,0.0,['2.33 USD'],NO_TRIGGER,FILLED,OUO,OL-20251020-204500-001-V2-1446,['O-20251020-204500-001-V2-4337'],O-20251020-204500-001-V2-4336,,,,['V2_POS1_TP'],2c1bf2cc-1b6c-4310-bfa6-345367ddf4b7,1760993100000000000,1761004920000000000,,,,,1.16465,False,
O-20251021-013000-001-V2-4339,BACKTESTER-001,MLSignalStrategyV2-V2,EUR/USD.IDEALPRO,IDEALPRO-1-4339,EUR/USD.IDEALPRO-MLSignalStrategyV2-V2,IDEALPRO-001,IDEALPRO-1-767473,MARKET,SELL,100000.00,GTC,False,False,100000.00,TAKER,1.16468,0.0,['2.33 USD'],NO_TRIGGER,FILLED,OTO,OL-20251021-013000-001-V2-1447,"['O-20251021-013000-001-V2-4340', 'O-20251021-013000-001-V2-4341']",,,,,['V2_POS1'],ac74aab9-c49c-4c30-9099-68d8e4968bf8,1761010200000000000,1761010200000000000,,,,,,,
O-20251021-013000-001-V2-4340,BACKTESTER-001,MLSignalStrategyV2-V2,EUR/USD.IDEALPRO,IDEALPRO-1-4340,EUR/USD.IDEALPRO-MLSignalStrategyV2-V2,IDEALPRO-001,,STOP_MARKET,BUY,100000.00,GTC,True,False,0.00,NO_LIQUIDITY_SIDE,,,,NO_TRIGGER,CANCELED,OUO,OL-20251021-013000-001-V2-1447,['O-20251021-013000-001-V2-4341'],O-20251021-013000-001-V2-4339,,,,['V2_POS1_SL'],191990c4-33e8-4ae5-8819-9b1f7d03aa36,1761010200000000000,1761010740000000000,1.16497,DEFAULT,,,,,
O-20251021-013000-001-V2-4341,BACKTESTER-001,MLSignalStrategyV2-V2,EUR/USD.IDEALPRO,IDEALPRO-1-4341,EUR/USD.IDEALPRO-MLSignalStrategyV2-V2,IDEALPRO-001,IDEALPRO-1-767491,LIMIT,BUY,100000.00,GTC,True,False,100000.00,MAKER,1.16442,1.0000000000065512e-05,['2.33 USD'],NO_TRIGGER,FILLED,OUO,OL-20251021-013000-001-V2-1447,['O-20251021-013000-001-V2-4340'],O-20251021-013000-001-V2-4339,,,,['V2_POS1_TP'],8a66bed4-436a-49cd-8d3a-9ff85172bdae,1761010200000000000,1761010740000000000,,,,,1.16441,False,
O-20251021-023000-001-V2-4342,BACKTESTER-001,MLSignalStrategyV2-V2,EUR/USD.IDEALPRO,IDEALPRO-1-4342,EUR/USD.IDEALPRO-MLSignalStrategyV2-V2,IDEALPRO-001,IDEALPRO-1-767595,MARKET,SELL,100000.00,GTC,False,False,100000.00,TAKER,1.16431,0.0,['2.33 USD'],NO_TRIGGER,FILLED,OTO,OL-20251021-023000-001-V2-1448,"['O-20251021-023000-001-V2-4343', 'O-20251021-023000-001-V2-4344']",,,,,['V2_POS1'],bdbae88e-6184-4447-b391-6916db49accb,1761013800000000000,1761013800000000000,,,,,,,
O-20251021-023000-001-V2-4343,BACKTESTER-001,MLSignalStrategyV2-V2,EUR/USD.IDEALPRO,IDEALPRO-1-4343,EUR/USD.IDEALPRO-MLSignalStrategyV2-V2,IDEALPRO-001,,STOP_MARKET,BUY,100000.00,GTC,True,False,0.00,NO_LIQUIDITY_SIDE,,,,NO_TRIGGER,CANCELED,OUO,OL-20251021-023000-001-V2-1448,['O-20251021-023000-001-V2-4344'],O-20251021-023000-001-V2-4342,,,,['V2_POS1_SL'],33551c2b-bd67-4803-bb73-883e969e264e,1761013800000000000,1761013980000000000,1.16465,DEFAULT,,,,,
O-20251021-023000-001-V2-4344,BACKTESTER-001,MLSignalStrategyV2-V2,EUR/USD.IDEALPRO,IDEALPRO-1-4344,EUR/USD.IDEALPRO-MLSignalStrategyV2-V2,IDEALPRO-001,IDEALPRO-1-767601,LIMIT,BUY,100000.00,GTC,True,False,100000.00,MAKER,1.16396,-9.999999999843467e-06,['2.33 USD'],NO_TRIGGER,FILLED,OUO,OL-20251021-023000-001-V2-1448,['O-20251021-023000-001-V2-4343'],O-20251021-023000-001-V2-4342,,,,['V2_POS1_TP'],e29dfc9c-9d1a-445b-8208-2b3d186d4cea,1761013800000000000,1761013980000000000,,,,,1.16397,False,
O-20251021-024500-001-V2-4345,BACKTESTER-001,MLSignalStrategyV2-V2,EUR/USD.IDEALPRO,IDEALPRO-1-4345,EUR/USD.IDEALPRO-MLSignalStrategyV2-V2,IDEALPRO-001,IDEALPRO-1-767626,MARKET,SELL,100000.00,GTC,False,False,100000.00,TAKER,1.16361,0.0,['2.33 USD'],NO_TRIGGER,FILLED,OTO,OL-20251021-024500-001-V2-1449,"['O-20251021-024500-001-V2-4346', 'O-20251021-024500-001-V2-4347']",,,,,['V2_POS1'],8981f6c1-fe5e-4db0-aec4-958994f22995,1761014700000000000,1761014700000000000,,,,,,,
O-20251021-024500-001-V2-4346,BACKTESTER-001,MLSignalStrategyV2-V2,EUR/USD.IDEALPRO,IDEALPRO-1-4346,EUR/USD.IDEALPRO-MLSignalStrategyV2-V2,IDEALPRO-001,,STOP_MARKET,BUY,100000.00,GTC,True,False,0.00,NO_LIQUIDITY_SIDE,,,,NO_TRIGGER,CANCELED,OUO,OL-20251021-024500-001-V2-1449,['O-20251021-024500-001-V2-4347'],O-20251021-024500-001-V2-4345,,,,['V2_POS1_SL'],206a1557-0598-4d2c-b6de-8d0ed9322fa8,1761014700000000000,1761019620000000000,1.16397,DEFAULT,,,,,
O-20251021-024500-001-V2-4347,BACKTESTER-001,MLSignalStrategyV2-V2,EUR/USD.IDEALPRO,IDEALPRO-1-4347,EUR/USD.IDEALPRO-MLSignalStrategyV2-V2,IDEALPRO-001,IDEALPRO-1-767791,LIMIT,BUY,100000.00,GTC,True,False,100000.00,MAKER,1.16322,-2.999999999997449e-05,['2.33 USD'],NO_TRIGGER,FILLED,OUO,OL-20251021-024500-001-V2-1449,['O-20251021-024500-001-V2-4346'],O-20251021-024500-001-V2-4345,,,,['V2_POS1_TP'],0a540a26-241d-4c1e-aadb-173305c3d8ec,1761014700000000000,1761019620000000000,,,,,1.16325,False,
O-20251021-104500-001-V2-4348,BACKTESTER-001,MLSignalStrategyV2-V2,EUR/USD.IDEALPRO,IDEALPRO-1-4348,EUR/USD.IDEALPRO-MLSignalStrategyV2-V2,IDEALPRO-001,IDEALPRO-1-768588,MARKET,BUY,100000.00,GTC,False,False,100000.00,TAKER,1.16092,0.0,['2.32 USD'],NO_TRIGGER,FILLED,OTO,OL-20251021-104500-001-V2-1450,"['O-20251021-104500-001-V2-4349', 'O-20251021-104500-001-V2-4350']",,,,,['V2_POS1'],4ba8fd1c-eca6-49ec-b399-2f0011df8817,1761043500000000000,1761043500000000000,,,,,,,
O-20251021-104500-001-V2-4349,BACKTESTER-001,MLSignalStrategyV2-V2,EUR/USD.IDEALPRO,IDEALPRO-1-4349,EUR/USD.IDEALPRO-MLSignalStrategyV2-V2,IDEALPRO-001,,STOP_MARKET,SELL,100000.00,GTC,True,False,0.00,NO_LIQUIDITY_SIDE,,,,NO_TRIGGER,CANCELED,OUO,OL-20251021-104500-001-V2-1450,['O-20251021-104500-001-V2-4350'],O-20251021-104500-001-V2-4348,,,,['V2_POS1_SL'],f5f29d82-f028-4dbc-8612-7a2647dd48bd,1761043500000000000,1761044160000000000,1.16032,DEFAULT,,,,,
O-20251021-104500-001-V2-4350,BACKTESTER-001,MLSignalStrategyV2-V2,EUR/USD.IDEALPRO,IDEALPRO-1-4350,EUR/USD.IDEALPRO-MLSignalStrategyV2-V2,IDEALPRO-001,IDEALPRO-1-768611,LIMIT,SELL,100000.00,GTC,True,False,100000.00,MAKER,1.16162,-0.00012000000000012001,['2.32 USD'],NO_TRIGGER,FILLED,OUO,OL-20251021-104500-001-V2-1450,['O-20251021-104500-001-V2-4349'],O-20251021-104500-001-V2-4348,,,,['V2_POS1_TP'],95c5c03a-7a89-48f1-8214-e13ee84dd973,1761043500000000000,1761044160000000000,,,,,1.16150,False,
O-20251021-161500-001-V2-4351,BACKTESTER-001,MLSignalStrategyV2-V2,EUR/USD.IDEALPRO,IDEALPRO-1-4351,EUR/USD.IDEALPRO-MLSignalStrategyV2-V2,IDEALPRO-001,IDEALPRO-1-769250,MARKET,BUY,100000.00,GTC,False,False,100000.00,TAKER,1.16177,0.0,['2.32 USD'],NO_TRIGGER,FILLED,OTO,OL-20251021-161500-001-V2-1451,"['O-20251021-161500-001-V2-4352', 'O-20251021-161500-001-V2-4353']",,,,,['V2_POS1'],bacaddb1-ad28-4497-9fce-40a5e3ba2536,1761063300000000000,1761063300000000000,,,,,,,
O-20251021-161500-001-V2-4352,BACKTESTER-001,MLSignalStrategyV2-V2,EUR/USD.IDEALPRO,IDEALPRO-1-4352,EUR/USD.IDEALPRO-MLSignalStrategyV2-V2,IDEALPRO-001,IDEALPRO-1-769301,STOP_MARKET,SELL,100000.00,GTC,True,False,100000.00,TAKER,1.16109,0.0,['2.32 USD'],NO_TRIGGER,FILLED,OUO,OL-20251021-161500-001-V2-1451,['O-20251021-161500-001-V2-4353'],O-20251021-161500-001-V2-4351,,,,['V2_POS1_SL'],7e9fc2e6-0c40-439c-9868-27a3b77e210e,1761063300000000000,1761064800000000000,1.16109,DEFAULT,,,,,
O-20251021-161500-001-V2-4353,BACKTESTER-001,MLSignalStrategyV2-V2,EUR/USD.IDEALPRO,IDEALPRO-1-4353,EUR/USD.IDEALPRO-MLSignalStrategyV2-V2,IDEALPRO-001,,LIMIT,SELL,100000.00,GTC,True,False,0.00,NO_LIQUIDITY_SIDE,,,,NO_TRIGGER,CANCELED,OUO,OL-20251021-161500-001-V2-1451,['O-20251021-161500-001-V2-4352'],O-20251021-161500-001-V2-4351,,,,['V2_POS1_TP'],deb2a54e-64d3-4dfe-86f6-993a187631ee,1761063300000000000,1761064800000000000,,,,,1.16243,False,
O-20251021-200000-001-V2-4354,BACKTESTER-001,MLSignalStrategyV2-V2,EUR/USD.IDEALPRO,IDEALPRO-1-4354,EUR/USD.IDEALPRO-MLSignalStrategyV2-V2,IDEALPRO-001,IDEALPRO-1-769703,MARKET,BUY,100000.00,GTC,False,False,100000.00,TAKER,1.16006,0.0,['2.32 USD'],NO_TRIGGER,FILLED,OTO,OL-20251021-200000-001-V2-1452,"['O-20251021-200000-001-V2-4355', 'O-20251021-200000-001-V2-4356']",,,,,['V2_POS1'],1bd737b4-f73b-4e7c-811c-ea23ac09ac44,1761076800000000000,1761076800000000000,,,,,,,
O-20251021-200000-001-V2-4355,BACKTESTER-001,MLSignalStrategyV2-V2,EUR/USD.IDEALPRO,IDEALPRO-1-4355,EUR/USD.IDEALPRO-MLSignalStrategyV2-V2,IDEALPRO-001,,STOP_MARKET,SELL,100000.00,GTC,True,False,0.00,NO_LIQUIDITY_SIDE,,,,NO_TRIGGER,CANCELED,OUO,OL-20251021-200000-001-V2-1452,['O-20251021-200000-001-V2-4356'],O-20251021-200000-001-V2-4354,,,,['V2_POS1_SL'],82c181c8-bc74-4554-8421-ceae313cf286,1761076800000000000,1761081780000000000,1.15970,DEFAULT,,,,,
O-20251021-200000-001-V2-4356,BACKTESTER-001,MLSignalStrategyV2-V2,EUR/USD.IDEALPRO,IDEALPRO-1-4356,EUR/USD.IDEALPRO-MLSignalStrategyV2-V2,IDEALPRO-001,IDEALPRO-1-769839,LIMIT,SELL,100000.00,GTC,True,False,100000.00,MAKER,1.16046,-4.0000000000040004e-05,['2.32 USD'],NO_TRIGGER,FILLED,OUO,OL-20251021-200000-001-V2-1452,['O-20251021-200000-001-V2-4355'],O-20251021-200000-001-V2-4354,,,,['V2_POS1_TP'],4d44e97e-10de-4f90-8c8c-badbdaa1d0ff,1761076800000000000,1761081780000000000,,,,,1.16042,False,
O-20251022-081500-001-V2-4357,BACKTESTER-001,MLSignalStrategyV2-V2,EUR/USD.IDEALPRO,IDEALPRO-1-4357,EUR/USD.IDEALPRO-MLSignalStrategyV2-V2,IDEALPRO-001,IDEALPRO-1-771144,MARKET,BUY,100000.00,GTC,False,False,100000.00,TAKER,1.15915,0.0,['2.32 USD'],NO_TRIGGER,FILLED,OTO,OL-20251022-081500-001-V2-1453,"['O-20251022-081500-001-V2-4358', 'O-20251022-081500-001-V2-4359']",,,,,['V2_POS1'],d5fa81eb-36a3-4485-9558-8b78846a059f,1761120900000000000,1761120900000000000,,,,,,,
O-20251022-081500-001-V2-4358,BACKTESTER-001,MLSignalStrategyV2-V2,EUR/USD.IDEALPRO,IDEALPRO-1-4358,EUR/USD.IDEALPRO-MLSignalStrategyV2-V2,IDEALPRO-001,,STOP_MARKET,SELL,100000.00,GTC,True,False,0.00,NO_LIQUIDITY_SIDE,,,,NO_TRIGGER,CANCELED,OUO,OL-20251022-081500-001-V2-1453,['O-20251022-081500-001-V2-4359'],O-20251022-081500-001-V2-4357,,,,['V2_POS1_SL'],d79e6fa6-8574-4da8-bec9-7e3dd2dfc317,1761120900000000000,1761121380000000000,1.15865,DEFAULT,,,,,
O-20251022-081500-001-V2-4359,BACKTESTER-001,MLSignalStrategyV2-V2,EUR/USD.IDEALPRO,IDEALPRO-1-4359,EUR/USD.IDEALPRO-MLSignalStrategyV2-V2,IDEALPRO-001,IDEALPRO-1-771161,LIMIT,SELL,100000.00,GTC,True,False,100000.00,MAKER,1.15975,-9.999999999998899e-05,['2.32 USD'],NO_TRIGGER,FILLED,OUO,OL-20251022-081500-001-V2-1453,['O-20251022-081500-001-V2-4358'],O-20251022-081500-001-V2-4357,,,,['V2_POS1_TP'],6679af88-3cd1-4e41-8c8c-b6ec532ba652,1761120900000000000,1761121380000000000,,,,,1.15965,False,
O-20251022-101500-001-V2-4360,BACKTESTER-001,MLSignalStrategyV2-V2,EUR/USD.IDEALPRO,IDEALPRO-1-4360,EUR/USD.IDEALPRO-MLSignalStrategyV2-V2,IDEALPRO-001,IDEALPRO-1-771386,MARKET,BUY,100000.00,GTC,False,False,100000.00,TAKER,1.15916,0.0,['2.32 USD'],NO_TRIGGER,FILLED,OTO,OL-20251022-101500-001-V2-1454,"['O-20251022-101500-001-V2-4361', 'O-20251022-101500-001-V2-4362']",,,,,['V2_POS1'],bc61a1e8-e306-4995-8150-2ca1f082d274,1761128100000000000,1761128100000000000,,,,,,,
O-20251022-101500-001-V2-4361,BACKTESTER-001,MLSignalStrategyV2-V2,EUR/USD.IDEALPRO,IDEALPRO-1-4361,EUR/USD.IDEALPRO-MLSignalStrategyV2-V2,IDEALPRO-001,IDEALPRO-1-771403,STOP_MARKET,SELL,100000.00,GTC,True,False,100000.00,TAKER,1.15867,9.999999999843467e-06,['2.32 USD'],NO_TRIGGER,FILLED,OUO,OL-20251022-101500-001-V2-1454,['O-20251022-101500-001-V2-4362'],O-20251022-101500-001-V2-4360,,,,['V2_POS1_SL'],9a3c20b3-06e3-4c48-8d2f-3cd6cfe18dd5,1761128100000000000,1761128580000000000,1.15868,DEFAULT,,,,,
O-20251022-101500-001-V2-4362,BACKTESTER-001,MLSignalStrategyV2-V2,EUR/USD.IDEALPRO,IDEALPRO-1-4362,EUR/USD.IDEALPRO-MLSignalStrategyV2-V2,IDEALPRO-001,,LIMIT,SELL,100000.00,GTC,True,False,0.00,NO_LIQUIDITY_SIDE,,,,NO_TRIGGER,CANCELED,OUO,OL-20251022-101500-001-V2-1454,['O-20251022-101500-001-V2-4361'],O-20251022-101500-001-V2-4360,,,,['V2_POS1_TP'],3ef293e8-cbdb-45e4-ad95-c47748c14205,1761128100000000000,1761128580000000000,,,,,1.15962,False,
O-20251022-111500-001-V2-4363,BACKTESTER-001,MLSignalStrategyV2-V2,EUR/USD.IDEALPRO,IDEALPRO-1-4363,EUR/USD.IDEALPRO-MLSignalStrategyV2-V2,IDEALPRO-001,IDEALPRO-1-771508,MARKET,SELL,100000.00,GTC,False,False,100000.00,TAKER,1.1587,0.0,['2.32 USD'],NO_TRIGGER,FILLED,OTO,OL-20251022-111500-001-V2-1455,"['O-20251022-111500-001-V2-4364', 'O-20251022-111500-001-V2-4365']",,,,,['V2_POS1'],27f6260d-b751-43db-8274-25c957e395f8,1761131700000000000,1761131700000000000,,,,,,,
O-20251022-111500-001-V2-4364,BACKTESTER-001,MLSignalStrategyV2-V2,EUR/USD.IDEALPRO,IDEALPRO-1-4364,EUR/USD.IDEALPRO-MLSignalStrategyV2-V2,IDEALPRO-001,,STOP_MARKET,BUY,100000.00,GTC,True,False,0.00,NO_LIQUIDITY_SIDE,,,,NO_TRIGGER,CANCELED,OUO,OL-20251022-111500-001-V2-1455,['O-20251022-111500-001-V2-4365'],O-20251022-111500-001-V2-4363,,,,['V2_POS1_SL'],8dc43f65-daa1-4577-bd5c-71d33005b4f8,1761131700000000000,1761133320000000000,1.15915,DEFAULT,,,,,
O-20251022-111500-001-V2-4365,BACKTESTER-001,MLSignalStrategyV2-V2,EUR/USD.IDEALPRO,IDEALPRO-1-4365,EUR/USD.IDEALPRO-MLSignalStrategyV2-V2,IDEALPRO-001,IDEALPRO-1-771563,LIMIT,BUY,100000.00,GTC,True,False,100000.00,MAKER,1.15827,0.0,['2.32 USD'],NO_TRIGGER,FILLED,OUO,OL-20251022-111500-001-V2-1455,['O-20251022-111500-001-V2-4364'],O-20251022-111500-001-V2-4363,,,,['V2_POS1_TP'],d516f28b-7862-4e2e-85fd-042352b7773f,1761131700000000000,1761133320000000000,,,,,1.15827,False,
O-20251022-200000-001-V2-4366,BACKTESTER-001,MLSignalStrategyV2-V2,EUR/USD.IDEALPRO,IDEALPRO-1-4366,EUR/USD.IDEALPRO-MLSignalStrategyV2-V2,IDEALPRO-001,IDEALPRO-1-772561,MARKET,BUY,100000.00,GTC,False,False,100000.00,TAKER,1.1606,0.0,['2.32 USD'],NO_TRIGGER,FILLED,OTO,OL-20251022-200000-001-V2-1456,"['O-20251022-200000-001-V2-4367', 'O-20251022-200000-001-V2-4368']",,,,,['V2_POS1'],baf1078e-e5df-486c-88f9-d71fcb1932fa,1761163200000000000,1761163200000000000,,,,,,,
O-20251022-200000-001-V2-4367,BACKTESTER-001,MLSignalStrategyV2-V2,EUR/USD.IDEALPRO,IDEALPRO-1-4367,EUR/USD.IDEALPRO-MLSignalStrategyV2-V2,IDEALPRO-001,,STOP_MARKET,SELL,100000.00,GTC,True,False,0.00,NO_LIQUIDITY_SIDE,,,,NO_TRIGGER,CANCELED,OUO,OL-20251022-200000-001-V2-1456,['O-20251022-200000-001-V2-4368'],O-20251022-200000-001-V2-4366,,,,['V2_POS1_SL'],ca9d8975-deda-47b3-8e66-33a0219389f0,1761163200000000000,1761163560000000000,1.16028,DEFAULT,,,,,
O-20251022-200000-001-V2-4368,BACKTESTER-001,MLSignalStrategyV2-V2,EUR/USD.IDEALPRO,IDEALPRO-1-4368,EUR/USD.IDEALPRO-MLSignalStrategyV2-V2,IDEALPRO-001,IDEALPRO-1-772573,LIMIT,SELL,100000.00,GTC,True,False,100000.00,MAKER,1.16103,-0.00012999999999996348,['2.32 USD'],NO_TRIGGER,FILLED,OUO,OL-20251022-200000-001-V2-1456,['O-20251022-200000-001-V2-4367'],O-20251022-200000-001-V2-4366,,,,['V2_POS1_TP'],1828bacd-527d-480c-b7d3-fb1bf6605498,1761163200000000000,1761163560000000000,,,,,1.16090,False,
O-20251022-201500-001-V2-4369,BACKTESTER-001,MLSignalStrategyV2-V2,EUR/USD.IDEALPRO,IDEALPRO-1-4369,EUR/USD.IDEALPRO-MLSignalStrategyV2-V2,IDEALPRO-001,IDEALPRO-1-772592,MARKET,BUY,100000.00,GTC,False,False,100000.00,TAKER,1.16105,0.0,['2.32 USD'],NO_TRIGGER,FILLED,OTO,OL-20251022-201500-001-V2-1457,"['O-20251022-201500-001-V2-4370', 'O-20251022-201500-001-V2-4371']",,,,,['V2_POS1'],4d41cedd-116f-43db-b6da-6d25cf42a473,1761164100000000000,1761164100000000000,,,,,,,
O-20251022-201500-001-V2-4370,BACKTESTER-001,MLSignalStrategyV2-V2,EUR/USD.IDEALPRO,IDEALPRO-1-4370,EUR/USD.IDEALPRO-MLSignalStrategyV2-V2,IDEALPRO-001,,STOP_MARKET,SELL,100000.00,GTC,True,False,0.00,NO_LIQUIDITY_SIDE,,,,NO_TRIGGER,CANCELED,OUO,OL-20251022-201500-001-V2-1457,['O-20251022-201500-001-V2-4371'],O-20251022-201500-001-V2-4369,,,,['V2_POS1_SL'],841a2ab9-296f-4d09-b9df-b3683425b42e,1761164100000000000,1761170580000000000,1.16073,DEFAULT,,,,,
O-20251022-201500-001-V2-4371,BACKTESTER-001,MLSignalStrategyV2-V2,EUR/USD.IDEALPRO,IDEALPRO-1-4371,EUR/USD.IDEALPRO-MLSignalStrategyV2-V2,IDEALPRO-001,IDEALPRO-1-772779,LIMIT,SELL,100000.00,GTC,True,False,100000.00,MAKER,1.16135,0.0,['2.32 USD'],NO_TRIGGER,FILLED,OUO,OL-20251022-201500-001-V2-1457,['O-20251022-201500-001-V2-4370'],O-20251022-201500-001-V2-4369,,,,['V2_POS1_TP'],e32ec252-6857-4521-afe3-cebf7ecaaa08,1761164100000000000,1761170580000000000,,,,,1.16135,False,
O-20251023-184500-001-V2-4372,BACKTESTER-001,MLSignalStrategyV2-V2,EUR/USD.IDEALPRO,IDEALPRO-1-4372,EUR/USD.IDEALPRO-MLSignalStrategyV2-V2,IDEALPRO-001,IDEALPRO-1-775264,MARKET,BUY,100000.00,GTC,False,False,100000.00,TAKER,1.16173,0.0,['2.32 USD'],NO_TRIGGER,FILLED,OTO,OL-20251023-184500-001-V2-1458,"['O-20251023-184500-001-V2-4373', 'O-20251023-184500-001-V2-4374']",,,,,['V2_POS1'],a5d59aad-7943-4cbb-91b3-a330f4c5ed89,1761245100000000000,1761245100000000000,,,,,,,
O-20251023-184500-001-V2-4373,BACKTESTER-001,MLSignalStrategyV2-V2,EUR/USD.IDEALPRO,IDEALPRO-1-4373,EUR/USD.IDEALPRO-MLSignalStrategyV2-V2,IDEALPRO-001,IDEALPRO-1-775431,STOP_MARKET,SELL,100000.00,GTC,True,False,100000.00,TAKER,1.16137,1.0000000000065512e-05,['2.32 USD'],NO_TRIGGER,FILLED,OUO,OL-20251023-184500-001-V2-1458,['O-20251023-184500-001-V2-4374'],O-20251023-184500-001-V2-4372,,,,['V2_POS1_SL'],b04f1ddb-d102-4ac6-a3c5-7495d29090bf,1761245100000000000,1761250080000000000,1.16138,DEFAULT,,,,,
O-20251023-184500-001-V2-4374,BACKTESTER-001,MLSignalStrategyV2-V2,EUR/USD.IDEALPRO,IDEALPRO-1-4374,EUR/USD.IDEALPRO-MLSignalStrategyV2-V2,IDEALPRO-001,,LIMIT,SELL,100000.00,GTC,True,False,0.00,NO_LIQUIDITY_SIDE,,,,NO_TRIGGER,CANCELED,OUO,OL-20251023-184500-001-V2-1458,['O-20251023-184500-001-V2-4373'],O-20251023-184500-001-V2-4372,,,,['V2_POS1_TP'],d30ae5ff-0256-4243-aee6-b4688bb83aac,1761245100000000000,1761250080000000000,,,,,1.16208,False,
O-20251024-133000-001-V2-4375,BACKTESTER-001,MLSignalStrategyV2-V2,EUR/USD.IDEALPRO,IDEALPRO-1-4375,EUR/USD.IDEALPRO-MLSignalStrategyV2-V2,IDEALPRO-001,IDEALPRO-1-777486,MARKET,SELL,100000.00,GTC,False,False,100000.00,TAKER,1.16334,0.0,['2.33 USD'],NO_TRIGGER,FILLED,OTO,OL-20251024-133000-001-V2-1459,"['O-20251024-133000-001-V2-4376', 'O-20251024-133000-001-V2-4377']",,,,,['V2_POS1'],38575321-b19c-4856-8029-6acc315798d3,1761312600000000000,1761312600000000000,,,,,,,
O-20251024-133000-001-V2-4376,BACKTESTER-001,MLSignalStrategyV2-V2,EUR/USD.IDEALPRO,IDEALPRO-1-4376,EUR/USD.IDEALPRO-MLSignalStrategyV2-V2,IDEALPRO-001,,STOP_MARKET,BUY,100000.00,GTC,True,False,0.00,NO_LIQUIDITY_SIDE,,,,NO_TRIGGER,CANCELED,OUO,OL-20251024-133000-001-V2-1459,['O-20251024-133000-001-V2-4377'],O-20251024-133000-001-V2-4375,,,,['V2_POS1_SL'],64de2a2c-20fb-4b53-a666-a49bd71f7cb4,1761312600000000000,1761313560000000000,1.16423,DEFAULT,,,,,
O-20251024-133000-001-V2-4377,BACKTESTER-001,MLSignalStrategyV2-V2,EUR/USD.IDEALPRO,IDEALPRO-1-4377,EUR/USD.IDEALPRO-MLSignalStrategyV2-V2,IDEALPRO-001,IDEALPRO-1-777519,LIMIT,BUY,100000.00,GTC,True,False,100000.00,MAKER,1.1624,-4.999999999988347e-05,['2.32 USD'],NO_TRIGGER,FILLED,OUO,OL-20251024-133000-001-V2-1459,['O-20251024-133000-001-V2-4376'],O-20251024-133000-001-V2-4375,,,,['V2_POS1_TP'],64972ffe-2a28-495a-b8b3-b851bde50bde,1761312600000000000,1761313560000000000,,,,,1.16245,False,
O-20251026-213000-001-V2-4378,BACKTESTER-001,MLSignalStrategyV2-V2,EUR/USD.IDEALPRO,IDEALPRO-1-4378,EUR/USD.IDEALPRO-MLSignalStrategyV2-V2,IDEALPRO-001,IDEALPRO-1-778446,MARKET,BUY,100000.00,GTC,False,False,100000.00,TAKER,1.16353,0.0,['2.33 USD'],NO_TRIGGER,FILLED,OTO,OL-20251026-213000-001-V2-1460,"['O-20251026-213000-001-V2-4379', 'O-20251026-213000-001-V2-4380']",,,,,['V2_POS1'],dbe43e6a-c21b-4fe4-a15c-142ac7abef1e,1761514200000000000,1761514200000000000,,,,,,,
O-20251026-213000-001-V2-4379,BACKTESTER-001,MLSignalStrategyV2-V2,EUR/USD.IDEALPRO,IDEALPRO-1-4379,EUR/USD.IDEALPRO-MLSignalStrategyV2-V2,IDEALPRO-001,IDEALPRO-1-778519,STOP_MARKET,SELL,100000.00,GTC,True,False,100000.00,TAKER,1.16286,0.00021000000000004349,['2.33 USD'],NO_TRIGGER,FILLED,OUO,OL-20251026-213000-001-V2-1460,['O-20251026-213000-001-V2-4380'],O-20251026-213000-001-V2-4378,,,,['V2_POS1_SL'],9bf00654-2266-4d35-889b-d61612df20fd,1761514200000000000,1761515280000000000,1.16307,DEFAULT,,,,,
O-20251026-213000-001-V2-4380,BACKTESTER-001,MLSignalStrategyV2-V2,EUR/USD.IDEALPRO,IDEALPRO-1-4380,EUR/USD.IDEALPRO-MLSignalStrategyV2-V2,IDEALPRO-001,,LIMIT,SELL,100000.00,GTC,True,False,0.00,NO_LIQUIDITY_SIDE,,,,NO_TRIGGER,CANCELED,OUO,OL-20251026-213000-001-V2-1460,['O-20251026-213000-001-V2-4379'],O-20251026-213000-001-V2-4378,,,,['V2_POS1_TP'],0652d424-8335-4efd-96da-a75b13ac5c6b,1761514200000000000,1761515280000000000,,,,,1.16399,False,
O-20251026-220000-001-V2-4381,BACKTESTER-001,MLSignalStrategyV2-V2,EUR/USD.IDEALPRO,IDEALPRO-1-4381,EUR/USD.IDEALPRO-MLSignalStrategyV2-V2,IDEALPRO-001,IDEALPRO-1-778568,MARKET,BUY,100000.00,GTC,False,False,100000.00,TAKER,1.16321,0.0,['2.33 USD'],NO_TRIGGER,FILLED,OTO,OL-20251026-220000-001-V2-1461,"['O-20251026-220000-001-V2-4382', 'O-20251026-220000-001-V2-4383']",,,,,['V2_POS1'],4d448926-4126-48f8-b7b5-dd21f728004c,1761516000000000000,1761516000000000000,,,,,,,
O-20251026-220000-001-V2-4382,BACKTESTER-001,MLSignalStrategyV2-V2,EUR/USD.IDEALPRO,IDEALPRO-1-4382,EUR/USD.IDEALPRO-MLSignalStrategyV2-V2,IDEALPRO-001,IDEALPRO-1-778573,STOP_MARKET,SELL,100000.00,GTC,True,False,100000.00,TAKER,1.1627,8.999999999992347e-05,['2.33 USD'],NO_TRIGGER,FILLED,OUO,OL-20251026-220000-001-V2-1461,['O-20251026-220000-001-V2-4383'],O-20251026-220000-001-V2-4381,,,,['V2_POS1_SL'],1edb9662-68ea-4596-b1ab-6336609f92d4,1761516000000000000,1761516060000000000,1.16279,DEFAULT,,,,,
O-20251026-220000-001-V2-4383,BACKTESTER-001,MLSignalStrategyV2-V2,EUR/USD.IDEALPRO,IDEALPRO-1-4383,EUR/USD.IDEALPRO-MLSignalStrategyV2-V2,IDEALPRO-001,,LIMIT,SELL,100000.00,GTC,True,False,0.00,NO_LIQUIDITY_SIDE,,,,NO_TRIGGER,CANCELED,OUO,OL-20251026-220000-001-V2-1461,['O-20251026-220000-001-V2-4382'],O-20251026-220000-001-V2-4381,,,,['V2_POS1_TP'],a0e01bf0-83e7-44ac-9b9e-d7a77f12a668,1761516000000000000,1761516060000000000,,,,,1.16363,False,
O-20251026-221500-001-V2-4384,BACKTESTER-001,MLSignalStrategyV2-V2,EUR/USD.IDEALPRO,IDEALPRO-1-4384,EUR/USD.IDEALPRO-MLSignalStrategyV2-V2,IDEALPRO-001,IDEALPRO-1-778630,MARKET,BUY,100000.00,GTC,False,False,100000.00,TAKER,1.16284,0.0,['2.33 USD'],NO_TRIGGER,FILLED,OTO,OL-20251026-221500-001-V2-1462,"['O-20251026-221500-001-V2-4385', 'O-20251026-221500-001-V2-4386']",,,,,['V2_POS1'],f31911f1-0d81-4b07-86bf-dbc5ed4d9efa,1761516900000000000,1761516900000000000,,,,,,,
O-20251026-221500-001-V2-4385,BACKTESTER-001,MLSignalStrategyV2-V2,EUR/USD.IDEALPRO,IDEALPRO-1-4385,EUR/USD.IDEALPRO-MLSignalStrategyV2-V2,IDEALPRO-001,,STOP_MARKET,SELL,100000.00,GTC,True,False,0.00,NO_LIQUIDITY_SIDE,,,,NO_TRIGGER,CANCELED,OUO,OL-20251026-221500-001-V2-1462,['O-20251026-221500-001-V2-4386'],O-20251026-221500-001-V2-4384,,,,['V2_POS1_SL'],0811142a-a419-48f4-8e7a-c4d32e8beac0,1761516900000000000,1761517500000000000,1.16238,DEFAULT,,,,,
O-20251026-221500-001-V2-4386,BACKTESTER-001,MLSignalStrategyV2-V2,EUR/USD.IDEALPRO,IDEALPRO-1-4386,EUR/USD.IDEALPRO-MLSignalStrategyV2-V2,IDEALPRO-001,IDEALPRO-1-778671,LIMIT,SELL,100000.00,GTC,True,False,100000.00,MAKER,1.16334,-4.0000000000040004e-05,['2.33 USD'],NO_TRIGGER,FILLED,OUO,OL-20251026-221500-001-V2-1462,['O-20251026-221500-001-V2-4385'],O-20251026-221500-001-V2-4384,,,,['V2_POS1_TP'],f3bb29a5-95d1-49b9-bb50-e401f88a38fa,1761516900000000000,1761517500000000000,,,,,1.16330,False,
O-20251026-223000-001-V2-4387,BACKTESTER-001,MLSignalStrategyV2-V2,EUR/USD.IDEALPRO,IDEALPRO-1-4387,EUR/USD.IDEALPRO-MLSignalStrategyV2-V2,IDEALPRO-001,IDEALPRO-1-778693,MARKET,BUY,100000.00,GTC,False,False,100000.00,TAKER,1.16302,0.0,['2.33 USD'],NO_TRIGGER,FILLED,OTO,OL-20251026-223000-001-V2-1463,"['O-20251026-223000-001-V2-4388', 'O-20251026-223000-001-V2-4389']",,,,,['V2_POS1'],43b71f69-a45d-443f-9b9c-3029d33d8dc8,1761517800000000000,1761517800000000000,,,,,,,
O-20251026-223000-001-V2-4388,BACKTESTER-001,MLSignalStrategyV2-V2,EUR/USD.IDEALPRO,IDEALPRO-1-4388,EUR/USD.IDEALPRO-MLSignalStrategyV2-V2,IDEALPRO-001,,STOP_MARKET,SELL,100000.00,GTC,True,False,0.00,NO_LIQUIDITY_SIDE,,,,NO_TRIGGER,CANCELED,OUO,OL-20251026-223000-001-V2-1463,['O-20251026-223000-001-V2-4389'],O-20251026-223000-001-V2-4387,,,,['V2_POS1_SL'],8e102e98-2a7d-4855-9153-46cf7744c803,1761517800000000000,1761526140000000000,1.16251,DEFAULT,,,,,
O-20251026-223000-001-V2-4389,BACKTESTER-001,MLSignalStrategyV2-V2,EUR/USD.IDEALPRO,IDEALPRO-1-4389,EUR/USD.IDEALPRO-MLSignalStrategyV2-V2,IDEALPRO-001,IDEALPRO-1-779249,LIMIT,SELL,100000.00,GTC,True,False,100000.00,MAKER,1.16355,-4.0000000000040004e-05,['2.33 USD'],NO_TRIGGER,FILLED,OUO,OL-20251026-223000-001-V2-1463,['O-20251026-223000-001-V2-4388'],O-20251026-223000-001-V2-4387,,,,['V2_POS1_TP'],8a2f9205-2a42-4025-a875-c46b24bd91a7,1761517800000000000,1761526140000000000,,,,,1.16351,False,
O-20251106-191500-001-V2-4390,BACKTESTER-001,MLSignalStrategyV2-V2,EUR/USD.IDEALPRO,IDEALPRO-1-4390,EUR/USD.IDEALPRO-MLSignalStrategyV2-V2,IDEALPRO-001,IDEALPRO-1-822232,MARKET,BUY,100000.00,GTC,False,False,100000.00,TAKER,1.15496,0.0,['2.31 USD'],NO_TRIGGER,FILLED,OTO,OL-20251106-191500-001-V2-1464,"['O-20251106-191500-001-V2-4391', 'O-20251106-191500-001-V2-4392']",,,,,['V2_POS1'],b7be19ff-86e8-4292-8132-d619e6c62425,1762456500000000000,1762456500000000000,,,,,,,
O-20251106-191500-001-V2-4391,BACKTESTER-001,MLSignalStrategyV2-V2,EUR/USD.IDEALPRO,IDEALPRO-1-4391,EUR/USD.IDEALPRO-MLSignalStrategyV2-V2,IDEALPRO-001,IDEALPRO-1-822297,STOP_MARKET,SELL,100000.00,GTC,True,False,100000.00,TAKER,1.15441,4.0000000000040004e-05,['2.31 USD'],NO_TRIGGER,FILLED,OUO,OL-20251106-191500-001-V2-1464,['O-20251106-191500-001-V2-4392'],O-20251106-191500-001-V2-4390,,,,['V2_POS1_SL'],9d3b6867-df09-4134-b5cd-9fb38f0fa505,1762456500000000000,1762458420000000000,1.15445,DEFAULT,,,,,
O-20251106-191500-001-V2-4392,BACKTESTER-001,MLSignalStrategyV2-V2,EUR/USD.IDEALPRO,IDEALPRO-1-4392,EUR/USD.IDEALPRO-MLSignalStrategyV2-V2,IDEALPRO-001,,LIMIT,SELL,100000.00,GTC,True,False,0.00,NO_LIQUIDITY_SIDE,,,,NO_TRIGGER,CANCELED,OUO,OL-20251106-191500-001-V2-1464,['O-20251106-191500-001-V2-4391'],O-20251106-191500-001-V2-4390,,,,['V2_POS1_TP'],b597521a-37b0-4b8b-baed-25aba94ee55e,1762456500000000000,1762458420000000000,,,,,1.15545,False,
O-20251106-220000-001-V2-4393,BACKTESTER-001,MLSignalStrategyV2-V2,EUR/USD.IDEALPRO,IDEALPRO-1-4393,EUR/USD.IDEALPRO-MLSignalStrategyV2-V2,IDEALPRO-001,IDEALPRO-1-822565,MARKET,BUY,100000.00,GTC,False,False,100000.00,TAKER,1.15471,0.0,['2.31 USD'],NO_TRIGGER,FILLED,OTO,OL-20251106-220000-001-V2-1465,"['O-20251106-220000-001-V2-4394', 'O-20251106-220000-001-V2-4395']",,,,,['V2_POS1'],f2dc83f3-8778-42bb-8460-b7fdb9aeea3d,1762466400000000000,1762466400000000000,,,,,,,
O-20251106-220000-001-V2-4394,BACKTESTER-001,MLSignalStrategyV2-V2,EUR/USD.IDEALPRO,IDEALPRO-1-4394,EUR/USD.IDEALPRO-MLSignalStrategyV2-V2,IDEALPRO-001,,STOP_MARKET,SELL,100000.00,GTC,True,False,0.00,NO_LIQUIDITY_SIDE,,,,NO_TRIGGER,CANCELED,OUO,OL-20251106-220000-001-V2-1465,['O-20251106-220000-001-V2-4395'],O-20251106-220000-001-V2-4393,,,,['V2_POS1_SL'],6fe2360f-19ac-4817-8367-6eb391e4671b,1762466400000000000,1762471200000000000,1.15440,DEFAULT,,,,,
O-20251106-220000-001-V2-4395,BACKTESTER-001,MLSignalStrategyV2-V2,EUR/USD.IDEALPRO,IDEALPRO-1-4395,EUR/USD.IDEALPRO-MLSignalStrategyV2-V2,IDEALPRO-001,IDEALPRO-1-822695,LIMIT,SELL,100000.00,GTC,True,False,100000.00,MAKER,1.15506,-4.0000000000040004e-05,['2.31 USD'],NO_TRIGGER,FILLED,OUO,OL-20251106-220000-001-V2-1465,['O-20251106-220000-001-V2-4394'],O-20251106-220000-001-V2-4393,,,,['V2_POS1_TP'],a580d581-46f0-4f87-9398-17978d0ed8f1,1762466400000000000,1762471200000000000,,,,,1.15502,False,
O-20251107-020000-001-V2-4396,BACKTESTER-001,MLSignalStrategyV2-V2,EUR/USD.IDEALPRO,IDEALPRO-1-4396,EUR/USD.IDEALPRO-MLSignalStrategyV2-V2,IDEALPRO-001,IDEALPRO-1-823016,MARKET,SELL,100000.00,GTC,False,False,100000.00,TAKER,1.15379,0.0,['2.31 USD'],NO_TRIGGER,FILLED,OTO,OL-20251107-020000-001-V2-1466,"['O-20251107-020000-001-V2-4397', 'O-20251107-020000-001-V2-4398']",,,,,['V2_POS1'],3d3864bb-f6f3-4c0c-85cf-baa314e4245f,1762480800000000000,1762480800000000000,,,,,,,
O-20251107-020000-001-V2-4397,BACKTESTER-001,MLSignalStrategyV2-V2,EUR/USD.IDEALPRO,IDEALPRO-1-4397,EUR/USD.IDEALPRO-MLSignalStrategyV2-V2,IDEALPRO-001,IDEALPRO-1-823025,STOP_MARKET,BUY,100000.00,GTC,True,False,100000.00,TAKER,1.15409,1.0000000000065512e-05,['2.31 USD'],NO_TRIGGER,FILLED,OUO,OL-20251107-020000-001-V2-1466,['O-20251107-020000-001-V2-4398'],O-20251107-020000-001-V2-4396,,,,['V2_POS1_SL'],819d58cf-59a0-4504-990d-7f83646c2ed1,1762480800000000000,1762481040000000000,1.15408,DEFAULT,,,,,
O-20251107-020000-001-V2-4398,BACKTESTER-001,MLSignalStrategyV2-V2,EUR/USD.IDEALPRO,IDEALPRO-1-4398,EUR/USD.IDEALPRO-MLSignalStrategyV2-V2,IDEALPRO-001,,LIMIT,BUY,100000.00,GTC,True,False,0.00,NO_LIQUIDITY_SIDE,,,,NO_TRIGGER,CANCELED,OUO,OL-20251107-020000-001-V2-1466,['O-20251107-020000-001-V2-4397'],O-20251107-020000-001-V2-4396,,,,['V2_POS1_TP'],d62bbd9c-587c-4576-8c92-b1f30a2b951d,1762480800000000000,1762481040000000000,,,,,1.15352,False,
O-20251107-081500-001-V2-4399,BACKTESTER-001,MLSignalStrategyV2-V2,EUR/USD.IDEALPRO,IDEALPRO-1-4399,EUR/USD.IDEALPRO-MLSignalStrategyV2-V2,IDEALPRO-001,IDEALPRO-1-823768,MARKET,BUY,100000.00,GTC,False,False,100000.00,TAKER,1.15384,0.0,['2.31 USD'],NO_TRIGGER,FILLED,OTO,OL-20251107-081500-001-V2-1467,"['O-20251107-081500-001-V2-4400', 'O-20251107-081500-001-V2-4401']",,,,,['V2_POS1'],2dd8169a-1b88-4586-900e-cf9a7db646e7,1762503300000000000,1762503300000000000,,,,,,,
O-20251107-081500-001-V2-4400,BACKTESTER-001,MLSignalStrategyV2-V2,EUR/USD.IDEALPRO,IDEALPRO-1-4400,EUR/USD.IDEALPRO-MLSignalStrategyV2-V2,IDEALPRO-001,IDEALPRO-1-823773,STOP_MARKET,SELL,100000.00,GTC,True,False,100000.00,TAKER,1.15348,2.999999999997449e-05,['2.31 USD'],NO_TRIGGER,FILLED,OUO,OL-20251107-081500-001-V2-1467,['O-20251107-081500-001-V2-4401'],O-20251107-081500-001-V2-4399,,,,['V2_POS1_SL'],6a251a15-cde5-408c-a643-6de5ca5fb40a,1762503300000000000,1762503420000000000,1.15351,DEFAULT,,,,,
O-20251107-081500-001-V2-4401,BACKTESTER-001,MLSignalStrategyV2-V2,EUR/USD.IDEALPRO,IDEALPRO-1-4401,EUR/USD.IDEALPRO-MLSignalStrategyV2-V2,IDEALPRO-001,,LIMIT,SELL,100000.00,GTC,True,False,0.00,NO_LIQUIDITY_SIDE,,,,NO_TRIGGER,CANCELED,OUO,OL-20251107-081500-001-V2-1467,['O-20251107-081500-001-V2-4400'],O-20251107-081500-001-V2-4399,,,,['V2_POS1_TP'],3e98d49f-c068-42f5-bc3d-13426dd57d08,1762503300000000000,1762503420000000000,,,,,1.15415,False,
O-20251107-101500-001-V2-4402,BACKTESTER-001,MLSignalStrategyV2-V2,EUR/USD.IDEALPRO,IDEALPRO-1-4402,EUR/USD.IDEALPRO-MLSignalStrategyV2-V2,IDEALPRO-001,IDEALPRO-1-824011,MARKET,BUY,100000.00,GTC,False,False,100000.00,TAKER,1.15438,0.0,['2.31 USD'],NO_TRIGGER,FILLED,OTO,OL-20251107-101500-001-V2-1468,"['O-20251107-101500-001-V2-4403', 'O-20251107-101500-001-V2-4404']",,,,,['V2_POS1'],9f98a22f-e612-4f10-9791-f835f0d69cec,1762510500000000000,1762510500000000000,,,,,,,
O-20251107-101500-001-V2-4403,BACKTESTER-001,MLSignalStrategyV2-V2,EUR/USD.IDEALPRO,IDEALPRO-1-4403,EUR/USD.IDEALPRO-MLSignalStrategyV2-V2,IDEALPRO-001,,STOP_MARKET,SELL,100000.00,GTC,True,False,0.00,NO_LIQUIDITY_SIDE,,,,NO_TRIGGER,CANCELED,OUO,OL-20251107-101500-001-V2-1468,['O-20251107-101500-001-V2-4404'],O-20251107-101500-001-V2-4402,,,,['V2_POS1_SL'],6758fc04-0cba-4ede-8416-e86b1925b72a,1762510500000000000,1762511040000000000,1.15400,DEFAULT,,,,,
O-20251107-101500-001-V2-4404,BACKTESTER-001,MLSignalStrategyV2-V2,EUR/USD.IDEALPRO,IDEALPRO-1-4404,EUR/USD.IDEALPRO-MLSignalStrategyV2-V2,IDEALPRO-001,IDEALPRO-1-824029,LIMIT,SELL,100000.00,GTC,True,False,100000.00,MAKER,1.15475,1.0000000000065512e-05,['2.31 USD'],NO_TRIGGER,FILLED,OUO,OL-20251107-101500-001-V2-1468,['O-20251107-101500-001-V2-4403'],O-20251107-101500-001-V2-4402,,,,['V2_POS1_TP'],3e26ea52-f8a8-4c4a-af76-eef1bc0770cf,1762510500000000000,1762511040000000000,,,,,1.15476,False,
O-20251107-113000-001-V2-4405,BACKTESTER-001,MLSignalStrategyV2-V2,EUR/USD.IDEALPRO,IDEALPRO-1-4405,EUR/USD.IDEALPRO-MLSignalStrategyV2-V2,IDEALPRO-001,IDEALPRO-1-824162,MARKET,SELL,100000.00,GTC,False,False,100000.00,TAKER,1.15576,0.0,['2.31 USD'],NO_TRIGGER,FILLED,OTO,OL-20251107-113000-001-V2-1469,"['O-20251107-113000-001-V2-4406', 'O-20251107-113000-001-V2-4407']",,,,,['V2_POS1'],0ef3770d-94a8-45fd-96c3-1ae246ded87d,1762515000000000000,1762515000000000000,,,,,,,
O-20251107-113000-001-V2-4406,BACKTESTER-001,MLSignalStrategyV2-V2,EUR/USD.IDEALPRO,IDEALPRO-1-4406,EUR/USD.IDEALPRO-MLSignalStrategyV2-V2,IDEALPRO-001,IDEALPRO-1-824251,STOP_MARKET,BUY,100000.00,GTC,True,False,100000.00,TAKER,1.15619,4.0000000000040004e-05,['2.31 USD'],NO_TRIGGER,FILLED,OUO,OL-20251107-113000-001-V2-1469,['O-20251107-113000-001-V2-4407'],O-20251107-113000-001-V2-4405,,,,['V2_POS1_SL'],6a3dcc12-9a14-43b7-b858-ef81af2aed42,1762515000000000000,1762517640000000000,1.15615,DEFAULT,,,,,
O-20251107-113000-001-V2-4407,BACKTESTER-001,MLSignalStrategyV2-V2,EUR/USD.IDEALPRO,IDEALPRO-1-4407,EUR/USD.IDEALPRO-MLSignalStrategyV2-V2,IDEALPRO-001,,LIMIT,BUY,100000.00,GTC,True,False,0.00,NO_LIQUIDITY_SIDE,,,,NO_TRIGGER,CANCELED,OUO,OL-20251107-113000-001-V2-1469,['O-20251107-113000-001-V2-4406'],O-20251107-113000-001-V2-4405,,,,['V2_POS1_TP'],9c2c83b4-437e-4560-9a20-1db22e866120,1762515000000000000,1762517640000000000,,,,,1.15539,False,
O-20251109-223000-001-V2-4408,BACKTESTER-001,MLSignalStrategyV2-V2,EUR/USD.IDEALPRO,IDEALPRO-1-4408,EUR/USD.IDEALPRO-MLSignalStrategyV2-V2,IDEALPRO-001,IDEALPRO-1-825455,MARKET,BUY,100000.00,GTC,False,False,100000.00,TAKER,1.15571,0.0,['2.31 USD'],NO_TRIGGER,FILLED,OTO,OL-20251109-223000-001-V2-1470,"['O-20251109-223000-001-V2-4409', 'O-20251109-223000-001-V2-4410']",,,,,['V2_POS1'],87ec28f2-72e9-438f-9840-d01914c47364,1762727400000000000,1762727400000000000,,,,,,,
O-20251109-223000-001-V2-4409,BACKTESTER-001,MLSignalStrategyV2-V2,EUR/USD.IDEALPRO,IDEALPRO-1-4409,EUR/USD.IDEALPRO-MLSignalStrategyV2-V2,IDEALPRO-001,IDEALPRO-1-825525,STOP_MARKET,SELL,100000.00,GTC,True,False,100000.00,TAKER,1.15524,5.999999999994898e-05,['2.31 USD'],NO_TRIGGER,FILLED,OUO,OL-20251109-223000-001-V2-1470,['O-20251109-223000-001-V2-4410'],O-20251109-223000-001-V2-4408,,,,['V2_POS1_SL'],c81981ae-ae64-4557-94db-ceed5dbd112c,1762727400000000000,1762729500000000000,1.15530,DEFAULT,,,,,
O-20251109-223000-001-V2-4410,BACKTESTER-001,MLSignalStrategyV2-V2,EUR/USD.IDEALPRO,IDEALPRO-1-4410,EUR/USD.IDEALPRO-MLSignalStrategyV2-V2,IDEALPRO-001,,LIMIT,SELL,100000.00,GTC,True,False,0.00,NO_LIQUIDITY_SIDE,,,,NO_TRIGGER,CANCELED,OUO,OL-20251109-223000-001-V2-1470,['O-20251109-223000-001-V2-4409'],O-20251109-223000-001-V2-4408,,,,['V2_POS1_TP'],9d893a9e-be1a-4ea6-95dd-2464fb78e32e,1762727400000000000,1762729500000000000,,,,,1.15610,False,
O-20251109-231500-001-V2-4411,BACKTESTER-001,MLSignalStrategyV2-V2,EUR/USD.IDEALPRO,IDEALPRO-1-4411,EUR/USD.IDEALPRO-MLSignalStrategyV2-V2,IDEALPRO-001,IDEALPRO-1-825546,MARKET,BUY,100000.00,GTC,False,False,100000.00,TAKER,1.15492,0.0,['2.31 USD'],NO_TRIGGER,FILLED,OTO,OL-20251109-231500-001-V2-1471,"['O-20251109-231500-001-V2-4412', 'O-20251109-231500-001-V2-4413']",,,,,['V2_POS1'],c59bbfe2-9014-42c6-9ced-d16de782da75,1762730100000000000,1762730100000000000,,,,,,,
O-20251109-231500-001-V2-4412,BACKTESTER-001,MLSignalStrategyV2-V2,EUR/USD.IDEALPRO,IDEALPRO-1-4412,EUR/USD.IDEALPRO-MLSignalStrategyV2-V2,IDEALPRO-001,IDEALPRO-1-825607,STOP_MARKET,SELL,100000.00,GTC,True,False,100000.00,TAKER,1.15432,0.00018999999999991246,['2.31 USD'],NO_TRIGGER,FILLED,OUO,OL-20251109-231500-001-V2-1471,['O-20251109-231500-001-V2-4413'],O-20251109-231500-001-V2-4411,,,,['V2_POS1_SL'],8230df75-6a51-47d7-9e75-4dc525220d1d,1762730100000000000,1762731900000000000,1.15451,DEFAULT,,,,,
O-20251109-231500-001-V2-4413,BACKTESTER-001,MLSignalStrategyV2-V2,EUR/USD.IDEALPRO,IDEALPRO-1-4413,EUR/USD.IDEALPRO-MLSignalStrategyV2-V2,IDEALPRO-001,,LIMIT,SELL,100000.00,GTC,True,False,0.00,NO_LIQUIDITY_SIDE,,,,NO_TRIGGER,CANCELED,OUO,OL-20251109-231500-001-V2-1471,['O-20251109-231500-001-V2-4412'],O-20251109-231500-001-V2-4411,,,,['V2_POS1_TP'],7d64a193-286a-45fc-83ab-fe96811cea33,1762730100000000000,1762731900000000000,,,,,1.15533,False,
O-20251109-234500-001-V2-4414,BACKTESTER-001,MLSignalStrategyV2-V2,EUR/USD.IDEALPRO,IDEALPRO-1-4414,EUR/USD.IDEALPRO-MLSignalStrategyV2-V2,IDEALPRO-001,IDEALPRO-1-825608,MARKET,BUY,100000.00,GTC,False,False,100000.00,TAKER,1.15438,0.0,['2.31 USD'],NO_TRIGGER,FILLED,OTO,OL-20251109-234500-001-V2-1472,"['O-20251109-234500-001-V2-4415', 'O-20251109-234500-001-V2-4416']",,,,,['V2_POS1'],933e50a4-26d2-4e21-8f6a-51a1c5bc464f,1762731900000000000,1762731900000000000,,,,,,,
O-20251109-234500-001-V2-4415,BACKTESTER-001,MLSignalStrategyV2-V2,EUR/USD.IDEALPRO,IDEALPRO-1-4415,EUR/USD.IDEALPRO-MLSignalStrategyV2-V2,IDEALPRO-001,,STOP_MARKET,SELL,100000.00,GTC,True,False,0.00,NO_LIQUIDITY_SIDE,,,,NO_TRIGGER,CANCELED,OUO,OL-20251109-234500-001-V2-1472,['O-20251109-234500-001-V2-4416'],O-20251109-234500-001-V2-4414,,,,['V2_POS1_SL'],543c12a5-a5eb-4429-ab85-06fe6082a1a6,1762731900000000000,1762732860000000000,1.15393,DEFAULT,,,,,
O-20251109-234500-001-V2-4416,BACKTESTER-001,MLSignalStrategyV2-V2,EUR/USD.IDEALPRO,IDEALPRO-1-4416,EUR/USD.IDEALPRO-MLSignalStrategyV2-V2,IDEALPRO-001,IDEALPRO-1-825641,LIMIT,SELL,100000.00,GTC,True,False,100000.00,MAKER,1.15599,-0.001180000000000181,['2.31 USD'],NO_TRIGGER,FILLED,OUO,OL-20251109-234500-001-V2-1472,['O-20251109-234500-001-V2-4415'],O-20251109-234500-001-V2-4414,,,,['V2_POS1_TP'],6f499b91-ee6d-4c64-884d-191cabe7d3e2,1762731900000000000,1762732860000000000,,,,,1.15481,False,
O-20251110-003000-001-V2-4417,BACKTESTER-001,MLSignalStrategyV2-V2,EUR/USD.IDEALPRO,IDEALPRO-1-4417,EUR/USD.IDEALPRO-MLSignalStrategyV2-V2,IDEALPRO-001,IDEALPRO-1-825701,MARKET,SELL,100000.00,GTC,False,False,100000.00,TAKER,1.15521,0.0,['2.31 USD'],NO_TRIGGER,FILLED,OTO,OL-20251110-003000-001-V2-1473,"['O-20251110-003000-001-V2-4418', 'O-20251110-003000-001-V2-4419']",,,,,['V2_POS1'],a50d86f2-5769-4daa-961f-de225d061f34,1762734600000000000,1762734600000000000,,,,,,,
O-20251110-003000-001-V2-4418,BACKTESTER-001,MLSignalStrategyV2-V2,EUR/USD.IDEALPRO,IDEALPRO-1-4418,EUR/USD.IDEALPRO-MLSignalStrategyV2-V2,IDEALPRO-001,,STOP_MARKET,BUY,100000.00,GTC,True,False,0.00,NO_LIQUIDITY_SIDE,,,,NO_TRIGGER,CANCELED,OUO,OL-20251110-003000-001-V2-1473,['O-20251110-003000-001-V2-4419'],O-20251110-003000-001-V2-4417,,,,['V2_POS1_SL'],8490305c-53a3-4a8a-bd42-b626232150eb,1762734600000000000,1762736640000000000,1.15577,DEFAULT,,,,,
O-20251110-003000-001-V2-4419,BACKTESTER-001,MLSignalStrategyV2-V2,EUR/USD.IDEALPRO,IDEALPRO-1-4419,EUR/USD.IDEALPRO-MLSignalStrategyV2-V2,IDEALPRO-001,IDEALPRO-1-825769,LIMIT,BUY,100000.00,GTC,True,False,100000.00,MAKER,1.15466,-1.0000000000065512e-05,['2.31 USD'],NO_TRIGGER,FILLED,OUO,OL-20251110-003000-001-V2-1473,['O-20251110-003000-001-V2-4418'],O-20251110-003000-001-V2-4417,,,,['V2_POS1_TP'],88762b6b-f9d8-4aca-b2b3-303b2bb0438c,1762734600000000000,1762736640000000000,,,,,1.15467,False,
O-20251110-033000-001-V2-4420,BACKTESTER-001,MLSignalStrategyV2-V2,EUR/USD.IDEALPRO,IDEALPRO-1-4420,EUR/USD.IDEALPRO-MLSignalStrategyV2-V2,IDEALPRO-001,IDEALPRO-1-826062,MARKET,SELL,100000.00,GTC,False,False,100000.00,TAKER,1.15545,0.0,['2.31 USD'],NO_TRIGGER,FILLED,OTO,OL-20251110-033000-001-V2-1474,"['O-20251110-033000-001-V2-4421', 'O-20251110-033000-001-V2-4422']",,,,,['V2_POS1'],32ff3c2d-264d-4dfd-afba-97652776d27c,1762745400000000000,1762745400000000000,,,,,,,
O-20251110-033000-001-V2-4421,BACKTESTER-001,MLSignalStrategyV2-V2,EUR/USD.IDEALPRO,IDEALPRO-1-4421,EUR/USD.IDEALPRO-MLSignalStrategyV2-V2,IDEALPRO-001,IDEALPRO-1-826127,STOP_MARKET,BUY,100000.00,GTC,True,False,100000.00,TAKER,1.15583,1.999999999990898e-05,['2.31 USD'],NO_TRIGGER,FILLED,OUO,OL-20251110-033000-001-V2-1474,['O-20251110-033000-001-V2-4422'],O-20251110-033000-001-V2-4420,,,,['V2_POS1_SL'],46c1abd4-435e-4a14-9be0-a63b381b6f4f,1762745400000000000,1762747320000000000,1.15581,DEFAULT,,,,,
O-20251110-033000-001-V2-4422,BACKTESTER-001,MLSignalStrategyV2-V2,EUR/USD.IDEALPRO,IDEALPRO-1-4422,EUR/USD.IDEALPRO-MLSignalStrategyV2-V2,IDEALPRO-001,,LIMIT,BUY,100000.00,GTC,True,False,0.00,NO_LIQUIDITY_SIDE,,,,NO_TRIGGER,CANCELED,OUO,OL-20251110-033000-001-V2-1474,['O-20251110-033000-001-V2-4421'],O-20251110-033000-001-V2-4420,,,,['V2_POS1_TP'],70082363-b7ff-4bf1-acf0-18ba684fd8c2,1762745400000000000,1762747320000000000,,,,,1.15509,False,
O-20251110-084500-001-V2-4423,BACKTESTER-001,MLSignalStrategyV2-V2,EUR/USD.IDEALPRO,IDEALPRO-1-4423,EUR/USD.IDEALPRO-MLSignalStrategyV2-V2,IDEALPRO-001,IDEALPRO-1-826694,MARKET,SELL,100000.00,GTC,False,False,100000.00,TAKER,1.15784,0.0,['2.32 USD'],NO_TRIGGER,FILLED,OTO,OL-20251110-084500-001-V2-1475,"['O-20251110-084500-001-V2-4424', 'O-20251110-084500-001-V2-4425']",,,,,['V2_POS1'],34d9c989-69ea-4793-b96b-0c812828cb29,1762764300000000000,1762764300000000000,,,,,,,
O-20251110-084500-001-V2-4424,BACKTESTER-001,MLSignalStrategyV2-V2,EUR/USD.IDEALPRO,IDEALPRO-1-4424,EUR/USD.IDEALPRO-MLSignalStrategyV2-V2,IDEALPRO-001,,STOP_MARKET,BUY,100000.00,GTC,True,False,0.00,NO_LIQUIDITY_SIDE,,,,NO_TRIGGER,CANCELED,OUO,OL-20251110-084500-001-V2-1475,['O-20251110-084500-001-V2-4425'],O-20251110-084500-001-V2-4423,,,,['V2_POS1_SL'],e03f1ae3-03cb-4bfc-b885-94c357b962b5,1762764300000000000,1762765140000000000,1.15837,DEFAULT,,,,,
O-20251110-084500-001-V2-4425,BACKTESTER-001,MLSignalStrategyV2-V2,EUR/USD.IDEALPRO,IDEALPRO-1-4425,EUR/USD.IDEALPRO-MLSignalStrategyV2-V2,IDEALPRO-001,IDEALPRO-1-826723,LIMIT,BUY,100000.00,GTC,True,False,100000.00,MAKER,1.15732,-1.0000000000065512e-05,['2.31 USD'],NO_TRIGGER,FILLED,OUO,OL-20251110-084500-001-V2-1475,['O-20251110-084500-001-V2-4424'],O-20251110-084500-001-V2-4423,,,,['V2_POS1_TP'],7c210b08-211c-4ec8-bd57-e8146f678dac,1762764300000000000,1762765140000000000,,,,,1.15733,False,
O-20251110-201500-001-V2-4426,BACKTESTER-001,MLSignalStrategyV2-V2,EUR/USD.IDEALPRO,IDEALPRO-1-4426,EUR/USD.IDEALPRO-MLSignalStrategyV2-V2,IDEALPRO-001,IDEALPRO-1-828077,MARKET,SELL,100000.00,GTC,False,False,100000.00,TAKER,1.15626,0.0,['2.31 USD'],NO_TRIGGER,FILLED,OTO,OL-20251110-201500-001-V2-1476,"['O-20251110-201500-001-V2-4427', 'O-20251110-201500-001-V2-4428']",,,,,['V2_POS1'],bb3f437f-b093-4397-8aab-80e7864b127c,1762805700000000000,1762805700000000000,,,,,,,
O-20251110-201500-001-V2-4427,BACKTESTER-001,MLSignalStrategyV2-V2,EUR/USD.IDEALPRO,IDEALPRO-1-4427,EUR/USD.IDEALPRO-MLSignalStrategyV2-V2,IDEALPRO-001,,STOP_MARKET,BUY,100000.00,GTC,True,False,0.00,NO_LIQUIDITY_SIDE,,,,NO_TRIGGER,CANCELED,OUO,OL-20251110-201500-001-V2-1476,['O-20251110-201500-001-V2-4428'],O-20251110-201500-001-V2-4426,,,,['V2_POS1_SL'],423fc40d-294e-486b-8772-c4c2c0695554,1762805700000000000,1762810260000000000,1.15658,DEFAULT,,,,,
O-20251110-201500-001-V2-4428,BACKTESTER-001,MLSignalStrategyV2-V2,EUR/USD.IDEALPRO,IDEALPRO-1-4428,EUR/USD.IDEALPRO-MLSignalStrategyV2-V2,IDEALPRO-001,IDEALPRO-1-828229,LIMIT,BUY,100000.00,GTC,True,False,100000.00,MAKER,1.15594,0.0,['2.31 USD'],NO_TRIGGER,FILLED,OUO,OL-20251110-201500-001-V2-1476,['O-20251110-201500-001-V2-4427'],O-20251110-201500-001-V2-4426,,,,['V2_POS1_TP'],ea6e5edb-592c-4b4b-ae3f-2adeeca728d9,1762805700000000000,1762810260000000000,,,,,1.15594,False,
O-20251111-013000-001-V2-4429,BACKTESTER-001,MLSignalStrategyV2-V2,EUR/USD.IDEALPRO,IDEALPRO-1-4429,EUR/USD.IDEALPRO-MLSignalStrategyV2-V2,IDEALPRO-001,IDEALPRO-1-828679,MARKET,SELL,100000.00,GTC,False,False,100000.00,TAKER,1.15495,0.0,['2.31 USD'],NO_TRIGGER,FILLED,OTO,OL-20251111-013000-001-V2-1477,"['O-20251111-013000-001-V2-4430', 'O-20251111-013000-001-V2-4431']",,,,,['V2_POS1'],5759bf28-3db7-4fb0-9a8d-ef9ca50f4e92,1762824600000000000,1762824600000000000,,,,,,,
O-20251111-013000-001-V2-4430,BACKTESTER-001,MLSignalStrategyV2-V2,EUR/USD.IDEALPRO,IDEALPRO-1-4430,EUR/USD.IDEALPRO-MLSignalStrategyV2-V2,IDEALPRO-001,IDEALPRO-1-828689,STOP_MARKET,BUY,100000.00,GTC,True,False,100000.00,TAKER,1.15527,1.999999999990898e-05,['2.31 USD'],NO_TRIGGER,FILLED,OUO,OL-20251111-013000-001-V2-1477,['O-20251111-013000-001-V2-4431'],O-20251111-013000-001-V2-4429,,,,['V2_POS1_SL'],a9111f2f-a451-4651-9ed5-791b8dbd9445,1762824600000000000,1762824900000000000,1.15525,DEFAULT,,,,,
O-20251111-013000-001-V2-4431,BACKTESTER-001,MLSignalStrategyV2-V2,EUR/USD.IDEALPRO,IDEALPRO-1-4431,EUR/USD.IDEALPRO-MLSignalStrategyV2-V2,IDEALPRO-001,,LIMIT,BUY,100000.00,GTC,True,False,0.00,NO_LIQUIDITY_SIDE,,,,NO_TRIGGER,CANCELED,OUO,OL-20251111-013000-001-V2-1477,['O-20251111-013000-001-V2-4430'],O-20251111-013000-001-V2-4429,,,,['V2_POS1_TP'],34aa252b-a8e7-4662-b213-2fe9798f9367,1762824600000000000,1762824900000000000,,,,,1.15467,False,
O-20251111-210000-001-V2-4432,BACKTESTER-001,MLSignalStrategyV2-V2,EUR/USD.IDEALPRO,IDEALPRO-1-4432,EUR/USD.IDEALPRO-MLSignalStrategyV2-V2,IDEALPRO-001,IDEALPRO-1-831020,MARKET,BUY,100000.00,GTC,False,False,100000.00,TAKER,1.15835,0.0,['2.32 USD'],NO_TRIGGER,FILLED,OTO,OL-20251111-210000-001-V2-1478,"['O-20251111-210000-001-V2-4433', 'O-20251111-210000-001-V2-4434']",,,,,['V2_POS1'],1ef2c231-f123-4a62-ae70-658154f49468,1762894800000000000,1762894800000000000,,,,,,,
O-20251111-210000-001-V2-4433,BACKTESTER-001,MLSignalStrategyV2-V2,EUR/USD.IDEALPRO,IDEALPRO-1-4433,EUR/USD.IDEALPRO-MLSignalStrategyV2-V2,IDEALPRO-001,,STOP_MARKET,SELL,100000.00,GTC,True,False,0.00,NO_LIQUIDITY_SIDE,,,,NO_TRIGGER,CANCELED,OUO,OL-20251111-210000-001-V2-1478,['O-20251111-210000-001-V2-4434'],O-20251111-210000-001-V2-4432,,,,['V2_POS1_SL'],c6e6f161-f44a-40e6-a802-0a0302161452,1762894800000000000,1762902060000000000,1.15801,DEFAULT,,,,,
O-20251111-210000-001-V2-4434,BACKTESTER-001,MLSignalStrategyV2-V2,EUR/USD.IDEALPRO,IDEALPRO-1-4434,EUR/USD.IDEALPRO-MLSignalStrategyV2-V2,IDEALPRO-001,IDEALPRO-1-831233,LIMIT,SELL,100000.00,GTC,True,False,100000.00,MAKER,1.15868,-9.999999999843467e-06,['2.32 USD'],NO_TRIGGER,FILLED,OUO,OL-20251111-210000-001-V2-1478,['O-20251111-210000-001-V2-4433'],O-20251111-210000-001-V2-4432,,,,['V2_POS1_TP'],49d47a37-c4ca-4ac9-b01a-e678c0e49a1e,1762894800000000000,1762902060000000000,,,,,1.15867,False,
O-20251112-111500-001-V2-4435,BACKTESTER-001,MLSignalStrategyV2-V2,EUR/USD.IDEALPRO,IDEALPRO-1-4435,EUR/USD.IDEALPRO-MLSignalStrategyV2-V2,IDEALPRO-001,IDEALPRO-1-832703,MARKET,BUY,100000.00,GTC,False,False,100000.00,TAKER,1.15693,0.0,['2.31 USD'],NO_TRIGGER,FILLED,OTO,OL-20251112-111500-001-V2-1479,"['O-20251112-111500-001-V2-4436', 'O-20251112-111500-001-V2-4437']",,,,,['V2_POS1'],ba0ba4e7-9d1c-44cd-bd04-ef68ea0096e8,1762946100000000000,1762946100000000000,,,,,,,
O-20251112-111500-001-V2-4436,BACKTESTER-001,MLSignalStrategyV2-V2,EUR/USD.IDEALPRO,IDEALPRO-1-4436,EUR/USD.IDEALPRO-MLSignalStrategyV2-V2,IDEALPRO-001,,STOP_MARKET,SELL,100000.00,GTC,True,False,0.00,NO_LIQUIDITY_SIDE,,,,NO_TRIGGER,CANCELED,OUO,OL-20251112-111500-001-V2-1479,['O-20251112-111500-001-V2-4437'],O-20251112-111500-001-V2-4435,,,,['V2_POS1_SL'],af3fb4e6-6198-43fd-8107-6a67163e818b,1762946100000000000,1762947120000000000,1.15651,DEFAULT,,,,,
O-20251112-111500-001-V2-4437,BACKTESTER-001,MLSignalStrategyV2-V2,EUR/USD.IDEALPRO,IDEALPRO-1-4437,EUR/USD.IDEALPRO-MLSignalStrategyV2-V2,IDEALPRO-001,IDEALPRO-1-832737,LIMIT,SELL,100000.00,GTC,True,False,100000.00,MAKER,1.15734,-1.0000000000065512e-05,['2.31 USD'],NO_TRIGGER,FILLED,OUO,OL-20251112-111500-001-V2-1479,['O-20251112-111500-001-V2-4436'],O-20251112-111500-001-V2-4435,,,,['V2_POS1_TP'],124ac793-28ba-47ee-95f1-237740947a3c,1762946100000000000,1762947120000000000,,,,,1.15733,False,
O-20251112-154500-001-V2-4438,BACKTESTER-001,MLSignalStrategyV2-V2,EUR/USD.IDEALPRO,IDEALPRO-1-4438,EUR/USD.IDEALPRO-MLSignalStrategyV2-V2,IDEALPRO-001,IDEALPRO-1-833245,MARKET,BUY,100000.00,GTC,False,False,100000.00,TAKER,1.15845,0.0,['2.32 USD'],NO_TRIGGER,FILLED,OTO,OL-20251112-154500-001-V2-1480,"['O-20251112-154500-001-V2-4439', 'O-20251112-154500-001-V2-4440']",,,,,['V2_POS1'],98eb34ab-0ae0-4f59-93b8-bba2d1073cb7,1762962300000000000,1762962300000000000,,,,,,,
O-20251112-154500-001-V2-4439,BACKTESTER-001,MLSignalStrategyV2-V2,EUR/USD.IDEALPRO,IDEALPRO-1-4439,EUR/USD.IDEALPRO-MLSignalStrategyV2-V2,IDEALPRO-001,,STOP_MARKET,SELL,100000.00,GTC,True,False,0.00,NO_LIQUIDITY_SIDE,,,,NO_TRIGGER,CANCELED,OUO,OL-20251112-154500-001-V2-1480,['O-20251112-154500-001-V2-4440'],O-20251112-154500-001-V2-4438,,,,['V2_POS1_SL'],6057561e-8670-43e5-bdbc-d2c4ba6e8e0b,1762962300000000000,1762962840000000000,1.15790,DEFAULT,,,,,
O-20251112-154500-001-V2-4440,BACKTESTER-001,MLSignalStrategyV2-V2,EUR/USD.IDEALPRO,IDEALPRO-1-4440,EUR/USD.IDEALPRO-MLSignalStrategyV2-V2,IDEALPRO-001,IDEALPRO-1-833263,LIMIT,SELL,100000.00,GTC,True,False,100000.00,MAKER,1.15897,9.999999999843467e-06,['2.32 USD'],NO_TRIGGER,FILLED,OUO,OL-20251112-154500-001-V2-1480,['O-20251112-154500-001-V2-4439'],O-20251112-154500-001-V2-4438,,,,['V2_POS1_TP'],f1ab752b-5453-4c72-bb2d-c10249d0edda,1762962300000000000,1762962840000000000,,,,,1.15898,False,
O-20251112-220000-001-V2-4441,BACKTESTER-001,MLSignalStrategyV2-V2,EUR/USD.IDEALPRO,IDEALPRO-1-4441,EUR/USD.IDEALPRO-MLSignalStrategyV2-V2,IDEALPRO-001,IDEALPRO-1-833996,MARKET,BUY,100000.00,GTC,False,False,100000.00,TAKER,1.15933,0.0,['2.32 USD'],NO_TRIGGER,FILLED,OTO,OL-20251112-220000-001-V2-1481,"['O-20251112-220000-001-V2-4442', 'O-20251112-220000-001-V2-4443']",,,,,['V2_POS1'],5f4f7985-65f5-4c4e-b785-bb07d55312fa,1762984800000000000,1762984800000000000,,,,,,,
O-20251112-220000-001-V2-4442,BACKTESTER-001,MLSignalStrategyV2-V2,EUR/USD.IDEALPRO,IDEALPRO-1-4442,EUR/USD.IDEALPRO-MLSignalStrategyV2-V2,IDEALPRO-001,IDEALPRO-1-834083,STOP_MARKET,SELL,100000.00,GTC,True,False,100000.00,TAKER,1.15901,2.999999999997449e-05,['2.32 USD'],NO_TRIGGER,FILLED,OUO,OL-20251112-220000-001-V2-1481,['O-20251112-220000-001-V2-4443'],O-20251112-220000-001-V2-4441,,,,['V2_POS1_SL'],8296d22f-be06-4a06-9162-5e449e71abc4,1762984800000000000,1762988280000000000,1.15904,DEFAULT,,,,,
O-20251112-220000-001-V2-4443,BACKTESTER-001,MLSignalStrategyV2-V2,EUR/USD.IDEALPRO,IDEALPRO-1-4443,EUR/USD.IDEALPRO-MLSignalStrategyV2-V2,IDEALPRO-001,,LIMIT,SELL,100000.00,GTC,True,False,0.00,NO_LIQUIDITY_SIDE,,,,NO_TRIGGER,CANCELED,OUO,OL-20251112-220000-001-V2-1481,['O-20251112-220000-001-V2-4442'],O-20251112-220000-001-V2-4441,,,,['V2_POS1_TP'],e8f1af1f-3f2b-46f4-b330-bc5c1fab415d,1762984800000000000,1762988280000000000,,,,,1.15962,False,
O-20251113-004500-001-V2-4444,BACKTESTER-001,MLSignalStrategyV2-V2,EUR/USD.IDEALPRO,IDEALPRO-1-4444,EUR/USD.IDEALPRO-MLSignalStrategyV2-V2,IDEALPRO-001,IDEALPRO-1-834299,MARKET,BUY,100000.00,GTC,False,False,100000.00,TAKER,1.15825,0.0,['2.32 USD'],NO_TRIGGER,FILLED,OTO,OL-20251113-004500-001-V2-1482,"['O-20251113-004500-001-V2-4445', 'O-20251113-004500-001-V2-4446']",,,,,['V2_POS1'],ed2117cb-008b-450e-b9dc-418ee17ed911,1762994700000000000,1762994700000000000,,,,,,,
O-20251113-004500-001-V2-4445,BACKTESTER-001,MLSignalStrategyV2-V2,EUR/USD.IDEALPRO,IDEALPRO-1-4445,EUR/USD.IDEALPRO-MLSignalStrategyV2-V2,IDEALPRO-001,IDEALPRO-1-834365,STOP_MARKET,SELL,100000.00,GTC,True,False,100000.00,TAKER,1.15789,4.999999999988347e-05,['2.32 USD'],NO_TRIGGER,FILLED,OUO,OL-20251113-004500-001-V2-1482,['O-20251113-004500-001-V2-4446'],O-20251113-004500-001-V2-4444,,,,['V2_POS1_SL'],9b946644-d7fe-4eca-a9aa-7614c66ab483,1762994700000000000,1762996680000000000,1.15794,DEFAULT,,,,,
O-20251113-004500-001-V2-4446,BACKTESTER-001,MLSignalStrategyV2-V2,EUR/USD.IDEALPRO,IDEALPRO-1-4446,EUR/USD.IDEALPRO-MLSignalStrategyV2-V2,IDEALPRO-001,,LIMIT,SELL,100000.00,GTC,True,False,0.00,NO_LIQUIDITY_SIDE,,,,NO_TRIGGER,CANCELED,OUO,OL-20251113-004500-001-V2-1482,['O-20251113-004500-001-V2-4445'],O-20251113-004500-001-V2-4444,,,,['V2_POS1_TP'],8790f21e-2522-47e5-8661-c79984020b8c,1762994700000000000,1762996680000000000,,,,,1.15854,False,
O-20251113-101500-001-V2-4447,BACKTESTER-001,MLSignalStrategyV2-V2,EUR/USD.IDEALPRO,IDEALPRO-1-4447,EUR/USD.IDEALPRO-MLSignalStrategyV2-V2,IDEALPRO-001,IDEALPRO-1-835440,MARKET,SELL,100000.00,GTC,False,False,100000.00,TAKER,1.1616,0.0,['2.32 USD'],NO_TRIGGER,FILLED,OTO,OL-20251113-101500-001-V2-1483,"['O-20251113-101500-001-V2-4448', 'O-20251113-101500-001-V2-4449']",,,,,['V2_POS1'],4847ff17-3a13-459e-bd0e-66b47ad4eb9f,1763028900000000000,1763028900000000000,,,,,,,
O-20251113-101500-001-V2-4448,BACKTESTER-001,MLSignalStrategyV2-V2,EUR/USD.IDEALPRO,IDEALPRO-1-4448,EUR/USD.IDEALPRO-MLSignalStrategyV2-V2,IDEALPRO-001,IDEALPRO-1-835457,STOP_MARKET,BUY,100000.00,GTC,True,False,100000.00,TAKER,1.16235,0.0,['2.32 USD'],NO_TRIGGER,FILLED,OUO,OL-20251113-101500-001-V2-1483,['O-20251113-101500-001-V2-4449'],O-20251113-101500-001-V2-4447,,,,['V2_POS1_SL'],b7797dea-862c-48d5-a247-8b6a98b61f47,1763028900000000000,1763029380000000000,1.16235,DEFAULT,,,,,
O-20251113-101500-001-V2-4449,BACKTESTER-001,MLSignalStrategyV2-V2,EUR/USD.IDEALPRO,IDEALPRO-1-4449,EUR/USD.IDEALPRO-MLSignalStrategyV2-V2,IDEALPRO-001,,LIMIT,BUY,100000.00,GTC,True,False,0.00,NO_LIQUIDITY_SIDE,,,,NO_TRIGGER,CANCELED,OUO,OL-20251113-101500-001-V2-1483,['O-20251113-101500-001-V2-4448'],O-20251113-101500-001-V2-4447,,,,['V2_POS1_TP'],f8ec47c6-e2e2-45e9-95d1-5399c270e06a,1763028900000000000,1763029380000000000,,,,,1.16085,False,
O-20251113-153000-001-V2-4450,BACKTESTER-001,MLSignalStrategyV2-V2,EUR/USD.IDEALPRO,IDEALPRO-1-4450,EUR/USD.IDEALPRO-MLSignalStrategyV2-V2,IDEALPRO-001,IDEALPRO-1-836072,MARKET,BUY,100000.00,GTC,False,False,100000.00,TAKER,1.16309,0.0,['2.33 USD'],NO_TRIGGER,FILLED,OTO,OL-20251113-153000-001-V2-1484,"['O-20251113-153000-001-V2-4451', 'O-20251113-153000-001-V2-4452']",,,,,['V2_POS1'],10de3ffd-15e8-4688-b6d5-25ee59f20920,1763047800000000000,1763047800000000000,,,,,,,
O-20251113-153000-001-V2-4451,BACKTESTER-001,MLSignalStrategyV2-V2,EUR/USD.IDEALPRO,IDEALPRO-1-4451,EUR/USD.IDEALPRO-MLSignalStrategyV2-V2,IDEALPRO-001,,STOP_MARKET,SELL,100000.00,GTC,True,False,0.00,NO_LIQUIDITY_SIDE,,,,NO_TRIGGER,CANCELED,OUO,OL-20251113-153000-001-V2-1484,['O-20251113-153000-001-V2-4452'],O-20251113-153000-001-V2-4450,,,,['V2_POS1_SL'],af7416db-acfc-48c9-9dc7-71aa0d1c4872,1763047800000000000,1763048160000000000,1.16253,DEFAULT,,,,,
O-20251113-153000-001-V2-4452,BACKTESTER-001,MLSignalStrategyV2-V2,EUR/USD.IDEALPRO,IDEALPRO-1-4452,EUR/USD.IDEALPRO-MLSignalStrategyV2-V2,IDEALPRO-001,IDEALPRO-1-836085,LIMIT,SELL,100000.00,GTC,True,False,100000.00,MAKER,1.16367,-1.999999999990898e-05,['2.33 USD'],NO_TRIGGER,FILLED,OUO,OL-20251113-153000-001-V2-1484,['O-20251113-153000-001-V2-4451'],O-20251113-153000-001-V2-4450,,,,['V2_POS1_TP'],b6799d3d-f124-418c-a53a-9d7d543927da,1763047800000000000,1763048160000000000,,,,,1.16365,False,
O-20251113-163000-001-V2-4453,BACKTESTER-001,MLSignalStrategyV2-V2,EUR/USD.IDEALPRO,IDEALPRO-1-4453,EUR/USD.IDEALPRO-MLSignalStrategyV2-V2,IDEALPRO-001,IDEALPRO-1-836195,MARKET,BUY,100000.00,GTC,False,False,100000.00,TAKER,1.16439,0.0,['2.33 USD'],NO_TRIGGER,FILLED,OTO,OL-20251113-163000-001-V2-1485,"['O-20251113-163000-001-V2-4454', 'O-20251113-163000-001-V2-4455']",,,,,['V2_POS1'],59e313fc-7881-4e78-8f33-6f4cc5442336,1763051400000000000,1763051400000000000,,,,,,,
O-20251113-163000-001-V2-4454,BACKTESTER-001,MLSignalStrategyV2-V2,EUR/USD.IDEALPRO,IDEALPRO-1-4454,EUR/USD.IDEALPRO-MLSignalStrategyV2-V2,IDEALPRO-001,,STOP_MARKET,SELL,100000.00,GTC,True,False,0.00,NO_LIQUIDITY_SIDE,,,,NO_TRIGGER,CANCELED,OUO,OL-20251113-163000-001-V2-1485,['O-20251113-163000-001-V2-4455'],O-20251113-163000-001-V2-4453,,,,['V2_POS1_SL'],13d23f0b-5096-4b3f-81f0-38a7e4ba9158,1763051400000000000,1763053680000000000,1.16383,DEFAULT,,,,,
O-20251113-163000-001-V2-4455,BACKTESTER-001,MLSignalStrategyV2-V2,EUR/USD.IDEALPRO,IDEALPRO-1-4455,EUR/USD.IDEALPRO-MLSignalStrategyV2-V2,IDEALPRO-001,IDEALPRO-1-836271,LIMIT,SELL,100000.00,GTC,True,False,100000.00,MAKER,1.16501,-6.000000000017103e-05,['2.33 USD'],NO_TRIGGER,FILLED,OUO,OL-20251113-163000-001-V2-1485,['O-20251113-163000-001-V2-4454'],O-20251113-163000-001-V2-4453,,,,['V2_POS1_TP'],4cce6201-de43-489b-a481-3f937a36a6ef,1763051400000000000,1763053680000000000,,,,,1.16495,False,
O-20251113-200000-001-V2-4456,BACKTESTER-001,MLSignalStrategyV2-V2,EUR/USD.IDEALPRO,IDEALPRO-1-4456,EUR/USD.IDEALPRO-MLSignalStrategyV2-V2,IDEALPRO-001,IDEALPRO-1-836616,MARKET,SELL,100000.00,GTC,False,False,100000.00,TAKER,1.16357,0.0,['2.33 USD'],NO_TRIGGER,FILLED,OTO,OL-20251113-200000-001-V2-1486,"['O-20251113-200000-001-V2-4457', 'O-20251113-200000-001-V2-4458']",,,,,['V2_POS1'],cd1dbd73-4aa5-45e0-930e-3f4ee50adbfd,1763064000000000000,1763064000000000000,,,,,,,
O-20251113-200000-001-V2-4457,BACKTESTER-001,MLSignalStrategyV2-V2,EUR/USD.IDEALPRO,IDEALPRO-1-4457,EUR/USD.IDEALPRO-MLSignalStrategyV2-V2,IDEALPRO-001,,STOP_MARKET,BUY,100000.00,GTC,True,False,0.00,NO_LIQUIDITY_SIDE,,,,NO_TRIGGER,CANCELED,OUO,OL-20251113-200000-001-V2-1486,['O-20251113-200000-001-V2-4458'],O-20251113-200000-001-V2-4456,,,,['V2_POS1_SL'],00da3637-c74c-44a1-a407-e5fcac351735,1763064000000000000,1763067960000000000,1.16403,DEFAULT,,,,,
O-20251113-200000-001-V2-4458,BACKTESTER-001,MLSignalStrategyV2-V2,EUR/USD.IDEALPRO,IDEALPRO-1-4458,EUR/USD.IDEALPRO-MLSignalStrategyV2-V2,IDEALPRO-001,IDEALPRO-1-836749,LIMIT,BUY,100000.00,GTC,True,False,100000.00,MAKER,1.16308,-3.0000000000196536e-05,['2.33 USD'],NO_TRIGGER,FILLED,OUO,OL-20251113-200000-001-V2-1486,['O-20251113-200000-001-V2-4457'],O-20251113-200000-001-V2-4456,,,,['V2_POS1_TP'],a09415ee-cb89-4c3a-822a-191bb0f63938,1763064000000000000,1763067960000000000,,,,,1.16311,False,
O-20251113-223000-001-V2-4459,BACKTESTER-001,MLSignalStrategyV2-V2,EUR/USD.IDEALPRO,IDEALPRO-1-4459,EUR/USD.IDEALPRO-MLSignalStrategyV2-V2,IDEALPRO-001,IDEALPRO-1-836889,MARKET,BUY,100000.00,GTC,False,False,100000.00,TAKER,1.16366,0.0,['2.33 USD'],NO_TRIGGER,FILLED,OTO,OL-20251113-223000-001-V2-1487,"['O-20251113-223000-001-V2-4460', 'O-20251113-223000-001-V2-4461']",,,,,['V2_POS1'],4c2062dc-0f9a-4f8e-b021-0f54b62a2787,1763073000000000000,1763073000000000000,,,,,,,
O-20251113-223000-001-V2-4460,BACKTESTER-001,MLSignalStrategyV2-V2,EUR/USD.IDEALPRO,IDEALPRO-1-4460,EUR/USD.IDEALPRO-MLSignalStrategyV2-V2,IDEALPRO-001,IDEALPRO-1-836951,STOP_MARKET,SELL,100000.00,GTC,True,False,100000.00,TAKER,1.16317,0.00015999999999993797,['2.33 USD'],NO_TRIGGER,FILLED,OUO,OL-20251113-223000-001-V2-1487,['O-20251113-223000-001-V2-4461'],O-20251113-223000-001-V2-4459,,,,['V2_POS1_SL'],5dedd8ff-b3d1-4271-80e4-4c6049a1313f,1763073000000000000,1763074860000000000,1.16333,DEFAULT,,,,,
O-20251113-223000-001-V2-4461,BACKTESTER-001,MLSignalStrategyV2-V2,EUR/USD.IDEALPRO,IDEALPRO-1-4461,EUR/USD.IDEALPRO-MLSignalStrategyV2-V2,IDEALPRO-001,,LIMIT,SELL,100000.00,GTC,True,False,0.00,NO_LIQUIDITY_SIDE,,,,NO_TRIGGER,CANCELED,OUO,OL-20251113-223000-001-V2-1487,['O-20251113-223000-001-V2-4460'],O-20251113-223000-001-V2-4459,,,,['V2_POS1_TP'],6d76550d-4251-43fb-bec3-687708989feb,1763073000000000000,1763074860000000000,,,,,1.16399,False,
O-20251114-114500-001-V2-4462,BACKTESTER-001,MLSignalStrategyV2-V2,EUR/USD.IDEALPRO,IDEALPRO-1-4462,EUR/USD.IDEALPRO-MLSignalStrategyV2-V2,IDEALPRO-001,IDEALPRO-1-838480,MARKET,SELL,100000.00,GTC,False,False,100000.00,TAKER,1.16144,0.0,['2.32 USD'],NO_TRIGGER,FILLED,OTO,OL-20251114-114500-001-V2-1488,"['O-20251114-114500-001-V2-4463', 'O-20251114-114500-001-V2-4464']",,,,,['V2_POS1'],7f0d4dd7-bb69-4cf0-af24-88f26cf27379,1763120700000000000,1763120700000000000,,,,,,,
O-20251114-114500-001-V2-4463,BACKTESTER-001,MLSignalStrategyV2-V2,EUR/USD.IDEALPRO,IDEALPRO-1-4463,EUR/USD.IDEALPRO-MLSignalStrategyV2-V2,IDEALPRO-001,IDEALPRO-1-838499,STOP_MARKET,BUY,100000.00,GTC,True,False,100000.00,TAKER,1.16192,1.0000000000065512e-05,['2.32 USD'],NO_TRIGGER,FILLED,OUO,OL-20251114-114500-001-V2-1488,['O-20251114-114500-001-V2-4464'],O-20251114-114500-001-V2-4462,,,,['V2_POS1_SL'],7ceefc62-0b6b-4084-87b0-5c3ecb69baf6,1763120700000000000,1763121240000000000,1.16191,DEFAULT,,,,,
O-20251114-114500-001-V2-4464,BACKTESTER-001,MLSignalStrategyV2-V2,EUR/USD.IDEALPRO,IDEALPRO-1-4464,EUR/USD.IDEALPRO-MLSignalStrategyV2-V2,IDEALPRO-001,,LIMIT,BUY,100000.00,GTC,True,False,0.00,NO_LIQUIDITY_SIDE,,,,NO_TRIGGER,CANCELED,OUO,OL-20251114-114500-001-V2-1488,['O-20251114-114500-001-V2-4463'],O-20251114-114500-001-V2-4462,,,,['V2_POS1_TP'],ef2c68a0-4d03-4fe4-91fd-e73e35645537,1763120700000000000,1763121240000000000,,,,,1.16097,False,
O-20251116-223000-001-V2-4465,BACKTESTER-001,MLSignalStrategyV2-V2,EUR/USD.IDEALPRO,IDEALPRO-1-4465,EUR/USD.IDEALPRO-MLSignalStrategyV2-V2,IDEALPRO-001,IDEALPRO-1-839742,MARKET,BUY,100000.00,GTC,False,False,100000.00,TAKER,1.16245,0.0,['2.32 USD'],NO_TRIGGER,FILLED,OTO,OL-20251116-223000-001-V2-1489,"['O-20251116-223000-001-V2-4466', 'O-20251116-223000-001-V2-4467']",,,,,['V2_POS1'],46d6948b-2c02-4e16-aa96-62cc3cb70f11,1763332200000000000,1763332200000000000,,,,,,,
O-20251116-223000-001-V2-4466,BACKTESTER-001,MLSignalStrategyV2-V2,EUR/USD.IDEALPRO,IDEALPRO-1-4466,EUR/USD.IDEALPRO-MLSignalStrategyV2-V2,IDEALPRO-001,IDEALPRO-1-839751,STOP_MARKET,SELL,100000.00,GTC,True,False,100000.00,TAKER,1.1621,2.0000000000131024e-05,['2.32 USD'],NO_TRIGGER,FILLED,OUO,OL-20251116-223000-001-V2-1489,['O-20251116-223000-001-V2-4467'],O-20251116-223000-001-V2-4465,,,,['V2_POS1_SL'],20e42268-3729-44c2-9640-ff580b4eee35,1763332200000000000,1763332440000000000,1.16212,DEFAULT,,,,,
O-20251116-223000-001-V2-4467,BACKTESTER-001,MLSignalStrategyV2-V2,EUR/USD.IDEALPRO,IDEALPRO-1-4467,EUR/USD.IDEALPRO-MLSignalStrategyV2-V2,IDEALPRO-001,,LIMIT,SELL,100000.00,GTC,True,False,0.00,NO_LIQUIDITY_SIDE,,,,NO_TRIGGER,CANCELED,OUO,OL-20251116-223000-001-V2-1489,['O-20251116-223000-001-V2-4466'],O-20251116-223000-001-V2-4465,,,,['V2_POS1_TP'],47f9adbd-4407-419f-ab0f-dd9307a215c2,1763332200000000000,1763332440000000000,,,,,1.16276,False,
O-20251116-224500-001-V2-4468,BACKTESTER-001,MLSignalStrategyV2-V2,EUR/USD.IDEALPRO,IDEALPRO-1-4468,EUR/USD.IDEALPRO-MLSignalStrategyV2-V2,IDEALPRO-001,IDEALPRO-1-839774,MARKET,BUY,100000.00,GTC,False,False,100000.00,TAKER,1.1622,0.0,['2.32 USD'],NO_TRIGGER,FILLED,OTO,OL-20251116-224500-001-V2-1490,"['O-20251116-224500-001-V2-4469', 'O-20251116-224500-001-V2-4470']",,,,,['V2_POS1'],2a8c69dd-e4fb-41bf-a5b1-2c441391855c,1763333100000000000,1763333100000000000,,,,,,,
O-20251116-224500-001-V2-4469,BACKTESTER-001,MLSignalStrategyV2-V2,EUR/USD.IDEALPRO,IDEALPRO-1-4469,EUR/USD.IDEALPRO-MLSignalStrategyV2-V2,IDEALPRO-001,IDEALPRO-1-839883,STOP_MARKET,SELL,100000.00,GTC,True,False,100000.00,TAKER,1.16186,3.0000000000196536e-05,['2.32 USD'],NO_TRIGGER,FILLED,OUO,OL-20251116-224500-001-V2-1490,['O-20251116-224500-001-V2-4470'],O-20251116-224500-001-V2-4468,,,,['V2_POS1_SL'],9dd1c27a-ddff-4752-8a66-d931e2d7f77d,1763333100000000000,1763336340000000000,1.16189,DEFAULT,,,,,
O-20251116-224500-001-V2-4470,BACKTESTER-001,MLSignalStrategyV2-V2,EUR/USD.IDEALPRO,IDEALPRO-1-4470,EUR/USD.IDEALPRO-MLSignalStrategyV2-V2,IDEALPRO-001,,LIMIT,SELL,100000.00,GTC,True,False,0.00,NO_LIQUIDITY_SIDE,,,,NO_TRIGGER,CANCELED,OUO,OL-20251116-224500-001-V2-1490,['O-20251116-224500-001-V2-4469'],O-20251116-224500-001-V2-4468,,,,['V2_POS1_TP'],60af7d9e-ae7e-4734-afa4-4f555371e31b,1763333100000000000,1763336340000000000,,,,,1.16251,False,
O-20251116-234500-001-V2-4471,BACKTESTER-001,MLSignalStrategyV2-V2,EUR/USD.IDEALPRO,IDEALPRO-1-4471,EUR/USD.IDEALPRO-MLSignalStrategyV2-V2,IDEALPRO-001,IDEALPRO-1-839896,MARKET,BUY,100000.00,GTC,False,False,100000.00,TAKER,1.1619,0.0,['2.32 USD'],NO_TRIGGER,FILLED,OTO,OL-20251116-234500-001-V2-1491,"['O-20251116-234500-001-V2-4472', 'O-20251116-234500-001-V2-4473']",,,,,['V2_POS1'],3dbf6231-78c8-433c-8865-0160741a8bb9,1763336700000000000,1763336700000000000,,,,,,,
O-20251116-234500-001-V2-4472,BACKTESTER-001,MLSignalStrategyV2-V2,EUR/USD.IDEALPRO,IDEALPRO-1-4472,EUR/USD.IDEALPRO-MLSignalStrategyV2-V2,IDEALPRO-001,IDEALPRO-1-839911,STOP_MARKET,SELL,100000.00,GTC,True,False,100000.00,TAKER,1.16158,9.999999999843467e-06,['2.32 USD'],NO_TRIGGER,FILLED,OUO,OL-20251116-234500-001-V2-1491,['O-20251116-234500-001-V2-4473'],O-20251116-234500-001-V2-4471,,,,['V2_POS1_SL'],3b9a780a-86d5-48e4-8fdd-bc720e37b3a2,1763336700000000000,1763337120000000000,1.16159,DEFAULT,,,,,
O-20251116-234500-001-V2-4473,BACKTESTER-001,MLSignalStrategyV2-V2,EUR/USD.IDEALPRO,IDEALPRO-1-4473,EUR/USD.IDEALPRO-MLSignalStrategyV2-V2,IDEALPRO-001,,LIMIT,SELL,100000.00,GTC,True,False,0.00,NO_LIQUIDITY_SIDE,,,,NO_TRIGGER,CANCELED,OUO,OL-20251116-234500-001-V2-1491,['O-20251116-234500-001-V2-4472'],O-20251116-234500-001-V2-4471,,,,['V2_POS1_TP'],0784b629-5bc7-45dc-a399-11b0c609e85a,1763336700000000000,1763337120000000000,,,,,1.16221,False,
O-20251117-090000-001-V2-4474,BACKTESTER-001,MLSignalStrategyV2-V2,EUR/USD.IDEALPRO,IDEALPRO-1-4474,EUR/USD.IDEALPRO-MLSignalStrategyV2-V2,IDEALPRO-001,IDEALPRO-1-841009,MARKET,SELL,100000.00,GTC,False,False,100000.00,TAKER,1.16033,0.0,['2.32 USD'],NO_TRIGGER,FILLED,OTO,OL-20251117-090000-001-V2-1492,"['O-20251117-090000-001-V2-4475', 'O-20251117-090000-001-V2-4476']",,,,,['V2_POS1'],4f69c92f-8f36-47e4-9f6d-e8b61e8ef766,1763370000000000000,1763370000000000000,,,,,,,
O-20251117-090000-001-V2-4475,BACKTESTER-001,MLSignalStrategyV2-V2,EUR/USD.IDEALPRO,IDEALPRO-1-4475,EUR/USD.IDEALPRO-MLSignalStrategyV2-V2,IDEALPRO-001,,STOP_MARKET,BUY,100000.00,GTC,True,False,0.00,NO_LIQUIDITY_SIDE,,,,NO_TRIGGER,CANCELED,OUO,OL-20251117-090000-001-V2-1492,['O-20251117-090000-001-V2-4476'],O-20251117-090000-001-V2-4474,,,,['V2_POS1_SL'],947b5d11-ea08-475c-b84a-b1fdc3395582,1763370000000000000,1763370240000000000,1.16074,DEFAULT,,,,,
O-20251117-090000-001-V2-4476,BACKTESTER-001,MLSignalStrategyV2-V2,EUR/USD.IDEALPRO,IDEALPRO-1-4476,EUR/USD.IDEALPRO-MLSignalStrategyV2-V2,IDEALPRO-001,IDEALPRO-1-841017,LIMIT,BUY,100000.00,GTC,True,False,100000.00,MAKER,1.15989,-2.999999999997449e-05,['2.32 USD'],NO_TRIGGER,FILLED,OUO,OL-20251117-090000-001-V2-1492,['O-20251117-090000-001-V2-4475'],O-20251117-090000-001-V2-4474,,,,['V2_POS1_TP'],dca5958d-ba05-4cb1-a607-bc4276631a28,1763370000000000000,1763370240000000000,,,,,1.15992,False,
O-20251117-093000-001-V2-4477,BACKTESTER-001,MLSignalStrategyV2-V2,EUR/USD.IDEALPRO,IDEALPRO-1-4477,EUR/USD.IDEALPRO-MLSignalStrategyV2-V2,IDEALPRO-001,IDEALPRO-1-841070,MARKET,SELL,100000.00,GTC,False,False,100000.00,TAKER,1.15981,0.0,['2.32 USD'],NO_TRIGGER,FILLED,OTO,OL-20251117-093000-001-V2-1493,"['O-20251117-093000-001-V2-4478', 'O-20251117-093000-001-V2-4479']",,,,,['V2_POS1'],3435e6e8-5ba0-48a3-a532-7d6bd99cf65b,1763371800000000000,1763371800000000000,,,,,,,
O-20251117-093000-001-V2-4478,BACKTESTER-001,MLSignalStrategyV2-V2,EUR/USD.IDEALPRO,IDEALPRO-1-4478,EUR/USD.IDEALPRO-MLSignalStrategyV2-V2,IDEALPRO-001,IDEALPRO-1-841077,STOP_MARKET,BUY,100000.00,GTC,True,False,100000.00,TAKER,1.16027,3.999999999981796e-05,['2.32 USD'],NO_TRIGGER,FILLED,OUO,OL-20251117-093000-001-V2-1493,['O-20251117-093000-001-V2-4479'],O-20251117-093000-001-V2-4477,,,,['V2_POS1_SL'],984d40c2-3af5-4bda-9ef0-f0a04c1c3ed9,1763371800000000000,1763371980000000000,1.16023,DEFAULT,,,,,
O-20251117-093000-001-V2-4479,BACKTESTER-001,MLSignalStrategyV2-V2,EUR/USD.IDEALPRO,IDEALPRO-1-4479,EUR/USD.IDEALPRO-MLSignalStrategyV2-V2,IDEALPRO-001,,LIMIT,BUY,100000.00,GTC,True,False,0.00,NO_LIQUIDITY_SIDE,,,,NO_TRIGGER,CANCELED,OUO,OL-20251117-093000-001-V2-1493,['O-20251117-093000-001-V2-4478'],O-20251117-093000-001-V2-4477,,,,['V2_POS1_TP'],82a377ad-eb0b-41a2-8009-b5bae399da1c,1763371800000000000,1763371980000000000,,,,,1.15941,False,
O-20251117-141500-001-V2-4480,BACKTESTER-001,MLSignalStrategyV2-V2,EUR/USD.IDEALPRO,IDEALPRO-1-4480,EUR/USD.IDEALPRO-MLSignalStrategyV2-V2,IDEALPRO-001,IDEALPRO-1-841643,MARKET,SELL,100000.00,GTC,False,False,100000.00,TAKER,1.15936,0.0,['2.32 USD'],NO_TRIGGER,FILLED,OTO,OL-20251117-141500-001-V2-1494,"['O-20251117-141500-001-V2-4481', 'O-20251117-141500-001-V2-4482']",,,,,['V2_POS1'],7e2f1ad8-06bb-4309-a483-e7b8fe7971a2,1763388900000000000,1763388900000000000,,,,,,,
O-20251117-141500-001-V2-4481,BACKTESTER-001,MLSignalStrategyV2-V2,EUR/USD.IDEALPRO,IDEALPRO-1-4481,EUR/USD.IDEALPRO-MLSignalStrategyV2-V2,IDEALPRO-001,,STOP_MARKET,BUY,100000.00,GTC,True,False,0.00,NO_LIQUIDITY_SIDE,,,,NO_TRIGGER,CANCELED,OUO,OL-20251117-141500-001-V2-1494,['O-20251117-141500-001-V2-4482'],O-20251117-141500-001-V2-4480,,,,['V2_POS1_SL'],7bfebaf5-43b2-4b4b-8c4f-9420111a0cb6,1763388900000000000,1763390220000000000,1.15977,DEFAULT,,,,,
O-20251117-141500-001-V2-4482,BACKTESTER-001,MLSignalStrategyV2-V2,EUR/USD.IDEALPRO,IDEALPRO-1-4482,EUR/USD.IDEALPRO-MLSignalStrategyV2-V2,IDEALPRO-001,IDEALPRO-1-841687,LIMIT,BUY,100000.00,GTC,True,False,100000.00,MAKER,1.15891,-5.999999999994898e-05,['2.32 USD'],NO_TRIGGER,FILLED,OUO,OL-20251117-141500-001-V2-1494,['O-20251117-141500-001-V2-4481'],O-20251117-141500-001-V2-4480,,,,['V2_POS1_TP'],f386d07c-dde6-42f2-a869-7ca9045763c8,1763388900000000000,1763390220000000000,,,,,1.15897,False,
O-20251117-160000-001-V2-4483,BACKTESTER-001,MLSignalStrategyV2-V2,EUR/USD.IDEALPRO,IDEALPRO-1-4483,EUR/USD.IDEALPRO-MLSignalStrategyV2-V2,IDEALPRO-001,IDEALPRO-1-841854,MARKET,SELL,100000.00,GTC,False,False,100000.00,TAKER,1.15977,0.0,['2.32 USD'],NO_TRIGGER,FILLED,OTO,OL-20251117-160000-001-V2-1495,"['O-20251117-160000-001-V2-4484', 'O-20251117-160000-001-V2-4485']",,,,,['V2_POS1'],6e5fad24-bf52-4545-b832-6b8dac2ce8b1,1763395200000000000,1763395200000000000,,,,,,,
O-20251117-160000-001-V2-4484,BACKTESTER-001,MLSignalStrategyV2-V2,EUR/USD.IDEALPRO,IDEALPRO-1-4484,EUR/USD.IDEALPRO-MLSignalStrategyV2-V2,IDEALPRO-001,,STOP_MARKET,BUY,100000.00,GTC,True,False,0.00,NO_LIQUIDITY_SIDE,,,,NO_TRIGGER,CANCELED,OUO,OL-20251117-160000-001-V2-1495,['O-20251117-160000-001-V2-4485'],O-20251117-160000-001-V2-4483,,,,['V2_POS1_SL'],37dcc772-f463-43a3-9cd9-3df275ff158b,1763395200000000000,1763401620000000000,1.16025,DEFAULT,,,,,
O-20251117-160000-001-V2-4485,BACKTESTER-001,MLSignalStrategyV2-V2,EUR/USD.IDEALPRO,IDEALPRO-1-4485,EUR/USD.IDEALPRO-MLSignalStrategyV2-V2,IDEALPRO-001,IDEALPRO-1-842069,LIMIT,BUY,100000.00,GTC,True,False,100000.00,MAKER,1.15926,-2.999999999997449e-05,['2.32 USD'],NO_TRIGGER,FILLED,OUO,OL-20251117-160000-001-V2-1495,['O-20251117-160000-001-V2-4484'],O-20251117-160000-001-V2-4483,,,,['V2_POS1_TP'],f6fc87ff-e40a-4fd9-abe8-e1fee3bc1826,1763395200000000000,1763401620000000000,,,,,1.15929,False,
O-20251118-184500-001-V2-4486,BACKTESTER-001,MLSignalStrategyV2-V2,EUR/USD.IDEALPRO,IDEALPRO-1-4486,EUR/USD.IDEALPRO-MLSignalStrategyV2-V2,IDEALPRO-001,IDEALPRO-1-845037,MARKET,SELL,100000.00,GTC,False,False,100000.00,TAKER,1.15849,0.0,['2.32 USD'],NO_TRIGGER,FILLED,OTO,OL-20251118-184500-001-V2-1496,"['O-20251118-184500-001-V2-4487', 'O-20251118-184500-001-V2-4488']",,,,,['V2_POS1'],50151182-c19b-4dd7-a926-8b8f5eff0bd4,1763491500000000000,1763491500000000000,,,,,,,
O-20251118-184500-001-V2-4487,BACKTESTER-001,MLSignalStrategyV2-V2,EUR/USD.IDEALPRO,IDEALPRO-1-4487,EUR/USD.IDEALPRO-MLSignalStrategyV2-V2,IDEALPRO-001,,STOP_MARKET,BUY,100000.00,GTC,True,False,0.00,NO_LIQUIDITY_SIDE,,,,NO_TRIGGER,CANCELED,OUO,OL-20251118-184500-001-V2-1496,['O-20251118-184500-001-V2-4488'],O-20251118-184500-001-V2-4486,,,,['V2_POS1_SL'],23b42ca1-5260-421d-8629-65a17dc7da3f,1763491500000000000,1763492520000000000,1.15897,DEFAULT,,,,,
O-20251118-184500-001-V2-4488,BACKTESTER-001,MLSignalStrategyV2-V2,EUR/USD.IDEALPRO,IDEALPRO-1-4488,EUR/USD.IDEALPRO-MLSignalStrategyV2-V2,IDEALPRO-001,IDEALPRO-1-845071,LIMIT,BUY,100000.00,GTC,True,False,100000.00,MAKER,1.15803,0.0,['2.32 USD'],NO_TRIGGER,FILLED,OUO,OL-20251118-184500-001-V2-1496,['O-20251118-184500-001-V2-4487'],O-20251118-184500-001-V2-4486,,,,['V2_POS1_TP'],f347eaf2-d76e-4eb6-bda5-149955825dc7,1763491500000000000,1763492520000000000,,,,,1.15803,False,
O-20251118-231500-001-V2-4489,BACKTESTER-001,MLSignalStrategyV2-V2,EUR/USD.IDEALPRO,IDEALPRO-1-4489,EUR/USD.IDEALPRO-MLSignalStrategyV2-V2,IDEALPRO-001,IDEALPRO-1-845549,MARKET,BUY,100000.00,GTC,False,False,100000.00,TAKER,1.15786,0.0,['2.32 USD'],NO_TRIGGER,FILLED,OTO,OL-20251118-231500-001-V2-1497,"['O-20251118-231500-001-V2-4490', 'O-20251118-231500-001-V2-4491']",,,,,['V2_POS1'],43464fb9-746b-4d74-bb7c-778c2286405a,1763507700000000000,1763507700000000000,,,,,,,
O-20251118-231500-001-V2-4490,BACKTESTER-001,MLSignalStrategyV2-V2,EUR/USD.IDEALPRO,IDEALPRO-1-4490,EUR/USD.IDEALPRO-MLSignalStrategyV2-V2,IDEALPRO-001,,STOP_MARKET,SELL,100000.00,GTC,True,False,0.00,NO_LIQUIDITY_SIDE,,,,NO_TRIGGER,CANCELED,OUO,OL-20251118-231500-001-V2-1497,['O-20251118-231500-001-V2-4491'],O-20251118-231500-001-V2-4489,,,,['V2_POS1_SL'],54b83bf5-5656-4daf-982c-a739081a8df1,1763507700000000000,1763508480000000000,1.15757,DEFAULT,,,,,
O-20251118-231500-001-V2-4491,BACKTESTER-001,MLSignalStrategyV2-V2,EUR/USD.IDEALPRO,IDEALPRO-1-4491,EUR/USD.IDEALPRO-MLSignalStrategyV2-V2,IDEALPRO-001,IDEALPRO-1-845575,LIMIT,SELL,100000.00,GTC,True,False,100000.00,MAKER,1.15817,-1.999999999990898e-05,['2.32 USD'],NO_TRIGGER,FILLED,OUO,OL-20251118-231500-001-V2-1497,['O-20251118-231500-001-V2-4490'],O-20251118-231500-001-V2-4489,,,,['V2_POS1_TP'],0df485e9-de16-4c7c-9449-e440b7382dda,1763507700000000000,1763508480000000000,,,,,1.15815,False,
O-20251118-233000-001-V2-4492,BACKTESTER-001,MLSignalStrategyV2-V2,EUR/USD.IDEALPRO,IDEALPRO-1-4492,EUR/USD.IDEALPRO-MLSignalStrategyV2-V2,IDEALPRO-001,IDEALPRO-1-845580,MARKET,BUY,100000.00,GTC,False,False,100000.00,TAKER,1.15817,0.0,['2.32 USD'],NO_TRIGGER,FILLED,OTO,OL-20251118-233000-001-V2-1498,"['O-20251118-233000-001-V2-4493', 'O-20251118-233000-001-V2-4494']",,,,,['V2_POS1'],419a3e03-bb99-4f4f-8f46-a97634a7b486,1763508600000000000,1763508600000000000,,,,,,,
O-20251118-233000-001-V2-4493,BACKTESTER-001,MLSignalStrategyV2-V2,EUR/USD.IDEALPRO,IDEALPRO-1-4493,EUR/USD.IDEALPRO-MLSignalStrategyV2-V2,IDEALPRO-001,IDEALPRO-1-845645,STOP_MARKET,SELL,100000.00,GTC,True,False,100000.00,TAKER,1.15787,0.0,['2.32 USD'],NO_TRIGGER,FILLED,OUO,OL-20251118-233000-001-V2-1498,['O-20251118-233000-001-V2-4494'],O-20251118-233000-001-V2-4492,,,,['V2_POS1_SL'],da00fb20-cf9f-486b-9ac0-6c11b3b0bc81,1763508600000000000,1763510520000000000,1.15787,DEFAULT,,,,,
O-20251118-233000-001-V2-4494,BACKTESTER-001,MLSignalStrategyV2-V2,EUR/USD.IDEALPRO,IDEALPRO-1-4494,EUR/USD.IDEALPRO-MLSignalStrategyV2-V2,IDEALPRO-001,,LIMIT,SELL,100000.00,GTC,True,False,0.00,NO_LIQUIDITY_SIDE,,,,NO_TRIGGER,CANCELED,OUO,OL-20251118-233000-001-V2-1498,['O-20251118-233000-001-V2-4493'],O-20251118-233000-001-V2-4492,,,,['V2_POS1_TP'],5e71a428-4100-41f4-b7c1-431a90e4461c,1763508600000000000,1763510520000000000,,,,,1.15847,False,
O-20251119-093000-001-V2-4495,BACKTESTER-001,MLSignalStrategyV2-V2,EUR/USD.IDEALPRO,IDEALPRO-1-4495,EUR/USD.IDEALPRO-MLSignalStrategyV2-V2,IDEALPRO-001,IDEALPRO-1-846783,MARKET,BUY,100000.00,GTC,False,False,100000.00,TAKER,1.15758,0.0,['2.32 USD'],NO_TRIGGER,FILLED,OTO,OL-20251119-093000-001-V2-1499,"['O-20251119-093000-001-V2-4496', 'O-20251119-093000-001-V2-4497']",,,,,['V2_POS1'],f098dcfb-b42f-4e18-a0b7-7ce0f1070380,1763544600000000000,1763544600000000000,,,,,,,
O-20251119-093000-001-V2-4496,BACKTESTER-001,MLSignalStrategyV2-V2,EUR/USD.IDEALPRO,IDEALPRO-1-4496,EUR/USD.IDEALPRO-MLSignalStrategyV2-V2,IDEALPRO-001,IDEALPRO-1-846801,STOP_MARKET,SELL,100000.00,GTC,True,False,100000.00,TAKER,1.15692,5.999999999994898e-05,['2.31 USD'],NO_TRIGGER,FILLED,OUO,OL-20251119-093000-001-V2-1499,['O-20251119-093000-001-V2-4497'],O-20251119-093000-001-V2-4495,,,,['V2_POS1_SL'],1e44be01-3f26-4bae-bbcc-98ee85c2f94e,1763544600000000000,1763545140000000000,1.15698,DEFAULT,,,,,
O-20251119-093000-001-V2-4497,BACKTESTER-001,MLSignalStrategyV2-V2,EUR/USD.IDEALPRO,IDEALPRO-1-4497,EUR/USD.IDEALPRO-MLSignalStrategyV2-V2,IDEALPRO-001,,LIMIT,SELL,100000.00,GTC,True,False,0.00,NO_LIQUIDITY_SIDE,,,,NO_TRIGGER,CANCELED,OUO,OL-20251119-093000-001-V2-1499,['O-20251119-093000-001-V2-4496'],O-20251119-093000-001-V2-4495,,,,['V2_POS1_TP'],e2ca7c37-1095-4abe-88e5-f79d343a0109,1763544600000000000,1763545140000000000,,,,,1.15816,False,
O-20251119-173000-001-V2-4498,BACKTESTER-001,MLSignalStrategyV2-V2,EUR/USD.IDEALPRO,IDEALPRO-1-4498,EUR/USD.IDEALPRO-MLSignalStrategyV2-V2,IDEALPRO-001,IDEALPRO-1-847744,MARKET,BUY,100000.00,GTC,False,False,100000.00,TAKER,1.15295,0.0,['2.31 USD'],NO_TRIGGER,FILLED,OTO,OL-20251119-173000-001-V2-1500,"['O-20251119-173000-001-V2-4499', 'O-20251119-173000-001-V2-4500']",,,,,['V2_POS1'],79ac218c-4e2c-4ded-a6ef-daff72f08de4,1763573400000000000,1763573400000000000,,,,,,,
O-20251119-173000-001-V2-4499,BACKTESTER-001,MLSignalStrategyV2-V2,EUR/USD.IDEALPRO,IDEALPRO-1-4499,EUR/USD.IDEALPRO-MLSignalStrategyV2-V2,IDEALPRO-001,,STOP_MARKET,SELL,100000.00,GTC,True,False,0.00,NO_LIQUIDITY_SIDE,,,,NO_TRIGGER,CANCELED,OUO,OL-20251119-173000-001-V2-1500,['O-20251119-173000-001-V2-4500'],O-20251119-173000-001-V2-4498,,,,['V2_POS1_SL'],3e24c0a4-bdc1-4f1f-aa5c-bcb79407a870,1763573400000000000,1763577780000000000,1.15236,DEFAULT,,,,,
O-20251119-173000-001-V2-4500,BACKTESTER-001,MLSignalStrategyV2-V2,EUR/USD.IDEALPRO,IDEALPRO-1-4500,EUR/USD.IDEALPRO-MLSignalStrategyV2-V2,IDEALPRO-001,IDEALPRO-1-847891,LIMIT,SELL,100000.00,GTC,True,False,100000.00,MAKER,1.15358,-4.0000000000040004e-05,['2.31 USD'],NO_TRIGGER,FILLED,OUO,OL-20251119-173000-001-V2-1500,['O-20251119-173000-001-V2-4499'],O-20251119-173000-001-V2-4498,,,,['V2_POS1_TP'],06a93b2f-68fc-41e7-ba0a-c0c4926ee6c6,1763573400000000000,1763577780000000000,,,,,1.15354,False,
O-20251119-210000-001-V2-4501,BACKTESTER-001,MLSignalStrategyV2-V2,EUR/USD.IDEALPRO,IDEALPRO-1-4501,EUR/USD.IDEALPRO-MLSignalStrategyV2-V2,IDEALPRO-001,IDEALPRO-1-848166,MARKET,BUY,100000.00,GTC,False,False,100000.00,TAKER,1.15264,0.0,['2.31 USD'],NO_TRIGGER,FILLED,OTO,OL-20251119-210000-001-V2-1501,"['O-20251119-210000-001-V2-4502', 'O-20251119-210000-001-V2-4503']",,,,,['V2_POS1'],d8d1ef28-1107-4a3f-9733-61def76e3ed0,1763586000000000000,1763586000000000000,,,,,,,
O-20251119-210000-001-V2-4502,BACKTESTER-001,MLSignalStrategyV2-V2,EUR/USD.IDEALPRO,IDEALPRO-1-4502,EUR/USD.IDEALPRO-MLSignalStrategyV2-V2,IDEALPRO-001,,STOP_MARKET,SELL,100000.00,GTC,True,False,0.00,NO_LIQUIDITY_SIDE,,,,NO_TRIGGER,CANCELED,OUO,OL-20251119-210000-001-V2-1501,['O-20251119-210000-001-V2-4503'],O-20251119-210000-001-V2-4501,,,,['V2_POS1_SL'],e22cdbcc-be89-4687-baca-3a2555011ece,1763586000000000000,1763587980000000000,1.15222,DEFAULT,,,,,
O-20251119-210000-001-V2-4503,BACKTESTER-001,MLSignalStrategyV2-V2,EUR/USD.IDEALPRO,IDEALPRO-1-4503,EUR/USD.IDEALPRO-MLSignalStrategyV2-V2,IDEALPRO-001,IDEALPRO-1-848233,LIMIT,SELL,100000.00,GTC,True,False,100000.00,MAKER,1.15318,-0.000140000000000029,['2.31 USD'],NO_TRIGGER,FILLED,OUO,OL-20251119-210000-001-V2-1501,['O-20251119-210000-001-V2-4502'],O-20251119-210000-001-V2-4501,,,,['V2_POS1_TP'],77b18bc9-abb6-42bc-9dd5-c0230239686b,1763586000000000000,1763587980000000000,,,,,1.15304,False,
O-20251120-000000-001-V2-4504,BACKTESTER-001,MLSignalStrategyV2-V2,EUR/USD.IDEALPRO,IDEALPRO-1-4504,EUR/USD.IDEALPRO-MLSignalStrategyV2-V2,IDEALPRO-001,IDEALPRO-1-848498,MARKET,SELL,100000.00,GTC,False,False,100000.00,TAKER,1.15392,0.0,['2.31 USD'],NO_TRIGGER,FILLED,OTO,OL-20251120-000000-001-V2-1502,"['O-20251120-000000-001-V2-4505', 'O-20251120-000000-001-V2-4506']",,,,,['V2_POS1'],606c2865-37f7-40ec-8a5b-9be326d6f41a,1763596800000000000,1763596800000000000,,,,,,,
O-20251120-000000-001-V2-4505,BACKTESTER-001,MLSignalStrategyV2-V2,EUR/USD.IDEALPRO,IDEALPRO-1-4505,EUR/USD.IDEALPRO-MLSignalStrategyV2-V2,IDEALPRO-001,,STOP_MARKET,BUY,100000.00,GTC,True,False,0.00,NO_LIQUIDITY_SIDE,,,,NO_TRIGGER,CANCELED,OUO,OL-20251120-000000-001-V2-1502,['O-20251120-000000-001-V2-4506'],O-20251120-000000-001-V2-4504,,,,['V2_POS1_SL'],3642eae3-95b7-438e-9889-9f976e860264,1763596800000000000,1763596920000000000,1.15422,DEFAULT,,,,,
O-20251120-000000-001-V2-4506,BACKTESTER-001,MLSignalStrategyV2-V2,EUR/USD.IDEALPRO,IDEALPRO-1-4506,EUR/USD.IDEALPRO-MLSignalStrategyV2-V2,IDEALPRO-001,IDEALPRO-1-848503,LIMIT,BUY,100000.00,GTC,True,False,100000.00,MAKER,1.15351,-0.00012999999999996348,['2.31 USD'],NO_TRIGGER,FILLED,OUO,OL-20251120-000000-001-V2-1502,['O-20251120-000000-001-V2-4505'],O-20251120-000000-001-V2-4504,,,,['V2_POS1_TP'],1626ac90-f17c-463c-a9ab-d31d46f36563,1763596800000000000,1763596920000000000,,,,,1.15364,False,
O-20251120-003000-001-V2-4507,BACKTESTER-001,MLSignalStrategyV2-V2,EUR/USD.IDEALPRO,IDEALPRO-1-4507,EUR/USD.IDEALPRO-MLSignalStrategyV2-V2,IDEALPRO-001,IDEALPRO-1-848561,MARKET,BUY,100000.00,GTC,False,False,100000.00,TAKER,1.15313,0.0,['2.31 USD'],NO_TRIGGER,FILLED,OTO,OL-20251120-003000-001-V2-1503,"['O-20251120-003000-001-V2-4508', 'O-20251120-003000-001-V2-4509']",,,,,['V2_POS1'],f9504957-bd1e-4d39-a2c1-dd916c124b9d,1763598600000000000,1763598600000000000,,,,,,,
O-20251120-003000-001-V2-4508,BACKTESTER-001,MLSignalStrategyV2-V2,EUR/USD.IDEALPRO,IDEALPRO-1-4508,EUR/USD.IDEALPRO-MLSignalStrategyV2-V2,IDEALPRO-001,,STOP_MARKET,SELL,100000.00,GTC,True,False,0.00,NO_LIQUIDITY_SIDE,,,,NO_TRIGGER,CANCELED,OUO,OL-20251120-003000-001-V2-1503,['O-20251120-003000-001-V2-4509'],O-20251120-003000-001-V2-4507,,,,['V2_POS1_SL'],e64dea8f-3185-441f-a498-d7c6a4fedc5c,1763598600000000000,1763600400000000000,1.15280,DEFAULT,,,,,
O-20251120-003000-001-V2-4509,BACKTESTER-001,MLSignalStrategyV2-V2,EUR/USD.IDEALPRO,IDEALPRO-1-4509,EUR/USD.IDEALPRO-MLSignalStrategyV2-V2,IDEALPRO-001,IDEALPRO-1-848621,LIMIT,SELL,100000.00,GTC,True,False,100000.00,MAKER,1.15347,-1.0000000000065512e-05,['2.31 USD'],NO_TRIGGER,FILLED,OUO,OL-20251120-003000-001-V2-1503,['O-20251120-003000-001-V2-4508'],O-20251120-003000-001-V2-4507,,,,['V2_POS1_TP'],0866753a-ec1e-4f6b-b306-f8d6959fcd67,1763598600000000000,1763600400000000000,,,,,1.15346,False,
O-20251120-011500-001-V2-4510,BACKTESTER-001,MLSignalStrategyV2-V2,EUR/USD.IDEALPRO,IDEALPRO-1-4510,EUR/USD.IDEALPRO-MLSignalStrategyV2-V2,IDEALPRO-001,IDEALPRO-1-848652,MARKET,BUY,100000.00,GTC,False,False,100000.00,TAKER,1.153,0.0,['2.31 USD'],NO_TRIGGER,FILLED,OTO,OL-20251120-011500-001-V2-1504,"['O-20251120-011500-001-V2-4511', 'O-20251120-011500-001-V2-4512']",,,,,['V2_POS1'],4b44b857-2071-4921-84b2-4735293bebe0,1763601300000000000,1763601300000000000,,,,,,,
O-20251120-011500-001-V2-4511,BACKTESTER-001,MLSignalStrategyV2-V2,EUR/USD.IDEALPRO,IDEALPRO-1-4511,EUR/USD.IDEALPRO-MLSignalStrategyV2-V2,IDEALPRO-001,IDEALPRO-1-848713,STOP_MARKET,SELL,100000.00,GTC,True,False,100000.00,TAKER,1.15261,5.0000000000105516e-05,['2.31 USD'],NO_TRIGGER,FILLED,OUO,OL-20251120-011500-001-V2-1504,['O-20251120-011500-001-V2-4512'],O-20251120-011500-001-V2-4510,,,,['V2_POS1_SL'],5af26ca8-0ca5-4eeb-90c7-4f3bac13eea5,1763601300000000000,1763603100000000000,1.15266,DEFAULT,,,,,
O-20251120-011500-001-V2-4512,BACKTESTER-001,MLSignalStrategyV2-V2,EUR/USD.IDEALPRO,IDEALPRO-1-4512,EUR/USD.IDEALPRO-MLSignalStrategyV2-V2,IDEALPRO-001,,LIMIT,SELL,100000.00,GTC,True,False,0.00,NO_LIQUIDITY_SIDE,,,,NO_TRIGGER,CANCELED,OUO,OL-20251120-011500-001-V2-1504,['O-20251120-011500-001-V2-4511'],O-20251120-011500-001-V2-4510,,,,['V2_POS1_TP'],4a95fd98-50c6-47fe-86dc-891180812c8f,1763601300000000000,1763603100000000000,,,,,1.15334,False,
O-20251120-044500-001-V2-4513,BACKTESTER-001,MLSignalStrategyV2-V2,EUR/USD.IDEALPRO,IDEALPRO-1-4513,EUR/USD.IDEALPRO-MLSignalStrategyV2-V2,IDEALPRO-001,IDEALPRO-1-849074,MARKET,SELL,100000.00,GTC,False,False,100000.00,TAKER,1.152,0.0,['2.30 USD'],NO_TRIGGER,FILLED,OTO,OL-20251120-044500-001-V2-1505,"['O-20251120-044500-001-V2-4514', 'O-20251120-044500-001-V2-4515']",,,,,['V2_POS1'],6b5cb3b5-928f-44d3-9bbe-2beda947ad4f,1763613900000000000,1763613900000000000,,,,,,,
O-20251120-044500-001-V2-4514,BACKTESTER-001,MLSignalStrategyV2-V2,EUR/USD.IDEALPRO,IDEALPRO-1-4514,EUR/USD.IDEALPRO-MLSignalStrategyV2-V2,IDEALPRO-001,,STOP_MARKET,BUY,100000.00,GTC,True,False,0.00,NO_LIQUIDITY_SIDE,,,,NO_TRIGGER,CANCELED,OUO,OL-20251120-044500-001-V2-1505,['O-20251120-044500-001-V2-4515'],O-20251120-044500-001-V2-4513,,,,['V2_POS1_SL'],799c0c1e-3fc7-4dfe-9f90-38e6c7b3de83,1763613900000000000,1763615040000000000,1.15236,DEFAULT,,,,,
O-20251120-044500-001-V2-4515,BACKTESTER-001,MLSignalStrategyV2-V2,EUR/USD.IDEALPRO,IDEALPRO-1-4515,EUR/USD.IDEALPRO-MLSignalStrategyV2-V2,IDEALPRO-001,IDEALPRO-1-849113,LIMIT,BUY,100000.00,GTC,True,False,100000.00,MAKER,1.15161,-2.999999999997449e-05,['2.30 USD'],NO_TRIGGER,FILLED,OUO,OL-20251120-044500-001-V2-1505,['O-20251120-044500-001-V2-4514'],O-20251120-044500-001-V2-4513,,,,['V2_POS1_TP'],ae5449ea-134d-43c3-bd44-d878f7f67506,1763613900000000000,1763615040000000000,,,,,1.15164,False,
O-20251120-194500-001-V2-4516,BACKTESTER-001,MLSignalStrategyV2-V2,EUR/USD.IDEALPRO,IDEALPRO-1-4516,EUR/USD.IDEALPRO-MLSignalStrategyV2-V2,IDEALPRO-001,IDEALPRO-1-850877,MARKET,BUY,100000.00,GTC,False,False,100000.00,TAKER,1.15366,0.0,['2.31 USD'],NO_TRIGGER,FILLED,OTO,OL-20251120-194500-001-V2-1506,"['O-20251120-194500-001-V2-4517', 'O-20251120-194500-001-V2-4518']",,,,,['V2_POS1'],a0be2fb1-7c00-46a1-b42e-4f33f69d45db,1763667900000000000,1763667900000000000,,,,,,,
O-20251120-194500-001-V2-4517,BACKTESTER-001,MLSignalStrategyV2-V2,EUR/USD.IDEALPRO,IDEALPRO-1-4517,EUR/USD.IDEALPRO-MLSignalStrategyV2-V2,IDEALPRO-001,IDEALPRO-1-850939,STOP_MARKET,SELL,100000.00,GTC,True,False,100000.00,TAKER,1.1531,0.0001500000000000945,['2.31 USD'],NO_TRIGGER,FILLED,OUO,OL-20251120-194500-001-V2-1506,['O-20251120-194500-001-V2-4518'],O-20251120-194500-001-V2-4516,,,,['V2_POS1_SL'],8407c2a4-49cf-4fdb-839d-86eb260eb27f,1763667900000000000,1763669760000000000,1.15325,DEFAULT,,,,,
O-20251120-194500-001-V2-4518,BACKTESTER-001,MLSignalStrategyV2-V2,EUR/USD.IDEALPRO,IDEALPRO-1-4518,EUR/USD.IDEALPRO-MLSignalStrategyV2-V2,IDEALPRO-001,,LIMIT,SELL,100000.00,GTC,True,False,0.00,NO_LIQUIDITY_SIDE,,,,NO_TRIGGER,CANCELED,OUO,OL-20251120-194500-001-V2-1506,['O-20251120-194500-001-V2-4517'],O-20251120-194500-001-V2-4516,,,,['V2_POS1_TP'],f3467a16-eca4-47e0-b3c7-8b8523d7b886,1763667900000000000,1763669760000000000,,,,,1.15407,False,
O-20251121-081500-001-V2-4519,BACKTESTER-001,MLSignalStrategyV2-V2,EUR/USD.IDEALPRO,IDEALPRO-1-4519,EUR/USD.IDEALPRO-MLSignalStrategyV2-V2,IDEALPRO-001,IDEALPRO-1-852348,MARKET,BUY,100000.00,GTC,False,False,100000.00,TAKER,1.15457,0.0,['2.31 USD'],NO_TRIGGER,FILLED,OTO,OL-20251121-081500-001-V2-1507,"['O-20251121-081500-001-V2-4520', 'O-20251121-081500-001-V2-4521']",,,,,['V2_POS1'],f50665e3-4b53-4838-8da3-5593077792f7,1763712900000000000,1763712900000000000,,,,,,,
O-20251121-081500-001-V2-4520,BACKTESTER-001,MLSignalStrategyV2-V2,EUR/USD.IDEALPRO,IDEALPRO-1-4520,EUR/USD.IDEALPRO-MLSignalStrategyV2-V2,IDEALPRO-001,,STOP_MARKET,SELL,100000.00,GTC,True,False,0.00,NO_LIQUIDITY_SIDE,,,,NO_TRIGGER,CANCELED,OUO,OL-20251121-081500-001-V2-1507,['O-20251121-081500-001-V2-4521'],O-20251121-081500-001-V2-4519,,,,['V2_POS1_SL'],4c135be5-218b-485b-b731-75635630abce,1763712900000000000,1763713020000000000,1.15409,DEFAULT,,,,,
O-20251121-081500-001-V2-4521,BACKTESTER-001,MLSignalStrategyV2-V2,EUR/USD.IDEALPRO,IDEALPRO-1-4521,EUR/USD.IDEALPRO-MLSignalStrategyV2-V2,IDEALPRO-001,IDEALPRO-1-852353,LIMIT,SELL,100000.00,GTC,True,False,100000.00,MAKER,1.15515,-9.999999999998899e-05,['2.31 USD'],NO_TRIGGER,FILLED,OUO,OL-20251121-081500-001-V2-1507,['O-20251121-081500-001-V2-4520'],O-20251121-081500-001-V2-4519,,,,['V2_POS1_TP'],efadbb62-87a4-4740-9b40-3970befd186b,1763712900000000000,1763713020000000000,,,,,1.15505,False,
O-20251121-101500-001-V2-4522,BACKTESTER-001,MLSignalStrategyV2-V2,EUR/USD.IDEALPRO,IDEALPRO-1-4522,EUR/USD.IDEALPRO-MLSignalStrategyV2-V2,IDEALPRO-001,IDEALPRO-1-852590,MARKET,BUY,100000.00,GTC,False,False,100000.00,TAKER,1.15172,0.0,['2.30 USD'],NO_TRIGGER,FILLED,OTO,OL-20251121-101500-001-V2-1508,"['O-20251121-101500-001-V2-4523', 'O-20251121-101500-001-V2-4524']",,,,,['V2_POS1'],18126d24-d568-4b6f-8a49-46baf9f5c1b8,1763720100000000000,1763720100000000000,,,,,,,
O-20251121-101500-001-V2-4523,BACKTESTER-001,MLSignalStrategyV2-V2,EUR/USD.IDEALPRO,IDEALPRO-1-4523,EUR/USD.IDEALPRO-MLSignalStrategyV2-V2,IDEALPRO-001,IDEALPRO-1-852781,STOP_MARKET,SELL,100000.00,GTC,True,False,100000.00,TAKER,1.15097,7.00000000000145e-05,['2.30 USD'],NO_TRIGGER,FILLED,OUO,OL-20251121-101500-001-V2-1508,['O-20251121-101500-001-V2-4524'],O-20251121-101500-001-V2-4522,,,,['V2_POS1_SL'],a8fea60e-009a-4185-b398-53d8b5b1ab07,1763720100000000000,1763725800000000000,1.15104,DEFAULT,,,,,
O-20251121-101500-001-V2-4524,BACKTESTER-001,MLSignalStrategyV2-V2,EUR/USD.IDEALPRO,IDEALPRO-1-4524,EUR/USD.IDEALPRO-MLSignalStrategyV2-V2,IDEALPRO-001,,LIMIT,SELL,100000.00,GTC,True,False,0.00,NO_LIQUIDITY_SIDE,,,,NO_TRIGGER,CANCELED,OUO,OL-20251121-101500-001-V2-1508,['O-20251121-101500-001-V2-4523'],O-20251121-101500-001-V2-4522,,,,['V2_POS1_TP'],4d61cf55-fed0-4f95-a1e1-5726082f751e,1763720100000000000,1763725800000000000,,,,,1.15240,False,
O-20251121-141500-001-V2-4525,BACKTESTER-001,MLSignalStrategyV2-V2,EUR/USD.IDEALPRO,IDEALPRO-1-4525,EUR/USD.IDEALPRO-MLSignalStrategyV2-V2,IDEALPRO-001,IDEALPRO-1-853072,MARKET,SELL,100000.00,GTC,False,False,100000.00,TAKER,1.15126,0.0,['2.30 USD'],NO_TRIGGER,FILLED,OTO,OL-20251121-141500-001-V2-1509,"['O-20251121-141500-001-V2-4526', 'O-20251121-141500-001-V2-4527']",,,,,['V2_POS1'],daefc667-38c7-4cc7-bba8-65c1024ebdd7,1763734500000000000,1763734500000000000,,,,,,,
O-20251121-141500-001-V2-4526,BACKTESTER-001,MLSignalStrategyV2-V2,EUR/USD.IDEALPRO,IDEALPRO-1-4526,EUR/USD.IDEALPRO-MLSignalStrategyV2-V2,IDEALPRO-001,,STOP_MARKET,BUY,100000.00,GTC,True,False,0.00,NO_LIQUIDITY_SIDE,,,,NO_TRIGGER,CANCELED,OUO,OL-20251121-141500-001-V2-1509,['O-20251121-141500-001-V2-4527'],O-20251121-141500-001-V2-4525,,,,['V2_POS1_SL'],c34a2615-e3e8-4b30-ad2e-c1a5753990bd,1763734500000000000,1763735460000000000,1.15197,DEFAULT,,,,,
O-20251121-141500-001-V2-4527,BACKTESTER-001,MLSignalStrategyV2-V2,EUR/USD.IDEALPRO,IDEALPRO-1-4527,EUR/USD.IDEALPRO-MLSignalStrategyV2-V2,IDEALPRO-001,IDEALPRO-1-853105,LIMIT,BUY,100000.00,GTC,True,False,100000.00,MAKER,1.15055,0.0,['2.30 USD'],NO_TRIGGER,FILLED,OUO,OL-20251121-141500-001-V2-1509,['O-20251121-141500-001-V2-4526'],O-20251121-141500-001-V2-4525,,,,['V2_POS1_TP'],4e4f68df-70be-4916-b500-f294a7579adc,1763734500000000000,1763735460000000000,,,,,1.15055,False,
O-20251121-144500-001-V2-4528,BACKTESTER-001,MLSignalStrategyV2-V2,EUR/USD.IDEALPRO,IDEALPRO-1-4528,EUR/USD.IDEALPRO-MLSignalStrategyV2-V2,IDEALPRO-001,IDEALPRO-1-853134,MARKET,SELL,100000.00,GTC,False,False,100000.00,TAKER,1.15113,0.0,['2.30 USD'],NO_TRIGGER,FILLED,OTO,OL-20251121-144500-001-V2-1510,"['O-20251121-144500-001-V2-4529', 'O-20251121-144500-001-V2-4530']",,,,,['V2_POS1'],9b010c9b-e6d0-4ac7-904b-70f04cb106af,1763736300000000000,1763736300000000000,,,,,,,
O-20251121-144500-001-V2-4529,BACKTESTER-001,MLSignalStrategyV2-V2,EUR/USD.IDEALPRO,IDEALPRO-1-4529,EUR/USD.IDEALPRO-MLSignalStrategyV2-V2,IDEALPRO-001,IDEALPRO-1-853147,STOP_MARKET,BUY,100000.00,GTC,True,False,100000.00,TAKER,1.15187,2.999999999997449e-05,['2.30 USD'],NO_TRIGGER,FILLED,OUO,OL-20251121-144500-001-V2-1510,['O-20251121-144500-001-V2-4530'],O-20251121-144500-001-V2-4528,,,,['V2_POS1_SL'],8f4b1bc9-ce15-4ec1-9ff4-487b8fc02195,1763736300000000000,1763736660000000000,1.15184,DEFAULT,,,,,
O-20251121-144500-001-V2-4530,BACKTESTER-001,MLSignalStrategyV2-V2,EUR/USD.IDEALPRO,IDEALPRO-1-4530,EUR/USD.IDEALPRO-MLSignalStrategyV2-V2,IDEALPRO-001,,LIMIT,BUY,100000.00,GTC,True,False,0.00,NO_LIQUIDITY_SIDE,,,,NO_TRIGGER,CANCELED,OUO,OL-20251121-144500-001-V2-1510,['O-20251121-144500-001-V2-4529'],O-20251121-144500-001-V2-4528,,,,['V2_POS1_TP'],a2c17477-a6c8-475d-94b7-2ceaf77df613,1763736300000000000,1763736660000000000,,,,,1.15044,False,
O-20251121-161500-001-V2-4531,BACKTESTER-001,MLSignalStrategyV2-V2,EUR/USD.IDEALPRO,IDEALPRO-1-4531,EUR/USD.IDEALPRO-MLSignalStrategyV2-V2,IDEALPRO-001,IDEALPRO-1-853317,MARKET,BUY,100000.00,GTC,False,False,100000.00,TAKER,1.14976,0.0,['2.30 USD'],NO_TRIGGER,FILLED,OTO,OL-20251121-161500-001-V2-1511,"['O-20251121-161500-001-V2-4532', 'O-20251121-161500-001-V2-4533']",,,,,['V2_POS1'],f178b26d-613b-4a30-9c6f-ca97027ad9cb,1763741700000000000,1763741700000000000,,,,,,,
O-20251121-161500-001-V2-4532,BACKTESTER-001,MLSignalStrategyV2-V2,EUR/USD.IDEALPRO,IDEALPRO-1-4532,EUR/USD.IDEALPRO-MLSignalStrategyV2-V2,IDEALPRO-001,,STOP_MARKET,SELL,100000.00,GTC,True,False,0.00,NO_LIQUIDITY_SIDE,,,,NO_TRIGGER,CANCELED,OUO,OL-20251121-161500-001-V2-1511,['O-20251121-161500-001-V2-4533'],O-20251121-161500-001-V2-4531,,,,['V2_POS1_SL'],60b7d8bd-a70f-4f2c-b147-0a9cf1a880dc,1763741700000000000,1763744340000000000,1.14900,DEFAULT,,,,,
O-20251121-161500-001-V2-4533,BACKTESTER-001,MLSignalStrategyV2-V2,EUR/USD.IDEALPRO,IDEALPRO-1-4533,EUR/USD.IDEALPRO-MLSignalStrategyV2-V2,IDEALPRO-001,IDEALPRO-1-853405,LIMIT,SELL,100000.00,GTC,True,False,100000.00,MAKER,1.15049,1.0000000000065512e-05,['2.30 USD'],NO_TRIGGER,FILLED,OUO,OL-20251121-161500-001-V2-1511,['O-20251121-161500-001-V2-4532'],O-20251121-161500-001-V2-4531,,,,['V2_POS1_TP'],33ccf738-4557-4354-8498-4be77faf277b,1763741700000000000,1763744340000000000,,,,,1.15050,False,
O-20251123-223000-001-V2-4534,BACKTESTER-001,MLSignalStrategyV2-V2,EUR/USD.IDEALPRO,IDEALPRO-1-4534,EUR/USD.IDEALPRO-MLSignalStrategyV2-V2,IDEALPRO-001,IDEALPRO-1-854038,MARKET,BUY,100000.00,GTC,False,False,100000.00,TAKER,1.15133,0.0,['2.30 USD'],NO_TRIGGER,FILLED,OTO,OL-20251123-223000-001-V2-1512,"['O-20251123-223000-001-V2-4535', 'O-20251123-223000-001-V2-4536']",,,,,['V2_POS1'],754353a6-0dce-4818-a094-c573a702df29,1763937000000000000,1763937000000000000,,,,,,,
O-20251123-223000-001-V2-4535,BACKTESTER-001,MLSignalStrategyV2-V2,EUR/USD.IDEALPRO,IDEALPRO-1-4535,EUR/USD.IDEALPRO-MLSignalStrategyV2-V2,IDEALPRO-001,IDEALPRO-1-854137,STOP_MARKET,SELL,100000.00,GTC,True,False,100000.00,TAKER,1.15087,7.00000000000145e-05,['2.30 USD'],NO_TRIGGER,FILLED,OUO,OL-20251123-223000-001-V2-1512,['O-20251123-223000-001-V2-4536'],O-20251123-223000-001-V2-4534,,,,['V2_POS1_SL'],40eefa15-fc79-4bd1-83f1-bf9f2c16746c,1763937000000000000,1763939940000000000,1.15094,DEFAULT,,,,,
O-20251123-223000-001-V2-4536,BACKTESTER-001,MLSignalStrategyV2-V2,EUR/USD.IDEALPRO,IDEALPRO-1-4536,EUR/USD.IDEALPRO-MLSignalStrategyV2-V2,IDEALPRO-001,,LIMIT,SELL,100000.00,GTC,True,False,0.00,NO_LIQUIDITY_SIDE,,,,NO_TRIGGER,CANCELED,OUO,OL-20251123-223000-001-V2-1512,['O-20251123-223000-001-V2-4535'],O-20251123-223000-001-V2-4534,,,,['V2_POS1_TP'],48473110-cea5-4b5a-b27f-b4f32f6af979,1763937000000000000,1763939940000000000,,,,,1.15172,False,
O-20251123-233000-001-V2-4537,BACKTESTER-001,MLSignalStrategyV2-V2,EUR/USD.IDEALPRO,IDEALPRO-1-4537,EUR/USD.IDEALPRO-MLSignalStrategyV2-V2,IDEALPRO-001,IDEALPRO-1-854160,MARKET,BUY,100000.00,GTC,False,False,100000.00,TAKER,1.15088,0.0,['2.30 USD'],NO_TRIGGER,FILLED,OTO,OL-20251123-233000-001-V2-1513,"['O-20251123-233000-001-V2-4538', 'O-20251123-233000-001-V2-4539']",,,,,['V2_POS1'],eb8a32f0-96c5-47d8-aa9b-58641dcd14f3,1763940600000000000,1763940600000000000,,,,,,,
O-20251123-233000-001-V2-4538,BACKTESTER-001,MLSignalStrategyV2-V2,EUR/USD.IDEALPRO,IDEALPRO-1-4538,EUR/USD.IDEALPRO-MLSignalStrategyV2-V2,IDEALPRO-001,IDEALPRO-1-854247,STOP_MARKET,SELL,100000.00,GTC,True,False,100000.00,TAKER,1.15053,9.999999999843467e-06,['2.30 USD'],NO_TRIGGER,FILLED,OUO,OL-20251123-233000-001-V2-1513,['O-20251123-233000-001-V2-4539'],O-20251123-233000-001-V2-4537,,,,['V2_POS1_SL'],b05c4507-2f36-48a7-9bdb-a7b7ccb4dbbb,1763940600000000000,1763943180000000000,1.15054,DEFAULT,,,,,
O-20251123-233000-001-V2-4539,BACKTESTER-001,MLSignalStrategyV2-V2,EUR/USD.IDEALPRO,IDEALPRO-1-4539,EUR/USD.IDEALPRO-MLSignalStrategyV2-V2,IDEALPRO-001,,LIMIT,SELL,100000.00,GTC,True,False,0.00,NO_LIQUIDITY_SIDE,,,,NO_TRIGGER,CANCELED,OUO,OL-20251123-233000-001-V2-1513,['O-20251123-233000-001-V2-4538'],O-20251123-233000-001-V2-4537,,,,['V2_POS1_TP'],f9befe25-7f7f-45f0-bf75-3e06251925a7,1763940600000000000,1763943180000000000,,,,,1.15120,False,
O-20251124-030000-001-V2-4540,BACKTESTER-001,MLSignalStrategyV2-V2,EUR/USD.IDEALPRO,IDEALPRO-1-4540,EUR/USD.IDEALPRO-MLSignalStrategyV2-V2,IDEALPRO-001,IDEALPRO-1-854583,MARKET,SELL,100000.00,GTC,False,False,100000.00,TAKER,1.15158,0.0,['2.30 USD'],NO_TRIGGER,FILLED,OTO,OL-20251124-030000-001-V2-1514,"['O-20251124-030000-001-V2-4541', 'O-20251124-030000-001-V2-4542']",,,,,['V2_POS1'],85d900ed-0cfe-4c88-81be-9898856c682c,1763953200000000000,1763953200000000000,,,,,,,
O-20251124-030000-001-V2-4541,BACKTESTER-001,MLSignalStrategyV2-V2,EUR/USD.IDEALPRO,IDEALPRO-1-4541,EUR/USD.IDEALPRO-MLSignalStrategyV2-V2,IDEALPRO-001,IDEALPRO-1-854663,STOP_MARKET,BUY,100000.00,GTC,True,False,100000.00,TAKER,1.15187,0.0,['2.30 USD'],NO_TRIGGER,FILLED,OUO,OL-20251124-030000-001-V2-1514,['O-20251124-030000-001-V2-4542'],O-20251124-030000-001-V2-4540,,,,['V2_POS1_SL'],daf013b5-3c3e-4607-9bf1-f5db191bc420,1763953200000000000,1763955600000000000,1.15187,DEFAULT,,,,,
O-20251124-030000-001-V2-4542,BACKTESTER-001,MLSignalStrategyV2-V2,EUR/USD.IDEALPRO,IDEALPRO-1-4542,EUR/USD.IDEALPRO-MLSignalStrategyV2-V2,IDEALPRO-001,,LIMIT,BUY,100000.00,GTC,True,False,0.00,NO_LIQUIDITY_SIDE,,,,NO_TRIGGER,CANCELED,OUO,OL-20251124-030000-001-V2-1514,['O-20251124-030000-001-V2-4541'],O-20251124-030000-001-V2-4540,,,,['V2_POS1_TP'],174cd078-89e9-47ce-bf04-3501e6d47a9c,1763953200000000000,1763955600000000000,,,,,1.15131,False,
O-20251124-153000-001-V2-4543,BACKTESTER-001,MLSignalStrategyV2-V2,EUR/USD.IDEALPRO,IDEALPRO-1-4543,EUR/USD.IDEALPRO-MLSignalStrategyV2-V2,IDEALPRO-001,IDEALPRO-1-856085,MARKET,SELL,100000.00,GTC,False,False,100000.00,TAKER,1.15216,0.0,['2.30 USD'],NO_TRIGGER,FILLED,OTO,OL-20251124-153000-001-V2-1515,"['O-20251124-153000-001-V2-4544', 'O-20251124-153000-001-V2-4545']",,,,,['V2_POS1'],80c5b9ab-c9a0-4233-912c-aabc32c2f51a,1763998200000000000,1763998200000000000,,,,,,,
O-20251124-153000-001-V2-4544,BACKTESTER-001,MLSignalStrategyV2-V2,EUR/USD.IDEALPRO,IDEALPRO-1-4544,EUR/USD.IDEALPRO-MLSignalStrategyV2-V2,IDEALPRO-001,IDEALPRO-1-856103,STOP_MARKET,BUY,100000.00,GTC,True,False,100000.00,TAKER,1.15279,7.00000000000145e-05,['2.31 USD'],NO_TRIGGER,FILLED,OUO,OL-20251124-153000-001-V2-1515,['O-20251124-153000-001-V2-4545'],O-20251124-153000-001-V2-4543,,,,['V2_POS1_SL'],cd4e7d0d-f2e7-41f3-a70d-22eabeefdc90,1763998200000000000,1763998740000000000,1.15272,DEFAULT,,,,,
O-20251124-153000-001-V2-4545,BACKTESTER-001,MLSignalStrategyV2-V2,EUR/USD.IDEALPRO,IDEALPRO-1-4545,EUR/USD.IDEALPRO-MLSignalStrategyV2-V2,IDEALPRO-001,,LIMIT,BUY,100000.00,GTC,True,False,0.00,NO_LIQUIDITY_SIDE,,,,NO_TRIGGER,CANCELED,OUO,OL-20251124-153000-001-V2-1515,['O-20251124-153000-001-V2-4544'],O-20251124-153000-001-V2-4543,,,,['V2_POS1_TP'],4555063f-2dc3-49d7-a5a6-663025ab67be,1763998200000000000,1763998740000000000,,,,,1.15160,False,
O-20251124-184500-001-V2-4546,BACKTESTER-001,MLSignalStrategyV2-V2,EUR/USD.IDEALPRO,IDEALPRO-1-4546,EUR/USD.IDEALPRO-MLSignalStrategyV2-V2,IDEALPRO-001,IDEALPRO-1-856476,MARKET,SELL,100000.00,GTC,False,False,100000.00,TAKER,1.15234,0.0,['2.30 USD'],NO_TRIGGER,FILLED,OTO,OL-20251124-184500-001-V2-1516,"['O-20251124-184500-001-V2-4547', 'O-20251124-184500-001-V2-4548']",,,,,['V2_POS1'],fb9175a1-2801-485a-9d07-9e437309f76f,1764009900000000000,1764009900000000000,,,,,,,
O-20251124-184500-001-V2-4547,BACKTESTER-001,MLSignalStrategyV2-V2,EUR/USD.IDEALPRO,IDEALPRO-1-4547,EUR/USD.IDEALPRO-MLSignalStrategyV2-V2,IDEALPRO-001,IDEALPRO-1-856501,STOP_MARKET,BUY,100000.00,GTC,True,False,100000.00,TAKER,1.15285,7.999999999985796e-05,['2.31 USD'],NO_TRIGGER,FILLED,OUO,OL-20251124-184500-001-V2-1516,['O-20251124-184500-001-V2-4548'],O-20251124-184500-001-V2-4546,,,,['V2_POS1_SL'],1590f187-6ccc-403f-a732-6e1c52da2bbd,1764009900000000000,1764010620000000000,1.15277,DEFAULT,,,,,
O-20251124-184500-001-V2-4548,BACKTESTER-001,MLSignalStrategyV2-V2,EUR/USD.IDEALPRO,IDEALPRO-1-4548,EUR/USD.IDEALPRO-MLSignalStrategyV2-V2,IDEALPRO-001,,LIMIT,BUY,100000.00,GTC,True,False,0.00,NO_LIQUIDITY_SIDE,,,,NO_TRIGGER,CANCELED,OUO,OL-20251124-184500-001-V2-1516,['O-20251124-184500-001-V2-4547'],O-20251124-184500-001-V2-4546,,,,['V2_POS1_TP'],21c4de58-3daa-4991-b46e-c2a2c8606323,1764009900000000000,1764010620000000000,,,,,1.15191,False,
O-20251124-201500-001-V2-4549,BACKTESTER-001,MLSignalStrategyV2-V2,EUR/USD.IDEALPRO,IDEALPRO-1-4549,EUR/USD.IDEALPRO-MLSignalStrategyV2-V2,IDEALPRO-001,IDEALPRO-1-856658,MARKET,BUY,100000.00,GTC,False,False,100000.00,TAKER,1.1526,0.0,['2.31 USD'],NO_TRIGGER,FILLED,OTO,OL-20251124-201500-001-V2-1517,"['O-20251124-201500-001-V2-4550', 'O-20251124-201500-001-V2-4551']",,,,,['V2_POS1'],c651912f-9a07-428c-b118-2b3dff8cf2fa,1764015300000000000,1764015300000000000,,,,,,,
O-20251124-201500-001-V2-4550,BACKTESTER-001,MLSignalStrategyV2-V2,EUR/USD.IDEALPRO,IDEALPRO-1-4550,EUR/USD.IDEALPRO-MLSignalStrategyV2-V2,IDEALPRO-001,IDEALPRO-1-856705,STOP_MARKET,SELL,100000.00,GTC,True,False,100000.00,TAKER,1.15218,2.999999999997449e-05,['2.30 USD'],NO_TRIGGER,FILLED,OUO,OL-20251124-201500-001-V2-1517,['O-20251124-201500-001-V2-4551'],O-20251124-201500-001-V2-4549,,,,['V2_POS1_SL'],4b7685f1-654b-4cb9-87ff-39236e7af889,1764015300000000000,1764016680000000000,1.15221,DEFAULT,,,,,
O-20251124-201500-001-V2-4551,BACKTESTER-001,MLSignalStrategyV2-V2,EUR/USD.IDEALPRO,IDEALPRO-1-4551,EUR/USD.IDEALPRO-MLSignalStrategyV2-V2,IDEALPRO-001,,LIMIT,SELL,100000.00,GTC,True,False,0.00,NO_LIQUIDITY_SIDE,,,,NO_TRIGGER,CANCELED,OUO,OL-20251124-201500-001-V2-1517,['O-20251124-201500-001-V2-4550'],O-20251124-201500-001-V2-4549,,,,['V2_POS1_TP'],5bc48484-7efc-4906-a4cb-7740129e83b8,1764015300000000000,1764016680000000000,,,,,1.15297,False,
O-20251124-210000-001-V2-4552,BACKTESTER-001,MLSignalStrategyV2-V2,EUR/USD.IDEALPRO,IDEALPRO-1-4552,EUR/USD.IDEALPRO-MLSignalStrategyV2-V2,IDEALPRO-001,IDEALPRO-1-856750,MARKET,BUY,100000.00,GTC,False,False,100000.00,TAKER,1.15224,0.0,['2.30 USD'],NO_TRIGGER,FILLED,OTO,OL-20251124-210000-001-V2-1518,"['O-20251124-210000-001-V2-4553', 'O-20251124-210000-001-V2-4554']",,,,,['V2_POS1'],5349d49c-b3af-43cc-825f-a5b8c27e8942,1764018000000000000,1764018000000000000,,,,,,,
O-20251124-210000-001-V2-4553,BACKTESTER-001,MLSignalStrategyV2-V2,EUR/USD.IDEALPRO,IDEALPRO-1-4553,EUR/USD.IDEALPRO-MLSignalStrategyV2-V2,IDEALPRO-001,,STOP_MARKET,SELL,100000.00,GTC,True,False,0.00,NO_LIQUIDITY_SIDE,,,,NO_TRIGGER,CANCELED,OUO,OL-20251124-210000-001-V2-1518,['O-20251124-210000-001-V2-4554'],O-20251124-210000-001-V2-4552,,,,['V2_POS1_SL'],7f855253-2f3f-4988-a416-4969b8302897,1764018000000000000,1764024900000000000,1.15190,DEFAULT,,,,,
O-20251124-210000-001-V2-4554,BACKTESTER-001,MLSignalStrategyV2-V2,EUR/USD.IDEALPRO,IDEALPRO-1-4554,EUR/USD.IDEALPRO-MLSignalStrategyV2-V2,IDEALPRO-001,IDEALPRO-1-856951,LIMIT,SELL,100000.00,GTC,True,False,100000.00,MAKER,1.15257,9.999999999843467e-06,['2.31 USD'],NO_TRIGGER,FILLED,OUO,OL-20251124-210000-001-V2-1518,['O-20251124-210000-001-V2-4553'],O-20251124-210000-001-V2-4552,,,,['V2_POS1_TP'],9f64e234-ca2c-4206-8e1b-2299cbc89b91,1764018000000000000,1764024900000000000,,,,,1.15258,False,
O-20251125-124500-001-V2-4555,BACKTESTER-001,MLSignalStrategyV2-V2,EUR/USD.IDEALPRO,IDEALPRO-1-4555,EUR/USD.IDEALPRO-MLSignalStrategyV2-V2,IDEALPRO-001,IDEALPRO-1-858612,MARKET,SELL,100000.00,GTC,False,False,100000.00,TAKER,1.15447,0.0,['2.31 USD'],NO_TRIGGER,FILLED,OTO,OL-20251125-124500-001-V2-1519,"['O-20251125-124500-001-V2-4556', 'O-20251125-124500-001-V2-4557']",,,,,['V2_POS1'],eceb6f8b-44a5-4bbb-abf1-5d6f74090634,1764074700000000000,1764074700000000000,,,,,,,
O-20251125-124500-001-V2-4556,BACKTESTER-001,MLSignalStrategyV2-V2,EUR/USD.IDEALPRO,IDEALPRO-1-4556,EUR/USD.IDEALPRO-MLSignalStrategyV2-V2,IDEALPRO-001,IDEALPRO-1-858614,STOP_MARKET,BUY,100000.00,GTC,True,False,100000.00,TAKER,1.15559,0.0005899999999998684,['2.31 USD'],NO_TRIGGER,FILLED,OUO,OL-20251125-124500-001-V2-1519,['O-20251125-124500-001-V2-4557'],O-20251125-124500-001-V2-4555,,,,['V2_POS1_SL'],4d1bf088-dfbe-481f-85e7-70f783c88698,1764074700000000000,1764074700000000000,1.15500,DEFAULT,,,,,
O-20251125-124500-001-V2-4557,BACKTESTER-001,MLSignalStrategyV2-V2,EUR/USD.IDEALPRO,IDEALPRO-1-4557,EUR/USD.IDEALPRO-MLSignalStrategyV2-V2,IDEALPRO-001,,LIMIT,BUY,100000.00,GTC,True,False,0.00,NO_LIQUIDITY_SIDE,,,,NO_TRIGGER,CANCELED,OUO,OL-20251125-124500-001-V2-1519,['O-20251125-124500-001-V2-4556'],O-20251125-124500-001-V2-4555,,,,['V2_POS1_TP'],94dfcad5-4113-4ec9-8996-a584d1fd0106,1764074700000000000,1764074700000000000,,,,,1.15394,False,
O-20251125-124500-001-V2-4558,BACKTESTER-001,MLSignalStrategyV2-V2,EUR/USD.IDEALPRO,IDEALPRO-1-4558,EUR/USD.IDEALPRO-MLSignalStrategyV2-V2,IDEALPRO-001,IDEALPRO-1-858615,MARKET,SELL,100000.00,GTC,False,False,100000.00,TAKER,1.15446,0.0,['2.31 USD'],NO_TRIGGER,FILLED,OTO,OL-20251125-124500-001-V2-1520,"['O-20251125-124500-001-V2-4559', 'O-20251125-124500-001-V2-4560']",,,,,['V2_POS1'],67f00208-e013-4224-9d39-432cd4289e2d,1764074700000000000,1764074700000000000,,,,,,,
O-20251125-124500-001-V2-4559,BACKTESTER-001,MLSignalStrategyV2-V2,EUR/USD.IDEALPRO,IDEALPRO-1-4559,EUR/USD.IDEALPRO-MLSignalStrategyV2-V2,IDEALPRO-001,,STOP_MARKET,BUY,100000.00,GTC,True,False,0.00,NO_LIQUIDITY_SIDE,,,,NO_TRIGGER,CANCELED,OUO,OL-20251125-124500-001-V2-1520,['O-20251125-124500-001-V2-4560'],O-20251125-124500-001-V2-4558,,,,['V2_POS1_SL'],455460e1-2e17-43f2-a714-96cbe3e8f73e,1764074700000000000,1764074820000000000,1.15512,DEFAULT,,,,,
O-20251125-124500-001-V2-4560,BACKTESTER-001,MLSignalStrategyV2-V2,EUR/USD.IDEALPRO,IDEALPRO-1-4560,EUR/USD.IDEALPRO-MLSignalStrategyV2-V2,IDEALPRO-001,IDEALPRO-1-858619,LIMIT,BUY,100000.00,GTC,True,False,100000.00,MAKER,1.15373,-9.000000000014552e-05,['2.31 USD'],NO_TRIGGER,FILLED,OUO,OL-20251125-124500-001-V2-1520,['O-20251125-124500-001-V2-4559'],O-20251125-124500-001-V2-4558,,,,['V2_POS1_TP'],4107a993-2332-4f47-890c-d5b976924b80,1764074700000000000,1764074820000000000,,,,,1.15382,False,
O-20251125-134500-001-V2-4561,BACKTESTER-001,MLSignalStrategyV2-V2,EUR/USD.IDEALPRO,IDEALPRO-1-4561,EUR/USD.IDEALPRO-MLSignalStrategyV2-V2,IDEALPRO-001,IDEALPRO-1-858736,MARKET,SELL,100000.00,GTC,False,False,100000.00,TAKER,1.15466,0.0,['2.31 USD'],NO_TRIGGER,FILLED,OTO,OL-20251125-134500-001-V2-1521,"['O-20251125-134500-001-V2-4562', 'O-20251125-134500-001-V2-4563']",,,,,['V2_POS1'],9596dc79-1498-4938-b620-b01f815cde55,1764078300000000000,1764078300000000000,,,,,,,
O-20251125-134500-001-V2-4562,BACKTESTER-001,MLSignalStrategyV2-V2,EUR/USD.IDEALPRO,IDEALPRO-1-4562,EUR/USD.IDEALPRO-MLSignalStrategyV2-V2,IDEALPRO-001,IDEALPRO-1-858747,STOP_MARKET,BUY,100000.00,GTC,True,False,100000.00,TAKER,1.15563,0.000140000000000029,['2.31 USD'],NO_TRIGGER,FILLED,OUO,OL-20251125-134500-001-V2-1521,['O-20251125-134500-001-V2-4563'],O-20251125-134500-001-V2-4561,,,,['V2_POS1_SL'],9efc66de-d030-43d3-99d7-0955d74f8b64,1764078300000000000,1764078600000000000,1.15549,DEFAULT,,,,,
O-20251125-134500-001-V2-4563,BACKTESTER-001,MLSignalStrategyV2-V2,EUR/USD.IDEALPRO,IDEALPRO-1-4563,EUR/USD.IDEALPRO-MLSignalStrategyV2-V2,IDEALPRO-001,,LIMIT,BUY,100000.00,GTC,True,False,0.00,NO_LIQUIDITY_SIDE,,,,NO_TRIGGER,CANCELED,OUO,OL-20251125-134500-001-V2-1521,['O-20251125-134500-001-V2-4562'],O-20251125-134500-001-V2-4561,,,,['V2_POS1_TP'],8833581c-3564-49ef-b9e3-f1e4054912bd,1764078300000000000,1764078600000000000,,,,,1.15383,False,
O-20251126-003000-001-V2-4564,BACKTESTER-001,MLSignalStrategyV2-V2,EUR/USD.IDEALPRO,IDEALPRO-1-4564,EUR/USD.IDEALPRO-MLSignalStrategyV2-V2,IDEALPRO-001,IDEALPRO-1-859999,MARKET,SELL,100000.00,GTC,False,False,100000.00,TAKER,1.15704,0.0,['2.31 USD'],NO_TRIGGER,FILLED,OTO,OL-20251126-003000-001-V2-1522,"['O-20251126-003000-001-V2-4565', 'O-20251126-003000-001-V2-4566']",,,,,['V2_POS1'],5ab11d27-66fe-49bc-865c-7a87b5e30839,1764117000000000000,1764117000000000000,,,,,,,
O-20251126-003000-001-V2-4565,BACKTESTER-001,MLSignalStrategyV2-V2,EUR/USD.IDEALPRO,IDEALPRO-1-4565,EUR/USD.IDEALPRO-MLSignalStrategyV2-V2,IDEALPRO-001,,STOP_MARKET,BUY,100000.00,GTC,True,False,0.00,NO_LIQUIDITY_SIDE,,,,NO_TRIGGER,CANCELED,OUO,OL-20251126-003000-001-V2-1522,['O-20251126-003000-001-V2-4566'],O-20251126-003000-001-V2-4564,,,,['V2_POS1_SL'],0342860b-630a-4b73-80c0-d852fb7d1d68,1764117000000000000,1764117720000000000,1.15736,DEFAULT,,,,,
O-20251126-003000-001-V2-4566,BACKTESTER-001,MLSignalStrategyV2-V2,EUR/USD.IDEALPRO,IDEALPRO-1-4566,EUR/USD.IDEALPRO-MLSignalStrategyV2-V2,IDEALPRO-001,IDEALPRO-1-860023,LIMIT,BUY,100000.00,GTC,True,False,100000.00,MAKER,1.15669,-2.999999999997449e-05,['2.31 USD'],NO_TRIGGER,FILLED,OUO,OL-20251126-003000-001-V2-1522,['O-20251126-003000-001-V2-4565'],O-20251126-003000-001-V2-4564,,,,['V2_POS1_TP'],dbcca97d-3edb-4a3e-a2f6-2b539c701f9f,1764117000000000000,1764117720000000000,,,,,1.15672,False,
O-20251126-004500-001-V2-4567,BACKTESTER-001,MLSignalStrategyV2-V2,EUR/USD.IDEALPRO,IDEALPRO-1-4567,EUR/USD.IDEALPRO-MLSignalStrategyV2-V2,IDEALPRO-001,IDEALPRO-1-860030,MARKET,SELL,100000.00,GTC,False,False,100000.00,TAKER,1.15673,0.0,['2.31 USD'],NO_TRIGGER,FILLED,OTO,OL-20251126-004500-001-V2-1523,"['O-20251126-004500-001-V2-4568', 'O-20251126-004500-001-V2-4569']",,,,,['V2_POS1'],2c2a934a-9e9c-42b2-a150-edd490a5c9a8,1764117900000000000,1764117900000000000,,,,,,,
O-20251126-004500-001-V2-4568,BACKTESTER-001,MLSignalStrategyV2-V2,EUR/USD.IDEALPRO,IDEALPRO-1-4568,EUR/USD.IDEALPRO-MLSignalStrategyV2-V2,IDEALPRO-001,,STOP_MARKET,BUY,100000.00,GTC,True,False,0.00,NO_LIQUIDITY_SIDE,,,,NO_TRIGGER,CANCELED,OUO,OL-20251126-004500-001-V2-1523,['O-20251126-004500-001-V2-4569'],O-20251126-004500-001-V2-4567,,,,['V2_POS1_SL'],0f11e77a-d907-453a-b850-777d63da70ca,1764117900000000000,1764118500000000000,1.15707,DEFAULT,,,,,
O-20251126-004500-001-V2-4569,BACKTESTER-001,MLSignalStrategyV2-V2,EUR/USD.IDEALPRO,IDEALPRO-1-4569,EUR/USD.IDEALPRO-MLSignalStrategyV2-V2,IDEALPRO-001,IDEALPRO-1-860051,LIMIT,BUY,100000.00,GTC,True,False,100000.00,MAKER,1.15633,-5.999999999994898e-05,['2.31 USD'],NO_TRIGGER,FILLED,OUO,OL-20251126-004500-001-V2-1523,['O-20251126-004500-001-V2-4568'],O-20251126-004500-001-V2-4567,,,,['V2_POS1_TP'],8af3ddcf-7fff-4e55-952c-b3c40646bc25,1764117900000000000,1764118500000000000,,,,,1.15639,False,
O-20251126-040000-001-V2-4570,BACKTESTER-001,MLSignalStrategyV2-V2,EUR/USD.IDEALPRO,IDEALPRO-1-4570,EUR/USD.IDEALPRO-MLSignalStrategyV2-V2,IDEALPRO-001,IDEALPRO-1-860422,MARKET,SELL,100000.00,GTC,False,False,100000.00,TAKER,1.15908,0.0,['2.32 USD'],NO_TRIGGER,FILLED,OTO,OL-20251126-040000-001-V2-1524,"['O-20251126-040000-001-V2-4571', 'O-20251126-040000-001-V2-4572']",,,,,['V2_POS1'],38dd8e25-4b36-4626-94f3-eb3e215ecca2,1764129600000000000,1764129600000000000,,,,,,,
O-20251126-040000-001-V2-4571,BACKTESTER-001,MLSignalStrategyV2-V2,EUR/USD.IDEALPRO,IDEALPRO-1-4571,EUR/USD.IDEALPRO-MLSignalStrategyV2-V2,IDEALPRO-001,,STOP_MARKET,BUY,100000.00,GTC,True,False,0.00,NO_LIQUIDITY_SIDE,,,,NO_TRIGGER,CANCELED,OUO,OL-20251126-040000-001-V2-1524,['O-20251126-040000-001-V2-4572'],O-20251126-040000-001-V2-4570,,,,['V2_POS1_SL'],46c506da-fa9e-46f6-b9e3-62f3519a8d27,1764129600000000000,1764130380000000000,1.15947,DEFAULT,,,,,
O-20251126-040000-001-V2-4572,BACKTESTER-001,MLSignalStrategyV2-V2,EUR/USD.IDEALPRO,IDEALPRO-1-4572,EUR/USD.IDEALPRO-MLSignalStrategyV2-V2,IDEALPRO-001,IDEALPRO-1-860449,LIMIT,BUY,100000.00,GTC,True,False,100000.00,MAKER,1.15869,0.0,['2.32 USD'],NO_TRIGGER,FILLED,OUO,OL-20251126-040000-001-V2-1524,['O-20251126-040000-001-V2-4571'],O-20251126-040000-001-V2-4570,,,,['V2_POS1_TP'],f5d9b121-db06-4de2-8920-4505d4329872,1764129600000000000,1764130380000000000,,,,,1.15869,False,
O-20251126-080000-001-V2-4573,BACKTESTER-001,MLSignalStrategyV2-V2,EUR/USD.IDEALPRO,IDEALPRO-1-4573,EUR/USD.IDEALPRO-MLSignalStrategyV2-V2,IDEALPRO-001,IDEALPRO-1-860904,MARKET,BUY,100000.00,GTC,False,False,100000.00,TAKER,1.15793,0.0,['2.32 USD'],NO_TRIGGER,FILLED,OTO,OL-20251126-080000-001-V2-1525,"['O-20251126-080000-001-V2-4574', 'O-20251126-080000-001-V2-4575']",,,,,['V2_POS1'],c4986791-7010-46e5-b061-b10d1f505e82,1764144000000000000,1764144000000000000,,,,,,,
O-20251126-080000-001-V2-4574,BACKTESTER-001,MLSignalStrategyV2-V2,EUR/USD.IDEALPRO,IDEALPRO-1-4574,EUR/USD.IDEALPRO-MLSignalStrategyV2-V2,IDEALPRO-001,IDEALPRO-1-860971,STOP_MARKET,SELL,100000.00,GTC,True,False,100000.00,TAKER,1.15726,0.000180000000000069,['2.31 USD'],NO_TRIGGER,FILLED,OUO,OL-20251126-080000-001-V2-1525,['O-20251126-080000-001-V2-4575'],O-20251126-080000-001-V2-4573,,,,['V2_POS1_SL'],3565397b-cab2-422e-8771-d2f62c86003f,1764144000000000000,1764145980000000000,1.15744,DEFAULT,,,,,
O-20251126-080000-001-V2-4575,BACKTESTER-001,MLSignalStrategyV2-V2,EUR/USD.IDEALPRO,IDEALPRO-1-4575,EUR/USD.IDEALPRO-MLSignalStrategyV2-V2,IDEALPRO-001,,LIMIT,SELL,100000.00,GTC,True,False,0.00,NO_LIQUIDITY_SIDE,,,,NO_TRIGGER,CANCELED,OUO,OL-20251126-080000-001-V2-1525,['O-20251126-080000-001-V2-4574'],O-20251126-080000-001-V2-4573,,,,['V2_POS1_TP'],1e3e23f1-02e6-400b-8141-dbd42b8e95b9,1764144000000000000,1764145980000000000,,,,,1.15842,False,
O-20251126-154500-001-V2-4576,BACKTESTER-001,MLSignalStrategyV2-V2,EUR/USD.IDEALPRO,IDEALPRO-1-4576,EUR/USD.IDEALPRO-MLSignalStrategyV2-V2,IDEALPRO-001,IDEALPRO-1-861836,MARKET,BUY,100000.00,GTC,False,False,100000.00,TAKER,1.15858,0.0,['2.32 USD'],NO_TRIGGER,FILLED,OTO,OL-20251126-154500-001-V2-1526,"['O-20251126-154500-001-V2-4577', 'O-20251126-154500-001-V2-4578']",,,,,['V2_POS1'],814e4595-35c4-476f-8d3a-1cd2fd103218,1764171900000000000,1764171900000000000,,,,,,,
O-20251126-154500-001-V2-4577,BACKTESTER-001,MLSignalStrategyV2-V2,EUR/USD.IDEALPRO,IDEALPRO-1-4577,EUR/USD.IDEALPRO-MLSignalStrategyV2-V2,IDEALPRO-001,,STOP_MARKET,SELL,100000.00,GTC,True,False,0.00,NO_LIQUIDITY_SIDE,,,,NO_TRIGGER,CANCELED,OUO,OL-20251126-154500-001-V2-1526,['O-20251126-154500-001-V2-4578'],O-20251126-154500-001-V2-4576,,,,['V2_POS1_SL'],cba61ab0-c707-46bb-8851-e833560016f5,1764171900000000000,1764173040000000000,1.15773,DEFAULT,,,,,
O-20251126-154500-001-V2-4578,BACKTESTER-001,MLSignalStrategyV2-V2,EUR/USD.IDEALPRO,IDEALPRO-1-4578,EUR/USD.IDEALPRO-MLSignalStrategyV2-V2,IDEALPRO-001,IDEALPRO-1-861875,LIMIT,SELL,100000.00,GTC,True,False,100000.00,MAKER,1.15944,-2.999999999997449e-05,['2.32 USD'],NO_TRIGGER,FILLED,OUO,OL-20251126-154500-001-V2-1526,['O-20251126-154500-001-V2-4577'],O-20251126-154500-001-V2-4576,,,,['V2_POS1_TP'],1131ff5f-bc3d-4807-8699-bf3125db1c16,1764171900000000000,1764173040000000000,,,,,1.15941,False,
O-20251126-213000-001-V2-4579,BACKTESTER-001,MLSignalStrategyV2-V2,EUR/USD.IDEALPRO,IDEALPRO-1-4579,EUR/USD.IDEALPRO-MLSignalStrategyV2-V2,IDEALPRO-001,IDEALPRO-1-862529,MARKET,BUY,100000.00,GTC,False,False,100000.00,TAKER,1.15948,0.0,['2.32 USD'],NO_TRIGGER,FILLED,OTO,OL-20251126-213000-001-V2-1527,"['O-20251126-213000-001-V2-4580', 'O-20251126-213000-001-V2-4581']",,,,,['V2_POS1'],113c8077-8fe1-4685-8ec9-a90a9e6ba0de,1764192600000000000,1764192600000000000,,,,,,,
O-20251126-213000-001-V2-4580,BACKTESTER-001,MLSignalStrategyV2-V2,EUR/USD.IDEALPRO,IDEALPRO-1-4580,EUR/USD.IDEALPRO-MLSignalStrategyV2-V2,IDEALPRO-001,,STOP_MARKET,SELL,100000.00,GTC,True,False,0.00,NO_LIQUIDITY_SIDE,,,,NO_TRIGGER,CANCELED,OUO,OL-20251126-213000-001-V2-1527,['O-20251126-213000-001-V2-4581'],O-20251126-213000-001-V2-4579,,,,['V2_POS1_SL'],71f5a41d-2ec8-4b59-a028-6da1a9e5552c,1764192600000000000,1764198060000000000,1.15919,DEFAULT,,,,,
O-20251126-213000-001-V2-4581,BACKTESTER-001,MLSignalStrategyV2-V2,EUR/USD.IDEALPRO,IDEALPRO-1-4581,EUR/USD.IDEALPRO-MLSignalStrategyV2-V2,IDEALPRO-001,IDEALPRO-1-862771,LIMIT,SELL,100000.00,GTC,True,False,100000.00,MAKER,1.15977,0.0,['2.32 USD'],NO_TRIGGER,FILLED,OUO,OL-20251126-213000-001-V2-1527,['O-20251126-213000-001-V2-4580'],O-20251126-213000-001-V2-4579,,,,['V2_POS1_TP'],8af929b2-1c95-4556-bf65-ae814e900c76,1764192600000000000,1764198060000000000,,,,,1.15977,False,
O-20251128-160000-001-V2-4582,BACKTESTER-001,MLSignalStrategyV2-V2,EUR/USD.IDEALPRO,IDEALPRO-1-4582,EUR/USD.IDEALPRO-MLSignalStrategyV2-V2,IDEALPRO-001,IDEALPRO-1-871231,MARKET,SELL,100000.00,GTC,False,False,100000.00,TAKER,1.16075,0.0,['2.32 USD'],NO_TRIGGER,FILLED,OTO,OL-20251128-160000-001-V2-1528,"['O-20251128-160000-001-V2-4583', 'O-20251128-160000-001-V2-4584']",,,,,['V2_POS1'],bc5db38a-8c58-4aa4-996b-166c6d12e06f,1764345600000000000,1764345600000000000,,,,,,,
O-20251128-160000-001-V2-4583,BACKTESTER-001,MLSignalStrategyV2-V2,EUR/USD.IDEALPRO,IDEALPRO-1-4583,EUR/USD.IDEALPRO-MLSignalStrategyV2-V2,IDEALPRO-001,,STOP_MARKET,BUY,100000.00,GTC,True,False,0.00,NO_LIQUIDITY_SIDE,,,,NO_TRIGGER,CANCELED,OUO,OL-20251128-160000-001-V2-1528,['O-20251128-160000-001-V2-4584'],O-20251128-160000-001-V2-4582,,,,['V2_POS1_SL'],0775e35f-2585-40a5-b3bd-a7d4badfada8,1764345600000000000,1764345780000000000,1.16149,DEFAULT,,,,,
O-20251128-160000-001-V2-4584,BACKTESTER-001,MLSignalStrategyV2-V2,EUR/USD.IDEALPRO,IDEALPRO-1-4584,EUR/USD.IDEALPRO-MLSignalStrategyV2-V2,IDEALPRO-001,IDEALPRO-1-871237,LIMIT,BUY,100000.00,GTC,True,False,100000.00,MAKER,1.15996,-4.999999999988347e-05,['2.32 USD'],NO_TRIGGER,FILLED,OUO,OL-20251128-160000-001-V2-1528,['O-20251128-160000-001-V2-4583'],O-20251128-160000-001-V2-4582,,,,['V2_POS1_TP'],33592875-da13-43bd-b0a7-9fe75798d9e8,1764345600000000000,1764345780000000000,,,,,1.16001,False,
O-20251130-223000-001-V2-4585,BACKTESTER-001,MLSignalStrategyV2-V2,EUR/USD.IDEALPRO,IDEALPRO-1-4585,EUR/USD.IDEALPRO-MLSignalStrategyV2-V2,IDEALPRO-001,IDEALPRO-1-871983,MARKET,BUY,100000.00,GTC,False,False,100000.00,TAKER,1.15962,0.0,['2.32 USD'],NO_TRIGGER,FILLED,OTO,OL-20251130-223000-001-V2-1529,"['O-20251130-223000-001-V2-4586', 'O-20251130-223000-001-V2-4587']",,,,,['V2_POS1'],4d2f8563-c89e-4114-ac42-df562670cf1f,1764541800000000000,1764541800000000000,,,,,,,
O-20251130-223000-001-V2-4586,BACKTESTER-001,MLSignalStrategyV2-V2,EUR/USD.IDEALPRO,IDEALPRO-1-4586,EUR/USD.IDEALPRO-MLSignalStrategyV2-V2,IDEALPRO-001,,STOP_MARKET,SELL,100000.00,GTC,True,False,0.00,NO_LIQUIDITY_SIDE,,,,NO_TRIGGER,CANCELED,OUO,OL-20251130-223000-001-V2-1529,['O-20251130-223000-001-V2-4587'],O-20251130-223000-001-V2-4585,,,,['V2_POS1_SL'],74d618df-80ee-413d-94e9-e85157518597,1764541800000000000,1764543600000000000,1.15934,DEFAULT,,,,,
O-20251130-223000-001-V2-4587,BACKTESTER-001,MLSignalStrategyV2-V2,EUR/USD.IDEALPRO,IDEALPRO-1-4587,EUR/USD.IDEALPRO-MLSignalStrategyV2-V2,IDEALPRO-001,IDEALPRO-1-872043,LIMIT,SELL,100000.00,GTC,True,False,100000.00,MAKER,1.16005,-0.0001500000000000945,['2.32 USD'],NO_TRIGGER,FILLED,OUO,OL-20251130-223000-001-V2-1529,['O-20251130-223000-001-V2-4586'],O-20251130-223000-001-V2-4585,,,,['V2_POS1_TP'],976e966a-bc2d-4ed5-98e5-6168fdb658e0,1764541800000000000,1764543600000000000,,,,,1.15990,False,
O-20251130-231500-001-V2-4588,BACKTESTER-001,MLSignalStrategyV2-V2,EUR/USD.IDEALPRO,IDEALPRO-1-4588,EUR/USD.IDEALPRO-MLSignalStrategyV2-V2,IDEALPRO-001,IDEALPRO-1-872074,MARKET,BUY,100000.00,GTC,False,False,100000.00,TAKER,1.16075,0.0,['2.32 USD'],NO_TRIGGER,FILLED,OTO,OL-20251130-231500-001-V2-1530,"['O-20251130-231500-001-V2-4589', 'O-20251130-231500-001-V2-4590']",,,,,['V2_POS1'],9eefc7c1-84a0-4f48-b867-3e87a785c14b,1764544500000000000,1764544500000000000,,,,,,,
O-20251130-231500-001-V2-4589,BACKTESTER-001,MLSignalStrategyV2-V2,EUR/USD.IDEALPRO,IDEALPRO-1-4589,EUR/USD.IDEALPRO-MLSignalStrategyV2-V2,IDEALPRO-001,IDEALPRO-1-872083,STOP_MARKET,SELL,100000.00,GTC,True,False,100000.00,TAKER,1.16042,1.999999999990898e-05,['2.32 USD'],NO_TRIGGER,FILLED,OUO,OL-20251130-231500-001-V2-1530,['O-20251130-231500-001-V2-4590'],O-20251130-231500-001-V2-4588,,,,['V2_POS1_SL'],00d8cb23-f651-40c3-b091-b8b09e8fb4b9,1764544500000000000,1764544740000000000,1.16044,DEFAULT,,,,,
O-20251130-231500-001-V2-4590,BACKTESTER-001,MLSignalStrategyV2-V2,EUR/USD.IDEALPRO,IDEALPRO-1-4590,EUR/USD.IDEALPRO-MLSignalStrategyV2-V2,IDEALPRO-001,,LIMIT,SELL,100000.00,GTC,True,False,0.00,NO_LIQUIDITY_SIDE,,,,NO_TRIGGER,CANCELED,OUO,OL-20251130-231500-001-V2-1530,['O-20251130-231500-001-V2-4589'],O-20251130-231500-001-V2-4588,,,,['V2_POS1_TP'],2dad0d1c-94b4-4222-8710-a9502ba83f21,1764544500000000000,1764544740000000000,,,,,1.16104,False,
O-20251130-233000-001-V2-4591,BACKTESTER-001,MLSignalStrategyV2-V2,EUR/USD.IDEALPRO,IDEALPRO-1-4591,EUR/USD.IDEALPRO-MLSignalStrategyV2-V2,IDEALPRO-001,IDEALPRO-1-872106,MARKET,BUY,100000.00,GTC,False,False,100000.00,TAKER,1.15994,0.0,['2.32 USD'],NO_TRIGGER,FILLED,OTO,OL-20251130-233000-001-V2-1531,"['O-20251130-233000-001-V2-4592', 'O-20251130-233000-001-V2-4593']",,,,,['V2_POS1'],4e3fe96a-7ec6-435a-abb7-fefafbd45958,1764545400000000000,1764545400000000000,,,,,,,
O-20251130-233000-001-V2-4592,BACKTESTER-001,MLSignalStrategyV2-V2,EUR/USD.IDEALPRO,IDEALPRO-1-4592,EUR/USD.IDEALPRO-MLSignalStrategyV2-V2,IDEALPRO-001,,STOP_MARKET,SELL,100000.00,GTC,True,False,0.00,NO_LIQUIDITY_SIDE,,,,NO_TRIGGER,CANCELED,OUO,OL-20251130-233000-001-V2-1531,['O-20251130-233000-001-V2-4593'],O-20251130-233000-001-V2-4591,,,,['V2_POS1_SL'],52dc56e0-7bc0-4de9-b413-d89b69eb1d16,1764545400000000000,1764547260000000000,1.15957,DEFAULT,,,,,
O-20251130-233000-001-V2-4593,BACKTESTER-001,MLSignalStrategyV2-V2,EUR/USD.IDEALPRO,IDEALPRO-1-4593,EUR/USD.IDEALPRO-MLSignalStrategyV2-V2,IDEALPRO-001,IDEALPRO-1-872169,LIMIT,SELL,100000.00,GTC,True,False,100000.00,MAKER,1.1603,-1.0000000000065512e-05,['2.32 USD'],NO_TRIGGER,FILLED,OUO,OL-20251130-233000-001-V2-1531,['O-20251130-233000-001-V2-4592'],O-20251130-233000-001-V2-4591,,,,['V2_POS1_TP'],9aec5bf2-95c4-4d31-aa43-1f9a1b435e53,1764545400000000000,1764547260000000000,,,,,1.16029,False,
O-20251201-031500-001-V2-4594,BACKTESTER-001,MLSignalStrategyV2-V2,EUR/USD.IDEALPRO,IDEALPRO-1-4594,EUR/USD.IDEALPRO-MLSignalStrategyV2-V2,IDEALPRO-001,IDEALPRO-1-872559,MARKET,SELL,100000.00,GTC,False,False,100000.00,TAKER,1.15915,0.0,['2.32 USD'],NO_TRIGGER,FILLED,OTO,OL-20251201-031500-001-V2-1532,"['O-20251201-031500-001-V2-4595', 'O-20251201-031500-001-V2-4596']",,,,,['V2_POS1'],b03e73fe-54cd-4ead-a015-62600eaf151f,1764558900000000000,1764558900000000000,,,,,,,
O-20251201-031500-001-V2-4595,BACKTESTER-001,MLSignalStrategyV2-V2,EUR/USD.IDEALPRO,IDEALPRO-1-4595,EUR/USD.IDEALPRO-MLSignalStrategyV2-V2,IDEALPRO-001,IDEALPRO-1-872585,STOP_MARKET,BUY,100000.00,GTC,True,False,100000.00,TAKER,1.1596,1.0000000000065512e-05,['2.32 USD'],NO_TRIGGER,FILLED,OUO,OL-20251201-031500-001-V2-1532,['O-20251201-031500-001-V2-4596'],O-20251201-031500-001-V2-4594,,,,['V2_POS1_SL'],99675a50-0d23-415c-bafb-0ba9f49821e2,1764558900000000000,1764559680000000000,1.15959,DEFAULT,,,,,
O-20251201-031500-001-V2-4596,BACKTESTER-001,MLSignalStrategyV2-V2,EUR/USD.IDEALPRO,IDEALPRO-1-4596,EUR/USD.IDEALPRO-MLSignalStrategyV2-V2,IDEALPRO-001,,LIMIT,BUY,100000.00,GTC,True,False,0.00,NO_LIQUIDITY_SIDE,,,,NO_TRIGGER,CANCELED,OUO,OL-20251201-031500-001-V2-1532,['O-20251201-031500-001-V2-4595'],O-20251201-031500-001-V2-4594,,,,['V2_POS1_TP'],b572e796-710d-441a-86a9-a11658389a1f,1764558900000000000,1764559680000000000,,,,,1.15871,False,
O-20251201-034500-001-V2-4597,BACKTESTER-001,MLSignalStrategyV2-V2,EUR/USD.IDEALPRO,IDEALPRO-1-4597,EUR/USD.IDEALPRO-MLSignalStrategyV2-V2,IDEALPRO-001,IDEALPRO-1-872620,MARKET,SELL,100000.00,GTC,False,False,100000.00,TAKER,1.15954,0.0,['2.32 USD'],NO_TRIGGER,FILLED,OTO,OL-20251201-034500-001-V2-1533,"['O-20251201-034500-001-V2-4598', 'O-20251201-034500-001-V2-4599']",,,,,['V2_POS1'],789cff0f-2e8b-4c59-92ea-bf3122bb8089,1764560700000000000,1764560700000000000,,,,,,,
O-20251201-034500-001-V2-4598,BACKTESTER-001,MLSignalStrategyV2-V2,EUR/USD.IDEALPRO,IDEALPRO-1-4598,EUR/USD.IDEALPRO-MLSignalStrategyV2-V2,IDEALPRO-001,IDEALPRO-1-872715,STOP_MARKET,BUY,100000.00,GTC,True,False,100000.00,TAKER,1.15996,0.0,['2.32 USD'],NO_TRIGGER,FILLED,OUO,OL-20251201-034500-001-V2-1533,['O-20251201-034500-001-V2-4599'],O-20251201-034500-001-V2-4597,,,,['V2_POS1_SL'],cfbf5968-f91d-410f-a380-aa079713b9ce,1764560700000000000,1764563520000000000,1.15996,DEFAULT,,,,,
O-20251201-034500-001-V2-4599,BACKTESTER-001,MLSignalStrategyV2-V2,EUR/USD.IDEALPRO,IDEALPRO-1-4599,EUR/USD.IDEALPRO-MLSignalStrategyV2-V2,IDEALPRO-001,,LIMIT,BUY,100000.00,GTC,True,False,0.00,NO_LIQUIDITY_SIDE,,,,NO_TRIGGER,CANCELED,OUO,OL-20251201-034500-001-V2-1533,['O-20251201-034500-001-V2-4598'],O-20251201-034500-001-V2-4597,,,,['V2_POS1_TP'],498a1dd3-3a2d-4d43-b0da-19c507205757,1764560700000000000,1764563520000000000,,,,,1.15914,False,
O-20251201-081500-001-V2-4600,BACKTESTER-001,MLSignalStrategyV2-V2,EUR/USD.IDEALPRO,IDEALPRO-1-4600,EUR/USD.IDEALPRO-MLSignalStrategyV2-V2,IDEALPRO-001,IDEALPRO-1-873163,MARKET,SELL,100000.00,GTC,False,False,100000.00,TAKER,1.16155,0.0,['2.32 USD'],NO_TRIGGER,FILLED,OTO,OL-20251201-081500-001-V2-1534,"['O-20251201-081500-001-V2-4601', 'O-20251201-081500-001-V2-4602']",,,,,['V2_POS1'],1f21929f-4d84-4934-924a-61745e8fbf9b,1764576900000000000,1764576900000000000,,,,,,,
O-20251201-081500-001-V2-4601,BACKTESTER-001,MLSignalStrategyV2-V2,EUR/USD.IDEALPRO,IDEALPRO-1-4601,EUR/USD.IDEALPRO-MLSignalStrategyV2-V2,IDEALPRO-001,IDEALPRO-1-873177,STOP_MARKET,BUY,100000.00,GTC,True,False,100000.00,TAKER,1.16221,0.00015999999999993797,['2.32 USD'],NO_TRIGGER,FILLED,OUO,OL-20251201-081500-001-V2-1534,['O-20251201-081500-001-V2-4602'],O-20251201-081500-001-V2-4600,,,,['V2_POS1_SL'],a0f22c91-31f1-4274-90da-475224572a90,1764576900000000000,1764577320000000000,1.16205,DEFAULT,,,,,
O-20251201-081500-001-V2-4602,BACKTESTER-001,MLSignalStrategyV2-V2,EUR/USD.IDEALPRO,IDEALPRO-1-4602,EUR/USD.IDEALPRO-MLSignalStrategyV2-V2,IDEALPRO-001,,LIMIT,BUY,100000.00,GTC,True,False,0.00,NO_LIQUIDITY_SIDE,,,,NO_TRIGGER,CANCELED,OUO,OL-20251201-081500-001-V2-1534,['O-20251201-081500-001-V2-4601'],O-20251201-081500-001-V2-4600,,,,['V2_POS1_TP'],55171381-46cc-41c3-a317-a90107cdd2c2,1764576900000000000,1764577320000000000,,,,,1.16105,False,
O-20251201-083000-001-V2-4603,BACKTESTER-001,MLSignalStrategyV2-V2,EUR/USD.IDEALPRO,IDEALPRO-1-4603,EUR/USD.IDEALPRO-MLSignalStrategyV2-V2,IDEALPRO-001,IDEALPRO-1-873194,MARKET,SELL,100000.00,GTC,False,False,100000.00,TAKER,1.16183,0.0,['2.32 USD'],NO_TRIGGER,FILLED,OTO,OL-20251201-083000-001-V2-1535,"['O-20251201-083000-001-V2-4604', 'O-20251201-083000-001-V2-4605']",,,,,['V2_POS1'],dadcb6d1-b663-489f-a9a2-668d718d94c5,1764577800000000000,1764577800000000000,,,,,,,
O-20251201-083000-001-V2-4604,BACKTESTER-001,MLSignalStrategyV2-V2,EUR/USD.IDEALPRO,IDEALPRO-1-4604,EUR/USD.IDEALPRO-MLSignalStrategyV2-V2,IDEALPRO-001,,STOP_MARKET,BUY,100000.00,GTC,True,False,0.00,NO_LIQUIDITY_SIDE,,,,NO_TRIGGER,CANCELED,OUO,OL-20251201-083000-001-V2-1535,['O-20251201-083000-001-V2-4605'],O-20251201-083000-001-V2-4603,,,,['V2_POS1_SL'],7ce0fca4-ff44-46c8-b4a3-44af81660707,1764577800000000000,1764578220000000000,1.16234,DEFAULT,,,,,
O-20251201-083000-001-V2-4605,BACKTESTER-001,MLSignalStrategyV2-V2,EUR/USD.IDEALPRO,IDEALPRO-1-4605,EUR/USD.IDEALPRO-MLSignalStrategyV2-V2,IDEALPRO-001,IDEALPRO-1-873209,LIMIT,BUY,100000.00,GTC,True,False,100000.00,MAKER,1.16122,-9.999999999998899e-05,['2.32 USD'],NO_TRIGGER,FILLED,OUO,OL-20251201-083000-001-V2-1535,['O-20251201-083000-001-V2-4604'],O-20251201-083000-001-V2-4603,,,,['V2_POS1_TP'],2a9d2dd5-9ee2-45f0-b2ae-70586408470f,1764577800000000000,1764578220000000000,,,,,1.16132,False,
O-20251201-130000-001-V2-4606,BACKTESTER-001,MLSignalStrategyV2-V2,EUR/USD.IDEALPRO,IDEALPRO-1-4606,EUR/USD.IDEALPRO-MLSignalStrategyV2-V2,IDEALPRO-001,IDEALPRO-1-873736,MARKET,SELL,100000.00,GTC,False,False,100000.00,TAKER,1.16488,0.0,['2.33 USD'],NO_TRIGGER,FILLED,OTO,OL-20251201-130000-001-V2-1536,"['O-20251201-130000-001-V2-4607', 'O-20251201-130000-001-V2-4608']",,,,,['V2_POS1'],a29bb376-6bab-4113-9448-0ba0c2e116f9,1764594000000000000,1764594000000000000,,,,,,,
O-20251201-130000-001-V2-4607,BACKTESTER-001,MLSignalStrategyV2-V2,EUR/USD.IDEALPRO,IDEALPRO-1-4607,EUR/USD.IDEALPRO-MLSignalStrategyV2-V2,IDEALPRO-001,,STOP_MARKET,BUY,100000.00,GTC,True,False,0.00,NO_LIQUIDITY_SIDE,,,,NO_TRIGGER,CANCELED,OUO,OL-20251201-130000-001-V2-1536,['O-20251201-130000-001-V2-4608'],O-20251201-130000-001-V2-4606,,,,['V2_POS1_SL'],5dda809a-b7ec-4198-8d24-fd258cfe6141,1764594000000000000,1764594960000000000,1.16539,DEFAULT,,,,,
O-20251201-130000-001-V2-4608,BACKTESTER-001,MLSignalStrategyV2-V2,EUR/USD.IDEALPRO,IDEALPRO-1-4608,EUR/USD.IDEALPRO-MLSignalStrategyV2-V2,IDEALPRO-001,IDEALPRO-1-873769,LIMIT,BUY,100000.00,GTC,True,False,100000.00,MAKER,1.16437,0.0,['2.33 USD'],NO_TRIGGER,FILLED,OUO,OL-20251201-130000-001-V2-1536,['O-20251201-130000-001-V2-4607'],O-20251201-130000-001-V2-4606,,,,['V2_POS1_TP'],920428e5-4886-45c3-a340-7e023d178231,1764594000000000000,1764594960000000000,,,,,1.16437,False,
O-20251201-200000-001-V2-4609,BACKTESTER-001,MLSignalStrategyV2-V2,EUR/USD.IDEALPRO,IDEALPRO-1-4609,EUR/USD.IDEALPRO-MLSignalStrategyV2-V2,IDEALPRO-001,IDEALPRO-1-874578,MARKET,BUY,100000.00,GTC,False,False,100000.00,TAKER,1.16084,0.0,['2.32 USD'],NO_TRIGGER,FILLED,OTO,OL-20251201-200000-001-V2-1537,"['O-20251201-200000-001-V2-4610', 'O-20251201-200000-001-V2-4611']",,,,,['V2_POS1'],8cc949b5-2c1e-4ab0-9a08-4a73cfdf9c60,1764619200000000000,1764619200000000000,,,,,,,
O-20251201-200000-001-V2-4610,BACKTESTER-001,MLSignalStrategyV2-V2,EUR/USD.IDEALPRO,IDEALPRO-1-4610,EUR/USD.IDEALPRO-MLSignalStrategyV2-V2,IDEALPRO-001,IDEALPRO-1-875095,STOP_MARKET,SELL,100000.00,GTC,True,False,100000.00,TAKER,1.1604,7.999999999985796e-05,['2.32 USD'],NO_TRIGGER,FILLED,OUO,OL-20251201-200000-001-V2-1537,['O-20251201-200000-001-V2-4611'],O-20251201-200000-001-V2-4609,,,,['V2_POS1_SL'],3eb28295-58fb-4cb8-82d7-b239cf9fd150,1764619200000000000,1764635580000000000,1.16048,DEFAULT,,,,,
O-20251201-200000-001-V2-4611,BACKTESTER-001,MLSignalStrategyV2-V2,EUR/USD.IDEALPRO,IDEALPRO-1-4611,EUR/USD.IDEALPRO-MLSignalStrategyV2-V2,IDEALPRO-001,,LIMIT,SELL,100000.00,GTC,True,False,0.00,NO_LIQUIDITY_SIDE,,,,NO_TRIGGER,CANCELED,OUO,OL-20251201-200000-001-V2-1537,['O-20251201-200000-001-V2-4610'],O-20251201-200000-001-V2-4609,,,,['V2_POS1_TP'],e712a517-c8f8-4e9a-aaaa-563752ade214,1764619200000000000,1764635580000000000,,,,,1.16120,False,
O-20251202-211500-001-V2-4612,BACKTESTER-001,MLSignalStrategyV2-V2,EUR/USD.IDEALPRO,IDEALPRO-1-4612,EUR/USD.IDEALPRO-MLSignalStrategyV2-V2,IDEALPRO-001,IDEALPRO-1-877581,MARKET,BUY,100000.00,GTC,False,False,100000.00,TAKER,1.16227,0.0,['2.32 USD'],NO_TRIGGER,FILLED,OTO,OL-20251202-211500-001-V2-1538,"['O-20251202-211500-001-V2-4613', 'O-20251202-211500-001-V2-4614']",,,,,['V2_POS1'],325488d0-7af9-49a4-97ab-2b032909859c,1764710100000000000,1764710100000000000,,,,,,,
O-20251202-211500-001-V2-4613,BACKTESTER-001,MLSignalStrategyV2-V2,EUR/USD.IDEALPRO,IDEALPRO-1-4613,EUR/USD.IDEALPRO-MLSignalStrategyV2-V2,IDEALPRO-001,,STOP_MARKET,SELL,100000.00,GTC,True,False,0.00,NO_LIQUIDITY_SIDE,,,,NO_TRIGGER,CANCELED,OUO,OL-20251202-211500-001-V2-1538,['O-20251202-211500-001-V2-4614'],O-20251202-211500-001-V2-4612,,,,['V2_POS1_SL'],190f30d1-bc47-4447-8586-d253bdad617f,1764710100000000000,1764716520000000000,1.16187,DEFAULT,,,,,
O-20251202-211500-001-V2-4614,BACKTESTER-001,MLSignalStrategyV2-V2,EUR/USD.IDEALPRO,IDEALPRO-1-4614,EUR/USD.IDEALPRO-MLSignalStrategyV2-V2,IDEALPRO-001,IDEALPRO-1-877765,LIMIT,SELL,100000.00,GTC,True,False,100000.00,MAKER,1.16267,-2.0000000000131024e-05,['2.33 USD'],NO_TRIGGER,FILLED,OUO,OL-20251202-211500-001-V2-1538,['O-20251202-211500-001-V2-4613'],O-20251202-211500-001-V2-4612,,,,['V2_POS1_TP'],2a1b7b57-5bd5-46ab-9366-8bb1a5f3573a,1764710100000000000,1764716520000000000,,,,,1.16265,False,
O-20251203-080000-001-V2-4615,BACKTESTER-001,MLSignalStrategyV2-V2,EUR/USD.IDEALPRO,IDEALPRO-1-4615,EUR/USD.IDEALPRO-MLSignalStrategyV2-V2,IDEALPRO-001,IDEALPRO-1-878843,MARKET,SELL,100000.00,GTC,False,False,100000.00,TAKER,1.16413,0.0,['2.33 USD'],NO_TRIGGER,FILLED,OTO,OL-20251203-080000-001-V2-1539,"['O-20251203-080000-001-V2-4616', 'O-20251203-080000-001-V2-4617']",,,,,['V2_POS1'],80a004cc-83ac-465e-be73-b218792bbf72,1764748800000000000,1764748800000000000,,,,,,,
O-20251203-080000-001-V2-4616,BACKTESTER-001,MLSignalStrategyV2-V2,EUR/USD.IDEALPRO,IDEALPRO-1-4616,EUR/USD.IDEALPRO-MLSignalStrategyV2-V2,IDEALPRO-001,,STOP_MARKET,BUY,100000.00,GTC,True,False,0.00,NO_LIQUIDITY_SIDE,,,,NO_TRIGGER,CANCELED,OUO,OL-20251203-080000-001-V2-1539,['O-20251203-080000-001-V2-4617'],O-20251203-080000-001-V2-4615,,,,['V2_POS1_SL'],fd2f360c-e8b2-45e1-a441-6af078b1e99f,1764748800000000000,1764750360000000000,1.16448,DEFAULT,,,,,
O-20251203-080000-001-V2-4617,BACKTESTER-001,MLSignalStrategyV2-V2,EUR/USD.IDEALPRO,IDEALPRO-1-4617,EUR/USD.IDEALPRO-MLSignalStrategyV2-V2,IDEALPRO-001,IDEALPRO-1-878895,LIMIT,BUY,100000.00,GTC,True,False,100000.00,MAKER,1.16376,-4.0000000000040004e-05,['2.33 USD'],NO_TRIGGER,FILLED,OUO,OL-20251203-080000-001-V2-1539,['O-20251203-080000-001-V2-4616'],O-20251203-080000-001-V2-4615,,,,['V2_POS1_TP'],d9a8aac8-e31a-4849-a4a2-2ee8a974be97,1764748800000000000,1764750360000000000,,,,,1.16380,False,
O-20251203-083000-001-V2-4618,BACKTESTER-001,MLSignalStrategyV2-V2,EUR/USD.IDEALPRO,IDEALPRO-1-4618,EUR/USD.IDEALPRO-MLSignalStrategyV2-V2,IDEALPRO-001,IDEALPRO-1-878904,MARKET,SELL,100000.00,GTC,False,False,100000.00,TAKER,1.16382,0.0,['2.33 USD'],NO_TRIGGER,FILLED,OTO,OL-20251203-083000-001-V2-1540,"['O-20251203-083000-001-V2-4619', 'O-20251203-083000-001-V2-4620']",,,,,['V2_POS1'],3f739f57-1414-4012-be03-61c4aa4c6081,1764750600000000000,1764750600000000000,,,,,,,
O-20251203-083000-001-V2-4619,BACKTESTER-001,MLSignalStrategyV2-V2,EUR/USD.IDEALPRO,IDEALPRO-1-4619,EUR/USD.IDEALPRO-MLSignalStrategyV2-V2,IDEALPRO-001,IDEALPRO-1-878937,STOP_MARKET,BUY,100000.00,GTC,True,False,100000.00,TAKER,1.16419,0.0,['2.33 USD'],NO_TRIGGER,FILLED,OUO,OL-20251203-083000-001-V2-1540,['O-20251203-083000-001-V2-4620'],O-20251203-083000-001-V2-4618,,,,['V2_POS1_SL'],f0263157-ff04-4776-9b5e-01a8de5cfc3e,1764750600000000000,1764751560000000000,1.16419,DEFAULT,,,,,
O-20251203-083000-001-V2-4620,BACKTESTER-001,MLSignalStrategyV2-V2,EUR/USD.IDEALPRO,IDEALPRO-1-4620,EUR/USD.IDEALPRO-MLSignalStrategyV2-V2,IDEALPRO-001,,LIMIT,BUY,100000.00,GTC,True,False,0.00,NO_LIQUIDITY_SIDE,,,,NO_TRIGGER,CANCELED,OUO,OL-20251203-083000-001-V2-1540,['O-20251203-083000-001-V2-4619'],O-20251203-083000-001-V2-4618,,,,['V2_POS1_TP'],993ac462-2145-4917-82d7-3c90d3dd3ca5,1764750600000000000,1764751560000000000,,,,,1.16347,False,
O-20251204-004500-001-V2-4621,BACKTESTER-001,MLSignalStrategyV2-V2,EUR/USD.IDEALPRO,IDEALPRO-1-4621,EUR/USD.IDEALPRO-MLSignalStrategyV2-V2,IDEALPRO-001,IDEALPRO-1-880827,MARKET,BUY,100000.00,GTC,False,False,100000.00,TAKER,1.16637,0.0,['2.33 USD'],NO_TRIGGER,FILLED,OTO,OL-20251204-004500-001-V2-1541,"['O-20251204-004500-001-V2-4622', 'O-20251204-004500-001-V2-4623']",,,,,['V2_POS1'],2fba4c7b-b8b7-4046-827e-39de1b813d00,1764809100000000000,1764809100000000000,,,,,,,
O-20251204-004500-001-V2-4622,BACKTESTER-001,MLSignalStrategyV2-V2,EUR/USD.IDEALPRO,IDEALPRO-1-4622,EUR/USD.IDEALPRO-MLSignalStrategyV2-V2,IDEALPRO-001,IDEALPRO-1-880903,STOP_MARKET,SELL,100000.00,GTC,True,False,100000.00,TAKER,1.16606,1.999999999990898e-05,['2.33 USD'],NO_TRIGGER,FILLED,OUO,OL-20251204-004500-001-V2-1541,['O-20251204-004500-001-V2-4623'],O-20251204-004500-001-V2-4621,,,,['V2_POS1_SL'],9d5a0290-2b41-4b61-b21b-2d228753987d,1764809100000000000,1764811380000000000,1.16608,DEFAULT,,,,,
O-20251204-004500-001-V2-4623,BACKTESTER-001,MLSignalStrategyV2-V2,EUR/USD.IDEALPRO,IDEALPRO-1-4623,EUR/USD.IDEALPRO-MLSignalStrategyV2-V2,IDEALPRO-001,,LIMIT,SELL,100000.00,GTC,True,False,0.00,NO_LIQUIDITY_SIDE,,,,NO_TRIGGER,CANCELED,OUO,OL-20251204-004500-001-V2-1541,['O-20251204-004500-001-V2-4622'],O-20251204-004500-001-V2-4621,,,,['V2_POS1_TP'],8dfa391e-977c-48f6-b1c9-e84523865f9d,1764809100000000000,1764811380000000000,,,,,1.16666,False,
O-20251204-013000-001-V2-4624,BACKTESTER-001,MLSignalStrategyV2-V2,EUR/USD.IDEALPRO,IDEALPRO-1-4624,EUR/USD.IDEALPRO-MLSignalStrategyV2-V2,IDEALPRO-001,IDEALPRO-1-880919,MARKET,SELL,100000.00,GTC,False,False,100000.00,TAKER,1.16606,0.0,['2.33 USD'],NO_TRIGGER,FILLED,OTO,OL-20251204-013000-001-V2-1542,"['O-20251204-013000-001-V2-4625', 'O-20251204-013000-001-V2-4626']",,,,,['V2_POS1'],79bc32c3-76b5-4efb-a2d7-9fc8cbacd3c0,1764811800000000000,1764811800000000000,,,,,,,
O-20251204-013000-001-V2-4625,BACKTESTER-001,MLSignalStrategyV2-V2,EUR/USD.IDEALPRO,IDEALPRO-1-4625,EUR/USD.IDEALPRO-MLSignalStrategyV2-V2,IDEALPRO-001,IDEALPRO-1-880955,STOP_MARKET,BUY,100000.00,GTC,True,False,100000.00,TAKER,1.16642,4.0000000000040004e-05,['2.33 USD'],NO_TRIGGER,FILLED,OUO,OL-20251204-013000-001-V2-1542,['O-20251204-013000-001-V2-4626'],O-20251204-013000-001-V2-4624,,,,['V2_POS1_SL'],e76b06b9-7769-4701-8e6e-676cf3dab02a,1764811800000000000,1764812880000000000,1.16638,DEFAULT,,,,,
O-20251204-013000-001-V2-4626,BACKTESTER-001,MLSignalStrategyV2-V2,EUR/USD.IDEALPRO,IDEALPRO-1-4626,EUR/USD.IDEALPRO-MLSignalStrategyV2-V2,IDEALPRO-001,,LIMIT,BUY,100000.00,GTC,True,False,0.00,NO_LIQUIDITY_SIDE,,,,NO_TRIGGER,CANCELED,OUO,OL-20251204-013000-001-V2-1542,['O-20251204-013000-001-V2-4625'],O-20251204-013000-001-V2-4624,,,,['V2_POS1_TP'],7e77f8eb-bdbb-476e-9660-5649afdf73fe,1764811800000000000,1764812880000000000,,,,,1.16576,False,
O-20251204-200000-001-V2-4627,BACKTESTER-001,MLSignalStrategyV2-V2,EUR/USD.IDEALPRO,IDEALPRO-1-4627,EUR/USD.IDEALPRO-MLSignalStrategyV2-V2,IDEALPRO-001,IDEALPRO-1-883140,MARKET,SELL,100000.00,GTC,False,False,100000.00,TAKER,1.16527,0.0,['2.33 USD'],NO_TRIGGER,FILLED,OTO,OL-20251204-200000-001-V2-1543,"['O-20251204-200000-001-V2-4628', 'O-20251204-200000-001-V2-4629']",,,,,['V2_POS1'],0e09ab0f-6da4-4d0a-9281-9a2e3acf32d0,1764878400000000000,1764878400000000000,,,,,,,
O-20251204-200000-001-V2-4628,BACKTESTER-001,MLSignalStrategyV2-V2,EUR/USD.IDEALPRO,IDEALPRO-1-4628,EUR/USD.IDEALPRO-MLSignalStrategyV2-V2,IDEALPRO-001,,STOP_MARKET,BUY,100000.00,GTC,True,False,0.00,NO_LIQUIDITY_SIDE,,,,NO_TRIGGER,CANCELED,OUO,OL-20251204-200000-001-V2-1543,['O-20251204-200000-001-V2-4629'],O-20251204-200000-001-V2-4627,,,,['V2_POS1_SL'],115f45db-64b2-4d21-8e0d-0a3607feb726,1764878400000000000,1764879540000000000,1.16561,DEFAULT,,,,,
O-20251204-200000-001-V2-4629,BACKTESTER-001,MLSignalStrategyV2-V2,EUR/USD.IDEALPRO,IDEALPRO-1-4629,EUR/USD.IDEALPRO-MLSignalStrategyV2-V2,IDEALPRO-001,IDEALPRO-1-883179,LIMIT,BUY,100000.00,GTC,True,False,100000.00,MAKER,1.16481,-0.00012000000000012001,['2.33 USD'],NO_TRIGGER,FILLED,OUO,OL-20251204-200000-001-V2-1543,['O-20251204-200000-001-V2-4628'],O-20251204-200000-001-V2-4627,,,,['V2_POS1_TP'],a22a3b10-520f-4b02-b1e7-5a8cea0882e3,1764878400000000000,1764879540000000000,,,,,1.16493,False,
O-20251207-223000-001-V2-4630,BACKTESTER-001,MLSignalStrategyV2-V2,EUR/USD.IDEALPRO,IDEALPRO-1-4630,EUR/USD.IDEALPRO-MLSignalStrategyV2-V2,IDEALPRO-001,IDEALPRO-1-886262,MARKET,BUY,100000.00,GTC,False,False,100000.00,TAKER,1.16403,0.0,['2.33 USD'],NO_TRIGGER,FILLED,OTO,OL-20251207-223000-001-V2-1544,"['O-20251207-223000-001-V2-4631', 'O-20251207-223000-001-V2-4632']",,,,,['V2_POS1'],504da974-7a07-42f7-a76c-958b8eb917d8,1765146600000000000,1765146600000000000,,,,,,,
O-20251207-223000-001-V2-4631,BACKTESTER-001,MLSignalStrategyV2-V2,EUR/USD.IDEALPRO,IDEALPRO-1-4631,EUR/USD.IDEALPRO-MLSignalStrategyV2-V2,IDEALPRO-001,,STOP_MARKET,SELL,100000.00,GTC,True,False,0.00,NO_LIQUIDITY_SIDE,,,,NO_TRIGGER,CANCELED,OUO,OL-20251207-223000-001-V2-1544,['O-20251207-223000-001-V2-4632'],O-20251207-223000-001-V2-4630,,,,['V2_POS1_SL'],34df4d2b-ed16-4343-a991-04b6d53ddde2,1765146600000000000,1765148100000000000,1.16371,DEFAULT,,,,,
O-20251207-223000-001-V2-4632,BACKTESTER-001,MLSignalStrategyV2-V2,EUR/USD.IDEALPRO,IDEALPRO-1-4632,EUR/USD.IDEALPRO-MLSignalStrategyV2-V2,IDEALPRO-001,IDEALPRO-1-886313,LIMIT,SELL,100000.00,GTC,True,False,100000.00,MAKER,1.16461,-0.00027999999999983594,['2.33 USD'],NO_TRIGGER,FILLED,OUO,OL-20251207-223000-001-V2-1544,['O-20251207-223000-001-V2-4631'],O-20251207-223000-001-V2-4630,,,,['V2_POS1_TP'],0c88b59e-c528-4578-ac6c-e4f0b2e834f7,1765146600000000000,1765148100000000000,,,,,1.16433,False,
O-20251207-230000-001-V2-4633,BACKTESTER-001,MLSignalStrategyV2-V2,EUR/USD.IDEALPRO,IDEALPRO-1-4633,EUR/USD.IDEALPRO-MLSignalStrategyV2-V2,IDEALPRO-001,IDEALPRO-1-886324,MARKET,BUY,100000.00,GTC,False,False,100000.00,TAKER,1.16463,0.0,['2.33 USD'],NO_TRIGGER,FILLED,OTO,OL-20251207-230000-001-V2-1545,"['O-20251207-230000-001-V2-4634', 'O-20251207-230000-001-V2-4635']",,,,,['V2_POS1'],5335af73-b6e6-40f1-9944-10590494d9ff,1765148400000000000,1765148400000000000,,,,,,,
O-20251207-230000-001-V2-4634,BACKTESTER-001,MLSignalStrategyV2-V2,EUR/USD.IDEALPRO,IDEALPRO-1-4634,EUR/USD.IDEALPRO-MLSignalStrategyV2-V2,IDEALPRO-001,IDEALPRO-1-886329,STOP_MARKET,SELL,100000.00,GTC,True,False,100000.00,TAKER,1.16426,7.00000000000145e-05,['2.33 USD'],NO_TRIGGER,FILLED,OUO,OL-20251207-230000-001-V2-1545,['O-20251207-230000-001-V2-4635'],O-20251207-230000-001-V2-4633,,,,['V2_POS1_SL'],d99e8164-8fc3-448e-a593-92ba3c96c3fd,1765148400000000000,1765148520000000000,1.16433,DEFAULT,,,,,
O-20251207-230000-001-V2-4635,BACKTESTER-001,MLSignalStrategyV2-V2,EUR/USD.IDEALPRO,IDEALPRO-1-4635,EUR/USD.IDEALPRO-MLSignalStrategyV2-V2,IDEALPRO-001,,LIMIT,SELL,100000.00,GTC,True,False,0.00,NO_LIQUIDITY_SIDE,,,,NO_TRIGGER,CANCELED,OUO,OL-20251207-230000-001-V2-1545,['O-20251207-230000-001-V2-4634'],O-20251207-230000-001-V2-4633,,,,['V2_POS1_TP'],16fa7250-d61d-4543-a0ca-d4dcfcf82507,1765148400000000000,1765148520000000000,,,,,1.16491,False,
O-20251207-231500-001-V2-4636,BACKTESTER-001,MLSignalStrategyV2-V2,EUR/USD.IDEALPRO,IDEALPRO-1-4636,EUR/USD.IDEALPRO-MLSignalStrategyV2-V2,IDEALPRO-001,IDEALPRO-1-886356,MARKET,BUY,100000.00,GTC,False,False,100000.00,TAKER,1.16427,0.0,['2.33 USD'],NO_TRIGGER,FILLED,OTO,OL-20251207-231500-001-V2-1546,"['O-20251207-231500-001-V2-4637', 'O-20251207-231500-001-V2-4638']",,,,,['V2_POS1'],0f02cd5e-ad26-42ba-a7b5-1b53a662c84a,1765149300000000000,1765149300000000000,,,,,,,
O-20251207-231500-001-V2-4637,BACKTESTER-001,MLSignalStrategyV2-V2,EUR/USD.IDEALPRO,IDEALPRO-1-4637,EUR/USD.IDEALPRO-MLSignalStrategyV2-V2,IDEALPRO-001,,STOP_MARKET,SELL,100000.00,GTC,True,False,0.00,NO_LIQUIDITY_SIDE,,,,NO_TRIGGER,CANCELED,OUO,OL-20251207-231500-001-V2-1546,['O-20251207-231500-001-V2-4638'],O-20251207-231500-001-V2-4636,,,,['V2_POS1_SL'],23eeaab8-b0c9-4545-80f2-4c9ba45769f7,1765149300000000000,1765150320000000000,1.16396,DEFAULT,,,,,
O-20251207-231500-001-V2-4638,BACKTESTER-001,MLSignalStrategyV2-V2,EUR/USD.IDEALPRO,IDEALPRO-1-4638,EUR/USD.IDEALPRO-MLSignalStrategyV2-V2,IDEALPRO-001,IDEALPRO-1-886391,LIMIT,SELL,100000.00,GTC,True,False,100000.00,MAKER,1.16462,-4.0000000000040004e-05,['2.33 USD'],NO_TRIGGER,FILLED,OUO,OL-20251207-231500-001-V2-1546,['O-20251207-231500-001-V2-4637'],O-20251207-231500-001-V2-4636,,,,['V2_POS1_TP'],ab62c210-1e17-4760-a24f-223eeea8514d,1765149300000000000,1765150320000000000,,,,,1.16458,False,
O-20251207-234500-001-V2-4639,BACKTESTER-001,MLSignalStrategyV2-V2,EUR/USD.IDEALPRO,IDEALPRO-1-4639,EUR/USD.IDEALPRO-MLSignalStrategyV2-V2,IDEALPRO-001,IDEALPRO-1-886418,MARKET,BUY,100000.00,GTC,False,False,100000.00,TAKER,1.16431,0.0,['2.33 USD'],NO_TRIGGER,FILLED,OTO,OL-20251207-234500-001-V2-1547,"['O-20251207-234500-001-V2-4640', 'O-20251207-234500-001-V2-4641']",,,,,['V2_POS1'],a5908a81-69ac-4055-ba1e-93487817e062,1765151100000000000,1765151100000000000,,,,,,,
O-20251207-234500-001-V2-4640,BACKTESTER-001,MLSignalStrategyV2-V2,EUR/USD.IDEALPRO,IDEALPRO-1-4640,EUR/USD.IDEALPRO-MLSignalStrategyV2-V2,IDEALPRO-001,IDEALPRO-1-886445,STOP_MARKET,SELL,100000.00,GTC,True,False,100000.00,TAKER,1.16395,4.999999999988347e-05,['2.33 USD'],NO_TRIGGER,FILLED,OUO,OL-20251207-234500-001-V2-1547,['O-20251207-234500-001-V2-4641'],O-20251207-234500-001-V2-4639,,,,['V2_POS1_SL'],cad376c8-99e4-46cb-956d-1919be766c8d,1765151100000000000,1765151880000000000,1.16400,DEFAULT,,,,,
O-20251207-234500-001-V2-4641,BACKTESTER-001,MLSignalStrategyV2-V2,EUR/USD.IDEALPRO,IDEALPRO-1-4641,EUR/USD.IDEALPRO-MLSignalStrategyV2-V2,IDEALPRO-001,,LIMIT,SELL,100000.00,GTC,True,False,0.00,NO_LIQUIDITY_SIDE,,,,NO_TRIGGER,CANCELED,OUO,OL-20251207-234500-001-V2-1547,['O-20251207-234500-001-V2-4640'],O-20251207-234500-001-V2-4639,,,,['V2_POS1_TP'],6d769c56-413c-475c-ab32-e81ade9d7884,1765151100000000000,1765151880000000000,,,,,1.16462,False,
O-20251208-061500-001-V2-4642,BACKTESTER-001,MLSignalStrategyV2-V2,EUR/USD.IDEALPRO,IDEALPRO-1-4642,EUR/USD.IDEALPRO-MLSignalStrategyV2-V2,IDEALPRO-001,IDEALPRO-1-887201,MARKET,SELL,100000.00,GTC,False,False,100000.00,TAKER,1.16646,0.0,['2.33 USD'],NO_TRIGGER,FILLED,OTO,OL-20251208-061500-001-V2-1548,"['O-20251208-061500-001-V2-4643', 'O-20251208-061500-001-V2-4644']",,,,,['V2_POS1'],7b94523a-845c-4570-b81e-92dbce2b9905,1765174500000000000,1765174500000000000,,,,,,,
O-20251208-061500-001-V2-4643,BACKTESTER-001,MLSignalStrategyV2-V2,EUR/USD.IDEALPRO,IDEALPRO-1-4643,EUR/USD.IDEALPRO-MLSignalStrategyV2-V2,IDEALPRO-001,,STOP_MARKET,BUY,100000.00,GTC,True,False,0.00,NO_LIQUIDITY_SIDE,,,,NO_TRIGGER,CANCELED,OUO,OL-20251208-061500-001-V2-1548,['O-20251208-061500-001-V2-4644'],O-20251208-061500-001-V2-4642,,,,['V2_POS1_SL'],91272685-45e2-47e9-9eb7-1414baca97f8,1765174500000000000,1765174920000000000,1.16681,DEFAULT,,,,,
O-20251208-061500-001-V2-4644,BACKTESTER-001,MLSignalStrategyV2-V2,EUR/USD.IDEALPRO,IDEALPRO-1-4644,EUR/USD.IDEALPRO-MLSignalStrategyV2-V2,IDEALPRO-001,IDEALPRO-1-887215,LIMIT,BUY,100000.00,GTC,True,False,100000.00,MAKER,1.16612,-1.0000000000065512e-05,['2.33 USD'],NO_TRIGGER,FILLED,OUO,OL-20251208-061500-001-V2-1548,['O-20251208-061500-001-V2-4643'],O-20251208-061500-001-V2-4642,,,,['V2_POS1_TP'],17f08356-276b-41db-8238-689310cf6ab9,1765174500000000000,1765174920000000000,,,,,1.16613,False,
O-20251208-063000-001-V2-4645,BACKTESTER-001,MLSignalStrategyV2-V2,EUR/USD.IDEALPRO,IDEALPRO-1-4645,EUR/USD.IDEALPRO-MLSignalStrategyV2-V2,IDEALPRO-001,IDEALPRO-1-887232,MARKET,SELL,100000.00,GTC,False,False,100000.00,TAKER,1.16629,0.0,['2.33 USD'],NO_TRIGGER,FILLED,OTO,OL-20251208-063000-001-V2-1549,"['O-20251208-063000-001-V2-4646', 'O-20251208-063000-001-V2-4647']",,,,,['V2_POS1'],07ba9c73-073f-4a05-8734-3aca1925811d,1765175400000000000,1765175400000000000,,,,,,,
O-20251208-063000-001-V2-4646,BACKTESTER-001,MLSignalStrategyV2-V2,EUR/USD.IDEALPRO,IDEALPRO-1-4646,EUR/USD.IDEALPRO-MLSignalStrategyV2-V2,IDEALPRO-001,,STOP_MARKET,BUY,100000.00,GTC,True,False,0.00,NO_LIQUIDITY_SIDE,,,,NO_TRIGGER,CANCELED,OUO,OL-20251208-063000-001-V2-1549,['O-20251208-063000-001-V2-4647'],O-20251208-063000-001-V2-4645,,,,['V2_POS1_SL'],20c303f6-bf05-4d37-a64b-e776f66b95c5,1765175400000000000,1765176660000000000,1.16664,DEFAULT,,,,,
O-20251208-063000-001-V2-4647,BACKTESTER-001,MLSignalStrategyV2-V2,EUR/USD.IDEALPRO,IDEALPRO-1-4647,EUR/USD.IDEALPRO-MLSignalStrategyV2-V2,IDEALPRO-001,IDEALPRO-1-887275,LIMIT,BUY,100000.00,GTC,True,False,100000.00,MAKER,1.16589,-7.00000000000145e-05,['2.33 USD'],NO_TRIGGER,FILLED,OUO,OL-20251208-063000-001-V2-1549,['O-20251208-063000-001-V2-4646'],O-20251208-063000-001-V2-4645,,,,['V2_POS1_TP'],03fea44d-1382-43f2-966b-2ca61a01a349,1765175400000000000,1765176660000000000,,,,,1.16596,False,
O-20251208-083000-001-V2-4648,BACKTESTER-001,MLSignalStrategyV2-V2,EUR/USD.IDEALPRO,IDEALPRO-1-4648,EUR/USD.IDEALPRO-MLSignalStrategyV2-V2,IDEALPRO-001,IDEALPRO-1-887474,MARKET,SELL,100000.00,GTC,False,False,100000.00,TAKER,1.16504,0.0,['2.33 USD'],NO_TRIGGER,FILLED,OTO,OL-20251208-083000-001-V2-1550,"['O-20251208-083000-001-V2-4649', 'O-20251208-083000-001-V2-4650']",,,,,['V2_POS1'],d26c359a-917c-40d7-8e54-0c8dd820929b,1765182600000000000,1765182600000000000,,,,,,,
O-20251208-083000-001-V2-4649,BACKTESTER-001,MLSignalStrategyV2-V2,EUR/USD.IDEALPRO,IDEALPRO-1-4649,EUR/USD.IDEALPRO-MLSignalStrategyV2-V2,IDEALPRO-001,IDEALPRO-1-887531,STOP_MARKET,BUY,100000.00,GTC,True,False,100000.00,TAKER,1.16548,1.0000000000065512e-05,['2.33 USD'],NO_TRIGGER,FILLED,OUO,OL-20251208-083000-001-V2-1550,['O-20251208-083000-001-V2-4650'],O-20251208-083000-001-V2-4648,,,,['V2_POS1_SL'],c3234d75-5c09-4eb3-b81d-9ac028215d3f,1765182600000000000,1765184280000000000,1.16547,DEFAULT,,,,,
O-20251208-083000-001-V2-4650,BACKTESTER-001,MLSignalStrategyV2-V2,EUR/USD.IDEALPRO,IDEALPRO-1-4650,EUR/USD.IDEALPRO-MLSignalStrategyV2-V2,IDEALPRO-001,,LIMIT,BUY,100000.00,GTC,True,False,0.00,NO_LIQUIDITY_SIDE,,,,NO_TRIGGER,CANCELED,OUO,OL-20251208-083000-001-V2-1550,['O-20251208-083000-001-V2-4649'],O-20251208-083000-001-V2-4648,,,,['V2_POS1_TP'],4f39ffac-ba48-4702-a472-c40e5734c1ca,1765182600000000000,1765184280000000000,,,,,1.16461,False,
O-20251208-093000-001-V2-4651,BACKTESTER-001,MLSignalStrategyV2-V2,EUR/USD.IDEALPRO,IDEALPRO-1-4651,EUR/USD.IDEALPRO-MLSignalStrategyV2-V2,IDEALPRO-001,IDEALPRO-1-887596,MARKET,SELL,100000.00,GTC,False,False,100000.00,TAKER,1.16519,0.0,['2.33 USD'],NO_TRIGGER,FILLED,OTO,OL-20251208-093000-001-V2-1551,"['O-20251208-093000-001-V2-4652', 'O-20251208-093000-001-V2-4653']",,,,,['V2_POS1'],9e93ab37-cf36-4dd6-8559-6966e1394aa9,1765186200000000000,1765186200000000000,,,,,,,
O-20251208-093000-001-V2-4652,BACKTESTER-001,MLSignalStrategyV2-V2,EUR/USD.IDEALPRO,IDEALPRO-1-4652,EUR/USD.IDEALPRO-MLSignalStrategyV2-V2,IDEALPRO-001,,STOP_MARKET,BUY,100000.00,GTC,True,False,0.00,NO_LIQUIDITY_SIDE,,,,NO_TRIGGER,CANCELED,OUO,OL-20251208-093000-001-V2-1551,['O-20251208-093000-001-V2-4653'],O-20251208-093000-001-V2-4651,,,,['V2_POS1_SL'],27dcb9f7-45d9-4786-9912-619f9fb0af9a,1765186200000000000,1765191960000000000,1.16563,DEFAULT,,,,,
O-20251208-093000-001-V2-4653,BACKTESTER-001,MLSignalStrategyV2-V2,EUR/USD.IDEALPRO,IDEALPRO-1-4653,EUR/USD.IDEALPRO-MLSignalStrategyV2-V2,IDEALPRO-001,IDEALPRO-1-887789,LIMIT,BUY,100000.00,GTC,True,False,100000.00,MAKER,1.1647,-4.999999999988347e-05,['2.33 USD'],NO_TRIGGER,FILLED,OUO,OL-20251208-093000-001-V2-1551,['O-20251208-093000-001-V2-4652'],O-20251208-093000-001-V2-4651,,,,['V2_POS1_TP'],c5e50dc6-b2d8-4fa9-b93b-d2652c4e5472,1765186200000000000,1765191960000000000,,,,,1.16475,False,
O-20251208-131500-001-V2-4654,BACKTESTER-001,MLSignalStrategyV2-V2,EUR/USD.IDEALPRO,IDEALPRO-1-4654,EUR/USD.IDEALPRO-MLSignalStrategyV2-V2,IDEALPRO-001,IDEALPRO-1-888049,MARKET,SELL,100000.00,GTC,False,False,100000.00,TAKER,1.16552,0.0,['2.33 USD'],NO_TRIGGER,FILLED,OTO,OL-20251208-131500-001-V2-1552,"['O-20251208-131500-001-V2-4655', 'O-20251208-131500-001-V2-4656']",,,,,['V2_POS1'],151b60eb-64d7-4a9c-a668-c4bfd8aa9918,1765199700000000000,1765199700000000000,,,,,,,
O-20251208-131500-001-V2-4655,BACKTESTER-001,MLSignalStrategyV2-V2,EUR/USD.IDEALPRO,IDEALPRO-1-4655,EUR/USD.IDEALPRO-MLSignalStrategyV2-V2,IDEALPRO-001,,STOP_MARKET,BUY,100000.00,GTC,True,False,0.00,NO_LIQUIDITY_SIDE,,,,NO_TRIGGER,CANCELED,OUO,OL-20251208-131500-001-V2-1552,['O-20251208-131500-001-V2-4656'],O-20251208-131500-001-V2-4654,,,,['V2_POS1_SL'],d731330b-ea1f-461f-8f28-a0c690d2996b,1765199700000000000,1765200600000000000,1.16591,DEFAULT,,,,,
O-20251208-131500-001-V2-4656,BACKTESTER-001,MLSignalStrategyV2-V2,EUR/USD.IDEALPRO,IDEALPRO-1-4656,EUR/USD.IDEALPRO-MLSignalStrategyV2-V2,IDEALPRO-001,IDEALPRO-1-888079,LIMIT,BUY,100000.00,GTC,True,False,100000.00,MAKER,1.16506,-7.00000000000145e-05,['2.33 USD'],NO_TRIGGER,FILLED,OUO,OL-20251208-131500-001-V2-1552,['O-20251208-131500-001-V2-4655'],O-20251208-131500-001-V2-4654,,,,['V2_POS1_TP'],23f9f94f-dcbd-4d70-9db9-cca03e9280ee,1765199700000000000,1765200600000000000,,,,,1.16513,False,
O-20251208-184500-001-V2-4657,BACKTESTER-001,MLSignalStrategyV2-V2,EUR/USD.IDEALPRO,IDEALPRO-1-4657,EUR/USD.IDEALPRO-MLSignalStrategyV2-V2,IDEALPRO-001,IDEALPRO-1-888710,MARKET,BUY,100000.00,GTC,False,False,100000.00,TAKER,1.16408,0.0,['2.33 USD'],NO_TRIGGER,FILLED,OTO,OL-20251208-184500-001-V2-1553,"['O-20251208-184500-001-V2-4658', 'O-20251208-184500-001-V2-4659']",,,,,['V2_POS1'],949abc77-3898-4a8d-8594-b0b84a597a6c,1765219500000000000,1765219500000000000,,,,,,,
O-20251208-184500-001-V2-4658,BACKTESTER-001,MLSignalStrategyV2-V2,EUR/USD.IDEALPRO,IDEALPRO-1-4658,EUR/USD.IDEALPRO-MLSignalStrategyV2-V2,IDEALPRO-001,IDEALPRO-1-889035,STOP_MARKET,SELL,100000.00,GTC,True,False,100000.00,TAKER,1.16356,0.0,['2.33 USD'],NO_TRIGGER,FILLED,OUO,OL-20251208-184500-001-V2-1553,['O-20251208-184500-001-V2-4659'],O-20251208-184500-001-V2-4657,,,,['V2_POS1_SL'],3ad12aa6-6941-45da-a0f0-af0232f5bd8b,1765219500000000000,1765229220000000000,1.16356,DEFAULT,,,,,
O-20251208-184500-001-V2-4659,BACKTESTER-001,MLSignalStrategyV2-V2,EUR/USD.IDEALPRO,IDEALPRO-1-4659,EUR/USD.IDEALPRO-MLSignalStrategyV2-V2,IDEALPRO-001,,LIMIT,SELL,100000.00,GTC,True,False,0.00,NO_LIQUIDITY_SIDE,,,,NO_TRIGGER,CANCELED,OUO,OL-20251208-184500-001-V2-1553,['O-20251208-184500-001-V2-4658'],O-20251208-184500-001-V2-4657,,,,['V2_POS1_TP'],462fa323-9b34-461a-b96c-bed72f68f5eb,1765219500000000000,1765229220000000000,,,,,1.16458,False,
O-20251208-213000-001-V2-4660,BACKTESTER-001,MLSignalStrategyV2-V2,EUR/USD.IDEALPRO,IDEALPRO-1-4660,EUR/USD.IDEALPRO-MLSignalStrategyV2-V2,IDEALPRO-001,IDEALPRO-1-889042,MARKET,BUY,100000.00,GTC,False,False,100000.00,TAKER,1.16358,0.0,['2.33 USD'],NO_TRIGGER,FILLED,OTO,OL-20251208-213000-001-V2-1554,"['O-20251208-213000-001-V2-4661', 'O-20251208-213000-001-V2-4662']",,,,,['V2_POS1'],d32a624a-6a63-4841-ab23-ad50632d7748,1765229400000000000,1765229400000000000,,,,,,,
O-20251208-213000-001-V2-4661,BACKTESTER-001,MLSignalStrategyV2-V2,EUR/USD.IDEALPRO,IDEALPRO-1-4661,EUR/USD.IDEALPRO-MLSignalStrategyV2-V2,IDEALPRO-001,,STOP_MARKET,SELL,100000.00,GTC,True,False,0.00,NO_LIQUIDITY_SIDE,,,,NO_TRIGGER,CANCELED,OUO,OL-20251208-213000-001-V2-1554,['O-20251208-213000-001-V2-4662'],O-20251208-213000-001-V2-4660,,,,['V2_POS1_SL'],5308c48a-165e-40ba-9737-c2fc6b1fd1d1,1765229400000000000,1765234920000000000,1.16327,DEFAULT,,,,,
O-20251208-213000-001-V2-4662,BACKTESTER-001,MLSignalStrategyV2-V2,EUR/USD.IDEALPRO,IDEALPRO-1-4662,EUR/USD.IDEALPRO-MLSignalStrategyV2-V2,IDEALPRO-001,IDEALPRO-1-889198,LIMIT,SELL,100000.00,GTC,True,False,100000.00,MAKER,1.16387,0.0,['2.33 USD'],NO_TRIGGER,FILLED,OUO,OL-20251208-213000-001-V2-1554,['O-20251208-213000-001-V2-4661'],O-20251208-213000-001-V2-4660,,,,['V2_POS1_TP'],4cd2f80d-343a-4d93-8f6c-107c3bb4c449,1765229400000000000,1765234920000000000,,,,,1.16387,False,
O-20251209-103000-001-V2-4663,BACKTESTER-001,MLSignalStrategyV2-V2,EUR/USD.IDEALPRO,IDEALPRO-1-4663,EUR/USD.IDEALPRO-MLSignalStrategyV2-V2,IDEALPRO-001,IDEALPRO-1-890574,MARKET,SELL,100000.00,GTC,False,False,100000.00,TAKER,1.16447,0.0,['2.33 USD'],NO_TRIGGER,FILLED,OTO,OL-20251209-103000-001-V2-1555,"['O-20251209-103000-001-V2-4664', 'O-20251209-103000-001-V2-4665']",,,,,['V2_POS1'],381859ec-5a61-43fb-a4f8-67ccff8d0ca0,1765276200000000000,1765276200000000000,,,,,,,
O-20251209-103000-001-V2-4664,BACKTESTER-001,MLSignalStrategyV2-V2,EUR/USD.IDEALPRO,IDEALPRO-1-4664,EUR/USD.IDEALPRO-MLSignalStrategyV2-V2,IDEALPRO-001,,STOP_MARKET,BUY,100000.00,GTC,True,False,0.00,NO_LIQUIDITY_SIDE,,,,NO_TRIGGER,CANCELED,OUO,OL-20251209-103000-001-V2-1555,['O-20251209-103000-001-V2-4665'],O-20251209-103000-001-V2-4663,,,,['V2_POS1_SL'],90fafc1a-d4c1-48b5-a79d-8efac67bf556,1765276200000000000,1765278240000000000,1.16493,DEFAULT,,,,,
O-20251209-103000-001-V2-4665,BACKTESTER-001,MLSignalStrategyV2-V2,EUR/USD.IDEALPRO,IDEALPRO-1-4665,EUR/USD.IDEALPRO-MLSignalStrategyV2-V2,IDEALPRO-001,IDEALPRO-1-890643,LIMIT,BUY,100000.00,GTC,True,False,100000.00,MAKER,1.16398,-4.999999999988347e-05,['2.33 USD'],NO_TRIGGER,FILLED,OUO,OL-20251209-103000-001-V2-1555,['O-20251209-103000-001-V2-4664'],O-20251209-103000-001-V2-4663,,,,['V2_POS1_TP'],3d11c699-cb9e-4e73-9068-8f2bdf4993a2,1765276200000000000,1765278240000000000,,,,,1.16403,False,
O-20251209-111500-001-V2-4666,BACKTESTER-001,MLSignalStrategyV2-V2,EUR/USD.IDEALPRO,IDEALPRO-1-4666,EUR/USD.IDEALPRO-MLSignalStrategyV2-V2,IDEALPRO-001,IDEALPRO-1-890667,MARKET,SELL,100000.00,GTC,False,False,100000.00,TAKER,1.16389,0.0,['2.33 USD'],NO_TRIGGER,FILLED,OTO,OL-20251209-111500-001-V2-1556,"['O-20251209-111500-001-V2-4667', 'O-20251209-111500-001-V2-4668']",,,,,['V2_POS1'],1a33e548-1c6a-486b-b837-3bd70d440cdf,1765278900000000000,1765278900000000000,,,,,,,
O-20251209-111500-001-V2-4667,BACKTESTER-001,MLSignalStrategyV2-V2,EUR/USD.IDEALPRO,IDEALPRO-1-4667,EUR/USD.IDEALPRO-MLSignalStrategyV2-V2,IDEALPRO-001,IDEALPRO-1-890685,STOP_MARKET,BUY,100000.00,GTC,True,False,100000.00,TAKER,1.16437,1.999999999990898e-05,['2.33 USD'],NO_TRIGGER,FILLED,OUO,OL-20251209-111500-001-V2-1556,['O-20251209-111500-001-V2-4668'],O-20251209-111500-001-V2-4666,,,,['V2_POS1_SL'],0f1a7d0e-7316-4cf6-a681-28ec1a13b977,1765278900000000000,1765279440000000000,1.16435,DEFAULT,,,,,
O-20251209-111500-001-V2-4668,BACKTESTER-001,MLSignalStrategyV2-V2,EUR/USD.IDEALPRO,IDEALPRO-1-4668,EUR/USD.IDEALPRO-MLSignalStrategyV2-V2,IDEALPRO-001,,LIMIT,BUY,100000.00,GTC,True,False,0.00,NO_LIQUIDITY_SIDE,,,,NO_TRIGGER,CANCELED,OUO,OL-20251209-111500-001-V2-1556,['O-20251209-111500-001-V2-4667'],O-20251209-111500-001-V2-4666,,,,['V2_POS1_TP'],0bce9e9b-befd-4bf3-b821-64b2572b22a9,1765278900000000000,1765279440000000000,,,,,1.16345,False,
O-20251209-174500-001-V2-4669,BACKTESTER-001,MLSignalStrategyV2-V2,EUR/USD.IDEALPRO,IDEALPRO-1-4669,EUR/USD.IDEALPRO-MLSignalStrategyV2-V2,IDEALPRO-001,IDEALPRO-1-891449,MARKET,BUY,100000.00,GTC,False,False,100000.00,TAKER,1.16253,0.0,['2.33 USD'],NO_TRIGGER,FILLED,OTO,OL-20251209-174500-001-V2-1557,"['O-20251209-174500-001-V2-4670', 'O-20251209-174500-001-V2-4671']",,,,,['V2_POS1'],285dd382-4abc-486d-b3f7-358b070a80f3,1765302300000000000,1765302300000000000,,,,,,,
O-20251209-174500-001-V2-4670,BACKTESTER-001,MLSignalStrategyV2-V2,EUR/USD.IDEALPRO,IDEALPRO-1-4670,EUR/USD.IDEALPRO-MLSignalStrategyV2-V2,IDEALPRO-001,IDEALPRO-1-891505,STOP_MARKET,SELL,100000.00,GTC,True,False,100000.00,TAKER,1.16196,9.999999999843467e-06,['2.32 USD'],NO_TRIGGER,FILLED,OUO,OL-20251209-174500-001-V2-1557,['O-20251209-174500-001-V2-4671'],O-20251209-174500-001-V2-4669,,,,['V2_POS1_SL'],d7c73e0e-ff30-401d-b8a2-3405ebadf3b3,1765302300000000000,1765303980000000000,1.16197,DEFAULT,,,,,
O-20251209-174500-001-V2-4671,BACKTESTER-001,MLSignalStrategyV2-V2,EUR/USD.IDEALPRO,IDEALPRO-1-4671,EUR/USD.IDEALPRO-MLSignalStrategyV2-V2,IDEALPRO-001,,LIMIT,SELL,100000.00,GTC,True,False,0.00,NO_LIQUIDITY_SIDE,,,,NO_TRIGGER,CANCELED,OUO,OL-20251209-174500-001-V2-1557,['O-20251209-174500-001-V2-4670'],O-20251209-174500-001-V2-4669,,,,['V2_POS1_TP'],debb0ed4-9bc3-4c89-b337-b6414bd6d8eb,1765302300000000000,1765303980000000000,,,,,1.16309,False,
O-20251209-181500-001-V2-4672,BACKTESTER-001,MLSignalStrategyV2-V2,EUR/USD.IDEALPRO,IDEALPRO-1-4672,EUR/USD.IDEALPRO-MLSignalStrategyV2-V2,IDEALPRO-001,IDEALPRO-1-891510,MARKET,BUY,100000.00,GTC,False,False,100000.00,TAKER,1.16204,0.0,['2.32 USD'],NO_TRIGGER,FILLED,OTO,OL-20251209-181500-001-V2-1558,"['O-20251209-181500-001-V2-4673', 'O-20251209-181500-001-V2-4674']",,,,,['V2_POS1'],74499981-cec4-418a-8fbc-0e11cadb762c,1765304100000000000,1765304100000000000,,,,,,,
O-20251209-181500-001-V2-4673,BACKTESTER-001,MLSignalStrategyV2-V2,EUR/USD.IDEALPRO,IDEALPRO-1-4673,EUR/USD.IDEALPRO-MLSignalStrategyV2-V2,IDEALPRO-001,,STOP_MARKET,SELL,100000.00,GTC,True,False,0.00,NO_LIQUIDITY_SIDE,,,,NO_TRIGGER,CANCELED,OUO,OL-20251209-181500-001-V2-1558,['O-20251209-181500-001-V2-4674'],O-20251209-181500-001-V2-4672,,,,['V2_POS1_SL'],e57f79f7-877a-44e7-a861-97a08288a6e5,1765304100000000000,1765307940000000000,1.16151,DEFAULT,,,,,
O-20251209-181500-001-V2-4674,BACKTESTER-001,MLSignalStrategyV2-V2,EUR/USD.IDEALPRO,IDEALPRO-1-4674,EUR/USD.IDEALPRO-MLSignalStrategyV2-V2,IDEALPRO-001,IDEALPRO-1-891639,LIMIT,SELL,100000.00,GTC,True,False,100000.00,MAKER,1.16255,0.0,['2.33 USD'],NO_TRIGGER,FILLED,OUO,OL-20251209-181500-001-V2-1558,['O-20251209-181500-001-V2-4673'],O-20251209-181500-001-V2-4672,,,,['V2_POS1_TP'],acc8f952-0ffa-416c-b4c4-c51bfc797547,1765304100000000000,1765307940000000000,,,,,1.16255,False,
O-20251209-210000-001-V2-4675,BACKTESTER-001,MLSignalStrategyV2-V2,EUR/USD.IDEALPRO,IDEALPRO-1-4675,EUR/USD.IDEALPRO-MLSignalStrategyV2-V2,IDEALPRO-001,IDEALPRO-1-891842,MARKET,BUY,100000.00,GTC,False,False,100000.00,TAKER,1.16268,0.0,['2.33 USD'],NO_TRIGGER,FILLED,OTO,OL-20251209-210000-001-V2-1559,"['O-20251209-210000-001-V2-4676', 'O-20251209-210000-001-V2-4677']",,,,,['V2_POS1'],b18c7c4b-5af3-49a2-9caa-d801fca385f8,1765314000000000000,1765314000000000000,,,,,,,
O-20251209-210000-001-V2-4676,BACKTESTER-001,MLSignalStrategyV2-V2,EUR/USD.IDEALPRO,IDEALPRO-1-4676,EUR/USD.IDEALPRO-MLSignalStrategyV2-V2,IDEALPRO-001,IDEALPRO-1-892745,STOP_MARKET,SELL,100000.00,GTC,True,False,100000.00,TAKER,1.16224,0.00012000000000012001,['2.32 USD'],NO_TRIGGER,FILLED,OUO,OL-20251209-210000-001-V2-1559,['O-20251209-210000-001-V2-4677'],O-20251209-210000-001-V2-4675,,,,['V2_POS1_SL'],b99f5f38-3f93-4b64-ad9b-b3898aecd485,1765314000000000000,1765330260000000000,1.16236,DEFAULT,,,,,
O-20251209-210000-001-V2-4677,BACKTESTER-001,MLSignalStrategyV2-V2,EUR/USD.IDEALPRO,IDEALPRO-1-4677,EUR/USD.IDEALPRO-MLSignalStrategyV2-V2,IDEALPRO-001,,LIMIT,SELL,100000.00,GTC,True,False,0.00,NO_LIQUIDITY_SIDE,,,,NO_TRIGGER,CANCELED,OUO,OL-20251209-210000-001-V2-1559,['O-20251209-210000-001-V2-4676'],O-20251209-210000-001-V2-4675,,,,['V2_POS1_TP'],92ea0249-9e70-4c20-9945-c021430a1da3,1765314000000000000,1765330260000000000,,,,,1.16300,False,
O-20251211-000000-001-V2-4678,BACKTESTER-001,MLSignalStrategyV2-V2,EUR/USD.IDEALPRO,IDEALPRO-1-4678,EUR/USD.IDEALPRO-MLSignalStrategyV2-V2,IDEALPRO-001,IDEALPRO-1-896043,MARKET,BUY,100000.00,GTC,False,False,100000.00,TAKER,1.17016,0.0,['2.34 USD'],NO_TRIGGER,FILLED,OTO,OL-20251211-000000-001-V2-1560,"['O-20251211-000000-001-V2-4679', 'O-20251211-000000-001-V2-4680']",,,,,['V2_POS1'],d85941d3-ac6e-4de4-97ee-dbfcbcd9be88,1765411200000000000,1765411200000000000,,,,,,,
O-20251211-000000-001-V2-4679,BACKTESTER-001,MLSignalStrategyV2-V2,EUR/USD.IDEALPRO,IDEALPRO-1-4679,EUR/USD.IDEALPRO-MLSignalStrategyV2-V2,IDEALPRO-001,,STOP_MARKET,SELL,100000.00,GTC,True,False,0.00,NO_LIQUIDITY_SIDE,,,,NO_TRIGGER,CANCELED,OUO,OL-20251211-000000-001-V2-1560,['O-20251211-000000-001-V2-4680'],O-20251211-000000-001-V2-4678,,,,['V2_POS1_SL'],79a7e01e-09ce-4b73-8bbf-426c950d237f,1765411200000000000,1765411680000000000,1.16982,DEFAULT,,,,,
O-20251211-000000-001-V2-4680,BACKTESTER-001,MLSignalStrategyV2-V2,EUR/USD.IDEALPRO,IDEALPRO-1-4680,EUR/USD.IDEALPRO-MLSignalStrategyV2-V2,IDEALPRO-001,IDEALPRO-1-896075,LIMIT,SELL,100000.00,GTC,True,False,100000.00,MAKER,1.1705,0.0,['2.34 USD'],NO_TRIGGER,FILLED,OUO,OL-20251211-000000-001-V2-1560,['O-20251211-000000-001-V2-4679'],O-20251211-000000-001-V2-4678,,,,['V2_POS1_TP'],092194e5-6369-46c7-b538-0ea70c8ef03b,1765411200000000000,1765411680000000000,,,,,1.17050,False,
O-20251211-001500-001-V2-4681,BACKTESTER-001,MLSignalStrategyV2-V2,EUR/USD.IDEALPRO,IDEALPRO-1-4681,EUR/USD.IDEALPRO-MLSignalStrategyV2-V2,IDEALPRO-001,IDEALPRO-1-896103,MARKET,BUY,100000.00,GTC,False,False,100000.00,TAKER,1.17047,0.0,['2.34 USD'],NO_TRIGGER,FILLED,OTO,OL-20251211-001500-001-V2-1561,"['O-20251211-001500-001-V2-4682', 'O-20251211-001500-001-V2-4683']",,,,,['V2_POS1'],2a9bbedd-ca4e-4929-a68e-c83029104b9d,1765412100000000000,1765412100000000000,,,,,,,
O-20251211-001500-001-V2-4682,BACKTESTER-001,MLSignalStrategyV2-V2,EUR/USD.IDEALPRO,IDEALPRO-1-4682,EUR/USD.IDEALPRO-MLSignalStrategyV2-V2,IDEALPRO-001,IDEALPRO-1-896157,STOP_MARKET,SELL,100000.00,GTC,True,False,100000.00,TAKER,1.16994,4.0000000000040004e-05,['2.34 USD'],NO_TRIGGER,FILLED,OUO,OL-20251211-001500-001-V2-1561,['O-20251211-001500-001-V2-4683'],O-20251211-001500-001-V2-4681,,,,['V2_POS1_SL'],661eff02-5f17-4d3c-9705-36ec51e36c68,1765412100000000000,1765412880000000000,1.16998,DEFAULT,,,,,
O-20251211-001500-001-V2-4683,BACKTESTER-001,MLSignalStrategyV2-V2,EUR/USD.IDEALPRO,IDEALPRO-1-4683,EUR/USD.IDEALPRO-MLSignalStrategyV2-V2,IDEALPRO-001,,LIMIT,SELL,100000.00,GTC,True,False,0.00,NO_LIQUIDITY_SIDE,,,,NO_TRIGGER,CANCELED,OUO,OL-20251211-001500-001-V2-1561,['O-20251211-001500-001-V2-4682'],O-20251211-001500-001-V2-4681,,,,['V2_POS1_TP'],45c84024-bb27-4ea5-a89e-bf81ccc279c5,1765412100000000000,1765412880000000000,,,,,1.17064,False,
O-20251211-144500-001-V2-4684,BACKTESTER-001,MLSignalStrategyV2-V2,EUR/USD.IDEALPRO,IDEALPRO-1-4684,EUR/USD.IDEALPRO-MLSignalStrategyV2-V2,IDEALPRO-001,IDEALPRO-1-898418,MARKET,SELL,100000.00,GTC,False,False,100000.00,TAKER,1.17434,0.0,['2.35 USD'],NO_TRIGGER,FILLED,OTO,OL-20251211-144500-001-V2-1562,"['O-20251211-144500-001-V2-4685', 'O-20251211-144500-001-V2-4686']",,,,,['V2_POS1'],24ac6dea-f3ad-4666-bfbc-34f0574bbb0f,1765464300000000000,1765464300000000000,,,,,,,
O-20251211-144500-001-V2-4685,BACKTESTER-001,MLSignalStrategyV2-V2,EUR/USD.IDEALPRO,IDEALPRO-1-4685,EUR/USD.IDEALPRO-MLSignalStrategyV2-V2,IDEALPRO-001,,STOP_MARKET,BUY,100000.00,GTC,True,False,0.00,NO_LIQUIDITY_SIDE,,,,NO_TRIGGER,CANCELED,OUO,OL-20251211-144500-001-V2-1562,['O-20251211-144500-001-V2-4686'],O-20251211-144500-001-V2-4684,,,,['V2_POS1_SL'],355f3475-9e6b-4ca3-ade1-227995b36125,1765464300000000000,1765464960000000000,1.17497,DEFAULT,,,,,
O-20251211-144500-001-V2-4686,BACKTESTER-001,MLSignalStrategyV2-V2,EUR/USD.IDEALPRO,IDEALPRO-1-4686,EUR/USD.IDEALPRO-MLSignalStrategyV2-V2,IDEALPRO-001,IDEALPRO-1-898441,LIMIT,BUY,100000.00,GTC,True,False,100000.00,MAKER,1.17366,-7.00000000000145e-05,['2.35 USD'],NO_TRIGGER,FILLED,OUO,OL-20251211-144500-001-V2-1562,['O-20251211-144500-001-V2-4685'],O-20251211-144500-001-V2-4684,,,,['V2_POS1_TP'],2e7aadf3-e0c2-4dc8-b148-5b27db9d0153,1765464300000000000,1765464960000000000,,,,,1.17373,False,
O-20251211-163000-001-V2-4687,BACKTESTER-001,MLSignalStrategyV2-V2,EUR/USD.IDEALPRO,IDEALPRO-1-4687,EUR/USD.IDEALPRO-MLSignalStrategyV2-V2,IDEALPRO-001,IDEALPRO-1-898631,MARKET,SELL,100000.00,GTC,False,False,100000.00,TAKER,1.1747,0.0,['2.35 USD'],NO_TRIGGER,FILLED,OTO,OL-20251211-163000-001-V2-1563,"['O-20251211-163000-001-V2-4688', 'O-20251211-163000-001-V2-4689']",,,,,['V2_POS1'],67a87879-e311-429b-b8f1-d20af043797a,1765470600000000000,1765470600000000000,,,,,,,
O-20251211-163000-001-V2-4688,BACKTESTER-001,MLSignalStrategyV2-V2,EUR/USD.IDEALPRO,IDEALPRO-1-4688,EUR/USD.IDEALPRO-MLSignalStrategyV2-V2,IDEALPRO-001,IDEALPRO-1-898667,STOP_MARKET,BUY,100000.00,GTC,True,False,100000.00,TAKER,1.17545,6.000000000017103e-05,['2.35 USD'],NO_TRIGGER,FILLED,OUO,OL-20251211-163000-001-V2-1563,['O-20251211-163000-001-V2-4689'],O-20251211-163000-001-V2-4687,,,,['V2_POS1_SL'],dc15be71-1276-4c18-b056-ff8b1ba8a767,1765470600000000000,1765471680000000000,1.17539,DEFAULT,,,,,
O-20251211-163000-001-V2-4689,BACKTESTER-001,MLSignalStrategyV2-V2,EUR/USD.IDEALPRO,IDEALPRO-1-4689,EUR/USD.IDEALPRO-MLSignalStrategyV2-V2,IDEALPRO-001,,LIMIT,BUY,100000.00,GTC,True,False,0.00,NO_LIQUIDITY_SIDE,,,,NO_TRIGGER,CANCELED,OUO,OL-20251211-163000-001-V2-1563,['O-20251211-163000-001-V2-4688'],O-20251211-163000-001-V2-4687,,,,['V2_POS1_TP'],edeac4cb-6cc4-4560-9b3b-482e3000a5ca,1765470600000000000,1765471680000000000,,,,,1.17401,False,
O-20251212-214500-001-V2-4690,BACKTESTER-001,MLSignalStrategyV2-V2,EUR/USD.IDEALPRO,IDEALPRO-1-4690,EUR/USD.IDEALPRO-MLSignalStrategyV2-V2,IDEALPRO-001,IDEALPRO-1-902923,MARKET,BUY,100000.00,GTC,False,False,100000.00,TAKER,1.17417,0.0,['2.35 USD'],NO_TRIGGER,FILLED,OTO,OL-20251212-214500-001-V2-1564,"['O-20251212-214500-001-V2-4691', 'O-20251212-214500-001-V2-4692']",,,,,['V2_POS1'],ae45577c-975b-4edb-bbaa-e7e68f3478e0,1765575900000000000,1765575900000000000,,,,,,,
O-20251212-214500-001-V2-4691,BACKTESTER-001,MLSignalStrategyV2-V2,EUR/USD.IDEALPRO,IDEALPRO-1-4691,EUR/USD.IDEALPRO-MLSignalStrategyV2-V2,IDEALPRO-001,IDEALPRO-1-902955,STOP_MARKET,SELL,100000.00,GTC,True,False,100000.00,TAKER,1.17364,0.00012999999999996348,['2.35 USD'],NO_TRIGGER,FILLED,OUO,OL-20251212-214500-001-V2-1564,['O-20251212-214500-001-V2-4692'],O-20251212-214500-001-V2-4690,,,,['V2_POS1_SL'],7ba1acf2-85fe-433d-ab65-3681468cd651,1765575900000000000,1765750560000000000,1.17377,DEFAULT,,,,,
O-20251212-214500-001-V2-4692,BACKTESTER-001,MLSignalStrategyV2-V2,EUR/USD.IDEALPRO,IDEALPRO-1-4692,EUR/USD.IDEALPRO-MLSignalStrategyV2-V2,IDEALPRO-001,,LIMIT,SELL,100000.00,GTC,True,False,0.00,NO_LIQUIDITY_SIDE,,,,NO_TRIGGER,CANCELED,OUO,OL-20251212-214500-001-V2-1564,['O-20251212-214500-001-V2-4691'],O-20251212-214500-001-V2-4690,,,,['V2_POS1_TP'],242b79a4-fda1-454f-8d0b-e1a3ad1fee2c,1765575900000000000,1765750560000000000,,,,,1.17457,False,
O-20251214-223000-001-V2-4693,BACKTESTER-001,MLSignalStrategyV2-V2,EUR/USD.IDEALPRO,IDEALPRO-1-4693,EUR/USD.IDEALPRO-MLSignalStrategyV2-V2,IDEALPRO-001,IDEALPRO-1-902984,MARKET,BUY,100000.00,GTC,False,False,100000.00,TAKER,1.17369,0.0,['2.35 USD'],NO_TRIGGER,FILLED,OTO,OL-20251214-223000-001-V2-1565,"['O-20251214-223000-001-V2-4694', 'O-20251214-223000-001-V2-4695']",,,,,['V2_POS1'],284cfd50-44ff-4c62-9720-529054795027,1765751400000000000,1765751400000000000,,,,,,,
O-20251214-223000-001-V2-4694,BACKTESTER-001,MLSignalStrategyV2-V2,EUR/USD.IDEALPRO,IDEALPRO-1-4694,EUR/USD.IDEALPRO-MLSignalStrategyV2-V2,IDEALPRO-001,,STOP_MARKET,SELL,100000.00,GTC,True,False,0.00,NO_LIQUIDITY_SIDE,,,,NO_TRIGGER,CANCELED,OUO,OL-20251214-223000-001-V2-1565,['O-20251214-223000-001-V2-4695'],O-20251214-223000-001-V2-4693,,,,['V2_POS1_SL'],a773ad87-e35d-4ace-bdba-c6ea625c16df,1765751400000000000,1765754820000000000,1.17331,DEFAULT,,,,,
O-20251214-223000-001-V2-4695,BACKTESTER-001,MLSignalStrategyV2-V2,EUR/USD.IDEALPRO,IDEALPRO-1-4695,EUR/USD.IDEALPRO-MLSignalStrategyV2-V2,IDEALPRO-001,IDEALPRO-1-903099,LIMIT,SELL,100000.00,GTC,True,False,100000.00,MAKER,1.17409,-2.0000000000131024e-05,['2.35 USD'],NO_TRIGGER,FILLED,OUO,OL-20251214-223000-001-V2-1565,['O-20251214-223000-001-V2-4694'],O-20251214-223000-001-V2-4693,,,,['V2_POS1_TP'],3ad26c1b-5eb6-4955-ac38-910b3b73fc8b,1765751400000000000,1765754820000000000,,,,,1.17407,False,
O-20251214-233000-001-V2-4696,BACKTESTER-001,MLSignalStrategyV2-V2,EUR/USD.IDEALPRO,IDEALPRO-1-4696,EUR/USD.IDEALPRO-MLSignalStrategyV2-V2,IDEALPRO-001,IDEALPRO-1-903106,MARKET,BUY,100000.00,GTC,False,False,100000.00,TAKER,1.17391,0.0,['2.35 USD'],NO_TRIGGER,FILLED,OTO,OL-20251214-233000-001-V2-1566,"['O-20251214-233000-001-V2-4697', 'O-20251214-233000-001-V2-4698']",,,,,['V2_POS1'],5a334d60-bf07-4ece-9b36-999bed85e56f,1765755000000000000,1765755000000000000,,,,,,,
O-20251214-233000-001-V2-4697,BACKTESTER-001,MLSignalStrategyV2-V2,EUR/USD.IDEALPRO,IDEALPRO-1-4697,EUR/USD.IDEALPRO-MLSignalStrategyV2-V2,IDEALPRO-001,IDEALPRO-1-903169,STOP_MARKET,SELL,100000.00,GTC,True,False,100000.00,TAKER,1.17358,9.999999999843467e-06,['2.35 USD'],NO_TRIGGER,FILLED,OUO,OL-20251214-233000-001-V2-1566,['O-20251214-233000-001-V2-4698'],O-20251214-233000-001-V2-4696,,,,['V2_POS1_SL'],5b644f4f-99b4-402f-8cef-73320632bec3,1765755000000000000,1765756860000000000,1.17359,DEFAULT,,,,,
O-20251214-233000-001-V2-4698,BACKTESTER-001,MLSignalStrategyV2-V2,EUR/USD.IDEALPRO,IDEALPRO-1-4698,EUR/USD.IDEALPRO-MLSignalStrategyV2-V2,IDEALPRO-001,,LIMIT,SELL,100000.00,GTC,True,False,0.00,NO_LIQUIDITY_SIDE,,,,NO_TRIGGER,CANCELED,OUO,OL-20251214-233000-001-V2-1566,['O-20251214-233000-001-V2-4697'],O-20251214-233000-001-V2-4696,,,,['V2_POS1_TP'],88a6351c-645b-49eb-9963-ef758b4f0f34,1765755000000000000,1765756860000000000,,,,,1.17421,False,
O-20251215-234500-001-V2-4699,BACKTESTER-001,MLSignalStrategyV2-V2,EUR/USD.IDEALPRO,IDEALPRO-1-4699,EUR/USD.IDEALPRO-MLSignalStrategyV2-V2,IDEALPRO-001,IDEALPRO-1-903948,MARKET,SELL,100000.00,GTC,False,False,100000.00,TAKER,1.1754,0.0,['2.35 USD'],NO_TRIGGER,FILLED,OTO,OL-20251215-234500-001-V2-1567,"['O-20251215-234500-001-V2-4700', 'O-20251215-234500-001-V2-4701']",,,,,['V2_POS1'],62d1eea5-c292-4b05-8536-938073dcc986,1765842300000000000,1765842300000000000,,,,,,,
O-20251215-234500-001-V2-4700,BACKTESTER-001,MLSignalStrategyV2-V2,EUR/USD.IDEALPRO,IDEALPRO-1-4700,EUR/USD.IDEALPRO-MLSignalStrategyV2-V2,IDEALPRO-001,IDEALPRO-1-903991,STOP_MARKET,BUY,100000.00,GTC,True,False,100000.00,TAKER,1.1757,1.0000000000065512e-05,['2.35 USD'],NO_TRIGGER,FILLED,OUO,OL-20251215-234500-001-V2-1567,['O-20251215-234500-001-V2-4701'],O-20251215-234500-001-V2-4699,,,,['V2_POS1_SL'],86922c3c-7401-4466-abae-68a94d5efae5,1765842300000000000,1765843560000000000,1.17569,DEFAULT,,,,,
O-20251215-234500-001-V2-4701,BACKTESTER-001,MLSignalStrategyV2-V2,EUR/USD.IDEALPRO,IDEALPRO-1-4701,EUR/USD.IDEALPRO-MLSignalStrategyV2-V2,IDEALPRO-001,,LIMIT,BUY,100000.00,GTC,True,False,0.00,NO_LIQUIDITY_SIDE,,,,NO_TRIGGER,CANCELED,OUO,OL-20251215-234500-001-V2-1567,['O-20251215-234500-001-V2-4700'],O-20251215-234500-001-V2-4699,,,,['V2_POS1_TP'],98f30009-37ae-4269-aa9e-6b751cffaf59,1765842300000000000,1765843560000000000,,,,,1.17511,False,
O-20251216-020000-001-V2-4702,BACKTESTER-001,MLSignalStrategyV2-V2,EUR/USD.IDEALPRO,IDEALPRO-1-4702,EUR/USD.IDEALPRO-MLSignalStrategyV2-V2,IDEALPRO-001,IDEALPRO-1-904220,MARKET,BUY,100000.00,GTC,False,False,100000.00,TAKER,1.17519,0.0,['2.35 USD'],NO_TRIGGER,FILLED,OTO,OL-20251216-020000-001-V2-1568,"['O-20251216-020000-001-V2-4703', 'O-20251216-020000-001-V2-4704']",,,,,['V2_POS1'],ee1aeb5b-42d6-4d39-af37-ca26f11408a6,1765850400000000000,1765850400000000000,,,,,,,
O-20251216-020000-001-V2-4703,BACKTESTER-001,MLSignalStrategyV2-V2,EUR/USD.IDEALPRO,IDEALPRO-1-4703,EUR/USD.IDEALPRO-MLSignalStrategyV2-V2,IDEALPRO-001,,STOP_MARKET,SELL,100000.00,GTC,True,False,0.00,NO_LIQUIDITY_SIDE,,,,NO_TRIGGER,CANCELED,OUO,OL-20251216-020000-001-V2-1568,['O-20251216-020000-001-V2-4704'],O-20251216-020000-001-V2-4702,,,,['V2_POS1_SL'],764309ba-c748-46d8-a6b5-d5a5d1af4dcd,1765850400000000000,1765852200000000000,1.17485,DEFAULT,,,,,
O-20251216-020000-001-V2-4704,BACKTESTER-001,MLSignalStrategyV2-V2,EUR/USD.IDEALPRO,IDEALPRO-1-4704,EUR/USD.IDEALPRO-MLSignalStrategyV2-V2,IDEALPRO-001,IDEALPRO-1-904281,LIMIT,SELL,100000.00,GTC,True,False,100000.00,MAKER,1.17555,-2.0000000000131024e-05,['2.35 USD'],NO_TRIGGER,FILLED,OUO,OL-20251216-020000-001-V2-1568,['O-20251216-020000-001-V2-4703'],O-20251216-020000-001-V2-4702,,,,['V2_POS1_TP'],264b5a97-84ed-42b3-97d0-0ef16a020ee3,1765850400000000000,1765852200000000000,,,,,1.17553,False,
O-20251216-134500-001-V2-4705,BACKTESTER-001,MLSignalStrategyV2-V2,EUR/USD.IDEALPRO,IDEALPRO-1-4705,EUR/USD.IDEALPRO-MLSignalStrategyV2-V2,IDEALPRO-001,IDEALPRO-1-905632,MARKET,SELL,100000.00,GTC,False,False,100000.00,TAKER,1.17637,0.0,['2.35 USD'],NO_TRIGGER,FILLED,OTO,OL-20251216-134500-001-V2-1569,"['O-20251216-134500-001-V2-4706', 'O-20251216-134500-001-V2-4707']",,,,,['V2_POS1'],eeb8a3cd-a06c-4c14-8b9d-674723a3cb2d,1765892700000000000,1765892700000000000,,,,,,,
O-20251216-134500-001-V2-4706,BACKTESTER-001,MLSignalStrategyV2-V2,EUR/USD.IDEALPRO,IDEALPRO-1-4706,EUR/USD.IDEALPRO-MLSignalStrategyV2-V2,IDEALPRO-001,,STOP_MARKET,BUY,100000.00,GTC,True,False,0.00,NO_LIQUIDITY_SIDE,,,,NO_TRIGGER,CANCELED,OUO,OL-20251216-134500-001-V2-1569,['O-20251216-134500-001-V2-4707'],O-20251216-134500-001-V2-4705,,,,['V2_POS1_SL'],f9cc9077-ff86-44d6-ab8e-16057037178f,1765892700000000000,1765892940000000000,1.17703,DEFAULT,,,,,
O-20251216-134500-001-V2-4707,BACKTESTER-001,MLSignalStrategyV2-V2,EUR/USD.IDEALPRO,IDEALPRO-1-4707,EUR/USD.IDEALPRO-MLSignalStrategyV2-V2,IDEALPRO-001,IDEALPRO-1-905641,LIMIT,BUY,100000.00,GTC,True,False,100000.00,MAKER,1.17569,-2.0000000000131024e-05,['2.35 USD'],NO_TRIGGER,FILLED,OUO,OL-20251216-134500-001-V2-1569,['O-20251216-134500-001-V2-4706'],O-20251216-134500-001-V2-4705,,,,['V2_POS1_TP'],6852da16-2f75-4873-b463-5c37347c1170,1765892700000000000,1765892940000000000,,,,,1.17571,False,
O-20251216-173000-001-V2-4708,BACKTESTER-001,MLSignalStrategyV2-V2,EUR/USD.IDEALPRO,IDEALPRO-1-4708,EUR/USD.IDEALPRO-MLSignalStrategyV2-V2,IDEALPRO-001,IDEALPRO-1-906084,MARKET,SELL,100000.00,GTC,False,False,100000.00,TAKER,1.17736,0.0,['2.35 USD'],NO_TRIGGER,FILLED,OTO,OL-20251216-173000-001-V2-1570,"['O-20251216-173000-001-V2-4709', 'O-20251216-173000-001-V2-4710']",,,,,['V2_POS1'],a72524db-d1ee-4270-a089-3ad6aaabf25e,1765906200000000000,1765906200000000000,,,,,,,
O-20251216-173000-001-V2-4709,BACKTESTER-001,MLSignalStrategyV2-V2,EUR/USD.IDEALPRO,IDEALPRO-1-4709,EUR/USD.IDEALPRO-MLSignalStrategyV2-V2,IDEALPRO-001,,STOP_MARKET,BUY,100000.00,GTC,True,False,0.00,NO_LIQUIDITY_SIDE,,,,NO_TRIGGER,CANCELED,OUO,OL-20251216-173000-001-V2-1570,['O-20251216-173000-001-V2-4710'],O-20251216-173000-001-V2-4708,,,,['V2_POS1_SL'],3d7c9775-d124-40f0-8285-3cecfd48e46d,1765906200000000000,1765907760000000000,1.17811,DEFAULT,,,,,
O-20251216-173000-001-V2-4710,BACKTESTER-001,MLSignalStrategyV2-V2,EUR/USD.IDEALPRO,IDEALPRO-1-4710,EUR/USD.IDEALPRO-MLSignalStrategyV2-V2,IDEALPRO-001,IDEALPRO-1-906137,LIMIT,BUY,100000.00,GTC,True,False,100000.00,MAKER,1.1766,-9.999999999843467e-06,['2.35 USD'],NO_TRIGGER,FILLED,OUO,OL-20251216-173000-001-V2-1570,['O-20251216-173000-001-V2-4709'],O-20251216-173000-001-V2-4708,,,,['V2_POS1_TP'],d9913b3a-1605-4725-8057-07a528cfc1c7,1765906200000000000,1765907760000000000,,,,,1.17661,False,
O-20251216-210000-001-V2-4711,BACKTESTER-001,MLSignalStrategyV2-V2,EUR/USD.IDEALPRO,IDEALPRO-1-4711,EUR/USD.IDEALPRO-MLSignalStrategyV2-V2,IDEALPRO-001,IDEALPRO-1-906506,MARKET,BUY,100000.00,GTC,False,False,100000.00,TAKER,1.17477,0.0,['2.35 USD'],NO_TRIGGER,FILLED,OTO,OL-20251216-210000-001-V2-1571,"['O-20251216-210000-001-V2-4712', 'O-20251216-210000-001-V2-4713']",,,,,['V2_POS1'],11bc803b-4415-4520-9065-67a5c3298524,1765918800000000000,1765918800000000000,,,,,,,
O-20251216-210000-001-V2-4712,BACKTESTER-001,MLSignalStrategyV2-V2,EUR/USD.IDEALPRO,IDEALPRO-1-4712,EUR/USD.IDEALPRO-MLSignalStrategyV2-V2,IDEALPRO-001,,STOP_MARKET,SELL,100000.00,GTC,True,False,0.00,NO_LIQUIDITY_SIDE,,,,NO_TRIGGER,ACCEPTED,OUO,OL-20251216-210000-001-V2-1571,['O-20251216-210000-001-V2-4713'],O-20251216-210000-001-V2-4711,,,,['V2_POS1_SL'],99981f75-76cc-48e3-a486-7ee010f84e8c,1765918800000000000,1765918800000000000,1.17411,DEFAULT,,,,,
O-20251216-210000-001-V2-4713,BACKTESTER-001,MLSignalStrategyV2-V2,EUR/USD.IDEALPRO,IDEALPRO-1-4713,EUR/USD.IDEALPRO-MLSignalStrategyV2-V2,IDEALPRO-001,,LIMIT,SELL,100000.00,GTC,True,False,0.00,NO_LIQUIDITY_SIDE,,,,NO_TRIGGER,ACCEPTED,OUO,OL-20251216-210000-001-V2-1571,['O-20251216-210000-001-V2-4712'],O-20251216-210000-001-V2-4711,,,,['V2_POS1_TP'],328be150-bb84-4aed-a3ed-33dfaeb91cf0,1765918800000000000,1765918800000000000,,,,,1.17543,False,
