trader_id,strategy_id,instrument_id,venue_order_id,account_id,trade_id,position_id,order_side,order_type,last_qty,last_px,currency,commission,liquidity_side,event_id,ts_event,ts_init,info,reconciliation
BACKTESTER-001,MovingAverageCrossover-MA_CROSS,EUR/USD.IDEALPRO,IDEALPRO-1-001,IDEALPRO-001,IDEALPRO-1-841,EUR/USD.IDEALPRO-MovingAverageCrossover-MA_CROSS,SELL,MARKET,0.01,1.03134,USD,0.00 USD,TAKER,fd5b9ede-f166-4789-9c09-c14836a91fd7,2025-01-02 14:00:00+00:00,2025-01-02 14:00:00+00:00,{},False
BACKTESTER-001,MovingAverageCrossover-MA_CROSS,EUR/USD.IDEALPRO,IDEALPRO-1-001,IDEALPRO-001,IDEALPRO-1-842,EUR/USD.IDEALPRO-MovingAverageCrossover-MA_CROSS,SELL,MARKET,99999.99,1.03133,USD,2.06 USD,TAKER,6728b37e-7597-4802-975a-cde34137ba05,2025-01-02 14:00:00+00:00,2025-01-02 14:00:00+00:00,{},False
BACKTESTER-001,MovingAverageCrossover-MA_CROSS,EUR/USD.IDEALPRO,IDEALPRO-1-002,IDEALPRO-001,IDEALPRO-1-876,EUR/USD.IDEALPRO-MovingAverageCrossover-MA_CROSS,BUY,STOP_MARKET,0.01,1.03234,USD,0.00 USD,TAKER,ede28264-ee6e-4850-abc2-828f5ad6ff60,2025-01-02 14:33:00+00:00,2025-01-02 14:33:00+00:00,{},False
BACKTESTER-001,MovingAverageCrossover-MA_CROSS,EUR/USD.IDEALPRO,IDEALPRO-1-002,IDEALPRO-001,IDEALPRO-1-877,EUR/USD.IDEALPRO-MovingAverageCrossover-MA_CROSS,BUY,STOP_MARKET,99999.99,1.03235,USD,2.06 USD,TAKER,5a1790e5-5d8e-4ebe-ae9b-f1e6ece3de53,2025-01-02 14:33:00+00:00,2025-01-02 14:33:00+00:00,{},False
BACKTESTER-001,MovingAverageCrossover-MA_CROSS,EUR/USD.IDEALPRO,IDEALPRO-1-004,IDEALPRO-001,IDEALPRO-1-3035,EUR/USD.IDEALPRO-MovingAverageCrossover-MA_CROSS,BUY,MARKET,0.01,1.03161,USD,0.00 USD,TAKER,8e964182-6ecf-4974-9c12-15e75b749ea0,2025-01-06 03:00:00+00:00,2025-01-06 03:00:00+00:00,{},False
BACKTESTER-001,MovingAverageCrossover-MA_CROSS,EUR/USD.IDEALPRO,IDEALPRO-1-004,IDEALPRO-001,IDEALPRO-1-3036,EUR/USD.IDEALPRO-MovingAverageCrossover-MA_CROSS,BUY,MARKET,99999.99,1.03162,USD,2.06 USD,TAKER,dc9d2dd0-d38b-44ef-b397-ce1fa3fa3e0d,2025-01-06 03:00:00+00:00,2025-01-06 03:00:00+00:00,{},False
BACKTESTER-001,MovingAverageCrossover-MA_CROSS,EUR/USD.IDEALPRO,IDEALPRO-1-006,IDEALPRO-001,IDEALPRO-1-3402,EUR/USD.IDEALPRO-MovingAverageCrossover-MA_CROSS,SELL,LIMIT,0.01,1.03561,USD,0.00 USD,MAKER,f2c04de6-2269-4aff-8269-25ce5d01b7f1,2025-01-06 09:05:00+00:00,2025-01-06 09:05:00+00:00,{},False
BACKTESTER-001,MovingAverageCrossover-MA_CROSS,EUR/USD.IDEALPRO,IDEALPRO-1-006,IDEALPRO-001,IDEALPRO-1-3403,EUR/USD.IDEALPRO-MovingAverageCrossover-MA_CROSS,SELL,LIMIT,99999.99,1.03561,USD,2.07 USD,MAKER,cd71bb3c-c777-45d2-81ff-c363b8ea7ef5,2025-01-06 09:05:00+00:00,2025-01-06 09:05:00+00:00,{},False
BACKTESTER-001,MovingAverageCrossover-MA_CROSS,EUR/USD.IDEALPRO,IDEALPRO-1-007,IDEALPRO-001,IDEALPRO-1-5934,EUR/USD.IDEALPRO-MovingAverageCrossover-MA_CROSS,SELL,MARKET,0.01,1.03469,USD,0.00 USD,TAKER,90d4b7a9-de87-4b03-84fc-0663a849538a,2025-01-08 03:45:00+00:00,2025-01-08 03:45:00+00:00,{},False
BACKTESTER-001,MovingAverageCrossover-MA_CROSS,EUR/USD.IDEALPRO,IDEALPRO-1-007,IDEALPRO-001,IDEALPRO-1-5935,EUR/USD.IDEALPRO-MovingAverageCrossover-MA_CROSS,SELL,MARKET,99999.99,1.03468,USD,2.07 USD,TAKER,955d8671-0794-4a85-ac44-d1c1c53fc904,2025-01-08 03:45:00+00:00,2025-01-08 03:45:00+00:00,{},False
BACKTESTER-001,MovingAverageCrossover-MA_CROSS,EUR/USD.IDEALPRO,IDEALPRO-1-008,IDEALPRO-001,IDEALPRO-1-6076,EUR/USD.IDEALPRO-MovingAverageCrossover-MA_CROSS,BUY,STOP_MARKET,0.01,1.03569,USD,0.00 USD,TAKER,0616033a-e06a-42a9-b3a1-7923e37c6b19,2025-01-08 06:05:00+00:00,2025-01-08 06:05:00+00:00,{},False
BACKTESTER-001,MovingAverageCrossover-MA_CROSS,EUR/USD.IDEALPRO,IDEALPRO-1-008,IDEALPRO-001,IDEALPRO-1-6077,EUR/USD.IDEALPRO-MovingAverageCrossover-MA_CROSS,BUY,STOP_MARKET,99999.99,1.03570,USD,2.07 USD,TAKER,770339de-58c1-4d16-bd63-0a5a747154fc,2025-01-08 06:05:00+00:00,2025-01-08 06:05:00+00:00,{},False
BACKTESTER-001,MovingAverageCrossover-MA_CROSS,EUR/USD.IDEALPRO,IDEALPRO-1-010,IDEALPRO-001,IDEALPRO-1-12238,EUR/USD.IDEALPRO-MovingAverageCrossover-MA_CROSS,BUY,MARKET,0.01,1.02534,USD,0.00 USD,TAKER,d533d336-ecc9-4827-86a5-2be0dd2851e8,2025-01-14 13:45:00+00:00,2025-01-14 13:45:00+00:00,{},False
BACKTESTER-001,MovingAverageCrossover-MA_CROSS,EUR/USD.IDEALPRO,IDEALPRO-1-010,IDEALPRO-001,IDEALPRO-1-12239,EUR/USD.IDEALPRO-MovingAverageCrossover-MA_CROSS,BUY,MARKET,99999.99,1.02535,USD,2.05 USD,TAKER,85675895-1832-4116-acd3-d769cba63980,2025-01-14 13:45:00+00:00,2025-01-14 13:45:00+00:00,{},False
BACKTESTER-001,MovingAverageCrossover-MA_CROSS,EUR/USD.IDEALPRO,IDEALPRO-1-012,IDEALPRO-001,IDEALPRO-1-12371,EUR/USD.IDEALPRO-MovingAverageCrossover-MA_CROSS,SELL,LIMIT,0.01,1.02934,USD,0.00 USD,MAKER,d028775e-3131-4b63-9bf8-56ca84a04e5d,2025-01-14 15:56:00+00:00,2025-01-14 15:56:00+00:00,{},False
BACKTESTER-001,MovingAverageCrossover-MA_CROSS,EUR/USD.IDEALPRO,IDEALPRO-1-012,IDEALPRO-001,IDEALPRO-1-12372,EUR/USD.IDEALPRO-MovingAverageCrossover-MA_CROSS,SELL,LIMIT,99999.99,1.02934,USD,2.06 USD,MAKER,438ee156-3299-46fa-b828-8e6789a40de6,2025-01-14 15:56:00+00:00,2025-01-14 15:56:00+00:00,{},False
BACKTESTER-001,MovingAverageCrossover-MA_CROSS,EUR/USD.IDEALPRO,IDEALPRO-1-013,IDEALPRO-001,IDEALPRO-1-16457,EUR/USD.IDEALPRO-MovingAverageCrossover-MA_CROSS,SELL,MARKET,0.01,1.02957,USD,0.00 USD,TAKER,236e827e-46ae-4ccf-9b1a-e16c57692498,2025-01-17 12:45:00+00:00,2025-01-17 12:45:00+00:00,{},False
BACKTESTER-001,MovingAverageCrossover-MA_CROSS,EUR/USD.IDEALPRO,IDEALPRO-1-013,IDEALPRO-001,IDEALPRO-1-16458,EUR/USD.IDEALPRO-MovingAverageCrossover-MA_CROSS,SELL,MARKET,99999.99,1.02956,USD,2.06 USD,TAKER,f0841550-3572-4a7b-a60b-66eb02faec72,2025-01-17 12:45:00+00:00,2025-01-17 12:45:00+00:00,{},False
BACKTESTER-001,MovingAverageCrossover-MA_CROSS,EUR/USD.IDEALPRO,IDEALPRO-1-014,IDEALPRO-001,IDEALPRO-1-16596,EUR/USD.IDEALPRO-MovingAverageCrossover-MA_CROSS,BUY,STOP_MARKET,0.01,1.03057,USD,0.00 USD,TAKER,cfb6d282-7bfc-4be8-b44c-d46de585c739,2025-01-17 15:02:00+00:00,2025-01-17 15:02:00+00:00,{},False
BACKTESTER-001,MovingAverageCrossover-MA_CROSS,EUR/USD.IDEALPRO,IDEALPRO-1-014,IDEALPRO-001,IDEALPRO-1-16597,EUR/USD.IDEALPRO-MovingAverageCrossover-MA_CROSS,BUY,STOP_MARKET,99999.99,1.03058,USD,2.06 USD,TAKER,10d1238a-fb13-425b-b964-7c2c067df099,2025-01-17 15:02:00+00:00,2025-01-17 15:02:00+00:00,{},False
BACKTESTER-001,MovingAverageCrossover-MA_CROSS,EUR/USD.IDEALPRO,IDEALPRO-1-016,IDEALPRO-001,IDEALPRO-1-17676,EUR/USD.IDEALPRO-MovingAverageCrossover-MA_CROSS,BUY,MARKET,0.01,1.03136,USD,0.00 USD,TAKER,4534cbf1-744d-44d4-90f5-7b55b837c6cd,2025-01-20 09:15:00+00:00,2025-01-20 09:15:00+00:00,{},False
BACKTESTER-001,MovingAverageCrossover-MA_CROSS,EUR/USD.IDEALPRO,IDEALPRO-1-016,IDEALPRO-001,IDEALPRO-1-17677,EUR/USD.IDEALPRO-MovingAverageCrossover-MA_CROSS,BUY,MARKET,99999.99,1.03137,USD,2.06 USD,TAKER,27ad197e-01ca-438b-83c5-15430c051a87,2025-01-20 09:15:00+00:00,2025-01-20 09:15:00+00:00,{},False
BACKTESTER-001,MovingAverageCrossover-MA_CROSS,EUR/USD.IDEALPRO,IDEALPRO-1-018,IDEALPRO-001,IDEALPRO-1-17935,EUR/USD.IDEALPRO-MovingAverageCrossover-MA_CROSS,SELL,LIMIT,0.01,1.03536,USD,0.00 USD,MAKER,6755659d-19b3-4db2-9c83-ae014e09026c,2025-01-20 13:32:00+00:00,2025-01-20 13:32:00+00:00,{},False
BACKTESTER-001,MovingAverageCrossover-MA_CROSS,EUR/USD.IDEALPRO,IDEALPRO-1-018,IDEALPRO-001,IDEALPRO-1-17936,EUR/USD.IDEALPRO-MovingAverageCrossover-MA_CROSS,SELL,LIMIT,99999.99,1.03536,USD,2.07 USD,MAKER,a304a00e-a896-4824-9e56-ed66e571ef21,2025-01-20 13:32:00+00:00,2025-01-20 13:32:00+00:00,{},False
BACKTESTER-001,MovingAverageCrossover-MA_CROSS,EUR/USD.IDEALPRO,IDEALPRO-1-019,IDEALPRO-001,IDEALPRO-1-22315,EUR/USD.IDEALPRO-MovingAverageCrossover-MA_CROSS,SELL,MARKET,0.01,1.04012,USD,0.00 USD,TAKER,eb0dc7e3-c5e0-4a4e-bfb9-b48f594b5745,2025-01-23 15:15:00+00:00,2025-01-23 15:15:00+00:00,{},False
BACKTESTER-001,MovingAverageCrossover-MA_CROSS,EUR/USD.IDEALPRO,IDEALPRO-1-019,IDEALPRO-001,IDEALPRO-1-22316,EUR/USD.IDEALPRO-MovingAverageCrossover-MA_CROSS,SELL,MARKET,99999.99,1.04011,USD,2.08 USD,TAKER,ea2c589a-765e-4c86-b731-684c3668bcf8,2025-01-23 15:15:00+00:00,2025-01-23 15:15:00+00:00,{},False
BACKTESTER-001,MovingAverageCrossover-MA_CROSS,EUR/USD.IDEALPRO,IDEALPRO-1-020,IDEALPRO-001,IDEALPRO-1-22384,EUR/USD.IDEALPRO-MovingAverageCrossover-MA_CROSS,BUY,STOP_MARKET,0.01,1.04112,USD,0.00 USD,TAKER,383509b6-42df-445e-925e-1fad1a5808c2,2025-01-23 16:22:00+00:00,2025-01-23 16:22:00+00:00,{},False
BACKTESTER-001,MovingAverageCrossover-MA_CROSS,EUR/USD.IDEALPRO,IDEALPRO-1-020,IDEALPRO-001,IDEALPRO-1-22385,EUR/USD.IDEALPRO-MovingAverageCrossover-MA_CROSS,BUY,STOP_MARKET,99999.99,1.04113,USD,2.08 USD,TAKER,3b9658be-9cdd-452c-976c-dbdff2f8efc8,2025-01-23 16:22:00+00:00,2025-01-23 16:22:00+00:00,{},False
BACKTESTER-001,MovingAverageCrossover-MA_CROSS,EUR/USD.IDEALPRO,IDEALPRO-1-022,IDEALPRO-001,IDEALPRO-1-22484,EUR/USD.IDEALPRO-MovingAverageCrossover-MA_CROSS,BUY,MARKET,0.01,1.04354,USD,0.00 USD,TAKER,d0fee502-7b9f-46db-9b03-13ab8a90a088,2025-01-23 18:00:00+00:00,2025-01-23 18:00:00+00:00,{},False
BACKTESTER-001,MovingAverageCrossover-MA_CROSS,EUR/USD.IDEALPRO,IDEALPRO-1-022,IDEALPRO-001,IDEALPRO-1-22485,EUR/USD.IDEALPRO-MovingAverageCrossover-MA_CROSS,BUY,MARKET,99999.99,1.04355,USD,2.09 USD,TAKER,4a7289bb-1841-47b7-b3e4-9060e980ce80,2025-01-23 18:00:00+00:00,2025-01-23 18:00:00+00:00,{},False
BACKTESTER-001,MovingAverageCrossover-MA_CROSS,EUR/USD.IDEALPRO,IDEALPRO-1-023,IDEALPRO-001,IDEALPRO-1-22519,EUR/USD.IDEALPRO-MovingAverageCrossover-MA_CROSS,SELL,STOP_MARKET,0.01,1.04254,USD,0.00 USD,TAKER,b6501599-0b02-4672-a433-7dcd20b6e357,2025-01-23 18:33:00+00:00,2025-01-23 18:33:00+00:00,{},False
BACKTESTER-001,MovingAverageCrossover-MA_CROSS,EUR/USD.IDEALPRO,IDEALPRO-1-023,IDEALPRO-001,IDEALPRO-1-22520,EUR/USD.IDEALPRO-MovingAverageCrossover-MA_CROSS,SELL,STOP_MARKET,99999.99,1.04253,USD,2.09 USD,TAKER,f9c812e4-36dc-423a-acc3-ceaf38545e76,2025-01-23 18:33:00+00:00,2025-01-23 18:33:00+00:00,{},False
BACKTESTER-001,MovingAverageCrossover-MA_CROSS,EUR/USD.IDEALPRO,IDEALPRO-1-025,IDEALPRO-001,IDEALPRO-1-26148,EUR/USD.IDEALPRO-MovingAverageCrossover-MA_CROSS,SELL,MARKET,0.01,1.04315,USD,0.00 USD,TAKER,157c3d09-73d0-47f2-9edf-18017b76180e,2025-01-28 07:45:00+00:00,2025-01-28 07:45:00+00:00,{},False
BACKTESTER-001,MovingAverageCrossover-MA_CROSS,EUR/USD.IDEALPRO,IDEALPRO-1-025,IDEALPRO-001,IDEALPRO-1-26149,EUR/USD.IDEALPRO-MovingAverageCrossover-MA_CROSS,SELL,MARKET,99999.99,1.04314,USD,2.09 USD,TAKER,9020b6c8-788e-4c81-85b7-cb8736e4b93e,2025-01-28 07:45:00+00:00,2025-01-28 07:45:00+00:00,{},False
BACKTESTER-001,MovingAverageCrossover-MA_CROSS,EUR/USD.IDEALPRO,IDEALPRO-1-026,IDEALPRO-001,IDEALPRO-1-26255,EUR/USD.IDEALPRO-MovingAverageCrossover-MA_CROSS,BUY,STOP_MARKET,0.01,1.04415,USD,0.00 USD,TAKER,26778f25-8d36-45d3-99c5-b6653d9e801f,2025-01-28 09:30:00+00:00,2025-01-28 09:30:00+00:00,{},False
BACKTESTER-001,MovingAverageCrossover-MA_CROSS,EUR/USD.IDEALPRO,IDEALPRO-1-026,IDEALPRO-001,IDEALPRO-1-26256,EUR/USD.IDEALPRO-MovingAverageCrossover-MA_CROSS,BUY,STOP_MARKET,99999.99,1.04416,USD,2.09 USD,TAKER,da387576-768d-4aca-a9ae-fb1e5bc8cd43,2025-01-28 09:30:00+00:00,2025-01-28 09:30:00+00:00,{},False
BACKTESTER-001,MovingAverageCrossover-MA_CROSS,EUR/USD.IDEALPRO,IDEALPRO-1-028,IDEALPRO-001,IDEALPRO-1-33757,EUR/USD.IDEALPRO-MovingAverageCrossover-MA_CROSS,BUY,MARKET,0.01,1.03794,USD,0.00 USD,TAKER,6c65153a-7ae2-4354-a643-d5080ecd9540,2025-02-04 15:45:00+00:00,2025-02-04 15:45:00+00:00,{},False
BACKTESTER-001,MovingAverageCrossover-MA_CROSS,EUR/USD.IDEALPRO,IDEALPRO-1-028,IDEALPRO-001,IDEALPRO-1-33758,EUR/USD.IDEALPRO-MovingAverageCrossover-MA_CROSS,BUY,MARKET,99999.99,1.03795,USD,2.08 USD,TAKER,a6144183-b7a2-46dc-9225-3c1d647e06bd,2025-02-04 15:45:00+00:00,2025-02-04 15:45:00+00:00,{},False
BACKTESTER-001,MovingAverageCrossover-MA_CROSS,EUR/USD.IDEALPRO,IDEALPRO-1-029,IDEALPRO-001,IDEALPRO-1-33851,EUR/USD.IDEALPRO-MovingAverageCrossover-MA_CROSS,SELL,STOP_MARKET,0.01,1.03694,USD,0.00 USD,TAKER,f56fdfe0-ea3d-4361-8dc4-9b403cb73a66,2025-02-04 17:17:00+00:00,2025-02-04 17:17:00+00:00,{},False
BACKTESTER-001,MovingAverageCrossover-MA_CROSS,EUR/USD.IDEALPRO,IDEALPRO-1-029,IDEALPRO-001,IDEALPRO-1-33852,EUR/USD.IDEALPRO-MovingAverageCrossover-MA_CROSS,SELL,STOP_MARKET,99999.99,1.03693,USD,2.07 USD,TAKER,75bd64d2-ee4e-4f75-950a-b3d47e4613e2,2025-02-04 17:17:00+00:00,2025-02-04 17:17:00+00:00,{},False
BACKTESTER-001,MovingAverageCrossover-MA_CROSS,EUR/USD.IDEALPRO,IDEALPRO-1-031,IDEALPRO-001,IDEALPRO-1-36611,EUR/USD.IDEALPRO-MovingAverageCrossover-MA_CROSS,SELL,MARKET,0.01,1.03665,USD,0.00 USD,TAKER,4f7b7e4d-0cfa-4ca8-9649-19f2883d7652,2025-02-06 15:45:00+00:00,2025-02-06 15:45:00+00:00,{},False
BACKTESTER-001,MovingAverageCrossover-MA_CROSS,EUR/USD.IDEALPRO,IDEALPRO-1-031,IDEALPRO-001,IDEALPRO-1-36612,EUR/USD.IDEALPRO-MovingAverageCrossover-MA_CROSS,SELL,MARKET,99999.99,1.03664,USD,2.07 USD,TAKER,712cc741-4dad-48ec-9d72-e5229d38c2fe,2025-02-06 15:45:00+00:00,2025-02-06 15:45:00+00:00,{},False
BACKTESTER-001,MovingAverageCrossover-MA_CROSS,EUR/USD.IDEALPRO,IDEALPRO-1-032,IDEALPRO-001,IDEALPRO-1-36660,EUR/USD.IDEALPRO-MovingAverageCrossover-MA_CROSS,BUY,STOP_MARKET,0.01,1.03765,USD,0.00 USD,TAKER,474cb552-3218-43c8-8482-160d6202fe61,2025-02-06 16:32:00+00:00,2025-02-06 16:32:00+00:00,{},False
BACKTESTER-001,MovingAverageCrossover-MA_CROSS,EUR/USD.IDEALPRO,IDEALPRO-1-032,IDEALPRO-001,IDEALPRO-1-36661,EUR/USD.IDEALPRO-MovingAverageCrossover-MA_CROSS,BUY,STOP_MARKET,99999.99,1.03766,USD,2.08 USD,TAKER,bfe120e7-50e7-4830-9389-34a7e0891f80,2025-02-06 16:32:00+00:00,2025-02-06 16:32:00+00:00,{},False
BACKTESTER-001,MovingAverageCrossover-MA_CROSS,EUR/USD.IDEALPRO,IDEALPRO-1-034,IDEALPRO-001,IDEALPRO-1-37110,EUR/USD.IDEALPRO-MovingAverageCrossover-MA_CROSS,BUY,MARKET,0.01,1.03876,USD,0.00 USD,TAKER,a00d5b5a-7a6b-49ce-81fb-fe89c07895b4,2025-02-07 00:15:00+00:00,2025-02-07 00:15:00+00:00,{},False
BACKTESTER-001,MovingAverageCrossover-MA_CROSS,EUR/USD.IDEALPRO,IDEALPRO-1-034,IDEALPRO-001,IDEALPRO-1-37111,EUR/USD.IDEALPRO-MovingAverageCrossover-MA_CROSS,BUY,MARKET,99999.99,1.03877,USD,2.08 USD,TAKER,67b8174e-f4c0-4226-aca2-3dfd5b647585,2025-02-07 00:15:00+00:00,2025-02-07 00:15:00+00:00,{},False
BACKTESTER-001,MovingAverageCrossover-MA_CROSS,EUR/USD.IDEALPRO,IDEALPRO-1-035,IDEALPRO-001,IDEALPRO-1-37157,EUR/USD.IDEALPRO-MovingAverageCrossover-MA_CROSS,SELL,STOP_MARKET,0.01,1.03776,USD,0.00 USD,TAKER,50efc010-0231-4d50-9ac5-289a336b3ab4,2025-02-07 01:00:00+00:00,2025-02-07 01:00:00+00:00,{},False
BACKTESTER-001,MovingAverageCrossover-MA_CROSS,EUR/USD.IDEALPRO,IDEALPRO-1-035,IDEALPRO-001,IDEALPRO-1-37158,EUR/USD.IDEALPRO-MovingAverageCrossover-MA_CROSS,SELL,STOP_MARKET,99999.99,1.03775,USD,2.08 USD,TAKER,26027077-9039-415d-8315-64d72647ca8a,2025-02-07 01:00:00+00:00,2025-02-07 01:00:00+00:00,{},False
BACKTESTER-001,MovingAverageCrossover-MA_CROSS,EUR/USD.IDEALPRO,IDEALPRO-1-037,IDEALPRO-001,IDEALPRO-1-37429,EUR/USD.IDEALPRO-MovingAverageCrossover-MA_CROSS,SELL,MARKET,0.01,1.03786,USD,0.00 USD,TAKER,f87acedc-4f5b-4d3e-a151-db8fbfbe70fd,2025-02-07 05:30:00+00:00,2025-02-07 05:30:00+00:00,{},False
BACKTESTER-001,MovingAverageCrossover-MA_CROSS,EUR/USD.IDEALPRO,IDEALPRO-1-037,IDEALPRO-001,IDEALPRO-1-37430,EUR/USD.IDEALPRO-MovingAverageCrossover-MA_CROSS,SELL,MARKET,99999.99,1.03785,USD,2.08 USD,TAKER,dfd90065-e4f2-4d2d-9087-535ec9aa007f,2025-02-07 05:30:00+00:00,2025-02-07 05:30:00+00:00,{},False
BACKTESTER-001,MovingAverageCrossover-MA_CROSS,EUR/USD.IDEALPRO,IDEALPRO-1-038,IDEALPRO-001,IDEALPRO-1-37576,EUR/USD.IDEALPRO-MovingAverageCrossover-MA_CROSS,BUY,STOP_MARKET,0.01,1.03886,USD,0.00 USD,TAKER,845181c8-5ca4-4e8b-a45e-bb24a60c753d,2025-02-07 07:55:00+00:00,2025-02-07 07:55:00+00:00,{},False
BACKTESTER-001,MovingAverageCrossover-MA_CROSS,EUR/USD.IDEALPRO,IDEALPRO-1-038,IDEALPRO-001,IDEALPRO-1-37577,EUR/USD.IDEALPRO-MovingAverageCrossover-MA_CROSS,BUY,STOP_MARKET,99999.99,1.03887,USD,2.08 USD,TAKER,cfd99ac6-3039-49a8-a3d3-3def345659af,2025-02-07 07:55:00+00:00,2025-02-07 07:55:00+00:00,{},False
BACKTESTER-001,MovingAverageCrossover-MA_CROSS,EUR/USD.IDEALPRO,IDEALPRO-1-040,IDEALPRO-001,IDEALPRO-1-41168,EUR/USD.IDEALPRO-MovingAverageCrossover-MA_CROSS,BUY,MARKET,0.01,1.03618,USD,0.00 USD,TAKER,9c2ef1de-a27b-4e3c-9fde-582cf9d747c6,2025-02-11 20:15:00+00:00,2025-02-11 20:15:00+00:00,{},False
BACKTESTER-001,MovingAverageCrossover-MA_CROSS,EUR/USD.IDEALPRO,IDEALPRO-1-040,IDEALPRO-001,IDEALPRO-1-41169,EUR/USD.IDEALPRO-MovingAverageCrossover-MA_CROSS,BUY,MARKET,99999.99,1.03619,USD,2.07 USD,TAKER,d277ed89-9fc6-46da-b4dc-a8f523ea5e89,2025-02-11 20:15:00+00:00,2025-02-11 20:15:00+00:00,{},False
BACKTESTER-001,MovingAverageCrossover-MA_CROSS,EUR/USD.IDEALPRO,IDEALPRO-1-041,IDEALPRO-001,IDEALPRO-1-42191,EUR/USD.IDEALPRO-MovingAverageCrossover-MA_CROSS,SELL,STOP_MARKET,0.01,1.03518,USD,0.00 USD,TAKER,db31eba9-5d34-49e8-bce5-bffde35cce11,2025-02-12 13:31:00+00:00,2025-02-12 13:31:00+00:00,{},False
BACKTESTER-001,MovingAverageCrossover-MA_CROSS,EUR/USD.IDEALPRO,IDEALPRO-1-041,IDEALPRO-001,IDEALPRO-1-42192,EUR/USD.IDEALPRO-MovingAverageCrossover-MA_CROSS,SELL,STOP_MARKET,99999.99,1.03517,USD,2.07 USD,TAKER,2a412f84-cd01-44d6-8c17-f906098a2ea7,2025-02-12 13:31:00+00:00,2025-02-12 13:31:00+00:00,{},False
BACKTESTER-001,MovingAverageCrossover-MA_CROSS,EUR/USD.IDEALPRO,IDEALPRO-1-043,IDEALPRO-001,IDEALPRO-1-47577,EUR/USD.IDEALPRO-MovingAverageCrossover-MA_CROSS,SELL,MARKET,0.01,1.04569,USD,0.00 USD,TAKER,e74479d7-493a-40c5-a148-84a6a878a9d4,2025-02-18 08:15:00+00:00,2025-02-18 08:15:00+00:00,{},False
BACKTESTER-001,MovingAverageCrossover-MA_CROSS,EUR/USD.IDEALPRO,IDEALPRO-1-043,IDEALPRO-001,IDEALPRO-1-47578,EUR/USD.IDEALPRO-MovingAverageCrossover-MA_CROSS,SELL,MARKET,99999.99,1.04568,USD,2.09 USD,TAKER,e97b1921-8235-49d2-8c76-04927e22d526,2025-02-18 08:15:00+00:00,2025-02-18 08:15:00+00:00,{},False
BACKTESTER-001,MovingAverageCrossover-MA_CROSS,EUR/USD.IDEALPRO,IDEALPRO-1-044,IDEALPRO-001,IDEALPRO-1-47589,EUR/USD.IDEALPRO-MovingAverageCrossover-MA_CROSS,BUY,STOP_MARKET,0.01,1.04669,USD,0.00 USD,TAKER,57b008b4-0ace-42ce-8172-81e94414b8d0,2025-02-18 08:25:00+00:00,2025-02-18 08:25:00+00:00,{},False
BACKTESTER-001,MovingAverageCrossover-MA_CROSS,EUR/USD.IDEALPRO,IDEALPRO-1-044,IDEALPRO-001,IDEALPRO-1-47590,EUR/USD.IDEALPRO-MovingAverageCrossover-MA_CROSS,BUY,STOP_MARKET,99999.99,1.04670,USD,2.09 USD,TAKER,dfb6c45d-b54e-4cc6-9c2c-e6923423f452,2025-02-18 08:25:00+00:00,2025-02-18 08:25:00+00:00,{},False
BACKTESTER-001,MovingAverageCrossover-MA_CROSS,EUR/USD.IDEALPRO,IDEALPRO-1-046,IDEALPRO-001,IDEALPRO-1-50971,EUR/USD.IDEALPRO-MovingAverageCrossover-MA_CROSS,BUY,MARKET,0.01,1.04842,USD,0.00 USD,TAKER,99bbe5c2-c4bb-4a34-a21b-f0e28e2e265f,2025-02-20 17:15:00+00:00,2025-02-20 17:15:00+00:00,{},False
BACKTESTER-001,MovingAverageCrossover-MA_CROSS,EUR/USD.IDEALPRO,IDEALPRO-1-046,IDEALPRO-001,IDEALPRO-1-50972,EUR/USD.IDEALPRO-MovingAverageCrossover-MA_CROSS,BUY,MARKET,99999.99,1.04843,USD,2.10 USD,TAKER,62eac061-ab84-41ba-8c2c-899c2af69bc0,2025-02-20 17:15:00+00:00,2025-02-20 17:15:00+00:00,{},False
BACKTESTER-001,MovingAverageCrossover-MA_CROSS,EUR/USD.IDEALPRO,IDEALPRO-1-047,IDEALPRO-001,IDEALPRO-1-51859,EUR/USD.IDEALPRO-MovingAverageCrossover-MA_CROSS,SELL,STOP_MARKET,0.01,1.04742,USD,0.00 USD,TAKER,9d56b2de-aca8-486d-9bba-d1569c195e7e,2025-02-21 08:16:00+00:00,2025-02-21 08:16:00+00:00,{},False
BACKTESTER-001,MovingAverageCrossover-MA_CROSS,EUR/USD.IDEALPRO,IDEALPRO-1-047,IDEALPRO-001,IDEALPRO-1-51860,EUR/USD.IDEALPRO-MovingAverageCrossover-MA_CROSS,SELL,STOP_MARKET,99999.99,1.04741,USD,2.09 USD,TAKER,a1b8d8fb-1235-48ca-be23-02e0796820db,2025-02-21 08:16:00+00:00,2025-02-21 08:16:00+00:00,{},False
BACKTESTER-001,MovingAverageCrossover-MA_CROSS,EUR/USD.IDEALPRO,IDEALPRO-1-049,IDEALPRO-001,IDEALPRO-1-53975,EUR/USD.IDEALPRO-MovingAverageCrossover-MA_CROSS,SELL,MARKET,0.01,1.04747,USD,0.00 USD,TAKER,15d12e80-1d1c-4acb-8296-610031a11ee7,2025-02-24 19:45:00+00:00,2025-02-24 19:45:00+00:00,{},False
BACKTESTER-001,MovingAverageCrossover-MA_CROSS,EUR/USD.IDEALPRO,IDEALPRO-1-049,IDEALPRO-001,IDEALPRO-1-53976,EUR/USD.IDEALPRO-MovingAverageCrossover-MA_CROSS,SELL,MARKET,99999.99,1.04746,USD,2.09 USD,TAKER,ffb7caeb-a281-49b9-8e95-3b722c6ca4ec,2025-02-24 19:45:00+00:00,2025-02-24 19:45:00+00:00,{},False
BACKTESTER-001,MovingAverageCrossover-MA_CROSS,EUR/USD.IDEALPRO,IDEALPRO-1-050,IDEALPRO-001,IDEALPRO-1-54913,EUR/USD.IDEALPRO-MovingAverageCrossover-MA_CROSS,BUY,STOP_MARKET,0.01,1.04847,USD,0.00 USD,TAKER,79d1933e-f1ed-4ae5-84c8-d53d9018cbdd,2025-02-25 11:36:00+00:00,2025-02-25 11:36:00+00:00,{},False
BACKTESTER-001,MovingAverageCrossover-MA_CROSS,EUR/USD.IDEALPRO,IDEALPRO-1-050,IDEALPRO-001,IDEALPRO-1-54914,EUR/USD.IDEALPRO-MovingAverageCrossover-MA_CROSS,BUY,STOP_MARKET,99999.99,1.04848,USD,2.10 USD,TAKER,9366d2e3-e2cf-44aa-acbe-37ee08aa9935,2025-02-25 11:36:00+00:00,2025-02-25 11:36:00+00:00,{},False
BACKTESTER-001,MovingAverageCrossover-MA_CROSS,EUR/USD.IDEALPRO,IDEALPRO-1-052,IDEALPRO-001,IDEALPRO-1-55134,EUR/USD.IDEALPRO-MovingAverageCrossover-MA_CROSS,BUY,MARKET,0.01,1.05131,USD,0.00 USD,TAKER,db0ac4d2-be65-4265-87f0-0b3ffb23c378,2025-02-25 15:15:00+00:00,2025-02-25 15:15:00+00:00,{},False
BACKTESTER-001,MovingAverageCrossover-MA_CROSS,EUR/USD.IDEALPRO,IDEALPRO-1-052,IDEALPRO-001,IDEALPRO-1-55135,EUR/USD.IDEALPRO-MovingAverageCrossover-MA_CROSS,BUY,MARKET,99999.99,1.05132,USD,2.10 USD,TAKER,c0b42531-124d-4ed9-8e4f-f351a19852be,2025-02-25 15:15:00+00:00,2025-02-25 15:15:00+00:00,{},False
BACKTESTER-001,MovingAverageCrossover-MA_CROSS,EUR/USD.IDEALPRO,IDEALPRO-1-053,IDEALPRO-001,IDEALPRO-1-55169,EUR/USD.IDEALPRO-MovingAverageCrossover-MA_CROSS,SELL,STOP_MARKET,0.01,1.05031,USD,0.00 USD,TAKER,24f9ff15-9499-412a-b548-23cd7066e022,2025-02-25 15:48:00+00:00,2025-02-25 15:48:00+00:00,{},False
BACKTESTER-001,MovingAverageCrossover-MA_CROSS,EUR/USD.IDEALPRO,IDEALPRO-1-053,IDEALPRO-001,IDEALPRO-1-55170,EUR/USD.IDEALPRO-MovingAverageCrossover-MA_CROSS,SELL,STOP_MARKET,99999.99,1.05030,USD,2.10 USD,TAKER,45231619-a85b-49c1-9010-33b002951c84,2025-02-25 15:48:00+00:00,2025-02-25 15:48:00+00:00,{},False
BACKTESTER-001,MovingAverageCrossover-MA_CROSS,EUR/USD.IDEALPRO,IDEALPRO-1-055,IDEALPRO-001,IDEALPRO-1-57298,EUR/USD.IDEALPRO-MovingAverageCrossover-MA_CROSS,SELL,MARKET,0.01,1.04722,USD,0.00 USD,TAKER,52565010-21f4-4023-9f9e-3e4e1663c63e,2025-02-27 03:45:00+00:00,2025-02-27 03:45:00+00:00,{},False
BACKTESTER-001,MovingAverageCrossover-MA_CROSS,EUR/USD.IDEALPRO,IDEALPRO-1-055,IDEALPRO-001,IDEALPRO-1-57299,EUR/USD.IDEALPRO-MovingAverageCrossover-MA_CROSS,SELL,MARKET,99999.99,1.04721,USD,2.09 USD,TAKER,37de9749-da25-4a06-a947-8bc644d0e422,2025-02-27 03:45:00+00:00,2025-02-27 03:45:00+00:00,{},False
BACKTESTER-001,MovingAverageCrossover-MA_CROSS,EUR/USD.IDEALPRO,IDEALPRO-1-056,IDEALPRO-001,IDEALPRO-1-57630,EUR/USD.IDEALPRO-MovingAverageCrossover-MA_CROSS,BUY,STOP_MARKET,0.01,1.04822,USD,0.00 USD,TAKER,550f7913-4b54-4f3b-a038-95646fb2f2e8,2025-02-27 09:15:00+00:00,2025-02-27 09:15:00+00:00,{},False
BACKTESTER-001,MovingAverageCrossover-MA_CROSS,EUR/USD.IDEALPRO,IDEALPRO-1-056,IDEALPRO-001,IDEALPRO-1-57631,EUR/USD.IDEALPRO-MovingAverageCrossover-MA_CROSS,BUY,STOP_MARKET,99999.99,1.04823,USD,2.10 USD,TAKER,6b436aee-6041-4e3e-bc8a-6693c18443a1,2025-02-27 09:15:00+00:00,2025-02-27 09:15:00+00:00,{},False
BACKTESTER-001,MovingAverageCrossover-MA_CROSS,EUR/USD.IDEALPRO,IDEALPRO-1-058,IDEALPRO-001,IDEALPRO-1-60797,EUR/USD.IDEALPRO-MovingAverageCrossover-MA_CROSS,BUY,MARKET,0.01,1.04846,USD,0.00 USD,TAKER,2bb86fd3-7c6e-49d2-a5ca-686672038670,2025-03-03 14:30:00+00:00,2025-03-03 14:30:00+00:00,{},False
BACKTESTER-001,MovingAverageCrossover-MA_CROSS,EUR/USD.IDEALPRO,IDEALPRO-1-058,IDEALPRO-001,IDEALPRO-1-60798,EUR/USD.IDEALPRO-MovingAverageCrossover-MA_CROSS,BUY,MARKET,99999.99,1.04847,USD,2.10 USD,TAKER,ae4fc0bd-1ce1-47d9-a88e-0a953ce3656a,2025-03-03 14:30:00+00:00,2025-03-03 14:30:00+00:00,{},False
BACKTESTER-001,MovingAverageCrossover-MA_CROSS,EUR/USD.IDEALPRO,IDEALPRO-1-059,IDEALPRO-001,IDEALPRO-1-61124,EUR/USD.IDEALPRO-MovingAverageCrossover-MA_CROSS,SELL,STOP_MARKET,0.01,1.04746,USD,0.00 USD,TAKER,40573605-f0cf-4c4b-b6b8-6454cbb5d890,2025-03-03 19:55:00+00:00,2025-03-03 19:55:00+00:00,{},False
BACKTESTER-001,MovingAverageCrossover-MA_CROSS,EUR/USD.IDEALPRO,IDEALPRO-1-059,IDEALPRO-001,IDEALPRO-1-61125,EUR/USD.IDEALPRO-MovingAverageCrossover-MA_CROSS,SELL,STOP_MARKET,99999.99,1.04745,USD,2.09 USD,TAKER,960c098b-2843-4962-8cdf-fa4ef839394d,2025-03-03 19:55:00+00:00,2025-03-03 19:55:00+00:00,{},False
BACKTESTER-001,MovingAverageCrossover-MA_CROSS,EUR/USD.IDEALPRO,IDEALPRO-1-061,IDEALPRO-001,IDEALPRO-1-71931,EUR/USD.IDEALPRO-MovingAverageCrossover-MA_CROSS,SELL,MARKET,0.01,1.08734,USD,0.00 USD,TAKER,5bbe3186-50f4-4628-ac1e-1c37a19f8e52,2025-03-13 09:00:00+00:00,2025-03-13 09:00:00+00:00,{},False
BACKTESTER-001,MovingAverageCrossover-MA_CROSS,EUR/USD.IDEALPRO,IDEALPRO-1-061,IDEALPRO-001,IDEALPRO-1-71932,EUR/USD.IDEALPRO-MovingAverageCrossover-MA_CROSS,SELL,MARKET,99999.99,1.08733,USD,2.17 USD,TAKER,f4e51706-b032-439d-a39f-fdd17db8aff4,2025-03-13 09:00:00+00:00,2025-03-13 09:00:00+00:00,{},False
BACKTESTER-001,MovingAverageCrossover-MA_CROSS,EUR/USD.IDEALPRO,IDEALPRO-1-062,IDEALPRO-001,IDEALPRO-1-71956,EUR/USD.IDEALPRO-MovingAverageCrossover-MA_CROSS,BUY,STOP_MARKET,0.01,1.08834,USD,0.00 USD,TAKER,3a19c96d-fc8e-419c-954c-48317abb91f0,2025-03-13 09:23:00+00:00,2025-03-13 09:23:00+00:00,{},False
BACKTESTER-001,MovingAverageCrossover-MA_CROSS,EUR/USD.IDEALPRO,IDEALPRO-1-062,IDEALPRO-001,IDEALPRO-1-71957,EUR/USD.IDEALPRO-MovingAverageCrossover-MA_CROSS,BUY,STOP_MARKET,99999.99,1.08835,USD,2.18 USD,TAKER,cf250b4e-ee91-4ea8-bb1a-772d7fadb168,2025-03-13 09:23:00+00:00,2025-03-13 09:23:00+00:00,{},False
BACKTESTER-001,MovingAverageCrossover-MA_CROSS,EUR/USD.IDEALPRO,IDEALPRO-1-064,IDEALPRO-001,IDEALPRO-1-73960,EUR/USD.IDEALPRO-MovingAverageCrossover-MA_CROSS,BUY,MARKET,0.01,1.08802,USD,0.00 USD,TAKER,5688107a-d5a1-46b8-a258-e7a02e6ac5d5,2025-03-14 19:00:00+00:00,2025-03-14 19:00:00+00:00,{},False
BACKTESTER-001,MovingAverageCrossover-MA_CROSS,EUR/USD.IDEALPRO,IDEALPRO-1-064,IDEALPRO-001,IDEALPRO-1-73961,EUR/USD.IDEALPRO-MovingAverageCrossover-MA_CROSS,BUY,MARKET,99999.99,1.08803,USD,2.18 USD,TAKER,434595ab-ce5a-4192-b4bf-147dd0d633e5,2025-03-14 19:00:00+00:00,2025-03-14 19:00:00+00:00,{},False
BACKTESTER-001,MovingAverageCrossover-MA_CROSS,EUR/USD.IDEALPRO,IDEALPRO-1-065,IDEALPRO-001,IDEALPRO-1-74701,EUR/USD.IDEALPRO-MovingAverageCrossover-MA_CROSS,SELL,STOP_MARKET,0.01,1.08702,USD,0.00 USD,TAKER,172ecd0b-146a-4f17-9d01-0d70d1895a76,2025-03-17 07:34:00+00:00,2025-03-17 07:34:00+00:00,{},False
BACKTESTER-001,MovingAverageCrossover-MA_CROSS,EUR/USD.IDEALPRO,IDEALPRO-1-065,IDEALPRO-001,IDEALPRO-1-74702,EUR/USD.IDEALPRO-MovingAverageCrossover-MA_CROSS,SELL,STOP_MARKET,99999.99,1.08701,USD,2.17 USD,TAKER,7e3ec192-c79f-4eaf-b0a4-795bc64bd49f,2025-03-17 07:34:00+00:00,2025-03-17 07:34:00+00:00,{},False
BACKTESTER-001,MovingAverageCrossover-MA_CROSS,EUR/USD.IDEALPRO,IDEALPRO-1-067,IDEALPRO-001,IDEALPRO-1-77939,EUR/USD.IDEALPRO-MovingAverageCrossover-MA_CROSS,SELL,MARKET,0.01,1.08945,USD,0.00 USD,TAKER,214300d8-af28-4e6b-a48b-65cfa94a7271,2025-03-19 14:00:00+00:00,2025-03-19 14:00:00+00:00,{},False
BACKTESTER-001,MovingAverageCrossover-MA_CROSS,EUR/USD.IDEALPRO,IDEALPRO-1-067,IDEALPRO-001,IDEALPRO-1-77940,EUR/USD.IDEALPRO-MovingAverageCrossover-MA_CROSS,SELL,MARKET,99999.99,1.08944,USD,2.18 USD,TAKER,cf34d800-3916-4bab-8402-64a080587e4d,2025-03-19 14:00:00+00:00,2025-03-19 14:00:00+00:00,{},False
BACKTESTER-001,MovingAverageCrossover-MA_CROSS,EUR/USD.IDEALPRO,IDEALPRO-1-068,IDEALPRO-001,IDEALPRO-1-78223,EUR/USD.IDEALPRO-MovingAverageCrossover-MA_CROSS,BUY,STOP_MARKET,0.01,1.09045,USD,0.00 USD,TAKER,8378c9cd-0b3e-4a86-9e27-5cb3a3f8b32e,2025-03-19 18:42:00+00:00,2025-03-19 18:42:00+00:00,{},False
BACKTESTER-001,MovingAverageCrossover-MA_CROSS,EUR/USD.IDEALPRO,IDEALPRO-1-068,IDEALPRO-001,IDEALPRO-1-78224,EUR/USD.IDEALPRO-MovingAverageCrossover-MA_CROSS,BUY,STOP_MARKET,99999.99,1.09046,USD,2.18 USD,TAKER,606e240c-8114-4bcd-9188-a7eb9202effc,2025-03-19 18:42:00+00:00,2025-03-19 18:42:00+00:00,{},False
BACKTESTER-001,MovingAverageCrossover-MA_CROSS,EUR/USD.IDEALPRO,IDEALPRO-1-070,IDEALPRO-001,IDEALPRO-1-86838,EUR/USD.IDEALPRO-MovingAverageCrossover-MA_CROSS,BUY,MARKET,0.01,1.07987,USD,0.00 USD,TAKER,1eb2cd97-70a4-4350-b0ac-16d84d8c1af2,2025-03-27 19:45:00+00:00,2025-03-27 19:45:00+00:00,{},False
BACKTESTER-001,MovingAverageCrossover-MA_CROSS,EUR/USD.IDEALPRO,IDEALPRO-1-070,IDEALPRO-001,IDEALPRO-1-86839,EUR/USD.IDEALPRO-MovingAverageCrossover-MA_CROSS,BUY,MARKET,99999.99,1.07988,USD,2.16 USD,TAKER,ba127143-172a-4a87-a029-70d9a7ba780b,2025-03-27 19:45:00+00:00,2025-03-27 19:45:00+00:00,{},False
BACKTESTER-001,MovingAverageCrossover-MA_CROSS,EUR/USD.IDEALPRO,IDEALPRO-1-071,IDEALPRO-001,IDEALPRO-1-87122,EUR/USD.IDEALPRO-MovingAverageCrossover-MA_CROSS,SELL,STOP_MARKET,0.01,1.07887,USD,0.00 USD,TAKER,66bb361b-6500-4d61-8beb-9f74107ab11f,2025-03-28 00:42:00+00:00,2025-03-28 00:42:00+00:00,{},False
BACKTESTER-001,MovingAverageCrossover-MA_CROSS,EUR/USD.IDEALPRO,IDEALPRO-1-071,IDEALPRO-001,IDEALPRO-1-87123,EUR/USD.IDEALPRO-MovingAverageCrossover-MA_CROSS,SELL,STOP_MARKET,99999.99,1.07886,USD,2.16 USD,TAKER,4f31890a-5be7-467a-af1d-d6193aed7d9c,2025-03-28 00:42:00+00:00,2025-03-28 00:42:00+00:00,{},False
BACKTESTER-001,MovingAverageCrossover-MA_CROSS,EUR/USD.IDEALPRO,IDEALPRO-1-073,IDEALPRO-001,IDEALPRO-1-90712,EUR/USD.IDEALPRO-MovingAverageCrossover-MA_CROSS,SELL,MARKET,0.01,1.07872,USD,0.00 USD,TAKER,73740d38-bd6b-466c-bfb2-fd33d5b69055,2025-04-01 13:00:00+00:00,2025-04-01 13:00:00+00:00,{},False
BACKTESTER-001,MovingAverageCrossover-MA_CROSS,EUR/USD.IDEALPRO,IDEALPRO-1-073,IDEALPRO-001,IDEALPRO-1-90713,EUR/USD.IDEALPRO-MovingAverageCrossover-MA_CROSS,SELL,MARKET,99999.99,1.07871,USD,2.16 USD,TAKER,b5cdf8c7-81bc-4519-898f-aab18e3d92fb,2025-04-01 13:00:00+00:00,2025-04-01 13:00:00+00:00,{},False
BACKTESTER-001,MovingAverageCrossover-MA_CROSS,EUR/USD.IDEALPRO,IDEALPRO-1-074,IDEALPRO-001,IDEALPRO-1-90776,EUR/USD.IDEALPRO-MovingAverageCrossover-MA_CROSS,BUY,STOP_MARKET,0.01,1.07972,USD,0.00 USD,TAKER,36be60a0-83dc-487c-982a-c4327432da01,2025-04-01 14:02:00+00:00,2025-04-01 14:02:00+00:00,{},False
BACKTESTER-001,MovingAverageCrossover-MA_CROSS,EUR/USD.IDEALPRO,IDEALPRO-1-074,IDEALPRO-001,IDEALPRO-1-90777,EUR/USD.IDEALPRO-MovingAverageCrossover-MA_CROSS,BUY,STOP_MARKET,99999.99,1.07973,USD,2.16 USD,TAKER,f0a5b3b8-f618-48a3-bd38-04d39f55b195,2025-04-01 14:02:00+00:00,2025-04-01 14:02:00+00:00,{},False
BACKTESTER-001,MovingAverageCrossover-MA_CROSS,EUR/USD.IDEALPRO,IDEALPRO-1-076,IDEALPRO-001,IDEALPRO-1-92396,EUR/USD.IDEALPRO-MovingAverageCrossover-MA_CROSS,BUY,MARKET,0.01,1.08543,USD,0.00 USD,TAKER,43e4ff6c-043f-4069-a947-0905918f821e,2025-04-02 17:15:00+00:00,2025-04-02 17:15:00+00:00,{},False
BACKTESTER-001,MovingAverageCrossover-MA_CROSS,EUR/USD.IDEALPRO,IDEALPRO-1-076,IDEALPRO-001,IDEALPRO-1-92397,EUR/USD.IDEALPRO-MovingAverageCrossover-MA_CROSS,BUY,MARKET,99999.99,1.08544,USD,2.17 USD,TAKER,92e0ca8e-f31c-4bd5-88c2-8d1bba1fd7f1,2025-04-02 17:15:00+00:00,2025-04-02 17:15:00+00:00,{},False
BACKTESTER-001,MovingAverageCrossover-MA_CROSS,EUR/USD.IDEALPRO,IDEALPRO-1-077,IDEALPRO-001,IDEALPRO-1-92573,EUR/USD.IDEALPRO-MovingAverageCrossover-MA_CROSS,SELL,STOP_MARKET,0.01,1.08443,USD,0.00 USD,TAKER,7e14671c-3ae0-4fe9-91c7-01aa243a2a4d,2025-04-02 20:10:00+00:00,2025-04-02 20:10:00+00:00,{},False
BACKTESTER-001,MovingAverageCrossover-MA_CROSS,EUR/USD.IDEALPRO,IDEALPRO-1-077,IDEALPRO-001,IDEALPRO-1-92574,EUR/USD.IDEALPRO-MovingAverageCrossover-MA_CROSS,SELL,STOP_MARKET,99999.99,1.08442,USD,2.17 USD,TAKER,a38e6d5b-bb69-4879-8d88-2a5d87d63a5c,2025-04-02 20:10:00+00:00,2025-04-02 20:10:00+00:00,{},False
BACKTESTER-001,MovingAverageCrossover-MA_CROSS,EUR/USD.IDEALPRO,IDEALPRO-1-079,IDEALPRO-001,IDEALPRO-1-95775,EUR/USD.IDEALPRO-MovingAverageCrossover-MA_CROSS,SELL,MARKET,0.01,1.09550,USD,0.00 USD,TAKER,c2b0e2e7-6c88-4069-86cf-7884552f6703,2025-04-07 02:15:00+00:00,2025-04-07 02:15:00+00:00,{},False
BACKTESTER-001,MovingAverageCrossover-MA_CROSS,EUR/USD.IDEALPRO,IDEALPRO-1-079,IDEALPRO-001,IDEALPRO-1-95776,EUR/USD.IDEALPRO-MovingAverageCrossover-MA_CROSS,SELL,MARKET,99999.99,1.09549,USD,2.19 USD,TAKER,c80fe170-dbb5-49d4-ad62-876cf78fe8ca,2025-04-07 02:15:00+00:00,2025-04-07 02:15:00+00:00,{},False
BACKTESTER-001,MovingAverageCrossover-MA_CROSS,EUR/USD.IDEALPRO,IDEALPRO-1-080,IDEALPRO-001,IDEALPRO-1-95900,EUR/USD.IDEALPRO-MovingAverageCrossover-MA_CROSS,BUY,STOP_MARKET,0.01,1.09650,USD,0.00 USD,TAKER,d279629b-d8e8-4565-8c71-a7e9052d7079,2025-04-07 04:18:00+00:00,2025-04-07 04:18:00+00:00,{},False
BACKTESTER-001,MovingAverageCrossover-MA_CROSS,EUR/USD.IDEALPRO,IDEALPRO-1-080,IDEALPRO-001,IDEALPRO-1-95901,EUR/USD.IDEALPRO-MovingAverageCrossover-MA_CROSS,BUY,STOP_MARKET,99999.99,1.09651,USD,2.19 USD,TAKER,e301de37-d366-41f3-9e8d-1d04719267b6,2025-04-07 04:18:00+00:00,2025-04-07 04:18:00+00:00,{},False
BACKTESTER-001,MovingAverageCrossover-MA_CROSS,EUR/USD.IDEALPRO,IDEALPRO-1-082,IDEALPRO-001,IDEALPRO-1-98644,EUR/USD.IDEALPRO-MovingAverageCrossover-MA_CROSS,BUY,MARKET,0.01,1.10235,USD,0.00 USD,TAKER,cce120d3-13dd-4154-9eb4-dae60f9fced1,2025-04-09 02:30:00+00:00,2025-04-09 02:30:00+00:00,{},False
BACKTESTER-001,MovingAverageCrossover-MA_CROSS,EUR/USD.IDEALPRO,IDEALPRO-1-082,IDEALPRO-001,IDEALPRO-1-98645,EUR/USD.IDEALPRO-MovingAverageCrossover-MA_CROSS,BUY,MARKET,99999.99,1.10236,USD,2.20 USD,TAKER,e3af2704-70a1-4256-aff4-aaa171b0ba18,2025-04-09 02:30:00+00:00,2025-04-09 02:30:00+00:00,{},False
BACKTESTER-001,MovingAverageCrossover-MA_CROSS,EUR/USD.IDEALPRO,IDEALPRO-1-083,IDEALPRO-001,IDEALPRO-1-98657,EUR/USD.IDEALPRO-MovingAverageCrossover-MA_CROSS,SELL,STOP_MARKET,0.01,1.10135,USD,0.00 USD,TAKER,468c1512-e8b0-49ae-9d42-6ff8ec489f91,2025-04-09 02:41:00+00:00,2025-04-09 02:41:00+00:00,{},False
BACKTESTER-001,MovingAverageCrossover-MA_CROSS,EUR/USD.IDEALPRO,IDEALPRO-1-083,IDEALPRO-001,IDEALPRO-1-98658,EUR/USD.IDEALPRO-MovingAverageCrossover-MA_CROSS,SELL,STOP_MARKET,99999.99,1.10134,USD,2.20 USD,TAKER,95542472-7f1b-4308-ba30-8c961013a34d,2025-04-09 02:41:00+00:00,2025-04-09 02:41:00+00:00,{},False
BACKTESTER-001,MovingAverageCrossover-MA_CROSS,EUR/USD.IDEALPRO,IDEALPRO-1-085,IDEALPRO-001,IDEALPRO-1-100058,EUR/USD.IDEALPRO-MovingAverageCrossover-MA_CROSS,SELL,MARKET,0.01,1.09629,USD,0.00 USD,TAKER,32b777c3-c6ce-4156-9afd-17dd07d89028,2025-04-10 02:15:00+00:00,2025-04-10 02:15:00+00:00,{},False
BACKTESTER-001,MovingAverageCrossover-MA_CROSS,EUR/USD.IDEALPRO,IDEALPRO-1-085,IDEALPRO-001,IDEALPRO-1-100059,EUR/USD.IDEALPRO-MovingAverageCrossover-MA_CROSS,SELL,MARKET,99999.99,1.09628,USD,2.19 USD,TAKER,9ed4ac1f-4a8d-4ea1-8424-de089bbc0e84,2025-04-10 02:15:00+00:00,2025-04-10 02:15:00+00:00,{},False
BACKTESTER-001,MovingAverageCrossover-MA_CROSS,EUR/USD.IDEALPRO,IDEALPRO-1-086,IDEALPRO-001,IDEALPRO-1-100104,EUR/USD.IDEALPRO-MovingAverageCrossover-MA_CROSS,BUY,STOP_MARKET,0.01,1.09729,USD,0.00 USD,TAKER,8d2e2232-ca3e-47ce-b4bd-9e0449948a5b,2025-04-10 02:59:00+00:00,2025-04-10 02:59:00+00:00,{},False
BACKTESTER-001,MovingAverageCrossover-MA_CROSS,EUR/USD.IDEALPRO,IDEALPRO-1-086,IDEALPRO-001,IDEALPRO-1-100105,EUR/USD.IDEALPRO-MovingAverageCrossover-MA_CROSS,BUY,STOP_MARKET,99999.99,1.09730,USD,2.19 USD,TAKER,42d624ba-2108-4bb7-949a-643c4599c6a7,2025-04-10 02:59:00+00:00,2025-04-10 02:59:00+00:00,{},False
BACKTESTER-001,MovingAverageCrossover-MA_CROSS,EUR/USD.IDEALPRO,IDEALPRO-1-088,IDEALPRO-001,IDEALPRO-1-100407,EUR/USD.IDEALPRO-MovingAverageCrossover-MA_CROSS,BUY,MARKET,0.01,1.10265,USD,0.00 USD,TAKER,9e434592-05cd-46d7-be76-1bb5b1217b37,2025-04-10 08:00:00+00:00,2025-04-10 08:00:00+00:00,{},False
BACKTESTER-001,MovingAverageCrossover-MA_CROSS,EUR/USD.IDEALPRO,IDEALPRO-1-088,IDEALPRO-001,IDEALPRO-1-100408,EUR/USD.IDEALPRO-MovingAverageCrossover-MA_CROSS,BUY,MARKET,99999.99,1.10266,USD,2.21 USD,TAKER,15708212-7bdf-49db-ab33-4403b0cc3a99,2025-04-10 08:00:00+00:00,2025-04-10 08:00:00+00:00,{},False
BACKTESTER-001,MovingAverageCrossover-MA_CROSS,EUR/USD.IDEALPRO,IDEALPRO-1-089,IDEALPRO-001,IDEALPRO-1-100423,EUR/USD.IDEALPRO-MovingAverageCrossover-MA_CROSS,SELL,STOP_MARKET,0.01,1.10165,USD,0.00 USD,TAKER,dfaec9e3-a576-4ca4-905f-6093723067fc,2025-04-10 08:14:00+00:00,2025-04-10 08:14:00+00:00,{},False
BACKTESTER-001,MovingAverageCrossover-MA_CROSS,EUR/USD.IDEALPRO,IDEALPRO-1-089,IDEALPRO-001,IDEALPRO-1-100424,EUR/USD.IDEALPRO-MovingAverageCrossover-MA_CROSS,SELL,STOP_MARKET,99999.99,1.10164,USD,2.20 USD,TAKER,ce6a2cea-0c9b-4133-9106-a4ec69fb9e42,2025-04-10 08:14:00+00:00,2025-04-10 08:14:00+00:00,{},False
BACKTESTER-001,MovingAverageCrossover-MA_CROSS,EUR/USD.IDEALPRO,IDEALPRO-1-091,IDEALPRO-001,IDEALPRO-1-105121,EUR/USD.IDEALPRO-MovingAverageCrossover-MA_CROSS,SELL,MARKET,0.01,1.13167,USD,0.00 USD,TAKER,4be67f2f-1a68-4e65-8930-f555058ed8b2,2025-04-15 15:15:00+00:00,2025-04-15 15:15:00+00:00,{},False
BACKTESTER-001,MovingAverageCrossover-MA_CROSS,EUR/USD.IDEALPRO,IDEALPRO-1-091,IDEALPRO-001,IDEALPRO-1-105122,EUR/USD.IDEALPRO-MovingAverageCrossover-MA_CROSS,SELL,MARKET,99999.99,1.13166,USD,2.26 USD,TAKER,cc0dc755-e254-47f9-a697-af849b399d0f,2025-04-15 15:15:00+00:00,2025-04-15 15:15:00+00:00,{},False
BACKTESTER-001,MovingAverageCrossover-MA_CROSS,EUR/USD.IDEALPRO,IDEALPRO-1-093,IDEALPRO-001,IDEALPRO-1-105187,EUR/USD.IDEALPRO-MovingAverageCrossover-MA_CROSS,BUY,LIMIT,0.01,1.12767,USD,0.00 USD,MAKER,c51aaa81-fb0a-49d6-b97d-9517373c8e4b,2025-04-15 16:19:00+00:00,2025-04-15 16:19:00+00:00,{},False
BACKTESTER-001,MovingAverageCrossover-MA_CROSS,EUR/USD.IDEALPRO,IDEALPRO-1-093,IDEALPRO-001,IDEALPRO-1-105188,EUR/USD.IDEALPRO-MovingAverageCrossover-MA_CROSS,BUY,LIMIT,99999.99,1.12767,USD,2.26 USD,MAKER,2291bbf0-92ce-4c4d-abb4-4693700ae1b7,2025-04-15 16:19:00+00:00,2025-04-15 16:19:00+00:00,{},False
BACKTESTER-001,MovingAverageCrossover-MA_CROSS,EUR/USD.IDEALPRO,IDEALPRO-1-094,IDEALPRO-001,IDEALPRO-1-106205,EUR/USD.IDEALPRO-MovingAverageCrossover-MA_CROSS,BUY,MARKET,0.01,1.13671,USD,0.00 USD,TAKER,126dc0ca-330b-4677-a088-5ad3bbe6165e,2025-04-16 09:30:00+00:00,2025-04-16 09:30:00+00:00,{},False
BACKTESTER-001,MovingAverageCrossover-MA_CROSS,EUR/USD.IDEALPRO,IDEALPRO-1-094,IDEALPRO-001,IDEALPRO-1-106206,EUR/USD.IDEALPRO-MovingAverageCrossover-MA_CROSS,BUY,MARKET,99999.99,1.13672,USD,2.27 USD,TAKER,7e816d05-a384-4e7f-8236-ee40cb5b9120,2025-04-16 09:30:00+00:00,2025-04-16 09:30:00+00:00,{},False
BACKTESTER-001,MovingAverageCrossover-MA_CROSS,EUR/USD.IDEALPRO,IDEALPRO-1-095,IDEALPRO-001,IDEALPRO-1-106220,EUR/USD.IDEALPRO-MovingAverageCrossover-MA_CROSS,SELL,STOP_MARKET,0.01,1.13571,USD,0.00 USD,TAKER,98ac51d6-c066-4820-a9b6-9e936ebd52ac,2025-04-16 09:43:00+00:00,2025-04-16 09:43:00+00:00,{},False
BACKTESTER-001,MovingAverageCrossover-MA_CROSS,EUR/USD.IDEALPRO,IDEALPRO-1-095,IDEALPRO-001,IDEALPRO-1-106221,EUR/USD.IDEALPRO-MovingAverageCrossover-MA_CROSS,SELL,STOP_MARKET,99999.99,1.13570,USD,2.27 USD,TAKER,e6bf36e3-c893-415e-a02c-fc8eec4ff1e4,2025-04-16 09:43:00+00:00,2025-04-16 09:43:00+00:00,{},False
BACKTESTER-001,MovingAverageCrossover-MA_CROSS,EUR/USD.IDEALPRO,IDEALPRO-1-097,IDEALPRO-001,IDEALPRO-1-112419,EUR/USD.IDEALPRO-MovingAverageCrossover-MA_CROSS,SELL,MARKET,0.01,1.14184,USD,0.00 USD,TAKER,153b9c77-e085-4d06-a6e2-75955391632c,2025-04-22 20:45:00+00:00,2025-04-22 20:45:00+00:00,{},False
BACKTESTER-001,MovingAverageCrossover-MA_CROSS,EUR/USD.IDEALPRO,IDEALPRO-1-097,IDEALPRO-001,IDEALPRO-1-112420,EUR/USD.IDEALPRO-MovingAverageCrossover-MA_CROSS,SELL,MARKET,99999.99,1.14183,USD,2.28 USD,TAKER,0c59f998-799d-4957-b1e3-e7443d4a22c0,2025-04-22 20:45:00+00:00,2025-04-22 20:45:00+00:00,{},False
BACKTESTER-001,MovingAverageCrossover-MA_CROSS,EUR/USD.IDEALPRO,IDEALPRO-1-098,IDEALPRO-001,IDEALPRO-1-112446,EUR/USD.IDEALPRO-MovingAverageCrossover-MA_CROSS,BUY,STOP_MARKET,0.01,1.14284,USD,0.00 USD,TAKER,039beeec-f6eb-4a9b-9017-4196073deb79,2025-04-22 21:25:00+00:00,2025-04-22 21:25:00+00:00,{},False
BACKTESTER-001,MovingAverageCrossover-MA_CROSS,EUR/USD.IDEALPRO,IDEALPRO-1-098,IDEALPRO-001,IDEALPRO-1-112447,EUR/USD.IDEALPRO-MovingAverageCrossover-MA_CROSS,BUY,STOP_MARKET,99999.99,1.14285,USD,2.29 USD,TAKER,0d7bdce1-5bda-4db2-b14d-5112dd51b1a8,2025-04-22 21:25:00+00:00,2025-04-22 21:25:00+00:00,{},False
BACKTESTER-001,MovingAverageCrossover-MA_CROSS,EUR/USD.IDEALPRO,IDEALPRO-1-100,IDEALPRO-001,IDEALPRO-1-116893,EUR/USD.IDEALPRO-MovingAverageCrossover-MA_CROSS,BUY,MARKET,0.01,1.13576,USD,0.00 USD,TAKER,8419437b-5913-4e8b-bab0-01a74b019fea,2025-04-28 00:15:00+00:00,2025-04-28 00:15:00+00:00,{},False
BACKTESTER-001,MovingAverageCrossover-MA_CROSS,EUR/USD.IDEALPRO,IDEALPRO-1-100,IDEALPRO-001,IDEALPRO-1-116894,EUR/USD.IDEALPRO-MovingAverageCrossover-MA_CROSS,BUY,MARKET,99999.99,1.13577,USD,2.27 USD,TAKER,ec5372f2-bd95-402c-b5ac-0af9d2d9ec81,2025-04-28 00:15:00+00:00,2025-04-28 00:15:00+00:00,{},False
BACKTESTER-001,MovingAverageCrossover-MA_CROSS,EUR/USD.IDEALPRO,IDEALPRO-1-101,IDEALPRO-001,IDEALPRO-1-117003,EUR/USD.IDEALPRO-MovingAverageCrossover-MA_CROSS,SELL,STOP_MARKET,0.01,1.13476,USD,0.00 USD,TAKER,f78144f5-25c1-4a4a-bf16-0fba69d9616c,2025-04-28 02:03:00+00:00,2025-04-28 02:03:00+00:00,{},False
BACKTESTER-001,MovingAverageCrossover-MA_CROSS,EUR/USD.IDEALPRO,IDEALPRO-1-101,IDEALPRO-001,IDEALPRO-1-117004,EUR/USD.IDEALPRO-MovingAverageCrossover-MA_CROSS,SELL,STOP_MARKET,99999.99,1.13475,USD,2.27 USD,TAKER,dcd1a88b-8210-4cdb-9169-1e7daccca5e7,2025-04-28 02:03:00+00:00,2025-04-28 02:03:00+00:00,{},False
BACKTESTER-001,MovingAverageCrossover-MA_CROSS,EUR/USD.IDEALPRO,IDEALPRO-1-103,IDEALPRO-001,IDEALPRO-1-117272,EUR/USD.IDEALPRO-MovingAverageCrossover-MA_CROSS,SELL,MARKET,0.01,1.13653,USD,0.00 USD,TAKER,39ea62cc-d8d8-44bf-b366-080683265d4a,2025-04-28 06:30:00+00:00,2025-04-28 06:30:00+00:00,{},False
BACKTESTER-001,MovingAverageCrossover-MA_CROSS,EUR/USD.IDEALPRO,IDEALPRO-1-103,IDEALPRO-001,IDEALPRO-1-117273,EUR/USD.IDEALPRO-MovingAverageCrossover-MA_CROSS,SELL,MARKET,99999.99,1.13652,USD,2.27 USD,TAKER,d3d09b7f-48c8-4009-9438-fdfec6882182,2025-04-28 06:30:00+00:00,2025-04-28 06:30:00+00:00,{},False
BACKTESTER-001,MovingAverageCrossover-MA_CROSS,EUR/USD.IDEALPRO,IDEALPRO-1-104,IDEALPRO-001,IDEALPRO-1-117757,EUR/USD.IDEALPRO-MovingAverageCrossover-MA_CROSS,BUY,STOP_MARKET,0.01,1.13753,USD,0.00 USD,TAKER,8ff549df-7d6d-478d-a430-f2c7e2e0f429,2025-04-28 14:33:00+00:00,2025-04-28 14:33:00+00:00,{},False
BACKTESTER-001,MovingAverageCrossover-MA_CROSS,EUR/USD.IDEALPRO,IDEALPRO-1-104,IDEALPRO-001,IDEALPRO-1-117758,EUR/USD.IDEALPRO-MovingAverageCrossover-MA_CROSS,BUY,STOP_MARKET,99999.99,1.13754,USD,2.28 USD,TAKER,845542c8-ba06-4997-8958-9ad177925b27,2025-04-28 14:33:00+00:00,2025-04-28 14:33:00+00:00,{},False
BACKTESTER-001,MovingAverageCrossover-MA_CROSS,EUR/USD.IDEALPRO,IDEALPRO-1-106,IDEALPRO-001,IDEALPRO-1-117906,EUR/USD.IDEALPRO-MovingAverageCrossover-MA_CROSS,BUY,MARKET,0.01,1.14116,USD,0.00 USD,TAKER,dc44391d-9a52-43e0-9a37-964ea4cf516a,2025-04-28 17:00:00+00:00,2025-04-28 17:00:00+00:00,{},False
BACKTESTER-001,MovingAverageCrossover-MA_CROSS,EUR/USD.IDEALPRO,IDEALPRO-1-106,IDEALPRO-001,IDEALPRO-1-117907,EUR/USD.IDEALPRO-MovingAverageCrossover-MA_CROSS,BUY,MARKET,99999.99,1.14117,USD,2.28 USD,TAKER,5a4d1da4-792f-4a0a-b339-2eecf66c6418,2025-04-28 17:00:00+00:00,2025-04-28 17:00:00+00:00,{},False
BACKTESTER-001,MovingAverageCrossover-MA_CROSS,EUR/USD.IDEALPRO,IDEALPRO-1-107,IDEALPRO-001,IDEALPRO-1-117967,EUR/USD.IDEALPRO-MovingAverageCrossover-MA_CROSS,SELL,STOP_MARKET,0.01,1.14016,USD,0.00 USD,TAKER,174100d6-b736-4d4f-987e-a44d33da20d0,2025-04-28 17:59:00+00:00,2025-04-28 17:59:00+00:00,{},False
BACKTESTER-001,MovingAverageCrossover-MA_CROSS,EUR/USD.IDEALPRO,IDEALPRO-1-107,IDEALPRO-001,IDEALPRO-1-117968,EUR/USD.IDEALPRO-MovingAverageCrossover-MA_CROSS,SELL,STOP_MARKET,99999.99,1.14015,USD,2.28 USD,TAKER,ef536cfc-f144-41ff-a1bd-5b3fc7bea34e,2025-04-28 17:59:00+00:00,2025-04-28 17:59:00+00:00,{},False
BACKTESTER-001,MovingAverageCrossover-MA_CROSS,EUR/USD.IDEALPRO,IDEALPRO-1-109,IDEALPRO-001,IDEALPRO-1-120265,EUR/USD.IDEALPRO-MovingAverageCrossover-MA_CROSS,SELL,MARKET,0.01,1.13644,USD,0.00 USD,TAKER,99a4d192-82a8-4db0-b498-3f5d1d080218,2025-04-30 08:45:00+00:00,2025-04-30 08:45:00+00:00,{},False
BACKTESTER-001,MovingAverageCrossover-MA_CROSS,EUR/USD.IDEALPRO,IDEALPRO-1-109,IDEALPRO-001,IDEALPRO-1-120266,EUR/USD.IDEALPRO-MovingAverageCrossover-MA_CROSS,SELL,MARKET,99999.99,1.13643,USD,2.27 USD,TAKER,281b33bb-5885-4159-8be1-4eaa38fe71d1,2025-04-30 08:45:00+00:00,2025-04-30 08:45:00+00:00,{},False
BACKTESTER-001,MovingAverageCrossover-MA_CROSS,EUR/USD.IDEALPRO,IDEALPRO-1-110,IDEALPRO-001,IDEALPRO-1-120275,EUR/USD.IDEALPRO-MovingAverageCrossover-MA_CROSS,BUY,STOP_MARKET,0.01,1.13744,USD,0.00 USD,TAKER,8ef13fa1-075f-4dfe-8238-a3a2bdede2f7,2025-04-30 08:53:00+00:00,2025-04-30 08:53:00+00:00,{},False
BACKTESTER-001,MovingAverageCrossover-MA_CROSS,EUR/USD.IDEALPRO,IDEALPRO-1-110,IDEALPRO-001,IDEALPRO-1-120276,EUR/USD.IDEALPRO-MovingAverageCrossover-MA_CROSS,BUY,STOP_MARKET,99999.99,1.13745,USD,2.27 USD,TAKER,4888f02b-99f6-4891-9672-7c82822e6df1,2025-04-30 08:53:00+00:00,2025-04-30 08:53:00+00:00,{},False
BACKTESTER-001,MovingAverageCrossover-MA_CROSS,EUR/USD.IDEALPRO,IDEALPRO-1-112,IDEALPRO-001,IDEALPRO-1-124544,EUR/USD.IDEALPRO-MovingAverageCrossover-MA_CROSS,BUY,MARKET,0.01,1.13277,USD,0.00 USD,TAKER,a00dba3b-f0e9-4d21-9c42-6cbb22731112,2025-05-05 08:45:00+00:00,2025-05-05 08:45:00+00:00,{},False
BACKTESTER-001,MovingAverageCrossover-MA_CROSS,EUR/USD.IDEALPRO,IDEALPRO-1-112,IDEALPRO-001,IDEALPRO-1-124545,EUR/USD.IDEALPRO-MovingAverageCrossover-MA_CROSS,BUY,MARKET,99999.99,1.13278,USD,2.27 USD,TAKER,f1c945f7-a8aa-4480-9b7f-d1a89c327145,2025-05-05 08:45:00+00:00,2025-05-05 08:45:00+00:00,{},False
BACKTESTER-001,MovingAverageCrossover-MA_CROSS,EUR/USD.IDEALPRO,IDEALPRO-1-113,IDEALPRO-001,IDEALPRO-1-124964,EUR/USD.IDEALPRO-MovingAverageCrossover-MA_CROSS,SELL,STOP_MARKET,0.01,1.13177,USD,0.00 USD,TAKER,8207ea1e-bef7-4f53-a43e-1ce61922355d,2025-05-05 15:43:00+00:00,2025-05-05 15:43:00+00:00,{},False
BACKTESTER-001,MovingAverageCrossover-MA_CROSS,EUR/USD.IDEALPRO,IDEALPRO-1-113,IDEALPRO-001,IDEALPRO-1-124965,EUR/USD.IDEALPRO-MovingAverageCrossover-MA_CROSS,SELL,STOP_MARKET,99999.99,1.13176,USD,2.26 USD,TAKER,0eb59a56-b1bc-4740-8da2-fa238a41240f,2025-05-05 15:43:00+00:00,2025-05-05 15:43:00+00:00,{},False
BACKTESTER-001,MovingAverageCrossover-MA_CROSS,EUR/USD.IDEALPRO,IDEALPRO-1-115,IDEALPRO-001,IDEALPRO-1-125508,EUR/USD.IDEALPRO-MovingAverageCrossover-MA_CROSS,SELL,MARKET,0.01,1.12861,USD,0.00 USD,TAKER,d93ea288-5d81-4f36-b8f6-f26d8adc2a34,2025-05-06 01:00:00+00:00,2025-05-06 01:00:00+00:00,{},False
BACKTESTER-001,MovingAverageCrossover-MA_CROSS,EUR/USD.IDEALPRO,IDEALPRO-1-115,IDEALPRO-001,IDEALPRO-1-125509,EUR/USD.IDEALPRO-MovingAverageCrossover-MA_CROSS,SELL,MARKET,99999.99,1.12860,USD,2.26 USD,TAKER,4b8c1964-235c-4dd4-b54f-3a51bce0412a,2025-05-06 01:00:00+00:00,2025-05-06 01:00:00+00:00,{},False
BACKTESTER-001,MovingAverageCrossover-MA_CROSS,EUR/USD.IDEALPRO,IDEALPRO-1-116,IDEALPRO-001,IDEALPRO-1-125563,EUR/USD.IDEALPRO-MovingAverageCrossover-MA_CROSS,BUY,STOP_MARKET,0.01,1.12961,USD,0.00 USD,TAKER,893fb56f-22c6-479f-ab5c-105766b0d58d,2025-05-06 01:53:00+00:00,2025-05-06 01:53:00+00:00,{},False
BACKTESTER-001,MovingAverageCrossover-MA_CROSS,EUR/USD.IDEALPRO,IDEALPRO-1-116,IDEALPRO-001,IDEALPRO-1-125564,EUR/USD.IDEALPRO-MovingAverageCrossover-MA_CROSS,BUY,STOP_MARKET,99999.99,1.12962,USD,2.26 USD,TAKER,a4da85d5-6b21-4884-9c4d-52a3febccea5,2025-05-06 01:53:00+00:00,2025-05-06 01:53:00+00:00,{},False
BACKTESTER-001,MovingAverageCrossover-MA_CROSS,EUR/USD.IDEALPRO,IDEALPRO-1-118,IDEALPRO-001,IDEALPRO-1-126127,EUR/USD.IDEALPRO-MovingAverageCrossover-MA_CROSS,BUY,MARKET,0.01,1.13267,USD,0.00 USD,TAKER,eaf72f4f-3ca5-4e03-b1ee-09e06ba6a953,2025-05-06 11:15:00+00:00,2025-05-06 11:15:00+00:00,{},False
BACKTESTER-001,MovingAverageCrossover-MA_CROSS,EUR/USD.IDEALPRO,IDEALPRO-1-118,IDEALPRO-001,IDEALPRO-1-126128,EUR/USD.IDEALPRO-MovingAverageCrossover-MA_CROSS,BUY,MARKET,99999.99,1.13268,USD,2.27 USD,TAKER,a26b12e5-5b6c-4b76-a7d1-ddf5b4e412ff,2025-05-06 11:15:00+00:00,2025-05-06 11:15:00+00:00,{},False
BACKTESTER-001,MovingAverageCrossover-MA_CROSS,EUR/USD.IDEALPRO,IDEALPRO-1-120,IDEALPRO-001,IDEALPRO-1-126311,EUR/USD.IDEALPRO-MovingAverageCrossover-MA_CROSS,SELL,LIMIT,0.01,1.13667,USD,0.00 USD,MAKER,2c603681-a54d-4e27-aa10-0f965eee5179,2025-05-06 14:17:00+00:00,2025-05-06 14:17:00+00:00,{},False
BACKTESTER-001,MovingAverageCrossover-MA_CROSS,EUR/USD.IDEALPRO,IDEALPRO-1-120,IDEALPRO-001,IDEALPRO-1-126312,EUR/USD.IDEALPRO-MovingAverageCrossover-MA_CROSS,SELL,LIMIT,99999.99,1.13667,USD,2.27 USD,MAKER,475d637c-72bf-4d8d-b7d7-3b2e9c7ced7f,2025-05-06 14:17:00+00:00,2025-05-06 14:17:00+00:00,{},False
BACKTESTER-001,MovingAverageCrossover-MA_CROSS,EUR/USD.IDEALPRO,IDEALPRO-1-121,IDEALPRO-001,IDEALPRO-1-128246,EUR/USD.IDEALPRO-MovingAverageCrossover-MA_CROSS,SELL,MARKET,0.01,1.13013,USD,0.00 USD,TAKER,438e9816-9a0a-49f4-a6be-7fda5933434d,2025-05-07 23:00:00+00:00,2025-05-07 23:00:00+00:00,{},False
BACKTESTER-001,MovingAverageCrossover-MA_CROSS,EUR/USD.IDEALPRO,IDEALPRO-1-121,IDEALPRO-001,IDEALPRO-1-128247,EUR/USD.IDEALPRO-MovingAverageCrossover-MA_CROSS,SELL,MARKET,99999.99,1.13012,USD,2.26 USD,TAKER,c6bc0955-9e35-422b-992d-4e31dd592a9a,2025-05-07 23:00:00+00:00,2025-05-07 23:00:00+00:00,{},False
BACKTESTER-001,MovingAverageCrossover-MA_CROSS,EUR/USD.IDEALPRO,IDEALPRO-1-122,IDEALPRO-001,IDEALPRO-1-128316,EUR/USD.IDEALPRO-MovingAverageCrossover-MA_CROSS,BUY,STOP_MARKET,0.01,1.13113,USD,0.00 USD,TAKER,f9d01552-b979-4f65-8857-0d0f0096aaf8,2025-05-08 00:08:00+00:00,2025-05-08 00:08:00+00:00,{},False
BACKTESTER-001,MovingAverageCrossover-MA_CROSS,EUR/USD.IDEALPRO,IDEALPRO-1-122,IDEALPRO-001,IDEALPRO-1-128317,EUR/USD.IDEALPRO-MovingAverageCrossover-MA_CROSS,BUY,STOP_MARKET,99999.99,1.13114,USD,2.26 USD,TAKER,4c2be6db-9364-4477-b50d-fb25bed3c922,2025-05-08 00:08:00+00:00,2025-05-08 00:08:00+00:00,{},False
BACKTESTER-001,MovingAverageCrossover-MA_CROSS,EUR/USD.IDEALPRO,IDEALPRO-1-124,IDEALPRO-001,IDEALPRO-1-134040,EUR/USD.IDEALPRO-MovingAverageCrossover-MA_CROSS,BUY,MARKET,0.01,1.11936,USD,0.00 USD,TAKER,2792a2be-1f91-4f48-b892-c63439467e76,2025-05-14 00:30:00+00:00,2025-05-14 00:30:00+00:00,{},False
BACKTESTER-001,MovingAverageCrossover-MA_CROSS,EUR/USD.IDEALPRO,IDEALPRO-1-124,IDEALPRO-001,IDEALPRO-1-134041,EUR/USD.IDEALPRO-MovingAverageCrossover-MA_CROSS,BUY,MARKET,99999.99,1.11937,USD,2.24 USD,TAKER,080141c1-d9de-4d6d-9d2b-ff10bd7f1ec3,2025-05-14 00:30:00+00:00,2025-05-14 00:30:00+00:00,{},False
BACKTESTER-001,MovingAverageCrossover-MA_CROSS,EUR/USD.IDEALPRO,IDEALPRO-1-125,IDEALPRO-001,IDEALPRO-1-134169,EUR/USD.IDEALPRO-MovingAverageCrossover-MA_CROSS,SELL,STOP_MARKET,0.01,1.11836,USD,0.00 USD,TAKER,e2bcde0c-aa97-4a22-8d06-6435f1766d1a,2025-05-14 02:37:00+00:00,2025-05-14 02:37:00+00:00,{},False
BACKTESTER-001,MovingAverageCrossover-MA_CROSS,EUR/USD.IDEALPRO,IDEALPRO-1-125,IDEALPRO-001,IDEALPRO-1-134170,EUR/USD.IDEALPRO-MovingAverageCrossover-MA_CROSS,SELL,STOP_MARKET,99999.99,1.11835,USD,2.24 USD,TAKER,1ff3bb8d-18ba-4fbb-9b21-71bf6943ffc5,2025-05-14 02:37:00+00:00,2025-05-14 02:37:00+00:00,{},False
BACKTESTER-001,MovingAverageCrossover-MA_CROSS,EUR/USD.IDEALPRO,IDEALPRO-1-127,IDEALPRO-001,IDEALPRO-1-137824,EUR/USD.IDEALPRO-MovingAverageCrossover-MA_CROSS,SELL,MARKET,0.01,1.11403,USD,0.00 USD,TAKER,e2450159-6d9d-4e93-9b8d-fd6d4c4e2bf2,2025-05-16 16:00:00+00:00,2025-05-16 16:00:00+00:00,{},False
BACKTESTER-001,MovingAverageCrossover-MA_CROSS,EUR/USD.IDEALPRO,IDEALPRO-1-127,IDEALPRO-001,IDEALPRO-1-137825,EUR/USD.IDEALPRO-MovingAverageCrossover-MA_CROSS,SELL,MARKET,99999.99,1.11402,USD,2.23 USD,TAKER,bcf55ca6-cd6b-4cb8-a4a2-573399124cfd,2025-05-16 16:00:00+00:00,2025-05-16 16:00:00+00:00,{},False
BACKTESTER-001,MovingAverageCrossover-MA_CROSS,EUR/USD.IDEALPRO,IDEALPRO-1-128,IDEALPRO-001,IDEALPRO-1-137988,EUR/USD.IDEALPRO-MovingAverageCrossover-MA_CROSS,BUY,STOP_MARKET,0.01,1.11503,USD,0.00 USD,TAKER,aed542c1-4cd9-4258-ab14-96a792361d6b,2025-05-16 18:42:00+00:00,2025-05-16 18:42:00+00:00,{},False
BACKTESTER-001,MovingAverageCrossover-MA_CROSS,EUR/USD.IDEALPRO,IDEALPRO-1-128,IDEALPRO-001,IDEALPRO-1-137989,EUR/USD.IDEALPRO-MovingAverageCrossover-MA_CROSS,BUY,STOP_MARKET,99999.99,1.11504,USD,2.23 USD,TAKER,4f4e364e-f67d-4c2a-89f2-09e182631eb8,2025-05-16 18:42:00+00:00,2025-05-16 18:42:00+00:00,{},False
BACKTESTER-001,MovingAverageCrossover-MA_CROSS,EUR/USD.IDEALPRO,IDEALPRO-1-130,IDEALPRO-001,IDEALPRO-1-138788,EUR/USD.IDEALPRO-MovingAverageCrossover-MA_CROSS,BUY,MARKET,0.01,1.12483,USD,0.00 USD,TAKER,b186445f-1ca5-48f3-818b-c2691065b6c9,2025-05-19 08:15:00+00:00,2025-05-19 08:15:00+00:00,{},False
BACKTESTER-001,MovingAverageCrossover-MA_CROSS,EUR/USD.IDEALPRO,IDEALPRO-1-130,IDEALPRO-001,IDEALPRO-1-138789,EUR/USD.IDEALPRO-MovingAverageCrossover-MA_CROSS,BUY,MARKET,99999.99,1.12484,USD,2.25 USD,TAKER,0a7f6fc7-c3b0-40b7-bc3d-4ad3569167e4,2025-05-19 08:15:00+00:00,2025-05-19 08:15:00+00:00,{},False
BACKTESTER-001,MovingAverageCrossover-MA_CROSS,EUR/USD.IDEALPRO,IDEALPRO-1-131,IDEALPRO-001,IDEALPRO-1-139251,EUR/USD.IDEALPRO-MovingAverageCrossover-MA_CROSS,SELL,STOP_MARKET,0.01,1.12383,USD,0.00 USD,TAKER,219819d0-70d6-40d6-8932-09940fe7820a,2025-05-19 15:56:00+00:00,2025-05-19 15:56:00+00:00,{},False
BACKTESTER-001,MovingAverageCrossover-MA_CROSS,EUR/USD.IDEALPRO,IDEALPRO-1-131,IDEALPRO-001,IDEALPRO-1-139252,EUR/USD.IDEALPRO-MovingAverageCrossover-MA_CROSS,SELL,STOP_MARKET,99999.99,1.12382,USD,2.25 USD,TAKER,a6b0d3c3-3895-4e7e-9617-94fa354ce480,2025-05-19 15:56:00+00:00,2025-05-19 15:56:00+00:00,{},False
BACKTESTER-001,MovingAverageCrossover-MA_CROSS,EUR/USD.IDEALPRO,IDEALPRO-1-133,IDEALPRO-001,IDEALPRO-1-143982,EUR/USD.IDEALPRO-MovingAverageCrossover-MA_CROSS,SELL,MARKET,0.01,1.12837,USD,0.00 USD,TAKER,7f7a68c6-c21d-4b2c-8257-965437cd3244,2025-05-22 23:45:00+00:00,2025-05-22 23:45:00+00:00,{},False
BACKTESTER-001,MovingAverageCrossover-MA_CROSS,EUR/USD.IDEALPRO,IDEALPRO-1-133,IDEALPRO-001,IDEALPRO-1-143983,EUR/USD.IDEALPRO-MovingAverageCrossover-MA_CROSS,SELL,MARKET,99999.99,1.12836,USD,2.26 USD,TAKER,05a53c5a-de90-4cda-a3e2-dc4f7a1c7034,2025-05-22 23:45:00+00:00,2025-05-22 23:45:00+00:00,{},False
BACKTESTER-001,MovingAverageCrossover-MA_CROSS,EUR/USD.IDEALPRO,IDEALPRO-1-134,IDEALPRO-001,IDEALPRO-1-144032,EUR/USD.IDEALPRO-MovingAverageCrossover-MA_CROSS,BUY,STOP_MARKET,0.01,1.12937,USD,0.00 USD,TAKER,a0143f87-412f-477b-af3f-88a994579820,2025-05-23 00:33:00+00:00,2025-05-23 00:33:00+00:00,{},False
BACKTESTER-001,MovingAverageCrossover-MA_CROSS,EUR/USD.IDEALPRO,IDEALPRO-1-134,IDEALPRO-001,IDEALPRO-1-144033,EUR/USD.IDEALPRO-MovingAverageCrossover-MA_CROSS,BUY,STOP_MARKET,99999.99,1.12938,USD,2.26 USD,TAKER,ae715669-4039-44d0-9b6e-c1f5d60e91bb,2025-05-23 00:33:00+00:00,2025-05-23 00:33:00+00:00,{},False
BACKTESTER-001,MovingAverageCrossover-MA_CROSS,EUR/USD.IDEALPRO,IDEALPRO-1-136,IDEALPRO-001,IDEALPRO-1-144496,EUR/USD.IDEALPRO-MovingAverageCrossover-MA_CROSS,BUY,MARKET,0.01,1.13441,USD,0.00 USD,TAKER,bf25f906-b28d-4af6-9088-03af196530b7,2025-05-23 08:15:00+00:00,2025-05-23 08:15:00+00:00,{},False
BACKTESTER-001,MovingAverageCrossover-MA_CROSS,EUR/USD.IDEALPRO,IDEALPRO-1-136,IDEALPRO-001,IDEALPRO-1-144497,EUR/USD.IDEALPRO-MovingAverageCrossover-MA_CROSS,BUY,MARKET,99999.99,1.13442,USD,2.27 USD,TAKER,3360a542-da91-4e52-b43a-96732a2b4b20,2025-05-23 08:15:00+00:00,2025-05-23 08:15:00+00:00,{},False
BACKTESTER-001,MovingAverageCrossover-MA_CROSS,EUR/USD.IDEALPRO,IDEALPRO-1-137,IDEALPRO-001,IDEALPRO-1-144514,EUR/USD.IDEALPRO-MovingAverageCrossover-MA_CROSS,SELL,STOP_MARKET,0.01,1.13341,USD,0.00 USD,TAKER,945a51d0-2d98-4b39-b1a4-f35ae370791a,2025-05-23 08:31:00+00:00,2025-05-23 08:31:00+00:00,{},False
BACKTESTER-001,MovingAverageCrossover-MA_CROSS,EUR/USD.IDEALPRO,IDEALPRO-1-137,IDEALPRO-001,IDEALPRO-1-144515,EUR/USD.IDEALPRO-MovingAverageCrossover-MA_CROSS,SELL,STOP_MARKET,99999.99,1.13340,USD,2.27 USD,TAKER,3adc53fc-b9eb-473e-bd3e-cef019205caa,2025-05-23 08:31:00+00:00,2025-05-23 08:31:00+00:00,{},False
BACKTESTER-001,MovingAverageCrossover-MA_CROSS,EUR/USD.IDEALPRO,IDEALPRO-1-139,IDEALPRO-001,IDEALPRO-1-147755,EUR/USD.IDEALPRO-MovingAverageCrossover-MA_CROSS,SELL,MARKET,0.01,1.13411,USD,0.00 USD,TAKER,191a98d2-06c8-48e4-9b36-df500cd50a37,2025-05-27 15:00:00+00:00,2025-05-27 15:00:00+00:00,{},False
BACKTESTER-001,MovingAverageCrossover-MA_CROSS,EUR/USD.IDEALPRO,IDEALPRO-1-139,IDEALPRO-001,IDEALPRO-1-147756,EUR/USD.IDEALPRO-MovingAverageCrossover-MA_CROSS,SELL,MARKET,99999.99,1.13410,USD,2.27 USD,TAKER,faf850fe-5a76-4310-9989-6a074eeeed8c,2025-05-27 15:00:00+00:00,2025-05-27 15:00:00+00:00,{},False
BACKTESTER-001,MovingAverageCrossover-MA_CROSS,EUR/USD.IDEALPRO,IDEALPRO-1-141,IDEALPRO-001,IDEALPRO-1-148459,EUR/USD.IDEALPRO-MovingAverageCrossover-MA_CROSS,BUY,LIMIT,0.01,1.13011,USD,0.00 USD,MAKER,196bc80d-164f-4da9-aa0e-cd7a33429762,2025-05-28 02:57:00+00:00,2025-05-28 02:57:00+00:00,{},False
BACKTESTER-001,MovingAverageCrossover-MA_CROSS,EUR/USD.IDEALPRO,IDEALPRO-1-141,IDEALPRO-001,IDEALPRO-1-148460,EUR/USD.IDEALPRO-MovingAverageCrossover-MA_CROSS,BUY,LIMIT,99999.99,1.13011,USD,2.26 USD,MAKER,660ab89b-73ab-4aa7-a578-1a83d4880710,2025-05-28 02:57:00+00:00,2025-05-28 02:57:00+00:00,{},False
BACKTESTER-001,MovingAverageCrossover-MA_CROSS,EUR/USD.IDEALPRO,IDEALPRO-1-142,IDEALPRO-001,IDEALPRO-1-150804,EUR/USD.IDEALPRO-MovingAverageCrossover-MA_CROSS,BUY,MARKET,0.01,1.13827,USD,0.00 USD,TAKER,def3445a-e4c4-4ab3-ba74-fa3c35835345,2025-05-29 18:15:00+00:00,2025-05-29 18:15:00+00:00,{},False
BACKTESTER-001,MovingAverageCrossover-MA_CROSS,EUR/USD.IDEALPRO,IDEALPRO-1-142,IDEALPRO-001,IDEALPRO-1-150805,EUR/USD.IDEALPRO-MovingAverageCrossover-MA_CROSS,BUY,MARKET,99999.99,1.13828,USD,2.28 USD,TAKER,124e03ec-48ff-4073-9a37-2637107c50d7,2025-05-29 18:15:00+00:00,2025-05-29 18:15:00+00:00,{},False
BACKTESTER-001,MovingAverageCrossover-MA_CROSS,EUR/USD.IDEALPRO,IDEALPRO-1-143,IDEALPRO-001,IDEALPRO-1-150870,EUR/USD.IDEALPRO-MovingAverageCrossover-MA_CROSS,SELL,STOP_MARKET,0.01,1.13727,USD,0.00 USD,TAKER,21193cce-68bb-471c-bf6d-df1df0e8f1da,2025-05-29 19:19:00+00:00,2025-05-29 19:19:00+00:00,{},False
BACKTESTER-001,MovingAverageCrossover-MA_CROSS,EUR/USD.IDEALPRO,IDEALPRO-1-143,IDEALPRO-001,IDEALPRO-1-150871,EUR/USD.IDEALPRO-MovingAverageCrossover-MA_CROSS,SELL,STOP_MARKET,99999.99,1.13726,USD,2.27 USD,TAKER,30b22df2-ed55-4e4d-87d6-ac58372d3537,2025-05-29 19:19:00+00:00,2025-05-29 19:19:00+00:00,{},False
BACKTESTER-001,MovingAverageCrossover-MA_CROSS,EUR/USD.IDEALPRO,IDEALPRO-1-145,IDEALPRO-001,IDEALPRO-1-155158,EUR/USD.IDEALPRO-MovingAverageCrossover-MA_CROSS,SELL,MARKET,0.01,1.13723,USD,0.00 USD,TAKER,b4eccd72-02c4-4bb6-8300-ae35b966f9bf,2025-06-03 19:30:00+00:00,2025-06-03 19:30:00+00:00,{},False
BACKTESTER-001,MovingAverageCrossover-MA_CROSS,EUR/USD.IDEALPRO,IDEALPRO-1-145,IDEALPRO-001,IDEALPRO-1-155159,EUR/USD.IDEALPRO-MovingAverageCrossover-MA_CROSS,SELL,MARKET,99999.99,1.13722,USD,2.27 USD,TAKER,9cb757a1-4490-46db-8fe0-31478d57607e,2025-06-03 19:30:00+00:00,2025-06-03 19:30:00+00:00,{},False
BACKTESTER-001,MovingAverageCrossover-MA_CROSS,EUR/USD.IDEALPRO,IDEALPRO-1-146,IDEALPRO-001,IDEALPRO-1-155399,EUR/USD.IDEALPRO-MovingAverageCrossover-MA_CROSS,BUY,STOP_MARKET,0.01,1.13823,USD,0.00 USD,TAKER,b5ec42ee-2182-4ed3-9e9a-c2059b9cf511,2025-06-03 23:44:00+00:00,2025-06-03 23:44:00+00:00,{},False
BACKTESTER-001,MovingAverageCrossover-MA_CROSS,EUR/USD.IDEALPRO,IDEALPRO-1-146,IDEALPRO-001,IDEALPRO-1-155400,EUR/USD.IDEALPRO-MovingAverageCrossover-MA_CROSS,BUY,STOP_MARKET,99999.99,1.13824,USD,2.28 USD,TAKER,809bda51-3533-4b71-83dd-d9873f0cd981,2025-06-03 23:44:00+00:00,2025-06-03 23:44:00+00:00,{},False
BACKTESTER-001,MovingAverageCrossover-MA_CROSS,EUR/USD.IDEALPRO,IDEALPRO-1-148,IDEALPRO-001,IDEALPRO-1-156452,EUR/USD.IDEALPRO-MovingAverageCrossover-MA_CROSS,BUY,MARKET,0.01,1.14298,USD,0.00 USD,TAKER,3ed0a1d7-aea8-42c3-b3bc-641536a915be,2025-06-04 17:15:00+00:00,2025-06-04 17:15:00+00:00,{},False
BACKTESTER-001,MovingAverageCrossover-MA_CROSS,EUR/USD.IDEALPRO,IDEALPRO-1-148,IDEALPRO-001,IDEALPRO-1-156453,EUR/USD.IDEALPRO-MovingAverageCrossover-MA_CROSS,BUY,MARKET,99999.99,1.14299,USD,2.29 USD,TAKER,95bbc1c6-ea78-40fa-9de6-9916d55d17da,2025-06-04 17:15:00+00:00,2025-06-04 17:15:00+00:00,{},False
BACKTESTER-001,MovingAverageCrossover-MA_CROSS,EUR/USD.IDEALPRO,IDEALPRO-1-149,IDEALPRO-001,IDEALPRO-1-156562,EUR/USD.IDEALPRO-MovingAverageCrossover-MA_CROSS,SELL,STOP_MARKET,0.01,1.14198,USD,0.00 USD,TAKER,4f4b6e04-c0d8-4105-9d11-4366f641d25f,2025-06-04 19:03:00+00:00,2025-06-04 19:03:00+00:00,{},False
BACKTESTER-001,MovingAverageCrossover-MA_CROSS,EUR/USD.IDEALPRO,IDEALPRO-1-149,IDEALPRO-001,IDEALPRO-1-156563,EUR/USD.IDEALPRO-MovingAverageCrossover-MA_CROSS,SELL,STOP_MARKET,99999.99,1.14197,USD,2.28 USD,TAKER,e5b06d53-afa7-40b5-8bbd-d106af140f9e,2025-06-04 19:03:00+00:00,2025-06-04 19:03:00+00:00,{},False
BACKTESTER-001,MovingAverageCrossover-MA_CROSS,EUR/USD.IDEALPRO,IDEALPRO-1-151,IDEALPRO-001,IDEALPRO-1-159291,EUR/USD.IDEALPRO-MovingAverageCrossover-MA_CROSS,SELL,MARKET,0.01,1.13872,USD,0.00 USD,TAKER,accfcba3-5744-4d0e-9816-70cc505551d9,2025-06-06 17:00:00+00:00,2025-06-06 17:00:00+00:00,{},False
BACKTESTER-001,MovingAverageCrossover-MA_CROSS,EUR/USD.IDEALPRO,IDEALPRO-1-151,IDEALPRO-001,IDEALPRO-1-159292,EUR/USD.IDEALPRO-MovingAverageCrossover-MA_CROSS,SELL,MARKET,99999.99,1.13871,USD,2.28 USD,TAKER,ffadf893-20d5-4049-b685-9dd08a9ccfd1,2025-06-06 17:00:00+00:00,2025-06-06 17:00:00+00:00,{},False
BACKTESTER-001,MovingAverageCrossover-MA_CROSS,EUR/USD.IDEALPRO,IDEALPRO-1-152,IDEALPRO-001,IDEALPRO-1-159314,EUR/USD.IDEALPRO-MovingAverageCrossover-MA_CROSS,BUY,STOP_MARKET,0.01,1.13972,USD,0.00 USD,TAKER,a30ddf2d-9374-4793-9258-5d8debe24289,2025-06-06 17:21:00+00:00,2025-06-06 17:21:00+00:00,{},False
BACKTESTER-001,MovingAverageCrossover-MA_CROSS,EUR/USD.IDEALPRO,IDEALPRO-1-152,IDEALPRO-001,IDEALPRO-1-159315,EUR/USD.IDEALPRO-MovingAverageCrossover-MA_CROSS,BUY,STOP_MARKET,99999.99,1.13973,USD,2.28 USD,TAKER,a43a01b5-d961-44ea-a034-23a9516e9eca,2025-06-06 17:21:00+00:00,2025-06-06 17:21:00+00:00,{},False
BACKTESTER-001,MovingAverageCrossover-MA_CROSS,EUR/USD.IDEALPRO,IDEALPRO-1-154,IDEALPRO-001,IDEALPRO-1-162205,EUR/USD.IDEALPRO-MovingAverageCrossover-MA_CROSS,BUY,MARKET,0.01,1.14230,USD,0.00 USD,TAKER,c341da6f-ddad-4988-9526-b5b666e93e58,2025-06-10 18:00:00+00:00,2025-06-10 18:00:00+00:00,{},False
BACKTESTER-001,MovingAverageCrossover-MA_CROSS,EUR/USD.IDEALPRO,IDEALPRO-1-154,IDEALPRO-001,IDEALPRO-1-162206,EUR/USD.IDEALPRO-MovingAverageCrossover-MA_CROSS,BUY,MARKET,99999.99,1.14231,USD,2.28 USD,TAKER,1de2f179-d2e3-4f30-b64d-4b3c5dfbe9c8,2025-06-10 18:00:00+00:00,2025-06-10 18:00:00+00:00,{},False
BACKTESTER-001,MovingAverageCrossover-MA_CROSS,EUR/USD.IDEALPRO,IDEALPRO-1-155,IDEALPRO-001,IDEALPRO-1-162665,EUR/USD.IDEALPRO-MovingAverageCrossover-MA_CROSS,SELL,STOP_MARKET,0.01,1.14130,USD,0.00 USD,TAKER,bbadfac9-e28b-4fb8-a91b-c35783ac065e,2025-06-11 01:53:00+00:00,2025-06-11 01:53:00+00:00,{},False
BACKTESTER-001,MovingAverageCrossover-MA_CROSS,EUR/USD.IDEALPRO,IDEALPRO-1-155,IDEALPRO-001,IDEALPRO-1-162666,EUR/USD.IDEALPRO-MovingAverageCrossover-MA_CROSS,SELL,STOP_MARKET,99999.99,1.14129,USD,2.28 USD,TAKER,ba31d987-a8fa-453b-9e83-7bcc1e76341f,2025-06-11 01:53:00+00:00,2025-06-11 01:53:00+00:00,{},False
BACKTESTER-001,MovingAverageCrossover-MA_CROSS,EUR/USD.IDEALPRO,IDEALPRO-1-157,IDEALPRO-001,IDEALPRO-1-168614,EUR/USD.IDEALPRO-MovingAverageCrossover-MA_CROSS,SELL,MARKET,0.01,1.15580,USD,0.00 USD,TAKER,198f9881-abe3-4802-b69d-4c6798492e50,2025-06-17 06:00:00+00:00,2025-06-17 06:00:00+00:00,{},False
BACKTESTER-001,MovingAverageCrossover-MA_CROSS,EUR/USD.IDEALPRO,IDEALPRO-1-157,IDEALPRO-001,IDEALPRO-1-168615,EUR/USD.IDEALPRO-MovingAverageCrossover-MA_CROSS,SELL,MARKET,99999.99,1.15579,USD,2.31 USD,TAKER,e2fe083e-7047-4042-8e88-db0bcc68013d,2025-06-17 06:00:00+00:00,2025-06-17 06:00:00+00:00,{},False
BACKTESTER-001,MovingAverageCrossover-MA_CROSS,EUR/USD.IDEALPRO,IDEALPRO-1-158,IDEALPRO-001,IDEALPRO-1-168639,EUR/USD.IDEALPRO-MovingAverageCrossover-MA_CROSS,BUY,STOP_MARKET,0.01,1.15680,USD,0.00 USD,TAKER,7b67f854-3774-4be5-ae64-14725c4f96e3,2025-06-17 06:23:00+00:00,2025-06-17 06:23:00+00:00,{},False
BACKTESTER-001,MovingAverageCrossover-MA_CROSS,EUR/USD.IDEALPRO,IDEALPRO-1-158,IDEALPRO-001,IDEALPRO-1-168640,EUR/USD.IDEALPRO-MovingAverageCrossover-MA_CROSS,BUY,STOP_MARKET,99999.99,1.15681,USD,2.31 USD,TAKER,c13466d8-4add-4237-b154-3fa12b71b705,2025-06-17 06:23:00+00:00,2025-06-17 06:23:00+00:00,{},False
BACKTESTER-001,MovingAverageCrossover-MA_CROSS,EUR/USD.IDEALPRO,IDEALPRO-1-160,IDEALPRO-001,IDEALPRO-1-168828,EUR/USD.IDEALPRO-MovingAverageCrossover-MA_CROSS,BUY,MARKET,0.01,1.15565,USD,0.00 USD,TAKER,26c0da44-b227-4948-9444-f241aef6104d,2025-06-17 09:30:00+00:00,2025-06-17 09:30:00+00:00,{},False
BACKTESTER-001,MovingAverageCrossover-MA_CROSS,EUR/USD.IDEALPRO,IDEALPRO-1-160,IDEALPRO-001,IDEALPRO-1-168829,EUR/USD.IDEALPRO-MovingAverageCrossover-MA_CROSS,BUY,MARKET,99999.99,1.15566,USD,2.31 USD,TAKER,7abfdb0b-4829-488f-8daa-1e225bcd748d,2025-06-17 09:30:00+00:00,2025-06-17 09:30:00+00:00,{},False
BACKTESTER-001,MovingAverageCrossover-MA_CROSS,EUR/USD.IDEALPRO,IDEALPRO-1-161,IDEALPRO-001,IDEALPRO-1-169119,EUR/USD.IDEALPRO-MovingAverageCrossover-MA_CROSS,SELL,STOP_MARKET,0.01,1.15465,USD,0.00 USD,TAKER,bafc3ee4-8c7b-452a-92dd-b86453df47f1,2025-06-17 14:19:00+00:00,2025-06-17 14:19:00+00:00,{},False
BACKTESTER-001,MovingAverageCrossover-MA_CROSS,EUR/USD.IDEALPRO,IDEALPRO-1-161,IDEALPRO-001,IDEALPRO-1-169120,EUR/USD.IDEALPRO-MovingAverageCrossover-MA_CROSS,SELL,STOP_MARKET,99999.99,1.15464,USD,2.31 USD,TAKER,a5c86f78-3bf5-4c5a-862a-b51194c636eb,2025-06-17 14:19:00+00:00,2025-06-17 14:19:00+00:00,{},False
BACKTESTER-001,MovingAverageCrossover-MA_CROSS,EUR/USD.IDEALPRO,IDEALPRO-1-163,IDEALPRO-001,IDEALPRO-1-169267,EUR/USD.IDEALPRO-MovingAverageCrossover-MA_CROSS,SELL,MARKET,0.01,1.15206,USD,0.00 USD,TAKER,a9e7f148-5810-4592-9b90-48b7f6fcb83b,2025-06-17 16:45:00+00:00,2025-06-17 16:45:00+00:00,{},False
BACKTESTER-001,MovingAverageCrossover-MA_CROSS,EUR/USD.IDEALPRO,IDEALPRO-1-163,IDEALPRO-001,IDEALPRO-1-169268,EUR/USD.IDEALPRO-MovingAverageCrossover-MA_CROSS,SELL,MARKET,99999.99,1.15205,USD,2.30 USD,TAKER,c2b42773-7e51-488a-8c4e-7eacc3e8377f,2025-06-17 16:45:00+00:00,2025-06-17 16:45:00+00:00,{},False
BACKTESTER-001,MovingAverageCrossover-MA_CROSS,EUR/USD.IDEALPRO,IDEALPRO-1-165,IDEALPRO-001,IDEALPRO-1-169331,EUR/USD.IDEALPRO-MovingAverageCrossover-MA_CROSS,BUY,LIMIT,0.01,1.14806,USD,0.00 USD,MAKER,15f12111-8907-47d4-b1fe-71d5570788c5,2025-06-17 17:47:00+00:00,2025-06-17 17:47:00+00:00,{},False
BACKTESTER-001,MovingAverageCrossover-MA_CROSS,EUR/USD.IDEALPRO,IDEALPRO-1-165,IDEALPRO-001,IDEALPRO-1-169332,EUR/USD.IDEALPRO-MovingAverageCrossover-MA_CROSS,BUY,LIMIT,99999.99,1.14806,USD,2.30 USD,MAKER,d560e97d-6e44-4258-a5d2-fcaa9da299bb,2025-06-17 17:47:00+00:00,2025-06-17 17:47:00+00:00,{},False
BACKTESTER-001,MovingAverageCrossover-MA_CROSS,EUR/USD.IDEALPRO,IDEALPRO-1-166,IDEALPRO-001,IDEALPRO-1-172736,EUR/USD.IDEALPRO-MovingAverageCrossover-MA_CROSS,BUY,MARKET,0.01,1.15230,USD,0.00 USD,TAKER,2a6cbf72-734e-4f85-a5d1-6dd3c2b86d95,2025-06-20 03:15:00+00:00,2025-06-20 03:15:00+00:00,{},False
BACKTESTER-001,MovingAverageCrossover-MA_CROSS,EUR/USD.IDEALPRO,IDEALPRO-1-166,IDEALPRO-001,IDEALPRO-1-172737,EUR/USD.IDEALPRO-MovingAverageCrossover-MA_CROSS,BUY,MARKET,99999.99,1.15231,USD,2.30 USD,TAKER,230086ec-b906-4653-9c43-450a0000f989,2025-06-20 03:15:00+00:00,2025-06-20 03:15:00+00:00,{},False
BACKTESTER-001,MovingAverageCrossover-MA_CROSS,EUR/USD.IDEALPRO,IDEALPRO-1-167,IDEALPRO-001,IDEALPRO-1-172965,EUR/USD.IDEALPRO-MovingAverageCrossover-MA_CROSS,SELL,STOP_MARKET,0.01,1.15130,USD,0.00 USD,TAKER,7dac259c-982e-4a72-97a1-3fe9460282c8,2025-06-20 07:02:00+00:00,2025-06-20 07:02:00+00:00,{},False
BACKTESTER-001,MovingAverageCrossover-MA_CROSS,EUR/USD.IDEALPRO,IDEALPRO-1-167,IDEALPRO-001,IDEALPRO-1-172966,EUR/USD.IDEALPRO-MovingAverageCrossover-MA_CROSS,SELL,STOP_MARKET,99999.99,1.15129,USD,2.30 USD,TAKER,d5500136-cfa8-453a-9b83-1d0f0e2ad566,2025-06-20 07:02:00+00:00,2025-06-20 07:02:00+00:00,{},False
BACKTESTER-001,MovingAverageCrossover-MA_CROSS,EUR/USD.IDEALPRO,IDEALPRO-1-169,IDEALPRO-001,IDEALPRO-1-174375,EUR/USD.IDEALPRO-MovingAverageCrossover-MA_CROSS,SELL,MARKET,0.01,1.15071,USD,0.00 USD,TAKER,2f384276-a1be-44fc-b67d-ddf77d939bd2,2025-06-23 06:45:00+00:00,2025-06-23 06:45:00+00:00,{},False
BACKTESTER-001,MovingAverageCrossover-MA_CROSS,EUR/USD.IDEALPRO,IDEALPRO-1-169,IDEALPRO-001,IDEALPRO-1-174376,EUR/USD.IDEALPRO-MovingAverageCrossover-MA_CROSS,SELL,MARKET,99999.99,1.15070,USD,2.30 USD,TAKER,dbb188bb-b00d-41f4-bf91-42e51a750506,2025-06-23 06:45:00+00:00,2025-06-23 06:45:00+00:00,{},False
BACKTESTER-001,MovingAverageCrossover-MA_CROSS,EUR/USD.IDEALPRO,IDEALPRO-1-171,IDEALPRO-001,IDEALPRO-1-174522,EUR/USD.IDEALPRO-MovingAverageCrossover-MA_CROSS,BUY,LIMIT,0.01,1.14671,USD,0.00 USD,MAKER,90e91da0-e05a-438e-9344-431619b52136,2025-06-23 09:10:00+00:00,2025-06-23 09:10:00+00:00,{},False
BACKTESTER-001,MovingAverageCrossover-MA_CROSS,EUR/USD.IDEALPRO,IDEALPRO-1-171,IDEALPRO-001,IDEALPRO-1-174523,EUR/USD.IDEALPRO-MovingAverageCrossover-MA_CROSS,BUY,LIMIT,99999.99,1.14671,USD,2.29 USD,MAKER,023e8d87-7bc7-4705-bcdb-8f103f86bf45,2025-06-23 09:10:00+00:00,2025-06-23 09:10:00+00:00,{},False
BACKTESTER-001,MovingAverageCrossover-MA_CROSS,EUR/USD.IDEALPRO,IDEALPRO-1-172,IDEALPRO-001,IDEALPRO-1-175024,EUR/USD.IDEALPRO-MovingAverageCrossover-MA_CROSS,BUY,MARKET,0.01,1.15584,USD,0.00 USD,TAKER,359cd048-6e2a-490c-bd87-9a5f88a621ec,2025-06-23 17:30:00+00:00,2025-06-23 17:30:00+00:00,{},False
BACKTESTER-001,MovingAverageCrossover-MA_CROSS,EUR/USD.IDEALPRO,IDEALPRO-1-172,IDEALPRO-001,IDEALPRO-1-175025,EUR/USD.IDEALPRO-MovingAverageCrossover-MA_CROSS,BUY,MARKET,99999.99,1.15585,USD,2.31 USD,TAKER,482122d2-e7cc-4dda-a9d5-b6e879c98ac6,2025-06-23 17:30:00+00:00,2025-06-23 17:30:00+00:00,{},False
BACKTESTER-001,MovingAverageCrossover-MA_CROSS,EUR/USD.IDEALPRO,IDEALPRO-1-174,IDEALPRO-001,IDEALPRO-1-175303,EUR/USD.IDEALPRO-MovingAverageCrossover-MA_CROSS,SELL,LIMIT,0.01,1.15984,USD,0.00 USD,MAKER,4556a53a-4a01-4d46-9dac-539aa889c668,2025-06-23 22:22:00+00:00,2025-06-23 22:22:00+00:00,{},False
BACKTESTER-001,MovingAverageCrossover-MA_CROSS,EUR/USD.IDEALPRO,IDEALPRO-1-174,IDEALPRO-001,IDEALPRO-1-175304,EUR/USD.IDEALPRO-MovingAverageCrossover-MA_CROSS,SELL,LIMIT,99999.99,1.15984,USD,2.32 USD,MAKER,b8605f58-1fbe-4535-a9b9-8e7c2168a4c5,2025-06-23 22:22:00+00:00,2025-06-23 22:22:00+00:00,{},False
BACKTESTER-001,MovingAverageCrossover-MA_CROSS,EUR/USD.IDEALPRO,IDEALPRO-1-175,IDEALPRO-001,IDEALPRO-1-186263,EUR/USD.IDEALPRO-MovingAverageCrossover-MA_CROSS,SELL,MARKET,0.01,1.17580,USD,0.00 USD,TAKER,39edb9f5-4826-4396-b15a-acf4c864a77b,2025-07-03 14:45:00+00:00,2025-07-03 14:45:00+00:00,{},False
BACKTESTER-001,MovingAverageCrossover-MA_CROSS,EUR/USD.IDEALPRO,IDEALPRO-1-175,IDEALPRO-001,IDEALPRO-1-186264,EUR/USD.IDEALPRO-MovingAverageCrossover-MA_CROSS,SELL,MARKET,99999.99,1.17579,USD,2.35 USD,TAKER,83f1ed0a-8be4-40b7-a5ff-c220eaa25989,2025-07-03 14:45:00+00:00,2025-07-03 14:45:00+00:00,{},False
BACKTESTER-001,MovingAverageCrossover-MA_CROSS,EUR/USD.IDEALPRO,IDEALPRO-1-176,IDEALPRO-001,IDEALPRO-1-186778,EUR/USD.IDEALPRO-MovingAverageCrossover-MA_CROSS,BUY,STOP_MARKET,0.01,1.17680,USD,0.00 USD,TAKER,3d8a9abf-14eb-4927-8c95-12f4d8e36a60,2025-07-03 23:33:00+00:00,2025-07-03 23:33:00+00:00,{},False
BACKTESTER-001,MovingAverageCrossover-MA_CROSS,EUR/USD.IDEALPRO,IDEALPRO-1-176,IDEALPRO-001,IDEALPRO-1-186779,EUR/USD.IDEALPRO-MovingAverageCrossover-MA_CROSS,BUY,STOP_MARKET,99999.99,1.17681,USD,2.35 USD,TAKER,fc8fe1dd-e6bd-42aa-8c35-df983c0ece77,2025-07-03 23:33:00+00:00,2025-07-03 23:33:00+00:00,{},False
BACKTESTER-001,MovingAverageCrossover-MA_CROSS,EUR/USD.IDEALPRO,IDEALPRO-1-178,IDEALPRO-001,IDEALPRO-1-192822,EUR/USD.IDEALPRO-MovingAverageCrossover-MA_CROSS,BUY,MARKET,0.01,1.17370,USD,0.00 USD,TAKER,b16b5a37-970b-420b-8f46-a4eec92475e0,2025-07-10 05:15:00+00:00,2025-07-10 05:15:00+00:00,{},False
BACKTESTER-001,MovingAverageCrossover-MA_CROSS,EUR/USD.IDEALPRO,IDEALPRO-1-178,IDEALPRO-001,IDEALPRO-1-192823,EUR/USD.IDEALPRO-MovingAverageCrossover-MA_CROSS,BUY,MARKET,99999.99,1.17371,USD,2.35 USD,TAKER,0253a821-6789-44ef-b73d-6b996d3616ba,2025-07-10 05:15:00+00:00,2025-07-10 05:15:00+00:00,{},False
BACKTESTER-001,MovingAverageCrossover-MA_CROSS,EUR/USD.IDEALPRO,IDEALPRO-1-179,IDEALPRO-001,IDEALPRO-1-192974,EUR/USD.IDEALPRO-MovingAverageCrossover-MA_CROSS,SELL,STOP_MARKET,0.01,1.17270,USD,0.00 USD,TAKER,583ec9fa-9fee-44ca-a3ed-91ecfbbaf7f1,2025-07-10 07:45:00+00:00,2025-07-10 07:45:00+00:00,{},False
BACKTESTER-001,MovingAverageCrossover-MA_CROSS,EUR/USD.IDEALPRO,IDEALPRO-1-179,IDEALPRO-001,IDEALPRO-1-192975,EUR/USD.IDEALPRO-MovingAverageCrossover-MA_CROSS,SELL,STOP_MARKET,99999.99,1.17269,USD,2.35 USD,TAKER,6f7ef68a-9586-49af-8907-61b6cb213ad2,2025-07-10 07:45:00+00:00,2025-07-10 07:45:00+00:00,{},False
BACKTESTER-001,MovingAverageCrossover-MA_CROSS,EUR/USD.IDEALPRO,IDEALPRO-1-181,IDEALPRO-001,IDEALPRO-1-193516,EUR/USD.IDEALPRO-MovingAverageCrossover-MA_CROSS,SELL,MARKET,0.01,1.16840,USD,0.00 USD,TAKER,675d9869-e0ba-4440-be9e-04533151e328,2025-07-10 16:45:00+00:00,2025-07-10 16:45:00+00:00,{},False
BACKTESTER-001,MovingAverageCrossover-MA_CROSS,EUR/USD.IDEALPRO,IDEALPRO-1-181,IDEALPRO-001,IDEALPRO-1-193517,EUR/USD.IDEALPRO-MovingAverageCrossover-MA_CROSS,SELL,MARKET,99999.99,1.16839,USD,2.34 USD,TAKER,d8b9d43f-ccab-460d-8f27-417d000a3fe4,2025-07-10 16:45:00+00:00,2025-07-10 16:45:00+00:00,{},False
BACKTESTER-001,MovingAverageCrossover-MA_CROSS,EUR/USD.IDEALPRO,IDEALPRO-1-182,IDEALPRO-001,IDEALPRO-1-193605,EUR/USD.IDEALPRO-MovingAverageCrossover-MA_CROSS,BUY,STOP_MARKET,0.01,1.16940,USD,0.00 USD,TAKER,82575de5-f465-4eed-9d3a-25e58a3f6637,2025-07-10 18:12:00+00:00,2025-07-10 18:12:00+00:00,{},False
BACKTESTER-001,MovingAverageCrossover-MA_CROSS,EUR/USD.IDEALPRO,IDEALPRO-1-182,IDEALPRO-001,IDEALPRO-1-193606,EUR/USD.IDEALPRO-MovingAverageCrossover-MA_CROSS,BUY,STOP_MARKET,99999.99,1.16941,USD,2.34 USD,TAKER,994a5b0d-eff8-43ae-9ff1-5703bb2a0b1c,2025-07-10 18:12:00+00:00,2025-07-10 18:12:00+00:00,{},False
BACKTESTER-001,MovingAverageCrossover-MA_CROSS,EUR/USD.IDEALPRO,IDEALPRO-1-184,IDEALPRO-001,IDEALPRO-1-201485,EUR/USD.IDEALPRO-MovingAverageCrossover-MA_CROSS,BUY,MARKET,0.01,1.16206,USD,0.00 USD,TAKER,d5322a3c-f2f5-435e-a9a4-e89a2e872be2,2025-07-18 07:00:00+00:00,2025-07-18 07:00:00+00:00,{},False
BACKTESTER-001,MovingAverageCrossover-MA_CROSS,EUR/USD.IDEALPRO,IDEALPRO-1-184,IDEALPRO-001,IDEALPRO-1-201486,EUR/USD.IDEALPRO-MovingAverageCrossover-MA_CROSS,BUY,MARKET,99999.99,1.16207,USD,2.32 USD,TAKER,e85432b2-f723-4b0e-af09-a180afbe98ce,2025-07-18 07:00:00+00:00,2025-07-18 07:00:00+00:00,{},False
BACKTESTER-001,MovingAverageCrossover-MA_CROSS,EUR/USD.IDEALPRO,IDEALPRO-1-186,IDEALPRO-001,IDEALPRO-1-201871,EUR/USD.IDEALPRO-MovingAverageCrossover-MA_CROSS,SELL,LIMIT,0.01,1.16606,USD,0.00 USD,MAKER,343a6640-d5e2-4a05-ac25-15f3fb653f63,2025-07-18 13:24:00+00:00,2025-07-18 13:24:00+00:00,{},False
BACKTESTER-001,MovingAverageCrossover-MA_CROSS,EUR/USD.IDEALPRO,IDEALPRO-1-186,IDEALPRO-001,IDEALPRO-1-201872,EUR/USD.IDEALPRO-MovingAverageCrossover-MA_CROSS,SELL,LIMIT,99999.99,1.16606,USD,2.33 USD,MAKER,c3ad3917-6221-4d66-be3a-151f6ca56281,2025-07-18 13:24:00+00:00,2025-07-18 13:24:00+00:00,{},False
BACKTESTER-001,MovingAverageCrossover-MA_CROSS,EUR/USD.IDEALPRO,IDEALPRO-1-187,IDEALPRO-001,IDEALPRO-1-208689,EUR/USD.IDEALPRO-MovingAverageCrossover-MA_CROSS,SELL,MARKET,0.01,1.17438,USD,0.00 USD,TAKER,68badf6f-ae3c-4b53-ba9b-4a8fb701f031,2025-07-25 08:15:00+00:00,2025-07-25 08:15:00+00:00,{},False
BACKTESTER-001,MovingAverageCrossover-MA_CROSS,EUR/USD.IDEALPRO,IDEALPRO-1-187,IDEALPRO-001,IDEALPRO-1-208690,EUR/USD.IDEALPRO-MovingAverageCrossover-MA_CROSS,SELL,MARKET,99999.99,1.17437,USD,2.35 USD,TAKER,e64a5178-abcc-4135-8279-0fe6802f7749,2025-07-25 08:15:00+00:00,2025-07-25 08:15:00+00:00,{},False
BACKTESTER-001,MovingAverageCrossover-MA_CROSS,EUR/USD.IDEALPRO,IDEALPRO-1-189,IDEALPRO-001,IDEALPRO-1-208982,EUR/USD.IDEALPRO-MovingAverageCrossover-MA_CROSS,BUY,LIMIT,0.01,1.17038,USD,0.00 USD,MAKER,48fc18b4-f7fb-412e-9103-381d84608756,2025-07-25 13:06:00+00:00,2025-07-25 13:06:00+00:00,{},False
BACKTESTER-001,MovingAverageCrossover-MA_CROSS,EUR/USD.IDEALPRO,IDEALPRO-1-189,IDEALPRO-001,IDEALPRO-1-208983,EUR/USD.IDEALPRO-MovingAverageCrossover-MA_CROSS,BUY,LIMIT,99999.99,1.17038,USD,2.34 USD,MAKER,e9704dc7-69de-487b-8821-6e1d8ec111e6,2025-07-25 13:06:00+00:00,2025-07-25 13:06:00+00:00,{},False
