trader_id,strategy_id,instrument_id,venue_order_id,position_id,account_id,last_trade_id,type,side,quantity,time_in_force,is_reduce_only,is_quote_quantity,filled_qty,liquidity_side,avg_px,slippage,commissions,emulation_trigger,status,contingency_type,order_list_id,linked_order_ids,parent_order_id,exec_algorithm_id,exec_algorithm_params,exec_spawn_id,tags,init_id,ts_init,ts_last,trigger_price,trigger_type,expire_time_ns,trigger_instrument_id,price,is_post_only,display_qty
BACKTESTER-001,MovingAverageCrossover-MA_CROSS,EUR/USD.IDEALPRO,IDEALPRO-1-001,EUR/USD.IDEALPRO-MovingAverageCrossover-MA_CROSS,IDEALPRO-001,IDEALPRO-1-1167,MARKET,SELL,100000.00,GTC,False,False,100000.00,TAKER,1.0356800000009998,0.0,['2.07 USD'],NO_TRIGGER,FILLED,OTO,OL-20250102-094300-001-MA_CROSS-1,"['O-20250102-094300-001-MA_CROSS-2', 'O-20250102-094300-001-MA_CROSS-3']",,,,,['MA_CROSS'],8dc91fa7-7c3c-462f-a7bc-45bb11c0bb1b,1735810980000000000,1735810980000000000,,,,,,,
BACKTESTER-001,MovingAverageCrossover-MA_CROSS,EUR/USD.IDEALPRO,IDEALPRO-1-002,EUR/USD.IDEALPRO-MovingAverageCrossover-MA_CROSS,IDEALPRO-001,,STOP_MARKET,BUY,99999.99,GTC,True,False,0.00,NO_LIQUIDITY_SIDE,,,,NO_TRIGGER,CANCELED,OUO,OL-20250102-094300-001-MA_CROSS-1,['O-20250102-094300-001-MA_CROSS-3'],O-20250102-094300-001-MA_CROSS-1,,,,['MA_CROSS_SL'],cbb32d54-0e43-4e81-9138-1bbb64a0fedc,1735810980000000000,1735831740000000000,1.03719,DEFAULT,,,,,
BACKTESTER-001,MovingAverageCrossover-MA_CROSS,EUR/USD.IDEALPRO,IDEALPRO-1-003,EUR/USD.IDEALPRO-MovingAverageCrossover-MA_CROSS,IDEALPRO-001,IDEALPRO-1-1861,LIMIT,BUY,100000.00,GTC,True,False,100000.00,MAKER,1.02819,0.0,['2.06 USD'],NO_TRIGGER,FILLED,OUO,OL-20250102-094300-001-MA_CROSS-1,['O-20250102-094300-001-MA_CROSS-2'],O-20250102-094300-001-MA_CROSS-1,,,,['MA_CROSS_TP'],b22a2024-155a-4df5-8e85-9a8a8c9c0aba,1735810980000000000,1735831740000000000,,,,,1.02819,True,
BACKTESTER-001,MovingAverageCrossover-MA_CROSS,EUR/USD.IDEALPRO,IDEALPRO-1-004,EUR/USD.IDEALPRO-MovingAverageCrossover-MA_CROSS,IDEALPRO-001,IDEALPRO-1-2157,MARKET,BUY,100000.00,GTC,False,False,100000.00,TAKER,1.026429999999,0.0,['2.05 USD'],NO_TRIGGER,FILLED,OTO,OL-20250102-175600-001-MA_CROSS-2,"['O-20250102-175600-001-MA_CROSS-5', 'O-20250102-175600-001-MA_CROSS-6']",,,,,['MA_CROSS'],b93a0d8c-f866-4938-a8a9-94fe210c5492,1735840560000000000,1735840560000000000,,,,,,,
BACKTESTER-001,MovingAverageCrossover-MA_CROSS,EUR/USD.IDEALPRO,IDEALPRO-1-005,EUR/USD.IDEALPRO-MovingAverageCrossover-MA_CROSS,IDEALPRO-001,IDEALPRO-1-2389,STOP_MARKET,SELL,100000.00,GTC,True,False,100000.00,TAKER,1.024910000001,9.999998999976611e-06,['2.05 USD'],NO_TRIGGER,FILLED,OUO,OL-20250102-175600-001-MA_CROSS-2,['O-20250102-175600-001-MA_CROSS-6'],O-20250102-175600-001-MA_CROSS-4,,,,['MA_CROSS_SL'],7c382c00-f2ee-4833-a6fc-e173d715ccb3,1735840560000000000,1735847460000000000,1.02492,DEFAULT,,,,,
BACKTESTER-001,MovingAverageCrossover-MA_CROSS,EUR/USD.IDEALPRO,IDEALPRO-1-006,EUR/USD.IDEALPRO-MovingAverageCrossover-MA_CROSS,IDEALPRO-001,,LIMIT,SELL,99999.99,GTC,True,False,0.00,NO_LIQUIDITY_SIDE,,,,NO_TRIGGER,CANCELED,OUO,OL-20250102-175600-001-MA_CROSS-2,['O-20250102-175600-001-MA_CROSS-5'],O-20250102-175600-001-MA_CROSS-4,,,,['MA_CROSS_TP'],48029ffd-6939-44bc-a141-c259f4375896,1735840560000000000,1735847460000000000,,,,,1.03392,True,
BACKTESTER-001,MovingAverageCrossover-MA_CROSS,EUR/USD.IDEALPRO,IDEALPRO-1-007,EUR/USD.IDEALPRO-MovingAverageCrossover-MA_CROSS,IDEALPRO-001,IDEALPRO-1-3092,MARKET,SELL,100000.00,GTC,False,False,100000.00,TAKER,1.0267900000010002,0.0,['2.05 USD'],NO_TRIGGER,FILLED,OTO,OL-20250103-015600-001-MA_CROSS-3,"['O-20250103-015600-001-MA_CROSS-8', 'O-20250103-015600-001-MA_CROSS-9']",,,,,['MA_CROSS'],b38ea4f7-e25c-4836-95a7-fc00c791b7dd,1735869360000000000,1735869360000000000,,,,,,,
BACKTESTER-001,MovingAverageCrossover-MA_CROSS,EUR/USD.IDEALPRO,IDEALPRO-1-008,EUR/USD.IDEALPRO-MovingAverageCrossover-MA_CROSS,IDEALPRO-001,IDEALPRO-1-3773,STOP_MARKET,BUY,100000.00,GTC,True,False,100000.00,TAKER,1.0283099999990002,9.999999000198656e-06,['2.06 USD'],NO_TRIGGER,FILLED,OUO,OL-20250103-015600-001-MA_CROSS-3,['O-20250103-015600-001-MA_CROSS-9'],O-20250103-015600-001-MA_CROSS-7,,,,['MA_CROSS_SL'],9ba5647d-d423-482b-9f0e-99ca2a325da1,1735869360000000000,1735889760000000000,1.02830,DEFAULT,,,,,
BACKTESTER-001,MovingAverageCrossover-MA_CROSS,EUR/USD.IDEALPRO,IDEALPRO-1-009,EUR/USD.IDEALPRO-MovingAverageCrossover-MA_CROSS,IDEALPRO-001,,LIMIT,BUY,99999.99,GTC,True,False,0.00,NO_LIQUIDITY_SIDE,,,,NO_TRIGGER,CANCELED,OUO,OL-20250103-015600-001-MA_CROSS-3,['O-20250103-015600-001-MA_CROSS-8'],O-20250103-015600-001-MA_CROSS-7,,,,['MA_CROSS_TP'],f818fe56-86f8-4cc8-89f0-ba477ce9f0a7,1735869360000000000,1735889760000000000,,,,,1.01930,True,
BACKTESTER-001,MovingAverageCrossover-MA_CROSS,EUR/USD.IDEALPRO,IDEALPRO-1-010,EUR/USD.IDEALPRO-MovingAverageCrossover-MA_CROSS,IDEALPRO-001,IDEALPRO-1-3795,MARKET,BUY,100000.00,GTC,False,False,100000.00,TAKER,1.0281799999990002,0.0,['2.06 USD'],NO_TRIGGER,FILLED,OTO,OL-20250103-074600-001-MA_CROSS-4,"['O-20250103-074600-001-MA_CROSS-11', 'O-20250103-074600-001-MA_CROSS-12']",,,,,['MA_CROSS'],870d8966-a35f-44a0-8e3b-c652c4929b94,1735890360000000000,1735890360000000000,,,,,,,
BACKTESTER-001,MovingAverageCrossover-MA_CROSS,EUR/USD.IDEALPRO,IDEALPRO-1-011,EUR/USD.IDEALPRO-MovingAverageCrossover-MA_CROSS,IDEALPRO-001,,STOP_MARKET,SELL,99999.99,GTC,True,False,0.00,NO_LIQUIDITY_SIDE,,,,NO_TRIGGER,CANCELED,OUO,OL-20250103-074600-001-MA_CROSS-4,['O-20250103-074600-001-MA_CROSS-12'],O-20250103-074600-001-MA_CROSS-10,,,,['MA_CROSS_SL'],1ea0dc3a-cb65-4372-a7d9-8166ec0a8d76,1735890360000000000,1736154300000000000,1.02667,DEFAULT,,,,,
BACKTESTER-001,MovingAverageCrossover-MA_CROSS,EUR/USD.IDEALPRO,IDEALPRO-1-012,EUR/USD.IDEALPRO-MovingAverageCrossover-MA_CROSS,IDEALPRO-001,IDEALPRO-1-6805,LIMIT,SELL,100000.00,GTC,True,False,100000.00,MAKER,1.03567,0.0,['2.07 USD'],NO_TRIGGER,FILLED,OUO,OL-20250103-074600-001-MA_CROSS-4,['O-20250103-074600-001-MA_CROSS-11'],O-20250103-074600-001-MA_CROSS-10,,,,['MA_CROSS_TP'],2f922993-7005-42fb-98df-c1b3c5405adf,1735890360000000000,1736154300000000000,,,,,1.03567,True,
BACKTESTER-001,MovingAverageCrossover-MA_CROSS,EUR/USD.IDEALPRO,IDEALPRO-1-013,EUR/USD.IDEALPRO-MovingAverageCrossover-MA_CROSS,IDEALPRO-001,IDEALPRO-1-6966,MARKET,SELL,100000.00,GTC,False,False,100000.00,TAKER,1.034350000001,0.0,['2.07 USD'],NO_TRIGGER,FILLED,OTO,OL-20250106-102400-001-MA_CROSS-5,"['O-20250106-102400-001-MA_CROSS-14', 'O-20250106-102400-001-MA_CROSS-15']",,,,,['MA_CROSS'],36156719-2699-4d3c-99de-2f089adeca92,1736159040000000000,1736159040000000000,,,,,,,
BACKTESTER-001,MovingAverageCrossover-MA_CROSS,EUR/USD.IDEALPRO,IDEALPRO-1-014,EUR/USD.IDEALPRO-MovingAverageCrossover-MA_CROSS,IDEALPRO-001,IDEALPRO-1-7065,STOP_MARKET,BUY,100000.00,GTC,True,False,100000.00,TAKER,1.035869999999,9.999998999976611e-06,['2.07 USD'],NO_TRIGGER,FILLED,OUO,OL-20250106-102400-001-MA_CROSS-5,['O-20250106-102400-001-MA_CROSS-15'],O-20250106-102400-001-MA_CROSS-13,,,,['MA_CROSS_SL'],7e08a346-ef08-4bf6-90d5-7e1443bde1ae,1736159040000000000,1736161980000000000,1.03586,DEFAULT,,,,,
BACKTESTER-001,MovingAverageCrossover-MA_CROSS,EUR/USD.IDEALPRO,IDEALPRO-1-015,EUR/USD.IDEALPRO-MovingAverageCrossover-MA_CROSS,IDEALPRO-001,,LIMIT,BUY,99999.99,GTC,True,False,0.00,NO_LIQUIDITY_SIDE,,,,NO_TRIGGER,CANCELED,OUO,OL-20250106-102400-001-MA_CROSS-5,['O-20250106-102400-001-MA_CROSS-14'],O-20250106-102400-001-MA_CROSS-13,,,,['MA_CROSS_TP'],b06aae14-cbfc-4240-ad78-3ae1a0a50a14,1736159040000000000,1736161980000000000,,,,,1.02686,True,
BACKTESTER-001,MovingAverageCrossover-MA_CROSS,EUR/USD.IDEALPRO,IDEALPRO-1-016,EUR/USD.IDEALPRO-MovingAverageCrossover-MA_CROSS,IDEALPRO-001,IDEALPRO-1-7077,MARKET,BUY,100000.00,GTC,False,False,100000.00,TAKER,1.038979999999,0.0,['2.08 USD'],NO_TRIGGER,FILLED,OTO,OL-20250106-111800-001-MA_CROSS-6,"['O-20250106-111800-001-MA_CROSS-17', 'O-20250106-111800-001-MA_CROSS-18']",,,,,['MA_CROSS'],bfab4d41-d8cc-4c23-b06e-e7f779102820,1736162280000000000,1736162280000000000,,,,,,,
BACKTESTER-001,MovingAverageCrossover-MA_CROSS,EUR/USD.IDEALPRO,IDEALPRO-1-017,EUR/USD.IDEALPRO-MovingAverageCrossover-MA_CROSS,IDEALPRO-001,IDEALPRO-1-7437,STOP_MARKET,SELL,100000.00,GTC,True,False,100000.00,TAKER,1.037460000001,9.999998999976611e-06,['2.07 USD'],NO_TRIGGER,FILLED,OUO,OL-20250106-111800-001-MA_CROSS-6,['O-20250106-111800-001-MA_CROSS-18'],O-20250106-111800-001-MA_CROSS-16,,,,['MA_CROSS_SL'],71e5b947-58b8-4455-bb01-adf7b36382cd,1736162280000000000,1736173020000000000,1.03747,DEFAULT,,,,,
BACKTESTER-001,MovingAverageCrossover-MA_CROSS,EUR/USD.IDEALPRO,IDEALPRO-1-018,EUR/USD.IDEALPRO-MovingAverageCrossover-MA_CROSS,IDEALPRO-001,,LIMIT,SELL,99999.99,GTC,True,False,0.00,NO_LIQUIDITY_SIDE,,,,NO_TRIGGER,CANCELED,OUO,OL-20250106-111800-001-MA_CROSS-6,['O-20250106-111800-001-MA_CROSS-17'],O-20250106-111800-001-MA_CROSS-16,,,,['MA_CROSS_TP'],3fc06ef4-e86a-4e28-8be2-abade3c7a471,1736162280000000000,1736173020000000000,,,,,1.04647,True,
BACKTESTER-001,MovingAverageCrossover-MA_CROSS,EUR/USD.IDEALPRO,IDEALPRO-1-019,EUR/USD.IDEALPRO-MovingAverageCrossover-MA_CROSS,IDEALPRO-001,IDEALPRO-1-7439,MARKET,SELL,100000.00,GTC,False,False,100000.00,TAKER,1.035890000001,0.0,['2.07 USD'],NO_TRIGGER,FILLED,OTO,OL-20250106-141700-001-MA_CROSS-7,"['O-20250106-141700-001-MA_CROSS-20', 'O-20250106-141700-001-MA_CROSS-21']",,,,,['MA_CROSS'],89994328-192d-4231-bc78-afcd3d6bb47a,1736173020000000000,1736173020000000000,,,,,,,
BACKTESTER-001,MovingAverageCrossover-MA_CROSS,EUR/USD.IDEALPRO,IDEALPRO-1-020,EUR/USD.IDEALPRO-MovingAverageCrossover-MA_CROSS,IDEALPRO-001,IDEALPRO-1-7442,STOP_MARKET,BUY,100000.00,GTC,True,False,100000.00,TAKER,1.0374099999989999,9.999998999754567e-06,['2.07 USD'],NO_TRIGGER,FILLED,OUO,OL-20250106-141700-001-MA_CROSS-7,['O-20250106-141700-001-MA_CROSS-21'],O-20250106-141700-001-MA_CROSS-19,,,,['MA_CROSS_SL'],9303b147-2c01-49d1-8d3e-7355feefeea8,1736173020000000000,1736173020000000000,1.03740,DEFAULT,,,,,
BACKTESTER-001,MovingAverageCrossover-MA_CROSS,EUR/USD.IDEALPRO,IDEALPRO-1-021,EUR/USD.IDEALPRO-MovingAverageCrossover-MA_CROSS,IDEALPRO-001,,LIMIT,BUY,99999.99,GTC,True,False,0.00,NO_LIQUIDITY_SIDE,,,,NO_TRIGGER,CANCELED,OUO,OL-20250106-141700-001-MA_CROSS-7,['O-20250106-141700-001-MA_CROSS-20'],O-20250106-141700-001-MA_CROSS-19,,,,['MA_CROSS_TP'],4f7b3735-eb2f-46ff-ab06-c550a6fdda58,1736173020000000000,1736173020000000000,,,,,1.02840,True,
BACKTESTER-001,MovingAverageCrossover-MA_CROSS,EUR/USD.IDEALPRO,IDEALPRO-1-022,EUR/USD.IDEALPRO-MovingAverageCrossover-MA_CROSS,IDEALPRO-001,IDEALPRO-1-7661,MARKET,BUY,100000.00,GTC,False,False,100000.00,TAKER,1.0393699999989998,0.0,['2.08 USD'],NO_TRIGGER,FILLED,OTO,OL-20250106-160600-001-MA_CROSS-8,"['O-20250106-160600-001-MA_CROSS-23', 'O-20250106-160600-001-MA_CROSS-24']",,,,,['MA_CROSS'],9b269f31-101c-46c2-bb2f-ab469201cbdc,1736179560000000000,1736179560000000000,,,,,,,
BACKTESTER-001,MovingAverageCrossover-MA_CROSS,EUR/USD.IDEALPRO,IDEALPRO-1-023,EUR/USD.IDEALPRO-MovingAverageCrossover-MA_CROSS,IDEALPRO-001,IDEALPRO-1-7901,STOP_MARKET,SELL,100000.00,GTC,True,False,100000.00,TAKER,1.037850000001,9.999998999976611e-06,['2.08 USD'],NO_TRIGGER,FILLED,OUO,OL-20250106-160600-001-MA_CROSS-8,['O-20250106-160600-001-MA_CROSS-24'],O-20250106-160600-001-MA_CROSS-22,,,,['MA_CROSS_SL'],105f45b4-ec83-4ba3-9157-adbd83276703,1736179560000000000,1736186700000000000,1.03786,DEFAULT,,,,,
BACKTESTER-001,MovingAverageCrossover-MA_CROSS,EUR/USD.IDEALPRO,IDEALPRO-1-024,EUR/USD.IDEALPRO-MovingAverageCrossover-MA_CROSS,IDEALPRO-001,,LIMIT,SELL,99999.99,GTC,True,False,0.00,NO_LIQUIDITY_SIDE,,,,NO_TRIGGER,CANCELED,OUO,OL-20250106-160600-001-MA_CROSS-8,['O-20250106-160600-001-MA_CROSS-23'],O-20250106-160600-001-MA_CROSS-22,,,,['MA_CROSS_TP'],0478bbd7-b3e5-440f-b595-b5e3bcda1e21,1736179560000000000,1736186700000000000,,,,,1.04686,True,
BACKTESTER-001,MovingAverageCrossover-MA_CROSS,EUR/USD.IDEALPRO,IDEALPRO-1-025,EUR/USD.IDEALPRO-MovingAverageCrossover-MA_CROSS,IDEALPRO-001,IDEALPRO-1-8255,MARKET,SELL,100000.00,GTC,False,False,100000.00,TAKER,1.0388200000010002,0.0,['2.08 USD'],NO_TRIGGER,FILLED,OTO,OL-20250106-210100-001-MA_CROSS-9,"['O-20250106-210100-001-MA_CROSS-26', 'O-20250106-210100-001-MA_CROSS-27']",,,,,['MA_CROSS'],41f3bea2-2a82-4197-b596-d72e56a112dc,1736197260000000000,1736197260000000000,,,,,,,
BACKTESTER-001,MovingAverageCrossover-MA_CROSS,EUR/USD.IDEALPRO,IDEALPRO-1-026,EUR/USD.IDEALPRO-MovingAverageCrossover-MA_CROSS,IDEALPRO-001,IDEALPRO-1-9325,STOP_MARKET,BUY,100000.00,GTC,True,False,100000.00,TAKER,1.040339999999,9.999998999976611e-06,['2.08 USD'],NO_TRIGGER,FILLED,OUO,OL-20250106-210100-001-MA_CROSS-9,['O-20250106-210100-001-MA_CROSS-27'],O-20250106-210100-001-MA_CROSS-25,,,,['MA_CROSS_SL'],fa9ae059-a9b6-4578-aa87-f95648504a06,1736197260000000000,1736230200000000000,1.04033,DEFAULT,,,,,
BACKTESTER-001,MovingAverageCrossover-MA_CROSS,EUR/USD.IDEALPRO,IDEALPRO-1-027,EUR/USD.IDEALPRO-MovingAverageCrossover-MA_CROSS,IDEALPRO-001,,LIMIT,BUY,99999.99,GTC,True,False,0.00,NO_LIQUIDITY_SIDE,,,,NO_TRIGGER,CANCELED,OUO,OL-20250106-210100-001-MA_CROSS-9,['O-20250106-210100-001-MA_CROSS-26'],O-20250106-210100-001-MA_CROSS-25,,,,['MA_CROSS_TP'],851b37e5-f50e-49f9-87c7-f7f164600390,1736197260000000000,1736230200000000000,,,,,1.03133,True,
BACKTESTER-001,MovingAverageCrossover-MA_CROSS,EUR/USD.IDEALPRO,IDEALPRO-1-028,EUR/USD.IDEALPRO-MovingAverageCrossover-MA_CROSS,IDEALPRO-001,IDEALPRO-1-9459,MARKET,BUY,100000.00,GTC,False,False,100000.00,TAKER,1.040799999999,0.0,['2.08 USD'],NO_TRIGGER,FILLED,OTO,OL-20250107-071600-001-MA_CROSS-10,"['O-20250107-071600-001-MA_CROSS-29', 'O-20250107-071600-001-MA_CROSS-30']",,,,,['MA_CROSS'],5cba6aba-b3ea-47a3-8c71-b6d3553e4d43,1736234160000000000,1736234160000000000,,,,,,,
BACKTESTER-001,MovingAverageCrossover-MA_CROSS,EUR/USD.IDEALPRO,IDEALPRO-1-029,EUR/USD.IDEALPRO-MovingAverageCrossover-MA_CROSS,IDEALPRO-001,IDEALPRO-1-10117,STOP_MARKET,SELL,100000.00,GTC,True,False,100000.00,TAKER,1.0392800000009998,9.999999000198656e-06,['2.08 USD'],NO_TRIGGER,FILLED,OUO,OL-20250107-071600-001-MA_CROSS-10,['O-20250107-071600-001-MA_CROSS-30'],O-20250107-071600-001-MA_CROSS-28,,,,['MA_CROSS_SL'],39d65620-21cb-405d-9c02-bf7d4cbd2fb9,1736234160000000000,1736253840000000000,1.03929,DEFAULT,,,,,
BACKTESTER-001,MovingAverageCrossover-MA_CROSS,EUR/USD.IDEALPRO,IDEALPRO-1-030,EUR/USD.IDEALPRO-MovingAverageCrossover-MA_CROSS,IDEALPRO-001,,LIMIT,SELL,99999.99,GTC,True,False,0.00,NO_LIQUIDITY_SIDE,,,,NO_TRIGGER,CANCELED,OUO,OL-20250107-071600-001-MA_CROSS-10,['O-20250107-071600-001-MA_CROSS-29'],O-20250107-071600-001-MA_CROSS-28,,,,['MA_CROSS_TP'],26ed1e2a-0706-40d4-ac3c-4a51cc6658e5,1736234160000000000,1736253840000000000,,,,,1.04829,True,
BACKTESTER-001,MovingAverageCrossover-MA_CROSS,EUR/USD.IDEALPRO,IDEALPRO-1-031,EUR/USD.IDEALPRO-MovingAverageCrossover-MA_CROSS,IDEALPRO-001,IDEALPRO-1-10242,MARKET,SELL,100000.00,GTC,False,False,100000.00,TAKER,1.0395700000010002,0.0,['2.08 USD'],NO_TRIGGER,FILLED,OTO,OL-20250107-134500-001-MA_CROSS-11,"['O-20250107-134500-001-MA_CROSS-32', 'O-20250107-134500-001-MA_CROSS-33']",,,,,['MA_CROSS'],27a919c3-7ab2-4f03-98c9-60314a8cf6e1,1736257500000000000,1736257500000000000,,,,,,,
BACKTESTER-001,MovingAverageCrossover-MA_CROSS,EUR/USD.IDEALPRO,IDEALPRO-1-032,EUR/USD.IDEALPRO-MovingAverageCrossover-MA_CROSS,IDEALPRO-001,,STOP_MARKET,BUY,99999.99,GTC,True,False,0.00,NO_LIQUIDITY_SIDE,,,,NO_TRIGGER,CANCELED,OUO,OL-20250107-134500-001-MA_CROSS-11,['O-20250107-134500-001-MA_CROSS-33'],O-20250107-134500-001-MA_CROSS-31,,,,['MA_CROSS_SL'],fbf248e5-3514-47f4-9eda-211e96d33442,1736257500000000000,1736326200000000000,1.04108,DEFAULT,,,,,
BACKTESTER-001,MovingAverageCrossover-MA_CROSS,EUR/USD.IDEALPRO,IDEALPRO-1-033,EUR/USD.IDEALPRO-MovingAverageCrossover-MA_CROSS,IDEALPRO-001,IDEALPRO-1-12503,LIMIT,BUY,100000.00,GTC,True,False,100000.00,MAKER,1.03208,0.0,['2.06 USD'],NO_TRIGGER,FILLED,OUO,OL-20250107-134500-001-MA_CROSS-11,['O-20250107-134500-001-MA_CROSS-32'],O-20250107-134500-001-MA_CROSS-31,,,,['MA_CROSS_TP'],ac7b8667-0620-428a-b2bd-ad7a2a6d543f,1736257500000000000,1736326200000000000,,,,,1.03208,True,
BACKTESTER-001,MovingAverageCrossover-MA_CROSS,EUR/USD.IDEALPRO,IDEALPRO-1-034,EUR/USD.IDEALPRO-MovingAverageCrossover-MA_CROSS,IDEALPRO-001,IDEALPRO-1-13062,MARKET,BUY,100000.00,GTC,False,False,100000.00,TAKER,1.0303499999990002,0.0,['2.06 USD'],NO_TRIGGER,FILLED,OTO,OL-20250108-132800-001-MA_CROSS-12,"['O-20250108-132800-001-MA_CROSS-35', 'O-20250108-132800-001-MA_CROSS-36']",,,,,['MA_CROSS'],e1998cf3-c447-4f33-87d9-c320ed782f5c,1736342880000000000,1736342880000000000,,,,,,,
BACKTESTER-001,MovingAverageCrossover-MA_CROSS,EUR/USD.IDEALPRO,IDEALPRO-1-035,EUR/USD.IDEALPRO-MovingAverageCrossover-MA_CROSS,IDEALPRO-001,IDEALPRO-1-15257,STOP_MARKET,SELL,100000.00,GTC,True,False,100000.00,TAKER,1.0288300000009998,9.999999000198656e-06,['2.06 USD'],NO_TRIGGER,FILLED,OUO,OL-20250108-132800-001-MA_CROSS-12,['O-20250108-132800-001-MA_CROSS-36'],O-20250108-132800-001-MA_CROSS-34,,,,['MA_CROSS_SL'],e42a8093-dc8e-4474-9ff6-263725bbac12,1736342880000000000,1736409600000000000,1.02884,DEFAULT,,,,,
BACKTESTER-001,MovingAverageCrossover-MA_CROSS,EUR/USD.IDEALPRO,IDEALPRO-1-036,EUR/USD.IDEALPRO-MovingAverageCrossover-MA_CROSS,IDEALPRO-001,,LIMIT,SELL,99999.99,GTC,True,False,0.00,NO_LIQUIDITY_SIDE,,,,NO_TRIGGER,CANCELED,OUO,OL-20250108-132800-001-MA_CROSS-12,['O-20250108-132800-001-MA_CROSS-35'],O-20250108-132800-001-MA_CROSS-34,,,,['MA_CROSS_TP'],f9525ef2-2ac7-4408-88b0-4cc2bb51dd37,1736342880000000000,1736409600000000000,,,,,1.03784,True,
BACKTESTER-001,MovingAverageCrossover-MA_CROSS,EUR/USD.IDEALPRO,IDEALPRO-1-037,EUR/USD.IDEALPRO-MovingAverageCrossover-MA_CROSS,IDEALPRO-001,IDEALPRO-1-15259,MARKET,SELL,100000.00,GTC,False,False,100000.00,TAKER,1.0290900000010001,0.0,['2.06 USD'],NO_TRIGGER,FILLED,OTO,OL-20250109-080000-001-MA_CROSS-13,"['O-20250109-080000-001-MA_CROSS-38', 'O-20250109-080000-001-MA_CROSS-39']",,,,,['MA_CROSS'],f59062c6-6d8e-414c-b642-fb596302d90b,1736409600000000000,1736409600000000000,,,,,,,
BACKTESTER-001,MovingAverageCrossover-MA_CROSS,EUR/USD.IDEALPRO,IDEALPRO-1-038,EUR/USD.IDEALPRO-MovingAverageCrossover-MA_CROSS,IDEALPRO-001,IDEALPRO-1-15375,STOP_MARKET,BUY,100000.00,GTC,True,False,100000.00,TAKER,1.030609999999,9.999998999976611e-06,['2.06 USD'],NO_TRIGGER,FILLED,OUO,OL-20250109-080000-001-MA_CROSS-13,['O-20250109-080000-001-MA_CROSS-39'],O-20250109-080000-001-MA_CROSS-37,,,,['MA_CROSS_SL'],499ce5da-c91f-451a-8d27-e9491b48f725,1736409600000000000,1736413020000000000,1.03060,DEFAULT,,,,,
BACKTESTER-001,MovingAverageCrossover-MA_CROSS,EUR/USD.IDEALPRO,IDEALPRO-1-039,EUR/USD.IDEALPRO-MovingAverageCrossover-MA_CROSS,IDEALPRO-001,,LIMIT,BUY,99999.99,GTC,True,False,0.00,NO_LIQUIDITY_SIDE,,,,NO_TRIGGER,CANCELED,OUO,OL-20250109-080000-001-MA_CROSS-13,['O-20250109-080000-001-MA_CROSS-38'],O-20250109-080000-001-MA_CROSS-37,,,,['MA_CROSS_TP'],dfacb79e-b988-4d04-87cd-d334ab9212e4,1736409600000000000,1736413020000000000,,,,,1.02160,True,
BACKTESTER-001,MovingAverageCrossover-MA_CROSS,EUR/USD.IDEALPRO,IDEALPRO-1-040,EUR/USD.IDEALPRO-MovingAverageCrossover-MA_CROSS,IDEALPRO-001,IDEALPRO-1-15385,MARKET,BUY,100000.00,GTC,False,False,100000.00,TAKER,1.030639999999,0.0,['2.06 USD'],NO_TRIGGER,FILLED,OTO,OL-20250109-090100-001-MA_CROSS-14,"['O-20250109-090100-001-MA_CROSS-41', 'O-20250109-090100-001-MA_CROSS-42']",,,,,['MA_CROSS'],6b1ca9d1-ce23-479a-93ec-447d56437769,1736413260000000000,1736413260000000000,,,,,,,
BACKTESTER-001,MovingAverageCrossover-MA_CROSS,EUR/USD.IDEALPRO,IDEALPRO-1-041,EUR/USD.IDEALPRO-MovingAverageCrossover-MA_CROSS,IDEALPRO-001,IDEALPRO-1-16297,STOP_MARKET,SELL,100000.00,GTC,True,False,100000.00,TAKER,1.0291200000010001,9.999998999976611e-06,['2.06 USD'],NO_TRIGGER,FILLED,OUO,OL-20250109-090100-001-MA_CROSS-14,['O-20250109-090100-001-MA_CROSS-42'],O-20250109-090100-001-MA_CROSS-40,,,,['MA_CROSS_SL'],b1dbdcbc-e44f-4754-82ff-96473f931cd4,1736413260000000000,1736440560000000000,1.02913,DEFAULT,,,,,
BACKTESTER-001,MovingAverageCrossover-MA_CROSS,EUR/USD.IDEALPRO,IDEALPRO-1-042,EUR/USD.IDEALPRO-MovingAverageCrossover-MA_CROSS,IDEALPRO-001,,LIMIT,SELL,99999.99,GTC,True,False,0.00,NO_LIQUIDITY_SIDE,,,,NO_TRIGGER,CANCELED,OUO,OL-20250109-090100-001-MA_CROSS-14,['O-20250109-090100-001-MA_CROSS-41'],O-20250109-090100-001-MA_CROSS-40,,,,['MA_CROSS_TP'],94b251d1-2b45-48a1-a08a-02dc2526721c,1736413260000000000,1736440560000000000,,,,,1.03813,True,
BACKTESTER-001,MovingAverageCrossover-MA_CROSS,EUR/USD.IDEALPRO,IDEALPRO-1-043,EUR/USD.IDEALPRO-MovingAverageCrossover-MA_CROSS,IDEALPRO-001,IDEALPRO-1-16299,MARKET,SELL,100000.00,GTC,False,False,100000.00,TAKER,1.0292600000010002,0.0,['2.06 USD'],NO_TRIGGER,FILLED,OTO,OL-20250109-163600-001-MA_CROSS-15,"['O-20250109-163600-001-MA_CROSS-44', 'O-20250109-163600-001-MA_CROSS-45']",,,,,['MA_CROSS'],765debe2-fe2c-4194-936c-b110224831ee,1736440560000000000,1736440560000000000,,,,,,,
BACKTESTER-001,MovingAverageCrossover-MA_CROSS,EUR/USD.IDEALPRO,IDEALPRO-1-044,EUR/USD.IDEALPRO-MovingAverageCrossover-MA_CROSS,IDEALPRO-001,IDEALPRO-1-18181,STOP_MARKET,BUY,100000.00,GTC,True,False,100000.00,TAKER,1.030779999999,9.999998999976611e-06,['2.06 USD'],NO_TRIGGER,FILLED,OUO,OL-20250109-163600-001-MA_CROSS-15,['O-20250109-163600-001-MA_CROSS-45'],O-20250109-163600-001-MA_CROSS-43,,,,['MA_CROSS_SL'],a83a871f-de99-468b-977d-47ef52ff525d,1736440560000000000,1736497860000000000,1.03077,DEFAULT,,,,,
BACKTESTER-001,MovingAverageCrossover-MA_CROSS,EUR/USD.IDEALPRO,IDEALPRO-1-045,EUR/USD.IDEALPRO-MovingAverageCrossover-MA_CROSS,IDEALPRO-001,,LIMIT,BUY,99999.99,GTC,True,False,0.00,NO_LIQUIDITY_SIDE,,,,NO_TRIGGER,CANCELED,OUO,OL-20250109-163600-001-MA_CROSS-15,['O-20250109-163600-001-MA_CROSS-44'],O-20250109-163600-001-MA_CROSS-43,,,,['MA_CROSS_TP'],4a5ea823-5f85-4fc5-b446-da2494bfd5c4,1736440560000000000,1736497860000000000,,,,,1.02177,True,
BACKTESTER-001,MovingAverageCrossover-MA_CROSS,EUR/USD.IDEALPRO,IDEALPRO-1-046,EUR/USD.IDEALPRO-MovingAverageCrossover-MA_CROSS,IDEALPRO-001,IDEALPRO-1-18333,MARKET,BUY,100000.00,GTC,False,False,100000.00,TAKER,1.0304999999989999,0.0,['2.06 USD'],NO_TRIGGER,FILLED,OTO,OL-20250110-094600-001-MA_CROSS-16,"['O-20250110-094600-001-MA_CROSS-47', 'O-20250110-094600-001-MA_CROSS-48']",,,,,['MA_CROSS'],df651300-e4f8-450f-9a9d-0f4b2ee1fb81,1736502360000000000,1736502360000000000,,,,,,,
BACKTESTER-001,MovingAverageCrossover-MA_CROSS,EUR/USD.IDEALPRO,IDEALPRO-1-047,EUR/USD.IDEALPRO-MovingAverageCrossover-MA_CROSS,IDEALPRO-001,IDEALPRO-1-18785,STOP_MARKET,SELL,100000.00,GTC,True,False,100000.00,TAKER,1.028980000001,9.999998999976611e-06,['2.06 USD'],NO_TRIGGER,FILLED,OUO,OL-20250110-094600-001-MA_CROSS-16,['O-20250110-094600-001-MA_CROSS-48'],O-20250110-094600-001-MA_CROSS-46,,,,['MA_CROSS_SL'],8a3a161f-3728-47c1-8814-e56edc4ffa9e,1736502360000000000,1736515860000000000,1.02899,DEFAULT,,,,,
BACKTESTER-001,MovingAverageCrossover-MA_CROSS,EUR/USD.IDEALPRO,IDEALPRO-1-048,EUR/USD.IDEALPRO-MovingAverageCrossover-MA_CROSS,IDEALPRO-001,,LIMIT,SELL,99999.99,GTC,True,False,0.00,NO_LIQUIDITY_SIDE,,,,NO_TRIGGER,CANCELED,OUO,OL-20250110-094600-001-MA_CROSS-16,['O-20250110-094600-001-MA_CROSS-47'],O-20250110-094600-001-MA_CROSS-46,,,,['MA_CROSS_TP'],74e6d308-b814-43f1-b90d-ea31854d564d,1736502360000000000,1736515860000000000,,,,,1.03799,True,
BACKTESTER-001,MovingAverageCrossover-MA_CROSS,EUR/USD.IDEALPRO,IDEALPRO-1-049,EUR/USD.IDEALPRO-MovingAverageCrossover-MA_CROSS,IDEALPRO-001,IDEALPRO-1-18791,MARKET,SELL,100000.00,GTC,False,False,100000.00,TAKER,1.0246300000009998,0.0,['2.05 USD'],NO_TRIGGER,FILLED,OTO,OL-20250110-133300-001-MA_CROSS-17,"['O-20250110-133300-001-MA_CROSS-50', 'O-20250110-133300-001-MA_CROSS-51']",,,,,['MA_CROSS'],0f166660-fed2-4419-9ef5-20204c75662c,1736515980000000000,1736515980000000000,,,,,,,
BACKTESTER-001,MovingAverageCrossover-MA_CROSS,EUR/USD.IDEALPRO,IDEALPRO-1-050,EUR/USD.IDEALPRO-MovingAverageCrossover-MA_CROSS,IDEALPRO-001,IDEALPRO-1-18855,STOP_MARKET,BUY,100000.00,GTC,True,False,100000.00,TAKER,1.0261499999989998,9.999998999754567e-06,['2.05 USD'],NO_TRIGGER,FILLED,OUO,OL-20250110-133300-001-MA_CROSS-17,['O-20250110-133300-001-MA_CROSS-51'],O-20250110-133300-001-MA_CROSS-49,,,,['MA_CROSS_SL'],8fdfcc48-5ece-4ef8-8c12-296b0522143b,1736515980000000000,1736517840000000000,1.02614,DEFAULT,,,,,
BACKTESTER-001,MovingAverageCrossover-MA_CROSS,EUR/USD.IDEALPRO,IDEALPRO-1-051,EUR/USD.IDEALPRO-MovingAverageCrossover-MA_CROSS,IDEALPRO-001,,LIMIT,BUY,99999.99,GTC,True,False,0.00,NO_LIQUIDITY_SIDE,,,,NO_TRIGGER,CANCELED,OUO,OL-20250110-133300-001-MA_CROSS-17,['O-20250110-133300-001-MA_CROSS-50'],O-20250110-133300-001-MA_CROSS-49,,,,['MA_CROSS_TP'],97f26087-1aad-43af-976b-d5650cc03612,1736515980000000000,1736517840000000000,,,,,1.01714,True,
BACKTESTER-001,MovingAverageCrossover-MA_CROSS,EUR/USD.IDEALPRO,IDEALPRO-1-052,EUR/USD.IDEALPRO-MovingAverageCrossover-MA_CROSS,IDEALPRO-001,IDEALPRO-1-19301,MARKET,BUY,100000.00,GTC,False,False,100000.00,TAKER,1.0247199999990002,0.0,['2.05 USD'],NO_TRIGGER,FILLED,OTO,OL-20250110-174600-001-MA_CROSS-18,"['O-20250110-174600-001-MA_CROSS-53', 'O-20250110-174600-001-MA_CROSS-54']",,,,,['MA_CROSS'],af119752-7e21-43c2-ac83-c6583702dbd2,1736531160000000000,1736531160000000000,,,,,,,
BACKTESTER-001,MovingAverageCrossover-MA_CROSS,EUR/USD.IDEALPRO,IDEALPRO-1-053,EUR/USD.IDEALPRO-MovingAverageCrossover-MA_CROSS,IDEALPRO-001,IDEALPRO-1-20419,STOP_MARKET,SELL,100000.00,GTC,True,False,100000.00,TAKER,1.0232000000010002,9.999998999754567e-06,['2.05 USD'],NO_TRIGGER,FILLED,OUO,OL-20250110-174600-001-MA_CROSS-18,['O-20250110-174600-001-MA_CROSS-54'],O-20250110-174600-001-MA_CROSS-52,,,,['MA_CROSS_SL'],d1eb4ae4-2bc4-4ee9-bae3-eb2c43526625,1736531160000000000,1736738340000000000,1.02321,DEFAULT,,,,,
BACKTESTER-001,MovingAverageCrossover-MA_CROSS,EUR/USD.IDEALPRO,IDEALPRO-1-054,EUR/USD.IDEALPRO-MovingAverageCrossover-MA_CROSS,IDEALPRO-001,,LIMIT,SELL,99999.99,GTC,True,False,0.00,NO_LIQUIDITY_SIDE,,,,NO_TRIGGER,CANCELED,OUO,OL-20250110-174600-001-MA_CROSS-18,['O-20250110-174600-001-MA_CROSS-53'],O-20250110-174600-001-MA_CROSS-52,,,,['MA_CROSS_TP'],cf7dc74d-5111-4846-9d56-86fabcce2543,1736531160000000000,1736738340000000000,,,,,1.03221,True,
BACKTESTER-001,MovingAverageCrossover-MA_CROSS,EUR/USD.IDEALPRO,IDEALPRO-1-055,EUR/USD.IDEALPRO-MovingAverageCrossover-MA_CROSS,IDEALPRO-001,IDEALPRO-1-20421,MARKET,SELL,100000.00,GTC,False,False,100000.00,TAKER,1.023230000001,0.0,['2.05 USD'],NO_TRIGGER,FILLED,OTO,OL-20250113-031900-001-MA_CROSS-19,"['O-20250113-031900-001-MA_CROSS-56', 'O-20250113-031900-001-MA_CROSS-57']",,,,,['MA_CROSS'],fe711ece-f858-4a93-ae82-8411e7ad060c,1736738340000000000,1736738340000000000,,,,,,,
BACKTESTER-001,MovingAverageCrossover-MA_CROSS,EUR/USD.IDEALPRO,IDEALPRO-1-056,EUR/USD.IDEALPRO-MovingAverageCrossover-MA_CROSS,IDEALPRO-001,IDEALPRO-1-22663,STOP_MARKET,BUY,100000.00,GTC,True,False,100000.00,TAKER,1.0247499999990002,9.999999000198656e-06,['2.05 USD'],NO_TRIGGER,FILLED,OUO,OL-20250113-031900-001-MA_CROSS-19,['O-20250113-031900-001-MA_CROSS-57'],O-20250113-031900-001-MA_CROSS-55,,,,['MA_CROSS_SL'],16c65f5f-fba8-403d-997d-fb17add1a6da,1736738340000000000,1736805540000000000,1.02474,DEFAULT,,,,,
BACKTESTER-001,MovingAverageCrossover-MA_CROSS,EUR/USD.IDEALPRO,IDEALPRO-1-057,EUR/USD.IDEALPRO-MovingAverageCrossover-MA_CROSS,IDEALPRO-001,,LIMIT,BUY,99999.99,GTC,True,False,0.00,NO_LIQUIDITY_SIDE,,,,NO_TRIGGER,CANCELED,OUO,OL-20250113-031900-001-MA_CROSS-19,['O-20250113-031900-001-MA_CROSS-56'],O-20250113-031900-001-MA_CROSS-55,,,,['MA_CROSS_TP'],b9287c5c-092b-4444-ab60-62bbbcf44e79,1736738340000000000,1736805540000000000,,,,,1.01574,True,
BACKTESTER-001,MovingAverageCrossover-MA_CROSS,EUR/USD.IDEALPRO,IDEALPRO-1-058,EUR/USD.IDEALPRO-MovingAverageCrossover-MA_CROSS,IDEALPRO-001,IDEALPRO-1-22668,MARKET,BUY,100000.00,GTC,False,False,100000.00,TAKER,1.024499999999,0.0,['2.05 USD'],NO_TRIGGER,FILLED,OTO,OL-20250113-220000-001-MA_CROSS-20,"['O-20250113-220000-001-MA_CROSS-59', 'O-20250113-220000-001-MA_CROSS-60']",,,,,['MA_CROSS'],a79b19c3-5c12-4c44-a606-ea9d935c5c22,1736805600000000000,1736805600000000000,,,,,,,
BACKTESTER-001,MovingAverageCrossover-MA_CROSS,EUR/USD.IDEALPRO,IDEALPRO-1-059,EUR/USD.IDEALPRO-MovingAverageCrossover-MA_CROSS,IDEALPRO-001,,STOP_MARKET,SELL,99999.99,GTC,True,False,0.00,NO_LIQUIDITY_SIDE,,,,NO_TRIGGER,CANCELED,OUO,OL-20250113-220000-001-MA_CROSS-20,['O-20250113-220000-001-MA_CROSS-60'],O-20250113-220000-001-MA_CROSS-58,,,,['MA_CROSS_SL'],d75f4461-8b94-4f8a-97f0-a2ce352f6536,1736805600000000000,1736947860000000000,1.02299,DEFAULT,,,,,
BACKTESTER-001,MovingAverageCrossover-MA_CROSS,EUR/USD.IDEALPRO,IDEALPRO-1-060,EUR/USD.IDEALPRO-MovingAverageCrossover-MA_CROSS,IDEALPRO-001,IDEALPRO-1-27351,LIMIT,SELL,100000.00,GTC,True,False,100000.00,MAKER,1.03199,0.0,['2.06 USD'],NO_TRIGGER,FILLED,OUO,OL-20250113-220000-001-MA_CROSS-20,['O-20250113-220000-001-MA_CROSS-59'],O-20250113-220000-001-MA_CROSS-58,,,,['MA_CROSS_TP'],43840bd0-2553-4a6c-8c60-a30e39030bad,1736805600000000000,1736947860000000000,,,,,1.03199,True,
BACKTESTER-001,MovingAverageCrossover-MA_CROSS,EUR/USD.IDEALPRO,IDEALPRO-1-061,EUR/USD.IDEALPRO-MovingAverageCrossover-MA_CROSS,IDEALPRO-001,IDEALPRO-1-27683,MARKET,SELL,100000.00,GTC,False,False,100000.00,TAKER,1.029430000001,0.0,['2.06 USD'],NO_TRIGGER,FILLED,OTO,OL-20250115-161600-001-MA_CROSS-21,"['O-20250115-161600-001-MA_CROSS-62', 'O-20250115-161600-001-MA_CROSS-63']",,,,,['MA_CROSS'],ad710fda-7b95-4c61-9d57-46fab4c25c43,1736957760000000000,1736957760000000000,,,,,,,
BACKTESTER-001,MovingAverageCrossover-MA_CROSS,EUR/USD.IDEALPRO,IDEALPRO-1-062,EUR/USD.IDEALPRO-MovingAverageCrossover-MA_CROSS,IDEALPRO-001,IDEALPRO-1-30521,STOP_MARKET,BUY,100000.00,GTC,True,False,100000.00,TAKER,1.030949999999,9.999998999976611e-06,['2.06 USD'],NO_TRIGGER,FILLED,OUO,OL-20250115-161600-001-MA_CROSS-21,['O-20250115-161600-001-MA_CROSS-63'],O-20250115-161600-001-MA_CROSS-61,,,,['MA_CROSS_SL'],e57cccc4-ea95-4570-bb20-c35a1c1f84c4,1736957760000000000,1737043740000000000,1.03094,DEFAULT,,,,,
BACKTESTER-001,MovingAverageCrossover-MA_CROSS,EUR/USD.IDEALPRO,IDEALPRO-1-063,EUR/USD.IDEALPRO-MovingAverageCrossover-MA_CROSS,IDEALPRO-001,,LIMIT,BUY,99999.99,GTC,True,False,0.00,NO_LIQUIDITY_SIDE,,,,NO_TRIGGER,CANCELED,OUO,OL-20250115-161600-001-MA_CROSS-21,['O-20250115-161600-001-MA_CROSS-62'],O-20250115-161600-001-MA_CROSS-61,,,,['MA_CROSS_TP'],9215e17f-c9af-429e-8823-e6fc21979712,1736957760000000000,1737043740000000000,,,,,1.02194,True,
BACKTESTER-001,MovingAverageCrossover-MA_CROSS,EUR/USD.IDEALPRO,IDEALPRO-1-064,EUR/USD.IDEALPRO-MovingAverageCrossover-MA_CROSS,IDEALPRO-001,IDEALPRO-1-30567,MARKET,BUY,100000.00,GTC,False,False,100000.00,TAKER,1.030029999999,0.0,['2.06 USD'],NO_TRIGGER,FILLED,OTO,OL-20250116-163100-001-MA_CROSS-22,"['O-20250116-163100-001-MA_CROSS-65', 'O-20250116-163100-001-MA_CROSS-66']",,,,,['MA_CROSS'],fec8acdc-e0d0-4119-bd6e-784f07544bca,1737045060000000000,1737045060000000000,,,,,,,
BACKTESTER-001,MovingAverageCrossover-MA_CROSS,EUR/USD.IDEALPRO,IDEALPRO-1-065,EUR/USD.IDEALPRO-MovingAverageCrossover-MA_CROSS,IDEALPRO-001,IDEALPRO-1-32203,STOP_MARKET,SELL,100000.00,GTC,True,False,100000.00,TAKER,1.028510000001,9.999999000198656e-06,['2.06 USD'],NO_TRIGGER,FILLED,OUO,OL-20250116-163100-001-MA_CROSS-22,['O-20250116-163100-001-MA_CROSS-66'],O-20250116-163100-001-MA_CROSS-64,,,,['MA_CROSS_SL'],ffedafb5-5b65-4d0b-98b5-d1aa023197a6,1737045060000000000,1737094980000000000,1.02852,DEFAULT,,,,,
BACKTESTER-001,MovingAverageCrossover-MA_CROSS,EUR/USD.IDEALPRO,IDEALPRO-1-066,EUR/USD.IDEALPRO-MovingAverageCrossover-MA_CROSS,IDEALPRO-001,,LIMIT,SELL,99999.99,GTC,True,False,0.00,NO_LIQUIDITY_SIDE,,,,NO_TRIGGER,CANCELED,OUO,OL-20250116-163100-001-MA_CROSS-22,['O-20250116-163100-001-MA_CROSS-65'],O-20250116-163100-001-MA_CROSS-64,,,,['MA_CROSS_TP'],34cb5fa4-9bbb-43d4-9d12-1d2fb7864a8a,1737045060000000000,1737094980000000000,,,,,1.03752,True,
BACKTESTER-001,MovingAverageCrossover-MA_CROSS,EUR/USD.IDEALPRO,IDEALPRO-1-067,EUR/USD.IDEALPRO-MovingAverageCrossover-MA_CROSS,IDEALPRO-001,IDEALPRO-1-32311,MARKET,SELL,100000.00,GTC,False,False,100000.00,TAKER,1.028180000001,0.0,['2.06 USD'],NO_TRIGGER,FILLED,OTO,OL-20250117-071600-001-MA_CROSS-23,"['O-20250117-071600-001-MA_CROSS-68', 'O-20250117-071600-001-MA_CROSS-69']",,,,,['MA_CROSS'],982c195d-94bc-4660-a364-0b21458b4f32,1737098160000000000,1737098160000000000,,,,,,,
BACKTESTER-001,MovingAverageCrossover-MA_CROSS,EUR/USD.IDEALPRO,IDEALPRO-1-068,EUR/USD.IDEALPRO-MovingAverageCrossover-MA_CROSS,IDEALPRO-001,IDEALPRO-1-32485,STOP_MARKET,BUY,100000.00,GTC,True,False,100000.00,TAKER,1.0296999999990002,9.999999000198656e-06,['2.06 USD'],NO_TRIGGER,FILLED,OUO,OL-20250117-071600-001-MA_CROSS-23,['O-20250117-071600-001-MA_CROSS-69'],O-20250117-071600-001-MA_CROSS-67,,,,['MA_CROSS_SL'],5b9cbb05-b8be-4078-b8bb-4fc850d57461,1737098160000000000,1737103320000000000,1.02969,DEFAULT,,,,,
BACKTESTER-001,MovingAverageCrossover-MA_CROSS,EUR/USD.IDEALPRO,IDEALPRO-1-069,EUR/USD.IDEALPRO-MovingAverageCrossover-MA_CROSS,IDEALPRO-001,,LIMIT,BUY,99999.99,GTC,True,False,0.00,NO_LIQUIDITY_SIDE,,,,NO_TRIGGER,CANCELED,OUO,OL-20250117-071600-001-MA_CROSS-23,['O-20250117-071600-001-MA_CROSS-68'],O-20250117-071600-001-MA_CROSS-67,,,,['MA_CROSS_TP'],88223803-a9a8-446a-b807-f716a9dffee9,1737098160000000000,1737103320000000000,,,,,1.02069,True,
BACKTESTER-001,MovingAverageCrossover-MA_CROSS,EUR/USD.IDEALPRO,IDEALPRO-1-070,EUR/USD.IDEALPRO-MovingAverageCrossover-MA_CROSS,IDEALPRO-001,IDEALPRO-1-32525,MARKET,BUY,100000.00,GTC,False,False,100000.00,TAKER,1.029819999999,0.0,['2.06 USD'],NO_TRIGGER,FILLED,OTO,OL-20250117-090100-001-MA_CROSS-24,"['O-20250117-090100-001-MA_CROSS-71', 'O-20250117-090100-001-MA_CROSS-72']",,,,,['MA_CROSS'],c0bc8b9d-b650-4389-b880-cd20c99f9eb6,1737104460000000000,1737104460000000000,,,,,,,
BACKTESTER-001,MovingAverageCrossover-MA_CROSS,EUR/USD.IDEALPRO,IDEALPRO-1-071,EUR/USD.IDEALPRO-MovingAverageCrossover-MA_CROSS,IDEALPRO-001,IDEALPRO-1-33137,STOP_MARKET,SELL,100000.00,GTC,True,False,100000.00,TAKER,1.028300000001,9.999998999976611e-06,['2.06 USD'],NO_TRIGGER,FILLED,OUO,OL-20250117-090100-001-MA_CROSS-24,['O-20250117-090100-001-MA_CROSS-72'],O-20250117-090100-001-MA_CROSS-70,,,,['MA_CROSS_SL'],75c23df7-2d4f-4275-a696-ed86fee304d0,1737104460000000000,1737122760000000000,1.02831,DEFAULT,,,,,
BACKTESTER-001,MovingAverageCrossover-MA_CROSS,EUR/USD.IDEALPRO,IDEALPRO-1-072,EUR/USD.IDEALPRO-MovingAverageCrossover-MA_CROSS,IDEALPRO-001,,LIMIT,SELL,99999.99,GTC,True,False,0.00,NO_LIQUIDITY_SIDE,,,,NO_TRIGGER,CANCELED,OUO,OL-20250117-090100-001-MA_CROSS-24,['O-20250117-090100-001-MA_CROSS-71'],O-20250117-090100-001-MA_CROSS-70,,,,['MA_CROSS_TP'],4eec19dd-ce57-4c1e-82f9-50439cdd7271,1737104460000000000,1737122760000000000,,,,,1.03731,True,
BACKTESTER-001,MovingAverageCrossover-MA_CROSS,EUR/USD.IDEALPRO,IDEALPRO-1-073,EUR/USD.IDEALPRO-MovingAverageCrossover-MA_CROSS,IDEALPRO-001,IDEALPRO-1-33139,MARKET,SELL,100000.00,GTC,False,False,100000.00,TAKER,1.0281400000010001,0.0,['2.06 USD'],NO_TRIGGER,FILLED,OTO,OL-20250117-140600-001-MA_CROSS-25,"['O-20250117-140600-001-MA_CROSS-74', 'O-20250117-140600-001-MA_CROSS-75']",,,,,['MA_CROSS'],43619ce9-444d-41d6-8e91-ba18ddd9f2bb,1737122760000000000,1737122760000000000,,,,,,,
BACKTESTER-001,MovingAverageCrossover-MA_CROSS,EUR/USD.IDEALPRO,IDEALPRO-1-074,EUR/USD.IDEALPRO-MovingAverageCrossover-MA_CROSS,IDEALPRO-001,IDEALPRO-1-33231,STOP_MARKET,BUY,100000.00,GTC,True,False,100000.00,TAKER,1.029659999999,9.999998999976611e-06,['2.06 USD'],NO_TRIGGER,FILLED,OUO,OL-20250117-140600-001-MA_CROSS-25,['O-20250117-140600-001-MA_CROSS-75'],O-20250117-140600-001-MA_CROSS-73,,,,['MA_CROSS_SL'],bf0cb52b-1245-41ed-bc19-cc4c830e2b04,1737122760000000000,1737125460000000000,1.02965,DEFAULT,,,,,
BACKTESTER-001,MovingAverageCrossover-MA_CROSS,EUR/USD.IDEALPRO,IDEALPRO-1-075,EUR/USD.IDEALPRO-MovingAverageCrossover-MA_CROSS,IDEALPRO-001,,LIMIT,BUY,99999.99,GTC,True,False,0.00,NO_LIQUIDITY_SIDE,,,,NO_TRIGGER,CANCELED,OUO,OL-20250117-140600-001-MA_CROSS-25,['O-20250117-140600-001-MA_CROSS-74'],O-20250117-140600-001-MA_CROSS-73,,,,['MA_CROSS_TP'],9e4c4735-2d60-477c-ad59-ff27d72c9f05,1737122760000000000,1737125460000000000,,,,,1.02065,True,
BACKTESTER-001,MovingAverageCrossover-MA_CROSS,EUR/USD.IDEALPRO,IDEALPRO-1-076,EUR/USD.IDEALPRO-MovingAverageCrossover-MA_CROSS,IDEALPRO-001,IDEALPRO-1-33246,MARKET,BUY,100000.00,GTC,False,False,100000.00,TAKER,1.0299199999989999,0.0,['2.06 USD'],NO_TRIGGER,FILLED,OTO,OL-20250117-145700-001-MA_CROSS-26,"['O-20250117-145700-001-MA_CROSS-77', 'O-20250117-145700-001-MA_CROSS-78']",,,,,['MA_CROSS'],8fcd0409-287f-4827-992a-12902f034139,1737125820000000000,1737125820000000000,,,,,,,
BACKTESTER-001,MovingAverageCrossover-MA_CROSS,EUR/USD.IDEALPRO,IDEALPRO-1-077,EUR/USD.IDEALPRO-MovingAverageCrossover-MA_CROSS,IDEALPRO-001,IDEALPRO-1-33489,STOP_MARKET,SELL,100000.00,GTC,True,False,100000.00,TAKER,1.0284000000009998,9.999999000198656e-06,['2.06 USD'],NO_TRIGGER,FILLED,OUO,OL-20250117-145700-001-MA_CROSS-26,['O-20250117-145700-001-MA_CROSS-78'],O-20250117-145700-001-MA_CROSS-76,,,,['MA_CROSS_SL'],85d0670b-1b6f-4cc9-8a05-3db6d6db879b,1737125820000000000,1737133080000000000,1.02841,DEFAULT,,,,,
BACKTESTER-001,MovingAverageCrossover-MA_CROSS,EUR/USD.IDEALPRO,IDEALPRO-1-078,EUR/USD.IDEALPRO-MovingAverageCrossover-MA_CROSS,IDEALPRO-001,,LIMIT,SELL,99999.99,GTC,True,False,0.00,NO_LIQUIDITY_SIDE,,,,NO_TRIGGER,CANCELED,OUO,OL-20250117-145700-001-MA_CROSS-26,['O-20250117-145700-001-MA_CROSS-77'],O-20250117-145700-001-MA_CROSS-76,,,,['MA_CROSS_TP'],112f86a3-11c6-452f-952f-005ce8932554,1737125820000000000,1737133080000000000,,,,,1.03741,True,
BACKTESTER-001,MovingAverageCrossover-MA_CROSS,EUR/USD.IDEALPRO,IDEALPRO-1-079,EUR/USD.IDEALPRO-MovingAverageCrossover-MA_CROSS,IDEALPRO-001,IDEALPRO-1-33491,MARKET,SELL,100000.00,GTC,False,False,100000.00,TAKER,1.028380000001,0.0,['2.06 USD'],NO_TRIGGER,FILLED,OTO,OL-20250117-165800-001-MA_CROSS-27,"['O-20250117-165800-001-MA_CROSS-80', 'O-20250117-165800-001-MA_CROSS-81']",,,,,['MA_CROSS'],7f8ba36c-81a9-47aa-8891-783f05116933,1737133080000000000,1737133080000000000,,,,,,,
BACKTESTER-001,MovingAverageCrossover-MA_CROSS,EUR/USD.IDEALPRO,IDEALPRO-1-080,EUR/USD.IDEALPRO-MovingAverageCrossover-MA_CROSS,IDEALPRO-001,IDEALPRO-1-34731,STOP_MARKET,BUY,100000.00,GTC,True,False,100000.00,TAKER,1.0298999999990002,9.999999000198656e-06,['2.06 USD'],NO_TRIGGER,FILLED,OUO,OL-20250117-165800-001-MA_CROSS-27,['O-20250117-165800-001-MA_CROSS-81'],O-20250117-165800-001-MA_CROSS-79,,,,['MA_CROSS_SL'],5782eb22-f80d-4c47-a956-88ab387ed764,1737133080000000000,1737343920000000000,1.02989,DEFAULT,,,,,
BACKTESTER-001,MovingAverageCrossover-MA_CROSS,EUR/USD.IDEALPRO,IDEALPRO-1-081,EUR/USD.IDEALPRO-MovingAverageCrossover-MA_CROSS,IDEALPRO-001,,LIMIT,BUY,99999.99,GTC,True,False,0.00,NO_LIQUIDITY_SIDE,,,,NO_TRIGGER,CANCELED,OUO,OL-20250117-165800-001-MA_CROSS-27,['O-20250117-165800-001-MA_CROSS-80'],O-20250117-165800-001-MA_CROSS-79,,,,['MA_CROSS_TP'],2965f91e-9993-46ad-8212-677f8e2a6f85,1737133080000000000,1737343920000000000,,,,,1.02089,True,
BACKTESTER-001,MovingAverageCrossover-MA_CROSS,EUR/USD.IDEALPRO,IDEALPRO-1-082,EUR/USD.IDEALPRO-MovingAverageCrossover-MA_CROSS,IDEALPRO-001,IDEALPRO-1-34790,MARKET,BUY,100000.00,GTC,False,False,100000.00,TAKER,1.030629999999,0.0,['2.06 USD'],NO_TRIGGER,FILLED,OTO,OL-20250120-040000-001-MA_CROSS-28,"['O-20250120-040000-001-MA_CROSS-83', 'O-20250120-040000-001-MA_CROSS-84']",,,,,['MA_CROSS'],d021bd52-030d-49fb-a86d-ba26ce9286b9,1737345600000000000,1737345600000000000,,,,,,,
BACKTESTER-001,MovingAverageCrossover-MA_CROSS,EUR/USD.IDEALPRO,IDEALPRO-1-083,EUR/USD.IDEALPRO-MovingAverageCrossover-MA_CROSS,IDEALPRO-001,,STOP_MARKET,SELL,99999.99,GTC,True,False,0.00,NO_LIQUIDITY_SIDE,,,,NO_TRIGGER,CANCELED,OUO,OL-20250120-040000-001-MA_CROSS-28,['O-20250120-040000-001-MA_CROSS-84'],O-20250120-040000-001-MA_CROSS-82,,,,['MA_CROSS_SL'],39cc52ef-9247-4402-a5e4-e3a862edfc66,1737345600000000000,1737379980000000000,1.02912,DEFAULT,,,,,
BACKTESTER-001,MovingAverageCrossover-MA_CROSS,EUR/USD.IDEALPRO,IDEALPRO-1-084,EUR/USD.IDEALPRO-MovingAverageCrossover-MA_CROSS,IDEALPRO-001,IDEALPRO-1-35937,LIMIT,SELL,100000.00,GTC,True,False,100000.00,MAKER,1.03812,0.0,['2.08 USD'],NO_TRIGGER,FILLED,OUO,OL-20250120-040000-001-MA_CROSS-28,['O-20250120-040000-001-MA_CROSS-83'],O-20250120-040000-001-MA_CROSS-82,,,,['MA_CROSS_TP'],9cf6e27b-79a9-41e6-9a61-4ad832e92053,1737345600000000000,1737379980000000000,,,,,1.03812,True,
BACKTESTER-001,MovingAverageCrossover-MA_CROSS,EUR/USD.IDEALPRO,IDEALPRO-1-085,EUR/USD.IDEALPRO-MovingAverageCrossover-MA_CROSS,IDEALPRO-001,IDEALPRO-1-36265,MARKET,SELL,100000.00,GTC,False,False,100000.00,TAKER,1.0396000000010002,0.0,['2.08 USD'],NO_TRIGGER,FILLED,OTO,OL-20250120-161600-001-MA_CROSS-29,"['O-20250120-161600-001-MA_CROSS-86', 'O-20250120-161600-001-MA_CROSS-87']",,,,,['MA_CROSS'],6bd10928-4b8c-4285-abdd-6945664a86d7,1737389760000000000,1737389760000000000,,,,,,,
BACKTESTER-001,MovingAverageCrossover-MA_CROSS,EUR/USD.IDEALPRO,IDEALPRO-1-086,EUR/USD.IDEALPRO-MovingAverageCrossover-MA_CROSS,IDEALPRO-001,IDEALPRO-1-36691,STOP_MARKET,BUY,100000.00,GTC,True,False,100000.00,TAKER,1.041119999999,9.999998999976611e-06,['2.08 USD'],NO_TRIGGER,FILLED,OUO,OL-20250120-161600-001-MA_CROSS-29,['O-20250120-161600-001-MA_CROSS-87'],O-20250120-161600-001-MA_CROSS-85,,,,['MA_CROSS_SL'],a0c9544b-8853-402f-9631-85a2e000bf37,1737389760000000000,1737402480000000000,1.04111,DEFAULT,,,,,
BACKTESTER-001,MovingAverageCrossover-MA_CROSS,EUR/USD.IDEALPRO,IDEALPRO-1-087,EUR/USD.IDEALPRO-MovingAverageCrossover-MA_CROSS,IDEALPRO-001,,LIMIT,BUY,99999.99,GTC,True,False,0.00,NO_LIQUIDITY_SIDE,,,,NO_TRIGGER,CANCELED,OUO,OL-20250120-161600-001-MA_CROSS-29,['O-20250120-161600-001-MA_CROSS-86'],O-20250120-161600-001-MA_CROSS-85,,,,['MA_CROSS_TP'],6ddc8b3f-91ce-4b11-ae71-72fbd693812e,1737389760000000000,1737402480000000000,,,,,1.03211,True,
BACKTESTER-001,MovingAverageCrossover-MA_CROSS,EUR/USD.IDEALPRO,IDEALPRO-1-088,EUR/USD.IDEALPRO-MovingAverageCrossover-MA_CROSS,IDEALPRO-001,IDEALPRO-1-36855,MARKET,BUY,100000.00,GTC,False,False,100000.00,TAKER,1.0413799999989999,0.0,['2.08 USD'],NO_TRIGGER,FILLED,OTO,OL-20250120-210900-001-MA_CROSS-30,"['O-20250120-210900-001-MA_CROSS-89', 'O-20250120-210900-001-MA_CROSS-90']",,,,,['MA_CROSS'],df099eae-1147-4547-a9f2-3f25b971f887,1737407340000000000,1737407340000000000,,,,,,,
BACKTESTER-001,MovingAverageCrossover-MA_CROSS,EUR/USD.IDEALPRO,IDEALPRO-1-089,EUR/USD.IDEALPRO-MovingAverageCrossover-MA_CROSS,IDEALPRO-001,IDEALPRO-1-37271,STOP_MARKET,SELL,100000.00,GTC,True,False,100000.00,TAKER,1.039860000001,9.999998999976611e-06,['2.08 USD'],NO_TRIGGER,FILLED,OUO,OL-20250120-210900-001-MA_CROSS-30,['O-20250120-210900-001-MA_CROSS-90'],O-20250120-210900-001-MA_CROSS-88,,,,['MA_CROSS_SL'],146ab33d-5e8b-4710-b99b-4a2df5051ab0,1737407340000000000,1737420660000000000,1.03987,DEFAULT,,,,,
BACKTESTER-001,MovingAverageCrossover-MA_CROSS,EUR/USD.IDEALPRO,IDEALPRO-1-090,EUR/USD.IDEALPRO-MovingAverageCrossover-MA_CROSS,IDEALPRO-001,,LIMIT,SELL,99999.99,GTC,True,False,0.00,NO_LIQUIDITY_SIDE,,,,NO_TRIGGER,CANCELED,OUO,OL-20250120-210900-001-MA_CROSS-30,['O-20250120-210900-001-MA_CROSS-89'],O-20250120-210900-001-MA_CROSS-88,,,,['MA_CROSS_TP'],4ae4adfc-dd89-4758-a6f6-6e8c3ddb9c1f,1737407340000000000,1737420660000000000,,,,,1.04887,True,
BACKTESTER-001,MovingAverageCrossover-MA_CROSS,EUR/USD.IDEALPRO,IDEALPRO-1-091,EUR/USD.IDEALPRO-MovingAverageCrossover-MA_CROSS,IDEALPRO-001,IDEALPRO-1-37293,MARKET,SELL,100000.00,GTC,False,False,100000.00,TAKER,1.036410000001,0.0,['2.07 USD'],NO_TRIGGER,FILLED,OTO,OL-20250121-010100-001-MA_CROSS-31,"['O-20250121-010100-001-MA_CROSS-92', 'O-20250121-010100-001-MA_CROSS-93']",,,,,['MA_CROSS'],38f09aa9-0256-4e26-bb42-c5c626db3d23,1737421260000000000,1737421260000000000,,,,,,,
BACKTESTER-001,MovingAverageCrossover-MA_CROSS,EUR/USD.IDEALPRO,IDEALPRO-1-092,EUR/USD.IDEALPRO-MovingAverageCrossover-MA_CROSS,IDEALPRO-001,IDEALPRO-1-37317,STOP_MARKET,BUY,100000.00,GTC,True,False,100000.00,TAKER,1.0379299999990002,9.999999000198656e-06,['2.08 USD'],NO_TRIGGER,FILLED,OUO,OL-20250121-010100-001-MA_CROSS-31,['O-20250121-010100-001-MA_CROSS-93'],O-20250121-010100-001-MA_CROSS-91,,,,['MA_CROSS_SL'],74be7f6f-533f-4d5b-857d-f3c6e878113b,1737421260000000000,1737421920000000000,1.03792,DEFAULT,,,,,
BACKTESTER-001,MovingAverageCrossover-MA_CROSS,EUR/USD.IDEALPRO,IDEALPRO-1-093,EUR/USD.IDEALPRO-MovingAverageCrossover-MA_CROSS,IDEALPRO-001,,LIMIT,BUY,99999.99,GTC,True,False,0.00,NO_LIQUIDITY_SIDE,,,,NO_TRIGGER,CANCELED,OUO,OL-20250121-010100-001-MA_CROSS-31,['O-20250121-010100-001-MA_CROSS-92'],O-20250121-010100-001-MA_CROSS-91,,,,['MA_CROSS_TP'],283b4e19-0f5e-44a5-af39-700871f8ef0c,1737421260000000000,1737421920000000000,,,,,1.02892,True,
BACKTESTER-001,MovingAverageCrossover-MA_CROSS,EUR/USD.IDEALPRO,IDEALPRO-1-094,EUR/USD.IDEALPRO-MovingAverageCrossover-MA_CROSS,IDEALPRO-001,IDEALPRO-1-37505,MARKET,BUY,100000.00,GTC,False,False,100000.00,TAKER,1.038629999999,0.0,['2.08 USD'],NO_TRIGGER,FILLED,OTO,OL-20250121-024500-001-MA_CROSS-32,"['O-20250121-024500-001-MA_CROSS-95', 'O-20250121-024500-001-MA_CROSS-96']",,,,,['MA_CROSS'],75d84994-d5a2-4601-b44a-f034f22f50c8,1737427500000000000,1737427500000000000,,,,,,,
BACKTESTER-001,MovingAverageCrossover-MA_CROSS,EUR/USD.IDEALPRO,IDEALPRO-1-095,EUR/USD.IDEALPRO-MovingAverageCrossover-MA_CROSS,IDEALPRO-001,IDEALPRO-1-37973,STOP_MARKET,SELL,100000.00,GTC,True,False,100000.00,TAKER,1.037110000001,9.999998999976611e-06,['2.07 USD'],NO_TRIGGER,FILLED,OUO,OL-20250121-024500-001-MA_CROSS-32,['O-20250121-024500-001-MA_CROSS-96'],O-20250121-024500-001-MA_CROSS-94,,,,['MA_CROSS_SL'],4f2eb5ae-c43f-4882-bb61-ea7dad5532bb,1737427500000000000,1737441480000000000,1.03712,DEFAULT,,,,,
BACKTESTER-001,MovingAverageCrossover-MA_CROSS,EUR/USD.IDEALPRO,IDEALPRO-1-096,EUR/USD.IDEALPRO-MovingAverageCrossover-MA_CROSS,IDEALPRO-001,,LIMIT,SELL,99999.99,GTC,True,False,0.00,NO_LIQUIDITY_SIDE,,,,NO_TRIGGER,CANCELED,OUO,OL-20250121-024500-001-MA_CROSS-32,['O-20250121-024500-001-MA_CROSS-95'],O-20250121-024500-001-MA_CROSS-94,,,,['MA_CROSS_TP'],47caab58-4ee3-45c1-97a5-d8040061d160,1737427500000000000,1737441480000000000,,,,,1.04612,True,
BACKTESTER-001,MovingAverageCrossover-MA_CROSS,EUR/USD.IDEALPRO,IDEALPRO-1-097,EUR/USD.IDEALPRO-MovingAverageCrossover-MA_CROSS,IDEALPRO-001,IDEALPRO-1-38291,MARKET,SELL,100000.00,GTC,False,False,100000.00,TAKER,1.0356600000010001,0.0,['2.07 USD'],NO_TRIGGER,FILLED,OTO,OL-20250121-091600-001-MA_CROSS-33,"['O-20250121-091600-001-MA_CROSS-98', 'O-20250121-091600-001-MA_CROSS-99']",,,,,['MA_CROSS'],19b6a21a-ee6b-4227-84d5-b58e53b1b857,1737450960000000000,1737450960000000000,,,,,,,
BACKTESTER-001,MovingAverageCrossover-MA_CROSS,EUR/USD.IDEALPRO,IDEALPRO-1-098,EUR/USD.IDEALPRO-MovingAverageCrossover-MA_CROSS,IDEALPRO-001,IDEALPRO-1-38809,STOP_MARKET,BUY,100000.00,GTC,True,False,100000.00,TAKER,1.037179999999,9.999998999976611e-06,['2.07 USD'],NO_TRIGGER,FILLED,OUO,OL-20250121-091600-001-MA_CROSS-33,['O-20250121-091600-001-MA_CROSS-99'],O-20250121-091600-001-MA_CROSS-97,,,,['MA_CROSS_SL'],2b9387f3-2648-4d2c-afad-c244e941aa21,1737450960000000000,1737466440000000000,1.03717,DEFAULT,,,,,
BACKTESTER-001,MovingAverageCrossover-MA_CROSS,EUR/USD.IDEALPRO,IDEALPRO-1-099,EUR/USD.IDEALPRO-MovingAverageCrossover-MA_CROSS,IDEALPRO-001,,LIMIT,BUY,99999.99,GTC,True,False,0.00,NO_LIQUIDITY_SIDE,,,,NO_TRIGGER,CANCELED,OUO,OL-20250121-091600-001-MA_CROSS-33,['O-20250121-091600-001-MA_CROSS-98'],O-20250121-091600-001-MA_CROSS-97,,,,['MA_CROSS_TP'],53c919d7-d464-4bac-a4fd-d98680aa57f4,1737450960000000000,1737466440000000000,,,,,1.02817,True,
BACKTESTER-001,MovingAverageCrossover-MA_CROSS,EUR/USD.IDEALPRO,IDEALPRO-1-100,EUR/USD.IDEALPRO-MovingAverageCrossover-MA_CROSS,IDEALPRO-001,IDEALPRO-1-38835,MARKET,BUY,100000.00,GTC,False,False,100000.00,TAKER,1.037509999999,0.0,['2.08 USD'],NO_TRIGGER,FILLED,OTO,OL-20250121-134600-001-MA_CROSS-34,"['O-20250121-134600-001-MA_CROSS-101', 'O-20250121-134600-001-MA_CROSS-102']",,,,,['MA_CROSS'],28cf8286-0a49-4e58-aac2-3c0d56fad48f,1737467160000000000,1737467160000000000,,,,,,,
BACKTESTER-001,MovingAverageCrossover-MA_CROSS,EUR/USD.IDEALPRO,IDEALPRO-1-101,EUR/USD.IDEALPRO-MovingAverageCrossover-MA_CROSS,IDEALPRO-001,,STOP_MARKET,SELL,99999.99,GTC,True,False,0.00,NO_LIQUIDITY_SIDE,,,,NO_TRIGGER,CANCELED,OUO,OL-20250121-134600-001-MA_CROSS-34,['O-20250121-134600-001-MA_CROSS-102'],O-20250121-134600-001-MA_CROSS-100,,,,['MA_CROSS_SL'],ca14c24e-9f80-4db7-8d09-84d1a3ab44b1,1737467160000000000,1737540420000000000,1.03600,DEFAULT,,,,,
BACKTESTER-001,MovingAverageCrossover-MA_CROSS,EUR/USD.IDEALPRO,IDEALPRO-1-102,EUR/USD.IDEALPRO-MovingAverageCrossover-MA_CROSS,IDEALPRO-001,IDEALPRO-1-41249,LIMIT,SELL,100000.00,GTC,True,False,100000.00,MAKER,1.045,0.0,['2.09 USD'],NO_TRIGGER,FILLED,OUO,OL-20250121-134600-001-MA_CROSS-34,['O-20250121-134600-001-MA_CROSS-101'],O-20250121-134600-001-MA_CROSS-100,,,,['MA_CROSS_TP'],fede0160-a375-4f49-928e-7c775f19ac36,1737467160000000000,1737540420000000000,,,,,1.04500,True,
BACKTESTER-001,MovingAverageCrossover-MA_CROSS,EUR/USD.IDEALPRO,IDEALPRO-1-103,EUR/USD.IDEALPRO-MovingAverageCrossover-MA_CROSS,IDEALPRO-001,IDEALPRO-1-41449,MARKET,SELL,100000.00,GTC,False,False,100000.00,TAKER,1.0444900000009998,0.0,['2.09 USD'],NO_TRIGGER,FILLED,OTO,OL-20250122-114600-001-MA_CROSS-35,"['O-20250122-114600-001-MA_CROSS-104', 'O-20250122-114600-001-MA_CROSS-105']",,,,,['MA_CROSS'],d23b6fd9-532b-4180-bb16-7399e2d15719,1737546360000000000,1737546360000000000,,,,,,,
BACKTESTER-001,MovingAverageCrossover-MA_CROSS,EUR/USD.IDEALPRO,IDEALPRO-1-104,EUR/USD.IDEALPRO-MovingAverageCrossover-MA_CROSS,IDEALPRO-001,IDEALPRO-1-46535,STOP_MARKET,BUY,100000.00,GTC,True,False,100000.00,TAKER,1.0460099999990002,9.999999000198656e-06,['2.09 USD'],NO_TRIGGER,FILLED,OUO,OL-20250122-114600-001-MA_CROSS-35,['O-20250122-114600-001-MA_CROSS-105'],O-20250122-114600-001-MA_CROSS-103,,,,['MA_CROSS_SL'],c98eeabe-85ef-4bb7-b183-0a5a76e50268,1737546360000000000,1737700680000000000,1.04600,DEFAULT,,,,,
BACKTESTER-001,MovingAverageCrossover-MA_CROSS,EUR/USD.IDEALPRO,IDEALPRO-1-105,EUR/USD.IDEALPRO-MovingAverageCrossover-MA_CROSS,IDEALPRO-001,,LIMIT,BUY,99999.99,GTC,True,False,0.00,NO_LIQUIDITY_SIDE,,,,NO_TRIGGER,CANCELED,OUO,OL-20250122-114600-001-MA_CROSS-35,['O-20250122-114600-001-MA_CROSS-104'],O-20250122-114600-001-MA_CROSS-103,,,,['MA_CROSS_TP'],b0e576ea-b02e-4cbc-b851-384ddde25f36,1737546360000000000,1737700680000000000,,,,,1.03700,True,
BACKTESTER-001,MovingAverageCrossover-MA_CROSS,EUR/USD.IDEALPRO,IDEALPRO-1-106,EUR/USD.IDEALPRO-MovingAverageCrossover-MA_CROSS,IDEALPRO-001,IDEALPRO-1-46702,MARKET,BUY,100000.00,GTC,False,False,100000.00,TAKER,1.046119999999,0.0,['2.09 USD'],NO_TRIGGER,FILLED,OTO,OL-20250124-080000-001-MA_CROSS-36,"['O-20250124-080000-001-MA_CROSS-107', 'O-20250124-080000-001-MA_CROSS-108']",,,,,['MA_CROSS'],61eab1e0-c7f8-4ebf-bc49-dd1aa3b2dd20,1737705600000000000,1737705600000000000,,,,,,,
BACKTESTER-001,MovingAverageCrossover-MA_CROSS,EUR/USD.IDEALPRO,IDEALPRO-1-107,EUR/USD.IDEALPRO-MovingAverageCrossover-MA_CROSS,IDEALPRO-001,IDEALPRO-1-51377,STOP_MARKET,SELL,100000.00,GTC,True,False,100000.00,TAKER,1.044600000001,9.999998999976611e-06,['2.09 USD'],NO_TRIGGER,FILLED,OUO,OL-20250124-080000-001-MA_CROSS-36,['O-20250124-080000-001-MA_CROSS-108'],O-20250124-080000-001-MA_CROSS-106,,,,['MA_CROSS_SL'],7d7921aa-46ce-4726-ae59-1182af5619ca,1737705600000000000,1738020420000000000,1.04461,DEFAULT,,,,,
BACKTESTER-001,MovingAverageCrossover-MA_CROSS,EUR/USD.IDEALPRO,IDEALPRO-1-108,EUR/USD.IDEALPRO-MovingAverageCrossover-MA_CROSS,IDEALPRO-001,,LIMIT,SELL,99999.99,GTC,True,False,0.00,NO_LIQUIDITY_SIDE,,,,NO_TRIGGER,CANCELED,OUO,OL-20250124-080000-001-MA_CROSS-36,['O-20250124-080000-001-MA_CROSS-107'],O-20250124-080000-001-MA_CROSS-106,,,,['MA_CROSS_TP'],959228a4-d37e-4b1b-a87a-095cf2941726,1737705600000000000,1738020420000000000,,,,,1.05361,True,
BACKTESTER-001,MovingAverageCrossover-MA_CROSS,EUR/USD.IDEALPRO,IDEALPRO-1-109,EUR/USD.IDEALPRO-MovingAverageCrossover-MA_CROSS,IDEALPRO-001,IDEALPRO-1-51379,MARKET,SELL,100000.00,GTC,False,False,100000.00,TAKER,1.0444900000009998,0.0,['2.09 USD'],NO_TRIGGER,FILLED,OTO,OL-20250127-232700-001-MA_CROSS-37,"['O-20250127-232700-001-MA_CROSS-110', 'O-20250127-232700-001-MA_CROSS-111']",,,,,['MA_CROSS'],f6680d8c-8350-4fa6-a69b-45adee177f40,1738020420000000000,1738020420000000000,,,,,,,
BACKTESTER-001,MovingAverageCrossover-MA_CROSS,EUR/USD.IDEALPRO,IDEALPRO-1-110,EUR/USD.IDEALPRO-MovingAverageCrossover-MA_CROSS,IDEALPRO-001,IDEALPRO-1-58829,STOP_MARKET,BUY,100000.00,GTC,True,False,100000.00,TAKER,1.0460099999990002,9.999999000198656e-06,['2.09 USD'],NO_TRIGGER,FILLED,OUO,OL-20250127-232700-001-MA_CROSS-37,['O-20250127-232700-001-MA_CROSS-111'],O-20250127-232700-001-MA_CROSS-109,,,,['MA_CROSS_SL'],546a0b20-725e-436c-afd9-7b22178dc8c1,1738020420000000000,1738245660000000000,1.04600,DEFAULT,,,,,
BACKTESTER-001,MovingAverageCrossover-MA_CROSS,EUR/USD.IDEALPRO,IDEALPRO-1-111,EUR/USD.IDEALPRO-MovingAverageCrossover-MA_CROSS,IDEALPRO-001,,LIMIT,BUY,99999.99,GTC,True,False,0.00,NO_LIQUIDITY_SIDE,,,,NO_TRIGGER,CANCELED,OUO,OL-20250127-232700-001-MA_CROSS-37,['O-20250127-232700-001-MA_CROSS-110'],O-20250127-232700-001-MA_CROSS-109,,,,['MA_CROSS_TP'],25c10e16-bec1-4533-a495-c11c8e82b23c,1738020420000000000,1738245660000000000,,,,,1.03700,True,
BACKTESTER-001,MovingAverageCrossover-MA_CROSS,EUR/USD.IDEALPRO,IDEALPRO-1-112,EUR/USD.IDEALPRO-MovingAverageCrossover-MA_CROSS,IDEALPRO-001,IDEALPRO-1-58831,MARKET,BUY,100000.00,GTC,False,False,100000.00,TAKER,1.046319999999,0.0,['2.09 USD'],NO_TRIGGER,FILLED,OTO,OL-20250130-140100-001-MA_CROSS-38,"['O-20250130-140100-001-MA_CROSS-113', 'O-20250130-140100-001-MA_CROSS-114']",,,,,['MA_CROSS'],d1e55011-fc3c-455a-87cc-c2113c1b49aa,1738245660000000000,1738245660000000000,,,,,,,
BACKTESTER-001,MovingAverageCrossover-MA_CROSS,EUR/USD.IDEALPRO,IDEALPRO-1-113,EUR/USD.IDEALPRO-MovingAverageCrossover-MA_CROSS,IDEALPRO-001,IDEALPRO-1-58839,STOP_MARKET,SELL,100000.00,GTC,True,False,100000.00,TAKER,1.044800000001,9.999998999976611e-06,['2.09 USD'],NO_TRIGGER,FILLED,OUO,OL-20250130-140100-001-MA_CROSS-38,['O-20250130-140100-001-MA_CROSS-114'],O-20250130-140100-001-MA_CROSS-112,,,,['MA_CROSS_SL'],435872b0-7a07-425d-8562-0ec1f3e97f07,1738245660000000000,1738245840000000000,1.04481,DEFAULT,,,,,
BACKTESTER-001,MovingAverageCrossover-MA_CROSS,EUR/USD.IDEALPRO,IDEALPRO-1-114,EUR/USD.IDEALPRO-MovingAverageCrossover-MA_CROSS,IDEALPRO-001,,LIMIT,SELL,99999.99,GTC,True,False,0.00,NO_LIQUIDITY_SIDE,,,,NO_TRIGGER,CANCELED,OUO,OL-20250130-140100-001-MA_CROSS-38,['O-20250130-140100-001-MA_CROSS-113'],O-20250130-140100-001-MA_CROSS-112,,,,['MA_CROSS_TP'],bcf4eb27-b8ad-49d3-9844-baa238ecbab5,1738245660000000000,1738245840000000000,,,,,1.05381,True,
BACKTESTER-001,MovingAverageCrossover-MA_CROSS,EUR/USD.IDEALPRO,IDEALPRO-1-115,EUR/USD.IDEALPRO-MovingAverageCrossover-MA_CROSS,IDEALPRO-001,IDEALPRO-1-59105,MARKET,SELL,100000.00,GTC,False,False,100000.00,TAKER,1.0431000000009998,0.0,['2.09 USD'],NO_TRIGGER,FILLED,OTO,OL-20250130-161600-001-MA_CROSS-39,"['O-20250130-161600-001-MA_CROSS-116', 'O-20250130-161600-001-MA_CROSS-117']",,,,,['MA_CROSS'],31565498-d1a1-4cc8-8a9f-a2bb9b60fc7a,1738253760000000000,1738253760000000000,,,,,,,
BACKTESTER-001,MovingAverageCrossover-MA_CROSS,EUR/USD.IDEALPRO,IDEALPRO-1-116,EUR/USD.IDEALPRO-MovingAverageCrossover-MA_CROSS,IDEALPRO-001,,STOP_MARKET,BUY,99999.99,GTC,True,False,0.00,NO_LIQUIDITY_SIDE,,,,NO_TRIGGER,CANCELED,OUO,OL-20250130-161600-001-MA_CROSS-39,['O-20250130-161600-001-MA_CROSS-117'],O-20250130-161600-001-MA_CROSS-115,,,,['MA_CROSS_SL'],26e328c7-63b1-410c-b3c1-e4ad04160a2e,1738253760000000000,1738357920000000000,1.04461,DEFAULT,,,,,
BACKTESTER-001,MovingAverageCrossover-MA_CROSS,EUR/USD.IDEALPRO,IDEALPRO-1-117,EUR/USD.IDEALPRO-MovingAverageCrossover-MA_CROSS,IDEALPRO-001,IDEALPRO-1-62549,LIMIT,BUY,100000.00,GTC,True,False,100000.00,MAKER,1.03561,0.0,['2.07 USD'],NO_TRIGGER,FILLED,OUO,OL-20250130-161600-001-MA_CROSS-39,['O-20250130-161600-001-MA_CROSS-116'],O-20250130-161600-001-MA_CROSS-115,,,,['MA_CROSS_TP'],a5d1d69e-0e11-4a54-920e-3c6ed5f71159,1738253760000000000,1738357920000000000,,,,,1.03561,True,
BACKTESTER-001,MovingAverageCrossover-MA_CROSS,EUR/USD.IDEALPRO,IDEALPRO-1-118,EUR/USD.IDEALPRO-MovingAverageCrossover-MA_CROSS,IDEALPRO-001,IDEALPRO-1-63039,MARKET,BUY,100000.00,GTC,False,False,100000.00,TAKER,1.024809999999,0.0,['2.05 USD'],NO_TRIGGER,FILLED,OTO,OL-20250203-013100-001-MA_CROSS-40,"['O-20250203-013100-001-MA_CROSS-119', 'O-20250203-013100-001-MA_CROSS-120']",,,,,['MA_CROSS'],0ac4fdbc-1238-4bba-9c41-0ccd092b1b6f,1738546260000000000,1738546260000000000,,,,,,,
BACKTESTER-001,MovingAverageCrossover-MA_CROSS,EUR/USD.IDEALPRO,IDEALPRO-1-119,EUR/USD.IDEALPRO-MovingAverageCrossover-MA_CROSS,IDEALPRO-001,IDEALPRO-1-63105,STOP_MARKET,SELL,100000.00,GTC,True,False,100000.00,TAKER,1.023290000001,9.999999000198656e-06,['2.05 USD'],NO_TRIGGER,FILLED,OUO,OL-20250203-013100-001-MA_CROSS-40,['O-20250203-013100-001-MA_CROSS-120'],O-20250203-013100-001-MA_CROSS-118,,,,['MA_CROSS_SL'],d32cb9d3-b807-4503-839a-adf2d9bcb015,1738546260000000000,1738548180000000000,1.02330,DEFAULT,,,,,
BACKTESTER-001,MovingAverageCrossover-MA_CROSS,EUR/USD.IDEALPRO,IDEALPRO-1-120,EUR/USD.IDEALPRO-MovingAverageCrossover-MA_CROSS,IDEALPRO-001,,LIMIT,SELL,99999.99,GTC,True,False,0.00,NO_LIQUIDITY_SIDE,,,,NO_TRIGGER,CANCELED,OUO,OL-20250203-013100-001-MA_CROSS-40,['O-20250203-013100-001-MA_CROSS-119'],O-20250203-013100-001-MA_CROSS-118,,,,['MA_CROSS_TP'],e32d62da-0087-4b73-ba41-b1e096a5b408,1738546260000000000,1738548180000000000,,,,,1.03230,True,
BACKTESTER-001,MovingAverageCrossover-MA_CROSS,EUR/USD.IDEALPRO,IDEALPRO-1-121,EUR/USD.IDEALPRO-MovingAverageCrossover-MA_CROSS,IDEALPRO-001,IDEALPRO-1-63133,MARKET,SELL,100000.00,GTC,False,False,100000.00,TAKER,1.022880000001,0.0,['2.05 USD'],NO_TRIGGER,FILLED,OTO,OL-20250203-021600-001-MA_CROSS-41,"['O-20250203-021600-001-MA_CROSS-122', 'O-20250203-021600-001-MA_CROSS-123']",,,,,['MA_CROSS'],294f9363-8025-4f9a-bdad-4a6538991350,1738548960000000000,1738548960000000000,,,,,,,
BACKTESTER-001,MovingAverageCrossover-MA_CROSS,EUR/USD.IDEALPRO,IDEALPRO-1-122,EUR/USD.IDEALPRO-MovingAverageCrossover-MA_CROSS,IDEALPRO-001,IDEALPRO-1-63591,STOP_MARKET,BUY,100000.00,GTC,True,False,100000.00,TAKER,1.0243999999989999,9.999998999976611e-06,['2.05 USD'],NO_TRIGGER,FILLED,OUO,OL-20250203-021600-001-MA_CROSS-41,['O-20250203-021600-001-MA_CROSS-123'],O-20250203-021600-001-MA_CROSS-121,,,,['MA_CROSS_SL'],14b3a72f-8c47-406d-9574-fd144d068db6,1738548960000000000,1738562640000000000,1.02439,DEFAULT,,,,,
BACKTESTER-001,MovingAverageCrossover-MA_CROSS,EUR/USD.IDEALPRO,IDEALPRO-1-123,EUR/USD.IDEALPRO-MovingAverageCrossover-MA_CROSS,IDEALPRO-001,,LIMIT,BUY,99999.99,GTC,True,False,0.00,NO_LIQUIDITY_SIDE,,,,NO_TRIGGER,CANCELED,OUO,OL-20250203-021600-001-MA_CROSS-41,['O-20250203-021600-001-MA_CROSS-122'],O-20250203-021600-001-MA_CROSS-121,,,,['MA_CROSS_TP'],52535f00-9fb4-4180-a9bd-d5e5c25a7266,1738548960000000000,1738562640000000000,,,,,1.01539,True,
BACKTESTER-001,MovingAverageCrossover-MA_CROSS,EUR/USD.IDEALPRO,IDEALPRO-1-124,EUR/USD.IDEALPRO-MovingAverageCrossover-MA_CROSS,IDEALPRO-001,IDEALPRO-1-63977,MARKET,BUY,100000.00,GTC,False,False,100000.00,TAKER,1.024779999999,0.0,['2.05 USD'],NO_TRIGGER,FILLED,OTO,OL-20250203-091600-001-MA_CROSS-42,"['O-20250203-091600-001-MA_CROSS-125', 'O-20250203-091600-001-MA_CROSS-126']",,,,,['MA_CROSS'],24f04820-a249-42d5-83ea-0bf0de23451f,1738574160000000000,1738574160000000000,,,,,,,
BACKTESTER-001,MovingAverageCrossover-MA_CROSS,EUR/USD.IDEALPRO,IDEALPRO-1-125,EUR/USD.IDEALPRO-MovingAverageCrossover-MA_CROSS,IDEALPRO-001,IDEALPRO-1-64045,STOP_MARKET,SELL,100000.00,GTC,True,False,100000.00,TAKER,1.023260000001,9.999998999976611e-06,['2.05 USD'],NO_TRIGGER,FILLED,OUO,OL-20250203-091600-001-MA_CROSS-42,['O-20250203-091600-001-MA_CROSS-126'],O-20250203-091600-001-MA_CROSS-124,,,,['MA_CROSS_SL'],485f03b9-04a2-44ae-b567-c6f02817adf1,1738574160000000000,1738576140000000000,1.02327,DEFAULT,,,,,
BACKTESTER-001,MovingAverageCrossover-MA_CROSS,EUR/USD.IDEALPRO,IDEALPRO-1-126,EUR/USD.IDEALPRO-MovingAverageCrossover-MA_CROSS,IDEALPRO-001,,LIMIT,SELL,99999.99,GTC,True,False,0.00,NO_LIQUIDITY_SIDE,,,,NO_TRIGGER,CANCELED,OUO,OL-20250203-091600-001-MA_CROSS-42,['O-20250203-091600-001-MA_CROSS-125'],O-20250203-091600-001-MA_CROSS-124,,,,['MA_CROSS_TP'],8c4dda0e-f271-4b30-849d-6671c165465f,1738574160000000000,1738576140000000000,,,,,1.03227,True,
BACKTESTER-001,MovingAverageCrossover-MA_CROSS,EUR/USD.IDEALPRO,IDEALPRO-1-127,EUR/USD.IDEALPRO-MovingAverageCrossover-MA_CROSS,IDEALPRO-001,IDEALPRO-1-64070,MARKET,SELL,100000.00,GTC,False,False,100000.00,TAKER,1.023080000001,0.0,['2.05 USD'],NO_TRIGGER,FILLED,OTO,OL-20250203-100000-001-MA_CROSS-43,"['O-20250203-100000-001-MA_CROSS-128', 'O-20250203-100000-001-MA_CROSS-129']",,,,,['MA_CROSS'],25bf3595-55cd-4a0e-8763-75307160c9c0,1738576800000000000,1738576800000000000,,,,,,,
BACKTESTER-001,MovingAverageCrossover-MA_CROSS,EUR/USD.IDEALPRO,IDEALPRO-1-128,EUR/USD.IDEALPRO-MovingAverageCrossover-MA_CROSS,IDEALPRO-001,IDEALPRO-1-64197,STOP_MARKET,BUY,100000.00,GTC,True,False,100000.00,TAKER,1.0245999999989999,9.999998999976611e-06,['2.05 USD'],NO_TRIGGER,FILLED,OUO,OL-20250203-100000-001-MA_CROSS-43,['O-20250203-100000-001-MA_CROSS-129'],O-20250203-100000-001-MA_CROSS-127,,,,['MA_CROSS_SL'],3cfdf2f4-771c-4b4b-9d00-92806c4bf39c,1738576800000000000,1738580580000000000,1.02459,DEFAULT,,,,,
BACKTESTER-001,MovingAverageCrossover-MA_CROSS,EUR/USD.IDEALPRO,IDEALPRO-1-129,EUR/USD.IDEALPRO-MovingAverageCrossover-MA_CROSS,IDEALPRO-001,,LIMIT,BUY,99999.99,GTC,True,False,0.00,NO_LIQUIDITY_SIDE,,,,NO_TRIGGER,CANCELED,OUO,OL-20250203-100000-001-MA_CROSS-43,['O-20250203-100000-001-MA_CROSS-128'],O-20250203-100000-001-MA_CROSS-127,,,,['MA_CROSS_TP'],bd67fe3d-646b-42b3-9db3-2e85fe65c40d,1738576800000000000,1738580580000000000,,,,,1.01559,True,
BACKTESTER-001,MovingAverageCrossover-MA_CROSS,EUR/USD.IDEALPRO,IDEALPRO-1-130,EUR/USD.IDEALPRO-MovingAverageCrossover-MA_CROSS,IDEALPRO-001,IDEALPRO-1-64200,MARKET,BUY,100000.00,GTC,False,False,100000.00,TAKER,1.024559999999,0.0,['2.05 USD'],NO_TRIGGER,FILLED,OTO,OL-20250203-110300-001-MA_CROSS-44,"['O-20250203-110300-001-MA_CROSS-131', 'O-20250203-110300-001-MA_CROSS-132']",,,,,['MA_CROSS'],3f90ed6f-4800-4da8-b5b2-056f41f65b73,1738580580000000000,1738580580000000000,,,,,,,
BACKTESTER-001,MovingAverageCrossover-MA_CROSS,EUR/USD.IDEALPRO,IDEALPRO-1-131,EUR/USD.IDEALPRO-MovingAverageCrossover-MA_CROSS,IDEALPRO-001,,STOP_MARKET,SELL,99999.99,GTC,True,False,0.00,NO_LIQUIDITY_SIDE,,,,NO_TRIGGER,CANCELED,OUO,OL-20250203-110300-001-MA_CROSS-44,['O-20250203-110300-001-MA_CROSS-132'],O-20250203-110300-001-MA_CROSS-130,,,,['MA_CROSS_SL'],e6126abb-235a-43eb-8e4c-8dc6c7c23e84,1738580580000000000,1738596300000000000,1.02305,DEFAULT,,,,,
BACKTESTER-001,MovingAverageCrossover-MA_CROSS,EUR/USD.IDEALPRO,IDEALPRO-1-132,EUR/USD.IDEALPRO-MovingAverageCrossover-MA_CROSS,IDEALPRO-001,IDEALPRO-1-64725,LIMIT,SELL,100000.00,GTC,True,False,100000.00,MAKER,1.03205,0.0,['2.06 USD'],NO_TRIGGER,FILLED,OUO,OL-20250203-110300-001-MA_CROSS-44,['O-20250203-110300-001-MA_CROSS-131'],O-20250203-110300-001-MA_CROSS-130,,,,['MA_CROSS_TP'],4e3ddcaa-a5ec-41cb-b8d4-b7da83594258,1738580580000000000,1738596300000000000,,,,,1.03205,True,
BACKTESTER-001,MovingAverageCrossover-MA_CROSS,EUR/USD.IDEALPRO,IDEALPRO-1-133,EUR/USD.IDEALPRO-MovingAverageCrossover-MA_CROSS,IDEALPRO-001,IDEALPRO-1-64925,MARKET,SELL,100000.00,GTC,False,False,100000.00,TAKER,1.027960000001,0.0,['2.06 USD'],NO_TRIGGER,FILLED,OTO,OL-20250203-170400-001-MA_CROSS-45,"['O-20250203-170400-001-MA_CROSS-134', 'O-20250203-170400-001-MA_CROSS-135']",,,,,['MA_CROSS'],b06a943c-52ab-4371-84c1-de82e806fcff,1738602240000000000,1738602240000000000,,,,,,,
BACKTESTER-001,MovingAverageCrossover-MA_CROSS,EUR/USD.IDEALPRO,IDEALPRO-1-134,EUR/USD.IDEALPRO-MovingAverageCrossover-MA_CROSS,IDEALPRO-001,IDEALPRO-1-65033,STOP_MARKET,BUY,100000.00,GTC,True,False,100000.00,TAKER,1.029479999999,9.999998999976611e-06,['2.06 USD'],NO_TRIGGER,FILLED,OUO,OL-20250203-170400-001-MA_CROSS-45,['O-20250203-170400-001-MA_CROSS-135'],O-20250203-170400-001-MA_CROSS-133,,,,['MA_CROSS_SL'],d9eb7894-a960-49a0-ab6c-ae74c0839dad,1738602240000000000,1738605420000000000,1.02947,DEFAULT,,,,,
BACKTESTER-001,MovingAverageCrossover-MA_CROSS,EUR/USD.IDEALPRO,IDEALPRO-1-135,EUR/USD.IDEALPRO-MovingAverageCrossover-MA_CROSS,IDEALPRO-001,,LIMIT,BUY,99999.99,GTC,True,False,0.00,NO_LIQUIDITY_SIDE,,,,NO_TRIGGER,CANCELED,OUO,OL-20250203-170400-001-MA_CROSS-45,['O-20250203-170400-001-MA_CROSS-134'],O-20250203-170400-001-MA_CROSS-133,,,,['MA_CROSS_TP'],91aa8981-8591-407b-9bb5-915b8a185501,1738602240000000000,1738605420000000000,,,,,1.02047,True,
BACKTESTER-001,MovingAverageCrossover-MA_CROSS,EUR/USD.IDEALPRO,IDEALPRO-1-136,EUR/USD.IDEALPRO-MovingAverageCrossover-MA_CROSS,IDEALPRO-001,IDEALPRO-1-65462,MARKET,BUY,100000.00,GTC,False,False,100000.00,TAKER,1.0307599999989998,0.0,['2.06 USD'],NO_TRIGGER,FILLED,OTO,OL-20250203-213000-001-MA_CROSS-46,"['O-20250203-213000-001-MA_CROSS-137', 'O-20250203-213000-001-MA_CROSS-138']",,,,,['MA_CROSS'],79527b02-6699-498f-9ef8-98edecb22676,1738618200000000000,1738618200000000000,,,,,,,
BACKTESTER-001,MovingAverageCrossover-MA_CROSS,EUR/USD.IDEALPRO,IDEALPRO-1-137,EUR/USD.IDEALPRO-MovingAverageCrossover-MA_CROSS,IDEALPRO-001,IDEALPRO-1-66345,STOP_MARKET,SELL,100000.00,GTC,True,False,100000.00,TAKER,1.029240000001,9.999998999976611e-06,['2.06 USD'],NO_TRIGGER,FILLED,OUO,OL-20250203-213000-001-MA_CROSS-46,['O-20250203-213000-001-MA_CROSS-138'],O-20250203-213000-001-MA_CROSS-136,,,,['MA_CROSS_SL'],baa717eb-1f3e-45bc-9b1d-1be3262926fa,1738618200000000000,1738645560000000000,1.02925,DEFAULT,,,,,
BACKTESTER-001,MovingAverageCrossover-MA_CROSS,EUR/USD.IDEALPRO,IDEALPRO-1-138,EUR/USD.IDEALPRO-MovingAverageCrossover-MA_CROSS,IDEALPRO-001,,LIMIT,SELL,99999.99,GTC,True,False,0.00,NO_LIQUIDITY_SIDE,,,,NO_TRIGGER,CANCELED,OUO,OL-20250203-213000-001-MA_CROSS-46,['O-20250203-213000-001-MA_CROSS-137'],O-20250203-213000-001-MA_CROSS-136,,,,['MA_CROSS_TP'],c5f60fac-9796-4b9d-be12-5f859ca2250e,1738618200000000000,1738645560000000000,,,,,1.03825,True,
BACKTESTER-001,MovingAverageCrossover-MA_CROSS,EUR/USD.IDEALPRO,IDEALPRO-1-139,EUR/USD.IDEALPRO-MovingAverageCrossover-MA_CROSS,IDEALPRO-001,IDEALPRO-1-67009,MARKET,SELL,100000.00,GTC,False,False,100000.00,TAKER,1.032850000001,0.0,['2.07 USD'],NO_TRIGGER,FILLED,OTO,OL-20250204-103700-001-MA_CROSS-47,"['O-20250204-103700-001-MA_CROSS-140', 'O-20250204-103700-001-MA_CROSS-141']",,,,,['MA_CROSS'],75c78ef1-4e3a-4dfe-96c6-f67dfb30f278,1738665420000000000,1738665420000000000,,,,,,,
BACKTESTER-001,MovingAverageCrossover-MA_CROSS,EUR/USD.IDEALPRO,IDEALPRO-1-140,EUR/USD.IDEALPRO-MovingAverageCrossover-MA_CROSS,IDEALPRO-001,IDEALPRO-1-67419,STOP_MARKET,BUY,100000.00,GTC,True,False,100000.00,TAKER,1.034369999999,9.999998999976611e-06,['2.07 USD'],NO_TRIGGER,FILLED,OUO,OL-20250204-103700-001-MA_CROSS-47,['O-20250204-103700-001-MA_CROSS-141'],O-20250204-103700-001-MA_CROSS-139,,,,['MA_CROSS_SL'],6dc16468-33ab-4aad-bf44-a8c91749f7e6,1738665420000000000,1738677660000000000,1.03436,DEFAULT,,,,,
BACKTESTER-001,MovingAverageCrossover-MA_CROSS,EUR/USD.IDEALPRO,IDEALPRO-1-141,EUR/USD.IDEALPRO-MovingAverageCrossover-MA_CROSS,IDEALPRO-001,,LIMIT,BUY,99999.99,GTC,True,False,0.00,NO_LIQUIDITY_SIDE,,,,NO_TRIGGER,CANCELED,OUO,OL-20250204-103700-001-MA_CROSS-47,['O-20250204-103700-001-MA_CROSS-140'],O-20250204-103700-001-MA_CROSS-139,,,,['MA_CROSS_TP'],b6d2b430-3dc5-4115-9373-0df50cf31220,1738665420000000000,1738677660000000000,,,,,1.02536,True,
BACKTESTER-001,MovingAverageCrossover-MA_CROSS,EUR/USD.IDEALPRO,IDEALPRO-1-142,EUR/USD.IDEALPRO-MovingAverageCrossover-MA_CROSS,IDEALPRO-001,IDEALPRO-1-67421,MARKET,BUY,100000.00,GTC,False,False,100000.00,TAKER,1.034459999999,0.0,['2.07 USD'],NO_TRIGGER,FILLED,OTO,OL-20250204-140100-001-MA_CROSS-48,"['O-20250204-140100-001-MA_CROSS-143', 'O-20250204-140100-001-MA_CROSS-144']",,,,,['MA_CROSS'],e5e243be-e08e-4d33-9895-ee7d5a64d441,1738677660000000000,1738677660000000000,,,,,,,
BACKTESTER-001,MovingAverageCrossover-MA_CROSS,EUR/USD.IDEALPRO,IDEALPRO-1-143,EUR/USD.IDEALPRO-MovingAverageCrossover-MA_CROSS,IDEALPRO-001,,STOP_MARKET,SELL,99999.99,GTC,True,False,0.00,NO_LIQUIDITY_SIDE,,,,NO_TRIGGER,CANCELED,OUO,OL-20250204-140100-001-MA_CROSS-48,['O-20250204-140100-001-MA_CROSS-144'],O-20250204-140100-001-MA_CROSS-142,,,,['MA_CROSS_SL'],99a2ac91-9e1e-4a0b-9200-6a7de8b1b178,1738677660000000000,1738751520000000000,1.03295,DEFAULT,,,,,
BACKTESTER-001,MovingAverageCrossover-MA_CROSS,EUR/USD.IDEALPRO,IDEALPRO-1-144,EUR/USD.IDEALPRO-MovingAverageCrossover-MA_CROSS,IDEALPRO-001,IDEALPRO-1-69855,LIMIT,SELL,100000.00,GTC,True,False,100000.00,MAKER,1.04195,0.0,['2.08 USD'],NO_TRIGGER,FILLED,OUO,OL-20250204-140100-001-MA_CROSS-48,['O-20250204-140100-001-MA_CROSS-143'],O-20250204-140100-001-MA_CROSS-142,,,,['MA_CROSS_TP'],ce5b8f7a-2167-43e1-8a2f-31be16507b67,1738677660000000000,1738751520000000000,,,,,1.04195,True,
BACKTESTER-001,MovingAverageCrossover-MA_CROSS,EUR/USD.IDEALPRO,IDEALPRO-1-145,EUR/USD.IDEALPRO-MovingAverageCrossover-MA_CROSS,IDEALPRO-001,IDEALPRO-1-70007,MARKET,SELL,100000.00,GTC,False,False,100000.00,TAKER,1.0413200000010001,0.0,['2.08 USD'],NO_TRIGGER,FILLED,OTO,OL-20250205-114700-001-MA_CROSS-49,"['O-20250205-114700-001-MA_CROSS-146', 'O-20250205-114700-001-MA_CROSS-147']",,,,,['MA_CROSS'],eca7854c-c4d4-47e8-81a3-28ae70802673,1738756020000000000,1738756020000000000,,,,,,,
BACKTESTER-001,MovingAverageCrossover-MA_CROSS,EUR/USD.IDEALPRO,IDEALPRO-1-146,EUR/USD.IDEALPRO-MovingAverageCrossover-MA_CROSS,IDEALPRO-001,IDEALPRO-1-70397,STOP_MARKET,BUY,100000.00,GTC,True,False,100000.00,TAKER,1.042839999999,9.999998999976611e-06,['2.09 USD'],NO_TRIGGER,FILLED,OUO,OL-20250205-114700-001-MA_CROSS-49,['O-20250205-114700-001-MA_CROSS-147'],O-20250205-114700-001-MA_CROSS-145,,,,['MA_CROSS_SL'],bb0eb5d2-e87f-4f1d-aef9-5be052e18529,1738756020000000000,1738767660000000000,1.04283,DEFAULT,,,,,
BACKTESTER-001,MovingAverageCrossover-MA_CROSS,EUR/USD.IDEALPRO,IDEALPRO-1-147,EUR/USD.IDEALPRO-MovingAverageCrossover-MA_CROSS,IDEALPRO-001,,LIMIT,BUY,99999.99,GTC,True,False,0.00,NO_LIQUIDITY_SIDE,,,,NO_TRIGGER,CANCELED,OUO,OL-20250205-114700-001-MA_CROSS-49,['O-20250205-114700-001-MA_CROSS-146'],O-20250205-114700-001-MA_CROSS-145,,,,['MA_CROSS_TP'],abbafd2a-d5e6-4530-99c3-a27f3b81db64,1738756020000000000,1738767660000000000,,,,,1.03383,True,
BACKTESTER-001,MovingAverageCrossover-MA_CROSS,EUR/USD.IDEALPRO,IDEALPRO-1-148,EUR/USD.IDEALPRO-MovingAverageCrossover-MA_CROSS,IDEALPRO-001,IDEALPRO-1-70749,MARKET,BUY,100000.00,GTC,False,False,100000.00,TAKER,1.041919999999,0.0,['2.08 USD'],NO_TRIGGER,FILLED,OTO,OL-20250205-175600-001-MA_CROSS-50,"['O-20250205-175600-001-MA_CROSS-149', 'O-20250205-175600-001-MA_CROSS-150']",,,,,['MA_CROSS'],15dc2636-ab5d-4b19-a52d-d913ce427931,1738778160000000000,1738778160000000000,,,,,,,
BACKTESTER-001,MovingAverageCrossover-MA_CROSS,EUR/USD.IDEALPRO,IDEALPRO-1-149,EUR/USD.IDEALPRO-MovingAverageCrossover-MA_CROSS,IDEALPRO-001,IDEALPRO-1-71007,STOP_MARKET,SELL,100000.00,GTC,True,False,100000.00,TAKER,1.040400000001,9.999998999976611e-06,['2.08 USD'],NO_TRIGGER,FILLED,OUO,OL-20250205-175600-001-MA_CROSS-50,['O-20250205-175600-001-MA_CROSS-150'],O-20250205-175600-001-MA_CROSS-148,,,,['MA_CROSS_SL'],00a79e43-f30d-414e-8a28-cd9cff04df3b,1738778160000000000,1738785840000000000,1.04041,DEFAULT,,,,,
BACKTESTER-001,MovingAverageCrossover-MA_CROSS,EUR/USD.IDEALPRO,IDEALPRO-1-150,EUR/USD.IDEALPRO-MovingAverageCrossover-MA_CROSS,IDEALPRO-001,,LIMIT,SELL,99999.99,GTC,True,False,0.00,NO_LIQUIDITY_SIDE,,,,NO_TRIGGER,CANCELED,OUO,OL-20250205-175600-001-MA_CROSS-50,['O-20250205-175600-001-MA_CROSS-149'],O-20250205-175600-001-MA_CROSS-148,,,,['MA_CROSS_TP'],072595a5-5be4-485b-8280-1cd75ade6d76,1738778160000000000,1738785840000000000,,,,,1.04941,True,
BACKTESTER-001,MovingAverageCrossover-MA_CROSS,EUR/USD.IDEALPRO,IDEALPRO-1-151,EUR/USD.IDEALPRO-MovingAverageCrossover-MA_CROSS,IDEALPRO-001,IDEALPRO-1-71152,MARKET,SELL,100000.00,GTC,False,False,100000.00,TAKER,1.040370000001,0.0,['2.08 USD'],NO_TRIGGER,FILLED,OTO,OL-20250205-211500-001-MA_CROSS-51,"['O-20250205-211500-001-MA_CROSS-152', 'O-20250205-211500-001-MA_CROSS-153']",,,,,['MA_CROSS'],b4dd0143-e65d-4844-935a-3406300223cb,1738790100000000000,1738790100000000000,,,,,,,
BACKTESTER-001,MovingAverageCrossover-MA_CROSS,EUR/USD.IDEALPRO,IDEALPRO-1-152,EUR/USD.IDEALPRO-MovingAverageCrossover-MA_CROSS,IDEALPRO-001,,STOP_MARKET,BUY,99999.99,GTC,True,False,0.00,NO_LIQUIDITY_SIDE,,,,NO_TRIGGER,CANCELED,OUO,OL-20250205-211500-001-MA_CROSS-51,['O-20250205-211500-001-MA_CROSS-153'],O-20250205-211500-001-MA_CROSS-151,,,,['MA_CROSS_SL'],c3999e64-2026-440e-bf55-f79e04d3e311,1738790100000000000,1738943880000000000,1.04188,DEFAULT,,,,,
BACKTESTER-001,MovingAverageCrossover-MA_CROSS,EUR/USD.IDEALPRO,IDEALPRO-1-153,EUR/USD.IDEALPRO-MovingAverageCrossover-MA_CROSS,IDEALPRO-001,IDEALPRO-1-76219,LIMIT,BUY,100000.00,GTC,True,False,100000.00,MAKER,1.03288,0.0,['2.07 USD'],NO_TRIGGER,FILLED,OUO,OL-20250205-211500-001-MA_CROSS-51,['O-20250205-211500-001-MA_CROSS-152'],O-20250205-211500-001-MA_CROSS-151,,,,['MA_CROSS_TP'],f4164851-b089-4f9a-a70a-1d04ab99efce,1738790100000000000,1738943880000000000,,,,,1.03288,True,
BACKTESTER-001,MovingAverageCrossover-MA_CROSS,EUR/USD.IDEALPRO,IDEALPRO-1-154,EUR/USD.IDEALPRO-MovingAverageCrossover-MA_CROSS,IDEALPRO-001,IDEALPRO-1-77131,MARKET,BUY,100000.00,GTC,False,False,100000.00,TAKER,1.031169999999,0.0,['2.06 USD'],NO_TRIGGER,FILLED,OTO,OL-20250209-234800-001-MA_CROSS-52,"['O-20250209-234800-001-MA_CROSS-155', 'O-20250209-234800-001-MA_CROSS-156']",,,,,['MA_CROSS'],ea814a33-c523-4138-84c2-65bad4c25863,1739144880000000000,1739144880000000000,,,,,,,
BACKTESTER-001,MovingAverageCrossover-MA_CROSS,EUR/USD.IDEALPRO,IDEALPRO-1-155,EUR/USD.IDEALPRO-MovingAverageCrossover-MA_CROSS,IDEALPRO-001,IDEALPRO-1-80317,STOP_MARKET,SELL,100000.00,GTC,True,False,100000.00,TAKER,1.029650000001,9.999998999976611e-06,['2.06 USD'],NO_TRIGGER,FILLED,OUO,OL-20250209-234800-001-MA_CROSS-52,['O-20250209-234800-001-MA_CROSS-156'],O-20250209-234800-001-MA_CROSS-154,,,,['MA_CROSS_SL'],891efd96-082f-4bd6-abe5-04953a69bac2,1739144880000000000,1739241300000000000,1.02966,DEFAULT,,,,,
BACKTESTER-001,MovingAverageCrossover-MA_CROSS,EUR/USD.IDEALPRO,IDEALPRO-1-156,EUR/USD.IDEALPRO-MovingAverageCrossover-MA_CROSS,IDEALPRO-001,,LIMIT,SELL,99999.99,GTC,True,False,0.00,NO_LIQUIDITY_SIDE,,,,NO_TRIGGER,CANCELED,OUO,OL-20250209-234800-001-MA_CROSS-52,['O-20250209-234800-001-MA_CROSS-155'],O-20250209-234800-001-MA_CROSS-154,,,,['MA_CROSS_TP'],c99e5d9e-9d04-4558-b717-feb99227bfb7,1739144880000000000,1739241300000000000,,,,,1.03866,True,
BACKTESTER-001,MovingAverageCrossover-MA_CROSS,EUR/USD.IDEALPRO,IDEALPRO-1-157,EUR/USD.IDEALPRO-MovingAverageCrossover-MA_CROSS,IDEALPRO-001,IDEALPRO-1-80340,MARKET,SELL,100000.00,GTC,False,False,100000.00,TAKER,1.029660000001,0.0,['2.06 USD'],NO_TRIGGER,FILLED,OTO,OL-20250211-024500-001-MA_CROSS-53,"['O-20250211-024500-001-MA_CROSS-158', 'O-20250211-024500-001-MA_CROSS-159']",,,,,['MA_CROSS'],ec5a313c-c5b3-4229-90a8-4bd04165bb71,1739241900000000000,1739241900000000000,,,,,,,
BACKTESTER-001,MovingAverageCrossover-MA_CROSS,EUR/USD.IDEALPRO,IDEALPRO-1-158,EUR/USD.IDEALPRO-MovingAverageCrossover-MA_CROSS,IDEALPRO-001,IDEALPRO-1-81053,STOP_MARKET,BUY,100000.00,GTC,True,False,100000.00,TAKER,1.031179999999,9.999998999976611e-06,['2.06 USD'],NO_TRIGGER,FILLED,OUO,OL-20250211-024500-001-MA_CROSS-53,['O-20250211-024500-001-MA_CROSS-159'],O-20250211-024500-001-MA_CROSS-157,,,,['MA_CROSS_SL'],89dcc42d-4503-4bf2-8c1c-6b2136b0b58c,1739241900000000000,1739263260000000000,1.03117,DEFAULT,,,,,
BACKTESTER-001,MovingAverageCrossover-MA_CROSS,EUR/USD.IDEALPRO,IDEALPRO-1-159,EUR/USD.IDEALPRO-MovingAverageCrossover-MA_CROSS,IDEALPRO-001,,LIMIT,BUY,99999.99,GTC,True,False,0.00,NO_LIQUIDITY_SIDE,,,,NO_TRIGGER,CANCELED,OUO,OL-20250211-024500-001-MA_CROSS-53,['O-20250211-024500-001-MA_CROSS-158'],O-20250211-024500-001-MA_CROSS-157,,,,['MA_CROSS_TP'],554f6759-ed38-4b2e-842a-9b9de92f32df,1739241900000000000,1739263260000000000,,,,,1.02217,True,
BACKTESTER-001,MovingAverageCrossover-MA_CROSS,EUR/USD.IDEALPRO,IDEALPRO-1-160,EUR/USD.IDEALPRO-MovingAverageCrossover-MA_CROSS,IDEALPRO-001,IDEALPRO-1-81095,MARKET,BUY,100000.00,GTC,False,False,100000.00,TAKER,1.0317199999989999,0.0,['2.06 USD'],NO_TRIGGER,FILLED,OTO,OL-20250211-090100-001-MA_CROSS-54,"['O-20250211-090100-001-MA_CROSS-161', 'O-20250211-090100-001-MA_CROSS-162']",,,,,['MA_CROSS'],d5c5eecf-59ba-4852-a2e4-6fbd8b047402,1739264460000000000,1739264460000000000,,,,,,,
BACKTESTER-001,MovingAverageCrossover-MA_CROSS,EUR/USD.IDEALPRO,IDEALPRO-1-161,EUR/USD.IDEALPRO-MovingAverageCrossover-MA_CROSS,IDEALPRO-001,,STOP_MARKET,SELL,99999.99,GTC,True,False,0.00,NO_LIQUIDITY_SIDE,,,,NO_TRIGGER,CANCELED,OUO,OL-20250211-090100-001-MA_CROSS-54,['O-20250211-090100-001-MA_CROSS-162'],O-20250211-090100-001-MA_CROSS-160,,,,['MA_CROSS_SL'],e345258d-8fff-4a17-b38f-4ef82b545f99,1739264460000000000,1739379540000000000,1.03021,DEFAULT,,,,,
BACKTESTER-001,MovingAverageCrossover-MA_CROSS,EUR/USD.IDEALPRO,IDEALPRO-1-162,EUR/USD.IDEALPRO-MovingAverageCrossover-MA_CROSS,IDEALPRO-001,IDEALPRO-1-84903,LIMIT,SELL,100000.00,GTC,True,False,100000.00,MAKER,1.03921,0.0,['2.08 USD'],NO_TRIGGER,FILLED,OUO,OL-20250211-090100-001-MA_CROSS-54,['O-20250211-090100-001-MA_CROSS-161'],O-20250211-090100-001-MA_CROSS-160,,,,['MA_CROSS_TP'],5e6ac20d-4abf-4fab-a43d-73a1293bb92a,1739264460000000000,1739379540000000000,,,,,1.03921,True,
BACKTESTER-001,MovingAverageCrossover-MA_CROSS,EUR/USD.IDEALPRO,IDEALPRO-1-163,EUR/USD.IDEALPRO-MovingAverageCrossover-MA_CROSS,IDEALPRO-001,IDEALPRO-1-85412,MARKET,SELL,100000.00,GTC,False,False,100000.00,TAKER,1.038720000001,0.0,['2.08 USD'],NO_TRIGGER,FILLED,OTO,OL-20250212-211200-001-MA_CROSS-55,"['O-20250212-211200-001-MA_CROSS-164', 'O-20250212-211200-001-MA_CROSS-165']",,,,,['MA_CROSS'],2ce45e78-38ce-4e75-9f38-ff9b387eb540,1739394720000000000,1739394720000000000,,,,,,,
BACKTESTER-001,MovingAverageCrossover-MA_CROSS,EUR/USD.IDEALPRO,IDEALPRO-1-164,EUR/USD.IDEALPRO-MovingAverageCrossover-MA_CROSS,IDEALPRO-001,IDEALPRO-1-86019,STOP_MARKET,BUY,100000.00,GTC,True,False,100000.00,TAKER,1.040239999999,9.999998999976611e-06,['2.08 USD'],NO_TRIGGER,FILLED,OUO,OL-20250212-211200-001-MA_CROSS-55,['O-20250212-211200-001-MA_CROSS-165'],O-20250212-211200-001-MA_CROSS-163,,,,['MA_CROSS_SL'],80b23844-d665-484a-b990-422b33fde8b1,1739394720000000000,1739413800000000000,1.04023,DEFAULT,,,,,
BACKTESTER-001,MovingAverageCrossover-MA_CROSS,EUR/USD.IDEALPRO,IDEALPRO-1-165,EUR/USD.IDEALPRO-MovingAverageCrossover-MA_CROSS,IDEALPRO-001,,LIMIT,BUY,99999.99,GTC,True,False,0.00,NO_LIQUIDITY_SIDE,,,,NO_TRIGGER,CANCELED,OUO,OL-20250212-211200-001-MA_CROSS-55,['O-20250212-211200-001-MA_CROSS-164'],O-20250212-211200-001-MA_CROSS-163,,,,['MA_CROSS_TP'],ee9bae96-08c1-4cf3-a413-1d6fd7de0991,1739394720000000000,1739413800000000000,,,,,1.03123,True,
BACKTESTER-001,MovingAverageCrossover-MA_CROSS,EUR/USD.IDEALPRO,IDEALPRO-1-166,EUR/USD.IDEALPRO-MovingAverageCrossover-MA_CROSS,IDEALPRO-001,IDEALPRO-1-86022,MARKET,BUY,100000.00,GTC,False,False,100000.00,TAKER,1.040279999999,0.0,['2.08 USD'],NO_TRIGGER,FILLED,OTO,OL-20250213-023000-001-MA_CROSS-56,"['O-20250213-023000-001-MA_CROSS-167', 'O-20250213-023000-001-MA_CROSS-168']",,,,,['MA_CROSS'],593e8763-7b6e-4887-9644-513d4887665f,1739413800000000000,1739413800000000000,,,,,,,
BACKTESTER-001,MovingAverageCrossover-MA_CROSS,EUR/USD.IDEALPRO,IDEALPRO-1-167,EUR/USD.IDEALPRO-MovingAverageCrossover-MA_CROSS,IDEALPRO-001,IDEALPRO-1-87195,STOP_MARKET,SELL,100000.00,GTC,True,False,100000.00,TAKER,1.0387600000009998,9.999999000198656e-06,['2.08 USD'],NO_TRIGGER,FILLED,OUO,OL-20250213-023000-001-MA_CROSS-56,['O-20250213-023000-001-MA_CROSS-168'],O-20250213-023000-001-MA_CROSS-166,,,,['MA_CROSS_SL'],044a8764-de6a-4a30-8139-4bd08f4f2bfb,1739413800000000000,1739448960000000000,1.03877,DEFAULT,,,,,
BACKTESTER-001,MovingAverageCrossover-MA_CROSS,EUR/USD.IDEALPRO,IDEALPRO-1-168,EUR/USD.IDEALPRO-MovingAverageCrossover-MA_CROSS,IDEALPRO-001,,LIMIT,SELL,99999.99,GTC,True,False,0.00,NO_LIQUIDITY_SIDE,,,,NO_TRIGGER,CANCELED,OUO,OL-20250213-023000-001-MA_CROSS-56,['O-20250213-023000-001-MA_CROSS-167'],O-20250213-023000-001-MA_CROSS-166,,,,['MA_CROSS_TP'],62f3902f-c8b0-46a3-b9e2-4572723a77d3,1739413800000000000,1739448960000000000,,,,,1.04777,True,
BACKTESTER-001,MovingAverageCrossover-MA_CROSS,EUR/USD.IDEALPRO,IDEALPRO-1-169,EUR/USD.IDEALPRO-MovingAverageCrossover-MA_CROSS,IDEALPRO-001,IDEALPRO-1-87287,MARKET,SELL,100000.00,GTC,False,False,100000.00,TAKER,1.038750000001,0.0,['2.08 USD'],NO_TRIGGER,FILLED,OTO,OL-20250213-130100-001-MA_CROSS-57,"['O-20250213-130100-001-MA_CROSS-170', 'O-20250213-130100-001-MA_CROSS-171']",,,,,['MA_CROSS'],9bdc75c9-8906-4273-93a6-4af22acea14c,1739451660000000000,1739451660000000000,,,,,,,
BACKTESTER-001,MovingAverageCrossover-MA_CROSS,EUR/USD.IDEALPRO,IDEALPRO-1-170,EUR/USD.IDEALPRO-MovingAverageCrossover-MA_CROSS,IDEALPRO-001,IDEALPRO-1-87365,STOP_MARKET,BUY,100000.00,GTC,True,False,100000.00,TAKER,1.040269999999,9.999998999976611e-06,['2.08 USD'],NO_TRIGGER,FILLED,OUO,OL-20250213-130100-001-MA_CROSS-57,['O-20250213-130100-001-MA_CROSS-171'],O-20250213-130100-001-MA_CROSS-169,,,,['MA_CROSS_SL'],3ede7fa9-da05-4f38-a9fa-75c9c2a1a4a4,1739451660000000000,1739453940000000000,1.04026,DEFAULT,,,,,
BACKTESTER-001,MovingAverageCrossover-MA_CROSS,EUR/USD.IDEALPRO,IDEALPRO-1-171,EUR/USD.IDEALPRO-MovingAverageCrossover-MA_CROSS,IDEALPRO-001,,LIMIT,BUY,99999.99,GTC,True,False,0.00,NO_LIQUIDITY_SIDE,,,,NO_TRIGGER,CANCELED,OUO,OL-20250213-130100-001-MA_CROSS-57,['O-20250213-130100-001-MA_CROSS-170'],O-20250213-130100-001-MA_CROSS-169,,,,['MA_CROSS_TP'],10073995-170c-47a8-acbc-0eeca1fd230c,1739451660000000000,1739453940000000000,,,,,1.03126,True,
BACKTESTER-001,MovingAverageCrossover-MA_CROSS,EUR/USD.IDEALPRO,IDEALPRO-1-172,EUR/USD.IDEALPRO-MovingAverageCrossover-MA_CROSS,IDEALPRO-001,IDEALPRO-1-87403,MARKET,BUY,100000.00,GTC,False,False,100000.00,TAKER,1.0391399999989999,0.0,['2.08 USD'],NO_TRIGGER,FILLED,OTO,OL-20250213-135700-001-MA_CROSS-58,"['O-20250213-135700-001-MA_CROSS-173', 'O-20250213-135700-001-MA_CROSS-174']",,,,,['MA_CROSS'],63e709f1-501e-427b-aaf2-2196c4d03587,1739455020000000000,1739455020000000000,,,,,,,
BACKTESTER-001,MovingAverageCrossover-MA_CROSS,EUR/USD.IDEALPRO,IDEALPRO-1-173,EUR/USD.IDEALPRO-MovingAverageCrossover-MA_CROSS,IDEALPRO-001,IDEALPRO-1-87979,STOP_MARKET,SELL,100000.00,GTC,True,False,100000.00,TAKER,1.037620000001,9.999998999976611e-06,['2.08 USD'],NO_TRIGGER,FILLED,OUO,OL-20250213-135700-001-MA_CROSS-58,['O-20250213-135700-001-MA_CROSS-174'],O-20250213-135700-001-MA_CROSS-172,,,,['MA_CROSS_SL'],a7963de7-6367-4952-9d24-e4f3856f4c21,1739455020000000000,1739472240000000000,1.03763,DEFAULT,,,,,
BACKTESTER-001,MovingAverageCrossover-MA_CROSS,EUR/USD.IDEALPRO,IDEALPRO-1-174,EUR/USD.IDEALPRO-MovingAverageCrossover-MA_CROSS,IDEALPRO-001,,LIMIT,SELL,99999.99,GTC,True,False,0.00,NO_LIQUIDITY_SIDE,,,,NO_TRIGGER,CANCELED,OUO,OL-20250213-135700-001-MA_CROSS-58,['O-20250213-135700-001-MA_CROSS-173'],O-20250213-135700-001-MA_CROSS-172,,,,['MA_CROSS_TP'],085ebd46-9e43-4309-9740-76dbd7b8622f,1739455020000000000,1739472240000000000,,,,,1.04663,True,
BACKTESTER-001,MovingAverageCrossover-MA_CROSS,EUR/USD.IDEALPRO,IDEALPRO-1-175,EUR/USD.IDEALPRO-MovingAverageCrossover-MA_CROSS,IDEALPRO-001,IDEALPRO-1-88540,MARKET,SELL,100000.00,GTC,False,False,100000.00,TAKER,1.0459400000010002,0.0,['2.09 USD'],NO_TRIGGER,FILLED,OTO,OL-20250213-233800-001-MA_CROSS-59,"['O-20250213-233800-001-MA_CROSS-176', 'O-20250213-233800-001-MA_CROSS-177']",,,,,['MA_CROSS'],c386f16c-1564-4f04-bcfc-6061ca76366d,1739489880000000000,1739489880000000000,,,,,,,
BACKTESTER-001,MovingAverageCrossover-MA_CROSS,EUR/USD.IDEALPRO,IDEALPRO-1-176,EUR/USD.IDEALPRO-MovingAverageCrossover-MA_CROSS,IDEALPRO-001,IDEALPRO-1-89579,STOP_MARKET,BUY,100000.00,GTC,True,False,100000.00,TAKER,1.0474599999990002,9.999999000198656e-06,['2.09 USD'],NO_TRIGGER,FILLED,OUO,OL-20250213-233800-001-MA_CROSS-59,['O-20250213-233800-001-MA_CROSS-177'],O-20250213-233800-001-MA_CROSS-175,,,,['MA_CROSS_SL'],7c10127d-47d9-4605-8347-65d226cc26ed,1739489880000000000,1739521020000000000,1.04745,DEFAULT,,,,,
BACKTESTER-001,MovingAverageCrossover-MA_CROSS,EUR/USD.IDEALPRO,IDEALPRO-1-177,EUR/USD.IDEALPRO-MovingAverageCrossover-MA_CROSS,IDEALPRO-001,,LIMIT,BUY,99999.99,GTC,True,False,0.00,NO_LIQUIDITY_SIDE,,,,NO_TRIGGER,CANCELED,OUO,OL-20250213-233800-001-MA_CROSS-59,['O-20250213-233800-001-MA_CROSS-176'],O-20250213-233800-001-MA_CROSS-175,,,,['MA_CROSS_TP'],a5b60d10-d90a-4b5e-8f68-9bd0a74c453c,1739489880000000000,1739521020000000000,,,,,1.03845,True,
BACKTESTER-001,MovingAverageCrossover-MA_CROSS,EUR/USD.IDEALPRO,IDEALPRO-1-178,EUR/USD.IDEALPRO-MovingAverageCrossover-MA_CROSS,IDEALPRO-001,IDEALPRO-1-89699,MARKET,BUY,100000.00,GTC,False,False,100000.00,TAKER,1.0481199999989999,0.0,['2.10 USD'],NO_TRIGGER,FILLED,OTO,OL-20250214-091600-001-MA_CROSS-60,"['O-20250214-091600-001-MA_CROSS-179', 'O-20250214-091600-001-MA_CROSS-180']",,,,,['MA_CROSS'],a107a750-430e-4595-b719-45dacc0117eb,1739524560000000000,1739524560000000000,,,,,,,
BACKTESTER-001,MovingAverageCrossover-MA_CROSS,EUR/USD.IDEALPRO,IDEALPRO-1-179,EUR/USD.IDEALPRO-MovingAverageCrossover-MA_CROSS,IDEALPRO-001,IDEALPRO-1-89895,STOP_MARKET,SELL,100000.00,GTC,True,False,100000.00,TAKER,1.046600000001,9.999998999976611e-06,['2.09 USD'],NO_TRIGGER,FILLED,OUO,OL-20250214-091600-001-MA_CROSS-60,['O-20250214-091600-001-MA_CROSS-180'],O-20250214-091600-001-MA_CROSS-178,,,,['MA_CROSS_SL'],42236716-0f49-4fc4-a5e2-8881562439c1,1739524560000000000,1739530380000000000,1.04661,DEFAULT,,,,,
BACKTESTER-001,MovingAverageCrossover-MA_CROSS,EUR/USD.IDEALPRO,IDEALPRO-1-180,EUR/USD.IDEALPRO-MovingAverageCrossover-MA_CROSS,IDEALPRO-001,,LIMIT,SELL,99999.99,GTC,True,False,0.00,NO_LIQUIDITY_SIDE,,,,NO_TRIGGER,CANCELED,OUO,OL-20250214-091600-001-MA_CROSS-60,['O-20250214-091600-001-MA_CROSS-179'],O-20250214-091600-001-MA_CROSS-178,,,,['MA_CROSS_TP'],b3f7c24b-f9c2-4e52-95bd-3a01332fd1f7,1739524560000000000,1739530380000000000,,,,,1.05561,True,
BACKTESTER-001,MovingAverageCrossover-MA_CROSS,EUR/USD.IDEALPRO,IDEALPRO-1-181,EUR/USD.IDEALPRO-MovingAverageCrossover-MA_CROSS,IDEALPRO-001,IDEALPRO-1-89897,MARKET,SELL,100000.00,GTC,False,False,100000.00,TAKER,1.046600000001,0.0,['2.09 USD'],NO_TRIGGER,FILLED,OTO,OL-20250214-105300-001-MA_CROSS-61,"['O-20250214-105300-001-MA_CROSS-182', 'O-20250214-105300-001-MA_CROSS-183']",,,,,['MA_CROSS'],2c6dd0ef-b79e-46e4-a1a7-9958be57549a,1739530380000000000,1739530380000000000,,,,,,,
BACKTESTER-001,MovingAverageCrossover-MA_CROSS,EUR/USD.IDEALPRO,IDEALPRO-1-182,EUR/USD.IDEALPRO-MovingAverageCrossover-MA_CROSS,IDEALPRO-001,IDEALPRO-1-90189,STOP_MARKET,BUY,100000.00,GTC,True,False,100000.00,TAKER,1.0481199999989999,9.999998999754567e-06,['2.10 USD'],NO_TRIGGER,FILLED,OUO,OL-20250214-105300-001-MA_CROSS-61,['O-20250214-105300-001-MA_CROSS-183'],O-20250214-105300-001-MA_CROSS-181,,,,['MA_CROSS_SL'],3c2f4fbc-dbe6-4ae4-a2f7-57661a16d039,1739530380000000000,1739539080000000000,1.04811,DEFAULT,,,,,
BACKTESTER-001,MovingAverageCrossover-MA_CROSS,EUR/USD.IDEALPRO,IDEALPRO-1-183,EUR/USD.IDEALPRO-MovingAverageCrossover-MA_CROSS,IDEALPRO-001,,LIMIT,BUY,99999.99,GTC,True,False,0.00,NO_LIQUIDITY_SIDE,,,,NO_TRIGGER,CANCELED,OUO,OL-20250214-105300-001-MA_CROSS-61,['O-20250214-105300-001-MA_CROSS-182'],O-20250214-105300-001-MA_CROSS-181,,,,['MA_CROSS_TP'],16a20cd5-fa30-46c0-91a1-cb57c23d45e3,1739530380000000000,1739539080000000000,,,,,1.03911,True,
BACKTESTER-001,MovingAverageCrossover-MA_CROSS,EUR/USD.IDEALPRO,IDEALPRO-1-184,EUR/USD.IDEALPRO-MovingAverageCrossover-MA_CROSS,IDEALPRO-001,IDEALPRO-1-90191,MARKET,BUY,100000.00,GTC,False,False,100000.00,TAKER,1.0481199999989999,0.0,['2.10 USD'],NO_TRIGGER,FILLED,OTO,OL-20250214-131800-001-MA_CROSS-62,"['O-20250214-131800-001-MA_CROSS-185', 'O-20250214-131800-001-MA_CROSS-186']",,,,,['MA_CROSS'],40bc9208-5d5d-4760-93d9-f2bf6f670848,1739539080000000000,1739539080000000000,,,,,,,
BACKTESTER-001,MovingAverageCrossover-MA_CROSS,EUR/USD.IDEALPRO,IDEALPRO-1-185,EUR/USD.IDEALPRO-MovingAverageCrossover-MA_CROSS,IDEALPRO-001,IDEALPRO-1-94475,STOP_MARKET,SELL,100000.00,GTC,True,False,100000.00,TAKER,1.046600000001,9.999998999976611e-06,['2.09 USD'],NO_TRIGGER,FILLED,OUO,OL-20250214-131800-001-MA_CROSS-62,['O-20250214-131800-001-MA_CROSS-186'],O-20250214-131800-001-MA_CROSS-184,,,,['MA_CROSS_SL'],2dbe9ed6-38fb-426a-9cda-1cde36667bb5,1739539080000000000,1739842140000000000,1.04661,DEFAULT,,,,,
BACKTESTER-001,MovingAverageCrossover-MA_CROSS,EUR/USD.IDEALPRO,IDEALPRO-1-186,EUR/USD.IDEALPRO-MovingAverageCrossover-MA_CROSS,IDEALPRO-001,,LIMIT,SELL,99999.99,GTC,True,False,0.00,NO_LIQUIDITY_SIDE,,,,NO_TRIGGER,CANCELED,OUO,OL-20250214-131800-001-MA_CROSS-62,['O-20250214-131800-001-MA_CROSS-185'],O-20250214-131800-001-MA_CROSS-184,,,,['MA_CROSS_TP'],fb78c437-25dd-4b83-9ee3-dfb219595de3,1739539080000000000,1739842140000000000,,,,,1.05561,True,
BACKTESTER-001,MovingAverageCrossover-MA_CROSS,EUR/USD.IDEALPRO,IDEALPRO-1-187,EUR/USD.IDEALPRO-MovingAverageCrossover-MA_CROSS,IDEALPRO-001,IDEALPRO-1-94477,MARKET,SELL,100000.00,GTC,False,False,100000.00,TAKER,1.046600000001,0.0,['2.09 USD'],NO_TRIGGER,FILLED,OTO,OL-20250218-012900-001-MA_CROSS-63,"['O-20250218-012900-001-MA_CROSS-188', 'O-20250218-012900-001-MA_CROSS-189']",,,,,['MA_CROSS'],17508813-7ef2-48f2-86b9-2e9f3597bd8a,1739842140000000000,1739842140000000000,,,,,,,
BACKTESTER-001,MovingAverageCrossover-MA_CROSS,EUR/USD.IDEALPRO,IDEALPRO-1-188,EUR/USD.IDEALPRO-MovingAverageCrossover-MA_CROSS,IDEALPRO-001,IDEALPRO-1-102063,STOP_MARKET,BUY,100000.00,GTC,True,False,100000.00,TAKER,1.0480699999990002,9.999999000198656e-06,['2.10 USD'],NO_TRIGGER,FILLED,OUO,OL-20250218-012900-001-MA_CROSS-63,['O-20250218-012900-001-MA_CROSS-189'],O-20250218-012900-001-MA_CROSS-187,,,,['MA_CROSS_SL'],ec4c43b8-d433-4432-92a3-2c8557883d90,1739842140000000000,1740071460000000000,1.04806,DEFAULT,,,,,
BACKTESTER-001,MovingAverageCrossover-MA_CROSS,EUR/USD.IDEALPRO,IDEALPRO-1-189,EUR/USD.IDEALPRO-MovingAverageCrossover-MA_CROSS,IDEALPRO-001,,LIMIT,BUY,99999.99,GTC,True,False,0.00,NO_LIQUIDITY_SIDE,,,,NO_TRIGGER,CANCELED,OUO,OL-20250218-012900-001-MA_CROSS-63,['O-20250218-012900-001-MA_CROSS-188'],O-20250218-012900-001-MA_CROSS-187,,,,['MA_CROSS_TP'],64c03917-5c49-459c-9aac-b84ba49db6b3,1739842140000000000,1740071460000000000,,,,,1.03906,True,
BACKTESTER-001,MovingAverageCrossover-MA_CROSS,EUR/USD.IDEALPRO,IDEALPRO-1-190,EUR/USD.IDEALPRO-MovingAverageCrossover-MA_CROSS,IDEALPRO-001,IDEALPRO-1-102074,MARKET,BUY,100000.00,GTC,False,False,100000.00,TAKER,1.0484299999989999,0.0,['2.10 USD'],NO_TRIGGER,FILLED,OTO,OL-20250220-171500-001-MA_CROSS-64,"['O-20250220-171500-001-MA_CROSS-191', 'O-20250220-171500-001-MA_CROSS-192']",,,,,['MA_CROSS'],a933ee4a-bdca-435f-aa0c-94219d75bf46,1740071700000000000,1740071700000000000,,,,,,,
BACKTESTER-001,MovingAverageCrossover-MA_CROSS,EUR/USD.IDEALPRO,IDEALPRO-1-191,EUR/USD.IDEALPRO-MovingAverageCrossover-MA_CROSS,IDEALPRO-001,IDEALPRO-1-103849,STOP_MARKET,SELL,100000.00,GTC,True,False,100000.00,TAKER,1.046910000001,9.999998999976611e-06,['2.09 USD'],NO_TRIGGER,FILLED,OUO,OL-20250220-171500-001-MA_CROSS-64,['O-20250220-171500-001-MA_CROSS-192'],O-20250220-171500-001-MA_CROSS-190,,,,['MA_CROSS_SL'],172a364c-01f8-4b91-be4d-4c41faba91bf,1740071700000000000,1740125820000000000,1.04692,DEFAULT,,,,,
BACKTESTER-001,MovingAverageCrossover-MA_CROSS,EUR/USD.IDEALPRO,IDEALPRO-1-192,EUR/USD.IDEALPRO-MovingAverageCrossover-MA_CROSS,IDEALPRO-001,,LIMIT,SELL,99999.99,GTC,True,False,0.00,NO_LIQUIDITY_SIDE,,,,NO_TRIGGER,CANCELED,OUO,OL-20250220-171500-001-MA_CROSS-64,['O-20250220-171500-001-MA_CROSS-191'],O-20250220-171500-001-MA_CROSS-190,,,,['MA_CROSS_TP'],67d6f420-3fb6-4fd6-b76e-91401ed78549,1740071700000000000,1740125820000000000,,,,,1.05592,True,
BACKTESTER-001,MovingAverageCrossover-MA_CROSS,EUR/USD.IDEALPRO,IDEALPRO-1-193,EUR/USD.IDEALPRO-MovingAverageCrossover-MA_CROSS,IDEALPRO-001,IDEALPRO-1-103939,MARKET,SELL,100000.00,GTC,False,False,100000.00,TAKER,1.047970000001,0.0,['2.10 USD'],NO_TRIGGER,FILLED,OTO,OL-20250221-090100-001-MA_CROSS-65,"['O-20250221-090100-001-MA_CROSS-194', 'O-20250221-090100-001-MA_CROSS-195']",,,,,['MA_CROSS'],98567815-e719-4978-8ec6-f27abbdc4c67,1740128460000000000,1740128460000000000,,,,,,,
BACKTESTER-001,MovingAverageCrossover-MA_CROSS,EUR/USD.IDEALPRO,IDEALPRO-1-194,EUR/USD.IDEALPRO-MovingAverageCrossover-MA_CROSS,IDEALPRO-001,IDEALPRO-1-105757,STOP_MARKET,BUY,100000.00,GTC,True,False,100000.00,TAKER,1.049489999999,9.999998999976611e-06,['2.10 USD'],NO_TRIGGER,FILLED,OUO,OL-20250221-090100-001-MA_CROSS-65,['O-20250221-090100-001-MA_CROSS-195'],O-20250221-090100-001-MA_CROSS-193,,,,['MA_CROSS_SL'],9f37f7e7-ec82-4c38-ba30-2303f9a5bd86,1740128460000000000,1740356640000000000,1.04948,DEFAULT,,,,,
BACKTESTER-001,MovingAverageCrossover-MA_CROSS,EUR/USD.IDEALPRO,IDEALPRO-1-195,EUR/USD.IDEALPRO-MovingAverageCrossover-MA_CROSS,IDEALPRO-001,,LIMIT,BUY,99999.99,GTC,True,False,0.00,NO_LIQUIDITY_SIDE,,,,NO_TRIGGER,CANCELED,OUO,OL-20250221-090100-001-MA_CROSS-65,['O-20250221-090100-001-MA_CROSS-194'],O-20250221-090100-001-MA_CROSS-193,,,,['MA_CROSS_TP'],8da265ed-f69b-4c40-a5b6-c42568487e84,1740128460000000000,1740356640000000000,,,,,1.04048,True,
BACKTESTER-001,MovingAverageCrossover-MA_CROSS,EUR/USD.IDEALPRO,IDEALPRO-1-196,EUR/USD.IDEALPRO-MovingAverageCrossover-MA_CROSS,IDEALPRO-001,IDEALPRO-1-105833,MARKET,BUY,100000.00,GTC,False,False,100000.00,TAKER,1.050749999999,0.0,['2.10 USD'],NO_TRIGGER,FILLED,OTO,OL-20250224-010100-001-MA_CROSS-66,"['O-20250224-010100-001-MA_CROSS-197', 'O-20250224-010100-001-MA_CROSS-198']",,,,,['MA_CROSS'],15604603-b251-4ba1-8616-1ba9d4c10198,1740358860000000000,1740358860000000000,,,,,,,
BACKTESTER-001,MovingAverageCrossover-MA_CROSS,EUR/USD.IDEALPRO,IDEALPRO-1-197,EUR/USD.IDEALPRO-MovingAverageCrossover-MA_CROSS,IDEALPRO-001,IDEALPRO-1-106631,STOP_MARKET,SELL,100000.00,GTC,True,False,100000.00,TAKER,1.049230000001,9.999998999976611e-06,['2.10 USD'],NO_TRIGGER,FILLED,OUO,OL-20250224-010100-001-MA_CROSS-66,['O-20250224-010100-001-MA_CROSS-198'],O-20250224-010100-001-MA_CROSS-196,,,,['MA_CROSS_SL'],4f39b3ee-d51f-4994-9f89-e05877d4cbf5,1740358860000000000,1740382740000000000,1.04924,DEFAULT,,,,,
BACKTESTER-001,MovingAverageCrossover-MA_CROSS,EUR/USD.IDEALPRO,IDEALPRO-1-198,EUR/USD.IDEALPRO-MovingAverageCrossover-MA_CROSS,IDEALPRO-001,,LIMIT,SELL,99999.99,GTC,True,False,0.00,NO_LIQUIDITY_SIDE,,,,NO_TRIGGER,CANCELED,OUO,OL-20250224-010100-001-MA_CROSS-66,['O-20250224-010100-001-MA_CROSS-197'],O-20250224-010100-001-MA_CROSS-196,,,,['MA_CROSS_TP'],e0e22272-601a-47e1-8702-4eb7325b918a,1740358860000000000,1740382740000000000,,,,,1.05824,True,
BACKTESTER-001,MovingAverageCrossover-MA_CROSS,EUR/USD.IDEALPRO,IDEALPRO-1-199,EUR/USD.IDEALPRO-MovingAverageCrossover-MA_CROSS,IDEALPRO-001,IDEALPRO-1-106633,MARKET,SELL,100000.00,GTC,False,False,100000.00,TAKER,1.049290000001,0.0,['2.10 USD'],NO_TRIGGER,FILLED,OTO,OL-20250224-073900-001-MA_CROSS-67,"['O-20250224-073900-001-MA_CROSS-200', 'O-20250224-073900-001-MA_CROSS-201']",,,,,['MA_CROSS'],1531c81a-0a4c-4b1b-aa03-0ff577c478ef,1740382740000000000,1740382740000000000,,,,,,,
BACKTESTER-001,MovingAverageCrossover-MA_CROSS,EUR/USD.IDEALPRO,IDEALPRO-1-200,EUR/USD.IDEALPRO-MovingAverageCrossover-MA_CROSS,IDEALPRO-001,IDEALPRO-1-110199,STOP_MARKET,BUY,100000.00,GTC,True,False,100000.00,TAKER,1.050809999999,9.999998999976611e-06,['2.10 USD'],NO_TRIGGER,FILLED,OUO,OL-20250224-073900-001-MA_CROSS-67,['O-20250224-073900-001-MA_CROSS-201'],O-20250224-073900-001-MA_CROSS-199,,,,['MA_CROSS_SL'],21a06bb9-a0eb-48b9-b8e8-1714121c3be2,1740382740000000000,1740490560000000000,1.05080,DEFAULT,,,,,
BACKTESTER-001,MovingAverageCrossover-MA_CROSS,EUR/USD.IDEALPRO,IDEALPRO-1-201,EUR/USD.IDEALPRO-MovingAverageCrossover-MA_CROSS,IDEALPRO-001,,LIMIT,BUY,99999.99,GTC,True,False,0.00,NO_LIQUIDITY_SIDE,,,,NO_TRIGGER,CANCELED,OUO,OL-20250224-073900-001-MA_CROSS-67,['O-20250224-073900-001-MA_CROSS-200'],O-20250224-073900-001-MA_CROSS-199,,,,['MA_CROSS_TP'],ec720be7-509f-4710-8320-e1c0ed48c7f1,1740382740000000000,1740490560000000000,,,,,1.04180,True,
BACKTESTER-001,MovingAverageCrossover-MA_CROSS,EUR/USD.IDEALPRO,IDEALPRO-1-202,EUR/USD.IDEALPRO-MovingAverageCrossover-MA_CROSS,IDEALPRO-001,IDEALPRO-1-110201,MARKET,BUY,100000.00,GTC,False,False,100000.00,TAKER,1.050799999999,0.0,['2.10 USD'],NO_TRIGGER,FILLED,OTO,OL-20250225-133600-001-MA_CROSS-68,"['O-20250225-133600-001-MA_CROSS-203', 'O-20250225-133600-001-MA_CROSS-204']",,,,,['MA_CROSS'],98b40d40-54a1-428d-9cee-1f73d5548868,1740490560000000000,1740490560000000000,,,,,,,
BACKTESTER-001,MovingAverageCrossover-MA_CROSS,EUR/USD.IDEALPRO,IDEALPRO-1-203,EUR/USD.IDEALPRO-MovingAverageCrossover-MA_CROSS,IDEALPRO-001,IDEALPRO-1-110271,STOP_MARKET,SELL,100000.00,GTC,True,False,100000.00,TAKER,1.049280000001,9.999998999976611e-06,['2.10 USD'],NO_TRIGGER,FILLED,OUO,OL-20250225-133600-001-MA_CROSS-68,['O-20250225-133600-001-MA_CROSS-204'],O-20250225-133600-001-MA_CROSS-202,,,,['MA_CROSS_SL'],3008b8ee-fea7-429b-ad99-cad63bec8276,1740490560000000000,1740492600000000000,1.04929,DEFAULT,,,,,
BACKTESTER-001,MovingAverageCrossover-MA_CROSS,EUR/USD.IDEALPRO,IDEALPRO-1-204,EUR/USD.IDEALPRO-MovingAverageCrossover-MA_CROSS,IDEALPRO-001,,LIMIT,SELL,99999.99,GTC,True,False,0.00,NO_LIQUIDITY_SIDE,,,,NO_TRIGGER,CANCELED,OUO,OL-20250225-133600-001-MA_CROSS-68,['O-20250225-133600-001-MA_CROSS-203'],O-20250225-133600-001-MA_CROSS-202,,,,['MA_CROSS_TP'],7d1b4296-495a-4de9-b802-c48fddb12be6,1740490560000000000,1740492600000000000,,,,,1.05829,True,
BACKTESTER-001,MovingAverageCrossover-MA_CROSS,EUR/USD.IDEALPRO,IDEALPRO-1-205,EUR/USD.IDEALPRO-MovingAverageCrossover-MA_CROSS,IDEALPRO-001,IDEALPRO-1-110284,MARKET,SELL,100000.00,GTC,False,False,100000.00,TAKER,1.0493600000010002,0.0,['2.10 USD'],NO_TRIGGER,FILLED,OTO,OL-20250225-141500-001-MA_CROSS-69,"['O-20250225-141500-001-MA_CROSS-206', 'O-20250225-141500-001-MA_CROSS-207']",,,,,['MA_CROSS'],109b8747-0042-42b0-a96f-c7f5705f8eb0,1740492900000000000,1740492900000000000,,,,,,,
BACKTESTER-001,MovingAverageCrossover-MA_CROSS,EUR/USD.IDEALPRO,IDEALPRO-1-206,EUR/USD.IDEALPRO-MovingAverageCrossover-MA_CROSS,IDEALPRO-001,IDEALPRO-1-110397,STOP_MARKET,BUY,100000.00,GTC,True,False,100000.00,TAKER,1.0508799999990002,9.999999000198656e-06,['2.10 USD'],NO_TRIGGER,FILLED,OUO,OL-20250225-141500-001-MA_CROSS-69,['O-20250225-141500-001-MA_CROSS-207'],O-20250225-141500-001-MA_CROSS-205,,,,['MA_CROSS_SL'],fbee25cf-aada-4152-8a4c-7bc592084efc,1740492900000000000,1740496260000000000,1.05087,DEFAULT,,,,,
BACKTESTER-001,MovingAverageCrossover-MA_CROSS,EUR/USD.IDEALPRO,IDEALPRO-1-207,EUR/USD.IDEALPRO-MovingAverageCrossover-MA_CROSS,IDEALPRO-001,,LIMIT,BUY,99999.99,GTC,True,False,0.00,NO_LIQUIDITY_SIDE,,,,NO_TRIGGER,CANCELED,OUO,OL-20250225-141500-001-MA_CROSS-69,['O-20250225-141500-001-MA_CROSS-206'],O-20250225-141500-001-MA_CROSS-205,,,,['MA_CROSS_TP'],3ed04abe-2ebd-4038-b1fb-d6148215518c,1740492900000000000,1740496260000000000,,,,,1.04187,True,
BACKTESTER-001,MovingAverageCrossover-MA_CROSS,EUR/USD.IDEALPRO,IDEALPRO-1-208,EUR/USD.IDEALPRO-MovingAverageCrossover-MA_CROSS,IDEALPRO-001,IDEALPRO-1-110735,MARKET,BUY,100000.00,GTC,False,False,100000.00,TAKER,1.0501699999990002,0.0,['2.10 USD'],NO_TRIGGER,FILLED,OTO,OL-20250225-175900-001-MA_CROSS-70,"['O-20250225-175900-001-MA_CROSS-209', 'O-20250225-175900-001-MA_CROSS-210']",,,,,['MA_CROSS'],a92dcfed-7e47-4ed4-90b0-37ca1bbdd824,1740506340000000000,1740506340000000000,,,,,,,
BACKTESTER-001,MovingAverageCrossover-MA_CROSS,EUR/USD.IDEALPRO,IDEALPRO-1-209,EUR/USD.IDEALPRO-MovingAverageCrossover-MA_CROSS,IDEALPRO-001,IDEALPRO-1-112903,STOP_MARKET,SELL,100000.00,GTC,True,False,100000.00,TAKER,1.048650000001,9.999998999976611e-06,['2.10 USD'],NO_TRIGGER,FILLED,OUO,OL-20250225-175900-001-MA_CROSS-70,['O-20250225-175900-001-MA_CROSS-210'],O-20250225-175900-001-MA_CROSS-208,,,,['MA_CROSS_SL'],08f17713-3c71-4b5d-a793-759e59a01c5a,1740506340000000000,1740572220000000000,1.04866,DEFAULT,,,,,
BACKTESTER-001,MovingAverageCrossover-MA_CROSS,EUR/USD.IDEALPRO,IDEALPRO-1-210,EUR/USD.IDEALPRO-MovingAverageCrossover-MA_CROSS,IDEALPRO-001,,LIMIT,SELL,99999.99,GTC,True,False,0.00,NO_LIQUIDITY_SIDE,,,,NO_TRIGGER,CANCELED,OUO,OL-20250225-175900-001-MA_CROSS-70,['O-20250225-175900-001-MA_CROSS-209'],O-20250225-175900-001-MA_CROSS-208,,,,['MA_CROSS_TP'],5a872cbc-2218-4f53-ad66-6a5af47f41bb,1740506340000000000,1740572220000000000,,,,,1.05766,True,
BACKTESTER-001,MovingAverageCrossover-MA_CROSS,EUR/USD.IDEALPRO,IDEALPRO-1-211,EUR/USD.IDEALPRO-MovingAverageCrossover-MA_CROSS,IDEALPRO-001,IDEALPRO-1-112993,MARKET,SELL,100000.00,GTC,False,False,100000.00,TAKER,1.0478300000010001,0.0,['2.10 USD'],NO_TRIGGER,FILLED,OTO,OL-20250226-130100-001-MA_CROSS-71,"['O-20250226-130100-001-MA_CROSS-212', 'O-20250226-130100-001-MA_CROSS-213']",,,,,['MA_CROSS'],354f1829-377b-4afe-b657-a643ee92fba5,1740574860000000000,1740574860000000000,,,,,,,
BACKTESTER-001,MovingAverageCrossover-MA_CROSS,EUR/USD.IDEALPRO,IDEALPRO-1-212,EUR/USD.IDEALPRO-MovingAverageCrossover-MA_CROSS,IDEALPRO-001,IDEALPRO-1-113041,STOP_MARKET,BUY,100000.00,GTC,True,False,100000.00,TAKER,1.049349999999,9.999998999976611e-06,['2.10 USD'],NO_TRIGGER,FILLED,OUO,OL-20250226-130100-001-MA_CROSS-71,['O-20250226-130100-001-MA_CROSS-213'],O-20250226-130100-001-MA_CROSS-211,,,,['MA_CROSS_SL'],3a79a842-b2a4-4b42-a9a1-edcc2234210c,1740574860000000000,1740576240000000000,1.04934,DEFAULT,,,,,
BACKTESTER-001,MovingAverageCrossover-MA_CROSS,EUR/USD.IDEALPRO,IDEALPRO-1-213,EUR/USD.IDEALPRO-MovingAverageCrossover-MA_CROSS,IDEALPRO-001,,LIMIT,BUY,99999.99,GTC,True,False,0.00,NO_LIQUIDITY_SIDE,,,,NO_TRIGGER,CANCELED,OUO,OL-20250226-130100-001-MA_CROSS-71,['O-20250226-130100-001-MA_CROSS-212'],O-20250226-130100-001-MA_CROSS-211,,,,['MA_CROSS_TP'],8b828eac-bdd8-442c-a022-06dde13af980,1740574860000000000,1740576240000000000,,,,,1.04034,True,
BACKTESTER-001,MovingAverageCrossover-MA_CROSS,EUR/USD.IDEALPRO,IDEALPRO-1-214,EUR/USD.IDEALPRO-MovingAverageCrossover-MA_CROSS,IDEALPRO-001,IDEALPRO-1-113057,MARKET,BUY,100000.00,GTC,False,False,100000.00,TAKER,1.0490999999989998,0.0,['2.10 USD'],NO_TRIGGER,FILLED,OTO,OL-20250226-133100-001-MA_CROSS-72,"['O-20250226-133100-001-MA_CROSS-215', 'O-20250226-133100-001-MA_CROSS-216']",,,,,['MA_CROSS'],a2d5e369-89a8-44c9-803c-761cd134a146,1740576660000000000,1740576660000000000,,,,,,,
BACKTESTER-001,MovingAverageCrossover-MA_CROSS,EUR/USD.IDEALPRO,IDEALPRO-1-215,EUR/USD.IDEALPRO-MovingAverageCrossover-MA_CROSS,IDEALPRO-001,IDEALPRO-1-114409,STOP_MARKET,SELL,100000.00,GTC,True,False,100000.00,TAKER,1.047580000001,9.999998999976611e-06,['2.10 USD'],NO_TRIGGER,FILLED,OUO,OL-20250226-133100-001-MA_CROSS-72,['O-20250226-133100-001-MA_CROSS-216'],O-20250226-133100-001-MA_CROSS-214,,,,['MA_CROSS_SL'],171cbdf4-4ba0-41b8-b9fc-1a4949ee1bdd,1740576660000000000,1740618060000000000,1.04759,DEFAULT,,,,,
BACKTESTER-001,MovingAverageCrossover-MA_CROSS,EUR/USD.IDEALPRO,IDEALPRO-1-216,EUR/USD.IDEALPRO-MovingAverageCrossover-MA_CROSS,IDEALPRO-001,,LIMIT,SELL,99999.99,GTC,True,False,0.00,NO_LIQUIDITY_SIDE,,,,NO_TRIGGER,CANCELED,OUO,OL-20250226-133100-001-MA_CROSS-72,['O-20250226-133100-001-MA_CROSS-215'],O-20250226-133100-001-MA_CROSS-214,,,,['MA_CROSS_TP'],dd9507ff-811d-45c5-abbe-5c0b2f6b4135,1740576660000000000,1740618060000000000,,,,,1.05659,True,
BACKTESTER-001,MovingAverageCrossover-MA_CROSS,EUR/USD.IDEALPRO,IDEALPRO-1-217,EUR/USD.IDEALPRO-MovingAverageCrossover-MA_CROSS,IDEALPRO-001,IDEALPRO-1-114411,MARKET,SELL,100000.00,GTC,False,False,100000.00,TAKER,1.0474800000009998,0.0,['2.09 USD'],NO_TRIGGER,FILLED,OTO,OL-20250227-010100-001-MA_CROSS-73,"['O-20250227-010100-001-MA_CROSS-218', 'O-20250227-010100-001-MA_CROSS-219']",,,,,['MA_CROSS'],4ef7e159-f570-41c0-b36a-0f2f0436e9e8,1740618060000000000,1740618060000000000,,,,,,,
BACKTESTER-001,MovingAverageCrossover-MA_CROSS,EUR/USD.IDEALPRO,IDEALPRO-1-218,EUR/USD.IDEALPRO-MovingAverageCrossover-MA_CROSS,IDEALPRO-001,IDEALPRO-1-115913,STOP_MARKET,BUY,100000.00,GTC,True,False,100000.00,TAKER,1.048999999999,9.999998999976611e-06,['2.10 USD'],NO_TRIGGER,FILLED,OUO,OL-20250227-010100-001-MA_CROSS-73,['O-20250227-010100-001-MA_CROSS-219'],O-20250227-010100-001-MA_CROSS-217,,,,['MA_CROSS_SL'],53c8e74c-8e59-44e2-bae4-fe37badf4660,1740618060000000000,1740663060000000000,1.04899,DEFAULT,,,,,
BACKTESTER-001,MovingAverageCrossover-MA_CROSS,EUR/USD.IDEALPRO,IDEALPRO-1-219,EUR/USD.IDEALPRO-MovingAverageCrossover-MA_CROSS,IDEALPRO-001,,LIMIT,BUY,99999.99,GTC,True,False,0.00,NO_LIQUIDITY_SIDE,,,,NO_TRIGGER,CANCELED,OUO,OL-20250227-010100-001-MA_CROSS-73,['O-20250227-010100-001-MA_CROSS-218'],O-20250227-010100-001-MA_CROSS-217,,,,['MA_CROSS_TP'],3d5b3be5-bf20-4794-8f3b-eb66c9a8bba3,1740618060000000000,1740663060000000000,,,,,1.03999,True,
BACKTESTER-001,MovingAverageCrossover-MA_CROSS,EUR/USD.IDEALPRO,IDEALPRO-1-220,EUR/USD.IDEALPRO-MovingAverageCrossover-MA_CROSS,IDEALPRO-001,IDEALPRO-1-116367,MARKET,BUY,100000.00,GTC,False,False,100000.00,TAKER,1.041429999999,0.0,['2.08 USD'],NO_TRIGGER,FILLED,OTO,OL-20250227-171700-001-MA_CROSS-74,"['O-20250227-171700-001-MA_CROSS-221', 'O-20250227-171700-001-MA_CROSS-222']",,,,,['MA_CROSS'],3bb440c2-3324-4608-af3f-6071fe14b3b0,1740676620000000000,1740676620000000000,,,,,,,
BACKTESTER-001,MovingAverageCrossover-MA_CROSS,EUR/USD.IDEALPRO,IDEALPRO-1-221,EUR/USD.IDEALPRO-MovingAverageCrossover-MA_CROSS,IDEALPRO-001,IDEALPRO-1-116867,STOP_MARKET,SELL,100000.00,GTC,True,False,100000.00,TAKER,1.0399100000009998,9.999999000198656e-06,['2.08 USD'],NO_TRIGGER,FILLED,OUO,OL-20250227-171700-001-MA_CROSS-74,['O-20250227-171700-001-MA_CROSS-222'],O-20250227-171700-001-MA_CROSS-220,,,,['MA_CROSS_SL'],95a01dc5-9119-46a2-80dd-e3f059bf8ea7,1740676620000000000,1740691560000000000,1.03992,DEFAULT,,,,,
BACKTESTER-001,MovingAverageCrossover-MA_CROSS,EUR/USD.IDEALPRO,IDEALPRO-1-222,EUR/USD.IDEALPRO-MovingAverageCrossover-MA_CROSS,IDEALPRO-001,,LIMIT,SELL,99999.99,GTC,True,False,0.00,NO_LIQUIDITY_SIDE,,,,NO_TRIGGER,CANCELED,OUO,OL-20250227-171700-001-MA_CROSS-74,['O-20250227-171700-001-MA_CROSS-221'],O-20250227-171700-001-MA_CROSS-220,,,,['MA_CROSS_TP'],e9dcbac3-053b-46a1-b99b-a1c1ec686e5b,1740676620000000000,1740691560000000000,,,,,1.04892,True,
BACKTESTER-001,MovingAverageCrossover-MA_CROSS,EUR/USD.IDEALPRO,IDEALPRO-1-223,EUR/USD.IDEALPRO-MovingAverageCrossover-MA_CROSS,IDEALPRO-001,IDEALPRO-1-116869,MARKET,SELL,100000.00,GTC,False,False,100000.00,TAKER,1.039870000001,0.0,['2.08 USD'],NO_TRIGGER,FILLED,OTO,OL-20250227-212600-001-MA_CROSS-75,"['O-20250227-212600-001-MA_CROSS-224', 'O-20250227-212600-001-MA_CROSS-225']",,,,,['MA_CROSS'],318793c9-ae5d-487e-848c-4e71c1f3bae0,1740691560000000000,1740691560000000000,,,,,,,
BACKTESTER-001,MovingAverageCrossover-MA_CROSS,EUR/USD.IDEALPRO,IDEALPRO-1-224,EUR/USD.IDEALPRO-MovingAverageCrossover-MA_CROSS,IDEALPRO-001,IDEALPRO-1-118733,STOP_MARKET,BUY,100000.00,GTC,True,False,100000.00,TAKER,1.041389999999,9.999998999976611e-06,['2.08 USD'],NO_TRIGGER,FILLED,OUO,OL-20250227-212600-001-MA_CROSS-75,['O-20250227-212600-001-MA_CROSS-225'],O-20250227-212600-001-MA_CROSS-223,,,,['MA_CROSS_SL'],ebcc45f6-2eac-46a3-b3fa-b18a85110b84,1740691560000000000,1740748320000000000,1.04138,DEFAULT,,,,,
BACKTESTER-001,MovingAverageCrossover-MA_CROSS,EUR/USD.IDEALPRO,IDEALPRO-1-225,EUR/USD.IDEALPRO-MovingAverageCrossover-MA_CROSS,IDEALPRO-001,,LIMIT,BUY,99999.99,GTC,True,False,0.00,NO_LIQUIDITY_SIDE,,,,NO_TRIGGER,CANCELED,OUO,OL-20250227-212600-001-MA_CROSS-75,['O-20250227-212600-001-MA_CROSS-224'],O-20250227-212600-001-MA_CROSS-223,,,,['MA_CROSS_TP'],4b251dd5-5e2c-4f75-a2ed-8de25fcddba5,1740691560000000000,1740748320000000000,,,,,1.03238,True,
BACKTESTER-001,MovingAverageCrossover-MA_CROSS,EUR/USD.IDEALPRO,IDEALPRO-1-226,EUR/USD.IDEALPRO-MovingAverageCrossover-MA_CROSS,IDEALPRO-001,IDEALPRO-1-118735,MARKET,BUY,100000.00,GTC,False,False,100000.00,TAKER,1.0413799999989999,0.0,['2.08 USD'],NO_TRIGGER,FILLED,OTO,OL-20250228-131200-001-MA_CROSS-76,"['O-20250228-131200-001-MA_CROSS-227', 'O-20250228-131200-001-MA_CROSS-228']",,,,,['MA_CROSS'],9d9ef218-9b9a-49e3-a6ce-6c0f11c1f756,1740748320000000000,1740748320000000000,,,,,,,
BACKTESTER-001,MovingAverageCrossover-MA_CROSS,EUR/USD.IDEALPRO,IDEALPRO-1-227,EUR/USD.IDEALPRO-MovingAverageCrossover-MA_CROSS,IDEALPRO-001,IDEALPRO-1-119069,STOP_MARKET,SELL,100000.00,GTC,True,False,100000.00,TAKER,1.039860000001,9.999998999976611e-06,['2.08 USD'],NO_TRIGGER,FILLED,OUO,OL-20250228-131200-001-MA_CROSS-76,['O-20250228-131200-001-MA_CROSS-228'],O-20250228-131200-001-MA_CROSS-226,,,,['MA_CROSS_SL'],1e26610a-9d8f-47f3-9e6a-0d96d72f1342,1740748320000000000,1740758280000000000,1.03987,DEFAULT,,,,,
BACKTESTER-001,MovingAverageCrossover-MA_CROSS,EUR/USD.IDEALPRO,IDEALPRO-1-228,EUR/USD.IDEALPRO-MovingAverageCrossover-MA_CROSS,IDEALPRO-001,,LIMIT,SELL,99999.99,GTC,True,False,0.00,NO_LIQUIDITY_SIDE,,,,NO_TRIGGER,CANCELED,OUO,OL-20250228-131200-001-MA_CROSS-76,['O-20250228-131200-001-MA_CROSS-227'],O-20250228-131200-001-MA_CROSS-226,,,,['MA_CROSS_TP'],ab12ccba-5ef7-4374-9ac0-a4c5a12aaa69,1740748320000000000,1740758280000000000,,,,,1.04887,True,
BACKTESTER-001,MovingAverageCrossover-MA_CROSS,EUR/USD.IDEALPRO,IDEALPRO-1-229,EUR/USD.IDEALPRO-MovingAverageCrossover-MA_CROSS,IDEALPRO-001,IDEALPRO-1-119077,MARKET,SELL,100000.00,GTC,False,False,100000.00,TAKER,1.0398800000009998,0.0,['2.08 USD'],NO_TRIGGER,FILLED,OTO,OL-20250228-160100-001-MA_CROSS-77,"['O-20250228-160100-001-MA_CROSS-230', 'O-20250228-160100-001-MA_CROSS-231']",,,,,['MA_CROSS'],1f982489-047f-4068-8074-4bb7502e37a4,1740758460000000000,1740758460000000000,,,,,,,
BACKTESTER-001,MovingAverageCrossover-MA_CROSS,EUR/USD.IDEALPRO,IDEALPRO-1-230,EUR/USD.IDEALPRO-MovingAverageCrossover-MA_CROSS,IDEALPRO-001,IDEALPRO-1-119907,STOP_MARKET,BUY,100000.00,GTC,True,False,100000.00,TAKER,1.041399999999,9.999998999976611e-06,['2.08 USD'],NO_TRIGGER,FILLED,OUO,OL-20250228-160100-001-MA_CROSS-77,['O-20250228-160100-001-MA_CROSS-231'],O-20250228-160100-001-MA_CROSS-229,,,,['MA_CROSS_SL'],4620402e-7dec-4b49-b52e-06938d96f12f,1740758460000000000,1740957000000000000,1.04139,DEFAULT,,,,,
BACKTESTER-001,MovingAverageCrossover-MA_CROSS,EUR/USD.IDEALPRO,IDEALPRO-1-231,EUR/USD.IDEALPRO-MovingAverageCrossover-MA_CROSS,IDEALPRO-001,,LIMIT,BUY,99999.99,GTC,True,False,0.00,NO_LIQUIDITY_SIDE,,,,NO_TRIGGER,CANCELED,OUO,OL-20250228-160100-001-MA_CROSS-77,['O-20250228-160100-001-MA_CROSS-230'],O-20250228-160100-001-MA_CROSS-229,,,,['MA_CROSS_TP'],dc5369de-6cfa-4b8d-bd7b-f9b7e40999a7,1740758460000000000,1740957000000000000,,,,,1.03239,True,
BACKTESTER-001,MovingAverageCrossover-MA_CROSS,EUR/USD.IDEALPRO,IDEALPRO-1-232,EUR/USD.IDEALPRO-MovingAverageCrossover-MA_CROSS,IDEALPRO-001,IDEALPRO-1-119909,MARKET,BUY,100000.00,GTC,False,False,100000.00,TAKER,1.0413799999989999,0.0,['2.08 USD'],NO_TRIGGER,FILLED,OTO,OL-20250302-231000-001-MA_CROSS-78,"['O-20250302-231000-001-MA_CROSS-233', 'O-20250302-231000-001-MA_CROSS-234']",,,,,['MA_CROSS'],d825a882-212b-434e-aba8-3043cd815cc7,1740957000000000000,1740957000000000000,,,,,,,
BACKTESTER-001,MovingAverageCrossover-MA_CROSS,EUR/USD.IDEALPRO,IDEALPRO-1-233,EUR/USD.IDEALPRO-MovingAverageCrossover-MA_CROSS,IDEALPRO-001,IDEALPRO-1-121019,STOP_MARKET,SELL,100000.00,GTC,True,False,100000.00,TAKER,1.039860000001,9.999998999976611e-06,['2.08 USD'],NO_TRIGGER,FILLED,OUO,OL-20250302-231000-001-MA_CROSS-78,['O-20250302-231000-001-MA_CROSS-234'],O-20250302-231000-001-MA_CROSS-232,,,,['MA_CROSS_SL'],7d685f96-5c11-40eb-8d1b-52bbdd801f4b,1740957000000000000,1740990240000000000,1.03987,DEFAULT,,,,,
BACKTESTER-001,MovingAverageCrossover-MA_CROSS,EUR/USD.IDEALPRO,IDEALPRO-1-234,EUR/USD.IDEALPRO-MovingAverageCrossover-MA_CROSS,IDEALPRO-001,,LIMIT,SELL,99999.99,GTC,True,False,0.00,NO_LIQUIDITY_SIDE,,,,NO_TRIGGER,CANCELED,OUO,OL-20250302-231000-001-MA_CROSS-78,['O-20250302-231000-001-MA_CROSS-233'],O-20250302-231000-001-MA_CROSS-232,,,,['MA_CROSS_TP'],f4350a97-8363-4aab-a1ed-dce8ac1ac28f,1740957000000000000,1740990240000000000,,,,,1.04887,True,
BACKTESTER-001,MovingAverageCrossover-MA_CROSS,EUR/USD.IDEALPRO,IDEALPRO-1-235,EUR/USD.IDEALPRO-MovingAverageCrossover-MA_CROSS,IDEALPRO-001,IDEALPRO-1-122118,MARKET,SELL,100000.00,GTC,False,False,100000.00,TAKER,1.0490400000009998,0.0,['2.10 USD'],NO_TRIGGER,FILLED,OTO,OL-20250303-173200-001-MA_CROSS-79,"['O-20250303-173200-001-MA_CROSS-236', 'O-20250303-173200-001-MA_CROSS-237']",,,,,['MA_CROSS'],ff9222aa-723e-427b-b86f-5385557e7638,1741023120000000000,1741023120000000000,,,,,,,
BACKTESTER-001,MovingAverageCrossover-MA_CROSS,EUR/USD.IDEALPRO,IDEALPRO-1-236,EUR/USD.IDEALPRO-MovingAverageCrossover-MA_CROSS,IDEALPRO-001,IDEALPRO-1-123875,STOP_MARKET,BUY,100000.00,GTC,True,False,100000.00,TAKER,1.0505599999989998,9.999998999754567e-06,['2.10 USD'],NO_TRIGGER,FILLED,OUO,OL-20250303-173200-001-MA_CROSS-79,['O-20250303-173200-001-MA_CROSS-237'],O-20250303-173200-001-MA_CROSS-235,,,,['MA_CROSS_SL'],dbb24443-7b5d-4212-80b7-5450bd9bacd0,1741023120000000000,1741076700000000000,1.05055,DEFAULT,,,,,
BACKTESTER-001,MovingAverageCrossover-MA_CROSS,EUR/USD.IDEALPRO,IDEALPRO-1-237,EUR/USD.IDEALPRO-MovingAverageCrossover-MA_CROSS,IDEALPRO-001,,LIMIT,BUY,99999.99,GTC,True,False,0.00,NO_LIQUIDITY_SIDE,,,,NO_TRIGGER,CANCELED,OUO,OL-20250303-173200-001-MA_CROSS-79,['O-20250303-173200-001-MA_CROSS-236'],O-20250303-173200-001-MA_CROSS-235,,,,['MA_CROSS_TP'],79478371-0e04-4ad4-918a-6701583df12a,1741023120000000000,1741076700000000000,,,,,1.04155,True,
BACKTESTER-001,MovingAverageCrossover-MA_CROSS,EUR/USD.IDEALPRO,IDEALPRO-1-238,EUR/USD.IDEALPRO-MovingAverageCrossover-MA_CROSS,IDEALPRO-001,IDEALPRO-1-124008,MARKET,BUY,100000.00,GTC,False,False,100000.00,TAKER,1.051749999999,0.0,['2.10 USD'],NO_TRIGGER,FILLED,OTO,OL-20250304-093000-001-MA_CROSS-80,"['O-20250304-093000-001-MA_CROSS-239', 'O-20250304-093000-001-MA_CROSS-240']",,,,,['MA_CROSS'],8f23118e-bdd5-453d-9053-e53f08554b80,1741080600000000000,1741080600000000000,,,,,,,
BACKTESTER-001,MovingAverageCrossover-MA_CROSS,EUR/USD.IDEALPRO,IDEALPRO-1-239,EUR/USD.IDEALPRO-MovingAverageCrossover-MA_CROSS,IDEALPRO-001,IDEALPRO-1-124711,STOP_MARKET,SELL,100000.00,GTC,True,False,100000.00,TAKER,1.050230000001,9.999998999976611e-06,['2.10 USD'],NO_TRIGGER,FILLED,OUO,OL-20250304-093000-001-MA_CROSS-80,['O-20250304-093000-001-MA_CROSS-240'],O-20250304-093000-001-MA_CROSS-238,,,,['MA_CROSS_SL'],829c472f-51bf-4d20-9f12-431c9b8eb191,1741080600000000000,1741101660000000000,1.05024,DEFAULT,,,,,
BACKTESTER-001,MovingAverageCrossover-MA_CROSS,EUR/USD.IDEALPRO,IDEALPRO-1-240,EUR/USD.IDEALPRO-MovingAverageCrossover-MA_CROSS,IDEALPRO-001,,LIMIT,SELL,99999.99,GTC,True,False,0.00,NO_LIQUIDITY_SIDE,,,,NO_TRIGGER,CANCELED,OUO,OL-20250304-093000-001-MA_CROSS-80,['O-20250304-093000-001-MA_CROSS-239'],O-20250304-093000-001-MA_CROSS-238,,,,['MA_CROSS_TP'],d478135f-a500-4088-8d68-c1488479ea52,1741080600000000000,1741101660000000000,,,,,1.05924,True,
BACKTESTER-001,MovingAverageCrossover-MA_CROSS,EUR/USD.IDEALPRO,IDEALPRO-1-241,EUR/USD.IDEALPRO-MovingAverageCrossover-MA_CROSS,IDEALPRO-001,IDEALPRO-1-125919,MARKET,SELL,100000.00,GTC,False,False,100000.00,TAKER,1.061410000001,0.0,['2.12 USD'],NO_TRIGGER,FILLED,OTO,OL-20250305-013900-001-MA_CROSS-81,"['O-20250305-013900-001-MA_CROSS-242', 'O-20250305-013900-001-MA_CROSS-243']",,,,,['MA_CROSS'],9fcb1a16-a4ff-4b89-8db5-e5e29efc0448,1741138740000000000,1741138740000000000,,,,,,,
BACKTESTER-001,MovingAverageCrossover-MA_CROSS,EUR/USD.IDEALPRO,IDEALPRO-1-242,EUR/USD.IDEALPRO-MovingAverageCrossover-MA_CROSS,IDEALPRO-001,IDEALPRO-1-126433,STOP_MARKET,BUY,100000.00,GTC,True,False,100000.00,TAKER,1.062929999999,9.999998999976611e-06,['2.13 USD'],NO_TRIGGER,FILLED,OUO,OL-20250305-013900-001-MA_CROSS-81,['O-20250305-013900-001-MA_CROSS-243'],O-20250305-013900-001-MA_CROSS-241,,,,['MA_CROSS_SL'],d79d7e11-9029-4396-b48a-1f2cbb259875,1741138740000000000,1741154100000000000,1.06292,DEFAULT,,,,,
BACKTESTER-001,MovingAverageCrossover-MA_CROSS,EUR/USD.IDEALPRO,IDEALPRO-1-243,EUR/USD.IDEALPRO-MovingAverageCrossover-MA_CROSS,IDEALPRO-001,,LIMIT,BUY,99999.99,GTC,True,False,0.00,NO_LIQUIDITY_SIDE,,,,NO_TRIGGER,CANCELED,OUO,OL-20250305-013900-001-MA_CROSS-81,['O-20250305-013900-001-MA_CROSS-242'],O-20250305-013900-001-MA_CROSS-241,,,,['MA_CROSS_TP'],57b7ff28-5a18-4265-966b-38a2454bdb75,1741138740000000000,1741154100000000000,,,,,1.05392,True,
BACKTESTER-001,MovingAverageCrossover-MA_CROSS,EUR/USD.IDEALPRO,IDEALPRO-1-244,EUR/USD.IDEALPRO-MovingAverageCrossover-MA_CROSS,IDEALPRO-001,IDEALPRO-1-126567,MARKET,BUY,100000.00,GTC,False,False,100000.00,TAKER,1.0635999999990002,0.0,['2.13 USD'],NO_TRIGGER,FILLED,OTO,OL-20250305-070100-001-MA_CROSS-82,"['O-20250305-070100-001-MA_CROSS-245', 'O-20250305-070100-001-MA_CROSS-246']",,,,,['MA_CROSS'],3faaccf4-9a08-4613-8fda-979e6069c1a5,1741158060000000000,1741158060000000000,,,,,,,
BACKTESTER-001,MovingAverageCrossover-MA_CROSS,EUR/USD.IDEALPRO,IDEALPRO-1-245,EUR/USD.IDEALPRO-MovingAverageCrossover-MA_CROSS,IDEALPRO-001,,STOP_MARKET,SELL,99999.99,GTC,True,False,0.00,NO_LIQUIDITY_SIDE,,,,NO_TRIGGER,CANCELED,OUO,OL-20250305-070100-001-MA_CROSS-82,['O-20250305-070100-001-MA_CROSS-246'],O-20250305-070100-001-MA_CROSS-244,,,,['MA_CROSS_SL'],fa0fa262-301f-4dd8-8c3f-9a3aa9fa6bcc,1741158060000000000,1741165440000000000,1.06209,DEFAULT,,,,,
BACKTESTER-001,MovingAverageCrossover-MA_CROSS,EUR/USD.IDEALPRO,IDEALPRO-1-246,EUR/USD.IDEALPRO-MovingAverageCrossover-MA_CROSS,IDEALPRO-001,IDEALPRO-1-126815,LIMIT,SELL,100000.00,GTC,True,False,100000.00,MAKER,1.07109,0.0,['2.14 USD'],NO_TRIGGER,FILLED,OUO,OL-20250305-070100-001-MA_CROSS-82,['O-20250305-070100-001-MA_CROSS-245'],O-20250305-070100-001-MA_CROSS-244,,,,['MA_CROSS_TP'],f3a98090-fcd0-4a2a-a3e4-ea83a589a9fe,1741158060000000000,1741165440000000000,,,,,1.07109,True,
BACKTESTER-001,MovingAverageCrossover-MA_CROSS,EUR/USD.IDEALPRO,IDEALPRO-1-247,EUR/USD.IDEALPRO-MovingAverageCrossover-MA_CROSS,IDEALPRO-001,IDEALPRO-1-126990,MARKET,SELL,100000.00,GTC,False,False,100000.00,TAKER,1.068770000001,0.0,['2.14 USD'],NO_TRIGGER,FILLED,OTO,OL-20250305-103000-001-MA_CROSS-83,"['O-20250305-103000-001-MA_CROSS-248', 'O-20250305-103000-001-MA_CROSS-249']",,,,,['MA_CROSS'],66c58cbc-e7d3-440b-abc4-ad310021c388,1741170600000000000,1741170600000000000,,,,,,,
BACKTESTER-001,MovingAverageCrossover-MA_CROSS,EUR/USD.IDEALPRO,IDEALPRO-1-248,EUR/USD.IDEALPRO-MovingAverageCrossover-MA_CROSS,IDEALPRO-001,IDEALPRO-1-127231,STOP_MARKET,BUY,100000.00,GTC,True,False,100000.00,TAKER,1.070289999999,9.999999000198656e-06,['2.14 USD'],NO_TRIGGER,FILLED,OUO,OL-20250305-103000-001-MA_CROSS-83,['O-20250305-103000-001-MA_CROSS-249'],O-20250305-103000-001-MA_CROSS-247,,,,['MA_CROSS_SL'],f014aee6-5799-43cb-9b65-61937297ce7c,1741170600000000000,1741177800000000000,1.07028,DEFAULT,,,,,
BACKTESTER-001,MovingAverageCrossover-MA_CROSS,EUR/USD.IDEALPRO,IDEALPRO-1-249,EUR/USD.IDEALPRO-MovingAverageCrossover-MA_CROSS,IDEALPRO-001,,LIMIT,BUY,99999.99,GTC,True,False,0.00,NO_LIQUIDITY_SIDE,,,,NO_TRIGGER,CANCELED,OUO,OL-20250305-103000-001-MA_CROSS-83,['O-20250305-103000-001-MA_CROSS-248'],O-20250305-103000-001-MA_CROSS-247,,,,['MA_CROSS_TP'],321cc992-8642-4aa5-8799-3dfec6b027f0,1741170600000000000,1741177800000000000,,,,,1.06128,True,
BACKTESTER-001,MovingAverageCrossover-MA_CROSS,EUR/USD.IDEALPRO,IDEALPRO-1-250,EUR/USD.IDEALPRO-MovingAverageCrossover-MA_CROSS,IDEALPRO-001,IDEALPRO-1-127354,MARKET,BUY,100000.00,GTC,False,False,100000.00,TAKER,1.070699999999,0.0,['2.14 USD'],NO_TRIGGER,FILLED,OTO,OL-20250305-133000-001-MA_CROSS-84,"['O-20250305-133000-001-MA_CROSS-251', 'O-20250305-133000-001-MA_CROSS-252']",,,,,['MA_CROSS'],39b7b023-bef1-4af5-9e08-fc6e635a9e68,1741181400000000000,1741181400000000000,,,,,,,
BACKTESTER-001,MovingAverageCrossover-MA_CROSS,EUR/USD.IDEALPRO,IDEALPRO-1-251,EUR/USD.IDEALPRO-MovingAverageCrossover-MA_CROSS,IDEALPRO-001,,STOP_MARKET,SELL,99999.99,GTC,True,False,0.00,NO_LIQUIDITY_SIDE,,,,NO_TRIGGER,CANCELED,OUO,OL-20250305-133000-001-MA_CROSS-84,['O-20250305-133000-001-MA_CROSS-252'],O-20250305-133000-001-MA_CROSS-250,,,,['MA_CROSS_SL'],26ad259a-3264-4e55-8aeb-f52d02727c3c,1741181400000000000,1741191000000000000,1.06919,DEFAULT,,,,,
BACKTESTER-001,MovingAverageCrossover-MA_CROSS,EUR/USD.IDEALPRO,IDEALPRO-1-252,EUR/USD.IDEALPRO-MovingAverageCrossover-MA_CROSS,IDEALPRO-001,IDEALPRO-1-127675,LIMIT,SELL,100000.00,GTC,True,False,100000.00,MAKER,1.07819,0.0,['2.16 USD'],NO_TRIGGER,FILLED,OUO,OL-20250305-133000-001-MA_CROSS-84,['O-20250305-133000-001-MA_CROSS-251'],O-20250305-133000-001-MA_CROSS-250,,,,['MA_CROSS_TP'],06f14e1d-577a-4ac0-82e6-ff0b8adbbb15,1741181400000000000,1741191000000000000,,,,,1.07819,True,
BACKTESTER-001,MovingAverageCrossover-MA_CROSS,EUR/USD.IDEALPRO,IDEALPRO-1-253,EUR/USD.IDEALPRO-MovingAverageCrossover-MA_CROSS,IDEALPRO-001,IDEALPRO-1-128303,MARKET,SELL,100000.00,GTC,False,False,100000.00,TAKER,1.078730000001,0.0,['2.16 USD'],NO_TRIGGER,FILLED,OTO,OL-20250305-212300-001-MA_CROSS-85,"['O-20250305-212300-001-MA_CROSS-254', 'O-20250305-212300-001-MA_CROSS-255']",,,,,['MA_CROSS'],14329b27-9f18-46e0-a04a-669e576f8539,1741209780000000000,1741209780000000000,,,,,,,
BACKTESTER-001,MovingAverageCrossover-MA_CROSS,EUR/USD.IDEALPRO,IDEALPRO-1-254,EUR/USD.IDEALPRO-MovingAverageCrossover-MA_CROSS,IDEALPRO-001,IDEALPRO-1-128697,STOP_MARKET,BUY,100000.00,GTC,True,False,100000.00,TAKER,1.0802499999989998,9.999998999754567e-06,['2.16 USD'],NO_TRIGGER,FILLED,OUO,OL-20250305-212300-001-MA_CROSS-85,['O-20250305-212300-001-MA_CROSS-255'],O-20250305-212300-001-MA_CROSS-253,,,,['MA_CROSS_SL'],f606023c-dc48-4cfe-ba40-f4b944867853,1741209780000000000,1741222440000000000,1.08024,DEFAULT,,,,,
BACKTESTER-001,MovingAverageCrossover-MA_CROSS,EUR/USD.IDEALPRO,IDEALPRO-1-255,EUR/USD.IDEALPRO-MovingAverageCrossover-MA_CROSS,IDEALPRO-001,,LIMIT,BUY,99999.99,GTC,True,False,0.00,NO_LIQUIDITY_SIDE,,,,NO_TRIGGER,CANCELED,OUO,OL-20250305-212300-001-MA_CROSS-85,['O-20250305-212300-001-MA_CROSS-254'],O-20250305-212300-001-MA_CROSS-253,,,,['MA_CROSS_TP'],c1004e07-b52e-4821-b48c-7a1a9aba2e21,1741209780000000000,1741222440000000000,,,,,1.07124,True,
BACKTESTER-001,MovingAverageCrossover-MA_CROSS,EUR/USD.IDEALPRO,IDEALPRO-1-256,EUR/USD.IDEALPRO-MovingAverageCrossover-MA_CROSS,IDEALPRO-001,IDEALPRO-1-128743,MARKET,BUY,100000.00,GTC,False,False,100000.00,TAKER,1.0798499999989999,0.0,['2.16 USD'],NO_TRIGGER,FILLED,OTO,OL-20250306-011600-001-MA_CROSS-86,"['O-20250306-011600-001-MA_CROSS-257', 'O-20250306-011600-001-MA_CROSS-258']",,,,,['MA_CROSS'],b574e1dc-3e0a-4fe1-b26e-b15167db3c63,1741223760000000000,1741223760000000000,,,,,,,
BACKTESTER-001,MovingAverageCrossover-MA_CROSS,EUR/USD.IDEALPRO,IDEALPRO-1-257,EUR/USD.IDEALPRO-MovingAverageCrossover-MA_CROSS,IDEALPRO-001,IDEALPRO-1-129745,STOP_MARKET,SELL,100000.00,GTC,True,False,100000.00,TAKER,1.078330000001,9.999998999976611e-06,['2.16 USD'],NO_TRIGGER,FILLED,OUO,OL-20250306-011600-001-MA_CROSS-86,['O-20250306-011600-001-MA_CROSS-258'],O-20250306-011600-001-MA_CROSS-256,,,,['MA_CROSS_SL'],de92eae0-412d-41c4-9a5c-013283ba831f,1741223760000000000,1741253760000000000,1.07834,DEFAULT,,,,,
BACKTESTER-001,MovingAverageCrossover-MA_CROSS,EUR/USD.IDEALPRO,IDEALPRO-1-258,EUR/USD.IDEALPRO-MovingAverageCrossover-MA_CROSS,IDEALPRO-001,,LIMIT,SELL,99999.99,GTC,True,False,0.00,NO_LIQUIDITY_SIDE,,,,NO_TRIGGER,CANCELED,OUO,OL-20250306-011600-001-MA_CROSS-86,['O-20250306-011600-001-MA_CROSS-257'],O-20250306-011600-001-MA_CROSS-256,,,,['MA_CROSS_TP'],b1eeb3d6-304d-4c30-b0f7-9c6d66951424,1741223760000000000,1741253760000000000,,,,,1.08734,True,
BACKTESTER-001,MovingAverageCrossover-MA_CROSS,EUR/USD.IDEALPRO,IDEALPRO-1-259,EUR/USD.IDEALPRO-MovingAverageCrossover-MA_CROSS,IDEALPRO-001,IDEALPRO-1-129831,MARKET,SELL,100000.00,GTC,False,False,100000.00,TAKER,1.0790100000010001,0.0,['2.16 USD'],NO_TRIGGER,FILLED,OTO,OL-20250306-101800-001-MA_CROSS-87,"['O-20250306-101800-001-MA_CROSS-260', 'O-20250306-101800-001-MA_CROSS-261']",,,,,['MA_CROSS'],2448fa3b-7ad7-4115-8086-c8eae59db4c6,1741256280000000000,1741256280000000000,,,,,,,
BACKTESTER-001,MovingAverageCrossover-MA_CROSS,EUR/USD.IDEALPRO,IDEALPRO-1-260,EUR/USD.IDEALPRO-MovingAverageCrossover-MA_CROSS,IDEALPRO-001,IDEALPRO-1-130067,STOP_MARKET,BUY,100000.00,GTC,True,False,100000.00,TAKER,1.080529999999,9.999998999976611e-06,['2.16 USD'],NO_TRIGGER,FILLED,OUO,OL-20250306-101800-001-MA_CROSS-87,['O-20250306-101800-001-MA_CROSS-261'],O-20250306-101800-001-MA_CROSS-259,,,,['MA_CROSS_SL'],2c4932ad-2939-40c2-95ee-74a857504939,1741256280000000000,1741263300000000000,1.08052,DEFAULT,,,,,
BACKTESTER-001,MovingAverageCrossover-MA_CROSS,EUR/USD.IDEALPRO,IDEALPRO-1-261,EUR/USD.IDEALPRO-MovingAverageCrossover-MA_CROSS,IDEALPRO-001,,LIMIT,BUY,99999.99,GTC,True,False,0.00,NO_LIQUIDITY_SIDE,,,,NO_TRIGGER,CANCELED,OUO,OL-20250306-101800-001-MA_CROSS-87,['O-20250306-101800-001-MA_CROSS-260'],O-20250306-101800-001-MA_CROSS-259,,,,['MA_CROSS_TP'],8284f4d5-6136-4615-b2ff-1546a202d4f3,1741256280000000000,1741263300000000000,,,,,1.07152,True,
BACKTESTER-001,MovingAverageCrossover-MA_CROSS,EUR/USD.IDEALPRO,IDEALPRO-1-262,EUR/USD.IDEALPRO-MovingAverageCrossover-MA_CROSS,IDEALPRO-001,IDEALPRO-1-130220,MARKET,BUY,100000.00,GTC,False,False,100000.00,TAKER,1.081639999999,0.0,['2.16 USD'],NO_TRIGGER,FILLED,OTO,OL-20250306-133000-001-MA_CROSS-88,"['O-20250306-133000-001-MA_CROSS-263', 'O-20250306-133000-001-MA_CROSS-264']",,,,,['MA_CROSS'],358d8ddf-b2c7-487c-8bd5-8897bbb67490,1741267800000000000,1741267800000000000,,,,,,,
BACKTESTER-001,MovingAverageCrossover-MA_CROSS,EUR/USD.IDEALPRO,IDEALPRO-1-263,EUR/USD.IDEALPRO-MovingAverageCrossover-MA_CROSS,IDEALPRO-001,IDEALPRO-1-130683,STOP_MARKET,SELL,100000.00,GTC,True,False,100000.00,TAKER,1.080120000001,9.999998999976611e-06,['2.16 USD'],NO_TRIGGER,FILLED,OUO,OL-20250306-133000-001-MA_CROSS-88,['O-20250306-133000-001-MA_CROSS-264'],O-20250306-133000-001-MA_CROSS-262,,,,['MA_CROSS_SL'],8d1850ac-4d13-4103-a07b-b4c87588f533,1741267800000000000,1741281660000000000,1.08013,DEFAULT,,,,,
BACKTESTER-001,MovingAverageCrossover-MA_CROSS,EUR/USD.IDEALPRO,IDEALPRO-1-264,EUR/USD.IDEALPRO-MovingAverageCrossover-MA_CROSS,IDEALPRO-001,,LIMIT,SELL,99999.99,GTC,True,False,0.00,NO_LIQUIDITY_SIDE,,,,NO_TRIGGER,CANCELED,OUO,OL-20250306-133000-001-MA_CROSS-88,['O-20250306-133000-001-MA_CROSS-263'],O-20250306-133000-001-MA_CROSS-262,,,,['MA_CROSS_TP'],80d06f07-acab-4c61-8691-ad19abaea174,1741267800000000000,1741281660000000000,,,,,1.08913,True,
BACKTESTER-001,MovingAverageCrossover-MA_CROSS,EUR/USD.IDEALPRO,IDEALPRO-1-265,EUR/USD.IDEALPRO-MovingAverageCrossover-MA_CROSS,IDEALPRO-001,IDEALPRO-1-130685,MARKET,SELL,100000.00,GTC,False,False,100000.00,TAKER,1.080120000001,0.0,['2.16 USD'],NO_TRIGGER,FILLED,OTO,OL-20250306-172100-001-MA_CROSS-89,"['O-20250306-172100-001-MA_CROSS-266', 'O-20250306-172100-001-MA_CROSS-267']",,,,,['MA_CROSS'],1428407a-5883-461e-b5da-cf1718b622c8,1741281660000000000,1741281660000000000,,,,,,,
BACKTESTER-001,MovingAverageCrossover-MA_CROSS,EUR/USD.IDEALPRO,IDEALPRO-1-266,EUR/USD.IDEALPRO-MovingAverageCrossover-MA_CROSS,IDEALPRO-001,IDEALPRO-1-132147,STOP_MARKET,BUY,100000.00,GTC,True,False,100000.00,TAKER,1.081639999999,9.999998999976611e-06,['2.16 USD'],NO_TRIGGER,FILLED,OUO,OL-20250306-172100-001-MA_CROSS-89,['O-20250306-172100-001-MA_CROSS-267'],O-20250306-172100-001-MA_CROSS-265,,,,['MA_CROSS_SL'],80202e6f-83ba-44a3-925b-6707d0f8123f,1741281660000000000,1741326360000000000,1.08163,DEFAULT,,,,,
BACKTESTER-001,MovingAverageCrossover-MA_CROSS,EUR/USD.IDEALPRO,IDEALPRO-1-267,EUR/USD.IDEALPRO-MovingAverageCrossover-MA_CROSS,IDEALPRO-001,,LIMIT,BUY,99999.99,GTC,True,False,0.00,NO_LIQUIDITY_SIDE,,,,NO_TRIGGER,CANCELED,OUO,OL-20250306-172100-001-MA_CROSS-89,['O-20250306-172100-001-MA_CROSS-266'],O-20250306-172100-001-MA_CROSS-265,,,,['MA_CROSS_TP'],d490de4c-a9b8-409a-bf8f-4405883f62bd,1741281660000000000,1741326360000000000,,,,,1.07263,True,
BACKTESTER-001,MovingAverageCrossover-MA_CROSS,EUR/USD.IDEALPRO,IDEALPRO-1-268,EUR/USD.IDEALPRO-MovingAverageCrossover-MA_CROSS,IDEALPRO-001,IDEALPRO-1-132299,MARKET,BUY,100000.00,GTC,False,False,100000.00,TAKER,1.0823799999989998,0.0,['2.16 USD'],NO_TRIGGER,FILLED,OTO,OL-20250307-070100-001-MA_CROSS-90,"['O-20250307-070100-001-MA_CROSS-269', 'O-20250307-070100-001-MA_CROSS-270']",,,,,['MA_CROSS'],a01de846-161f-4088-976a-ac43565ace9a,1741330860000000000,1741330860000000000,,,,,,,
BACKTESTER-001,MovingAverageCrossover-MA_CROSS,EUR/USD.IDEALPRO,IDEALPRO-1-269,EUR/USD.IDEALPRO-MovingAverageCrossover-MA_CROSS,IDEALPRO-001,IDEALPRO-1-135497,STOP_MARKET,SELL,100000.00,GTC,True,False,100000.00,TAKER,1.080860000001,9.999998999976611e-06,['2.16 USD'],NO_TRIGGER,FILLED,OUO,OL-20250307-070100-001-MA_CROSS-90,['O-20250307-070100-001-MA_CROSS-270'],O-20250307-070100-001-MA_CROSS-268,,,,['MA_CROSS_SL'],8f2243ad-768c-4a64-965a-18980a799fe3,1741330860000000000,1741596840000000000,1.08087,DEFAULT,,,,,
BACKTESTER-001,MovingAverageCrossover-MA_CROSS,EUR/USD.IDEALPRO,IDEALPRO-1-270,EUR/USD.IDEALPRO-MovingAverageCrossover-MA_CROSS,IDEALPRO-001,,LIMIT,SELL,99999.99,GTC,True,False,0.00,NO_LIQUIDITY_SIDE,,,,NO_TRIGGER,CANCELED,OUO,OL-20250307-070100-001-MA_CROSS-90,['O-20250307-070100-001-MA_CROSS-269'],O-20250307-070100-001-MA_CROSS-268,,,,['MA_CROSS_TP'],57b91a5a-c24a-43da-9759-6ba1e8c9ce69,1741330860000000000,1741596840000000000,,,,,1.08987,True,
BACKTESTER-001,MovingAverageCrossover-MA_CROSS,EUR/USD.IDEALPRO,IDEALPRO-1-271,EUR/USD.IDEALPRO-MovingAverageCrossover-MA_CROSS,IDEALPRO-001,IDEALPRO-1-135513,MARKET,SELL,100000.00,GTC,False,False,100000.00,TAKER,1.081060000001,0.0,['2.16 USD'],NO_TRIGGER,FILLED,OTO,OL-20250310-090100-001-MA_CROSS-91,"['O-20250310-090100-001-MA_CROSS-272', 'O-20250310-090100-001-MA_CROSS-273']",,,,,['MA_CROSS'],9eb9ba4d-28a8-4803-9c7e-0ea206d46e04,1741597260000000000,1741597260000000000,,,,,,,
BACKTESTER-001,MovingAverageCrossover-MA_CROSS,EUR/USD.IDEALPRO,IDEALPRO-1-272,EUR/USD.IDEALPRO-MovingAverageCrossover-MA_CROSS,IDEALPRO-001,IDEALPRO-1-135551,STOP_MARKET,BUY,100000.00,GTC,True,False,100000.00,TAKER,1.0825799999990002,9.999999000198656e-06,['2.17 USD'],NO_TRIGGER,FILLED,OUO,OL-20250310-090100-001-MA_CROSS-91,['O-20250310-090100-001-MA_CROSS-273'],O-20250310-090100-001-MA_CROSS-271,,,,['MA_CROSS_SL'],8578db45-ed7f-4033-aa64-3637fa5500d2,1741597260000000000,1741598340000000000,1.08257,DEFAULT,,,,,
BACKTESTER-001,MovingAverageCrossover-MA_CROSS,EUR/USD.IDEALPRO,IDEALPRO-1-273,EUR/USD.IDEALPRO-MovingAverageCrossover-MA_CROSS,IDEALPRO-001,,LIMIT,BUY,99999.99,GTC,True,False,0.00,NO_LIQUIDITY_SIDE,,,,NO_TRIGGER,CANCELED,OUO,OL-20250310-090100-001-MA_CROSS-91,['O-20250310-090100-001-MA_CROSS-272'],O-20250310-090100-001-MA_CROSS-271,,,,['MA_CROSS_TP'],8d033a6b-303a-43f1-b9b5-72800a58093e,1741597260000000000,1741598340000000000,,,,,1.07357,True,
BACKTESTER-001,MovingAverageCrossover-MA_CROSS,EUR/USD.IDEALPRO,IDEALPRO-1-274,EUR/USD.IDEALPRO-MovingAverageCrossover-MA_CROSS,IDEALPRO-001,IDEALPRO-1-135576,MARKET,BUY,100000.00,GTC,False,False,100000.00,TAKER,1.084029999999,0.0,['2.17 USD'],NO_TRIGGER,FILLED,OTO,OL-20250310-093000-001-MA_CROSS-92,"['O-20250310-093000-001-MA_CROSS-275', 'O-20250310-093000-001-MA_CROSS-276']",,,,,['MA_CROSS'],dbdeb143-af91-4ac8-bfc3-bcde971efd08,1741599000000000000,1741599000000000000,,,,,,,
BACKTESTER-001,MovingAverageCrossover-MA_CROSS,EUR/USD.IDEALPRO,IDEALPRO-1-275,EUR/USD.IDEALPRO-MovingAverageCrossover-MA_CROSS,IDEALPRO-001,IDEALPRO-1-135769,STOP_MARKET,SELL,100000.00,GTC,True,False,100000.00,TAKER,1.082510000001,9.999998999976611e-06,['2.17 USD'],NO_TRIGGER,FILLED,OUO,OL-20250310-093000-001-MA_CROSS-92,['O-20250310-093000-001-MA_CROSS-276'],O-20250310-093000-001-MA_CROSS-274,,,,['MA_CROSS_SL'],233cd625-d8c8-43cf-a7ce-29170a188296,1741599000000000000,1741604760000000000,1.08252,DEFAULT,,,,,
BACKTESTER-001,MovingAverageCrossover-MA_CROSS,EUR/USD.IDEALPRO,IDEALPRO-1-276,EUR/USD.IDEALPRO-MovingAverageCrossover-MA_CROSS,IDEALPRO-001,,LIMIT,SELL,99999.99,GTC,True,False,0.00,NO_LIQUIDITY_SIDE,,,,NO_TRIGGER,CANCELED,OUO,OL-20250310-093000-001-MA_CROSS-92,['O-20250310-093000-001-MA_CROSS-275'],O-20250310-093000-001-MA_CROSS-274,,,,['MA_CROSS_TP'],1cead3f6-a221-4c6e-96da-6a4028c9e252,1741599000000000000,1741604760000000000,,,,,1.09152,True,
BACKTESTER-001,MovingAverageCrossover-MA_CROSS,EUR/USD.IDEALPRO,IDEALPRO-1-277,EUR/USD.IDEALPRO-MovingAverageCrossover-MA_CROSS,IDEALPRO-001,IDEALPRO-1-135794,MARKET,SELL,100000.00,GTC,False,False,100000.00,TAKER,1.084770000001,0.0,['2.17 USD'],NO_TRIGGER,FILLED,OTO,OL-20250310-111700-001-MA_CROSS-93,"['O-20250310-111700-001-MA_CROSS-278', 'O-20250310-111700-001-MA_CROSS-279']",,,,,['MA_CROSS'],d1a692c0-4cb2-4c5d-90ae-d92488e51d6a,1741605420000000000,1741605420000000000,,,,,,,
BACKTESTER-001,MovingAverageCrossover-MA_CROSS,EUR/USD.IDEALPRO,IDEALPRO-1-278,EUR/USD.IDEALPRO-MovingAverageCrossover-MA_CROSS,IDEALPRO-001,IDEALPRO-1-138055,STOP_MARKET,BUY,100000.00,GTC,True,False,100000.00,TAKER,1.0862899999989999,9.999998999976611e-06,['2.17 USD'],NO_TRIGGER,FILLED,OUO,OL-20250310-111700-001-MA_CROSS-93,['O-20250310-111700-001-MA_CROSS-279'],O-20250310-111700-001-MA_CROSS-277,,,,['MA_CROSS_SL'],d9a3f13c-ff5c-49f3-bfb2-aa42997a5baf,1741605420000000000,1741674120000000000,1.08628,DEFAULT,,,,,
BACKTESTER-001,MovingAverageCrossover-MA_CROSS,EUR/USD.IDEALPRO,IDEALPRO-1-279,EUR/USD.IDEALPRO-MovingAverageCrossover-MA_CROSS,IDEALPRO-001,,LIMIT,BUY,99999.99,GTC,True,False,0.00,NO_LIQUIDITY_SIDE,,,,NO_TRIGGER,CANCELED,OUO,OL-20250310-111700-001-MA_CROSS-93,['O-20250310-111700-001-MA_CROSS-278'],O-20250310-111700-001-MA_CROSS-277,,,,['MA_CROSS_TP'],00a0810a-4e7e-4e6d-9bf1-35f03bf1025c,1741605420000000000,1741674120000000000,,,,,1.07728,True,
BACKTESTER-001,MovingAverageCrossover-MA_CROSS,EUR/USD.IDEALPRO,IDEALPRO-1-280,EUR/USD.IDEALPRO-MovingAverageCrossover-MA_CROSS,IDEALPRO-001,IDEALPRO-1-138165,MARKET,BUY,100000.00,GTC,False,False,100000.00,TAKER,1.0872999999989998,0.0,['2.17 USD'],NO_TRIGGER,FILLED,OTO,OL-20250311-071600-001-MA_CROSS-94,"['O-20250311-071600-001-MA_CROSS-281', 'O-20250311-071600-001-MA_CROSS-282']",,,,,['MA_CROSS'],2a6a88e2-c885-4788-929b-e704083c8c8c,1741677360000000000,1741677360000000000,,,,,,,
BACKTESTER-001,MovingAverageCrossover-MA_CROSS,EUR/USD.IDEALPRO,IDEALPRO-1-281,EUR/USD.IDEALPRO-MovingAverageCrossover-MA_CROSS,IDEALPRO-001,IDEALPRO-1-144433,STOP_MARKET,SELL,100000.00,GTC,True,False,100000.00,TAKER,1.085780000001,9.999998999976611e-06,['2.17 USD'],NO_TRIGGER,FILLED,OUO,OL-20250311-071600-001-MA_CROSS-94,['O-20250311-071600-001-MA_CROSS-282'],O-20250311-071600-001-MA_CROSS-280,,,,['MA_CROSS_SL'],0a3f4376-b90b-4bd2-91c2-4a84bf3c6ce6,1741677360000000000,1741867140000000000,1.08579,DEFAULT,,,,,
BACKTESTER-001,MovingAverageCrossover-MA_CROSS,EUR/USD.IDEALPRO,IDEALPRO-1-282,EUR/USD.IDEALPRO-MovingAverageCrossover-MA_CROSS,IDEALPRO-001,,LIMIT,SELL,99999.99,GTC,True,False,0.00,NO_LIQUIDITY_SIDE,,,,NO_TRIGGER,CANCELED,OUO,OL-20250311-071600-001-MA_CROSS-94,['O-20250311-071600-001-MA_CROSS-281'],O-20250311-071600-001-MA_CROSS-280,,,,['MA_CROSS_TP'],2877ad73-0e45-44c2-afdd-a37d51bb8a94,1741677360000000000,1741867140000000000,,,,,1.09479,True,
BACKTESTER-001,MovingAverageCrossover-MA_CROSS,EUR/USD.IDEALPRO,IDEALPRO-1-283,EUR/USD.IDEALPRO-MovingAverageCrossover-MA_CROSS,IDEALPRO-001,IDEALPRO-1-144438,MARKET,SELL,100000.00,GTC,False,False,100000.00,TAKER,1.0856300000010002,0.0,['2.17 USD'],NO_TRIGGER,FILLED,OTO,OL-20250313-120000-001-MA_CROSS-95,"['O-20250313-120000-001-MA_CROSS-284', 'O-20250313-120000-001-MA_CROSS-285']",,,,,['MA_CROSS'],1a1fb505-9b09-461d-a0a0-c2e1f35f4e71,1741867200000000000,1741867200000000000,,,,,,,
BACKTESTER-001,MovingAverageCrossover-MA_CROSS,EUR/USD.IDEALPRO,IDEALPRO-1-284,EUR/USD.IDEALPRO-MovingAverageCrossover-MA_CROSS,IDEALPRO-001,IDEALPRO-1-144501,STOP_MARKET,BUY,100000.00,GTC,True,False,100000.00,TAKER,1.087149999999,9.999998999976611e-06,['2.17 USD'],NO_TRIGGER,FILLED,OUO,OL-20250313-120000-001-MA_CROSS-95,['O-20250313-120000-001-MA_CROSS-285'],O-20250313-120000-001-MA_CROSS-283,,,,['MA_CROSS_SL'],d159a1e3-a523-474e-a31c-825dba0813ae,1741867200000000000,1741869060000000000,1.08714,DEFAULT,,,,,
BACKTESTER-001,MovingAverageCrossover-MA_CROSS,EUR/USD.IDEALPRO,IDEALPRO-1-285,EUR/USD.IDEALPRO-MovingAverageCrossover-MA_CROSS,IDEALPRO-001,,LIMIT,BUY,99999.99,GTC,True,False,0.00,NO_LIQUIDITY_SIDE,,,,NO_TRIGGER,CANCELED,OUO,OL-20250313-120000-001-MA_CROSS-95,['O-20250313-120000-001-MA_CROSS-284'],O-20250313-120000-001-MA_CROSS-283,,,,['MA_CROSS_TP'],d1ee2cdd-bdf9-413b-929c-de4b754a5c32,1741867200000000000,1741869060000000000,,,,,1.07814,True,
BACKTESTER-001,MovingAverageCrossover-MA_CROSS,EUR/USD.IDEALPRO,IDEALPRO-1-286,EUR/USD.IDEALPRO-MovingAverageCrossover-MA_CROSS,IDEALPRO-001,IDEALPRO-1-144677,MARKET,BUY,100000.00,GTC,False,False,100000.00,TAKER,1.085139999999,0.0,['2.17 USD'],NO_TRIGGER,FILLED,OTO,OL-20250313-135800-001-MA_CROSS-96,"['O-20250313-135800-001-MA_CROSS-287', 'O-20250313-135800-001-MA_CROSS-288']",,,,,['MA_CROSS'],72cbe98e-0965-49a0-a3ba-55cc03c9bc31,1741874280000000000,1741874280000000000,,,,,,,
BACKTESTER-001,MovingAverageCrossover-MA_CROSS,EUR/USD.IDEALPRO,IDEALPRO-1-287,EUR/USD.IDEALPRO-MovingAverageCrossover-MA_CROSS,IDEALPRO-001,IDEALPRO-1-146135,STOP_MARKET,SELL,100000.00,GTC,True,False,100000.00,TAKER,1.0836200000010001,9.999998999976611e-06,['2.17 USD'],NO_TRIGGER,FILLED,OUO,OL-20250313-135800-001-MA_CROSS-96,['O-20250313-135800-001-MA_CROSS-288'],O-20250313-135800-001-MA_CROSS-286,,,,['MA_CROSS_SL'],74e327af-8d46-4847-a5be-83c3623a1995,1741874280000000000,1741918860000000000,1.08363,DEFAULT,,,,,
BACKTESTER-001,MovingAverageCrossover-MA_CROSS,EUR/USD.IDEALPRO,IDEALPRO-1-288,EUR/USD.IDEALPRO-MovingAverageCrossover-MA_CROSS,IDEALPRO-001,,LIMIT,SELL,99999.99,GTC,True,False,0.00,NO_LIQUIDITY_SIDE,,,,NO_TRIGGER,CANCELED,OUO,OL-20250313-135800-001-MA_CROSS-96,['O-20250313-135800-001-MA_CROSS-287'],O-20250313-135800-001-MA_CROSS-286,,,,['MA_CROSS_TP'],a3bcd3d5-69b0-4e0b-8546-2f95d9578659,1741874280000000000,1741918860000000000,,,,,1.09263,True,
BACKTESTER-001,MovingAverageCrossover-MA_CROSS,EUR/USD.IDEALPRO,IDEALPRO-1-289,EUR/USD.IDEALPRO-MovingAverageCrossover-MA_CROSS,IDEALPRO-001,IDEALPRO-1-146157,MARKET,SELL,100000.00,GTC,False,False,100000.00,TAKER,1.083540000001,0.0,['2.17 USD'],NO_TRIGGER,FILLED,OTO,OL-20250314-023100-001-MA_CROSS-97,"['O-20250314-023100-001-MA_CROSS-290', 'O-20250314-023100-001-MA_CROSS-291']",,,,,['MA_CROSS'],570314aa-7918-4c5b-8040-ee906b19c2ab,1741919460000000000,1741919460000000000,,,,,,,
BACKTESTER-001,MovingAverageCrossover-MA_CROSS,EUR/USD.IDEALPRO,IDEALPRO-1-290,EUR/USD.IDEALPRO-MovingAverageCrossover-MA_CROSS,IDEALPRO-001,IDEALPRO-1-146571,STOP_MARKET,BUY,100000.00,GTC,True,False,100000.00,TAKER,1.085059999999,9.999998999976611e-06,['2.17 USD'],NO_TRIGGER,FILLED,OUO,OL-20250314-023100-001-MA_CROSS-97,['O-20250314-023100-001-MA_CROSS-291'],O-20250314-023100-001-MA_CROSS-289,,,,['MA_CROSS_SL'],7f27e10b-142b-4950-a88e-f6c1a5e139e6,1741919460000000000,1741931820000000000,1.08505,DEFAULT,,,,,
BACKTESTER-001,MovingAverageCrossover-MA_CROSS,EUR/USD.IDEALPRO,IDEALPRO-1-291,EUR/USD.IDEALPRO-MovingAverageCrossover-MA_CROSS,IDEALPRO-001,,LIMIT,BUY,99999.99,GTC,True,False,0.00,NO_LIQUIDITY_SIDE,,,,NO_TRIGGER,CANCELED,OUO,OL-20250314-023100-001-MA_CROSS-97,['O-20250314-023100-001-MA_CROSS-290'],O-20250314-023100-001-MA_CROSS-289,,,,['MA_CROSS_TP'],e29dff68-63c6-464f-9ac9-aa975de703a7,1741919460000000000,1741931820000000000,,,,,1.07605,True,
BACKTESTER-001,MovingAverageCrossover-MA_CROSS,EUR/USD.IDEALPRO,IDEALPRO-1-292,EUR/USD.IDEALPRO-MovingAverageCrossover-MA_CROSS,IDEALPRO-001,IDEALPRO-1-146758,MARKET,BUY,100000.00,GTC,False,False,100000.00,TAKER,1.0843899999989999,0.0,['2.17 USD'],NO_TRIGGER,FILLED,OTO,OL-20250314-072900-001-MA_CROSS-98,"['O-20250314-072900-001-MA_CROSS-293', 'O-20250314-072900-001-MA_CROSS-294']",,,,,['MA_CROSS'],f719b7d8-c488-44bc-b9df-4479d69e2e6d,1741937340000000000,1741937340000000000,,,,,,,
BACKTESTER-001,MovingAverageCrossover-MA_CROSS,EUR/USD.IDEALPRO,IDEALPRO-1-293,EUR/USD.IDEALPRO-MovingAverageCrossover-MA_CROSS,IDEALPRO-001,,STOP_MARKET,SELL,99999.95,GTC,True,False,0.00,NO_LIQUIDITY_SIDE,,,,NO_TRIGGER,CANCELED,OUO,OL-20250314-072900-001-MA_CROSS-98,['O-20250314-072900-001-MA_CROSS-294'],O-20250314-072900-001-MA_CROSS-292,,,,['MA_CROSS_SL'],ad75bc7a-d622-4b1e-828a-f9fcc5922c4a,1741937340000000000,1742223720000000000,1.08288,DEFAULT,,,,,
BACKTESTER-001,MovingAverageCrossover-MA_CROSS,EUR/USD.IDEALPRO,IDEALPRO-1-294,EUR/USD.IDEALPRO-MovingAverageCrossover-MA_CROSS,IDEALPRO-001,IDEALPRO-1-150519,LIMIT,SELL,100000.00,GTC,True,False,100000.00,MAKER,1.09188,0.0,['2.18 USD'],NO_TRIGGER,FILLED,OUO,OL-20250314-072900-001-MA_CROSS-98,['O-20250314-072900-001-MA_CROSS-293'],O-20250314-072900-001-MA_CROSS-292,,,,['MA_CROSS_TP'],d0a98d82-bc48-4cdd-8734-2f5ecaa40972,1741937340000000000,1742223720000000000,,,,,1.09188,True,
BACKTESTER-001,MovingAverageCrossover-MA_CROSS,EUR/USD.IDEALPRO,IDEALPRO-1-295,EUR/USD.IDEALPRO-MovingAverageCrossover-MA_CROSS,IDEALPRO-001,IDEALPRO-1-150818,MARKET,SELL,100000.00,GTC,False,False,100000.00,TAKER,1.091340000001,0.0,['2.18 USD'],NO_TRIGGER,FILLED,OTO,OL-20250317-173000-001-MA_CROSS-99,"['O-20250317-173000-001-MA_CROSS-296', 'O-20250317-173000-001-MA_CROSS-297']",,,,,['MA_CROSS'],da318d0e-c71d-4126-9733-3ec8d9fd6439,1742232600000000000,1742232600000000000,,,,,,,
BACKTESTER-001,MovingAverageCrossover-MA_CROSS,EUR/USD.IDEALPRO,IDEALPRO-1-296,EUR/USD.IDEALPRO-MovingAverageCrossover-MA_CROSS,IDEALPRO-001,IDEALPRO-1-152505,STOP_MARKET,BUY,100000.00,GTC,True,False,100000.00,TAKER,1.092859999999,9.999998999976611e-06,['2.19 USD'],NO_TRIGGER,FILLED,OUO,OL-20250317-173000-001-MA_CROSS-99,['O-20250317-173000-001-MA_CROSS-297'],O-20250317-173000-001-MA_CROSS-295,,,,['MA_CROSS_SL'],3b9d75de-565c-459f-a5e2-3d9e40ea509b,1742232600000000000,1742284080000000000,1.09285,DEFAULT,,,,,
BACKTESTER-001,MovingAverageCrossover-MA_CROSS,EUR/USD.IDEALPRO,IDEALPRO-1-297,EUR/USD.IDEALPRO-MovingAverageCrossover-MA_CROSS,IDEALPRO-001,,LIMIT,BUY,99999.99,GTC,True,False,0.00,NO_LIQUIDITY_SIDE,,,,NO_TRIGGER,CANCELED,OUO,OL-20250317-173000-001-MA_CROSS-99,['O-20250317-173000-001-MA_CROSS-296'],O-20250317-173000-001-MA_CROSS-295,,,,['MA_CROSS_TP'],7b3758d6-826a-4d21-b702-0e08bdbe48e8,1742232600000000000,1742284080000000000,,,,,1.08385,True,
BACKTESTER-001,MovingAverageCrossover-MA_CROSS,EUR/USD.IDEALPRO,IDEALPRO-1-298,EUR/USD.IDEALPRO-MovingAverageCrossover-MA_CROSS,IDEALPRO-001,IDEALPRO-1-152507,MARKET,BUY,100000.00,GTC,False,False,100000.00,TAKER,1.092919999999,0.0,['2.19 USD'],NO_TRIGGER,FILLED,OTO,OL-20250318-074800-001-MA_CROSS-100,"['O-20250318-074800-001-MA_CROSS-299', 'O-20250318-074800-001-MA_CROSS-300']",,,,,['MA_CROSS'],891342b4-9060-45a1-a6d9-38a344938c46,1742284080000000000,1742284080000000000,,,,,,,
BACKTESTER-001,MovingAverageCrossover-MA_CROSS,EUR/USD.IDEALPRO,IDEALPRO-1-299,EUR/USD.IDEALPRO-MovingAverageCrossover-MA_CROSS,IDEALPRO-001,IDEALPRO-1-153075,STOP_MARKET,SELL,100000.00,GTC,True,False,100000.00,TAKER,1.091400000001,9.999998999976611e-06,['2.18 USD'],NO_TRIGGER,FILLED,OUO,OL-20250318-074800-001-MA_CROSS-100,['O-20250318-074800-001-MA_CROSS-300'],O-20250318-074800-001-MA_CROSS-298,,,,['MA_CROSS_SL'],858868b2-439d-4720-a97d-adc23ad0e6e5,1742284080000000000,1742301060000000000,1.09141,DEFAULT,,,,,
BACKTESTER-001,MovingAverageCrossover-MA_CROSS,EUR/USD.IDEALPRO,IDEALPRO-1-300,EUR/USD.IDEALPRO-MovingAverageCrossover-MA_CROSS,IDEALPRO-001,,LIMIT,SELL,99999.99,GTC,True,False,0.00,NO_LIQUIDITY_SIDE,,,,NO_TRIGGER,CANCELED,OUO,OL-20250318-074800-001-MA_CROSS-100,['O-20250318-074800-001-MA_CROSS-299'],O-20250318-074800-001-MA_CROSS-298,,,,['MA_CROSS_TP'],91fbbc84-e3b9-4d79-a62c-ddaa9df2c7da,1742284080000000000,1742301060000000000,,,,,1.10041,True,
BACKTESTER-001,MovingAverageCrossover-MA_CROSS,EUR/USD.IDEALPRO,IDEALPRO-1-301,EUR/USD.IDEALPRO-MovingAverageCrossover-MA_CROSS,IDEALPRO-001,IDEALPRO-1-153226,MARKET,SELL,100000.00,GTC,False,False,100000.00,TAKER,1.090620000001,0.0,['2.18 USD'],NO_TRIGGER,FILLED,OTO,OL-20250318-134500-001-MA_CROSS-101,"['O-20250318-134500-001-MA_CROSS-302', 'O-20250318-134500-001-MA_CROSS-303']",,,,,['MA_CROSS'],604d574c-375f-451b-836e-38bb9d34194e,1742305500000000000,1742305500000000000,,,,,,,
BACKTESTER-001,MovingAverageCrossover-MA_CROSS,EUR/USD.IDEALPRO,IDEALPRO-1-302,EUR/USD.IDEALPRO-MovingAverageCrossover-MA_CROSS,IDEALPRO-001,IDEALPRO-1-153379,STOP_MARKET,BUY,100000.00,GTC,True,False,100000.00,TAKER,1.0921399999990002,9.999999000198656e-06,['2.18 USD'],NO_TRIGGER,FILLED,OUO,OL-20250318-134500-001-MA_CROSS-101,['O-20250318-134500-001-MA_CROSS-303'],O-20250318-134500-001-MA_CROSS-301,,,,['MA_CROSS_SL'],4936c007-d37b-4266-9a47-426eb84de269,1742305500000000000,1742310060000000000,1.09213,DEFAULT,,,,,
BACKTESTER-001,MovingAverageCrossover-MA_CROSS,EUR/USD.IDEALPRO,IDEALPRO-1-303,EUR/USD.IDEALPRO-MovingAverageCrossover-MA_CROSS,IDEALPRO-001,,LIMIT,BUY,99999.99,GTC,True,False,0.00,NO_LIQUIDITY_SIDE,,,,NO_TRIGGER,CANCELED,OUO,OL-20250318-134500-001-MA_CROSS-101,['O-20250318-134500-001-MA_CROSS-302'],O-20250318-134500-001-MA_CROSS-301,,,,['MA_CROSS_TP'],478a29f2-e43a-4654-85c4-f5e2813db2a0,1742305500000000000,1742310060000000000,,,,,1.08313,True,
BACKTESTER-001,MovingAverageCrossover-MA_CROSS,EUR/USD.IDEALPRO,IDEALPRO-1-304,EUR/USD.IDEALPRO-MovingAverageCrossover-MA_CROSS,IDEALPRO-001,IDEALPRO-1-153531,MARKET,BUY,100000.00,GTC,False,False,100000.00,TAKER,1.093039999999,0.0,['2.19 USD'],NO_TRIGGER,FILLED,OTO,OL-20250318-161600-001-MA_CROSS-102,"['O-20250318-161600-001-MA_CROSS-305', 'O-20250318-161600-001-MA_CROSS-306']",,,,,['MA_CROSS'],993d6752-1916-4bf5-ac88-193679c868b1,1742314560000000000,1742314560000000000,,,,,,,
BACKTESTER-001,MovingAverageCrossover-MA_CROSS,EUR/USD.IDEALPRO,IDEALPRO-1-305,EUR/USD.IDEALPRO-MovingAverageCrossover-MA_CROSS,IDEALPRO-001,IDEALPRO-1-155289,STOP_MARKET,SELL,100000.00,GTC,True,False,100000.00,TAKER,1.091520000001,9.999998999976611e-06,['2.18 USD'],NO_TRIGGER,FILLED,OUO,OL-20250318-161600-001-MA_CROSS-102,['O-20250318-161600-001-MA_CROSS-306'],O-20250318-161600-001-MA_CROSS-304,,,,['MA_CROSS_SL'],b3291dc7-b31b-4d7f-9f85-bfb3196e2e07,1742314560000000000,1742368140000000000,1.09153,DEFAULT,,,,,
BACKTESTER-001,MovingAverageCrossover-MA_CROSS,EUR/USD.IDEALPRO,IDEALPRO-1-306,EUR/USD.IDEALPRO-MovingAverageCrossover-MA_CROSS,IDEALPRO-001,,LIMIT,SELL,99999.99,GTC,True,False,0.00,NO_LIQUIDITY_SIDE,,,,NO_TRIGGER,CANCELED,OUO,OL-20250318-161600-001-MA_CROSS-102,['O-20250318-161600-001-MA_CROSS-305'],O-20250318-161600-001-MA_CROSS-304,,,,['MA_CROSS_TP'],fecde5d5-3db2-4060-957e-99a7a1040677,1742314560000000000,1742368140000000000,,,,,1.10053,True,
BACKTESTER-001,MovingAverageCrossover-MA_CROSS,EUR/USD.IDEALPRO,IDEALPRO-1-307,EUR/USD.IDEALPRO-MovingAverageCrossover-MA_CROSS,IDEALPRO-001,IDEALPRO-1-155291,MARKET,SELL,100000.00,GTC,False,False,100000.00,TAKER,1.0914200000010001,0.0,['2.18 USD'],NO_TRIGGER,FILLED,OTO,OL-20250319-070900-001-MA_CROSS-103,"['O-20250319-070900-001-MA_CROSS-308', 'O-20250319-070900-001-MA_CROSS-309']",,,,,['MA_CROSS'],2227ae7e-8932-4a97-9f8c-57364509823c,1742368140000000000,1742368140000000000,,,,,,,
BACKTESTER-001,MovingAverageCrossover-MA_CROSS,EUR/USD.IDEALPRO,IDEALPRO-1-308,EUR/USD.IDEALPRO-MovingAverageCrossover-MA_CROSS,IDEALPRO-001,,STOP_MARKET,BUY,99999.99,GTC,True,False,0.00,NO_LIQUIDITY_SIDE,,,,NO_TRIGGER,CANCELED,OUO,OL-20250319-070900-001-MA_CROSS-103,['O-20250319-070900-001-MA_CROSS-309'],O-20250319-070900-001-MA_CROSS-307,,,,['MA_CROSS_SL'],e4bdb6e0-885e-40ca-92f1-0e8741fc62f0,1742368140000000000,1742462820000000000,1.09293,DEFAULT,,,,,
BACKTESTER-001,MovingAverageCrossover-MA_CROSS,EUR/USD.IDEALPRO,IDEALPRO-1-309,EUR/USD.IDEALPRO-MovingAverageCrossover-MA_CROSS,IDEALPRO-001,IDEALPRO-1-158419,LIMIT,BUY,100000.00,GTC,True,False,100000.00,MAKER,1.08393,0.0,['2.17 USD'],NO_TRIGGER,FILLED,OUO,OL-20250319-070900-001-MA_CROSS-103,['O-20250319-070900-001-MA_CROSS-308'],O-20250319-070900-001-MA_CROSS-307,,,,['MA_CROSS_TP'],5e65f864-64a7-4d8a-82dd-dcbfb5a4e86d,1742368140000000000,1742462820000000000,,,,,1.08393,True,
BACKTESTER-001,MovingAverageCrossover-MA_CROSS,EUR/USD.IDEALPRO,IDEALPRO-1-310,EUR/USD.IDEALPRO-MovingAverageCrossover-MA_CROSS,IDEALPRO-001,IDEALPRO-1-158728,MARKET,BUY,100000.00,GTC,False,False,100000.00,TAKER,1.0849499999990002,0.0,['2.17 USD'],NO_TRIGGER,FILLED,OTO,OL-20250320-120000-001-MA_CROSS-104,"['O-20250320-120000-001-MA_CROSS-311', 'O-20250320-120000-001-MA_CROSS-312']",,,,,['MA_CROSS'],995225df-dd12-49a8-8964-010d740d4ad0,1742472000000000000,1742472000000000000,,,,,,,
BACKTESTER-001,MovingAverageCrossover-MA_CROSS,EUR/USD.IDEALPRO,IDEALPRO-1-311,EUR/USD.IDEALPRO-MovingAverageCrossover-MA_CROSS,IDEALPRO-001,IDEALPRO-1-158801,STOP_MARKET,SELL,100000.00,GTC,True,False,100000.00,TAKER,1.0834300000009998,9.999999000198656e-06,['2.17 USD'],NO_TRIGGER,FILLED,OUO,OL-20250320-120000-001-MA_CROSS-104,['O-20250320-120000-001-MA_CROSS-312'],O-20250320-120000-001-MA_CROSS-310,,,,['MA_CROSS_SL'],312aa58d-2f5f-441d-b4fd-d11837507b4e,1742472000000000000,1742474160000000000,1.08344,DEFAULT,,,,,
BACKTESTER-001,MovingAverageCrossover-MA_CROSS,EUR/USD.IDEALPRO,IDEALPRO-1-312,EUR/USD.IDEALPRO-MovingAverageCrossover-MA_CROSS,IDEALPRO-001,,LIMIT,SELL,99999.99,GTC,True,False,0.00,NO_LIQUIDITY_SIDE,,,,NO_TRIGGER,CANCELED,OUO,OL-20250320-120000-001-MA_CROSS-104,['O-20250320-120000-001-MA_CROSS-311'],O-20250320-120000-001-MA_CROSS-310,,,,['MA_CROSS_TP'],a3ae1a2c-d85d-4c35-adee-60e423ec3a17,1742472000000000000,1742474160000000000,,,,,1.09244,True,
BACKTESTER-001,MovingAverageCrossover-MA_CROSS,EUR/USD.IDEALPRO,IDEALPRO-1-313,EUR/USD.IDEALPRO-MovingAverageCrossover-MA_CROSS,IDEALPRO-001,IDEALPRO-1-158853,MARKET,SELL,100000.00,GTC,False,False,100000.00,TAKER,1.0832700000009998,0.0,['2.17 USD'],NO_TRIGGER,FILLED,OTO,OL-20250320-130100-001-MA_CROSS-105,"['O-20250320-130100-001-MA_CROSS-314', 'O-20250320-130100-001-MA_CROSS-315']",,,,,['MA_CROSS'],4247abe7-0024-4db5-b89d-7fc8166469ce,1742475660000000000,1742475660000000000,,,,,,,
BACKTESTER-001,MovingAverageCrossover-MA_CROSS,EUR/USD.IDEALPRO,IDEALPRO-1-314,EUR/USD.IDEALPRO-MovingAverageCrossover-MA_CROSS,IDEALPRO-001,IDEALPRO-1-159199,STOP_MARKET,BUY,100000.00,GTC,True,False,100000.00,TAKER,1.0847899999989998,9.999998999754567e-06,['2.17 USD'],NO_TRIGGER,FILLED,OUO,OL-20250320-130100-001-MA_CROSS-105,['O-20250320-130100-001-MA_CROSS-315'],O-20250320-130100-001-MA_CROSS-313,,,,['MA_CROSS_SL'],df5e5af2-bef4-46ce-a348-bbd4743321ad,1742475660000000000,1742485980000000000,1.08478,DEFAULT,,,,,
BACKTESTER-001,MovingAverageCrossover-MA_CROSS,EUR/USD.IDEALPRO,IDEALPRO-1-315,EUR/USD.IDEALPRO-MovingAverageCrossover-MA_CROSS,IDEALPRO-001,,LIMIT,BUY,99999.99,GTC,True,False,0.00,NO_LIQUIDITY_SIDE,,,,NO_TRIGGER,CANCELED,OUO,OL-20250320-130100-001-MA_CROSS-105,['O-20250320-130100-001-MA_CROSS-314'],O-20250320-130100-001-MA_CROSS-313,,,,['MA_CROSS_TP'],b554c884-3b26-4298-a9b5-7315055d53bd,1742475660000000000,1742485980000000000,,,,,1.07578,True,
BACKTESTER-001,MovingAverageCrossover-MA_CROSS,EUR/USD.IDEALPRO,IDEALPRO-1-316,EUR/USD.IDEALPRO-MovingAverageCrossover-MA_CROSS,IDEALPRO-001,IDEALPRO-1-159217,MARKET,BUY,100000.00,GTC,False,False,100000.00,TAKER,1.084859999999,0.0,['2.17 USD'],NO_TRIGGER,FILLED,OTO,OL-20250320-160100-001-MA_CROSS-106,"['O-20250320-160100-001-MA_CROSS-317', 'O-20250320-160100-001-MA_CROSS-318']",,,,,['MA_CROSS'],8ac7b0ef-9558-4604-8510-c52d43b742f8,1742486460000000000,1742486460000000000,,,,,,,
BACKTESTER-001,MovingAverageCrossover-MA_CROSS,EUR/USD.IDEALPRO,IDEALPRO-1-317,EUR/USD.IDEALPRO-MovingAverageCrossover-MA_CROSS,IDEALPRO-001,IDEALPRO-1-160633,STOP_MARKET,SELL,100000.00,GTC,True,False,100000.00,TAKER,1.083340000001,9.999998999976611e-06,['2.17 USD'],NO_TRIGGER,FILLED,OUO,OL-20250320-160100-001-MA_CROSS-106,['O-20250320-160100-001-MA_CROSS-318'],O-20250320-160100-001-MA_CROSS-316,,,,['MA_CROSS_SL'],700c7dae-6424-45e5-93c4-8cad68bb8130,1742486460000000000,1742529780000000000,1.08335,DEFAULT,,,,,
BACKTESTER-001,MovingAverageCrossover-MA_CROSS,EUR/USD.IDEALPRO,IDEALPRO-1-318,EUR/USD.IDEALPRO-MovingAverageCrossover-MA_CROSS,IDEALPRO-001,,LIMIT,SELL,99999.99,GTC,True,False,0.00,NO_LIQUIDITY_SIDE,,,,NO_TRIGGER,CANCELED,OUO,OL-20250320-160100-001-MA_CROSS-106,['O-20250320-160100-001-MA_CROSS-317'],O-20250320-160100-001-MA_CROSS-316,,,,['MA_CROSS_TP'],3c85a401-e8b0-4b00-9aa0-1a98a4ec66cd,1742486460000000000,1742529780000000000,,,,,1.09235,True,
BACKTESTER-001,MovingAverageCrossover-MA_CROSS,EUR/USD.IDEALPRO,IDEALPRO-1-319,EUR/USD.IDEALPRO-MovingAverageCrossover-MA_CROSS,IDEALPRO-001,IDEALPRO-1-161313,MARKET,SELL,100000.00,GTC,False,False,100000.00,TAKER,1.0828400000010001,0.0,['2.17 USD'],NO_TRIGGER,FILLED,OTO,OL-20250321-094200-001-MA_CROSS-107,"['O-20250321-094200-001-MA_CROSS-320', 'O-20250321-094200-001-MA_CROSS-321']",,,,,['MA_CROSS'],14fd969c-878e-490d-9b53-a82bf21c3a93,1742550120000000000,1742550120000000000,,,,,,,
BACKTESTER-001,MovingAverageCrossover-MA_CROSS,EUR/USD.IDEALPRO,IDEALPRO-1-320,EUR/USD.IDEALPRO-MovingAverageCrossover-MA_CROSS,IDEALPRO-001,IDEALPRO-1-161505,STOP_MARKET,BUY,100000.00,GTC,True,False,100000.00,TAKER,1.084359999999,9.999998999976611e-06,['2.17 USD'],NO_TRIGGER,FILLED,OUO,OL-20250321-094200-001-MA_CROSS-107,['O-20250321-094200-001-MA_CROSS-321'],O-20250321-094200-001-MA_CROSS-319,,,,['MA_CROSS_SL'],a93746e7-bb12-4a3d-adc3-f3236cb5c46a,1742550120000000000,1742555820000000000,1.08435,DEFAULT,,,,,
BACKTESTER-001,MovingAverageCrossover-MA_CROSS,EUR/USD.IDEALPRO,IDEALPRO-1-321,EUR/USD.IDEALPRO-MovingAverageCrossover-MA_CROSS,IDEALPRO-001,,LIMIT,BUY,99999.99,GTC,True,False,0.00,NO_LIQUIDITY_SIDE,,,,NO_TRIGGER,CANCELED,OUO,OL-20250321-094200-001-MA_CROSS-107,['O-20250321-094200-001-MA_CROSS-320'],O-20250321-094200-001-MA_CROSS-319,,,,['MA_CROSS_TP'],c30e13f2-7596-4ad0-a147-006bec711a45,1742550120000000000,1742555820000000000,,,,,1.07535,True,
BACKTESTER-001,MovingAverageCrossover-MA_CROSS,EUR/USD.IDEALPRO,IDEALPRO-1-322,EUR/USD.IDEALPRO-MovingAverageCrossover-MA_CROSS,IDEALPRO-001,IDEALPRO-1-161507,MARKET,BUY,100000.00,GTC,False,False,100000.00,TAKER,1.0842499999989998,0.0,['2.17 USD'],NO_TRIGGER,FILLED,OTO,OL-20250321-111700-001-MA_CROSS-108,"['O-20250321-111700-001-MA_CROSS-323', 'O-20250321-111700-001-MA_CROSS-324']",,,,,['MA_CROSS'],820fec5d-f1aa-4845-9ac0-edb4423bba5f,1742555820000000000,1742555820000000000,,,,,,,
BACKTESTER-001,MovingAverageCrossover-MA_CROSS,EUR/USD.IDEALPRO,IDEALPRO-1-323,EUR/USD.IDEALPRO-MovingAverageCrossover-MA_CROSS,IDEALPRO-001,IDEALPRO-1-161719,STOP_MARKET,SELL,100000.00,GTC,True,False,100000.00,TAKER,1.082730000001,9.999998999976611e-06,['2.17 USD'],NO_TRIGGER,FILLED,OUO,OL-20250321-111700-001-MA_CROSS-108,['O-20250321-111700-001-MA_CROSS-324'],O-20250321-111700-001-MA_CROSS-322,,,,['MA_CROSS_SL'],536dd07c-6ac6-426a-96f3-aed695609769,1742555820000000000,1742562120000000000,1.08274,DEFAULT,,,,,
BACKTESTER-001,MovingAverageCrossover-MA_CROSS,EUR/USD.IDEALPRO,IDEALPRO-1-324,EUR/USD.IDEALPRO-MovingAverageCrossover-MA_CROSS,IDEALPRO-001,,LIMIT,SELL,99999.99,GTC,True,False,0.00,NO_LIQUIDITY_SIDE,,,,NO_TRIGGER,CANCELED,OUO,OL-20250321-111700-001-MA_CROSS-108,['O-20250321-111700-001-MA_CROSS-323'],O-20250321-111700-001-MA_CROSS-322,,,,['MA_CROSS_TP'],0b40b0f7-45ca-4e49-935a-a7e7829cfeb3,1742555820000000000,1742562120000000000,,,,,1.09174,True,
BACKTESTER-001,MovingAverageCrossover-MA_CROSS,EUR/USD.IDEALPRO,IDEALPRO-1-325,EUR/USD.IDEALPRO-MovingAverageCrossover-MA_CROSS,IDEALPRO-001,IDEALPRO-1-161721,MARKET,SELL,100000.00,GTC,False,False,100000.00,TAKER,1.082790000001,0.0,['2.17 USD'],NO_TRIGGER,FILLED,OTO,OL-20250321-130200-001-MA_CROSS-109,"['O-20250321-130200-001-MA_CROSS-326', 'O-20250321-130200-001-MA_CROSS-327']",,,,,['MA_CROSS'],abc84f41-05f0-43d8-a8e5-ff22fab282c2,1742562120000000000,1742562120000000000,,,,,,,
BACKTESTER-001,MovingAverageCrossover-MA_CROSS,EUR/USD.IDEALPRO,IDEALPRO-1-326,EUR/USD.IDEALPRO-MovingAverageCrossover-MA_CROSS,IDEALPRO-001,IDEALPRO-1-163817,STOP_MARKET,BUY,100000.00,GTC,True,False,100000.00,TAKER,1.0843099999990002,9.999999000198656e-06,['2.17 USD'],NO_TRIGGER,FILLED,OUO,OL-20250321-130200-001-MA_CROSS-109,['O-20250321-130200-001-MA_CROSS-327'],O-20250321-130200-001-MA_CROSS-325,,,,['MA_CROSS_SL'],a640ae38-d8fd-4fb2-bd5c-8d0e8ebeb4a7,1742562120000000000,1742798640000000000,1.08430,DEFAULT,,,,,
BACKTESTER-001,MovingAverageCrossover-MA_CROSS,EUR/USD.IDEALPRO,IDEALPRO-1-327,EUR/USD.IDEALPRO-MovingAverageCrossover-MA_CROSS,IDEALPRO-001,,LIMIT,BUY,99999.99,GTC,True,False,0.00,NO_LIQUIDITY_SIDE,,,,NO_TRIGGER,CANCELED,OUO,OL-20250321-130200-001-MA_CROSS-109,['O-20250321-130200-001-MA_CROSS-326'],O-20250321-130200-001-MA_CROSS-325,,,,['MA_CROSS_TP'],b5425a09-fc51-4141-8225-c94208dcb8b8,1742562120000000000,1742798640000000000,,,,,1.07530,True,
BACKTESTER-001,MovingAverageCrossover-MA_CROSS,EUR/USD.IDEALPRO,IDEALPRO-1-328,EUR/USD.IDEALPRO-MovingAverageCrossover-MA_CROSS,IDEALPRO-001,IDEALPRO-1-163882,MARKET,BUY,100000.00,GTC,False,False,100000.00,TAKER,1.084669999999,0.0,['2.17 USD'],NO_TRIGGER,FILLED,OTO,OL-20250324-071500-001-MA_CROSS-110,"['O-20250324-071500-001-MA_CROSS-329', 'O-20250324-071500-001-MA_CROSS-330']",,,,,['MA_CROSS'],72836ffa-664f-4244-b2a4-2e8f7f491dc1,1742800500000000000,1742800500000000000,,,,,,,
BACKTESTER-001,MovingAverageCrossover-MA_CROSS,EUR/USD.IDEALPRO,IDEALPRO-1-329,EUR/USD.IDEALPRO-MovingAverageCrossover-MA_CROSS,IDEALPRO-001,IDEALPRO-1-164129,STOP_MARKET,SELL,100000.00,GTC,True,False,100000.00,TAKER,1.0831500000010001,9.999998999754567e-06,['2.17 USD'],NO_TRIGGER,FILLED,OUO,OL-20250324-071500-001-MA_CROSS-110,['O-20250324-071500-001-MA_CROSS-330'],O-20250324-071500-001-MA_CROSS-328,,,,['MA_CROSS_SL'],c71584bf-4c04-42bd-b425-d8f33c098ad3,1742800500000000000,1742807880000000000,1.08316,DEFAULT,,,,,
BACKTESTER-001,MovingAverageCrossover-MA_CROSS,EUR/USD.IDEALPRO,IDEALPRO-1-330,EUR/USD.IDEALPRO-MovingAverageCrossover-MA_CROSS,IDEALPRO-001,,LIMIT,SELL,99999.99,GTC,True,False,0.00,NO_LIQUIDITY_SIDE,,,,NO_TRIGGER,CANCELED,OUO,OL-20250324-071500-001-MA_CROSS-110,['O-20250324-071500-001-MA_CROSS-329'],O-20250324-071500-001-MA_CROSS-328,,,,['MA_CROSS_TP'],cc4cebe9-e5bb-406f-a477-c4dd5fbc6292,1742800500000000000,1742807880000000000,,,,,1.09216,True,
BACKTESTER-001,MovingAverageCrossover-MA_CROSS,EUR/USD.IDEALPRO,IDEALPRO-1-331,EUR/USD.IDEALPRO-MovingAverageCrossover-MA_CROSS,IDEALPRO-001,IDEALPRO-1-164131,MARKET,SELL,100000.00,GTC,False,False,100000.00,TAKER,1.0831500000010001,0.0,['2.17 USD'],NO_TRIGGER,FILLED,OTO,OL-20250324-091800-001-MA_CROSS-111,"['O-20250324-091800-001-MA_CROSS-332', 'O-20250324-091800-001-MA_CROSS-333']",,,,,['MA_CROSS'],014a1f60-ee57-4dbf-afcf-eb5c3f3b64dc,1742807880000000000,1742807880000000000,,,,,,,
BACKTESTER-001,MovingAverageCrossover-MA_CROSS,EUR/USD.IDEALPRO,IDEALPRO-1-332,EUR/USD.IDEALPRO-MovingAverageCrossover-MA_CROSS,IDEALPRO-001,IDEALPRO-1-164253,STOP_MARKET,BUY,100000.00,GTC,True,False,100000.00,TAKER,1.084499999999,9.999998999976611e-06,['2.17 USD'],NO_TRIGGER,FILLED,OUO,OL-20250324-091800-001-MA_CROSS-111,['O-20250324-091800-001-MA_CROSS-333'],O-20250324-091800-001-MA_CROSS-331,,,,['MA_CROSS_SL'],b5b6aca3-8a4a-479b-854f-600944b36b20,1742807880000000000,1742811480000000000,1.08449,DEFAULT,,,,,
BACKTESTER-001,MovingAverageCrossover-MA_CROSS,EUR/USD.IDEALPRO,IDEALPRO-1-333,EUR/USD.IDEALPRO-MovingAverageCrossover-MA_CROSS,IDEALPRO-001,,LIMIT,BUY,99999.99,GTC,True,False,0.00,NO_LIQUIDITY_SIDE,,,,NO_TRIGGER,CANCELED,OUO,OL-20250324-091800-001-MA_CROSS-111,['O-20250324-091800-001-MA_CROSS-332'],O-20250324-091800-001-MA_CROSS-331,,,,['MA_CROSS_TP'],c4a439b9-7bf3-4e3b-a5c9-faa8412eac0d,1742807880000000000,1742811480000000000,,,,,1.07549,True,
BACKTESTER-001,MovingAverageCrossover-MA_CROSS,EUR/USD.IDEALPRO,IDEALPRO-1-334,EUR/USD.IDEALPRO-MovingAverageCrossover-MA_CROSS,IDEALPRO-001,IDEALPRO-1-164255,MARKET,BUY,100000.00,GTC,False,False,100000.00,TAKER,1.0844199999989999,0.0,['2.17 USD'],NO_TRIGGER,FILLED,OTO,OL-20250324-101800-001-MA_CROSS-112,"['O-20250324-101800-001-MA_CROSS-335', 'O-20250324-101800-001-MA_CROSS-336']",,,,,['MA_CROSS'],03ba0707-6641-4b1b-b7b8-8d71216c3fdf,1742811480000000000,1742811480000000000,,,,,,,
BACKTESTER-001,MovingAverageCrossover-MA_CROSS,EUR/USD.IDEALPRO,IDEALPRO-1-335,EUR/USD.IDEALPRO-MovingAverageCrossover-MA_CROSS,IDEALPRO-001,IDEALPRO-1-164479,STOP_MARKET,SELL,100000.00,GTC,True,False,100000.00,TAKER,1.082900000001,9.999998999976611e-06,['2.17 USD'],NO_TRIGGER,FILLED,OUO,OL-20250324-101800-001-MA_CROSS-112,['O-20250324-101800-001-MA_CROSS-336'],O-20250324-101800-001-MA_CROSS-334,,,,['MA_CROSS_SL'],c560a4a6-12f9-40a1-b06a-481be3590995,1742811480000000000,1742818140000000000,1.08291,DEFAULT,,,,,
BACKTESTER-001,MovingAverageCrossover-MA_CROSS,EUR/USD.IDEALPRO,IDEALPRO-1-336,EUR/USD.IDEALPRO-MovingAverageCrossover-MA_CROSS,IDEALPRO-001,,LIMIT,SELL,99999.99,GTC,True,False,0.00,NO_LIQUIDITY_SIDE,,,,NO_TRIGGER,CANCELED,OUO,OL-20250324-101800-001-MA_CROSS-112,['O-20250324-101800-001-MA_CROSS-335'],O-20250324-101800-001-MA_CROSS-334,,,,['MA_CROSS_TP'],4301fb8e-1f39-4fd2-95ba-fa6694698b00,1742811480000000000,1742818140000000000,,,,,1.09191,True,
BACKTESTER-001,MovingAverageCrossover-MA_CROSS,EUR/USD.IDEALPRO,IDEALPRO-1-337,EUR/USD.IDEALPRO-MovingAverageCrossover-MA_CROSS,IDEALPRO-001,IDEALPRO-1-164614,MARKET,SELL,100000.00,GTC,False,False,100000.00,TAKER,1.0822000000010001,0.0,['2.16 USD'],NO_TRIGGER,FILLED,OTO,OL-20250324-131500-001-MA_CROSS-113,"['O-20250324-131500-001-MA_CROSS-338', 'O-20250324-131500-001-MA_CROSS-339']",,,,,['MA_CROSS'],a84a6ac9-7f0f-4854-92ef-7bf6643c176c,1742822100000000000,1742822100000000000,,,,,,,
BACKTESTER-001,MovingAverageCrossover-MA_CROSS,EUR/USD.IDEALPRO,IDEALPRO-1-338,EUR/USD.IDEALPRO-MovingAverageCrossover-MA_CROSS,IDEALPRO-001,,STOP_MARKET,BUY,99999.97,GTC,True,False,0.00,NO_LIQUIDITY_SIDE,,,,NO_TRIGGER,CANCELED,OUO,OL-20250324-131500-001-MA_CROSS-113,['O-20250324-131500-001-MA_CROSS-339'],O-20250324-131500-001-MA_CROSS-337,,,,['MA_CROSS_SL'],acea326d-dbfe-4365-a348-8c25c676b91b,1742822100000000000,1743017340000000000,1.08371,DEFAULT,,,,,
BACKTESTER-001,MovingAverageCrossover-MA_CROSS,EUR/USD.IDEALPRO,IDEALPRO-1-339,EUR/USD.IDEALPRO-MovingAverageCrossover-MA_CROSS,IDEALPRO-001,IDEALPRO-1-171065,LIMIT,BUY,100000.00,GTC,True,False,100000.00,MAKER,1.07471,0.0,['2.15 USD'],NO_TRIGGER,FILLED,OUO,OL-20250324-131500-001-MA_CROSS-113,['O-20250324-131500-001-MA_CROSS-338'],O-20250324-131500-001-MA_CROSS-337,,,,['MA_CROSS_TP'],0dac8035-34b7-4836-93f2-c3b535d05fab,1742822100000000000,1743017340000000000,,,,,1.07471,True,
BACKTESTER-001,MovingAverageCrossover-MA_CROSS,EUR/USD.IDEALPRO,IDEALPRO-1-340,EUR/USD.IDEALPRO-MovingAverageCrossover-MA_CROSS,IDEALPRO-001,IDEALPRO-1-171520,MARKET,BUY,100000.00,GTC,False,False,100000.00,TAKER,1.074129999999,0.0,['2.15 USD'],NO_TRIGGER,FILLED,OTO,OL-20250326-233000-001-MA_CROSS-114,"['O-20250326-233000-001-MA_CROSS-341', 'O-20250326-233000-001-MA_CROSS-342']",,,,,['MA_CROSS'],146a46f6-305b-47a5-8739-88fad61f717c,1743031800000000000,1743031800000000000,,,,,,,
BACKTESTER-001,MovingAverageCrossover-MA_CROSS,EUR/USD.IDEALPRO,IDEALPRO-1-341,EUR/USD.IDEALPRO-MovingAverageCrossover-MA_CROSS,IDEALPRO-001,,STOP_MARKET,SELL,99999.99,GTC,True,False,0.00,NO_LIQUIDITY_SIDE,,,,NO_TRIGGER,CANCELED,OUO,OL-20250326-233000-001-MA_CROSS-114,['O-20250326-233000-001-MA_CROSS-342'],O-20250326-233000-001-MA_CROSS-340,,,,['MA_CROSS_SL'],b8e4e85c-9789-4e1a-9ee7-dc1aa8ccafa7,1743031800000000000,1743090120000000000,1.07262,DEFAULT,,,,,
BACKTESTER-001,MovingAverageCrossover-MA_CROSS,EUR/USD.IDEALPRO,IDEALPRO-1-342,EUR/USD.IDEALPRO-MovingAverageCrossover-MA_CROSS,IDEALPRO-001,IDEALPRO-1-173465,LIMIT,SELL,100000.00,GTC,True,False,100000.00,MAKER,1.08162,0.0,['2.16 USD'],NO_TRIGGER,FILLED,OUO,OL-20250326-233000-001-MA_CROSS-114,['O-20250326-233000-001-MA_CROSS-341'],O-20250326-233000-001-MA_CROSS-340,,,,['MA_CROSS_TP'],3cda4e39-90ff-453e-90a3-4cfccae8452d,1743031800000000000,1743090120000000000,,,,,1.08162,True,
BACKTESTER-001,MovingAverageCrossover-MA_CROSS,EUR/USD.IDEALPRO,IDEALPRO-1-343,EUR/USD.IDEALPRO-MovingAverageCrossover-MA_CROSS,IDEALPRO-001,IDEALPRO-1-173589,MARKET,SELL,100000.00,GTC,False,False,100000.00,TAKER,1.079380000001,0.0,['2.16 USD'],NO_TRIGGER,FILLED,OTO,OL-20250327-164300-001-MA_CROSS-115,"['O-20250327-164300-001-MA_CROSS-344', 'O-20250327-164300-001-MA_CROSS-345']",,,,,['MA_CROSS'],c48c0915-47ab-4019-939f-c27f27bd7da1,1743093780000000000,1743093780000000000,,,,,,,
BACKTESTER-001,MovingAverageCrossover-MA_CROSS,EUR/USD.IDEALPRO,IDEALPRO-1-344,EUR/USD.IDEALPRO-MovingAverageCrossover-MA_CROSS,IDEALPRO-001,IDEALPRO-1-173665,STOP_MARKET,BUY,100000.00,GTC,True,False,100000.00,TAKER,1.0808999999989999,9.999998999976611e-06,['2.16 USD'],NO_TRIGGER,FILLED,OUO,OL-20250327-164300-001-MA_CROSS-115,['O-20250327-164300-001-MA_CROSS-345'],O-20250327-164300-001-MA_CROSS-343,,,,['MA_CROSS_SL'],403643ea-aae2-4519-af5a-973d284ea348,1743093780000000000,1743096000000000000,1.08089,DEFAULT,,,,,
BACKTESTER-001,MovingAverageCrossover-MA_CROSS,EUR/USD.IDEALPRO,IDEALPRO-1-345,EUR/USD.IDEALPRO-MovingAverageCrossover-MA_CROSS,IDEALPRO-001,,LIMIT,BUY,99999.99,GTC,True,False,0.00,NO_LIQUIDITY_SIDE,,,,NO_TRIGGER,CANCELED,OUO,OL-20250327-164300-001-MA_CROSS-115,['O-20250327-164300-001-MA_CROSS-344'],O-20250327-164300-001-MA_CROSS-343,,,,['MA_CROSS_TP'],7bd31229-f8ab-4b2b-8cb1-d277d7a34174,1743093780000000000,1743096000000000000,,,,,1.07189,True,
BACKTESTER-001,MovingAverageCrossover-MA_CROSS,EUR/USD.IDEALPRO,IDEALPRO-1-346,EUR/USD.IDEALPRO-MovingAverageCrossover-MA_CROSS,IDEALPRO-001,IDEALPRO-1-173667,MARKET,BUY,100000.00,GTC,False,False,100000.00,TAKER,1.080839999999,0.0,['2.16 USD'],NO_TRIGGER,FILLED,OTO,OL-20250327-172000-001-MA_CROSS-116,"['O-20250327-172000-001-MA_CROSS-347', 'O-20250327-172000-001-MA_CROSS-348']",,,,,['MA_CROSS'],37320e92-fc0c-4e07-bdca-b693ea3facc9,1743096000000000000,1743096000000000000,,,,,,,
BACKTESTER-001,MovingAverageCrossover-MA_CROSS,EUR/USD.IDEALPRO,IDEALPRO-1-347,EUR/USD.IDEALPRO-MovingAverageCrossover-MA_CROSS,IDEALPRO-001,IDEALPRO-1-173711,STOP_MARKET,SELL,100000.00,GTC,True,False,100000.00,TAKER,1.079320000001,9.999998999976611e-06,['2.16 USD'],NO_TRIGGER,FILLED,OUO,OL-20250327-172000-001-MA_CROSS-116,['O-20250327-172000-001-MA_CROSS-348'],O-20250327-172000-001-MA_CROSS-346,,,,['MA_CROSS_SL'],f8487d61-41cc-4f57-8a44-4ec1f23b2d2d,1743096000000000000,1743097260000000000,1.07933,DEFAULT,,,,,
BACKTESTER-001,MovingAverageCrossover-MA_CROSS,EUR/USD.IDEALPRO,IDEALPRO-1-348,EUR/USD.IDEALPRO-MovingAverageCrossover-MA_CROSS,IDEALPRO-001,,LIMIT,SELL,99999.99,GTC,True,False,0.00,NO_LIQUIDITY_SIDE,,,,NO_TRIGGER,CANCELED,OUO,OL-20250327-172000-001-MA_CROSS-116,['O-20250327-172000-001-MA_CROSS-347'],O-20250327-172000-001-MA_CROSS-346,,,,['MA_CROSS_TP'],e73164b2-150a-429a-8525-0d53b7038d8b,1743096000000000000,1743097260000000000,,,,,1.08833,True,
BACKTESTER-001,MovingAverageCrossover-MA_CROSS,EUR/USD.IDEALPRO,IDEALPRO-1-349,EUR/USD.IDEALPRO-MovingAverageCrossover-MA_CROSS,IDEALPRO-001,IDEALPRO-1-173713,MARKET,SELL,100000.00,GTC,False,False,100000.00,TAKER,1.079320000001,0.0,['2.16 USD'],NO_TRIGGER,FILLED,OTO,OL-20250327-174100-001-MA_CROSS-117,"['O-20250327-174100-001-MA_CROSS-350', 'O-20250327-174100-001-MA_CROSS-351']",,,,,['MA_CROSS'],01a76239-7226-4b18-a524-9f70fc99d71d,1743097260000000000,1743097260000000000,,,,,,,
BACKTESTER-001,MovingAverageCrossover-MA_CROSS,EUR/USD.IDEALPRO,IDEALPRO-1-350,EUR/USD.IDEALPRO-MovingAverageCrossover-MA_CROSS,IDEALPRO-001,IDEALPRO-1-176045,STOP_MARKET,BUY,100000.00,GTC,True,False,100000.00,TAKER,1.080769999999,9.999998999976611e-06,['2.16 USD'],NO_TRIGGER,FILLED,OUO,OL-20250327-174100-001-MA_CROSS-117,['O-20250327-174100-001-MA_CROSS-351'],O-20250327-174100-001-MA_CROSS-349,,,,['MA_CROSS_SL'],19d97fa9-6e08-48bc-ad6e-ca8b92299c34,1743097260000000000,1743168060000000000,1.08076,DEFAULT,,,,,
BACKTESTER-001,MovingAverageCrossover-MA_CROSS,EUR/USD.IDEALPRO,IDEALPRO-1-351,EUR/USD.IDEALPRO-MovingAverageCrossover-MA_CROSS,IDEALPRO-001,,LIMIT,BUY,99999.99,GTC,True,False,0.00,NO_LIQUIDITY_SIDE,,,,NO_TRIGGER,CANCELED,OUO,OL-20250327-174100-001-MA_CROSS-117,['O-20250327-174100-001-MA_CROSS-350'],O-20250327-174100-001-MA_CROSS-349,,,,['MA_CROSS_TP'],76354065-6352-4d21-a023-b105086eb64b,1743097260000000000,1743168060000000000,,,,,1.07176,True,
BACKTESTER-001,MovingAverageCrossover-MA_CROSS,EUR/USD.IDEALPRO,IDEALPRO-1-352,EUR/USD.IDEALPRO-MovingAverageCrossover-MA_CROSS,IDEALPRO-001,IDEALPRO-1-176066,MARKET,BUY,100000.00,GTC,False,False,100000.00,TAKER,1.080439999999,0.0,['2.16 USD'],NO_TRIGGER,FILLED,OTO,OL-20250328-133000-001-MA_CROSS-118,"['O-20250328-133000-001-MA_CROSS-353', 'O-20250328-133000-001-MA_CROSS-354']",,,,,['MA_CROSS'],3d4ae363-93a2-4bec-99f2-a7fe97302358,1743168600000000000,1743168600000000000,,,,,,,
BACKTESTER-001,MovingAverageCrossover-MA_CROSS,EUR/USD.IDEALPRO,IDEALPRO-1-353,EUR/USD.IDEALPRO-MovingAverageCrossover-MA_CROSS,IDEALPRO-001,IDEALPRO-1-179029,STOP_MARKET,SELL,100000.00,GTC,True,False,100000.00,TAKER,1.0789200000010002,9.999998999754567e-06,['2.16 USD'],NO_TRIGGER,FILLED,OUO,OL-20250328-133000-001-MA_CROSS-118,['O-20250328-133000-001-MA_CROSS-354'],O-20250328-133000-001-MA_CROSS-352,,,,['MA_CROSS_SL'],0d5ec108-380b-4e11-905c-e22286d71204,1743168600000000000,1743431160000000000,1.07893,DEFAULT,,,,,
BACKTESTER-001,MovingAverageCrossover-MA_CROSS,EUR/USD.IDEALPRO,IDEALPRO-1-354,EUR/USD.IDEALPRO-MovingAverageCrossover-MA_CROSS,IDEALPRO-001,,LIMIT,SELL,99999.99,GTC,True,False,0.00,NO_LIQUIDITY_SIDE,,,,NO_TRIGGER,CANCELED,OUO,OL-20250328-133000-001-MA_CROSS-118,['O-20250328-133000-001-MA_CROSS-353'],O-20250328-133000-001-MA_CROSS-352,,,,['MA_CROSS_TP'],b3c50b63-1712-4ce4-b9e7-9d11aed56575,1743168600000000000,1743431160000000000,,,,,1.08793,True,
BACKTESTER-001,MovingAverageCrossover-MA_CROSS,EUR/USD.IDEALPRO,IDEALPRO-1-355,EUR/USD.IDEALPRO-MovingAverageCrossover-MA_CROSS,IDEALPRO-001,IDEALPRO-1-179031,MARKET,SELL,100000.00,GTC,False,False,100000.00,TAKER,1.0791500000010001,0.0,['2.16 USD'],NO_TRIGGER,FILLED,OTO,OL-20250331-142600-001-MA_CROSS-119,"['O-20250331-142600-001-MA_CROSS-356', 'O-20250331-142600-001-MA_CROSS-357']",,,,,['MA_CROSS'],d1b47282-63ec-4eaa-ac6a-1e746c18999a,1743431160000000000,1743431160000000000,,,,,,,
BACKTESTER-001,MovingAverageCrossover-MA_CROSS,EUR/USD.IDEALPRO,IDEALPRO-1-356,EUR/USD.IDEALPRO-MovingAverageCrossover-MA_CROSS,IDEALPRO-001,IDEALPRO-1-179125,STOP_MARKET,BUY,100000.00,GTC,True,False,100000.00,TAKER,1.080669999999,9.999998999976611e-06,['2.16 USD'],NO_TRIGGER,FILLED,OUO,OL-20250331-142600-001-MA_CROSS-119,['O-20250331-142600-001-MA_CROSS-357'],O-20250331-142600-001-MA_CROSS-355,,,,['MA_CROSS_SL'],53ebfd10-b090-426e-8ce0-00cab314e59e,1743431160000000000,1743433920000000000,1.08066,DEFAULT,,,,,
BACKTESTER-001,MovingAverageCrossover-MA_CROSS,EUR/USD.IDEALPRO,IDEALPRO-1-357,EUR/USD.IDEALPRO-MovingAverageCrossover-MA_CROSS,IDEALPRO-001,,LIMIT,BUY,99999.99,GTC,True,False,0.00,NO_LIQUIDITY_SIDE,,,,NO_TRIGGER,CANCELED,OUO,OL-20250331-142600-001-MA_CROSS-119,['O-20250331-142600-001-MA_CROSS-356'],O-20250331-142600-001-MA_CROSS-355,,,,['MA_CROSS_TP'],3f418b5b-8fc4-4a3b-bd9a-38b1ad211409,1743431160000000000,1743433920000000000,,,,,1.07166,True,
BACKTESTER-001,MovingAverageCrossover-MA_CROSS,EUR/USD.IDEALPRO,IDEALPRO-1-358,EUR/USD.IDEALPRO-MovingAverageCrossover-MA_CROSS,IDEALPRO-001,IDEALPRO-1-179307,MARKET,BUY,100000.00,GTC,False,False,100000.00,TAKER,1.081139999999,0.0,['2.16 USD'],NO_TRIGGER,FILLED,OTO,OL-20250331-164200-001-MA_CROSS-120,"['O-20250331-164200-001-MA_CROSS-359', 'O-20250331-164200-001-MA_CROSS-360']",,,,,['MA_CROSS'],4a9baa93-6f53-40c1-a100-c75e01f384eb,1743439320000000000,1743439320000000000,,,,,,,
BACKTESTER-001,MovingAverageCrossover-MA_CROSS,EUR/USD.IDEALPRO,IDEALPRO-1-359,EUR/USD.IDEALPRO-MovingAverageCrossover-MA_CROSS,IDEALPRO-001,IDEALPRO-1-181375,STOP_MARKET,SELL,100000.00,GTC,True,False,100000.00,TAKER,1.0796200000010001,9.999998999976611e-06,['2.16 USD'],NO_TRIGGER,FILLED,OUO,OL-20250331-164200-001-MA_CROSS-120,['O-20250331-164200-001-MA_CROSS-360'],O-20250331-164200-001-MA_CROSS-358,,,,['MA_CROSS_SL'],0a49fff8-f037-4029-876d-fac268e3aad2,1743439320000000000,1743502200000000000,1.07963,DEFAULT,,,,,
BACKTESTER-001,MovingAverageCrossover-MA_CROSS,EUR/USD.IDEALPRO,IDEALPRO-1-360,EUR/USD.IDEALPRO-MovingAverageCrossover-MA_CROSS,IDEALPRO-001,,LIMIT,SELL,99999.99,GTC,True,False,0.00,NO_LIQUIDITY_SIDE,,,,NO_TRIGGER,CANCELED,OUO,OL-20250331-164200-001-MA_CROSS-120,['O-20250331-164200-001-MA_CROSS-359'],O-20250331-164200-001-MA_CROSS-358,,,,['MA_CROSS_TP'],8d51c490-0a16-4b00-9d5b-0346fcde5a5c,1743439320000000000,1743502200000000000,,,,,1.08863,True,
BACKTESTER-001,MovingAverageCrossover-MA_CROSS,EUR/USD.IDEALPRO,IDEALPRO-1-361,EUR/USD.IDEALPRO-MovingAverageCrossover-MA_CROSS,IDEALPRO-001,IDEALPRO-1-181379,MARKET,SELL,100000.00,GTC,False,False,100000.00,TAKER,1.079380000001,0.0,['2.16 USD'],NO_TRIGGER,FILLED,OTO,OL-20250401-101100-001-MA_CROSS-121,"['O-20250401-101100-001-MA_CROSS-362', 'O-20250401-101100-001-MA_CROSS-363']",,,,,['MA_CROSS'],c45039f4-08fb-4150-93bc-fee54632458a,1743502260000000000,1743502260000000000,,,,,,,
BACKTESTER-001,MovingAverageCrossover-MA_CROSS,EUR/USD.IDEALPRO,IDEALPRO-1-362,EUR/USD.IDEALPRO-MovingAverageCrossover-MA_CROSS,IDEALPRO-001,IDEALPRO-1-181431,STOP_MARKET,BUY,100000.00,GTC,True,False,100000.00,TAKER,1.0808999999989999,9.999998999976611e-06,['2.16 USD'],NO_TRIGGER,FILLED,OUO,OL-20250401-101100-001-MA_CROSS-121,['O-20250401-101100-001-MA_CROSS-363'],O-20250401-101100-001-MA_CROSS-361,,,,['MA_CROSS_SL'],ab110a0e-032b-4c43-b33c-e9ba036d2cb1,1743502260000000000,1743503760000000000,1.08089,DEFAULT,,,,,
BACKTESTER-001,MovingAverageCrossover-MA_CROSS,EUR/USD.IDEALPRO,IDEALPRO-1-363,EUR/USD.IDEALPRO-MovingAverageCrossover-MA_CROSS,IDEALPRO-001,,LIMIT,BUY,99999.99,GTC,True,False,0.00,NO_LIQUIDITY_SIDE,,,,NO_TRIGGER,CANCELED,OUO,OL-20250401-101100-001-MA_CROSS-121,['O-20250401-101100-001-MA_CROSS-362'],O-20250401-101100-001-MA_CROSS-361,,,,['MA_CROSS_TP'],1131367e-d04f-4990-b276-ae03900e89fc,1743502260000000000,1743503760000000000,,,,,1.07189,True,
BACKTESTER-001,MovingAverageCrossover-MA_CROSS,EUR/USD.IDEALPRO,IDEALPRO-1-364,EUR/USD.IDEALPRO-MovingAverageCrossover-MA_CROSS,IDEALPRO-001,IDEALPRO-1-181782,MARKET,BUY,100000.00,GTC,False,False,100000.00,TAKER,1.079539999999,0.0,['2.16 USD'],NO_TRIGGER,FILLED,OTO,OL-20250401-133000-001-MA_CROSS-122,"['O-20250401-133000-001-MA_CROSS-365', 'O-20250401-133000-001-MA_CROSS-366']",,,,,['MA_CROSS'],28c27aaa-961d-4fe1-a9b7-9dbbfa539c9e,1743514200000000000,1743514200000000000,,,,,,,
BACKTESTER-001,MovingAverageCrossover-MA_CROSS,EUR/USD.IDEALPRO,IDEALPRO-1-365,EUR/USD.IDEALPRO-MovingAverageCrossover-MA_CROSS,IDEALPRO-001,IDEALPRO-1-183885,STOP_MARKET,SELL,100000.00,GTC,True,False,100000.00,TAKER,1.078020000001,9.999998999976611e-06,['2.16 USD'],NO_TRIGGER,FILLED,OUO,OL-20250401-133000-001-MA_CROSS-122,['O-20250401-133000-001-MA_CROSS-366'],O-20250401-133000-001-MA_CROSS-364,,,,['MA_CROSS_SL'],5b446387-3342-47ea-9412-b18d135e0021,1743514200000000000,1743578160000000000,1.07803,DEFAULT,,,,,
BACKTESTER-001,MovingAverageCrossover-MA_CROSS,EUR/USD.IDEALPRO,IDEALPRO-1-366,EUR/USD.IDEALPRO-MovingAverageCrossover-MA_CROSS,IDEALPRO-001,,LIMIT,SELL,99999.99,GTC,True,False,0.00,NO_LIQUIDITY_SIDE,,,,NO_TRIGGER,CANCELED,OUO,OL-20250401-133000-001-MA_CROSS-122,['O-20250401-133000-001-MA_CROSS-365'],O-20250401-133000-001-MA_CROSS-364,,,,['MA_CROSS_TP'],5d2a19b8-8e6c-40bd-9358-ebc32c954344,1743514200000000000,1743578160000000000,,,,,1.08703,True,
BACKTESTER-001,MovingAverageCrossover-MA_CROSS,EUR/USD.IDEALPRO,IDEALPRO-1-367,EUR/USD.IDEALPRO-MovingAverageCrossover-MA_CROSS,IDEALPRO-001,IDEALPRO-1-183893,MARKET,SELL,100000.00,GTC,False,False,100000.00,TAKER,1.078260000001,0.0,['2.16 USD'],NO_TRIGGER,FILLED,OTO,OL-20250402-071900-001-MA_CROSS-123,"['O-20250402-071900-001-MA_CROSS-368', 'O-20250402-071900-001-MA_CROSS-369']",,,,,['MA_CROSS'],c52005b3-88e5-4948-b8d4-17e76e07ab1c,1743578340000000000,1743578340000000000,,,,,,,
BACKTESTER-001,MovingAverageCrossover-MA_CROSS,EUR/USD.IDEALPRO,IDEALPRO-1-368,EUR/USD.IDEALPRO-MovingAverageCrossover-MA_CROSS,IDEALPRO-001,IDEALPRO-1-184011,STOP_MARKET,BUY,100000.00,GTC,True,False,100000.00,TAKER,1.079779999999,9.999999000198656e-06,['2.16 USD'],NO_TRIGGER,FILLED,OUO,OL-20250402-071900-001-MA_CROSS-123,['O-20250402-071900-001-MA_CROSS-369'],O-20250402-071900-001-MA_CROSS-367,,,,['MA_CROSS_SL'],f2481cbf-7004-49f4-9f0b-dee4647b5417,1743578340000000000,1743581820000000000,1.07977,DEFAULT,,,,,
BACKTESTER-001,MovingAverageCrossover-MA_CROSS,EUR/USD.IDEALPRO,IDEALPRO-1-369,EUR/USD.IDEALPRO-MovingAverageCrossover-MA_CROSS,IDEALPRO-001,,LIMIT,BUY,99999.99,GTC,True,False,0.00,NO_LIQUIDITY_SIDE,,,,NO_TRIGGER,CANCELED,OUO,OL-20250402-071900-001-MA_CROSS-123,['O-20250402-071900-001-MA_CROSS-368'],O-20250402-071900-001-MA_CROSS-367,,,,['MA_CROSS_TP'],c2847534-ccea-49d8-b66a-a7948e3a7573,1743578340000000000,1743581820000000000,,,,,1.07077,True,
BACKTESTER-001,MovingAverageCrossover-MA_CROSS,EUR/USD.IDEALPRO,IDEALPRO-1-370,EUR/USD.IDEALPRO-MovingAverageCrossover-MA_CROSS,IDEALPRO-001,IDEALPRO-1-184104,MARKET,BUY,100000.00,GTC,False,False,100000.00,TAKER,1.079829999999,0.0,['2.16 USD'],NO_TRIGGER,FILLED,OTO,OL-20250402-090200-001-MA_CROSS-124,"['O-20250402-090200-001-MA_CROSS-371', 'O-20250402-090200-001-MA_CROSS-372']",,,,,['MA_CROSS'],a43b557d-2cbc-47c9-a00a-b1bc5bbbb41f,1743584520000000000,1743584520000000000,,,,,,,
BACKTESTER-001,MovingAverageCrossover-MA_CROSS,EUR/USD.IDEALPRO,IDEALPRO-1-371,EUR/USD.IDEALPRO-MovingAverageCrossover-MA_CROSS,IDEALPRO-001,,STOP_MARKET,SELL,99999.99,GTC,True,False,0.00,NO_LIQUIDITY_SIDE,,,,NO_TRIGGER,CANCELED,OUO,OL-20250402-090200-001-MA_CROSS-124,['O-20250402-090200-001-MA_CROSS-372'],O-20250402-090200-001-MA_CROSS-370,,,,['MA_CROSS_SL'],1ac76870-0d1b-4fca-999d-361666fb072f,1743584520000000000,1743609360000000000,1.07832,DEFAULT,,,,,
BACKTESTER-001,MovingAverageCrossover-MA_CROSS,EUR/USD.IDEALPRO,IDEALPRO-1-372,EUR/USD.IDEALPRO-MovingAverageCrossover-MA_CROSS,IDEALPRO-001,IDEALPRO-1-184933,LIMIT,SELL,100000.00,GTC,True,False,100000.00,MAKER,1.08732,0.0,['2.17 USD'],NO_TRIGGER,FILLED,OUO,OL-20250402-090200-001-MA_CROSS-124,['O-20250402-090200-001-MA_CROSS-371'],O-20250402-090200-001-MA_CROSS-370,,,,['MA_CROSS_TP'],0178d07e-24d8-44fa-95be-61eb6c537043,1743584520000000000,1743609360000000000,,,,,1.08732,True,
BACKTESTER-001,MovingAverageCrossover-MA_CROSS,EUR/USD.IDEALPRO,IDEALPRO-1-373,EUR/USD.IDEALPRO-MovingAverageCrossover-MA_CROSS,IDEALPRO-001,IDEALPRO-1-185032,MARKET,SELL,100000.00,GTC,False,False,100000.00,TAKER,1.084860000001,0.0,['2.17 USD'],NO_TRIGGER,FILLED,OTO,OL-20250402-164400-001-MA_CROSS-125,"['O-20250402-164400-001-MA_CROSS-374', 'O-20250402-164400-001-MA_CROSS-375']",,,,,['MA_CROSS'],cbe2c829-7c50-4590-bf21-35172cbb628f,1743612240000000000,1743612240000000000,,,,,,,
BACKTESTER-001,MovingAverageCrossover-MA_CROSS,EUR/USD.IDEALPRO,IDEALPRO-1-374,EUR/USD.IDEALPRO-MovingAverageCrossover-MA_CROSS,IDEALPRO-001,IDEALPRO-1-185453,STOP_MARKET,BUY,100000.00,GTC,True,False,100000.00,TAKER,1.0863799999989998,9.999998999754567e-06,['2.17 USD'],NO_TRIGGER,FILLED,OUO,OL-20250402-164400-001-MA_CROSS-125,['O-20250402-164400-001-MA_CROSS-375'],O-20250402-164400-001-MA_CROSS-373,,,,['MA_CROSS_SL'],681f66e8-ea63-44bd-b1d6-86d4e3a0f3f7,1743612240000000000,1743624840000000000,1.08637,DEFAULT,,,,,
BACKTESTER-001,MovingAverageCrossover-MA_CROSS,EUR/USD.IDEALPRO,IDEALPRO-1-375,EUR/USD.IDEALPRO-MovingAverageCrossover-MA_CROSS,IDEALPRO-001,,LIMIT,BUY,99999.99,GTC,True,False,0.00,NO_LIQUIDITY_SIDE,,,,NO_TRIGGER,CANCELED,OUO,OL-20250402-164400-001-MA_CROSS-125,['O-20250402-164400-001-MA_CROSS-374'],O-20250402-164400-001-MA_CROSS-373,,,,['MA_CROSS_TP'],a6ea49d5-fc75-42fa-afad-b5467af8cc0b,1743612240000000000,1743624840000000000,,,,,1.07737,True,
BACKTESTER-001,MovingAverageCrossover-MA_CROSS,EUR/USD.IDEALPRO,IDEALPRO-1-376,EUR/USD.IDEALPRO-MovingAverageCrossover-MA_CROSS,IDEALPRO-001,IDEALPRO-1-185759,MARKET,BUY,100000.00,GTC,False,False,100000.00,TAKER,1.0842899999989999,0.0,['2.17 USD'],NO_TRIGGER,FILLED,OTO,OL-20250402-230100-001-MA_CROSS-126,"['O-20250402-230100-001-MA_CROSS-377', 'O-20250402-230100-001-MA_CROSS-378']",,,,,['MA_CROSS'],816c8a37-eed5-41c4-859e-7f40f90e4c02,1743634860000000000,1743634860000000000,,,,,,,
BACKTESTER-001,MovingAverageCrossover-MA_CROSS,EUR/USD.IDEALPRO,IDEALPRO-1-377,EUR/USD.IDEALPRO-MovingAverageCrossover-MA_CROSS,IDEALPRO-001,,STOP_MARKET,SELL,99999.99,GTC,True,False,0.00,NO_LIQUIDITY_SIDE,,,,NO_TRIGGER,CANCELED,OUO,OL-20250402-230100-001-MA_CROSS-126,['O-20250402-230100-001-MA_CROSS-378'],O-20250402-230100-001-MA_CROSS-376,,,,['MA_CROSS_SL'],3ebc0dad-2d79-440e-a163-c3780a145d0c,1743634860000000000,1743643920000000000,1.08278,DEFAULT,,,,,
BACKTESTER-001,MovingAverageCrossover-MA_CROSS,EUR/USD.IDEALPRO,IDEALPRO-1-378,EUR/USD.IDEALPRO-MovingAverageCrossover-MA_CROSS,IDEALPRO-001,IDEALPRO-1-186063,LIMIT,SELL,100000.00,GTC,True,False,100000.00,MAKER,1.09178,0.0,['2.18 USD'],NO_TRIGGER,FILLED,OUO,OL-20250402-230100-001-MA_CROSS-126,['O-20250402-230100-001-MA_CROSS-377'],O-20250402-230100-001-MA_CROSS-376,,,,['MA_CROSS_TP'],2109e317-248f-4efe-a080-9f246130d7ef,1743634860000000000,1743643920000000000,,,,,1.09178,True,
BACKTESTER-001,MovingAverageCrossover-MA_CROSS,EUR/USD.IDEALPRO,IDEALPRO-1-379,EUR/USD.IDEALPRO-MovingAverageCrossover-MA_CROSS,IDEALPRO-001,IDEALPRO-1-186291,MARKET,SELL,100000.00,GTC,False,False,100000.00,TAKER,1.0916200000010001,0.0,['2.18 USD'],NO_TRIGGER,FILLED,OTO,OL-20250403-032500-001-MA_CROSS-127,"['O-20250403-032500-001-MA_CROSS-380', 'O-20250403-032500-001-MA_CROSS-381']",,,,,['MA_CROSS'],281f6f26-e9f6-4615-8c62-182221644ae3,1743650700000000000,1743650700000000000,,,,,,,
BACKTESTER-001,MovingAverageCrossover-MA_CROSS,EUR/USD.IDEALPRO,IDEALPRO-1-380,EUR/USD.IDEALPRO-MovingAverageCrossover-MA_CROSS,IDEALPRO-001,IDEALPRO-1-186531,STOP_MARKET,BUY,100000.00,GTC,True,False,100000.00,TAKER,1.093139999999,9.999998999976611e-06,['2.19 USD'],NO_TRIGGER,FILLED,OUO,OL-20250403-032500-001-MA_CROSS-127,['O-20250403-032500-001-MA_CROSS-381'],O-20250403-032500-001-MA_CROSS-379,,,,['MA_CROSS_SL'],daf8bfd1-16c6-416c-b400-94ea8af67746,1743650700000000000,1743657840000000000,1.09313,DEFAULT,,,,,
BACKTESTER-001,MovingAverageCrossover-MA_CROSS,EUR/USD.IDEALPRO,IDEALPRO-1-381,EUR/USD.IDEALPRO-MovingAverageCrossover-MA_CROSS,IDEALPRO-001,,LIMIT,BUY,99999.99,GTC,True,False,0.00,NO_LIQUIDITY_SIDE,,,,NO_TRIGGER,CANCELED,OUO,OL-20250403-032500-001-MA_CROSS-127,['O-20250403-032500-001-MA_CROSS-380'],O-20250403-032500-001-MA_CROSS-379,,,,['MA_CROSS_TP'],ff22964d-d2b1-4863-b9b3-699fd1cc4bf2,1743650700000000000,1743657840000000000,,,,,1.08413,True,
BACKTESTER-001,MovingAverageCrossover-MA_CROSS,EUR/USD.IDEALPRO,IDEALPRO-1-382,EUR/USD.IDEALPRO-MovingAverageCrossover-MA_CROSS,IDEALPRO-001,IDEALPRO-1-186727,MARKET,BUY,100000.00,GTC,False,False,100000.00,TAKER,1.0988199999989998,0.0,['2.20 USD'],NO_TRIGGER,FILLED,OTO,OL-20250403-070100-001-MA_CROSS-128,"['O-20250403-070100-001-MA_CROSS-383', 'O-20250403-070100-001-MA_CROSS-384']",,,,,['MA_CROSS'],553f4439-76f7-4438-8b5f-d9e183626b26,1743663660000000000,1743663660000000000,,,,,,,
BACKTESTER-001,MovingAverageCrossover-MA_CROSS,EUR/USD.IDEALPRO,IDEALPRO-1-383,EUR/USD.IDEALPRO-MovingAverageCrossover-MA_CROSS,IDEALPRO-001,IDEALPRO-1-186751,STOP_MARKET,SELL,100000.00,GTC,True,False,100000.00,TAKER,1.097300000001,9.999998999976611e-06,['2.19 USD'],NO_TRIGGER,FILLED,OUO,OL-20250403-070100-001-MA_CROSS-128,['O-20250403-070100-001-MA_CROSS-384'],O-20250403-070100-001-MA_CROSS-382,,,,['MA_CROSS_SL'],0566b88e-462b-4bf4-9487-ff3191ec16fc,1743663660000000000,1743664320000000000,1.09731,DEFAULT,,,,,
BACKTESTER-001,MovingAverageCrossover-MA_CROSS,EUR/USD.IDEALPRO,IDEALPRO-1-384,EUR/USD.IDEALPRO-MovingAverageCrossover-MA_CROSS,IDEALPRO-001,,LIMIT,SELL,99999.99,GTC,True,False,0.00,NO_LIQUIDITY_SIDE,,,,NO_TRIGGER,CANCELED,OUO,OL-20250403-070100-001-MA_CROSS-128,['O-20250403-070100-001-MA_CROSS-383'],O-20250403-070100-001-MA_CROSS-382,,,,['MA_CROSS_TP'],5debbd8f-85a8-43ac-8e6a-474837d0768a,1743663660000000000,1743664320000000000,,,,,1.10631,True,
BACKTESTER-001,MovingAverageCrossover-MA_CROSS,EUR/USD.IDEALPRO,IDEALPRO-1-385,EUR/USD.IDEALPRO-MovingAverageCrossover-MA_CROSS,IDEALPRO-001,IDEALPRO-1-186807,MARKET,SELL,100000.00,GTC,False,False,100000.00,TAKER,1.096270000001,0.0,['2.19 USD'],NO_TRIGGER,FILLED,OTO,OL-20250403-073900-001-MA_CROSS-129,"['O-20250403-073900-001-MA_CROSS-386', 'O-20250403-073900-001-MA_CROSS-387']",,,,,['MA_CROSS'],db635959-1424-44c3-ae59-e95bf470b18e,1743665940000000000,1743665940000000000,,,,,,,
BACKTESTER-001,MovingAverageCrossover-MA_CROSS,EUR/USD.IDEALPRO,IDEALPRO-1-386,EUR/USD.IDEALPRO-MovingAverageCrossover-MA_CROSS,IDEALPRO-001,IDEALPRO-1-186861,STOP_MARKET,BUY,100000.00,GTC,True,False,100000.00,TAKER,1.097789999999,9.999998999976611e-06,['2.20 USD'],NO_TRIGGER,FILLED,OUO,OL-20250403-073900-001-MA_CROSS-129,['O-20250403-073900-001-MA_CROSS-387'],O-20250403-073900-001-MA_CROSS-385,,,,['MA_CROSS_SL'],36c1ff91-581c-48ac-91bc-5afdfb4b7c6b,1743665940000000000,1743667500000000000,1.09778,DEFAULT,,,,,
BACKTESTER-001,MovingAverageCrossover-MA_CROSS,EUR/USD.IDEALPRO,IDEALPRO-1-387,EUR/USD.IDEALPRO-MovingAverageCrossover-MA_CROSS,IDEALPRO-001,,LIMIT,BUY,99999.99,GTC,True,False,0.00,NO_LIQUIDITY_SIDE,,,,NO_TRIGGER,CANCELED,OUO,OL-20250403-073900-001-MA_CROSS-129,['O-20250403-073900-001-MA_CROSS-386'],O-20250403-073900-001-MA_CROSS-385,,,,['MA_CROSS_TP'],fac6ec42-4394-4606-b79c-a078281a276b,1743665940000000000,1743667500000000000,,,,,1.08878,True,
BACKTESTER-001,MovingAverageCrossover-MA_CROSS,EUR/USD.IDEALPRO,IDEALPRO-1-388,EUR/USD.IDEALPRO-MovingAverageCrossover-MA_CROSS,IDEALPRO-001,IDEALPRO-1-187034,MARKET,BUY,100000.00,GTC,False,False,100000.00,TAKER,1.103379999999,0.0,['2.21 USD'],NO_TRIGGER,FILLED,OTO,OL-20250403-093000-001-MA_CROSS-130,"['O-20250403-093000-001-MA_CROSS-389', 'O-20250403-093000-001-MA_CROSS-390']",,,,,['MA_CROSS'],8c203d2d-aa20-4af2-a3c7-43d09b9a27f6,1743672600000000000,1743672600000000000,,,,,,,
BACKTESTER-001,MovingAverageCrossover-MA_CROSS,EUR/USD.IDEALPRO,IDEALPRO-1-389,EUR/USD.IDEALPRO-MovingAverageCrossover-MA_CROSS,IDEALPRO-001,,STOP_MARKET,SELL,99999.99,GTC,True,False,0.00,NO_LIQUIDITY_SIDE,,,,NO_TRIGGER,CANCELED,OUO,OL-20250403-093000-001-MA_CROSS-130,['O-20250403-093000-001-MA_CROSS-390'],O-20250403-093000-001-MA_CROSS-388,,,,['MA_CROSS_SL'],4b601756-230a-47fd-9433-6149f7f1f8a4,1743672600000000000,1743675180000000000,1.10187,DEFAULT,,,,,
BACKTESTER-001,MovingAverageCrossover-MA_CROSS,EUR/USD.IDEALPRO,IDEALPRO-1-390,EUR/USD.IDEALPRO-MovingAverageCrossover-MA_CROSS,IDEALPRO-001,IDEALPRO-1-187121,LIMIT,SELL,100000.00,GTC,True,False,100000.00,MAKER,1.11087,0.0,['2.22 USD'],NO_TRIGGER,FILLED,OUO,OL-20250403-093000-001-MA_CROSS-130,['O-20250403-093000-001-MA_CROSS-389'],O-20250403-093000-001-MA_CROSS-388,,,,['MA_CROSS_TP'],ab3ca40c-f227-44a7-85fe-63aa7f431138,1743672600000000000,1743675180000000000,,,,,1.11087,True,
BACKTESTER-001,MovingAverageCrossover-MA_CROSS,EUR/USD.IDEALPRO,IDEALPRO-1-391,EUR/USD.IDEALPRO-MovingAverageCrossover-MA_CROSS,IDEALPRO-001,IDEALPRO-1-187550,MARKET,SELL,100000.00,GTC,False,False,100000.00,TAKER,1.109860000001,0.0,['2.22 USD'],NO_TRIGGER,FILLED,OTO,OL-20250403-134600-001-MA_CROSS-131,"['O-20250403-134600-001-MA_CROSS-392', 'O-20250403-134600-001-MA_CROSS-393']",,,,,['MA_CROSS'],012b1b02-0b6b-429b-9c2d-82f669e8703d,1743687960000000000,1743687960000000000,,,,,,,
BACKTESTER-001,MovingAverageCrossover-MA_CROSS,EUR/USD.IDEALPRO,IDEALPRO-1-392,EUR/USD.IDEALPRO-MovingAverageCrossover-MA_CROSS,IDEALPRO-001,IDEALPRO-1-187657,STOP_MARKET,BUY,100000.00,GTC,True,False,100000.00,TAKER,1.111379999999,9.999998999976611e-06,['2.22 USD'],NO_TRIGGER,FILLED,OUO,OL-20250403-134600-001-MA_CROSS-131,['O-20250403-134600-001-MA_CROSS-393'],O-20250403-134600-001-MA_CROSS-391,,,,['MA_CROSS_SL'],9ce9eb67-3b52-4acb-ab0b-9f3067a438d2,1743687960000000000,1743691140000000000,1.11137,DEFAULT,,,,,
BACKTESTER-001,MovingAverageCrossover-MA_CROSS,EUR/USD.IDEALPRO,IDEALPRO-1-393,EUR/USD.IDEALPRO-MovingAverageCrossover-MA_CROSS,IDEALPRO-001,,LIMIT,BUY,99999.99,GTC,True,False,0.00,NO_LIQUIDITY_SIDE,,,,NO_TRIGGER,CANCELED,OUO,OL-20250403-134600-001-MA_CROSS-131,['O-20250403-134600-001-MA_CROSS-392'],O-20250403-134600-001-MA_CROSS-391,,,,['MA_CROSS_TP'],47f3285c-ab39-4332-90fe-9ce21b588872,1743687960000000000,1743691140000000000,,,,,1.10237,True,
BACKTESTER-001,MovingAverageCrossover-MA_CROSS,EUR/USD.IDEALPRO,IDEALPRO-1-394,EUR/USD.IDEALPRO-MovingAverageCrossover-MA_CROSS,IDEALPRO-001,IDEALPRO-1-187673,MARKET,BUY,100000.00,GTC,False,False,100000.00,TAKER,1.1117999999989998,0.0,['2.22 USD'],NO_TRIGGER,FILLED,OTO,OL-20250403-144600-001-MA_CROSS-132,"['O-20250403-144600-001-MA_CROSS-395', 'O-20250403-144600-001-MA_CROSS-396']",,,,,['MA_CROSS'],4608a8f6-cae5-449b-b437-4f65ff3f7629,1743691560000000000,1743691560000000000,,,,,,,
BACKTESTER-001,MovingAverageCrossover-MA_CROSS,EUR/USD.IDEALPRO,IDEALPRO-1-395,EUR/USD.IDEALPRO-MovingAverageCrossover-MA_CROSS,IDEALPRO-001,IDEALPRO-1-187727,STOP_MARKET,SELL,100000.00,GTC,True,False,100000.00,TAKER,1.110280000001,9.999998999976611e-06,['2.22 USD'],NO_TRIGGER,FILLED,OUO,OL-20250403-144600-001-MA_CROSS-132,['O-20250403-144600-001-MA_CROSS-396'],O-20250403-144600-001-MA_CROSS-394,,,,['MA_CROSS_SL'],d036a6c8-2aa5-43fa-9648-88e2a09a4fc1,1743691560000000000,1743693120000000000,1.11029,DEFAULT,,,,,
BACKTESTER-001,MovingAverageCrossover-MA_CROSS,EUR/USD.IDEALPRO,IDEALPRO-1-396,EUR/USD.IDEALPRO-MovingAverageCrossover-MA_CROSS,IDEALPRO-001,,LIMIT,SELL,99999.99,GTC,True,False,0.00,NO_LIQUIDITY_SIDE,,,,NO_TRIGGER,CANCELED,OUO,OL-20250403-144600-001-MA_CROSS-132,['O-20250403-144600-001-MA_CROSS-395'],O-20250403-144600-001-MA_CROSS-394,,,,['MA_CROSS_TP'],c7981ada-e9e1-4b4d-b877-85cb25910b77,1743691560000000000,1743693120000000000,,,,,1.11929,True,
BACKTESTER-001,MovingAverageCrossover-MA_CROSS,EUR/USD.IDEALPRO,IDEALPRO-1-397,EUR/USD.IDEALPRO-MovingAverageCrossover-MA_CROSS,IDEALPRO-001,IDEALPRO-1-187857,MARKET,SELL,100000.00,GTC,False,False,100000.00,TAKER,1.104840000001,0.0,['2.21 USD'],NO_TRIGGER,FILLED,OTO,OL-20250403-161600-001-MA_CROSS-133,"['O-20250403-161600-001-MA_CROSS-398', 'O-20250403-161600-001-MA_CROSS-399']",,,,,['MA_CROSS'],0609de4f-e1e3-47ab-a95f-21d05b25ab93,1743696960000000000,1743696960000000000,,,,,,,
BACKTESTER-001,MovingAverageCrossover-MA_CROSS,EUR/USD.IDEALPRO,IDEALPRO-1-398,EUR/USD.IDEALPRO-MovingAverageCrossover-MA_CROSS,IDEALPRO-001,IDEALPRO-1-188581,STOP_MARKET,BUY,100000.00,GTC,True,False,100000.00,TAKER,1.106359999999,9.999998999976611e-06,['2.21 USD'],NO_TRIGGER,FILLED,OUO,OL-20250403-161600-001-MA_CROSS-133,['O-20250403-161600-001-MA_CROSS-399'],O-20250403-161600-001-MA_CROSS-397,,,,['MA_CROSS_SL'],a1e2d6d0-65c0-4e92-ba7c-c5817444753a,1743696960000000000,1743719520000000000,1.10635,DEFAULT,,,,,
BACKTESTER-001,MovingAverageCrossover-MA_CROSS,EUR/USD.IDEALPRO,IDEALPRO-1-399,EUR/USD.IDEALPRO-MovingAverageCrossover-MA_CROSS,IDEALPRO-001,,LIMIT,BUY,99999.99,GTC,True,False,0.00,NO_LIQUIDITY_SIDE,,,,NO_TRIGGER,CANCELED,OUO,OL-20250403-161600-001-MA_CROSS-133,['O-20250403-161600-001-MA_CROSS-398'],O-20250403-161600-001-MA_CROSS-397,,,,['MA_CROSS_TP'],9962edbc-0618-4a6b-8dba-8e05e3187823,1743696960000000000,1743719520000000000,,,,,1.09735,True,
BACKTESTER-001,MovingAverageCrossover-MA_CROSS,EUR/USD.IDEALPRO,IDEALPRO-1-400,EUR/USD.IDEALPRO-MovingAverageCrossover-MA_CROSS,IDEALPRO-001,IDEALPRO-1-188881,MARKET,BUY,100000.00,GTC,False,False,100000.00,TAKER,1.106149999999,0.0,['2.21 USD'],NO_TRIGGER,FILLED,OTO,OL-20250404-010100-001-MA_CROSS-134,"['O-20250404-010100-001-MA_CROSS-401', 'O-20250404-010100-001-MA_CROSS-402']",,,,,['MA_CROSS'],573158a5-8a2e-437f-b7fb-1eaf22219280,1743728460000000000,1743728460000000000,,,,,,,
BACKTESTER-001,MovingAverageCrossover-MA_CROSS,EUR/USD.IDEALPRO,IDEALPRO-1-401,EUR/USD.IDEALPRO-MovingAverageCrossover-MA_CROSS,IDEALPRO-001,IDEALPRO-1-189671,STOP_MARKET,SELL,100000.00,GTC,True,False,100000.00,TAKER,1.104630000001,9.999998999976611e-06,['2.21 USD'],NO_TRIGGER,FILLED,OUO,OL-20250404-010100-001-MA_CROSS-134,['O-20250404-010100-001-MA_CROSS-402'],O-20250404-010100-001-MA_CROSS-400,,,,['MA_CROSS_SL'],367bdba9-a1b1-4d0a-8fae-29327bb37c2f,1743728460000000000,1743752100000000000,1.10464,DEFAULT,,,,,
BACKTESTER-001,MovingAverageCrossover-MA_CROSS,EUR/USD.IDEALPRO,IDEALPRO-1-402,EUR/USD.IDEALPRO-MovingAverageCrossover-MA_CROSS,IDEALPRO-001,,LIMIT,SELL,99999.99,GTC,True,False,0.00,NO_LIQUIDITY_SIDE,,,,NO_TRIGGER,CANCELED,OUO,OL-20250404-010100-001-MA_CROSS-134,['O-20250404-010100-001-MA_CROSS-401'],O-20250404-010100-001-MA_CROSS-400,,,,['MA_CROSS_TP'],1f5f0019-463e-4243-bb75-b1783bc3f746,1743728460000000000,1743752100000000000,,,,,1.11364,True,
BACKTESTER-001,MovingAverageCrossover-MA_CROSS,EUR/USD.IDEALPRO,IDEALPRO-1-403,EUR/USD.IDEALPRO-MovingAverageCrossover-MA_CROSS,IDEALPRO-001,IDEALPRO-1-189673,MARKET,SELL,100000.00,GTC,False,False,100000.00,TAKER,1.1046500000009998,0.0,['2.21 USD'],NO_TRIGGER,FILLED,OTO,OL-20250404-073500-001-MA_CROSS-135,"['O-20250404-073500-001-MA_CROSS-404', 'O-20250404-073500-001-MA_CROSS-405']",,,,,['MA_CROSS'],f8522ba0-42b4-4fc1-bdde-907366286c03,1743752100000000000,1743752100000000000,,,,,,,
BACKTESTER-001,MovingAverageCrossover-MA_CROSS,EUR/USD.IDEALPRO,IDEALPRO-1-404,EUR/USD.IDEALPRO-MovingAverageCrossover-MA_CROSS,IDEALPRO-001,,STOP_MARKET,BUY,99999.99,GTC,True,False,0.00,NO_LIQUIDITY_SIDE,,,,NO_TRIGGER,CANCELED,OUO,OL-20250404-073500-001-MA_CROSS-135,['O-20250404-073500-001-MA_CROSS-405'],O-20250404-073500-001-MA_CROSS-403,,,,['MA_CROSS_SL'],01b88c5a-fcaf-4a8e-8048-9a43e960d61f,1743752100000000000,1743760020000000000,1.10616,DEFAULT,,,,,
BACKTESTER-001,MovingAverageCrossover-MA_CROSS,EUR/USD.IDEALPRO,IDEALPRO-1-405,EUR/USD.IDEALPRO-MovingAverageCrossover-MA_CROSS,IDEALPRO-001,IDEALPRO-1-189939,LIMIT,BUY,100000.00,GTC,True,False,100000.00,MAKER,1.09716,0.0,['2.19 USD'],NO_TRIGGER,FILLED,OUO,OL-20250404-073500-001-MA_CROSS-135,['O-20250404-073500-001-MA_CROSS-404'],O-20250404-073500-001-MA_CROSS-403,,,,['MA_CROSS_TP'],99d705a3-de08-48c7-a38a-4d2b821a61c5,1743752100000000000,1743760020000000000,,,,,1.09716,True,
BACKTESTER-001,MovingAverageCrossover-MA_CROSS,EUR/USD.IDEALPRO,IDEALPRO-1-406,EUR/USD.IDEALPRO-MovingAverageCrossover-MA_CROSS,IDEALPRO-001,IDEALPRO-1-190018,MARKET,BUY,100000.00,GTC,False,False,100000.00,TAKER,1.103309999999,0.0,['2.21 USD'],NO_TRIGGER,FILLED,OTO,OL-20250404-102500-001-MA_CROSS-136,"['O-20250404-102500-001-MA_CROSS-407', 'O-20250404-102500-001-MA_CROSS-408']",,,,,['MA_CROSS'],479907ff-88c4-4f7b-bdb0-d4c39f868448,1743762300000000000,1743762300000000000,,,,,,,
BACKTESTER-001,MovingAverageCrossover-MA_CROSS,EUR/USD.IDEALPRO,IDEALPRO-1-407,EUR/USD.IDEALPRO-MovingAverageCrossover-MA_CROSS,IDEALPRO-001,IDEALPRO-1-190317,STOP_MARKET,SELL,100000.00,GTC,True,False,100000.00,TAKER,1.101790000001,9.999998999976611e-06,['2.20 USD'],NO_TRIGGER,FILLED,OUO,OL-20250404-102500-001-MA_CROSS-136,['O-20250404-102500-001-MA_CROSS-408'],O-20250404-102500-001-MA_CROSS-406,,,,['MA_CROSS_SL'],1c503853-d421-4f45-a88f-c93f29eb2491,1743762300000000000,1743771240000000000,1.10180,DEFAULT,,,,,
BACKTESTER-001,MovingAverageCrossover-MA_CROSS,EUR/USD.IDEALPRO,IDEALPRO-1-408,EUR/USD.IDEALPRO-MovingAverageCrossover-MA_CROSS,IDEALPRO-001,,LIMIT,SELL,99999.99,GTC,True,False,0.00,NO_LIQUIDITY_SIDE,,,,NO_TRIGGER,CANCELED,OUO,OL-20250404-102500-001-MA_CROSS-136,['O-20250404-102500-001-MA_CROSS-407'],O-20250404-102500-001-MA_CROSS-406,,,,['MA_CROSS_TP'],3f36533c-20ed-4a11-b68e-e5c7ea6c1db4,1743762300000000000,1743771240000000000,,,,,1.11080,True,
BACKTESTER-001,MovingAverageCrossover-MA_CROSS,EUR/USD.IDEALPRO,IDEALPRO-1-409,EUR/USD.IDEALPRO-MovingAverageCrossover-MA_CROSS,IDEALPRO-001,IDEALPRO-1-190392,MARKET,SELL,100000.00,GTC,False,False,100000.00,TAKER,1.102860000001,0.0,['2.21 USD'],NO_TRIGGER,FILLED,OTO,OL-20250404-133000-001-MA_CROSS-137,"['O-20250404-133000-001-MA_CROSS-410', 'O-20250404-133000-001-MA_CROSS-411']",,,,,['MA_CROSS'],3aa78fee-2b76-40c6-bf99-b2a5e581df86,1743773400000000000,1743773400000000000,,,,,,,
BACKTESTER-001,MovingAverageCrossover-MA_CROSS,EUR/USD.IDEALPRO,IDEALPRO-1-410,EUR/USD.IDEALPRO-MovingAverageCrossover-MA_CROSS,IDEALPRO-001,IDEALPRO-1-190395,STOP_MARKET,BUY,100000.00,GTC,True,False,100000.00,TAKER,1.104379999999,9.999998999976611e-06,['2.21 USD'],NO_TRIGGER,FILLED,OUO,OL-20250404-133000-001-MA_CROSS-137,['O-20250404-133000-001-MA_CROSS-411'],O-20250404-133000-001-MA_CROSS-409,,,,['MA_CROSS_SL'],50670ad0-77f7-4a87-b580-869c90c0227b,1743773400000000000,1743773460000000000,1.10437,DEFAULT,,,,,
BACKTESTER-001,MovingAverageCrossover-MA_CROSS,EUR/USD.IDEALPRO,IDEALPRO-1-411,EUR/USD.IDEALPRO-MovingAverageCrossover-MA_CROSS,IDEALPRO-001,,LIMIT,BUY,99999.99,GTC,True,False,0.00,NO_LIQUIDITY_SIDE,,,,NO_TRIGGER,CANCELED,OUO,OL-20250404-133000-001-MA_CROSS-137,['O-20250404-133000-001-MA_CROSS-410'],O-20250404-133000-001-MA_CROSS-409,,,,['MA_CROSS_TP'],87a34265-f56b-4bfd-849a-f7f1ae11c5f4,1743773400000000000,1743773460000000000,,,,,1.09537,True,
BACKTESTER-001,MovingAverageCrossover-MA_CROSS,EUR/USD.IDEALPRO,IDEALPRO-1-412,EUR/USD.IDEALPRO-MovingAverageCrossover-MA_CROSS,IDEALPRO-001,IDEALPRO-1-190697,MARKET,BUY,100000.00,GTC,False,False,100000.00,TAKER,1.1017999999989998,0.0,['2.20 USD'],NO_TRIGGER,FILLED,OTO,OL-20250404-160100-001-MA_CROSS-138,"['O-20250404-160100-001-MA_CROSS-413', 'O-20250404-160100-001-MA_CROSS-414']",,,,,['MA_CROSS'],639c423d-f253-4785-a424-3ec8b77943ae,1743782460000000000,1743782460000000000,,,,,,,
BACKTESTER-001,MovingAverageCrossover-MA_CROSS,EUR/USD.IDEALPRO,IDEALPRO-1-413,EUR/USD.IDEALPRO-MovingAverageCrossover-MA_CROSS,IDEALPRO-001,IDEALPRO-1-190709,STOP_MARKET,SELL,100000.00,GTC,True,False,100000.00,TAKER,1.1002800000009998,9.999999000198656e-06,['2.20 USD'],NO_TRIGGER,FILLED,OUO,OL-20250404-160100-001-MA_CROSS-138,['O-20250404-160100-001-MA_CROSS-414'],O-20250404-160100-001-MA_CROSS-412,,,,['MA_CROSS_SL'],684e4fc3-93c5-45a3-a987-b297785d1087,1743782460000000000,1743782760000000000,1.10029,DEFAULT,,,,,
BACKTESTER-001,MovingAverageCrossover-MA_CROSS,EUR/USD.IDEALPRO,IDEALPRO-1-414,EUR/USD.IDEALPRO-MovingAverageCrossover-MA_CROSS,IDEALPRO-001,,LIMIT,SELL,99999.99,GTC,True,False,0.00,NO_LIQUIDITY_SIDE,,,,NO_TRIGGER,CANCELED,OUO,OL-20250404-160100-001-MA_CROSS-138,['O-20250404-160100-001-MA_CROSS-413'],O-20250404-160100-001-MA_CROSS-412,,,,['MA_CROSS_TP'],bb64f711-110e-4744-b109-bc9fe9401561,1743782460000000000,1743782760000000000,,,,,1.10929,True,
BACKTESTER-001,MovingAverageCrossover-MA_CROSS,EUR/USD.IDEALPRO,IDEALPRO-1-415,EUR/USD.IDEALPRO-MovingAverageCrossover-MA_CROSS,IDEALPRO-001,IDEALPRO-1-190751,MARKET,SELL,100000.00,GTC,False,False,100000.00,TAKER,1.097420000001,0.0,['2.19 USD'],NO_TRIGGER,FILLED,OTO,OL-20250404-162600-001-MA_CROSS-139,"['O-20250404-162600-001-MA_CROSS-416', 'O-20250404-162600-001-MA_CROSS-417']",,,,,['MA_CROSS'],23117282-a5b6-491f-967b-29d0cc8421f5,1743783960000000000,1743783960000000000,,,,,,,
BACKTESTER-001,MovingAverageCrossover-MA_CROSS,EUR/USD.IDEALPRO,IDEALPRO-1-416,EUR/USD.IDEALPRO-MovingAverageCrossover-MA_CROSS,IDEALPRO-001,IDEALPRO-1-190777,STOP_MARKET,BUY,100000.00,GTC,True,False,100000.00,TAKER,1.098939999999,9.999998999976611e-06,['2.20 USD'],NO_TRIGGER,FILLED,OUO,OL-20250404-162600-001-MA_CROSS-139,['O-20250404-162600-001-MA_CROSS-417'],O-20250404-162600-001-MA_CROSS-415,,,,['MA_CROSS_SL'],082b3c85-5b90-473f-a3af-cefd663b9ae6,1743783960000000000,1743784680000000000,1.09893,DEFAULT,,,,,
BACKTESTER-001,MovingAverageCrossover-MA_CROSS,EUR/USD.IDEALPRO,IDEALPRO-1-417,EUR/USD.IDEALPRO-MovingAverageCrossover-MA_CROSS,IDEALPRO-001,,LIMIT,BUY,99999.99,GTC,True,False,0.00,NO_LIQUIDITY_SIDE,,,,NO_TRIGGER,CANCELED,OUO,OL-20250404-162600-001-MA_CROSS-139,['O-20250404-162600-001-MA_CROSS-416'],O-20250404-162600-001-MA_CROSS-415,,,,['MA_CROSS_TP'],4bfa2911-745b-4c20-96ec-8bc53e113759,1743783960000000000,1743784680000000000,,,,,1.08993,True,
BACKTESTER-001,MovingAverageCrossover-MA_CROSS,EUR/USD.IDEALPRO,IDEALPRO-1-418,EUR/USD.IDEALPRO-MovingAverageCrossover-MA_CROSS,IDEALPRO-001,IDEALPRO-1-191305,MARKET,BUY,100000.00,GTC,False,False,100000.00,TAKER,1.0884799999989998,0.0,['2.18 USD'],NO_TRIGGER,FILLED,OTO,OL-20250406-211600-001-MA_CROSS-140,"['O-20250406-211600-001-MA_CROSS-419', 'O-20250406-211600-001-MA_CROSS-420']",,,,,['MA_CROSS'],64434ee9-7fdb-4801-a51e-4c3dfca3b354,1743974160000000000,1743974160000000000,,,,,,,
BACKTESTER-001,MovingAverageCrossover-MA_CROSS,EUR/USD.IDEALPRO,IDEALPRO-1-419,EUR/USD.IDEALPRO-MovingAverageCrossover-MA_CROSS,IDEALPRO-001,,STOP_MARKET,SELL,99999.99,GTC,True,False,0.00,NO_LIQUIDITY_SIDE,,,,NO_TRIGGER,CANCELED,OUO,OL-20250406-211600-001-MA_CROSS-140,['O-20250406-211600-001-MA_CROSS-420'],O-20250406-211600-001-MA_CROSS-418,,,,['MA_CROSS_SL'],7f2b0b21-57a9-4270-8c00-d87f986f5c6b,1743974160000000000,1743977820000000000,1.08697,DEFAULT,,,,,
BACKTESTER-001,MovingAverageCrossover-MA_CROSS,EUR/USD.IDEALPRO,IDEALPRO-1-420,EUR/USD.IDEALPRO-MovingAverageCrossover-MA_CROSS,IDEALPRO-001,IDEALPRO-1-191429,LIMIT,SELL,100000.00,GTC,True,False,100000.00,MAKER,1.09597,0.0,['2.19 USD'],NO_TRIGGER,FILLED,OUO,OL-20250406-211600-001-MA_CROSS-140,['O-20250406-211600-001-MA_CROSS-419'],O-20250406-211600-001-MA_CROSS-418,,,,['MA_CROSS_TP'],34c03290-186f-485d-9874-fbcc51918889,1743974160000000000,1743977820000000000,,,,,1.09597,True,
BACKTESTER-001,MovingAverageCrossover-MA_CROSS,EUR/USD.IDEALPRO,IDEALPRO-1-421,EUR/USD.IDEALPRO-MovingAverageCrossover-MA_CROSS,IDEALPRO-001,IDEALPRO-1-191790,MARKET,SELL,100000.00,GTC,False,False,100000.00,TAKER,1.0956200000010001,0.0,['2.19 USD'],NO_TRIGGER,FILLED,OTO,OL-20250407-011600-001-MA_CROSS-141,"['O-20250407-011600-001-MA_CROSS-422', 'O-20250407-011600-001-MA_CROSS-423']",,,,,['MA_CROSS'],5d79ea45-10dd-4532-b0a5-0ef2be095aab,1743988560000000000,1743988560000000000,,,,,,,
BACKTESTER-001,MovingAverageCrossover-MA_CROSS,EUR/USD.IDEALPRO,IDEALPRO-1-422,EUR/USD.IDEALPRO-MovingAverageCrossover-MA_CROSS,IDEALPRO-001,IDEALPRO-1-191813,STOP_MARKET,BUY,100000.00,GTC,True,False,100000.00,TAKER,1.097139999999,9.999998999976611e-06,['2.19 USD'],NO_TRIGGER,FILLED,OUO,OL-20250407-011600-001-MA_CROSS-141,['O-20250407-011600-001-MA_CROSS-423'],O-20250407-011600-001-MA_CROSS-421,,,,['MA_CROSS_SL'],fa6018ae-0289-4e1d-a398-7a87660ba418,1743988560000000000,1743989220000000000,1.09713,DEFAULT,,,,,
BACKTESTER-001,MovingAverageCrossover-MA_CROSS,EUR/USD.IDEALPRO,IDEALPRO-1-423,EUR/USD.IDEALPRO-MovingAverageCrossover-MA_CROSS,IDEALPRO-001,,LIMIT,BUY,99999.99,GTC,True,False,0.00,NO_LIQUIDITY_SIDE,,,,NO_TRIGGER,CANCELED,OUO,OL-20250407-011600-001-MA_CROSS-141,['O-20250407-011600-001-MA_CROSS-422'],O-20250407-011600-001-MA_CROSS-421,,,,['MA_CROSS_TP'],8ef50744-8911-4f96-b087-ab13341aeb6a,1743988560000000000,1743989220000000000,,,,,1.08813,True,
BACKTESTER-001,MovingAverageCrossover-MA_CROSS,EUR/USD.IDEALPRO,IDEALPRO-1-424,EUR/USD.IDEALPRO-MovingAverageCrossover-MA_CROSS,IDEALPRO-001,IDEALPRO-1-191866,MARKET,BUY,100000.00,GTC,False,False,100000.00,TAKER,1.097989999999,0.0,['2.20 USD'],NO_TRIGGER,FILLED,OTO,OL-20250407-015200-001-MA_CROSS-142,"['O-20250407-015200-001-MA_CROSS-425', 'O-20250407-015200-001-MA_CROSS-426']",,,,,['MA_CROSS'],2ab36da3-0e87-43cb-b2cf-b13b6fd75425,1743990720000000000,1743990720000000000,,,,,,,
BACKTESTER-001,MovingAverageCrossover-MA_CROSS,EUR/USD.IDEALPRO,IDEALPRO-1-425,EUR/USD.IDEALPRO-MovingAverageCrossover-MA_CROSS,IDEALPRO-001,IDEALPRO-1-191885,STOP_MARKET,SELL,100000.00,GTC,True,False,100000.00,TAKER,1.096470000001,9.999998999976611e-06,['2.19 USD'],NO_TRIGGER,FILLED,OUO,OL-20250407-015200-001-MA_CROSS-142,['O-20250407-015200-001-MA_CROSS-426'],O-20250407-015200-001-MA_CROSS-424,,,,['MA_CROSS_SL'],3990a7f4-3426-41b0-9bd6-31169f67bea1,1743990720000000000,1743991260000000000,1.09648,DEFAULT,,,,,
BACKTESTER-001,MovingAverageCrossover-MA_CROSS,EUR/USD.IDEALPRO,IDEALPRO-1-426,EUR/USD.IDEALPRO-MovingAverageCrossover-MA_CROSS,IDEALPRO-001,,LIMIT,SELL,99999.99,GTC,True,False,0.00,NO_LIQUIDITY_SIDE,,,,NO_TRIGGER,CANCELED,OUO,OL-20250407-015200-001-MA_CROSS-142,['O-20250407-015200-001-MA_CROSS-425'],O-20250407-015200-001-MA_CROSS-424,,,,['MA_CROSS_TP'],f30f899b-2e3f-4cf1-a4e8-ddf166e0a528,1743990720000000000,1743991260000000000,,,,,1.10548,True,
BACKTESTER-001,MovingAverageCrossover-MA_CROSS,EUR/USD.IDEALPRO,IDEALPRO-1-427,EUR/USD.IDEALPRO-MovingAverageCrossover-MA_CROSS,IDEALPRO-001,IDEALPRO-1-191916,MARKET,SELL,100000.00,GTC,False,False,100000.00,TAKER,1.095490000001,0.0,['2.19 USD'],NO_TRIGGER,FILLED,OTO,OL-20250407-021500-001-MA_CROSS-143,"['O-20250407-021500-001-MA_CROSS-428', 'O-20250407-021500-001-MA_CROSS-429']",,,,,['MA_CROSS'],c68e0246-d53d-4152-bb1b-fe9fcdf3dc29,1743992100000000000,1743992100000000000,,,,,,,
BACKTESTER-001,MovingAverageCrossover-MA_CROSS,EUR/USD.IDEALPRO,IDEALPRO-1-428,EUR/USD.IDEALPRO-MovingAverageCrossover-MA_CROSS,IDEALPRO-001,IDEALPRO-1-192175,STOP_MARKET,BUY,100000.00,GTC,True,False,100000.00,TAKER,1.097009999999,9.999998999976611e-06,['2.19 USD'],NO_TRIGGER,FILLED,OUO,OL-20250407-021500-001-MA_CROSS-143,['O-20250407-021500-001-MA_CROSS-429'],O-20250407-021500-001-MA_CROSS-427,,,,['MA_CROSS_SL'],f29da45b-d0c9-47df-8d4f-9ef226d66ed8,1743992100000000000,1743999840000000000,1.09700,DEFAULT,,,,,
BACKTESTER-001,MovingAverageCrossover-MA_CROSS,EUR/USD.IDEALPRO,IDEALPRO-1-429,EUR/USD.IDEALPRO-MovingAverageCrossover-MA_CROSS,IDEALPRO-001,,LIMIT,BUY,99999.99,GTC,True,False,0.00,NO_LIQUIDITY_SIDE,,,,NO_TRIGGER,CANCELED,OUO,OL-20250407-021500-001-MA_CROSS-143,['O-20250407-021500-001-MA_CROSS-428'],O-20250407-021500-001-MA_CROSS-427,,,,['MA_CROSS_TP'],48a84033-3ab2-4051-9eed-bacad93baa66,1743992100000000000,1743999840000000000,,,,,1.08800,True,
BACKTESTER-001,MovingAverageCrossover-MA_CROSS,EUR/USD.IDEALPRO,IDEALPRO-1-430,EUR/USD.IDEALPRO-MovingAverageCrossover-MA_CROSS,IDEALPRO-001,IDEALPRO-1-192520,MARKET,BUY,100000.00,GTC,False,False,100000.00,TAKER,1.103989999999,0.0,['2.21 USD'],NO_TRIGGER,FILLED,OTO,OL-20250407-071500-001-MA_CROSS-144,"['O-20250407-071500-001-MA_CROSS-431', 'O-20250407-071500-001-MA_CROSS-432']",,,,,['MA_CROSS'],297b6372-45aa-437f-9662-cdad8f34e6df,1744010100000000000,1744010100000000000,,,,,,,
BACKTESTER-001,MovingAverageCrossover-MA_CROSS,EUR/USD.IDEALPRO,IDEALPRO-1-431,EUR/USD.IDEALPRO-MovingAverageCrossover-MA_CROSS,IDEALPRO-001,IDEALPRO-1-192551,STOP_MARKET,SELL,100000.00,GTC,True,False,100000.00,TAKER,1.1024700000010001,9.999998999754567e-06,['2.20 USD'],NO_TRIGGER,FILLED,OUO,OL-20250407-071500-001-MA_CROSS-144,['O-20250407-071500-001-MA_CROSS-432'],O-20250407-071500-001-MA_CROSS-430,,,,['MA_CROSS_SL'],ad77a47e-5938-40f7-b183-57c66760d511,1744010100000000000,1744011000000000000,1.10248,DEFAULT,,,,,
BACKTESTER-001,MovingAverageCrossover-MA_CROSS,EUR/USD.IDEALPRO,IDEALPRO-1-432,EUR/USD.IDEALPRO-MovingAverageCrossover-MA_CROSS,IDEALPRO-001,,LIMIT,SELL,99999.99,GTC,True,False,0.00,NO_LIQUIDITY_SIDE,,,,NO_TRIGGER,CANCELED,OUO,OL-20250407-071500-001-MA_CROSS-144,['O-20250407-071500-001-MA_CROSS-431'],O-20250407-071500-001-MA_CROSS-430,,,,['MA_CROSS_TP'],8eb60e30-f6a4-42ca-90a1-93aadcfb7736,1744010100000000000,1744011000000000000,,,,,1.11148,True,
BACKTESTER-001,MovingAverageCrossover-MA_CROSS,EUR/USD.IDEALPRO,IDEALPRO-1-433,EUR/USD.IDEALPRO-MovingAverageCrossover-MA_CROSS,IDEALPRO-001,IDEALPRO-1-192611,MARKET,SELL,100000.00,GTC,False,False,100000.00,TAKER,1.100100000001,0.0,['2.20 USD'],NO_TRIGGER,FILLED,OTO,OL-20250407-075900-001-MA_CROSS-145,"['O-20250407-075900-001-MA_CROSS-434', 'O-20250407-075900-001-MA_CROSS-435']",,,,,['MA_CROSS'],f3b24510-53ac-4793-a09c-39d026832df5,1744012740000000000,1744012740000000000,,,,,,,
BACKTESTER-001,MovingAverageCrossover-MA_CROSS,EUR/USD.IDEALPRO,IDEALPRO-1-434,EUR/USD.IDEALPRO-MovingAverageCrossover-MA_CROSS,IDEALPRO-001,IDEALPRO-1-192621,STOP_MARKET,BUY,100000.00,GTC,True,False,100000.00,TAKER,1.101619999999,9.999998999976611e-06,['2.20 USD'],NO_TRIGGER,FILLED,OUO,OL-20250407-075900-001-MA_CROSS-145,['O-20250407-075900-001-MA_CROSS-435'],O-20250407-075900-001-MA_CROSS-433,,,,['MA_CROSS_SL'],b3e78527-aa8f-4ef0-b835-c998315c72a4,1744012740000000000,1744012980000000000,1.10161,DEFAULT,,,,,
BACKTESTER-001,MovingAverageCrossover-MA_CROSS,EUR/USD.IDEALPRO,IDEALPRO-1-435,EUR/USD.IDEALPRO-MovingAverageCrossover-MA_CROSS,IDEALPRO-001,,LIMIT,BUY,99999.99,GTC,True,False,0.00,NO_LIQUIDITY_SIDE,,,,NO_TRIGGER,CANCELED,OUO,OL-20250407-075900-001-MA_CROSS-145,['O-20250407-075900-001-MA_CROSS-434'],O-20250407-075900-001-MA_CROSS-433,,,,['MA_CROSS_TP'],8cf9071d-ce61-43e5-b3f6-d25b9d54f402,1744012740000000000,1744012980000000000,,,,,1.09261,True,
BACKTESTER-001,MovingAverageCrossover-MA_CROSS,EUR/USD.IDEALPRO,IDEALPRO-1-436,EUR/USD.IDEALPRO-MovingAverageCrossover-MA_CROSS,IDEALPRO-001,IDEALPRO-1-192920,MARKET,BUY,100000.00,GTC,False,False,100000.00,TAKER,1.098429999999,0.0,['2.20 USD'],NO_TRIGGER,FILLED,OTO,OL-20250407-103100-001-MA_CROSS-146,"['O-20250407-103100-001-MA_CROSS-437', 'O-20250407-103100-001-MA_CROSS-438']",,,,,['MA_CROSS'],59bb6b76-5c54-4194-8583-c07e8f8d146a,1744021860000000000,1744021860000000000,,,,,,,
BACKTESTER-001,MovingAverageCrossover-MA_CROSS,EUR/USD.IDEALPRO,IDEALPRO-1-437,EUR/USD.IDEALPRO-MovingAverageCrossover-MA_CROSS,IDEALPRO-001,IDEALPRO-1-192951,STOP_MARKET,SELL,100000.00,GTC,True,False,100000.00,TAKER,1.096910000001,9.999998999976611e-06,['2.19 USD'],NO_TRIGGER,FILLED,OUO,OL-20250407-103100-001-MA_CROSS-146,['O-20250407-103100-001-MA_CROSS-438'],O-20250407-103100-001-MA_CROSS-436,,,,['MA_CROSS_SL'],eb5f7c42-30f3-4135-8076-068fbd5010e9,1744021860000000000,1744022760000000000,1.09692,DEFAULT,,,,,
BACKTESTER-001,MovingAverageCrossover-MA_CROSS,EUR/USD.IDEALPRO,IDEALPRO-1-438,EUR/USD.IDEALPRO-MovingAverageCrossover-MA_CROSS,IDEALPRO-001,,LIMIT,SELL,99999.99,GTC,True,False,0.00,NO_LIQUIDITY_SIDE,,,,NO_TRIGGER,CANCELED,OUO,OL-20250407-103100-001-MA_CROSS-146,['O-20250407-103100-001-MA_CROSS-437'],O-20250407-103100-001-MA_CROSS-436,,,,['MA_CROSS_TP'],b474b16b-6b60-49b3-82dc-1b61bd034b1c,1744021860000000000,1744022760000000000,,,,,1.10592,True,
BACKTESTER-001,MovingAverageCrossover-MA_CROSS,EUR/USD.IDEALPRO,IDEALPRO-1-439,EUR/USD.IDEALPRO-MovingAverageCrossover-MA_CROSS,IDEALPRO-001,IDEALPRO-1-192974,MARKET,SELL,100000.00,GTC,False,False,100000.00,TAKER,1.096240000001,0.0,['2.19 USD'],NO_TRIGGER,FILLED,OTO,OL-20250407-105600-001-MA_CROSS-147,"['O-20250407-105600-001-MA_CROSS-440', 'O-20250407-105600-001-MA_CROSS-441']",,,,,['MA_CROSS'],5a5a6c35-4424-40c0-a1e5-5e775c9a63b5,1744023360000000000,1744023360000000000,,,,,,,
BACKTESTER-001,MovingAverageCrossover-MA_CROSS,EUR/USD.IDEALPRO,IDEALPRO-1-440,EUR/USD.IDEALPRO-MovingAverageCrossover-MA_CROSS,IDEALPRO-001,IDEALPRO-1-193191,STOP_MARKET,BUY,100000.00,GTC,True,False,100000.00,TAKER,1.097759999999,9.999998999976611e-06,['2.20 USD'],NO_TRIGGER,FILLED,OUO,OL-20250407-105600-001-MA_CROSS-147,['O-20250407-105600-001-MA_CROSS-441'],O-20250407-105600-001-MA_CROSS-439,,,,['MA_CROSS_SL'],e209e750-27bb-4b4d-880a-02c4d8bc4de7,1744023360000000000,1744029840000000000,1.09775,DEFAULT,,,,,
BACKTESTER-001,MovingAverageCrossover-MA_CROSS,EUR/USD.IDEALPRO,IDEALPRO-1-441,EUR/USD.IDEALPRO-MovingAverageCrossover-MA_CROSS,IDEALPRO-001,,LIMIT,BUY,99999.99,GTC,True,False,0.00,NO_LIQUIDITY_SIDE,,,,NO_TRIGGER,CANCELED,OUO,OL-20250407-105600-001-MA_CROSS-147,['O-20250407-105600-001-MA_CROSS-440'],O-20250407-105600-001-MA_CROSS-439,,,,['MA_CROSS_TP'],fc103109-c72c-4738-8802-69555563c99c,1744023360000000000,1744029840000000000,,,,,1.08875,True,
BACKTESTER-001,MovingAverageCrossover-MA_CROSS,EUR/USD.IDEALPRO,IDEALPRO-1-442,EUR/USD.IDEALPRO-MovingAverageCrossover-MA_CROSS,IDEALPRO-001,IDEALPRO-1-193706,MARKET,BUY,100000.00,GTC,False,False,100000.00,TAKER,1.093239999999,0.0,['2.19 USD'],NO_TRIGGER,FILLED,OTO,OL-20250407-170000-001-MA_CROSS-148,"['O-20250407-170000-001-MA_CROSS-443', 'O-20250407-170000-001-MA_CROSS-444']",,,,,['MA_CROSS'],5b019dc7-6dfe-4ac4-96b0-3553502ede22,1744045200000000000,1744045200000000000,,,,,,,
BACKTESTER-001,MovingAverageCrossover-MA_CROSS,EUR/USD.IDEALPRO,IDEALPRO-1-443,EUR/USD.IDEALPRO-MovingAverageCrossover-MA_CROSS,IDEALPRO-001,IDEALPRO-1-194067,STOP_MARKET,SELL,100000.00,GTC,True,False,100000.00,TAKER,1.0917200000010001,9.999998999976611e-06,['2.18 USD'],NO_TRIGGER,FILLED,OUO,OL-20250407-170000-001-MA_CROSS-148,['O-20250407-170000-001-MA_CROSS-444'],O-20250407-170000-001-MA_CROSS-442,,,,['MA_CROSS_SL'],aa70840e-2cd6-4fbc-89a1-9b2e71c5ab1e,1744045200000000000,1744056000000000000,1.09173,DEFAULT,,,,,
BACKTESTER-001,MovingAverageCrossover-MA_CROSS,EUR/USD.IDEALPRO,IDEALPRO-1-444,EUR/USD.IDEALPRO-MovingAverageCrossover-MA_CROSS,IDEALPRO-001,,LIMIT,SELL,99999.99,GTC,True,False,0.00,NO_LIQUIDITY_SIDE,,,,NO_TRIGGER,CANCELED,OUO,OL-20250407-170000-001-MA_CROSS-148,['O-20250407-170000-001-MA_CROSS-443'],O-20250407-170000-001-MA_CROSS-442,,,,['MA_CROSS_TP'],f29e6a00-3c07-4098-b45d-68c0b6a8502b,1744045200000000000,1744056000000000000,,,,,1.10073,True,
BACKTESTER-001,MovingAverageCrossover-MA_CROSS,EUR/USD.IDEALPRO,IDEALPRO-1-445,EUR/USD.IDEALPRO-MovingAverageCrossover-MA_CROSS,IDEALPRO-001,IDEALPRO-1-194965,MARKET,SELL,100000.00,GTC,False,False,100000.00,TAKER,1.096120000001,0.0,['2.19 USD'],NO_TRIGGER,FILLED,OTO,OL-20250408-034300-001-MA_CROSS-149,"['O-20250408-034300-001-MA_CROSS-446', 'O-20250408-034300-001-MA_CROSS-447']",,,,,['MA_CROSS'],f5082e98-6f77-413b-9e2b-76b97c09d919,1744083780000000000,1744083780000000000,,,,,,,
BACKTESTER-001,MovingAverageCrossover-MA_CROSS,EUR/USD.IDEALPRO,IDEALPRO-1-446,EUR/USD.IDEALPRO-MovingAverageCrossover-MA_CROSS,IDEALPRO-001,IDEALPRO-1-195041,STOP_MARKET,BUY,100000.00,GTC,True,False,100000.00,TAKER,1.097639999999,9.999998999976611e-06,['2.20 USD'],NO_TRIGGER,FILLED,OUO,OL-20250408-034300-001-MA_CROSS-149,['O-20250408-034300-001-MA_CROSS-447'],O-20250408-034300-001-MA_CROSS-445,,,,['MA_CROSS_SL'],fc60ed4a-d9c8-4ece-99cc-c1a6a0863e5a,1744083780000000000,1744086000000000000,1.09763,DEFAULT,,,,,
BACKTESTER-001,MovingAverageCrossover-MA_CROSS,EUR/USD.IDEALPRO,IDEALPRO-1-447,EUR/USD.IDEALPRO-MovingAverageCrossover-MA_CROSS,IDEALPRO-001,,LIMIT,BUY,99999.99,GTC,True,False,0.00,NO_LIQUIDITY_SIDE,,,,NO_TRIGGER,CANCELED,OUO,OL-20250408-034300-001-MA_CROSS-149,['O-20250408-034300-001-MA_CROSS-446'],O-20250408-034300-001-MA_CROSS-445,,,,['MA_CROSS_TP'],a16ef0c3-3dd9-4edc-ad17-e4776402fcfd,1744083780000000000,1744086000000000000,,,,,1.08863,True,
BACKTESTER-001,MovingAverageCrossover-MA_CROSS,EUR/USD.IDEALPRO,IDEALPRO-1-448,EUR/USD.IDEALPRO-MovingAverageCrossover-MA_CROSS,IDEALPRO-001,IDEALPRO-1-195804,MARKET,BUY,100000.00,GTC,False,False,100000.00,TAKER,1.0938599999990002,0.0,['2.19 USD'],NO_TRIGGER,FILLED,OTO,OL-20250408-104000-001-MA_CROSS-150,"['O-20250408-104000-001-MA_CROSS-449', 'O-20250408-104000-001-MA_CROSS-450']",,,,,['MA_CROSS'],4297287b-121b-473a-a585-43cb5ef5f64f,1744108800000000000,1744108800000000000,,,,,,,
BACKTESTER-001,MovingAverageCrossover-MA_CROSS,EUR/USD.IDEALPRO,IDEALPRO-1-449,EUR/USD.IDEALPRO-MovingAverageCrossover-MA_CROSS,IDEALPRO-001,IDEALPRO-1-195839,STOP_MARKET,SELL,100000.00,GTC,True,False,100000.00,TAKER,1.0923400000010002,9.999998999754567e-06,['2.18 USD'],NO_TRIGGER,FILLED,OUO,OL-20250408-104000-001-MA_CROSS-150,['O-20250408-104000-001-MA_CROSS-450'],O-20250408-104000-001-MA_CROSS-448,,,,['MA_CROSS_SL'],41683963-bbbf-443a-aee2-aad88201feb4,1744108800000000000,1744109820000000000,1.09235,DEFAULT,,,,,
BACKTESTER-001,MovingAverageCrossover-MA_CROSS,EUR/USD.IDEALPRO,IDEALPRO-1-450,EUR/USD.IDEALPRO-MovingAverageCrossover-MA_CROSS,IDEALPRO-001,,LIMIT,SELL,99999.99,GTC,True,False,0.00,NO_LIQUIDITY_SIDE,,,,NO_TRIGGER,CANCELED,OUO,OL-20250408-104000-001-MA_CROSS-150,['O-20250408-104000-001-MA_CROSS-449'],O-20250408-104000-001-MA_CROSS-448,,,,['MA_CROSS_TP'],423aaaca-6e65-44ff-9734-14a6e5b9cc44,1744108800000000000,1744109820000000000,,,,,1.10135,True,
BACKTESTER-001,MovingAverageCrossover-MA_CROSS,EUR/USD.IDEALPRO,IDEALPRO-1-451,EUR/USD.IDEALPRO-MovingAverageCrossover-MA_CROSS,IDEALPRO-001,IDEALPRO-1-196179,MARKET,SELL,100000.00,GTC,False,False,100000.00,TAKER,1.093010000001,0.0,['2.19 USD'],NO_TRIGGER,FILLED,OTO,OL-20250408-134600-001-MA_CROSS-151,"['O-20250408-134600-001-MA_CROSS-452', 'O-20250408-134600-001-MA_CROSS-453']",,,,,['MA_CROSS'],200fff39-8138-40ec-b111-f16aaca6fc4c,1744119960000000000,1744119960000000000,,,,,,,
BACKTESTER-001,MovingAverageCrossover-MA_CROSS,EUR/USD.IDEALPRO,IDEALPRO-1-452,EUR/USD.IDEALPRO-MovingAverageCrossover-MA_CROSS,IDEALPRO-001,IDEALPRO-1-196591,STOP_MARKET,BUY,100000.00,GTC,True,False,100000.00,TAKER,1.094529999999,9.999998999976611e-06,['2.19 USD'],NO_TRIGGER,FILLED,OUO,OL-20250408-134600-001-MA_CROSS-151,['O-20250408-134600-001-MA_CROSS-453'],O-20250408-134600-001-MA_CROSS-451,,,,['MA_CROSS_SL'],2c32c751-2f32-4423-8a58-73988613dedc,1744119960000000000,1744132260000000000,1.09452,DEFAULT,,,,,
BACKTESTER-001,MovingAverageCrossover-MA_CROSS,EUR/USD.IDEALPRO,IDEALPRO-1-453,EUR/USD.IDEALPRO-MovingAverageCrossover-MA_CROSS,IDEALPRO-001,,LIMIT,BUY,99999.99,GTC,True,False,0.00,NO_LIQUIDITY_SIDE,,,,NO_TRIGGER,CANCELED,OUO,OL-20250408-134600-001-MA_CROSS-151,['O-20250408-134600-001-MA_CROSS-452'],O-20250408-134600-001-MA_CROSS-451,,,,['MA_CROSS_TP'],ca5c3d3f-34a0-4e9e-8724-c3730e2285ee,1744119960000000000,1744132260000000000,,,,,1.08552,True,
BACKTESTER-001,MovingAverageCrossover-MA_CROSS,EUR/USD.IDEALPRO,IDEALPRO-1-454,EUR/USD.IDEALPRO-MovingAverageCrossover-MA_CROSS,IDEALPRO-001,IDEALPRO-1-197114,MARKET,BUY,100000.00,GTC,False,False,100000.00,TAKER,1.095859999999,0.0,['2.19 USD'],NO_TRIGGER,FILLED,OTO,OL-20250408-214600-001-MA_CROSS-152,"['O-20250408-214600-001-MA_CROSS-455', 'O-20250408-214600-001-MA_CROSS-456']",,,,,['MA_CROSS'],9c194707-f1ec-484b-b927-ec8810b636a9,1744148760000000000,1744148760000000000,,,,,,,
BACKTESTER-001,MovingAverageCrossover-MA_CROSS,EUR/USD.IDEALPRO,IDEALPRO-1-455,EUR/USD.IDEALPRO-MovingAverageCrossover-MA_CROSS,IDEALPRO-001,,STOP_MARKET,SELL,99999.97,GTC,True,False,0.00,NO_LIQUIDITY_SIDE,,,,NO_TRIGGER,CANCELED,OUO,OL-20250408-214600-001-MA_CROSS-152,['O-20250408-214600-001-MA_CROSS-456'],O-20250408-214600-001-MA_CROSS-454,,,,['MA_CROSS_SL'],9bb45e0e-cede-4899-aa39-2801958e05a5,1744148760000000000,1744161780000000000,1.09435,DEFAULT,,,,,
BACKTESTER-001,MovingAverageCrossover-MA_CROSS,EUR/USD.IDEALPRO,IDEALPRO-1-456,EUR/USD.IDEALPRO-MovingAverageCrossover-MA_CROSS,IDEALPRO-001,IDEALPRO-1-197551,LIMIT,SELL,100000.00,GTC,True,False,100000.00,MAKER,1.10335,0.0,['2.21 USD'],NO_TRIGGER,FILLED,OUO,OL-20250408-214600-001-MA_CROSS-152,['O-20250408-214600-001-MA_CROSS-455'],O-20250408-214600-001-MA_CROSS-454,,,,['MA_CROSS_TP'],70b4882e-be93-4571-810a-c635f9c89aca,1744148760000000000,1744161780000000000,,,,,1.10335,True,
BACKTESTER-001,MovingAverageCrossover-MA_CROSS,EUR/USD.IDEALPRO,IDEALPRO-1-457,EUR/USD.IDEALPRO-MovingAverageCrossover-MA_CROSS,IDEALPRO-001,IDEALPRO-1-197719,MARKET,SELL,100000.00,GTC,False,False,100000.00,TAKER,1.1013500000010001,0.0,['2.20 USD'],NO_TRIGGER,FILLED,OTO,OL-20250409-024600-001-MA_CROSS-153,"['O-20250409-024600-001-MA_CROSS-458', 'O-20250409-024600-001-MA_CROSS-459']",,,,,['MA_CROSS'],3298908a-0e6b-4296-8f21-2c58d7db8dbd,1744166760000000000,1744166760000000000,,,,,,,
BACKTESTER-001,MovingAverageCrossover-MA_CROSS,EUR/USD.IDEALPRO,IDEALPRO-1-458,EUR/USD.IDEALPRO-MovingAverageCrossover-MA_CROSS,IDEALPRO-001,IDEALPRO-1-197771,STOP_MARKET,BUY,100000.00,GTC,True,False,100000.00,TAKER,1.102869999999,9.999998999976611e-06,['2.21 USD'],NO_TRIGGER,FILLED,OUO,OL-20250409-024600-001-MA_CROSS-153,['O-20250409-024600-001-MA_CROSS-459'],O-20250409-024600-001-MA_CROSS-457,,,,['MA_CROSS_SL'],c0a97f38-1a65-48fa-bbc4-2182354ca0bf,1744166760000000000,1744168260000000000,1.10286,DEFAULT,,,,,
BACKTESTER-001,MovingAverageCrossover-MA_CROSS,EUR/USD.IDEALPRO,IDEALPRO-1-459,EUR/USD.IDEALPRO-MovingAverageCrossover-MA_CROSS,IDEALPRO-001,,LIMIT,BUY,99999.99,GTC,True,False,0.00,NO_LIQUIDITY_SIDE,,,,NO_TRIGGER,CANCELED,OUO,OL-20250409-024600-001-MA_CROSS-153,['O-20250409-024600-001-MA_CROSS-458'],O-20250409-024600-001-MA_CROSS-457,,,,['MA_CROSS_TP'],045c9f7b-6a1f-46a8-85e1-4f32f2198593,1744166760000000000,1744168260000000000,,,,,1.09386,True,
BACKTESTER-001,MovingAverageCrossover-MA_CROSS,EUR/USD.IDEALPRO,IDEALPRO-1-460,EUR/USD.IDEALPRO-MovingAverageCrossover-MA_CROSS,IDEALPRO-001,IDEALPRO-1-197800,MARKET,BUY,100000.00,GTC,False,False,100000.00,TAKER,1.102719999999,0.0,['2.21 USD'],NO_TRIGGER,FILLED,OTO,OL-20250409-032400-001-MA_CROSS-154,"['O-20250409-032400-001-MA_CROSS-461', 'O-20250409-032400-001-MA_CROSS-462']",,,,,['MA_CROSS'],dfb9cb66-e85a-4987-95c6-3a90d4a10f49,1744169040000000000,1744169040000000000,,,,,,,
BACKTESTER-001,MovingAverageCrossover-MA_CROSS,EUR/USD.IDEALPRO,IDEALPRO-1-461,EUR/USD.IDEALPRO-MovingAverageCrossover-MA_CROSS,IDEALPRO-001,IDEALPRO-1-198349,STOP_MARKET,SELL,100000.00,GTC,True,False,100000.00,TAKER,1.1012000000009998,9.999999000198656e-06,['2.20 USD'],NO_TRIGGER,FILLED,OUO,OL-20250409-032400-001-MA_CROSS-154,['O-20250409-032400-001-MA_CROSS-462'],O-20250409-032400-001-MA_CROSS-460,,,,['MA_CROSS_SL'],ab271419-b2da-4710-beb8-e53a5f1c2673,1744169040000000000,1744185480000000000,1.10121,DEFAULT,,,,,
BACKTESTER-001,MovingAverageCrossover-MA_CROSS,EUR/USD.IDEALPRO,IDEALPRO-1-462,EUR/USD.IDEALPRO-MovingAverageCrossover-MA_CROSS,IDEALPRO-001,,LIMIT,SELL,99999.99,GTC,True,False,0.00,NO_LIQUIDITY_SIDE,,,,NO_TRIGGER,CANCELED,OUO,OL-20250409-032400-001-MA_CROSS-154,['O-20250409-032400-001-MA_CROSS-461'],O-20250409-032400-001-MA_CROSS-460,,,,['MA_CROSS_TP'],f2da7c60-1887-488d-b2d0-c38f1436fbce,1744169040000000000,1744185480000000000,,,,,1.11021,True,
BACKTESTER-001,MovingAverageCrossover-MA_CROSS,EUR/USD.IDEALPRO,IDEALPRO-1-463,EUR/USD.IDEALPRO-MovingAverageCrossover-MA_CROSS,IDEALPRO-001,IDEALPRO-1-198351,MARKET,SELL,100000.00,GTC,False,False,100000.00,TAKER,1.101280000001,0.0,['2.20 USD'],NO_TRIGGER,FILLED,OTO,OL-20250409-075800-001-MA_CROSS-155,"['O-20250409-075800-001-MA_CROSS-464', 'O-20250409-075800-001-MA_CROSS-465']",,,,,['MA_CROSS'],06db4668-2e4a-4815-9238-b3c79c609a4d,1744185480000000000,1744185480000000000,,,,,,,
BACKTESTER-001,MovingAverageCrossover-MA_CROSS,EUR/USD.IDEALPRO,IDEALPRO-1-464,EUR/USD.IDEALPRO-MovingAverageCrossover-MA_CROSS,IDEALPRO-001,IDEALPRO-1-198429,STOP_MARKET,BUY,100000.00,GTC,True,False,100000.00,TAKER,1.102799999999,9.999998999976611e-06,['2.21 USD'],NO_TRIGGER,FILLED,OUO,OL-20250409-075800-001-MA_CROSS-155,['O-20250409-075800-001-MA_CROSS-465'],O-20250409-075800-001-MA_CROSS-463,,,,['MA_CROSS_SL'],da970d51-d580-40c4-b4aa-f34478d3d4ee,1744185480000000000,1744187760000000000,1.10279,DEFAULT,,,,,
BACKTESTER-001,MovingAverageCrossover-MA_CROSS,EUR/USD.IDEALPRO,IDEALPRO-1-465,EUR/USD.IDEALPRO-MovingAverageCrossover-MA_CROSS,IDEALPRO-001,,LIMIT,BUY,99999.99,GTC,True,False,0.00,NO_LIQUIDITY_SIDE,,,,NO_TRIGGER,CANCELED,OUO,OL-20250409-075800-001-MA_CROSS-155,['O-20250409-075800-001-MA_CROSS-464'],O-20250409-075800-001-MA_CROSS-463,,,,['MA_CROSS_TP'],1eb84c01-bf63-44bc-8e41-b9d8a13891ab,1744185480000000000,1744187760000000000,,,,,1.09379,True,
BACKTESTER-001,MovingAverageCrossover-MA_CROSS,EUR/USD.IDEALPRO,IDEALPRO-1-466,EUR/USD.IDEALPRO-MovingAverageCrossover-MA_CROSS,IDEALPRO-001,IDEALPRO-1-198556,MARKET,BUY,100000.00,GTC,False,False,100000.00,TAKER,1.103369999999,0.0,['2.21 USD'],NO_TRIGGER,FILLED,OTO,OL-20250409-093800-001-MA_CROSS-156,"['O-20250409-093800-001-MA_CROSS-467', 'O-20250409-093800-001-MA_CROSS-468']",,,,,['MA_CROSS'],87ed1341-9ca7-4a85-81bc-8c832f86aaa1,1744191480000000000,1744191480000000000,,,,,,,
BACKTESTER-001,MovingAverageCrossover-MA_CROSS,EUR/USD.IDEALPRO,IDEALPRO-1-467,EUR/USD.IDEALPRO-MovingAverageCrossover-MA_CROSS,IDEALPRO-001,IDEALPRO-1-199435,STOP_MARKET,SELL,100000.00,GTC,True,False,100000.00,TAKER,1.101850000001,9.999998999976611e-06,['2.20 USD'],NO_TRIGGER,FILLED,OUO,OL-20250409-093800-001-MA_CROSS-156,['O-20250409-093800-001-MA_CROSS-468'],O-20250409-093800-001-MA_CROSS-466,,,,['MA_CROSS_SL'],2ad8e6fc-0ba3-4d37-8cd9-90427427244e,1744191480000000000,1744217820000000000,1.10186,DEFAULT,,,,,
BACKTESTER-001,MovingAverageCrossover-MA_CROSS,EUR/USD.IDEALPRO,IDEALPRO-1-468,EUR/USD.IDEALPRO-MovingAverageCrossover-MA_CROSS,IDEALPRO-001,,LIMIT,SELL,99999.99,GTC,True,False,0.00,NO_LIQUIDITY_SIDE,,,,NO_TRIGGER,CANCELED,OUO,OL-20250409-093800-001-MA_CROSS-156,['O-20250409-093800-001-MA_CROSS-467'],O-20250409-093800-001-MA_CROSS-466,,,,['MA_CROSS_TP'],0b3e70d7-98c1-49e8-be6e-5e246f6e130a,1744191480000000000,1744217820000000000,,,,,1.11086,True,
BACKTESTER-001,MovingAverageCrossover-MA_CROSS,EUR/USD.IDEALPRO,IDEALPRO-1-469,EUR/USD.IDEALPRO-MovingAverageCrossover-MA_CROSS,IDEALPRO-001,IDEALPRO-1-199445,MARKET,SELL,100000.00,GTC,False,False,100000.00,TAKER,1.101580000001,0.0,['2.20 USD'],NO_TRIGGER,FILLED,OTO,OL-20250409-170100-001-MA_CROSS-157,"['O-20250409-170100-001-MA_CROSS-470', 'O-20250409-170100-001-MA_CROSS-471']",,,,,['MA_CROSS'],02d7f8ad-40af-42a4-bc06-7dc92b65def0,1744218060000000000,1744218060000000000,,,,,,,
BACKTESTER-001,MovingAverageCrossover-MA_CROSS,EUR/USD.IDEALPRO,IDEALPRO-1-470,EUR/USD.IDEALPRO-MovingAverageCrossover-MA_CROSS,IDEALPRO-001,IDEALPRO-1-199477,STOP_MARKET,BUY,100000.00,GTC,True,False,100000.00,TAKER,1.103099999999,9.999999000198656e-06,['2.21 USD'],NO_TRIGGER,FILLED,OUO,OL-20250409-170100-001-MA_CROSS-157,['O-20250409-170100-001-MA_CROSS-471'],O-20250409-170100-001-MA_CROSS-469,,,,['MA_CROSS_SL'],e6caf816-65ff-4246-b273-c8fb423b0267,1744218060000000000,1744218960000000000,1.10309,DEFAULT,,,,,
BACKTESTER-001,MovingAverageCrossover-MA_CROSS,EUR/USD.IDEALPRO,IDEALPRO-1-471,EUR/USD.IDEALPRO-MovingAverageCrossover-MA_CROSS,IDEALPRO-001,,LIMIT,BUY,99999.99,GTC,True,False,0.00,NO_LIQUIDITY_SIDE,,,,NO_TRIGGER,CANCELED,OUO,OL-20250409-170100-001-MA_CROSS-157,['O-20250409-170100-001-MA_CROSS-470'],O-20250409-170100-001-MA_CROSS-469,,,,['MA_CROSS_TP'],df4c2de8-35a9-47ab-93dc-c8059ba616c2,1744218060000000000,1744218960000000000,,,,,1.09409,True,
BACKTESTER-001,MovingAverageCrossover-MA_CROSS,EUR/USD.IDEALPRO,IDEALPRO-1-472,EUR/USD.IDEALPRO-MovingAverageCrossover-MA_CROSS,IDEALPRO-001,IDEALPRO-1-199944,MARKET,BUY,100000.00,GTC,False,False,100000.00,TAKER,1.095229999999,0.0,['2.19 USD'],NO_TRIGGER,FILLED,OTO,OL-20250409-212300-001-MA_CROSS-158,"['O-20250409-212300-001-MA_CROSS-473', 'O-20250409-212300-001-MA_CROSS-474']",,,,,['MA_CROSS'],84c1b556-e48c-4f82-8215-663ec2775d9a,1744233780000000000,1744233780000000000,,,,,,,
BACKTESTER-001,MovingAverageCrossover-MA_CROSS,EUR/USD.IDEALPRO,IDEALPRO-1-473,EUR/USD.IDEALPRO-MovingAverageCrossover-MA_CROSS,IDEALPRO-001,,STOP_MARKET,SELL,99999.99,GTC,True,False,0.00,NO_LIQUIDITY_SIDE,,,,NO_TRIGGER,CANCELED,OUO,OL-20250409-212300-001-MA_CROSS-158,['O-20250409-212300-001-MA_CROSS-474'],O-20250409-212300-001-MA_CROSS-472,,,,['MA_CROSS_SL'],c2e5e2ca-dddd-42a2-9943-5b83e9b056e0,1744233780000000000,1744271880000000000,1.09372,DEFAULT,,,,,
BACKTESTER-001,MovingAverageCrossover-MA_CROSS,EUR/USD.IDEALPRO,IDEALPRO-1-474,EUR/USD.IDEALPRO-MovingAverageCrossover-MA_CROSS,IDEALPRO-001,IDEALPRO-1-201215,LIMIT,SELL,100000.00,GTC,True,False,100000.00,MAKER,1.10272,0.0,['2.21 USD'],NO_TRIGGER,FILLED,OUO,OL-20250409-212300-001-MA_CROSS-158,['O-20250409-212300-001-MA_CROSS-473'],O-20250409-212300-001-MA_CROSS-472,,,,['MA_CROSS_TP'],f27d4648-a66e-487a-9d67-668006d3f869,1744233780000000000,1744271880000000000,,,,,1.10272,True,
BACKTESTER-001,MovingAverageCrossover-MA_CROSS,EUR/USD.IDEALPRO,IDEALPRO-1-475,EUR/USD.IDEALPRO-MovingAverageCrossover-MA_CROSS,IDEALPRO-001,IDEALPRO-1-202333,MARKET,SELL,100000.00,GTC,False,False,100000.00,TAKER,1.1189500000009998,0.0,['2.24 USD'],NO_TRIGGER,FILLED,OTO,OL-20250410-171600-001-MA_CROSS-159,"['O-20250410-171600-001-MA_CROSS-476', 'O-20250410-171600-001-MA_CROSS-477']",,,,,['MA_CROSS'],71283069-242d-4325-b8f4-f9a31f393350,1744305360000000000,1744305360000000000,,,,,,,
BACKTESTER-001,MovingAverageCrossover-MA_CROSS,EUR/USD.IDEALPRO,IDEALPRO-1-476,EUR/USD.IDEALPRO-MovingAverageCrossover-MA_CROSS,IDEALPRO-001,IDEALPRO-1-202387,STOP_MARKET,BUY,100000.00,GTC,True,False,100000.00,TAKER,1.1204699999990002,9.999999000198656e-06,['2.24 USD'],NO_TRIGGER,FILLED,OUO,OL-20250410-171600-001-MA_CROSS-159,['O-20250410-171600-001-MA_CROSS-477'],O-20250410-171600-001-MA_CROSS-475,,,,['MA_CROSS_SL'],af98fb9f-555d-4b93-ac64-ddd8134afc25,1744305360000000000,1744306920000000000,1.12046,DEFAULT,,,,,
BACKTESTER-001,MovingAverageCrossover-MA_CROSS,EUR/USD.IDEALPRO,IDEALPRO-1-477,EUR/USD.IDEALPRO-MovingAverageCrossover-MA_CROSS,IDEALPRO-001,,LIMIT,BUY,99999.99,GTC,True,False,0.00,NO_LIQUIDITY_SIDE,,,,NO_TRIGGER,CANCELED,OUO,OL-20250410-171600-001-MA_CROSS-159,['O-20250410-171600-001-MA_CROSS-476'],O-20250410-171600-001-MA_CROSS-475,,,,['MA_CROSS_TP'],b5b806ea-e02e-4f9b-b311-9d761eb0d354,1744305360000000000,1744306920000000000,,,,,1.11146,True,
BACKTESTER-001,MovingAverageCrossover-MA_CROSS,EUR/USD.IDEALPRO,IDEALPRO-1-478,EUR/USD.IDEALPRO-MovingAverageCrossover-MA_CROSS,IDEALPRO-001,IDEALPRO-1-202400,MARKET,BUY,100000.00,GTC,False,False,100000.00,TAKER,1.120659999999,0.0,['2.24 USD'],NO_TRIGGER,FILLED,OTO,OL-20250410-174700-001-MA_CROSS-160,"['O-20250410-174700-001-MA_CROSS-479', 'O-20250410-174700-001-MA_CROSS-480']",,,,,['MA_CROSS'],e3af0e37-f61b-4f21-8c8f-941d2ebfc234,1744307220000000000,1744307220000000000,,,,,,,
BACKTESTER-001,MovingAverageCrossover-MA_CROSS,EUR/USD.IDEALPRO,IDEALPRO-1-479,EUR/USD.IDEALPRO-MovingAverageCrossover-MA_CROSS,IDEALPRO-001,IDEALPRO-1-202563,STOP_MARKET,SELL,100000.00,GTC,True,False,100000.00,TAKER,1.1191400000010001,9.999998999976611e-06,['2.24 USD'],NO_TRIGGER,FILLED,OUO,OL-20250410-174700-001-MA_CROSS-160,['O-20250410-174700-001-MA_CROSS-480'],O-20250410-174700-001-MA_CROSS-478,,,,['MA_CROSS_SL'],e1577bc4-660c-4579-9c32-d6d0b281274f,1744307220000000000,1744312080000000000,1.11915,DEFAULT,,,,,
BACKTESTER-001,MovingAverageCrossover-MA_CROSS,EUR/USD.IDEALPRO,IDEALPRO-1-480,EUR/USD.IDEALPRO-MovingAverageCrossover-MA_CROSS,IDEALPRO-001,,LIMIT,SELL,99999.99,GTC,True,False,0.00,NO_LIQUIDITY_SIDE,,,,NO_TRIGGER,CANCELED,OUO,OL-20250410-174700-001-MA_CROSS-160,['O-20250410-174700-001-MA_CROSS-479'],O-20250410-174700-001-MA_CROSS-478,,,,['MA_CROSS_TP'],f332d2ab-4738-41b0-a1cf-ea53e23fab00,1744307220000000000,1744312080000000000,,,,,1.12815,True,
BACKTESTER-001,MovingAverageCrossover-MA_CROSS,EUR/USD.IDEALPRO,IDEALPRO-1-481,EUR/USD.IDEALPRO-MovingAverageCrossover-MA_CROSS,IDEALPRO-001,IDEALPRO-1-203451,MARKET,SELL,100000.00,GTC,False,False,100000.00,TAKER,1.1301900000010001,0.0,['2.26 USD'],NO_TRIGGER,FILLED,OTO,OL-20250411-024600-001-MA_CROSS-161,"['O-20250411-024600-001-MA_CROSS-482', 'O-20250411-024600-001-MA_CROSS-483']",,,,,['MA_CROSS'],37f4880e-bee7-4dd4-af04-a27e94af0bec,1744339560000000000,1744339560000000000,,,,,,,
BACKTESTER-001,MovingAverageCrossover-MA_CROSS,EUR/USD.IDEALPRO,IDEALPRO-1-482,EUR/USD.IDEALPRO-MovingAverageCrossover-MA_CROSS,IDEALPRO-001,IDEALPRO-1-203513,STOP_MARKET,BUY,100000.00,GTC,True,False,100000.00,TAKER,1.131709999999,9.999998999976611e-06,['2.26 USD'],NO_TRIGGER,FILLED,OUO,OL-20250411-024600-001-MA_CROSS-161,['O-20250411-024600-001-MA_CROSS-483'],O-20250411-024600-001-MA_CROSS-481,,,,['MA_CROSS_SL'],790fbbbe-c005-4473-ae07-16f45c72761c,1744339560000000000,1744341360000000000,1.13170,DEFAULT,,,,,
BACKTESTER-001,MovingAverageCrossover-MA_CROSS,EUR/USD.IDEALPRO,IDEALPRO-1-483,EUR/USD.IDEALPRO-MovingAverageCrossover-MA_CROSS,IDEALPRO-001,,LIMIT,BUY,99999.99,GTC,True,False,0.00,NO_LIQUIDITY_SIDE,,,,NO_TRIGGER,CANCELED,OUO,OL-20250411-024600-001-MA_CROSS-161,['O-20250411-024600-001-MA_CROSS-482'],O-20250411-024600-001-MA_CROSS-481,,,,['MA_CROSS_TP'],fba90f18-5b4d-477d-8b84-ca457bc67fbd,1744339560000000000,1744341360000000000,,,,,1.12270,True,
BACKTESTER-001,MovingAverageCrossover-MA_CROSS,EUR/USD.IDEALPRO,IDEALPRO-1-484,EUR/USD.IDEALPRO-MovingAverageCrossover-MA_CROSS,IDEALPRO-001,IDEALPRO-1-203515,MARKET,BUY,100000.00,GTC,False,False,100000.00,TAKER,1.132109999999,0.0,['2.26 USD'],NO_TRIGGER,FILLED,OTO,OL-20250411-031600-001-MA_CROSS-162,"['O-20250411-031600-001-MA_CROSS-485', 'O-20250411-031600-001-MA_CROSS-486']",,,,,['MA_CROSS'],781ef4f4-b4c3-4c63-bc04-eaf8f06d4f23,1744341360000000000,1744341360000000000,,,,,,,
BACKTESTER-001,MovingAverageCrossover-MA_CROSS,EUR/USD.IDEALPRO,IDEALPRO-1-485,EUR/USD.IDEALPRO-MovingAverageCrossover-MA_CROSS,IDEALPRO-001,IDEALPRO-1-203729,STOP_MARKET,SELL,100000.00,GTC,True,False,100000.00,TAKER,1.130590000001,9.999998999976611e-06,['2.26 USD'],NO_TRIGGER,FILLED,OUO,OL-20250411-031600-001-MA_CROSS-162,['O-20250411-031600-001-MA_CROSS-486'],O-20250411-031600-001-MA_CROSS-484,,,,['MA_CROSS_SL'],ec1572a3-63d8-4d9e-a8d7-22f2771cf67e,1744341360000000000,1744347720000000000,1.13060,DEFAULT,,,,,
BACKTESTER-001,MovingAverageCrossover-MA_CROSS,EUR/USD.IDEALPRO,IDEALPRO-1-486,EUR/USD.IDEALPRO-MovingAverageCrossover-MA_CROSS,IDEALPRO-001,,LIMIT,SELL,99999.99,GTC,True,False,0.00,NO_LIQUIDITY_SIDE,,,,NO_TRIGGER,CANCELED,OUO,OL-20250411-031600-001-MA_CROSS-162,['O-20250411-031600-001-MA_CROSS-485'],O-20250411-031600-001-MA_CROSS-484,,,,['MA_CROSS_TP'],15c8db53-e72d-44e3-90df-ebd4a9d9b198,1744341360000000000,1744347720000000000,,,,,1.13960,True,
BACKTESTER-001,MovingAverageCrossover-MA_CROSS,EUR/USD.IDEALPRO,IDEALPRO-1-487,EUR/USD.IDEALPRO-MovingAverageCrossover-MA_CROSS,IDEALPRO-001,IDEALPRO-1-204336,MARKET,SELL,100000.00,GTC,False,False,100000.00,TAKER,1.1358900000010002,0.0,['2.27 USD'],NO_TRIGGER,FILLED,OTO,OL-20250411-100400-001-MA_CROSS-163,"['O-20250411-100400-001-MA_CROSS-488', 'O-20250411-100400-001-MA_CROSS-489']",,,,,['MA_CROSS'],5b4ea352-d733-4dc8-9b94-6c4439b0d2d4,1744365840000000000,1744365840000000000,,,,,,,
BACKTESTER-001,MovingAverageCrossover-MA_CROSS,EUR/USD.IDEALPRO,IDEALPRO-1-488,EUR/USD.IDEALPRO-MovingAverageCrossover-MA_CROSS,IDEALPRO-001,IDEALPRO-1-204349,STOP_MARKET,BUY,100000.00,GTC,True,False,100000.00,TAKER,1.137409999999,9.999998999976611e-06,['2.27 USD'],NO_TRIGGER,FILLED,OUO,OL-20250411-100400-001-MA_CROSS-163,['O-20250411-100400-001-MA_CROSS-489'],O-20250411-100400-001-MA_CROSS-487,,,,['MA_CROSS_SL'],01d08e5f-a94e-444c-92a7-5d65fb2ecefa,1744365840000000000,1744366200000000000,1.13740,DEFAULT,,,,,
BACKTESTER-001,MovingAverageCrossover-MA_CROSS,EUR/USD.IDEALPRO,IDEALPRO-1-489,EUR/USD.IDEALPRO-MovingAverageCrossover-MA_CROSS,IDEALPRO-001,,LIMIT,BUY,99999.99,GTC,True,False,0.00,NO_LIQUIDITY_SIDE,,,,NO_TRIGGER,CANCELED,OUO,OL-20250411-100400-001-MA_CROSS-163,['O-20250411-100400-001-MA_CROSS-488'],O-20250411-100400-001-MA_CROSS-487,,,,['MA_CROSS_TP'],ef985408-fb97-42b2-bd0b-6b17a521a09a,1744365840000000000,1744366200000000000,,,,,1.12840,True,
BACKTESTER-001,MovingAverageCrossover-MA_CROSS,EUR/USD.IDEALPRO,IDEALPRO-1-490,EUR/USD.IDEALPRO-MovingAverageCrossover-MA_CROSS,IDEALPRO-001,IDEALPRO-1-204693,MARKET,BUY,100000.00,GTC,False,False,100000.00,TAKER,1.139599999999,0.0,['2.28 USD'],NO_TRIGGER,FILLED,OTO,OL-20250411-130100-001-MA_CROSS-164,"['O-20250411-130100-001-MA_CROSS-491', 'O-20250411-130100-001-MA_CROSS-492']",,,,,['MA_CROSS'],3f8ca097-3dee-4776-baeb-a5001aa8c8c0,1744376460000000000,1744376460000000000,,,,,,,
BACKTESTER-001,MovingAverageCrossover-MA_CROSS,EUR/USD.IDEALPRO,IDEALPRO-1-491,EUR/USD.IDEALPRO-MovingAverageCrossover-MA_CROSS,IDEALPRO-001,IDEALPRO-1-204771,STOP_MARKET,SELL,100000.00,GTC,True,False,100000.00,TAKER,1.1380800000009998,9.999999000198656e-06,['2.28 USD'],NO_TRIGGER,FILLED,OUO,OL-20250411-130100-001-MA_CROSS-164,['O-20250411-130100-001-MA_CROSS-492'],O-20250411-130100-001-MA_CROSS-490,,,,['MA_CROSS_SL'],f94898d3-47b1-4de0-a722-f7f0351e8bbd,1744376460000000000,1744378740000000000,1.13809,DEFAULT,,,,,
BACKTESTER-001,MovingAverageCrossover-MA_CROSS,EUR/USD.IDEALPRO,IDEALPRO-1-492,EUR/USD.IDEALPRO-MovingAverageCrossover-MA_CROSS,IDEALPRO-001,,LIMIT,SELL,99999.99,GTC,True,False,0.00,NO_LIQUIDITY_SIDE,,,,NO_TRIGGER,CANCELED,OUO,OL-20250411-130100-001-MA_CROSS-164,['O-20250411-130100-001-MA_CROSS-491'],O-20250411-130100-001-MA_CROSS-490,,,,['MA_CROSS_TP'],f3602630-a282-4628-9dac-143a0aa9f70c,1744376460000000000,1744378740000000000,,,,,1.14709,True,
BACKTESTER-001,MovingAverageCrossover-MA_CROSS,EUR/USD.IDEALPRO,IDEALPRO-1-493,EUR/USD.IDEALPRO-MovingAverageCrossover-MA_CROSS,IDEALPRO-001,IDEALPRO-1-204816,MARKET,SELL,100000.00,GTC,False,False,100000.00,TAKER,1.136120000001,0.0,['2.27 USD'],NO_TRIGGER,FILLED,OTO,OL-20250411-140000-001-MA_CROSS-165,"['O-20250411-140000-001-MA_CROSS-494', 'O-20250411-140000-001-MA_CROSS-495']",,,,,['MA_CROSS'],24ff337a-bd1b-44a2-ae0a-1b8b1aa8ea76,1744380000000000000,1744380000000000000,,,,,,,
BACKTESTER-001,MovingAverageCrossover-MA_CROSS,EUR/USD.IDEALPRO,IDEALPRO-1-494,EUR/USD.IDEALPRO-MovingAverageCrossover-MA_CROSS,IDEALPRO-001,IDEALPRO-1-204833,STOP_MARKET,BUY,100000.00,GTC,True,False,100000.00,TAKER,1.137639999999,9.999998999976611e-06,['2.28 USD'],NO_TRIGGER,FILLED,OUO,OL-20250411-140000-001-MA_CROSS-165,['O-20250411-140000-001-MA_CROSS-495'],O-20250411-140000-001-MA_CROSS-493,,,,['MA_CROSS_SL'],f252d7ed-85ce-4df8-b0f3-506d59038d73,1744380000000000000,1744380480000000000,1.13763,DEFAULT,,,,,
BACKTESTER-001,MovingAverageCrossover-MA_CROSS,EUR/USD.IDEALPRO,IDEALPRO-1-495,EUR/USD.IDEALPRO-MovingAverageCrossover-MA_CROSS,IDEALPRO-001,,LIMIT,BUY,99999.99,GTC,True,False,0.00,NO_LIQUIDITY_SIDE,,,,NO_TRIGGER,CANCELED,OUO,OL-20250411-140000-001-MA_CROSS-165,['O-20250411-140000-001-MA_CROSS-494'],O-20250411-140000-001-MA_CROSS-493,,,,['MA_CROSS_TP'],8117c443-e4f2-4e6c-9fc1-632bf27626d6,1744380000000000000,1744380480000000000,,,,,1.12863,True,
BACKTESTER-001,MovingAverageCrossover-MA_CROSS,EUR/USD.IDEALPRO,IDEALPRO-1-496,EUR/USD.IDEALPRO-MovingAverageCrossover-MA_CROSS,IDEALPRO-001,IDEALPRO-1-204864,MARKET,BUY,100000.00,GTC,False,False,100000.00,TAKER,1.137499999999,0.0,['2.27 USD'],NO_TRIGGER,FILLED,OTO,OL-20250411-142200-001-MA_CROSS-166,"['O-20250411-142200-001-MA_CROSS-497', 'O-20250411-142200-001-MA_CROSS-498']",,,,,['MA_CROSS'],d62b6541-39b4-4944-aded-75e86d332f34,1744381320000000000,1744381320000000000,,,,,,,
BACKTESTER-001,MovingAverageCrossover-MA_CROSS,EUR/USD.IDEALPRO,IDEALPRO-1-497,EUR/USD.IDEALPRO-MovingAverageCrossover-MA_CROSS,IDEALPRO-001,IDEALPRO-1-204887,STOP_MARKET,SELL,100000.00,GTC,True,False,100000.00,TAKER,1.135980000001,9.999998999976611e-06,['2.27 USD'],NO_TRIGGER,FILLED,OUO,OL-20250411-142200-001-MA_CROSS-166,['O-20250411-142200-001-MA_CROSS-498'],O-20250411-142200-001-MA_CROSS-496,,,,['MA_CROSS_SL'],00ec295f-5914-4d3d-9bf2-dcc1139a04e0,1744381320000000000,1744381980000000000,1.13599,DEFAULT,,,,,
BACKTESTER-001,MovingAverageCrossover-MA_CROSS,EUR/USD.IDEALPRO,IDEALPRO-1-498,EUR/USD.IDEALPRO-MovingAverageCrossover-MA_CROSS,IDEALPRO-001,,LIMIT,SELL,99999.99,GTC,True,False,0.00,NO_LIQUIDITY_SIDE,,,,NO_TRIGGER,CANCELED,OUO,OL-20250411-142200-001-MA_CROSS-166,['O-20250411-142200-001-MA_CROSS-497'],O-20250411-142200-001-MA_CROSS-496,,,,['MA_CROSS_TP'],10f6ebdb-68ef-4274-9fec-56b1e5db65d1,1744381320000000000,1744381980000000000,,,,,1.14499,True,
BACKTESTER-001,MovingAverageCrossover-MA_CROSS,EUR/USD.IDEALPRO,IDEALPRO-1-499,EUR/USD.IDEALPRO-MovingAverageCrossover-MA_CROSS,IDEALPRO-001,IDEALPRO-1-204893,MARKET,SELL,100000.00,GTC,False,False,100000.00,TAKER,1.134580000001,0.0,['2.27 USD'],NO_TRIGGER,FILLED,OTO,OL-20250411-143500-001-MA_CROSS-167,"['O-20250411-143500-001-MA_CROSS-500', 'O-20250411-143500-001-MA_CROSS-501']",,,,,['MA_CROSS'],59e34ed6-f8b6-4046-ae74-52f85abfbe3d,1744382100000000000,1744382100000000000,,,,,,,
BACKTESTER-001,MovingAverageCrossover-MA_CROSS,EUR/USD.IDEALPRO,IDEALPRO-1-500,EUR/USD.IDEALPRO-MovingAverageCrossover-MA_CROSS,IDEALPRO-001,IDEALPRO-1-204907,STOP_MARKET,BUY,100000.00,GTC,True,False,100000.00,TAKER,1.1360999999990002,9.999999000198656e-06,['2.27 USD'],NO_TRIGGER,FILLED,OUO,OL-20250411-143500-001-MA_CROSS-167,['O-20250411-143500-001-MA_CROSS-501'],O-20250411-143500-001-MA_CROSS-499,,,,['MA_CROSS_SL'],de669de3-2cd7-491b-9d1a-97d7879d4bfd,1744382100000000000,1744382460000000000,1.13609,DEFAULT,,,,,
BACKTESTER-001,MovingAverageCrossover-MA_CROSS,EUR/USD.IDEALPRO,IDEALPRO-1-501,EUR/USD.IDEALPRO-MovingAverageCrossover-MA_CROSS,IDEALPRO-001,,LIMIT,BUY,99999.99,GTC,True,False,0.00,NO_LIQUIDITY_SIDE,,,,NO_TRIGGER,CANCELED,OUO,OL-20250411-143500-001-MA_CROSS-167,['O-20250411-143500-001-MA_CROSS-500'],O-20250411-143500-001-MA_CROSS-499,,,,['MA_CROSS_TP'],2c782d0c-d0c5-4695-bfa7-26192fd5ca62,1744382100000000000,1744382460000000000,,,,,1.12709,True,
BACKTESTER-001,MovingAverageCrossover-MA_CROSS,EUR/USD.IDEALPRO,IDEALPRO-1-502,EUR/USD.IDEALPRO-MovingAverageCrossover-MA_CROSS,IDEALPRO-001,IDEALPRO-1-205279,MARKET,BUY,100000.00,GTC,False,False,100000.00,TAKER,1.1313899999989998,0.0,['2.26 USD'],NO_TRIGGER,FILLED,OTO,OL-20250411-174600-001-MA_CROSS-168,"['O-20250411-174600-001-MA_CROSS-503', 'O-20250411-174600-001-MA_CROSS-504']",,,,,['MA_CROSS'],51c3d608-b2e0-4eeb-80aa-96e6e86b8069,1744393560000000000,1744393560000000000,,,,,,,
BACKTESTER-001,MovingAverageCrossover-MA_CROSS,EUR/USD.IDEALPRO,IDEALPRO-1-503,EUR/USD.IDEALPRO-MovingAverageCrossover-MA_CROSS,IDEALPRO-001,IDEALPRO-1-205303,STOP_MARKET,SELL,100000.00,GTC,True,False,100000.00,TAKER,1.1298700000009998,9.999999000198656e-06,['2.26 USD'],NO_TRIGGER,FILLED,OUO,OL-20250411-174600-001-MA_CROSS-168,['O-20250411-174600-001-MA_CROSS-504'],O-20250411-174600-001-MA_CROSS-502,,,,['MA_CROSS_SL'],a5ef077b-53ee-4a39-aa85-65a08176cfac,1744393560000000000,1744394220000000000,1.12988,DEFAULT,,,,,
BACKTESTER-001,MovingAverageCrossover-MA_CROSS,EUR/USD.IDEALPRO,IDEALPRO-1-504,EUR/USD.IDEALPRO-MovingAverageCrossover-MA_CROSS,IDEALPRO-001,,LIMIT,SELL,99999.99,GTC,True,False,0.00,NO_LIQUIDITY_SIDE,,,,NO_TRIGGER,CANCELED,OUO,OL-20250411-174600-001-MA_CROSS-168,['O-20250411-174600-001-MA_CROSS-503'],O-20250411-174600-001-MA_CROSS-502,,,,['MA_CROSS_TP'],abf6bf93-43fd-454e-bbeb-05f7005bc891,1744393560000000000,1744394220000000000,,,,,1.13888,True,
BACKTESTER-001,MovingAverageCrossover-MA_CROSS,EUR/USD.IDEALPRO,IDEALPRO-1-505,EUR/USD.IDEALPRO-MovingAverageCrossover-MA_CROSS,IDEALPRO-001,IDEALPRO-1-205312,MARKET,SELL,100000.00,GTC,False,False,100000.00,TAKER,1.128560000001,0.0,['2.26 USD'],NO_TRIGGER,FILLED,OTO,OL-20250411-180000-001-MA_CROSS-169,"['O-20250411-180000-001-MA_CROSS-506', 'O-20250411-180000-001-MA_CROSS-507']",,,,,['MA_CROSS'],026fcb38-dd0b-44c5-8d07-444c63d21c54,1744394400000000000,1744394400000000000,,,,,,,
BACKTESTER-001,MovingAverageCrossover-MA_CROSS,EUR/USD.IDEALPRO,IDEALPRO-1-506,EUR/USD.IDEALPRO-MovingAverageCrossover-MA_CROSS,IDEALPRO-001,IDEALPRO-1-205325,STOP_MARKET,BUY,100000.00,GTC,True,False,100000.00,TAKER,1.1300799999989999,9.999998999976611e-06,['2.26 USD'],NO_TRIGGER,FILLED,OUO,OL-20250411-180000-001-MA_CROSS-169,['O-20250411-180000-001-MA_CROSS-507'],O-20250411-180000-001-MA_CROSS-505,,,,['MA_CROSS_SL'],72ad0ffe-f11c-435a-b1e3-b481a8151c39,1744394400000000000,1744394760000000000,1.13007,DEFAULT,,,,,
BACKTESTER-001,MovingAverageCrossover-MA_CROSS,EUR/USD.IDEALPRO,IDEALPRO-1-507,EUR/USD.IDEALPRO-MovingAverageCrossover-MA_CROSS,IDEALPRO-001,,LIMIT,BUY,99999.99,GTC,True,False,0.00,NO_LIQUIDITY_SIDE,,,,NO_TRIGGER,CANCELED,OUO,OL-20250411-180000-001-MA_CROSS-169,['O-20250411-180000-001-MA_CROSS-506'],O-20250411-180000-001-MA_CROSS-505,,,,['MA_CROSS_TP'],e9423ddc-dcf1-427d-aabd-cb925baae568,1744394400000000000,1744394760000000000,,,,,1.12107,True,
BACKTESTER-001,MovingAverageCrossover-MA_CROSS,EUR/USD.IDEALPRO,IDEALPRO-1-508,EUR/USD.IDEALPRO-MovingAverageCrossover-MA_CROSS,IDEALPRO-001,IDEALPRO-1-205902,MARKET,BUY,100000.00,GTC,False,False,100000.00,TAKER,1.1340799999989999,0.0,['2.27 USD'],NO_TRIGGER,FILLED,OTO,OL-20250413-230800-001-MA_CROSS-170,"['O-20250413-230800-001-MA_CROSS-509', 'O-20250413-230800-001-MA_CROSS-510']",,,,,['MA_CROSS'],695a3949-0736-4e86-b7db-6f61039304f4,1744585680000000000,1744585680000000000,,,,,,,
BACKTESTER-001,MovingAverageCrossover-MA_CROSS,EUR/USD.IDEALPRO,IDEALPRO-1-509,EUR/USD.IDEALPRO-MovingAverageCrossover-MA_CROSS,IDEALPRO-001,IDEALPRO-1-205947,STOP_MARKET,SELL,100000.00,GTC,True,False,100000.00,TAKER,1.132560000001,9.999998999976611e-06,['2.27 USD'],NO_TRIGGER,FILLED,OUO,OL-20250413-230800-001-MA_CROSS-170,['O-20250413-230800-001-MA_CROSS-510'],O-20250413-230800-001-MA_CROSS-508,,,,['MA_CROSS_SL'],a74265a3-0672-4a9d-89e0-2bb929a7bb8b,1744585680000000000,1744587000000000000,1.13257,DEFAULT,,,,,
BACKTESTER-001,MovingAverageCrossover-MA_CROSS,EUR/USD.IDEALPRO,IDEALPRO-1-510,EUR/USD.IDEALPRO-MovingAverageCrossover-MA_CROSS,IDEALPRO-001,,LIMIT,SELL,99999.99,GTC,True,False,0.00,NO_LIQUIDITY_SIDE,,,,NO_TRIGGER,CANCELED,OUO,OL-20250413-230800-001-MA_CROSS-170,['O-20250413-230800-001-MA_CROSS-509'],O-20250413-230800-001-MA_CROSS-508,,,,['MA_CROSS_TP'],8745c669-c308-4b10-ab71-74d22f696614,1744585680000000000,1744587000000000000,,,,,1.14157,True,
BACKTESTER-001,MovingAverageCrossover-MA_CROSS,EUR/USD.IDEALPRO,IDEALPRO-1-511,EUR/USD.IDEALPRO-MovingAverageCrossover-MA_CROSS,IDEALPRO-001,IDEALPRO-1-206362,MARKET,SELL,100000.00,GTC,False,False,100000.00,TAKER,1.1377900000010002,0.0,['2.28 USD'],NO_TRIGGER,FILLED,OTO,OL-20250414-025600-001-MA_CROSS-171,"['O-20250414-025600-001-MA_CROSS-512', 'O-20250414-025600-001-MA_CROSS-513']",,,,,['MA_CROSS'],1b74cb81-3a71-4476-a6d2-bc010674d2dc,1744599360000000000,1744599360000000000,,,,,,,
BACKTESTER-001,MovingAverageCrossover-MA_CROSS,EUR/USD.IDEALPRO,IDEALPRO-1-512,EUR/USD.IDEALPRO-MovingAverageCrossover-MA_CROSS,IDEALPRO-001,IDEALPRO-1-206745,STOP_MARKET,BUY,100000.00,GTC,True,False,100000.00,TAKER,1.139309999999,9.999998999976611e-06,['2.28 USD'],NO_TRIGGER,FILLED,OUO,OL-20250414-025600-001-MA_CROSS-171,['O-20250414-025600-001-MA_CROSS-513'],O-20250414-025600-001-MA_CROSS-511,,,,['MA_CROSS_SL'],68bbcbc3-8d9d-4b17-9044-4dede8694393,1744599360000000000,1744610820000000000,1.13930,DEFAULT,,,,,
BACKTESTER-001,MovingAverageCrossover-MA_CROSS,EUR/USD.IDEALPRO,IDEALPRO-1-513,EUR/USD.IDEALPRO-MovingAverageCrossover-MA_CROSS,IDEALPRO-001,,LIMIT,BUY,99999.99,GTC,True,False,0.00,NO_LIQUIDITY_SIDE,,,,NO_TRIGGER,CANCELED,OUO,OL-20250414-025600-001-MA_CROSS-171,['O-20250414-025600-001-MA_CROSS-512'],O-20250414-025600-001-MA_CROSS-511,,,,['MA_CROSS_TP'],b1cd4d50-7212-4d7b-96a0-d40576d74904,1744599360000000000,1744610820000000000,,,,,1.13030,True,
BACKTESTER-001,MovingAverageCrossover-MA_CROSS,EUR/USD.IDEALPRO,IDEALPRO-1-514,EUR/USD.IDEALPRO-MovingAverageCrossover-MA_CROSS,IDEALPRO-001,IDEALPRO-1-207129,MARKET,BUY,100000.00,GTC,False,False,100000.00,TAKER,1.1402999999990002,0.0,['2.28 USD'],NO_TRIGGER,FILLED,OTO,OL-20250414-091800-001-MA_CROSS-172,"['O-20250414-091800-001-MA_CROSS-515', 'O-20250414-091800-001-MA_CROSS-516']",,,,,['MA_CROSS'],5eece0a5-5718-4748-b324-35197aa55a16,1744622280000000000,1744622280000000000,,,,,,,
BACKTESTER-001,MovingAverageCrossover-MA_CROSS,EUR/USD.IDEALPRO,IDEALPRO-1-515,EUR/USD.IDEALPRO-MovingAverageCrossover-MA_CROSS,IDEALPRO-001,IDEALPRO-1-207213,STOP_MARKET,SELL,100000.00,GTC,True,False,100000.00,TAKER,1.138780000001,9.999998999976611e-06,['2.28 USD'],NO_TRIGGER,FILLED,OUO,OL-20250414-091800-001-MA_CROSS-172,['O-20250414-091800-001-MA_CROSS-516'],O-20250414-091800-001-MA_CROSS-514,,,,['MA_CROSS_SL'],4a8c34a1-6071-4743-81ff-97b1f6b139c2,1744622280000000000,1744624740000000000,1.13879,DEFAULT,,,,,
BACKTESTER-001,MovingAverageCrossover-MA_CROSS,EUR/USD.IDEALPRO,IDEALPRO-1-516,EUR/USD.IDEALPRO-MovingAverageCrossover-MA_CROSS,IDEALPRO-001,,LIMIT,SELL,99999.99,GTC,True,False,0.00,NO_LIQUIDITY_SIDE,,,,NO_TRIGGER,CANCELED,OUO,OL-20250414-091800-001-MA_CROSS-172,['O-20250414-091800-001-MA_CROSS-515'],O-20250414-091800-001-MA_CROSS-514,,,,['MA_CROSS_TP'],3c6be9e1-3c77-47a2-8c4d-bac94731423f,1744622280000000000,1744624740000000000,,,,,1.14779,True,
BACKTESTER-001,MovingAverageCrossover-MA_CROSS,EUR/USD.IDEALPRO,IDEALPRO-1-517,EUR/USD.IDEALPRO-MovingAverageCrossover-MA_CROSS,IDEALPRO-001,IDEALPRO-1-207216,MARKET,SELL,100000.00,GTC,False,False,100000.00,TAKER,1.1389000000010001,0.0,['2.28 USD'],NO_TRIGGER,FILLED,OTO,OL-20250414-095900-001-MA_CROSS-173,"['O-20250414-095900-001-MA_CROSS-518', 'O-20250414-095900-001-MA_CROSS-519']",,,,,['MA_CROSS'],1b974919-24e0-402a-a7be-b9ecdc926e96,1744624740000000000,1744624740000000000,,,,,,,
BACKTESTER-001,MovingAverageCrossover-MA_CROSS,EUR/USD.IDEALPRO,IDEALPRO-1-518,EUR/USD.IDEALPRO-MovingAverageCrossover-MA_CROSS,IDEALPRO-001,IDEALPRO-1-207437,STOP_MARKET,BUY,100000.00,GTC,True,False,100000.00,TAKER,1.140419999999,9.999998999976611e-06,['2.28 USD'],NO_TRIGGER,FILLED,OUO,OL-20250414-095900-001-MA_CROSS-173,['O-20250414-095900-001-MA_CROSS-519'],O-20250414-095900-001-MA_CROSS-517,,,,['MA_CROSS_SL'],1f0ff427-e0d3-4171-bd45-5325aa3951f2,1744624740000000000,1744631340000000000,1.14041,DEFAULT,,,,,
BACKTESTER-001,MovingAverageCrossover-MA_CROSS,EUR/USD.IDEALPRO,IDEALPRO-1-519,EUR/USD.IDEALPRO-MovingAverageCrossover-MA_CROSS,IDEALPRO-001,,LIMIT,BUY,99999.99,GTC,True,False,0.00,NO_LIQUIDITY_SIDE,,,,NO_TRIGGER,CANCELED,OUO,OL-20250414-095900-001-MA_CROSS-173,['O-20250414-095900-001-MA_CROSS-518'],O-20250414-095900-001-MA_CROSS-517,,,,['MA_CROSS_TP'],acbae999-5126-4990-bb9d-e3962603f63c,1744624740000000000,1744631340000000000,,,,,1.13141,True,
BACKTESTER-001,MovingAverageCrossover-MA_CROSS,EUR/USD.IDEALPRO,IDEALPRO-1-520,EUR/USD.IDEALPRO-MovingAverageCrossover-MA_CROSS,IDEALPRO-001,IDEALPRO-1-207439,MARKET,BUY,100000.00,GTC,False,False,100000.00,TAKER,1.1404099999989998,0.0,['2.28 USD'],NO_TRIGGER,FILLED,OTO,OL-20250414-114900-001-MA_CROSS-174,"['O-20250414-114900-001-MA_CROSS-521', 'O-20250414-114900-001-MA_CROSS-522']",,,,,['MA_CROSS'],446623ae-7e4b-4966-9fdd-f2e6e9c1827d,1744631340000000000,1744631340000000000,,,,,,,
BACKTESTER-001,MovingAverageCrossover-MA_CROSS,EUR/USD.IDEALPRO,IDEALPRO-1-521,EUR/USD.IDEALPRO-MovingAverageCrossover-MA_CROSS,IDEALPRO-001,IDEALPRO-1-207455,STOP_MARKET,SELL,100000.00,GTC,True,False,100000.00,TAKER,1.138890000001,9.999998999976611e-06,['2.28 USD'],NO_TRIGGER,FILLED,OUO,OL-20250414-114900-001-MA_CROSS-174,['O-20250414-114900-001-MA_CROSS-522'],O-20250414-114900-001-MA_CROSS-520,,,,['MA_CROSS_SL'],a74284c0-5e0a-45d7-9515-bd27e5033cd4,1744631340000000000,1744631760000000000,1.13890,DEFAULT,,,,,
BACKTESTER-001,MovingAverageCrossover-MA_CROSS,EUR/USD.IDEALPRO,IDEALPRO-1-522,EUR/USD.IDEALPRO-MovingAverageCrossover-MA_CROSS,IDEALPRO-001,,LIMIT,SELL,99999.99,GTC,True,False,0.00,NO_LIQUIDITY_SIDE,,,,NO_TRIGGER,CANCELED,OUO,OL-20250414-114900-001-MA_CROSS-174,['O-20250414-114900-001-MA_CROSS-521'],O-20250414-114900-001-MA_CROSS-520,,,,['MA_CROSS_TP'],57009cef-7fba-4699-8d54-79634ba58f2a,1744631340000000000,1744631760000000000,,,,,1.14790,True,
BACKTESTER-001,MovingAverageCrossover-MA_CROSS,EUR/USD.IDEALPRO,IDEALPRO-1-523,EUR/USD.IDEALPRO-MovingAverageCrossover-MA_CROSS,IDEALPRO-001,IDEALPRO-1-207587,MARKET,SELL,100000.00,GTC,False,False,100000.00,TAKER,1.133810000001,0.0,['2.27 USD'],NO_TRIGGER,FILLED,OTO,OL-20250414-130100-001-MA_CROSS-175,"['O-20250414-130100-001-MA_CROSS-524', 'O-20250414-130100-001-MA_CROSS-525']",,,,,['MA_CROSS'],b66a1eff-9753-4d44-9feb-9dc6df8fe491,1744635660000000000,1744635660000000000,,,,,,,
BACKTESTER-001,MovingAverageCrossover-MA_CROSS,EUR/USD.IDEALPRO,IDEALPRO-1-524,EUR/USD.IDEALPRO-MovingAverageCrossover-MA_CROSS,IDEALPRO-001,IDEALPRO-1-207769,STOP_MARKET,BUY,100000.00,GTC,True,False,100000.00,TAKER,1.135329999999,9.999998999976611e-06,['2.27 USD'],NO_TRIGGER,FILLED,OUO,OL-20250414-130100-001-MA_CROSS-175,['O-20250414-130100-001-MA_CROSS-525'],O-20250414-130100-001-MA_CROSS-523,,,,['MA_CROSS_SL'],dd178ce1-f6f5-4970-b3af-b71740b9f09a,1744635660000000000,1744641060000000000,1.13532,DEFAULT,,,,,
BACKTESTER-001,MovingAverageCrossover-MA_CROSS,EUR/USD.IDEALPRO,IDEALPRO-1-525,EUR/USD.IDEALPRO-MovingAverageCrossover-MA_CROSS,IDEALPRO-001,,LIMIT,BUY,99999.99,GTC,True,False,0.00,NO_LIQUIDITY_SIDE,,,,NO_TRIGGER,CANCELED,OUO,OL-20250414-130100-001-MA_CROSS-175,['O-20250414-130100-001-MA_CROSS-524'],O-20250414-130100-001-MA_CROSS-523,,,,['MA_CROSS_TP'],42fda235-2d29-4f63-a42e-eca44d15047a,1744635660000000000,1744641060000000000,,,,,1.12632,True,
BACKTESTER-001,MovingAverageCrossover-MA_CROSS,EUR/USD.IDEALPRO,IDEALPRO-1-526,EUR/USD.IDEALPRO-MovingAverageCrossover-MA_CROSS,IDEALPRO-001,IDEALPRO-1-207771,MARKET,BUY,100000.00,GTC,False,False,100000.00,TAKER,1.135369999999,0.0,['2.27 USD'],NO_TRIGGER,FILLED,OTO,OL-20250414-143100-001-MA_CROSS-176,"['O-20250414-143100-001-MA_CROSS-527', 'O-20250414-143100-001-MA_CROSS-528']",,,,,['MA_CROSS'],2555e98b-6412-4fb1-8364-b91785fc51a3,1744641060000000000,1744641060000000000,,,,,,,
BACKTESTER-001,MovingAverageCrossover-MA_CROSS,EUR/USD.IDEALPRO,IDEALPRO-1-527,EUR/USD.IDEALPRO-MovingAverageCrossover-MA_CROSS,IDEALPRO-001,IDEALPRO-1-208061,STOP_MARKET,SELL,100000.00,GTC,True,False,100000.00,TAKER,1.1338500000010001,9.999998999976611e-06,['2.27 USD'],NO_TRIGGER,FILLED,OUO,OL-20250414-143100-001-MA_CROSS-176,['O-20250414-143100-001-MA_CROSS-528'],O-20250414-143100-001-MA_CROSS-526,,,,['MA_CROSS_SL'],ac30fff8-82c5-4460-bd4c-4582736a967d,1744641060000000000,1744649700000000000,1.13386,DEFAULT,,,,,
BACKTESTER-001,MovingAverageCrossover-MA_CROSS,EUR/USD.IDEALPRO,IDEALPRO-1-528,EUR/USD.IDEALPRO-MovingAverageCrossover-MA_CROSS,IDEALPRO-001,,LIMIT,SELL,99999.99,GTC,True,False,0.00,NO_LIQUIDITY_SIDE,,,,NO_TRIGGER,CANCELED,OUO,OL-20250414-143100-001-MA_CROSS-176,['O-20250414-143100-001-MA_CROSS-527'],O-20250414-143100-001-MA_CROSS-526,,,,['MA_CROSS_TP'],82e15dff-2569-488a-bc8c-8d496b9c69d2,1744641060000000000,1744649700000000000,,,,,1.14286,True,
BACKTESTER-001,MovingAverageCrossover-MA_CROSS,EUR/USD.IDEALPRO,IDEALPRO-1-529,EUR/USD.IDEALPRO-MovingAverageCrossover-MA_CROSS,IDEALPRO-001,IDEALPRO-1-208063,MARKET,SELL,100000.00,GTC,False,False,100000.00,TAKER,1.1338500000010001,0.0,['2.27 USD'],NO_TRIGGER,FILLED,OTO,OL-20250414-165500-001-MA_CROSS-177,"['O-20250414-165500-001-MA_CROSS-530', 'O-20250414-165500-001-MA_CROSS-531']",,,,,['MA_CROSS'],e5ca8c47-fed8-4e21-8f4f-d5a8514c5f5c,1744649700000000000,1744649700000000000,,,,,,,
BACKTESTER-001,MovingAverageCrossover-MA_CROSS,EUR/USD.IDEALPRO,IDEALPRO-1-530,EUR/USD.IDEALPRO-MovingAverageCrossover-MA_CROSS,IDEALPRO-001,IDEALPRO-1-208313,STOP_MARKET,BUY,100000.00,GTC,True,False,100000.00,TAKER,1.135369999999,9.999998999976611e-06,['2.27 USD'],NO_TRIGGER,FILLED,OUO,OL-20250414-165500-001-MA_CROSS-177,['O-20250414-165500-001-MA_CROSS-531'],O-20250414-165500-001-MA_CROSS-529,,,,['MA_CROSS_SL'],82dce10c-0b3a-439f-8b0f-38f153c77805,1744649700000000000,1744657140000000000,1.13536,DEFAULT,,,,,
BACKTESTER-001,MovingAverageCrossover-MA_CROSS,EUR/USD.IDEALPRO,IDEALPRO-1-531,EUR/USD.IDEALPRO-MovingAverageCrossover-MA_CROSS,IDEALPRO-001,,LIMIT,BUY,99999.99,GTC,True,False,0.00,NO_LIQUIDITY_SIDE,,,,NO_TRIGGER,CANCELED,OUO,OL-20250414-165500-001-MA_CROSS-177,['O-20250414-165500-001-MA_CROSS-530'],O-20250414-165500-001-MA_CROSS-529,,,,['MA_CROSS_TP'],74d78312-5d13-40c7-b74a-e62692ade0b7,1744649700000000000,1744657140000000000,,,,,1.12636,True,
BACKTESTER-001,MovingAverageCrossover-MA_CROSS,EUR/USD.IDEALPRO,IDEALPRO-1-532,EUR/USD.IDEALPRO-MovingAverageCrossover-MA_CROSS,IDEALPRO-001,IDEALPRO-1-208632,MARKET,BUY,100000.00,GTC,False,False,100000.00,TAKER,1.135569999999,0.0,['2.27 USD'],NO_TRIGGER,FILLED,OTO,OL-20250414-215200-001-MA_CROSS-178,"['O-20250414-215200-001-MA_CROSS-533', 'O-20250414-215200-001-MA_CROSS-534']",,,,,['MA_CROSS'],81c68b35-a3eb-4f1d-9a7a-5b317eae2b88,1744667520000000000,1744667520000000000,,,,,,,
BACKTESTER-001,MovingAverageCrossover-MA_CROSS,EUR/USD.IDEALPRO,IDEALPRO-1-533,EUR/USD.IDEALPRO-MovingAverageCrossover-MA_CROSS,IDEALPRO-001,IDEALPRO-1-208801,STOP_MARKET,SELL,100000.00,GTC,True,False,100000.00,TAKER,1.134050000001,9.999998999976611e-06,['2.27 USD'],NO_TRIGGER,FILLED,OUO,OL-20250414-215200-001-MA_CROSS-178,['O-20250414-215200-001-MA_CROSS-534'],O-20250414-215200-001-MA_CROSS-532,,,,['MA_CROSS_SL'],0201a195-b0cc-4754-bba4-c9f1d7554aae,1744667520000000000,1744672560000000000,1.13406,DEFAULT,,,,,
BACKTESTER-001,MovingAverageCrossover-MA_CROSS,EUR/USD.IDEALPRO,IDEALPRO-1-534,EUR/USD.IDEALPRO-MovingAverageCrossover-MA_CROSS,IDEALPRO-001,,LIMIT,SELL,99999.99,GTC,True,False,0.00,NO_LIQUIDITY_SIDE,,,,NO_TRIGGER,CANCELED,OUO,OL-20250414-215200-001-MA_CROSS-178,['O-20250414-215200-001-MA_CROSS-533'],O-20250414-215200-001-MA_CROSS-532,,,,['MA_CROSS_TP'],7a3ae27b-8106-43ad-bff9-3f8c7da8d082,1744667520000000000,1744672560000000000,,,,,1.14306,True,
BACKTESTER-001,MovingAverageCrossover-MA_CROSS,EUR/USD.IDEALPRO,IDEALPRO-1-535,EUR/USD.IDEALPRO-MovingAverageCrossover-MA_CROSS,IDEALPRO-001,IDEALPRO-1-208803,MARKET,SELL,100000.00,GTC,False,False,100000.00,TAKER,1.134090000001,0.0,['2.27 USD'],NO_TRIGGER,FILLED,OTO,OL-20250414-231600-001-MA_CROSS-179,"['O-20250414-231600-001-MA_CROSS-536', 'O-20250414-231600-001-MA_CROSS-537']",,,,,['MA_CROSS'],45b3c347-e129-440a-95b9-1341154dfb79,1744672560000000000,1744672560000000000,,,,,,,
BACKTESTER-001,MovingAverageCrossover-MA_CROSS,EUR/USD.IDEALPRO,IDEALPRO-1-536,EUR/USD.IDEALPRO-MovingAverageCrossover-MA_CROSS,IDEALPRO-001,IDEALPRO-1-209429,STOP_MARKET,BUY,100000.00,GTC,True,False,100000.00,TAKER,1.135609999999,9.999998999976611e-06,['2.27 USD'],NO_TRIGGER,FILLED,OUO,OL-20250414-231600-001-MA_CROSS-179,['O-20250414-231600-001-MA_CROSS-537'],O-20250414-231600-001-MA_CROSS-535,,,,['MA_CROSS_SL'],5df68ba7-03c4-4c55-905d-286a635ebbb7,1744672560000000000,1744691280000000000,1.13560,DEFAULT,,,,,
BACKTESTER-001,MovingAverageCrossover-MA_CROSS,EUR/USD.IDEALPRO,IDEALPRO-1-537,EUR/USD.IDEALPRO-MovingAverageCrossover-MA_CROSS,IDEALPRO-001,,LIMIT,BUY,99999.99,GTC,True,False,0.00,NO_LIQUIDITY_SIDE,,,,NO_TRIGGER,CANCELED,OUO,OL-20250414-231600-001-MA_CROSS-179,['O-20250414-231600-001-MA_CROSS-536'],O-20250414-231600-001-MA_CROSS-535,,,,['MA_CROSS_TP'],a632373b-6eba-4b2c-83f0-38c592048429,1744672560000000000,1744691280000000000,,,,,1.12660,True,
BACKTESTER-001,MovingAverageCrossover-MA_CROSS,EUR/USD.IDEALPRO,IDEALPRO-1-538,EUR/USD.IDEALPRO-MovingAverageCrossover-MA_CROSS,IDEALPRO-001,IDEALPRO-1-209847,MARKET,BUY,100000.00,GTC,False,False,100000.00,TAKER,1.135569999999,0.0,['2.27 USD'],NO_TRIGGER,FILLED,OTO,OL-20250415-075600-001-MA_CROSS-180,"['O-20250415-075600-001-MA_CROSS-539', 'O-20250415-075600-001-MA_CROSS-540']",,,,,['MA_CROSS'],e2ded30b-978a-4022-ac67-389d2a8b66ce,1744703760000000000,1744703760000000000,,,,,,,
BACKTESTER-001,MovingAverageCrossover-MA_CROSS,EUR/USD.IDEALPRO,IDEALPRO-1-539,EUR/USD.IDEALPRO-MovingAverageCrossover-MA_CROSS,IDEALPRO-001,IDEALPRO-1-210001,STOP_MARKET,SELL,100000.00,GTC,True,False,100000.00,TAKER,1.134050000001,9.999998999976611e-06,['2.27 USD'],NO_TRIGGER,FILLED,OUO,OL-20250415-075600-001-MA_CROSS-180,['O-20250415-075600-001-MA_CROSS-540'],O-20250415-075600-001-MA_CROSS-538,,,,['MA_CROSS_SL'],7eb037c4-eefe-41e1-8861-6dc1ae69e7f2,1744703760000000000,1744708320000000000,1.13406,DEFAULT,,,,,
BACKTESTER-001,MovingAverageCrossover-MA_CROSS,EUR/USD.IDEALPRO,IDEALPRO-1-540,EUR/USD.IDEALPRO-MovingAverageCrossover-MA_CROSS,IDEALPRO-001,,LIMIT,SELL,99999.99,GTC,True,False,0.00,NO_LIQUIDITY_SIDE,,,,NO_TRIGGER,CANCELED,OUO,OL-20250415-075600-001-MA_CROSS-180,['O-20250415-075600-001-MA_CROSS-539'],O-20250415-075600-001-MA_CROSS-538,,,,['MA_CROSS_TP'],20afda70-a445-4e20-ac39-c83a08380c4f,1744703760000000000,1744708320000000000,,,,,1.14306,True,
BACKTESTER-001,MovingAverageCrossover-MA_CROSS,EUR/USD.IDEALPRO,IDEALPRO-1-541,EUR/USD.IDEALPRO-MovingAverageCrossover-MA_CROSS,IDEALPRO-001,IDEALPRO-1-210003,MARKET,SELL,100000.00,GTC,False,False,100000.00,TAKER,1.1335900000010002,0.0,['2.27 USD'],NO_TRIGGER,FILLED,OTO,OL-20250415-091200-001-MA_CROSS-181,"['O-20250415-091200-001-MA_CROSS-542', 'O-20250415-091200-001-MA_CROSS-543']",,,,,['MA_CROSS'],3ae49645-71c3-4a7e-a643-9bd6d381b411,1744708320000000000,1744708320000000000,,,,,,,
BACKTESTER-001,MovingAverageCrossover-MA_CROSS,EUR/USD.IDEALPRO,IDEALPRO-1-542,EUR/USD.IDEALPRO-MovingAverageCrossover-MA_CROSS,IDEALPRO-001,IDEALPRO-1-210043,STOP_MARKET,BUY,100000.00,GTC,True,False,100000.00,TAKER,1.135109999999,9.999998999976611e-06,['2.27 USD'],NO_TRIGGER,FILLED,OUO,OL-20250415-091200-001-MA_CROSS-181,['O-20250415-091200-001-MA_CROSS-543'],O-20250415-091200-001-MA_CROSS-541,,,,['MA_CROSS_SL'],e120b13c-c742-482d-88a4-f7a0fdd86c3f,1744708320000000000,1744709460000000000,1.13510,DEFAULT,,,,,
BACKTESTER-001,MovingAverageCrossover-MA_CROSS,EUR/USD.IDEALPRO,IDEALPRO-1-543,EUR/USD.IDEALPRO-MovingAverageCrossover-MA_CROSS,IDEALPRO-001,,LIMIT,BUY,99999.99,GTC,True,False,0.00,NO_LIQUIDITY_SIDE,,,,NO_TRIGGER,CANCELED,OUO,OL-20250415-091200-001-MA_CROSS-181,['O-20250415-091200-001-MA_CROSS-542'],O-20250415-091200-001-MA_CROSS-541,,,,['MA_CROSS_TP'],5870b1b3-8158-46f3-af71-c930e5299baa,1744708320000000000,1744709460000000000,,,,,1.12610,True,
BACKTESTER-001,MovingAverageCrossover-MA_CROSS,EUR/USD.IDEALPRO,IDEALPRO-1-544,EUR/USD.IDEALPRO-MovingAverageCrossover-MA_CROSS,IDEALPRO-001,IDEALPRO-1-210682,MARKET,BUY,100000.00,GTC,False,False,100000.00,TAKER,1.132369999999,0.0,['2.26 USD'],NO_TRIGGER,FILLED,OTO,OL-20250415-144900-001-MA_CROSS-182,"['O-20250415-144900-001-MA_CROSS-545', 'O-20250415-144900-001-MA_CROSS-546']",,,,,['MA_CROSS'],9a90530d-8834-4243-a045-01a140819dfd,1744728540000000000,1744728540000000000,,,,,,,
BACKTESTER-001,MovingAverageCrossover-MA_CROSS,EUR/USD.IDEALPRO,IDEALPRO-1-545,EUR/USD.IDEALPRO-MovingAverageCrossover-MA_CROSS,IDEALPRO-001,IDEALPRO-1-210761,STOP_MARKET,SELL,100000.00,GTC,True,False,100000.00,TAKER,1.1308500000009998,9.999999000198656e-06,['2.26 USD'],NO_TRIGGER,FILLED,OUO,OL-20250415-144900-001-MA_CROSS-182,['O-20250415-144900-001-MA_CROSS-546'],O-20250415-144900-001-MA_CROSS-544,,,,['MA_CROSS_SL'],7aaf9bae-ccd5-4133-96d0-df98ea2e8206,1744728540000000000,1744730880000000000,1.13086,DEFAULT,,,,,
BACKTESTER-001,MovingAverageCrossover-MA_CROSS,EUR/USD.IDEALPRO,IDEALPRO-1-546,EUR/USD.IDEALPRO-MovingAverageCrossover-MA_CROSS,IDEALPRO-001,,LIMIT,SELL,99999.99,GTC,True,False,0.00,NO_LIQUIDITY_SIDE,,,,NO_TRIGGER,CANCELED,OUO,OL-20250415-144900-001-MA_CROSS-182,['O-20250415-144900-001-MA_CROSS-545'],O-20250415-144900-001-MA_CROSS-544,,,,['MA_CROSS_TP'],470c990e-c4e2-43d7-8e5b-009f49a43c3a,1744728540000000000,1744730880000000000,,,,,1.13986,True,
BACKTESTER-001,MovingAverageCrossover-MA_CROSS,EUR/USD.IDEALPRO,IDEALPRO-1-547,EUR/USD.IDEALPRO-MovingAverageCrossover-MA_CROSS,IDEALPRO-001,IDEALPRO-1-210829,MARKET,SELL,100000.00,GTC,False,False,100000.00,TAKER,1.129020000001,0.0,['2.26 USD'],NO_TRIGGER,FILLED,OTO,OL-20250415-160100-001-MA_CROSS-183,"['O-20250415-160100-001-MA_CROSS-548', 'O-20250415-160100-001-MA_CROSS-549']",,,,,['MA_CROSS'],a63d0216-efe2-4ead-880a-842601dbe6c5,1744732860000000000,1744732860000000000,,,,,,,
BACKTESTER-001,MovingAverageCrossover-MA_CROSS,EUR/USD.IDEALPRO,IDEALPRO-1-548,EUR/USD.IDEALPRO-MovingAverageCrossover-MA_CROSS,IDEALPRO-001,IDEALPRO-1-211785,STOP_MARKET,BUY,100000.00,GTC,True,False,100000.00,TAKER,1.1305399999990002,9.999999000198656e-06,['2.26 USD'],NO_TRIGGER,FILLED,OUO,OL-20250415-160100-001-MA_CROSS-183,['O-20250415-160100-001-MA_CROSS-549'],O-20250415-160100-001-MA_CROSS-547,,,,['MA_CROSS_SL'],4a47d891-4019-4a0c-ba95-b30ad31d241a,1744732860000000000,1744762380000000000,1.13053,DEFAULT,,,,,
BACKTESTER-001,MovingAverageCrossover-MA_CROSS,EUR/USD.IDEALPRO,IDEALPRO-1-549,EUR/USD.IDEALPRO-MovingAverageCrossover-MA_CROSS,IDEALPRO-001,,LIMIT,BUY,99999.99,GTC,True,False,0.00,NO_LIQUIDITY_SIDE,,,,NO_TRIGGER,CANCELED,OUO,OL-20250415-160100-001-MA_CROSS-183,['O-20250415-160100-001-MA_CROSS-548'],O-20250415-160100-001-MA_CROSS-547,,,,['MA_CROSS_TP'],1e425cbe-47bb-40d6-beed-4babf0b3cbf6,1744732860000000000,1744762380000000000,,,,,1.12153,True,
BACKTESTER-001,MovingAverageCrossover-MA_CROSS,EUR/USD.IDEALPRO,IDEALPRO-1-550,EUR/USD.IDEALPRO-MovingAverageCrossover-MA_CROSS,IDEALPRO-001,IDEALPRO-1-211883,MARKET,BUY,100000.00,GTC,False,False,100000.00,TAKER,1.131839999999,0.0,['2.26 USD'],NO_TRIGGER,FILLED,OTO,OL-20250416-010100-001-MA_CROSS-184,"['O-20250416-010100-001-MA_CROSS-551', 'O-20250416-010100-001-MA_CROSS-552']",,,,,['MA_CROSS'],7aa8656c-da56-4e52-af0c-4a6bb8b08d77,1744765260000000000,1744765260000000000,,,,,,,
BACKTESTER-001,MovingAverageCrossover-MA_CROSS,EUR/USD.IDEALPRO,IDEALPRO-1-551,EUR/USD.IDEALPRO-MovingAverageCrossover-MA_CROSS,IDEALPRO-001,,STOP_MARKET,SELL,99999.99,GTC,True,False,0.00,NO_LIQUIDITY_SIDE,,,,NO_TRIGGER,CANCELED,OUO,OL-20250416-010100-001-MA_CROSS-184,['O-20250416-010100-001-MA_CROSS-552'],O-20250416-010100-001-MA_CROSS-550,,,,['MA_CROSS_SL'],d5f84b5a-3bda-4bc8-b794-1b9a2441b057,1744765260000000000,1744830300000000000,1.13033,DEFAULT,,,,,
BACKTESTER-001,MovingAverageCrossover-MA_CROSS,EUR/USD.IDEALPRO,IDEALPRO-1-552,EUR/USD.IDEALPRO-MovingAverageCrossover-MA_CROSS,IDEALPRO-001,IDEALPRO-1-214053,LIMIT,SELL,100000.00,GTC,True,False,100000.00,MAKER,1.13933,0.0,['2.28 USD'],NO_TRIGGER,FILLED,OUO,OL-20250416-010100-001-MA_CROSS-184,['O-20250416-010100-001-MA_CROSS-551'],O-20250416-010100-001-MA_CROSS-550,,,,['MA_CROSS_TP'],7b993e16-93af-4860-b562-c4ef464ebe49,1744765260000000000,1744830300000000000,,,,,1.13933,True,
BACKTESTER-001,MovingAverageCrossover-MA_CROSS,EUR/USD.IDEALPRO,IDEALPRO-1-553,EUR/USD.IDEALPRO-MovingAverageCrossover-MA_CROSS,IDEALPRO-001,IDEALPRO-1-214796,MARKET,SELL,100000.00,GTC,False,False,100000.00,TAKER,1.136080000001,0.0,['2.27 USD'],NO_TRIGGER,FILLED,OTO,OL-20250417-013000-001-MA_CROSS-185,"['O-20250417-013000-001-MA_CROSS-554', 'O-20250417-013000-001-MA_CROSS-555']",,,,,['MA_CROSS'],f9283f23-1531-4694-96ce-c64df050eba5,1744853400000000000,1744853400000000000,,,,,,,
BACKTESTER-001,MovingAverageCrossover-MA_CROSS,EUR/USD.IDEALPRO,IDEALPRO-1-554,EUR/USD.IDEALPRO-MovingAverageCrossover-MA_CROSS,IDEALPRO-001,IDEALPRO-1-214905,STOP_MARKET,BUY,100000.00,GTC,True,False,100000.00,TAKER,1.137599999999,9.999998999976611e-06,['2.28 USD'],NO_TRIGGER,FILLED,OUO,OL-20250417-013000-001-MA_CROSS-185,['O-20250417-013000-001-MA_CROSS-555'],O-20250417-013000-001-MA_CROSS-553,,,,['MA_CROSS_SL'],b4c73f82-0517-4a44-9e0f-b8c6189e2119,1744853400000000000,1744856640000000000,1.13759,DEFAULT,,,,,
BACKTESTER-001,MovingAverageCrossover-MA_CROSS,EUR/USD.IDEALPRO,IDEALPRO-1-555,EUR/USD.IDEALPRO-MovingAverageCrossover-MA_CROSS,IDEALPRO-001,,LIMIT,BUY,99999.99,GTC,True,False,0.00,NO_LIQUIDITY_SIDE,,,,NO_TRIGGER,CANCELED,OUO,OL-20250417-013000-001-MA_CROSS-185,['O-20250417-013000-001-MA_CROSS-554'],O-20250417-013000-001-MA_CROSS-553,,,,['MA_CROSS_TP'],c6372a48-c373-45b2-b6fe-b1158a59b902,1744853400000000000,1744856640000000000,,,,,1.12859,True,
BACKTESTER-001,MovingAverageCrossover-MA_CROSS,EUR/USD.IDEALPRO,IDEALPRO-1-556,EUR/USD.IDEALPRO-MovingAverageCrossover-MA_CROSS,IDEALPRO-001,IDEALPRO-1-214907,MARKET,BUY,100000.00,GTC,False,False,100000.00,TAKER,1.1373599999989998,0.0,['2.27 USD'],NO_TRIGGER,FILLED,OTO,OL-20250417-022400-001-MA_CROSS-186,"['O-20250417-022400-001-MA_CROSS-557', 'O-20250417-022400-001-MA_CROSS-558']",,,,,['MA_CROSS'],66f4fc73-c08f-409f-b3b7-c80b982427e7,1744856640000000000,1744856640000000000,,,,,,,
BACKTESTER-001,MovingAverageCrossover-MA_CROSS,EUR/USD.IDEALPRO,IDEALPRO-1-557,EUR/USD.IDEALPRO-MovingAverageCrossover-MA_CROSS,IDEALPRO-001,IDEALPRO-1-215287,STOP_MARKET,SELL,100000.00,GTC,True,False,100000.00,TAKER,1.135840000001,9.999998999976611e-06,['2.27 USD'],NO_TRIGGER,FILLED,OUO,OL-20250417-022400-001-MA_CROSS-186,['O-20250417-022400-001-MA_CROSS-558'],O-20250417-022400-001-MA_CROSS-556,,,,['MA_CROSS_SL'],72967cb0-41e4-4bd3-8276-e637d2835717,1744856640000000000,1744867980000000000,1.13585,DEFAULT,,,,,
BACKTESTER-001,MovingAverageCrossover-MA_CROSS,EUR/USD.IDEALPRO,IDEALPRO-1-558,EUR/USD.IDEALPRO-MovingAverageCrossover-MA_CROSS,IDEALPRO-001,,LIMIT,SELL,99999.99,GTC,True,False,0.00,NO_LIQUIDITY_SIDE,,,,NO_TRIGGER,CANCELED,OUO,OL-20250417-022400-001-MA_CROSS-186,['O-20250417-022400-001-MA_CROSS-557'],O-20250417-022400-001-MA_CROSS-556,,,,['MA_CROSS_TP'],50d9fb66-021e-4eef-a702-7c96ee131253,1744856640000000000,1744867980000000000,,,,,1.14485,True,
BACKTESTER-001,MovingAverageCrossover-MA_CROSS,EUR/USD.IDEALPRO,IDEALPRO-1-559,EUR/USD.IDEALPRO-MovingAverageCrossover-MA_CROSS,IDEALPRO-001,IDEALPRO-1-215791,MARKET,SELL,100000.00,GTC,False,False,100000.00,TAKER,1.137640000001,0.0,['2.28 USD'],NO_TRIGGER,FILLED,OTO,OL-20250417-094400-001-MA_CROSS-187,"['O-20250417-094400-001-MA_CROSS-560', 'O-20250417-094400-001-MA_CROSS-561']",,,,,['MA_CROSS'],8c56ef69-a704-400a-962e-1bae9b83d410,1744883040000000000,1744883040000000000,,,,,,,
BACKTESTER-001,MovingAverageCrossover-MA_CROSS,EUR/USD.IDEALPRO,IDEALPRO-1-560,EUR/USD.IDEALPRO-MovingAverageCrossover-MA_CROSS,IDEALPRO-001,IDEALPRO-1-219259,STOP_MARKET,BUY,100000.00,GTC,True,False,100000.00,TAKER,1.139159999999,9.999998999976611e-06,['2.28 USD'],NO_TRIGGER,FILLED,OUO,OL-20250417-094400-001-MA_CROSS-187,['O-20250417-094400-001-MA_CROSS-561'],O-20250417-094400-001-MA_CROSS-559,,,,['MA_CROSS_SL'],1491cd08-7afe-4356-b205-301856d47672,1744883040000000000,1744987920000000000,1.13915,DEFAULT,,,,,
BACKTESTER-001,MovingAverageCrossover-MA_CROSS,EUR/USD.IDEALPRO,IDEALPRO-1-561,EUR/USD.IDEALPRO-MovingAverageCrossover-MA_CROSS,IDEALPRO-001,,LIMIT,BUY,99999.99,GTC,True,False,0.00,NO_LIQUIDITY_SIDE,,,,NO_TRIGGER,CANCELED,OUO,OL-20250417-094400-001-MA_CROSS-187,['O-20250417-094400-001-MA_CROSS-560'],O-20250417-094400-001-MA_CROSS-559,,,,['MA_CROSS_TP'],0b6bd930-4687-4282-b65c-2a45a5e24d7e,1744883040000000000,1744987920000000000,,,,,1.13015,True,
BACKTESTER-001,MovingAverageCrossover-MA_CROSS,EUR/USD.IDEALPRO,IDEALPRO-1-562,EUR/USD.IDEALPRO-MovingAverageCrossover-MA_CROSS,IDEALPRO-001,IDEALPRO-1-219261,MARKET,BUY,100000.00,GTC,False,False,100000.00,TAKER,1.139239999999,0.0,['2.28 USD'],NO_TRIGGER,FILLED,OTO,OL-20250418-145200-001-MA_CROSS-188,"['O-20250418-145200-001-MA_CROSS-563', 'O-20250418-145200-001-MA_CROSS-564']",,,,,['MA_CROSS'],077217d6-42ee-493a-bf63-1b9252854131,1744987920000000000,1744987920000000000,,,,,,,
BACKTESTER-001,MovingAverageCrossover-MA_CROSS,EUR/USD.IDEALPRO,IDEALPRO-1-563,EUR/USD.IDEALPRO-MovingAverageCrossover-MA_CROSS,IDEALPRO-001,,STOP_MARKET,SELL,99999.99,GTC,True,False,0.00,NO_LIQUIDITY_SIDE,,,,NO_TRIGGER,CANCELED,OUO,OL-20250418-145200-001-MA_CROSS-188,['O-20250418-145200-001-MA_CROSS-564'],O-20250418-145200-001-MA_CROSS-562,,,,['MA_CROSS_SL'],91ed174a-2b51-46ce-8fa4-1d6c2d5a1b3c,1744987920000000000,1745194140000000000,1.13773,DEFAULT,,,,,
BACKTESTER-001,MovingAverageCrossover-MA_CROSS,EUR/USD.IDEALPRO,IDEALPRO-1-564,EUR/USD.IDEALPRO-MovingAverageCrossover-MA_CROSS,IDEALPRO-001,IDEALPRO-1-220017,LIMIT,SELL,100000.00,GTC,True,False,100000.00,MAKER,1.14673,0.0,['2.29 USD'],NO_TRIGGER,FILLED,OUO,OL-20250418-145200-001-MA_CROSS-188,['O-20250418-145200-001-MA_CROSS-563'],O-20250418-145200-001-MA_CROSS-562,,,,['MA_CROSS_TP'],e83df501-8db2-4a51-9bfb-9af10d4b8cd9,1744987920000000000,1745194140000000000,,,,,1.14673,True,
BACKTESTER-001,MovingAverageCrossover-MA_CROSS,EUR/USD.IDEALPRO,IDEALPRO-1-565,EUR/USD.IDEALPRO-MovingAverageCrossover-MA_CROSS,IDEALPRO-001,IDEALPRO-1-221203,MARKET,SELL,100000.00,GTC,False,False,100000.00,TAKER,1.154330000001,0.0,['2.31 USD'],NO_TRIGGER,FILLED,OTO,OL-20250421-100100-001-MA_CROSS-189,"['O-20250421-100100-001-MA_CROSS-566', 'O-20250421-100100-001-MA_CROSS-567']",,,,,['MA_CROSS'],9fe5a2cc-bafd-4e1e-b2a8-1964a733e360,1745229660000000000,1745229660000000000,,,,,,,
BACKTESTER-001,MovingAverageCrossover-MA_CROSS,EUR/USD.IDEALPRO,IDEALPRO-1-566,EUR/USD.IDEALPRO-MovingAverageCrossover-MA_CROSS,IDEALPRO-001,,STOP_MARKET,BUY,99999.99,GTC,True,False,0.00,NO_LIQUIDITY_SIDE,,,,NO_TRIGGER,CANCELED,OUO,OL-20250421-100100-001-MA_CROSS-189,['O-20250421-100100-001-MA_CROSS-567'],O-20250421-100100-001-MA_CROSS-565,,,,['MA_CROSS_SL'],35fcd8c7-3537-4717-b41e-bdb7d5b007ce,1745229660000000000,1745324640000000000,1.15584,DEFAULT,,,,,
BACKTESTER-001,MovingAverageCrossover-MA_CROSS,EUR/USD.IDEALPRO,IDEALPRO-1-567,EUR/USD.IDEALPRO-MovingAverageCrossover-MA_CROSS,IDEALPRO-001,IDEALPRO-1-224341,LIMIT,BUY,100000.00,GTC,True,False,100000.00,MAKER,1.14684,0.0,['2.29 USD'],NO_TRIGGER,FILLED,OUO,OL-20250421-100100-001-MA_CROSS-189,['O-20250421-100100-001-MA_CROSS-566'],O-20250421-100100-001-MA_CROSS-565,,,,['MA_CROSS_TP'],1fceee97-790b-47bb-81cd-764b5e5aac32,1745229660000000000,1745324640000000000,,,,,1.14684,True,
BACKTESTER-001,MovingAverageCrossover-MA_CROSS,EUR/USD.IDEALPRO,IDEALPRO-1-568,EUR/USD.IDEALPRO-MovingAverageCrossover-MA_CROSS,IDEALPRO-001,IDEALPRO-1-224538,MARKET,BUY,100000.00,GTC,False,False,100000.00,TAKER,1.147269999999,0.0,['2.29 USD'],NO_TRIGGER,FILLED,OTO,OL-20250422-140100-001-MA_CROSS-190,"['O-20250422-140100-001-MA_CROSS-569', 'O-20250422-140100-001-MA_CROSS-570']",,,,,['MA_CROSS'],c156cc56-7276-4f87-9f12-09a9c2c07ff9,1745330460000000000,1745330460000000000,,,,,,,
BACKTESTER-001,MovingAverageCrossover-MA_CROSS,EUR/USD.IDEALPRO,IDEALPRO-1-569,EUR/USD.IDEALPRO-MovingAverageCrossover-MA_CROSS,IDEALPRO-001,IDEALPRO-1-224779,STOP_MARKET,SELL,100000.00,GTC,True,False,100000.00,TAKER,1.145750000001,9.999998999976611e-06,['2.29 USD'],NO_TRIGGER,FILLED,OUO,OL-20250422-140100-001-MA_CROSS-190,['O-20250422-140100-001-MA_CROSS-570'],O-20250422-140100-001-MA_CROSS-568,,,,['MA_CROSS_SL'],4e8141a2-f0b6-4dc6-abfb-d0bea5ae26bf,1745330460000000000,1745337660000000000,1.14576,DEFAULT,,,,,
BACKTESTER-001,MovingAverageCrossover-MA_CROSS,EUR/USD.IDEALPRO,IDEALPRO-1-570,EUR/USD.IDEALPRO-MovingAverageCrossover-MA_CROSS,IDEALPRO-001,,LIMIT,SELL,99999.99,GTC,True,False,0.00,NO_LIQUIDITY_SIDE,,,,NO_TRIGGER,CANCELED,OUO,OL-20250422-140100-001-MA_CROSS-190,['O-20250422-140100-001-MA_CROSS-569'],O-20250422-140100-001-MA_CROSS-568,,,,['MA_CROSS_TP'],807b4185-8e3a-4c10-8558-ac39d73c2292,1745330460000000000,1745337660000000000,,,,,1.15476,True,
BACKTESTER-001,MovingAverageCrossover-MA_CROSS,EUR/USD.IDEALPRO,IDEALPRO-1-571,EUR/USD.IDEALPRO-MovingAverageCrossover-MA_CROSS,IDEALPRO-001,IDEALPRO-1-224781,MARKET,SELL,100000.00,GTC,False,False,100000.00,TAKER,1.145750000001,0.0,['2.29 USD'],NO_TRIGGER,FILLED,OTO,OL-20250422-160100-001-MA_CROSS-191,"['O-20250422-160100-001-MA_CROSS-572', 'O-20250422-160100-001-MA_CROSS-573']",,,,,['MA_CROSS'],f98a5ce3-d7ca-45fc-ad49-c706ff180420,1745337660000000000,1745337660000000000,,,,,,,
BACKTESTER-001,MovingAverageCrossover-MA_CROSS,EUR/USD.IDEALPRO,IDEALPRO-1-572,EUR/USD.IDEALPRO-MovingAverageCrossover-MA_CROSS,IDEALPRO-001,IDEALPRO-1-224795,STOP_MARKET,BUY,100000.00,GTC,True,False,100000.00,TAKER,1.146729999999,9.999998999976611e-06,['2.29 USD'],NO_TRIGGER,FILLED,OUO,OL-20250422-160100-001-MA_CROSS-191,['O-20250422-160100-001-MA_CROSS-573'],O-20250422-160100-001-MA_CROSS-571,,,,['MA_CROSS_SL'],c7571f59-88cb-4197-a1f3-57b7beda3430,1745337660000000000,1745338020000000000,1.14672,DEFAULT,,,,,
BACKTESTER-001,MovingAverageCrossover-MA_CROSS,EUR/USD.IDEALPRO,IDEALPRO-1-573,EUR/USD.IDEALPRO-MovingAverageCrossover-MA_CROSS,IDEALPRO-001,,LIMIT,BUY,99999.99,GTC,True,False,0.00,NO_LIQUIDITY_SIDE,,,,NO_TRIGGER,CANCELED,OUO,OL-20250422-160100-001-MA_CROSS-191,['O-20250422-160100-001-MA_CROSS-572'],O-20250422-160100-001-MA_CROSS-571,,,,['MA_CROSS_TP'],cfc0c872-98df-4eb7-b781-9d4154727b98,1745337660000000000,1745338020000000000,,,,,1.13772,True,
BACKTESTER-001,MovingAverageCrossover-MA_CROSS,EUR/USD.IDEALPRO,IDEALPRO-1-574,EUR/USD.IDEALPRO-MovingAverageCrossover-MA_CROSS,IDEALPRO-001,IDEALPRO-1-225684,MARKET,BUY,100000.00,GTC,False,False,100000.00,TAKER,1.1361699999989998,0.0,['2.27 USD'],NO_TRIGGER,FILLED,OTO,OL-20250422-234500-001-MA_CROSS-192,"['O-20250422-234500-001-MA_CROSS-575', 'O-20250422-234500-001-MA_CROSS-576']",,,,,['MA_CROSS'],33259fc9-55d1-4162-8665-f8ca75c13173,1745365500000000000,1745365500000000000,,,,,,,
BACKTESTER-001,MovingAverageCrossover-MA_CROSS,EUR/USD.IDEALPRO,IDEALPRO-1-575,EUR/USD.IDEALPRO-MovingAverageCrossover-MA_CROSS,IDEALPRO-001,IDEALPRO-1-225701,STOP_MARKET,SELL,100000.00,GTC,True,False,100000.00,TAKER,1.1346500000009998,9.999999000198656e-06,['2.27 USD'],NO_TRIGGER,FILLED,OUO,OL-20250422-234500-001-MA_CROSS-192,['O-20250422-234500-001-MA_CROSS-576'],O-20250422-234500-001-MA_CROSS-574,,,,['MA_CROSS_SL'],80973f54-fd6d-4b32-9e08-516f1316a762,1745365500000000000,1745365980000000000,1.13466,DEFAULT,,,,,
BACKTESTER-001,MovingAverageCrossover-MA_CROSS,EUR/USD.IDEALPRO,IDEALPRO-1-576,EUR/USD.IDEALPRO-MovingAverageCrossover-MA_CROSS,IDEALPRO-001,,LIMIT,SELL,99999.99,GTC,True,False,0.00,NO_LIQUIDITY_SIDE,,,,NO_TRIGGER,CANCELED,OUO,OL-20250422-234500-001-MA_CROSS-192,['O-20250422-234500-001-MA_CROSS-575'],O-20250422-234500-001-MA_CROSS-574,,,,['MA_CROSS_TP'],250004df-9482-4ff0-80be-8db7006b8f2b,1745365500000000000,1745365980000000000,,,,,1.14366,True,
BACKTESTER-001,MovingAverageCrossover-MA_CROSS,EUR/USD.IDEALPRO,IDEALPRO-1-577,EUR/USD.IDEALPRO-MovingAverageCrossover-MA_CROSS,IDEALPRO-001,IDEALPRO-1-226120,MARKET,SELL,100000.00,GTC,False,False,100000.00,TAKER,1.1388100000010002,0.0,['2.28 USD'],NO_TRIGGER,FILLED,OTO,OL-20250423-032100-001-MA_CROSS-193,"['O-20250423-032100-001-MA_CROSS-578', 'O-20250423-032100-001-MA_CROSS-579']",,,,,['MA_CROSS'],05d00c20-ffe0-46b7-b2a8-e72fffbe1e07,1745378460000000000,1745378460000000000,,,,,,,
BACKTESTER-001,MovingAverageCrossover-MA_CROSS,EUR/USD.IDEALPRO,IDEALPRO-1-578,EUR/USD.IDEALPRO-MovingAverageCrossover-MA_CROSS,IDEALPRO-001,IDEALPRO-1-226613,STOP_MARKET,BUY,100000.00,GTC,True,False,100000.00,TAKER,1.1403299999990002,9.999999000198656e-06,['2.28 USD'],NO_TRIGGER,FILLED,OUO,OL-20250423-032100-001-MA_CROSS-193,['O-20250423-032100-001-MA_CROSS-579'],O-20250423-032100-001-MA_CROSS-577,,,,['MA_CROSS_SL'],c6d5076c-57b9-428e-bfd1-b6f087f54548,1745378460000000000,1745393220000000000,1.14032,DEFAULT,,,,,
BACKTESTER-001,MovingAverageCrossover-MA_CROSS,EUR/USD.IDEALPRO,IDEALPRO-1-579,EUR/USD.IDEALPRO-MovingAverageCrossover-MA_CROSS,IDEALPRO-001,,LIMIT,BUY,99999.99,GTC,True,False,0.00,NO_LIQUIDITY_SIDE,,,,NO_TRIGGER,CANCELED,OUO,OL-20250423-032100-001-MA_CROSS-193,['O-20250423-032100-001-MA_CROSS-578'],O-20250423-032100-001-MA_CROSS-577,,,,['MA_CROSS_TP'],3e90de41-6645-4cc5-8e8a-7c079b9d2e35,1745378460000000000,1745393220000000000,,,,,1.13132,True,
BACKTESTER-001,MovingAverageCrossover-MA_CROSS,EUR/USD.IDEALPRO,IDEALPRO-1-580,EUR/USD.IDEALPRO-MovingAverageCrossover-MA_CROSS,IDEALPRO-001,IDEALPRO-1-226615,MARKET,BUY,100000.00,GTC,False,False,100000.00,TAKER,1.140389999999,0.0,['2.28 USD'],NO_TRIGGER,FILLED,OTO,OL-20250423-072700-001-MA_CROSS-194,"['O-20250423-072700-001-MA_CROSS-581', 'O-20250423-072700-001-MA_CROSS-582']",,,,,['MA_CROSS'],0bc27537-e590-4879-b177-d41bb3f6ba20,1745393220000000000,1745393220000000000,,,,,,,
BACKTESTER-001,MovingAverageCrossover-MA_CROSS,EUR/USD.IDEALPRO,IDEALPRO-1-581,EUR/USD.IDEALPRO-MovingAverageCrossover-MA_CROSS,IDEALPRO-001,IDEALPRO-1-226649,STOP_MARKET,SELL,100000.00,GTC,True,False,100000.00,TAKER,1.138870000001,9.999998999976611e-06,['2.28 USD'],NO_TRIGGER,FILLED,OUO,OL-20250423-072700-001-MA_CROSS-194,['O-20250423-072700-001-MA_CROSS-582'],O-20250423-072700-001-MA_CROSS-580,,,,['MA_CROSS_SL'],c64eefc9-f950-421e-a97d-0c28decabcdf,1745393220000000000,1745394180000000000,1.13888,DEFAULT,,,,,
BACKTESTER-001,MovingAverageCrossover-MA_CROSS,EUR/USD.IDEALPRO,IDEALPRO-1-582,EUR/USD.IDEALPRO-MovingAverageCrossover-MA_CROSS,IDEALPRO-001,,LIMIT,SELL,99999.99,GTC,True,False,0.00,NO_LIQUIDITY_SIDE,,,,NO_TRIGGER,CANCELED,OUO,OL-20250423-072700-001-MA_CROSS-194,['O-20250423-072700-001-MA_CROSS-581'],O-20250423-072700-001-MA_CROSS-580,,,,['MA_CROSS_TP'],4a683324-fe20-4a69-a25d-cbedc0984f5d,1745393220000000000,1745394180000000000,,,,,1.14788,True,
BACKTESTER-001,MovingAverageCrossover-MA_CROSS,EUR/USD.IDEALPRO,IDEALPRO-1-583,EUR/USD.IDEALPRO-MovingAverageCrossover-MA_CROSS,IDEALPRO-001,IDEALPRO-1-226963,MARKET,SELL,100000.00,GTC,False,False,100000.00,TAKER,1.1406400000010002,0.0,['2.28 USD'],NO_TRIGGER,FILLED,OTO,OL-20250423-101900-001-MA_CROSS-195,"['O-20250423-101900-001-MA_CROSS-584', 'O-20250423-101900-001-MA_CROSS-585']",,,,,['MA_CROSS'],a821b989-ebb4-40a2-b83d-5d7ba217cda0,1745403540000000000,1745403540000000000,,,,,,,
BACKTESTER-001,MovingAverageCrossover-MA_CROSS,EUR/USD.IDEALPRO,IDEALPRO-1-584,EUR/USD.IDEALPRO-MovingAverageCrossover-MA_CROSS,IDEALPRO-001,,STOP_MARKET,BUY,99999.99,GTC,True,False,0.00,NO_LIQUIDITY_SIDE,,,,NO_TRIGGER,CANCELED,OUO,OL-20250423-101900-001-MA_CROSS-195,['O-20250423-101900-001-MA_CROSS-585'],O-20250423-101900-001-MA_CROSS-583,,,,['MA_CROSS_SL'],faaa2b29-78ea-4fc8-bd46-df023774f9c7,1745403540000000000,1745416860000000000,1.14215,DEFAULT,,,,,
BACKTESTER-001,MovingAverageCrossover-MA_CROSS,EUR/USD.IDEALPRO,IDEALPRO-1-585,EUR/USD.IDEALPRO-MovingAverageCrossover-MA_CROSS,IDEALPRO-001,IDEALPRO-1-227409,LIMIT,BUY,100000.00,GTC,True,False,100000.00,MAKER,1.13315,0.0,['2.27 USD'],NO_TRIGGER,FILLED,OUO,OL-20250423-101900-001-MA_CROSS-195,['O-20250423-101900-001-MA_CROSS-584'],O-20250423-101900-001-MA_CROSS-583,,,,['MA_CROSS_TP'],7b2bbf8e-414c-4def-b715-91917f619f29,1745403540000000000,1745416860000000000,,,,,1.13315,True,
BACKTESTER-001,MovingAverageCrossover-MA_CROSS,EUR/USD.IDEALPRO,IDEALPRO-1-586,EUR/USD.IDEALPRO-MovingAverageCrossover-MA_CROSS,IDEALPRO-001,IDEALPRO-1-228337,MARKET,BUY,100000.00,GTC,False,False,100000.00,TAKER,1.1323799999989999,0.0,['2.26 USD'],NO_TRIGGER,FILLED,OTO,OL-20250423-215900-001-MA_CROSS-196,"['O-20250423-215900-001-MA_CROSS-587', 'O-20250423-215900-001-MA_CROSS-588']",,,,,['MA_CROSS'],033e33b0-9c63-4213-9bb9-857ece067c30,1745445540000000000,1745445540000000000,,,,,,,
BACKTESTER-001,MovingAverageCrossover-MA_CROSS,EUR/USD.IDEALPRO,IDEALPRO-1-587,EUR/USD.IDEALPRO-MovingAverageCrossover-MA_CROSS,IDEALPRO-001,,STOP_MARKET,SELL,99999.99,GTC,True,False,0.00,NO_LIQUIDITY_SIDE,,,,NO_TRIGGER,CANCELED,OUO,OL-20250423-215900-001-MA_CROSS-196,['O-20250423-215900-001-MA_CROSS-588'],O-20250423-215900-001-MA_CROSS-586,,,,['MA_CROSS_SL'],f78b710e-b7e7-4fe5-818b-a421d08b4873,1745445540000000000,1745851260000000000,1.13087,DEFAULT,,,,,
BACKTESTER-001,MovingAverageCrossover-MA_CROSS,EUR/USD.IDEALPRO,IDEALPRO-1-588,EUR/USD.IDEALPRO-MovingAverageCrossover-MA_CROSS,IDEALPRO-001,IDEALPRO-1-236043,LIMIT,SELL,100000.00,GTC,True,False,100000.00,MAKER,1.13987,0.0,['2.28 USD'],NO_TRIGGER,FILLED,OUO,OL-20250423-215900-001-MA_CROSS-196,['O-20250423-215900-001-MA_CROSS-587'],O-20250423-215900-001-MA_CROSS-586,,,,['MA_CROSS_TP'],d9bfcd82-99f5-4f56-a769-721cd45f2cc4,1745445540000000000,1745851260000000000,,,,,1.13987,True,
BACKTESTER-001,MovingAverageCrossover-MA_CROSS,EUR/USD.IDEALPRO,IDEALPRO-1-589,EUR/USD.IDEALPRO-MovingAverageCrossover-MA_CROSS,IDEALPRO-001,IDEALPRO-1-236864,MARKET,SELL,100000.00,GTC,False,False,100000.00,TAKER,1.142050000001,0.0,['2.28 USD'],NO_TRIGGER,FILLED,OTO,OL-20250428-214500-001-MA_CROSS-197,"['O-20250428-214500-001-MA_CROSS-590', 'O-20250428-214500-001-MA_CROSS-591']",,,,,['MA_CROSS'],e86d24f3-cd11-42f4-a595-683e59232af1,1745876700000000000,1745876700000000000,,,,,,,
BACKTESTER-001,MovingAverageCrossover-MA_CROSS,EUR/USD.IDEALPRO,IDEALPRO-1-590,EUR/USD.IDEALPRO-MovingAverageCrossover-MA_CROSS,IDEALPRO-001,,STOP_MARKET,BUY,99999.99,GTC,True,False,0.00,NO_LIQUIDITY_SIDE,,,,NO_TRIGGER,CANCELED,OUO,OL-20250428-214500-001-MA_CROSS-197,['O-20250428-214500-001-MA_CROSS-591'],O-20250428-214500-001-MA_CROSS-589,,,,['MA_CROSS_SL'],7f729448-8032-445f-bb50-ecd95e89c221,1745876700000000000,1746026640000000000,1.14356,DEFAULT,,,,,
BACKTESTER-001,MovingAverageCrossover-MA_CROSS,EUR/USD.IDEALPRO,IDEALPRO-1-591,EUR/USD.IDEALPRO-MovingAverageCrossover-MA_CROSS,IDEALPRO-001,IDEALPRO-1-241833,LIMIT,BUY,100000.00,GTC,True,False,100000.00,MAKER,1.13456,0.0,['2.27 USD'],NO_TRIGGER,FILLED,OUO,OL-20250428-214500-001-MA_CROSS-197,['O-20250428-214500-001-MA_CROSS-590'],O-20250428-214500-001-MA_CROSS-589,,,,['MA_CROSS_TP'],181b7ed7-d3b9-4ac2-bf50-23844e23cb24,1745876700000000000,1746026640000000000,,,,,1.13456,True,
BACKTESTER-001,MovingAverageCrossover-MA_CROSS,EUR/USD.IDEALPRO,IDEALPRO-1-592,EUR/USD.IDEALPRO-MovingAverageCrossover-MA_CROSS,IDEALPRO-001,IDEALPRO-1-242004,MARKET,BUY,100000.00,GTC,False,False,100000.00,TAKER,1.135409999999,0.0,['2.27 USD'],NO_TRIGGER,FILLED,OTO,OL-20250430-164800-001-MA_CROSS-198,"['O-20250430-164800-001-MA_CROSS-593', 'O-20250430-164800-001-MA_CROSS-594']",,,,,['MA_CROSS'],5fd6cd5f-0ec2-4a73-9ff1-660d0948ca74,1746031680000000000,1746031680000000000,,,,,,,
BACKTESTER-001,MovingAverageCrossover-MA_CROSS,EUR/USD.IDEALPRO,IDEALPRO-1-593,EUR/USD.IDEALPRO-MovingAverageCrossover-MA_CROSS,IDEALPRO-001,IDEALPRO-1-242319,STOP_MARKET,SELL,100000.00,GTC,True,False,100000.00,TAKER,1.133890000001,9.999998999976611e-06,['2.27 USD'],NO_TRIGGER,FILLED,OUO,OL-20250430-164800-001-MA_CROSS-198,['O-20250430-164800-001-MA_CROSS-594'],O-20250430-164800-001-MA_CROSS-592,,,,['MA_CROSS_SL'],4b11da65-6d10-4b50-8bce-104457c88ac6,1746031680000000000,1746041100000000000,1.13390,DEFAULT,,,,,
BACKTESTER-001,MovingAverageCrossover-MA_CROSS,EUR/USD.IDEALPRO,IDEALPRO-1-594,EUR/USD.IDEALPRO-MovingAverageCrossover-MA_CROSS,IDEALPRO-001,,LIMIT,SELL,99999.99,GTC,True,False,0.00,NO_LIQUIDITY_SIDE,,,,NO_TRIGGER,CANCELED,OUO,OL-20250430-164800-001-MA_CROSS-198,['O-20250430-164800-001-MA_CROSS-593'],O-20250430-164800-001-MA_CROSS-592,,,,['MA_CROSS_TP'],10e7baa2-b130-44d2-a511-8a6197675076,1746031680000000000,1746041100000000000,,,,,1.14290,True,
BACKTESTER-001,MovingAverageCrossover-MA_CROSS,EUR/USD.IDEALPRO,IDEALPRO-1-595,EUR/USD.IDEALPRO-MovingAverageCrossover-MA_CROSS,IDEALPRO-001,IDEALPRO-1-242726,MARKET,SELL,100000.00,GTC,False,False,100000.00,TAKER,1.132290000001,0.0,['2.26 USD'],NO_TRIGGER,FILLED,OTO,OL-20250430-230200-001-MA_CROSS-199,"['O-20250430-230200-001-MA_CROSS-596', 'O-20250430-230200-001-MA_CROSS-597']",,,,,['MA_CROSS'],1b99663c-96d5-470a-a35c-781c46ab0c87,1746054120000000000,1746054120000000000,,,,,,,
BACKTESTER-001,MovingAverageCrossover-MA_CROSS,EUR/USD.IDEALPRO,IDEALPRO-1-596,EUR/USD.IDEALPRO-MovingAverageCrossover-MA_CROSS,IDEALPRO-001,IDEALPRO-1-244201,STOP_MARKET,BUY,100000.00,GTC,True,False,100000.00,TAKER,1.133809999999,9.999998999976611e-06,['2.27 USD'],NO_TRIGGER,FILLED,OUO,OL-20250430-230200-001-MA_CROSS-199,['O-20250430-230200-001-MA_CROSS-597'],O-20250430-230200-001-MA_CROSS-595,,,,['MA_CROSS_SL'],a5882be6-6243-46c0-9b79-3767f9c552d2,1746054120000000000,1746098340000000000,1.13380,DEFAULT,,,,,
BACKTESTER-001,MovingAverageCrossover-MA_CROSS,EUR/USD.IDEALPRO,IDEALPRO-1-597,EUR/USD.IDEALPRO-MovingAverageCrossover-MA_CROSS,IDEALPRO-001,,LIMIT,BUY,99999.99,GTC,True,False,0.00,NO_LIQUIDITY_SIDE,,,,NO_TRIGGER,CANCELED,OUO,OL-20250430-230200-001-MA_CROSS-199,['O-20250430-230200-001-MA_CROSS-596'],O-20250430-230200-001-MA_CROSS-595,,,,['MA_CROSS_TP'],b2f9cf8e-8602-4a4b-8c10-7798d3a1e3c2,1746054120000000000,1746098340000000000,,,,,1.12480,True,
BACKTESTER-001,MovingAverageCrossover-MA_CROSS,EUR/USD.IDEALPRO,IDEALPRO-1-598,EUR/USD.IDEALPRO-MovingAverageCrossover-MA_CROSS,IDEALPRO-001,IDEALPRO-1-244857,MARKET,BUY,100000.00,GTC,False,False,100000.00,TAKER,1.128479999999,0.0,['2.26 USD'],NO_TRIGGER,FILLED,OTO,OL-20250501-164600-001-MA_CROSS-200,"['O-20250501-164600-001-MA_CROSS-599', 'O-20250501-164600-001-MA_CROSS-600']",,,,,['MA_CROSS'],549e8fb5-75e7-4959-b261-41650e363b32,1746117960000000000,1746117960000000000,,,,,,,
BACKTESTER-001,MovingAverageCrossover-MA_CROSS,EUR/USD.IDEALPRO,IDEALPRO-1-599,EUR/USD.IDEALPRO-MovingAverageCrossover-MA_CROSS,IDEALPRO-001,,STOP_MARKET,SELL,99999.99,GTC,True,False,0.00,NO_LIQUIDITY_SIDE,,,,NO_TRIGGER,CANCELED,OUO,OL-20250501-164600-001-MA_CROSS-200,['O-20250501-164600-001-MA_CROSS-600'],O-20250501-164600-001-MA_CROSS-598,,,,['MA_CROSS_SL'],53675175-5975-4531-9699-2e711a577252,1746117960000000000,1746193080000000000,1.12697,DEFAULT,,,,,
BACKTESTER-001,MovingAverageCrossover-MA_CROSS,EUR/USD.IDEALPRO,IDEALPRO-1-600,EUR/USD.IDEALPRO-MovingAverageCrossover-MA_CROSS,IDEALPRO-001,IDEALPRO-1-247333,LIMIT,SELL,100000.00,GTC,True,False,100000.00,MAKER,1.13597,0.0,['2.27 USD'],NO_TRIGGER,FILLED,OUO,OL-20250501-164600-001-MA_CROSS-200,['O-20250501-164600-001-MA_CROSS-599'],O-20250501-164600-001-MA_CROSS-598,,,,['MA_CROSS_TP'],d8ab3dae-0847-4973-a768-63a6c57bf7e8,1746117960000000000,1746193080000000000,,,,,1.13597,True,
BACKTESTER-001,MovingAverageCrossover-MA_CROSS,EUR/USD.IDEALPRO,IDEALPRO-1-601,EUR/USD.IDEALPRO-MovingAverageCrossover-MA_CROSS,IDEALPRO-001,IDEALPRO-1-247680,MARKET,SELL,100000.00,GTC,False,False,100000.00,TAKER,1.1334100000010001,0.0,['2.27 USD'],NO_TRIGGER,FILLED,OTO,OL-20250502-163000-001-MA_CROSS-201,"['O-20250502-163000-001-MA_CROSS-602', 'O-20250502-163000-001-MA_CROSS-603']",,,,,['MA_CROSS'],4f3e8918-4680-42c4-be5f-ff1aaedc4633,1746203400000000000,1746203400000000000,,,,,,,
BACKTESTER-001,MovingAverageCrossover-MA_CROSS,EUR/USD.IDEALPRO,IDEALPRO-1-602,EUR/USD.IDEALPRO-MovingAverageCrossover-MA_CROSS,IDEALPRO-001,IDEALPRO-1-249889,STOP_MARKET,BUY,100000.00,GTC,True,False,100000.00,TAKER,1.134929999999,9.999998999976611e-06,['2.27 USD'],NO_TRIGGER,FILLED,OUO,OL-20250502-163000-001-MA_CROSS-201,['O-20250502-163000-001-MA_CROSS-603'],O-20250502-163000-001-MA_CROSS-601,,,,['MA_CROSS_SL'],c0fbd611-c292-4fa0-bcf5-989f1a628417,1746203400000000000,1746443340000000000,1.13492,DEFAULT,,,,,
BACKTESTER-001,MovingAverageCrossover-MA_CROSS,EUR/USD.IDEALPRO,IDEALPRO-1-603,EUR/USD.IDEALPRO-MovingAverageCrossover-MA_CROSS,IDEALPRO-001,,LIMIT,BUY,99999.99,GTC,True,False,0.00,NO_LIQUIDITY_SIDE,,,,NO_TRIGGER,CANCELED,OUO,OL-20250502-163000-001-MA_CROSS-201,['O-20250502-163000-001-MA_CROSS-602'],O-20250502-163000-001-MA_CROSS-601,,,,['MA_CROSS_TP'],c2d6a763-b725-493f-b17f-69b18b6bab93,1746203400000000000,1746443340000000000,,,,,1.12592,True,
BACKTESTER-001,MovingAverageCrossover-MA_CROSS,EUR/USD.IDEALPRO,IDEALPRO-1-604,EUR/USD.IDEALPRO-MovingAverageCrossover-MA_CROSS,IDEALPRO-001,IDEALPRO-1-249891,MARKET,BUY,100000.00,GTC,False,False,100000.00,TAKER,1.134989999999,0.0,['2.27 USD'],NO_TRIGGER,FILLED,OTO,OL-20250505-110900-001-MA_CROSS-202,"['O-20250505-110900-001-MA_CROSS-605', 'O-20250505-110900-001-MA_CROSS-606']",,,,,['MA_CROSS'],e5efbe99-4349-4f8b-a4a2-55d6171ee85d,1746443340000000000,1746443340000000000,,,,,,,
BACKTESTER-001,MovingAverageCrossover-MA_CROSS,EUR/USD.IDEALPRO,IDEALPRO-1-605,EUR/USD.IDEALPRO-MovingAverageCrossover-MA_CROSS,IDEALPRO-001,IDEALPRO-1-250239,STOP_MARKET,SELL,100000.00,GTC,True,False,100000.00,TAKER,1.1334700000009998,9.999999000198656e-06,['2.27 USD'],NO_TRIGGER,FILLED,OUO,OL-20250505-110900-001-MA_CROSS-202,['O-20250505-110900-001-MA_CROSS-606'],O-20250505-110900-001-MA_CROSS-604,,,,['MA_CROSS_SL'],7e517b43-03d3-45c2-bd1b-3de40ffabf39,1746443340000000000,1746453720000000000,1.13348,DEFAULT,,,,,
BACKTESTER-001,MovingAverageCrossover-MA_CROSS,EUR/USD.IDEALPRO,IDEALPRO-1-606,EUR/USD.IDEALPRO-MovingAverageCrossover-MA_CROSS,IDEALPRO-001,,LIMIT,SELL,99999.99,GTC,True,False,0.00,NO_LIQUIDITY_SIDE,,,,NO_TRIGGER,CANCELED,OUO,OL-20250505-110900-001-MA_CROSS-202,['O-20250505-110900-001-MA_CROSS-605'],O-20250505-110900-001-MA_CROSS-604,,,,['MA_CROSS_TP'],ce3d9d80-e666-46a0-b139-542d68783abf,1746443340000000000,1746453720000000000,,,,,1.14248,True,
BACKTESTER-001,MovingAverageCrossover-MA_CROSS,EUR/USD.IDEALPRO,IDEALPRO-1-607,EUR/USD.IDEALPRO-MovingAverageCrossover-MA_CROSS,IDEALPRO-001,IDEALPRO-1-250246,MARKET,SELL,100000.00,GTC,False,False,100000.00,TAKER,1.1342300000010002,0.0,['2.27 USD'],NO_TRIGGER,FILLED,OTO,OL-20250505-140400-001-MA_CROSS-203,"['O-20250505-140400-001-MA_CROSS-608', 'O-20250505-140400-001-MA_CROSS-609']",,,,,['MA_CROSS'],67c6ed5e-f69d-48e1-85f3-948c3c693073,1746453840000000000,1746453840000000000,,,,,,,
BACKTESTER-001,MovingAverageCrossover-MA_CROSS,EUR/USD.IDEALPRO,IDEALPRO-1-608,EUR/USD.IDEALPRO-MovingAverageCrossover-MA_CROSS,IDEALPRO-001,IDEALPRO-1-253069,STOP_MARKET,BUY,100000.00,GTC,True,False,100000.00,TAKER,1.1357499999990002,9.999999000198656e-06,['2.27 USD'],NO_TRIGGER,FILLED,OUO,OL-20250505-140400-001-MA_CROSS-203,['O-20250505-140400-001-MA_CROSS-609'],O-20250505-140400-001-MA_CROSS-607,,,,['MA_CROSS_SL'],0574bd07-1856-48de-80b5-8e075c6e0f92,1746453840000000000,1746539400000000000,1.13574,DEFAULT,,,,,
BACKTESTER-001,MovingAverageCrossover-MA_CROSS,EUR/USD.IDEALPRO,IDEALPRO-1-609,EUR/USD.IDEALPRO-MovingAverageCrossover-MA_CROSS,IDEALPRO-001,,LIMIT,BUY,99999.99,GTC,True,False,0.00,NO_LIQUIDITY_SIDE,,,,NO_TRIGGER,CANCELED,OUO,OL-20250505-140400-001-MA_CROSS-203,['O-20250505-140400-001-MA_CROSS-608'],O-20250505-140400-001-MA_CROSS-607,,,,['MA_CROSS_TP'],19a96d0e-334d-4cf3-a487-3c5feacdcadf,1746453840000000000,1746539400000000000,,,,,1.12674,True,
BACKTESTER-001,MovingAverageCrossover-MA_CROSS,EUR/USD.IDEALPRO,IDEALPRO-1-610,EUR/USD.IDEALPRO-MovingAverageCrossover-MA_CROSS,IDEALPRO-001,IDEALPRO-1-253183,MARKET,BUY,100000.00,GTC,False,False,100000.00,TAKER,1.134989999999,0.0,['2.27 USD'],NO_TRIGGER,FILLED,OTO,OL-20250506-144600-001-MA_CROSS-204,"['O-20250506-144600-001-MA_CROSS-611', 'O-20250506-144600-001-MA_CROSS-612']",,,,,['MA_CROSS'],47b56c72-fa90-4a72-b3be-d87eba47fded,1746542760000000000,1746542760000000000,,,,,,,
BACKTESTER-001,MovingAverageCrossover-MA_CROSS,EUR/USD.IDEALPRO,IDEALPRO-1-611,EUR/USD.IDEALPRO-MovingAverageCrossover-MA_CROSS,IDEALPRO-001,IDEALPRO-1-253345,STOP_MARKET,SELL,100000.00,GTC,True,False,100000.00,TAKER,1.1334700000009998,9.999999000198656e-06,['2.27 USD'],NO_TRIGGER,FILLED,OUO,OL-20250506-144600-001-MA_CROSS-204,['O-20250506-144600-001-MA_CROSS-612'],O-20250506-144600-001-MA_CROSS-610,,,,['MA_CROSS_SL'],519f8a91-5de7-4af2-89c2-9be6740c4733,1746542760000000000,1746547560000000000,1.13348,DEFAULT,,,,,
BACKTESTER-001,MovingAverageCrossover-MA_CROSS,EUR/USD.IDEALPRO,IDEALPRO-1-612,EUR/USD.IDEALPRO-MovingAverageCrossover-MA_CROSS,IDEALPRO-001,,LIMIT,SELL,99999.99,GTC,True,False,0.00,NO_LIQUIDITY_SIDE,,,,NO_TRIGGER,CANCELED,OUO,OL-20250506-144600-001-MA_CROSS-204,['O-20250506-144600-001-MA_CROSS-611'],O-20250506-144600-001-MA_CROSS-610,,,,['MA_CROSS_TP'],2e31a784-9e4b-46cd-8161-f53a589a0933,1746542760000000000,1746547560000000000,,,,,1.14248,True,
BACKTESTER-001,MovingAverageCrossover-MA_CROSS,EUR/USD.IDEALPRO,IDEALPRO-1-613,EUR/USD.IDEALPRO-MovingAverageCrossover-MA_CROSS,IDEALPRO-001,IDEALPRO-1-253367,MARKET,SELL,100000.00,GTC,False,False,100000.00,TAKER,1.133280000001,0.0,['2.27 USD'],NO_TRIGGER,FILLED,OTO,OL-20250506-161600-001-MA_CROSS-205,"['O-20250506-161600-001-MA_CROSS-614', 'O-20250506-161600-001-MA_CROSS-615']",,,,,['MA_CROSS'],8d0797df-b783-4817-a073-b3bd92aec9f3,1746548160000000000,1746548160000000000,,,,,,,
BACKTESTER-001,MovingAverageCrossover-MA_CROSS,EUR/USD.IDEALPRO,IDEALPRO-1-614,EUR/USD.IDEALPRO-MovingAverageCrossover-MA_CROSS,IDEALPRO-001,IDEALPRO-1-253389,STOP_MARKET,BUY,100000.00,GTC,True,False,100000.00,TAKER,1.1347999999990002,9.999999000198656e-06,['2.27 USD'],NO_TRIGGER,FILLED,OUO,OL-20250506-161600-001-MA_CROSS-205,['O-20250506-161600-001-MA_CROSS-615'],O-20250506-161600-001-MA_CROSS-613,,,,['MA_CROSS_SL'],b0d4366e-1f67-4202-8d6e-3b1cae958a23,1746548160000000000,1746548760000000000,1.13479,DEFAULT,,,,,
BACKTESTER-001,MovingAverageCrossover-MA_CROSS,EUR/USD.IDEALPRO,IDEALPRO-1-615,EUR/USD.IDEALPRO-MovingAverageCrossover-MA_CROSS,IDEALPRO-001,,LIMIT,BUY,99999.99,GTC,True,False,0.00,NO_LIQUIDITY_SIDE,,,,NO_TRIGGER,CANCELED,OUO,OL-20250506-161600-001-MA_CROSS-205,['O-20250506-161600-001-MA_CROSS-614'],O-20250506-161600-001-MA_CROSS-613,,,,['MA_CROSS_TP'],e4d939e1-1a40-4aa5-8621-9fe6b5223b1c,1746548160000000000,1746548760000000000,,,,,1.12579,True,
BACKTESTER-001,MovingAverageCrossover-MA_CROSS,EUR/USD.IDEALPRO,IDEALPRO-1-616,EUR/USD.IDEALPRO-MovingAverageCrossover-MA_CROSS,IDEALPRO-001,IDEALPRO-1-253413,MARKET,BUY,100000.00,GTC,False,False,100000.00,TAKER,1.135399999999,0.0,['2.27 USD'],NO_TRIGGER,FILLED,OTO,OL-20250506-163700-001-MA_CROSS-206,"['O-20250506-163700-001-MA_CROSS-617', 'O-20250506-163700-001-MA_CROSS-618']",,,,,['MA_CROSS'],2f64e3fc-ec78-41e3-acf6-8ca8df833c81,1746549420000000000,1746549420000000000,,,,,,,
BACKTESTER-001,MovingAverageCrossover-MA_CROSS,EUR/USD.IDEALPRO,IDEALPRO-1-617,EUR/USD.IDEALPRO-MovingAverageCrossover-MA_CROSS,IDEALPRO-001,IDEALPRO-1-254049,STOP_MARKET,SELL,100000.00,GTC,True,False,100000.00,TAKER,1.133880000001,9.999998999976611e-06,['2.27 USD'],NO_TRIGGER,FILLED,OUO,OL-20250506-163700-001-MA_CROSS-206,['O-20250506-163700-001-MA_CROSS-618'],O-20250506-163700-001-MA_CROSS-616,,,,['MA_CROSS_SL'],da85d521-fe65-401a-9f37-9641cef97555,1746549420000000000,1746569340000000000,1.13389,DEFAULT,,,,,
BACKTESTER-001,MovingAverageCrossover-MA_CROSS,EUR/USD.IDEALPRO,IDEALPRO-1-618,EUR/USD.IDEALPRO-MovingAverageCrossover-MA_CROSS,IDEALPRO-001,,LIMIT,SELL,99999.99,GTC,True,False,0.00,NO_LIQUIDITY_SIDE,,,,NO_TRIGGER,CANCELED,OUO,OL-20250506-163700-001-MA_CROSS-206,['O-20250506-163700-001-MA_CROSS-617'],O-20250506-163700-001-MA_CROSS-616,,,,['MA_CROSS_TP'],0cbc79bc-269d-49e1-9c7d-68c3eba77b16,1746549420000000000,1746569340000000000,,,,,1.14289,True,
BACKTESTER-001,MovingAverageCrossover-MA_CROSS,EUR/USD.IDEALPRO,IDEALPRO-1-619,EUR/USD.IDEALPRO-MovingAverageCrossover-MA_CROSS,IDEALPRO-001,IDEALPRO-1-254155,MARKET,SELL,100000.00,GTC,False,False,100000.00,TAKER,1.133920000001,0.0,['2.27 USD'],NO_TRIGGER,FILLED,OTO,OL-20250506-230100-001-MA_CROSS-207,"['O-20250506-230100-001-MA_CROSS-620', 'O-20250506-230100-001-MA_CROSS-621']",,,,,['MA_CROSS'],15374a4d-6984-455e-b1b8-afa6d2ff29ae,1746572460000000000,1746572460000000000,,,,,,,
BACKTESTER-001,MovingAverageCrossover-MA_CROSS,EUR/USD.IDEALPRO,IDEALPRO-1-620,EUR/USD.IDEALPRO-MovingAverageCrossover-MA_CROSS,IDEALPRO-001,IDEALPRO-1-254907,STOP_MARKET,BUY,100000.00,GTC,True,False,100000.00,TAKER,1.135439999999,9.999998999976611e-06,['2.27 USD'],NO_TRIGGER,FILLED,OUO,OL-20250506-230100-001-MA_CROSS-207,['O-20250506-230100-001-MA_CROSS-621'],O-20250506-230100-001-MA_CROSS-619,,,,['MA_CROSS_SL'],87eeb637-cd43-4651-baca-85abc7a6be64,1746572460000000000,1746594960000000000,1.13543,DEFAULT,,,,,
BACKTESTER-001,MovingAverageCrossover-MA_CROSS,EUR/USD.IDEALPRO,IDEALPRO-1-621,EUR/USD.IDEALPRO-MovingAverageCrossover-MA_CROSS,IDEALPRO-001,,LIMIT,BUY,99999.99,GTC,True,False,0.00,NO_LIQUIDITY_SIDE,,,,NO_TRIGGER,CANCELED,OUO,OL-20250506-230100-001-MA_CROSS-207,['O-20250506-230100-001-MA_CROSS-620'],O-20250506-230100-001-MA_CROSS-619,,,,['MA_CROSS_TP'],b98a58be-8fcc-4c70-a407-1c0c0a1b0c0f,1746572460000000000,1746594960000000000,,,,,1.12643,True,
BACKTESTER-001,MovingAverageCrossover-MA_CROSS,EUR/USD.IDEALPRO,IDEALPRO-1-622,EUR/USD.IDEALPRO-MovingAverageCrossover-MA_CROSS,IDEALPRO-001,IDEALPRO-1-255508,MARKET,BUY,100000.00,GTC,False,False,100000.00,TAKER,1.136559999999,0.0,['2.27 USD'],NO_TRIGGER,FILLED,OTO,OL-20250507-101500-001-MA_CROSS-208,"['O-20250507-101500-001-MA_CROSS-623', 'O-20250507-101500-001-MA_CROSS-624']",,,,,['MA_CROSS'],bd035f36-8f8c-4a97-9c7f-aef3a455ddf1,1746612900000000000,1746612900000000000,,,,,,,
BACKTESTER-001,MovingAverageCrossover-MA_CROSS,EUR/USD.IDEALPRO,IDEALPRO-1-623,EUR/USD.IDEALPRO-MovingAverageCrossover-MA_CROSS,IDEALPRO-001,IDEALPRO-1-256123,STOP_MARKET,SELL,100000.00,GTC,True,False,100000.00,TAKER,1.135040000001,9.999998999976611e-06,['2.27 USD'],NO_TRIGGER,FILLED,OUO,OL-20250507-101500-001-MA_CROSS-208,['O-20250507-101500-001-MA_CROSS-624'],O-20250507-101500-001-MA_CROSS-622,,,,['MA_CROSS_SL'],682a1773-5ce0-416e-adaf-0653412a5955,1746612900000000000,1746631320000000000,1.13505,DEFAULT,,,,,
BACKTESTER-001,MovingAverageCrossover-MA_CROSS,EUR/USD.IDEALPRO,IDEALPRO-1-624,EUR/USD.IDEALPRO-MovingAverageCrossover-MA_CROSS,IDEALPRO-001,,LIMIT,SELL,99999.99,GTC,True,False,0.00,NO_LIQUIDITY_SIDE,,,,NO_TRIGGER,CANCELED,OUO,OL-20250507-101500-001-MA_CROSS-208,['O-20250507-101500-001-MA_CROSS-623'],O-20250507-101500-001-MA_CROSS-622,,,,['MA_CROSS_TP'],6931ba51-1684-4e27-9505-bf0b7a744101,1746612900000000000,1746631320000000000,,,,,1.14405,True,
BACKTESTER-001,MovingAverageCrossover-MA_CROSS,EUR/USD.IDEALPRO,IDEALPRO-1-625,EUR/USD.IDEALPRO-MovingAverageCrossover-MA_CROSS,IDEALPRO-001,IDEALPRO-1-256203,MARKET,SELL,100000.00,GTC,False,False,100000.00,TAKER,1.134360000001,0.0,['2.27 USD'],NO_TRIGGER,FILLED,OTO,OL-20250507-160100-001-MA_CROSS-209,"['O-20250507-160100-001-MA_CROSS-626', 'O-20250507-160100-001-MA_CROSS-627']",,,,,['MA_CROSS'],df80fd2f-3d66-4536-b5be-dcd3a1857a78,1746633660000000000,1746633660000000000,,,,,,,
BACKTESTER-001,MovingAverageCrossover-MA_CROSS,EUR/USD.IDEALPRO,IDEALPRO-1-626,EUR/USD.IDEALPRO-MovingAverageCrossover-MA_CROSS,IDEALPRO-001,IDEALPRO-1-256459,STOP_MARKET,BUY,100000.00,GTC,True,False,100000.00,TAKER,1.135879999999,9.999998999976611e-06,['2.27 USD'],NO_TRIGGER,FILLED,OUO,OL-20250507-160100-001-MA_CROSS-209,['O-20250507-160100-001-MA_CROSS-627'],O-20250507-160100-001-MA_CROSS-625,,,,['MA_CROSS_SL'],359e8be3-c964-4d66-b284-0d4a67db0f7e,1746633660000000000,1746641280000000000,1.13587,DEFAULT,,,,,
BACKTESTER-001,MovingAverageCrossover-MA_CROSS,EUR/USD.IDEALPRO,IDEALPRO-1-627,EUR/USD.IDEALPRO-MovingAverageCrossover-MA_CROSS,IDEALPRO-001,,LIMIT,BUY,99999.99,GTC,True,False,0.00,NO_LIQUIDITY_SIDE,,,,NO_TRIGGER,CANCELED,OUO,OL-20250507-160100-001-MA_CROSS-209,['O-20250507-160100-001-MA_CROSS-626'],O-20250507-160100-001-MA_CROSS-625,,,,['MA_CROSS_TP'],35e0e18e-924f-4188-9e45-aac78c80b009,1746633660000000000,1746641280000000000,,,,,1.12687,True,
BACKTESTER-001,MovingAverageCrossover-MA_CROSS,EUR/USD.IDEALPRO,IDEALPRO-1-628,EUR/USD.IDEALPRO-MovingAverageCrossover-MA_CROSS,IDEALPRO-001,IDEALPRO-1-256837,MARKET,BUY,100000.00,GTC,False,False,100000.00,TAKER,1.1314899999990002,0.0,['2.26 USD'],NO_TRIGGER,FILLED,OTO,OL-20250507-213100-001-MA_CROSS-210,"['O-20250507-213100-001-MA_CROSS-629', 'O-20250507-213100-001-MA_CROSS-630']",,,,,['MA_CROSS'],fd9a0a71-a46b-422c-aa54-4a70452bb8fc,1746653460000000000,1746653460000000000,,,,,,,
BACKTESTER-001,MovingAverageCrossover-MA_CROSS,EUR/USD.IDEALPRO,IDEALPRO-1-629,EUR/USD.IDEALPRO-MovingAverageCrossover-MA_CROSS,IDEALPRO-001,IDEALPRO-1-257765,STOP_MARKET,SELL,100000.00,GTC,True,False,100000.00,TAKER,1.129970000001,9.999998999976611e-06,['2.26 USD'],NO_TRIGGER,FILLED,OUO,OL-20250507-213100-001-MA_CROSS-210,['O-20250507-213100-001-MA_CROSS-630'],O-20250507-213100-001-MA_CROSS-628,,,,['MA_CROSS_SL'],c4be167a-e67c-48d5-9662-94419ce9ec3f,1746653460000000000,1746681240000000000,1.12998,DEFAULT,,,,,
BACKTESTER-001,MovingAverageCrossover-MA_CROSS,EUR/USD.IDEALPRO,IDEALPRO-1-630,EUR/USD.IDEALPRO-MovingAverageCrossover-MA_CROSS,IDEALPRO-001,,LIMIT,SELL,99999.99,GTC,True,False,0.00,NO_LIQUIDITY_SIDE,,,,NO_TRIGGER,CANCELED,OUO,OL-20250507-213100-001-MA_CROSS-210,['O-20250507-213100-001-MA_CROSS-629'],O-20250507-213100-001-MA_CROSS-628,,,,['MA_CROSS_TP'],6d0678a6-04ac-40cc-863d-c5ff958b4341,1746653460000000000,1746681240000000000,,,,,1.13898,True,
BACKTESTER-001,MovingAverageCrossover-MA_CROSS,EUR/USD.IDEALPRO,IDEALPRO-1-631,EUR/USD.IDEALPRO-MovingAverageCrossover-MA_CROSS,IDEALPRO-001,IDEALPRO-1-258011,MARKET,SELL,100000.00,GTC,False,False,100000.00,TAKER,1.128080000001,0.0,['2.26 USD'],NO_TRIGGER,FILLED,OTO,OL-20250508-071600-001-MA_CROSS-211,"['O-20250508-071600-001-MA_CROSS-632', 'O-20250508-071600-001-MA_CROSS-633']",,,,,['MA_CROSS'],7e6c0fb2-5301-40e2-87e1-59f7f9a5684f,1746688560000000000,1746688560000000000,,,,,,,
BACKTESTER-001,MovingAverageCrossover-MA_CROSS,EUR/USD.IDEALPRO,IDEALPRO-1-632,EUR/USD.IDEALPRO-MovingAverageCrossover-MA_CROSS,IDEALPRO-001,IDEALPRO-1-258079,STOP_MARKET,BUY,100000.00,GTC,True,False,100000.00,TAKER,1.129599999999,9.999998999976611e-06,['2.26 USD'],NO_TRIGGER,FILLED,OUO,OL-20250508-071600-001-MA_CROSS-211,['O-20250508-071600-001-MA_CROSS-633'],O-20250508-071600-001-MA_CROSS-631,,,,['MA_CROSS_SL'],c353fb74-83d3-4eee-a225-baa2d9322106,1746688560000000000,1746690540000000000,1.12959,DEFAULT,,,,,
BACKTESTER-001,MovingAverageCrossover-MA_CROSS,EUR/USD.IDEALPRO,IDEALPRO-1-633,EUR/USD.IDEALPRO-MovingAverageCrossover-MA_CROSS,IDEALPRO-001,,LIMIT,BUY,99999.99,GTC,True,False,0.00,NO_LIQUIDITY_SIDE,,,,NO_TRIGGER,CANCELED,OUO,OL-20250508-071600-001-MA_CROSS-211,['O-20250508-071600-001-MA_CROSS-632'],O-20250508-071600-001-MA_CROSS-631,,,,['MA_CROSS_TP'],dba8b7e7-b783-4546-a6d6-0a20d928d9c6,1746688560000000000,1746690540000000000,,,,,1.12059,True,
BACKTESTER-001,MovingAverageCrossover-MA_CROSS,EUR/USD.IDEALPRO,IDEALPRO-1-634,EUR/USD.IDEALPRO-MovingAverageCrossover-MA_CROSS,IDEALPRO-001,IDEALPRO-1-258085,MARKET,BUY,100000.00,GTC,False,False,100000.00,TAKER,1.129509999999,0.0,['2.26 USD'],NO_TRIGGER,FILLED,OTO,OL-20250508-075100-001-MA_CROSS-212,"['O-20250508-075100-001-MA_CROSS-635', 'O-20250508-075100-001-MA_CROSS-636']",,,,,['MA_CROSS'],73377999-3317-4799-be5e-5a59e4ceb6fb,1746690660000000000,1746690660000000000,,,,,,,
BACKTESTER-001,MovingAverageCrossover-MA_CROSS,EUR/USD.IDEALPRO,IDEALPRO-1-635,EUR/USD.IDEALPRO-MovingAverageCrossover-MA_CROSS,IDEALPRO-001,IDEALPRO-1-258371,STOP_MARKET,SELL,100000.00,GTC,True,False,100000.00,TAKER,1.127990000001,9.999998999976611e-06,['2.26 USD'],NO_TRIGGER,FILLED,OUO,OL-20250508-075100-001-MA_CROSS-212,['O-20250508-075100-001-MA_CROSS-636'],O-20250508-075100-001-MA_CROSS-634,,,,['MA_CROSS_SL'],8eec5c08-08c0-43b8-a48e-8b1208db0c3d,1746690660000000000,1746699180000000000,1.12800,DEFAULT,,,,,
BACKTESTER-001,MovingAverageCrossover-MA_CROSS,EUR/USD.IDEALPRO,IDEALPRO-1-636,EUR/USD.IDEALPRO-MovingAverageCrossover-MA_CROSS,IDEALPRO-001,,LIMIT,SELL,99999.99,GTC,True,False,0.00,NO_LIQUIDITY_SIDE,,,,NO_TRIGGER,CANCELED,OUO,OL-20250508-075100-001-MA_CROSS-212,['O-20250508-075100-001-MA_CROSS-635'],O-20250508-075100-001-MA_CROSS-634,,,,['MA_CROSS_TP'],597a35e4-dbad-4cd4-8f0a-b636df0f622a,1746690660000000000,1746699180000000000,,,,,1.13700,True,
BACKTESTER-001,MovingAverageCrossover-MA_CROSS,EUR/USD.IDEALPRO,IDEALPRO-1-637,EUR/USD.IDEALPRO-MovingAverageCrossover-MA_CROSS,IDEALPRO-001,IDEALPRO-1-258373,MARKET,SELL,100000.00,GTC,False,False,100000.00,TAKER,1.1278300000010002,0.0,['2.26 USD'],NO_TRIGGER,FILLED,OTO,OL-20250508-101300-001-MA_CROSS-213,"['O-20250508-101300-001-MA_CROSS-638', 'O-20250508-101300-001-MA_CROSS-639']",,,,,['MA_CROSS'],0991ef62-6b48-41ab-8fcd-5ef075f4da56,1746699180000000000,1746699180000000000,,,,,,,
BACKTESTER-001,MovingAverageCrossover-MA_CROSS,EUR/USD.IDEALPRO,IDEALPRO-1-638,EUR/USD.IDEALPRO-MovingAverageCrossover-MA_CROSS,IDEALPRO-001,IDEALPRO-1-258409,STOP_MARKET,BUY,100000.00,GTC,True,False,100000.00,TAKER,1.129349999999,9.999998999976611e-06,['2.26 USD'],NO_TRIGGER,FILLED,OUO,OL-20250508-101300-001-MA_CROSS-213,['O-20250508-101300-001-MA_CROSS-639'],O-20250508-101300-001-MA_CROSS-637,,,,['MA_CROSS_SL'],ebbc3c2a-a6bd-4c7f-8fb2-5e4ca44c3064,1746699180000000000,1746700200000000000,1.12934,DEFAULT,,,,,
BACKTESTER-001,MovingAverageCrossover-MA_CROSS,EUR/USD.IDEALPRO,IDEALPRO-1-639,EUR/USD.IDEALPRO-MovingAverageCrossover-MA_CROSS,IDEALPRO-001,,LIMIT,BUY,99999.99,GTC,True,False,0.00,NO_LIQUIDITY_SIDE,,,,NO_TRIGGER,CANCELED,OUO,OL-20250508-101300-001-MA_CROSS-213,['O-20250508-101300-001-MA_CROSS-638'],O-20250508-101300-001-MA_CROSS-637,,,,['MA_CROSS_TP'],b491ae8f-f6d0-4274-b1d2-9d8f75de0cca,1746699180000000000,1746700200000000000,,,,,1.12034,True,
BACKTESTER-001,MovingAverageCrossover-MA_CROSS,EUR/USD.IDEALPRO,IDEALPRO-1-640,EUR/USD.IDEALPRO-MovingAverageCrossover-MA_CROSS,IDEALPRO-001,IDEALPRO-1-258427,MARKET,BUY,100000.00,GTC,False,False,100000.00,TAKER,1.1299599999990002,0.0,['2.26 USD'],NO_TRIGGER,FILLED,OTO,OL-20250508-103800-001-MA_CROSS-214,"['O-20250508-103800-001-MA_CROSS-641', 'O-20250508-103800-001-MA_CROSS-642']",,,,,['MA_CROSS'],228eb153-a292-4a77-a572-a6bf7dacb931,1746700680000000000,1746700680000000000,,,,,,,
BACKTESTER-001,MovingAverageCrossover-MA_CROSS,EUR/USD.IDEALPRO,IDEALPRO-1-641,EUR/USD.IDEALPRO-MovingAverageCrossover-MA_CROSS,IDEALPRO-001,IDEALPRO-1-258937,STOP_MARKET,SELL,100000.00,GTC,True,False,100000.00,TAKER,1.1284400000010002,9.999998999754567e-06,['2.26 USD'],NO_TRIGGER,FILLED,OUO,OL-20250508-103800-001-MA_CROSS-214,['O-20250508-103800-001-MA_CROSS-642'],O-20250508-103800-001-MA_CROSS-640,,,,['MA_CROSS_SL'],7046329a-2278-41f6-bf93-1cf04232b30a,1746700680000000000,1746715920000000000,1.12845,DEFAULT,,,,,
BACKTESTER-001,MovingAverageCrossover-MA_CROSS,EUR/USD.IDEALPRO,IDEALPRO-1-642,EUR/USD.IDEALPRO-MovingAverageCrossover-MA_CROSS,IDEALPRO-001,,LIMIT,SELL,99999.99,GTC,True,False,0.00,NO_LIQUIDITY_SIDE,,,,NO_TRIGGER,CANCELED,OUO,OL-20250508-103800-001-MA_CROSS-214,['O-20250508-103800-001-MA_CROSS-641'],O-20250508-103800-001-MA_CROSS-640,,,,['MA_CROSS_TP'],9b72d78a-0a2d-4896-9f6b-0207b9fb7304,1746700680000000000,1746715920000000000,,,,,1.13745,True,
BACKTESTER-001,MovingAverageCrossover-MA_CROSS,EUR/USD.IDEALPRO,IDEALPRO-1-643,EUR/USD.IDEALPRO-MovingAverageCrossover-MA_CROSS,IDEALPRO-001,IDEALPRO-1-258956,MARKET,SELL,100000.00,GTC,False,False,100000.00,TAKER,1.127810000001,0.0,['2.26 USD'],NO_TRIGGER,FILLED,OTO,OL-20250508-150000-001-MA_CROSS-215,"['O-20250508-150000-001-MA_CROSS-644', 'O-20250508-150000-001-MA_CROSS-645']",,,,,['MA_CROSS'],b1807e80-6cde-4717-97da-7afc97f00099,1746716400000000000,1746716400000000000,,,,,,,
BACKTESTER-001,MovingAverageCrossover-MA_CROSS,EUR/USD.IDEALPRO,IDEALPRO-1-644,EUR/USD.IDEALPRO-MovingAverageCrossover-MA_CROSS,IDEALPRO-001,,STOP_MARKET,BUY,99999.99,GTC,True,False,0.00,NO_LIQUIDITY_SIDE,,,,NO_TRIGGER,CANCELED,OUO,OL-20250508-150000-001-MA_CROSS-215,['O-20250508-150000-001-MA_CROSS-645'],O-20250508-150000-001-MA_CROSS-643,,,,['MA_CROSS_SL'],3713edcc-e3a2-45b0-8886-a6863c99dea3,1746716400000000000,1746756540000000000,1.12932,DEFAULT,,,,,
BACKTESTER-001,MovingAverageCrossover-MA_CROSS,EUR/USD.IDEALPRO,IDEALPRO-1-645,EUR/USD.IDEALPRO-MovingAverageCrossover-MA_CROSS,IDEALPRO-001,IDEALPRO-1-260265,LIMIT,BUY,100000.00,GTC,True,False,100000.00,MAKER,1.12032,0.0,['2.24 USD'],NO_TRIGGER,FILLED,OUO,OL-20250508-150000-001-MA_CROSS-215,['O-20250508-150000-001-MA_CROSS-644'],O-20250508-150000-001-MA_CROSS-643,,,,['MA_CROSS_TP'],14350fa7-af83-4038-b964-38f8076ab65a,1746716400000000000,1746756540000000000,,,,,1.12032,True,
BACKTESTER-001,MovingAverageCrossover-MA_CROSS,EUR/USD.IDEALPRO,IDEALPRO-1-646,EUR/USD.IDEALPRO-MovingAverageCrossover-MA_CROSS,IDEALPRO-001,IDEALPRO-1-260374,MARKET,BUY,100000.00,GTC,False,False,100000.00,TAKER,1.122629999999,0.0,['2.25 USD'],NO_TRIGGER,FILLED,OTO,OL-20250509-030200-001-MA_CROSS-216,"['O-20250509-030200-001-MA_CROSS-647', 'O-20250509-030200-001-MA_CROSS-648']",,,,,['MA_CROSS'],a0a83a46-73e7-4d02-b6f0-66c9ba7fe252,1746759720000000000,1746759720000000000,,,,,,,
BACKTESTER-001,MovingAverageCrossover-MA_CROSS,EUR/USD.IDEALPRO,IDEALPRO-1-647,EUR/USD.IDEALPRO-MovingAverageCrossover-MA_CROSS,IDEALPRO-001,IDEALPRO-1-262533,STOP_MARKET,SELL,100000.00,GTC,True,False,100000.00,TAKER,1.121110000001,9.999998999976611e-06,['2.24 USD'],NO_TRIGGER,FILLED,OUO,OL-20250509-030200-001-MA_CROSS-216,['O-20250509-030200-001-MA_CROSS-648'],O-20250509-030200-001-MA_CROSS-646,,,,['MA_CROSS_SL'],4de79e98-bb22-48cf-b965-e1be2b6896ca,1746759720000000000,1746998160000000000,1.12112,DEFAULT,,,,,
BACKTESTER-001,MovingAverageCrossover-MA_CROSS,EUR/USD.IDEALPRO,IDEALPRO-1-648,EUR/USD.IDEALPRO-MovingAverageCrossover-MA_CROSS,IDEALPRO-001,,LIMIT,SELL,99999.99,GTC,True,False,0.00,NO_LIQUIDITY_SIDE,,,,NO_TRIGGER,CANCELED,OUO,OL-20250509-030200-001-MA_CROSS-216,['O-20250509-030200-001-MA_CROSS-647'],O-20250509-030200-001-MA_CROSS-646,,,,['MA_CROSS_TP'],4b772bf9-5512-4d71-8b11-841f3a09a894,1746759720000000000,1746998160000000000,,,,,1.13012,True,
BACKTESTER-001,MovingAverageCrossover-MA_CROSS,EUR/USD.IDEALPRO,IDEALPRO-1-649,EUR/USD.IDEALPRO-MovingAverageCrossover-MA_CROSS,IDEALPRO-001,IDEALPRO-1-262564,MARKET,SELL,100000.00,GTC,False,False,100000.00,TAKER,1.1212900000009998,0.0,['2.24 USD'],NO_TRIGGER,FILLED,OTO,OL-20250511-213000-001-MA_CROSS-217,"['O-20250511-213000-001-MA_CROSS-650', 'O-20250511-213000-001-MA_CROSS-651']",,,,,['MA_CROSS'],56001c5a-a8e3-4faa-ae4d-1bdc66521ebe,1746999000000000000,1746999000000000000,,,,,,,
BACKTESTER-001,MovingAverageCrossover-MA_CROSS,EUR/USD.IDEALPRO,IDEALPRO-1-650,EUR/USD.IDEALPRO-MovingAverageCrossover-MA_CROSS,IDEALPRO-001,IDEALPRO-1-262697,STOP_MARKET,BUY,100000.00,GTC,True,False,100000.00,TAKER,1.122809999999,9.999998999976611e-06,['2.25 USD'],NO_TRIGGER,FILLED,OUO,OL-20250511-213000-001-MA_CROSS-217,['O-20250511-213000-001-MA_CROSS-651'],O-20250511-213000-001-MA_CROSS-649,,,,['MA_CROSS_SL'],83b9f5c1-adf9-454e-ab56-4627c3cbdedd,1746999000000000000,1747002960000000000,1.12280,DEFAULT,,,,,
BACKTESTER-001,MovingAverageCrossover-MA_CROSS,EUR/USD.IDEALPRO,IDEALPRO-1-651,EUR/USD.IDEALPRO-MovingAverageCrossover-MA_CROSS,IDEALPRO-001,,LIMIT,BUY,99999.99,GTC,True,False,0.00,NO_LIQUIDITY_SIDE,,,,NO_TRIGGER,CANCELED,OUO,OL-20250511-213000-001-MA_CROSS-217,['O-20250511-213000-001-MA_CROSS-650'],O-20250511-213000-001-MA_CROSS-649,,,,['MA_CROSS_TP'],89a12c17-21e2-4488-8ed7-b19888970262,1746999000000000000,1747002960000000000,,,,,1.11380,True,
BACKTESTER-001,MovingAverageCrossover-MA_CROSS,EUR/USD.IDEALPRO,IDEALPRO-1-652,EUR/USD.IDEALPRO-MovingAverageCrossover-MA_CROSS,IDEALPRO-001,IDEALPRO-1-262771,MARKET,BUY,100000.00,GTC,False,False,100000.00,TAKER,1.1231399999990002,0.0,['2.25 USD'],NO_TRIGGER,FILLED,OTO,OL-20250511-231200-001-MA_CROSS-218,"['O-20250511-231200-001-MA_CROSS-653', 'O-20250511-231200-001-MA_CROSS-654']",,,,,['MA_CROSS'],f9a29510-9867-4821-b5f6-5315aa34cc8c,1747005120000000000,1747005120000000000,,,,,,,
BACKTESTER-001,MovingAverageCrossover-MA_CROSS,EUR/USD.IDEALPRO,IDEALPRO-1-653,EUR/USD.IDEALPRO-MovingAverageCrossover-MA_CROSS,IDEALPRO-001,IDEALPRO-1-263565,STOP_MARKET,SELL,100000.00,GTC,True,False,100000.00,TAKER,1.1216200000010002,9.999998999754567e-06,['2.24 USD'],NO_TRIGGER,FILLED,OUO,OL-20250511-231200-001-MA_CROSS-218,['O-20250511-231200-001-MA_CROSS-654'],O-20250511-231200-001-MA_CROSS-652,,,,['MA_CROSS_SL'],5a3ac210-0db3-40ef-bf3e-a9e02d5d0bcb,1747005120000000000,1747028880000000000,1.12163,DEFAULT,,,,,
BACKTESTER-001,MovingAverageCrossover-MA_CROSS,EUR/USD.IDEALPRO,IDEALPRO-1-654,EUR/USD.IDEALPRO-MovingAverageCrossover-MA_CROSS,IDEALPRO-001,,LIMIT,SELL,99999.99,GTC,True,False,0.00,NO_LIQUIDITY_SIDE,,,,NO_TRIGGER,CANCELED,OUO,OL-20250511-231200-001-MA_CROSS-218,['O-20250511-231200-001-MA_CROSS-653'],O-20250511-231200-001-MA_CROSS-652,,,,['MA_CROSS_TP'],d9d21c77-9b3f-4be3-b127-5061856f9c08,1747005120000000000,1747028880000000000,,,,,1.13063,True,
BACKTESTER-001,MovingAverageCrossover-MA_CROSS,EUR/USD.IDEALPRO,IDEALPRO-1-655,EUR/USD.IDEALPRO-MovingAverageCrossover-MA_CROSS,IDEALPRO-001,IDEALPRO-1-263742,MARKET,SELL,100000.00,GTC,False,False,100000.00,TAKER,1.115930000001,0.0,['2.23 USD'],NO_TRIGGER,FILLED,OTO,OL-20250512-071500-001-MA_CROSS-219,"['O-20250512-071500-001-MA_CROSS-656', 'O-20250512-071500-001-MA_CROSS-657']",,,,,['MA_CROSS'],8e3c5bb2-29b4-4481-ab6f-6b39c8252e43,1747034100000000000,1747034100000000000,,,,,,,
BACKTESTER-001,MovingAverageCrossover-MA_CROSS,EUR/USD.IDEALPRO,IDEALPRO-1-656,EUR/USD.IDEALPRO-MovingAverageCrossover-MA_CROSS,IDEALPRO-001,,STOP_MARKET,BUY,99999.99,GTC,True,False,0.00,NO_LIQUIDITY_SIDE,,,,NO_TRIGGER,CANCELED,OUO,OL-20250512-071500-001-MA_CROSS-219,['O-20250512-071500-001-MA_CROSS-657'],O-20250512-071500-001-MA_CROSS-655,,,,['MA_CROSS_SL'],c5d834bf-7b57-49e5-b849-07cd729f84be,1747034100000000000,1747037700000000000,1.11744,DEFAULT,,,,,
BACKTESTER-001,MovingAverageCrossover-MA_CROSS,EUR/USD.IDEALPRO,IDEALPRO-1-657,EUR/USD.IDEALPRO-MovingAverageCrossover-MA_CROSS,IDEALPRO-001,IDEALPRO-1-263863,LIMIT,BUY,100000.00,GTC,True,False,100000.00,MAKER,1.10844,0.0,['2.22 USD'],NO_TRIGGER,FILLED,OUO,OL-20250512-071500-001-MA_CROSS-219,['O-20250512-071500-001-MA_CROSS-656'],O-20250512-071500-001-MA_CROSS-655,,,,['MA_CROSS_TP'],2c2b9446-50b6-4349-9c3e-77ee51ff9384,1747034100000000000,1747037700000000000,,,,,1.10844,True,
BACKTESTER-001,MovingAverageCrossover-MA_CROSS,EUR/USD.IDEALPRO,IDEALPRO-1-658,EUR/USD.IDEALPRO-MovingAverageCrossover-MA_CROSS,IDEALPRO-001,IDEALPRO-1-263965,MARKET,BUY,100000.00,GTC,False,False,100000.00,TAKER,1.113949999999,0.0,['2.23 USD'],NO_TRIGGER,FILLED,OTO,OL-20250512-090500-001-MA_CROSS-220,"['O-20250512-090500-001-MA_CROSS-659', 'O-20250512-090500-001-MA_CROSS-660']",,,,,['MA_CROSS'],c8c2fc83-86f0-49cc-b097-185526da4003,1747040700000000000,1747040700000000000,,,,,,,
BACKTESTER-001,MovingAverageCrossover-MA_CROSS,EUR/USD.IDEALPRO,IDEALPRO-1-659,EUR/USD.IDEALPRO-MovingAverageCrossover-MA_CROSS,IDEALPRO-001,IDEALPRO-1-264043,STOP_MARKET,SELL,100000.00,GTC,True,False,100000.00,TAKER,1.1124300000010001,9.999998999976611e-06,['2.22 USD'],NO_TRIGGER,FILLED,OUO,OL-20250512-090500-001-MA_CROSS-220,['O-20250512-090500-001-MA_CROSS-660'],O-20250512-090500-001-MA_CROSS-658,,,,['MA_CROSS_SL'],9fb0fe24-0892-4d9d-942c-7b420ff40dac,1747040700000000000,1747042980000000000,1.11244,DEFAULT,,,,,
BACKTESTER-001,MovingAverageCrossover-MA_CROSS,EUR/USD.IDEALPRO,IDEALPRO-1-660,EUR/USD.IDEALPRO-MovingAverageCrossover-MA_CROSS,IDEALPRO-001,,LIMIT,SELL,99999.99,GTC,True,False,0.00,NO_LIQUIDITY_SIDE,,,,NO_TRIGGER,CANCELED,OUO,OL-20250512-090500-001-MA_CROSS-220,['O-20250512-090500-001-MA_CROSS-659'],O-20250512-090500-001-MA_CROSS-658,,,,['MA_CROSS_TP'],fc84f38b-7240-4cbe-ac47-bc9f0cecda1b,1747040700000000000,1747042980000000000,,,,,1.12144,True,
BACKTESTER-001,MovingAverageCrossover-MA_CROSS,EUR/USD.IDEALPRO,IDEALPRO-1-661,EUR/USD.IDEALPRO-MovingAverageCrossover-MA_CROSS,IDEALPRO-001,IDEALPRO-1-264085,MARKET,SELL,100000.00,GTC,False,False,100000.00,TAKER,1.111460000001,0.0,['2.22 USD'],NO_TRIGGER,FILLED,OTO,OL-20250512-100300-001-MA_CROSS-221,"['O-20250512-100300-001-MA_CROSS-662', 'O-20250512-100300-001-MA_CROSS-663']",,,,,['MA_CROSS'],f35c480b-733c-46fe-9099-3aa66f1de566,1747044180000000000,1747044180000000000,,,,,,,
BACKTESTER-001,MovingAverageCrossover-MA_CROSS,EUR/USD.IDEALPRO,IDEALPRO-1-662,EUR/USD.IDEALPRO-MovingAverageCrossover-MA_CROSS,IDEALPRO-001,IDEALPRO-1-264485,STOP_MARKET,BUY,100000.00,GTC,True,False,100000.00,TAKER,1.1129799999990002,9.999999000198656e-06,['2.23 USD'],NO_TRIGGER,FILLED,OUO,OL-20250512-100300-001-MA_CROSS-221,['O-20250512-100300-001-MA_CROSS-663'],O-20250512-100300-001-MA_CROSS-661,,,,['MA_CROSS_SL'],dbf6e82a-c67b-44be-91cf-c9e3cbde0e89,1747044180000000000,1747056120000000000,1.11297,DEFAULT,,,,,
BACKTESTER-001,MovingAverageCrossover-MA_CROSS,EUR/USD.IDEALPRO,IDEALPRO-1-663,EUR/USD.IDEALPRO-MovingAverageCrossover-MA_CROSS,IDEALPRO-001,,LIMIT,BUY,99999.99,GTC,True,False,0.00,NO_LIQUIDITY_SIDE,,,,NO_TRIGGER,CANCELED,OUO,OL-20250512-100300-001-MA_CROSS-221,['O-20250512-100300-001-MA_CROSS-662'],O-20250512-100300-001-MA_CROSS-661,,,,['MA_CROSS_TP'],2fffff23-ed6b-466a-9e06-3ee6dbd36b6f,1747044180000000000,1747056120000000000,,,,,1.10397,True,
BACKTESTER-001,MovingAverageCrossover-MA_CROSS,EUR/USD.IDEALPRO,IDEALPRO-1-664,EUR/USD.IDEALPRO-MovingAverageCrossover-MA_CROSS,IDEALPRO-001,IDEALPRO-1-264487,MARKET,BUY,100000.00,GTC,False,False,100000.00,TAKER,1.1128099999990002,0.0,['2.23 USD'],NO_TRIGGER,FILLED,OTO,OL-20250512-132200-001-MA_CROSS-222,"['O-20250512-132200-001-MA_CROSS-665', 'O-20250512-132200-001-MA_CROSS-666']",,,,,['MA_CROSS'],0ed8a8df-4afc-4353-a041-b051ed8085e8,1747056120000000000,1747056120000000000,,,,,,,
BACKTESTER-001,MovingAverageCrossover-MA_CROSS,EUR/USD.IDEALPRO,IDEALPRO-1-665,EUR/USD.IDEALPRO-MovingAverageCrossover-MA_CROSS,IDEALPRO-001,IDEALPRO-1-264613,STOP_MARKET,SELL,100000.00,GTC,True,False,100000.00,TAKER,1.111290000001,9.999998999976611e-06,['2.22 USD'],NO_TRIGGER,FILLED,OUO,OL-20250512-132200-001-MA_CROSS-222,['O-20250512-132200-001-MA_CROSS-666'],O-20250512-132200-001-MA_CROSS-664,,,,['MA_CROSS_SL'],b8323656-41db-4ad4-9522-2368bf8e8b5c,1747056120000000000,1747059840000000000,1.11130,DEFAULT,,,,,
BACKTESTER-001,MovingAverageCrossover-MA_CROSS,EUR/USD.IDEALPRO,IDEALPRO-1-666,EUR/USD.IDEALPRO-MovingAverageCrossover-MA_CROSS,IDEALPRO-001,,LIMIT,SELL,99999.99,GTC,True,False,0.00,NO_LIQUIDITY_SIDE,,,,NO_TRIGGER,CANCELED,OUO,OL-20250512-132200-001-MA_CROSS-222,['O-20250512-132200-001-MA_CROSS-665'],O-20250512-132200-001-MA_CROSS-664,,,,['MA_CROSS_TP'],1b5d22a3-57cf-4b94-9f66-47dce7ec868f,1747056120000000000,1747059840000000000,,,,,1.12030,True,
BACKTESTER-001,MovingAverageCrossover-MA_CROSS,EUR/USD.IDEALPRO,IDEALPRO-1-667,EUR/USD.IDEALPRO-MovingAverageCrossover-MA_CROSS,IDEALPRO-001,IDEALPRO-1-264631,MARKET,SELL,100000.00,GTC,False,False,100000.00,TAKER,1.1116600000010002,0.0,['2.22 USD'],NO_TRIGGER,FILLED,OTO,OL-20250512-143200-001-MA_CROSS-223,"['O-20250512-143200-001-MA_CROSS-668', 'O-20250512-143200-001-MA_CROSS-669']",,,,,['MA_CROSS'],ba5c1961-5355-40bb-aa70-c11285e8aa1f,1747060320000000000,1747060320000000000,,,,,,,
BACKTESTER-001,MovingAverageCrossover-MA_CROSS,EUR/USD.IDEALPRO,IDEALPRO-1-668,EUR/USD.IDEALPRO-MovingAverageCrossover-MA_CROSS,IDEALPRO-001,IDEALPRO-1-264645,STOP_MARKET,BUY,100000.00,GTC,True,False,100000.00,TAKER,1.1131799999990002,9.999999000198656e-06,['2.23 USD'],NO_TRIGGER,FILLED,OUO,OL-20250512-143200-001-MA_CROSS-223,['O-20250512-143200-001-MA_CROSS-669'],O-20250512-143200-001-MA_CROSS-667,,,,['MA_CROSS_SL'],fc6c1570-1320-4636-a1fc-7c5fcff9eb8b,1747060320000000000,1747060680000000000,1.11317,DEFAULT,,,,,
BACKTESTER-001,MovingAverageCrossover-MA_CROSS,EUR/USD.IDEALPRO,IDEALPRO-1-669,EUR/USD.IDEALPRO-MovingAverageCrossover-MA_CROSS,IDEALPRO-001,,LIMIT,BUY,99999.99,GTC,True,False,0.00,NO_LIQUIDITY_SIDE,,,,NO_TRIGGER,CANCELED,OUO,OL-20250512-143200-001-MA_CROSS-223,['O-20250512-143200-001-MA_CROSS-668'],O-20250512-143200-001-MA_CROSS-667,,,,['MA_CROSS_TP'],fa9cfa92-0d6f-4b13-b699-edb4d7f99860,1747060320000000000,1747060680000000000,,,,,1.10417,True,
BACKTESTER-001,MovingAverageCrossover-MA_CROSS,EUR/USD.IDEALPRO,IDEALPRO-1-670,EUR/USD.IDEALPRO-MovingAverageCrossover-MA_CROSS,IDEALPRO-001,IDEALPRO-1-264662,MARKET,BUY,100000.00,GTC,False,False,100000.00,TAKER,1.1125399999990002,0.0,['2.23 USD'],NO_TRIGGER,FILLED,OTO,OL-20250512-144500-001-MA_CROSS-224,"['O-20250512-144500-001-MA_CROSS-671', 'O-20250512-144500-001-MA_CROSS-672']",,,,,['MA_CROSS'],40c63595-2ce5-48e3-878e-bb90f65efaf6,1747061100000000000,1747061100000000000,,,,,,,
BACKTESTER-001,MovingAverageCrossover-MA_CROSS,EUR/USD.IDEALPRO,IDEALPRO-1-671,EUR/USD.IDEALPRO-MovingAverageCrossover-MA_CROSS,IDEALPRO-001,IDEALPRO-1-264681,STOP_MARKET,SELL,100000.00,GTC,True,False,100000.00,TAKER,1.1110200000009998,9.999999000198656e-06,['2.22 USD'],NO_TRIGGER,FILLED,OUO,OL-20250512-144500-001-MA_CROSS-224,['O-20250512-144500-001-MA_CROSS-672'],O-20250512-144500-001-MA_CROSS-670,,,,['MA_CROSS_SL'],9f1b7cf2-ed0b-44a0-89b8-e6ef6286c744,1747061100000000000,1747061640000000000,1.11103,DEFAULT,,,,,
BACKTESTER-001,MovingAverageCrossover-MA_CROSS,EUR/USD.IDEALPRO,IDEALPRO-1-672,EUR/USD.IDEALPRO-MovingAverageCrossover-MA_CROSS,IDEALPRO-001,,LIMIT,SELL,99999.99,GTC,True,False,0.00,NO_LIQUIDITY_SIDE,,,,NO_TRIGGER,CANCELED,OUO,OL-20250512-144500-001-MA_CROSS-224,['O-20250512-144500-001-MA_CROSS-671'],O-20250512-144500-001-MA_CROSS-670,,,,['MA_CROSS_TP'],70d62cd8-bf4c-40aa-b015-ed1d7876568e,1747061100000000000,1747061640000000000,,,,,1.12003,True,
BACKTESTER-001,MovingAverageCrossover-MA_CROSS,EUR/USD.IDEALPRO,IDEALPRO-1-673,EUR/USD.IDEALPRO-MovingAverageCrossover-MA_CROSS,IDEALPRO-001,IDEALPRO-1-264877,MARKET,SELL,100000.00,GTC,False,False,100000.00,TAKER,1.1093800000010001,0.0,['2.22 USD'],NO_TRIGGER,FILLED,OTO,OL-20250512-163100-001-MA_CROSS-225,"['O-20250512-163100-001-MA_CROSS-674', 'O-20250512-163100-001-MA_CROSS-675']",,,,,['MA_CROSS'],e0a4a667-b5a1-40ed-bfd3-65bce81830a9,1747067460000000000,1747067460000000000,,,,,,,
BACKTESTER-001,MovingAverageCrossover-MA_CROSS,EUR/USD.IDEALPRO,IDEALPRO-1-674,EUR/USD.IDEALPRO-MovingAverageCrossover-MA_CROSS,IDEALPRO-001,IDEALPRO-1-265905,STOP_MARKET,BUY,100000.00,GTC,True,False,100000.00,TAKER,1.110899999999,9.999998999976611e-06,['2.22 USD'],NO_TRIGGER,FILLED,OUO,OL-20250512-163100-001-MA_CROSS-225,['O-20250512-163100-001-MA_CROSS-675'],O-20250512-163100-001-MA_CROSS-673,,,,['MA_CROSS_SL'],e8680a7f-2836-4b73-86e1-54e08dfa1e51,1747067460000000000,1747099140000000000,1.11089,DEFAULT,,,,,
BACKTESTER-001,MovingAverageCrossover-MA_CROSS,EUR/USD.IDEALPRO,IDEALPRO-1-675,EUR/USD.IDEALPRO-MovingAverageCrossover-MA_CROSS,IDEALPRO-001,,LIMIT,BUY,99999.99,GTC,True,False,0.00,NO_LIQUIDITY_SIDE,,,,NO_TRIGGER,CANCELED,OUO,OL-20250512-163100-001-MA_CROSS-225,['O-20250512-163100-001-MA_CROSS-674'],O-20250512-163100-001-MA_CROSS-673,,,,['MA_CROSS_TP'],fccf3762-8002-4366-bbd6-48f88892a24c,1747067460000000000,1747099140000000000,,,,,1.10189,True,
BACKTESTER-001,MovingAverageCrossover-MA_CROSS,EUR/USD.IDEALPRO,IDEALPRO-1-676,EUR/USD.IDEALPRO-MovingAverageCrossover-MA_CROSS,IDEALPRO-001,IDEALPRO-1-265990,MARKET,BUY,100000.00,GTC,False,False,100000.00,TAKER,1.110689999999,0.0,['2.22 USD'],NO_TRIGGER,FILLED,OTO,OL-20250513-020000-001-MA_CROSS-226,"['O-20250513-020000-001-MA_CROSS-677', 'O-20250513-020000-001-MA_CROSS-678']",,,,,['MA_CROSS'],2bbe00d7-a135-46d2-8c3b-bc9013124cb2,1747101600000000000,1747101600000000000,,,,,,,
BACKTESTER-001,MovingAverageCrossover-MA_CROSS,EUR/USD.IDEALPRO,IDEALPRO-1-677,EUR/USD.IDEALPRO-MovingAverageCrossover-MA_CROSS,IDEALPRO-001,,STOP_MARKET,SELL,99999.99,GTC,True,False,0.00,NO_LIQUIDITY_SIDE,,,,NO_TRIGGER,CANCELED,OUO,OL-20250513-020000-001-MA_CROSS-226,['O-20250513-020000-001-MA_CROSS-678'],O-20250513-020000-001-MA_CROSS-676,,,,['MA_CROSS_SL'],8a2d6a56-a360-4c4b-9c3b-84777f4b1eb6,1747101600000000000,1747154580000000000,1.10918,DEFAULT,,,,,
BACKTESTER-001,MovingAverageCrossover-MA_CROSS,EUR/USD.IDEALPRO,IDEALPRO-1-678,EUR/USD.IDEALPRO-MovingAverageCrossover-MA_CROSS,IDEALPRO-001,IDEALPRO-1-267757,LIMIT,SELL,100000.00,GTC,True,False,100000.00,MAKER,1.11818,0.0,['2.24 USD'],NO_TRIGGER,FILLED,OUO,OL-20250513-020000-001-MA_CROSS-226,['O-20250513-020000-001-MA_CROSS-677'],O-20250513-020000-001-MA_CROSS-676,,,,['MA_CROSS_TP'],1dc76820-d969-4f65-a864-bcc3f2fb9831,1747101600000000000,1747154580000000000,,,,,1.11818,True,
BACKTESTER-001,MovingAverageCrossover-MA_CROSS,EUR/USD.IDEALPRO,IDEALPRO-1-679,EUR/USD.IDEALPRO-MovingAverageCrossover-MA_CROSS,IDEALPRO-001,IDEALPRO-1-267852,MARKET,SELL,100000.00,GTC,False,False,100000.00,TAKER,1.116830000001,0.0,['2.23 USD'],NO_TRIGGER,FILLED,OTO,OL-20250513-172900-001-MA_CROSS-227,"['O-20250513-172900-001-MA_CROSS-680', 'O-20250513-172900-001-MA_CROSS-681']",,,,,['MA_CROSS'],04f4dc71-318d-421f-ba77-1bb4a74f18c4,1747157340000000000,1747157340000000000,,,,,,,
BACKTESTER-001,MovingAverageCrossover-MA_CROSS,EUR/USD.IDEALPRO,IDEALPRO-1-680,EUR/USD.IDEALPRO-MovingAverageCrossover-MA_CROSS,IDEALPRO-001,IDEALPRO-1-267989,STOP_MARKET,BUY,100000.00,GTC,True,False,100000.00,TAKER,1.118349999999,9.999999000198656e-06,['2.24 USD'],NO_TRIGGER,FILLED,OUO,OL-20250513-172900-001-MA_CROSS-227,['O-20250513-172900-001-MA_CROSS-681'],O-20250513-172900-001-MA_CROSS-679,,,,['MA_CROSS_SL'],bfe60ecb-4bc9-45e6-9fdf-bc64e825ae2b,1747157340000000000,1747161420000000000,1.11834,DEFAULT,,,,,
BACKTESTER-001,MovingAverageCrossover-MA_CROSS,EUR/USD.IDEALPRO,IDEALPRO-1-681,EUR/USD.IDEALPRO-MovingAverageCrossover-MA_CROSS,IDEALPRO-001,,LIMIT,BUY,99999.99,GTC,True,False,0.00,NO_LIQUIDITY_SIDE,,,,NO_TRIGGER,CANCELED,OUO,OL-20250513-172900-001-MA_CROSS-227,['O-20250513-172900-001-MA_CROSS-680'],O-20250513-172900-001-MA_CROSS-679,,,,['MA_CROSS_TP'],52c3e09f-f8f9-407b-8d1f-2b7bd1b372c8,1747157340000000000,1747161420000000000,,,,,1.10934,True,
BACKTESTER-001,MovingAverageCrossover-MA_CROSS,EUR/USD.IDEALPRO,IDEALPRO-1-682,EUR/USD.IDEALPRO-MovingAverageCrossover-MA_CROSS,IDEALPRO-001,IDEALPRO-1-268489,MARKET,BUY,100000.00,GTC,False,False,100000.00,TAKER,1.1195699999989999,0.0,['2.24 USD'],NO_TRIGGER,FILLED,OTO,OL-20250513-230100-001-MA_CROSS-228,"['O-20250513-230100-001-MA_CROSS-683', 'O-20250513-230100-001-MA_CROSS-684']",,,,,['MA_CROSS'],acf3baee-077b-40f4-b175-830c5adc4859,1747177260000000000,1747177260000000000,,,,,,,
BACKTESTER-001,MovingAverageCrossover-MA_CROSS,EUR/USD.IDEALPRO,IDEALPRO-1-683,EUR/USD.IDEALPRO-MovingAverageCrossover-MA_CROSS,IDEALPRO-001,IDEALPRO-1-269341,STOP_MARKET,SELL,100000.00,GTC,True,False,100000.00,TAKER,1.118050000001,9.999998999976611e-06,['2.24 USD'],NO_TRIGGER,FILLED,OUO,OL-20250513-230100-001-MA_CROSS-228,['O-20250513-230100-001-MA_CROSS-684'],O-20250513-230100-001-MA_CROSS-682,,,,['MA_CROSS_SL'],83dc9d18-2c0b-41fb-84e2-61181364295b,1747177260000000000,1747202760000000000,1.11806,DEFAULT,,,,,
BACKTESTER-001,MovingAverageCrossover-MA_CROSS,EUR/USD.IDEALPRO,IDEALPRO-1-684,EUR/USD.IDEALPRO-MovingAverageCrossover-MA_CROSS,IDEALPRO-001,,LIMIT,SELL,99999.99,GTC,True,False,0.00,NO_LIQUIDITY_SIDE,,,,NO_TRIGGER,CANCELED,OUO,OL-20250513-230100-001-MA_CROSS-228,['O-20250513-230100-001-MA_CROSS-683'],O-20250513-230100-001-MA_CROSS-682,,,,['MA_CROSS_TP'],9fcb1e81-7a3a-4522-b44e-4f42491a050f,1747177260000000000,1747202760000000000,,,,,1.12706,True,
BACKTESTER-001,MovingAverageCrossover-MA_CROSS,EUR/USD.IDEALPRO,IDEALPRO-1-685,EUR/USD.IDEALPRO-MovingAverageCrossover-MA_CROSS,IDEALPRO-001,IDEALPRO-1-269488,MARKET,SELL,100000.00,GTC,False,False,100000.00,TAKER,1.118360000001,0.0,['2.24 USD'],NO_TRIGGER,FILLED,OTO,OL-20250514-071800-001-MA_CROSS-229,"['O-20250514-071800-001-MA_CROSS-686', 'O-20250514-071800-001-MA_CROSS-687']",,,,,['MA_CROSS'],9c02b535-5697-490c-9dd2-e3390dd8b096,1747207080000000000,1747207080000000000,,,,,,,
BACKTESTER-001,MovingAverageCrossover-MA_CROSS,EUR/USD.IDEALPRO,IDEALPRO-1-686,EUR/USD.IDEALPRO-MovingAverageCrossover-MA_CROSS,IDEALPRO-001,IDEALPRO-1-269531,STOP_MARKET,BUY,100000.00,GTC,True,False,100000.00,TAKER,1.119879999999,9.999998999976611e-06,['2.24 USD'],NO_TRIGGER,FILLED,OUO,OL-20250514-071800-001-MA_CROSS-229,['O-20250514-071800-001-MA_CROSS-687'],O-20250514-071800-001-MA_CROSS-685,,,,['MA_CROSS_SL'],bcafd7ee-67db-4956-a5cd-e4b915be8644,1747207080000000000,1747208340000000000,1.11987,DEFAULT,,,,,
BACKTESTER-001,MovingAverageCrossover-MA_CROSS,EUR/USD.IDEALPRO,IDEALPRO-1-687,EUR/USD.IDEALPRO-MovingAverageCrossover-MA_CROSS,IDEALPRO-001,,LIMIT,BUY,99999.99,GTC,True,False,0.00,NO_LIQUIDITY_SIDE,,,,NO_TRIGGER,CANCELED,OUO,OL-20250514-071800-001-MA_CROSS-229,['O-20250514-071800-001-MA_CROSS-686'],O-20250514-071800-001-MA_CROSS-685,,,,['MA_CROSS_TP'],9c586784-f31e-4b21-b46f-ca46f2ff3b02,1747207080000000000,1747208340000000000,,,,,1.11087,True,
BACKTESTER-001,MovingAverageCrossover-MA_CROSS,EUR/USD.IDEALPRO,IDEALPRO-1-688,EUR/USD.IDEALPRO-MovingAverageCrossover-MA_CROSS,IDEALPRO-001,IDEALPRO-1-269533,MARKET,BUY,100000.00,GTC,False,False,100000.00,TAKER,1.1199699999989998,0.0,['2.24 USD'],NO_TRIGGER,FILLED,OTO,OL-20250514-073900-001-MA_CROSS-230,"['O-20250514-073900-001-MA_CROSS-689', 'O-20250514-073900-001-MA_CROSS-690']",,,,,['MA_CROSS'],ab03221a-334e-4ba8-a30b-207bd54031fe,1747208340000000000,1747208340000000000,,,,,,,
BACKTESTER-001,MovingAverageCrossover-MA_CROSS,EUR/USD.IDEALPRO,IDEALPRO-1-689,EUR/USD.IDEALPRO-MovingAverageCrossover-MA_CROSS,IDEALPRO-001,IDEALPRO-1-270621,STOP_MARKET,SELL,100000.00,GTC,True,False,100000.00,TAKER,1.1184500000009998,9.999999000198656e-06,['2.24 USD'],NO_TRIGGER,FILLED,OUO,OL-20250514-073900-001-MA_CROSS-230,['O-20250514-073900-001-MA_CROSS-690'],O-20250514-073900-001-MA_CROSS-688,,,,['MA_CROSS_SL'],7936e1ef-5021-4877-81d5-6dc9ff01b697,1747208340000000000,1747240920000000000,1.11846,DEFAULT,,,,,
BACKTESTER-001,MovingAverageCrossover-MA_CROSS,EUR/USD.IDEALPRO,IDEALPRO-1-690,EUR/USD.IDEALPRO-MovingAverageCrossover-MA_CROSS,IDEALPRO-001,,LIMIT,SELL,99999.99,GTC,True,False,0.00,NO_LIQUIDITY_SIDE,,,,NO_TRIGGER,CANCELED,OUO,OL-20250514-073900-001-MA_CROSS-230,['O-20250514-073900-001-MA_CROSS-689'],O-20250514-073900-001-MA_CROSS-688,,,,['MA_CROSS_TP'],64928528-8212-4231-b694-35110777609b,1747208340000000000,1747240920000000000,,,,,1.12746,True,
BACKTESTER-001,MovingAverageCrossover-MA_CROSS,EUR/USD.IDEALPRO,IDEALPRO-1-691,EUR/USD.IDEALPRO-MovingAverageCrossover-MA_CROSS,IDEALPRO-001,IDEALPRO-1-270625,MARKET,SELL,100000.00,GTC,False,False,100000.00,TAKER,1.1183000000010002,0.0,['2.24 USD'],NO_TRIGGER,FILLED,OTO,OL-20250514-164300-001-MA_CROSS-231,"['O-20250514-164300-001-MA_CROSS-692', 'O-20250514-164300-001-MA_CROSS-693']",,,,,['MA_CROSS'],6ca20925-ff6f-4f6e-8546-f037f64f8381,1747240980000000000,1747240980000000000,,,,,,,
BACKTESTER-001,MovingAverageCrossover-MA_CROSS,EUR/USD.IDEALPRO,IDEALPRO-1-692,EUR/USD.IDEALPRO-MovingAverageCrossover-MA_CROSS,IDEALPRO-001,IDEALPRO-1-271641,STOP_MARKET,BUY,100000.00,GTC,True,False,100000.00,TAKER,1.119819999999,9.999998999976611e-06,['2.24 USD'],NO_TRIGGER,FILLED,OUO,OL-20250514-164300-001-MA_CROSS-231,['O-20250514-164300-001-MA_CROSS-693'],O-20250514-164300-001-MA_CROSS-691,,,,['MA_CROSS_SL'],a938ab50-425c-4c6a-99ff-633a709aeb1c,1747240980000000000,1747272300000000000,1.11981,DEFAULT,,,,,
BACKTESTER-001,MovingAverageCrossover-MA_CROSS,EUR/USD.IDEALPRO,IDEALPRO-1-693,EUR/USD.IDEALPRO-MovingAverageCrossover-MA_CROSS,IDEALPRO-001,,LIMIT,BUY,99999.99,GTC,True,False,0.00,NO_LIQUIDITY_SIDE,,,,NO_TRIGGER,CANCELED,OUO,OL-20250514-164300-001-MA_CROSS-231,['O-20250514-164300-001-MA_CROSS-692'],O-20250514-164300-001-MA_CROSS-691,,,,['MA_CROSS_TP'],55ae3304-3c8e-4561-9ba0-5217f75b1f6e,1747240980000000000,1747272300000000000,,,,,1.11081,True,
BACKTESTER-001,MovingAverageCrossover-MA_CROSS,EUR/USD.IDEALPRO,IDEALPRO-1-694,EUR/USD.IDEALPRO-MovingAverageCrossover-MA_CROSS,IDEALPRO-001,IDEALPRO-1-271643,MARKET,BUY,100000.00,GTC,False,False,100000.00,TAKER,1.1198099999989999,0.0,['2.24 USD'],NO_TRIGGER,FILLED,OTO,OL-20250515-012500-001-MA_CROSS-232,"['O-20250515-012500-001-MA_CROSS-695', 'O-20250515-012500-001-MA_CROSS-696']",,,,,['MA_CROSS'],26c2ccf8-a288-403f-9bb0-cb9624221a2c,1747272300000000000,1747272300000000000,,,,,,,
BACKTESTER-001,MovingAverageCrossover-MA_CROSS,EUR/USD.IDEALPRO,IDEALPRO-1-695,EUR/USD.IDEALPRO-MovingAverageCrossover-MA_CROSS,IDEALPRO-001,IDEALPRO-1-272865,STOP_MARKET,SELL,100000.00,GTC,True,False,100000.00,TAKER,1.118290000001,9.999998999976611e-06,['2.24 USD'],NO_TRIGGER,FILLED,OUO,OL-20250515-012500-001-MA_CROSS-232,['O-20250515-012500-001-MA_CROSS-696'],O-20250515-012500-001-MA_CROSS-694,,,,['MA_CROSS_SL'],6820005a-2727-4648-8bf4-a8109a7b5e56,1747272300000000000,1747308900000000000,1.11830,DEFAULT,,,,,
BACKTESTER-001,MovingAverageCrossover-MA_CROSS,EUR/USD.IDEALPRO,IDEALPRO-1-696,EUR/USD.IDEALPRO-MovingAverageCrossover-MA_CROSS,IDEALPRO-001,,LIMIT,SELL,99999.99,GTC,True,False,0.00,NO_LIQUIDITY_SIDE,,,,NO_TRIGGER,CANCELED,OUO,OL-20250515-012500-001-MA_CROSS-232,['O-20250515-012500-001-MA_CROSS-695'],O-20250515-012500-001-MA_CROSS-694,,,,['MA_CROSS_TP'],d07d9e4e-7fad-41f4-af58-fb42f98a82f2,1747272300000000000,1747308900000000000,,,,,1.12730,True,
BACKTESTER-001,MovingAverageCrossover-MA_CROSS,EUR/USD.IDEALPRO,IDEALPRO-1-697,EUR/USD.IDEALPRO-MovingAverageCrossover-MA_CROSS,IDEALPRO-001,IDEALPRO-1-272888,MARKET,SELL,100000.00,GTC,False,False,100000.00,TAKER,1.118570000001,0.0,['2.24 USD'],NO_TRIGGER,FILLED,OTO,OL-20250515-114500-001-MA_CROSS-233,"['O-20250515-114500-001-MA_CROSS-698', 'O-20250515-114500-001-MA_CROSS-699']",,,,,['MA_CROSS'],a89911a3-6441-4c54-8919-527fcc23e484,1747309500000000000,1747309500000000000,,,,,,,
BACKTESTER-001,MovingAverageCrossover-MA_CROSS,EUR/USD.IDEALPRO,IDEALPRO-1-698,EUR/USD.IDEALPRO-MovingAverageCrossover-MA_CROSS,IDEALPRO-001,IDEALPRO-1-272981,STOP_MARKET,BUY,100000.00,GTC,True,False,100000.00,TAKER,1.1200899999990002,9.999999000198656e-06,['2.24 USD'],NO_TRIGGER,FILLED,OUO,OL-20250515-114500-001-MA_CROSS-233,['O-20250515-114500-001-MA_CROSS-699'],O-20250515-114500-001-MA_CROSS-697,,,,['MA_CROSS_SL'],e5878a70-1296-4463-8aa8-f34d91b18c7c,1747309500000000000,1747312260000000000,1.12008,DEFAULT,,,,,
BACKTESTER-001,MovingAverageCrossover-MA_CROSS,EUR/USD.IDEALPRO,IDEALPRO-1-699,EUR/USD.IDEALPRO-MovingAverageCrossover-MA_CROSS,IDEALPRO-001,,LIMIT,BUY,99999.99,GTC,True,False,0.00,NO_LIQUIDITY_SIDE,,,,NO_TRIGGER,CANCELED,OUO,OL-20250515-114500-001-MA_CROSS-233,['O-20250515-114500-001-MA_CROSS-698'],O-20250515-114500-001-MA_CROSS-697,,,,['MA_CROSS_TP'],b7cba886-1936-4f3e-93bd-37c259e59073,1747309500000000000,1747312260000000000,,,,,1.11108,True,
BACKTESTER-001,MovingAverageCrossover-MA_CROSS,EUR/USD.IDEALPRO,IDEALPRO-1-700,EUR/USD.IDEALPRO-MovingAverageCrossover-MA_CROSS,IDEALPRO-001,IDEALPRO-1-273043,MARKET,BUY,100000.00,GTC,False,False,100000.00,TAKER,1.121169999999,0.0,['2.24 USD'],NO_TRIGGER,FILLED,OTO,OL-20250515-130100-001-MA_CROSS-234,"['O-20250515-130100-001-MA_CROSS-701', 'O-20250515-130100-001-MA_CROSS-702']",,,,,['MA_CROSS'],c9610c71-7957-459e-a22a-1ca03d2f6375,1747314060000000000,1747314060000000000,,,,,,,
BACKTESTER-001,MovingAverageCrossover-MA_CROSS,EUR/USD.IDEALPRO,IDEALPRO-1-701,EUR/USD.IDEALPRO-MovingAverageCrossover-MA_CROSS,IDEALPRO-001,IDEALPRO-1-273109,STOP_MARKET,SELL,100000.00,GTC,True,False,100000.00,TAKER,1.119650000001,9.999999000198656e-06,['2.24 USD'],NO_TRIGGER,FILLED,OUO,OL-20250515-130100-001-MA_CROSS-234,['O-20250515-130100-001-MA_CROSS-702'],O-20250515-130100-001-MA_CROSS-700,,,,['MA_CROSS_SL'],0616f290-1b71-4fab-8fce-e63a0557dcf3,1747314060000000000,1747315980000000000,1.11966,DEFAULT,,,,,
BACKTESTER-001,MovingAverageCrossover-MA_CROSS,EUR/USD.IDEALPRO,IDEALPRO-1-702,EUR/USD.IDEALPRO-MovingAverageCrossover-MA_CROSS,IDEALPRO-001,,LIMIT,SELL,99999.99,GTC,True,False,0.00,NO_LIQUIDITY_SIDE,,,,NO_TRIGGER,CANCELED,OUO,OL-20250515-130100-001-MA_CROSS-234,['O-20250515-130100-001-MA_CROSS-701'],O-20250515-130100-001-MA_CROSS-700,,,,['MA_CROSS_TP'],c742ddb0-29f5-492b-b64e-ecb95634386a,1747314060000000000,1747315980000000000,,,,,1.12866,True,
BACKTESTER-001,MovingAverageCrossover-MA_CROSS,EUR/USD.IDEALPRO,IDEALPRO-1-703,EUR/USD.IDEALPRO-MovingAverageCrossover-MA_CROSS,IDEALPRO-001,IDEALPRO-1-273226,MARKET,SELL,100000.00,GTC,False,False,100000.00,TAKER,1.119090000001,0.0,['2.24 USD'],NO_TRIGGER,FILLED,OTO,OL-20250515-143000-001-MA_CROSS-235,"['O-20250515-143000-001-MA_CROSS-704', 'O-20250515-143000-001-MA_CROSS-705']",,,,,['MA_CROSS'],b5e6eda9-1efd-4e06-bd50-f6d0d967c7c5,1747319400000000000,1747319400000000000,,,,,,,
BACKTESTER-001,MovingAverageCrossover-MA_CROSS,EUR/USD.IDEALPRO,IDEALPRO-1-704,EUR/USD.IDEALPRO-MovingAverageCrossover-MA_CROSS,IDEALPRO-001,IDEALPRO-1-274443,STOP_MARKET,BUY,100000.00,GTC,True,False,100000.00,TAKER,1.1206099999990002,9.999999000198656e-06,['2.24 USD'],NO_TRIGGER,FILLED,OUO,OL-20250515-143000-001-MA_CROSS-235,['O-20250515-143000-001-MA_CROSS-705'],O-20250515-143000-001-MA_CROSS-703,,,,['MA_CROSS_SL'],4913971f-4617-415f-8d6c-e1af72568c2b,1747319400000000000,1747356780000000000,1.12060,DEFAULT,,,,,
BACKTESTER-001,MovingAverageCrossover-MA_CROSS,EUR/USD.IDEALPRO,IDEALPRO-1-705,EUR/USD.IDEALPRO-MovingAverageCrossover-MA_CROSS,IDEALPRO-001,,LIMIT,BUY,99999.99,GTC,True,False,0.00,NO_LIQUIDITY_SIDE,,,,NO_TRIGGER,CANCELED,OUO,OL-20250515-143000-001-MA_CROSS-235,['O-20250515-143000-001-MA_CROSS-704'],O-20250515-143000-001-MA_CROSS-703,,,,['MA_CROSS_TP'],d66fc3d0-cc30-450f-a75d-6adac87bf9cb,1747319400000000000,1747356780000000000,,,,,1.11160,True,
BACKTESTER-001,MovingAverageCrossover-MA_CROSS,EUR/USD.IDEALPRO,IDEALPRO-1-706,EUR/USD.IDEALPRO-MovingAverageCrossover-MA_CROSS,IDEALPRO-001,IDEALPRO-1-274492,MARKET,BUY,100000.00,GTC,False,False,100000.00,TAKER,1.120559999999,0.0,['2.24 USD'],NO_TRIGGER,FILLED,OTO,OL-20250516-011600-001-MA_CROSS-236,"['O-20250516-011600-001-MA_CROSS-707', 'O-20250516-011600-001-MA_CROSS-708']",,,,,['MA_CROSS'],e56a65e1-73c3-4a54-bba4-8d8cd4d55a1f,1747358160000000000,1747358160000000000,,,,,,,
BACKTESTER-001,MovingAverageCrossover-MA_CROSS,EUR/USD.IDEALPRO,IDEALPRO-1-707,EUR/USD.IDEALPRO-MovingAverageCrossover-MA_CROSS,IDEALPRO-001,IDEALPRO-1-275557,STOP_MARKET,SELL,100000.00,GTC,True,False,100000.00,TAKER,1.119040000001,9.999999000198656e-06,['2.24 USD'],NO_TRIGGER,FILLED,OUO,OL-20250516-011600-001-MA_CROSS-236,['O-20250516-011600-001-MA_CROSS-708'],O-20250516-011600-001-MA_CROSS-706,,,,['MA_CROSS_SL'],52e5501d-1706-4808-86a9-c6542a0e0b75,1747358160000000000,1747390080000000000,1.11905,DEFAULT,,,,,
BACKTESTER-001,MovingAverageCrossover-MA_CROSS,EUR/USD.IDEALPRO,IDEALPRO-1-708,EUR/USD.IDEALPRO-MovingAverageCrossover-MA_CROSS,IDEALPRO-001,,LIMIT,SELL,99999.99,GTC,True,False,0.00,NO_LIQUIDITY_SIDE,,,,NO_TRIGGER,CANCELED,OUO,OL-20250516-011600-001-MA_CROSS-236,['O-20250516-011600-001-MA_CROSS-707'],O-20250516-011600-001-MA_CROSS-706,,,,['MA_CROSS_TP'],faacda83-0bb5-4a97-bef6-b5757c8ddac0,1747358160000000000,1747390080000000000,,,,,1.12805,True,
BACKTESTER-001,MovingAverageCrossover-MA_CROSS,EUR/USD.IDEALPRO,IDEALPRO-1-709,EUR/USD.IDEALPRO-MovingAverageCrossover-MA_CROSS,IDEALPRO-001,IDEALPRO-1-275559,MARKET,SELL,100000.00,GTC,False,False,100000.00,TAKER,1.1190500000010002,0.0,['2.24 USD'],NO_TRIGGER,FILLED,OTO,OL-20250516-100800-001-MA_CROSS-237,"['O-20250516-100800-001-MA_CROSS-710', 'O-20250516-100800-001-MA_CROSS-711']",,,,,['MA_CROSS'],193b97d4-ea98-4e59-af1f-ceeb45b4d855,1747390080000000000,1747390080000000000,,,,,,,
BACKTESTER-001,MovingAverageCrossover-MA_CROSS,EUR/USD.IDEALPRO,IDEALPRO-1-710,EUR/USD.IDEALPRO-MovingAverageCrossover-MA_CROSS,IDEALPRO-001,IDEALPRO-1-275683,STOP_MARKET,BUY,100000.00,GTC,True,False,100000.00,TAKER,1.120569999999,9.999998999976611e-06,['2.24 USD'],NO_TRIGGER,FILLED,OUO,OL-20250516-100800-001-MA_CROSS-237,['O-20250516-100800-001-MA_CROSS-711'],O-20250516-100800-001-MA_CROSS-709,,,,['MA_CROSS_SL'],8fdd2523-4028-4f5a-9316-fbe62a0a0a79,1747390080000000000,1747393740000000000,1.12056,DEFAULT,,,,,
BACKTESTER-001,MovingAverageCrossover-MA_CROSS,EUR/USD.IDEALPRO,IDEALPRO-1-711,EUR/USD.IDEALPRO-MovingAverageCrossover-MA_CROSS,IDEALPRO-001,,LIMIT,BUY,99999.99,GTC,True,False,0.00,NO_LIQUIDITY_SIDE,,,,NO_TRIGGER,CANCELED,OUO,OL-20250516-100800-001-MA_CROSS-237,['O-20250516-100800-001-MA_CROSS-710'],O-20250516-100800-001-MA_CROSS-709,,,,['MA_CROSS_TP'],475f5f24-3747-4ff8-8cfd-b04542259553,1747390080000000000,1747393740000000000,,,,,1.11156,True,
BACKTESTER-001,MovingAverageCrossover-MA_CROSS,EUR/USD.IDEALPRO,IDEALPRO-1-712,EUR/USD.IDEALPRO-MovingAverageCrossover-MA_CROSS,IDEALPRO-001,IDEALPRO-1-275685,MARKET,BUY,100000.00,GTC,False,False,100000.00,TAKER,1.1205899999989999,0.0,['2.24 USD'],NO_TRIGGER,FILLED,OTO,OL-20250516-110900-001-MA_CROSS-238,"['O-20250516-110900-001-MA_CROSS-713', 'O-20250516-110900-001-MA_CROSS-714']",,,,,['MA_CROSS'],e1a0ac94-f660-42bd-9c89-8b9b92fdeaef,1747393740000000000,1747393740000000000,,,,,,,
BACKTESTER-001,MovingAverageCrossover-MA_CROSS,EUR/USD.IDEALPRO,IDEALPRO-1-713,EUR/USD.IDEALPRO-MovingAverageCrossover-MA_CROSS,IDEALPRO-001,IDEALPRO-1-275781,STOP_MARKET,SELL,100000.00,GTC,True,False,100000.00,TAKER,1.119070000001,9.999998999976611e-06,['2.24 USD'],NO_TRIGGER,FILLED,OUO,OL-20250516-110900-001-MA_CROSS-238,['O-20250516-110900-001-MA_CROSS-714'],O-20250516-110900-001-MA_CROSS-712,,,,['MA_CROSS_SL'],10926be4-5e2d-4ee2-8acb-08feb629e483,1747393740000000000,1747396560000000000,1.11908,DEFAULT,,,,,
BACKTESTER-001,MovingAverageCrossover-MA_CROSS,EUR/USD.IDEALPRO,IDEALPRO-1-714,EUR/USD.IDEALPRO-MovingAverageCrossover-MA_CROSS,IDEALPRO-001,,LIMIT,SELL,99999.99,GTC,True,False,0.00,NO_LIQUIDITY_SIDE,,,,NO_TRIGGER,CANCELED,OUO,OL-20250516-110900-001-MA_CROSS-238,['O-20250516-110900-001-MA_CROSS-713'],O-20250516-110900-001-MA_CROSS-712,,,,['MA_CROSS_TP'],509142b8-7fc8-47bd-bbef-26ae5d87b583,1747393740000000000,1747396560000000000,,,,,1.12808,True,
BACKTESTER-001,MovingAverageCrossover-MA_CROSS,EUR/USD.IDEALPRO,IDEALPRO-1-715,EUR/USD.IDEALPRO-MovingAverageCrossover-MA_CROSS,IDEALPRO-001,IDEALPRO-1-275783,MARKET,SELL,100000.00,GTC,False,False,100000.00,TAKER,1.119060000001,0.0,['2.24 USD'],NO_TRIGGER,FILLED,OTO,OL-20250516-115600-001-MA_CROSS-239,"['O-20250516-115600-001-MA_CROSS-716', 'O-20250516-115600-001-MA_CROSS-717']",,,,,['MA_CROSS'],a6d31c9d-26a6-4077-81b7-9fb48042eb00,1747396560000000000,1747396560000000000,,,,,,,
BACKTESTER-001,MovingAverageCrossover-MA_CROSS,EUR/USD.IDEALPRO,IDEALPRO-1-716,EUR/USD.IDEALPRO-MovingAverageCrossover-MA_CROSS,IDEALPRO-001,IDEALPRO-1-276021,STOP_MARKET,BUY,100000.00,GTC,True,False,100000.00,TAKER,1.1205799999989998,9.999998999754567e-06,['2.24 USD'],NO_TRIGGER,FILLED,OUO,OL-20250516-115600-001-MA_CROSS-239,['O-20250516-115600-001-MA_CROSS-717'],O-20250516-115600-001-MA_CROSS-715,,,,['MA_CROSS_SL'],03c62abf-3e9d-4389-893a-adcfc9f90118,1747396560000000000,1747403640000000000,1.12057,DEFAULT,,,,,
BACKTESTER-001,MovingAverageCrossover-MA_CROSS,EUR/USD.IDEALPRO,IDEALPRO-1-717,EUR/USD.IDEALPRO-MovingAverageCrossover-MA_CROSS,IDEALPRO-001,,LIMIT,BUY,99999.99,GTC,True,False,0.00,NO_LIQUIDITY_SIDE,,,,NO_TRIGGER,CANCELED,OUO,OL-20250516-115600-001-MA_CROSS-239,['O-20250516-115600-001-MA_CROSS-716'],O-20250516-115600-001-MA_CROSS-715,,,,['MA_CROSS_TP'],37b3b804-7c26-4215-a071-eedc80119a35,1747396560000000000,1747403640000000000,,,,,1.11157,True,
BACKTESTER-001,MovingAverageCrossover-MA_CROSS,EUR/USD.IDEALPRO,IDEALPRO-1-718,EUR/USD.IDEALPRO-MovingAverageCrossover-MA_CROSS,IDEALPRO-001,IDEALPRO-1-276023,MARKET,BUY,100000.00,GTC,False,False,100000.00,TAKER,1.1204099999989998,0.0,['2.24 USD'],NO_TRIGGER,FILLED,OTO,OL-20250516-135400-001-MA_CROSS-240,"['O-20250516-135400-001-MA_CROSS-719', 'O-20250516-135400-001-MA_CROSS-720']",,,,,['MA_CROSS'],daa69c67-7441-4cac-97bc-70313657a5ad,1747403640000000000,1747403640000000000,,,,,,,
BACKTESTER-001,MovingAverageCrossover-MA_CROSS,EUR/USD.IDEALPRO,IDEALPRO-1-719,EUR/USD.IDEALPRO-MovingAverageCrossover-MA_CROSS,IDEALPRO-001,IDEALPRO-1-276043,STOP_MARKET,SELL,100000.00,GTC,True,False,100000.00,TAKER,1.118890000001,9.999998999976611e-06,['2.24 USD'],NO_TRIGGER,FILLED,OUO,OL-20250516-135400-001-MA_CROSS-240,['O-20250516-135400-001-MA_CROSS-720'],O-20250516-135400-001-MA_CROSS-718,,,,['MA_CROSS_SL'],11f5a2a7-24a2-4aaf-bc6f-33a5345908bf,1747403640000000000,1747404180000000000,1.11890,DEFAULT,,,,,
BACKTESTER-001,MovingAverageCrossover-MA_CROSS,EUR/USD.IDEALPRO,IDEALPRO-1-720,EUR/USD.IDEALPRO-MovingAverageCrossover-MA_CROSS,IDEALPRO-001,,LIMIT,SELL,99999.99,GTC,True,False,0.00,NO_LIQUIDITY_SIDE,,,,NO_TRIGGER,CANCELED,OUO,OL-20250516-135400-001-MA_CROSS-240,['O-20250516-135400-001-MA_CROSS-719'],O-20250516-135400-001-MA_CROSS-718,,,,['MA_CROSS_TP'],25ecae77-e461-4c39-99c5-3fb435807f28,1747403640000000000,1747404180000000000,,,,,1.12790,True,
BACKTESTER-001,MovingAverageCrossover-MA_CROSS,EUR/USD.IDEALPRO,IDEALPRO-1-721,EUR/USD.IDEALPRO-MovingAverageCrossover-MA_CROSS,IDEALPRO-001,IDEALPRO-1-276070,MARKET,SELL,100000.00,GTC,False,False,100000.00,TAKER,1.118670000001,0.0,['2.24 USD'],NO_TRIGGER,FILLED,OTO,OL-20250516-141500-001-MA_CROSS-241,"['O-20250516-141500-001-MA_CROSS-722', 'O-20250516-141500-001-MA_CROSS-723']",,,,,['MA_CROSS'],7c4c9d2c-73cf-46a5-aec5-c7067981160d,1747404900000000000,1747404900000000000,,,,,,,
BACKTESTER-001,MovingAverageCrossover-MA_CROSS,EUR/USD.IDEALPRO,IDEALPRO-1-722,EUR/USD.IDEALPRO-MovingAverageCrossover-MA_CROSS,IDEALPRO-001,IDEALPRO-1-277979,STOP_MARKET,BUY,100000.00,GTC,True,False,100000.00,TAKER,1.120189999999,9.999998999976611e-06,['2.24 USD'],NO_TRIGGER,FILLED,OUO,OL-20250516-141500-001-MA_CROSS-241,['O-20250516-141500-001-MA_CROSS-723'],O-20250516-141500-001-MA_CROSS-721,,,,['MA_CROSS_SL'],1a256cf8-5502-4da2-bc47-fa14c7c70b3f,1747404900000000000,1747635840000000000,1.12018,DEFAULT,,,,,
BACKTESTER-001,MovingAverageCrossover-MA_CROSS,EUR/USD.IDEALPRO,IDEALPRO-1-723,EUR/USD.IDEALPRO-MovingAverageCrossover-MA_CROSS,IDEALPRO-001,,LIMIT,BUY,99999.99,GTC,True,False,0.00,NO_LIQUIDITY_SIDE,,,,NO_TRIGGER,CANCELED,OUO,OL-20250516-141500-001-MA_CROSS-241,['O-20250516-141500-001-MA_CROSS-722'],O-20250516-141500-001-MA_CROSS-721,,,,['MA_CROSS_TP'],cc906238-853d-44ad-b481-91f9cf144ae5,1747404900000000000,1747635840000000000,,,,,1.11118,True,
BACKTESTER-001,MovingAverageCrossover-MA_CROSS,EUR/USD.IDEALPRO,IDEALPRO-1-724,EUR/USD.IDEALPRO-MovingAverageCrossover-MA_CROSS,IDEALPRO-001,IDEALPRO-1-278055,MARKET,BUY,100000.00,GTC,False,False,100000.00,TAKER,1.1208899999989999,0.0,['2.24 USD'],NO_TRIGGER,FILLED,OTO,OL-20250519-070100-001-MA_CROSS-242,"['O-20250519-070100-001-MA_CROSS-725', 'O-20250519-070100-001-MA_CROSS-726']",,,,,['MA_CROSS'],3839b602-9d0b-4e30-a8cb-000ac9078eb8,1747638060000000000,1747638060000000000,,,,,,,
BACKTESTER-001,MovingAverageCrossover-MA_CROSS,EUR/USD.IDEALPRO,IDEALPRO-1-725,EUR/USD.IDEALPRO-MovingAverageCrossover-MA_CROSS,IDEALPRO-001,,STOP_MARKET,SELL,99999.99,GTC,True,False,0.00,NO_LIQUIDITY_SIDE,,,,NO_TRIGGER,CANCELED,OUO,OL-20250519-070100-001-MA_CROSS-242,['O-20250519-070100-001-MA_CROSS-726'],O-20250519-070100-001-MA_CROSS-724,,,,['MA_CROSS_SL'],55775c54-a685-4b35-a519-cc71887beac8,1747638060000000000,1747649100000000000,1.11938,DEFAULT,,,,,
BACKTESTER-001,MovingAverageCrossover-MA_CROSS,EUR/USD.IDEALPRO,IDEALPRO-1-726,EUR/USD.IDEALPRO-MovingAverageCrossover-MA_CROSS,IDEALPRO-001,IDEALPRO-1-278425,LIMIT,SELL,100000.00,GTC,True,False,100000.00,MAKER,1.12838,0.0,['2.26 USD'],NO_TRIGGER,FILLED,OUO,OL-20250519-070100-001-MA_CROSS-242,['O-20250519-070100-001-MA_CROSS-725'],O-20250519-070100-001-MA_CROSS-724,,,,['MA_CROSS_TP'],d1512b7d-078d-4f59-8b99-b3749c3597a5,1747638060000000000,1747649100000000000,,,,,1.12838,True,
BACKTESTER-001,MovingAverageCrossover-MA_CROSS,EUR/USD.IDEALPRO,IDEALPRO-1-727,EUR/USD.IDEALPRO-MovingAverageCrossover-MA_CROSS,IDEALPRO-001,IDEALPRO-1-278603,MARKET,SELL,100000.00,GTC,False,False,100000.00,TAKER,1.126730000001,0.0,['2.25 USD'],NO_TRIGGER,FILLED,OTO,OL-20250519-113300-001-MA_CROSS-243,"['O-20250519-113300-001-MA_CROSS-728', 'O-20250519-113300-001-MA_CROSS-729']",,,,,['MA_CROSS'],550292e5-fe21-4fb2-b8d0-79a865503328,1747654380000000000,1747654380000000000,,,,,,,
BACKTESTER-001,MovingAverageCrossover-MA_CROSS,EUR/USD.IDEALPRO,IDEALPRO-1-728,EUR/USD.IDEALPRO-MovingAverageCrossover-MA_CROSS,IDEALPRO-001,IDEALPRO-1-282445,STOP_MARKET,BUY,100000.00,GTC,True,False,100000.00,TAKER,1.1282499999989999,9.999998999976611e-06,['2.26 USD'],NO_TRIGGER,FILLED,OUO,OL-20250519-113300-001-MA_CROSS-243,['O-20250519-113300-001-MA_CROSS-729'],O-20250519-113300-001-MA_CROSS-727,,,,['MA_CROSS_SL'],581843f3-6519-4183-afe9-42dbdf335379,1747654380000000000,1747770480000000000,1.12824,DEFAULT,,,,,
BACKTESTER-001,MovingAverageCrossover-MA_CROSS,EUR/USD.IDEALPRO,IDEALPRO-1-729,EUR/USD.IDEALPRO-MovingAverageCrossover-MA_CROSS,IDEALPRO-001,,LIMIT,BUY,99999.99,GTC,True,False,0.00,NO_LIQUIDITY_SIDE,,,,NO_TRIGGER,CANCELED,OUO,OL-20250519-113300-001-MA_CROSS-243,['O-20250519-113300-001-MA_CROSS-728'],O-20250519-113300-001-MA_CROSS-727,,,,['MA_CROSS_TP'],b7beb112-857e-4b87-952f-9569b6beafad,1747654380000000000,1747770480000000000,,,,,1.11924,True,
BACKTESTER-001,MovingAverageCrossover-MA_CROSS,EUR/USD.IDEALPRO,IDEALPRO-1-730,EUR/USD.IDEALPRO-MovingAverageCrossover-MA_CROSS,IDEALPRO-001,IDEALPRO-1-282653,MARKET,BUY,100000.00,GTC,False,False,100000.00,TAKER,1.128279999999,0.0,['2.26 USD'],NO_TRIGGER,FILLED,OTO,OL-20250520-214600-001-MA_CROSS-244,"['O-20250520-214600-001-MA_CROSS-731', 'O-20250520-214600-001-MA_CROSS-732']",,,,,['MA_CROSS'],3ca2a67d-5dbc-4339-a630-cd18ff00fc48,1747777560000000000,1747777560000000000,,,,,,,
BACKTESTER-001,MovingAverageCrossover-MA_CROSS,EUR/USD.IDEALPRO,IDEALPRO-1-731,EUR/USD.IDEALPRO-MovingAverageCrossover-MA_CROSS,IDEALPRO-001,,STOP_MARKET,SELL,99999.99,GTC,True,False,0.00,NO_LIQUIDITY_SIDE,,,,NO_TRIGGER,CANCELED,OUO,OL-20250520-214600-001-MA_CROSS-244,['O-20250520-214600-001-MA_CROSS-732'],O-20250520-214600-001-MA_CROSS-730,,,,['MA_CROSS_SL'],9aa61a96-2aa9-4ef2-a089-3420ebd55bfe,1747777560000000000,1747823040000000000,1.12677,DEFAULT,,,,,
BACKTESTER-001,MovingAverageCrossover-MA_CROSS,EUR/USD.IDEALPRO,IDEALPRO-1-732,EUR/USD.IDEALPRO-MovingAverageCrossover-MA_CROSS,IDEALPRO-001,IDEALPRO-1-284171,LIMIT,SELL,100000.00,GTC,True,False,100000.00,MAKER,1.13577,0.0,['2.27 USD'],NO_TRIGGER,FILLED,OUO,OL-20250520-214600-001-MA_CROSS-244,['O-20250520-214600-001-MA_CROSS-731'],O-20250520-214600-001-MA_CROSS-730,,,,['MA_CROSS_TP'],54972033-de63-4ff2-aa48-0d7e2078b636,1747777560000000000,1747823040000000000,,,,,1.13577,True,
BACKTESTER-001,MovingAverageCrossover-MA_CROSS,EUR/USD.IDEALPRO,IDEALPRO-1-733,EUR/USD.IDEALPRO-MovingAverageCrossover-MA_CROSS,IDEALPRO-001,IDEALPRO-1-284323,MARKET,SELL,100000.00,GTC,False,False,100000.00,TAKER,1.1331900000009998,0.0,['2.27 USD'],NO_TRIGGER,FILLED,OTO,OL-20250521-113900-001-MA_CROSS-245,"['O-20250521-113900-001-MA_CROSS-734', 'O-20250521-113900-001-MA_CROSS-735']",,,,,['MA_CROSS'],41b51982-4934-416c-8e53-16b37ee0ed6a,1747827540000000000,1747827540000000000,,,,,,,
BACKTESTER-001,MovingAverageCrossover-MA_CROSS,EUR/USD.IDEALPRO,IDEALPRO-1-734,EUR/USD.IDEALPRO-MovingAverageCrossover-MA_CROSS,IDEALPRO-001,IDEALPRO-1-284623,STOP_MARKET,BUY,100000.00,GTC,True,False,100000.00,TAKER,1.1347099999990002,9.999999000198656e-06,['2.27 USD'],NO_TRIGGER,FILLED,OUO,OL-20250521-113900-001-MA_CROSS-245,['O-20250521-113900-001-MA_CROSS-735'],O-20250521-113900-001-MA_CROSS-733,,,,['MA_CROSS_SL'],d37444e6-808f-4417-b94b-fee7a2048b89,1747827540000000000,1747836480000000000,1.13470,DEFAULT,,,,,
BACKTESTER-001,MovingAverageCrossover-MA_CROSS,EUR/USD.IDEALPRO,IDEALPRO-1-735,EUR/USD.IDEALPRO-MovingAverageCrossover-MA_CROSS,IDEALPRO-001,,LIMIT,BUY,99999.99,GTC,True,False,0.00,NO_LIQUIDITY_SIDE,,,,NO_TRIGGER,CANCELED,OUO,OL-20250521-113900-001-MA_CROSS-245,['O-20250521-113900-001-MA_CROSS-734'],O-20250521-113900-001-MA_CROSS-733,,,,['MA_CROSS_TP'],3f4548c8-0b92-4a46-8b60-f742693562db,1747827540000000000,1747836480000000000,,,,,1.12570,True,
BACKTESTER-001,MovingAverageCrossover-MA_CROSS,EUR/USD.IDEALPRO,IDEALPRO-1-736,EUR/USD.IDEALPRO-MovingAverageCrossover-MA_CROSS,IDEALPRO-001,IDEALPRO-1-284625,MARKET,BUY,100000.00,GTC,False,False,100000.00,TAKER,1.134619999999,0.0,['2.27 USD'],NO_TRIGGER,FILLED,OTO,OL-20250521-140800-001-MA_CROSS-246,"['O-20250521-140800-001-MA_CROSS-737', 'O-20250521-140800-001-MA_CROSS-738']",,,,,['MA_CROSS'],1218d315-0c27-4056-8ee3-5788dfe18d21,1747836480000000000,1747836480000000000,,,,,,,
BACKTESTER-001,MovingAverageCrossover-MA_CROSS,EUR/USD.IDEALPRO,IDEALPRO-1-737,EUR/USD.IDEALPRO-MovingAverageCrossover-MA_CROSS,IDEALPRO-001,IDEALPRO-1-285249,STOP_MARKET,SELL,100000.00,GTC,True,False,100000.00,TAKER,1.1331000000009999,9.999999000198656e-06,['2.27 USD'],NO_TRIGGER,FILLED,OUO,OL-20250521-140800-001-MA_CROSS-246,['O-20250521-140800-001-MA_CROSS-738'],O-20250521-140800-001-MA_CROSS-736,,,,['MA_CROSS_SL'],51197ac3-cf32-496a-bfe9-ddd6db6a4201,1747836480000000000,1747855140000000000,1.13311,DEFAULT,,,,,
BACKTESTER-001,MovingAverageCrossover-MA_CROSS,EUR/USD.IDEALPRO,IDEALPRO-1-738,EUR/USD.IDEALPRO-MovingAverageCrossover-MA_CROSS,IDEALPRO-001,,LIMIT,SELL,99999.99,GTC,True,False,0.00,NO_LIQUIDITY_SIDE,,,,NO_TRIGGER,CANCELED,OUO,OL-20250521-140800-001-MA_CROSS-246,['O-20250521-140800-001-MA_CROSS-737'],O-20250521-140800-001-MA_CROSS-736,,,,['MA_CROSS_TP'],87ecca76-5cbd-4a91-9505-87a13c1b3ab3,1747836480000000000,1747855140000000000,,,,,1.14211,True,
BACKTESTER-001,MovingAverageCrossover-MA_CROSS,EUR/USD.IDEALPRO,IDEALPRO-1-739,EUR/USD.IDEALPRO-MovingAverageCrossover-MA_CROSS,IDEALPRO-001,IDEALPRO-1-285665,MARKET,SELL,100000.00,GTC,False,False,100000.00,TAKER,1.1315600000009998,0.0,['2.26 USD'],NO_TRIGGER,FILLED,OTO,OL-20250521-230100-001-MA_CROSS-247,"['O-20250521-230100-001-MA_CROSS-740', 'O-20250521-230100-001-MA_CROSS-741']",,,,,['MA_CROSS'],ba0ba09c-1069-4f66-aae4-60dbea19847c,1747868460000000000,1747868460000000000,,,,,,,
BACKTESTER-001,MovingAverageCrossover-MA_CROSS,EUR/USD.IDEALPRO,IDEALPRO-1-740,EUR/USD.IDEALPRO-MovingAverageCrossover-MA_CROSS,IDEALPRO-001,IDEALPRO-1-285763,STOP_MARKET,BUY,100000.00,GTC,True,False,100000.00,TAKER,1.1330799999990002,9.999999000198656e-06,['2.27 USD'],NO_TRIGGER,FILLED,OUO,OL-20250521-230100-001-MA_CROSS-247,['O-20250521-230100-001-MA_CROSS-741'],O-20250521-230100-001-MA_CROSS-739,,,,['MA_CROSS_SL'],51ec143f-6371-4741-ba81-95b71c36557c,1747868460000000000,1747871340000000000,1.13307,DEFAULT,,,,,
BACKTESTER-001,MovingAverageCrossover-MA_CROSS,EUR/USD.IDEALPRO,IDEALPRO-1-741,EUR/USD.IDEALPRO-MovingAverageCrossover-MA_CROSS,IDEALPRO-001,,LIMIT,BUY,99999.99,GTC,True,False,0.00,NO_LIQUIDITY_SIDE,,,,NO_TRIGGER,CANCELED,OUO,OL-20250521-230100-001-MA_CROSS-247,['O-20250521-230100-001-MA_CROSS-740'],O-20250521-230100-001-MA_CROSS-739,,,,['MA_CROSS_TP'],32d21962-fc01-40bf-9774-922239895c8c,1747868460000000000,1747871340000000000,,,,,1.12407,True,
BACKTESTER-001,MovingAverageCrossover-MA_CROSS,EUR/USD.IDEALPRO,IDEALPRO-1-742,EUR/USD.IDEALPRO-MovingAverageCrossover-MA_CROSS,IDEALPRO-001,IDEALPRO-1-285765,MARKET,BUY,100000.00,GTC,False,False,100000.00,TAKER,1.133059999999,0.0,['2.27 USD'],NO_TRIGGER,FILLED,OTO,OL-20250521-234900-001-MA_CROSS-248,"['O-20250521-234900-001-MA_CROSS-743', 'O-20250521-234900-001-MA_CROSS-744']",,,,,['MA_CROSS'],fdde7aaa-9b4f-4bad-990a-3bf9d1f1e9c7,1747871340000000000,1747871340000000000,,,,,,,
BACKTESTER-001,MovingAverageCrossover-MA_CROSS,EUR/USD.IDEALPRO,IDEALPRO-1-743,EUR/USD.IDEALPRO-MovingAverageCrossover-MA_CROSS,IDEALPRO-001,IDEALPRO-1-286651,STOP_MARKET,SELL,100000.00,GTC,True,False,100000.00,TAKER,1.131540000001,9.999998999976611e-06,['2.26 USD'],NO_TRIGGER,FILLED,OUO,OL-20250521-234900-001-MA_CROSS-248,['O-20250521-234900-001-MA_CROSS-744'],O-20250521-234900-001-MA_CROSS-742,,,,['MA_CROSS_SL'],505dafbc-ff0a-4de9-bd7c-d6e04a613113,1747871340000000000,1747897860000000000,1.13155,DEFAULT,,,,,
BACKTESTER-001,MovingAverageCrossover-MA_CROSS,EUR/USD.IDEALPRO,IDEALPRO-1-744,EUR/USD.IDEALPRO-MovingAverageCrossover-MA_CROSS,IDEALPRO-001,,LIMIT,SELL,99999.99,GTC,True,False,0.00,NO_LIQUIDITY_SIDE,,,,NO_TRIGGER,CANCELED,OUO,OL-20250521-234900-001-MA_CROSS-248,['O-20250521-234900-001-MA_CROSS-743'],O-20250521-234900-001-MA_CROSS-742,,,,['MA_CROSS_TP'],e669708e-1ecb-4fb5-8e7c-bbff7beaf43f,1747871340000000000,1747897860000000000,,,,,1.14055,True,
BACKTESTER-001,MovingAverageCrossover-MA_CROSS,EUR/USD.IDEALPRO,IDEALPRO-1-745,EUR/USD.IDEALPRO-MovingAverageCrossover-MA_CROSS,IDEALPRO-001,IDEALPRO-1-286653,MARKET,SELL,100000.00,GTC,False,False,100000.00,TAKER,1.131620000001,0.0,['2.26 USD'],NO_TRIGGER,FILLED,OTO,OL-20250522-071100-001-MA_CROSS-249,"['O-20250522-071100-001-MA_CROSS-746', 'O-20250522-071100-001-MA_CROSS-747']",,,,,['MA_CROSS'],d21848c0-ee66-4783-b39d-1b97de3d0101,1747897860000000000,1747897860000000000,,,,,,,
BACKTESTER-001,MovingAverageCrossover-MA_CROSS,EUR/USD.IDEALPRO,IDEALPRO-1-746,EUR/USD.IDEALPRO-MovingAverageCrossover-MA_CROSS,IDEALPRO-001,IDEALPRO-1-286773,STOP_MARKET,BUY,100000.00,GTC,True,False,100000.00,TAKER,1.133139999999,9.999998999976611e-06,['2.27 USD'],NO_TRIGGER,FILLED,OUO,OL-20250522-071100-001-MA_CROSS-249,['O-20250522-071100-001-MA_CROSS-747'],O-20250522-071100-001-MA_CROSS-745,,,,['MA_CROSS_SL'],04208cb8-4126-471e-919a-2755da9f5a7c,1747897860000000000,1747901400000000000,1.13313,DEFAULT,,,,,
BACKTESTER-001,MovingAverageCrossover-MA_CROSS,EUR/USD.IDEALPRO,IDEALPRO-1-747,EUR/USD.IDEALPRO-MovingAverageCrossover-MA_CROSS,IDEALPRO-001,,LIMIT,BUY,99999.99,GTC,True,False,0.00,NO_LIQUIDITY_SIDE,,,,NO_TRIGGER,CANCELED,OUO,OL-20250522-071100-001-MA_CROSS-249,['O-20250522-071100-001-MA_CROSS-746'],O-20250522-071100-001-MA_CROSS-745,,,,['MA_CROSS_TP'],c7ae2687-3afe-4fe7-a29b-63a7d0181ee8,1747897860000000000,1747901400000000000,,,,,1.12413,True,
BACKTESTER-001,MovingAverageCrossover-MA_CROSS,EUR/USD.IDEALPRO,IDEALPRO-1-748,EUR/USD.IDEALPRO-MovingAverageCrossover-MA_CROSS,IDEALPRO-001,IDEALPRO-1-287149,MARKET,BUY,100000.00,GTC,False,False,100000.00,TAKER,1.130389999999,0.0,['2.26 USD'],NO_TRIGGER,FILLED,OTO,OL-20250522-111700-001-MA_CROSS-250,"['O-20250522-111700-001-MA_CROSS-749', 'O-20250522-111700-001-MA_CROSS-750']",,,,,['MA_CROSS'],a6c88bc5-e6cd-4fed-81b7-d28cdacd5b6e,1747912620000000000,1747912620000000000,,,,,,,
BACKTESTER-001,MovingAverageCrossover-MA_CROSS,EUR/USD.IDEALPRO,IDEALPRO-1-749,EUR/USD.IDEALPRO-MovingAverageCrossover-MA_CROSS,IDEALPRO-001,IDEALPRO-1-287345,STOP_MARKET,SELL,100000.00,GTC,True,False,100000.00,TAKER,1.1288700000010001,9.999998999976611e-06,['2.26 USD'],NO_TRIGGER,FILLED,OUO,OL-20250522-111700-001-MA_CROSS-250,['O-20250522-111700-001-MA_CROSS-750'],O-20250522-111700-001-MA_CROSS-748,,,,['MA_CROSS_SL'],ea9bc621-e532-4d0f-8110-0144b37c6722,1747912620000000000,1747918440000000000,1.12888,DEFAULT,,,,,
BACKTESTER-001,MovingAverageCrossover-MA_CROSS,EUR/USD.IDEALPRO,IDEALPRO-1-750,EUR/USD.IDEALPRO-MovingAverageCrossover-MA_CROSS,IDEALPRO-001,,LIMIT,SELL,99999.99,GTC,True,False,0.00,NO_LIQUIDITY_SIDE,,,,NO_TRIGGER,CANCELED,OUO,OL-20250522-111700-001-MA_CROSS-250,['O-20250522-111700-001-MA_CROSS-749'],O-20250522-111700-001-MA_CROSS-748,,,,['MA_CROSS_TP'],74925fcc-5356-46be-93bd-a07e5752bb4f,1747912620000000000,1747918440000000000,,,,,1.13788,True,
BACKTESTER-001,MovingAverageCrossover-MA_CROSS,EUR/USD.IDEALPRO,IDEALPRO-1-751,EUR/USD.IDEALPRO-MovingAverageCrossover-MA_CROSS,IDEALPRO-001,IDEALPRO-1-287420,MARKET,SELL,100000.00,GTC,False,False,100000.00,TAKER,1.129690000001,0.0,['2.26 USD'],NO_TRIGGER,FILLED,OTO,OL-20250522-133000-001-MA_CROSS-251,"['O-20250522-133000-001-MA_CROSS-752', 'O-20250522-133000-001-MA_CROSS-753']",,,,,['MA_CROSS'],66fec478-9564-43d2-82e3-afc5b77c8ce2,1747920600000000000,1747920600000000000,,,,,,,
BACKTESTER-001,MovingAverageCrossover-MA_CROSS,EUR/USD.IDEALPRO,IDEALPRO-1-752,EUR/USD.IDEALPRO-MovingAverageCrossover-MA_CROSS,IDEALPRO-001,IDEALPRO-1-288861,STOP_MARKET,BUY,100000.00,GTC,True,False,100000.00,TAKER,1.131209999999,9.999998999976611e-06,['2.26 USD'],NO_TRIGGER,FILLED,OUO,OL-20250522-133000-001-MA_CROSS-251,['O-20250522-133000-001-MA_CROSS-753'],O-20250522-133000-001-MA_CROSS-751,,,,['MA_CROSS_SL'],12dc6a8e-7c75-43ee-812a-ff8a1391bc9f,1747920600000000000,1747964700000000000,1.13120,DEFAULT,,,,,
BACKTESTER-001,MovingAverageCrossover-MA_CROSS,EUR/USD.IDEALPRO,IDEALPRO-1-753,EUR/USD.IDEALPRO-MovingAverageCrossover-MA_CROSS,IDEALPRO-001,,LIMIT,BUY,99999.99,GTC,True,False,0.00,NO_LIQUIDITY_SIDE,,,,NO_TRIGGER,CANCELED,OUO,OL-20250522-133000-001-MA_CROSS-251,['O-20250522-133000-001-MA_CROSS-752'],O-20250522-133000-001-MA_CROSS-751,,,,['MA_CROSS_TP'],b0a3ffbb-c14a-41ab-a8af-d043940d567f,1747920600000000000,1747964700000000000,,,,,1.12220,True,
BACKTESTER-001,MovingAverageCrossover-MA_CROSS,EUR/USD.IDEALPRO,IDEALPRO-1-754,EUR/USD.IDEALPRO-MovingAverageCrossover-MA_CROSS,IDEALPRO-001,IDEALPRO-1-288863,MARKET,BUY,100000.00,GTC,False,False,100000.00,TAKER,1.131269999999,0.0,['2.26 USD'],NO_TRIGGER,FILLED,OTO,OL-20250523-014500-001-MA_CROSS-252,"['O-20250523-014500-001-MA_CROSS-755', 'O-20250523-014500-001-MA_CROSS-756']",,,,,['MA_CROSS'],d657ac15-2c94-4f8d-876e-5388b823f69d,1747964700000000000,1747964700000000000,,,,,,,
BACKTESTER-001,MovingAverageCrossover-MA_CROSS,EUR/USD.IDEALPRO,IDEALPRO-1-755,EUR/USD.IDEALPRO-MovingAverageCrossover-MA_CROSS,IDEALPRO-001,IDEALPRO-1-290115,STOP_MARKET,SELL,100000.00,GTC,True,False,100000.00,TAKER,1.129750000001,9.999999000198656e-06,['2.26 USD'],NO_TRIGGER,FILLED,OUO,OL-20250523-014500-001-MA_CROSS-252,['O-20250523-014500-001-MA_CROSS-756'],O-20250523-014500-001-MA_CROSS-754,,,,['MA_CROSS_SL'],d2e49f3b-3d50-4046-b52b-61c7d1cb1222,1747964700000000000,1748002200000000000,1.12976,DEFAULT,,,,,
BACKTESTER-001,MovingAverageCrossover-MA_CROSS,EUR/USD.IDEALPRO,IDEALPRO-1-756,EUR/USD.IDEALPRO-MovingAverageCrossover-MA_CROSS,IDEALPRO-001,,LIMIT,SELL,99999.99,GTC,True,False,0.00,NO_LIQUIDITY_SIDE,,,,NO_TRIGGER,CANCELED,OUO,OL-20250523-014500-001-MA_CROSS-252,['O-20250523-014500-001-MA_CROSS-755'],O-20250523-014500-001-MA_CROSS-754,,,,['MA_CROSS_TP'],abb80c58-db58-47f7-a823-170cea725755,1747964700000000000,1748002200000000000,,,,,1.13876,True,
BACKTESTER-001,MovingAverageCrossover-MA_CROSS,EUR/USD.IDEALPRO,IDEALPRO-1-757,EUR/USD.IDEALPRO-MovingAverageCrossover-MA_CROSS,IDEALPRO-001,IDEALPRO-1-290227,MARKET,SELL,100000.00,GTC,False,False,100000.00,TAKER,1.1334500000010002,0.0,['2.27 USD'],NO_TRIGGER,FILLED,OTO,OL-20250523-130500-001-MA_CROSS-253,"['O-20250523-130500-001-MA_CROSS-758', 'O-20250523-130500-001-MA_CROSS-759']",,,,,['MA_CROSS'],6f03d42a-000d-48b6-91a3-d774381f5ceb,1748005500000000000,1748005500000000000,,,,,,,
BACKTESTER-001,MovingAverageCrossover-MA_CROSS,EUR/USD.IDEALPRO,IDEALPRO-1-758,EUR/USD.IDEALPRO-MovingAverageCrossover-MA_CROSS,IDEALPRO-001,IDEALPRO-1-290545,STOP_MARKET,BUY,100000.00,GTC,True,False,100000.00,TAKER,1.1349699999990002,9.999999000198656e-06,['2.27 USD'],NO_TRIGGER,FILLED,OUO,OL-20250523-130500-001-MA_CROSS-253,['O-20250523-130500-001-MA_CROSS-759'],O-20250523-130500-001-MA_CROSS-757,,,,['MA_CROSS_SL'],d71c7998-09f0-4741-9abd-3bcbb7fb7276,1748005500000000000,1748014980000000000,1.13496,DEFAULT,,,,,
BACKTESTER-001,MovingAverageCrossover-MA_CROSS,EUR/USD.IDEALPRO,IDEALPRO-1-759,EUR/USD.IDEALPRO-MovingAverageCrossover-MA_CROSS,IDEALPRO-001,,LIMIT,BUY,99999.99,GTC,True,False,0.00,NO_LIQUIDITY_SIDE,,,,NO_TRIGGER,CANCELED,OUO,OL-20250523-130500-001-MA_CROSS-253,['O-20250523-130500-001-MA_CROSS-758'],O-20250523-130500-001-MA_CROSS-757,,,,['MA_CROSS_TP'],5cdf812e-5ed2-49b5-93ce-86ad8e3db047,1748005500000000000,1748014980000000000,,,,,1.12596,True,
BACKTESTER-001,MovingAverageCrossover-MA_CROSS,EUR/USD.IDEALPRO,IDEALPRO-1-760,EUR/USD.IDEALPRO-MovingAverageCrossover-MA_CROSS,IDEALPRO-001,IDEALPRO-1-290653,MARKET,BUY,100000.00,GTC,False,False,100000.00,TAKER,1.135529999999,0.0,['2.27 USD'],NO_TRIGGER,FILLED,OTO,OL-20250523-163600-001-MA_CROSS-254,"['O-20250523-163600-001-MA_CROSS-761', 'O-20250523-163600-001-MA_CROSS-762']",,,,,['MA_CROSS'],dda2b1d1-a461-46b2-b121-9e3fc1a5afec,1748018160000000000,1748018160000000000,,,,,,,
BACKTESTER-001,MovingAverageCrossover-MA_CROSS,EUR/USD.IDEALPRO,IDEALPRO-1-761,EUR/USD.IDEALPRO-MovingAverageCrossover-MA_CROSS,IDEALPRO-001,IDEALPRO-1-295309,STOP_MARKET,SELL,100000.00,GTC,True,False,100000.00,TAKER,1.134010000001,9.999998999976611e-06,['2.27 USD'],NO_TRIGGER,FILLED,OUO,OL-20250523-163600-001-MA_CROSS-254,['O-20250523-163600-001-MA_CROSS-762'],O-20250523-163600-001-MA_CROSS-760,,,,['MA_CROSS_SL'],de52fb61-9d91-409b-93ca-fd436c49364a,1748018160000000000,1748332380000000000,1.13402,DEFAULT,,,,,
BACKTESTER-001,MovingAverageCrossover-MA_CROSS,EUR/USD.IDEALPRO,IDEALPRO-1-762,EUR/USD.IDEALPRO-MovingAverageCrossover-MA_CROSS,IDEALPRO-001,,LIMIT,SELL,99999.99,GTC,True,False,0.00,NO_LIQUIDITY_SIDE,,,,NO_TRIGGER,CANCELED,OUO,OL-20250523-163600-001-MA_CROSS-254,['O-20250523-163600-001-MA_CROSS-761'],O-20250523-163600-001-MA_CROSS-760,,,,['MA_CROSS_TP'],2dead2b1-45db-4dc9-8d74-f76b5c636f56,1748018160000000000,1748332380000000000,,,,,1.14302,True,
BACKTESTER-001,MovingAverageCrossover-MA_CROSS,EUR/USD.IDEALPRO,IDEALPRO-1-763,EUR/USD.IDEALPRO-MovingAverageCrossover-MA_CROSS,IDEALPRO-001,IDEALPRO-1-295326,MARKET,SELL,100000.00,GTC,False,False,100000.00,TAKER,1.1340800000009998,0.0,['2.27 USD'],NO_TRIGGER,FILLED,OTO,OL-20250527-080000-001-MA_CROSS-255,"['O-20250527-080000-001-MA_CROSS-764', 'O-20250527-080000-001-MA_CROSS-765']",,,,,['MA_CROSS'],cb456a0a-b52c-4679-9be2-813556fbb8c1,1748332800000000000,1748332800000000000,,,,,,,
BACKTESTER-001,MovingAverageCrossover-MA_CROSS,EUR/USD.IDEALPRO,IDEALPRO-1-764,EUR/USD.IDEALPRO-MovingAverageCrossover-MA_CROSS,IDEALPRO-001,IDEALPRO-1-295417,STOP_MARKET,BUY,100000.00,GTC,True,False,100000.00,TAKER,1.1355999999989999,9.999998999754567e-06,['2.27 USD'],NO_TRIGGER,FILLED,OUO,OL-20250527-080000-001-MA_CROSS-255,['O-20250527-080000-001-MA_CROSS-765'],O-20250527-080000-001-MA_CROSS-763,,,,['MA_CROSS_SL'],77e78367-161b-452e-91ed-d40b7fac66ef,1748332800000000000,1748335500000000000,1.13559,DEFAULT,,,,,
BACKTESTER-001,MovingAverageCrossover-MA_CROSS,EUR/USD.IDEALPRO,IDEALPRO-1-765,EUR/USD.IDEALPRO-MovingAverageCrossover-MA_CROSS,IDEALPRO-001,,LIMIT,BUY,99999.99,GTC,True,False,0.00,NO_LIQUIDITY_SIDE,,,,NO_TRIGGER,CANCELED,OUO,OL-20250527-080000-001-MA_CROSS-255,['O-20250527-080000-001-MA_CROSS-764'],O-20250527-080000-001-MA_CROSS-763,,,,['MA_CROSS_TP'],0427eb28-0273-49e0-9552-7ab7cd3004af,1748332800000000000,1748335500000000000,,,,,1.12659,True,
BACKTESTER-001,MovingAverageCrossover-MA_CROSS,EUR/USD.IDEALPRO,IDEALPRO-1-766,EUR/USD.IDEALPRO-MovingAverageCrossover-MA_CROSS,IDEALPRO-001,IDEALPRO-1-295491,MARKET,BUY,100000.00,GTC,False,False,100000.00,TAKER,1.135159999999,0.0,['2.27 USD'],NO_TRIGGER,FILLED,OTO,OL-20250527-092100-001-MA_CROSS-256,"['O-20250527-092100-001-MA_CROSS-767', 'O-20250527-092100-001-MA_CROSS-768']",,,,,['MA_CROSS'],88767341-3612-4b5d-b327-4eec69d01ef9,1748337660000000000,1748337660000000000,,,,,,,
BACKTESTER-001,MovingAverageCrossover-MA_CROSS,EUR/USD.IDEALPRO,IDEALPRO-1-767,EUR/USD.IDEALPRO-MovingAverageCrossover-MA_CROSS,IDEALPRO-001,IDEALPRO-1-296197,STOP_MARKET,SELL,100000.00,GTC,True,False,100000.00,TAKER,1.133640000001,9.999998999976611e-06,['2.27 USD'],NO_TRIGGER,FILLED,OUO,OL-20250527-092100-001-MA_CROSS-256,['O-20250527-092100-001-MA_CROSS-768'],O-20250527-092100-001-MA_CROSS-766,,,,['MA_CROSS_SL'],0350b6ed-1ca7-4f9a-859a-f95ace97a396,1748337660000000000,1748358780000000000,1.13365,DEFAULT,,,,,
BACKTESTER-001,MovingAverageCrossover-MA_CROSS,EUR/USD.IDEALPRO,IDEALPRO-1-768,EUR/USD.IDEALPRO-MovingAverageCrossover-MA_CROSS,IDEALPRO-001,,LIMIT,SELL,99999.99,GTC,True,False,0.00,NO_LIQUIDITY_SIDE,,,,NO_TRIGGER,CANCELED,OUO,OL-20250527-092100-001-MA_CROSS-256,['O-20250527-092100-001-MA_CROSS-767'],O-20250527-092100-001-MA_CROSS-766,,,,['MA_CROSS_TP'],577c7afd-f2c6-463d-ad36-e85367f94bee,1748337660000000000,1748358780000000000,,,,,1.14265,True,
BACKTESTER-001,MovingAverageCrossover-MA_CROSS,EUR/USD.IDEALPRO,IDEALPRO-1-769,EUR/USD.IDEALPRO-MovingAverageCrossover-MA_CROSS,IDEALPRO-001,IDEALPRO-1-296295,MARKET,SELL,100000.00,GTC,False,False,100000.00,TAKER,1.132510000001,0.0,['2.27 USD'],NO_TRIGGER,FILLED,OTO,OL-20250527-160100-001-MA_CROSS-257,"['O-20250527-160100-001-MA_CROSS-770', 'O-20250527-160100-001-MA_CROSS-771']",,,,,['MA_CROSS'],67a9ced7-6858-4b60-89b2-66de4126725e,1748361660000000000,1748361660000000000,,,,,,,
BACKTESTER-001,MovingAverageCrossover-MA_CROSS,EUR/USD.IDEALPRO,IDEALPRO-1-770,EUR/USD.IDEALPRO-MovingAverageCrossover-MA_CROSS,IDEALPRO-001,IDEALPRO-1-297271,STOP_MARKET,BUY,100000.00,GTC,True,False,100000.00,TAKER,1.1340299999990002,9.999999000198656e-06,['2.27 USD'],NO_TRIGGER,FILLED,OUO,OL-20250527-160100-001-MA_CROSS-257,['O-20250527-160100-001-MA_CROSS-771'],O-20250527-160100-001-MA_CROSS-769,,,,['MA_CROSS_SL'],8efba850-3130-4fed-9e08-1c87d8b03208,1748361660000000000,1748391780000000000,1.13402,DEFAULT,,,,,
BACKTESTER-001,MovingAverageCrossover-MA_CROSS,EUR/USD.IDEALPRO,IDEALPRO-1-771,EUR/USD.IDEALPRO-MovingAverageCrossover-MA_CROSS,IDEALPRO-001,,LIMIT,BUY,99999.99,GTC,True,False,0.00,NO_LIQUIDITY_SIDE,,,,NO_TRIGGER,CANCELED,OUO,OL-20250527-160100-001-MA_CROSS-257,['O-20250527-160100-001-MA_CROSS-770'],O-20250527-160100-001-MA_CROSS-769,,,,['MA_CROSS_TP'],854a0894-49fd-4fa8-b78b-40b2de3afb0a,1748361660000000000,1748391780000000000,,,,,1.12502,True,
BACKTESTER-001,MovingAverageCrossover-MA_CROSS,EUR/USD.IDEALPRO,IDEALPRO-1-772,EUR/USD.IDEALPRO-MovingAverageCrossover-MA_CROSS,IDEALPRO-001,IDEALPRO-1-298099,MARKET,BUY,100000.00,GTC,False,False,100000.00,TAKER,1.131989999999,0.0,['2.26 USD'],NO_TRIGGER,FILLED,OTO,OL-20250528-071600-001-MA_CROSS-258,"['O-20250528-071600-001-MA_CROSS-773', 'O-20250528-071600-001-MA_CROSS-774']",,,,,['MA_CROSS'],14d172de-a7eb-48f3-8e60-72e97cb2cd77,1748416560000000000,1748416560000000000,,,,,,,
BACKTESTER-001,MovingAverageCrossover-MA_CROSS,EUR/USD.IDEALPRO,IDEALPRO-1-773,EUR/USD.IDEALPRO-MovingAverageCrossover-MA_CROSS,IDEALPRO-001,IDEALPRO-1-298809,STOP_MARKET,SELL,100000.00,GTC,True,False,100000.00,TAKER,1.130470000001,9.999998999976611e-06,['2.26 USD'],NO_TRIGGER,FILLED,OUO,OL-20250528-071600-001-MA_CROSS-258,['O-20250528-071600-001-MA_CROSS-774'],O-20250528-071600-001-MA_CROSS-772,,,,['MA_CROSS_SL'],23d583be-e372-4ec3-80d6-cfd907afd0ea,1748416560000000000,1748437800000000000,1.13048,DEFAULT,,,,,
BACKTESTER-001,MovingAverageCrossover-MA_CROSS,EUR/USD.IDEALPRO,IDEALPRO-1-774,EUR/USD.IDEALPRO-MovingAverageCrossover-MA_CROSS,IDEALPRO-001,,LIMIT,SELL,99999.99,GTC,True,False,0.00,NO_LIQUIDITY_SIDE,,,,NO_TRIGGER,CANCELED,OUO,OL-20250528-071600-001-MA_CROSS-258,['O-20250528-071600-001-MA_CROSS-773'],O-20250528-071600-001-MA_CROSS-772,,,,['MA_CROSS_TP'],039fe500-0589-4e5b-8b28-7014d7efa139,1748416560000000000,1748437800000000000,,,,,1.13948,True,
BACKTESTER-001,MovingAverageCrossover-MA_CROSS,EUR/USD.IDEALPRO,IDEALPRO-1-775,EUR/USD.IDEALPRO-MovingAverageCrossover-MA_CROSS,IDEALPRO-001,IDEALPRO-1-298823,MARKET,SELL,100000.00,GTC,False,False,100000.00,TAKER,1.130090000001,0.0,['2.26 USD'],NO_TRIGGER,FILLED,OTO,OL-20250528-131600-001-MA_CROSS-259,"['O-20250528-131600-001-MA_CROSS-776', 'O-20250528-131600-001-MA_CROSS-777']",,,,,['MA_CROSS'],40229283-0229-4f86-b71c-ebd46c17f9d7,1748438160000000000,1748438160000000000,,,,,,,
BACKTESTER-001,MovingAverageCrossover-MA_CROSS,EUR/USD.IDEALPRO,IDEALPRO-1-776,EUR/USD.IDEALPRO-MovingAverageCrossover-MA_CROSS,IDEALPRO-001,IDEALPRO-1-298925,STOP_MARKET,BUY,100000.00,GTC,True,False,100000.00,TAKER,1.131609999999,9.999998999976611e-06,['2.26 USD'],NO_TRIGGER,FILLED,OUO,OL-20250528-131600-001-MA_CROSS-259,['O-20250528-131600-001-MA_CROSS-777'],O-20250528-131600-001-MA_CROSS-775,,,,['MA_CROSS_SL'],fd8ce43b-4ba1-4eb4-ad84-727f246934b4,1748438160000000000,1748441160000000000,1.13160,DEFAULT,,,,,
BACKTESTER-001,MovingAverageCrossover-MA_CROSS,EUR/USD.IDEALPRO,IDEALPRO-1-777,EUR/USD.IDEALPRO-MovingAverageCrossover-MA_CROSS,IDEALPRO-001,,LIMIT,BUY,99999.99,GTC,True,False,0.00,NO_LIQUIDITY_SIDE,,,,NO_TRIGGER,CANCELED,OUO,OL-20250528-131600-001-MA_CROSS-259,['O-20250528-131600-001-MA_CROSS-776'],O-20250528-131600-001-MA_CROSS-775,,,,['MA_CROSS_TP'],48f12fff-ab30-453f-a20f-470fadfbc2c3,1748438160000000000,1748441160000000000,,,,,1.12260,True,
BACKTESTER-001,MovingAverageCrossover-MA_CROSS,EUR/USD.IDEALPRO,IDEALPRO-1-778,EUR/USD.IDEALPRO-MovingAverageCrossover-MA_CROSS,IDEALPRO-001,IDEALPRO-1-298935,MARKET,BUY,100000.00,GTC,False,False,100000.00,TAKER,1.131679999999,0.0,['2.26 USD'],NO_TRIGGER,FILLED,OTO,OL-20250528-141000-001-MA_CROSS-260,"['O-20250528-141000-001-MA_CROSS-779', 'O-20250528-141000-001-MA_CROSS-780']",,,,,['MA_CROSS'],2598c757-047b-4393-b5fc-75d78e477fa1,1748441400000000000,1748441400000000000,,,,,,,
BACKTESTER-001,MovingAverageCrossover-MA_CROSS,EUR/USD.IDEALPRO,IDEALPRO-1-779,EUR/USD.IDEALPRO-MovingAverageCrossover-MA_CROSS,IDEALPRO-001,IDEALPRO-1-299025,STOP_MARKET,SELL,100000.00,GTC,True,False,100000.00,TAKER,1.130160000001,9.999998999976611e-06,['2.26 USD'],NO_TRIGGER,FILLED,OUO,OL-20250528-141000-001-MA_CROSS-260,['O-20250528-141000-001-MA_CROSS-780'],O-20250528-141000-001-MA_CROSS-778,,,,['MA_CROSS_SL'],bb5c7b83-db4f-4ea1-b8dd-584ae28ddd82,1748441400000000000,1748444040000000000,1.13017,DEFAULT,,,,,
BACKTESTER-001,MovingAverageCrossover-MA_CROSS,EUR/USD.IDEALPRO,IDEALPRO-1-780,EUR/USD.IDEALPRO-MovingAverageCrossover-MA_CROSS,IDEALPRO-001,,LIMIT,SELL,99999.99,GTC,True,False,0.00,NO_LIQUIDITY_SIDE,,,,NO_TRIGGER,CANCELED,OUO,OL-20250528-141000-001-MA_CROSS-260,['O-20250528-141000-001-MA_CROSS-779'],O-20250528-141000-001-MA_CROSS-778,,,,['MA_CROSS_TP'],7c060b4c-6d68-4be6-9943-efd576fbce06,1748441400000000000,1748444040000000000,,,,,1.13917,True,
BACKTESTER-001,MovingAverageCrossover-MA_CROSS,EUR/USD.IDEALPRO,IDEALPRO-1-781,EUR/USD.IDEALPRO-MovingAverageCrossover-MA_CROSS,IDEALPRO-001,IDEALPRO-1-299161,MARKET,SELL,100000.00,GTC,False,False,100000.00,TAKER,1.128540000001,0.0,['2.26 USD'],NO_TRIGGER,FILLED,OTO,OL-20250528-160100-001-MA_CROSS-261,"['O-20250528-160100-001-MA_CROSS-782', 'O-20250528-160100-001-MA_CROSS-783']",,,,,['MA_CROSS'],8391ff0d-8c4e-47ba-b07b-967df2fc20ef,1748448060000000000,1748448060000000000,,,,,,,
BACKTESTER-001,MovingAverageCrossover-MA_CROSS,EUR/USD.IDEALPRO,IDEALPRO-1-782,EUR/USD.IDEALPRO-MovingAverageCrossover-MA_CROSS,IDEALPRO-001,IDEALPRO-1-299337,STOP_MARKET,BUY,100000.00,GTC,True,False,100000.00,TAKER,1.130059999999,9.999998999976611e-06,['2.26 USD'],NO_TRIGGER,FILLED,OUO,OL-20250528-160100-001-MA_CROSS-261,['O-20250528-160100-001-MA_CROSS-783'],O-20250528-160100-001-MA_CROSS-781,,,,['MA_CROSS_SL'],14b0435b-470d-4bd5-927a-e578fc8d3d2a,1748448060000000000,1748453280000000000,1.13005,DEFAULT,,,,,
BACKTESTER-001,MovingAverageCrossover-MA_CROSS,EUR/USD.IDEALPRO,IDEALPRO-1-783,EUR/USD.IDEALPRO-MovingAverageCrossover-MA_CROSS,IDEALPRO-001,,LIMIT,BUY,99999.99,GTC,True,False,0.00,NO_LIQUIDITY_SIDE,,,,NO_TRIGGER,CANCELED,OUO,OL-20250528-160100-001-MA_CROSS-261,['O-20250528-160100-001-MA_CROSS-782'],O-20250528-160100-001-MA_CROSS-781,,,,['MA_CROSS_TP'],c3b20122-0e3c-4543-8511-5387514bed66,1748448060000000000,1748453280000000000,,,,,1.12105,True,
BACKTESTER-001,MovingAverageCrossover-MA_CROSS,EUR/USD.IDEALPRO,IDEALPRO-1-784,EUR/USD.IDEALPRO-MovingAverageCrossover-MA_CROSS,IDEALPRO-001,IDEALPRO-1-299339,MARKET,BUY,100000.00,GTC,False,False,100000.00,TAKER,1.129979999999,0.0,['2.26 USD'],NO_TRIGGER,FILLED,OTO,OL-20250528-172800-001-MA_CROSS-262,"['O-20250528-172800-001-MA_CROSS-785', 'O-20250528-172800-001-MA_CROSS-786']",,,,,['MA_CROSS'],e2b93421-c235-4e0f-aef7-8a1609402635,1748453280000000000,1748453280000000000,,,,,,,
BACKTESTER-001,MovingAverageCrossover-MA_CROSS,EUR/USD.IDEALPRO,IDEALPRO-1-785,EUR/USD.IDEALPRO-MovingAverageCrossover-MA_CROSS,IDEALPRO-001,IDEALPRO-1-299469,STOP_MARKET,SELL,100000.00,GTC,True,False,100000.00,TAKER,1.128460000001,9.999998999976611e-06,['2.26 USD'],NO_TRIGGER,FILLED,OUO,OL-20250528-172800-001-MA_CROSS-262,['O-20250528-172800-001-MA_CROSS-786'],O-20250528-172800-001-MA_CROSS-784,,,,['MA_CROSS_SL'],a62006c4-96d1-4ef5-b3ba-9260356f3410,1748453280000000000,1748457120000000000,1.12847,DEFAULT,,,,,
BACKTESTER-001,MovingAverageCrossover-MA_CROSS,EUR/USD.IDEALPRO,IDEALPRO-1-786,EUR/USD.IDEALPRO-MovingAverageCrossover-MA_CROSS,IDEALPRO-001,,LIMIT,SELL,99999.99,GTC,True,False,0.00,NO_LIQUIDITY_SIDE,,,,NO_TRIGGER,CANCELED,OUO,OL-20250528-172800-001-MA_CROSS-262,['O-20250528-172800-001-MA_CROSS-785'],O-20250528-172800-001-MA_CROSS-784,,,,['MA_CROSS_TP'],ca3702e1-36f2-4792-9a1b-34e62bdb2413,1748453280000000000,1748457120000000000,,,,,1.13747,True,
BACKTESTER-001,MovingAverageCrossover-MA_CROSS,EUR/USD.IDEALPRO,IDEALPRO-1-787,EUR/USD.IDEALPRO-MovingAverageCrossover-MA_CROSS,IDEALPRO-001,IDEALPRO-1-299979,MARKET,SELL,100000.00,GTC,False,False,100000.00,TAKER,1.1290400000010001,0.0,['2.26 USD'],NO_TRIGGER,FILLED,OTO,OL-20250528-230100-001-MA_CROSS-263,"['O-20250528-230100-001-MA_CROSS-788', 'O-20250528-230100-001-MA_CROSS-789']",,,,,['MA_CROSS'],7b239bea-ee08-4804-90d6-18de4579706a,1748473260000000000,1748473260000000000,,,,,,,
BACKTESTER-001,MovingAverageCrossover-MA_CROSS,EUR/USD.IDEALPRO,IDEALPRO-1-788,EUR/USD.IDEALPRO-MovingAverageCrossover-MA_CROSS,IDEALPRO-001,,STOP_MARKET,BUY,99999.99,GTC,True,False,0.00,NO_LIQUIDITY_SIDE,,,,NO_TRIGGER,CANCELED,OUO,OL-20250528-230100-001-MA_CROSS-263,['O-20250528-230100-001-MA_CROSS-789'],O-20250528-230100-001-MA_CROSS-787,,,,['MA_CROSS_SL'],6356429e-7938-4c03-a15e-23f875865b72,1748473260000000000,1748475900000000000,1.13055,DEFAULT,,,,,
BACKTESTER-001,MovingAverageCrossover-MA_CROSS,EUR/USD.IDEALPRO,IDEALPRO-1-789,EUR/USD.IDEALPRO-MovingAverageCrossover-MA_CROSS,IDEALPRO-001,IDEALPRO-1-300069,LIMIT,BUY,100000.00,GTC,True,False,100000.00,MAKER,1.12155,0.0,['2.24 USD'],NO_TRIGGER,FILLED,OUO,OL-20250528-230100-001-MA_CROSS-263,['O-20250528-230100-001-MA_CROSS-788'],O-20250528-230100-001-MA_CROSS-787,,,,['MA_CROSS_TP'],d22beff4-fdd2-4c7e-aa2c-e79aa63cf7b4,1748473260000000000,1748475900000000000,,,,,1.12155,True,
BACKTESTER-001,MovingAverageCrossover-MA_CROSS,EUR/USD.IDEALPRO,IDEALPRO-1-790,EUR/USD.IDEALPRO-MovingAverageCrossover-MA_CROSS,IDEALPRO-001,IDEALPRO-1-300302,MARKET,BUY,100000.00,GTC,False,False,100000.00,TAKER,1.1248099999990002,0.0,['2.25 USD'],NO_TRIGGER,FILLED,OTO,OL-20250529-014000-001-MA_CROSS-264,"['O-20250529-014000-001-MA_CROSS-791', 'O-20250529-014000-001-MA_CROSS-792']",,,,,['MA_CROSS'],f2254cc9-4b7d-4640-ba13-960d32015d5d,1748482800000000000,1748482800000000000,,,,,,,
BACKTESTER-001,MovingAverageCrossover-MA_CROSS,EUR/USD.IDEALPRO,IDEALPRO-1-791,EUR/USD.IDEALPRO-MovingAverageCrossover-MA_CROSS,IDEALPRO-001,IDEALPRO-1-300805,STOP_MARKET,SELL,100000.00,GTC,True,False,100000.00,TAKER,1.1232900000009998,9.999999000198656e-06,['2.25 USD'],NO_TRIGGER,FILLED,OUO,OL-20250529-014000-001-MA_CROSS-264,['O-20250529-014000-001-MA_CROSS-792'],O-20250529-014000-001-MA_CROSS-790,,,,['MA_CROSS_SL'],657f6ecd-e7c2-4e13-9ed4-e216e947b1e1,1748482800000000000,1748497860000000000,1.12330,DEFAULT,,,,,
BACKTESTER-001,MovingAverageCrossover-MA_CROSS,EUR/USD.IDEALPRO,IDEALPRO-1-792,EUR/USD.IDEALPRO-MovingAverageCrossover-MA_CROSS,IDEALPRO-001,,LIMIT,SELL,99999.99,GTC,True,False,0.00,NO_LIQUIDITY_SIDE,,,,NO_TRIGGER,CANCELED,OUO,OL-20250529-014000-001-MA_CROSS-264,['O-20250529-014000-001-MA_CROSS-791'],O-20250529-014000-001-MA_CROSS-790,,,,['MA_CROSS_TP'],710e196d-290f-4dfb-b30f-7e0e61651e32,1748482800000000000,1748497860000000000,,,,,1.13230,True,
BACKTESTER-001,MovingAverageCrossover-MA_CROSS,EUR/USD.IDEALPRO,IDEALPRO-1-793,EUR/USD.IDEALPRO-MovingAverageCrossover-MA_CROSS,IDEALPRO-001,IDEALPRO-1-301513,MARKET,SELL,100000.00,GTC,False,False,100000.00,TAKER,1.1274100000010001,0.0,['2.25 USD'],NO_TRIGGER,FILLED,OTO,OL-20250529-114400-001-MA_CROSS-265,"['O-20250529-114400-001-MA_CROSS-794', 'O-20250529-114400-001-MA_CROSS-795']",,,,,['MA_CROSS'],fa770035-35d4-4911-84d7-900439453499,1748519040000000000,1748519040000000000,,,,,,,
BACKTESTER-001,MovingAverageCrossover-MA_CROSS,EUR/USD.IDEALPRO,IDEALPRO-1-794,EUR/USD.IDEALPRO-MovingAverageCrossover-MA_CROSS,IDEALPRO-001,IDEALPRO-1-301583,STOP_MARKET,BUY,100000.00,GTC,True,False,100000.00,TAKER,1.128929999999,9.999998999976611e-06,['2.26 USD'],NO_TRIGGER,FILLED,OUO,OL-20250529-114400-001-MA_CROSS-265,['O-20250529-114400-001-MA_CROSS-795'],O-20250529-114400-001-MA_CROSS-793,,,,['MA_CROSS_SL'],736f6b50-0825-4fcc-9d48-73802d516e88,1748519040000000000,1748521080000000000,1.12892,DEFAULT,,,,,
BACKTESTER-001,MovingAverageCrossover-MA_CROSS,EUR/USD.IDEALPRO,IDEALPRO-1-795,EUR/USD.IDEALPRO-MovingAverageCrossover-MA_CROSS,IDEALPRO-001,,LIMIT,BUY,99999.99,GTC,True,False,0.00,NO_LIQUIDITY_SIDE,,,,NO_TRIGGER,CANCELED,OUO,OL-20250529-114400-001-MA_CROSS-265,['O-20250529-114400-001-MA_CROSS-794'],O-20250529-114400-001-MA_CROSS-793,,,,['MA_CROSS_TP'],19fbcc2d-8c97-4ff4-b5a2-897da347ffa7,1748519040000000000,1748521080000000000,,,,,1.11992,True,
BACKTESTER-001,MovingAverageCrossover-MA_CROSS,EUR/USD.IDEALPRO,IDEALPRO-1-796,EUR/USD.IDEALPRO-MovingAverageCrossover-MA_CROSS,IDEALPRO-001,IDEALPRO-1-301731,MARKET,BUY,100000.00,GTC,False,False,100000.00,TAKER,1.1352899999989998,0.0,['2.27 USD'],NO_TRIGGER,FILLED,OTO,OL-20250529-133100-001-MA_CROSS-266,"['O-20250529-133100-001-MA_CROSS-797', 'O-20250529-133100-001-MA_CROSS-798']",,,,,['MA_CROSS'],6a157ba7-9f00-4cf3-99d5-7fb363a2ed90,1748525460000000000,1748525460000000000,,,,,,,
BACKTESTER-001,MovingAverageCrossover-MA_CROSS,EUR/USD.IDEALPRO,IDEALPRO-1-797,EUR/USD.IDEALPRO-MovingAverageCrossover-MA_CROSS,IDEALPRO-001,IDEALPRO-1-303703,STOP_MARKET,SELL,100000.00,GTC,True,False,100000.00,TAKER,1.133770000001,9.999998999976611e-06,['2.27 USD'],NO_TRIGGER,FILLED,OUO,OL-20250529-133100-001-MA_CROSS-266,['O-20250529-133100-001-MA_CROSS-798'],O-20250529-133100-001-MA_CROSS-796,,,,['MA_CROSS_SL'],fd4b3ee9-1755-4e9d-b842-4a36279a4984,1748525460000000000,1748585460000000000,1.13378,DEFAULT,,,,,
BACKTESTER-001,MovingAverageCrossover-MA_CROSS,EUR/USD.IDEALPRO,IDEALPRO-1-798,EUR/USD.IDEALPRO-MovingAverageCrossover-MA_CROSS,IDEALPRO-001,,LIMIT,SELL,99999.99,GTC,True,False,0.00,NO_LIQUIDITY_SIDE,,,,NO_TRIGGER,CANCELED,OUO,OL-20250529-133100-001-MA_CROSS-266,['O-20250529-133100-001-MA_CROSS-797'],O-20250529-133100-001-MA_CROSS-796,,,,['MA_CROSS_TP'],1e1f1199-633b-416f-a1f1-b3802215f1f3,1748525460000000000,1748585460000000000,,,,,1.14278,True,
BACKTESTER-001,MovingAverageCrossover-MA_CROSS,EUR/USD.IDEALPRO,IDEALPRO-1-799,EUR/USD.IDEALPRO-MovingAverageCrossover-MA_CROSS,IDEALPRO-001,IDEALPRO-1-303819,MARKET,SELL,100000.00,GTC,False,False,100000.00,TAKER,1.1340300000010002,0.0,['2.27 USD'],NO_TRIGGER,FILLED,OTO,OL-20250530-070800-001-MA_CROSS-267,"['O-20250530-070800-001-MA_CROSS-800', 'O-20250530-070800-001-MA_CROSS-801']",,,,,['MA_CROSS'],9c27ffa4-52de-413f-adc4-629b603f4c22,1748588880000000000,1748588880000000000,,,,,,,
BACKTESTER-001,MovingAverageCrossover-MA_CROSS,EUR/USD.IDEALPRO,IDEALPRO-1-800,EUR/USD.IDEALPRO-MovingAverageCrossover-MA_CROSS,IDEALPRO-001,IDEALPRO-1-304485,STOP_MARKET,BUY,100000.00,GTC,True,False,100000.00,TAKER,1.1355499999990002,9.999999000198656e-06,['2.27 USD'],NO_TRIGGER,FILLED,OUO,OL-20250530-070800-001-MA_CROSS-267,['O-20250530-070800-001-MA_CROSS-801'],O-20250530-070800-001-MA_CROSS-799,,,,['MA_CROSS_SL'],0b4376e6-f566-49d3-9176-d6b6df33391c,1748588880000000000,1748608800000000000,1.13554,DEFAULT,,,,,
BACKTESTER-001,MovingAverageCrossover-MA_CROSS,EUR/USD.IDEALPRO,IDEALPRO-1-801,EUR/USD.IDEALPRO-MovingAverageCrossover-MA_CROSS,IDEALPRO-001,,LIMIT,BUY,99999.99,GTC,True,False,0.00,NO_LIQUIDITY_SIDE,,,,NO_TRIGGER,CANCELED,OUO,OL-20250530-070800-001-MA_CROSS-267,['O-20250530-070800-001-MA_CROSS-800'],O-20250530-070800-001-MA_CROSS-799,,,,['MA_CROSS_TP'],258c4e35-d4d5-4b58-b5c7-44d65bfdf452,1748588880000000000,1748608800000000000,,,,,1.12654,True,
BACKTESTER-001,MovingAverageCrossover-MA_CROSS,EUR/USD.IDEALPRO,IDEALPRO-1-802,EUR/USD.IDEALPRO-MovingAverageCrossover-MA_CROSS,IDEALPRO-001,IDEALPRO-1-304763,MARKET,BUY,100000.00,GTC,False,False,100000.00,TAKER,1.135309999999,0.0,['2.27 USD'],NO_TRIGGER,FILLED,OTO,OL-20250530-145800-001-MA_CROSS-268,"['O-20250530-145800-001-MA_CROSS-803', 'O-20250530-145800-001-MA_CROSS-804']",,,,,['MA_CROSS'],f075851d-d600-494b-b51e-459f0371a8f3,1748617080000000000,1748617080000000000,,,,,,,
BACKTESTER-001,MovingAverageCrossover-MA_CROSS,EUR/USD.IDEALPRO,IDEALPRO-1-803,EUR/USD.IDEALPRO-MovingAverageCrossover-MA_CROSS,IDEALPRO-001,,STOP_MARKET,SELL,99999.99,GTC,True,False,0.00,NO_LIQUIDITY_SIDE,,,,NO_TRIGGER,CANCELED,OUO,OL-20250530-145800-001-MA_CROSS-268,['O-20250530-145800-001-MA_CROSS-804'],O-20250530-145800-001-MA_CROSS-802,,,,['MA_CROSS_SL'],7b1d0a79-9e9b-4893-88f4-f82fbd697748,1748617080000000000,1748850660000000000,1.13380,DEFAULT,,,,,
BACKTESTER-001,MovingAverageCrossover-MA_CROSS,EUR/USD.IDEALPRO,IDEALPRO-1-804,EUR/USD.IDEALPRO-MovingAverageCrossover-MA_CROSS,IDEALPRO-001,IDEALPRO-1-306761,LIMIT,SELL,100000.00,GTC,True,False,100000.00,MAKER,1.1428,0.0,['2.29 USD'],NO_TRIGGER,FILLED,OUO,OL-20250530-145800-001-MA_CROSS-268,['O-20250530-145800-001-MA_CROSS-803'],O-20250530-145800-001-MA_CROSS-802,,,,['MA_CROSS_TP'],1d7e4e80-1945-42c8-97a6-073cb02705bf,1748617080000000000,1748850660000000000,,,,,1.14280,True,
BACKTESTER-001,MovingAverageCrossover-MA_CROSS,EUR/USD.IDEALPRO,IDEALPRO-1-805,EUR/USD.IDEALPRO-MovingAverageCrossover-MA_CROSS,IDEALPRO-001,IDEALPRO-1-307042,MARKET,SELL,100000.00,GTC,False,False,100000.00,TAKER,1.1421700000009998,0.0,['2.28 USD'],NO_TRIGGER,FILLED,OTO,OL-20250602-101000-001-MA_CROSS-269,"['O-20250602-101000-001-MA_CROSS-806', 'O-20250602-101000-001-MA_CROSS-807']",,,,,['MA_CROSS'],36d41509-5363-43e7-a537-f0dc9c76f9dd,1748859000000000000,1748859000000000000,,,,,,,
BACKTESTER-001,MovingAverageCrossover-MA_CROSS,EUR/USD.IDEALPRO,IDEALPRO-1-806,EUR/USD.IDEALPRO-MovingAverageCrossover-MA_CROSS,IDEALPRO-001,IDEALPRO-1-307507,STOP_MARKET,BUY,100000.00,GTC,True,False,100000.00,TAKER,1.1436899999990002,9.999999000198656e-06,['2.29 USD'],NO_TRIGGER,FILLED,OUO,OL-20250602-101000-001-MA_CROSS-269,['O-20250602-101000-001-MA_CROSS-807'],O-20250602-101000-001-MA_CROSS-805,,,,['MA_CROSS_SL'],05f0c0e4-c174-40cf-a8a3-f5cda65f0f5d,1748859000000000000,1748872920000000000,1.14368,DEFAULT,,,,,
BACKTESTER-001,MovingAverageCrossover-MA_CROSS,EUR/USD.IDEALPRO,IDEALPRO-1-807,EUR/USD.IDEALPRO-MovingAverageCrossover-MA_CROSS,IDEALPRO-001,,LIMIT,BUY,99999.99,GTC,True,False,0.00,NO_LIQUIDITY_SIDE,,,,NO_TRIGGER,CANCELED,OUO,OL-20250602-101000-001-MA_CROSS-269,['O-20250602-101000-001-MA_CROSS-806'],O-20250602-101000-001-MA_CROSS-805,,,,['MA_CROSS_TP'],6064625e-7b9f-4c2d-b907-5e86fa2201f5,1748859000000000000,1748872920000000000,,,,,1.13468,True,
BACKTESTER-001,MovingAverageCrossover-MA_CROSS,EUR/USD.IDEALPRO,IDEALPRO-1-808,EUR/USD.IDEALPRO-MovingAverageCrossover-MA_CROSS,IDEALPRO-001,IDEALPRO-1-307509,MARKET,BUY,100000.00,GTC,False,False,100000.00,TAKER,1.143559999999,0.0,['2.29 USD'],NO_TRIGGER,FILLED,OTO,OL-20250602-140200-001-MA_CROSS-270,"['O-20250602-140200-001-MA_CROSS-809', 'O-20250602-140200-001-MA_CROSS-810']",,,,,['MA_CROSS'],f6b38952-a2d5-4928-aad1-b45dc0e44b70,1748872920000000000,1748872920000000000,,,,,,,
BACKTESTER-001,MovingAverageCrossover-MA_CROSS,EUR/USD.IDEALPRO,IDEALPRO-1-809,EUR/USD.IDEALPRO-MovingAverageCrossover-MA_CROSS,IDEALPRO-001,IDEALPRO-1-307803,STOP_MARKET,SELL,100000.00,GTC,True,False,100000.00,TAKER,1.142040000001,9.999998999976611e-06,['2.28 USD'],NO_TRIGGER,FILLED,OUO,OL-20250602-140200-001-MA_CROSS-270,['O-20250602-140200-001-MA_CROSS-810'],O-20250602-140200-001-MA_CROSS-808,,,,['MA_CROSS_SL'],67423e0e-13dc-4a38-b6ba-06e0848650fd,1748872920000000000,1748881680000000000,1.14205,DEFAULT,,,,,
BACKTESTER-001,MovingAverageCrossover-MA_CROSS,EUR/USD.IDEALPRO,IDEALPRO-1-810,EUR/USD.IDEALPRO-MovingAverageCrossover-MA_CROSS,IDEALPRO-001,,LIMIT,SELL,99999.99,GTC,True,False,0.00,NO_LIQUIDITY_SIDE,,,,NO_TRIGGER,CANCELED,OUO,OL-20250602-140200-001-MA_CROSS-270,['O-20250602-140200-001-MA_CROSS-809'],O-20250602-140200-001-MA_CROSS-808,,,,['MA_CROSS_TP'],2bce75e9-0b2b-4519-b6c8-3a12ff511719,1748872920000000000,1748881680000000000,,,,,1.15105,True,
BACKTESTER-001,MovingAverageCrossover-MA_CROSS,EUR/USD.IDEALPRO,IDEALPRO-1-811,EUR/USD.IDEALPRO-MovingAverageCrossover-MA_CROSS,IDEALPRO-001,IDEALPRO-1-307805,MARKET,SELL,100000.00,GTC,False,False,100000.00,TAKER,1.1420800000009999,0.0,['2.28 USD'],NO_TRIGGER,FILLED,OTO,OL-20250602-162800-001-MA_CROSS-271,"['O-20250602-162800-001-MA_CROSS-812', 'O-20250602-162800-001-MA_CROSS-813']",,,,,['MA_CROSS'],493d4cdf-624c-4ef9-8017-4178fbe1f412,1748881680000000000,1748881680000000000,,,,,,,
BACKTESTER-001,MovingAverageCrossover-MA_CROSS,EUR/USD.IDEALPRO,IDEALPRO-1-812,EUR/USD.IDEALPRO-MovingAverageCrossover-MA_CROSS,IDEALPRO-001,IDEALPRO-1-308087,STOP_MARKET,BUY,100000.00,GTC,True,False,100000.00,TAKER,1.143599999999,9.999998999976611e-06,['2.29 USD'],NO_TRIGGER,FILLED,OUO,OL-20250602-162800-001-MA_CROSS-271,['O-20250602-162800-001-MA_CROSS-813'],O-20250602-162800-001-MA_CROSS-811,,,,['MA_CROSS_SL'],81250654-0998-4e37-9250-6871b4b8bd63,1748881680000000000,1748890080000000000,1.14359,DEFAULT,,,,,
BACKTESTER-001,MovingAverageCrossover-MA_CROSS,EUR/USD.IDEALPRO,IDEALPRO-1-813,EUR/USD.IDEALPRO-MovingAverageCrossover-MA_CROSS,IDEALPRO-001,,LIMIT,BUY,99999.99,GTC,True,False,0.00,NO_LIQUIDITY_SIDE,,,,NO_TRIGGER,CANCELED,OUO,OL-20250602-162800-001-MA_CROSS-271,['O-20250602-162800-001-MA_CROSS-812'],O-20250602-162800-001-MA_CROSS-811,,,,['MA_CROSS_TP'],66f0e2fe-813f-4bab-a71f-daf4c1c58f32,1748881680000000000,1748890080000000000,,,,,1.13459,True,
BACKTESTER-001,MovingAverageCrossover-MA_CROSS,EUR/USD.IDEALPRO,IDEALPRO-1-814,EUR/USD.IDEALPRO-MovingAverageCrossover-MA_CROSS,IDEALPRO-001,IDEALPRO-1-308568,MARKET,BUY,100000.00,GTC,False,False,100000.00,TAKER,1.144689999999,0.0,['2.29 USD'],NO_TRIGGER,FILLED,OTO,OL-20250602-230200-001-MA_CROSS-272,"['O-20250602-230200-001-MA_CROSS-815', 'O-20250602-230200-001-MA_CROSS-816']",,,,,['MA_CROSS'],63046ed0-4cd8-4e80-b566-f9c046162622,1748905320000000000,1748905320000000000,,,,,,,
BACKTESTER-001,MovingAverageCrossover-MA_CROSS,EUR/USD.IDEALPRO,IDEALPRO-1-815,EUR/USD.IDEALPRO-MovingAverageCrossover-MA_CROSS,IDEALPRO-001,IDEALPRO-1-308839,STOP_MARKET,SELL,100000.00,GTC,True,False,100000.00,TAKER,1.143170000001,9.999998999976611e-06,['2.29 USD'],NO_TRIGGER,FILLED,OUO,OL-20250602-230200-001-MA_CROSS-272,['O-20250602-230200-001-MA_CROSS-816'],O-20250602-230200-001-MA_CROSS-814,,,,['MA_CROSS_SL'],edc667ac-d740-4f96-b927-9a69f24d1e1a,1748905320000000000,1748913420000000000,1.14318,DEFAULT,,,,,
BACKTESTER-001,MovingAverageCrossover-MA_CROSS,EUR/USD.IDEALPRO,IDEALPRO-1-816,EUR/USD.IDEALPRO-MovingAverageCrossover-MA_CROSS,IDEALPRO-001,,LIMIT,SELL,99999.99,GTC,True,False,0.00,NO_LIQUIDITY_SIDE,,,,NO_TRIGGER,CANCELED,OUO,OL-20250602-230200-001-MA_CROSS-272,['O-20250602-230200-001-MA_CROSS-815'],O-20250602-230200-001-MA_CROSS-814,,,,['MA_CROSS_TP'],6bb55661-272b-4038-83e3-dcaadb4160e1,1748905320000000000,1748913420000000000,,,,,1.15218,True,
BACKTESTER-001,MovingAverageCrossover-MA_CROSS,EUR/USD.IDEALPRO,IDEALPRO-1-817,EUR/USD.IDEALPRO-MovingAverageCrossover-MA_CROSS,IDEALPRO-001,IDEALPRO-1-308841,MARKET,SELL,100000.00,GTC,False,False,100000.00,TAKER,1.143250000001,0.0,['2.29 USD'],NO_TRIGGER,FILLED,OTO,OL-20250603-011700-001-MA_CROSS-273,"['O-20250603-011700-001-MA_CROSS-818', 'O-20250603-011700-001-MA_CROSS-819']",,,,,['MA_CROSS'],2add0d7b-dae2-415e-a003-166127daa3b7,1748913420000000000,1748913420000000000,,,,,,,
BACKTESTER-001,MovingAverageCrossover-MA_CROSS,EUR/USD.IDEALPRO,IDEALPRO-1-818,EUR/USD.IDEALPRO-MovingAverageCrossover-MA_CROSS,IDEALPRO-001,,STOP_MARKET,BUY,99999.99,GTC,True,False,0.00,NO_LIQUIDITY_SIDE,,,,NO_TRIGGER,CANCELED,OUO,OL-20250603-011700-001-MA_CROSS-273,['O-20250603-011700-001-MA_CROSS-819'],O-20250603-011700-001-MA_CROSS-817,,,,['MA_CROSS_SL'],e1fdb2a4-6bfb-400b-9111-df9e6f56d55e,1748913420000000000,1749015300000000000,1.14476,DEFAULT,,,,,
BACKTESTER-001,MovingAverageCrossover-MA_CROSS,EUR/USD.IDEALPRO,IDEALPRO-1-819,EUR/USD.IDEALPRO-MovingAverageCrossover-MA_CROSS,IDEALPRO-001,IDEALPRO-1-312209,LIMIT,BUY,100000.00,GTC,True,False,100000.00,MAKER,1.13576,0.0,['2.27 USD'],NO_TRIGGER,FILLED,OUO,OL-20250603-011700-001-MA_CROSS-273,['O-20250603-011700-001-MA_CROSS-818'],O-20250603-011700-001-MA_CROSS-817,,,,['MA_CROSS_TP'],54954959-86fe-4c29-b618-676c46743084,1748913420000000000,1749015300000000000,,,,,1.13576,True,
BACKTESTER-001,MovingAverageCrossover-MA_CROSS,EUR/USD.IDEALPRO,IDEALPRO-1-820,EUR/USD.IDEALPRO-MovingAverageCrossover-MA_CROSS,IDEALPRO-001,IDEALPRO-1-312383,MARKET,BUY,100000.00,GTC,False,False,100000.00,TAKER,1.137869999999,0.0,['2.28 USD'],NO_TRIGGER,FILLED,OTO,OL-20250604-070100-001-MA_CROSS-274,"['O-20250604-070100-001-MA_CROSS-821', 'O-20250604-070100-001-MA_CROSS-822']",,,,,['MA_CROSS'],2d22f271-c858-48c2-9b29-ef0198d92896,1749020460000000000,1749020460000000000,,,,,,,
BACKTESTER-001,MovingAverageCrossover-MA_CROSS,EUR/USD.IDEALPRO,IDEALPRO-1-821,EUR/USD.IDEALPRO-MovingAverageCrossover-MA_CROSS,IDEALPRO-001,,STOP_MARKET,SELL,99999.99,GTC,True,False,0.00,NO_LIQUIDITY_SIDE,,,,NO_TRIGGER,CANCELED,OUO,OL-20250604-070100-001-MA_CROSS-274,['O-20250604-070100-001-MA_CROSS-822'],O-20250604-070100-001-MA_CROSS-820,,,,['MA_CROSS_SL'],9804c8ae-9be4-44b8-97fa-5b2284c38304,1749020460000000000,1749129060000000000,1.13636,DEFAULT,,,,,
BACKTESTER-001,MovingAverageCrossover-MA_CROSS,EUR/USD.IDEALPRO,IDEALPRO-1-822,EUR/USD.IDEALPRO-MovingAverageCrossover-MA_CROSS,IDEALPRO-001,IDEALPRO-1-315975,LIMIT,SELL,100000.00,GTC,True,False,100000.00,MAKER,1.14536,0.0,['2.29 USD'],NO_TRIGGER,FILLED,OUO,OL-20250604-070100-001-MA_CROSS-274,['O-20250604-070100-001-MA_CROSS-821'],O-20250604-070100-001-MA_CROSS-820,,,,['MA_CROSS_TP'],b4fd1823-ed47-41de-9db6-91a3aefb7329,1749020460000000000,1749129060000000000,,,,,1.14536,True,
BACKTESTER-001,MovingAverageCrossover-MA_CROSS,EUR/USD.IDEALPRO,IDEALPRO-1-823,EUR/USD.IDEALPRO-MovingAverageCrossover-MA_CROSS,IDEALPRO-001,IDEALPRO-1-316188,MARKET,SELL,100000.00,GTC,False,False,100000.00,TAKER,1.1457600000009998,0.0,['2.29 USD'],NO_TRIGGER,FILLED,OTO,OL-20250605-145600-001-MA_CROSS-275,"['O-20250605-145600-001-MA_CROSS-824', 'O-20250605-145600-001-MA_CROSS-825']",,,,,['MA_CROSS'],472f962a-92aa-4fdd-84f8-69a327059c8e,1749135360000000000,1749135360000000000,,,,,,,
BACKTESTER-001,MovingAverageCrossover-MA_CROSS,EUR/USD.IDEALPRO,IDEALPRO-1-824,EUR/USD.IDEALPRO-MovingAverageCrossover-MA_CROSS,IDEALPRO-001,,STOP_MARKET,BUY,99999.99,GTC,True,False,0.00,NO_LIQUIDITY_SIDE,,,,NO_TRIGGER,CANCELED,OUO,OL-20250605-145600-001-MA_CROSS-275,['O-20250605-145600-001-MA_CROSS-825'],O-20250605-145600-001-MA_CROSS-823,,,,['MA_CROSS_SL'],755cf94d-6ae8-4d90-85f8-c7c27770a334,1749135360000000000,1749216120000000000,1.14727,DEFAULT,,,,,
BACKTESTER-001,MovingAverageCrossover-MA_CROSS,EUR/USD.IDEALPRO,IDEALPRO-1-825,EUR/USD.IDEALPRO-MovingAverageCrossover-MA_CROSS,IDEALPRO-001,IDEALPRO-1-318851,LIMIT,BUY,100000.00,GTC,True,False,100000.00,MAKER,1.13827,0.0,['2.28 USD'],NO_TRIGGER,FILLED,OUO,OL-20250605-145600-001-MA_CROSS-275,['O-20250605-145600-001-MA_CROSS-824'],O-20250605-145600-001-MA_CROSS-823,,,,['MA_CROSS_TP'],13e9cc73-b16e-4522-a68a-a9167ee91b7d,1749135360000000000,1749216120000000000,,,,,1.13827,True,
BACKTESTER-001,MovingAverageCrossover-MA_CROSS,EUR/USD.IDEALPRO,IDEALPRO-1-826,EUR/USD.IDEALPRO-MovingAverageCrossover-MA_CROSS,IDEALPRO-001,IDEALPRO-1-318965,MARKET,BUY,100000.00,GTC,False,False,100000.00,TAKER,1.140459999999,0.0,['2.28 USD'],NO_TRIGGER,FILLED,OTO,OL-20250606-141800-001-MA_CROSS-276,"['O-20250606-141800-001-MA_CROSS-827', 'O-20250606-141800-001-MA_CROSS-828']",,,,,['MA_CROSS'],44135eb9-fb2d-4265-8376-659efdbf2c60,1749219480000000000,1749219480000000000,,,,,,,
BACKTESTER-001,MovingAverageCrossover-MA_CROSS,EUR/USD.IDEALPRO,IDEALPRO-1-827,EUR/USD.IDEALPRO-MovingAverageCrossover-MA_CROSS,IDEALPRO-001,IDEALPRO-1-319029,STOP_MARKET,SELL,100000.00,GTC,True,False,100000.00,TAKER,1.1389400000010002,9.999998999754567e-06,['2.28 USD'],NO_TRIGGER,FILLED,OUO,OL-20250606-141800-001-MA_CROSS-276,['O-20250606-141800-001-MA_CROSS-828'],O-20250606-141800-001-MA_CROSS-826,,,,['MA_CROSS_SL'],693797f3-1f05-4d67-a3ed-284cb7bd362b,1749219480000000000,1749221340000000000,1.13895,DEFAULT,,,,,
BACKTESTER-001,MovingAverageCrossover-MA_CROSS,EUR/USD.IDEALPRO,IDEALPRO-1-828,EUR/USD.IDEALPRO-MovingAverageCrossover-MA_CROSS,IDEALPRO-001,,LIMIT,SELL,99999.99,GTC,True,False,0.00,NO_LIQUIDITY_SIDE,,,,NO_TRIGGER,CANCELED,OUO,OL-20250606-141800-001-MA_CROSS-276,['O-20250606-141800-001-MA_CROSS-827'],O-20250606-141800-001-MA_CROSS-826,,,,['MA_CROSS_TP'],9139f769-ce76-4318-9b66-8fcba0bf5567,1749219480000000000,1749221340000000000,,,,,1.14795,True,
BACKTESTER-001,MovingAverageCrossover-MA_CROSS,EUR/USD.IDEALPRO,IDEALPRO-1-829,EUR/USD.IDEALPRO-MovingAverageCrossover-MA_CROSS,IDEALPRO-001,IDEALPRO-1-319054,MARKET,SELL,100000.00,GTC,False,False,100000.00,TAKER,1.1389400000010002,0.0,['2.28 USD'],NO_TRIGGER,FILLED,OTO,OL-20250606-150000-001-MA_CROSS-277,"['O-20250606-150000-001-MA_CROSS-830', 'O-20250606-150000-001-MA_CROSS-831']",,,,,['MA_CROSS'],80bd8725-b09f-4e6f-ab4b-fcfce2ce9b33,1749222000000000000,1749222000000000000,,,,,,,
BACKTESTER-001,MovingAverageCrossover-MA_CROSS,EUR/USD.IDEALPRO,IDEALPRO-1-830,EUR/USD.IDEALPRO-MovingAverageCrossover-MA_CROSS,IDEALPRO-001,IDEALPRO-1-319889,STOP_MARKET,BUY,100000.00,GTC,True,False,100000.00,TAKER,1.140459999999,9.999998999976611e-06,['2.28 USD'],NO_TRIGGER,FILLED,OUO,OL-20250606-150000-001-MA_CROSS-277,['O-20250606-150000-001-MA_CROSS-831'],O-20250606-150000-001-MA_CROSS-829,,,,['MA_CROSS_SL'],0daa7fa0-8056-44d6-bb06-7dc0d651b5ad,1749222000000000000,1749420720000000000,1.14045,DEFAULT,,,,,
BACKTESTER-001,MovingAverageCrossover-MA_CROSS,EUR/USD.IDEALPRO,IDEALPRO-1-831,EUR/USD.IDEALPRO-MovingAverageCrossover-MA_CROSS,IDEALPRO-001,,LIMIT,BUY,99999.99,GTC,True,False,0.00,NO_LIQUIDITY_SIDE,,,,NO_TRIGGER,CANCELED,OUO,OL-20250606-150000-001-MA_CROSS-277,['O-20250606-150000-001-MA_CROSS-830'],O-20250606-150000-001-MA_CROSS-829,,,,['MA_CROSS_TP'],a55f1ccd-d823-46ab-b521-82cb5aef86a2,1749222000000000000,1749420720000000000,,,,,1.13145,True,
BACKTESTER-001,MovingAverageCrossover-MA_CROSS,EUR/USD.IDEALPRO,IDEALPRO-1-832,EUR/USD.IDEALPRO-MovingAverageCrossover-MA_CROSS,IDEALPRO-001,IDEALPRO-1-319989,MARKET,BUY,100000.00,GTC,False,False,100000.00,TAKER,1.1407899999989999,0.0,['2.28 USD'],NO_TRIGGER,FILLED,OTO,OL-20250608-230100-001-MA_CROSS-278,"['O-20250608-230100-001-MA_CROSS-833', 'O-20250608-230100-001-MA_CROSS-834']",,,,,['MA_CROSS'],06c30e49-d83c-4f7a-8c84-a125d2469e92,1749423660000000000,1749423660000000000,,,,,,,
BACKTESTER-001,MovingAverageCrossover-MA_CROSS,EUR/USD.IDEALPRO,IDEALPRO-1-833,EUR/USD.IDEALPRO-MovingAverageCrossover-MA_CROSS,IDEALPRO-001,IDEALPRO-1-321689,STOP_MARKET,SELL,100000.00,GTC,True,False,100000.00,TAKER,1.139270000001,9.999998999976611e-06,['2.28 USD'],NO_TRIGGER,FILLED,OUO,OL-20250608-230100-001-MA_CROSS-278,['O-20250608-230100-001-MA_CROSS-834'],O-20250608-230100-001-MA_CROSS-832,,,,['MA_CROSS_SL'],29826211-f57f-4604-9a81-07f022e54063,1749423660000000000,1749474600000000000,1.13928,DEFAULT,,,,,
BACKTESTER-001,MovingAverageCrossover-MA_CROSS,EUR/USD.IDEALPRO,IDEALPRO-1-834,EUR/USD.IDEALPRO-MovingAverageCrossover-MA_CROSS,IDEALPRO-001,,LIMIT,SELL,99999.99,GTC,True,False,0.00,NO_LIQUIDITY_SIDE,,,,NO_TRIGGER,CANCELED,OUO,OL-20250608-230100-001-MA_CROSS-278,['O-20250608-230100-001-MA_CROSS-833'],O-20250608-230100-001-MA_CROSS-832,,,,['MA_CROSS_TP'],f18826b9-9653-46e7-9bc0-ec776840e44f,1749423660000000000,1749474600000000000,,,,,1.14828,True,
BACKTESTER-001,MovingAverageCrossover-MA_CROSS,EUR/USD.IDEALPRO,IDEALPRO-1-835,EUR/USD.IDEALPRO-MovingAverageCrossover-MA_CROSS,IDEALPRO-001,IDEALPRO-1-321702,MARKET,SELL,100000.00,GTC,False,False,100000.00,TAKER,1.1395200000010002,0.0,['2.28 USD'],NO_TRIGGER,FILLED,OTO,OL-20250609-131500-001-MA_CROSS-279,"['O-20250609-131500-001-MA_CROSS-836', 'O-20250609-131500-001-MA_CROSS-837']",,,,,['MA_CROSS'],a9d71661-c67d-4e1e-94fa-e554c048e3b2,1749474900000000000,1749474900000000000,,,,,,,
BACKTESTER-001,MovingAverageCrossover-MA_CROSS,EUR/USD.IDEALPRO,IDEALPRO-1-836,EUR/USD.IDEALPRO-MovingAverageCrossover-MA_CROSS,IDEALPRO-001,IDEALPRO-1-321919,STOP_MARKET,BUY,100000.00,GTC,True,False,100000.00,TAKER,1.141039999999,9.999998999976611e-06,['2.28 USD'],NO_TRIGGER,FILLED,OUO,OL-20250609-131500-001-MA_CROSS-279,['O-20250609-131500-001-MA_CROSS-837'],O-20250609-131500-001-MA_CROSS-835,,,,['MA_CROSS_SL'],73663df6-5953-41a4-8194-839cbde5baf1,1749474900000000000,1749481380000000000,1.14103,DEFAULT,,,,,
BACKTESTER-001,MovingAverageCrossover-MA_CROSS,EUR/USD.IDEALPRO,IDEALPRO-1-837,EUR/USD.IDEALPRO-MovingAverageCrossover-MA_CROSS,IDEALPRO-001,,LIMIT,BUY,99999.99,GTC,True,False,0.00,NO_LIQUIDITY_SIDE,,,,NO_TRIGGER,CANCELED,OUO,OL-20250609-131500-001-MA_CROSS-279,['O-20250609-131500-001-MA_CROSS-836'],O-20250609-131500-001-MA_CROSS-835,,,,['MA_CROSS_TP'],b93dc5f7-2d80-4af2-af43-1fe9827bd431,1749474900000000000,1749481380000000000,,,,,1.13203,True,
BACKTESTER-001,MovingAverageCrossover-MA_CROSS,EUR/USD.IDEALPRO,IDEALPRO-1-838,EUR/USD.IDEALPRO-MovingAverageCrossover-MA_CROSS,IDEALPRO-001,IDEALPRO-1-322037,MARKET,BUY,100000.00,GTC,False,False,100000.00,TAKER,1.1423099999989998,0.0,['2.28 USD'],NO_TRIGGER,FILLED,OTO,OL-20250609-160100-001-MA_CROSS-280,"['O-20250609-160100-001-MA_CROSS-839', 'O-20250609-160100-001-MA_CROSS-840']",,,,,['MA_CROSS'],7527a00c-a9b2-4ecb-8d56-eaff097c2b43,1749484860000000000,1749484860000000000,,,,,,,
BACKTESTER-001,MovingAverageCrossover-MA_CROSS,EUR/USD.IDEALPRO,IDEALPRO-1-839,EUR/USD.IDEALPRO-MovingAverageCrossover-MA_CROSS,IDEALPRO-001,IDEALPRO-1-323163,STOP_MARKET,SELL,100000.00,GTC,True,False,100000.00,TAKER,1.140790000001,9.999998999976611e-06,['2.28 USD'],NO_TRIGGER,FILLED,OUO,OL-20250609-160100-001-MA_CROSS-280,['O-20250609-160100-001-MA_CROSS-840'],O-20250609-160100-001-MA_CROSS-838,,,,['MA_CROSS_SL'],a3e0c55d-ab2d-4a06-a47f-2a117528ad49,1749484860000000000,1749519480000000000,1.14080,DEFAULT,,,,,
BACKTESTER-001,MovingAverageCrossover-MA_CROSS,EUR/USD.IDEALPRO,IDEALPRO-1-840,EUR/USD.IDEALPRO-MovingAverageCrossover-MA_CROSS,IDEALPRO-001,,LIMIT,SELL,99999.99,GTC,True,False,0.00,NO_LIQUIDITY_SIDE,,,,NO_TRIGGER,CANCELED,OUO,OL-20250609-160100-001-MA_CROSS-280,['O-20250609-160100-001-MA_CROSS-839'],O-20250609-160100-001-MA_CROSS-838,,,,['MA_CROSS_TP'],e35f5fa1-eefe-4351-95b9-6e8a74129de2,1749484860000000000,1749519480000000000,,,,,1.14980,True,
BACKTESTER-001,MovingAverageCrossover-MA_CROSS,EUR/USD.IDEALPRO,IDEALPRO-1-841,EUR/USD.IDEALPRO-MovingAverageCrossover-MA_CROSS,IDEALPRO-001,IDEALPRO-1-323181,MARKET,SELL,100000.00,GTC,False,False,100000.00,TAKER,1.140940000001,0.0,['2.28 USD'],NO_TRIGGER,FILLED,OTO,OL-20250610-014600-001-MA_CROSS-281,"['O-20250610-014600-001-MA_CROSS-842', 'O-20250610-014600-001-MA_CROSS-843']",,,,,['MA_CROSS'],24a53954-7e6e-45b8-886f-a3b5c099d29a,1749519960000000000,1749519960000000000,,,,,,,
BACKTESTER-001,MovingAverageCrossover-MA_CROSS,EUR/USD.IDEALPRO,IDEALPRO-1-842,EUR/USD.IDEALPRO-MovingAverageCrossover-MA_CROSS,IDEALPRO-001,IDEALPRO-1-324259,STOP_MARKET,BUY,100000.00,GTC,True,False,100000.00,TAKER,1.1424599999990002,9.999999000198656e-06,['2.28 USD'],NO_TRIGGER,FILLED,OUO,OL-20250610-014600-001-MA_CROSS-281,['O-20250610-014600-001-MA_CROSS-843'],O-20250610-014600-001-MA_CROSS-841,,,,['MA_CROSS_SL'],446028a1-dbfc-48a5-b4c5-31073ce211eb,1749519960000000000,1749552240000000000,1.14245,DEFAULT,,,,,
BACKTESTER-001,MovingAverageCrossover-MA_CROSS,EUR/USD.IDEALPRO,IDEALPRO-1-843,EUR/USD.IDEALPRO-MovingAverageCrossover-MA_CROSS,IDEALPRO-001,,LIMIT,BUY,99999.99,GTC,True,False,0.00,NO_LIQUIDITY_SIDE,,,,NO_TRIGGER,CANCELED,OUO,OL-20250610-014600-001-MA_CROSS-281,['O-20250610-014600-001-MA_CROSS-842'],O-20250610-014600-001-MA_CROSS-841,,,,['MA_CROSS_TP'],86f8becc-d38a-449d-8227-ccd05ef906bf,1749519960000000000,1749552240000000000,,,,,1.13345,True,
BACKTESTER-001,MovingAverageCrossover-MA_CROSS,EUR/USD.IDEALPRO,IDEALPRO-1-844,EUR/USD.IDEALPRO-MovingAverageCrossover-MA_CROSS,IDEALPRO-001,IDEALPRO-1-324261,MARKET,BUY,100000.00,GTC,False,False,100000.00,TAKER,1.142489999999,0.0,['2.28 USD'],NO_TRIGGER,FILLED,OTO,OL-20250610-104400-001-MA_CROSS-282,"['O-20250610-104400-001-MA_CROSS-845', 'O-20250610-104400-001-MA_CROSS-846']",,,,,['MA_CROSS'],77b15449-411b-453e-9a4c-2cf230efbba8,1749552240000000000,1749552240000000000,,,,,,,
BACKTESTER-001,MovingAverageCrossover-MA_CROSS,EUR/USD.IDEALPRO,IDEALPRO-1-845,EUR/USD.IDEALPRO-MovingAverageCrossover-MA_CROSS,IDEALPRO-001,IDEALPRO-1-326059,STOP_MARKET,SELL,100000.00,GTC,True,False,100000.00,TAKER,1.140970000001,9.999999000198656e-06,['2.28 USD'],NO_TRIGGER,FILLED,OUO,OL-20250610-104400-001-MA_CROSS-282,['O-20250610-104400-001-MA_CROSS-846'],O-20250610-104400-001-MA_CROSS-844,,,,['MA_CROSS_SL'],eee65dc5-2205-45e3-ac6b-a3d9231a7740,1749552240000000000,1749607020000000000,1.14098,DEFAULT,,,,,
BACKTESTER-001,MovingAverageCrossover-MA_CROSS,EUR/USD.IDEALPRO,IDEALPRO-1-846,EUR/USD.IDEALPRO-MovingAverageCrossover-MA_CROSS,IDEALPRO-001,,LIMIT,SELL,99999.99,GTC,True,False,0.00,NO_LIQUIDITY_SIDE,,,,NO_TRIGGER,CANCELED,OUO,OL-20250610-104400-001-MA_CROSS-282,['O-20250610-104400-001-MA_CROSS-845'],O-20250610-104400-001-MA_CROSS-844,,,,['MA_CROSS_TP'],8c713916-cd20-4fb3-9570-81e88ae66f45,1749552240000000000,1749607020000000000,,,,,1.14998,True,
BACKTESTER-001,MovingAverageCrossover-MA_CROSS,EUR/USD.IDEALPRO,IDEALPRO-1-847,EUR/USD.IDEALPRO-MovingAverageCrossover-MA_CROSS,IDEALPRO-001,IDEALPRO-1-326061,MARKET,SELL,100000.00,GTC,False,False,100000.00,TAKER,1.140760000001,0.0,['2.28 USD'],NO_TRIGGER,FILLED,OTO,OL-20250611-015700-001-MA_CROSS-283,"['O-20250611-015700-001-MA_CROSS-848', 'O-20250611-015700-001-MA_CROSS-849']",,,,,['MA_CROSS'],b2ee390d-6d4f-400b-b963-ad4544a94d77,1749607020000000000,1749607020000000000,,,,,,,
BACKTESTER-001,MovingAverageCrossover-MA_CROSS,EUR/USD.IDEALPRO,IDEALPRO-1-848,EUR/USD.IDEALPRO-MovingAverageCrossover-MA_CROSS,IDEALPRO-001,IDEALPRO-1-326545,STOP_MARKET,BUY,100000.00,GTC,True,False,100000.00,TAKER,1.142279999999,9.999999000198656e-06,['2.28 USD'],NO_TRIGGER,FILLED,OUO,OL-20250611-015700-001-MA_CROSS-283,['O-20250611-015700-001-MA_CROSS-849'],O-20250611-015700-001-MA_CROSS-847,,,,['MA_CROSS_SL'],e3618031-252c-4903-afca-9e05ae2ff014,1749607020000000000,1749621480000000000,1.14227,DEFAULT,,,,,
BACKTESTER-001,MovingAverageCrossover-MA_CROSS,EUR/USD.IDEALPRO,IDEALPRO-1-849,EUR/USD.IDEALPRO-MovingAverageCrossover-MA_CROSS,IDEALPRO-001,,LIMIT,BUY,99999.99,GTC,True,False,0.00,NO_LIQUIDITY_SIDE,,,,NO_TRIGGER,CANCELED,OUO,OL-20250611-015700-001-MA_CROSS-283,['O-20250611-015700-001-MA_CROSS-848'],O-20250611-015700-001-MA_CROSS-847,,,,['MA_CROSS_TP'],5bcb4308-4936-44d5-96c6-204d632f08fa,1749607020000000000,1749621480000000000,,,,,1.13327,True,
BACKTESTER-001,MovingAverageCrossover-MA_CROSS,EUR/USD.IDEALPRO,IDEALPRO-1-850,EUR/USD.IDEALPRO-MovingAverageCrossover-MA_CROSS,IDEALPRO-001,IDEALPRO-1-326779,MARKET,BUY,100000.00,GTC,False,False,100000.00,TAKER,1.1420999999989998,0.0,['2.28 USD'],NO_TRIGGER,FILLED,OTO,OL-20250611-075400-001-MA_CROSS-284,"['O-20250611-075400-001-MA_CROSS-851', 'O-20250611-075400-001-MA_CROSS-852']",,,,,['MA_CROSS'],767f2e53-ffe1-44e7-8023-bee616b08045,1749628440000000000,1749628440000000000,,,,,,,
BACKTESTER-001,MovingAverageCrossover-MA_CROSS,EUR/USD.IDEALPRO,IDEALPRO-1-851,EUR/USD.IDEALPRO-MovingAverageCrossover-MA_CROSS,IDEALPRO-001,,STOP_MARKET,SELL,99999.99,GTC,True,False,0.00,NO_LIQUIDITY_SIDE,,,,NO_TRIGGER,CANCELED,OUO,OL-20250611-075400-001-MA_CROSS-284,['O-20250611-075400-001-MA_CROSS-852'],O-20250611-075400-001-MA_CROSS-850,,,,['MA_CROSS_SL'],112d23ed-702b-4e7f-b31a-bb4533f60f54,1749628440000000000,1749660000000000000,1.14059,DEFAULT,,,,,
BACKTESTER-001,MovingAverageCrossover-MA_CROSS,EUR/USD.IDEALPRO,IDEALPRO-1-852,EUR/USD.IDEALPRO-MovingAverageCrossover-MA_CROSS,IDEALPRO-001,IDEALPRO-1-327833,LIMIT,SELL,100000.00,GTC,True,False,100000.00,MAKER,1.14959,0.0,['2.30 USD'],NO_TRIGGER,FILLED,OUO,OL-20250611-075400-001-MA_CROSS-284,['O-20250611-075400-001-MA_CROSS-851'],O-20250611-075400-001-MA_CROSS-850,,,,['MA_CROSS_TP'],833c72d4-1d19-457e-8569-e3026cd2b355,1749628440000000000,1749660000000000000,,,,,1.14959,True,
BACKTESTER-001,MovingAverageCrossover-MA_CROSS,EUR/USD.IDEALPRO,IDEALPRO-1-853,EUR/USD.IDEALPRO-MovingAverageCrossover-MA_CROSS,IDEALPRO-001,IDEALPRO-1-328949,MARKET,SELL,100000.00,GTC,False,False,100000.00,TAKER,1.150940000001,0.0,['2.30 USD'],NO_TRIGGER,FILLED,OTO,OL-20250612-021200-001-MA_CROSS-285,"['O-20250612-021200-001-MA_CROSS-854', 'O-20250612-021200-001-MA_CROSS-855']",,,,,['MA_CROSS'],36ebbf09-5a05-4de8-ad59-543af507f122,1749694320000000000,1749694320000000000,,,,,,,
BACKTESTER-001,MovingAverageCrossover-MA_CROSS,EUR/USD.IDEALPRO,IDEALPRO-1-854,EUR/USD.IDEALPRO-MovingAverageCrossover-MA_CROSS,IDEALPRO-001,IDEALPRO-1-329345,STOP_MARKET,BUY,100000.00,GTC,True,False,100000.00,TAKER,1.152459999999,9.999998999976611e-06,['2.30 USD'],NO_TRIGGER,FILLED,OUO,OL-20250612-021200-001-MA_CROSS-285,['O-20250612-021200-001-MA_CROSS-855'],O-20250612-021200-001-MA_CROSS-853,,,,['MA_CROSS_SL'],2ad7e277-1e99-4909-b54e-a5ee3db2395a,1749694320000000000,1749706140000000000,1.15245,DEFAULT,,,,,
BACKTESTER-001,MovingAverageCrossover-MA_CROSS,EUR/USD.IDEALPRO,IDEALPRO-1-855,EUR/USD.IDEALPRO-MovingAverageCrossover-MA_CROSS,IDEALPRO-001,,LIMIT,BUY,99999.99,GTC,True,False,0.00,NO_LIQUIDITY_SIDE,,,,NO_TRIGGER,CANCELED,OUO,OL-20250612-021200-001-MA_CROSS-285,['O-20250612-021200-001-MA_CROSS-854'],O-20250612-021200-001-MA_CROSS-853,,,,['MA_CROSS_TP'],9126a641-c2a1-4bf9-bb88-43a8f58af1eb,1749694320000000000,1749706140000000000,,,,,1.14345,True,
BACKTESTER-001,MovingAverageCrossover-MA_CROSS,EUR/USD.IDEALPRO,IDEALPRO-1-856,EUR/USD.IDEALPRO-MovingAverageCrossover-MA_CROSS,IDEALPRO-001,IDEALPRO-1-329771,MARKET,BUY,100000.00,GTC,False,False,100000.00,TAKER,1.1543699999989998,0.0,['2.31 USD'],NO_TRIGGER,FILLED,OTO,OL-20250612-090100-001-MA_CROSS-286,"['O-20250612-090100-001-MA_CROSS-857', 'O-20250612-090100-001-MA_CROSS-858']",,,,,['MA_CROSS'],fc739549-875d-4a61-a408-36cf0b9f8954,1749718860000000000,1749718860000000000,,,,,,,
BACKTESTER-001,MovingAverageCrossover-MA_CROSS,EUR/USD.IDEALPRO,IDEALPRO-1-857,EUR/USD.IDEALPRO-MovingAverageCrossover-MA_CROSS,IDEALPRO-001,,STOP_MARKET,SELL,99999.99,GTC,True,False,0.00,NO_LIQUIDITY_SIDE,,,,NO_TRIGGER,CANCELED,OUO,OL-20250612-090100-001-MA_CROSS-286,['O-20250612-090100-001-MA_CROSS-858'],O-20250612-090100-001-MA_CROSS-856,,,,['MA_CROSS_SL'],60ff04c9-7652-4bd9-96eb-34e6daf3ad22,1749718860000000000,1749731460000000000,1.15286,DEFAULT,,,,,
BACKTESTER-001,MovingAverageCrossover-MA_CROSS,EUR/USD.IDEALPRO,IDEALPRO-1-858,EUR/USD.IDEALPRO-MovingAverageCrossover-MA_CROSS,IDEALPRO-001,IDEALPRO-1-330193,LIMIT,SELL,100000.00,GTC,True,False,100000.00,MAKER,1.16186,0.0,['2.32 USD'],NO_TRIGGER,FILLED,OUO,OL-20250612-090100-001-MA_CROSS-286,['O-20250612-090100-001-MA_CROSS-857'],O-20250612-090100-001-MA_CROSS-856,,,,['MA_CROSS_TP'],7efcd3ce-57e9-4d29-9c01-e71ef0305bc9,1749718860000000000,1749731460000000000,,,,,1.16186,True,
BACKTESTER-001,MovingAverageCrossover-MA_CROSS,EUR/USD.IDEALPRO,IDEALPRO-1-859,EUR/USD.IDEALPRO-MovingAverageCrossover-MA_CROSS,IDEALPRO-001,IDEALPRO-1-330306,MARKET,SELL,100000.00,GTC,False,False,100000.00,TAKER,1.158860000001,0.0,['2.32 USD'],NO_TRIGGER,FILLED,OTO,OL-20250612-132600-001-MA_CROSS-287,"['O-20250612-132600-001-MA_CROSS-860', 'O-20250612-132600-001-MA_CROSS-861']",,,,,['MA_CROSS'],c57e7cb5-9289-4655-b3b0-1a061c4af6f6,1749734760000000000,1749734760000000000,,,,,,,
BACKTESTER-001,MovingAverageCrossover-MA_CROSS,EUR/USD.IDEALPRO,IDEALPRO-1-860,EUR/USD.IDEALPRO-MovingAverageCrossover-MA_CROSS,IDEALPRO-001,IDEALPRO-1-330343,STOP_MARKET,BUY,100000.00,GTC,True,False,100000.00,TAKER,1.160379999999,9.999999000198656e-06,['2.32 USD'],NO_TRIGGER,FILLED,OUO,OL-20250612-132600-001-MA_CROSS-287,['O-20250612-132600-001-MA_CROSS-861'],O-20250612-132600-001-MA_CROSS-859,,,,['MA_CROSS_SL'],9c2bd432-3066-42f5-9f51-167129e80593,1749734760000000000,1749735840000000000,1.16037,DEFAULT,,,,,
BACKTESTER-001,MovingAverageCrossover-MA_CROSS,EUR/USD.IDEALPRO,IDEALPRO-1-861,EUR/USD.IDEALPRO-MovingAverageCrossover-MA_CROSS,IDEALPRO-001,,LIMIT,BUY,99999.99,GTC,True,False,0.00,NO_LIQUIDITY_SIDE,,,,NO_TRIGGER,CANCELED,OUO,OL-20250612-132600-001-MA_CROSS-287,['O-20250612-132600-001-MA_CROSS-860'],O-20250612-132600-001-MA_CROSS-859,,,,['MA_CROSS_TP'],0fd8ce2d-e225-4045-b727-41d2581f5239,1749734760000000000,1749735840000000000,,,,,1.15137,True,
BACKTESTER-001,MovingAverageCrossover-MA_CROSS,EUR/USD.IDEALPRO,IDEALPRO-1-862,EUR/USD.IDEALPRO-MovingAverageCrossover-MA_CROSS,IDEALPRO-001,IDEALPRO-1-330844,MARKET,BUY,100000.00,GTC,False,False,100000.00,TAKER,1.157729999999,0.0,['2.32 USD'],NO_TRIGGER,FILLED,OTO,OL-20250612-175300-001-MA_CROSS-288,"['O-20250612-175300-001-MA_CROSS-863', 'O-20250612-175300-001-MA_CROSS-864']",,,,,['MA_CROSS'],f889571b-8e95-47bc-8a57-d4cd0fee48a3,1749750780000000000,1749750780000000000,,,,,,,
BACKTESTER-001,MovingAverageCrossover-MA_CROSS,EUR/USD.IDEALPRO,IDEALPRO-1-863,EUR/USD.IDEALPRO-MovingAverageCrossover-MA_CROSS,IDEALPRO-001,IDEALPRO-1-331581,STOP_MARKET,SELL,100000.00,GTC,True,False,100000.00,TAKER,1.156210000001,9.999998999976611e-06,['2.31 USD'],NO_TRIGGER,FILLED,OUO,OL-20250612-175300-001-MA_CROSS-288,['O-20250612-175300-001-MA_CROSS-864'],O-20250612-175300-001-MA_CROSS-862,,,,['MA_CROSS_SL'],87836164-2a4d-436a-aa45-14ee49e6732f,1749750780000000000,1749773760000000000,1.15622,DEFAULT,,,,,
BACKTESTER-001,MovingAverageCrossover-MA_CROSS,EUR/USD.IDEALPRO,IDEALPRO-1-864,EUR/USD.IDEALPRO-MovingAverageCrossover-MA_CROSS,IDEALPRO-001,,LIMIT,SELL,99999.99,GTC,True,False,0.00,NO_LIQUIDITY_SIDE,,,,NO_TRIGGER,CANCELED,OUO,OL-20250612-175300-001-MA_CROSS-288,['O-20250612-175300-001-MA_CROSS-863'],O-20250612-175300-001-MA_CROSS-862,,,,['MA_CROSS_TP'],416be2a3-8bdf-4cfb-b642-823a80821d76,1749750780000000000,1749773760000000000,,,,,1.16522,True,
BACKTESTER-001,MovingAverageCrossover-MA_CROSS,EUR/USD.IDEALPRO,IDEALPRO-1-865,EUR/USD.IDEALPRO-MovingAverageCrossover-MA_CROSS,IDEALPRO-001,IDEALPRO-1-331703,MARKET,SELL,100000.00,GTC,False,False,100000.00,TAKER,1.1544700000010002,0.0,['2.31 USD'],NO_TRIGGER,FILLED,OTO,OL-20250613-011600-001-MA_CROSS-289,"['O-20250613-011600-001-MA_CROSS-866', 'O-20250613-011600-001-MA_CROSS-867']",,,,,['MA_CROSS'],0e5449e3-dba3-4e00-8821-6e9faf862fe2,1749777360000000000,1749777360000000000,,,,,,,
BACKTESTER-001,MovingAverageCrossover-MA_CROSS,EUR/USD.IDEALPRO,IDEALPRO-1-866,EUR/USD.IDEALPRO-MovingAverageCrossover-MA_CROSS,IDEALPRO-001,IDEALPRO-1-332419,STOP_MARKET,BUY,100000.00,GTC,True,False,100000.00,TAKER,1.1559899999990002,9.999999000198656e-06,['2.31 USD'],NO_TRIGGER,FILLED,OUO,OL-20250613-011600-001-MA_CROSS-289,['O-20250613-011600-001-MA_CROSS-867'],O-20250613-011600-001-MA_CROSS-865,,,,['MA_CROSS_SL'],d6985bae-5f0b-4ec9-a34a-420b337e41e9,1749777360000000000,1749798780000000000,1.15598,DEFAULT,,,,,
BACKTESTER-001,MovingAverageCrossover-MA_CROSS,EUR/USD.IDEALPRO,IDEALPRO-1-867,EUR/USD.IDEALPRO-MovingAverageCrossover-MA_CROSS,IDEALPRO-001,,LIMIT,BUY,99999.99,GTC,True,False,0.00,NO_LIQUIDITY_SIDE,,,,NO_TRIGGER,CANCELED,OUO,OL-20250613-011600-001-MA_CROSS-289,['O-20250613-011600-001-MA_CROSS-866'],O-20250613-011600-001-MA_CROSS-865,,,,['MA_CROSS_TP'],4ffec8fd-fbda-4136-ba39-f077d11e0f6d,1749777360000000000,1749798780000000000,,,,,1.14698,True,
BACKTESTER-001,MovingAverageCrossover-MA_CROSS,EUR/USD.IDEALPRO,IDEALPRO-1-868,EUR/USD.IDEALPRO-MovingAverageCrossover-MA_CROSS,IDEALPRO-001,IDEALPRO-1-332421,MARKET,BUY,100000.00,GTC,False,False,100000.00,TAKER,1.1560399999989999,0.0,['2.31 USD'],NO_TRIGGER,FILLED,OTO,OL-20250613-071300-001-MA_CROSS-290,"['O-20250613-071300-001-MA_CROSS-869', 'O-20250613-071300-001-MA_CROSS-870']",,,,,['MA_CROSS'],85e341a4-b0d4-422d-8f09-9181ce4475f9,1749798780000000000,1749798780000000000,,,,,,,
BACKTESTER-001,MovingAverageCrossover-MA_CROSS,EUR/USD.IDEALPRO,IDEALPRO-1-869,EUR/USD.IDEALPRO-MovingAverageCrossover-MA_CROSS,IDEALPRO-001,IDEALPRO-1-332443,STOP_MARKET,SELL,100000.00,GTC,True,False,100000.00,TAKER,1.154520000001,9.999998999976611e-06,['2.31 USD'],NO_TRIGGER,FILLED,OUO,OL-20250613-071300-001-MA_CROSS-290,['O-20250613-071300-001-MA_CROSS-870'],O-20250613-071300-001-MA_CROSS-868,,,,['MA_CROSS_SL'],457a393b-cf79-473f-b05b-a05e33176daf,1749798780000000000,1749799380000000000,1.15453,DEFAULT,,,,,
BACKTESTER-001,MovingAverageCrossover-MA_CROSS,EUR/USD.IDEALPRO,IDEALPRO-1-870,EUR/USD.IDEALPRO-MovingAverageCrossover-MA_CROSS,IDEALPRO-001,,LIMIT,SELL,99999.99,GTC,True,False,0.00,NO_LIQUIDITY_SIDE,,,,NO_TRIGGER,CANCELED,OUO,OL-20250613-071300-001-MA_CROSS-290,['O-20250613-071300-001-MA_CROSS-869'],O-20250613-071300-001-MA_CROSS-868,,,,['MA_CROSS_TP'],6f297863-bb8d-4280-8882-294a913155cc,1749798780000000000,1749799380000000000,,,,,1.16353,True,
BACKTESTER-001,MovingAverageCrossover-MA_CROSS,EUR/USD.IDEALPRO,IDEALPRO-1-871,EUR/USD.IDEALPRO-MovingAverageCrossover-MA_CROSS,IDEALPRO-001,IDEALPRO-1-332730,MARKET,SELL,100000.00,GTC,False,False,100000.00,TAKER,1.152080000001,0.0,['2.30 USD'],NO_TRIGGER,FILLED,OTO,OL-20250613-094500-001-MA_CROSS-291,"['O-20250613-094500-001-MA_CROSS-872', 'O-20250613-094500-001-MA_CROSS-873']",,,,,['MA_CROSS'],e91509d8-7170-4b58-98cc-8a6c9dceba15,1749807900000000000,1749807900000000000,,,,,,,
BACKTESTER-001,MovingAverageCrossover-MA_CROSS,EUR/USD.IDEALPRO,IDEALPRO-1-872,EUR/USD.IDEALPRO-MovingAverageCrossover-MA_CROSS,IDEALPRO-001,IDEALPRO-1-333267,STOP_MARKET,BUY,100000.00,GTC,True,False,100000.00,TAKER,1.153599999999,9.999999000198656e-06,['2.31 USD'],NO_TRIGGER,FILLED,OUO,OL-20250613-094500-001-MA_CROSS-291,['O-20250613-094500-001-MA_CROSS-873'],O-20250613-094500-001-MA_CROSS-871,,,,['MA_CROSS_SL'],3af48535-5eb1-4645-9dd7-04152d02b6bf,1749807900000000000,1749823980000000000,1.15359,DEFAULT,,,,,
BACKTESTER-001,MovingAverageCrossover-MA_CROSS,EUR/USD.IDEALPRO,IDEALPRO-1-873,EUR/USD.IDEALPRO-MovingAverageCrossover-MA_CROSS,IDEALPRO-001,,LIMIT,BUY,99999.99,GTC,True,False,0.00,NO_LIQUIDITY_SIDE,,,,NO_TRIGGER,CANCELED,OUO,OL-20250613-094500-001-MA_CROSS-291,['O-20250613-094500-001-MA_CROSS-872'],O-20250613-094500-001-MA_CROSS-871,,,,['MA_CROSS_TP'],217d5276-06e3-4c0e-bb90-9febde3b9680,1749807900000000000,1749823980000000000,,,,,1.14459,True,
BACKTESTER-001,MovingAverageCrossover-MA_CROSS,EUR/USD.IDEALPRO,IDEALPRO-1-874,EUR/USD.IDEALPRO-MovingAverageCrossover-MA_CROSS,IDEALPRO-001,IDEALPRO-1-333269,MARKET,BUY,100000.00,GTC,False,False,100000.00,TAKER,1.153779999999,0.0,['2.31 USD'],NO_TRIGGER,FILLED,OTO,OL-20250613-141300-001-MA_CROSS-292,"['O-20250613-141300-001-MA_CROSS-875', 'O-20250613-141300-001-MA_CROSS-876']",,,,,['MA_CROSS'],90048da9-008d-4ca6-a8a7-ea79696a4862,1749823980000000000,1749823980000000000,,,,,,,
BACKTESTER-001,MovingAverageCrossover-MA_CROSS,EUR/USD.IDEALPRO,IDEALPRO-1-875,EUR/USD.IDEALPRO-MovingAverageCrossover-MA_CROSS,IDEALPRO-001,,STOP_MARKET,SELL,99999.99,GTC,True,False,0.00,NO_LIQUIDITY_SIDE,,,,NO_TRIGGER,CANCELED,OUO,OL-20250613-141300-001-MA_CROSS-292,['O-20250613-141300-001-MA_CROSS-876'],O-20250613-141300-001-MA_CROSS-874,,,,['MA_CROSS_SL'],eab74ffb-3c6f-49c0-bd17-688fd4aa4cef,1749823980000000000,1750082880000000000,1.15227,DEFAULT,,,,,
BACKTESTER-001,MovingAverageCrossover-MA_CROSS,EUR/USD.IDEALPRO,IDEALPRO-1-876,EUR/USD.IDEALPRO-MovingAverageCrossover-MA_CROSS,IDEALPRO-001,IDEALPRO-1-336111,LIMIT,SELL,100000.00,GTC,True,False,100000.00,MAKER,1.16127,0.0,['2.32 USD'],NO_TRIGGER,FILLED,OUO,OL-20250613-141300-001-MA_CROSS-292,['O-20250613-141300-001-MA_CROSS-875'],O-20250613-141300-001-MA_CROSS-874,,,,['MA_CROSS_TP'],a9b04c56-6e9b-4bf5-95c7-dbdfa786b9e3,1749823980000000000,1750082880000000000,,,,,1.16127,True,
BACKTESTER-001,MovingAverageCrossover-MA_CROSS,EUR/USD.IDEALPRO,IDEALPRO-1-877,EUR/USD.IDEALPRO-MovingAverageCrossover-MA_CROSS,IDEALPRO-001,IDEALPRO-1-336215,MARKET,SELL,100000.00,GTC,False,False,100000.00,TAKER,1.159310000001,0.0,['2.32 USD'],NO_TRIGGER,FILLED,OTO,OL-20250616-145900-001-MA_CROSS-293,"['O-20250616-145900-001-MA_CROSS-878', 'O-20250616-145900-001-MA_CROSS-879']",,,,,['MA_CROSS'],38e6863b-4d6d-4193-a3a2-a9f5e7ba938f,1750085940000000000,1750085940000000000,,,,,,,
BACKTESTER-001,MovingAverageCrossover-MA_CROSS,EUR/USD.IDEALPRO,IDEALPRO-1-878,EUR/USD.IDEALPRO-MovingAverageCrossover-MA_CROSS,IDEALPRO-001,,STOP_MARKET,BUY,99999.99,GTC,True,False,0.00,NO_LIQUIDITY_SIDE,,,,NO_TRIGGER,CANCELED,OUO,OL-20250616-145900-001-MA_CROSS-293,['O-20250616-145900-001-MA_CROSS-879'],O-20250616-145900-001-MA_CROSS-877,,,,['MA_CROSS_SL'],d21ac78c-694a-4e2c-982e-2f770bc7b60d,1750085940000000000,1750171020000000000,1.16082,DEFAULT,,,,,
BACKTESTER-001,MovingAverageCrossover-MA_CROSS,EUR/USD.IDEALPRO,IDEALPRO-1-879,EUR/USD.IDEALPRO-MovingAverageCrossover-MA_CROSS,IDEALPRO-001,IDEALPRO-1-339023,LIMIT,BUY,100000.00,GTC,True,False,100000.00,MAKER,1.15182,0.0,['2.30 USD'],NO_TRIGGER,FILLED,OUO,OL-20250616-145900-001-MA_CROSS-293,['O-20250616-145900-001-MA_CROSS-878'],O-20250616-145900-001-MA_CROSS-877,,,,['MA_CROSS_TP'],02df9e8a-3ecf-44a4-bdde-7dcd75428a92,1750085940000000000,1750171020000000000,,,,,1.15182,True,
BACKTESTER-001,MovingAverageCrossover-MA_CROSS,EUR/USD.IDEALPRO,IDEALPRO-1-880,EUR/USD.IDEALPRO-MovingAverageCrossover-MA_CROSS,IDEALPRO-001,IDEALPRO-1-339216,MARKET,BUY,100000.00,GTC,False,False,100000.00,TAKER,1.153739999999,0.0,['2.31 USD'],NO_TRIGGER,FILLED,OTO,OL-20250617-161200-001-MA_CROSS-294,"['O-20250617-161200-001-MA_CROSS-881', 'O-20250617-161200-001-MA_CROSS-882']",,,,,['MA_CROSS'],0ba6de7c-2f2c-46ca-af14-fbc4a7a4f2a3,1750176720000000000,1750176720000000000,,,,,,,
BACKTESTER-001,MovingAverageCrossover-MA_CROSS,EUR/USD.IDEALPRO,IDEALPRO-1-881,EUR/USD.IDEALPRO-MovingAverageCrossover-MA_CROSS,IDEALPRO-001,IDEALPRO-1-339255,STOP_MARKET,SELL,100000.00,GTC,True,False,100000.00,TAKER,1.152220000001,9.999998999976611e-06,['2.30 USD'],NO_TRIGGER,FILLED,OUO,OL-20250617-161200-001-MA_CROSS-294,['O-20250617-161200-001-MA_CROSS-882'],O-20250617-161200-001-MA_CROSS-880,,,,['MA_CROSS_SL'],f47905a3-14ea-496f-9904-1b0dba46f1a3,1750176720000000000,1750177860000000000,1.15223,DEFAULT,,,,,
BACKTESTER-001,MovingAverageCrossover-MA_CROSS,EUR/USD.IDEALPRO,IDEALPRO-1-882,EUR/USD.IDEALPRO-MovingAverageCrossover-MA_CROSS,IDEALPRO-001,,LIMIT,SELL,99999.99,GTC,True,False,0.00,NO_LIQUIDITY_SIDE,,,,NO_TRIGGER,CANCELED,OUO,OL-20250617-161200-001-MA_CROSS-294,['O-20250617-161200-001-MA_CROSS-881'],O-20250617-161200-001-MA_CROSS-880,,,,['MA_CROSS_TP'],b8821399-83be-4fde-8abc-4cdd19b5e3e0,1750176720000000000,1750177860000000000,,,,,1.16123,True,
BACKTESTER-001,MovingAverageCrossover-MA_CROSS,EUR/USD.IDEALPRO,IDEALPRO-1-883,EUR/USD.IDEALPRO-MovingAverageCrossover-MA_CROSS,IDEALPRO-001,IDEALPRO-1-339274,MARKET,SELL,100000.00,GTC,False,False,100000.00,TAKER,1.152490000001,0.0,['2.30 USD'],NO_TRIGGER,FILLED,OTO,OL-20250617-163900-001-MA_CROSS-295,"['O-20250617-163900-001-MA_CROSS-884', 'O-20250617-163900-001-MA_CROSS-885']",,,,,['MA_CROSS'],086a6b19-bed9-4c00-8492-4cfc7f732fb5,1750178340000000000,1750178340000000000,,,,,,,
BACKTESTER-001,MovingAverageCrossover-MA_CROSS,EUR/USD.IDEALPRO,IDEALPRO-1-884,EUR/USD.IDEALPRO-MovingAverageCrossover-MA_CROSS,IDEALPRO-001,,STOP_MARKET,BUY,99999.99,GTC,True,False,0.00,NO_LIQUIDITY_SIDE,,,,NO_TRIGGER,CANCELED,OUO,OL-20250617-163900-001-MA_CROSS-295,['O-20250617-163900-001-MA_CROSS-885'],O-20250617-163900-001-MA_CROSS-883,,,,['MA_CROSS_SL'],f709a6ac-e88d-4c00-abdb-249229d21cb3,1750178340000000000,1750314780000000000,1.15400,DEFAULT,,,,,
BACKTESTER-001,MovingAverageCrossover-MA_CROSS,EUR/USD.IDEALPRO,IDEALPRO-1-885,EUR/USD.IDEALPRO-MovingAverageCrossover-MA_CROSS,IDEALPRO-001,IDEALPRO-1-343763,LIMIT,BUY,100000.00,GTC,True,False,100000.00,MAKER,1.145,0.0,['2.29 USD'],NO_TRIGGER,FILLED,OUO,OL-20250617-163900-001-MA_CROSS-295,['O-20250617-163900-001-MA_CROSS-884'],O-20250617-163900-001-MA_CROSS-883,,,,['MA_CROSS_TP'],ae8ae279-0dd9-455e-a90e-8f2fed54b59a,1750178340000000000,1750314780000000000,,,,,1.14500,True,
BACKTESTER-001,MovingAverageCrossover-MA_CROSS,EUR/USD.IDEALPRO,IDEALPRO-1-886,EUR/USD.IDEALPRO-MovingAverageCrossover-MA_CROSS,IDEALPRO-001,IDEALPRO-1-343821,MARKET,BUY,100000.00,GTC,False,False,100000.00,TAKER,1.146649999999,0.0,['2.29 USD'],NO_TRIGGER,FILLED,OTO,OL-20250619-070100-001-MA_CROSS-296,"['O-20250619-070100-001-MA_CROSS-887', 'O-20250619-070100-001-MA_CROSS-888']",,,,,['MA_CROSS'],f11f666f-02f8-4037-97d2-d998600fa852,1750316460000000000,1750316460000000000,,,,,,,
BACKTESTER-001,MovingAverageCrossover-MA_CROSS,EUR/USD.IDEALPRO,IDEALPRO-1-887,EUR/USD.IDEALPRO-MovingAverageCrossover-MA_CROSS,IDEALPRO-001,,STOP_MARKET,SELL,99999.99,GTC,True,False,0.00,NO_LIQUIDITY_SIDE,,,,NO_TRIGGER,CANCELED,OUO,OL-20250619-070100-001-MA_CROSS-296,['O-20250619-070100-001-MA_CROSS-888'],O-20250619-070100-001-MA_CROSS-886,,,,['MA_CROSS_SL'],fd5d1752-c20d-48e1-97c7-f7f969040a99,1750316460000000000,1750439940000000000,1.14514,DEFAULT,,,,,
BACKTESTER-001,MovingAverageCrossover-MA_CROSS,EUR/USD.IDEALPRO,IDEALPRO-1-888,EUR/USD.IDEALPRO-MovingAverageCrossover-MA_CROSS,IDEALPRO-001,IDEALPRO-1-347909,LIMIT,SELL,100000.00,GTC,True,False,100000.00,MAKER,1.15414,0.0,['2.31 USD'],NO_TRIGGER,FILLED,OUO,OL-20250619-070100-001-MA_CROSS-296,['O-20250619-070100-001-MA_CROSS-887'],O-20250619-070100-001-MA_CROSS-886,,,,['MA_CROSS_TP'],d175e76f-708f-4293-b44e-8b8cf6baaf35,1750316460000000000,1750439940000000000,,,,,1.15414,True,
BACKTESTER-001,MovingAverageCrossover-MA_CROSS,EUR/USD.IDEALPRO,IDEALPRO-1-889,EUR/USD.IDEALPRO-MovingAverageCrossover-MA_CROSS,IDEALPRO-001,IDEALPRO-1-348384,MARKET,SELL,100000.00,GTC,False,False,100000.00,TAKER,1.147190000001,0.0,['2.29 USD'],NO_TRIGGER,FILLED,OTO,OL-20250622-213000-001-MA_CROSS-297,"['O-20250622-213000-001-MA_CROSS-890', 'O-20250622-213000-001-MA_CROSS-891']",,,,,['MA_CROSS'],068e8a7a-1d08-4277-b465-bee16e7ef2d3,1750627800000000000,1750627800000000000,,,,,,,
BACKTESTER-001,MovingAverageCrossover-MA_CROSS,EUR/USD.IDEALPRO,IDEALPRO-1-890,EUR/USD.IDEALPRO-MovingAverageCrossover-MA_CROSS,IDEALPRO-001,IDEALPRO-1-348449,STOP_MARKET,BUY,100000.00,GTC,True,False,100000.00,TAKER,1.1487099999989998,9.999998999754567e-06,['2.30 USD'],NO_TRIGGER,FILLED,OUO,OL-20250622-213000-001-MA_CROSS-297,['O-20250622-213000-001-MA_CROSS-891'],O-20250622-213000-001-MA_CROSS-889,,,,['MA_CROSS_SL'],1480f3ff-e9cf-4522-b59b-07f7eb8fcb44,1750627800000000000,1750629720000000000,1.14870,DEFAULT,,,,,
BACKTESTER-001,MovingAverageCrossover-MA_CROSS,EUR/USD.IDEALPRO,IDEALPRO-1-891,EUR/USD.IDEALPRO-MovingAverageCrossover-MA_CROSS,IDEALPRO-001,,LIMIT,BUY,99999.99,GTC,True,False,0.00,NO_LIQUIDITY_SIDE,,,,NO_TRIGGER,CANCELED,OUO,OL-20250622-213000-001-MA_CROSS-297,['O-20250622-213000-001-MA_CROSS-890'],O-20250622-213000-001-MA_CROSS-889,,,,['MA_CROSS_TP'],d9866d23-5c55-4d4a-9c55-d9ce274e4a6f,1750627800000000000,1750629720000000000,,,,,1.13970,True,
BACKTESTER-001,MovingAverageCrossover-MA_CROSS,EUR/USD.IDEALPRO,IDEALPRO-1-892,EUR/USD.IDEALPRO-MovingAverageCrossover-MA_CROSS,IDEALPRO-001,IDEALPRO-1-348577,MARKET,BUY,100000.00,GTC,False,False,100000.00,TAKER,1.149099999999,0.0,['2.30 USD'],NO_TRIGGER,FILLED,OTO,OL-20250622-230500-001-MA_CROSS-298,"['O-20250622-230500-001-MA_CROSS-893', 'O-20250622-230500-001-MA_CROSS-894']",,,,,['MA_CROSS'],37f63470-7ab4-47ee-bae4-a7f13c84ca2f,1750633500000000000,1750633500000000000,,,,,,,
BACKTESTER-001,MovingAverageCrossover-MA_CROSS,EUR/USD.IDEALPRO,IDEALPRO-1-893,EUR/USD.IDEALPRO-MovingAverageCrossover-MA_CROSS,IDEALPRO-001,IDEALPRO-1-348865,STOP_MARKET,SELL,100000.00,GTC,True,False,100000.00,TAKER,1.1475800000010001,9.999998999976611e-06,['2.30 USD'],NO_TRIGGER,FILLED,OUO,OL-20250622-230500-001-MA_CROSS-298,['O-20250622-230500-001-MA_CROSS-894'],O-20250622-230500-001-MA_CROSS-892,,,,['MA_CROSS_SL'],6e5597ed-a35b-4fb7-948b-85660d31eb14,1750633500000000000,1750642080000000000,1.14759,DEFAULT,,,,,
BACKTESTER-001,MovingAverageCrossover-MA_CROSS,EUR/USD.IDEALPRO,IDEALPRO-1-894,EUR/USD.IDEALPRO-MovingAverageCrossover-MA_CROSS,IDEALPRO-001,,LIMIT,SELL,99999.99,GTC,True,False,0.00,NO_LIQUIDITY_SIDE,,,,NO_TRIGGER,CANCELED,OUO,OL-20250622-230500-001-MA_CROSS-298,['O-20250622-230500-001-MA_CROSS-893'],O-20250622-230500-001-MA_CROSS-892,,,,['MA_CROSS_TP'],36886988-26c3-4f1e-b93c-0ce9e6f605f0,1750633500000000000,1750642080000000000,,,,,1.15659,True,
BACKTESTER-001,MovingAverageCrossover-MA_CROSS,EUR/USD.IDEALPRO,IDEALPRO-1-895,EUR/USD.IDEALPRO-MovingAverageCrossover-MA_CROSS,IDEALPRO-001,IDEALPRO-1-348867,MARKET,SELL,100000.00,GTC,False,False,100000.00,TAKER,1.1475800000010001,0.0,['2.30 USD'],NO_TRIGGER,FILLED,OTO,OL-20250623-012800-001-MA_CROSS-299,"['O-20250623-012800-001-MA_CROSS-896', 'O-20250623-012800-001-MA_CROSS-897']",,,,,['MA_CROSS'],da055a90-821a-4375-98f3-c3af3c286378,1750642080000000000,1750642080000000000,,,,,,,
BACKTESTER-001,MovingAverageCrossover-MA_CROSS,EUR/USD.IDEALPRO,IDEALPRO-1-896,EUR/USD.IDEALPRO-MovingAverageCrossover-MA_CROSS,IDEALPRO-001,IDEALPRO-1-348911,STOP_MARKET,BUY,100000.00,GTC,True,False,100000.00,TAKER,1.148999999999,9.999998999976611e-06,['2.30 USD'],NO_TRIGGER,FILLED,OUO,OL-20250623-012800-001-MA_CROSS-299,['O-20250623-012800-001-MA_CROSS-897'],O-20250623-012800-001-MA_CROSS-895,,,,['MA_CROSS_SL'],de3b1d26-30d1-48b1-b2f4-4b41ce667fd7,1750642080000000000,1750643340000000000,1.14899,DEFAULT,,,,,
BACKTESTER-001,MovingAverageCrossover-MA_CROSS,EUR/USD.IDEALPRO,IDEALPRO-1-897,EUR/USD.IDEALPRO-MovingAverageCrossover-MA_CROSS,IDEALPRO-001,,LIMIT,BUY,99999.99,GTC,True,False,0.00,NO_LIQUIDITY_SIDE,,,,NO_TRIGGER,CANCELED,OUO,OL-20250623-012800-001-MA_CROSS-299,['O-20250623-012800-001-MA_CROSS-896'],O-20250623-012800-001-MA_CROSS-895,,,,['MA_CROSS_TP'],0dd1be11-1b7a-4721-b5c9-6fc556c7dbbe,1750642080000000000,1750643340000000000,,,,,1.13999,True,
BACKTESTER-001,MovingAverageCrossover-MA_CROSS,EUR/USD.IDEALPRO,IDEALPRO-1-898,EUR/USD.IDEALPRO-MovingAverageCrossover-MA_CROSS,IDEALPRO-001,IDEALPRO-1-348937,MARKET,BUY,100000.00,GTC,False,False,100000.00,TAKER,1.1495399999990001,0.0,['2.30 USD'],NO_TRIGGER,FILLED,OTO,OL-20250623-020100-001-MA_CROSS-300,"['O-20250623-020100-001-MA_CROSS-899', 'O-20250623-020100-001-MA_CROSS-900']",,,,,['MA_CROSS'],b6ee5636-8ec8-420e-b48c-a210198b6e4f,1750644060000000000,1750644060000000000,,,,,,,
BACKTESTER-001,MovingAverageCrossover-MA_CROSS,EUR/USD.IDEALPRO,IDEALPRO-1-899,EUR/USD.IDEALPRO-MovingAverageCrossover-MA_CROSS,IDEALPRO-001,IDEALPRO-1-349775,STOP_MARKET,SELL,100000.00,GTC,True,False,100000.00,TAKER,1.148020000001,9.999999000198656e-06,['2.30 USD'],NO_TRIGGER,FILLED,OUO,OL-20250623-020100-001-MA_CROSS-300,['O-20250623-020100-001-MA_CROSS-900'],O-20250623-020100-001-MA_CROSS-898,,,,['MA_CROSS_SL'],f8bff6b9-8cb7-43f8-97a1-72903ebf31de,1750644060000000000,1750669140000000000,1.14803,DEFAULT,,,,,
BACKTESTER-001,MovingAverageCrossover-MA_CROSS,EUR/USD.IDEALPRO,IDEALPRO-1-900,EUR/USD.IDEALPRO-MovingAverageCrossover-MA_CROSS,IDEALPRO-001,,LIMIT,SELL,99999.99,GTC,True,False,0.00,NO_LIQUIDITY_SIDE,,,,NO_TRIGGER,CANCELED,OUO,OL-20250623-020100-001-MA_CROSS-300,['O-20250623-020100-001-MA_CROSS-899'],O-20250623-020100-001-MA_CROSS-898,,,,['MA_CROSS_TP'],3af1496f-2cf5-4b73-8639-e604fc9dcf9f,1750644060000000000,1750669140000000000,,,,,1.15703,True,
BACKTESTER-001,MovingAverageCrossover-MA_CROSS,EUR/USD.IDEALPRO,IDEALPRO-1-901,EUR/USD.IDEALPRO-MovingAverageCrossover-MA_CROSS,IDEALPRO-001,IDEALPRO-1-349840,MARKET,SELL,100000.00,GTC,False,False,100000.00,TAKER,1.1456500000010001,0.0,['2.29 USD'],NO_TRIGGER,FILLED,OTO,OL-20250623-093000-001-MA_CROSS-301,"['O-20250623-093000-001-MA_CROSS-902', 'O-20250623-093000-001-MA_CROSS-903']",,,,,['MA_CROSS'],12d98b00-0d37-435d-9ec6-8853d8cf670f,1750671000000000000,1750671000000000000,,,,,,,
BACKTESTER-001,MovingAverageCrossover-MA_CROSS,EUR/USD.IDEALPRO,IDEALPRO-1-902,EUR/USD.IDEALPRO-MovingAverageCrossover-MA_CROSS,IDEALPRO-001,IDEALPRO-1-349865,STOP_MARKET,BUY,100000.00,GTC,True,False,100000.00,TAKER,1.147169999999,9.999998999976611e-06,['2.29 USD'],NO_TRIGGER,FILLED,OUO,OL-20250623-093000-001-MA_CROSS-301,['O-20250623-093000-001-MA_CROSS-903'],O-20250623-093000-001-MA_CROSS-901,,,,['MA_CROSS_SL'],a97f01ee-6c18-4029-8503-b6b0ebb0a06b,1750671000000000000,1750671720000000000,1.14716,DEFAULT,,,,,
BACKTESTER-001,MovingAverageCrossover-MA_CROSS,EUR/USD.IDEALPRO,IDEALPRO-1-903,EUR/USD.IDEALPRO-MovingAverageCrossover-MA_CROSS,IDEALPRO-001,,LIMIT,BUY,99999.99,GTC,True,False,0.00,NO_LIQUIDITY_SIDE,,,,NO_TRIGGER,CANCELED,OUO,OL-20250623-093000-001-MA_CROSS-301,['O-20250623-093000-001-MA_CROSS-902'],O-20250623-093000-001-MA_CROSS-901,,,,['MA_CROSS_TP'],7657e35b-11b7-4484-aef1-fba75e56331f,1750671000000000000,1750671720000000000,,,,,1.13816,True,
BACKTESTER-001,MovingAverageCrossover-MA_CROSS,EUR/USD.IDEALPRO,IDEALPRO-1-904,EUR/USD.IDEALPRO-MovingAverageCrossover-MA_CROSS,IDEALPRO-001,IDEALPRO-1-350066,MARKET,BUY,100000.00,GTC,False,False,100000.00,TAKER,1.1470599999989999,0.0,['2.29 USD'],NO_TRIGGER,FILLED,OTO,OL-20250623-112100-001-MA_CROSS-302,"['O-20250623-112100-001-MA_CROSS-905', 'O-20250623-112100-001-MA_CROSS-906']",,,,,['MA_CROSS'],74f53dbe-052f-455e-8e1c-c59a1fe7b274,1750677660000000000,1750677660000000000,,,,,,,
BACKTESTER-001,MovingAverageCrossover-MA_CROSS,EUR/USD.IDEALPRO,IDEALPRO-1-905,EUR/USD.IDEALPRO-MovingAverageCrossover-MA_CROSS,IDEALPRO-001,,STOP_MARKET,SELL,99999.99,GTC,True,False,0.00,NO_LIQUIDITY_SIDE,,,,NO_TRIGGER,CANCELED,OUO,OL-20250623-112100-001-MA_CROSS-302,['O-20250623-112100-001-MA_CROSS-906'],O-20250623-112100-001-MA_CROSS-904,,,,['MA_CROSS_SL'],7a69ee5a-5dec-4844-8e00-f08b7b34bdb5,1750677660000000000,1750692360000000000,1.14555,DEFAULT,,,,,
BACKTESTER-001,MovingAverageCrossover-MA_CROSS,EUR/USD.IDEALPRO,IDEALPRO-1-906,EUR/USD.IDEALPRO-MovingAverageCrossover-MA_CROSS,IDEALPRO-001,IDEALPRO-1-350557,LIMIT,SELL,100000.00,GTC,True,False,100000.00,MAKER,1.15455,0.0,['2.31 USD'],NO_TRIGGER,FILLED,OUO,OL-20250623-112100-001-MA_CROSS-302,['O-20250623-112100-001-MA_CROSS-905'],O-20250623-112100-001-MA_CROSS-904,,,,['MA_CROSS_TP'],447b83ff-fce3-46c8-8d40-59706edd7fb8,1750677660000000000,1750692360000000000,,,,,1.15455,True,
BACKTESTER-001,MovingAverageCrossover-MA_CROSS,EUR/USD.IDEALPRO,IDEALPRO-1-907,EUR/USD.IDEALPRO-MovingAverageCrossover-MA_CROSS,IDEALPRO-001,IDEALPRO-1-350677,MARKET,SELL,100000.00,GTC,False,False,100000.00,TAKER,1.153320000001,0.0,['2.31 USD'],NO_TRIGGER,FILLED,OTO,OL-20250623-162500-001-MA_CROSS-303,"['O-20250623-162500-001-MA_CROSS-908', 'O-20250623-162500-001-MA_CROSS-909']",,,,,['MA_CROSS'],999050fe-0b4a-4ea9-8f06-ab6f48647059,1750695900000000000,1750695900000000000,,,,,,,
BACKTESTER-001,MovingAverageCrossover-MA_CROSS,EUR/USD.IDEALPRO,IDEALPRO-1-908,EUR/USD.IDEALPRO-MovingAverageCrossover-MA_CROSS,IDEALPRO-001,IDEALPRO-1-350721,STOP_MARKET,BUY,100000.00,GTC,True,False,100000.00,TAKER,1.1548399999990002,9.999999000198656e-06,['2.31 USD'],NO_TRIGGER,FILLED,OUO,OL-20250623-162500-001-MA_CROSS-303,['O-20250623-162500-001-MA_CROSS-909'],O-20250623-162500-001-MA_CROSS-907,,,,['MA_CROSS_SL'],96b296ba-fa13-4556-8f4b-74847fd827f2,1750695900000000000,1750697160000000000,1.15483,DEFAULT,,,,,
BACKTESTER-001,MovingAverageCrossover-MA_CROSS,EUR/USD.IDEALPRO,IDEALPRO-1-909,EUR/USD.IDEALPRO-MovingAverageCrossover-MA_CROSS,IDEALPRO-001,,LIMIT,BUY,99999.99,GTC,True,False,0.00,NO_LIQUIDITY_SIDE,,,,NO_TRIGGER,CANCELED,OUO,OL-20250623-162500-001-MA_CROSS-303,['O-20250623-162500-001-MA_CROSS-908'],O-20250623-162500-001-MA_CROSS-907,,,,['MA_CROSS_TP'],78a647f9-830a-43c9-a45c-208c55338e2b,1750695900000000000,1750697160000000000,,,,,1.14583,True,
BACKTESTER-001,MovingAverageCrossover-MA_CROSS,EUR/USD.IDEALPRO,IDEALPRO-1-910,EUR/USD.IDEALPRO-MovingAverageCrossover-MA_CROSS,IDEALPRO-001,IDEALPRO-1-350733,MARKET,BUY,100000.00,GTC,False,False,100000.00,TAKER,1.1550799999990002,0.0,['2.31 USD'],NO_TRIGGER,FILLED,OTO,OL-20250623-165100-001-MA_CROSS-304,"['O-20250623-165100-001-MA_CROSS-911', 'O-20250623-165100-001-MA_CROSS-912']",,,,,['MA_CROSS'],e776b4d7-9b9c-4fde-8e1b-8ec50fbb26ed,1750697460000000000,1750697460000000000,,,,,,,
BACKTESTER-001,MovingAverageCrossover-MA_CROSS,EUR/USD.IDEALPRO,IDEALPRO-1-911,EUR/USD.IDEALPRO-MovingAverageCrossover-MA_CROSS,IDEALPRO-001,,STOP_MARKET,SELL,99999.99,GTC,True,False,0.00,NO_LIQUIDITY_SIDE,,,,NO_TRIGGER,CANCELED,OUO,OL-20250623-165100-001-MA_CROSS-304,['O-20250623-165100-001-MA_CROSS-912'],O-20250623-165100-001-MA_CROSS-910,,,,['MA_CROSS_SL'],c4f58aab-57e4-4858-a9b4-1c9cfcd4f2b2,1750697460000000000,1750775100000000000,1.15357,DEFAULT,,,,,
BACKTESTER-001,MovingAverageCrossover-MA_CROSS,EUR/USD.IDEALPRO,IDEALPRO-1-912,EUR/USD.IDEALPRO-MovingAverageCrossover-MA_CROSS,IDEALPRO-001,IDEALPRO-1-353293,LIMIT,SELL,100000.00,GTC,True,False,100000.00,MAKER,1.16257,0.0,['2.33 USD'],NO_TRIGGER,FILLED,OUO,OL-20250623-165100-001-MA_CROSS-304,['O-20250623-165100-001-MA_CROSS-911'],O-20250623-165100-001-MA_CROSS-910,,,,['MA_CROSS_TP'],883c3b50-6fba-43f6-bc8f-b0e05b917450,1750697460000000000,1750775100000000000,,,,,1.16257,True,
BACKTESTER-001,MovingAverageCrossover-MA_CROSS,EUR/USD.IDEALPRO,IDEALPRO-1-913,EUR/USD.IDEALPRO-MovingAverageCrossover-MA_CROSS,IDEALPRO-001,IDEALPRO-1-353487,MARKET,SELL,100000.00,GTC,False,False,100000.00,TAKER,1.161010000001,0.0,['2.32 USD'],NO_TRIGGER,FILLED,OTO,OL-20250624-160100-001-MA_CROSS-305,"['O-20250624-160100-001-MA_CROSS-914', 'O-20250624-160100-001-MA_CROSS-915']",,,,,['MA_CROSS'],2ba2e540-c56b-4b91-81ff-9274f14bf385,1750780860000000000,1750780860000000000,,,,,,,
BACKTESTER-001,MovingAverageCrossover-MA_CROSS,EUR/USD.IDEALPRO,IDEALPRO-1-914,EUR/USD.IDEALPRO-MovingAverageCrossover-MA_CROSS,IDEALPRO-001,IDEALPRO-1-353625,STOP_MARKET,BUY,100000.00,GTC,True,False,100000.00,TAKER,1.1625299999990002,9.999999000198656e-06,['2.33 USD'],NO_TRIGGER,FILLED,OUO,OL-20250624-160100-001-MA_CROSS-305,['O-20250624-160100-001-MA_CROSS-915'],O-20250624-160100-001-MA_CROSS-913,,,,['MA_CROSS_SL'],4b25a72d-a406-4fc3-86c4-51e8782d1b41,1750780860000000000,1750784940000000000,1.16252,DEFAULT,,,,,
BACKTESTER-001,MovingAverageCrossover-MA_CROSS,EUR/USD.IDEALPRO,IDEALPRO-1-915,EUR/USD.IDEALPRO-MovingAverageCrossover-MA_CROSS,IDEALPRO-001,,LIMIT,BUY,99999.99,GTC,True,False,0.00,NO_LIQUIDITY_SIDE,,,,NO_TRIGGER,CANCELED,OUO,OL-20250624-160100-001-MA_CROSS-305,['O-20250624-160100-001-MA_CROSS-914'],O-20250624-160100-001-MA_CROSS-913,,,,['MA_CROSS_TP'],335d9dd0-9a24-499d-8751-4fcc96871abd,1750780860000000000,1750784940000000000,,,,,1.15352,True,
BACKTESTER-001,MovingAverageCrossover-MA_CROSS,EUR/USD.IDEALPRO,IDEALPRO-1-916,EUR/USD.IDEALPRO-MovingAverageCrossover-MA_CROSS,IDEALPRO-001,IDEALPRO-1-353627,MARKET,BUY,100000.00,GTC,False,False,100000.00,TAKER,1.162519999999,0.0,['2.33 USD'],NO_TRIGGER,FILLED,OTO,OL-20250624-170900-001-MA_CROSS-306,"['O-20250624-170900-001-MA_CROSS-917', 'O-20250624-170900-001-MA_CROSS-918']",,,,,['MA_CROSS'],3478e645-41f7-4b81-af1a-6b6afe7cd252,1750784940000000000,1750784940000000000,,,,,,,
BACKTESTER-001,MovingAverageCrossover-MA_CROSS,EUR/USD.IDEALPRO,IDEALPRO-1-917,EUR/USD.IDEALPRO-MovingAverageCrossover-MA_CROSS,IDEALPRO-001,IDEALPRO-1-354001,STOP_MARKET,SELL,100000.00,GTC,True,False,100000.00,TAKER,1.161000000001,9.999999000198656e-06,['2.32 USD'],NO_TRIGGER,FILLED,OUO,OL-20250624-170900-001-MA_CROSS-306,['O-20250624-170900-001-MA_CROSS-918'],O-20250624-170900-001-MA_CROSS-916,,,,['MA_CROSS_SL'],0780085f-07ed-4dd7-88fd-88b87c5206f9,1750784940000000000,1750796100000000000,1.16101,DEFAULT,,,,,
BACKTESTER-001,MovingAverageCrossover-MA_CROSS,EUR/USD.IDEALPRO,IDEALPRO-1-918,EUR/USD.IDEALPRO-MovingAverageCrossover-MA_CROSS,IDEALPRO-001,,LIMIT,SELL,99999.99,GTC,True,False,0.00,NO_LIQUIDITY_SIDE,,,,NO_TRIGGER,CANCELED,OUO,OL-20250624-170900-001-MA_CROSS-306,['O-20250624-170900-001-MA_CROSS-917'],O-20250624-170900-001-MA_CROSS-916,,,,['MA_CROSS_TP'],9ac6c1ba-d52b-44b0-9e58-fa583ab9dca7,1750784940000000000,1750796100000000000,,,,,1.17001,True,
BACKTESTER-001,MovingAverageCrossover-MA_CROSS,EUR/USD.IDEALPRO,IDEALPRO-1-919,EUR/USD.IDEALPRO-MovingAverageCrossover-MA_CROSS,IDEALPRO-001,IDEALPRO-1-354095,MARKET,SELL,100000.00,GTC,False,False,100000.00,TAKER,1.161410000001,0.0,['2.32 USD'],NO_TRIGGER,FILLED,OTO,OL-20250624-211600-001-MA_CROSS-307,"['O-20250624-211600-001-MA_CROSS-920', 'O-20250624-211600-001-MA_CROSS-921']",,,,,['MA_CROSS'],791980d6-6add-44d3-bbd7-995fc7684344,1750799760000000000,1750799760000000000,,,,,,,
BACKTESTER-001,MovingAverageCrossover-MA_CROSS,EUR/USD.IDEALPRO,IDEALPRO-1-920,EUR/USD.IDEALPRO-MovingAverageCrossover-MA_CROSS,IDEALPRO-001,IDEALPRO-1-354569,STOP_MARKET,BUY,100000.00,GTC,True,False,100000.00,TAKER,1.162929999999,9.999998999976611e-06,['2.33 USD'],NO_TRIGGER,FILLED,OUO,OL-20250624-211600-001-MA_CROSS-307,['O-20250624-211600-001-MA_CROSS-921'],O-20250624-211600-001-MA_CROSS-919,,,,['MA_CROSS_SL'],73742015-8deb-401e-aa04-6cf1e1dcd264,1750799760000000000,1750813920000000000,1.16292,DEFAULT,,,,,
BACKTESTER-001,MovingAverageCrossover-MA_CROSS,EUR/USD.IDEALPRO,IDEALPRO-1-921,EUR/USD.IDEALPRO-MovingAverageCrossover-MA_CROSS,IDEALPRO-001,,LIMIT,BUY,99999.99,GTC,True,False,0.00,NO_LIQUIDITY_SIDE,,,,NO_TRIGGER,CANCELED,OUO,OL-20250624-211600-001-MA_CROSS-307,['O-20250624-211600-001-MA_CROSS-920'],O-20250624-211600-001-MA_CROSS-919,,,,['MA_CROSS_TP'],37657111-0d9b-404e-b5e4-2de2b01fbeb1,1750799760000000000,1750813920000000000,,,,,1.15392,True,
BACKTESTER-001,MovingAverageCrossover-MA_CROSS,EUR/USD.IDEALPRO,IDEALPRO-1-922,EUR/USD.IDEALPRO-MovingAverageCrossover-MA_CROSS,IDEALPRO-001,IDEALPRO-1-354572,MARKET,BUY,100000.00,GTC,False,False,100000.00,TAKER,1.163049999999,0.0,['2.33 USD'],NO_TRIGGER,FILLED,OTO,OL-20250625-011200-001-MA_CROSS-308,"['O-20250625-011200-001-MA_CROSS-923', 'O-20250625-011200-001-MA_CROSS-924']",,,,,['MA_CROSS'],9b305f85-0c4d-4b2e-ac63-1a7cf2e4de91,1750813920000000000,1750813920000000000,,,,,,,
BACKTESTER-001,MovingAverageCrossover-MA_CROSS,EUR/USD.IDEALPRO,IDEALPRO-1-923,EUR/USD.IDEALPRO-MovingAverageCrossover-MA_CROSS,IDEALPRO-001,IDEALPRO-1-354891,STOP_MARKET,SELL,100000.00,GTC,True,False,100000.00,TAKER,1.161530000001,9.999998999976611e-06,['2.32 USD'],NO_TRIGGER,FILLED,OUO,OL-20250625-011200-001-MA_CROSS-308,['O-20250625-011200-001-MA_CROSS-924'],O-20250625-011200-001-MA_CROSS-922,,,,['MA_CROSS_SL'],97b71a42-cdee-4eea-97d7-a163ecb73254,1750813920000000000,1750823460000000000,1.16154,DEFAULT,,,,,
BACKTESTER-001,MovingAverageCrossover-MA_CROSS,EUR/USD.IDEALPRO,IDEALPRO-1-924,EUR/USD.IDEALPRO-MovingAverageCrossover-MA_CROSS,IDEALPRO-001,,LIMIT,SELL,99999.99,GTC,True,False,0.00,NO_LIQUIDITY_SIDE,,,,NO_TRIGGER,CANCELED,OUO,OL-20250625-011200-001-MA_CROSS-308,['O-20250625-011200-001-MA_CROSS-923'],O-20250625-011200-001-MA_CROSS-922,,,,['MA_CROSS_TP'],c5f39183-4266-4ade-8415-30f260623318,1750813920000000000,1750823460000000000,,,,,1.17054,True,
BACKTESTER-001,MovingAverageCrossover-MA_CROSS,EUR/USD.IDEALPRO,IDEALPRO-1-925,EUR/USD.IDEALPRO-MovingAverageCrossover-MA_CROSS,IDEALPRO-001,IDEALPRO-1-354893,MARKET,SELL,100000.00,GTC,False,False,100000.00,TAKER,1.161510000001,0.0,['2.32 USD'],NO_TRIGGER,FILLED,OTO,OL-20250625-035100-001-MA_CROSS-309,"['O-20250625-035100-001-MA_CROSS-926', 'O-20250625-035100-001-MA_CROSS-927']",,,,,['MA_CROSS'],a427f158-8be9-46d6-94b3-23c013dc31b1,1750823460000000000,1750823460000000000,,,,,,,
BACKTESTER-001,MovingAverageCrossover-MA_CROSS,EUR/USD.IDEALPRO,IDEALPRO-1-926,EUR/USD.IDEALPRO-MovingAverageCrossover-MA_CROSS,IDEALPRO-001,IDEALPRO-1-356367,STOP_MARKET,BUY,100000.00,GTC,True,False,100000.00,TAKER,1.163029999999,9.999998999976611e-06,['2.33 USD'],NO_TRIGGER,FILLED,OUO,OL-20250625-035100-001-MA_CROSS-309,['O-20250625-035100-001-MA_CROSS-927'],O-20250625-035100-001-MA_CROSS-925,,,,['MA_CROSS_SL'],79440eae-137c-48dc-a21b-70f0a36a10f8,1750823460000000000,1750867620000000000,1.16302,DEFAULT,,,,,
BACKTESTER-001,MovingAverageCrossover-MA_CROSS,EUR/USD.IDEALPRO,IDEALPRO-1-927,EUR/USD.IDEALPRO-MovingAverageCrossover-MA_CROSS,IDEALPRO-001,,LIMIT,BUY,99999.99,GTC,True,False,0.00,NO_LIQUIDITY_SIDE,,,,NO_TRIGGER,CANCELED,OUO,OL-20250625-035100-001-MA_CROSS-309,['O-20250625-035100-001-MA_CROSS-926'],O-20250625-035100-001-MA_CROSS-925,,,,['MA_CROSS_TP'],ef76da9a-7188-4f8e-b2c5-3f08ae407a48,1750823460000000000,1750867620000000000,,,,,1.15402,True,
BACKTESTER-001,MovingAverageCrossover-MA_CROSS,EUR/USD.IDEALPRO,IDEALPRO-1-928,EUR/USD.IDEALPRO-MovingAverageCrossover-MA_CROSS,IDEALPRO-001,IDEALPRO-1-356387,MARKET,BUY,100000.00,GTC,False,False,100000.00,TAKER,1.1630399999990002,0.0,['2.33 USD'],NO_TRIGGER,FILLED,OTO,OL-20250625-161600-001-MA_CROSS-310,"['O-20250625-161600-001-MA_CROSS-929', 'O-20250625-161600-001-MA_CROSS-930']",,,,,['MA_CROSS'],685f00fa-ffd6-40f7-bc11-2321328bddac,1750868160000000000,1750868160000000000,,,,,,,
BACKTESTER-001,MovingAverageCrossover-MA_CROSS,EUR/USD.IDEALPRO,IDEALPRO-1-929,EUR/USD.IDEALPRO-MovingAverageCrossover-MA_CROSS,IDEALPRO-001,,STOP_MARKET,SELL,99999.99,GTC,True,False,0.00,NO_LIQUIDITY_SIDE,,,,NO_TRIGGER,CANCELED,OUO,OL-20250625-161600-001-MA_CROSS-310,['O-20250625-161600-001-MA_CROSS-930'],O-20250625-161600-001-MA_CROSS-928,,,,['MA_CROSS_SL'],64c14c0a-479d-4129-94ac-518ffcefeea1,1750868160000000000,1750907160000000000,1.16153,DEFAULT,,,,,
BACKTESTER-001,MovingAverageCrossover-MA_CROSS,EUR/USD.IDEALPRO,IDEALPRO-1-930,EUR/USD.IDEALPRO-MovingAverageCrossover-MA_CROSS,IDEALPRO-001,IDEALPRO-1-357659,LIMIT,SELL,100000.00,GTC,True,False,100000.00,MAKER,1.17053,0.0,['2.34 USD'],NO_TRIGGER,FILLED,OUO,OL-20250625-161600-001-MA_CROSS-310,['O-20250625-161600-001-MA_CROSS-929'],O-20250625-161600-001-MA_CROSS-928,,,,['MA_CROSS_TP'],a9666d05-9c55-4e1c-8f3c-644a4a8485bd,1750868160000000000,1750907160000000000,,,,,1.17053,True,
BACKTESTER-001,MovingAverageCrossover-MA_CROSS,EUR/USD.IDEALPRO,IDEALPRO-1-931,EUR/USD.IDEALPRO-MovingAverageCrossover-MA_CROSS,IDEALPRO-001,IDEALPRO-1-358440,MARKET,SELL,100000.00,GTC,False,False,100000.00,TAKER,1.1721500000010001,0.0,['2.34 USD'],NO_TRIGGER,FILLED,OTO,OL-20250626-093500-001-MA_CROSS-311,"['O-20250626-093500-001-MA_CROSS-932', 'O-20250626-093500-001-MA_CROSS-933']",,,,,['MA_CROSS'],ff5fa8c9-b164-4a53-86f8-31adfa0b2c54,1750930500000000000,1750930500000000000,,,,,,,
BACKTESTER-001,MovingAverageCrossover-MA_CROSS,EUR/USD.IDEALPRO,IDEALPRO-1-932,EUR/USD.IDEALPRO-MovingAverageCrossover-MA_CROSS,IDEALPRO-001,IDEALPRO-1-359291,STOP_MARKET,BUY,100000.00,GTC,True,False,100000.00,TAKER,1.173669999999,9.999998999976611e-06,['2.35 USD'],NO_TRIGGER,FILLED,OUO,OL-20250626-093500-001-MA_CROSS-311,['O-20250626-093500-001-MA_CROSS-933'],O-20250626-093500-001-MA_CROSS-931,,,,['MA_CROSS_SL'],18ac425f-65dc-4f87-8c3d-b942ec643076,1750930500000000000,1750956000000000000,1.17366,DEFAULT,,,,,
BACKTESTER-001,MovingAverageCrossover-MA_CROSS,EUR/USD.IDEALPRO,IDEALPRO-1-933,EUR/USD.IDEALPRO-MovingAverageCrossover-MA_CROSS,IDEALPRO-001,,LIMIT,BUY,99999.99,GTC,True,False,0.00,NO_LIQUIDITY_SIDE,,,,NO_TRIGGER,CANCELED,OUO,OL-20250626-093500-001-MA_CROSS-311,['O-20250626-093500-001-MA_CROSS-932'],O-20250626-093500-001-MA_CROSS-931,,,,['MA_CROSS_TP'],4c016bc2-4c89-494d-8d86-7196d2c0ceee,1750930500000000000,1750956000000000000,,,,,1.16466,True,
BACKTESTER-001,MovingAverageCrossover-MA_CROSS,EUR/USD.IDEALPRO,IDEALPRO-1-934,EUR/USD.IDEALPRO-MovingAverageCrossover-MA_CROSS,IDEALPRO-001,IDEALPRO-1-359293,MARKET,BUY,100000.00,GTC,False,False,100000.00,TAKER,1.173929999999,0.0,['2.35 USD'],NO_TRIGGER,FILLED,OTO,OL-20250626-164000-001-MA_CROSS-312,"['O-20250626-164000-001-MA_CROSS-935', 'O-20250626-164000-001-MA_CROSS-936']",,,,,['MA_CROSS'],c38e81b4-4255-495e-ba53-cc01ce7bf02f,1750956000000000000,1750956000000000000,,,,,,,
BACKTESTER-001,MovingAverageCrossover-MA_CROSS,EUR/USD.IDEALPRO,IDEALPRO-1-935,EUR/USD.IDEALPRO-MovingAverageCrossover-MA_CROSS,IDEALPRO-001,IDEALPRO-1-359367,STOP_MARKET,SELL,100000.00,GTC,True,False,100000.00,TAKER,1.172410000001,9.999998999976611e-06,['2.34 USD'],NO_TRIGGER,FILLED,OUO,OL-20250626-164000-001-MA_CROSS-312,['O-20250626-164000-001-MA_CROSS-936'],O-20250626-164000-001-MA_CROSS-934,,,,['MA_CROSS_SL'],1b2744b1-2b99-489f-a162-11a9b7ab452a,1750956000000000000,1750958160000000000,1.17242,DEFAULT,,,,,
BACKTESTER-001,MovingAverageCrossover-MA_CROSS,EUR/USD.IDEALPRO,IDEALPRO-1-936,EUR/USD.IDEALPRO-MovingAverageCrossover-MA_CROSS,IDEALPRO-001,,LIMIT,SELL,99999.99,GTC,True,False,0.00,NO_LIQUIDITY_SIDE,,,,NO_TRIGGER,CANCELED,OUO,OL-20250626-164000-001-MA_CROSS-312,['O-20250626-164000-001-MA_CROSS-935'],O-20250626-164000-001-MA_CROSS-934,,,,['MA_CROSS_TP'],f19173dd-20c0-44a5-8631-377d3989f674,1750956000000000000,1750958160000000000,,,,,1.18142,True,
BACKTESTER-001,MovingAverageCrossover-MA_CROSS,EUR/USD.IDEALPRO,IDEALPRO-1-937,EUR/USD.IDEALPRO-MovingAverageCrossover-MA_CROSS,IDEALPRO-001,IDEALPRO-1-359865,MARKET,SELL,100000.00,GTC,False,False,100000.00,TAKER,1.1695400000010001,0.0,['2.34 USD'],NO_TRIGGER,FILLED,OTO,OL-20250626-213900-001-MA_CROSS-313,"['O-20250626-213900-001-MA_CROSS-938', 'O-20250626-213900-001-MA_CROSS-939']",,,,,['MA_CROSS'],e3975bd4-37cb-4de0-b6a2-299b2e28abbc,1750973940000000000,1750973940000000000,,,,,,,
BACKTESTER-001,MovingAverageCrossover-MA_CROSS,EUR/USD.IDEALPRO,IDEALPRO-1-938,EUR/USD.IDEALPRO-MovingAverageCrossover-MA_CROSS,IDEALPRO-001,IDEALPRO-1-360961,STOP_MARKET,BUY,100000.00,GTC,True,False,100000.00,TAKER,1.171059999999,9.999998999976611e-06,['2.34 USD'],NO_TRIGGER,FILLED,OUO,OL-20250626-213900-001-MA_CROSS-313,['O-20250626-213900-001-MA_CROSS-939'],O-20250626-213900-001-MA_CROSS-937,,,,['MA_CROSS_SL'],a56e355e-8b92-4b50-962d-4d394ee26600,1750973940000000000,1751006760000000000,1.17105,DEFAULT,,,,,
BACKTESTER-001,MovingAverageCrossover-MA_CROSS,EUR/USD.IDEALPRO,IDEALPRO-1-939,EUR/USD.IDEALPRO-MovingAverageCrossover-MA_CROSS,IDEALPRO-001,,LIMIT,BUY,99999.99,GTC,True,False,0.00,NO_LIQUIDITY_SIDE,,,,NO_TRIGGER,CANCELED,OUO,OL-20250626-213900-001-MA_CROSS-313,['O-20250626-213900-001-MA_CROSS-938'],O-20250626-213900-001-MA_CROSS-937,,,,['MA_CROSS_TP'],e0885004-2929-4402-b5d5-038fdf2a044a,1750973940000000000,1751006760000000000,,,,,1.16205,True,
BACKTESTER-001,MovingAverageCrossover-MA_CROSS,EUR/USD.IDEALPRO,IDEALPRO-1-940,EUR/USD.IDEALPRO-MovingAverageCrossover-MA_CROSS,IDEALPRO-001,IDEALPRO-1-360993,MARKET,BUY,100000.00,GTC,False,False,100000.00,TAKER,1.171919999999,0.0,['2.34 USD'],NO_TRIGGER,FILLED,OTO,OL-20250627-070100-001-MA_CROSS-314,"['O-20250627-070100-001-MA_CROSS-941', 'O-20250627-070100-001-MA_CROSS-942']",,,,,['MA_CROSS'],ad871bb4-36a0-4869-9614-12f32a01789c,1751007660000000000,1751007660000000000,,,,,,,
BACKTESTER-001,MovingAverageCrossover-MA_CROSS,EUR/USD.IDEALPRO,IDEALPRO-1-941,EUR/USD.IDEALPRO-MovingAverageCrossover-MA_CROSS,IDEALPRO-001,IDEALPRO-1-361243,STOP_MARKET,SELL,100000.00,GTC,True,False,100000.00,TAKER,1.170400000001,9.999998999976611e-06,['2.34 USD'],NO_TRIGGER,FILLED,OUO,OL-20250627-070100-001-MA_CROSS-314,['O-20250627-070100-001-MA_CROSS-942'],O-20250627-070100-001-MA_CROSS-940,,,,['MA_CROSS_SL'],b5e19b1a-d826-48d6-9a2a-87d1ae99bf70,1751007660000000000,1751015100000000000,1.17041,DEFAULT,,,,,
BACKTESTER-001,MovingAverageCrossover-MA_CROSS,EUR/USD.IDEALPRO,IDEALPRO-1-942,EUR/USD.IDEALPRO-MovingAverageCrossover-MA_CROSS,IDEALPRO-001,,LIMIT,SELL,99999.99,GTC,True,False,0.00,NO_LIQUIDITY_SIDE,,,,NO_TRIGGER,CANCELED,OUO,OL-20250627-070100-001-MA_CROSS-314,['O-20250627-070100-001-MA_CROSS-941'],O-20250627-070100-001-MA_CROSS-940,,,,['MA_CROSS_TP'],90f4d6a7-64da-4374-a06b-adf965c500d5,1751007660000000000,1751015100000000000,,,,,1.17941,True,
BACKTESTER-001,MovingAverageCrossover-MA_CROSS,EUR/USD.IDEALPRO,IDEALPRO-1-943,EUR/USD.IDEALPRO-MovingAverageCrossover-MA_CROSS,IDEALPRO-001,IDEALPRO-1-361245,MARKET,SELL,100000.00,GTC,False,False,100000.00,TAKER,1.170340000001,0.0,['2.34 USD'],NO_TRIGGER,FILLED,OTO,OL-20250627-090500-001-MA_CROSS-315,"['O-20250627-090500-001-MA_CROSS-944', 'O-20250627-090500-001-MA_CROSS-945']",,,,,['MA_CROSS'],f728e8b2-9b16-4a83-ba3c-8ea83a951d0e,1751015100000000000,1751015100000000000,,,,,,,
BACKTESTER-001,MovingAverageCrossover-MA_CROSS,EUR/USD.IDEALPRO,IDEALPRO-1-944,EUR/USD.IDEALPRO-MovingAverageCrossover-MA_CROSS,IDEALPRO-001,IDEALPRO-1-361491,STOP_MARKET,BUY,100000.00,GTC,True,False,100000.00,TAKER,1.171859999999,9.999998999976611e-06,['2.34 USD'],NO_TRIGGER,FILLED,OUO,OL-20250627-090500-001-MA_CROSS-315,['O-20250627-090500-001-MA_CROSS-945'],O-20250627-090500-001-MA_CROSS-943,,,,['MA_CROSS_SL'],fb3fbbb4-1c95-4265-851b-fe169ecc0990,1751015100000000000,1751022420000000000,1.17185,DEFAULT,,,,,
BACKTESTER-001,MovingAverageCrossover-MA_CROSS,EUR/USD.IDEALPRO,IDEALPRO-1-945,EUR/USD.IDEALPRO-MovingAverageCrossover-MA_CROSS,IDEALPRO-001,,LIMIT,BUY,99999.99,GTC,True,False,0.00,NO_LIQUIDITY_SIDE,,,,NO_TRIGGER,CANCELED,OUO,OL-20250627-090500-001-MA_CROSS-315,['O-20250627-090500-001-MA_CROSS-944'],O-20250627-090500-001-MA_CROSS-943,,,,['MA_CROSS_TP'],24dc2725-42ed-4642-ab73-2a271570af0c,1751015100000000000,1751022420000000000,,,,,1.16285,True,
BACKTESTER-001,MovingAverageCrossover-MA_CROSS,EUR/USD.IDEALPRO,IDEALPRO-1-946,EUR/USD.IDEALPRO-MovingAverageCrossover-MA_CROSS,IDEALPRO-001,IDEALPRO-1-361493,MARKET,BUY,100000.00,GTC,False,False,100000.00,TAKER,1.171829999999,0.0,['2.34 USD'],NO_TRIGGER,FILLED,OTO,OL-20250627-110700-001-MA_CROSS-316,"['O-20250627-110700-001-MA_CROSS-947', 'O-20250627-110700-001-MA_CROSS-948']",,,,,['MA_CROSS'],12164fdd-326b-49fa-a404-ce7dd71761f0,1751022420000000000,1751022420000000000,,,,,,,
BACKTESTER-001,MovingAverageCrossover-MA_CROSS,EUR/USD.IDEALPRO,IDEALPRO-1-947,EUR/USD.IDEALPRO-MovingAverageCrossover-MA_CROSS,IDEALPRO-001,IDEALPRO-1-361623,STOP_MARKET,SELL,100000.00,GTC,True,False,100000.00,TAKER,1.170310000001,9.999998999976611e-06,['2.34 USD'],NO_TRIGGER,FILLED,OUO,OL-20250627-110700-001-MA_CROSS-316,['O-20250627-110700-001-MA_CROSS-948'],O-20250627-110700-001-MA_CROSS-946,,,,['MA_CROSS_SL'],2eff3448-d5db-49c1-9deb-a1e918fcd162,1751022420000000000,1751026260000000000,1.17032,DEFAULT,,,,,
BACKTESTER-001,MovingAverageCrossover-MA_CROSS,EUR/USD.IDEALPRO,IDEALPRO-1-948,EUR/USD.IDEALPRO-MovingAverageCrossover-MA_CROSS,IDEALPRO-001,,LIMIT,SELL,99999.99,GTC,True,False,0.00,NO_LIQUIDITY_SIDE,,,,NO_TRIGGER,CANCELED,OUO,OL-20250627-110700-001-MA_CROSS-316,['O-20250627-110700-001-MA_CROSS-947'],O-20250627-110700-001-MA_CROSS-946,,,,['MA_CROSS_TP'],7524ea49-b14a-4056-ba2d-d1b5295fc32f,1751022420000000000,1751026260000000000,,,,,1.17932,True,
BACKTESTER-001,MovingAverageCrossover-MA_CROSS,EUR/USD.IDEALPRO,IDEALPRO-1-949,EUR/USD.IDEALPRO-MovingAverageCrossover-MA_CROSS,IDEALPRO-001,IDEALPRO-1-361893,MARKET,SELL,100000.00,GTC,False,False,100000.00,TAKER,1.1719600000009998,0.0,['2.34 USD'],NO_TRIGGER,FILLED,OTO,OL-20250627-142500-001-MA_CROSS-317,"['O-20250627-142500-001-MA_CROSS-950', 'O-20250627-142500-001-MA_CROSS-951']",,,,,['MA_CROSS'],c2a58e5f-8837-4e0b-9f7c-d80979bb89d3,1751034300000000000,1751034300000000000,,,,,,,
BACKTESTER-001,MovingAverageCrossover-MA_CROSS,EUR/USD.IDEALPRO,IDEALPRO-1-950,EUR/USD.IDEALPRO-MovingAverageCrossover-MA_CROSS,IDEALPRO-001,IDEALPRO-1-362901,STOP_MARKET,BUY,100000.00,GTC,True,False,100000.00,TAKER,1.173479999999,9.999998999976611e-06,['2.35 USD'],NO_TRIGGER,FILLED,OUO,OL-20250627-142500-001-MA_CROSS-317,['O-20250627-142500-001-MA_CROSS-951'],O-20250627-142500-001-MA_CROSS-949,,,,['MA_CROSS_SL'],e9ec3a16-6ac8-49b2-aff9-c31bd6f7500f,1751034300000000000,1751238180000000000,1.17347,DEFAULT,,,,,
BACKTESTER-001,MovingAverageCrossover-MA_CROSS,EUR/USD.IDEALPRO,IDEALPRO-1-951,EUR/USD.IDEALPRO-MovingAverageCrossover-MA_CROSS,IDEALPRO-001,,LIMIT,BUY,99999.99,GTC,True,False,0.00,NO_LIQUIDITY_SIDE,,,,NO_TRIGGER,CANCELED,OUO,OL-20250627-142500-001-MA_CROSS-317,['O-20250627-142500-001-MA_CROSS-950'],O-20250627-142500-001-MA_CROSS-949,,,,['MA_CROSS_TP'],28b7ddd9-9f10-4f75-9422-1400e0e301ff,1751034300000000000,1751238180000000000,,,,,1.16447,True,
BACKTESTER-001,MovingAverageCrossover-MA_CROSS,EUR/USD.IDEALPRO,IDEALPRO-1-952,EUR/USD.IDEALPRO-MovingAverageCrossover-MA_CROSS,IDEALPRO-001,IDEALPRO-1-362929,MARKET,BUY,100000.00,GTC,False,False,100000.00,TAKER,1.173589999999,0.0,['2.35 USD'],NO_TRIGGER,FILLED,OTO,OL-20250629-231600-001-MA_CROSS-318,"['O-20250629-231600-001-MA_CROSS-953', 'O-20250629-231600-001-MA_CROSS-954']",,,,,['MA_CROSS'],23e51116-4964-4c7d-ae18-ba6f280b586f,1751238960000000000,1751238960000000000,,,,,,,
BACKTESTER-001,MovingAverageCrossover-MA_CROSS,EUR/USD.IDEALPRO,IDEALPRO-1-953,EUR/USD.IDEALPRO-MovingAverageCrossover-MA_CROSS,IDEALPRO-001,IDEALPRO-1-363095,STOP_MARKET,SELL,100000.00,GTC,True,False,100000.00,TAKER,1.172070000001,9.999998999976611e-06,['2.34 USD'],NO_TRIGGER,FILLED,OUO,OL-20250629-231600-001-MA_CROSS-318,['O-20250629-231600-001-MA_CROSS-954'],O-20250629-231600-001-MA_CROSS-952,,,,['MA_CROSS_SL'],b8e1e949-1ed6-421d-86f2-62fab2aa0f1d,1751238960000000000,1751243880000000000,1.17208,DEFAULT,,,,,
BACKTESTER-001,MovingAverageCrossover-MA_CROSS,EUR/USD.IDEALPRO,IDEALPRO-1-954,EUR/USD.IDEALPRO-MovingAverageCrossover-MA_CROSS,IDEALPRO-001,,LIMIT,SELL,99999.99,GTC,True,False,0.00,NO_LIQUIDITY_SIDE,,,,NO_TRIGGER,CANCELED,OUO,OL-20250629-231600-001-MA_CROSS-318,['O-20250629-231600-001-MA_CROSS-953'],O-20250629-231600-001-MA_CROSS-952,,,,['MA_CROSS_TP'],4aef1044-5dd0-4541-8536-99ca7e77b38a,1751238960000000000,1751243880000000000,,,,,1.18108,True,
BACKTESTER-001,MovingAverageCrossover-MA_CROSS,EUR/USD.IDEALPRO,IDEALPRO-1-955,EUR/USD.IDEALPRO-MovingAverageCrossover-MA_CROSS,IDEALPRO-001,IDEALPRO-1-363279,MARKET,SELL,100000.00,GTC,False,False,100000.00,TAKER,1.172170000001,0.0,['2.34 USD'],NO_TRIGGER,FILLED,OTO,OL-20250630-020900-001-MA_CROSS-319,"['O-20250630-020900-001-MA_CROSS-956', 'O-20250630-020900-001-MA_CROSS-957']",,,,,['MA_CROSS'],fc5be73b-0b85-4586-a134-2ee9546e803a,1751249340000000000,1751249340000000000,,,,,,,
BACKTESTER-001,MovingAverageCrossover-MA_CROSS,EUR/USD.IDEALPRO,IDEALPRO-1-956,EUR/USD.IDEALPRO-MovingAverageCrossover-MA_CROSS,IDEALPRO-001,IDEALPRO-1-363647,STOP_MARKET,BUY,100000.00,GTC,True,False,100000.00,TAKER,1.1736899999989998,9.999998999754567e-06,['2.35 USD'],NO_TRIGGER,FILLED,OUO,OL-20250630-020900-001-MA_CROSS-319,['O-20250630-020900-001-MA_CROSS-957'],O-20250630-020900-001-MA_CROSS-955,,,,['MA_CROSS_SL'],4daf8341-53d5-4db7-8130-554cf936461d,1751249340000000000,1751260320000000000,1.17368,DEFAULT,,,,,
BACKTESTER-001,MovingAverageCrossover-MA_CROSS,EUR/USD.IDEALPRO,IDEALPRO-1-957,EUR/USD.IDEALPRO-MovingAverageCrossover-MA_CROSS,IDEALPRO-001,,LIMIT,BUY,99999.99,GTC,True,False,0.00,NO_LIQUIDITY_SIDE,,,,NO_TRIGGER,CANCELED,OUO,OL-20250630-020900-001-MA_CROSS-319,['O-20250630-020900-001-MA_CROSS-956'],O-20250630-020900-001-MA_CROSS-955,,,,['MA_CROSS_TP'],a1282d1c-4ea6-446e-a504-ea3d53dd5011,1751249340000000000,1751260320000000000,,,,,1.16468,True,
BACKTESTER-001,MovingAverageCrossover-MA_CROSS,EUR/USD.IDEALPRO,IDEALPRO-1-958,EUR/USD.IDEALPRO-MovingAverageCrossover-MA_CROSS,IDEALPRO-001,IDEALPRO-1-364167,MARKET,BUY,100000.00,GTC,False,False,100000.00,TAKER,1.172979999999,0.0,['2.35 USD'],NO_TRIGGER,FILLED,OTO,OL-20250630-093100-001-MA_CROSS-320,"['O-20250630-093100-001-MA_CROSS-959', 'O-20250630-093100-001-MA_CROSS-960']",,,,,['MA_CROSS'],2e15423b-1922-4063-abf7-e3513e29f330,1751275860000000000,1751275860000000000,,,,,,,
BACKTESTER-001,MovingAverageCrossover-MA_CROSS,EUR/USD.IDEALPRO,IDEALPRO-1-959,EUR/USD.IDEALPRO-MovingAverageCrossover-MA_CROSS,IDEALPRO-001,IDEALPRO-1-364501,STOP_MARKET,SELL,100000.00,GTC,True,False,100000.00,TAKER,1.171460000001,9.999998999976611e-06,['2.34 USD'],NO_TRIGGER,FILLED,OUO,OL-20250630-093100-001-MA_CROSS-320,['O-20250630-093100-001-MA_CROSS-960'],O-20250630-093100-001-MA_CROSS-958,,,,['MA_CROSS_SL'],3fc9c67b-adee-4a49-89ca-6e5990e81a38,1751275860000000000,1751285820000000000,1.17147,DEFAULT,,,,,
BACKTESTER-001,MovingAverageCrossover-MA_CROSS,EUR/USD.IDEALPRO,IDEALPRO-1-960,EUR/USD.IDEALPRO-MovingAverageCrossover-MA_CROSS,IDEALPRO-001,,LIMIT,SELL,99999.99,GTC,True,False,0.00,NO_LIQUIDITY_SIDE,,,,NO_TRIGGER,CANCELED,OUO,OL-20250630-093100-001-MA_CROSS-320,['O-20250630-093100-001-MA_CROSS-959'],O-20250630-093100-001-MA_CROSS-958,,,,['MA_CROSS_TP'],a62f6436-e1e1-4750-8827-ee62e94fd699,1751275860000000000,1751285820000000000,,,,,1.18047,True,
BACKTESTER-001,MovingAverageCrossover-MA_CROSS,EUR/USD.IDEALPRO,IDEALPRO-1-961,EUR/USD.IDEALPRO-MovingAverageCrossover-MA_CROSS,IDEALPRO-001,IDEALPRO-1-365847,MARKET,SELL,100000.00,GTC,False,False,100000.00,TAKER,1.1783600000010002,0.0,['2.36 USD'],NO_TRIGGER,FILLED,OTO,OL-20250630-234400-001-MA_CROSS-321,"['O-20250630-234400-001-MA_CROSS-962', 'O-20250630-234400-001-MA_CROSS-963']",,,,,['MA_CROSS'],3b367219-221d-4de7-965a-0a742eb61587,1751327040000000000,1751327040000000000,,,,,,,
BACKTESTER-001,MovingAverageCrossover-MA_CROSS,EUR/USD.IDEALPRO,IDEALPRO-1-962,EUR/USD.IDEALPRO-MovingAverageCrossover-MA_CROSS,IDEALPRO-001,IDEALPRO-1-366039,STOP_MARKET,BUY,100000.00,GTC,True,False,100000.00,TAKER,1.1798799999990002,9.999999000198656e-06,['2.36 USD'],NO_TRIGGER,FILLED,OUO,OL-20250630-234400-001-MA_CROSS-321,['O-20250630-234400-001-MA_CROSS-963'],O-20250630-234400-001-MA_CROSS-961,,,,['MA_CROSS_SL'],e0d73111-21b6-472b-873d-c1f0c1e722a5,1751327040000000000,1751332740000000000,1.17987,DEFAULT,,,,,
BACKTESTER-001,MovingAverageCrossover-MA_CROSS,EUR/USD.IDEALPRO,IDEALPRO-1-963,EUR/USD.IDEALPRO-MovingAverageCrossover-MA_CROSS,IDEALPRO-001,,LIMIT,BUY,99999.99,GTC,True,False,0.00,NO_LIQUIDITY_SIDE,,,,NO_TRIGGER,CANCELED,OUO,OL-20250630-234400-001-MA_CROSS-321,['O-20250630-234400-001-MA_CROSS-962'],O-20250630-234400-001-MA_CROSS-961,,,,['MA_CROSS_TP'],9a8ad8f3-1559-4977-b043-3f89ac5a5db5,1751327040000000000,1751332740000000000,,,,,1.17087,True,
BACKTESTER-001,MovingAverageCrossover-MA_CROSS,EUR/USD.IDEALPRO,IDEALPRO-1-964,EUR/USD.IDEALPRO-MovingAverageCrossover-MA_CROSS,IDEALPRO-001,IDEALPRO-1-366274,MARKET,BUY,100000.00,GTC,False,False,100000.00,TAKER,1.1791399999990002,0.0,['2.36 USD'],NO_TRIGGER,FILLED,OTO,OL-20250701-031500-001-MA_CROSS-322,"['O-20250701-031500-001-MA_CROSS-965', 'O-20250701-031500-001-MA_CROSS-966']",,,,,['MA_CROSS'],8725b51f-198f-4db3-bb4d-7baf432dbf66,1751339700000000000,1751339700000000000,,,,,,,
BACKTESTER-001,MovingAverageCrossover-MA_CROSS,EUR/USD.IDEALPRO,IDEALPRO-1-965,EUR/USD.IDEALPRO-MovingAverageCrossover-MA_CROSS,IDEALPRO-001,IDEALPRO-1-366651,STOP_MARKET,SELL,100000.00,GTC,True,False,100000.00,TAKER,1.1776200000009998,9.999999000198656e-06,['2.36 USD'],NO_TRIGGER,FILLED,OUO,OL-20250701-031500-001-MA_CROSS-322,['O-20250701-031500-001-MA_CROSS-966'],O-20250701-031500-001-MA_CROSS-964,,,,['MA_CROSS_SL'],13a5ec9c-c7eb-4956-9bf2-9cfb77bfc4bb,1751339700000000000,1751350980000000000,1.17763,DEFAULT,,,,,
BACKTESTER-001,MovingAverageCrossover-MA_CROSS,EUR/USD.IDEALPRO,IDEALPRO-1-966,EUR/USD.IDEALPRO-MovingAverageCrossover-MA_CROSS,IDEALPRO-001,,LIMIT,SELL,99999.99,GTC,True,False,0.00,NO_LIQUIDITY_SIDE,,,,NO_TRIGGER,CANCELED,OUO,OL-20250701-031500-001-MA_CROSS-322,['O-20250701-031500-001-MA_CROSS-965'],O-20250701-031500-001-MA_CROSS-964,,,,['MA_CROSS_TP'],224552e0-3454-4e34-bbd7-b2dd91190bee,1751339700000000000,1751350980000000000,,,,,1.18663,True,
BACKTESTER-001,MovingAverageCrossover-MA_CROSS,EUR/USD.IDEALPRO,IDEALPRO-1-967,EUR/USD.IDEALPRO-MovingAverageCrossover-MA_CROSS,IDEALPRO-001,IDEALPRO-1-366729,MARKET,SELL,100000.00,GTC,False,False,100000.00,TAKER,1.177770000001,0.0,['2.36 USD'],NO_TRIGGER,FILLED,OTO,OL-20250701-070100-001-MA_CROSS-323,"['O-20250701-070100-001-MA_CROSS-968', 'O-20250701-070100-001-MA_CROSS-969']",,,,,['MA_CROSS'],c1f76a56-ac3b-4906-8014-f9a3f41c3aa5,1751353260000000000,1751353260000000000,,,,,,,
BACKTESTER-001,MovingAverageCrossover-MA_CROSS,EUR/USD.IDEALPRO,IDEALPRO-1-968,EUR/USD.IDEALPRO-MovingAverageCrossover-MA_CROSS,IDEALPRO-001,IDEALPRO-1-366917,STOP_MARKET,BUY,100000.00,GTC,True,False,100000.00,TAKER,1.179289999999,9.999998999976611e-06,['2.36 USD'],NO_TRIGGER,FILLED,OUO,OL-20250701-070100-001-MA_CROSS-323,['O-20250701-070100-001-MA_CROSS-969'],O-20250701-070100-001-MA_CROSS-967,,,,['MA_CROSS_SL'],1dda821c-60a3-4937-8670-d4d205976c4d,1751353260000000000,1751358840000000000,1.17928,DEFAULT,,,,,
BACKTESTER-001,MovingAverageCrossover-MA_CROSS,EUR/USD.IDEALPRO,IDEALPRO-1-969,EUR/USD.IDEALPRO-MovingAverageCrossover-MA_CROSS,IDEALPRO-001,,LIMIT,BUY,99999.99,GTC,True,False,0.00,NO_LIQUIDITY_SIDE,,,,NO_TRIGGER,CANCELED,OUO,OL-20250701-070100-001-MA_CROSS-323,['O-20250701-070100-001-MA_CROSS-968'],O-20250701-070100-001-MA_CROSS-967,,,,['MA_CROSS_TP'],07659bcc-35ee-424d-be5e-eea963c2451c,1751353260000000000,1751358840000000000,,,,,1.17028,True,
BACKTESTER-001,MovingAverageCrossover-MA_CROSS,EUR/USD.IDEALPRO,IDEALPRO-1-970,EUR/USD.IDEALPRO-MovingAverageCrossover-MA_CROSS,IDEALPRO-001,IDEALPRO-1-367033,MARKET,BUY,100000.00,GTC,False,False,100000.00,TAKER,1.182139999999,0.0,['2.36 USD'],NO_TRIGGER,FILLED,OTO,OL-20250701-093100-001-MA_CROSS-324,"['O-20250701-093100-001-MA_CROSS-971', 'O-20250701-093100-001-MA_CROSS-972']",,,,,['MA_CROSS'],40295d67-bf12-4276-b486-1a10ee84375c,1751362260000000000,1751362260000000000,,,,,,,
BACKTESTER-001,MovingAverageCrossover-MA_CROSS,EUR/USD.IDEALPRO,IDEALPRO-1-971,EUR/USD.IDEALPRO-MovingAverageCrossover-MA_CROSS,IDEALPRO-001,IDEALPRO-1-367271,STOP_MARKET,SELL,100000.00,GTC,True,False,100000.00,TAKER,1.180620000001,9.999998999976611e-06,['2.36 USD'],NO_TRIGGER,FILLED,OUO,OL-20250701-093100-001-MA_CROSS-324,['O-20250701-093100-001-MA_CROSS-972'],O-20250701-093100-001-MA_CROSS-970,,,,['MA_CROSS_SL'],4d71a873-a284-4393-83ce-f7388bb24ff8,1751362260000000000,1751369340000000000,1.18063,DEFAULT,,,,,
BACKTESTER-001,MovingAverageCrossover-MA_CROSS,EUR/USD.IDEALPRO,IDEALPRO-1-972,EUR/USD.IDEALPRO-MovingAverageCrossover-MA_CROSS,IDEALPRO-001,,LIMIT,SELL,99999.99,GTC,True,False,0.00,NO_LIQUIDITY_SIDE,,,,NO_TRIGGER,CANCELED,OUO,OL-20250701-093100-001-MA_CROSS-324,['O-20250701-093100-001-MA_CROSS-971'],O-20250701-093100-001-MA_CROSS-970,,,,['MA_CROSS_TP'],6ed4ee5b-c251-45fe-9af4-f29f76fc863b,1751362260000000000,1751369340000000000,,,,,1.18963,True,
BACKTESTER-001,MovingAverageCrossover-MA_CROSS,EUR/USD.IDEALPRO,IDEALPRO-1-973,EUR/USD.IDEALPRO-MovingAverageCrossover-MA_CROSS,IDEALPRO-001,IDEALPRO-1-367273,MARKET,SELL,100000.00,GTC,False,False,100000.00,TAKER,1.180720000001,0.0,['2.36 USD'],NO_TRIGGER,FILLED,OTO,OL-20250701-112900-001-MA_CROSS-325,"['O-20250701-112900-001-MA_CROSS-974', 'O-20250701-112900-001-MA_CROSS-975']",,,,,['MA_CROSS'],37e6b121-c05d-4632-b9df-e6ab99170d6e,1751369340000000000,1751369340000000000,,,,,,,
BACKTESTER-001,MovingAverageCrossover-MA_CROSS,EUR/USD.IDEALPRO,IDEALPRO-1-974,EUR/USD.IDEALPRO-MovingAverageCrossover-MA_CROSS,IDEALPRO-001,,STOP_MARKET,BUY,99999.99,GTC,True,False,0.00,NO_LIQUIDITY_SIDE,,,,NO_TRIGGER,CANCELED,OUO,OL-20250701-112900-001-MA_CROSS-325,['O-20250701-112900-001-MA_CROSS-975'],O-20250701-112900-001-MA_CROSS-973,,,,['MA_CROSS_SL'],f241ae15-c118-4b03-adf9-44b665b92296,1751369340000000000,1751545860000000000,1.18223,DEFAULT,,,,,
BACKTESTER-001,MovingAverageCrossover-MA_CROSS,EUR/USD.IDEALPRO,IDEALPRO-1-975,EUR/USD.IDEALPRO-MovingAverageCrossover-MA_CROSS,IDEALPRO-001,IDEALPRO-1-373099,LIMIT,BUY,100000.00,GTC,True,False,100000.00,MAKER,1.1732299999999998,-2.220446049250313e-16,['2.35 USD'],NO_TRIGGER,FILLED,OUO,OL-20250701-112900-001-MA_CROSS-325,['O-20250701-112900-001-MA_CROSS-974'],O-20250701-112900-001-MA_CROSS-973,,,,['MA_CROSS_TP'],600645ea-2b9f-4611-87c3-a06e39b1532e,1751369340000000000,1751545860000000000,,,,,1.17323,True,
BACKTESTER-001,MovingAverageCrossover-MA_CROSS,EUR/USD.IDEALPRO,IDEALPRO-1-976,EUR/USD.IDEALPRO-MovingAverageCrossover-MA_CROSS,IDEALPRO-001,IDEALPRO-1-373258,MARKET,BUY,100000.00,GTC,False,False,100000.00,TAKER,1.177159999999,0.0,['2.35 USD'],NO_TRIGGER,FILLED,OTO,OL-20250703-134900-001-MA_CROSS-326,"['O-20250703-134900-001-MA_CROSS-977', 'O-20250703-134900-001-MA_CROSS-978']",,,,,['MA_CROSS'],6a484b39-6214-4a70-b407-be9e4442e6de,1751550540000000000,1751550540000000000,,,,,,,
BACKTESTER-001,MovingAverageCrossover-MA_CROSS,EUR/USD.IDEALPRO,IDEALPRO-1-977,EUR/USD.IDEALPRO-MovingAverageCrossover-MA_CROSS,IDEALPRO-001,IDEALPRO-1-373317,STOP_MARKET,SELL,100000.00,GTC,True,False,100000.00,TAKER,1.175640000001,9.999998999976611e-06,['2.35 USD'],NO_TRIGGER,FILLED,OUO,OL-20250703-134900-001-MA_CROSS-326,['O-20250703-134900-001-MA_CROSS-978'],O-20250703-134900-001-MA_CROSS-976,,,,['MA_CROSS_SL'],e90a8bcd-a888-4065-9a50-dae23b2c2b58,1751550540000000000,1751552280000000000,1.17565,DEFAULT,,,,,
BACKTESTER-001,MovingAverageCrossover-MA_CROSS,EUR/USD.IDEALPRO,IDEALPRO-1-978,EUR/USD.IDEALPRO-MovingAverageCrossover-MA_CROSS,IDEALPRO-001,,LIMIT,SELL,99999.99,GTC,True,False,0.00,NO_LIQUIDITY_SIDE,,,,NO_TRIGGER,CANCELED,OUO,OL-20250703-134900-001-MA_CROSS-326,['O-20250703-134900-001-MA_CROSS-977'],O-20250703-134900-001-MA_CROSS-976,,,,['MA_CROSS_TP'],60e1ed3d-f87b-4419-9bd2-e2f58646f9db,1751550540000000000,1751552280000000000,,,,,1.18465,True,
BACKTESTER-001,MovingAverageCrossover-MA_CROSS,EUR/USD.IDEALPRO,IDEALPRO-1-979,EUR/USD.IDEALPRO-MovingAverageCrossover-MA_CROSS,IDEALPRO-001,IDEALPRO-1-373403,MARKET,SELL,100000.00,GTC,False,False,100000.00,TAKER,1.1753100000010002,0.0,['2.35 USD'],NO_TRIGGER,FILLED,OTO,OL-20250703-150000-001-MA_CROSS-327,"['O-20250703-150000-001-MA_CROSS-980', 'O-20250703-150000-001-MA_CROSS-981']",,,,,['MA_CROSS'],50e103b6-4acc-4da3-b6f4-bc9946d47fda,1751554800000000000,1751554800000000000,,,,,,,
BACKTESTER-001,MovingAverageCrossover-MA_CROSS,EUR/USD.IDEALPRO,IDEALPRO-1-980,EUR/USD.IDEALPRO-MovingAverageCrossover-MA_CROSS,IDEALPRO-001,IDEALPRO-1-374401,STOP_MARKET,BUY,100000.00,GTC,True,False,100000.00,TAKER,1.1768299999990002,9.999999000198656e-06,['2.35 USD'],NO_TRIGGER,FILLED,OUO,OL-20250703-150000-001-MA_CROSS-327,['O-20250703-150000-001-MA_CROSS-981'],O-20250703-150000-001-MA_CROSS-979,,,,['MA_CROSS_SL'],5549c53e-cf2f-4965-b533-7b2f54e120f5,1751554800000000000,1751585580000000000,1.17682,DEFAULT,,,,,
BACKTESTER-001,MovingAverageCrossover-MA_CROSS,EUR/USD.IDEALPRO,IDEALPRO-1-981,EUR/USD.IDEALPRO-MovingAverageCrossover-MA_CROSS,IDEALPRO-001,,LIMIT,BUY,99999.99,GTC,True,False,0.00,NO_LIQUIDITY_SIDE,,,,NO_TRIGGER,CANCELED,OUO,OL-20250703-150000-001-MA_CROSS-327,['O-20250703-150000-001-MA_CROSS-980'],O-20250703-150000-001-MA_CROSS-979,,,,['MA_CROSS_TP'],f196f132-afd3-46ba-ba79-c0903b5a4c46,1751554800000000000,1751585580000000000,,,,,1.16782,True,
BACKTESTER-001,MovingAverageCrossover-MA_CROSS,EUR/USD.IDEALPRO,IDEALPRO-1-982,EUR/USD.IDEALPRO-MovingAverageCrossover-MA_CROSS,IDEALPRO-001,IDEALPRO-1-374403,MARKET,BUY,100000.00,GTC,False,False,100000.00,TAKER,1.1768299999990002,0.0,['2.35 USD'],NO_TRIGGER,FILLED,OTO,OL-20250703-233300-001-MA_CROSS-328,"['O-20250703-233300-001-MA_CROSS-983', 'O-20250703-233300-001-MA_CROSS-984']",,,,,['MA_CROSS'],4c740f9d-7d78-48a0-9f82-4eb045a742ce,1751585580000000000,1751585580000000000,,,,,,,
BACKTESTER-001,MovingAverageCrossover-MA_CROSS,EUR/USD.IDEALPRO,IDEALPRO-1-983,EUR/USD.IDEALPRO-MovingAverageCrossover-MA_CROSS,IDEALPRO-001,IDEALPRO-1-378097,STOP_MARKET,SELL,100000.00,GTC,True,False,100000.00,TAKER,1.1753100000010002,9.999998999754567e-06,['2.35 USD'],NO_TRIGGER,FILLED,OUO,OL-20250703-233300-001-MA_CROSS-328,['O-20250703-233300-001-MA_CROSS-984'],O-20250703-233300-001-MA_CROSS-982,,,,['MA_CROSS_SL'],81a3c98a-602d-435c-910c-79bab0de74a6,1751585580000000000,1751870040000000000,1.17532,DEFAULT,,,,,
BACKTESTER-001,MovingAverageCrossover-MA_CROSS,EUR/USD.IDEALPRO,IDEALPRO-1-984,EUR/USD.IDEALPRO-MovingAverageCrossover-MA_CROSS,IDEALPRO-001,,LIMIT,SELL,99999.99,GTC,True,False,0.00,NO_LIQUIDITY_SIDE,,,,NO_TRIGGER,CANCELED,OUO,OL-20250703-233300-001-MA_CROSS-328,['O-20250703-233300-001-MA_CROSS-983'],O-20250703-233300-001-MA_CROSS-982,,,,['MA_CROSS_TP'],48ba5701-b3f9-4132-adfe-508461822f10,1751585580000000000,1751870040000000000,,,,,1.18432,True,
BACKTESTER-001,MovingAverageCrossover-MA_CROSS,EUR/USD.IDEALPRO,IDEALPRO-1-985,EUR/USD.IDEALPRO-MovingAverageCrossover-MA_CROSS,IDEALPRO-001,IDEALPRO-1-378213,MARKET,SELL,100000.00,GTC,False,False,100000.00,TAKER,1.174770000001,0.0,['2.35 USD'],NO_TRIGGER,FILLED,OTO,OL-20250707-073100-001-MA_CROSS-329,"['O-20250707-073100-001-MA_CROSS-986', 'O-20250707-073100-001-MA_CROSS-987']",,,,,['MA_CROSS'],aa04ec33-0270-4dd4-b5bb-b0645b294b9b,1751873460000000000,1751873460000000000,,,,,,,
BACKTESTER-001,MovingAverageCrossover-MA_CROSS,EUR/USD.IDEALPRO,IDEALPRO-1-986,EUR/USD.IDEALPRO-MovingAverageCrossover-MA_CROSS,IDEALPRO-001,IDEALPRO-1-381107,STOP_MARKET,BUY,100000.00,GTC,True,False,100000.00,TAKER,1.1762899999990002,9.999999000198656e-06,['2.35 USD'],NO_TRIGGER,FILLED,OUO,OL-20250707-073100-001-MA_CROSS-329,['O-20250707-073100-001-MA_CROSS-987'],O-20250707-073100-001-MA_CROSS-985,,,,['MA_CROSS_SL'],46dfb8c3-c508-4eda-8cac-13791fab409b,1751873460000000000,1751961120000000000,1.17628,DEFAULT,,,,,
BACKTESTER-001,MovingAverageCrossover-MA_CROSS,EUR/USD.IDEALPRO,IDEALPRO-1-987,EUR/USD.IDEALPRO-MovingAverageCrossover-MA_CROSS,IDEALPRO-001,,LIMIT,BUY,99999.99,GTC,True,False,0.00,NO_LIQUIDITY_SIDE,,,,NO_TRIGGER,CANCELED,OUO,OL-20250707-073100-001-MA_CROSS-329,['O-20250707-073100-001-MA_CROSS-986'],O-20250707-073100-001-MA_CROSS-985,,,,['MA_CROSS_TP'],0950a420-e69a-42c6-ad6d-2ae9328c9938,1751873460000000000,1751961120000000000,,,,,1.16728,True,
BACKTESTER-001,MovingAverageCrossover-MA_CROSS,EUR/USD.IDEALPRO,IDEALPRO-1-988,EUR/USD.IDEALPRO-MovingAverageCrossover-MA_CROSS,IDEALPRO-001,IDEALPRO-1-381109,MARKET,BUY,100000.00,GTC,False,False,100000.00,TAKER,1.176439999999,0.0,['2.35 USD'],NO_TRIGGER,FILLED,OTO,OL-20250708-075200-001-MA_CROSS-330,"['O-20250708-075200-001-MA_CROSS-989', 'O-20250708-075200-001-MA_CROSS-990']",,,,,['MA_CROSS'],07690b3a-5376-4975-b93c-764ae5f954e0,1751961120000000000,1751961120000000000,,,,,,,
BACKTESTER-001,MovingAverageCrossover-MA_CROSS,EUR/USD.IDEALPRO,IDEALPRO-1-989,EUR/USD.IDEALPRO-MovingAverageCrossover-MA_CROSS,IDEALPRO-001,IDEALPRO-1-381207,STOP_MARKET,SELL,100000.00,GTC,True,False,100000.00,TAKER,1.174920000001,9.999998999976611e-06,['2.35 USD'],NO_TRIGGER,FILLED,OUO,OL-20250708-075200-001-MA_CROSS-330,['O-20250708-075200-001-MA_CROSS-990'],O-20250708-075200-001-MA_CROSS-988,,,,['MA_CROSS_SL'],b7d44e45-2903-4795-b89a-9d841478eea3,1751961120000000000,1751964000000000000,1.17493,DEFAULT,,,,,
BACKTESTER-001,MovingAverageCrossover-MA_CROSS,EUR/USD.IDEALPRO,IDEALPRO-1-990,EUR/USD.IDEALPRO-MovingAverageCrossover-MA_CROSS,IDEALPRO-001,,LIMIT,SELL,99999.99,GTC,True,False,0.00,NO_LIQUIDITY_SIDE,,,,NO_TRIGGER,CANCELED,OUO,OL-20250708-075200-001-MA_CROSS-330,['O-20250708-075200-001-MA_CROSS-989'],O-20250708-075200-001-MA_CROSS-988,,,,['MA_CROSS_TP'],db93ec99-2a6a-4b16-82b2-924f3ca7bd70,1751961120000000000,1751964000000000000,,,,,1.18393,True,
BACKTESTER-001,MovingAverageCrossover-MA_CROSS,EUR/USD.IDEALPRO,IDEALPRO-1-991,EUR/USD.IDEALPRO-MovingAverageCrossover-MA_CROSS,IDEALPRO-001,IDEALPRO-1-381251,MARKET,SELL,100000.00,GTC,False,False,100000.00,TAKER,1.1749300000010001,0.0,['2.35 USD'],NO_TRIGGER,FILLED,OTO,OL-20250708-090100-001-MA_CROSS-331,"['O-20250708-090100-001-MA_CROSS-992', 'O-20250708-090100-001-MA_CROSS-993']",,,,,['MA_CROSS'],bff7a8c2-81be-4be4-a8f7-c7aeffd3a1b5,1751965260000000000,1751965260000000000,,,,,,,
BACKTESTER-001,MovingAverageCrossover-MA_CROSS,EUR/USD.IDEALPRO,IDEALPRO-1-992,EUR/USD.IDEALPRO-MovingAverageCrossover-MA_CROSS,IDEALPRO-001,,STOP_MARKET,BUY,99999.99,GTC,True,False,0.00,NO_LIQUIDITY_SIDE,,,,NO_TRIGGER,CANCELED,OUO,OL-20250708-090100-001-MA_CROSS-331,['O-20250708-090100-001-MA_CROSS-993'],O-20250708-090100-001-MA_CROSS-991,,,,['MA_CROSS_SL'],696e4e9c-c833-4852-a731-cdbe2b92a7a6,1751965260000000000,1752157440000000000,1.17644,DEFAULT,,,,,
BACKTESTER-001,MovingAverageCrossover-MA_CROSS,EUR/USD.IDEALPRO,IDEALPRO-1-993,EUR/USD.IDEALPRO-MovingAverageCrossover-MA_CROSS,IDEALPRO-001,IDEALPRO-1-387599,LIMIT,BUY,100000.00,GTC,True,False,100000.00,MAKER,1.16744,0.0,['2.33 USD'],NO_TRIGGER,FILLED,OUO,OL-20250708-090100-001-MA_CROSS-331,['O-20250708-090100-001-MA_CROSS-992'],O-20250708-090100-001-MA_CROSS-991,,,,['MA_CROSS_TP'],1ca50903-3e30-4a85-85e2-c4c45cb9d2df,1751965260000000000,1752157440000000000,,,,,1.16744,True,
BACKTESTER-001,MovingAverageCrossover-MA_CROSS,EUR/USD.IDEALPRO,IDEALPRO-1-994,EUR/USD.IDEALPRO-MovingAverageCrossover-MA_CROSS,IDEALPRO-001,IDEALPRO-1-387855,MARKET,BUY,100000.00,GTC,False,False,100000.00,TAKER,1.168579999999,0.0,['2.34 USD'],NO_TRIGGER,FILLED,OTO,OL-20250710-163100-001-MA_CROSS-332,"['O-20250710-163100-001-MA_CROSS-995', 'O-20250710-163100-001-MA_CROSS-996']",,,,,['MA_CROSS'],a942b9a6-f454-40a3-a0c1-91160e686c84,1752165060000000000,1752165060000000000,,,,,,,
BACKTESTER-001,MovingAverageCrossover-MA_CROSS,EUR/USD.IDEALPRO,IDEALPRO-1-995,EUR/USD.IDEALPRO-MovingAverageCrossover-MA_CROSS,IDEALPRO-001,IDEALPRO-1-388795,STOP_MARKET,SELL,100000.00,GTC,True,False,100000.00,TAKER,1.167060000001,9.999998999976611e-06,['2.33 USD'],NO_TRIGGER,FILLED,OUO,OL-20250710-163100-001-MA_CROSS-332,['O-20250710-163100-001-MA_CROSS-996'],O-20250710-163100-001-MA_CROSS-994,,,,['MA_CROSS_SL'],c3e6fde4-7e4f-406e-9131-a57acc42a2bd,1752165060000000000,1752194100000000000,1.16707,DEFAULT,,,,,
BACKTESTER-001,MovingAverageCrossover-MA_CROSS,EUR/USD.IDEALPRO,IDEALPRO-1-996,EUR/USD.IDEALPRO-MovingAverageCrossover-MA_CROSS,IDEALPRO-001,,LIMIT,SELL,99999.99,GTC,True,False,0.00,NO_LIQUIDITY_SIDE,,,,NO_TRIGGER,CANCELED,OUO,OL-20250710-163100-001-MA_CROSS-332,['O-20250710-163100-001-MA_CROSS-995'],O-20250710-163100-001-MA_CROSS-994,,,,['MA_CROSS_TP'],366f028d-63f7-48ee-8195-96eb2599c662,1752165060000000000,1752194100000000000,,,,,1.17607,True,
BACKTESTER-001,MovingAverageCrossover-MA_CROSS,EUR/USD.IDEALPRO,IDEALPRO-1-997,EUR/USD.IDEALPRO-MovingAverageCrossover-MA_CROSS,IDEALPRO-001,IDEALPRO-1-388879,MARKET,SELL,100000.00,GTC,False,False,100000.00,TAKER,1.167610000001,0.0,['2.34 USD'],NO_TRIGGER,FILLED,OTO,OL-20250711-011600-001-MA_CROSS-333,"['O-20250711-011600-001-MA_CROSS-998', 'O-20250711-011600-001-MA_CROSS-999']",,,,,['MA_CROSS'],5177418f-6a73-449e-987d-8f63335d78b9,1752196560000000000,1752196560000000000,,,,,,,
BACKTESTER-001,MovingAverageCrossover-MA_CROSS,EUR/USD.IDEALPRO,IDEALPRO-1-998,EUR/USD.IDEALPRO-MovingAverageCrossover-MA_CROSS,IDEALPRO-001,IDEALPRO-1-389601,STOP_MARKET,BUY,100000.00,GTC,True,False,100000.00,TAKER,1.169129999999,9.999998999976611e-06,['2.34 USD'],NO_TRIGGER,FILLED,OUO,OL-20250711-011600-001-MA_CROSS-333,['O-20250711-011600-001-MA_CROSS-999'],O-20250711-011600-001-MA_CROSS-997,,,,['MA_CROSS_SL'],856e78a4-55b1-4b2b-9789-9baed3c823e7,1752196560000000000,1752218160000000000,1.16912,DEFAULT,,,,,
BACKTESTER-001,MovingAverageCrossover-MA_CROSS,EUR/USD.IDEALPRO,IDEALPRO-1-999,EUR/USD.IDEALPRO-MovingAverageCrossover-MA_CROSS,IDEALPRO-001,,LIMIT,BUY,99999.99,GTC,True,False,0.00,NO_LIQUIDITY_SIDE,,,,NO_TRIGGER,CANCELED,OUO,OL-20250711-011600-001-MA_CROSS-333,['O-20250711-011600-001-MA_CROSS-998'],O-20250711-011600-001-MA_CROSS-997,,,,['MA_CROSS_TP'],045427b4-78ac-45fe-8060-8bb35df41676,1752196560000000000,1752218160000000000,,,,,1.16012,True,
BACKTESTER-001,MovingAverageCrossover-MA_CROSS,EUR/USD.IDEALPRO,IDEALPRO-1-1000,EUR/USD.IDEALPRO-MovingAverageCrossover-MA_CROSS,IDEALPRO-001,IDEALPRO-1-389603,MARKET,BUY,100000.00,GTC,False,False,100000.00,TAKER,1.169229999999,0.0,['2.34 USD'],NO_TRIGGER,FILLED,OTO,OL-20250711-071600-001-MA_CROSS-334,"['O-20250711-071600-001-MA_CROSS-1001', 'O-20250711-071600-001-MA_CROSS-1002']",,,,,['MA_CROSS'],b42df870-1b53-4279-ac3c-9c15d2878c1c,1752218160000000000,1752218160000000000,,,,,,,
BACKTESTER-001,MovingAverageCrossover-MA_CROSS,EUR/USD.IDEALPRO,IDEALPRO-1-1001,EUR/USD.IDEALPRO-MovingAverageCrossover-MA_CROSS,IDEALPRO-001,IDEALPRO-1-390449,STOP_MARKET,SELL,100000.00,GTC,True,False,100000.00,TAKER,1.1677100000010001,9.999998999976611e-06,['2.34 USD'],NO_TRIGGER,FILLED,OUO,OL-20250711-071600-001-MA_CROSS-334,['O-20250711-071600-001-MA_CROSS-1002'],O-20250711-071600-001-MA_CROSS-1000,,,,['MA_CROSS_SL'],1f507da8-9cd0-489f-a5b4-c8d7231d22f4,1752218160000000000,1752243480000000000,1.16772,DEFAULT,,,,,
BACKTESTER-001,MovingAverageCrossover-MA_CROSS,EUR/USD.IDEALPRO,IDEALPRO-1-1002,EUR/USD.IDEALPRO-MovingAverageCrossover-MA_CROSS,IDEALPRO-001,,LIMIT,SELL,99999.99,GTC,True,False,0.00,NO_LIQUIDITY_SIDE,,,,NO_TRIGGER,CANCELED,OUO,OL-20250711-071600-001-MA_CROSS-334,['O-20250711-071600-001-MA_CROSS-1001'],O-20250711-071600-001-MA_CROSS-1000,,,,['MA_CROSS_TP'],0da9739e-7d64-43de-9a31-490ed42bd90d,1752218160000000000,1752243480000000000,,,,,1.17672,True,
BACKTESTER-001,MovingAverageCrossover-MA_CROSS,EUR/USD.IDEALPRO,IDEALPRO-1-1003,EUR/USD.IDEALPRO-MovingAverageCrossover-MA_CROSS,IDEALPRO-001,IDEALPRO-1-390451,MARKET,SELL,100000.00,GTC,False,False,100000.00,TAKER,1.167750000001,0.0,['2.34 USD'],NO_TRIGGER,FILLED,OTO,OL-20250711-141800-001-MA_CROSS-335,"['O-20250711-141800-001-MA_CROSS-1004', 'O-20250711-141800-001-MA_CROSS-1005']",,,,,['MA_CROSS'],0c3a4bee-1fdd-44a6-bb91-79389a0665b4,1752243480000000000,1752243480000000000,,,,,,,
BACKTESTER-001,MovingAverageCrossover-MA_CROSS,EUR/USD.IDEALPRO,IDEALPRO-1-1004,EUR/USD.IDEALPRO-MovingAverageCrossover-MA_CROSS,IDEALPRO-001,IDEALPRO-1-390529,STOP_MARKET,BUY,100000.00,GTC,True,False,100000.00,TAKER,1.169269999999,9.999998999976611e-06,['2.34 USD'],NO_TRIGGER,FILLED,OUO,OL-20250711-141800-001-MA_CROSS-335,['O-20250711-141800-001-MA_CROSS-1005'],O-20250711-141800-001-MA_CROSS-1003,,,,['MA_CROSS_SL'],a5a066a8-a7d5-4f37-b9dc-9f91419f9a7d,1752243480000000000,1752245760000000000,1.16926,DEFAULT,,,,,
BACKTESTER-001,MovingAverageCrossover-MA_CROSS,EUR/USD.IDEALPRO,IDEALPRO-1-1005,EUR/USD.IDEALPRO-MovingAverageCrossover-MA_CROSS,IDEALPRO-001,,LIMIT,BUY,99999.99,GTC,True,False,0.00,NO_LIQUIDITY_SIDE,,,,NO_TRIGGER,CANCELED,OUO,OL-20250711-141800-001-MA_CROSS-335,['O-20250711-141800-001-MA_CROSS-1004'],O-20250711-141800-001-MA_CROSS-1003,,,,['MA_CROSS_TP'],7742d12e-2981-4d52-9767-c69e691b1ed0,1752243480000000000,1752245760000000000,,,,,1.16026,True,
BACKTESTER-001,MovingAverageCrossover-MA_CROSS,EUR/USD.IDEALPRO,IDEALPRO-1-1006,EUR/USD.IDEALPRO-MovingAverageCrossover-MA_CROSS,IDEALPRO-001,IDEALPRO-1-391530,MARKET,BUY,100000.00,GTC,False,False,100000.00,TAKER,1.167689999999,0.0,['2.34 USD'],NO_TRIGGER,FILLED,OTO,OL-20250713-233000-001-MA_CROSS-336,"['O-20250713-233000-001-MA_CROSS-1007', 'O-20250713-233000-001-MA_CROSS-1008']",,,,,['MA_CROSS'],88519df4-dbfc-4e07-83c1-44b33404acbf,1752449400000000000,1752449400000000000,,,,,,,
BACKTESTER-001,MovingAverageCrossover-MA_CROSS,EUR/USD.IDEALPRO,IDEALPRO-1-1007,EUR/USD.IDEALPRO-MovingAverageCrossover-MA_CROSS,IDEALPRO-001,IDEALPRO-1-392335,STOP_MARKET,SELL,100000.00,GTC,True,False,100000.00,TAKER,1.1661700000009998,9.999999000198656e-06,['2.33 USD'],NO_TRIGGER,FILLED,OUO,OL-20250713-233000-001-MA_CROSS-336,['O-20250713-233000-001-MA_CROSS-1008'],O-20250713-233000-001-MA_CROSS-1006,,,,['MA_CROSS_SL'],74a547e9-69ad-4e66-9a72-4545a457c7ad,1752449400000000000,1752473520000000000,1.16618,DEFAULT,,,,,
BACKTESTER-001,MovingAverageCrossover-MA_CROSS,EUR/USD.IDEALPRO,IDEALPRO-1-1008,EUR/USD.IDEALPRO-MovingAverageCrossover-MA_CROSS,IDEALPRO-001,,LIMIT,SELL,99999.99,GTC,True,False,0.00,NO_LIQUIDITY_SIDE,,,,NO_TRIGGER,CANCELED,OUO,OL-20250713-233000-001-MA_CROSS-336,['O-20250713-233000-001-MA_CROSS-1007'],O-20250713-233000-001-MA_CROSS-1006,,,,['MA_CROSS_TP'],c3cff237-5cc0-416f-aa11-cfb3f0b8781c,1752449400000000000,1752473520000000000,,,,,1.17518,True,
BACKTESTER-001,MovingAverageCrossover-MA_CROSS,EUR/USD.IDEALPRO,IDEALPRO-1-1009,EUR/USD.IDEALPRO-MovingAverageCrossover-MA_CROSS,IDEALPRO-001,IDEALPRO-1-393018,MARKET,SELL,100000.00,GTC,False,False,100000.00,TAKER,1.168730000001,0.0,['2.34 USD'],NO_TRIGGER,FILLED,OTO,OL-20250714-115200-001-MA_CROSS-337,"['O-20250714-115200-001-MA_CROSS-1010', 'O-20250714-115200-001-MA_CROSS-1011']",,,,,['MA_CROSS'],c8186cd5-a74b-4e76-9019-7946312c738e,1752493920000000000,1752493920000000000,,,,,,,
BACKTESTER-001,MovingAverageCrossover-MA_CROSS,EUR/USD.IDEALPRO,IDEALPRO-1-1010,EUR/USD.IDEALPRO-MovingAverageCrossover-MA_CROSS,IDEALPRO-001,,STOP_MARKET,BUY,99999.97,GTC,True,False,0.00,NO_LIQUIDITY_SIDE,,,,NO_TRIGGER,CANCELED,OUO,OL-20250714-115200-001-MA_CROSS-337,['O-20250714-115200-001-MA_CROSS-1011'],O-20250714-115200-001-MA_CROSS-1009,,,,['MA_CROSS_SL'],5052ccc7-91ce-479d-9b42-f85988edddf6,1752493920000000000,1752592620000000000,1.17024,DEFAULT,,,,,
BACKTESTER-001,MovingAverageCrossover-MA_CROSS,EUR/USD.IDEALPRO,IDEALPRO-1-1011,EUR/USD.IDEALPRO-MovingAverageCrossover-MA_CROSS,IDEALPRO-001,IDEALPRO-1-396281,LIMIT,BUY,100000.00,GTC,True,False,100000.00,MAKER,1.16124,0.0,['2.32 USD'],NO_TRIGGER,FILLED,OUO,OL-20250714-115200-001-MA_CROSS-337,['O-20250714-115200-001-MA_CROSS-1010'],O-20250714-115200-001-MA_CROSS-1009,,,,['MA_CROSS_TP'],27d6c7a8-f795-4a52-a788-f3769fe82fb7,1752493920000000000,1752592620000000000,,,,,1.16124,True,
BACKTESTER-001,MovingAverageCrossover-MA_CROSS,EUR/USD.IDEALPRO,IDEALPRO-1-1012,EUR/USD.IDEALPRO-MovingAverageCrossover-MA_CROSS,IDEALPRO-001,IDEALPRO-1-397181,MARKET,BUY,100000.00,GTC,False,False,100000.00,TAKER,1.1604199999990001,0.0,['2.32 USD'],NO_TRIGGER,FILLED,OTO,OL-20250715-230100-001-MA_CROSS-338,"['O-20250715-230100-001-MA_CROSS-1013', 'O-20250715-230100-001-MA_CROSS-1014']",,,,,['MA_CROSS'],33be55fd-81b6-45d4-a5bb-8a1ef1288219,1752620460000000000,1752620460000000000,,,,,,,
BACKTESTER-001,MovingAverageCrossover-MA_CROSS,EUR/USD.IDEALPRO,IDEALPRO-1-1013,EUR/USD.IDEALPRO-MovingAverageCrossover-MA_CROSS,IDEALPRO-001,IDEALPRO-1-398901,STOP_MARKET,SELL,100000.00,GTC,True,False,100000.00,TAKER,1.158900000001,9.999999000198656e-06,['2.32 USD'],NO_TRIGGER,FILLED,OUO,OL-20250715-230100-001-MA_CROSS-338,['O-20250715-230100-001-MA_CROSS-1014'],O-20250715-230100-001-MA_CROSS-1012,,,,['MA_CROSS_SL'],c7f89cf0-cfaa-4eb8-8aed-feab594a1389,1752620460000000000,1752672000000000000,1.15891,DEFAULT,,,,,
BACKTESTER-001,MovingAverageCrossover-MA_CROSS,EUR/USD.IDEALPRO,IDEALPRO-1-1014,EUR/USD.IDEALPRO-MovingAverageCrossover-MA_CROSS,IDEALPRO-001,,LIMIT,SELL,99999.99,GTC,True,False,0.00,NO_LIQUIDITY_SIDE,,,,NO_TRIGGER,CANCELED,OUO,OL-20250715-230100-001-MA_CROSS-338,['O-20250715-230100-001-MA_CROSS-1013'],O-20250715-230100-001-MA_CROSS-1012,,,,['MA_CROSS_TP'],f7396b5e-6234-4b71-9293-b465da8211ff,1752620460000000000,1752672000000000000,,,,,1.16791,True,
BACKTESTER-001,MovingAverageCrossover-MA_CROSS,EUR/USD.IDEALPRO,IDEALPRO-1-1015,EUR/USD.IDEALPRO-MovingAverageCrossover-MA_CROSS,IDEALPRO-001,IDEALPRO-1-398903,MARKET,SELL,100000.00,GTC,False,False,100000.00,TAKER,1.158760000001,0.0,['2.32 USD'],NO_TRIGGER,FILLED,OTO,OL-20250716-132000-001-MA_CROSS-339,"['O-20250716-132000-001-MA_CROSS-1016', 'O-20250716-132000-001-MA_CROSS-1017']",,,,,['MA_CROSS'],96b0027e-d338-4773-be5c-6c3ad82f4f4c,1752672000000000000,1752672000000000000,,,,,,,
BACKTESTER-001,MovingAverageCrossover-MA_CROSS,EUR/USD.IDEALPRO,IDEALPRO-1-1016,EUR/USD.IDEALPRO-MovingAverageCrossover-MA_CROSS,IDEALPRO-001,IDEALPRO-1-399099,STOP_MARKET,BUY,100000.00,GTC,True,False,100000.00,TAKER,1.160279999999,9.999998999976611e-06,['2.32 USD'],NO_TRIGGER,FILLED,OUO,OL-20250716-132000-001-MA_CROSS-339,['O-20250716-132000-001-MA_CROSS-1017'],O-20250716-132000-001-MA_CROSS-1015,,,,['MA_CROSS_SL'],129ccd31-80ca-4a19-a83f-796cb8d16bc3,1752672000000000000,1752677820000000000,1.16027,DEFAULT,,,,,
BACKTESTER-001,MovingAverageCrossover-MA_CROSS,EUR/USD.IDEALPRO,IDEALPRO-1-1017,EUR/USD.IDEALPRO-MovingAverageCrossover-MA_CROSS,IDEALPRO-001,,LIMIT,BUY,99999.99,GTC,True,False,0.00,NO_LIQUIDITY_SIDE,,,,NO_TRIGGER,CANCELED,OUO,OL-20250716-132000-001-MA_CROSS-339,['O-20250716-132000-001-MA_CROSS-1016'],O-20250716-132000-001-MA_CROSS-1015,,,,['MA_CROSS_TP'],ecd4329f-40f3-412b-a51d-756b5fbfc70c,1752672000000000000,1752677820000000000,,,,,1.15127,True,
BACKTESTER-001,MovingAverageCrossover-MA_CROSS,EUR/USD.IDEALPRO,IDEALPRO-1-1018,EUR/USD.IDEALPRO-MovingAverageCrossover-MA_CROSS,IDEALPRO-001,IDEALPRO-1-399258,MARKET,BUY,100000.00,GTC,False,False,100000.00,TAKER,1.1646799999989998,0.0,['2.33 USD'],NO_TRIGGER,FILLED,OTO,OL-20250716-161500-001-MA_CROSS-340,"['O-20250716-161500-001-MA_CROSS-1019', 'O-20250716-161500-001-MA_CROSS-1020']",,,,,['MA_CROSS'],18b92fd9-2b45-4a23-b1de-a153934a99bf,1752682500000000000,1752682500000000000,,,,,,,
BACKTESTER-001,MovingAverageCrossover-MA_CROSS,EUR/USD.IDEALPRO,IDEALPRO-1-1019,EUR/USD.IDEALPRO-MovingAverageCrossover-MA_CROSS,IDEALPRO-001,IDEALPRO-1-399273,STOP_MARKET,SELL,100000.00,GTC,True,False,100000.00,TAKER,1.163160000001,9.999998999976611e-06,['2.33 USD'],NO_TRIGGER,FILLED,OUO,OL-20250716-161500-001-MA_CROSS-340,['O-20250716-161500-001-MA_CROSS-1020'],O-20250716-161500-001-MA_CROSS-1018,,,,['MA_CROSS_SL'],db8c2c4c-fb3e-4cf7-92ef-65addfad9eca,1752682500000000000,1752682920000000000,1.16317,DEFAULT,,,,,
BACKTESTER-001,MovingAverageCrossover-MA_CROSS,EUR/USD.IDEALPRO,IDEALPRO-1-1020,EUR/USD.IDEALPRO-MovingAverageCrossover-MA_CROSS,IDEALPRO-001,,LIMIT,SELL,99999.99,GTC,True,False,0.00,NO_LIQUIDITY_SIDE,,,,NO_TRIGGER,CANCELED,OUO,OL-20250716-161500-001-MA_CROSS-340,['O-20250716-161500-001-MA_CROSS-1019'],O-20250716-161500-001-MA_CROSS-1018,,,,['MA_CROSS_TP'],0415fc20-137b-439d-9172-b4fa94945b3f,1752682500000000000,1752682920000000000,,,,,1.17217,True,
BACKTESTER-001,MovingAverageCrossover-MA_CROSS,EUR/USD.IDEALPRO,IDEALPRO-1-1021,EUR/USD.IDEALPRO-MovingAverageCrossover-MA_CROSS,IDEALPRO-001,IDEALPRO-1-399324,MARKET,SELL,100000.00,GTC,False,False,100000.00,TAKER,1.163080000001,0.0,['2.33 USD'],NO_TRIGGER,FILLED,OTO,OL-20250716-164600-001-MA_CROSS-341,"['O-20250716-164600-001-MA_CROSS-1022', 'O-20250716-164600-001-MA_CROSS-1023']",,,,,['MA_CROSS'],6a2802d1-ae64-4a3b-878a-a174d55168b9,1752684360000000000,1752684360000000000,,,,,,,
BACKTESTER-001,MovingAverageCrossover-MA_CROSS,EUR/USD.IDEALPRO,IDEALPRO-1-1022,EUR/USD.IDEALPRO-MovingAverageCrossover-MA_CROSS,IDEALPRO-001,IDEALPRO-1-399333,STOP_MARKET,BUY,100000.00,GTC,True,False,100000.00,TAKER,1.1645999999990002,9.999999000198656e-06,['2.33 USD'],NO_TRIGGER,FILLED,OUO,OL-20250716-164600-001-MA_CROSS-341,['O-20250716-164600-001-MA_CROSS-1023'],O-20250716-164600-001-MA_CROSS-1021,,,,['MA_CROSS_SL'],a635edf2-0742-4b3a-8571-94687ad5ff10,1752684360000000000,1752684600000000000,1.16459,DEFAULT,,,,,
BACKTESTER-001,MovingAverageCrossover-MA_CROSS,EUR/USD.IDEALPRO,IDEALPRO-1-1023,EUR/USD.IDEALPRO-MovingAverageCrossover-MA_CROSS,IDEALPRO-001,,LIMIT,BUY,99999.99,GTC,True,False,0.00,NO_LIQUIDITY_SIDE,,,,NO_TRIGGER,CANCELED,OUO,OL-20250716-164600-001-MA_CROSS-341,['O-20250716-164600-001-MA_CROSS-1022'],O-20250716-164600-001-MA_CROSS-1021,,,,['MA_CROSS_TP'],b10fb4cc-61b9-426e-a42a-5cfc30947576,1752684360000000000,1752684600000000000,,,,,1.15559,True,
BACKTESTER-001,MovingAverageCrossover-MA_CROSS,EUR/USD.IDEALPRO,IDEALPRO-1-1024,EUR/USD.IDEALPRO-MovingAverageCrossover-MA_CROSS,IDEALPRO-001,IDEALPRO-1-399435,MARKET,BUY,100000.00,GTC,False,False,100000.00,TAKER,1.1651599999989999,0.0,['2.33 USD'],NO_TRIGGER,FILLED,OTO,OL-20250716-174000-001-MA_CROSS-342,"['O-20250716-174000-001-MA_CROSS-1025', 'O-20250716-174000-001-MA_CROSS-1026']",,,,,['MA_CROSS'],8175ffb0-0fe6-4c3b-9635-31d9496883bc,1752687600000000000,1752687600000000000,,,,,,,
BACKTESTER-001,MovingAverageCrossover-MA_CROSS,EUR/USD.IDEALPRO,IDEALPRO-1-1025,EUR/USD.IDEALPRO-MovingAverageCrossover-MA_CROSS,IDEALPRO-001,IDEALPRO-1-399471,STOP_MARKET,SELL,100000.00,GTC,True,False,100000.00,TAKER,1.163640000001,9.999998999976611e-06,['2.33 USD'],NO_TRIGGER,FILLED,OUO,OL-20250716-174000-001-MA_CROSS-342,['O-20250716-174000-001-MA_CROSS-1026'],O-20250716-174000-001-MA_CROSS-1024,,,,['MA_CROSS_SL'],89188940-2934-4e46-9a85-5fe2b0ba17b0,1752687600000000000,1752688620000000000,1.16365,DEFAULT,,,,,
BACKTESTER-001,MovingAverageCrossover-MA_CROSS,EUR/USD.IDEALPRO,IDEALPRO-1-1026,EUR/USD.IDEALPRO-MovingAverageCrossover-MA_CROSS,IDEALPRO-001,,LIMIT,SELL,99999.99,GTC,True,False,0.00,NO_LIQUIDITY_SIDE,,,,NO_TRIGGER,CANCELED,OUO,OL-20250716-174000-001-MA_CROSS-342,['O-20250716-174000-001-MA_CROSS-1025'],O-20250716-174000-001-MA_CROSS-1024,,,,['MA_CROSS_TP'],0b6985b3-cef2-480c-9b08-b1e02bc9e617,1752687600000000000,1752688620000000000,,,,,1.17265,True,
BACKTESTER-001,MovingAverageCrossover-MA_CROSS,EUR/USD.IDEALPRO,IDEALPRO-1-1027,EUR/USD.IDEALPRO-MovingAverageCrossover-MA_CROSS,IDEALPRO-001,IDEALPRO-1-399930,MARKET,SELL,100000.00,GTC,False,False,100000.00,TAKER,1.163680000001,0.0,['2.33 USD'],NO_TRIGGER,FILLED,OTO,OL-20250716-220000-001-MA_CROSS-343,"['O-20250716-220000-001-MA_CROSS-1028', 'O-20250716-220000-001-MA_CROSS-1029']",,,,,['MA_CROSS'],622ca553-2a43-4036-b958-6f0fe257993d,1752703200000000000,1752703200000000000,,,,,,,
BACKTESTER-001,MovingAverageCrossover-MA_CROSS,EUR/USD.IDEALPRO,IDEALPRO-1-1028,EUR/USD.IDEALPRO-MovingAverageCrossover-MA_CROSS,IDEALPRO-001,,STOP_MARKET,BUY,99999.99,GTC,True,False,0.00,NO_LIQUIDITY_SIDE,,,,NO_TRIGGER,CANCELED,OUO,OL-20250716-220000-001-MA_CROSS-343,['O-20250716-220000-001-MA_CROSS-1029'],O-20250716-220000-001-MA_CROSS-1027,,,,['MA_CROSS_SL'],d50192a8-a2a6-43c2-89f6-655163c3404a,1752703200000000000,1752755460000000000,1.16519,DEFAULT,,,,,
BACKTESTER-001,MovingAverageCrossover-MA_CROSS,EUR/USD.IDEALPRO,IDEALPRO-1-1029,EUR/USD.IDEALPRO-MovingAverageCrossover-MA_CROSS,IDEALPRO-001,IDEALPRO-1-401673,LIMIT,BUY,100000.00,GTC,True,False,100000.00,MAKER,1.15619,0.0,['2.31 USD'],NO_TRIGGER,FILLED,OUO,OL-20250716-220000-001-MA_CROSS-343,['O-20250716-220000-001-MA_CROSS-1028'],O-20250716-220000-001-MA_CROSS-1027,,,,['MA_CROSS_TP'],80f75947-d7df-4098-902d-90e7aed7d67a,1752703200000000000,1752755460000000000,,,,,1.15619,True,
BACKTESTER-001,MovingAverageCrossover-MA_CROSS,EUR/USD.IDEALPRO,IDEALPRO-1-1030,EUR/USD.IDEALPRO-MovingAverageCrossover-MA_CROSS,IDEALPRO-001,IDEALPRO-1-401735,MARKET,BUY,100000.00,GTC,False,False,100000.00,TAKER,1.158879999999,0.0,['2.32 USD'],NO_TRIGGER,FILLED,OTO,OL-20250717-130100-001-MA_CROSS-344,"['O-20250717-130100-001-MA_CROSS-1031', 'O-20250717-130100-001-MA_CROSS-1032']",,,,,['MA_CROSS'],558028f2-07a0-47fd-b4df-e71f865e5348,1752757260000000000,1752757260000000000,,,,,,,
BACKTESTER-001,MovingAverageCrossover-MA_CROSS,EUR/USD.IDEALPRO,IDEALPRO-1-1031,EUR/USD.IDEALPRO-MovingAverageCrossover-MA_CROSS,IDEALPRO-001,,STOP_MARKET,SELL,99999.99,GTC,True,False,0.00,NO_LIQUIDITY_SIDE,,,,NO_TRIGGER,CANCELED,OUO,OL-20250717-130100-001-MA_CROSS-344,['O-20250717-130100-001-MA_CROSS-1032'],O-20250717-130100-001-MA_CROSS-1030,,,,['MA_CROSS_SL'],035c9ef8-c75b-4b08-97fd-82c8ae9cfe83,1752757260000000000,1752845100000000000,1.15737,DEFAULT,,,,,
BACKTESTER-001,MovingAverageCrossover-MA_CROSS,EUR/USD.IDEALPRO,IDEALPRO-1-1032,EUR/USD.IDEALPRO-MovingAverageCrossover-MA_CROSS,IDEALPRO-001,IDEALPRO-1-404635,LIMIT,SELL,100000.00,GTC,True,False,100000.00,MAKER,1.16637,0.0,['2.33 USD'],NO_TRIGGER,FILLED,OUO,OL-20250717-130100-001-MA_CROSS-344,['O-20250717-130100-001-MA_CROSS-1031'],O-20250717-130100-001-MA_CROSS-1030,,,,['MA_CROSS_TP'],2f73ec71-df21-489f-8792-96b81cba4360,1752757260000000000,1752845100000000000,,,,,1.16637,True,
BACKTESTER-001,MovingAverageCrossover-MA_CROSS,EUR/USD.IDEALPRO,IDEALPRO-1-1033,EUR/USD.IDEALPRO-MovingAverageCrossover-MA_CROSS,IDEALPRO-001,IDEALPRO-1-404765,MARKET,SELL,100000.00,GTC,False,False,100000.00,TAKER,1.165330000001,0.0,['2.33 USD'],NO_TRIGGER,FILLED,OTO,OL-20250718-142900-001-MA_CROSS-345,"['O-20250718-142900-001-MA_CROSS-1034', 'O-20250718-142900-001-MA_CROSS-1035']",,,,,['MA_CROSS'],9b50cf7f-1b21-462b-817f-bd343dd90675,1752848940000000000,1752848940000000000,,,,,,,
BACKTESTER-001,MovingAverageCrossover-MA_CROSS,EUR/USD.IDEALPRO,IDEALPRO-1-1034,EUR/USD.IDEALPRO-MovingAverageCrossover-MA_CROSS,IDEALPRO-001,IDEALPRO-1-407317,STOP_MARKET,BUY,100000.00,GTC,True,False,100000.00,TAKER,1.166849999999,9.999998999976611e-06,['2.33 USD'],NO_TRIGGER,FILLED,OUO,OL-20250718-142900-001-MA_CROSS-345,['O-20250718-142900-001-MA_CROSS-1035'],O-20250718-142900-001-MA_CROSS-1033,,,,['MA_CROSS_SL'],dac266a3-0c8a-4723-bb03-8a7b9898c0e6,1752848940000000000,1753099140000000000,1.16684,DEFAULT,,,,,
BACKTESTER-001,MovingAverageCrossover-MA_CROSS,EUR/USD.IDEALPRO,IDEALPRO-1-1035,EUR/USD.IDEALPRO-MovingAverageCrossover-MA_CROSS,IDEALPRO-001,,LIMIT,BUY,99999.99,GTC,True,False,0.00,NO_LIQUIDITY_SIDE,,,,NO_TRIGGER,CANCELED,OUO,OL-20250718-142900-001-MA_CROSS-345,['O-20250718-142900-001-MA_CROSS-1034'],O-20250718-142900-001-MA_CROSS-1033,,,,['MA_CROSS_TP'],56812251-a421-4e42-a906-af70248a76bb,1752848940000000000,1753099140000000000,,,,,1.15784,True,
BACKTESTER-001,MovingAverageCrossover-MA_CROSS,EUR/USD.IDEALPRO,IDEALPRO-1-1036,EUR/USD.IDEALPRO-MovingAverageCrossover-MA_CROSS,IDEALPRO-001,IDEALPRO-1-407319,MARKET,BUY,100000.00,GTC,False,False,100000.00,TAKER,1.1668099999989998,0.0,['2.33 USD'],NO_TRIGGER,FILLED,OTO,OL-20250721-115900-001-MA_CROSS-346,"['O-20250721-115900-001-MA_CROSS-1037', 'O-20250721-115900-001-MA_CROSS-1038']",,,,,['MA_CROSS'],5159732e-4015-4857-a39b-6e0827fcbd3f,1753099140000000000,1753099140000000000,,,,,,,
BACKTESTER-001,MovingAverageCrossover-MA_CROSS,EUR/USD.IDEALPRO,IDEALPRO-1-1037,EUR/USD.IDEALPRO-MovingAverageCrossover-MA_CROSS,IDEALPRO-001,,STOP_MARKET,SELL,99999.99,GTC,True,False,0.00,NO_LIQUIDITY_SIDE,,,,NO_TRIGGER,CANCELED,OUO,OL-20250721-115900-001-MA_CROSS-346,['O-20250721-115900-001-MA_CROSS-1038'],O-20250721-115900-001-MA_CROSS-1036,,,,['MA_CROSS_SL'],805b3659-c201-4e64-8af8-8398861e35b6,1753099140000000000,1753198680000000000,1.16530,DEFAULT,,,,,
BACKTESTER-001,MovingAverageCrossover-MA_CROSS,EUR/USD.IDEALPRO,IDEALPRO-1-1038,EUR/USD.IDEALPRO-MovingAverageCrossover-MA_CROSS,IDEALPRO-001,IDEALPRO-1-410609,LIMIT,SELL,100000.00,GTC,True,False,100000.00,MAKER,1.1743,0.0,['2.35 USD'],NO_TRIGGER,FILLED,OUO,OL-20250721-115900-001-MA_CROSS-346,['O-20250721-115900-001-MA_CROSS-1037'],O-20250721-115900-001-MA_CROSS-1036,,,,['MA_CROSS_TP'],f904c9da-b7fa-4aaa-bb55-590d434a546c,1753099140000000000,1753198680000000000,,,,,1.17430,True,
BACKTESTER-001,MovingAverageCrossover-MA_CROSS,EUR/USD.IDEALPRO,IDEALPRO-1-1039,EUR/USD.IDEALPRO-MovingAverageCrossover-MA_CROSS,IDEALPRO-001,IDEALPRO-1-410847,MARKET,SELL,100000.00,GTC,False,False,100000.00,TAKER,1.1745000000010002,0.0,['2.35 USD'],NO_TRIGGER,FILLED,OTO,OL-20250722-173600-001-MA_CROSS-347,"['O-20250722-173600-001-MA_CROSS-1040', 'O-20250722-173600-001-MA_CROSS-1041']",,,,,['MA_CROSS'],4cbf280e-782e-4625-a2a4-5dd276d79c44,1753205760000000000,1753205760000000000,,,,,,,
BACKTESTER-001,MovingAverageCrossover-MA_CROSS,EUR/USD.IDEALPRO,IDEALPRO-1-1040,EUR/USD.IDEALPRO-MovingAverageCrossover-MA_CROSS,IDEALPRO-001,IDEALPRO-1-413519,STOP_MARKET,BUY,100000.00,GTC,True,False,100000.00,TAKER,1.1760199999990002,9.999999000198656e-06,['2.35 USD'],NO_TRIGGER,FILLED,OUO,OL-20250722-173600-001-MA_CROSS-347,['O-20250722-173600-001-MA_CROSS-1041'],O-20250722-173600-001-MA_CROSS-1039,,,,['MA_CROSS_SL'],3c91310c-2226-418a-a17e-75264c7a99f5,1753205760000000000,1753286760000000000,1.17601,DEFAULT,,,,,
BACKTESTER-001,MovingAverageCrossover-MA_CROSS,EUR/USD.IDEALPRO,IDEALPRO-1-1041,EUR/USD.IDEALPRO-MovingAverageCrossover-MA_CROSS,IDEALPRO-001,,LIMIT,BUY,99999.99,GTC,True,False,0.00,NO_LIQUIDITY_SIDE,,,,NO_TRIGGER,CANCELED,OUO,OL-20250722-173600-001-MA_CROSS-347,['O-20250722-173600-001-MA_CROSS-1040'],O-20250722-173600-001-MA_CROSS-1039,,,,['MA_CROSS_TP'],fc905cb6-1348-4dc0-b19e-4b80baf9dc22,1753205760000000000,1753286760000000000,,,,,1.16701,True,
BACKTESTER-001,MovingAverageCrossover-MA_CROSS,EUR/USD.IDEALPRO,IDEALPRO-1-1042,EUR/USD.IDEALPRO-MovingAverageCrossover-MA_CROSS,IDEALPRO-001,IDEALPRO-1-413521,MARKET,BUY,100000.00,GTC,False,False,100000.00,TAKER,1.1753599999989999,0.0,['2.35 USD'],NO_TRIGGER,FILLED,OTO,OL-20250723-160600-001-MA_CROSS-348,"['O-20250723-160600-001-MA_CROSS-1043', 'O-20250723-160600-001-MA_CROSS-1044']",,,,,['MA_CROSS'],5be68e65-8c9a-4c30-b857-f5383cf42fe5,1753286760000000000,1753286760000000000,,,,,,,
BACKTESTER-001,MovingAverageCrossover-MA_CROSS,EUR/USD.IDEALPRO,IDEALPRO-1-1043,EUR/USD.IDEALPRO-MovingAverageCrossover-MA_CROSS,IDEALPRO-001,IDEALPRO-1-415959,STOP_MARKET,SELL,100000.00,GTC,True,False,100000.00,TAKER,1.173840000001,9.999998999976611e-06,['2.35 USD'],NO_TRIGGER,FILLED,OUO,OL-20250723-160600-001-MA_CROSS-348,['O-20250723-160600-001-MA_CROSS-1044'],O-20250723-160600-001-MA_CROSS-1042,,,,['MA_CROSS_SL'],cd1c1f3e-fba7-46e7-865d-436d08f37685,1753286760000000000,1753360740000000000,1.17385,DEFAULT,,,,,
BACKTESTER-001,MovingAverageCrossover-MA_CROSS,EUR/USD.IDEALPRO,IDEALPRO-1-1044,EUR/USD.IDEALPRO-MovingAverageCrossover-MA_CROSS,IDEALPRO-001,,LIMIT,SELL,99999.99,GTC,True,False,0.00,NO_LIQUIDITY_SIDE,,,,NO_TRIGGER,CANCELED,OUO,OL-20250723-160600-001-MA_CROSS-348,['O-20250723-160600-001-MA_CROSS-1043'],O-20250723-160600-001-MA_CROSS-1042,,,,['MA_CROSS_TP'],1bff9a5e-5c05-45dd-b999-c63f4b49763f,1753286760000000000,1753360740000000000,,,,,1.18285,True,
BACKTESTER-001,MovingAverageCrossover-MA_CROSS,EUR/USD.IDEALPRO,IDEALPRO-1-1045,EUR/USD.IDEALPRO-MovingAverageCrossover-MA_CROSS,IDEALPRO-001,IDEALPRO-1-416005,MARKET,SELL,100000.00,GTC,False,False,100000.00,TAKER,1.173450000001,0.0,['2.35 USD'],NO_TRIGGER,FILLED,OTO,OL-20250724-130100-001-MA_CROSS-349,"['O-20250724-130100-001-MA_CROSS-1046', 'O-20250724-130100-001-MA_CROSS-1047']",,,,,['MA_CROSS'],35764012-6637-4de7-b54f-7262cda4330b,1753362060000000000,1753362060000000000,,,,,,,
BACKTESTER-001,MovingAverageCrossover-MA_CROSS,EUR/USD.IDEALPRO,IDEALPRO-1-1046,EUR/USD.IDEALPRO-MovingAverageCrossover-MA_CROSS,IDEALPRO-001,IDEALPRO-1-416021,STOP_MARKET,BUY,100000.00,GTC,True,False,100000.00,TAKER,1.174969999999,9.999998999976611e-06,['2.35 USD'],NO_TRIGGER,FILLED,OUO,OL-20250724-130100-001-MA_CROSS-349,['O-20250724-130100-001-MA_CROSS-1047'],O-20250724-130100-001-MA_CROSS-1045,,,,['MA_CROSS_SL'],07669d12-b2a6-4ef1-a260-430a3b461687,1753362060000000000,1753362480000000000,1.17496,DEFAULT,,,,,
BACKTESTER-001,MovingAverageCrossover-MA_CROSS,EUR/USD.IDEALPRO,IDEALPRO-1-1047,EUR/USD.IDEALPRO-MovingAverageCrossover-MA_CROSS,IDEALPRO-001,,LIMIT,BUY,99999.99,GTC,True,False,0.00,NO_LIQUIDITY_SIDE,,,,NO_TRIGGER,CANCELED,OUO,OL-20250724-130100-001-MA_CROSS-349,['O-20250724-130100-001-MA_CROSS-1046'],O-20250724-130100-001-MA_CROSS-1045,,,,['MA_CROSS_TP'],2d1833d2-7d5d-4581-819a-553e5e87fa45,1753362060000000000,1753362480000000000,,,,,1.16596,True,
BACKTESTER-001,MovingAverageCrossover-MA_CROSS,EUR/USD.IDEALPRO,IDEALPRO-1-1048,EUR/USD.IDEALPRO-MovingAverageCrossover-MA_CROSS,IDEALPRO-001,IDEALPRO-1-416050,MARKET,BUY,100000.00,GTC,False,False,100000.00,TAKER,1.1754499999990002,0.0,['2.35 USD'],NO_TRIGGER,FILLED,OTO,OL-20250724-132100-001-MA_CROSS-350,"['O-20250724-132100-001-MA_CROSS-1049', 'O-20250724-132100-001-MA_CROSS-1050']",,,,,['MA_CROSS'],949937ce-114e-4436-ab84-5900b1fa7d14,1753363260000000000,1753363260000000000,,,,,,,
BACKTESTER-001,MovingAverageCrossover-MA_CROSS,EUR/USD.IDEALPRO,IDEALPRO-1-1049,EUR/USD.IDEALPRO-MovingAverageCrossover-MA_CROSS,IDEALPRO-001,IDEALPRO-1-417525,STOP_MARKET,SELL,100000.00,GTC,True,False,100000.00,TAKER,1.173930000001,9.999998999976611e-06,['2.35 USD'],NO_TRIGGER,FILLED,OUO,OL-20250724-132100-001-MA_CROSS-350,['O-20250724-132100-001-MA_CROSS-1050'],O-20250724-132100-001-MA_CROSS-1048,,,,['MA_CROSS_SL'],afc284f0-31c7-4fdb-af5a-0f9a080255b8,1753363260000000000,1753408380000000000,1.17394,DEFAULT,,,,,
BACKTESTER-001,MovingAverageCrossover-MA_CROSS,EUR/USD.IDEALPRO,IDEALPRO-1-1050,EUR/USD.IDEALPRO-MovingAverageCrossover-MA_CROSS,IDEALPRO-001,,LIMIT,SELL,99999.99,GTC,True,False,0.00,NO_LIQUIDITY_SIDE,,,,NO_TRIGGER,CANCELED,OUO,OL-20250724-132100-001-MA_CROSS-350,['O-20250724-132100-001-MA_CROSS-1049'],O-20250724-132100-001-MA_CROSS-1048,,,,['MA_CROSS_TP'],0ac09df3-907c-4b1f-a5b5-a15285afe384,1753363260000000000,1753408380000000000,,,,,1.18294,True,
BACKTESTER-001,MovingAverageCrossover-MA_CROSS,EUR/USD.IDEALPRO,IDEALPRO-1-1051,EUR/USD.IDEALPRO-MovingAverageCrossover-MA_CROSS,IDEALPRO-001,IDEALPRO-1-417603,MARKET,SELL,100000.00,GTC,False,False,100000.00,TAKER,1.1742100000009998,0.0,['2.35 USD'],NO_TRIGGER,FILLED,OTO,OL-20250725-023100-001-MA_CROSS-351,"['O-20250725-023100-001-MA_CROSS-1052', 'O-20250725-023100-001-MA_CROSS-1053']",,,,,['MA_CROSS'],95d4f4b8-daaf-48da-a073-becf261366da,1753410660000000000,1753410660000000000,,,,,,,
BACKTESTER-001,MovingAverageCrossover-MA_CROSS,EUR/USD.IDEALPRO,IDEALPRO-1-1052,EUR/USD.IDEALPRO-MovingAverageCrossover-MA_CROSS,IDEALPRO-001,IDEALPRO-1-418093,STOP_MARKET,BUY,100000.00,GTC,True,False,100000.00,TAKER,1.1757299999989999,9.999998999754567e-06,['2.35 USD'],NO_TRIGGER,FILLED,OUO,OL-20250725-023100-001-MA_CROSS-351,['O-20250725-023100-001-MA_CROSS-1053'],O-20250725-023100-001-MA_CROSS-1051,,,,['MA_CROSS_SL'],3acb6709-9094-4fd8-9599-7db264b80c74,1753410660000000000,1753425300000000000,1.17572,DEFAULT,,,,,
BACKTESTER-001,MovingAverageCrossover-MA_CROSS,EUR/USD.IDEALPRO,IDEALPRO-1-1053,EUR/USD.IDEALPRO-MovingAverageCrossover-MA_CROSS,IDEALPRO-001,,LIMIT,BUY,99999.99,GTC,True,False,0.00,NO_LIQUIDITY_SIDE,,,,NO_TRIGGER,CANCELED,OUO,OL-20250725-023100-001-MA_CROSS-351,['O-20250725-023100-001-MA_CROSS-1052'],O-20250725-023100-001-MA_CROSS-1051,,,,['MA_CROSS_TP'],572f306e-f3b6-4001-b8fd-4b561e5d96fd,1753410660000000000,1753425300000000000,,,,,1.16672,True,
BACKTESTER-001,MovingAverageCrossover-MA_CROSS,EUR/USD.IDEALPRO,IDEALPRO-1-1054,EUR/USD.IDEALPRO-MovingAverageCrossover-MA_CROSS,IDEALPRO-001,IDEALPRO-1-418177,MARKET,BUY,100000.00,GTC,False,False,100000.00,TAKER,1.175809999999,0.0,['2.35 USD'],NO_TRIGGER,FILLED,OTO,OL-20250725-071600-001-MA_CROSS-352,"['O-20250725-071600-001-MA_CROSS-1055', 'O-20250725-071600-001-MA_CROSS-1056']",,,,,['MA_CROSS'],3335adb9-36dd-4e12-b3cf-75983e2578cb,1753427760000000000,1753427760000000000,,,,,,,
BACKTESTER-001,MovingAverageCrossover-MA_CROSS,EUR/USD.IDEALPRO,IDEALPRO-1-1055,EUR/USD.IDEALPRO-MovingAverageCrossover-MA_CROSS,IDEALPRO-001,IDEALPRO-1-418297,STOP_MARKET,SELL,100000.00,GTC,True,False,100000.00,TAKER,1.174290000001,9.999998999976611e-06,['2.35 USD'],NO_TRIGGER,FILLED,OUO,OL-20250725-071600-001-MA_CROSS-352,['O-20250725-071600-001-MA_CROSS-1056'],O-20250725-071600-001-MA_CROSS-1054,,,,['MA_CROSS_SL'],e02408e2-b13e-419c-bc2f-74415018ab95,1753427760000000000,1753431300000000000,1.17430,DEFAULT,,,,,
BACKTESTER-001,MovingAverageCrossover-MA_CROSS,EUR/USD.IDEALPRO,IDEALPRO-1-1056,EUR/USD.IDEALPRO-MovingAverageCrossover-MA_CROSS,IDEALPRO-001,,LIMIT,SELL,99999.99,GTC,True,False,0.00,NO_LIQUIDITY_SIDE,,,,NO_TRIGGER,CANCELED,OUO,OL-20250725-071600-001-MA_CROSS-352,['O-20250725-071600-001-MA_CROSS-1055'],O-20250725-071600-001-MA_CROSS-1054,,,,['MA_CROSS_TP'],8667a163-904d-4f6c-ac6f-eb404234aba5,1753427760000000000,1753431300000000000,,,,,1.18330,True,
BACKTESTER-001,MovingAverageCrossover-MA_CROSS,EUR/USD.IDEALPRO,IDEALPRO-1-1057,EUR/USD.IDEALPRO-MovingAverageCrossover-MA_CROSS,IDEALPRO-001,IDEALPRO-1-418391,MARKET,SELL,100000.00,GTC,False,False,100000.00,TAKER,1.174290000001,0.0,['2.35 USD'],NO_TRIGGER,FILLED,OTO,OL-20250725-090100-001-MA_CROSS-353,"['O-20250725-090100-001-MA_CROSS-1058', 'O-20250725-090100-001-MA_CROSS-1059']",,,,,['MA_CROSS'],2d44a9ad-f176-41e3-b16d-7e8880708744,1753434060000000000,1753434060000000000,,,,,,,
BACKTESTER-001,MovingAverageCrossover-MA_CROSS,EUR/USD.IDEALPRO,IDEALPRO-1-1058,EUR/USD.IDEALPRO-MovingAverageCrossover-MA_CROSS,IDEALPRO-001,IDEALPRO-1-419865,STOP_MARKET,BUY,100000.00,GTC,True,False,100000.00,TAKER,1.175809999999,9.999998999976611e-06,['2.35 USD'],NO_TRIGGER,FILLED,OUO,OL-20250725-090100-001-MA_CROSS-353,['O-20250725-090100-001-MA_CROSS-1059'],O-20250725-090100-001-MA_CROSS-1057,,,,['MA_CROSS_SL'],4841bf78-53af-4acf-94a5-ca81a62163a6,1753434060000000000,1753651920000000000,1.17580,DEFAULT,,,,,
BACKTESTER-001,MovingAverageCrossover-MA_CROSS,EUR/USD.IDEALPRO,IDEALPRO-1-1059,EUR/USD.IDEALPRO-MovingAverageCrossover-MA_CROSS,IDEALPRO-001,,LIMIT,BUY,99999.99,GTC,True,False,0.00,NO_LIQUIDITY_SIDE,,,,NO_TRIGGER,CANCELED,OUO,OL-20250725-090100-001-MA_CROSS-353,['O-20250725-090100-001-MA_CROSS-1058'],O-20250725-090100-001-MA_CROSS-1057,,,,['MA_CROSS_TP'],1d2f99f6-a2b9-4330-af68-0c8cf947512e,1753434060000000000,1753651920000000000,,,,,1.16680,True,
BACKTESTER-001,MovingAverageCrossover-MA_CROSS,EUR/USD.IDEALPRO,IDEALPRO-1-1060,EUR/USD.IDEALPRO-MovingAverageCrossover-MA_CROSS,IDEALPRO-001,IDEALPRO-1-419867,MARKET,BUY,100000.00,GTC,False,False,100000.00,TAKER,1.1758699999989999,0.0,['2.35 USD'],NO_TRIGGER,FILLED,OTO,OL-20250727-213200-001-MA_CROSS-354,"['O-20250727-213200-001-MA_CROSS-1061', 'O-20250727-213200-001-MA_CROSS-1062']",,,,,['MA_CROSS'],c96bb167-a488-4a3e-88ee-217c76a23fcc,1753651920000000000,1753651920000000000,,,,,,,
BACKTESTER-001,MovingAverageCrossover-MA_CROSS,EUR/USD.IDEALPRO,IDEALPRO-1-1061,EUR/USD.IDEALPRO-MovingAverageCrossover-MA_CROSS,IDEALPRO-001,IDEALPRO-1-420799,STOP_MARKET,SELL,100000.00,GTC,True,False,100000.00,TAKER,1.174350000001,9.999998999976611e-06,['2.35 USD'],NO_TRIGGER,FILLED,OUO,OL-20250727-213200-001-MA_CROSS-354,['O-20250727-213200-001-MA_CROSS-1062'],O-20250727-213200-001-MA_CROSS-1060,,,,['MA_CROSS_SL'],f1fe7d86-468b-4338-8395-d683bbf728d7,1753651920000000000,1753679820000000000,1.17436,DEFAULT,,,,,
BACKTESTER-001,MovingAverageCrossover-MA_CROSS,EUR/USD.IDEALPRO,IDEALPRO-1-1062,EUR/USD.IDEALPRO-MovingAverageCrossover-MA_CROSS,IDEALPRO-001,,LIMIT,SELL,99999.99,GTC,True,False,0.00,NO_LIQUIDITY_SIDE,,,,NO_TRIGGER,CANCELED,OUO,OL-20250727-213200-001-MA_CROSS-354,['O-20250727-213200-001-MA_CROSS-1061'],O-20250727-213200-001-MA_CROSS-1060,,,,['MA_CROSS_TP'],cad1d123-d9a3-4b2a-bac4-b49cfb92d2e5,1753651920000000000,1753679820000000000,,,,,1.18336,True,
BACKTESTER-001,MovingAverageCrossover-MA_CROSS,EUR/USD.IDEALPRO,IDEALPRO-1-1063,EUR/USD.IDEALPRO-MovingAverageCrossover-MA_CROSS,IDEALPRO-001,IDEALPRO-1-421039,MARKET,SELL,100000.00,GTC,False,False,100000.00,TAKER,1.171830000001,0.0,['2.34 USD'],NO_TRIGGER,FILLED,OTO,OL-20250728-071600-001-MA_CROSS-355,"['O-20250728-071600-001-MA_CROSS-1064', 'O-20250728-071600-001-MA_CROSS-1065']",,,,,['MA_CROSS'],bf3f7a6e-36eb-44b6-99e3-00d21372b253,1753686960000000000,1753686960000000000,,,,,,,
BACKTESTER-001,MovingAverageCrossover-MA_CROSS,EUR/USD.IDEALPRO,IDEALPRO-1-1064,EUR/USD.IDEALPRO-MovingAverageCrossover-MA_CROSS,IDEALPRO-001,,STOP_MARKET,BUY,99999.99,GTC,True,False,0.00,NO_LIQUIDITY_SIDE,,,,NO_TRIGGER,CANCELED,OUO,OL-20250728-071600-001-MA_CROSS-355,['O-20250728-071600-001-MA_CROSS-1065'],O-20250728-071600-001-MA_CROSS-1063,,,,['MA_CROSS_SL'],85e6f14e-bf60-4982-8cb5-392b85c5c23f,1753686960000000000,1753708860000000000,1.17334,DEFAULT,,,,,
BACKTESTER-001,MovingAverageCrossover-MA_CROSS,EUR/USD.IDEALPRO,IDEALPRO-1-1065,EUR/USD.IDEALPRO-MovingAverageCrossover-MA_CROSS,IDEALPRO-001,IDEALPRO-1-421771,LIMIT,BUY,100000.00,GTC,True,False,100000.00,MAKER,1.16434,0.0,['2.33 USD'],NO_TRIGGER,FILLED,OUO,OL-20250728-071600-001-MA_CROSS-355,['O-20250728-071600-001-MA_CROSS-1064'],O-20250728-071600-001-MA_CROSS-1063,,,,['MA_CROSS_TP'],1e52029f-e0a6-4232-a650-46fac275ba33,1753686960000000000,1753708860000000000,,,,,1.16434,True,
BACKTESTER-001,MovingAverageCrossover-MA_CROSS,EUR/USD.IDEALPRO,IDEALPRO-1-1066,EUR/USD.IDEALPRO-MovingAverageCrossover-MA_CROSS,IDEALPRO-001,IDEALPRO-1-422933,MARKET,BUY,100000.00,GTC,False,False,100000.00,TAKER,1.1595299999989999,0.0,['2.32 USD'],NO_TRIGGER,FILLED,OTO,OL-20250728-231600-001-MA_CROSS-356,"['O-20250728-231600-001-MA_CROSS-1067', 'O-20250728-231600-001-MA_CROSS-1068']",,,,,['MA_CROSS'],9dbfd558-6d13-4ccf-9467-d5fabb3fea24,1753744560000000000,1753744560000000000,,,,,,,
BACKTESTER-001,MovingAverageCrossover-MA_CROSS,EUR/USD.IDEALPRO,IDEALPRO-1-1067,EUR/USD.IDEALPRO-MovingAverageCrossover-MA_CROSS,IDEALPRO-001,IDEALPRO-1-423531,STOP_MARKET,SELL,100000.00,GTC,True,False,100000.00,TAKER,1.158010000001,9.999998999976611e-06,['2.32 USD'],NO_TRIGGER,FILLED,OUO,OL-20250728-231600-001-MA_CROSS-356,['O-20250728-231600-001-MA_CROSS-1068'],O-20250728-231600-001-MA_CROSS-1066,,,,['MA_CROSS_SL'],b0f84cff-9e01-44cc-b90e-36df36549645,1753744560000000000,1753762440000000000,1.15802,DEFAULT,,,,,
BACKTESTER-001,MovingAverageCrossover-MA_CROSS,EUR/USD.IDEALPRO,IDEALPRO-1-1068,EUR/USD.IDEALPRO-MovingAverageCrossover-MA_CROSS,IDEALPRO-001,,LIMIT,SELL,99999.99,GTC,True,False,0.00,NO_LIQUIDITY_SIDE,,,,NO_TRIGGER,CANCELED,OUO,OL-20250728-231600-001-MA_CROSS-356,['O-20250728-231600-001-MA_CROSS-1067'],O-20250728-231600-001-MA_CROSS-1066,,,,['MA_CROSS_TP'],444b3a95-9ac7-41de-8229-0d9ad40fb9ef,1753744560000000000,1753762440000000000,,,,,1.16702,True,
BACKTESTER-001,MovingAverageCrossover-MA_CROSS,EUR/USD.IDEALPRO,IDEALPRO-1-1069,EUR/USD.IDEALPRO-MovingAverageCrossover-MA_CROSS,IDEALPRO-001,IDEALPRO-1-423867,MARKET,SELL,100000.00,GTC,False,False,100000.00,TAKER,1.1542900000010001,0.0,['2.31 USD'],NO_TRIGGER,FILLED,OTO,OL-20250729-070100-001-MA_CROSS-357,"['O-20250729-070100-001-MA_CROSS-1070', 'O-20250729-070100-001-MA_CROSS-1071']",,,,,['MA_CROSS'],50d6e5d3-ac4e-4c73-8ebc-c4c7dc5a550a,1753772460000000000,1753772460000000000,,,,,,,
BACKTESTER-001,MovingAverageCrossover-MA_CROSS,EUR/USD.IDEALPRO,IDEALPRO-1-1070,EUR/USD.IDEALPRO-MovingAverageCrossover-MA_CROSS,IDEALPRO-001,IDEALPRO-1-423993,STOP_MARKET,BUY,100000.00,GTC,True,False,100000.00,TAKER,1.155809999999,9.999998999976611e-06,['2.31 USD'],NO_TRIGGER,FILLED,OUO,OL-20250729-070100-001-MA_CROSS-357,['O-20250729-070100-001-MA_CROSS-1071'],O-20250729-070100-001-MA_CROSS-1069,,,,['MA_CROSS_SL'],35302ca5-2469-4ab3-b93b-2db19c62548a,1753772460000000000,1753776180000000000,1.15580,DEFAULT,,,,,
BACKTESTER-001,MovingAverageCrossover-MA_CROSS,EUR/USD.IDEALPRO,IDEALPRO-1-1071,EUR/USD.IDEALPRO-MovingAverageCrossover-MA_CROSS,IDEALPRO-001,,LIMIT,BUY,99999.99,GTC,True,False,0.00,NO_LIQUIDITY_SIDE,,,,NO_TRIGGER,CANCELED,OUO,OL-20250729-070100-001-MA_CROSS-357,['O-20250729-070100-001-MA_CROSS-1070'],O-20250729-070100-001-MA_CROSS-1069,,,,['MA_CROSS_TP'],039b07eb-2fc1-426e-a6ca-60a50b360522,1753772460000000000,1753776180000000000,,,,,1.14680,True,
BACKTESTER-001,MovingAverageCrossover-MA_CROSS,EUR/USD.IDEALPRO,IDEALPRO-1-1072,EUR/USD.IDEALPRO-MovingAverageCrossover-MA_CROSS,IDEALPRO-001,IDEALPRO-1-424171,MARKET,BUY,100000.00,GTC,False,False,100000.00,TAKER,1.1581699999989998,0.0,['2.32 USD'],NO_TRIGGER,FILLED,OTO,OL-20250729-093100-001-MA_CROSS-358,"['O-20250729-093100-001-MA_CROSS-1073', 'O-20250729-093100-001-MA_CROSS-1074']",,,,,['MA_CROSS'],981af965-ef7e-434a-9aa6-7e6891b72e16,1753781460000000000,1753781460000000000,,,,,,,
BACKTESTER-001,MovingAverageCrossover-MA_CROSS,EUR/USD.IDEALPRO,IDEALPRO-1-1073,EUR/USD.IDEALPRO-MovingAverageCrossover-MA_CROSS,IDEALPRO-001,IDEALPRO-1-424367,STOP_MARKET,SELL,100000.00,GTC,True,False,100000.00,TAKER,1.1566500000009998,9.999999000198656e-06,['2.31 USD'],NO_TRIGGER,FILLED,OUO,OL-20250729-093100-001-MA_CROSS-358,['O-20250729-093100-001-MA_CROSS-1074'],O-20250729-093100-001-MA_CROSS-1072,,,,['MA_CROSS_SL'],4a8f2798-d3f1-4064-b268-ac8edc9fd9a0,1753781460000000000,1753787280000000000,1.15666,DEFAULT,,,,,
BACKTESTER-001,MovingAverageCrossover-MA_CROSS,EUR/USD.IDEALPRO,IDEALPRO-1-1074,EUR/USD.IDEALPRO-MovingAverageCrossover-MA_CROSS,IDEALPRO-001,,LIMIT,SELL,99999.99,GTC,True,False,0.00,NO_LIQUIDITY_SIDE,,,,NO_TRIGGER,CANCELED,OUO,OL-20250729-093100-001-MA_CROSS-358,['O-20250729-093100-001-MA_CROSS-1073'],O-20250729-093100-001-MA_CROSS-1072,,,,['MA_CROSS_TP'],644074d9-4caa-4448-9946-1a702b376eea,1753781460000000000,1753787280000000000,,,,,1.16566,True,
BACKTESTER-001,MovingAverageCrossover-MA_CROSS,EUR/USD.IDEALPRO,IDEALPRO-1-1075,EUR/USD.IDEALPRO-MovingAverageCrossover-MA_CROSS,IDEALPRO-001,IDEALPRO-1-424369,MARKET,SELL,100000.00,GTC,False,False,100000.00,TAKER,1.156760000001,0.0,['2.31 USD'],NO_TRIGGER,FILLED,OTO,OL-20250729-110800-001-MA_CROSS-359,"['O-20250729-110800-001-MA_CROSS-1076', 'O-20250729-110800-001-MA_CROSS-1077']",,,,,['MA_CROSS'],ea1df48e-a953-4f74-a635-a5ce95f18412,1753787280000000000,1753787280000000000,,,,,,,
BACKTESTER-001,MovingAverageCrossover-MA_CROSS,EUR/USD.IDEALPRO,IDEALPRO-1-1076,EUR/USD.IDEALPRO-MovingAverageCrossover-MA_CROSS,IDEALPRO-001,,STOP_MARKET,BUY,99999.99,GTC,True,False,0.00,NO_LIQUIDITY_SIDE,,,,NO_TRIGGER,CANCELED,OUO,OL-20250729-110800-001-MA_CROSS-359,['O-20250729-110800-001-MA_CROSS-1077'],O-20250729-110800-001-MA_CROSS-1075,,,,['MA_CROSS_SL'],799a839a-c200-431d-bba2-a8a32eed9015,1753787280000000000,1753878900000000000,1.15827,DEFAULT,,,,,
BACKTESTER-001,MovingAverageCrossover-MA_CROSS,EUR/USD.IDEALPRO,IDEALPRO-1-1077,EUR/USD.IDEALPRO-MovingAverageCrossover-MA_CROSS,IDEALPRO-001,IDEALPRO-1-427395,LIMIT,BUY,100000.00,GTC,True,False,100000.00,MAKER,1.14927,0.0,['2.30 USD'],NO_TRIGGER,FILLED,OUO,OL-20250729-110800-001-MA_CROSS-359,['O-20250729-110800-001-MA_CROSS-1076'],O-20250729-110800-001-MA_CROSS-1075,,,,['MA_CROSS_TP'],d663c75a-ed7c-4250-ac24-62e5f68897c3,1753787280000000000,1753878900000000000,,,,,1.14927,True,
BACKTESTER-001,MovingAverageCrossover-MA_CROSS,EUR/USD.IDEALPRO,IDEALPRO-1-1078,EUR/USD.IDEALPRO-MovingAverageCrossover-MA_CROSS,IDEALPRO-001,IDEALPRO-1-427664,MARKET,BUY,100000.00,GTC,False,False,100000.00,TAKER,1.1479599999990002,0.0,['2.30 USD'],NO_TRIGGER,FILLED,OTO,OL-20250730-144800-001-MA_CROSS-360,"['O-20250730-144800-001-MA_CROSS-1079', 'O-20250730-144800-001-MA_CROSS-1080']",,,,,['MA_CROSS'],f0286602-8e35-472c-a550-d25747881a98,1753886880000000000,1753886880000000000,,,,,,,
BACKTESTER-001,MovingAverageCrossover-MA_CROSS,EUR/USD.IDEALPRO,IDEALPRO-1-1079,EUR/USD.IDEALPRO-MovingAverageCrossover-MA_CROSS,IDEALPRO-001,IDEALPRO-1-427801,STOP_MARKET,SELL,100000.00,GTC,True,False,100000.00,TAKER,1.146440000001,9.999998999976611e-06,['2.29 USD'],NO_TRIGGER,FILLED,OUO,OL-20250730-144800-001-MA_CROSS-360,['O-20250730-144800-001-MA_CROSS-1080'],O-20250730-144800-001-MA_CROSS-1078,,,,['MA_CROSS_SL'],53a056db-764a-4470-a946-3e87c9a94903,1753886880000000000,1753890960000000000,1.14645,DEFAULT,,,,,
BACKTESTER-001,MovingAverageCrossover-MA_CROSS,EUR/USD.IDEALPRO,IDEALPRO-1-1080,EUR/USD.IDEALPRO-MovingAverageCrossover-MA_CROSS,IDEALPRO-001,,LIMIT,SELL,99999.99,GTC,True,False,0.00,NO_LIQUIDITY_SIDE,,,,NO_TRIGGER,CANCELED,OUO,OL-20250730-144800-001-MA_CROSS-360,['O-20250730-144800-001-MA_CROSS-1079'],O-20250730-144800-001-MA_CROSS-1078,,,,['MA_CROSS_TP'],8e248dbb-82a5-4ddf-8cea-4630550c7fcf,1753886880000000000,1753890960000000000,,,,,1.15545,True,
BACKTESTER-001,MovingAverageCrossover-MA_CROSS,EUR/USD.IDEALPRO,IDEALPRO-1-1081,EUR/USD.IDEALPRO-MovingAverageCrossover-MA_CROSS,IDEALPRO-001,IDEALPRO-1-427813,MARKET,SELL,100000.00,GTC,False,False,100000.00,TAKER,1.146970000001,0.0,['2.29 USD'],NO_TRIGGER,FILLED,OTO,OL-20250730-160100-001-MA_CROSS-361,"['O-20250730-160100-001-MA_CROSS-1082', 'O-20250730-160100-001-MA_CROSS-1083']",,,,,['MA_CROSS'],de47bf6a-2c20-4773-9e8c-16d76d67dbce,1753891260000000000,1753891260000000000,,,,,,,
BACKTESTER-001,MovingAverageCrossover-MA_CROSS,EUR/USD.IDEALPRO,IDEALPRO-1-1082,EUR/USD.IDEALPRO-MovingAverageCrossover-MA_CROSS,IDEALPRO-001,IDEALPRO-1-428055,STOP_MARKET,BUY,100000.00,GTC,True,False,100000.00,TAKER,1.148489999999,9.999998999976611e-06,['2.30 USD'],NO_TRIGGER,FILLED,OUO,OL-20250730-160100-001-MA_CROSS-361,['O-20250730-160100-001-MA_CROSS-1083'],O-20250730-160100-001-MA_CROSS-1081,,,,['MA_CROSS_SL'],af8e36eb-2441-4b71-9b43-ca91355784f0,1753891260000000000,1753898460000000000,1.14848,DEFAULT,,,,,
BACKTESTER-001,MovingAverageCrossover-MA_CROSS,EUR/USD.IDEALPRO,IDEALPRO-1-1083,EUR/USD.IDEALPRO-MovingAverageCrossover-MA_CROSS,IDEALPRO-001,,LIMIT,BUY,99999.99,GTC,True,False,0.00,NO_LIQUIDITY_SIDE,,,,NO_TRIGGER,CANCELED,OUO,OL-20250730-160100-001-MA_CROSS-361,['O-20250730-160100-001-MA_CROSS-1082'],O-20250730-160100-001-MA_CROSS-1081,,,,['MA_CROSS_TP'],c5bca58f-92b0-4967-876a-e54cc4c67a59,1753891260000000000,1753898460000000000,,,,,1.13948,True,
BACKTESTER-001,MovingAverageCrossover-MA_CROSS,EUR/USD.IDEALPRO,IDEALPRO-1-1084,EUR/USD.IDEALPRO-MovingAverageCrossover-MA_CROSS,IDEALPRO-001,IDEALPRO-1-428687,MARKET,BUY,100000.00,GTC,False,False,100000.00,TAKER,1.142419999999,0.0,['2.28 USD'],NO_TRIGGER,FILLED,OTO,OL-20250730-233100-001-MA_CROSS-362,"['O-20250730-233100-001-MA_CROSS-1085', 'O-20250730-233100-001-MA_CROSS-1086']",,,,,['MA_CROSS'],442637a4-a06d-4f75-b493-e0a6f1af6ced,1753918260000000000,1753918260000000000,,,,,,,
BACKTESTER-001,MovingAverageCrossover-MA_CROSS,EUR/USD.IDEALPRO,IDEALPRO-1-1085,EUR/USD.IDEALPRO-MovingAverageCrossover-MA_CROSS,IDEALPRO-001,,STOP_MARKET,SELL,100000.00,GTC,True,False,0.00,NO_LIQUIDITY_SIDE,,,,NO_TRIGGER,CANCELED,OUO,OL-20250730-233100-001-MA_CROSS-362,['O-20250730-233100-001-MA_CROSS-1086'],O-20250730-233100-001-MA_CROSS-1084,,,,['MA_CROSS_SL'],43161cf3-bd04-4a53-8a25-f41e6590fa90,1753918260000000000,1753920000000000000,1.14091,DEFAULT,,,,,
BACKTESTER-001,MovingAverageCrossover-MA_CROSS,EUR/USD.IDEALPRO,IDEALPRO-1-1086,EUR/USD.IDEALPRO-MovingAverageCrossover-MA_CROSS,IDEALPRO-001,,LIMIT,SELL,100000.00,GTC,True,False,0.00,NO_LIQUIDITY_SIDE,,,,NO_TRIGGER,CANCELED,OUO,OL-20250730-233100-001-MA_CROSS-362,['O-20250730-233100-001-MA_CROSS-1085'],O-20250730-233100-001-MA_CROSS-1084,,,,['MA_CROSS_TP'],0f0172c9-4ff0-4149-b626-3a31b326fdca,1753918260000000000,1753920000000000000,,,,,1.14991,True,
BACKTESTER-001,MovingAverageCrossover-MA_CROSS,EUR/USD.IDEALPRO,IDEALPRO-1-1087,EUR/USD.IDEALPRO-MovingAverageCrossover-MA_CROSS,IDEALPRO-001,IDEALPRO-1-428748,MARKET,SELL,100000.00,GTC,True,False,100000.00,TAKER,1.1428000000010001,0.0,['2.29 USD'],NO_TRIGGER,FILLED,NO_CONTINGENCY,,,,,,,,1456f026-0ce8-41ed-a808-e05322321843,1753920000000000000,1753920000000000000,,,,,,,
