trader_id,strategy_id,instrument_id,venue_order_id,position_id,account_id,last_trade_id,type,side,quantity,time_in_force,is_reduce_only,is_quote_quantity,filled_qty,liquidity_side,avg_px,slippage,commissions,emulation_trigger,status,contingency_type,order_list_id,linked_order_ids,parent_order_id,exec_algorithm_id,exec_algorithm_params,exec_spawn_id,tags,init_id,ts_init,ts_last,trigger_price,trigger_type,expire_time_ns,trigger_instrument_id,price,is_post_only,display_qty
BACKTESTER-001,MovingAverageCrossover-MA_CROSS,EUR/USD.IDEALPRO,IDEALPRO-1-001,EUR/USD.IDEALPRO-MovingAverageCrossover-MA_CROSS,IDEALPRO-001,IDEALPRO-1-842,MARKET,SELL,100000.00,GTC,False,False,100000.00,TAKER,1.03133500000025,0.0,['2.06 USD'],NO_TRIGGER,FILLED,OTO,OL-20250102-140000-001-MA_CROSS-1,"['O-20250102-140000-001-MA_CROSS-2', 'O-20250102-140000-001-MA_CROSS-3']",,,,,['MA_CROSS'],c71cc693-4931-4bbf-8a64-eae680b84947,1735826400000000000,1735826400000000000,,,,,,,
BACKTESTER-001,MovingAverageCrossover-MA_CROSS,EUR/USD.IDEALPRO,IDEALPRO-1-002,EUR/USD.IDEALPRO-MovingAverageCrossover-MA_CROSS,IDEALPRO-001,,STOP_MARKET,BUY,99999.99,GTC,True,False,0.00,NO_LIQUIDITY_SIDE,,,,NO_TRIGGER,CANCELED,OUO,OL-20250102-140000-001-MA_CROSS-1,['O-20250102-140000-001-MA_CROSS-3'],O-20250102-140000-001-MA_CROSS-1,,,,['MA_CROSS_SL'],96674610-88c9-4d67-b749-a55e1469a1d3,1735826400000000000,1735833840000000000,1.03334,DEFAULT,,,,,
BACKTESTER-001,MovingAverageCrossover-MA_CROSS,EUR/USD.IDEALPRO,IDEALPRO-1-003,EUR/USD.IDEALPRO-MovingAverageCrossover-MA_CROSS,IDEALPRO-001,IDEALPRO-1-968,LIMIT,BUY,100000.00,GTC,True,False,100000.00,MAKER,1.0238400000000003,2.220446049250313e-16,['2.05 USD'],NO_TRIGGER,FILLED,OUO,OL-20250102-140000-001-MA_CROSS-1,['O-20250102-140000-001-MA_CROSS-2'],O-20250102-140000-001-MA_CROSS-1,,,,['MA_CROSS_TP'],dd4bb997-a5e8-4537-b686-58ce4a4fc421,1735826400000000000,1735833840000000000,,,,,1.02384,True,
BACKTESTER-001,MovingAverageCrossover-MA_CROSS,EUR/USD.IDEALPRO,IDEALPRO-1-004,EUR/USD.IDEALPRO-MovingAverageCrossover-MA_CROSS,IDEALPRO-001,IDEALPRO-1-3036,MARKET,BUY,100000.00,GTC,False,False,100000.00,TAKER,1.03161499999975,0.0,['2.06 USD'],NO_TRIGGER,FILLED,OTO,OL-20250106-030000-001-MA_CROSS-2,"['O-20250106-030000-001-MA_CROSS-5', 'O-20250106-030000-001-MA_CROSS-6']",,,,,['MA_CROSS'],43075a7a-3550-47c8-ad87-dba3d9d4f247,1736132400000000000,1736132400000000000,,,,,,,
BACKTESTER-001,MovingAverageCrossover-MA_CROSS,EUR/USD.IDEALPRO,IDEALPRO-1-005,EUR/USD.IDEALPRO-MovingAverageCrossover-MA_CROSS,IDEALPRO-001,,STOP_MARKET,SELL,99999.99,GTC,True,False,0.00,NO_LIQUIDITY_SIDE,,,,NO_TRIGGER,CANCELED,OUO,OL-20250106-030000-001-MA_CROSS-2,['O-20250106-030000-001-MA_CROSS-6'],O-20250106-030000-001-MA_CROSS-4,,,,['MA_CROSS_SL'],dbe80e06-7d8f-4587-84a5-d36678f063b9,1736132400000000000,1736162160000000000,1.02961,DEFAULT,,,,,
BACKTESTER-001,MovingAverageCrossover-MA_CROSS,EUR/USD.IDEALPRO,IDEALPRO-1-006,EUR/USD.IDEALPRO-MovingAverageCrossover-MA_CROSS,IDEALPRO-001,IDEALPRO-1-3534,LIMIT,SELL,100000.00,GTC,True,False,100000.00,MAKER,1.0391100000000002,-2.220446049250313e-16,['2.08 USD'],NO_TRIGGER,FILLED,OUO,OL-20250106-030000-001-MA_CROSS-2,['O-20250106-030000-001-MA_CROSS-5'],O-20250106-030000-001-MA_CROSS-4,,,,['MA_CROSS_TP'],ca350e14-7537-4ef3-8857-fb7e422ca3ef,1736132400000000000,1736162160000000000,,,,,1.03911,True,
BACKTESTER-001,MovingAverageCrossover-MA_CROSS,EUR/USD.IDEALPRO,IDEALPRO-1-007,EUR/USD.IDEALPRO-MovingAverageCrossover-MA_CROSS,IDEALPRO-001,IDEALPRO-1-5935,MARKET,SELL,100000.00,GTC,False,False,100000.00,TAKER,1.03468500000025,0.0,['2.07 USD'],NO_TRIGGER,FILLED,OTO,OL-20250108-034500-001-MA_CROSS-3,"['O-20250108-034500-001-MA_CROSS-8', 'O-20250108-034500-001-MA_CROSS-9']",,,,,['MA_CROSS'],760a1a27-3f51-45af-a93d-cd8c27c718f2,1736307900000000000,1736307900000000000,,,,,,,
BACKTESTER-001,MovingAverageCrossover-MA_CROSS,EUR/USD.IDEALPRO,IDEALPRO-1-008,EUR/USD.IDEALPRO-MovingAverageCrossover-MA_CROSS,IDEALPRO-001,,STOP_MARKET,BUY,99999.99,GTC,True,False,0.00,NO_LIQUIDITY_SIDE,,,,NO_TRIGGER,CANCELED,OUO,OL-20250108-034500-001-MA_CROSS-3,['O-20250108-034500-001-MA_CROSS-9'],O-20250108-034500-001-MA_CROSS-7,,,,['MA_CROSS_SL'],de59a63d-ddbf-42b2-964f-50ec41d85df1,1736307900000000000,1736515860000000000,1.03669,DEFAULT,,,,,
BACKTESTER-001,MovingAverageCrossover-MA_CROSS,EUR/USD.IDEALPRO,IDEALPRO-1-009,EUR/USD.IDEALPRO-MovingAverageCrossover-MA_CROSS,IDEALPRO-001,IDEALPRO-1-9373,LIMIT,BUY,100000.00,GTC,True,False,100000.00,MAKER,1.02719,0.0,['2.05 USD'],NO_TRIGGER,FILLED,OUO,OL-20250108-034500-001-MA_CROSS-3,['O-20250108-034500-001-MA_CROSS-8'],O-20250108-034500-001-MA_CROSS-7,,,,['MA_CROSS_TP'],db568f36-27b5-4715-9609-b8551716faf5,1736307900000000000,1736515860000000000,,,,,1.02719,True,
BACKTESTER-001,MovingAverageCrossover-MA_CROSS,EUR/USD.IDEALPRO,IDEALPRO-1-010,EUR/USD.IDEALPRO-MovingAverageCrossover-MA_CROSS,IDEALPRO-001,IDEALPRO-1-12239,MARKET,BUY,100000.00,GTC,False,False,100000.00,TAKER,1.02534499999975,0.0,['2.05 USD'],NO_TRIGGER,FILLED,OTO,OL-20250114-134500-001-MA_CROSS-4,"['O-20250114-134500-001-MA_CROSS-11', 'O-20250114-134500-001-MA_CROSS-12']",,,,,['MA_CROSS'],9b33b873-75fe-490f-98e8-a828a1a91ca3,1736862300000000000,1736862300000000000,,,,,,,
BACKTESTER-001,MovingAverageCrossover-MA_CROSS,EUR/USD.IDEALPRO,IDEALPRO-1-011,EUR/USD.IDEALPRO-MovingAverageCrossover-MA_CROSS,IDEALPRO-001,,STOP_MARKET,SELL,99999.99,GTC,True,False,0.00,NO_LIQUIDITY_SIDE,,,,NO_TRIGGER,CANCELED,OUO,OL-20250114-134500-001-MA_CROSS-4,['O-20250114-134500-001-MA_CROSS-12'],O-20250114-134500-001-MA_CROSS-10,,,,['MA_CROSS_SL'],d37e97d5-5611-415d-8567-322390263935,1736862300000000000,1736947860000000000,1.02334,DEFAULT,,,,,
BACKTESTER-001,MovingAverageCrossover-MA_CROSS,EUR/USD.IDEALPRO,IDEALPRO-1-012,EUR/USD.IDEALPRO-MovingAverageCrossover-MA_CROSS,IDEALPRO-001,IDEALPRO-1-13652,LIMIT,SELL,100000.00,GTC,True,False,100000.00,MAKER,1.03284,0.0,['2.07 USD'],NO_TRIGGER,FILLED,OUO,OL-20250114-134500-001-MA_CROSS-4,['O-20250114-134500-001-MA_CROSS-11'],O-20250114-134500-001-MA_CROSS-10,,,,['MA_CROSS_TP'],18e3e04c-f885-42f8-a679-7572f33aa1c6,1736862300000000000,1736947860000000000,,,,,1.03284,True,
BACKTESTER-001,MovingAverageCrossover-MA_CROSS,EUR/USD.IDEALPRO,IDEALPRO-1-013,EUR/USD.IDEALPRO-MovingAverageCrossover-MA_CROSS,IDEALPRO-001,IDEALPRO-1-16458,MARKET,SELL,100000.00,GTC,False,False,100000.00,TAKER,1.02956500000025,0.0,['2.06 USD'],NO_TRIGGER,FILLED,OTO,OL-20250117-124500-001-MA_CROSS-5,"['O-20250117-124500-001-MA_CROSS-14', 'O-20250117-124500-001-MA_CROSS-15']",,,,,['MA_CROSS'],2f91e352-345e-4fe3-8d8d-43852f4bf813,1737117900000000000,1737117900000000000,,,,,,,
BACKTESTER-001,MovingAverageCrossover-MA_CROSS,EUR/USD.IDEALPRO,IDEALPRO-1-014,EUR/USD.IDEALPRO-MovingAverageCrossover-MA_CROSS,IDEALPRO-001,IDEALPRO-1-16601,STOP_MARKET,BUY,100000.00,GTC,True,False,100000.00,TAKER,1.03157499999975,4.999999750010531e-06,['2.06 USD'],NO_TRIGGER,FILLED,OUO,OL-20250117-124500-001-MA_CROSS-5,['O-20250117-124500-001-MA_CROSS-15'],O-20250117-124500-001-MA_CROSS-13,,,,['MA_CROSS_SL'],e44cf6b3-ceed-4070-a89b-2a95d43123e7,1737117900000000000,1737126360000000000,1.03157,DEFAULT,,,,,
BACKTESTER-001,MovingAverageCrossover-MA_CROSS,EUR/USD.IDEALPRO,IDEALPRO-1-015,EUR/USD.IDEALPRO-MovingAverageCrossover-MA_CROSS,IDEALPRO-001,,LIMIT,BUY,99999.99,GTC,True,False,0.00,NO_LIQUIDITY_SIDE,,,,NO_TRIGGER,CANCELED,OUO,OL-20250117-124500-001-MA_CROSS-5,['O-20250117-124500-001-MA_CROSS-14'],O-20250117-124500-001-MA_CROSS-13,,,,['MA_CROSS_TP'],4c723724-c511-45b5-8e23-07cc21d25ebb,1737117900000000000,1737126360000000000,,,,,1.02207,True,
BACKTESTER-001,MovingAverageCrossover-MA_CROSS,EUR/USD.IDEALPRO,IDEALPRO-1-016,EUR/USD.IDEALPRO-MovingAverageCrossover-MA_CROSS,IDEALPRO-001,IDEALPRO-1-17677,MARKET,BUY,100000.00,GTC,False,False,100000.00,TAKER,1.03136499999975,0.0,['2.06 USD'],NO_TRIGGER,FILLED,OTO,OL-20250120-091500-001-MA_CROSS-6,"['O-20250120-091500-001-MA_CROSS-17', 'O-20250120-091500-001-MA_CROSS-18']",,,,,['MA_CROSS'],798552b4-03dc-42a6-b246-84da8166497a,1737364500000000000,1737364500000000000,,,,,,,
BACKTESTER-001,MovingAverageCrossover-MA_CROSS,EUR/USD.IDEALPRO,IDEALPRO-1-017,EUR/USD.IDEALPRO-MovingAverageCrossover-MA_CROSS,IDEALPRO-001,,STOP_MARKET,SELL,99999.99,GTC,True,False,0.00,NO_LIQUIDITY_SIDE,,,,NO_TRIGGER,CANCELED,OUO,OL-20250120-091500-001-MA_CROSS-6,['O-20250120-091500-001-MA_CROSS-18'],O-20250120-091500-001-MA_CROSS-16,,,,['MA_CROSS_SL'],dd69eedb-04ea-4335-b0b8-aeefccd5e102,1737364500000000000,1737379980000000000,1.02936,DEFAULT,,,,,
BACKTESTER-001,MovingAverageCrossover-MA_CROSS,EUR/USD.IDEALPRO,IDEALPRO-1-018,EUR/USD.IDEALPRO-MovingAverageCrossover-MA_CROSS,IDEALPRO-001,IDEALPRO-1-17937,LIMIT,SELL,100000.00,GTC,True,False,100000.00,MAKER,1.0388600000000001,-2.220446049250313e-16,['2.08 USD'],NO_TRIGGER,FILLED,OUO,OL-20250120-091500-001-MA_CROSS-6,['O-20250120-091500-001-MA_CROSS-17'],O-20250120-091500-001-MA_CROSS-16,,,,['MA_CROSS_TP'],6f141a7c-f14f-4586-94ca-9dd5eff1246e,1737364500000000000,1737379980000000000,,,,,1.03886,True,
BACKTESTER-001,MovingAverageCrossover-MA_CROSS,EUR/USD.IDEALPRO,IDEALPRO-1-019,EUR/USD.IDEALPRO-MovingAverageCrossover-MA_CROSS,IDEALPRO-001,IDEALPRO-1-22316,MARKET,SELL,100000.00,GTC,False,False,100000.00,TAKER,1.0401150000002501,0.0,['2.08 USD'],NO_TRIGGER,FILLED,OTO,OL-20250123-151500-001-MA_CROSS-7,"['O-20250123-151500-001-MA_CROSS-20', 'O-20250123-151500-001-MA_CROSS-21']",,,,,['MA_CROSS'],a2e0988e-587e-4c05-b4e8-675322d3e9fb,1737645300000000000,1737645300000000000,,,,,,,
BACKTESTER-001,MovingAverageCrossover-MA_CROSS,EUR/USD.IDEALPRO,IDEALPRO-1-020,EUR/USD.IDEALPRO-MovingAverageCrossover-MA_CROSS,IDEALPRO-001,IDEALPRO-1-22408,STOP_MARKET,BUY,100000.00,GTC,True,False,100000.00,TAKER,1.04212499999975,4.999999750010531e-06,['2.08 USD'],NO_TRIGGER,FILLED,OUO,OL-20250123-151500-001-MA_CROSS-7,['O-20250123-151500-001-MA_CROSS-21'],O-20250123-151500-001-MA_CROSS-19,,,,['MA_CROSS_SL'],44f31520-490f-4ec6-b779-cc155c108222,1737645300000000000,1737650700000000000,1.04212,DEFAULT,,,,,
BACKTESTER-001,MovingAverageCrossover-MA_CROSS,EUR/USD.IDEALPRO,IDEALPRO-1-021,EUR/USD.IDEALPRO-MovingAverageCrossover-MA_CROSS,IDEALPRO-001,,LIMIT,BUY,99999.99,GTC,True,False,0.00,NO_LIQUIDITY_SIDE,,,,NO_TRIGGER,CANCELED,OUO,OL-20250123-151500-001-MA_CROSS-7,['O-20250123-151500-001-MA_CROSS-20'],O-20250123-151500-001-MA_CROSS-19,,,,['MA_CROSS_TP'],b9616a71-0b9a-4af7-9d99-4407988fd8ff,1737645300000000000,1737650700000000000,,,,,1.03262,True,
BACKTESTER-001,MovingAverageCrossover-MA_CROSS,EUR/USD.IDEALPRO,IDEALPRO-1-022,EUR/USD.IDEALPRO-MovingAverageCrossover-MA_CROSS,IDEALPRO-001,IDEALPRO-1-22485,MARKET,BUY,100000.00,GTC,False,False,100000.00,TAKER,1.04354499999975,0.0,['2.09 USD'],NO_TRIGGER,FILLED,OTO,OL-20250123-180000-001-MA_CROSS-8,"['O-20250123-180000-001-MA_CROSS-23', 'O-20250123-180000-001-MA_CROSS-24']",,,,,['MA_CROSS'],82d2d0c1-8b14-43a9-9115-541c037d7a43,1737655200000000000,1737655200000000000,,,,,,,
BACKTESTER-001,MovingAverageCrossover-MA_CROSS,EUR/USD.IDEALPRO,IDEALPRO-1-023,EUR/USD.IDEALPRO-MovingAverageCrossover-MA_CROSS,IDEALPRO-001,IDEALPRO-1-22669,STOP_MARKET,SELL,100000.00,GTC,True,False,100000.00,TAKER,1.0415350000002501,4.999999749788486e-06,['2.08 USD'],NO_TRIGGER,FILLED,OUO,OL-20250123-180000-001-MA_CROSS-8,['O-20250123-180000-001-MA_CROSS-24'],O-20250123-180000-001-MA_CROSS-22,,,,['MA_CROSS_SL'],2980575e-cc7d-45a4-afdd-b4e1c6533ad4,1737655200000000000,1737666120000000000,1.04154,DEFAULT,,,,,
BACKTESTER-001,MovingAverageCrossover-MA_CROSS,EUR/USD.IDEALPRO,IDEALPRO-1-024,EUR/USD.IDEALPRO-MovingAverageCrossover-MA_CROSS,IDEALPRO-001,,LIMIT,SELL,99999.99,GTC,True,False,0.00,NO_LIQUIDITY_SIDE,,,,NO_TRIGGER,CANCELED,OUO,OL-20250123-180000-001-MA_CROSS-8,['O-20250123-180000-001-MA_CROSS-23'],O-20250123-180000-001-MA_CROSS-22,,,,['MA_CROSS_TP'],a86cf3ae-6f7e-4f85-a156-77e930c4d64e,1737655200000000000,1737666120000000000,,,,,1.05104,True,
BACKTESTER-001,MovingAverageCrossover-MA_CROSS,EUR/USD.IDEALPRO,IDEALPRO-1-025,EUR/USD.IDEALPRO-MovingAverageCrossover-MA_CROSS,IDEALPRO-001,IDEALPRO-1-26149,MARKET,SELL,100000.00,GTC,False,False,100000.00,TAKER,1.04314500000025,0.0,['2.09 USD'],NO_TRIGGER,FILLED,OTO,OL-20250128-074500-001-MA_CROSS-9,"['O-20250128-074500-001-MA_CROSS-26', 'O-20250128-074500-001-MA_CROSS-27']",,,,,['MA_CROSS'],c0a13e79-0349-4fd1-862c-808c0e212156,1738050300000000000,1738050300000000000,,,,,,,
BACKTESTER-001,MovingAverageCrossover-MA_CROSS,EUR/USD.IDEALPRO,IDEALPRO-1-026,EUR/USD.IDEALPRO-MovingAverageCrossover-MA_CROSS,IDEALPRO-001,IDEALPRO-1-29375,STOP_MARKET,BUY,100000.00,GTC,True,False,100000.00,TAKER,1.04515499999975,4.999999750010531e-06,['2.09 USD'],NO_TRIGGER,FILLED,OUO,OL-20250128-074500-001-MA_CROSS-9,['O-20250128-074500-001-MA_CROSS-27'],O-20250128-074500-001-MA_CROSS-25,,,,['MA_CROSS_SL'],90ddf551-1701-47a5-83b3-813c3f4e87dc,1738050300000000000,1738245540000000000,1.04515,DEFAULT,,,,,
BACKTESTER-001,MovingAverageCrossover-MA_CROSS,EUR/USD.IDEALPRO,IDEALPRO-1-027,EUR/USD.IDEALPRO-MovingAverageCrossover-MA_CROSS,IDEALPRO-001,,LIMIT,BUY,99999.99,GTC,True,False,0.00,NO_LIQUIDITY_SIDE,,,,NO_TRIGGER,CANCELED,OUO,OL-20250128-074500-001-MA_CROSS-9,['O-20250128-074500-001-MA_CROSS-26'],O-20250128-074500-001-MA_CROSS-25,,,,['MA_CROSS_TP'],f25e6af9-a788-4936-820a-cc07a091bcf6,1738050300000000000,1738245540000000000,,,,,1.03565,True,
BACKTESTER-001,MovingAverageCrossover-MA_CROSS,EUR/USD.IDEALPRO,IDEALPRO-1-028,EUR/USD.IDEALPRO-MovingAverageCrossover-MA_CROSS,IDEALPRO-001,IDEALPRO-1-33758,MARKET,BUY,100000.00,GTC,False,False,100000.00,TAKER,1.03794499999975,0.0,['2.08 USD'],NO_TRIGGER,FILLED,OTO,OL-20250204-154500-001-MA_CROSS-10,"['O-20250204-154500-001-MA_CROSS-29', 'O-20250204-154500-001-MA_CROSS-30']",,,,,['MA_CROSS'],fafcdd60-6ef0-4170-8142-b598963e1970,1738683900000000000,1738683900000000000,,,,,,,
BACKTESTER-001,MovingAverageCrossover-MA_CROSS,EUR/USD.IDEALPRO,IDEALPRO-1-029,EUR/USD.IDEALPRO-MovingAverageCrossover-MA_CROSS,IDEALPRO-001,IDEALPRO-1-36178,STOP_MARKET,SELL,100000.00,GTC,True,False,100000.00,TAKER,1.03593500000025,4.999999750010531e-06,['2.07 USD'],NO_TRIGGER,FILLED,OUO,OL-20250204-154500-001-MA_CROSS-10,['O-20250204-154500-001-MA_CROSS-30'],O-20250204-154500-001-MA_CROSS-28,,,,['MA_CROSS_SL'],8726d499-0323-4c7f-99ae-7f0dad623cec,1738683900000000000,1738830780000000000,1.03594,DEFAULT,,,,,
BACKTESTER-001,MovingAverageCrossover-MA_CROSS,EUR/USD.IDEALPRO,IDEALPRO-1-030,EUR/USD.IDEALPRO-MovingAverageCrossover-MA_CROSS,IDEALPRO-001,,LIMIT,SELL,99999.99,GTC,True,False,0.00,NO_LIQUIDITY_SIDE,,,,NO_TRIGGER,CANCELED,OUO,OL-20250204-154500-001-MA_CROSS-10,['O-20250204-154500-001-MA_CROSS-29'],O-20250204-154500-001-MA_CROSS-28,,,,['MA_CROSS_TP'],cb0dd56b-58cf-4cf4-8c7a-e9837d7eec56,1738683900000000000,1738830780000000000,,,,,1.04544,True,
BACKTESTER-001,MovingAverageCrossover-MA_CROSS,EUR/USD.IDEALPRO,IDEALPRO-1-031,EUR/USD.IDEALPRO-MovingAverageCrossover-MA_CROSS,IDEALPRO-001,IDEALPRO-1-36612,MARKET,SELL,100000.00,GTC,False,False,100000.00,TAKER,1.03664500000025,0.0,['2.07 USD'],NO_TRIGGER,FILLED,OTO,OL-20250206-154500-001-MA_CROSS-11,"['O-20250206-154500-001-MA_CROSS-32', 'O-20250206-154500-001-MA_CROSS-33']",,,,,['MA_CROSS'],8a23935c-b915-4c15-b8ed-1bbbec994a8d,1738856700000000000,1738856700000000000,,,,,,,
BACKTESTER-001,MovingAverageCrossover-MA_CROSS,EUR/USD.IDEALPRO,IDEALPRO-1-032,EUR/USD.IDEALPRO-MovingAverageCrossover-MA_CROSS,IDEALPRO-001,IDEALPRO-1-36761,STOP_MARKET,BUY,100000.00,GTC,True,False,100000.00,TAKER,1.03865499999975,4.999999750010531e-06,['2.08 USD'],NO_TRIGGER,FILLED,OUO,OL-20250206-154500-001-MA_CROSS-11,['O-20250206-154500-001-MA_CROSS-33'],O-20250206-154500-001-MA_CROSS-31,,,,['MA_CROSS_SL'],7f0a7ee9-35ff-46bf-9194-fac9d5fe086b,1738856700000000000,1738865520000000000,1.03865,DEFAULT,,,,,
BACKTESTER-001,MovingAverageCrossover-MA_CROSS,EUR/USD.IDEALPRO,IDEALPRO-1-033,EUR/USD.IDEALPRO-MovingAverageCrossover-MA_CROSS,IDEALPRO-001,,LIMIT,BUY,99999.99,GTC,True,False,0.00,NO_LIQUIDITY_SIDE,,,,NO_TRIGGER,CANCELED,OUO,OL-20250206-154500-001-MA_CROSS-11,['O-20250206-154500-001-MA_CROSS-32'],O-20250206-154500-001-MA_CROSS-31,,,,['MA_CROSS_TP'],9ba08ef2-128a-4277-8811-29f6472cf653,1738856700000000000,1738865520000000000,,,,,1.02915,True,
BACKTESTER-001,MovingAverageCrossover-MA_CROSS,EUR/USD.IDEALPRO,IDEALPRO-1-034,EUR/USD.IDEALPRO-MovingAverageCrossover-MA_CROSS,IDEALPRO-001,IDEALPRO-1-37111,MARKET,BUY,100000.00,GTC,False,False,100000.00,TAKER,1.0387649999997501,0.0,['2.08 USD'],NO_TRIGGER,FILLED,OTO,OL-20250207-001500-001-MA_CROSS-12,"['O-20250207-001500-001-MA_CROSS-35', 'O-20250207-001500-001-MA_CROSS-36']",,,,,['MA_CROSS'],cb08814b-5382-468b-b8c3-7982f0a80a67,1738887300000000000,1738887300000000000,,,,,,,
BACKTESTER-001,MovingAverageCrossover-MA_CROSS,EUR/USD.IDEALPRO,IDEALPRO-1-035,EUR/USD.IDEALPRO-MovingAverageCrossover-MA_CROSS,IDEALPRO-001,,STOP_MARKET,SELL,99999.99,GTC,True,False,0.00,NO_LIQUIDITY_SIDE,,,,NO_TRIGGER,CANCELED,OUO,OL-20250207-001500-001-MA_CROSS-12,['O-20250207-001500-001-MA_CROSS-36'],O-20250207-001500-001-MA_CROSS-34,,,,['MA_CROSS_SL'],a1885cbe-7311-4ac3-ab95-86f0bcaabbf5,1738887300000000000,1738906200000000000,1.03676,DEFAULT,,,,,
BACKTESTER-001,MovingAverageCrossover-MA_CROSS,EUR/USD.IDEALPRO,IDEALPRO-1-036,EUR/USD.IDEALPRO-MovingAverageCrossover-MA_CROSS,IDEALPRO-001,,LIMIT,SELL,99999.99,GTC,True,False,0.00,NO_LIQUIDITY_SIDE,,,,NO_TRIGGER,CANCELED,OUO,OL-20250207-001500-001-MA_CROSS-12,['O-20250207-001500-001-MA_CROSS-35'],O-20250207-001500-001-MA_CROSS-34,,,,['MA_CROSS_TP'],b2e90945-198c-419c-a7e6-91791ea464ab,1738887300000000000,1738906200000000000,,,,,1.04626,True,
BACKTESTER-001,MovingAverageCrossover-MA_CROSS,EUR/USD.IDEALPRO,IDEALPRO-1-037,EUR/USD.IDEALPRO-MovingAverageCrossover-MA_CROSS,IDEALPRO-001,IDEALPRO-1-37428,MARKET,SELL,100000.00,GTC,True,False,100000.00,TAKER,1.0378550000002502,0.0,['2.08 USD'],NO_TRIGGER,FILLED,NO_CONTINGENCY,,,,,,,,a1eb3e13-756f-4ff3-aa67-a2cf7bc05dee,1738906200000000000,1738906200000000000,,,,,,,
BACKTESTER-001,MovingAverageCrossover-MA_CROSS,EUR/USD.IDEALPRO,IDEALPRO-1-038,EUR/USD.IDEALPRO-MovingAverageCrossover-MA_CROSS,IDEALPRO-001,IDEALPRO-1-41165,MARKET,BUY,100000.00,GTC,False,False,100000.00,TAKER,1.0361849999997501,0.0,['2.07 USD'],NO_TRIGGER,FILLED,OTO,OL-20250211-201500-001-MA_CROSS-13,"['O-20250211-201500-001-MA_CROSS-39', 'O-20250211-201500-001-MA_CROSS-40']",,,,,['MA_CROSS'],c3a62a10-4267-4f81-8e88-17bbac6a9b6f,1739304900000000000,1739304900000000000,,,,,,,
BACKTESTER-001,MovingAverageCrossover-MA_CROSS,EUR/USD.IDEALPRO,IDEALPRO-1-039,EUR/USD.IDEALPRO-MovingAverageCrossover-MA_CROSS,IDEALPRO-001,IDEALPRO-1-42188,STOP_MARKET,SELL,100000.00,GTC,True,False,100000.00,TAKER,1.03417500000025,4.999999750010531e-06,['2.07 USD'],NO_TRIGGER,FILLED,OUO,OL-20250211-201500-001-MA_CROSS-13,['O-20250211-201500-001-MA_CROSS-40'],O-20250211-201500-001-MA_CROSS-38,,,,['MA_CROSS_SL'],5aed6694-914b-4b1e-88b3-00717fd3c84c,1739304900000000000,1739367060000000000,1.03418,DEFAULT,,,,,
BACKTESTER-001,MovingAverageCrossover-MA_CROSS,EUR/USD.IDEALPRO,IDEALPRO-1-040,EUR/USD.IDEALPRO-MovingAverageCrossover-MA_CROSS,IDEALPRO-001,,LIMIT,SELL,99999.99,GTC,True,False,0.00,NO_LIQUIDITY_SIDE,,,,NO_TRIGGER,CANCELED,OUO,OL-20250211-201500-001-MA_CROSS-13,['O-20250211-201500-001-MA_CROSS-39'],O-20250211-201500-001-MA_CROSS-38,,,,['MA_CROSS_TP'],423fddb0-0a29-4871-a42a-4d55cfd2cde4,1739304900000000000,1739367060000000000,,,,,1.04368,True,
BACKTESTER-001,MovingAverageCrossover-MA_CROSS,EUR/USD.IDEALPRO,IDEALPRO-1-041,EUR/USD.IDEALPRO-MovingAverageCrossover-MA_CROSS,IDEALPRO-001,IDEALPRO-1-47574,MARKET,SELL,100000.00,GTC,False,False,100000.00,TAKER,1.04568500000025,0.0,['2.09 USD'],NO_TRIGGER,FILLED,OTO,OL-20250218-081500-001-MA_CROSS-14,"['O-20250218-081500-001-MA_CROSS-42', 'O-20250218-081500-001-MA_CROSS-43']",,,,,['MA_CROSS'],4422ecfb-3bda-4e11-ac9f-247d0c62b0af,1739866500000000000,1739866500000000000,,,,,,,
BACKTESTER-001,MovingAverageCrossover-MA_CROSS,EUR/USD.IDEALPRO,IDEALPRO-1-042,EUR/USD.IDEALPRO-MovingAverageCrossover-MA_CROSS,IDEALPRO-001,IDEALPRO-1-50936,STOP_MARKET,BUY,100000.00,GTC,True,False,100000.00,TAKER,1.0476949999997502,4.9999997502325755e-06,['2.10 USD'],NO_TRIGGER,FILLED,OUO,OL-20250218-081500-001-MA_CROSS-14,['O-20250218-081500-001-MA_CROSS-43'],O-20250218-081500-001-MA_CROSS-41,,,,['MA_CROSS_SL'],8a295f97-5e82-43c4-8436-844c88139ad9,1739866500000000000,1740069900000000000,1.04769,DEFAULT,,,,,
BACKTESTER-001,MovingAverageCrossover-MA_CROSS,EUR/USD.IDEALPRO,IDEALPRO-1-043,EUR/USD.IDEALPRO-MovingAverageCrossover-MA_CROSS,IDEALPRO-001,,LIMIT,BUY,99999.99,GTC,True,False,0.00,NO_LIQUIDITY_SIDE,,,,NO_TRIGGER,CANCELED,OUO,OL-20250218-081500-001-MA_CROSS-14,['O-20250218-081500-001-MA_CROSS-42'],O-20250218-081500-001-MA_CROSS-41,,,,['MA_CROSS_TP'],c49d4169-da5a-4a7c-bd69-a60a03b2f26f,1739866500000000000,1740069900000000000,,,,,1.03819,True,
BACKTESTER-001,MovingAverageCrossover-MA_CROSS,EUR/USD.IDEALPRO,IDEALPRO-1-044,EUR/USD.IDEALPRO-MovingAverageCrossover-MA_CROSS,IDEALPRO-001,IDEALPRO-1-50968,MARKET,BUY,100000.00,GTC,False,False,100000.00,TAKER,1.04842499999975,0.0,['2.10 USD'],NO_TRIGGER,FILLED,OTO,OL-20250220-171500-001-MA_CROSS-15,"['O-20250220-171500-001-MA_CROSS-45', 'O-20250220-171500-001-MA_CROSS-46']",,,,,['MA_CROSS'],e3376400-adb3-4ff5-a176-3b0f1c0d441c,1740071700000000000,1740071700000000000,,,,,,,
BACKTESTER-001,MovingAverageCrossover-MA_CROSS,EUR/USD.IDEALPRO,IDEALPRO-1-045,EUR/USD.IDEALPRO-MovingAverageCrossover-MA_CROSS,IDEALPRO-001,IDEALPRO-1-52021,STOP_MARKET,SELL,100000.00,GTC,True,False,100000.00,TAKER,1.0464150000002501,4.999999749788486e-06,['2.09 USD'],NO_TRIGGER,FILLED,OUO,OL-20250220-171500-001-MA_CROSS-15,['O-20250220-171500-001-MA_CROSS-46'],O-20250220-171500-001-MA_CROSS-44,,,,['MA_CROSS_SL'],5a5f976c-41fe-4973-b3b9-8c648cdfd5de,1740071700000000000,1740135660000000000,1.04642,DEFAULT,,,,,
BACKTESTER-001,MovingAverageCrossover-MA_CROSS,EUR/USD.IDEALPRO,IDEALPRO-1-046,EUR/USD.IDEALPRO-MovingAverageCrossover-MA_CROSS,IDEALPRO-001,,LIMIT,SELL,99999.99,GTC,True,False,0.00,NO_LIQUIDITY_SIDE,,,,NO_TRIGGER,CANCELED,OUO,OL-20250220-171500-001-MA_CROSS-15,['O-20250220-171500-001-MA_CROSS-45'],O-20250220-171500-001-MA_CROSS-44,,,,['MA_CROSS_TP'],b1a5999f-a84b-4824-a186-a68ce56696a2,1740071700000000000,1740135660000000000,,,,,1.05592,True,
BACKTESTER-001,MovingAverageCrossover-MA_CROSS,EUR/USD.IDEALPRO,IDEALPRO-1-047,EUR/USD.IDEALPRO-MovingAverageCrossover-MA_CROSS,IDEALPRO-001,IDEALPRO-1-53972,MARKET,SELL,100000.00,GTC,False,False,100000.00,TAKER,1.04746500000025,0.0,['2.09 USD'],NO_TRIGGER,FILLED,OTO,OL-20250224-194500-001-MA_CROSS-16,"['O-20250224-194500-001-MA_CROSS-48', 'O-20250224-194500-001-MA_CROSS-49']",,,,,['MA_CROSS'],e9000789-9dda-4e85-a28a-f24837508dad,1740426300000000000,1740426300000000000,,,,,,,
BACKTESTER-001,MovingAverageCrossover-MA_CROSS,EUR/USD.IDEALPRO,IDEALPRO-1-048,EUR/USD.IDEALPRO-MovingAverageCrossover-MA_CROSS,IDEALPRO-001,IDEALPRO-1-54939,STOP_MARKET,BUY,100000.00,GTC,True,False,100000.00,TAKER,1.0494749999997501,4.9999997502325755e-06,['2.10 USD'],NO_TRIGGER,FILLED,OUO,OL-20250224-194500-001-MA_CROSS-16,['O-20250224-194500-001-MA_CROSS-49'],O-20250224-194500-001-MA_CROSS-47,,,,['MA_CROSS_SL'],646fe361-9ce4-4e2b-9b90-fe05fe4bf764,1740426300000000000,1740485100000000000,1.04947,DEFAULT,,,,,
BACKTESTER-001,MovingAverageCrossover-MA_CROSS,EUR/USD.IDEALPRO,IDEALPRO-1-049,EUR/USD.IDEALPRO-MovingAverageCrossover-MA_CROSS,IDEALPRO-001,,LIMIT,BUY,99999.99,GTC,True,False,0.00,NO_LIQUIDITY_SIDE,,,,NO_TRIGGER,CANCELED,OUO,OL-20250224-194500-001-MA_CROSS-16,['O-20250224-194500-001-MA_CROSS-48'],O-20250224-194500-001-MA_CROSS-47,,,,['MA_CROSS_TP'],25ea8acd-ec04-4dee-b2f2-09e890361cd3,1740426300000000000,1740485100000000000,,,,,1.03997,True,
BACKTESTER-001,MovingAverageCrossover-MA_CROSS,EUR/USD.IDEALPRO,IDEALPRO-1-050,EUR/USD.IDEALPRO-MovingAverageCrossover-MA_CROSS,IDEALPRO-001,IDEALPRO-1-55131,MARKET,BUY,100000.00,GTC,False,False,100000.00,TAKER,1.0513149999997502,0.0,['2.10 USD'],NO_TRIGGER,FILLED,OTO,OL-20250225-151500-001-MA_CROSS-17,"['O-20250225-151500-001-MA_CROSS-51', 'O-20250225-151500-001-MA_CROSS-52']",,,,,['MA_CROSS'],9c2c4e5f-af94-4143-aa87-3b0018c852d5,1740496500000000000,1740496500000000000,,,,,,,
BACKTESTER-001,MovingAverageCrossover-MA_CROSS,EUR/USD.IDEALPRO,IDEALPRO-1-051,EUR/USD.IDEALPRO-MovingAverageCrossover-MA_CROSS,IDEALPRO-001,IDEALPRO-1-55242,STOP_MARKET,SELL,100000.00,GTC,True,False,100000.00,TAKER,1.04930500000025,4.999999750010531e-06,['2.10 USD'],NO_TRIGGER,FILLED,OUO,OL-20250225-151500-001-MA_CROSS-17,['O-20250225-151500-001-MA_CROSS-52'],O-20250225-151500-001-MA_CROSS-50,,,,['MA_CROSS_SL'],74dd376f-4754-45ab-9772-a90ce4a1ba56,1740496500000000000,1740503040000000000,1.04931,DEFAULT,,,,,
BACKTESTER-001,MovingAverageCrossover-MA_CROSS,EUR/USD.IDEALPRO,IDEALPRO-1-052,EUR/USD.IDEALPRO-MovingAverageCrossover-MA_CROSS,IDEALPRO-001,,LIMIT,SELL,99999.99,GTC,True,False,0.00,NO_LIQUIDITY_SIDE,,,,NO_TRIGGER,CANCELED,OUO,OL-20250225-151500-001-MA_CROSS-17,['O-20250225-151500-001-MA_CROSS-51'],O-20250225-151500-001-MA_CROSS-50,,,,['MA_CROSS_TP'],1c8811ad-c0ec-4c5a-ab57-b84c7fb526bd,1740496500000000000,1740503040000000000,,,,,1.05881,True,
BACKTESTER-001,MovingAverageCrossover-MA_CROSS,EUR/USD.IDEALPRO,IDEALPRO-1-053,EUR/USD.IDEALPRO-MovingAverageCrossover-MA_CROSS,IDEALPRO-001,IDEALPRO-1-57295,MARKET,SELL,100000.00,GTC,False,False,100000.00,TAKER,1.04721500000025,0.0,['2.09 USD'],NO_TRIGGER,FILLED,OTO,OL-20250227-034500-001-MA_CROSS-18,"['O-20250227-034500-001-MA_CROSS-54', 'O-20250227-034500-001-MA_CROSS-55']",,,,,['MA_CROSS'],9a5f50f5-9266-4b22-9ee2-88bd99eb2cc5,1740627900000000000,1740627900000000000,,,,,,,
BACKTESTER-001,MovingAverageCrossover-MA_CROSS,EUR/USD.IDEALPRO,IDEALPRO-1-054,EUR/USD.IDEALPRO-MovingAverageCrossover-MA_CROSS,IDEALPRO-001,,STOP_MARKET,BUY,99999.99,GTC,True,False,0.00,NO_LIQUIDITY_SIDE,,,,NO_TRIGGER,CANCELED,OUO,OL-20250227-034500-001-MA_CROSS-18,['O-20250227-034500-001-MA_CROSS-55'],O-20250227-034500-001-MA_CROSS-53,,,,['MA_CROSS_SL'],8b436e27-9648-4e3a-8d5c-80d9e552a25d,1740627900000000000,1740693120000000000,1.04922,DEFAULT,,,,,
BACKTESTER-001,MovingAverageCrossover-MA_CROSS,EUR/USD.IDEALPRO,IDEALPRO-1-055,EUR/USD.IDEALPRO-MovingAverageCrossover-MA_CROSS,IDEALPRO-001,IDEALPRO-1-58384,LIMIT,BUY,100000.00,GTC,True,False,100000.00,MAKER,1.03972,0.0,['2.08 USD'],NO_TRIGGER,FILLED,OUO,OL-20250227-034500-001-MA_CROSS-18,['O-20250227-034500-001-MA_CROSS-54'],O-20250227-034500-001-MA_CROSS-53,,,,['MA_CROSS_TP'],2e56ce72-ee5a-4d7d-88a1-27f8f7d3415b,1740627900000000000,1740693120000000000,,,,,1.03972,True,
BACKTESTER-001,MovingAverageCrossover-MA_CROSS,EUR/USD.IDEALPRO,IDEALPRO-1-056,EUR/USD.IDEALPRO-MovingAverageCrossover-MA_CROSS,IDEALPRO-001,IDEALPRO-1-60794,MARKET,BUY,100000.00,GTC,False,False,100000.00,TAKER,1.0484649999997502,0.0,['2.10 USD'],NO_TRIGGER,FILLED,OTO,OL-20250303-143000-001-MA_CROSS-19,"['O-20250303-143000-001-MA_CROSS-57', 'O-20250303-143000-001-MA_CROSS-58']",,,,,['MA_CROSS'],565d6a06-f09b-42ad-b1cc-b2a4dfe79d01,1741012200000000000,1741012200000000000,,,,,,,
BACKTESTER-001,MovingAverageCrossover-MA_CROSS,EUR/USD.IDEALPRO,IDEALPRO-1-057,EUR/USD.IDEALPRO-MovingAverageCrossover-MA_CROSS,IDEALPRO-001,,STOP_MARKET,SELL,99999.99,GTC,True,False,0.00,NO_LIQUIDITY_SIDE,,,,NO_TRIGGER,CANCELED,OUO,OL-20250303-143000-001-MA_CROSS-19,['O-20250303-143000-001-MA_CROSS-58'],O-20250303-143000-001-MA_CROSS-56,,,,['MA_CROSS_SL'],7ac2821b-be18-4dbf-acde-7d2ff4ba445a,1741012200000000000,1741093920000000000,1.04646,DEFAULT,,,,,
BACKTESTER-001,MovingAverageCrossover-MA_CROSS,EUR/USD.IDEALPRO,IDEALPRO-1-058,EUR/USD.IDEALPRO-MovingAverageCrossover-MA_CROSS,IDEALPRO-001,IDEALPRO-1-62143,LIMIT,SELL,100000.00,GTC,True,False,100000.00,MAKER,1.05596,0.0,['2.11 USD'],NO_TRIGGER,FILLED,OUO,OL-20250303-143000-001-MA_CROSS-19,['O-20250303-143000-001-MA_CROSS-57'],O-20250303-143000-001-MA_CROSS-56,,,,['MA_CROSS_TP'],08b1ffc9-8a54-4628-9853-6c16f0c0a82c,1741012200000000000,1741093920000000000,,,,,1.05596,True,
BACKTESTER-001,MovingAverageCrossover-MA_CROSS,EUR/USD.IDEALPRO,IDEALPRO-1-059,EUR/USD.IDEALPRO-MovingAverageCrossover-MA_CROSS,IDEALPRO-001,IDEALPRO-1-71928,MARKET,SELL,100000.00,GTC,False,False,100000.00,TAKER,1.08733500000025,0.0,['2.17 USD'],NO_TRIGGER,FILLED,OTO,OL-20250313-090000-001-MA_CROSS-20,"['O-20250313-090000-001-MA_CROSS-60', 'O-20250313-090000-001-MA_CROSS-61']",,,,,['MA_CROSS'],b4f7313a-c6d2-461f-9852-cb051b9490ef,1741856400000000000,1741856400000000000,,,,,,,
BACKTESTER-001,MovingAverageCrossover-MA_CROSS,EUR/USD.IDEALPRO,IDEALPRO-1-060,EUR/USD.IDEALPRO-MovingAverageCrossover-MA_CROSS,IDEALPRO-001,IDEALPRO-1-73461,STOP_MARKET,BUY,100000.00,GTC,True,False,100000.00,TAKER,1.08934499999975,4.999999750010531e-06,['2.18 USD'],NO_TRIGGER,FILLED,OUO,OL-20250313-090000-001-MA_CROSS-20,['O-20250313-090000-001-MA_CROSS-61'],O-20250313-090000-001-MA_CROSS-59,,,,['MA_CROSS_SL'],86fb8c5b-0a06-4ce4-acb2-22bc3e51e557,1741856400000000000,1741949160000000000,1.08934,DEFAULT,,,,,
BACKTESTER-001,MovingAverageCrossover-MA_CROSS,EUR/USD.IDEALPRO,IDEALPRO-1-061,EUR/USD.IDEALPRO-MovingAverageCrossover-MA_CROSS,IDEALPRO-001,,LIMIT,BUY,99999.99,GTC,True,False,0.00,NO_LIQUIDITY_SIDE,,,,NO_TRIGGER,CANCELED,OUO,OL-20250313-090000-001-MA_CROSS-20,['O-20250313-090000-001-MA_CROSS-60'],O-20250313-090000-001-MA_CROSS-59,,,,['MA_CROSS_TP'],38236bd7-83fb-47e8-931e-6736c5978322,1741856400000000000,1741949160000000000,,,,,1.07984,True,
BACKTESTER-001,MovingAverageCrossover-MA_CROSS,EUR/USD.IDEALPRO,IDEALPRO-1-062,EUR/USD.IDEALPRO-MovingAverageCrossover-MA_CROSS,IDEALPRO-001,IDEALPRO-1-73957,MARKET,BUY,100000.00,GTC,False,False,100000.00,TAKER,1.08802499999975,0.0,['2.18 USD'],NO_TRIGGER,FILLED,OTO,OL-20250314-190000-001-MA_CROSS-21,"['O-20250314-190000-001-MA_CROSS-63', 'O-20250314-190000-001-MA_CROSS-64']",,,,,['MA_CROSS'],0225c0b2-c162-435e-90c0-17628812d2b3,1741978800000000000,1741978800000000000,,,,,,,
BACKTESTER-001,MovingAverageCrossover-MA_CROSS,EUR/USD.IDEALPRO,IDEALPRO-1-063,EUR/USD.IDEALPRO-MovingAverageCrossover-MA_CROSS,IDEALPRO-001,,STOP_MARKET,SELL,99999.99,GTC,True,False,0.00,NO_LIQUIDITY_SIDE,,,,NO_TRIGGER,CANCELED,OUO,OL-20250314-190000-001-MA_CROSS-21,['O-20250314-190000-001-MA_CROSS-64'],O-20250314-190000-001-MA_CROSS-62,,,,['MA_CROSS_SL'],696ab8c8-c80f-4845-bae5-7ac3b6b8716f,1741978800000000000,1742392800000000000,1.08602,DEFAULT,,,,,
BACKTESTER-001,MovingAverageCrossover-MA_CROSS,EUR/USD.IDEALPRO,IDEALPRO-1-064,EUR/USD.IDEALPRO-MovingAverageCrossover-MA_CROSS,IDEALPRO-001,,LIMIT,SELL,99999.99,GTC,True,False,0.00,NO_LIQUIDITY_SIDE,,,,NO_TRIGGER,CANCELED,OUO,OL-20250314-190000-001-MA_CROSS-21,['O-20250314-190000-001-MA_CROSS-63'],O-20250314-190000-001-MA_CROSS-62,,,,['MA_CROSS_TP'],fa6175cf-c597-4723-bb36-012cc3d82fea,1741978800000000000,1742392800000000000,,,,,1.09552,True,
BACKTESTER-001,MovingAverageCrossover-MA_CROSS,EUR/USD.IDEALPRO,IDEALPRO-1-065,EUR/USD.IDEALPRO-MovingAverageCrossover-MA_CROSS,IDEALPRO-001,IDEALPRO-1-77934,MARKET,SELL,100000.00,GTC,True,False,100000.00,TAKER,1.08944500000025,0.0,['2.18 USD'],NO_TRIGGER,FILLED,NO_CONTINGENCY,,,,,,,,f168805d-b8b3-482e-84a7-5d8ef6b02a62,1742392800000000000,1742392800000000000,,,,,,,
BACKTESTER-001,MovingAverageCrossover-MA_CROSS,EUR/USD.IDEALPRO,IDEALPRO-1-066,EUR/USD.IDEALPRO-MovingAverageCrossover-MA_CROSS,IDEALPRO-001,IDEALPRO-1-86831,MARKET,BUY,100000.00,GTC,False,False,100000.00,TAKER,1.0798749999997501,0.0,['2.16 USD'],NO_TRIGGER,FILLED,OTO,OL-20250327-194500-001-MA_CROSS-22,"['O-20250327-194500-001-MA_CROSS-67', 'O-20250327-194500-001-MA_CROSS-68']",,,,,['MA_CROSS'],e8151605-acde-4f97-b6a1-2f7c161b1e40,1743104700000000000,1743104700000000000,,,,,,,
BACKTESTER-001,MovingAverageCrossover-MA_CROSS,EUR/USD.IDEALPRO,IDEALPRO-1-067,EUR/USD.IDEALPRO-MovingAverageCrossover-MA_CROSS,IDEALPRO-001,IDEALPRO-1-87576,STOP_MARKET,SELL,100000.00,GTC,True,False,100000.00,TAKER,1.07786500000025,4.999999750010531e-06,['2.16 USD'],NO_TRIGGER,FILLED,OUO,OL-20250327-194500-001-MA_CROSS-22,['O-20250327-194500-001-MA_CROSS-68'],O-20250327-194500-001-MA_CROSS-66,,,,['MA_CROSS_SL'],4afc99ee-6ae1-4e3f-9928-bcba696f72c0,1743104700000000000,1743150180000000000,1.07787,DEFAULT,,,,,
BACKTESTER-001,MovingAverageCrossover-MA_CROSS,EUR/USD.IDEALPRO,IDEALPRO-1-068,EUR/USD.IDEALPRO-MovingAverageCrossover-MA_CROSS,IDEALPRO-001,,LIMIT,SELL,99999.99,GTC,True,False,0.00,NO_LIQUIDITY_SIDE,,,,NO_TRIGGER,CANCELED,OUO,OL-20250327-194500-001-MA_CROSS-22,['O-20250327-194500-001-MA_CROSS-67'],O-20250327-194500-001-MA_CROSS-66,,,,['MA_CROSS_TP'],00a359eb-00f9-43b2-b3ea-c1f5aed3baf7,1743104700000000000,1743150180000000000,,,,,1.08737,True,
BACKTESTER-001,MovingAverageCrossover-MA_CROSS,EUR/USD.IDEALPRO,IDEALPRO-1-069,EUR/USD.IDEALPRO-MovingAverageCrossover-MA_CROSS,IDEALPRO-001,IDEALPRO-1-90705,MARKET,SELL,100000.00,GTC,False,False,100000.00,TAKER,1.0787150000002501,0.0,['2.16 USD'],NO_TRIGGER,FILLED,OTO,OL-20250401-130000-001-MA_CROSS-23,"['O-20250401-130000-001-MA_CROSS-70', 'O-20250401-130000-001-MA_CROSS-71']",,,,,['MA_CROSS'],81995577-7a5b-4091-aa99-4fbc8d16fad3,1743512400000000000,1743512400000000000,,,,,,,
BACKTESTER-001,MovingAverageCrossover-MA_CROSS,EUR/USD.IDEALPRO,IDEALPRO-1-070,EUR/USD.IDEALPRO-MovingAverageCrossover-MA_CROSS,IDEALPRO-001,IDEALPRO-1-90778,STOP_MARKET,BUY,100000.00,GTC,True,False,100000.00,TAKER,1.08072499999975,4.999999750010531e-06,['2.16 USD'],NO_TRIGGER,FILLED,OUO,OL-20250401-130000-001-MA_CROSS-23,['O-20250401-130000-001-MA_CROSS-71'],O-20250401-130000-001-MA_CROSS-69,,,,['MA_CROSS_SL'],9a9369b7-9b6f-4549-9565-ba8b2cd82bf7,1743512400000000000,1743516660000000000,1.08072,DEFAULT,,,,,
BACKTESTER-001,MovingAverageCrossover-MA_CROSS,EUR/USD.IDEALPRO,IDEALPRO-1-071,EUR/USD.IDEALPRO-MovingAverageCrossover-MA_CROSS,IDEALPRO-001,,LIMIT,BUY,99999.99,GTC,True,False,0.00,NO_LIQUIDITY_SIDE,,,,NO_TRIGGER,CANCELED,OUO,OL-20250401-130000-001-MA_CROSS-23,['O-20250401-130000-001-MA_CROSS-70'],O-20250401-130000-001-MA_CROSS-69,,,,['MA_CROSS_TP'],6d51e50b-08ea-41c4-bd30-feed4db1d3b2,1743512400000000000,1743516660000000000,,,,,1.07122,True,
BACKTESTER-001,MovingAverageCrossover-MA_CROSS,EUR/USD.IDEALPRO,IDEALPRO-1-072,EUR/USD.IDEALPRO-MovingAverageCrossover-MA_CROSS,IDEALPRO-001,IDEALPRO-1-92389,MARKET,BUY,100000.00,GTC,False,False,100000.00,TAKER,1.0854349999997501,0.0,['2.17 USD'],NO_TRIGGER,FILLED,OTO,OL-20250402-171500-001-MA_CROSS-24,"['O-20250402-171500-001-MA_CROSS-73', 'O-20250402-171500-001-MA_CROSS-74']",,,,,['MA_CROSS'],ecbcfbfc-b5d9-4072-b1b0-e0949838d823,1743614100000000000,1743614100000000000,,,,,,,
BACKTESTER-001,MovingAverageCrossover-MA_CROSS,EUR/USD.IDEALPRO,IDEALPRO-1-073,EUR/USD.IDEALPRO-MovingAverageCrossover-MA_CROSS,IDEALPRO-001,IDEALPRO-1-92568,STOP_MARKET,SELL,100000.00,GTC,True,False,100000.00,TAKER,1.0834250000002499,4.999999750010531e-06,['2.17 USD'],NO_TRIGGER,FILLED,OUO,OL-20250402-171500-001-MA_CROSS-24,['O-20250402-171500-001-MA_CROSS-74'],O-20250402-171500-001-MA_CROSS-72,,,,['MA_CROSS_SL'],fe29d0fc-3d9a-4294-ac8d-e97da32b59b2,1743614100000000000,1743624720000000000,1.08343,DEFAULT,,,,,
BACKTESTER-001,MovingAverageCrossover-MA_CROSS,EUR/USD.IDEALPRO,IDEALPRO-1-074,EUR/USD.IDEALPRO-MovingAverageCrossover-MA_CROSS,IDEALPRO-001,,LIMIT,SELL,99999.99,GTC,True,False,0.00,NO_LIQUIDITY_SIDE,,,,NO_TRIGGER,CANCELED,OUO,OL-20250402-171500-001-MA_CROSS-24,['O-20250402-171500-001-MA_CROSS-73'],O-20250402-171500-001-MA_CROSS-72,,,,['MA_CROSS_TP'],6bcc30fc-944d-42c2-a4d5-31dfbafeaca3,1743614100000000000,1743624720000000000,,,,,1.09293,True,
BACKTESTER-001,MovingAverageCrossover-MA_CROSS,EUR/USD.IDEALPRO,IDEALPRO-1-075,EUR/USD.IDEALPRO-MovingAverageCrossover-MA_CROSS,IDEALPRO-001,IDEALPRO-1-95768,MARKET,SELL,100000.00,GTC,False,False,100000.00,TAKER,1.0954950000002501,0.0,['2.19 USD'],NO_TRIGGER,FILLED,OTO,OL-20250407-021500-001-MA_CROSS-25,"['O-20250407-021500-001-MA_CROSS-76', 'O-20250407-021500-001-MA_CROSS-77']",,,,,['MA_CROSS'],562238d7-a343-4e95-a0fb-f2c9a93cb193,1743992100000000000,1743992100000000000,,,,,,,
BACKTESTER-001,MovingAverageCrossover-MA_CROSS,EUR/USD.IDEALPRO,IDEALPRO-1-076,EUR/USD.IDEALPRO-MovingAverageCrossover-MA_CROSS,IDEALPRO-001,IDEALPRO-1-95902,STOP_MARKET,BUY,100000.00,GTC,True,False,100000.00,TAKER,1.09750499999975,4.999999750010531e-06,['2.20 USD'],NO_TRIGGER,FILLED,OUO,OL-20250407-021500-001-MA_CROSS-25,['O-20250407-021500-001-MA_CROSS-77'],O-20250407-021500-001-MA_CROSS-75,,,,['MA_CROSS_SL'],fefb3cb8-660f-4aec-ac48-421a435e8feb,1743992100000000000,1744000020000000000,1.09750,DEFAULT,,,,,
BACKTESTER-001,MovingAverageCrossover-MA_CROSS,EUR/USD.IDEALPRO,IDEALPRO-1-077,EUR/USD.IDEALPRO-MovingAverageCrossover-MA_CROSS,IDEALPRO-001,,LIMIT,BUY,99999.99,GTC,True,False,0.00,NO_LIQUIDITY_SIDE,,,,NO_TRIGGER,CANCELED,OUO,OL-20250407-021500-001-MA_CROSS-25,['O-20250407-021500-001-MA_CROSS-76'],O-20250407-021500-001-MA_CROSS-75,,,,['MA_CROSS_TP'],ac3c5bb1-5a9a-4e49-a786-af941fbcf35a,1743992100000000000,1744000020000000000,,,,,1.08800,True,
BACKTESTER-001,MovingAverageCrossover-MA_CROSS,EUR/USD.IDEALPRO,IDEALPRO-1-078,EUR/USD.IDEALPRO-MovingAverageCrossover-MA_CROSS,IDEALPRO-001,IDEALPRO-1-98637,MARKET,BUY,100000.00,GTC,False,False,100000.00,TAKER,1.10235499999975,0.0,['2.20 USD'],NO_TRIGGER,FILLED,OTO,OL-20250409-023000-001-MA_CROSS-26,"['O-20250409-023000-001-MA_CROSS-79', 'O-20250409-023000-001-MA_CROSS-80']",,,,,['MA_CROSS'],0f1b8b52-39ce-4c5b-bcb3-75c8d1679ef7,1744165800000000000,1744165800000000000,,,,,,,
BACKTESTER-001,MovingAverageCrossover-MA_CROSS,EUR/USD.IDEALPRO,IDEALPRO-1-079,EUR/USD.IDEALPRO-MovingAverageCrossover-MA_CROSS,IDEALPRO-001,IDEALPRO-1-98972,STOP_MARKET,SELL,100000.00,GTC,True,False,100000.00,TAKER,1.1003450000002502,4.999999749788486e-06,['2.20 USD'],NO_TRIGGER,FILLED,OUO,OL-20250409-023000-001-MA_CROSS-26,['O-20250409-023000-001-MA_CROSS-80'],O-20250409-023000-001-MA_CROSS-78,,,,['MA_CROSS_SL'],82a0faf0-01b8-4f95-9b63-d821f4245d91,1744165800000000000,1744185780000000000,1.10035,DEFAULT,,,,,
BACKTESTER-001,MovingAverageCrossover-MA_CROSS,EUR/USD.IDEALPRO,IDEALPRO-1-080,EUR/USD.IDEALPRO-MovingAverageCrossover-MA_CROSS,IDEALPRO-001,,LIMIT,SELL,99999.99,GTC,True,False,0.00,NO_LIQUIDITY_SIDE,,,,NO_TRIGGER,CANCELED,OUO,OL-20250409-023000-001-MA_CROSS-26,['O-20250409-023000-001-MA_CROSS-79'],O-20250409-023000-001-MA_CROSS-78,,,,['MA_CROSS_TP'],0eadc74b-718f-4c93-9b8a-8e5549d03bed,1744165800000000000,1744185780000000000,,,,,1.10985,True,
BACKTESTER-001,MovingAverageCrossover-MA_CROSS,EUR/USD.IDEALPRO,IDEALPRO-1-081,EUR/USD.IDEALPRO-MovingAverageCrossover-MA_CROSS,IDEALPRO-001,IDEALPRO-1-100051,MARKET,SELL,100000.00,GTC,False,False,100000.00,TAKER,1.09628500000025,0.0,['2.19 USD'],NO_TRIGGER,FILLED,OTO,OL-20250410-021500-001-MA_CROSS-27,"['O-20250410-021500-001-MA_CROSS-82', 'O-20250410-021500-001-MA_CROSS-83']",,,,,['MA_CROSS'],411cb64d-7f7a-4250-994c-be80b78327c3,1744251300000000000,1744251300000000000,,,,,,,
BACKTESTER-001,MovingAverageCrossover-MA_CROSS,EUR/USD.IDEALPRO,IDEALPRO-1-082,EUR/USD.IDEALPRO-MovingAverageCrossover-MA_CROSS,IDEALPRO-001,IDEALPRO-1-100110,STOP_MARKET,BUY,100000.00,GTC,True,False,100000.00,TAKER,1.0982949999997502,4.9999997502325755e-06,['2.20 USD'],NO_TRIGGER,FILLED,OUO,OL-20250410-021500-001-MA_CROSS-27,['O-20250410-021500-001-MA_CROSS-83'],O-20250410-021500-001-MA_CROSS-81,,,,['MA_CROSS_SL'],c1a4f137-4b44-40bb-9eaa-d5105474084c,1744251300000000000,1744254720000000000,1.09829,DEFAULT,,,,,
BACKTESTER-001,MovingAverageCrossover-MA_CROSS,EUR/USD.IDEALPRO,IDEALPRO-1-083,EUR/USD.IDEALPRO-MovingAverageCrossover-MA_CROSS,IDEALPRO-001,,LIMIT,BUY,99999.99,GTC,True,False,0.00,NO_LIQUIDITY_SIDE,,,,NO_TRIGGER,CANCELED,OUO,OL-20250410-021500-001-MA_CROSS-27,['O-20250410-021500-001-MA_CROSS-82'],O-20250410-021500-001-MA_CROSS-81,,,,['MA_CROSS_TP'],ac608332-249f-4b36-997c-70f4bb665428,1744251300000000000,1744254720000000000,,,,,1.08879,True,
BACKTESTER-001,MovingAverageCrossover-MA_CROSS,EUR/USD.IDEALPRO,IDEALPRO-1-084,EUR/USD.IDEALPRO-MovingAverageCrossover-MA_CROSS,IDEALPRO-001,IDEALPRO-1-100400,MARKET,BUY,100000.00,GTC,False,False,100000.00,TAKER,1.10265499999975,0.0,['2.21 USD'],NO_TRIGGER,FILLED,OTO,OL-20250410-080000-001-MA_CROSS-28,"['O-20250410-080000-001-MA_CROSS-85', 'O-20250410-080000-001-MA_CROSS-86']",,,,,['MA_CROSS'],72a85a61-06c7-4e54-9206-67aee2d76987,1744272000000000000,1744272000000000000,,,,,,,
BACKTESTER-001,MovingAverageCrossover-MA_CROSS,EUR/USD.IDEALPRO,IDEALPRO-1-085,EUR/USD.IDEALPRO-MovingAverageCrossover-MA_CROSS,IDEALPRO-001,,STOP_MARKET,SELL,99999.99,GTC,True,False,0.00,NO_LIQUIDITY_SIDE,,,,NO_TRIGGER,CANCELED,OUO,OL-20250410-080000-001-MA_CROSS-28,['O-20250410-080000-001-MA_CROSS-86'],O-20250410-080000-001-MA_CROSS-84,,,,['MA_CROSS_SL'],4633eb5c-384a-4bab-b934-7a93929d7be8,1744272000000000000,1744288020000000000,1.10065,DEFAULT,,,,,
BACKTESTER-001,MovingAverageCrossover-MA_CROSS,EUR/USD.IDEALPRO,IDEALPRO-1-086,EUR/USD.IDEALPRO-MovingAverageCrossover-MA_CROSS,IDEALPRO-001,IDEALPRO-1-100669,LIMIT,SELL,100000.00,GTC,True,False,100000.00,MAKER,1.11015,0.0,['2.22 USD'],NO_TRIGGER,FILLED,OUO,OL-20250410-080000-001-MA_CROSS-28,['O-20250410-080000-001-MA_CROSS-85'],O-20250410-080000-001-MA_CROSS-84,,,,['MA_CROSS_TP'],5460283c-de89-4b3a-889e-de8d13b2eeae,1744272000000000000,1744288020000000000,,,,,1.11015,True,
BACKTESTER-001,MovingAverageCrossover-MA_CROSS,EUR/USD.IDEALPRO,IDEALPRO-1-087,EUR/USD.IDEALPRO-MovingAverageCrossover-MA_CROSS,IDEALPRO-001,IDEALPRO-1-105114,MARKET,SELL,100000.00,GTC,False,False,100000.00,TAKER,1.1316650000002502,0.0,['2.26 USD'],NO_TRIGGER,FILLED,OTO,OL-20250415-151500-001-MA_CROSS-29,"['O-20250415-151500-001-MA_CROSS-88', 'O-20250415-151500-001-MA_CROSS-89']",,,,,['MA_CROSS'],97ab17f1-4605-4238-b9ff-9664b37f77b4,1744730100000000000,1744730100000000000,,,,,,,
BACKTESTER-001,MovingAverageCrossover-MA_CROSS,EUR/USD.IDEALPRO,IDEALPRO-1-088,EUR/USD.IDEALPRO-MovingAverageCrossover-MA_CROSS,IDEALPRO-001,IDEALPRO-1-105842,STOP_MARKET,BUY,100000.00,GTC,True,False,100000.00,TAKER,1.13367499999975,4.999999750010531e-06,['2.27 USD'],NO_TRIGGER,FILLED,OUO,OL-20250415-151500-001-MA_CROSS-29,['O-20250415-151500-001-MA_CROSS-89'],O-20250415-151500-001-MA_CROSS-87,,,,['MA_CROSS_SL'],892c14d1-bf83-44ea-bb24-1e3d2212b674,1744730100000000000,1744774560000000000,1.13367,DEFAULT,,,,,
BACKTESTER-001,MovingAverageCrossover-MA_CROSS,EUR/USD.IDEALPRO,IDEALPRO-1-089,EUR/USD.IDEALPRO-MovingAverageCrossover-MA_CROSS,IDEALPRO-001,,LIMIT,BUY,99999.99,GTC,True,False,0.00,NO_LIQUIDITY_SIDE,,,,NO_TRIGGER,CANCELED,OUO,OL-20250415-151500-001-MA_CROSS-29,['O-20250415-151500-001-MA_CROSS-88'],O-20250415-151500-001-MA_CROSS-87,,,,['MA_CROSS_TP'],83ce5fc2-3a88-4697-af08-00a7ba89ea1c,1744730100000000000,1744774560000000000,,,,,1.12417,True,
BACKTESTER-001,MovingAverageCrossover-MA_CROSS,EUR/USD.IDEALPRO,IDEALPRO-1-090,EUR/USD.IDEALPRO-MovingAverageCrossover-MA_CROSS,IDEALPRO-001,IDEALPRO-1-106198,MARKET,BUY,100000.00,GTC,False,False,100000.00,TAKER,1.1367149999997501,0.0,['2.27 USD'],NO_TRIGGER,FILLED,OTO,OL-20250416-093000-001-MA_CROSS-30,"['O-20250416-093000-001-MA_CROSS-91', 'O-20250416-093000-001-MA_CROSS-92']",,,,,['MA_CROSS'],ab707d66-ab1d-4528-877c-29a0d55ed318,1744795800000000000,1744795800000000000,,,,,,,
BACKTESTER-001,MovingAverageCrossover-MA_CROSS,EUR/USD.IDEALPRO,IDEALPRO-1-091,EUR/USD.IDEALPRO-MovingAverageCrossover-MA_CROSS,IDEALPRO-001,IDEALPRO-1-106384,STOP_MARKET,SELL,100000.00,GTC,True,False,100000.00,TAKER,1.1347050000002503,4.999999749788486e-06,['2.27 USD'],NO_TRIGGER,FILLED,OUO,OL-20250416-093000-001-MA_CROSS-30,['O-20250416-093000-001-MA_CROSS-92'],O-20250416-093000-001-MA_CROSS-90,,,,['MA_CROSS_SL'],d9446907-327b-442c-8a84-ff7839260e1a,1744795800000000000,1744806840000000000,1.13471,DEFAULT,,,,,
BACKTESTER-001,MovingAverageCrossover-MA_CROSS,EUR/USD.IDEALPRO,IDEALPRO-1-092,EUR/USD.IDEALPRO-MovingAverageCrossover-MA_CROSS,IDEALPRO-001,,LIMIT,SELL,99999.99,GTC,True,False,0.00,NO_LIQUIDITY_SIDE,,,,NO_TRIGGER,CANCELED,OUO,OL-20250416-093000-001-MA_CROSS-30,['O-20250416-093000-001-MA_CROSS-91'],O-20250416-093000-001-MA_CROSS-90,,,,['MA_CROSS_TP'],58e8e122-56c9-47f9-9c93-af99f5d385e6,1744795800000000000,1744806840000000000,,,,,1.14421,True,
BACKTESTER-001,MovingAverageCrossover-MA_CROSS,EUR/USD.IDEALPRO,IDEALPRO-1-093,EUR/USD.IDEALPRO-MovingAverageCrossover-MA_CROSS,IDEALPRO-001,IDEALPRO-1-112412,MARKET,SELL,100000.00,GTC,False,False,100000.00,TAKER,1.1418350000002502,0.0,['2.28 USD'],NO_TRIGGER,FILLED,OTO,OL-20250422-204500-001-MA_CROSS-31,"['O-20250422-204500-001-MA_CROSS-94', 'O-20250422-204500-001-MA_CROSS-95']",,,,,['MA_CROSS'],3cc1b155-1a69-4d6b-a943-7abcd9f5b01c,1745354700000000000,1745354700000000000,,,,,,,
BACKTESTER-001,MovingAverageCrossover-MA_CROSS,EUR/USD.IDEALPRO,IDEALPRO-1-094,EUR/USD.IDEALPRO-MovingAverageCrossover-MA_CROSS,IDEALPRO-001,,STOP_MARKET,BUY,99999.99,GTC,True,False,0.00,NO_LIQUIDITY_SIDE,,,,NO_TRIGGER,CANCELED,OUO,OL-20250422-204500-001-MA_CROSS-31,['O-20250422-204500-001-MA_CROSS-95'],O-20250422-204500-001-MA_CROSS-93,,,,['MA_CROSS_SL'],3871d4a3-8779-49c6-99b1-67cd182662a8,1745354700000000000,1745359500000000000,1.14384,DEFAULT,,,,,
BACKTESTER-001,MovingAverageCrossover-MA_CROSS,EUR/USD.IDEALPRO,IDEALPRO-1-095,EUR/USD.IDEALPRO-MovingAverageCrossover-MA_CROSS,IDEALPRO-001,IDEALPRO-1-112479,LIMIT,BUY,100000.00,GTC,True,False,100000.00,MAKER,1.13434,0.0,['2.27 USD'],NO_TRIGGER,FILLED,OUO,OL-20250422-204500-001-MA_CROSS-31,['O-20250422-204500-001-MA_CROSS-94'],O-20250422-204500-001-MA_CROSS-93,,,,['MA_CROSS_TP'],0fec5ff9-43b8-48b4-b4c0-72c4beea6293,1745354700000000000,1745359500000000000,,,,,1.13434,True,
BACKTESTER-001,MovingAverageCrossover-MA_CROSS,EUR/USD.IDEALPRO,IDEALPRO-1-096,EUR/USD.IDEALPRO-MovingAverageCrossover-MA_CROSS,IDEALPRO-001,IDEALPRO-1-116886,MARKET,BUY,100000.00,GTC,False,False,100000.00,TAKER,1.1357649999997501,0.0,['2.27 USD'],NO_TRIGGER,FILLED,OTO,OL-20250428-001500-001-MA_CROSS-32,"['O-20250428-001500-001-MA_CROSS-97', 'O-20250428-001500-001-MA_CROSS-98']",,,,,['MA_CROSS'],1f50ce44-878e-4323-84a6-7d867fdf8231,1745799300000000000,1745799300000000000,,,,,,,
BACKTESTER-001,MovingAverageCrossover-MA_CROSS,EUR/USD.IDEALPRO,IDEALPRO-1-097,EUR/USD.IDEALPRO-MovingAverageCrossover-MA_CROSS,IDEALPRO-001,,STOP_MARKET,SELL,99999.99,GTC,True,False,0.00,NO_LIQUIDITY_SIDE,,,,NO_TRIGGER,CANCELED,OUO,OL-20250428-001500-001-MA_CROSS-32,['O-20250428-001500-001-MA_CROSS-98'],O-20250428-001500-001-MA_CROSS-96,,,,['MA_CROSS_SL'],784328fc-5640-4aa1-ae89-4b61d37a9ce0,1745799300000000000,1745821800000000000,1.13376,DEFAULT,,,,,
BACKTESTER-001,MovingAverageCrossover-MA_CROSS,EUR/USD.IDEALPRO,IDEALPRO-1-098,EUR/USD.IDEALPRO-MovingAverageCrossover-MA_CROSS,IDEALPRO-001,,LIMIT,SELL,99999.99,GTC,True,False,0.00,NO_LIQUIDITY_SIDE,,,,NO_TRIGGER,CANCELED,OUO,OL-20250428-001500-001-MA_CROSS-32,['O-20250428-001500-001-MA_CROSS-97'],O-20250428-001500-001-MA_CROSS-96,,,,['MA_CROSS_TP'],26a739d2-8fa3-4342-a5d1-9ef2212202d8,1745799300000000000,1745821800000000000,,,,,1.14326,True,
BACKTESTER-001,MovingAverageCrossover-MA_CROSS,EUR/USD.IDEALPRO,IDEALPRO-1-099,EUR/USD.IDEALPRO-MovingAverageCrossover-MA_CROSS,IDEALPRO-001,IDEALPRO-1-117263,MARKET,SELL,100000.00,GTC,True,False,100000.00,TAKER,1.13652500000025,0.0,['2.27 USD'],NO_TRIGGER,FILLED,NO_CONTINGENCY,,,,,,,,842b041c-2db4-4dce-8d71-2bdb3f78c8e4,1745821800000000000,1745821800000000000,,,,,,,
BACKTESTER-001,MovingAverageCrossover-MA_CROSS,EUR/USD.IDEALPRO,IDEALPRO-1-100,EUR/USD.IDEALPRO-MovingAverageCrossover-MA_CROSS,IDEALPRO-001,IDEALPRO-1-117895,MARKET,BUY,100000.00,GTC,False,False,100000.00,TAKER,1.1411649999997502,0.0,['2.28 USD'],NO_TRIGGER,FILLED,OTO,OL-20250428-170000-001-MA_CROSS-33,"['O-20250428-170000-001-MA_CROSS-101', 'O-20250428-170000-001-MA_CROSS-102']",,,,,['MA_CROSS'],09e1d3dc-8d67-4bff-b16f-c676f42349d0,1745859600000000000,1745859600000000000,,,,,,,
BACKTESTER-001,MovingAverageCrossover-MA_CROSS,EUR/USD.IDEALPRO,IDEALPRO-1-101,EUR/USD.IDEALPRO-MovingAverageCrossover-MA_CROSS,IDEALPRO-001,IDEALPRO-1-118412,STOP_MARKET,SELL,100000.00,GTC,True,False,100000.00,TAKER,1.1391550000002502,4.999999749788486e-06,['2.28 USD'],NO_TRIGGER,FILLED,OUO,OL-20250428-170000-001-MA_CROSS-33,['O-20250428-170000-001-MA_CROSS-102'],O-20250428-170000-001-MA_CROSS-100,,,,['MA_CROSS_SL'],3567b98b-560e-46e8-8112-faced56a2d9e,1745859600000000000,1745891400000000000,1.13916,DEFAULT,,,,,
BACKTESTER-001,MovingAverageCrossover-MA_CROSS,EUR/USD.IDEALPRO,IDEALPRO-1-102,EUR/USD.IDEALPRO-MovingAverageCrossover-MA_CROSS,IDEALPRO-001,,LIMIT,SELL,99999.99,GTC,True,False,0.00,NO_LIQUIDITY_SIDE,,,,NO_TRIGGER,CANCELED,OUO,OL-20250428-170000-001-MA_CROSS-33,['O-20250428-170000-001-MA_CROSS-101'],O-20250428-170000-001-MA_CROSS-100,,,,['MA_CROSS_TP'],e09ed15b-9bbc-4215-b746-f61f90f18ac8,1745859600000000000,1745891400000000000,,,,,1.14866,True,
BACKTESTER-001,MovingAverageCrossover-MA_CROSS,EUR/USD.IDEALPRO,IDEALPRO-1-103,EUR/USD.IDEALPRO-MovingAverageCrossover-MA_CROSS,IDEALPRO-001,IDEALPRO-1-120254,MARKET,SELL,100000.00,GTC,False,False,100000.00,TAKER,1.13643500000025,0.0,['2.27 USD'],NO_TRIGGER,FILLED,OTO,OL-20250430-084500-001-MA_CROSS-34,"['O-20250430-084500-001-MA_CROSS-104', 'O-20250430-084500-001-MA_CROSS-105']",,,,,['MA_CROSS'],310903bc-518e-489a-8789-e9153f225969,1746002700000000000,1746002700000000000,,,,,,,
BACKTESTER-001,MovingAverageCrossover-MA_CROSS,EUR/USD.IDEALPRO,IDEALPRO-1-104,EUR/USD.IDEALPRO-MovingAverageCrossover-MA_CROSS,IDEALPRO-001,IDEALPRO-1-120467,STOP_MARKET,BUY,100000.00,GTC,True,False,100000.00,TAKER,1.13844499999975,4.999999750010531e-06,['2.28 USD'],NO_TRIGGER,FILLED,OUO,OL-20250430-084500-001-MA_CROSS-34,['O-20250430-084500-001-MA_CROSS-105'],O-20250430-084500-001-MA_CROSS-103,,,,['MA_CROSS_SL'],c86ed487-f069-4f5f-88bc-157c204ebabd,1746002700000000000,1746015360000000000,1.13844,DEFAULT,,,,,
BACKTESTER-001,MovingAverageCrossover-MA_CROSS,EUR/USD.IDEALPRO,IDEALPRO-1-105,EUR/USD.IDEALPRO-MovingAverageCrossover-MA_CROSS,IDEALPRO-001,,LIMIT,BUY,99999.99,GTC,True,False,0.00,NO_LIQUIDITY_SIDE,,,,NO_TRIGGER,CANCELED,OUO,OL-20250430-084500-001-MA_CROSS-34,['O-20250430-084500-001-MA_CROSS-104'],O-20250430-084500-001-MA_CROSS-103,,,,['MA_CROSS_TP'],42036201-3189-42e5-bcb5-8e41a8e9c513,1746002700000000000,1746015360000000000,,,,,1.12894,True,
BACKTESTER-001,MovingAverageCrossover-MA_CROSS,EUR/USD.IDEALPRO,IDEALPRO-1-106,EUR/USD.IDEALPRO-MovingAverageCrossover-MA_CROSS,IDEALPRO-001,IDEALPRO-1-124533,MARKET,BUY,100000.00,GTC,False,False,100000.00,TAKER,1.13277499999975,0.0,['2.27 USD'],NO_TRIGGER,FILLED,OTO,OL-20250505-084500-001-MA_CROSS-35,"['O-20250505-084500-001-MA_CROSS-107', 'O-20250505-084500-001-MA_CROSS-108']",,,,,['MA_CROSS'],76bbbb25-4427-42f5-8b88-baec6acce4dc,1746434700000000000,1746434700000000000,,,,,,,
BACKTESTER-001,MovingAverageCrossover-MA_CROSS,EUR/USD.IDEALPRO,IDEALPRO-1-107,EUR/USD.IDEALPRO-MovingAverageCrossover-MA_CROSS,IDEALPRO-001,IDEALPRO-1-124979,STOP_MARKET,SELL,100000.00,GTC,True,False,100000.00,TAKER,1.13076500000025,4.999999750010531e-06,['2.26 USD'],NO_TRIGGER,FILLED,OUO,OL-20250505-084500-001-MA_CROSS-35,['O-20250505-084500-001-MA_CROSS-108'],O-20250505-084500-001-MA_CROSS-106,,,,['MA_CROSS_SL'],d3445a47-1bb6-4115-b1e5-61311403e727,1746434700000000000,1746461340000000000,1.13077,DEFAULT,,,,,
BACKTESTER-001,MovingAverageCrossover-MA_CROSS,EUR/USD.IDEALPRO,IDEALPRO-1-108,EUR/USD.IDEALPRO-MovingAverageCrossover-MA_CROSS,IDEALPRO-001,,LIMIT,SELL,99999.99,GTC,True,False,0.00,NO_LIQUIDITY_SIDE,,,,NO_TRIGGER,CANCELED,OUO,OL-20250505-084500-001-MA_CROSS-35,['O-20250505-084500-001-MA_CROSS-107'],O-20250505-084500-001-MA_CROSS-106,,,,['MA_CROSS_TP'],80d7284b-7ed1-45b3-966c-42a6bde7f9fe,1746434700000000000,1746461340000000000,,,,,1.14027,True,
BACKTESTER-001,MovingAverageCrossover-MA_CROSS,EUR/USD.IDEALPRO,IDEALPRO-1-109,EUR/USD.IDEALPRO-MovingAverageCrossover-MA_CROSS,IDEALPRO-001,IDEALPRO-1-125497,MARKET,SELL,100000.00,GTC,False,False,100000.00,TAKER,1.1286050000002499,0.0,['2.26 USD'],NO_TRIGGER,FILLED,OTO,OL-20250506-010000-001-MA_CROSS-36,"['O-20250506-010000-001-MA_CROSS-110', 'O-20250506-010000-001-MA_CROSS-111']",,,,,['MA_CROSS'],a5b25dc2-f3d9-4f6e-8048-9c1a0de13aa5,1746493200000000000,1746493200000000000,,,,,,,
BACKTESTER-001,MovingAverageCrossover-MA_CROSS,EUR/USD.IDEALPRO,IDEALPRO-1-110,EUR/USD.IDEALPRO-MovingAverageCrossover-MA_CROSS,IDEALPRO-001,IDEALPRO-1-125568,STOP_MARKET,BUY,100000.00,GTC,True,False,100000.00,TAKER,1.1306149999997501,4.9999997502325755e-06,['2.26 USD'],NO_TRIGGER,FILLED,OUO,OL-20250506-010000-001-MA_CROSS-36,['O-20250506-010000-001-MA_CROSS-111'],O-20250506-010000-001-MA_CROSS-109,,,,['MA_CROSS_SL'],6ef450a3-0721-41eb-83a0-80355970399d,1746493200000000000,1746497340000000000,1.13061,DEFAULT,,,,,
BACKTESTER-001,MovingAverageCrossover-MA_CROSS,EUR/USD.IDEALPRO,IDEALPRO-1-111,EUR/USD.IDEALPRO-MovingAverageCrossover-MA_CROSS,IDEALPRO-001,,LIMIT,BUY,99999.99,GTC,True,False,0.00,NO_LIQUIDITY_SIDE,,,,NO_TRIGGER,CANCELED,OUO,OL-20250506-010000-001-MA_CROSS-36,['O-20250506-010000-001-MA_CROSS-110'],O-20250506-010000-001-MA_CROSS-109,,,,['MA_CROSS_TP'],cc17cb1f-992d-4652-9b2d-1e3e94b263fe,1746493200000000000,1746497340000000000,,,,,1.12111,True,
BACKTESTER-001,MovingAverageCrossover-MA_CROSS,EUR/USD.IDEALPRO,IDEALPRO-1-112,EUR/USD.IDEALPRO-MovingAverageCrossover-MA_CROSS,IDEALPRO-001,IDEALPRO-1-126116,MARKET,BUY,100000.00,GTC,False,False,100000.00,TAKER,1.13267499999975,0.0,['2.27 USD'],NO_TRIGGER,FILLED,OTO,OL-20250506-111500-001-MA_CROSS-37,"['O-20250506-111500-001-MA_CROSS-113', 'O-20250506-111500-001-MA_CROSS-114']",,,,,['MA_CROSS'],575a23c9-7611-49a6-9163-cdfaed77c227,1746530100000000000,1746530100000000000,,,,,,,
BACKTESTER-001,MovingAverageCrossover-MA_CROSS,EUR/USD.IDEALPRO,IDEALPRO-1-113,EUR/USD.IDEALPRO-MovingAverageCrossover-MA_CROSS,IDEALPRO-001,IDEALPRO-1-128026,STOP_MARKET,SELL,100000.00,GTC,True,False,100000.00,TAKER,1.13066500000025,4.999999750010531e-06,['2.26 USD'],NO_TRIGGER,FILLED,OUO,OL-20250506-111500-001-MA_CROSS-37,['O-20250506-111500-001-MA_CROSS-114'],O-20250506-111500-001-MA_CROSS-112,,,,['MA_CROSS_SL'],e6928ecd-e715-41dd-bdac-a0fcc3a8e2bc,1746530100000000000,1746645480000000000,1.13067,DEFAULT,,,,,
BACKTESTER-001,MovingAverageCrossover-MA_CROSS,EUR/USD.IDEALPRO,IDEALPRO-1-114,EUR/USD.IDEALPRO-MovingAverageCrossover-MA_CROSS,IDEALPRO-001,,LIMIT,SELL,99999.99,GTC,True,False,0.00,NO_LIQUIDITY_SIDE,,,,NO_TRIGGER,CANCELED,OUO,OL-20250506-111500-001-MA_CROSS-37,['O-20250506-111500-001-MA_CROSS-113'],O-20250506-111500-001-MA_CROSS-112,,,,['MA_CROSS_TP'],1f1fcc62-ebc5-4f17-9a2b-92859e7abdc1,1746530100000000000,1746645480000000000,,,,,1.14017,True,
BACKTESTER-001,MovingAverageCrossover-MA_CROSS,EUR/USD.IDEALPRO,IDEALPRO-1-115,EUR/USD.IDEALPRO-MovingAverageCrossover-MA_CROSS,IDEALPRO-001,IDEALPRO-1-128235,MARKET,SELL,100000.00,GTC,False,False,100000.00,TAKER,1.1301250000002503,0.0,['2.26 USD'],NO_TRIGGER,FILLED,OTO,OL-20250507-230000-001-MA_CROSS-38,"['O-20250507-230000-001-MA_CROSS-116', 'O-20250507-230000-001-MA_CROSS-117']",,,,,['MA_CROSS'],a57f1ee6-0124-4593-b4ed-441c16c00e13,1746658800000000000,1746658800000000000,,,,,,,
BACKTESTER-001,MovingAverageCrossover-MA_CROSS,EUR/USD.IDEALPRO,IDEALPRO-1-116,EUR/USD.IDEALPRO-MovingAverageCrossover-MA_CROSS,IDEALPRO-001,IDEALPRO-1-128352,STOP_MARKET,BUY,100000.00,GTC,True,False,100000.00,TAKER,1.13213499999975,4.999999750010531e-06,['2.26 USD'],NO_TRIGGER,FILLED,OUO,OL-20250507-230000-001-MA_CROSS-38,['O-20250507-230000-001-MA_CROSS-117'],O-20250507-230000-001-MA_CROSS-115,,,,['MA_CROSS_SL'],98766ebd-e1cb-4028-ad61-9a88582b664f,1746658800000000000,1746665700000000000,1.13213,DEFAULT,,,,,
BACKTESTER-001,MovingAverageCrossover-MA_CROSS,EUR/USD.IDEALPRO,IDEALPRO-1-117,EUR/USD.IDEALPRO-MovingAverageCrossover-MA_CROSS,IDEALPRO-001,,LIMIT,BUY,99999.99,GTC,True,False,0.00,NO_LIQUIDITY_SIDE,,,,NO_TRIGGER,CANCELED,OUO,OL-20250507-230000-001-MA_CROSS-38,['O-20250507-230000-001-MA_CROSS-116'],O-20250507-230000-001-MA_CROSS-115,,,,['MA_CROSS_TP'],de6466c4-b511-433b-bcef-d720ddee3efd,1746658800000000000,1746665700000000000,,,,,1.12263,True,
BACKTESTER-001,MovingAverageCrossover-MA_CROSS,EUR/USD.IDEALPRO,IDEALPRO-1-118,EUR/USD.IDEALPRO-MovingAverageCrossover-MA_CROSS,IDEALPRO-001,IDEALPRO-1-134029,MARKET,BUY,100000.00,GTC,False,False,100000.00,TAKER,1.11936499999975,0.0,['2.24 USD'],NO_TRIGGER,FILLED,OTO,OL-20250514-003000-001-MA_CROSS-39,"['O-20250514-003000-001-MA_CROSS-119', 'O-20250514-003000-001-MA_CROSS-120']",,,,,['MA_CROSS'],ac2da882-7976-4e2c-8f17-472b796fa44a,1747182600000000000,1747182600000000000,,,,,,,
BACKTESTER-001,MovingAverageCrossover-MA_CROSS,EUR/USD.IDEALPRO,IDEALPRO-1-119,EUR/USD.IDEALPRO-MovingAverageCrossover-MA_CROSS,IDEALPRO-001,IDEALPRO-1-135096,STOP_MARKET,SELL,100000.00,GTC,True,False,100000.00,TAKER,1.1173550000002501,4.999999749788486e-06,['2.23 USD'],NO_TRIGGER,FILLED,OUO,OL-20250514-003000-001-MA_CROSS-39,['O-20250514-003000-001-MA_CROSS-120'],O-20250514-003000-001-MA_CROSS-118,,,,['MA_CROSS_SL'],147b28d2-85b1-40fa-b6d9-39b4809a6a22,1747182600000000000,1747246500000000000,1.11736,DEFAULT,,,,,
BACKTESTER-001,MovingAverageCrossover-MA_CROSS,EUR/USD.IDEALPRO,IDEALPRO-1-120,EUR/USD.IDEALPRO-MovingAverageCrossover-MA_CROSS,IDEALPRO-001,,LIMIT,SELL,99999.99,GTC,True,False,0.00,NO_LIQUIDITY_SIDE,,,,NO_TRIGGER,CANCELED,OUO,OL-20250514-003000-001-MA_CROSS-39,['O-20250514-003000-001-MA_CROSS-119'],O-20250514-003000-001-MA_CROSS-118,,,,['MA_CROSS_TP'],ccaa509d-2623-414d-8b8d-dcfff921f79e,1747182600000000000,1747246500000000000,,,,,1.12686,True,
BACKTESTER-001,MovingAverageCrossover-MA_CROSS,EUR/USD.IDEALPRO,IDEALPRO-1-121,EUR/USD.IDEALPRO-MovingAverageCrossover-MA_CROSS,IDEALPRO-001,IDEALPRO-1-137813,MARKET,SELL,100000.00,GTC,False,False,100000.00,TAKER,1.1140250000002503,0.0,['2.23 USD'],NO_TRIGGER,FILLED,OTO,OL-20250516-160000-001-MA_CROSS-40,"['O-20250516-160000-001-MA_CROSS-122', 'O-20250516-160000-001-MA_CROSS-123']",,,,,['MA_CROSS'],07e01661-3b14-475e-9704-19a47ed942ea,1747411200000000000,1747411200000000000,,,,,,,
BACKTESTER-001,MovingAverageCrossover-MA_CROSS,EUR/USD.IDEALPRO,IDEALPRO-1-122,EUR/USD.IDEALPRO-MovingAverageCrossover-MA_CROSS,IDEALPRO-001,IDEALPRO-1-138110,STOP_MARKET,BUY,100000.00,GTC,True,False,100000.00,TAKER,1.11603499999975,4.999999750010531e-06,['2.23 USD'],NO_TRIGGER,FILLED,OUO,OL-20250516-160000-001-MA_CROSS-40,['O-20250516-160000-001-MA_CROSS-123'],O-20250516-160000-001-MA_CROSS-121,,,,['MA_CROSS_SL'],76754650-a584-4536-bf74-d60d910dbf75,1747411200000000000,1747428900000000000,1.11603,DEFAULT,,,,,
BACKTESTER-001,MovingAverageCrossover-MA_CROSS,EUR/USD.IDEALPRO,IDEALPRO-1-123,EUR/USD.IDEALPRO-MovingAverageCrossover-MA_CROSS,IDEALPRO-001,,LIMIT,BUY,99999.99,GTC,True,False,0.00,NO_LIQUIDITY_SIDE,,,,NO_TRIGGER,CANCELED,OUO,OL-20250516-160000-001-MA_CROSS-40,['O-20250516-160000-001-MA_CROSS-122'],O-20250516-160000-001-MA_CROSS-121,,,,['MA_CROSS_TP'],e81a2823-56c7-4250-ad1c-75aec0236bf6,1747411200000000000,1747428900000000000,,,,,1.10653,True,
BACKTESTER-001,MovingAverageCrossover-MA_CROSS,EUR/USD.IDEALPRO,IDEALPRO-1-124,EUR/USD.IDEALPRO-MovingAverageCrossover-MA_CROSS,IDEALPRO-001,IDEALPRO-1-138777,MARKET,BUY,100000.00,GTC,False,False,100000.00,TAKER,1.1248349999997502,0.0,['2.25 USD'],NO_TRIGGER,FILLED,OTO,OL-20250519-081500-001-MA_CROSS-41,"['O-20250519-081500-001-MA_CROSS-125', 'O-20250519-081500-001-MA_CROSS-126']",,,,,['MA_CROSS'],85302c13-d2df-49e0-9a61-3a1952974ebe,1747642500000000000,1747642500000000000,,,,,,,
BACKTESTER-001,MovingAverageCrossover-MA_CROSS,EUR/USD.IDEALPRO,IDEALPRO-1-125,EUR/USD.IDEALPRO-MovingAverageCrossover-MA_CROSS,IDEALPRO-001,IDEALPRO-1-139317,STOP_MARKET,SELL,100000.00,GTC,True,False,100000.00,TAKER,1.1228250000002502,4.999999749788486e-06,['2.25 USD'],NO_TRIGGER,FILLED,OUO,OL-20250519-081500-001-MA_CROSS-41,['O-20250519-081500-001-MA_CROSS-126'],O-20250519-081500-001-MA_CROSS-124,,,,['MA_CROSS_SL'],3ada2e9f-ed1a-4d61-95ef-d4f6ede3fac3,1747642500000000000,1747674780000000000,1.12283,DEFAULT,,,,,
BACKTESTER-001,MovingAverageCrossover-MA_CROSS,EUR/USD.IDEALPRO,IDEALPRO-1-126,EUR/USD.IDEALPRO-MovingAverageCrossover-MA_CROSS,IDEALPRO-001,,LIMIT,SELL,99999.99,GTC,True,False,0.00,NO_LIQUIDITY_SIDE,,,,NO_TRIGGER,CANCELED,OUO,OL-20250519-081500-001-MA_CROSS-41,['O-20250519-081500-001-MA_CROSS-125'],O-20250519-081500-001-MA_CROSS-124,,,,['MA_CROSS_TP'],708d3929-3ed2-45b9-bbd6-e1fbacee4389,1747642500000000000,1747674780000000000,,,,,1.13233,True,
BACKTESTER-001,MovingAverageCrossover-MA_CROSS,EUR/USD.IDEALPRO,IDEALPRO-1-127,EUR/USD.IDEALPRO-MovingAverageCrossover-MA_CROSS,IDEALPRO-001,IDEALPRO-1-143971,MARKET,SELL,100000.00,GTC,False,False,100000.00,TAKER,1.12836500000025,0.0,['2.26 USD'],NO_TRIGGER,FILLED,OTO,OL-20250522-234500-001-MA_CROSS-42,"['O-20250522-234500-001-MA_CROSS-128', 'O-20250522-234500-001-MA_CROSS-129']",,,,,['MA_CROSS'],5e033e79-a9dd-4b6f-854e-cfe754072ca1,1747957500000000000,1747957500000000000,,,,,,,
BACKTESTER-001,MovingAverageCrossover-MA_CROSS,EUR/USD.IDEALPRO,IDEALPRO-1-128,EUR/USD.IDEALPRO-MovingAverageCrossover-MA_CROSS,IDEALPRO-001,IDEALPRO-1-144061,STOP_MARKET,BUY,100000.00,GTC,True,False,100000.00,TAKER,1.13037499999975,4.999999750010531e-06,['2.26 USD'],NO_TRIGGER,FILLED,OUO,OL-20250522-234500-001-MA_CROSS-42,['O-20250522-234500-001-MA_CROSS-129'],O-20250522-234500-001-MA_CROSS-127,,,,['MA_CROSS_SL'],1fa8fcdf-0209-47f6-99b0-340c2050129d,1747957500000000000,1747962780000000000,1.13037,DEFAULT,,,,,
BACKTESTER-001,MovingAverageCrossover-MA_CROSS,EUR/USD.IDEALPRO,IDEALPRO-1-129,EUR/USD.IDEALPRO-MovingAverageCrossover-MA_CROSS,IDEALPRO-001,,LIMIT,BUY,99999.99,GTC,True,False,0.00,NO_LIQUIDITY_SIDE,,,,NO_TRIGGER,CANCELED,OUO,OL-20250522-234500-001-MA_CROSS-42,['O-20250522-234500-001-MA_CROSS-128'],O-20250522-234500-001-MA_CROSS-127,,,,['MA_CROSS_TP'],fdd43146-6384-4de4-841d-4146bdce5bf3,1747957500000000000,1747962780000000000,,,,,1.12087,True,
BACKTESTER-001,MovingAverageCrossover-MA_CROSS,EUR/USD.IDEALPRO,IDEALPRO-1-130,EUR/USD.IDEALPRO-MovingAverageCrossover-MA_CROSS,IDEALPRO-001,IDEALPRO-1-144485,MARKET,BUY,100000.00,GTC,False,False,100000.00,TAKER,1.1344149999997502,0.0,['2.27 USD'],NO_TRIGGER,FILLED,OTO,OL-20250523-081500-001-MA_CROSS-43,"['O-20250523-081500-001-MA_CROSS-131', 'O-20250523-081500-001-MA_CROSS-132']",,,,,['MA_CROSS'],30f59846-def0-46fc-8044-b579beb8e7db,1747988100000000000,1747988100000000000,,,,,,,
BACKTESTER-001,MovingAverageCrossover-MA_CROSS,EUR/USD.IDEALPRO,IDEALPRO-1-131,EUR/USD.IDEALPRO-MovingAverageCrossover-MA_CROSS,IDEALPRO-001,IDEALPRO-1-144701,STOP_MARKET,SELL,100000.00,GTC,True,False,100000.00,TAKER,1.13240500000025,4.999999750010531e-06,['2.26 USD'],NO_TRIGGER,FILLED,OUO,OL-20250523-081500-001-MA_CROSS-43,['O-20250523-081500-001-MA_CROSS-132'],O-20250523-081500-001-MA_CROSS-130,,,,['MA_CROSS_SL'],a6348427-8580-4ba6-b4d8-28f022c2a3db,1747988100000000000,1748000940000000000,1.13241,DEFAULT,,,,,
BACKTESTER-001,MovingAverageCrossover-MA_CROSS,EUR/USD.IDEALPRO,IDEALPRO-1-132,EUR/USD.IDEALPRO-MovingAverageCrossover-MA_CROSS,IDEALPRO-001,,LIMIT,SELL,99999.99,GTC,True,False,0.00,NO_LIQUIDITY_SIDE,,,,NO_TRIGGER,CANCELED,OUO,OL-20250523-081500-001-MA_CROSS-43,['O-20250523-081500-001-MA_CROSS-131'],O-20250523-081500-001-MA_CROSS-130,,,,['MA_CROSS_TP'],35de80da-17d0-4cc8-8d4a-eefe30cf40e4,1747988100000000000,1748000940000000000,,,,,1.14191,True,
BACKTESTER-001,MovingAverageCrossover-MA_CROSS,EUR/USD.IDEALPRO,IDEALPRO-1-133,EUR/USD.IDEALPRO-MovingAverageCrossover-MA_CROSS,IDEALPRO-001,IDEALPRO-1-147744,MARKET,SELL,100000.00,GTC,False,False,100000.00,TAKER,1.1341050000002502,0.0,['2.27 USD'],NO_TRIGGER,FILLED,OTO,OL-20250527-150000-001-MA_CROSS-44,"['O-20250527-150000-001-MA_CROSS-134', 'O-20250527-150000-001-MA_CROSS-135']",,,,,['MA_CROSS'],7c5a4605-cbb6-4855-8c05-5d5b84a521fc,1748358000000000000,1748358000000000000,,,,,,,
BACKTESTER-001,MovingAverageCrossover-MA_CROSS,EUR/USD.IDEALPRO,IDEALPRO-1-134,EUR/USD.IDEALPRO-MovingAverageCrossover-MA_CROSS,IDEALPRO-001,,STOP_MARKET,BUY,99999.99,GTC,True,False,0.00,NO_LIQUIDITY_SIDE,,,,NO_TRIGGER,CANCELED,OUO,OL-20250527-150000-001-MA_CROSS-44,['O-20250527-150000-001-MA_CROSS-135'],O-20250527-150000-001-MA_CROSS-133,,,,['MA_CROSS_SL'],779eef2f-d5c2-4490-b674-6f1c6635eefb,1748358000000000000,1748475180000000000,1.13611,DEFAULT,,,,,
BACKTESTER-001,MovingAverageCrossover-MA_CROSS,EUR/USD.IDEALPRO,IDEALPRO-1-135,EUR/USD.IDEALPRO-MovingAverageCrossover-MA_CROSS,IDEALPRO-001,IDEALPRO-1-149669,LIMIT,BUY,100000.00,GTC,True,False,100000.00,MAKER,1.12661,0.0,['2.25 USD'],NO_TRIGGER,FILLED,OUO,OL-20250527-150000-001-MA_CROSS-44,['O-20250527-150000-001-MA_CROSS-134'],O-20250527-150000-001-MA_CROSS-133,,,,['MA_CROSS_TP'],8ca3eb50-4eaa-4d2b-9232-0f4f2fd291fb,1748358000000000000,1748475180000000000,,,,,1.12661,True,
BACKTESTER-001,MovingAverageCrossover-MA_CROSS,EUR/USD.IDEALPRO,IDEALPRO-1-136,EUR/USD.IDEALPRO-MovingAverageCrossover-MA_CROSS,IDEALPRO-001,IDEALPRO-1-150793,MARKET,BUY,100000.00,GTC,False,False,100000.00,TAKER,1.1382749999997501,0.0,['2.28 USD'],NO_TRIGGER,FILLED,OTO,OL-20250529-181500-001-MA_CROSS-45,"['O-20250529-181500-001-MA_CROSS-137', 'O-20250529-181500-001-MA_CROSS-138']",,,,,['MA_CROSS'],fd3a71ca-83ca-4f32-946e-16ea3f7f3243,1748542500000000000,1748542500000000000,,,,,,,
BACKTESTER-001,MovingAverageCrossover-MA_CROSS,EUR/USD.IDEALPRO,IDEALPRO-1-137,EUR/USD.IDEALPRO-MovingAverageCrossover-MA_CROSS,IDEALPRO-001,IDEALPRO-1-150912,STOP_MARKET,SELL,100000.00,GTC,True,False,100000.00,TAKER,1.1362650000002499,4.999999750010531e-06,['2.27 USD'],NO_TRIGGER,FILLED,OUO,OL-20250529-181500-001-MA_CROSS-45,['O-20250529-181500-001-MA_CROSS-138'],O-20250529-181500-001-MA_CROSS-136,,,,['MA_CROSS_SL'],d5e8615d-0296-4a44-acf3-512ea97bb479,1748542500000000000,1748549520000000000,1.13627,DEFAULT,,,,,
BACKTESTER-001,MovingAverageCrossover-MA_CROSS,EUR/USD.IDEALPRO,IDEALPRO-1-138,EUR/USD.IDEALPRO-MovingAverageCrossover-MA_CROSS,IDEALPRO-001,,LIMIT,SELL,99999.99,GTC,True,False,0.00,NO_LIQUIDITY_SIDE,,,,NO_TRIGGER,CANCELED,OUO,OL-20250529-181500-001-MA_CROSS-45,['O-20250529-181500-001-MA_CROSS-137'],O-20250529-181500-001-MA_CROSS-136,,,,['MA_CROSS_TP'],6f9bf62f-6bb4-4fa1-9bec-bf4cb779dfbd,1748542500000000000,1748549520000000000,,,,,1.14577,True,
BACKTESTER-001,MovingAverageCrossover-MA_CROSS,EUR/USD.IDEALPRO,IDEALPRO-1-139,EUR/USD.IDEALPRO-MovingAverageCrossover-MA_CROSS,IDEALPRO-001,IDEALPRO-1-155147,MARKET,SELL,100000.00,GTC,False,False,100000.00,TAKER,1.13722500000025,0.0,['2.27 USD'],NO_TRIGGER,FILLED,OTO,OL-20250603-193000-001-MA_CROSS-46,"['O-20250603-193000-001-MA_CROSS-140', 'O-20250603-193000-001-MA_CROSS-141']",,,,,['MA_CROSS'],59246c70-a33e-44b9-a740-94bbd439494e,1748979000000000000,1748979000000000000,,,,,,,
BACKTESTER-001,MovingAverageCrossover-MA_CROSS,EUR/USD.IDEALPRO,IDEALPRO-1-140,EUR/USD.IDEALPRO-MovingAverageCrossover-MA_CROSS,IDEALPRO-001,IDEALPRO-1-155502,STOP_MARKET,BUY,100000.00,GTC,True,False,100000.00,TAKER,1.1392349999997502,4.9999997502325755e-06,['2.28 USD'],NO_TRIGGER,FILLED,OUO,OL-20250603-193000-001-MA_CROSS-46,['O-20250603-193000-001-MA_CROSS-141'],O-20250603-193000-001-MA_CROSS-139,,,,['MA_CROSS_SL'],449c2b32-5958-4103-b189-79069a9cbc1d,1748979000000000000,1749001080000000000,1.13923,DEFAULT,,,,,
BACKTESTER-001,MovingAverageCrossover-MA_CROSS,EUR/USD.IDEALPRO,IDEALPRO-1-141,EUR/USD.IDEALPRO-MovingAverageCrossover-MA_CROSS,IDEALPRO-001,,LIMIT,BUY,99999.99,GTC,True,False,0.00,NO_LIQUIDITY_SIDE,,,,NO_TRIGGER,CANCELED,OUO,OL-20250603-193000-001-MA_CROSS-46,['O-20250603-193000-001-MA_CROSS-140'],O-20250603-193000-001-MA_CROSS-139,,,,['MA_CROSS_TP'],fd82f177-c2f2-4422-a34d-f6af6a8279e2,1748979000000000000,1749001080000000000,,,,,1.12973,True,
BACKTESTER-001,MovingAverageCrossover-MA_CROSS,EUR/USD.IDEALPRO,IDEALPRO-1-142,EUR/USD.IDEALPRO-MovingAverageCrossover-MA_CROSS,IDEALPRO-001,IDEALPRO-1-156441,MARKET,BUY,100000.00,GTC,False,False,100000.00,TAKER,1.1429849999997501,0.0,['2.29 USD'],NO_TRIGGER,FILLED,OTO,OL-20250604-171500-001-MA_CROSS-47,"['O-20250604-171500-001-MA_CROSS-143', 'O-20250604-171500-001-MA_CROSS-144']",,,,,['MA_CROSS'],c9d2cb95-2927-4ebf-a138-16579ec299d0,1749057300000000000,1749057300000000000,,,,,,,
BACKTESTER-001,MovingAverageCrossover-MA_CROSS,EUR/USD.IDEALPRO,IDEALPRO-1-143,EUR/USD.IDEALPRO-MovingAverageCrossover-MA_CROSS,IDEALPRO-001,IDEALPRO-1-157071,STOP_MARKET,SELL,100000.00,GTC,True,False,100000.00,TAKER,1.14097500000025,4.999999750010531e-06,['2.28 USD'],NO_TRIGGER,FILLED,OUO,OL-20250604-171500-001-MA_CROSS-47,['O-20250604-171500-001-MA_CROSS-144'],O-20250604-171500-001-MA_CROSS-142,,,,['MA_CROSS_SL'],c8ae786b-06ae-45ad-b176-e03c05635ad6,1749057300000000000,1749095880000000000,1.14098,DEFAULT,,,,,
BACKTESTER-001,MovingAverageCrossover-MA_CROSS,EUR/USD.IDEALPRO,IDEALPRO-1-144,EUR/USD.IDEALPRO-MovingAverageCrossover-MA_CROSS,IDEALPRO-001,,LIMIT,SELL,99999.99,GTC,True,False,0.00,NO_LIQUIDITY_SIDE,,,,NO_TRIGGER,CANCELED,OUO,OL-20250604-171500-001-MA_CROSS-47,['O-20250604-171500-001-MA_CROSS-143'],O-20250604-171500-001-MA_CROSS-142,,,,['MA_CROSS_TP'],fb7970e3-8e01-4d44-9788-9e98f819dd72,1749057300000000000,1749095880000000000,,,,,1.15048,True,
BACKTESTER-001,MovingAverageCrossover-MA_CROSS,EUR/USD.IDEALPRO,IDEALPRO-1-145,EUR/USD.IDEALPRO-MovingAverageCrossover-MA_CROSS,IDEALPRO-001,IDEALPRO-1-159280,MARKET,SELL,100000.00,GTC,False,False,100000.00,TAKER,1.1387150000002502,0.0,['2.28 USD'],NO_TRIGGER,FILLED,OTO,OL-20250606-170000-001-MA_CROSS-48,"['O-20250606-170000-001-MA_CROSS-146', 'O-20250606-170000-001-MA_CROSS-147']",,,,,['MA_CROSS'],c78511a6-8c43-4016-95d7-865828cf4730,1749229200000000000,1749229200000000000,,,,,,,
BACKTESTER-001,MovingAverageCrossover-MA_CROSS,EUR/USD.IDEALPRO,IDEALPRO-1-146,EUR/USD.IDEALPRO-MovingAverageCrossover-MA_CROSS,IDEALPRO-001,IDEALPRO-1-159628,STOP_MARKET,BUY,100000.00,GTC,True,False,100000.00,TAKER,1.1407249999997502,4.9999997502325755e-06,['2.28 USD'],NO_TRIGGER,FILLED,OUO,OL-20250606-170000-001-MA_CROSS-48,['O-20250606-170000-001-MA_CROSS-147'],O-20250606-170000-001-MA_CROSS-145,,,,['MA_CROSS_SL'],589a674f-2525-42bd-9366-080cdd9436ce,1749229200000000000,1749423660000000000,1.14072,DEFAULT,,,,,
BACKTESTER-001,MovingAverageCrossover-MA_CROSS,EUR/USD.IDEALPRO,IDEALPRO-1-147,EUR/USD.IDEALPRO-MovingAverageCrossover-MA_CROSS,IDEALPRO-001,,LIMIT,BUY,99999.99,GTC,True,False,0.00,NO_LIQUIDITY_SIDE,,,,NO_TRIGGER,CANCELED,OUO,OL-20250606-170000-001-MA_CROSS-48,['O-20250606-170000-001-MA_CROSS-146'],O-20250606-170000-001-MA_CROSS-145,,,,['MA_CROSS_TP'],b1c4dbe9-0730-46cf-aa17-a878eea18bf2,1749229200000000000,1749423660000000000,,,,,1.13122,True,
BACKTESTER-001,MovingAverageCrossover-MA_CROSS,EUR/USD.IDEALPRO,IDEALPRO-1-148,EUR/USD.IDEALPRO-MovingAverageCrossover-MA_CROSS,IDEALPRO-001,IDEALPRO-1-162194,MARKET,BUY,100000.00,GTC,False,False,100000.00,TAKER,1.14230499999975,0.0,['2.28 USD'],NO_TRIGGER,FILLED,OTO,OL-20250610-180000-001-MA_CROSS-49,"['O-20250610-180000-001-MA_CROSS-149', 'O-20250610-180000-001-MA_CROSS-150']",,,,,['MA_CROSS'],c133a818-229f-45e9-b628-5a945a84c5d9,1749578400000000000,1749578400000000000,,,,,,,
BACKTESTER-001,MovingAverageCrossover-MA_CROSS,EUR/USD.IDEALPRO,IDEALPRO-1-149,EUR/USD.IDEALPRO-MovingAverageCrossover-MA_CROSS,IDEALPRO-001,,STOP_MARKET,SELL,99999.99,GTC,True,False,0.00,NO_LIQUIDITY_SIDE,,,,NO_TRIGGER,CANCELED,OUO,OL-20250610-180000-001-MA_CROSS-49,['O-20250610-180000-001-MA_CROSS-150'],O-20250610-180000-001-MA_CROSS-148,,,,['MA_CROSS_SL'],4887d5d4-cc6a-4f1e-9478-756dfaea3b92,1749578400000000000,1749664620000000000,1.14030,DEFAULT,,,,,
BACKTESTER-001,MovingAverageCrossover-MA_CROSS,EUR/USD.IDEALPRO,IDEALPRO-1-150,EUR/USD.IDEALPRO-MovingAverageCrossover-MA_CROSS,IDEALPRO-001,IDEALPRO-1-163618,LIMIT,SELL,100000.00,GTC,True,False,100000.00,MAKER,1.1498,0.0,['2.30 USD'],NO_TRIGGER,FILLED,OUO,OL-20250610-180000-001-MA_CROSS-49,['O-20250610-180000-001-MA_CROSS-149'],O-20250610-180000-001-MA_CROSS-148,,,,['MA_CROSS_TP'],3d97da7d-75e5-4c4d-bd1f-5b32c65c508d,1749578400000000000,1749664620000000000,,,,,1.14980,True,
BACKTESTER-001,MovingAverageCrossover-MA_CROSS,EUR/USD.IDEALPRO,IDEALPRO-1-151,EUR/USD.IDEALPRO-MovingAverageCrossover-MA_CROSS,IDEALPRO-001,IDEALPRO-1-168603,MARKET,SELL,100000.00,GTC,False,False,100000.00,TAKER,1.1557950000002502,0.0,['2.31 USD'],NO_TRIGGER,FILLED,OTO,OL-20250617-060000-001-MA_CROSS-50,"['O-20250617-060000-001-MA_CROSS-152', 'O-20250617-060000-001-MA_CROSS-153']",,,,,['MA_CROSS'],66870169-cee0-44a4-bca0-b6cb45be02e9,1750140000000000000,1750140000000000000,,,,,,,
BACKTESTER-001,MovingAverageCrossover-MA_CROSS,EUR/USD.IDEALPRO,IDEALPRO-1-152,EUR/USD.IDEALPRO-MovingAverageCrossover-MA_CROSS,IDEALPRO-001,,STOP_MARKET,BUY,99999.99,GTC,True,False,0.00,NO_LIQUIDITY_SIDE,,,,NO_TRIGGER,CANCELED,OUO,OL-20250617-060000-001-MA_CROSS-50,['O-20250617-060000-001-MA_CROSS-153'],O-20250617-060000-001-MA_CROSS-151,,,,['MA_CROSS_SL'],99a8a1bb-af97-40f7-a4c3-e9ab277e084b,1750140000000000000,1750152600000000000,1.15780,DEFAULT,,,,,
BACKTESTER-001,MovingAverageCrossover-MA_CROSS,EUR/USD.IDEALPRO,IDEALPRO-1-153,EUR/USD.IDEALPRO-MovingAverageCrossover-MA_CROSS,IDEALPRO-001,,LIMIT,BUY,99999.99,GTC,True,False,0.00,NO_LIQUIDITY_SIDE,,,,NO_TRIGGER,CANCELED,OUO,OL-20250617-060000-001-MA_CROSS-50,['O-20250617-060000-001-MA_CROSS-152'],O-20250617-060000-001-MA_CROSS-151,,,,['MA_CROSS_TP'],c265ca46-7977-4169-877e-789bbdd79fc1,1750140000000000000,1750152600000000000,,,,,1.14830,True,
BACKTESTER-001,MovingAverageCrossover-MA_CROSS,EUR/USD.IDEALPRO,IDEALPRO-1-154,EUR/USD.IDEALPRO-MovingAverageCrossover-MA_CROSS,IDEALPRO-001,IDEALPRO-1-168815,MARKET,BUY,100000.00,GTC,True,False,100000.00,TAKER,1.15565499999975,0.0,['2.31 USD'],NO_TRIGGER,FILLED,NO_CONTINGENCY,,,,,,,,0b4e4d24-23c8-4e4e-ab2a-468b959e99dc,1750152600000000000,1750152600000000000,,,,,,,
BACKTESTER-001,MovingAverageCrossover-MA_CROSS,EUR/USD.IDEALPRO,IDEALPRO-1-155,EUR/USD.IDEALPRO-MovingAverageCrossover-MA_CROSS,IDEALPRO-001,IDEALPRO-1-169252,MARKET,SELL,100000.00,GTC,False,False,100000.00,TAKER,1.15205500000025,0.0,['2.30 USD'],NO_TRIGGER,FILLED,OTO,OL-20250617-164500-001-MA_CROSS-51,"['O-20250617-164500-001-MA_CROSS-156', 'O-20250617-164500-001-MA_CROSS-157']",,,,,['MA_CROSS'],746db4e5-3f6d-41d0-9f22-947d148b2153,1750178700000000000,1750178700000000000,,,,,,,
BACKTESTER-001,MovingAverageCrossover-MA_CROSS,EUR/USD.IDEALPRO,IDEALPRO-1-156,EUR/USD.IDEALPRO-MovingAverageCrossover-MA_CROSS,IDEALPRO-001,,STOP_MARKET,BUY,99999.99,GTC,True,False,0.00,NO_LIQUIDITY_SIDE,,,,NO_TRIGGER,CANCELED,OUO,OL-20250617-164500-001-MA_CROSS-51,['O-20250617-164500-001-MA_CROSS-157'],O-20250617-164500-001-MA_CROSS-155,,,,['MA_CROSS_SL'],b9a9f444-a8e4-4d00-b497-9bdcd4a3f765,1750178700000000000,1750389300000000000,1.15406,DEFAULT,,,,,
BACKTESTER-001,MovingAverageCrossover-MA_CROSS,EUR/USD.IDEALPRO,IDEALPRO-1-157,EUR/USD.IDEALPRO-MovingAverageCrossover-MA_CROSS,IDEALPRO-001,,LIMIT,BUY,99999.99,GTC,True,False,0.00,NO_LIQUIDITY_SIDE,,,,NO_TRIGGER,CANCELED,OUO,OL-20250617-164500-001-MA_CROSS-51,['O-20250617-164500-001-MA_CROSS-156'],O-20250617-164500-001-MA_CROSS-155,,,,['MA_CROSS_TP'],94d30350-5149-4d9b-ae8d-b5fb8ebd3beb,1750178700000000000,1750389300000000000,,,,,1.14456,True,
BACKTESTER-001,MovingAverageCrossover-MA_CROSS,EUR/USD.IDEALPRO,IDEALPRO-1-158,EUR/USD.IDEALPRO-MovingAverageCrossover-MA_CROSS,IDEALPRO-001,IDEALPRO-1-172719,MARKET,BUY,100000.00,GTC,True,False,100000.00,TAKER,1.1523049999997503,0.0,['2.30 USD'],NO_TRIGGER,FILLED,NO_CONTINGENCY,,,,,,,,3956a095-8352-4909-acc4-8857e374dee0,1750389300000000000,1750389300000000000,,,,,,,
BACKTESTER-001,MovingAverageCrossover-MA_CROSS,EUR/USD.IDEALPRO,IDEALPRO-1-159,EUR/USD.IDEALPRO-MovingAverageCrossover-MA_CROSS,IDEALPRO-001,IDEALPRO-1-174356,MARKET,SELL,100000.00,GTC,False,False,100000.00,TAKER,1.15070500000025,0.0,['2.30 USD'],NO_TRIGGER,FILLED,OTO,OL-20250623-064500-001-MA_CROSS-52,"['O-20250623-064500-001-MA_CROSS-160', 'O-20250623-064500-001-MA_CROSS-161']",,,,,['MA_CROSS'],fac04538-a1ff-4bd7-8b5e-3fb3b2fbd048,1750661100000000000,1750661100000000000,,,,,,,
BACKTESTER-001,MovingAverageCrossover-MA_CROSS,EUR/USD.IDEALPRO,IDEALPRO-1-160,EUR/USD.IDEALPRO-MovingAverageCrossover-MA_CROSS,IDEALPRO-001,IDEALPRO-1-174814,STOP_MARKET,BUY,100000.00,GTC,True,False,100000.00,TAKER,1.1527149999997501,4.9999997502325755e-06,['2.31 USD'],NO_TRIGGER,FILLED,OUO,OL-20250623-064500-001-MA_CROSS-52,['O-20250623-064500-001-MA_CROSS-161'],O-20250623-064500-001-MA_CROSS-159,,,,['MA_CROSS_SL'],d638ec84-acb9-4723-8393-a94ba37b83a0,1750661100000000000,1750688460000000000,1.15271,DEFAULT,,,,,
BACKTESTER-001,MovingAverageCrossover-MA_CROSS,EUR/USD.IDEALPRO,IDEALPRO-1-161,EUR/USD.IDEALPRO-MovingAverageCrossover-MA_CROSS,IDEALPRO-001,,LIMIT,BUY,99999.99,GTC,True,False,0.00,NO_LIQUIDITY_SIDE,,,,NO_TRIGGER,CANCELED,OUO,OL-20250623-064500-001-MA_CROSS-52,['O-20250623-064500-001-MA_CROSS-160'],O-20250623-064500-001-MA_CROSS-159,,,,['MA_CROSS_TP'],2f4b9902-9a69-42cd-bb9e-7c1372935f65,1750661100000000000,1750688460000000000,,,,,1.14321,True,
BACKTESTER-001,MovingAverageCrossover-MA_CROSS,EUR/USD.IDEALPRO,IDEALPRO-1-162,EUR/USD.IDEALPRO-MovingAverageCrossover-MA_CROSS,IDEALPRO-001,IDEALPRO-1-175005,MARKET,BUY,100000.00,GTC,False,False,100000.00,TAKER,1.15584499999975,0.0,['2.31 USD'],NO_TRIGGER,FILLED,OTO,OL-20250623-173000-001-MA_CROSS-53,"['O-20250623-173000-001-MA_CROSS-163', 'O-20250623-173000-001-MA_CROSS-164']",,,,,['MA_CROSS'],426cc9f3-fdfd-4b20-9f36-6ece2a5f57f5,1750699800000000000,1750699800000000000,,,,,,,
BACKTESTER-001,MovingAverageCrossover-MA_CROSS,EUR/USD.IDEALPRO,IDEALPRO-1-163,EUR/USD.IDEALPRO-MovingAverageCrossover-MA_CROSS,IDEALPRO-001,,STOP_MARKET,SELL,99999.99,GTC,True,False,0.00,NO_LIQUIDITY_SIDE,,,,NO_TRIGGER,CANCELED,OUO,OL-20250623-173000-001-MA_CROSS-53,['O-20250623-173000-001-MA_CROSS-164'],O-20250623-173000-001-MA_CROSS-162,,,,['MA_CROSS_SL'],95e86b27-25e6-4ba1-9709-eca290ec3e7e,1750699800000000000,1750775160000000000,1.15384,DEFAULT,,,,,
BACKTESTER-001,MovingAverageCrossover-MA_CROSS,EUR/USD.IDEALPRO,IDEALPRO-1-164,EUR/USD.IDEALPRO-MovingAverageCrossover-MA_CROSS,IDEALPRO-001,IDEALPRO-1-176248,LIMIT,SELL,100000.00,GTC,True,False,100000.00,MAKER,1.16334,0.0,['2.33 USD'],NO_TRIGGER,FILLED,OUO,OL-20250623-173000-001-MA_CROSS-53,['O-20250623-173000-001-MA_CROSS-163'],O-20250623-173000-001-MA_CROSS-162,,,,['MA_CROSS_TP'],858e5d03-54a3-4d89-85c8-905af133e034,1750699800000000000,1750775160000000000,,,,,1.16334,True,
BACKTESTER-001,MovingAverageCrossover-MA_CROSS,EUR/USD.IDEALPRO,IDEALPRO-1-165,EUR/USD.IDEALPRO-MovingAverageCrossover-MA_CROSS,IDEALPRO-001,IDEALPRO-1-186244,MARKET,SELL,100000.00,GTC,False,False,100000.00,TAKER,1.17579500000025,0.0,['2.35 USD'],NO_TRIGGER,FILLED,OTO,OL-20250703-144500-001-MA_CROSS-54,"['O-20250703-144500-001-MA_CROSS-166', 'O-20250703-144500-001-MA_CROSS-167']",,,,,['MA_CROSS'],a3009e2b-4aad-47c9-bd7b-e85f7ac2692d,1751553900000000000,1751553900000000000,,,,,,,
BACKTESTER-001,MovingAverageCrossover-MA_CROSS,EUR/USD.IDEALPRO,IDEALPRO-1-166,EUR/USD.IDEALPRO-MovingAverageCrossover-MA_CROSS,IDEALPRO-001,IDEALPRO-1-187066,STOP_MARKET,BUY,100000.00,GTC,True,False,100000.00,TAKER,1.1778049999997502,4.9999997502325755e-06,['2.36 USD'],NO_TRIGGER,FILLED,OUO,OL-20250703-144500-001-MA_CROSS-54,['O-20250703-144500-001-MA_CROSS-167'],O-20250703-144500-001-MA_CROSS-165,,,,['MA_CROSS_SL'],e3f5fc9a-92d8-4621-93e9-177228568df4,1751553900000000000,1751604000000000000,1.17780,DEFAULT,,,,,
BACKTESTER-001,MovingAverageCrossover-MA_CROSS,EUR/USD.IDEALPRO,IDEALPRO-1-167,EUR/USD.IDEALPRO-MovingAverageCrossover-MA_CROSS,IDEALPRO-001,,LIMIT,BUY,99999.99,GTC,True,False,0.00,NO_LIQUIDITY_SIDE,,,,NO_TRIGGER,CANCELED,OUO,OL-20250703-144500-001-MA_CROSS-54,['O-20250703-144500-001-MA_CROSS-166'],O-20250703-144500-001-MA_CROSS-165,,,,['MA_CROSS_TP'],92daa114-1f6e-43cf-af68-d800511e1340,1751553900000000000,1751604000000000000,,,,,1.16830,True,
BACKTESTER-001,MovingAverageCrossover-MA_CROSS,EUR/USD.IDEALPRO,IDEALPRO-1-168,EUR/USD.IDEALPRO-MovingAverageCrossover-MA_CROSS,IDEALPRO-001,IDEALPRO-1-192803,MARKET,BUY,100000.00,GTC,False,False,100000.00,TAKER,1.17370499999975,0.0,['2.35 USD'],NO_TRIGGER,FILLED,OTO,OL-20250710-051500-001-MA_CROSS-55,"['O-20250710-051500-001-MA_CROSS-169', 'O-20250710-051500-001-MA_CROSS-170']",,,,,['MA_CROSS'],0ba2acc1-2246-480a-910b-6b998a96db75,1752124500000000000,1752124500000000000,,,,,,,
BACKTESTER-001,MovingAverageCrossover-MA_CROSS,EUR/USD.IDEALPRO,IDEALPRO-1-169,EUR/USD.IDEALPRO-MovingAverageCrossover-MA_CROSS,IDEALPRO-001,IDEALPRO-1-193181,STOP_MARKET,SELL,100000.00,GTC,True,False,100000.00,TAKER,1.1716950000002502,4.999999749788486e-06,['2.34 USD'],NO_TRIGGER,FILLED,OUO,OL-20250710-051500-001-MA_CROSS-55,['O-20250710-051500-001-MA_CROSS-170'],O-20250710-051500-001-MA_CROSS-168,,,,['MA_CROSS_SL'],93a09bd1-6ce9-4c18-b45b-1b64446bb6bf,1752124500000000000,1752147060000000000,1.17170,DEFAULT,,,,,
BACKTESTER-001,MovingAverageCrossover-MA_CROSS,EUR/USD.IDEALPRO,IDEALPRO-1-170,EUR/USD.IDEALPRO-MovingAverageCrossover-MA_CROSS,IDEALPRO-001,,LIMIT,SELL,99999.99,GTC,True,False,0.00,NO_LIQUIDITY_SIDE,,,,NO_TRIGGER,CANCELED,OUO,OL-20250710-051500-001-MA_CROSS-55,['O-20250710-051500-001-MA_CROSS-169'],O-20250710-051500-001-MA_CROSS-168,,,,['MA_CROSS_TP'],d10f43ad-0bab-482d-81e6-5c2b9c98dad0,1752124500000000000,1752147060000000000,,,,,1.18120,True,
BACKTESTER-001,MovingAverageCrossover-MA_CROSS,EUR/USD.IDEALPRO,IDEALPRO-1-171,EUR/USD.IDEALPRO-MovingAverageCrossover-MA_CROSS,IDEALPRO-001,IDEALPRO-1-193497,MARKET,SELL,100000.00,GTC,False,False,100000.00,TAKER,1.1683950000002503,0.0,['2.34 USD'],NO_TRIGGER,FILLED,OTO,OL-20250710-164500-001-MA_CROSS-56,"['O-20250710-164500-001-MA_CROSS-172', 'O-20250710-164500-001-MA_CROSS-173']",,,,,['MA_CROSS'],3f740593-0daa-4860-aec7-95ad1a0e0888,1752165900000000000,1752165900000000000,,,,,,,
BACKTESTER-001,MovingAverageCrossover-MA_CROSS,EUR/USD.IDEALPRO,IDEALPRO-1-172,EUR/USD.IDEALPRO-MovingAverageCrossover-MA_CROSS,IDEALPRO-001,IDEALPRO-1-193809,STOP_MARKET,BUY,100000.00,GTC,True,False,100000.00,TAKER,1.1704049999997501,4.999999750010531e-06,['2.34 USD'],NO_TRIGGER,FILLED,OUO,OL-20250710-164500-001-MA_CROSS-56,['O-20250710-164500-001-MA_CROSS-173'],O-20250710-164500-001-MA_CROSS-171,,,,['MA_CROSS_SL'],1ad07c82-f5c0-48f8-88e1-e053cec44912,1752165900000000000,1752185400000000000,1.17040,DEFAULT,,,,,
BACKTESTER-001,MovingAverageCrossover-MA_CROSS,EUR/USD.IDEALPRO,IDEALPRO-1-173,EUR/USD.IDEALPRO-MovingAverageCrossover-MA_CROSS,IDEALPRO-001,,LIMIT,BUY,99999.99,GTC,True,False,0.00,NO_LIQUIDITY_SIDE,,,,NO_TRIGGER,CANCELED,OUO,OL-20250710-164500-001-MA_CROSS-56,['O-20250710-164500-001-MA_CROSS-172'],O-20250710-164500-001-MA_CROSS-171,,,,['MA_CROSS_TP'],dcfdc3c9-fc92-4d65-b29e-3289a5f4b6c2,1752165900000000000,1752185400000000000,,,,,1.16090,True,
BACKTESTER-001,MovingAverageCrossover-MA_CROSS,EUR/USD.IDEALPRO,IDEALPRO-1-174,EUR/USD.IDEALPRO-MovingAverageCrossover-MA_CROSS,IDEALPRO-001,IDEALPRO-1-201466,MARKET,BUY,100000.00,GTC,False,False,100000.00,TAKER,1.16206499999975,0.0,['2.32 USD'],NO_TRIGGER,FILLED,OTO,OL-20250718-070000-001-MA_CROSS-57,"['O-20250718-070000-001-MA_CROSS-175', 'O-20250718-070000-001-MA_CROSS-176']",,,,,['MA_CROSS'],28a8f8ce-ede0-464b-a2f6-9772c96b30ce,1752822000000000000,1752822000000000000,,,,,,,
BACKTESTER-001,MovingAverageCrossover-MA_CROSS,EUR/USD.IDEALPRO,IDEALPRO-1-175,EUR/USD.IDEALPRO-MovingAverageCrossover-MA_CROSS,IDEALPRO-001,,STOP_MARKET,SELL,99999.99,GTC,True,False,0.00,NO_LIQUIDITY_SIDE,,,,NO_TRIGGER,CANCELED,OUO,OL-20250718-070000-001-MA_CROSS-57,['O-20250718-070000-001-MA_CROSS-176'],O-20250718-070000-001-MA_CROSS-174,,,,['MA_CROSS_SL'],3a064dc4-f271-41df-8cd2-7a57df5bb5f1,1752822000000000000,1753109760000000000,1.16006,DEFAULT,,,,,
BACKTESTER-001,MovingAverageCrossover-MA_CROSS,EUR/USD.IDEALPRO,IDEALPRO-1-176,EUR/USD.IDEALPRO-MovingAverageCrossover-MA_CROSS,IDEALPRO-001,IDEALPRO-1-203369,LIMIT,SELL,100000.00,GTC,True,False,100000.00,MAKER,1.1695600000000002,-2.220446049250313e-16,['2.34 USD'],NO_TRIGGER,FILLED,OUO,OL-20250718-070000-001-MA_CROSS-57,['O-20250718-070000-001-MA_CROSS-175'],O-20250718-070000-001-MA_CROSS-174,,,,['MA_CROSS_TP'],0ca49ac1-0ec5-4ada-818d-344f23081d33,1752822000000000000,1753109760000000000,,,,,1.16956,True,
BACKTESTER-001,MovingAverageCrossover-MA_CROSS,EUR/USD.IDEALPRO,IDEALPRO-1-177,EUR/USD.IDEALPRO-MovingAverageCrossover-MA_CROSS,IDEALPRO-001,IDEALPRO-1-208670,MARKET,SELL,100000.00,GTC,False,False,100000.00,TAKER,1.17437500000025,0.0,['2.35 USD'],NO_TRIGGER,FILLED,OTO,OL-20250725-081500-001-MA_CROSS-58,"['O-20250725-081500-001-MA_CROSS-178', 'O-20250725-081500-001-MA_CROSS-179']",,,,,['MA_CROSS'],480413e9-21f6-40d9-80f3-5437c94c966c,1753431300000000000,1753431300000000000,,,,,,,
BACKTESTER-001,MovingAverageCrossover-MA_CROSS,EUR/USD.IDEALPRO,IDEALPRO-1-178,EUR/USD.IDEALPRO-MovingAverageCrossover-MA_CROSS,IDEALPRO-001,IDEALPRO-1-209460,STOP_MARKET,BUY,100000.00,GTC,True,False,100000.00,TAKER,1.17638499999975,4.999999750010531e-06,['2.35 USD'],NO_TRIGGER,FILLED,OUO,OL-20250725-081500-001-MA_CROSS-58,['O-20250725-081500-001-MA_CROSS-179'],O-20250725-081500-001-MA_CROSS-177,,,,['MA_CROSS_SL'],4c3b2a81-7dac-4586-a90f-d9bacac40175,1753431300000000000,1753652280000000000,1.17638,DEFAULT,,,,,
BACKTESTER-001,MovingAverageCrossover-MA_CROSS,EUR/USD.IDEALPRO,IDEALPRO-1-179,EUR/USD.IDEALPRO-MovingAverageCrossover-MA_CROSS,IDEALPRO-001,,LIMIT,BUY,99999.99,GTC,True,False,0.00,NO_LIQUIDITY_SIDE,,,,NO_TRIGGER,CANCELED,OUO,OL-20250725-081500-001-MA_CROSS-58,['O-20250725-081500-001-MA_CROSS-178'],O-20250725-081500-001-MA_CROSS-177,,,,['MA_CROSS_TP'],12a15b67-1507-432c-9229-2d5cb4104cad,1753431300000000000,1753652280000000000,,,,,1.16688,True,
