trader_id,strategy_id,instrument_id,venue_order_id,position_id,account_id,last_trade_id,type,side,quantity,time_in_force,is_reduce_only,is_quote_quantity,filled_qty,liquidity_side,avg_px,slippage,commissions,emulation_trigger,status,contingency_type,order_list_id,linked_order_ids,parent_order_id,exec_algorithm_id,exec_algorithm_params,exec_spawn_id,tags,init_id,ts_init,ts_last,trigger_price,trigger_type,expire_time_ns,trigger_instrument_id,price,is_post_only,display_qty
BACKTESTER-001,MovingAverageCrossover-MA_CROSS,EUR/USD.IDEALPRO,IDEALPRO-1-001,EUR/USD.IDEALPRO-MovingAverageCrossover-MA_CROSS,IDEALPRO-001,IDEALPRO-1-812,MARKET,SELL,100000.00,GTC,False,False,100000.00,TAKER,1.03183500000025,0.0,['2.06 USD'],NO_TRIGGER,FILLED,OTO,OL-20250102-133000-001-MA_CROSS-1,"['O-20250102-133000-001-MA_CROSS-2', 'O-20250102-133000-001-MA_CROSS-3']",,,,,['MA_CROSS'],33422d86-f9a1-44d0-97a5-635e574e81ce,1735824600000000000,1735824600000000000,,,,,,,
BACKTESTER-001,MovingAverageCrossover-MA_CROSS,EUR/USD.IDEALPRO,IDEALPRO-1-002,EUR/USD.IDEALPRO-MovingAverageCrossover-MA_CROSS,IDEALPRO-001,,STOP_MARKET,BUY,99999.99,GTC,True,False,0.00,NO_LIQUIDITY_SIDE,,,,NO_TRIGGER,CANCELED,OUO,OL-20250102-133000-001-MA_CROSS-1,['O-20250102-133000-001-MA_CROSS-3'],O-20250102-133000-001-MA_CROSS-1,,,,['MA_CROSS_SL'],b9e03567-29f1-424c-a312-5b8133dd5a6e,1735824600000000000,1735833780000000000,1.03534,DEFAULT,,,,,
BACKTESTER-001,MovingAverageCrossover-MA_CROSS,EUR/USD.IDEALPRO,IDEALPRO-1-003,EUR/USD.IDEALPRO-MovingAverageCrossover-MA_CROSS,IDEALPRO-001,IDEALPRO-1-967,LIMIT,BUY,100000.00,GTC,True,False,100000.00,MAKER,1.02684,0.0,['2.05 USD'],NO_TRIGGER,FILLED,OUO,OL-20250102-133000-001-MA_CROSS-1,['O-20250102-133000-001-MA_CROSS-2'],O-20250102-133000-001-MA_CROSS-1,,,,['MA_CROSS_TP'],1ad60fc6-4d8c-4492-a1b9-80190eda0851,1735824600000000000,1735833780000000000,,,,,1.02684,True,
BACKTESTER-001,MovingAverageCrossover-MA_CROSS,EUR/USD.IDEALPRO,IDEALPRO-1-004,EUR/USD.IDEALPRO-MovingAverageCrossover-MA_CROSS,IDEALPRO-001,IDEALPRO-1-3036,MARKET,BUY,100000.00,GTC,False,False,100000.00,TAKER,1.03161499999975,0.0,['2.06 USD'],NO_TRIGGER,FILLED,OTO,OL-20250106-030000-001-MA_CROSS-2,"['O-20250106-030000-001-MA_CROSS-5', 'O-20250106-030000-001-MA_CROSS-6']",,,,,['MA_CROSS'],ee06ecfe-121f-461b-a1b8-22f62524e42b,1736132400000000000,1736132400000000000,,,,,,,
BACKTESTER-001,MovingAverageCrossover-MA_CROSS,EUR/USD.IDEALPRO,IDEALPRO-1-005,EUR/USD.IDEALPRO-MovingAverageCrossover-MA_CROSS,IDEALPRO-001,,STOP_MARKET,SELL,99999.99,GTC,True,False,0.00,NO_LIQUIDITY_SIDE,,,,NO_TRIGGER,CANCELED,OUO,OL-20250106-030000-001-MA_CROSS-2,['O-20250106-030000-001-MA_CROSS-6'],O-20250106-030000-001-MA_CROSS-4,,,,['MA_CROSS_SL'],c90a23ba-f627-47bd-a0d7-43a838692eb2,1736132400000000000,1736154660000000000,1.02811,DEFAULT,,,,,
BACKTESTER-001,MovingAverageCrossover-MA_CROSS,EUR/USD.IDEALPRO,IDEALPRO-1-006,EUR/USD.IDEALPRO-MovingAverageCrossover-MA_CROSS,IDEALPRO-001,IDEALPRO-1-3409,LIMIT,SELL,100000.00,GTC,True,False,100000.00,MAKER,1.03661,0.0,['2.07 USD'],NO_TRIGGER,FILLED,OUO,OL-20250106-030000-001-MA_CROSS-2,['O-20250106-030000-001-MA_CROSS-5'],O-20250106-030000-001-MA_CROSS-4,,,,['MA_CROSS_TP'],4f758251-6fe5-4198-afb1-2f43a874116d,1736132400000000000,1736154660000000000,,,,,1.03661,True,
BACKTESTER-001,MovingAverageCrossover-MA_CROSS,EUR/USD.IDEALPRO,IDEALPRO-1-007,EUR/USD.IDEALPRO-MovingAverageCrossover-MA_CROSS,IDEALPRO-001,IDEALPRO-1-5980,MARKET,SELL,100000.00,GTC,False,False,100000.00,TAKER,1.03503500000025,0.0,['2.07 USD'],NO_TRIGGER,FILLED,OTO,OL-20250108-043000-001-MA_CROSS-3,"['O-20250108-043000-001-MA_CROSS-8', 'O-20250108-043000-001-MA_CROSS-9']",,,,,['MA_CROSS'],b8272a61-ab11-40bc-8d68-b19446c3f63c,1736310600000000000,1736310600000000000,,,,,,,
BACKTESTER-001,MovingAverageCrossover-MA_CROSS,EUR/USD.IDEALPRO,IDEALPRO-1-008,EUR/USD.IDEALPRO-MovingAverageCrossover-MA_CROSS,IDEALPRO-001,,STOP_MARKET,BUY,99999.99,GTC,True,False,0.00,NO_LIQUIDITY_SIDE,,,,NO_TRIGGER,CANCELED,OUO,OL-20250108-043000-001-MA_CROSS-3,['O-20250108-043000-001-MA_CROSS-9'],O-20250108-043000-001-MA_CROSS-7,,,,['MA_CROSS_SL'],64318d1f-9f0c-42f1-a4d5-bcc79efda759,1736310600000000000,1736335800000000000,1.03854,DEFAULT,,,,,
BACKTESTER-001,MovingAverageCrossover-MA_CROSS,EUR/USD.IDEALPRO,IDEALPRO-1-009,EUR/USD.IDEALPRO-MovingAverageCrossover-MA_CROSS,IDEALPRO-001,IDEALPRO-1-6402,LIMIT,BUY,100000.00,GTC,True,False,100000.00,MAKER,1.0300400000000003,2.220446049250313e-16,['2.06 USD'],NO_TRIGGER,FILLED,OUO,OL-20250108-043000-001-MA_CROSS-3,['O-20250108-043000-001-MA_CROSS-8'],O-20250108-043000-001-MA_CROSS-7,,,,['MA_CROSS_TP'],f55fdcd8-c5d5-4db7-ae06-ec8d6c7ac786,1736310600000000000,1736335800000000000,,,,,1.03004,True,
BACKTESTER-001,MovingAverageCrossover-MA_CROSS,EUR/USD.IDEALPRO,IDEALPRO-1-010,EUR/USD.IDEALPRO-MovingAverageCrossover-MA_CROSS,IDEALPRO-001,IDEALPRO-1-12239,MARKET,BUY,100000.00,GTC,False,False,100000.00,TAKER,1.02534499999975,0.0,['2.05 USD'],NO_TRIGGER,FILLED,OTO,OL-20250114-134500-001-MA_CROSS-4,"['O-20250114-134500-001-MA_CROSS-11', 'O-20250114-134500-001-MA_CROSS-12']",,,,,['MA_CROSS'],4a5c55bb-c316-4206-8fbb-863ad434463a,1736862300000000000,1736862300000000000,,,,,,,
BACKTESTER-001,MovingAverageCrossover-MA_CROSS,EUR/USD.IDEALPRO,IDEALPRO-1-011,EUR/USD.IDEALPRO-MovingAverageCrossover-MA_CROSS,IDEALPRO-001,,STOP_MARKET,SELL,99999.99,GTC,True,False,0.00,NO_LIQUIDITY_SIDE,,,,NO_TRIGGER,CANCELED,OUO,OL-20250114-134500-001-MA_CROSS-4,['O-20250114-134500-001-MA_CROSS-12'],O-20250114-134500-001-MA_CROSS-10,,,,['MA_CROSS_SL'],c8226ea7-317e-4296-a299-98c875e3ee9d,1736862300000000000,1736871420000000000,1.02184,DEFAULT,,,,,
BACKTESTER-001,MovingAverageCrossover-MA_CROSS,EUR/USD.IDEALPRO,IDEALPRO-1-012,EUR/USD.IDEALPRO-MovingAverageCrossover-MA_CROSS,IDEALPRO-001,IDEALPRO-1-12393,LIMIT,SELL,100000.00,GTC,True,False,100000.00,MAKER,1.03034,0.0,['2.06 USD'],NO_TRIGGER,FILLED,OUO,OL-20250114-134500-001-MA_CROSS-4,['O-20250114-134500-001-MA_CROSS-11'],O-20250114-134500-001-MA_CROSS-10,,,,['MA_CROSS_TP'],4739ef04-c657-414c-b77b-46c3c0d38bbf,1736862300000000000,1736871420000000000,,,,,1.03034,True,
BACKTESTER-001,MovingAverageCrossover-MA_CROSS,EUR/USD.IDEALPRO,IDEALPRO-1-013,EUR/USD.IDEALPRO-MovingAverageCrossover-MA_CROSS,IDEALPRO-001,IDEALPRO-1-16458,MARKET,SELL,100000.00,GTC,False,False,100000.00,TAKER,1.02956500000025,0.0,['2.06 USD'],NO_TRIGGER,FILLED,OTO,OL-20250117-124500-001-MA_CROSS-5,"['O-20250117-124500-001-MA_CROSS-14', 'O-20250117-124500-001-MA_CROSS-15']",,,,,['MA_CROSS'],401d176e-4614-44b5-88b8-941a56db0f6f,1737117900000000000,1737117900000000000,,,,,,,
BACKTESTER-001,MovingAverageCrossover-MA_CROSS,EUR/USD.IDEALPRO,IDEALPRO-1-014,EUR/USD.IDEALPRO-MovingAverageCrossover-MA_CROSS,IDEALPRO-001,IDEALPRO-1-16607,STOP_MARKET,BUY,100000.00,GTC,True,False,100000.00,TAKER,1.0330749999997502,4.9999997502325755e-06,['2.07 USD'],NO_TRIGGER,FILLED,OUO,OL-20250117-124500-001-MA_CROSS-5,['O-20250117-124500-001-MA_CROSS-15'],O-20250117-124500-001-MA_CROSS-13,,,,['MA_CROSS_SL'],237a8581-2754-4964-9819-99e6e5de6eee,1737117900000000000,1737126720000000000,1.03307,DEFAULT,,,,,
BACKTESTER-001,MovingAverageCrossover-MA_CROSS,EUR/USD.IDEALPRO,IDEALPRO-1-015,EUR/USD.IDEALPRO-MovingAverageCrossover-MA_CROSS,IDEALPRO-001,,LIMIT,BUY,99999.99,GTC,True,False,0.00,NO_LIQUIDITY_SIDE,,,,NO_TRIGGER,CANCELED,OUO,OL-20250117-124500-001-MA_CROSS-5,['O-20250117-124500-001-MA_CROSS-14'],O-20250117-124500-001-MA_CROSS-13,,,,['MA_CROSS_TP'],4ba2aab1-7a28-4fc6-a13e-bb3dd52dbe18,1737117900000000000,1737126720000000000,,,,,1.02457,True,
BACKTESTER-001,MovingAverageCrossover-MA_CROSS,EUR/USD.IDEALPRO,IDEALPRO-1-016,EUR/USD.IDEALPRO-MovingAverageCrossover-MA_CROSS,IDEALPRO-001,IDEALPRO-1-17677,MARKET,BUY,100000.00,GTC,False,False,100000.00,TAKER,1.03136499999975,0.0,['2.06 USD'],NO_TRIGGER,FILLED,OTO,OL-20250120-091500-001-MA_CROSS-6,"['O-20250120-091500-001-MA_CROSS-17', 'O-20250120-091500-001-MA_CROSS-18']",,,,,['MA_CROSS'],d11fc226-984a-4eac-b4f9-d4bd0672edf1,1737364500000000000,1737364500000000000,,,,,,,
BACKTESTER-001,MovingAverageCrossover-MA_CROSS,EUR/USD.IDEALPRO,IDEALPRO-1-017,EUR/USD.IDEALPRO-MovingAverageCrossover-MA_CROSS,IDEALPRO-001,,STOP_MARKET,SELL,99999.99,GTC,True,False,0.00,NO_LIQUIDITY_SIDE,,,,NO_TRIGGER,CANCELED,OUO,OL-20250120-091500-001-MA_CROSS-6,['O-20250120-091500-001-MA_CROSS-18'],O-20250120-091500-001-MA_CROSS-16,,,,['MA_CROSS_SL'],b5efd0a4-f0f8-4307-820b-e1590a6319d9,1737364500000000000,1737379920000000000,1.02786,DEFAULT,,,,,
BACKTESTER-001,MovingAverageCrossover-MA_CROSS,EUR/USD.IDEALPRO,IDEALPRO-1-018,EUR/USD.IDEALPRO-MovingAverageCrossover-MA_CROSS,IDEALPRO-001,IDEALPRO-1-17936,LIMIT,SELL,100000.00,GTC,True,False,100000.00,MAKER,1.0363600000000002,-2.220446049250313e-16,['2.07 USD'],NO_TRIGGER,FILLED,OUO,OL-20250120-091500-001-MA_CROSS-6,['O-20250120-091500-001-MA_CROSS-17'],O-20250120-091500-001-MA_CROSS-16,,,,['MA_CROSS_TP'],d2047a9f-38d1-4b7d-ac72-9efa973694d3,1737364500000000000,1737379920000000000,,,,,1.03636,True,
BACKTESTER-001,MovingAverageCrossover-MA_CROSS,EUR/USD.IDEALPRO,IDEALPRO-1-019,EUR/USD.IDEALPRO-MovingAverageCrossover-MA_CROSS,IDEALPRO-001,IDEALPRO-1-22316,MARKET,SELL,100000.00,GTC,False,False,100000.00,TAKER,1.0401150000002501,0.0,['2.08 USD'],NO_TRIGGER,FILLED,OTO,OL-20250123-151500-001-MA_CROSS-7,"['O-20250123-151500-001-MA_CROSS-20', 'O-20250123-151500-001-MA_CROSS-21']",,,,,['MA_CROSS'],e9a587ff-df58-427b-afa0-90c37216e05b,1737645300000000000,1737645300000000000,,,,,,,
BACKTESTER-001,MovingAverageCrossover-MA_CROSS,EUR/USD.IDEALPRO,IDEALPRO-1-020,EUR/USD.IDEALPRO-MovingAverageCrossover-MA_CROSS,IDEALPRO-001,IDEALPRO-1-22474,STOP_MARKET,BUY,100000.00,GTC,True,False,100000.00,TAKER,1.0436249999997502,4.9999997502325755e-06,['2.09 USD'],NO_TRIGGER,FILLED,OUO,OL-20250123-151500-001-MA_CROSS-7,['O-20250123-151500-001-MA_CROSS-21'],O-20250123-151500-001-MA_CROSS-19,,,,['MA_CROSS_SL'],cce11a39-ea95-4bdc-bec0-fe22a86c8f69,1737645300000000000,1737654660000000000,1.04362,DEFAULT,,,,,
BACKTESTER-001,MovingAverageCrossover-MA_CROSS,EUR/USD.IDEALPRO,IDEALPRO-1-021,EUR/USD.IDEALPRO-MovingAverageCrossover-MA_CROSS,IDEALPRO-001,,LIMIT,BUY,99999.99,GTC,True,False,0.00,NO_LIQUIDITY_SIDE,,,,NO_TRIGGER,CANCELED,OUO,OL-20250123-151500-001-MA_CROSS-7,['O-20250123-151500-001-MA_CROSS-20'],O-20250123-151500-001-MA_CROSS-19,,,,['MA_CROSS_TP'],963bae40-f7a7-41d5-82ab-c7b0d9a18490,1737645300000000000,1737654660000000000,,,,,1.03512,True,
BACKTESTER-001,MovingAverageCrossover-MA_CROSS,EUR/USD.IDEALPRO,IDEALPRO-1-022,EUR/USD.IDEALPRO-MovingAverageCrossover-MA_CROSS,IDEALPRO-001,IDEALPRO-1-22485,MARKET,BUY,100000.00,GTC,False,False,100000.00,TAKER,1.04354499999975,0.0,['2.09 USD'],NO_TRIGGER,FILLED,OTO,OL-20250123-180000-001-MA_CROSS-8,"['O-20250123-180000-001-MA_CROSS-23', 'O-20250123-180000-001-MA_CROSS-24']",,,,,['MA_CROSS'],71f1938f-3663-40b4-a891-9bee4a9e1f8b,1737655200000000000,1737655200000000000,,,,,,,
BACKTESTER-001,MovingAverageCrossover-MA_CROSS,EUR/USD.IDEALPRO,IDEALPRO-1-023,EUR/USD.IDEALPRO-MovingAverageCrossover-MA_CROSS,IDEALPRO-001,,STOP_MARKET,SELL,99999.99,GTC,True,False,0.00,NO_LIQUIDITY_SIDE,,,,NO_TRIGGER,CANCELED,OUO,OL-20250123-180000-001-MA_CROSS-8,['O-20250123-180000-001-MA_CROSS-24'],O-20250123-180000-001-MA_CROSS-22,,,,['MA_CROSS_SL'],8e14da35-6b94-464d-b511-dd9340d544f2,1737655200000000000,1737706560000000000,1.04004,DEFAULT,,,,,
BACKTESTER-001,MovingAverageCrossover-MA_CROSS,EUR/USD.IDEALPRO,IDEALPRO-1-024,EUR/USD.IDEALPRO-MovingAverageCrossover-MA_CROSS,IDEALPRO-001,IDEALPRO-1-23328,LIMIT,SELL,100000.00,GTC,True,False,100000.00,MAKER,1.0485400000000002,-2.220446049250313e-16,['2.10 USD'],NO_TRIGGER,FILLED,OUO,OL-20250123-180000-001-MA_CROSS-8,['O-20250123-180000-001-MA_CROSS-23'],O-20250123-180000-001-MA_CROSS-22,,,,['MA_CROSS_TP'],26cb9170-18e7-4128-a1ea-f56d715c2fa3,1737655200000000000,1737706560000000000,,,,,1.04854,True,
BACKTESTER-001,MovingAverageCrossover-MA_CROSS,EUR/USD.IDEALPRO,IDEALPRO-1-025,EUR/USD.IDEALPRO-MovingAverageCrossover-MA_CROSS,IDEALPRO-001,IDEALPRO-1-26104,MARKET,SELL,100000.00,GTC,False,False,100000.00,TAKER,1.04375500000025,0.0,['2.09 USD'],NO_TRIGGER,FILLED,OTO,OL-20250128-070000-001-MA_CROSS-9,"['O-20250128-070000-001-MA_CROSS-26', 'O-20250128-070000-001-MA_CROSS-27']",,,,,['MA_CROSS'],70307c43-300b-49aa-855b-5c95446204cd,1738047600000000000,1738047600000000000,,,,,,,
BACKTESTER-001,MovingAverageCrossover-MA_CROSS,EUR/USD.IDEALPRO,IDEALPRO-1-026,EUR/USD.IDEALPRO-MovingAverageCrossover-MA_CROSS,IDEALPRO-001,,STOP_MARKET,BUY,99999.99,GTC,True,False,0.00,NO_LIQUIDITY_SIDE,,,,NO_TRIGGER,CANCELED,OUO,OL-20250128-070000-001-MA_CROSS-9,['O-20250128-070000-001-MA_CROSS-27'],O-20250128-070000-001-MA_CROSS-25,,,,['MA_CROSS_SL'],deca7243-db39-4a8e-aa34-a111d0304277,1738047600000000000,1738156680000000000,1.04726,DEFAULT,,,,,
BACKTESTER-001,MovingAverageCrossover-MA_CROSS,EUR/USD.IDEALPRO,IDEALPRO-1-027,EUR/USD.IDEALPRO-MovingAverageCrossover-MA_CROSS,IDEALPRO-001,IDEALPRO-1-27909,LIMIT,BUY,100000.00,GTC,True,False,100000.00,MAKER,1.03876,0.0,['2.08 USD'],NO_TRIGGER,FILLED,OUO,OL-20250128-070000-001-MA_CROSS-9,['O-20250128-070000-001-MA_CROSS-26'],O-20250128-070000-001-MA_CROSS-25,,,,['MA_CROSS_TP'],e8985f39-e010-43bf-b872-4b4f2175d18e,1738047600000000000,1738156680000000000,,,,,1.03876,True,
BACKTESTER-001,MovingAverageCrossover-MA_CROSS,EUR/USD.IDEALPRO,IDEALPRO-1-028,EUR/USD.IDEALPRO-MovingAverageCrossover-MA_CROSS,IDEALPRO-001,IDEALPRO-1-33758,MARKET,BUY,100000.00,GTC,False,False,100000.00,TAKER,1.03794499999975,0.0,['2.08 USD'],NO_TRIGGER,FILLED,OTO,OL-20250204-154500-001-MA_CROSS-10,"['O-20250204-154500-001-MA_CROSS-29', 'O-20250204-154500-001-MA_CROSS-30']",,,,,['MA_CROSS'],99ebf74f-f826-4594-9630-50df60014bf2,1738683900000000000,1738683900000000000,,,,,,,
BACKTESTER-001,MovingAverageCrossover-MA_CROSS,EUR/USD.IDEALPRO,IDEALPRO-1-029,EUR/USD.IDEALPRO-MovingAverageCrossover-MA_CROSS,IDEALPRO-001,,STOP_MARKET,SELL,99999.99,GTC,True,False,0.00,NO_LIQUIDITY_SIDE,,,,NO_TRIGGER,CANCELED,OUO,OL-20250204-154500-001-MA_CROSS-10,['O-20250204-154500-001-MA_CROSS-30'],O-20250204-154500-001-MA_CROSS-28,,,,['MA_CROSS_SL'],70c34fc7-1e85-4867-95e6-e65420d9cc72,1738683900000000000,1738751940000000000,1.03444,DEFAULT,,,,,
BACKTESTER-001,MovingAverageCrossover-MA_CROSS,EUR/USD.IDEALPRO,IDEALPRO-1-030,EUR/USD.IDEALPRO-MovingAverageCrossover-MA_CROSS,IDEALPRO-001,IDEALPRO-1-34879,LIMIT,SELL,100000.00,GTC,True,False,100000.00,MAKER,1.0429400000000002,-2.220446049250313e-16,['2.09 USD'],NO_TRIGGER,FILLED,OUO,OL-20250204-154500-001-MA_CROSS-10,['O-20250204-154500-001-MA_CROSS-29'],O-20250204-154500-001-MA_CROSS-28,,,,['MA_CROSS_TP'],0ce10b25-60b7-47e7-b2dd-34f8f5905baf,1738683900000000000,1738751940000000000,,,,,1.04294,True,
BACKTESTER-001,MovingAverageCrossover-MA_CROSS,EUR/USD.IDEALPRO,IDEALPRO-1-031,EUR/USD.IDEALPRO-MovingAverageCrossover-MA_CROSS,IDEALPRO-001,IDEALPRO-1-36612,MARKET,SELL,100000.00,GTC,False,False,100000.00,TAKER,1.03664500000025,0.0,['2.07 USD'],NO_TRIGGER,FILLED,OTO,OL-20250206-154500-001-MA_CROSS-11,"['O-20250206-154500-001-MA_CROSS-32', 'O-20250206-154500-001-MA_CROSS-33']",,,,,['MA_CROSS'],efd03c94-61d9-4d7c-b226-5d4c69fb5390,1738856700000000000,1738856700000000000,,,,,,,
BACKTESTER-001,MovingAverageCrossover-MA_CROSS,EUR/USD.IDEALPRO,IDEALPRO-1-032,EUR/USD.IDEALPRO-MovingAverageCrossover-MA_CROSS,IDEALPRO-001,,STOP_MARKET,BUY,99999.99,GTC,True,False,0.00,NO_LIQUIDITY_SIDE,,,,NO_TRIGGER,CANCELED,OUO,OL-20250206-154500-001-MA_CROSS-11,['O-20250206-154500-001-MA_CROSS-33'],O-20250206-154500-001-MA_CROSS-31,,,,['MA_CROSS_SL'],8a68b215-e1b5-4ead-893a-38e1bc954821,1738856700000000000,1738887300000000000,1.04015,DEFAULT,,,,,
BACKTESTER-001,MovingAverageCrossover-MA_CROSS,EUR/USD.IDEALPRO,IDEALPRO-1-033,EUR/USD.IDEALPRO-MovingAverageCrossover-MA_CROSS,IDEALPRO-001,,LIMIT,BUY,99999.99,GTC,True,False,0.00,NO_LIQUIDITY_SIDE,,,,NO_TRIGGER,CANCELED,OUO,OL-20250206-154500-001-MA_CROSS-11,['O-20250206-154500-001-MA_CROSS-32'],O-20250206-154500-001-MA_CROSS-31,,,,['MA_CROSS_TP'],249e4b24-e622-4080-82be-95781b0e4612,1738856700000000000,1738887300000000000,,,,,1.03165,True,
BACKTESTER-001,MovingAverageCrossover-MA_CROSS,EUR/USD.IDEALPRO,IDEALPRO-1-034,EUR/USD.IDEALPRO-MovingAverageCrossover-MA_CROSS,IDEALPRO-001,IDEALPRO-1-37109,MARKET,BUY,100000.00,GTC,True,False,100000.00,TAKER,1.0387649999997501,0.0,['2.08 USD'],NO_TRIGGER,FILLED,NO_CONTINGENCY,,,,,,,,d5f56997-8f92-403e-a0a7-a622b2cf4bfa,1738887300000000000,1738887300000000000,,,,,,,
BACKTESTER-001,MovingAverageCrossover-MA_CROSS,EUR/USD.IDEALPRO,IDEALPRO-1-035,EUR/USD.IDEALPRO-MovingAverageCrossover-MA_CROSS,IDEALPRO-001,IDEALPRO-1-37426,MARKET,SELL,100000.00,GTC,False,False,100000.00,TAKER,1.0378550000002502,0.0,['2.08 USD'],NO_TRIGGER,FILLED,OTO,OL-20250207-053000-001-MA_CROSS-12,"['O-20250207-053000-001-MA_CROSS-36', 'O-20250207-053000-001-MA_CROSS-37']",,,,,['MA_CROSS'],74427110-b0cc-43f0-b057-92a43f8c2348,1738906200000000000,1738906200000000000,,,,,,,
BACKTESTER-001,MovingAverageCrossover-MA_CROSS,EUR/USD.IDEALPRO,IDEALPRO-1-036,EUR/USD.IDEALPRO-MovingAverageCrossover-MA_CROSS,IDEALPRO-001,,STOP_MARKET,BUY,99999.99,GTC,True,False,0.00,NO_LIQUIDITY_SIDE,,,,NO_TRIGGER,CANCELED,OUO,OL-20250207-053000-001-MA_CROSS-12,['O-20250207-053000-001-MA_CROSS-37'],O-20250207-053000-001-MA_CROSS-35,,,,['MA_CROSS_SL'],5fa5c24c-e816-4916-9f85-977e27c17436,1738906200000000000,1738943880000000000,1.04136,DEFAULT,,,,,
BACKTESTER-001,MovingAverageCrossover-MA_CROSS,EUR/USD.IDEALPRO,IDEALPRO-1-037,EUR/USD.IDEALPRO-MovingAverageCrossover-MA_CROSS,IDEALPRO-001,IDEALPRO-1-38056,LIMIT,BUY,100000.00,GTC,True,False,100000.00,MAKER,1.0328600000000001,2.220446049250313e-16,['2.07 USD'],NO_TRIGGER,FILLED,OUO,OL-20250207-053000-001-MA_CROSS-12,['O-20250207-053000-001-MA_CROSS-36'],O-20250207-053000-001-MA_CROSS-35,,,,['MA_CROSS_TP'],9fc5c16d-f338-4478-9921-941530472786,1738906200000000000,1738943880000000000,,,,,1.03286,True,
BACKTESTER-001,MovingAverageCrossover-MA_CROSS,EUR/USD.IDEALPRO,IDEALPRO-1-038,EUR/USD.IDEALPRO-MovingAverageCrossover-MA_CROSS,IDEALPRO-001,IDEALPRO-1-41300,MARKET,BUY,100000.00,GTC,False,False,100000.00,TAKER,1.03637499999975,0.0,['2.07 USD'],NO_TRIGGER,FILLED,OTO,OL-20250211-224500-001-MA_CROSS-13,"['O-20250211-224500-001-MA_CROSS-39', 'O-20250211-224500-001-MA_CROSS-40']",,,,,['MA_CROSS'],2e9a2e98-448d-4a7c-bec2-a9787c580e73,1739313900000000000,1739313900000000000,,,,,,,
BACKTESTER-001,MovingAverageCrossover-MA_CROSS,EUR/USD.IDEALPRO,IDEALPRO-1-039,EUR/USD.IDEALPRO-MovingAverageCrossover-MA_CROSS,IDEALPRO-001,IDEALPRO-1-42188,STOP_MARKET,SELL,100000.00,GTC,True,False,100000.00,TAKER,1.03286500000025,4.999999750010531e-06,['2.07 USD'],NO_TRIGGER,FILLED,OUO,OL-20250211-224500-001-MA_CROSS-13,['O-20250211-224500-001-MA_CROSS-40'],O-20250211-224500-001-MA_CROSS-38,,,,['MA_CROSS_SL'],1e5619ea-2f47-41c9-a780-35ce075d833d,1739313900000000000,1739367060000000000,1.03287,DEFAULT,,,,,
BACKTESTER-001,MovingAverageCrossover-MA_CROSS,EUR/USD.IDEALPRO,IDEALPRO-1-040,EUR/USD.IDEALPRO-MovingAverageCrossover-MA_CROSS,IDEALPRO-001,,LIMIT,SELL,99999.99,GTC,True,False,0.00,NO_LIQUIDITY_SIDE,,,,NO_TRIGGER,CANCELED,OUO,OL-20250211-224500-001-MA_CROSS-13,['O-20250211-224500-001-MA_CROSS-39'],O-20250211-224500-001-MA_CROSS-38,,,,['MA_CROSS_TP'],2a0998f6-14fa-4d78-852b-e35bd77ce3f3,1739313900000000000,1739367060000000000,,,,,1.04137,True,
BACKTESTER-001,MovingAverageCrossover-MA_CROSS,EUR/USD.IDEALPRO,IDEALPRO-1-041,EUR/USD.IDEALPRO-MovingAverageCrossover-MA_CROSS,IDEALPRO-001,IDEALPRO-1-47574,MARKET,SELL,100000.00,GTC,False,False,100000.00,TAKER,1.04568500000025,0.0,['2.09 USD'],NO_TRIGGER,FILLED,OTO,OL-20250218-081500-001-MA_CROSS-14,"['O-20250218-081500-001-MA_CROSS-42', 'O-20250218-081500-001-MA_CROSS-43']",,,,,['MA_CROSS'],cc5c41d0-19e6-45e1-a7a4-639a791fbf4e,1739866500000000000,1739866500000000000,,,,,,,
BACKTESTER-001,MovingAverageCrossover-MA_CROSS,EUR/USD.IDEALPRO,IDEALPRO-1-042,EUR/USD.IDEALPRO-MovingAverageCrossover-MA_CROSS,IDEALPRO-001,,STOP_MARKET,BUY,99999.99,GTC,True,False,0.00,NO_LIQUIDITY_SIDE,,,,NO_TRIGGER,CANCELED,OUO,OL-20250218-081500-001-MA_CROSS-14,['O-20250218-081500-001-MA_CROSS-43'],O-20250218-081500-001-MA_CROSS-41,,,,['MA_CROSS_SL'],34f4d7a4-2a0e-48d0-9ce5-09fe67301a18,1739866500000000000,1739982060000000000,1.04919,DEFAULT,,,,,
BACKTESTER-001,MovingAverageCrossover-MA_CROSS,EUR/USD.IDEALPRO,IDEALPRO-1-043,EUR/USD.IDEALPRO-MovingAverageCrossover-MA_CROSS,IDEALPRO-001,IDEALPRO-1-49487,LIMIT,BUY,100000.00,GTC,True,False,100000.00,MAKER,1.04069,0.0,['2.08 USD'],NO_TRIGGER,FILLED,OUO,OL-20250218-081500-001-MA_CROSS-14,['O-20250218-081500-001-MA_CROSS-42'],O-20250218-081500-001-MA_CROSS-41,,,,['MA_CROSS_TP'],b500d91e-fd39-425e-8047-d59c69e654fb,1739866500000000000,1739982060000000000,,,,,1.04069,True,
BACKTESTER-001,MovingAverageCrossover-MA_CROSS,EUR/USD.IDEALPRO,IDEALPRO-1-044,EUR/USD.IDEALPRO-MovingAverageCrossover-MA_CROSS,IDEALPRO-001,IDEALPRO-1-50968,MARKET,BUY,100000.00,GTC,False,False,100000.00,TAKER,1.04842499999975,0.0,['2.10 USD'],NO_TRIGGER,FILLED,OTO,OL-20250220-171500-001-MA_CROSS-15,"['O-20250220-171500-001-MA_CROSS-45', 'O-20250220-171500-001-MA_CROSS-46']",,,,,['MA_CROSS'],8da96cb1-9f8a-4df9-90f8-bdc97dbb8b31,1740071700000000000,1740071700000000000,,,,,,,
BACKTESTER-001,MovingAverageCrossover-MA_CROSS,EUR/USD.IDEALPRO,IDEALPRO-1-045,EUR/USD.IDEALPRO-MovingAverageCrossover-MA_CROSS,IDEALPRO-001,,STOP_MARKET,SELL,99999.99,GTC,True,False,0.00,NO_LIQUIDITY_SIDE,,,,NO_TRIGGER,CANCELED,OUO,OL-20250220-171500-001-MA_CROSS-15,['O-20250220-171500-001-MA_CROSS-46'],O-20250220-171500-001-MA_CROSS-44,,,,['MA_CROSS_SL'],c5d02f23-fe85-407b-b6fb-8935dded59ed,1740071700000000000,1740429000000000000,1.04492,DEFAULT,,,,,
BACKTESTER-001,MovingAverageCrossover-MA_CROSS,EUR/USD.IDEALPRO,IDEALPRO-1-046,EUR/USD.IDEALPRO-MovingAverageCrossover-MA_CROSS,IDEALPRO-001,,LIMIT,SELL,99999.99,GTC,True,False,0.00,NO_LIQUIDITY_SIDE,,,,NO_TRIGGER,CANCELED,OUO,OL-20250220-171500-001-MA_CROSS-15,['O-20250220-171500-001-MA_CROSS-45'],O-20250220-171500-001-MA_CROSS-44,,,,['MA_CROSS_TP'],892cc3c2-7bf2-4126-bd78-16187cb2df60,1740071700000000000,1740429000000000000,,,,,1.05342,True,
BACKTESTER-001,MovingAverageCrossover-MA_CROSS,EUR/USD.IDEALPRO,IDEALPRO-1-047,EUR/USD.IDEALPRO-MovingAverageCrossover-MA_CROSS,IDEALPRO-001,IDEALPRO-1-54015,MARKET,SELL,100000.00,GTC,True,False,100000.00,TAKER,1.0472050000002502,0.0,['2.09 USD'],NO_TRIGGER,FILLED,NO_CONTINGENCY,,,,,,,,44844d22-93a1-41f5-97da-1fd8686ee0f6,1740429000000000000,1740429000000000000,,,,,,,
BACKTESTER-001,MovingAverageCrossover-MA_CROSS,EUR/USD.IDEALPRO,IDEALPRO-1-048,EUR/USD.IDEALPRO-MovingAverageCrossover-MA_CROSS,IDEALPRO-001,IDEALPRO-1-55127,MARKET,BUY,100000.00,GTC,False,False,100000.00,TAKER,1.0513149999997502,0.0,['2.10 USD'],NO_TRIGGER,FILLED,OTO,OL-20250225-151500-001-MA_CROSS-16,"['O-20250225-151500-001-MA_CROSS-49', 'O-20250225-151500-001-MA_CROSS-50']",,,,,['MA_CROSS'],20af1eb9-24e4-4b2d-b2f3-801388e0c5f7,1740496500000000000,1740496500000000000,,,,,,,
BACKTESTER-001,MovingAverageCrossover-MA_CROSS,EUR/USD.IDEALPRO,IDEALPRO-1-049,EUR/USD.IDEALPRO-MovingAverageCrossover-MA_CROSS,IDEALPRO-001,IDEALPRO-1-56414,STOP_MARKET,SELL,100000.00,GTC,True,False,100000.00,TAKER,1.0478050000002501,4.999999749788486e-06,['2.10 USD'],NO_TRIGGER,FILLED,OUO,OL-20250225-151500-001-MA_CROSS-16,['O-20250225-151500-001-MA_CROSS-50'],O-20250225-151500-001-MA_CROSS-48,,,,['MA_CROSS_SL'],55942d88-3ac8-438c-b46b-4879f27463f5,1740496500000000000,1740574500000000000,1.04781,DEFAULT,,,,,
BACKTESTER-001,MovingAverageCrossover-MA_CROSS,EUR/USD.IDEALPRO,IDEALPRO-1-050,EUR/USD.IDEALPRO-MovingAverageCrossover-MA_CROSS,IDEALPRO-001,,LIMIT,SELL,99999.99,GTC,True,False,0.00,NO_LIQUIDITY_SIDE,,,,NO_TRIGGER,CANCELED,OUO,OL-20250225-151500-001-MA_CROSS-16,['O-20250225-151500-001-MA_CROSS-49'],O-20250225-151500-001-MA_CROSS-48,,,,['MA_CROSS_TP'],0b229f45-2600-4de6-b20a-572fffab04ca,1740496500000000000,1740574500000000000,,,,,1.05631,True,
BACKTESTER-001,MovingAverageCrossover-MA_CROSS,EUR/USD.IDEALPRO,IDEALPRO-1-051,EUR/USD.IDEALPRO-MovingAverageCrossover-MA_CROSS,IDEALPRO-001,IDEALPRO-1-57306,MARKET,SELL,100000.00,GTC,False,False,100000.00,TAKER,1.04655500000025,0.0,['2.09 USD'],NO_TRIGGER,FILLED,OTO,OL-20250227-040000-001-MA_CROSS-17,"['O-20250227-040000-001-MA_CROSS-52', 'O-20250227-040000-001-MA_CROSS-53']",,,,,['MA_CROSS'],3aa62ff0-dd19-4692-8e0e-eae50cb52d40,1740628800000000000,1740628800000000000,,,,,,,
BACKTESTER-001,MovingAverageCrossover-MA_CROSS,EUR/USD.IDEALPRO,IDEALPRO-1-052,EUR/USD.IDEALPRO-MovingAverageCrossover-MA_CROSS,IDEALPRO-001,,STOP_MARKET,BUY,99999.99,GTC,True,False,0.00,NO_LIQUIDITY_SIDE,,,,NO_TRIGGER,CANCELED,OUO,OL-20250227-040000-001-MA_CROSS-17,['O-20250227-040000-001-MA_CROSS-53'],O-20250227-040000-001-MA_CROSS-51,,,,['MA_CROSS_SL'],0772a398-02b1-4374-9c6d-f5b574642e98,1740628800000000000,1740668160000000000,1.05006,DEFAULT,,,,,
BACKTESTER-001,MovingAverageCrossover-MA_CROSS,EUR/USD.IDEALPRO,IDEALPRO-1-053,EUR/USD.IDEALPRO-MovingAverageCrossover-MA_CROSS,IDEALPRO-001,IDEALPRO-1-57964,LIMIT,BUY,100000.00,GTC,True,False,100000.00,MAKER,1.0415600000000003,2.220446049250313e-16,['2.08 USD'],NO_TRIGGER,FILLED,OUO,OL-20250227-040000-001-MA_CROSS-17,['O-20250227-040000-001-MA_CROSS-52'],O-20250227-040000-001-MA_CROSS-51,,,,['MA_CROSS_TP'],8f101979-ee00-4682-8236-a6ac93a09777,1740628800000000000,1740668160000000000,,,,,1.04156,True,
BACKTESTER-001,MovingAverageCrossover-MA_CROSS,EUR/USD.IDEALPRO,IDEALPRO-1-054,EUR/USD.IDEALPRO-MovingAverageCrossover-MA_CROSS,IDEALPRO-001,IDEALPRO-1-60790,MARKET,BUY,100000.00,GTC,False,False,100000.00,TAKER,1.0484649999997502,0.0,['2.10 USD'],NO_TRIGGER,FILLED,OTO,OL-20250303-143000-001-MA_CROSS-18,"['O-20250303-143000-001-MA_CROSS-55', 'O-20250303-143000-001-MA_CROSS-56']",,,,,['MA_CROSS'],9fe2155d-d858-47df-aa4c-cf699daf29f2,1741012200000000000,1741012200000000000,,,,,,,
BACKTESTER-001,MovingAverageCrossover-MA_CROSS,EUR/USD.IDEALPRO,IDEALPRO-1-055,EUR/USD.IDEALPRO-MovingAverageCrossover-MA_CROSS,IDEALPRO-001,,STOP_MARKET,SELL,99999.99,GTC,True,False,0.00,NO_LIQUIDITY_SIDE,,,,NO_TRIGGER,CANCELED,OUO,OL-20250303-143000-001-MA_CROSS-18,['O-20250303-143000-001-MA_CROSS-56'],O-20250303-143000-001-MA_CROSS-54,,,,['MA_CROSS_SL'],913adae6-292b-42a6-8c47-3c2630f6c448,1741012200000000000,1741089120000000000,1.04496,DEFAULT,,,,,
BACKTESTER-001,MovingAverageCrossover-MA_CROSS,EUR/USD.IDEALPRO,IDEALPRO-1-056,EUR/USD.IDEALPRO-MovingAverageCrossover-MA_CROSS,IDEALPRO-001,IDEALPRO-1-62059,LIMIT,SELL,100000.00,GTC,True,False,100000.00,MAKER,1.05346,0.0,['2.11 USD'],NO_TRIGGER,FILLED,OUO,OL-20250303-143000-001-MA_CROSS-18,['O-20250303-143000-001-MA_CROSS-55'],O-20250303-143000-001-MA_CROSS-54,,,,['MA_CROSS_TP'],c193cd68-b11a-43e9-bca7-f5a7c230cf03,1741012200000000000,1741089120000000000,,,,,1.05346,True,
BACKTESTER-001,MovingAverageCrossover-MA_CROSS,EUR/USD.IDEALPRO,IDEALPRO-1-057,EUR/USD.IDEALPRO-MovingAverageCrossover-MA_CROSS,IDEALPRO-001,IDEALPRO-1-71969,MARKET,SELL,100000.00,GTC,False,False,100000.00,TAKER,1.08731500000025,0.0,['2.17 USD'],NO_TRIGGER,FILLED,OTO,OL-20250313-094500-001-MA_CROSS-19,"['O-20250313-094500-001-MA_CROSS-58', 'O-20250313-094500-001-MA_CROSS-59']",,,,,['MA_CROSS'],5f09037e-19ba-4c6b-8768-db6336048faf,1741859100000000000,1741859100000000000,,,,,,,
BACKTESTER-001,MovingAverageCrossover-MA_CROSS,EUR/USD.IDEALPRO,IDEALPRO-1-058,EUR/USD.IDEALPRO-MovingAverageCrossover-MA_CROSS,IDEALPRO-001,,STOP_MARKET,BUY,99999.99,GTC,True,False,0.00,NO_LIQUIDITY_SIDE,,,,NO_TRIGGER,CANCELED,OUO,OL-20250313-094500-001-MA_CROSS-19,['O-20250313-094500-001-MA_CROSS-59'],O-20250313-094500-001-MA_CROSS-57,,,,['MA_CROSS_SL'],2a228e21-5674-44b2-b492-56672a2fd7c8,1741859100000000000,1741871700000000000,1.09082,DEFAULT,,,,,
BACKTESTER-001,MovingAverageCrossover-MA_CROSS,EUR/USD.IDEALPRO,IDEALPRO-1-059,EUR/USD.IDEALPRO-MovingAverageCrossover-MA_CROSS,IDEALPRO-001,IDEALPRO-1-72181,LIMIT,BUY,100000.00,GTC,True,False,100000.00,MAKER,1.0823200000000002,2.220446049250313e-16,['2.16 USD'],NO_TRIGGER,FILLED,OUO,OL-20250313-094500-001-MA_CROSS-19,['O-20250313-094500-001-MA_CROSS-58'],O-20250313-094500-001-MA_CROSS-57,,,,['MA_CROSS_TP'],6cf8d30b-fe2e-47b0-893b-1acea44268a4,1741859100000000000,1741871700000000000,,,,,1.08232,True,
BACKTESTER-001,MovingAverageCrossover-MA_CROSS,EUR/USD.IDEALPRO,IDEALPRO-1-060,EUR/USD.IDEALPRO-MovingAverageCrossover-MA_CROSS,IDEALPRO-001,IDEALPRO-1-73953,MARKET,BUY,100000.00,GTC,False,False,100000.00,TAKER,1.08802499999975,0.0,['2.18 USD'],NO_TRIGGER,FILLED,OTO,OL-20250314-190000-001-MA_CROSS-20,"['O-20250314-190000-001-MA_CROSS-61', 'O-20250314-190000-001-MA_CROSS-62']",,,,,['MA_CROSS'],ca3f72a7-f7d5-4df0-bc1d-3a6981be1e93,1741978800000000000,1741978800000000000,,,,,,,
BACKTESTER-001,MovingAverageCrossover-MA_CROSS,EUR/USD.IDEALPRO,IDEALPRO-1-061,EUR/USD.IDEALPRO-MovingAverageCrossover-MA_CROSS,IDEALPRO-001,,STOP_MARKET,SELL,99999.99,GTC,True,False,0.00,NO_LIQUIDITY_SIDE,,,,NO_TRIGGER,CANCELED,OUO,OL-20250314-190000-001-MA_CROSS-20,['O-20250314-190000-001-MA_CROSS-62'],O-20250314-190000-001-MA_CROSS-60,,,,['MA_CROSS_SL'],5da2d06f-be7c-4296-bb80-2f07cfb8dedc,1741978800000000000,1742284740000000000,1.08452,DEFAULT,,,,,
BACKTESTER-001,MovingAverageCrossover-MA_CROSS,EUR/USD.IDEALPRO,IDEALPRO-1-062,EUR/USD.IDEALPRO-MovingAverageCrossover-MA_CROSS,IDEALPRO-001,IDEALPRO-1-76144,LIMIT,SELL,100000.00,GTC,True,False,100000.00,MAKER,1.09302,0.0,['2.19 USD'],NO_TRIGGER,FILLED,OUO,OL-20250314-190000-001-MA_CROSS-20,['O-20250314-190000-001-MA_CROSS-61'],O-20250314-190000-001-MA_CROSS-60,,,,['MA_CROSS_TP'],772c6651-83dc-447f-b2b6-bdcb5a82c2ec,1741978800000000000,1742284740000000000,,,,,1.09302,True,
BACKTESTER-001,MovingAverageCrossover-MA_CROSS,EUR/USD.IDEALPRO,IDEALPRO-1-063,EUR/USD.IDEALPRO-MovingAverageCrossover-MA_CROSS,IDEALPRO-001,IDEALPRO-1-77932,MARKET,SELL,100000.00,GTC,False,False,100000.00,TAKER,1.08944500000025,0.0,['2.18 USD'],NO_TRIGGER,FILLED,OTO,OL-20250319-140000-001-MA_CROSS-21,"['O-20250319-140000-001-MA_CROSS-64', 'O-20250319-140000-001-MA_CROSS-65']",,,,,['MA_CROSS'],03cd3736-354d-481f-b88d-0c2baed3e124,1742392800000000000,1742392800000000000,,,,,,,
BACKTESTER-001,MovingAverageCrossover-MA_CROSS,EUR/USD.IDEALPRO,IDEALPRO-1-064,EUR/USD.IDEALPRO-MovingAverageCrossover-MA_CROSS,IDEALPRO-001,,STOP_MARKET,BUY,99999.99,GTC,True,False,0.00,NO_LIQUIDITY_SIDE,,,,NO_TRIGGER,CANCELED,OUO,OL-20250319-140000-001-MA_CROSS-21,['O-20250319-140000-001-MA_CROSS-65'],O-20250319-140000-001-MA_CROSS-63,,,,['MA_CROSS_SL'],0a97cf0b-ed56-4f84-aed6-4d9ff0d91929,1742392800000000000,1742462760000000000,1.09295,DEFAULT,,,,,
BACKTESTER-001,MovingAverageCrossover-MA_CROSS,EUR/USD.IDEALPRO,IDEALPRO-1-065,EUR/USD.IDEALPRO-MovingAverageCrossover-MA_CROSS,IDEALPRO-001,IDEALPRO-1-79085,LIMIT,BUY,100000.00,GTC,True,False,100000.00,MAKER,1.08445,0.0,['2.17 USD'],NO_TRIGGER,FILLED,OUO,OL-20250319-140000-001-MA_CROSS-21,['O-20250319-140000-001-MA_CROSS-64'],O-20250319-140000-001-MA_CROSS-63,,,,['MA_CROSS_TP'],a6d800ee-7a26-474c-9ba9-9dd12141b7a0,1742392800000000000,1742462760000000000,,,,,1.08445,True,
BACKTESTER-001,MovingAverageCrossover-MA_CROSS,EUR/USD.IDEALPRO,IDEALPRO-1-066,EUR/USD.IDEALPRO-MovingAverageCrossover-MA_CROSS,IDEALPRO-001,IDEALPRO-1-86861,MARKET,BUY,100000.00,GTC,False,False,100000.00,TAKER,1.07968499999975,0.0,['2.16 USD'],NO_TRIGGER,FILLED,OTO,OL-20250327-201500-001-MA_CROSS-22,"['O-20250327-201500-001-MA_CROSS-67', 'O-20250327-201500-001-MA_CROSS-68']",,,,,['MA_CROSS'],3de0e06e-bb13-49b9-ab52-b807defde75d,1743106500000000000,1743106500000000000,,,,,,,
BACKTESTER-001,MovingAverageCrossover-MA_CROSS,EUR/USD.IDEALPRO,IDEALPRO-1-067,EUR/USD.IDEALPRO-MovingAverageCrossover-MA_CROSS,IDEALPRO-001,,STOP_MARKET,SELL,99999.99,GTC,True,False,0.00,NO_LIQUIDITY_SIDE,,,,NO_TRIGGER,CANCELED,OUO,OL-20250327-201500-001-MA_CROSS-22,['O-20250327-201500-001-MA_CROSS-68'],O-20250327-201500-001-MA_CROSS-66,,,,['MA_CROSS_SL'],326478f4-c43b-4b54-a858-b74571991302,1743106500000000000,1743404820000000000,1.07618,DEFAULT,,,,,
BACKTESTER-001,MovingAverageCrossover-MA_CROSS,EUR/USD.IDEALPRO,IDEALPRO-1-068,EUR/USD.IDEALPRO-MovingAverageCrossover-MA_CROSS,IDEALPRO-001,IDEALPRO-1-88925,LIMIT,SELL,100000.00,GTC,True,False,100000.00,MAKER,1.0846800000000003,-2.220446049250313e-16,['2.17 USD'],NO_TRIGGER,FILLED,OUO,OL-20250327-201500-001-MA_CROSS-22,['O-20250327-201500-001-MA_CROSS-67'],O-20250327-201500-001-MA_CROSS-66,,,,['MA_CROSS_TP'],ae935b2f-e913-43c0-9553-a07bf8f11b35,1743106500000000000,1743404820000000000,,,,,1.08468,True,
BACKTESTER-001,MovingAverageCrossover-MA_CROSS,EUR/USD.IDEALPRO,IDEALPRO-1-069,EUR/USD.IDEALPRO-MovingAverageCrossover-MA_CROSS,IDEALPRO-001,IDEALPRO-1-90720,MARKET,SELL,100000.00,GTC,False,False,100000.00,TAKER,1.07847500000025,0.0,['2.16 USD'],NO_TRIGGER,FILLED,OTO,OL-20250401-131500-001-MA_CROSS-23,"['O-20250401-131500-001-MA_CROSS-70', 'O-20250401-131500-001-MA_CROSS-71']",,,,,['MA_CROSS'],a8cd870b-3cf0-4e90-9045-882d50469164,1743513300000000000,1743513300000000000,,,,,,,
BACKTESTER-001,MovingAverageCrossover-MA_CROSS,EUR/USD.IDEALPRO,IDEALPRO-1-070,EUR/USD.IDEALPRO-MovingAverageCrossover-MA_CROSS,IDEALPRO-001,IDEALPRO-1-92133,STOP_MARKET,BUY,100000.00,GTC,True,False,100000.00,TAKER,1.0819849999997502,4.9999997502325755e-06,['2.16 USD'],NO_TRIGGER,FILLED,OUO,OL-20250401-131500-001-MA_CROSS-23,['O-20250401-131500-001-MA_CROSS-71'],O-20250401-131500-001-MA_CROSS-69,,,,['MA_CROSS_SL'],2ad92250-f30c-4ace-ae1d-0c7df43df9db,1743513300000000000,1743598860000000000,1.08198,DEFAULT,,,,,
BACKTESTER-001,MovingAverageCrossover-MA_CROSS,EUR/USD.IDEALPRO,IDEALPRO-1-071,EUR/USD.IDEALPRO-MovingAverageCrossover-MA_CROSS,IDEALPRO-001,,LIMIT,BUY,99999.99,GTC,True,False,0.00,NO_LIQUIDITY_SIDE,,,,NO_TRIGGER,CANCELED,OUO,OL-20250401-131500-001-MA_CROSS-23,['O-20250401-131500-001-MA_CROSS-70'],O-20250401-131500-001-MA_CROSS-69,,,,['MA_CROSS_TP'],fff2f2c9-2d76-4922-8983-d9d71a46bcd9,1743513300000000000,1743598860000000000,,,,,1.07348,True,
BACKTESTER-001,MovingAverageCrossover-MA_CROSS,EUR/USD.IDEALPRO,IDEALPRO-1-072,EUR/USD.IDEALPRO-MovingAverageCrossover-MA_CROSS,IDEALPRO-001,IDEALPRO-1-92464,MARKET,BUY,100000.00,GTC,False,False,100000.00,TAKER,1.0855049999997501,0.0,['2.17 USD'],NO_TRIGGER,FILLED,OTO,OL-20250402-183000-001-MA_CROSS-24,"['O-20250402-183000-001-MA_CROSS-73', 'O-20250402-183000-001-MA_CROSS-74']",,,,,['MA_CROSS'],d8a18a16-dffa-41a1-8d97-bed15f173335,1743618600000000000,1743618600000000000,,,,,,,
BACKTESTER-001,MovingAverageCrossover-MA_CROSS,EUR/USD.IDEALPRO,IDEALPRO-1-073,EUR/USD.IDEALPRO-MovingAverageCrossover-MA_CROSS,IDEALPRO-001,,STOP_MARKET,SELL,99999.99,GTC,True,False,0.00,NO_LIQUIDITY_SIDE,,,,NO_TRIGGER,CANCELED,OUO,OL-20250402-183000-001-MA_CROSS-24,['O-20250402-183000-001-MA_CROSS-74'],O-20250402-183000-001-MA_CROSS-72,,,,['MA_CROSS_SL'],da6a007c-8b1f-4e66-bce9-d23678dd24f4,1743618600000000000,1743625080000000000,1.08200,DEFAULT,,,,,
BACKTESTER-001,MovingAverageCrossover-MA_CROSS,EUR/USD.IDEALPRO,IDEALPRO-1-074,EUR/USD.IDEALPRO-MovingAverageCrossover-MA_CROSS,IDEALPRO-001,IDEALPRO-1-92574,LIMIT,SELL,100000.00,GTC,True,False,100000.00,MAKER,1.0905000000000002,-2.220446049250313e-16,['2.18 USD'],NO_TRIGGER,FILLED,OUO,OL-20250402-183000-001-MA_CROSS-24,['O-20250402-183000-001-MA_CROSS-73'],O-20250402-183000-001-MA_CROSS-72,,,,['MA_CROSS_TP'],bd0e13da-238f-46d1-91f8-912b4aacf1c3,1743618600000000000,1743625080000000000,,,,,1.09050,True,
BACKTESTER-001,MovingAverageCrossover-MA_CROSS,EUR/USD.IDEALPRO,IDEALPRO-1-075,EUR/USD.IDEALPRO-MovingAverageCrossover-MA_CROSS,IDEALPRO-001,IDEALPRO-1-95768,MARKET,SELL,100000.00,GTC,False,False,100000.00,TAKER,1.0954950000002501,0.0,['2.19 USD'],NO_TRIGGER,FILLED,OTO,OL-20250407-021500-001-MA_CROSS-25,"['O-20250407-021500-001-MA_CROSS-76', 'O-20250407-021500-001-MA_CROSS-77']",,,,,['MA_CROSS'],59675f09-ffc3-48fe-ab79-9b6ff9f0eabd,1743992100000000000,1743992100000000000,,,,,,,
BACKTESTER-001,MovingAverageCrossover-MA_CROSS,EUR/USD.IDEALPRO,IDEALPRO-1-076,EUR/USD.IDEALPRO-MovingAverageCrossover-MA_CROSS,IDEALPRO-001,IDEALPRO-1-95954,STOP_MARKET,BUY,100000.00,GTC,True,False,100000.00,TAKER,1.0990049999997502,4.9999997502325755e-06,['2.20 USD'],NO_TRIGGER,FILLED,OUO,OL-20250407-021500-001-MA_CROSS-25,['O-20250407-021500-001-MA_CROSS-77'],O-20250407-021500-001-MA_CROSS-75,,,,['MA_CROSS_SL'],1c2dd613-6a69-4ebb-8ad1-9a899370b378,1743992100000000000,1744003140000000000,1.09900,DEFAULT,,,,,
BACKTESTER-001,MovingAverageCrossover-MA_CROSS,EUR/USD.IDEALPRO,IDEALPRO-1-077,EUR/USD.IDEALPRO-MovingAverageCrossover-MA_CROSS,IDEALPRO-001,,LIMIT,BUY,99999.99,GTC,True,False,0.00,NO_LIQUIDITY_SIDE,,,,NO_TRIGGER,CANCELED,OUO,OL-20250407-021500-001-MA_CROSS-25,['O-20250407-021500-001-MA_CROSS-76'],O-20250407-021500-001-MA_CROSS-75,,,,['MA_CROSS_TP'],5c08f7ed-c6d4-4ca7-baab-bc175f2cd37e,1743992100000000000,1744003140000000000,,,,,1.09050,True,
BACKTESTER-001,MovingAverageCrossover-MA_CROSS,EUR/USD.IDEALPRO,IDEALPRO-1-078,EUR/USD.IDEALPRO-MovingAverageCrossover-MA_CROSS,IDEALPRO-001,IDEALPRO-1-98697,MARKET,BUY,100000.00,GTC,False,False,100000.00,TAKER,1.1034549999997503,0.0,['2.21 USD'],NO_TRIGGER,FILLED,OTO,OL-20250409-033000-001-MA_CROSS-26,"['O-20250409-033000-001-MA_CROSS-79', 'O-20250409-033000-001-MA_CROSS-80']",,,,,['MA_CROSS'],f705c5cb-c177-4571-a8b8-dd0061d65418,1744169400000000000,1744169400000000000,,,,,,,
BACKTESTER-001,MovingAverageCrossover-MA_CROSS,EUR/USD.IDEALPRO,IDEALPRO-1-079,EUR/USD.IDEALPRO-MovingAverageCrossover-MA_CROSS,IDEALPRO-001,,STOP_MARKET,SELL,99999.99,GTC,True,False,0.00,NO_LIQUIDITY_SIDE,,,,NO_TRIGGER,CANCELED,OUO,OL-20250409-033000-001-MA_CROSS-26,['O-20250409-033000-001-MA_CROSS-80'],O-20250409-033000-001-MA_CROSS-78,,,,['MA_CROSS_SL'],d14babd3-49ee-4636-aa97-cd1b942f7914,1744169400000000000,1744181640000000000,1.09995,DEFAULT,,,,,
BACKTESTER-001,MovingAverageCrossover-MA_CROSS,EUR/USD.IDEALPRO,IDEALPRO-1-080,EUR/USD.IDEALPRO-MovingAverageCrossover-MA_CROSS,IDEALPRO-001,IDEALPRO-1-98903,LIMIT,SELL,100000.00,GTC,True,False,100000.00,MAKER,1.10845,0.0,['2.22 USD'],NO_TRIGGER,FILLED,OUO,OL-20250409-033000-001-MA_CROSS-26,['O-20250409-033000-001-MA_CROSS-79'],O-20250409-033000-001-MA_CROSS-78,,,,['MA_CROSS_TP'],e39325b6-a4eb-4925-97d8-9a1ebe61f969,1744169400000000000,1744181640000000000,,,,,1.10845,True,
BACKTESTER-001,MovingAverageCrossover-MA_CROSS,EUR/USD.IDEALPRO,IDEALPRO-1-081,EUR/USD.IDEALPRO-MovingAverageCrossover-MA_CROSS,IDEALPRO-001,IDEALPRO-1-100066,MARKET,SELL,100000.00,GTC,False,False,100000.00,TAKER,1.09673500000025,0.0,['2.19 USD'],NO_TRIGGER,FILLED,OTO,OL-20250410-023000-001-MA_CROSS-27,"['O-20250410-023000-001-MA_CROSS-82', 'O-20250410-023000-001-MA_CROSS-83']",,,,,['MA_CROSS'],80cdb94e-fcb3-404b-b88a-731baaedc92f,1744252200000000000,1744252200000000000,,,,,,,
BACKTESTER-001,MovingAverageCrossover-MA_CROSS,EUR/USD.IDEALPRO,IDEALPRO-1-082,EUR/USD.IDEALPRO-MovingAverageCrossover-MA_CROSS,IDEALPRO-001,IDEALPRO-1-100371,STOP_MARKET,BUY,100000.00,GTC,True,False,100000.00,TAKER,1.1002449999997501,4.999999750010531e-06,['2.20 USD'],NO_TRIGGER,FILLED,OUO,OL-20250410-023000-001-MA_CROSS-27,['O-20250410-023000-001-MA_CROSS-83'],O-20250410-023000-001-MA_CROSS-81,,,,['MA_CROSS_SL'],c7a7ce7c-1a52-4905-bf4c-857b87fefb7f,1744252200000000000,1744270380000000000,1.10024,DEFAULT,,,,,
BACKTESTER-001,MovingAverageCrossover-MA_CROSS,EUR/USD.IDEALPRO,IDEALPRO-1-083,EUR/USD.IDEALPRO-MovingAverageCrossover-MA_CROSS,IDEALPRO-001,,LIMIT,BUY,99999.99,GTC,True,False,0.00,NO_LIQUIDITY_SIDE,,,,NO_TRIGGER,CANCELED,OUO,OL-20250410-023000-001-MA_CROSS-27,['O-20250410-023000-001-MA_CROSS-82'],O-20250410-023000-001-MA_CROSS-81,,,,['MA_CROSS_TP'],2303f1e5-a860-48e2-ae40-a327d9c3b8a2,1744252200000000000,1744270380000000000,,,,,1.09174,True,
BACKTESTER-001,MovingAverageCrossover-MA_CROSS,EUR/USD.IDEALPRO,IDEALPRO-1-084,EUR/USD.IDEALPRO-MovingAverageCrossover-MA_CROSS,IDEALPRO-001,IDEALPRO-1-100400,MARKET,BUY,100000.00,GTC,False,False,100000.00,TAKER,1.10265499999975,0.0,['2.21 USD'],NO_TRIGGER,FILLED,OTO,OL-20250410-080000-001-MA_CROSS-28,"['O-20250410-080000-001-MA_CROSS-85', 'O-20250410-080000-001-MA_CROSS-86']",,,,,['MA_CROSS'],2cc31d0a-28db-4f37-b08d-3d8ac1e60bf2,1744272000000000000,1744272000000000000,,,,,,,
BACKTESTER-001,MovingAverageCrossover-MA_CROSS,EUR/USD.IDEALPRO,IDEALPRO-1-085,EUR/USD.IDEALPRO-MovingAverageCrossover-MA_CROSS,IDEALPRO-001,,STOP_MARKET,SELL,99999.99,GTC,True,False,0.00,NO_LIQUIDITY_SIDE,,,,NO_TRIGGER,CANCELED,OUO,OL-20250410-080000-001-MA_CROSS-28,['O-20250410-080000-001-MA_CROSS-86'],O-20250410-080000-001-MA_CROSS-84,,,,['MA_CROSS_SL'],34a28a7c-3db6-44be-b67d-e921f3e7ff0f,1744272000000000000,1744281480000000000,1.09915,DEFAULT,,,,,
BACKTESTER-001,MovingAverageCrossover-MA_CROSS,EUR/USD.IDEALPRO,IDEALPRO-1-086,EUR/USD.IDEALPRO-MovingAverageCrossover-MA_CROSS,IDEALPRO-001,IDEALPRO-1-100560,LIMIT,SELL,100000.00,GTC,True,False,100000.00,MAKER,1.10765,0.0,['2.22 USD'],NO_TRIGGER,FILLED,OUO,OL-20250410-080000-001-MA_CROSS-28,['O-20250410-080000-001-MA_CROSS-85'],O-20250410-080000-001-MA_CROSS-84,,,,['MA_CROSS_TP'],2071dbe7-cc0e-4d4d-ab83-a74c67cf3799,1744272000000000000,1744281480000000000,,,,,1.10765,True,
BACKTESTER-001,MovingAverageCrossover-MA_CROSS,EUR/USD.IDEALPRO,IDEALPRO-1-087,EUR/USD.IDEALPRO-MovingAverageCrossover-MA_CROSS,IDEALPRO-001,IDEALPRO-1-105129,MARKET,SELL,100000.00,GTC,False,False,100000.00,TAKER,1.1308750000002503,0.0,['2.26 USD'],NO_TRIGGER,FILLED,OTO,OL-20250415-153000-001-MA_CROSS-29,"['O-20250415-153000-001-MA_CROSS-88', 'O-20250415-153000-001-MA_CROSS-89']",,,,,['MA_CROSS'],89a6ac33-6f7c-4681-8589-aae4c99ae532,1744731000000000000,1744731000000000000,,,,,,,
BACKTESTER-001,MovingAverageCrossover-MA_CROSS,EUR/USD.IDEALPRO,IDEALPRO-1-088,EUR/USD.IDEALPRO-MovingAverageCrossover-MA_CROSS,IDEALPRO-001,IDEALPRO-1-105867,STOP_MARKET,BUY,100000.00,GTC,True,False,100000.00,TAKER,1.13438499999975,4.999999750010531e-06,['2.27 USD'],NO_TRIGGER,FILLED,OUO,OL-20250415-153000-001-MA_CROSS-29,['O-20250415-153000-001-MA_CROSS-89'],O-20250415-153000-001-MA_CROSS-87,,,,['MA_CROSS_SL'],85d983f0-4659-40ba-9f74-75365ca909d8,1744731000000000000,1744776060000000000,1.13438,DEFAULT,,,,,
BACKTESTER-001,MovingAverageCrossover-MA_CROSS,EUR/USD.IDEALPRO,IDEALPRO-1-089,EUR/USD.IDEALPRO-MovingAverageCrossover-MA_CROSS,IDEALPRO-001,,LIMIT,BUY,99999.99,GTC,True,False,0.00,NO_LIQUIDITY_SIDE,,,,NO_TRIGGER,CANCELED,OUO,OL-20250415-153000-001-MA_CROSS-29,['O-20250415-153000-001-MA_CROSS-88'],O-20250415-153000-001-MA_CROSS-87,,,,['MA_CROSS_TP'],2bd681cd-db62-44ea-aba6-080e7dd621a3,1744731000000000000,1744776060000000000,,,,,1.12588,True,
BACKTESTER-001,MovingAverageCrossover-MA_CROSS,EUR/USD.IDEALPRO,IDEALPRO-1-090,EUR/USD.IDEALPRO-MovingAverageCrossover-MA_CROSS,IDEALPRO-001,IDEALPRO-1-106243,MARKET,BUY,100000.00,GTC,False,False,100000.00,TAKER,1.1366549999997502,0.0,['2.27 USD'],NO_TRIGGER,FILLED,OTO,OL-20250416-101500-001-MA_CROSS-30,"['O-20250416-101500-001-MA_CROSS-91', 'O-20250416-101500-001-MA_CROSS-92']",,,,,['MA_CROSS'],f199147e-9cbd-4783-8d94-3e61ae167db6,1744798500000000000,1744798500000000000,,,,,,,
BACKTESTER-001,MovingAverageCrossover-MA_CROSS,EUR/USD.IDEALPRO,IDEALPRO-1-091,EUR/USD.IDEALPRO-MovingAverageCrossover-MA_CROSS,IDEALPRO-001,,STOP_MARKET,SELL,99999.99,GTC,True,False,0.00,NO_LIQUIDITY_SIDE,,,,NO_TRIGGER,CANCELED,OUO,OL-20250416-101500-001-MA_CROSS-30,['O-20250416-101500-001-MA_CROSS-92'],O-20250416-101500-001-MA_CROSS-90,,,,['MA_CROSS_SL'],a64f98e4-31e4-4905-b3bf-5d3fd0ca148f,1744798500000000000,1745193660000000000,1.13315,DEFAULT,,,,,
BACKTESTER-001,MovingAverageCrossover-MA_CROSS,EUR/USD.IDEALPRO,IDEALPRO-1-092,EUR/USD.IDEALPRO-MovingAverageCrossover-MA_CROSS,IDEALPRO-001,IDEALPRO-1-109741,LIMIT,SELL,100000.00,GTC,True,False,100000.00,MAKER,1.1416500000000003,-2.220446049250313e-16,['2.28 USD'],NO_TRIGGER,FILLED,OUO,OL-20250416-101500-001-MA_CROSS-30,['O-20250416-101500-001-MA_CROSS-91'],O-20250416-101500-001-MA_CROSS-90,,,,['MA_CROSS_TP'],90619c02-80c8-4166-a8f3-e70e9aa361e4,1744798500000000000,1745193660000000000,,,,,1.14165,True,
BACKTESTER-001,MovingAverageCrossover-MA_CROSS,EUR/USD.IDEALPRO,IDEALPRO-1-093,EUR/USD.IDEALPRO-MovingAverageCrossover-MA_CROSS,IDEALPRO-001,IDEALPRO-1-112412,MARKET,SELL,100000.00,GTC,False,False,100000.00,TAKER,1.1418350000002502,0.0,['2.28 USD'],NO_TRIGGER,FILLED,OTO,OL-20250422-204500-001-MA_CROSS-31,"['O-20250422-204500-001-MA_CROSS-94', 'O-20250422-204500-001-MA_CROSS-95']",,,,,['MA_CROSS'],819bd5d5-bfff-4e06-b7f7-6b3acc9434e5,1745354700000000000,1745354700000000000,,,,,,,
BACKTESTER-001,MovingAverageCrossover-MA_CROSS,EUR/USD.IDEALPRO,IDEALPRO-1-094,EUR/USD.IDEALPRO-MovingAverageCrossover-MA_CROSS,IDEALPRO-001,,STOP_MARKET,BUY,99999.99,GTC,True,False,0.00,NO_LIQUIDITY_SIDE,,,,NO_TRIGGER,CANCELED,OUO,OL-20250422-204500-001-MA_CROSS-31,['O-20250422-204500-001-MA_CROSS-95'],O-20250422-204500-001-MA_CROSS-93,,,,['MA_CROSS_SL'],8cec02ec-e924-4bf0-9687-46390a4f105e,1745354700000000000,1745359020000000000,1.14534,DEFAULT,,,,,
BACKTESTER-001,MovingAverageCrossover-MA_CROSS,EUR/USD.IDEALPRO,IDEALPRO-1-095,EUR/USD.IDEALPRO-MovingAverageCrossover-MA_CROSS,IDEALPRO-001,IDEALPRO-1-112471,LIMIT,BUY,100000.00,GTC,True,False,100000.00,MAKER,1.13684,0.0,['2.27 USD'],NO_TRIGGER,FILLED,OUO,OL-20250422-204500-001-MA_CROSS-31,['O-20250422-204500-001-MA_CROSS-94'],O-20250422-204500-001-MA_CROSS-93,,,,['MA_CROSS_TP'],634ea113-53a1-47e0-aca7-8819236fe41a,1745354700000000000,1745359020000000000,,,,,1.13684,True,
BACKTESTER-001,MovingAverageCrossover-MA_CROSS,EUR/USD.IDEALPRO,IDEALPRO-1-096,EUR/USD.IDEALPRO-MovingAverageCrossover-MA_CROSS,IDEALPRO-001,IDEALPRO-1-116886,MARKET,BUY,100000.00,GTC,False,False,100000.00,TAKER,1.1357649999997501,0.0,['2.27 USD'],NO_TRIGGER,FILLED,OTO,OL-20250428-001500-001-MA_CROSS-32,"['O-20250428-001500-001-MA_CROSS-97', 'O-20250428-001500-001-MA_CROSS-98']",,,,,['MA_CROSS'],a68b5882-20d4-43b2-9429-8599c7db9554,1745799300000000000,1745799300000000000,,,,,,,
BACKTESTER-001,MovingAverageCrossover-MA_CROSS,EUR/USD.IDEALPRO,IDEALPRO-1-097,EUR/USD.IDEALPRO-MovingAverageCrossover-MA_CROSS,IDEALPRO-001,,STOP_MARKET,SELL,99999.99,GTC,True,False,0.00,NO_LIQUIDITY_SIDE,,,,NO_TRIGGER,CANCELED,OUO,OL-20250428-001500-001-MA_CROSS-32,['O-20250428-001500-001-MA_CROSS-98'],O-20250428-001500-001-MA_CROSS-96,,,,['MA_CROSS_SL'],bd57dd02-9d6d-41fa-8396-6050863961b5,1745799300000000000,1745822700000000000,1.13226,DEFAULT,,,,,
BACKTESTER-001,MovingAverageCrossover-MA_CROSS,EUR/USD.IDEALPRO,IDEALPRO-1-098,EUR/USD.IDEALPRO-MovingAverageCrossover-MA_CROSS,IDEALPRO-001,,LIMIT,SELL,99999.99,GTC,True,False,0.00,NO_LIQUIDITY_SIDE,,,,NO_TRIGGER,CANCELED,OUO,OL-20250428-001500-001-MA_CROSS-32,['O-20250428-001500-001-MA_CROSS-97'],O-20250428-001500-001-MA_CROSS-96,,,,['MA_CROSS_TP'],8c1a2a40-4ccc-44be-b467-71d7ef5faa4d,1745799300000000000,1745822700000000000,,,,,1.14076,True,
BACKTESTER-001,MovingAverageCrossover-MA_CROSS,EUR/USD.IDEALPRO,IDEALPRO-1-099,EUR/USD.IDEALPRO-MovingAverageCrossover-MA_CROSS,IDEALPRO-001,IDEALPRO-1-117278,MARKET,SELL,100000.00,GTC,True,False,100000.00,TAKER,1.13459500000025,0.0,['2.27 USD'],NO_TRIGGER,FILLED,NO_CONTINGENCY,,,,,,,,2994482f-850b-4399-82db-b42707aa98ad,1745822700000000000,1745822700000000000,,,,,,,
BACKTESTER-001,MovingAverageCrossover-MA_CROSS,EUR/USD.IDEALPRO,IDEALPRO-1-100,EUR/USD.IDEALPRO-MovingAverageCrossover-MA_CROSS,IDEALPRO-001,IDEALPRO-1-117895,MARKET,BUY,100000.00,GTC,False,False,100000.00,TAKER,1.1411649999997502,0.0,['2.28 USD'],NO_TRIGGER,FILLED,OTO,OL-20250428-170000-001-MA_CROSS-33,"['O-20250428-170000-001-MA_CROSS-101', 'O-20250428-170000-001-MA_CROSS-102']",,,,,['MA_CROSS'],afdcca7a-49f0-4291-80c2-2c9539ef2276,1745859600000000000,1745859600000000000,,,,,,,
BACKTESTER-001,MovingAverageCrossover-MA_CROSS,EUR/USD.IDEALPRO,IDEALPRO-1-101,EUR/USD.IDEALPRO-MovingAverageCrossover-MA_CROSS,IDEALPRO-001,IDEALPRO-1-118590,STOP_MARKET,SELL,100000.00,GTC,True,False,100000.00,TAKER,1.1376550000002499,4.999999750010531e-06,['2.28 USD'],NO_TRIGGER,FILLED,OUO,OL-20250428-170000-001-MA_CROSS-33,['O-20250428-170000-001-MA_CROSS-102'],O-20250428-170000-001-MA_CROSS-100,,,,['MA_CROSS_SL'],4bca2cd8-870d-4454-8806-8b805863e380,1745859600000000000,1745902080000000000,1.13766,DEFAULT,,,,,
BACKTESTER-001,MovingAverageCrossover-MA_CROSS,EUR/USD.IDEALPRO,IDEALPRO-1-102,EUR/USD.IDEALPRO-MovingAverageCrossover-MA_CROSS,IDEALPRO-001,,LIMIT,SELL,99999.99,GTC,True,False,0.00,NO_LIQUIDITY_SIDE,,,,NO_TRIGGER,CANCELED,OUO,OL-20250428-170000-001-MA_CROSS-33,['O-20250428-170000-001-MA_CROSS-101'],O-20250428-170000-001-MA_CROSS-100,,,,['MA_CROSS_TP'],ea828fe2-635b-4161-875e-606e4714ccc3,1745859600000000000,1745902080000000000,,,,,1.14616,True,
BACKTESTER-001,MovingAverageCrossover-MA_CROSS,EUR/USD.IDEALPRO,IDEALPRO-1-103,EUR/USD.IDEALPRO-MovingAverageCrossover-MA_CROSS,IDEALPRO-001,IDEALPRO-1-120254,MARKET,SELL,100000.00,GTC,False,False,100000.00,TAKER,1.13643500000025,0.0,['2.27 USD'],NO_TRIGGER,FILLED,OTO,OL-20250430-084500-001-MA_CROSS-34,"['O-20250430-084500-001-MA_CROSS-104', 'O-20250430-084500-001-MA_CROSS-105']",,,,,['MA_CROSS'],0b23629c-7dde-44d7-9ccf-6c4f439cf18f,1746002700000000000,1746002700000000000,,,,,,,
BACKTESTER-001,MovingAverageCrossover-MA_CROSS,EUR/USD.IDEALPRO,IDEALPRO-1-104,EUR/USD.IDEALPRO-MovingAverageCrossover-MA_CROSS,IDEALPRO-001,,STOP_MARKET,BUY,99999.99,GTC,True,False,0.00,NO_LIQUIDITY_SIDE,,,,NO_TRIGGER,CANCELED,OUO,OL-20250430-084500-001-MA_CROSS-34,['O-20250430-084500-001-MA_CROSS-105'],O-20250430-084500-001-MA_CROSS-103,,,,['MA_CROSS_SL'],5f4b4788-5bb4-4a71-8adb-90ce55ae1248,1746002700000000000,1746061680000000000,1.13994,DEFAULT,,,,,
BACKTESTER-001,MovingAverageCrossover-MA_CROSS,EUR/USD.IDEALPRO,IDEALPRO-1-105,EUR/USD.IDEALPRO-MovingAverageCrossover-MA_CROSS,IDEALPRO-001,IDEALPRO-1-121224,LIMIT,BUY,100000.00,GTC,True,False,100000.00,MAKER,1.13144,0.0,['2.26 USD'],NO_TRIGGER,FILLED,OUO,OL-20250430-084500-001-MA_CROSS-34,['O-20250430-084500-001-MA_CROSS-104'],O-20250430-084500-001-MA_CROSS-103,,,,['MA_CROSS_TP'],43001ff6-c7da-44c9-95db-163ae3e64e3f,1746002700000000000,1746061680000000000,,,,,1.13144,True,
BACKTESTER-001,MovingAverageCrossover-MA_CROSS,EUR/USD.IDEALPRO,IDEALPRO-1-106,EUR/USD.IDEALPRO-MovingAverageCrossover-MA_CROSS,IDEALPRO-001,IDEALPRO-1-124503,MARKET,BUY,100000.00,GTC,False,False,100000.00,TAKER,1.1325549999997502,0.0,['2.27 USD'],NO_TRIGGER,FILLED,OTO,OL-20250505-081500-001-MA_CROSS-35,"['O-20250505-081500-001-MA_CROSS-107', 'O-20250505-081500-001-MA_CROSS-108']",,,,,['MA_CROSS'],c410b2d7-b05f-41f8-8e91-91680c00fa26,1746432900000000000,1746432900000000000,,,,,,,
BACKTESTER-001,MovingAverageCrossover-MA_CROSS,EUR/USD.IDEALPRO,IDEALPRO-1-107,EUR/USD.IDEALPRO-MovingAverageCrossover-MA_CROSS,IDEALPRO-001,IDEALPRO-1-125455,STOP_MARKET,SELL,100000.00,GTC,True,False,100000.00,TAKER,1.12904500000025,4.999999750010531e-06,['2.26 USD'],NO_TRIGGER,FILLED,OUO,OL-20250505-081500-001-MA_CROSS-35,['O-20250505-081500-001-MA_CROSS-108'],O-20250505-081500-001-MA_CROSS-106,,,,['MA_CROSS_SL'],0fde93cf-252d-408b-9b7d-1f19171a1c46,1746432900000000000,1746490800000000000,1.12905,DEFAULT,,,,,
BACKTESTER-001,MovingAverageCrossover-MA_CROSS,EUR/USD.IDEALPRO,IDEALPRO-1-108,EUR/USD.IDEALPRO-MovingAverageCrossover-MA_CROSS,IDEALPRO-001,,LIMIT,SELL,99999.99,GTC,True,False,0.00,NO_LIQUIDITY_SIDE,,,,NO_TRIGGER,CANCELED,OUO,OL-20250505-081500-001-MA_CROSS-35,['O-20250505-081500-001-MA_CROSS-107'],O-20250505-081500-001-MA_CROSS-106,,,,['MA_CROSS_TP'],9e26f9b7-9d40-491d-80da-2bd25e1ae077,1746432900000000000,1746490800000000000,,,,,1.13755,True,
BACKTESTER-001,MovingAverageCrossover-MA_CROSS,EUR/USD.IDEALPRO,IDEALPRO-1-109,EUR/USD.IDEALPRO-MovingAverageCrossover-MA_CROSS,IDEALPRO-001,IDEALPRO-1-125467,MARKET,SELL,100000.00,GTC,False,False,100000.00,TAKER,1.1286750000002501,0.0,['2.26 USD'],NO_TRIGGER,FILLED,OTO,OL-20250506-003000-001-MA_CROSS-36,"['O-20250506-003000-001-MA_CROSS-110', 'O-20250506-003000-001-MA_CROSS-111']",,,,,['MA_CROSS'],0b782590-0752-4030-8af5-9a2aa137f53a,1746491400000000000,1746491400000000000,,,,,,,
BACKTESTER-001,MovingAverageCrossover-MA_CROSS,EUR/USD.IDEALPRO,IDEALPRO-1-110,EUR/USD.IDEALPRO-MovingAverageCrossover-MA_CROSS,IDEALPRO-001,IDEALPRO-1-125695,STOP_MARKET,BUY,100000.00,GTC,True,False,100000.00,TAKER,1.13218499999975,4.999999750010531e-06,['2.26 USD'],NO_TRIGGER,FILLED,OUO,OL-20250506-003000-001-MA_CROSS-36,['O-20250506-003000-001-MA_CROSS-111'],O-20250506-003000-001-MA_CROSS-109,,,,['MA_CROSS_SL'],c38ee714-b83d-4779-94f8-930d934aa8b5,1746491400000000000,1746504960000000000,1.13218,DEFAULT,,,,,
BACKTESTER-001,MovingAverageCrossover-MA_CROSS,EUR/USD.IDEALPRO,IDEALPRO-1-111,EUR/USD.IDEALPRO-MovingAverageCrossover-MA_CROSS,IDEALPRO-001,,LIMIT,BUY,99999.99,GTC,True,False,0.00,NO_LIQUIDITY_SIDE,,,,NO_TRIGGER,CANCELED,OUO,OL-20250506-003000-001-MA_CROSS-36,['O-20250506-003000-001-MA_CROSS-110'],O-20250506-003000-001-MA_CROSS-109,,,,['MA_CROSS_TP'],7dfac2da-02e6-4071-9ada-64a2ce927585,1746491400000000000,1746504960000000000,,,,,1.12368,True,
BACKTESTER-001,MovingAverageCrossover-MA_CROSS,EUR/USD.IDEALPRO,IDEALPRO-1-112,EUR/USD.IDEALPRO-MovingAverageCrossover-MA_CROSS,IDEALPRO-001,IDEALPRO-1-126116,MARKET,BUY,100000.00,GTC,False,False,100000.00,TAKER,1.13267499999975,0.0,['2.27 USD'],NO_TRIGGER,FILLED,OTO,OL-20250506-111500-001-MA_CROSS-37,"['O-20250506-111500-001-MA_CROSS-113', 'O-20250506-111500-001-MA_CROSS-114']",,,,,['MA_CROSS'],bcd3c8af-5979-48ce-aaff-5ae610189c6f,1746530100000000000,1746530100000000000,,,,,,,
BACKTESTER-001,MovingAverageCrossover-MA_CROSS,EUR/USD.IDEALPRO,IDEALPRO-1-113,EUR/USD.IDEALPRO-MovingAverageCrossover-MA_CROSS,IDEALPRO-001,,STOP_MARKET,SELL,99999.99,GTC,True,False,0.00,NO_LIQUIDITY_SIDE,,,,NO_TRIGGER,CANCELED,OUO,OL-20250506-111500-001-MA_CROSS-37,['O-20250506-111500-001-MA_CROSS-114'],O-20250506-111500-001-MA_CROSS-112,,,,['MA_CROSS_SL'],fec50a36-1638-4387-bb1a-47182b3e50bd,1746530100000000000,1746559740000000000,1.12917,DEFAULT,,,,,
BACKTESTER-001,MovingAverageCrossover-MA_CROSS,EUR/USD.IDEALPRO,IDEALPRO-1-114,EUR/USD.IDEALPRO-MovingAverageCrossover-MA_CROSS,IDEALPRO-001,IDEALPRO-1-126612,LIMIT,SELL,100000.00,GTC,True,False,100000.00,MAKER,1.13767,0.0,['2.28 USD'],NO_TRIGGER,FILLED,OUO,OL-20250506-111500-001-MA_CROSS-37,['O-20250506-111500-001-MA_CROSS-113'],O-20250506-111500-001-MA_CROSS-112,,,,['MA_CROSS_TP'],4bb181a1-e46f-4872-a462-e7dc18e3243b,1746530100000000000,1746559740000000000,,,,,1.13767,True,
BACKTESTER-001,MovingAverageCrossover-MA_CROSS,EUR/USD.IDEALPRO,IDEALPRO-1-115,EUR/USD.IDEALPRO-MovingAverageCrossover-MA_CROSS,IDEALPRO-001,IDEALPRO-1-128235,MARKET,SELL,100000.00,GTC,False,False,100000.00,TAKER,1.1301250000002503,0.0,['2.26 USD'],NO_TRIGGER,FILLED,OTO,OL-20250507-230000-001-MA_CROSS-38,"['O-20250507-230000-001-MA_CROSS-116', 'O-20250507-230000-001-MA_CROSS-117']",,,,,['MA_CROSS'],479be24d-e191-4d5a-959c-70579b017be4,1746658800000000000,1746658800000000000,,,,,,,
BACKTESTER-001,MovingAverageCrossover-MA_CROSS,EUR/USD.IDEALPRO,IDEALPRO-1-116,EUR/USD.IDEALPRO-MovingAverageCrossover-MA_CROSS,IDEALPRO-001,IDEALPRO-1-128490,STOP_MARKET,BUY,100000.00,GTC,True,False,100000.00,TAKER,1.1336349999997501,4.9999997502325755e-06,['2.27 USD'],NO_TRIGGER,FILLED,OUO,OL-20250507-230000-001-MA_CROSS-38,['O-20250507-230000-001-MA_CROSS-117'],O-20250507-230000-001-MA_CROSS-115,,,,['MA_CROSS_SL'],bbd72f9d-9a2a-4fd6-991e-4812e0143459,1746658800000000000,1746673980000000000,1.13363,DEFAULT,,,,,
BACKTESTER-001,MovingAverageCrossover-MA_CROSS,EUR/USD.IDEALPRO,IDEALPRO-1-117,EUR/USD.IDEALPRO-MovingAverageCrossover-MA_CROSS,IDEALPRO-001,,LIMIT,BUY,99999.99,GTC,True,False,0.00,NO_LIQUIDITY_SIDE,,,,NO_TRIGGER,CANCELED,OUO,OL-20250507-230000-001-MA_CROSS-38,['O-20250507-230000-001-MA_CROSS-116'],O-20250507-230000-001-MA_CROSS-115,,,,['MA_CROSS_TP'],cc2ab981-2e31-43c2-8db9-4d884b98f0ce,1746658800000000000,1746673980000000000,,,,,1.12513,True,
BACKTESTER-001,MovingAverageCrossover-MA_CROSS,EUR/USD.IDEALPRO,IDEALPRO-1-118,EUR/USD.IDEALPRO-MovingAverageCrossover-MA_CROSS,IDEALPRO-001,IDEALPRO-1-134029,MARKET,BUY,100000.00,GTC,False,False,100000.00,TAKER,1.11936499999975,0.0,['2.24 USD'],NO_TRIGGER,FILLED,OTO,OL-20250514-003000-001-MA_CROSS-39,"['O-20250514-003000-001-MA_CROSS-119', 'O-20250514-003000-001-MA_CROSS-120']",,,,,['MA_CROSS'],ba5a1842-4019-4500-b1fd-221d1e2ba3a6,1747182600000000000,1747182600000000000,,,,,,,
BACKTESTER-001,MovingAverageCrossover-MA_CROSS,EUR/USD.IDEALPRO,IDEALPRO-1-119,EUR/USD.IDEALPRO-MovingAverageCrossover-MA_CROSS,IDEALPRO-001,,STOP_MARKET,SELL,99999.99,GTC,True,False,0.00,NO_LIQUIDITY_SIDE,,,,NO_TRIGGER,CANCELED,OUO,OL-20250514-003000-001-MA_CROSS-39,['O-20250514-003000-001-MA_CROSS-120'],O-20250514-003000-001-MA_CROSS-118,,,,['MA_CROSS_SL'],ba321938-a2e2-4cf5-8c3e-e9d47eef77fc,1747182600000000000,1747210080000000000,1.11586,DEFAULT,,,,,
BACKTESTER-001,MovingAverageCrossover-MA_CROSS,EUR/USD.IDEALPRO,IDEALPRO-1-120,EUR/USD.IDEALPRO-MovingAverageCrossover-MA_CROSS,IDEALPRO-001,IDEALPRO-1-134489,LIMIT,SELL,100000.00,GTC,True,False,100000.00,MAKER,1.12436,0.0,['2.25 USD'],NO_TRIGGER,FILLED,OUO,OL-20250514-003000-001-MA_CROSS-39,['O-20250514-003000-001-MA_CROSS-119'],O-20250514-003000-001-MA_CROSS-118,,,,['MA_CROSS_TP'],27b9d8e3-97ef-4a08-8146-855a41f7f0c2,1747182600000000000,1747210080000000000,,,,,1.12436,True,
BACKTESTER-001,MovingAverageCrossover-MA_CROSS,EUR/USD.IDEALPRO,IDEALPRO-1-121,EUR/USD.IDEALPRO-MovingAverageCrossover-MA_CROSS,IDEALPRO-001,IDEALPRO-1-137813,MARKET,SELL,100000.00,GTC,False,False,100000.00,TAKER,1.1140250000002503,0.0,['2.23 USD'],NO_TRIGGER,FILLED,OTO,OL-20250516-160000-001-MA_CROSS-40,"['O-20250516-160000-001-MA_CROSS-122', 'O-20250516-160000-001-MA_CROSS-123']",,,,,['MA_CROSS'],6be6355d-2a60-4040-b7bb-b158d11e4183,1747411200000000000,1747411200000000000,,,,,,,
BACKTESTER-001,MovingAverageCrossover-MA_CROSS,EUR/USD.IDEALPRO,IDEALPRO-1-122,EUR/USD.IDEALPRO-MovingAverageCrossover-MA_CROSS,IDEALPRO-001,IDEALPRO-1-138116,STOP_MARKET,BUY,100000.00,GTC,True,False,100000.00,TAKER,1.1175349999997501,4.9999997502325755e-06,['2.24 USD'],NO_TRIGGER,FILLED,OUO,OL-20250516-160000-001-MA_CROSS-40,['O-20250516-160000-001-MA_CROSS-123'],O-20250516-160000-001-MA_CROSS-121,,,,['MA_CROSS_SL'],b763de2f-09f4-4ab1-95aa-b00a765a4231,1747411200000000000,1747602960000000000,1.11753,DEFAULT,,,,,
BACKTESTER-001,MovingAverageCrossover-MA_CROSS,EUR/USD.IDEALPRO,IDEALPRO-1-123,EUR/USD.IDEALPRO-MovingAverageCrossover-MA_CROSS,IDEALPRO-001,,LIMIT,BUY,99999.99,GTC,True,False,0.00,NO_LIQUIDITY_SIDE,,,,NO_TRIGGER,CANCELED,OUO,OL-20250516-160000-001-MA_CROSS-40,['O-20250516-160000-001-MA_CROSS-122'],O-20250516-160000-001-MA_CROSS-121,,,,['MA_CROSS_TP'],ef5e5be4-0e6b-4e85-8010-5e9561fca503,1747411200000000000,1747602960000000000,,,,,1.10903,True,
BACKTESTER-001,MovingAverageCrossover-MA_CROSS,EUR/USD.IDEALPRO,IDEALPRO-1-124,EUR/USD.IDEALPRO-MovingAverageCrossover-MA_CROSS,IDEALPRO-001,IDEALPRO-1-138777,MARKET,BUY,100000.00,GTC,False,False,100000.00,TAKER,1.1248349999997502,0.0,['2.25 USD'],NO_TRIGGER,FILLED,OTO,OL-20250519-081500-001-MA_CROSS-41,"['O-20250519-081500-001-MA_CROSS-125', 'O-20250519-081500-001-MA_CROSS-126']",,,,,['MA_CROSS'],a638b102-7492-4179-8192-b011a37823bd,1747642500000000000,1747642500000000000,,,,,,,
BACKTESTER-001,MovingAverageCrossover-MA_CROSS,EUR/USD.IDEALPRO,IDEALPRO-1-125,EUR/USD.IDEALPRO-MovingAverageCrossover-MA_CROSS,IDEALPRO-001,,STOP_MARKET,SELL,99999.98,GTC,True,False,0.00,NO_LIQUIDITY_SIDE,,,,NO_TRIGGER,CANCELED,OUO,OL-20250519-081500-001-MA_CROSS-41,['O-20250519-081500-001-MA_CROSS-126'],O-20250519-081500-001-MA_CROSS-124,,,,['MA_CROSS_SL'],837b5f20-0b83-4495-bb6d-bf0f3331ef61,1747642500000000000,1747787460000000000,1.12133,DEFAULT,,,,,
BACKTESTER-001,MovingAverageCrossover-MA_CROSS,EUR/USD.IDEALPRO,IDEALPRO-1-126,EUR/USD.IDEALPRO-MovingAverageCrossover-MA_CROSS,IDEALPRO-001,IDEALPRO-1-141166,LIMIT,SELL,100000.00,GTC,True,False,100000.00,MAKER,1.12983,0.0,['2.26 USD'],NO_TRIGGER,FILLED,OUO,OL-20250519-081500-001-MA_CROSS-41,['O-20250519-081500-001-MA_CROSS-125'],O-20250519-081500-001-MA_CROSS-124,,,,['MA_CROSS_TP'],c9b2c493-f2c6-466b-af61-3c7ac046e0c7,1747642500000000000,1747787460000000000,,,,,1.12983,True,
BACKTESTER-001,MovingAverageCrossover-MA_CROSS,EUR/USD.IDEALPRO,IDEALPRO-1-127,EUR/USD.IDEALPRO-MovingAverageCrossover-MA_CROSS,IDEALPRO-001,IDEALPRO-1-143627,MARKET,SELL,100000.00,GTC,False,False,100000.00,TAKER,1.12613500000025,0.0,['2.25 USD'],NO_TRIGGER,FILLED,OTO,OL-20250522-174500-001-MA_CROSS-42,"['O-20250522-174500-001-MA_CROSS-128', 'O-20250522-174500-001-MA_CROSS-129']",,,,,['MA_CROSS'],e29f1a9d-aad8-41b4-b3ed-60dd41a64f03,1747935900000000000,1747935900000000000,,,,,,,
BACKTESTER-001,MovingAverageCrossover-MA_CROSS,EUR/USD.IDEALPRO,IDEALPRO-1-128,EUR/USD.IDEALPRO-MovingAverageCrossover-MA_CROSS,IDEALPRO-001,IDEALPRO-1-144036,STOP_MARKET,BUY,100000.00,GTC,True,False,100000.00,TAKER,1.1296449999997502,4.9999997502325755e-06,['2.26 USD'],NO_TRIGGER,FILLED,OUO,OL-20250522-174500-001-MA_CROSS-42,['O-20250522-174500-001-MA_CROSS-129'],O-20250522-174500-001-MA_CROSS-127,,,,['MA_CROSS_SL'],dc81ef8e-9089-4a63-b077-d87b40cc1aeb,1747935900000000000,1747961220000000000,1.12964,DEFAULT,,,,,
BACKTESTER-001,MovingAverageCrossover-MA_CROSS,EUR/USD.IDEALPRO,IDEALPRO-1-129,EUR/USD.IDEALPRO-MovingAverageCrossover-MA_CROSS,IDEALPRO-001,,LIMIT,BUY,99999.99,GTC,True,False,0.00,NO_LIQUIDITY_SIDE,,,,NO_TRIGGER,CANCELED,OUO,OL-20250522-174500-001-MA_CROSS-42,['O-20250522-174500-001-MA_CROSS-128'],O-20250522-174500-001-MA_CROSS-127,,,,['MA_CROSS_TP'],b4f29029-2584-42fe-b892-131b98937f66,1747935900000000000,1747961220000000000,,,,,1.12114,True,
BACKTESTER-001,MovingAverageCrossover-MA_CROSS,EUR/USD.IDEALPRO,IDEALPRO-1-130,EUR/USD.IDEALPRO-MovingAverageCrossover-MA_CROSS,IDEALPRO-001,IDEALPRO-1-144486,MARKET,BUY,100000.00,GTC,False,False,100000.00,TAKER,1.1344149999997502,0.0,['2.27 USD'],NO_TRIGGER,FILLED,OTO,OL-20250523-081500-001-MA_CROSS-43,"['O-20250523-081500-001-MA_CROSS-131', 'O-20250523-081500-001-MA_CROSS-132']",,,,,['MA_CROSS'],9181ccc1-8860-46a7-bd42-f646b21c349e,1747988100000000000,1747988100000000000,,,,,,,
BACKTESTER-001,MovingAverageCrossover-MA_CROSS,EUR/USD.IDEALPRO,IDEALPRO-1-131,EUR/USD.IDEALPRO-MovingAverageCrossover-MA_CROSS,IDEALPRO-001,IDEALPRO-1-144706,STOP_MARKET,SELL,100000.00,GTC,True,False,100000.00,TAKER,1.1309050000002503,4.999999749788486e-06,['2.26 USD'],NO_TRIGGER,FILLED,OUO,OL-20250523-081500-001-MA_CROSS-43,['O-20250523-081500-001-MA_CROSS-132'],O-20250523-081500-001-MA_CROSS-130,,,,['MA_CROSS_SL'],a8508900-2614-476f-9f8f-a10853e68838,1747988100000000000,1748001180000000000,1.13091,DEFAULT,,,,,
BACKTESTER-001,MovingAverageCrossover-MA_CROSS,EUR/USD.IDEALPRO,IDEALPRO-1-132,EUR/USD.IDEALPRO-MovingAverageCrossover-MA_CROSS,IDEALPRO-001,,LIMIT,SELL,99999.99,GTC,True,False,0.00,NO_LIQUIDITY_SIDE,,,,NO_TRIGGER,CANCELED,OUO,OL-20250523-081500-001-MA_CROSS-43,['O-20250523-081500-001-MA_CROSS-131'],O-20250523-081500-001-MA_CROSS-130,,,,['MA_CROSS_TP'],43274d3f-f7eb-4a3a-ada0-d9a49758e462,1747988100000000000,1748001180000000000,,,,,1.13941,True,
BACKTESTER-001,MovingAverageCrossover-MA_CROSS,EUR/USD.IDEALPRO,IDEALPRO-1-133,EUR/USD.IDEALPRO-MovingAverageCrossover-MA_CROSS,IDEALPRO-001,IDEALPRO-1-147745,MARKET,SELL,100000.00,GTC,False,False,100000.00,TAKER,1.1341050000002502,0.0,['2.27 USD'],NO_TRIGGER,FILLED,OTO,OL-20250527-150000-001-MA_CROSS-44,"['O-20250527-150000-001-MA_CROSS-134', 'O-20250527-150000-001-MA_CROSS-135']",,,,,['MA_CROSS'],9ba14941-4196-42a0-a29d-a46e1caaccb9,1748358000000000000,1748358000000000000,,,,,,,
BACKTESTER-001,MovingAverageCrossover-MA_CROSS,EUR/USD.IDEALPRO,IDEALPRO-1-134,EUR/USD.IDEALPRO-MovingAverageCrossover-MA_CROSS,IDEALPRO-001,,STOP_MARKET,BUY,99999.99,GTC,True,False,0.00,NO_LIQUIDITY_SIDE,,,,NO_TRIGGER,CANCELED,OUO,OL-20250527-150000-001-MA_CROSS-44,['O-20250527-150000-001-MA_CROSS-135'],O-20250527-150000-001-MA_CROSS-133,,,,['MA_CROSS_SL'],8e8cec97-fd99-4a33-b85c-09431dcdc71e,1748358000000000000,1748445480000000000,1.13761,DEFAULT,,,,,
BACKTESTER-001,MovingAverageCrossover-MA_CROSS,EUR/USD.IDEALPRO,IDEALPRO-1-135,EUR/USD.IDEALPRO-MovingAverageCrossover-MA_CROSS,IDEALPRO-001,IDEALPRO-1-149190,LIMIT,BUY,100000.00,GTC,True,False,100000.00,MAKER,1.12911,0.0,['2.26 USD'],NO_TRIGGER,FILLED,OUO,OL-20250527-150000-001-MA_CROSS-44,['O-20250527-150000-001-MA_CROSS-134'],O-20250527-150000-001-MA_CROSS-133,,,,['MA_CROSS_TP'],ad7e5621-28ae-434d-b7b5-f295200770eb,1748358000000000000,1748445480000000000,,,,,1.12911,True,
BACKTESTER-001,MovingAverageCrossover-MA_CROSS,EUR/USD.IDEALPRO,IDEALPRO-1-136,EUR/USD.IDEALPRO-MovingAverageCrossover-MA_CROSS,IDEALPRO-001,IDEALPRO-1-150794,MARKET,BUY,100000.00,GTC,False,False,100000.00,TAKER,1.1382749999997501,0.0,['2.28 USD'],NO_TRIGGER,FILLED,OTO,OL-20250529-181500-001-MA_CROSS-45,"['O-20250529-181500-001-MA_CROSS-137', 'O-20250529-181500-001-MA_CROSS-138']",,,,,['MA_CROSS'],e1c636b4-db9e-4fe7-9e7f-a9cb9188d18c,1748542500000000000,1748542500000000000,,,,,,,
BACKTESTER-001,MovingAverageCrossover-MA_CROSS,EUR/USD.IDEALPRO,IDEALPRO-1-137,EUR/USD.IDEALPRO-MovingAverageCrossover-MA_CROSS,IDEALPRO-001,IDEALPRO-1-151352,STOP_MARKET,SELL,100000.00,GTC,True,False,100000.00,TAKER,1.13476500000025,4.999999750010531e-06,['2.27 USD'],NO_TRIGGER,FILLED,OUO,OL-20250529-181500-001-MA_CROSS-45,['O-20250529-181500-001-MA_CROSS-138'],O-20250529-181500-001-MA_CROSS-136,,,,['MA_CROSS_SL'],1b4e4c49-f4f3-4bec-948a-e930a534d335,1748542500000000000,1748576760000000000,1.13477,DEFAULT,,,,,
BACKTESTER-001,MovingAverageCrossover-MA_CROSS,EUR/USD.IDEALPRO,IDEALPRO-1-138,EUR/USD.IDEALPRO-MovingAverageCrossover-MA_CROSS,IDEALPRO-001,,LIMIT,SELL,99999.99,GTC,True,False,0.00,NO_LIQUIDITY_SIDE,,,,NO_TRIGGER,CANCELED,OUO,OL-20250529-181500-001-MA_CROSS-45,['O-20250529-181500-001-MA_CROSS-137'],O-20250529-181500-001-MA_CROSS-136,,,,['MA_CROSS_TP'],780a6fc7-387b-4361-a12b-461d078507f9,1748542500000000000,1748576760000000000,,,,,1.14327,True,
BACKTESTER-001,MovingAverageCrossover-MA_CROSS,EUR/USD.IDEALPRO,IDEALPRO-1-139,EUR/USD.IDEALPRO-MovingAverageCrossover-MA_CROSS,IDEALPRO-001,IDEALPRO-1-155148,MARKET,SELL,100000.00,GTC,False,False,100000.00,TAKER,1.13722500000025,0.0,['2.27 USD'],NO_TRIGGER,FILLED,OTO,OL-20250603-193000-001-MA_CROSS-46,"['O-20250603-193000-001-MA_CROSS-140', 'O-20250603-193000-001-MA_CROSS-141']",,,,,['MA_CROSS'],40185c78-144b-4f17-b341-a1f5292e0de7,1748979000000000000,1748979000000000000,,,,,,,
BACKTESTER-001,MovingAverageCrossover-MA_CROSS,EUR/USD.IDEALPRO,IDEALPRO-1-140,EUR/USD.IDEALPRO-MovingAverageCrossover-MA_CROSS,IDEALPRO-001,IDEALPRO-1-156147,STOP_MARKET,BUY,100000.00,GTC,True,False,100000.00,TAKER,1.14073499999975,4.999999750010531e-06,['2.28 USD'],NO_TRIGGER,FILLED,OUO,OL-20250603-193000-001-MA_CROSS-46,['O-20250603-193000-001-MA_CROSS-141'],O-20250603-193000-001-MA_CROSS-139,,,,['MA_CROSS_SL'],dd19654f-8d59-43b4-a3f6-35f0d231f996,1748979000000000000,1749039720000000000,1.14073,DEFAULT,,,,,
BACKTESTER-001,MovingAverageCrossover-MA_CROSS,EUR/USD.IDEALPRO,IDEALPRO-1-141,EUR/USD.IDEALPRO-MovingAverageCrossover-MA_CROSS,IDEALPRO-001,,LIMIT,BUY,99999.99,GTC,True,False,0.00,NO_LIQUIDITY_SIDE,,,,NO_TRIGGER,CANCELED,OUO,OL-20250603-193000-001-MA_CROSS-46,['O-20250603-193000-001-MA_CROSS-140'],O-20250603-193000-001-MA_CROSS-139,,,,['MA_CROSS_TP'],24bb1dc4-1b55-4de2-b74d-77477d7db661,1748979000000000000,1749039720000000000,,,,,1.13223,True,
BACKTESTER-001,MovingAverageCrossover-MA_CROSS,EUR/USD.IDEALPRO,IDEALPRO-1-142,EUR/USD.IDEALPRO-MovingAverageCrossover-MA_CROSS,IDEALPRO-001,IDEALPRO-1-156442,MARKET,BUY,100000.00,GTC,False,False,100000.00,TAKER,1.1429849999997501,0.0,['2.29 USD'],NO_TRIGGER,FILLED,OTO,OL-20250604-171500-001-MA_CROSS-47,"['O-20250604-171500-001-MA_CROSS-143', 'O-20250604-171500-001-MA_CROSS-144']",,,,,['MA_CROSS'],dfc9929e-3b05-4dc9-bbf5-a1a90173fc25,1749057300000000000,1749057300000000000,,,,,,,
BACKTESTER-001,MovingAverageCrossover-MA_CROSS,EUR/USD.IDEALPRO,IDEALPRO-1-143,EUR/USD.IDEALPRO-MovingAverageCrossover-MA_CROSS,IDEALPRO-001,,STOP_MARKET,SELL,99999.99,GTC,True,False,0.00,NO_LIQUIDITY_SIDE,,,,NO_TRIGGER,CANCELED,OUO,OL-20250604-171500-001-MA_CROSS-47,['O-20250604-171500-001-MA_CROSS-144'],O-20250604-171500-001-MA_CROSS-142,,,,['MA_CROSS_SL'],634d35cd-7b2f-42e8-b57a-157798be9c61,1749057300000000000,1749129720000000000,1.13948,DEFAULT,,,,,
BACKTESTER-001,MovingAverageCrossover-MA_CROSS,EUR/USD.IDEALPRO,IDEALPRO-1-144,EUR/USD.IDEALPRO-MovingAverageCrossover-MA_CROSS,IDEALPRO-001,IDEALPRO-1-157636,LIMIT,SELL,100000.00,GTC,True,False,100000.00,MAKER,1.1479800000000002,-2.220446049250313e-16,['2.30 USD'],NO_TRIGGER,FILLED,OUO,OL-20250604-171500-001-MA_CROSS-47,['O-20250604-171500-001-MA_CROSS-143'],O-20250604-171500-001-MA_CROSS-142,,,,['MA_CROSS_TP'],15fd8c64-14ef-4bb6-b13b-03fbc4df02c7,1749057300000000000,1749129720000000000,,,,,1.14798,True,
BACKTESTER-001,MovingAverageCrossover-MA_CROSS,EUR/USD.IDEALPRO,IDEALPRO-1-145,EUR/USD.IDEALPRO-MovingAverageCrossover-MA_CROSS,IDEALPRO-001,IDEALPRO-1-159281,MARKET,SELL,100000.00,GTC,False,False,100000.00,TAKER,1.1387150000002502,0.0,['2.28 USD'],NO_TRIGGER,FILLED,OTO,OL-20250606-170000-001-MA_CROSS-48,"['O-20250606-170000-001-MA_CROSS-146', 'O-20250606-170000-001-MA_CROSS-147']",,,,,['MA_CROSS'],359e63b6-1a44-44a3-b687-6978efbcf2a7,1749229200000000000,1749229200000000000,,,,,,,
BACKTESTER-001,MovingAverageCrossover-MA_CROSS,EUR/USD.IDEALPRO,IDEALPRO-1-146,EUR/USD.IDEALPRO-MovingAverageCrossover-MA_CROSS,IDEALPRO-001,IDEALPRO-1-159818,STOP_MARKET,BUY,100000.00,GTC,True,False,100000.00,TAKER,1.1422249999997502,4.9999997502325755e-06,['2.28 USD'],NO_TRIGGER,FILLED,OUO,OL-20250606-170000-001-MA_CROSS-48,['O-20250606-170000-001-MA_CROSS-147'],O-20250606-170000-001-MA_CROSS-145,,,,['MA_CROSS_SL'],da3571a5-88f6-451b-8562-c081a8ab0066,1749229200000000000,1749435000000000000,1.14222,DEFAULT,,,,,
BACKTESTER-001,MovingAverageCrossover-MA_CROSS,EUR/USD.IDEALPRO,IDEALPRO-1-147,EUR/USD.IDEALPRO-MovingAverageCrossover-MA_CROSS,IDEALPRO-001,,LIMIT,BUY,99999.99,GTC,True,False,0.00,NO_LIQUIDITY_SIDE,,,,NO_TRIGGER,CANCELED,OUO,OL-20250606-170000-001-MA_CROSS-48,['O-20250606-170000-001-MA_CROSS-146'],O-20250606-170000-001-MA_CROSS-145,,,,['MA_CROSS_TP'],2fe76c6d-14a7-45f3-b0e5-a424d461b2c0,1749229200000000000,1749435000000000000,,,,,1.13372,True,
BACKTESTER-001,MovingAverageCrossover-MA_CROSS,EUR/USD.IDEALPRO,IDEALPRO-1-148,EUR/USD.IDEALPRO-MovingAverageCrossover-MA_CROSS,IDEALPRO-001,IDEALPRO-1-162240,MARKET,BUY,100000.00,GTC,False,False,100000.00,TAKER,1.1423749999997501,0.0,['2.28 USD'],NO_TRIGGER,FILLED,OTO,OL-20250610-184500-001-MA_CROSS-49,"['O-20250610-184500-001-MA_CROSS-149', 'O-20250610-184500-001-MA_CROSS-150']",,,,,['MA_CROSS'],49dae3e9-5fae-47b5-b7a4-aceaf5840a17,1749581100000000000,1749581100000000000,,,,,,,
BACKTESTER-001,MovingAverageCrossover-MA_CROSS,EUR/USD.IDEALPRO,IDEALPRO-1-149,EUR/USD.IDEALPRO-MovingAverageCrossover-MA_CROSS,IDEALPRO-001,,STOP_MARKET,SELL,99999.99,GTC,True,False,0.00,NO_LIQUIDITY_SIDE,,,,NO_TRIGGER,CANCELED,OUO,OL-20250610-184500-001-MA_CROSS-49,['O-20250610-184500-001-MA_CROSS-150'],O-20250610-184500-001-MA_CROSS-148,,,,['MA_CROSS_SL'],417ae047-eba9-4c01-b0a5-2d35c116f46b,1749581100000000000,1749645120000000000,1.13887,DEFAULT,,,,,
BACKTESTER-001,MovingAverageCrossover-MA_CROSS,EUR/USD.IDEALPRO,IDEALPRO-1-150,EUR/USD.IDEALPRO-MovingAverageCrossover-MA_CROSS,IDEALPRO-001,IDEALPRO-1-163294,LIMIT,SELL,100000.00,GTC,True,False,100000.00,MAKER,1.14737,0.0,['2.29 USD'],NO_TRIGGER,FILLED,OUO,OL-20250610-184500-001-MA_CROSS-49,['O-20250610-184500-001-MA_CROSS-149'],O-20250610-184500-001-MA_CROSS-148,,,,['MA_CROSS_TP'],c3786c9b-65ee-4d89-b51c-14787f4df28d,1749581100000000000,1749645120000000000,,,,,1.14737,True,
BACKTESTER-001,MovingAverageCrossover-MA_CROSS,EUR/USD.IDEALPRO,IDEALPRO-1-151,EUR/USD.IDEALPRO-MovingAverageCrossover-MA_CROSS,IDEALPRO-001,IDEALPRO-1-169249,MARKET,SELL,100000.00,GTC,False,False,100000.00,TAKER,1.15205500000025,0.0,['2.30 USD'],NO_TRIGGER,FILLED,OTO,OL-20250617-164500-001-MA_CROSS-50,"['O-20250617-164500-001-MA_CROSS-152', 'O-20250617-164500-001-MA_CROSS-153']",,,,,['MA_CROSS'],0aa0bffd-6403-4721-91f8-97d65ec51da4,1750178700000000000,1750178700000000000,,,,,,,
BACKTESTER-001,MovingAverageCrossover-MA_CROSS,EUR/USD.IDEALPRO,IDEALPRO-1-152,EUR/USD.IDEALPRO-MovingAverageCrossover-MA_CROSS,IDEALPRO-001,,STOP_MARKET,BUY,99999.99,GTC,True,False,0.00,NO_LIQUIDITY_SIDE,,,,NO_TRIGGER,CANCELED,OUO,OL-20250617-164500-001-MA_CROSS-50,['O-20250617-164500-001-MA_CROSS-153'],O-20250617-164500-001-MA_CROSS-151,,,,['MA_CROSS_SL'],6f41dee1-9330-458e-bf84-96d4acac4bcd,1750178700000000000,1750273260000000000,1.15556,DEFAULT,,,,,
BACKTESTER-001,MovingAverageCrossover-MA_CROSS,EUR/USD.IDEALPRO,IDEALPRO-1-153,EUR/USD.IDEALPRO-MovingAverageCrossover-MA_CROSS,IDEALPRO-001,IDEALPRO-1-170812,LIMIT,BUY,100000.00,GTC,True,False,100000.00,MAKER,1.14706,0.0,['2.29 USD'],NO_TRIGGER,FILLED,OUO,OL-20250617-164500-001-MA_CROSS-50,['O-20250617-164500-001-MA_CROSS-152'],O-20250617-164500-001-MA_CROSS-151,,,,['MA_CROSS_TP'],37efb550-5957-4ff7-84c7-26b8190fb623,1750178700000000000,1750273260000000000,,,,,1.14706,True,
BACKTESTER-001,MovingAverageCrossover-MA_CROSS,EUR/USD.IDEALPRO,IDEALPRO-1-154,EUR/USD.IDEALPRO-MovingAverageCrossover-MA_CROSS,IDEALPRO-001,IDEALPRO-1-172718,MARKET,BUY,100000.00,GTC,False,False,100000.00,TAKER,1.1523049999997503,0.0,['2.30 USD'],NO_TRIGGER,FILLED,OTO,OL-20250620-031500-001-MA_CROSS-51,"['O-20250620-031500-001-MA_CROSS-155', 'O-20250620-031500-001-MA_CROSS-156']",,,,,['MA_CROSS'],1f6738a4-eb86-42ef-8513-e1f8656a9930,1750389300000000000,1750389300000000000,,,,,,,
BACKTESTER-001,MovingAverageCrossover-MA_CROSS,EUR/USD.IDEALPRO,IDEALPRO-1-155,EUR/USD.IDEALPRO-MovingAverageCrossover-MA_CROSS,IDEALPRO-001,IDEALPRO-1-173786,STOP_MARKET,SELL,100000.00,GTC,True,False,100000.00,TAKER,1.14879500000025,4.999999750010531e-06,['2.30 USD'],NO_TRIGGER,FILLED,OUO,OL-20250620-031500-001-MA_CROSS-51,['O-20250620-031500-001-MA_CROSS-156'],O-20250620-031500-001-MA_CROSS-154,,,,['MA_CROSS_SL'],46333cdf-085d-4aa5-be6b-4c2c9750327b,1750389300000000000,1750626960000000000,1.14880,DEFAULT,,,,,
BACKTESTER-001,MovingAverageCrossover-MA_CROSS,EUR/USD.IDEALPRO,IDEALPRO-1-156,EUR/USD.IDEALPRO-MovingAverageCrossover-MA_CROSS,IDEALPRO-001,,LIMIT,SELL,99999.99,GTC,True,False,0.00,NO_LIQUIDITY_SIDE,,,,NO_TRIGGER,CANCELED,OUO,OL-20250620-031500-001-MA_CROSS-51,['O-20250620-031500-001-MA_CROSS-155'],O-20250620-031500-001-MA_CROSS-154,,,,['MA_CROSS_TP'],c1eb9bbd-bdb6-466a-89d7-9d3717eb0600,1750389300000000000,1750626960000000000,,,,,1.15730,True,
BACKTESTER-001,MovingAverageCrossover-MA_CROSS,EUR/USD.IDEALPRO,IDEALPRO-1-157,EUR/USD.IDEALPRO-MovingAverageCrossover-MA_CROSS,IDEALPRO-001,IDEALPRO-1-174357,MARKET,SELL,100000.00,GTC,False,False,100000.00,TAKER,1.15070500000025,0.0,['2.30 USD'],NO_TRIGGER,FILLED,OTO,OL-20250623-064500-001-MA_CROSS-52,"['O-20250623-064500-001-MA_CROSS-158', 'O-20250623-064500-001-MA_CROSS-159']",,,,,['MA_CROSS'],b608937c-c4ea-4132-b092-f6ad7a362073,1750661100000000000,1750661100000000000,,,,,,,
BACKTESTER-001,MovingAverageCrossover-MA_CROSS,EUR/USD.IDEALPRO,IDEALPRO-1-158,EUR/USD.IDEALPRO-MovingAverageCrossover-MA_CROSS,IDEALPRO-001,,STOP_MARKET,BUY,99999.99,GTC,True,False,0.00,NO_LIQUIDITY_SIDE,,,,NO_TRIGGER,CANCELED,OUO,OL-20250623-064500-001-MA_CROSS-52,['O-20250623-064500-001-MA_CROSS-159'],O-20250623-064500-001-MA_CROSS-157,,,,['MA_CROSS_SL'],8bbdb2b6-7b58-4c2e-8f98-9c389b9b0f37,1750661100000000000,1750670940000000000,1.15421,DEFAULT,,,,,
BACKTESTER-001,MovingAverageCrossover-MA_CROSS,EUR/USD.IDEALPRO,IDEALPRO-1-159,EUR/USD.IDEALPRO-MovingAverageCrossover-MA_CROSS,IDEALPRO-001,IDEALPRO-1-174523,LIMIT,BUY,100000.00,GTC,True,False,100000.00,MAKER,1.1457100000000002,2.220446049250313e-16,['2.29 USD'],NO_TRIGGER,FILLED,OUO,OL-20250623-064500-001-MA_CROSS-52,['O-20250623-064500-001-MA_CROSS-158'],O-20250623-064500-001-MA_CROSS-157,,,,['MA_CROSS_TP'],cacada1f-bfeb-41fc-a54d-b33d6ddf6e93,1750661100000000000,1750670940000000000,,,,,1.14571,True,
BACKTESTER-001,MovingAverageCrossover-MA_CROSS,EUR/USD.IDEALPRO,IDEALPRO-1-160,EUR/USD.IDEALPRO-MovingAverageCrossover-MA_CROSS,IDEALPRO-001,IDEALPRO-1-174991,MARKET,BUY,100000.00,GTC,False,False,100000.00,TAKER,1.15467499999975,0.0,['2.31 USD'],NO_TRIGGER,FILLED,OTO,OL-20250623-171500-001-MA_CROSS-53,"['O-20250623-171500-001-MA_CROSS-161', 'O-20250623-171500-001-MA_CROSS-162']",,,,,['MA_CROSS'],229ef49d-5ddd-43d2-80e4-6b0ba4ac132a,1750698900000000000,1750698900000000000,,,,,,,
BACKTESTER-001,MovingAverageCrossover-MA_CROSS,EUR/USD.IDEALPRO,IDEALPRO-1-161,EUR/USD.IDEALPRO-MovingAverageCrossover-MA_CROSS,IDEALPRO-001,,STOP_MARKET,SELL,99999.99,GTC,True,False,0.00,NO_LIQUIDITY_SIDE,,,,NO_TRIGGER,CANCELED,OUO,OL-20250623-171500-001-MA_CROSS-53,['O-20250623-171500-001-MA_CROSS-162'],O-20250623-171500-001-MA_CROSS-160,,,,['MA_CROSS_SL'],2d35c9d8-32a2-454c-962e-0ca61d1a43c5,1750698900000000000,1750717260000000000,1.15117,DEFAULT,,,,,
BACKTESTER-001,MovingAverageCrossover-MA_CROSS,EUR/USD.IDEALPRO,IDEALPRO-1-162,EUR/USD.IDEALPRO-MovingAverageCrossover-MA_CROSS,IDEALPRO-001,IDEALPRO-1-175284,LIMIT,SELL,100000.00,GTC,True,False,100000.00,MAKER,1.15967,0.0,['2.32 USD'],NO_TRIGGER,FILLED,OUO,OL-20250623-171500-001-MA_CROSS-53,['O-20250623-171500-001-MA_CROSS-161'],O-20250623-171500-001-MA_CROSS-160,,,,['MA_CROSS_TP'],2d691083-602d-4956-a093-09250d7b7969,1750698900000000000,1750717260000000000,,,,,1.15967,True,
BACKTESTER-001,MovingAverageCrossover-MA_CROSS,EUR/USD.IDEALPRO,IDEALPRO-1-163,EUR/USD.IDEALPRO-MovingAverageCrossover-MA_CROSS,IDEALPRO-001,IDEALPRO-1-186245,MARKET,SELL,100000.00,GTC,False,False,100000.00,TAKER,1.17579500000025,0.0,['2.35 USD'],NO_TRIGGER,FILLED,OTO,OL-20250703-144500-001-MA_CROSS-54,"['O-20250703-144500-001-MA_CROSS-164', 'O-20250703-144500-001-MA_CROSS-165']",,,,,['MA_CROSS'],a42270b6-dd7c-41f5-be58-b2fd891ccfe5,1751553900000000000,1751553900000000000,,,,,,,
BACKTESTER-001,MovingAverageCrossover-MA_CROSS,EUR/USD.IDEALPRO,IDEALPRO-1-164,EUR/USD.IDEALPRO-MovingAverageCrossover-MA_CROSS,IDEALPRO-001,,STOP_MARKET,BUY,99999.99,GTC,True,False,0.00,NO_LIQUIDITY_SIDE,,,,NO_TRIGGER,CANCELED,OUO,OL-20250703-144500-001-MA_CROSS-54,['O-20250703-144500-001-MA_CROSS-165'],O-20250703-144500-001-MA_CROSS-163,,,,['MA_CROSS_SL'],6033dd08-02cc-4fa2-8b86-12307c8a0077,1751553900000000000,1751906880000000000,1.17930,DEFAULT,,,,,
BACKTESTER-001,MovingAverageCrossover-MA_CROSS,EUR/USD.IDEALPRO,IDEALPRO-1-165,EUR/USD.IDEALPRO-MovingAverageCrossover-MA_CROSS,IDEALPRO-001,IDEALPRO-1-189220,LIMIT,BUY,100000.00,GTC,True,False,100000.00,MAKER,1.1708,0.0,['2.34 USD'],NO_TRIGGER,FILLED,OUO,OL-20250703-144500-001-MA_CROSS-54,['O-20250703-144500-001-MA_CROSS-164'],O-20250703-144500-001-MA_CROSS-163,,,,['MA_CROSS_TP'],0496f17a-2051-452b-b6bf-1ce0f8ac43ef,1751553900000000000,1751906880000000000,,,,,1.17080,True,
BACKTESTER-001,MovingAverageCrossover-MA_CROSS,EUR/USD.IDEALPRO,IDEALPRO-1-166,EUR/USD.IDEALPRO-MovingAverageCrossover-MA_CROSS,IDEALPRO-001,IDEALPRO-1-192774,MARKET,BUY,100000.00,GTC,False,False,100000.00,TAKER,1.17352499999975,0.0,['2.35 USD'],NO_TRIGGER,FILLED,OTO,OL-20250710-044500-001-MA_CROSS-55,"['O-20250710-044500-001-MA_CROSS-167', 'O-20250710-044500-001-MA_CROSS-168']",,,,,['MA_CROSS'],7f44cdb3-3d3c-451c-bb2e-5c51133101a4,1752122700000000000,1752122700000000000,,,,,,,
BACKTESTER-001,MovingAverageCrossover-MA_CROSS,EUR/USD.IDEALPRO,IDEALPRO-1-167,EUR/USD.IDEALPRO-MovingAverageCrossover-MA_CROSS,IDEALPRO-001,IDEALPRO-1-193301,STOP_MARKET,SELL,100000.00,GTC,True,False,100000.00,TAKER,1.1700150000002503,4.999999749788486e-06,['2.34 USD'],NO_TRIGGER,FILLED,OUO,OL-20250710-044500-001-MA_CROSS-55,['O-20250710-044500-001-MA_CROSS-168'],O-20250710-044500-001-MA_CROSS-166,,,,['MA_CROSS_SL'],7e80ff97-6be7-40d4-b931-dbf1e4590040,1752122700000000000,1752154200000000000,1.17002,DEFAULT,,,,,
BACKTESTER-001,MovingAverageCrossover-MA_CROSS,EUR/USD.IDEALPRO,IDEALPRO-1-168,EUR/USD.IDEALPRO-MovingAverageCrossover-MA_CROSS,IDEALPRO-001,,LIMIT,SELL,99999.99,GTC,True,False,0.00,NO_LIQUIDITY_SIDE,,,,NO_TRIGGER,CANCELED,OUO,OL-20250710-044500-001-MA_CROSS-55,['O-20250710-044500-001-MA_CROSS-167'],O-20250710-044500-001-MA_CROSS-166,,,,['MA_CROSS_TP'],2c2c2bbb-c150-45e5-b60d-b948d936026d,1752122700000000000,1752154200000000000,,,,,1.17852,True,
BACKTESTER-001,MovingAverageCrossover-MA_CROSS,EUR/USD.IDEALPRO,IDEALPRO-1-169,EUR/USD.IDEALPRO-MovingAverageCrossover-MA_CROSS,IDEALPRO-001,IDEALPRO-1-193618,MARKET,SELL,100000.00,GTC,False,False,100000.00,TAKER,1.16879500000025,0.0,['2.34 USD'],NO_TRIGGER,FILLED,OTO,OL-20250710-184500-001-MA_CROSS-56,"['O-20250710-184500-001-MA_CROSS-170', 'O-20250710-184500-001-MA_CROSS-171']",,,,,['MA_CROSS'],04968fb2-0d8c-4582-839f-d984d4815294,1752173100000000000,1752173100000000000,,,,,,,
BACKTESTER-001,MovingAverageCrossover-MA_CROSS,EUR/USD.IDEALPRO,IDEALPRO-1-170,EUR/USD.IDEALPRO-MovingAverageCrossover-MA_CROSS,IDEALPRO-001,,STOP_MARKET,BUY,99999.99,GTC,True,False,0.00,NO_LIQUIDITY_SIDE,,,,NO_TRIGGER,CANCELED,OUO,OL-20250710-184500-001-MA_CROSS-56,['O-20250710-184500-001-MA_CROSS-171'],O-20250710-184500-001-MA_CROSS-169,,,,['MA_CROSS_SL'],c948ca2c-6cde-4b71-8040-41437666e7bf,1752173100000000000,1752588060000000000,1.17230,DEFAULT,,,,,
BACKTESTER-001,MovingAverageCrossover-MA_CROSS,EUR/USD.IDEALPRO,IDEALPRO-1-171,EUR/USD.IDEALPRO-MovingAverageCrossover-MA_CROSS,IDEALPRO-001,IDEALPRO-1-197611,LIMIT,BUY,100000.00,GTC,True,False,100000.00,MAKER,1.1638000000000002,2.220446049250313e-16,['2.33 USD'],NO_TRIGGER,FILLED,OUO,OL-20250710-184500-001-MA_CROSS-56,['O-20250710-184500-001-MA_CROSS-170'],O-20250710-184500-001-MA_CROSS-169,,,,['MA_CROSS_TP'],04a97627-f36a-4cfb-906b-7d3f7e59fb6f,1752173100000000000,1752588060000000000,,,,,1.16380,True,
BACKTESTER-001,MovingAverageCrossover-MA_CROSS,EUR/USD.IDEALPRO,IDEALPRO-1-172,EUR/USD.IDEALPRO-MovingAverageCrossover-MA_CROSS,IDEALPRO-001,IDEALPRO-1-201467,MARKET,BUY,100000.00,GTC,False,False,100000.00,TAKER,1.16206499999975,0.0,['2.32 USD'],NO_TRIGGER,FILLED,OTO,OL-20250718-070000-001-MA_CROSS-57,"['O-20250718-070000-001-MA_CROSS-173', 'O-20250718-070000-001-MA_CROSS-174']",,,,,['MA_CROSS'],d5e6f57d-6e1f-4128-9cce-cdcfbf449068,1752822000000000000,1752822000000000000,,,,,,,
BACKTESTER-001,MovingAverageCrossover-MA_CROSS,EUR/USD.IDEALPRO,IDEALPRO-1-173,EUR/USD.IDEALPRO-MovingAverageCrossover-MA_CROSS,IDEALPRO-001,,STOP_MARKET,SELL,99999.99,GTC,True,False,0.00,NO_LIQUIDITY_SIDE,,,,NO_TRIGGER,CANCELED,OUO,OL-20250718-070000-001-MA_CROSS-57,['O-20250718-070000-001-MA_CROSS-174'],O-20250718-070000-001-MA_CROSS-172,,,,['MA_CROSS_SL'],475883e9-b00c-4f4a-94da-72f9933ce33f,1752822000000000000,1752847260000000000,1.15856,DEFAULT,,,,,
BACKTESTER-001,MovingAverageCrossover-MA_CROSS,EUR/USD.IDEALPRO,IDEALPRO-1-174,EUR/USD.IDEALPRO-MovingAverageCrossover-MA_CROSS,IDEALPRO-001,IDEALPRO-1-201890,LIMIT,SELL,100000.00,GTC,True,False,100000.00,MAKER,1.1670600000000002,-2.220446049250313e-16,['2.33 USD'],NO_TRIGGER,FILLED,OUO,OL-20250718-070000-001-MA_CROSS-57,['O-20250718-070000-001-MA_CROSS-173'],O-20250718-070000-001-MA_CROSS-172,,,,['MA_CROSS_TP'],eba6870b-18e1-4052-ac14-eb78e99759e3,1752822000000000000,1752847260000000000,,,,,1.16706,True,
BACKTESTER-001,MovingAverageCrossover-MA_CROSS,EUR/USD.IDEALPRO,IDEALPRO-1-175,EUR/USD.IDEALPRO-MovingAverageCrossover-MA_CROSS,IDEALPRO-001,IDEALPRO-1-208596,MARKET,SELL,100000.00,GTC,False,False,100000.00,TAKER,1.1747850000002502,0.0,['2.35 USD'],NO_TRIGGER,FILLED,OTO,OL-20250725-070000-001-MA_CROSS-58,"['O-20250725-070000-001-MA_CROSS-176', 'O-20250725-070000-001-MA_CROSS-177']",,,,,['MA_CROSS'],a779dca9-493b-45f3-94c0-c66cec8b06ae,1753426800000000000,1753426800000000000,,,,,,,
BACKTESTER-001,MovingAverageCrossover-MA_CROSS,EUR/USD.IDEALPRO,IDEALPRO-1-176,EUR/USD.IDEALPRO-MovingAverageCrossover-MA_CROSS,IDEALPRO-001,,STOP_MARKET,BUY,99999.99,GTC,True,False,0.00,NO_LIQUIDITY_SIDE,,,,NO_TRIGGER,CANCELED,OUO,OL-20250725-070000-001-MA_CROSS-58,['O-20250725-070000-001-MA_CROSS-177'],O-20250725-070000-001-MA_CROSS-175,,,,['MA_CROSS_SL'],5df169d0-2fd9-4a99-8f49-cc9ae8798ccb,1753426800000000000,1753687980000000000,1.17829,DEFAULT,,,,,
BACKTESTER-001,MovingAverageCrossover-MA_CROSS,EUR/USD.IDEALPRO,IDEALPRO-1-177,EUR/USD.IDEALPRO-MovingAverageCrossover-MA_CROSS,IDEALPRO-001,IDEALPRO-1-210056,LIMIT,BUY,100000.00,GTC,True,False,100000.00,MAKER,1.1697900000000003,2.220446049250313e-16,['2.34 USD'],NO_TRIGGER,FILLED,OUO,OL-20250725-070000-001-MA_CROSS-58,['O-20250725-070000-001-MA_CROSS-176'],O-20250725-070000-001-MA_CROSS-175,,,,['MA_CROSS_TP'],e9080019-6f85-4e20-a845-1234f93659b1,1753426800000000000,1753687980000000000,,,,,1.16979,True,
