trader_id,strategy_id,instrument_id,venue_order_id,position_id,account_id,last_trade_id,type,side,quantity,time_in_force,is_reduce_only,is_quote_quantity,filled_qty,liquidity_side,avg_px,slippage,commissions,emulation_trigger,status,contingency_type,order_list_id,linked_order_ids,parent_order_id,exec_algorithm_id,exec_algorithm_params,exec_spawn_id,tags,init_id,ts_init,ts_last,trigger_price,trigger_type,expire_time_ns,trigger_instrument_id,price,is_post_only,display_qty
BACKTESTER-001,MovingAverageCrossover-MA_CROSS,EUR/USD.IDEALPRO,IDEALPRO-1-001,EUR/USD.IDEALPRO-MovingAverageCrossover-MA_CROSS,IDEALPRO-001,IDEALPRO-1-752,MARKET,BUY,100000.00,GTC,False,False,100000.00,TAKER,1.03293499999975,0.0,['2.07 USD'],NO_TRIGGER,FILLED,OTO,OL-20250102-123000-001-MA_CROSS-1,"['O-20250102-123000-001-MA_CROSS-2', 'O-20250102-123000-001-MA_CROSS-3']",,,,,['MA_CROSS'],c25ce378-4f7f-424a-86c7-97ad42f17a07,1735821000000000000,1735821000000000000,,,,,,,
BACKTESTER-001,MovingAverageCrossover-MA_CROSS,EUR/USD.IDEALPRO,IDEALPRO-1-002,EUR/USD.IDEALPRO-MovingAverageCrossover-MA_CROSS,IDEALPRO-001,,STOP_MARKET,SELL,99999.99,GTC,True,False,0.00,NO_LIQUIDITY_SIDE,,,,NO_TRIGGER,CANCELED,OUO,OL-20250102-123000-001-MA_CROSS-1,['O-20250102-123000-001-MA_CROSS-3'],O-20250102-123000-001-MA_CROSS-1,,,,['MA_CROSS_SL'],6ab9b76c-8bf6-4765-910a-92fac2b82c06,1735821000000000000,1735824600000000000,1.02943,DEFAULT,,,,,
BACKTESTER-001,MovingAverageCrossover-MA_CROSS,EUR/USD.IDEALPRO,IDEALPRO-1-003,EUR/USD.IDEALPRO-MovingAverageCrossover-MA_CROSS,IDEALPRO-001,,LIMIT,SELL,99999.99,GTC,True,False,0.00,NO_LIQUIDITY_SIDE,,,,NO_TRIGGER,CANCELED,OUO,OL-20250102-123000-001-MA_CROSS-1,['O-20250102-123000-001-MA_CROSS-2'],O-20250102-123000-001-MA_CROSS-1,,,,['MA_CROSS_TP'],e4645c33-decf-4f44-96ce-ea83eb8c0884,1735821000000000000,1735824600000000000,,,,,1.03793,True,
BACKTESTER-001,MovingAverageCrossover-MA_CROSS,EUR/USD.IDEALPRO,IDEALPRO-1-004,EUR/USD.IDEALPRO-MovingAverageCrossover-MA_CROSS,IDEALPRO-001,IDEALPRO-1-814,MARKET,SELL,100000.00,GTC,True,False,100000.00,TAKER,1.03183500000025,0.0,['2.06 USD'],NO_TRIGGER,FILLED,NO_CONTINGENCY,,,,,,,,5cd24969-0db3-4dc7-8de9-84f1ec2bc3b3,1735824600000000000,1735824600000000000,,,,,,,
BACKTESTER-001,MovingAverageCrossover-MA_CROSS,EUR/USD.IDEALPRO,IDEALPRO-1-005,EUR/USD.IDEALPRO-MovingAverageCrossover-MA_CROSS,IDEALPRO-001,IDEALPRO-1-3036,MARKET,BUY,100000.00,GTC,False,False,100000.00,TAKER,1.03161499999975,0.0,['2.06 USD'],NO_TRIGGER,FILLED,OTO,OL-20250106-030000-001-MA_CROSS-2,"['O-20250106-030000-001-MA_CROSS-6', 'O-20250106-030000-001-MA_CROSS-7']",,,,,['MA_CROSS'],3f5c655c-e49e-48e4-b9d7-8d3a4fcd1f3a,1736132400000000000,1736132400000000000,,,,,,,
BACKTESTER-001,MovingAverageCrossover-MA_CROSS,EUR/USD.IDEALPRO,IDEALPRO-1-006,EUR/USD.IDEALPRO-MovingAverageCrossover-MA_CROSS,IDEALPRO-001,,STOP_MARKET,SELL,99999.99,GTC,True,False,0.00,NO_LIQUIDITY_SIDE,,,,NO_TRIGGER,CANCELED,OUO,OL-20250106-030000-001-MA_CROSS-2,['O-20250106-030000-001-MA_CROSS-7'],O-20250106-030000-001-MA_CROSS-5,,,,['MA_CROSS_SL'],1c233ca9-8907-418c-a999-1977457b8a11,1736132400000000000,1736154660000000000,1.02811,DEFAULT,,,,,
BACKTESTER-001,MovingAverageCrossover-MA_CROSS,EUR/USD.IDEALPRO,IDEALPRO-1-007,EUR/USD.IDEALPRO-MovingAverageCrossover-MA_CROSS,IDEALPRO-001,IDEALPRO-1-3409,LIMIT,SELL,100000.00,GTC,True,False,100000.00,MAKER,1.03661,0.0,['2.07 USD'],NO_TRIGGER,FILLED,OUO,OL-20250106-030000-001-MA_CROSS-2,['O-20250106-030000-001-MA_CROSS-6'],O-20250106-030000-001-MA_CROSS-5,,,,['MA_CROSS_TP'],66a9fac6-afb0-400d-9d10-eb6acdd22687,1736132400000000000,1736154660000000000,,,,,1.03661,True,
BACKTESTER-001,MovingAverageCrossover-MA_CROSS,EUR/USD.IDEALPRO,IDEALPRO-1-010,EUR/USD.IDEALPRO-MovingAverageCrossover-MA_CROSS,IDEALPRO-001,IDEALPRO-1-6403,LIMIT,BUY,100000.00,GTC,True,False,100000.00,MAKER,1.02978,0.0,['2.06 USD'],NO_TRIGGER,FILLED,OUO,OL-20250108-040000-001-MA_CROSS-3,['O-20250108-040000-001-MA_CROSS-9'],O-20250108-040000-001-MA_CROSS-8,,,,['MA_CROSS_TP'],68b011a8-e81e-4e59-a649-9eee4a19771e,1736308800000000000,1736335860000000000,,,,,1.02978,True,
BACKTESTER-001,MovingAverageCrossover-MA_CROSS,EUR/USD.IDEALPRO,IDEALPRO-1-008,EUR/USD.IDEALPRO-MovingAverageCrossover-MA_CROSS,IDEALPRO-001,IDEALPRO-1-5950,MARKET,SELL,100000.00,GTC,False,False,100000.00,TAKER,1.0347750000002502,0.0,['2.07 USD'],NO_TRIGGER,FILLED,OTO,OL-20250108-040000-001-MA_CROSS-3,"['O-20250108-040000-001-MA_CROSS-9', 'O-20250108-040000-001-MA_CROSS-10']",,,,,['MA_CROSS'],0710f06c-4f61-4028-ae28-65c2e9c61094,1736308800000000000,1736308800000000000,,,,,,,
BACKTESTER-001,MovingAverageCrossover-MA_CROSS,EUR/USD.IDEALPRO,IDEALPRO-1-009,EUR/USD.IDEALPRO-MovingAverageCrossover-MA_CROSS,IDEALPRO-001,,STOP_MARKET,BUY,99999.99,GTC,True,False,0.00,NO_LIQUIDITY_SIDE,,,,NO_TRIGGER,CANCELED,OUO,OL-20250108-040000-001-MA_CROSS-3,['O-20250108-040000-001-MA_CROSS-10'],O-20250108-040000-001-MA_CROSS-8,,,,['MA_CROSS_SL'],9a71ffa1-e2d0-428f-b063-09d05d863fe7,1736308800000000000,1736335860000000000,1.03828,DEFAULT,,,,,
BACKTESTER-001,MovingAverageCrossover-MA_CROSS,EUR/USD.IDEALPRO,IDEALPRO-1-011,EUR/USD.IDEALPRO-MovingAverageCrossover-MA_CROSS,IDEALPRO-001,IDEALPRO-1-12209,MARKET,BUY,100000.00,GTC,False,False,100000.00,TAKER,1.02527499999975,0.0,['2.05 USD'],NO_TRIGGER,FILLED,OTO,OL-20250114-131500-001-MA_CROSS-4,"['O-20250114-131500-001-MA_CROSS-12', 'O-20250114-131500-001-MA_CROSS-13']",,,,,['MA_CROSS'],eff5e96c-eef2-4077-aa07-69f25cbd19fd,1736860500000000000,1736860500000000000,,,,,,,
BACKTESTER-001,MovingAverageCrossover-MA_CROSS,EUR/USD.IDEALPRO,IDEALPRO-1-012,EUR/USD.IDEALPRO-MovingAverageCrossover-MA_CROSS,IDEALPRO-001,,STOP_MARKET,SELL,99999.99,GTC,True,False,0.00,NO_LIQUIDITY_SIDE,,,,NO_TRIGGER,CANCELED,OUO,OL-20250114-131500-001-MA_CROSS-4,['O-20250114-131500-001-MA_CROSS-13'],O-20250114-131500-001-MA_CROSS-11,,,,['MA_CROSS_SL'],c717a903-04ba-4234-b01e-3110669d279e,1736860500000000000,1736871420000000000,1.02177,DEFAULT,,,,,
BACKTESTER-001,MovingAverageCrossover-MA_CROSS,EUR/USD.IDEALPRO,IDEALPRO-1-013,EUR/USD.IDEALPRO-MovingAverageCrossover-MA_CROSS,IDEALPRO-001,IDEALPRO-1-12393,LIMIT,SELL,100000.00,GTC,True,False,100000.00,MAKER,1.03027,0.0,['2.06 USD'],NO_TRIGGER,FILLED,OUO,OL-20250114-131500-001-MA_CROSS-4,['O-20250114-131500-001-MA_CROSS-12'],O-20250114-131500-001-MA_CROSS-11,,,,['MA_CROSS_TP'],0109b3eb-c553-403f-97b1-119888c3cb6d,1736860500000000000,1736871420000000000,,,,,1.03027,True,
BACKTESTER-001,MovingAverageCrossover-MA_CROSS,EUR/USD.IDEALPRO,IDEALPRO-1-014,EUR/USD.IDEALPRO-MovingAverageCrossover-MA_CROSS,IDEALPRO-001,IDEALPRO-1-16458,MARKET,SELL,100000.00,GTC,False,False,100000.00,TAKER,1.02956500000025,0.0,['2.06 USD'],NO_TRIGGER,FILLED,OTO,OL-20250117-124500-001-MA_CROSS-5,"['O-20250117-124500-001-MA_CROSS-15', 'O-20250117-124500-001-MA_CROSS-16']",,,,,['MA_CROSS'],cf7f5c44-c3b6-4b76-b93e-ee9591bd65a0,1737117900000000000,1737117900000000000,,,,,,,
BACKTESTER-001,MovingAverageCrossover-MA_CROSS,EUR/USD.IDEALPRO,IDEALPRO-1-015,EUR/USD.IDEALPRO-MovingAverageCrossover-MA_CROSS,IDEALPRO-001,IDEALPRO-1-16607,STOP_MARKET,BUY,100000.00,GTC,True,False,100000.00,TAKER,1.0330749999997502,4.9999997502325755e-06,['2.07 USD'],NO_TRIGGER,FILLED,OUO,OL-20250117-124500-001-MA_CROSS-5,['O-20250117-124500-001-MA_CROSS-16'],O-20250117-124500-001-MA_CROSS-14,,,,['MA_CROSS_SL'],3386867f-1809-4296-8fd1-6d7950fb25f2,1737117900000000000,1737126720000000000,1.03307,DEFAULT,,,,,
BACKTESTER-001,MovingAverageCrossover-MA_CROSS,EUR/USD.IDEALPRO,IDEALPRO-1-016,EUR/USD.IDEALPRO-MovingAverageCrossover-MA_CROSS,IDEALPRO-001,,LIMIT,BUY,99999.99,GTC,True,False,0.00,NO_LIQUIDITY_SIDE,,,,NO_TRIGGER,CANCELED,OUO,OL-20250117-124500-001-MA_CROSS-5,['O-20250117-124500-001-MA_CROSS-15'],O-20250117-124500-001-MA_CROSS-14,,,,['MA_CROSS_TP'],33b51116-903a-4bc0-a340-44e0d68e6344,1737117900000000000,1737126720000000000,,,,,1.02457,True,
BACKTESTER-001,MovingAverageCrossover-MA_CROSS,EUR/USD.IDEALPRO,IDEALPRO-1-017,EUR/USD.IDEALPRO-MovingAverageCrossover-MA_CROSS,IDEALPRO-001,IDEALPRO-1-17677,MARKET,BUY,100000.00,GTC,False,False,100000.00,TAKER,1.03136499999975,0.0,['2.06 USD'],NO_TRIGGER,FILLED,OTO,OL-20250120-091500-001-MA_CROSS-6,"['O-20250120-091500-001-MA_CROSS-18', 'O-20250120-091500-001-MA_CROSS-19']",,,,,['MA_CROSS'],d1e7ae98-0aa7-48e7-84bf-b0f7c965b107,1737364500000000000,1737364500000000000,,,,,,,
BACKTESTER-001,MovingAverageCrossover-MA_CROSS,EUR/USD.IDEALPRO,IDEALPRO-1-018,EUR/USD.IDEALPRO-MovingAverageCrossover-MA_CROSS,IDEALPRO-001,,STOP_MARKET,SELL,99999.99,GTC,True,False,0.00,NO_LIQUIDITY_SIDE,,,,NO_TRIGGER,CANCELED,OUO,OL-20250120-091500-001-MA_CROSS-6,['O-20250120-091500-001-MA_CROSS-19'],O-20250120-091500-001-MA_CROSS-17,,,,['MA_CROSS_SL'],81aa111d-d8b7-4146-9045-54b6cf16053c,1737364500000000000,1737379920000000000,1.02786,DEFAULT,,,,,
BACKTESTER-001,MovingAverageCrossover-MA_CROSS,EUR/USD.IDEALPRO,IDEALPRO-1-019,EUR/USD.IDEALPRO-MovingAverageCrossover-MA_CROSS,IDEALPRO-001,IDEALPRO-1-17936,LIMIT,SELL,100000.00,GTC,True,False,100000.00,MAKER,1.0363600000000002,-2.220446049250313e-16,['2.07 USD'],NO_TRIGGER,FILLED,OUO,OL-20250120-091500-001-MA_CROSS-6,['O-20250120-091500-001-MA_CROSS-18'],O-20250120-091500-001-MA_CROSS-17,,,,['MA_CROSS_TP'],6366db27-77f4-470c-a067-00ffa2d8a646,1737364500000000000,1737379920000000000,,,,,1.03636,True,
BACKTESTER-001,MovingAverageCrossover-MA_CROSS,EUR/USD.IDEALPRO,IDEALPRO-1-020,EUR/USD.IDEALPRO-MovingAverageCrossover-MA_CROSS,IDEALPRO-001,IDEALPRO-1-22316,MARKET,SELL,100000.00,GTC,False,False,100000.00,TAKER,1.0401150000002501,0.0,['2.08 USD'],NO_TRIGGER,FILLED,OTO,OL-20250123-151500-001-MA_CROSS-7,"['O-20250123-151500-001-MA_CROSS-21', 'O-20250123-151500-001-MA_CROSS-22']",,,,,['MA_CROSS'],7f95a222-f691-4f95-b25f-018b4b3a7612,1737645300000000000,1737645300000000000,,,,,,,
BACKTESTER-001,MovingAverageCrossover-MA_CROSS,EUR/USD.IDEALPRO,IDEALPRO-1-021,EUR/USD.IDEALPRO-MovingAverageCrossover-MA_CROSS,IDEALPRO-001,IDEALPRO-1-22474,STOP_MARKET,BUY,100000.00,GTC,True,False,100000.00,TAKER,1.0436249999997502,4.9999997502325755e-06,['2.09 USD'],NO_TRIGGER,FILLED,OUO,OL-20250123-151500-001-MA_CROSS-7,['O-20250123-151500-001-MA_CROSS-22'],O-20250123-151500-001-MA_CROSS-20,,,,['MA_CROSS_SL'],9220e9a2-38a3-425f-86e2-d3a41b0db4da,1737645300000000000,1737654660000000000,1.04362,DEFAULT,,,,,
BACKTESTER-001,MovingAverageCrossover-MA_CROSS,EUR/USD.IDEALPRO,IDEALPRO-1-022,EUR/USD.IDEALPRO-MovingAverageCrossover-MA_CROSS,IDEALPRO-001,,LIMIT,BUY,99999.99,GTC,True,False,0.00,NO_LIQUIDITY_SIDE,,,,NO_TRIGGER,CANCELED,OUO,OL-20250123-151500-001-MA_CROSS-7,['O-20250123-151500-001-MA_CROSS-21'],O-20250123-151500-001-MA_CROSS-20,,,,['MA_CROSS_TP'],b4eec166-ebd6-42ff-b8d2-5a6718eba97f,1737645300000000000,1737654660000000000,,,,,1.03512,True,
BACKTESTER-001,MovingAverageCrossover-MA_CROSS,EUR/USD.IDEALPRO,IDEALPRO-1-023,EUR/USD.IDEALPRO-MovingAverageCrossover-MA_CROSS,IDEALPRO-001,IDEALPRO-1-22485,MARKET,BUY,100000.00,GTC,False,False,100000.00,TAKER,1.04354499999975,0.0,['2.09 USD'],NO_TRIGGER,FILLED,OTO,OL-20250123-180000-001-MA_CROSS-8,"['O-20250123-180000-001-MA_CROSS-24', 'O-20250123-180000-001-MA_CROSS-25']",,,,,['MA_CROSS'],33d83163-2e22-4974-8b11-df478d849802,1737655200000000000,1737655200000000000,,,,,,,
BACKTESTER-001,MovingAverageCrossover-MA_CROSS,EUR/USD.IDEALPRO,IDEALPRO-1-024,EUR/USD.IDEALPRO-MovingAverageCrossover-MA_CROSS,IDEALPRO-001,,STOP_MARKET,SELL,99999.99,GTC,True,False,0.00,NO_LIQUIDITY_SIDE,,,,NO_TRIGGER,CANCELED,OUO,OL-20250123-180000-001-MA_CROSS-8,['O-20250123-180000-001-MA_CROSS-25'],O-20250123-180000-001-MA_CROSS-23,,,,['MA_CROSS_SL'],a9ef1f90-c525-405e-87cc-4034a5fcc851,1737655200000000000,1737706560000000000,1.04004,DEFAULT,,,,,
BACKTESTER-001,MovingAverageCrossover-MA_CROSS,EUR/USD.IDEALPRO,IDEALPRO-1-025,EUR/USD.IDEALPRO-MovingAverageCrossover-MA_CROSS,IDEALPRO-001,IDEALPRO-1-23328,LIMIT,SELL,100000.00,GTC,True,False,100000.00,MAKER,1.0485400000000002,-2.220446049250313e-16,['2.10 USD'],NO_TRIGGER,FILLED,OUO,OL-20250123-180000-001-MA_CROSS-8,['O-20250123-180000-001-MA_CROSS-24'],O-20250123-180000-001-MA_CROSS-23,,,,['MA_CROSS_TP'],c8074e56-0998-48de-91d0-c4a22be4daaf,1737655200000000000,1737706560000000000,,,,,1.04854,True,
BACKTESTER-001,MovingAverageCrossover-MA_CROSS,EUR/USD.IDEALPRO,IDEALPRO-1-026,EUR/USD.IDEALPRO-MovingAverageCrossover-MA_CROSS,IDEALPRO-001,IDEALPRO-1-26104,MARKET,SELL,100000.00,GTC,False,False,100000.00,TAKER,1.04375500000025,0.0,['2.09 USD'],NO_TRIGGER,FILLED,OTO,OL-20250128-070000-001-MA_CROSS-9,"['O-20250128-070000-001-MA_CROSS-27', 'O-20250128-070000-001-MA_CROSS-28']",,,,,['MA_CROSS'],21798e33-0ed3-4dfb-8866-b3a55766ce9c,1738047600000000000,1738047600000000000,,,,,,,
BACKTESTER-001,MovingAverageCrossover-MA_CROSS,EUR/USD.IDEALPRO,IDEALPRO-1-027,EUR/USD.IDEALPRO-MovingAverageCrossover-MA_CROSS,IDEALPRO-001,,STOP_MARKET,BUY,99999.99,GTC,True,False,0.00,NO_LIQUIDITY_SIDE,,,,NO_TRIGGER,CANCELED,OUO,OL-20250128-070000-001-MA_CROSS-9,['O-20250128-070000-001-MA_CROSS-28'],O-20250128-070000-001-MA_CROSS-26,,,,['MA_CROSS_SL'],870e2c0a-a8b8-4434-a844-0f81e974b265,1738047600000000000,1738156680000000000,1.04726,DEFAULT,,,,,
BACKTESTER-001,MovingAverageCrossover-MA_CROSS,EUR/USD.IDEALPRO,IDEALPRO-1-028,EUR/USD.IDEALPRO-MovingAverageCrossover-MA_CROSS,IDEALPRO-001,IDEALPRO-1-27909,LIMIT,BUY,100000.00,GTC,True,False,100000.00,MAKER,1.03876,0.0,['2.08 USD'],NO_TRIGGER,FILLED,OUO,OL-20250128-070000-001-MA_CROSS-9,['O-20250128-070000-001-MA_CROSS-27'],O-20250128-070000-001-MA_CROSS-26,,,,['MA_CROSS_TP'],a30b86e4-db43-4e5c-9b49-794e13d06ec8,1738047600000000000,1738156680000000000,,,,,1.03876,True,
BACKTESTER-001,MovingAverageCrossover-MA_CROSS,EUR/USD.IDEALPRO,IDEALPRO-1-029,EUR/USD.IDEALPRO-MovingAverageCrossover-MA_CROSS,IDEALPRO-001,IDEALPRO-1-33758,MARKET,BUY,100000.00,GTC,False,False,100000.00,TAKER,1.03794499999975,0.0,['2.08 USD'],NO_TRIGGER,FILLED,OTO,OL-20250204-154500-001-MA_CROSS-10,"['O-20250204-154500-001-MA_CROSS-30', 'O-20250204-154500-001-MA_CROSS-31']",,,,,['MA_CROSS'],73d3f87c-0fc8-4a8a-bc56-af5dd51d076b,1738683900000000000,1738683900000000000,,,,,,,
BACKTESTER-001,MovingAverageCrossover-MA_CROSS,EUR/USD.IDEALPRO,IDEALPRO-1-030,EUR/USD.IDEALPRO-MovingAverageCrossover-MA_CROSS,IDEALPRO-001,,STOP_MARKET,SELL,99999.99,GTC,True,False,0.00,NO_LIQUIDITY_SIDE,,,,NO_TRIGGER,CANCELED,OUO,OL-20250204-154500-001-MA_CROSS-10,['O-20250204-154500-001-MA_CROSS-31'],O-20250204-154500-001-MA_CROSS-29,,,,['MA_CROSS_SL'],ccefa66c-b15a-49d2-9af4-cfcf9035dbbf,1738683900000000000,1738751940000000000,1.03444,DEFAULT,,,,,
BACKTESTER-001,MovingAverageCrossover-MA_CROSS,EUR/USD.IDEALPRO,IDEALPRO-1-031,EUR/USD.IDEALPRO-MovingAverageCrossover-MA_CROSS,IDEALPRO-001,IDEALPRO-1-34879,LIMIT,SELL,100000.00,GTC,True,False,100000.00,MAKER,1.0429400000000002,-2.220446049250313e-16,['2.09 USD'],NO_TRIGGER,FILLED,OUO,OL-20250204-154500-001-MA_CROSS-10,['O-20250204-154500-001-MA_CROSS-30'],O-20250204-154500-001-MA_CROSS-29,,,,['MA_CROSS_TP'],8edf849c-d8de-4b52-b3ac-141db77a77ab,1738683900000000000,1738751940000000000,,,,,1.04294,True,
BACKTESTER-001,MovingAverageCrossover-MA_CROSS,EUR/USD.IDEALPRO,IDEALPRO-1-032,EUR/USD.IDEALPRO-MovingAverageCrossover-MA_CROSS,IDEALPRO-001,IDEALPRO-1-36612,MARKET,SELL,100000.00,GTC,False,False,100000.00,TAKER,1.03664500000025,0.0,['2.07 USD'],NO_TRIGGER,FILLED,OTO,OL-20250206-154500-001-MA_CROSS-11,"['O-20250206-154500-001-MA_CROSS-33', 'O-20250206-154500-001-MA_CROSS-34']",,,,,['MA_CROSS'],da58ef73-6dc8-4f5c-9ff9-a41eceaee37a,1738856700000000000,1738856700000000000,,,,,,,
BACKTESTER-001,MovingAverageCrossover-MA_CROSS,EUR/USD.IDEALPRO,IDEALPRO-1-033,EUR/USD.IDEALPRO-MovingAverageCrossover-MA_CROSS,IDEALPRO-001,,STOP_MARKET,BUY,99999.99,GTC,True,False,0.00,NO_LIQUIDITY_SIDE,,,,NO_TRIGGER,CANCELED,OUO,OL-20250206-154500-001-MA_CROSS-11,['O-20250206-154500-001-MA_CROSS-34'],O-20250206-154500-001-MA_CROSS-32,,,,['MA_CROSS_SL'],523363df-c969-47ec-bf6f-281dd9a6c42b,1738856700000000000,1738887300000000000,1.04015,DEFAULT,,,,,
BACKTESTER-001,MovingAverageCrossover-MA_CROSS,EUR/USD.IDEALPRO,IDEALPRO-1-034,EUR/USD.IDEALPRO-MovingAverageCrossover-MA_CROSS,IDEALPRO-001,,LIMIT,BUY,99999.99,GTC,True,False,0.00,NO_LIQUIDITY_SIDE,,,,NO_TRIGGER,CANCELED,OUO,OL-20250206-154500-001-MA_CROSS-11,['O-20250206-154500-001-MA_CROSS-33'],O-20250206-154500-001-MA_CROSS-32,,,,['MA_CROSS_TP'],8b60a266-4a72-4506-9623-8ead36bbb354,1738856700000000000,1738887300000000000,,,,,1.03165,True,
BACKTESTER-001,MovingAverageCrossover-MA_CROSS,EUR/USD.IDEALPRO,IDEALPRO-1-035,EUR/USD.IDEALPRO-MovingAverageCrossover-MA_CROSS,IDEALPRO-001,IDEALPRO-1-37109,MARKET,BUY,100000.00,GTC,True,False,100000.00,TAKER,1.0387649999997501,0.0,['2.08 USD'],NO_TRIGGER,FILLED,NO_CONTINGENCY,,,,,,,,d395e50f-e6ac-408d-8e85-561361307075,1738887300000000000,1738887300000000000,,,,,,,
BACKTESTER-001,MovingAverageCrossover-MA_CROSS,EUR/USD.IDEALPRO,IDEALPRO-1-036,EUR/USD.IDEALPRO-MovingAverageCrossover-MA_CROSS,IDEALPRO-001,IDEALPRO-1-37426,MARKET,SELL,100000.00,GTC,False,False,100000.00,TAKER,1.0378550000002502,0.0,['2.08 USD'],NO_TRIGGER,FILLED,OTO,OL-20250207-053000-001-MA_CROSS-12,"['O-20250207-053000-001-MA_CROSS-37', 'O-20250207-053000-001-MA_CROSS-38']",,,,,['MA_CROSS'],2e2303d6-69d6-4551-97ec-814329534e71,1738906200000000000,1738906200000000000,,,,,,,
BACKTESTER-001,MovingAverageCrossover-MA_CROSS,EUR/USD.IDEALPRO,IDEALPRO-1-037,EUR/USD.IDEALPRO-MovingAverageCrossover-MA_CROSS,IDEALPRO-001,,STOP_MARKET,BUY,99999.99,GTC,True,False,0.00,NO_LIQUIDITY_SIDE,,,,NO_TRIGGER,CANCELED,OUO,OL-20250207-053000-001-MA_CROSS-12,['O-20250207-053000-001-MA_CROSS-38'],O-20250207-053000-001-MA_CROSS-36,,,,['MA_CROSS_SL'],1e5aa982-d7e3-47ed-a5f8-83cd867bfc6e,1738906200000000000,1738943880000000000,1.04136,DEFAULT,,,,,
BACKTESTER-001,MovingAverageCrossover-MA_CROSS,EUR/USD.IDEALPRO,IDEALPRO-1-038,EUR/USD.IDEALPRO-MovingAverageCrossover-MA_CROSS,IDEALPRO-001,IDEALPRO-1-38056,LIMIT,BUY,100000.00,GTC,True,False,100000.00,MAKER,1.0328600000000001,2.220446049250313e-16,['2.07 USD'],NO_TRIGGER,FILLED,OUO,OL-20250207-053000-001-MA_CROSS-12,['O-20250207-053000-001-MA_CROSS-37'],O-20250207-053000-001-MA_CROSS-36,,,,['MA_CROSS_TP'],de315033-2178-48bb-a076-30fed1a85c58,1738906200000000000,1738943880000000000,,,,,1.03286,True,
BACKTESTER-001,MovingAverageCrossover-MA_CROSS,EUR/USD.IDEALPRO,IDEALPRO-1-039,EUR/USD.IDEALPRO-MovingAverageCrossover-MA_CROSS,IDEALPRO-001,IDEALPRO-1-41240,MARKET,BUY,100000.00,GTC,False,False,100000.00,TAKER,1.03621499999975,0.0,['2.07 USD'],NO_TRIGGER,FILLED,OTO,OL-20250211-213000-001-MA_CROSS-13,"['O-20250211-213000-001-MA_CROSS-40', 'O-20250211-213000-001-MA_CROSS-41']",,,,,['MA_CROSS'],20bdc872-2b51-4b09-82e1-5f2379cd4310,1739309400000000000,1739309400000000000,,,,,,,
BACKTESTER-001,MovingAverageCrossover-MA_CROSS,EUR/USD.IDEALPRO,IDEALPRO-1-040,EUR/USD.IDEALPRO-MovingAverageCrossover-MA_CROSS,IDEALPRO-001,IDEALPRO-1-42188,STOP_MARKET,SELL,100000.00,GTC,True,False,100000.00,TAKER,1.03270500000025,4.999999750010531e-06,['2.07 USD'],NO_TRIGGER,FILLED,OUO,OL-20250211-213000-001-MA_CROSS-13,['O-20250211-213000-001-MA_CROSS-41'],O-20250211-213000-001-MA_CROSS-39,,,,['MA_CROSS_SL'],b44fc6c4-3a53-4101-83e0-9f2cfb9fd9f0,1739309400000000000,1739367060000000000,1.03271,DEFAULT,,,,,
BACKTESTER-001,MovingAverageCrossover-MA_CROSS,EUR/USD.IDEALPRO,IDEALPRO-1-041,EUR/USD.IDEALPRO-MovingAverageCrossover-MA_CROSS,IDEALPRO-001,,LIMIT,SELL,99999.99,GTC,True,False,0.00,NO_LIQUIDITY_SIDE,,,,NO_TRIGGER,CANCELED,OUO,OL-20250211-213000-001-MA_CROSS-13,['O-20250211-213000-001-MA_CROSS-40'],O-20250211-213000-001-MA_CROSS-39,,,,['MA_CROSS_TP'],eacea7a2-a062-4569-adbd-bff573b8895b,1739309400000000000,1739367060000000000,,,,,1.04121,True,
BACKTESTER-001,MovingAverageCrossover-MA_CROSS,EUR/USD.IDEALPRO,IDEALPRO-1-042,EUR/USD.IDEALPRO-MovingAverageCrossover-MA_CROSS,IDEALPRO-001,IDEALPRO-1-47574,MARKET,SELL,100000.00,GTC,False,False,100000.00,TAKER,1.04568500000025,0.0,['2.09 USD'],NO_TRIGGER,FILLED,OTO,OL-20250218-081500-001-MA_CROSS-14,"['O-20250218-081500-001-MA_CROSS-43', 'O-20250218-081500-001-MA_CROSS-44']",,,,,['MA_CROSS'],f7de169a-925a-4874-ae7f-fbbab23e1cba,1739866500000000000,1739866500000000000,,,,,,,
BACKTESTER-001,MovingAverageCrossover-MA_CROSS,EUR/USD.IDEALPRO,IDEALPRO-1-043,EUR/USD.IDEALPRO-MovingAverageCrossover-MA_CROSS,IDEALPRO-001,,STOP_MARKET,BUY,99999.99,GTC,True,False,0.00,NO_LIQUIDITY_SIDE,,,,NO_TRIGGER,CANCELED,OUO,OL-20250218-081500-001-MA_CROSS-14,['O-20250218-081500-001-MA_CROSS-44'],O-20250218-081500-001-MA_CROSS-42,,,,['MA_CROSS_SL'],d30796e8-04e8-4c1c-ab3f-14d1589b6245,1739866500000000000,1739982060000000000,1.04919,DEFAULT,,,,,
BACKTESTER-001,MovingAverageCrossover-MA_CROSS,EUR/USD.IDEALPRO,IDEALPRO-1-044,EUR/USD.IDEALPRO-MovingAverageCrossover-MA_CROSS,IDEALPRO-001,IDEALPRO-1-49487,LIMIT,BUY,100000.00,GTC,True,False,100000.00,MAKER,1.04069,0.0,['2.08 USD'],NO_TRIGGER,FILLED,OUO,OL-20250218-081500-001-MA_CROSS-14,['O-20250218-081500-001-MA_CROSS-43'],O-20250218-081500-001-MA_CROSS-42,,,,['MA_CROSS_TP'],231fc128-34c0-4491-b257-a0fc880da473,1739866500000000000,1739982060000000000,,,,,1.04069,True,
BACKTESTER-001,MovingAverageCrossover-MA_CROSS,EUR/USD.IDEALPRO,IDEALPRO-1-045,EUR/USD.IDEALPRO-MovingAverageCrossover-MA_CROSS,IDEALPRO-001,IDEALPRO-1-50968,MARKET,BUY,100000.00,GTC,False,False,100000.00,TAKER,1.04842499999975,0.0,['2.10 USD'],NO_TRIGGER,FILLED,OTO,OL-20250220-171500-001-MA_CROSS-15,"['O-20250220-171500-001-MA_CROSS-46', 'O-20250220-171500-001-MA_CROSS-47']",,,,,['MA_CROSS'],8c6ea308-e8e4-4ba1-8ab1-f5b4eb22d930,1740071700000000000,1740071700000000000,,,,,,,
BACKTESTER-001,MovingAverageCrossover-MA_CROSS,EUR/USD.IDEALPRO,IDEALPRO-1-046,EUR/USD.IDEALPRO-MovingAverageCrossover-MA_CROSS,IDEALPRO-001,,STOP_MARKET,SELL,99999.99,GTC,True,False,0.00,NO_LIQUIDITY_SIDE,,,,NO_TRIGGER,CANCELED,OUO,OL-20250220-171500-001-MA_CROSS-15,['O-20250220-171500-001-MA_CROSS-47'],O-20250220-171500-001-MA_CROSS-45,,,,['MA_CROSS_SL'],f7172233-7043-4f54-b9d4-b7c381194c20,1740071700000000000,1740427200000000000,1.04492,DEFAULT,,,,,
BACKTESTER-001,MovingAverageCrossover-MA_CROSS,EUR/USD.IDEALPRO,IDEALPRO-1-047,EUR/USD.IDEALPRO-MovingAverageCrossover-MA_CROSS,IDEALPRO-001,,LIMIT,SELL,99999.99,GTC,True,False,0.00,NO_LIQUIDITY_SIDE,,,,NO_TRIGGER,CANCELED,OUO,OL-20250220-171500-001-MA_CROSS-15,['O-20250220-171500-001-MA_CROSS-46'],O-20250220-171500-001-MA_CROSS-45,,,,['MA_CROSS_TP'],eb5d4e18-a8cf-48f7-bc92-63d511c7bc46,1740071700000000000,1740427200000000000,,,,,1.05342,True,
BACKTESTER-001,MovingAverageCrossover-MA_CROSS,EUR/USD.IDEALPRO,IDEALPRO-1-048,EUR/USD.IDEALPRO-MovingAverageCrossover-MA_CROSS,IDEALPRO-001,IDEALPRO-1-53985,MARKET,SELL,100000.00,GTC,True,False,100000.00,TAKER,1.04752500000025,0.0,['2.10 USD'],NO_TRIGGER,FILLED,NO_CONTINGENCY,,,,,,,,202cbee2-4318-43a8-9069-040c9440343d,1740427200000000000,1740427200000000000,,,,,,,
BACKTESTER-001,MovingAverageCrossover-MA_CROSS,EUR/USD.IDEALPRO,IDEALPRO-1-049,EUR/USD.IDEALPRO-MovingAverageCrossover-MA_CROSS,IDEALPRO-001,IDEALPRO-1-55127,MARKET,BUY,100000.00,GTC,False,False,100000.00,TAKER,1.0513149999997502,0.0,['2.10 USD'],NO_TRIGGER,FILLED,OTO,OL-20250225-151500-001-MA_CROSS-16,"['O-20250225-151500-001-MA_CROSS-50', 'O-20250225-151500-001-MA_CROSS-51']",,,,,['MA_CROSS'],2d736a0c-2b6f-4611-a45e-0adef37248a9,1740496500000000000,1740496500000000000,,,,,,,
BACKTESTER-001,MovingAverageCrossover-MA_CROSS,EUR/USD.IDEALPRO,IDEALPRO-1-050,EUR/USD.IDEALPRO-MovingAverageCrossover-MA_CROSS,IDEALPRO-001,IDEALPRO-1-56414,STOP_MARKET,SELL,100000.00,GTC,True,False,100000.00,TAKER,1.0478050000002501,4.999999749788486e-06,['2.10 USD'],NO_TRIGGER,FILLED,OUO,OL-20250225-151500-001-MA_CROSS-16,['O-20250225-151500-001-MA_CROSS-51'],O-20250225-151500-001-MA_CROSS-49,,,,['MA_CROSS_SL'],5fb88ee1-0170-4eae-b506-fd06d53338b8,1740496500000000000,1740574500000000000,1.04781,DEFAULT,,,,,
BACKTESTER-001,MovingAverageCrossover-MA_CROSS,EUR/USD.IDEALPRO,IDEALPRO-1-051,EUR/USD.IDEALPRO-MovingAverageCrossover-MA_CROSS,IDEALPRO-001,,LIMIT,SELL,99999.99,GTC,True,False,0.00,NO_LIQUIDITY_SIDE,,,,NO_TRIGGER,CANCELED,OUO,OL-20250225-151500-001-MA_CROSS-16,['O-20250225-151500-001-MA_CROSS-50'],O-20250225-151500-001-MA_CROSS-49,,,,['MA_CROSS_TP'],b9b61c9f-48a1-4c68-a7f1-2f1638697472,1740496500000000000,1740574500000000000,,,,,1.05631,True,
BACKTESTER-001,MovingAverageCrossover-MA_CROSS,EUR/USD.IDEALPRO,IDEALPRO-1-052,EUR/USD.IDEALPRO-MovingAverageCrossover-MA_CROSS,IDEALPRO-001,IDEALPRO-1-57306,MARKET,SELL,100000.00,GTC,False,False,100000.00,TAKER,1.04655500000025,0.0,['2.09 USD'],NO_TRIGGER,FILLED,OTO,OL-20250227-040000-001-MA_CROSS-17,"['O-20250227-040000-001-MA_CROSS-53', 'O-20250227-040000-001-MA_CROSS-54']",,,,,['MA_CROSS'],22996f42-8795-453d-931a-d44528a21a24,1740628800000000000,1740628800000000000,,,,,,,
BACKTESTER-001,MovingAverageCrossover-MA_CROSS,EUR/USD.IDEALPRO,IDEALPRO-1-053,EUR/USD.IDEALPRO-MovingAverageCrossover-MA_CROSS,IDEALPRO-001,,STOP_MARKET,BUY,99999.99,GTC,True,False,0.00,NO_LIQUIDITY_SIDE,,,,NO_TRIGGER,CANCELED,OUO,OL-20250227-040000-001-MA_CROSS-17,['O-20250227-040000-001-MA_CROSS-54'],O-20250227-040000-001-MA_CROSS-52,,,,['MA_CROSS_SL'],a305719e-fdba-4ab3-bb40-0ba45a25cabe,1740628800000000000,1740668160000000000,1.05006,DEFAULT,,,,,
BACKTESTER-001,MovingAverageCrossover-MA_CROSS,EUR/USD.IDEALPRO,IDEALPRO-1-054,EUR/USD.IDEALPRO-MovingAverageCrossover-MA_CROSS,IDEALPRO-001,IDEALPRO-1-57964,LIMIT,BUY,100000.00,GTC,True,False,100000.00,MAKER,1.0415600000000003,2.220446049250313e-16,['2.08 USD'],NO_TRIGGER,FILLED,OUO,OL-20250227-040000-001-MA_CROSS-17,['O-20250227-040000-001-MA_CROSS-53'],O-20250227-040000-001-MA_CROSS-52,,,,['MA_CROSS_TP'],4fddf82a-82b3-4c29-8e3c-4869d73b075e,1740628800000000000,1740668160000000000,,,,,1.04156,True,
BACKTESTER-001,MovingAverageCrossover-MA_CROSS,EUR/USD.IDEALPRO,IDEALPRO-1-055,EUR/USD.IDEALPRO-MovingAverageCrossover-MA_CROSS,IDEALPRO-001,IDEALPRO-1-60790,MARKET,BUY,100000.00,GTC,False,False,100000.00,TAKER,1.0484649999997502,0.0,['2.10 USD'],NO_TRIGGER,FILLED,OTO,OL-20250303-143000-001-MA_CROSS-18,"['O-20250303-143000-001-MA_CROSS-56', 'O-20250303-143000-001-MA_CROSS-57']",,,,,['MA_CROSS'],4a62cbaa-2ad1-4164-be79-85dee4eaee52,1741012200000000000,1741012200000000000,,,,,,,
BACKTESTER-001,MovingAverageCrossover-MA_CROSS,EUR/USD.IDEALPRO,IDEALPRO-1-056,EUR/USD.IDEALPRO-MovingAverageCrossover-MA_CROSS,IDEALPRO-001,,STOP_MARKET,SELL,99999.99,GTC,True,False,0.00,NO_LIQUIDITY_SIDE,,,,NO_TRIGGER,CANCELED,OUO,OL-20250303-143000-001-MA_CROSS-18,['O-20250303-143000-001-MA_CROSS-57'],O-20250303-143000-001-MA_CROSS-55,,,,['MA_CROSS_SL'],e4e6e250-0ab4-4c6d-aef5-2b6ad92e0567,1741012200000000000,1741089120000000000,1.04496,DEFAULT,,,,,
BACKTESTER-001,MovingAverageCrossover-MA_CROSS,EUR/USD.IDEALPRO,IDEALPRO-1-057,EUR/USD.IDEALPRO-MovingAverageCrossover-MA_CROSS,IDEALPRO-001,IDEALPRO-1-62059,LIMIT,SELL,100000.00,GTC,True,False,100000.00,MAKER,1.05346,0.0,['2.11 USD'],NO_TRIGGER,FILLED,OUO,OL-20250303-143000-001-MA_CROSS-18,['O-20250303-143000-001-MA_CROSS-56'],O-20250303-143000-001-MA_CROSS-55,,,,['MA_CROSS_TP'],8a6ef6d6-180e-4e9b-a5bf-72f053ea1b39,1741012200000000000,1741089120000000000,,,,,1.05346,True,
BACKTESTER-001,MovingAverageCrossover-MA_CROSS,EUR/USD.IDEALPRO,IDEALPRO-1-058,EUR/USD.IDEALPRO-MovingAverageCrossover-MA_CROSS,IDEALPRO-001,IDEALPRO-1-71969,MARKET,SELL,100000.00,GTC,False,False,100000.00,TAKER,1.08731500000025,0.0,['2.17 USD'],NO_TRIGGER,FILLED,OTO,OL-20250313-094500-001-MA_CROSS-19,"['O-20250313-094500-001-MA_CROSS-59', 'O-20250313-094500-001-MA_CROSS-60']",,,,,['MA_CROSS'],861238c9-6c39-48bb-966b-873bd031ec86,1741859100000000000,1741859100000000000,,,,,,,
BACKTESTER-001,MovingAverageCrossover-MA_CROSS,EUR/USD.IDEALPRO,IDEALPRO-1-059,EUR/USD.IDEALPRO-MovingAverageCrossover-MA_CROSS,IDEALPRO-001,,STOP_MARKET,BUY,99999.99,GTC,True,False,0.00,NO_LIQUIDITY_SIDE,,,,NO_TRIGGER,CANCELED,OUO,OL-20250313-094500-001-MA_CROSS-19,['O-20250313-094500-001-MA_CROSS-60'],O-20250313-094500-001-MA_CROSS-58,,,,['MA_CROSS_SL'],1398345e-3263-4c14-a542-5fca0f5b3f25,1741859100000000000,1741871700000000000,1.09082,DEFAULT,,,,,
BACKTESTER-001,MovingAverageCrossover-MA_CROSS,EUR/USD.IDEALPRO,IDEALPRO-1-060,EUR/USD.IDEALPRO-MovingAverageCrossover-MA_CROSS,IDEALPRO-001,IDEALPRO-1-72181,LIMIT,BUY,100000.00,GTC,True,False,100000.00,MAKER,1.0823200000000002,2.220446049250313e-16,['2.16 USD'],NO_TRIGGER,FILLED,OUO,OL-20250313-094500-001-MA_CROSS-19,['O-20250313-094500-001-MA_CROSS-59'],O-20250313-094500-001-MA_CROSS-58,,,,['MA_CROSS_TP'],d1443bf8-a7ed-4c71-ab25-ce5fe02e1a6b,1741859100000000000,1741871700000000000,,,,,1.08232,True,
BACKTESTER-001,MovingAverageCrossover-MA_CROSS,EUR/USD.IDEALPRO,IDEALPRO-1-061,EUR/USD.IDEALPRO-MovingAverageCrossover-MA_CROSS,IDEALPRO-001,IDEALPRO-1-73953,MARKET,BUY,100000.00,GTC,False,False,100000.00,TAKER,1.08802499999975,0.0,['2.18 USD'],NO_TRIGGER,FILLED,OTO,OL-20250314-190000-001-MA_CROSS-20,"['O-20250314-190000-001-MA_CROSS-62', 'O-20250314-190000-001-MA_CROSS-63']",,,,,['MA_CROSS'],f0f68f6e-8124-4a3d-82eb-d5053e2d7ae6,1741978800000000000,1741978800000000000,,,,,,,
BACKTESTER-001,MovingAverageCrossover-MA_CROSS,EUR/USD.IDEALPRO,IDEALPRO-1-062,EUR/USD.IDEALPRO-MovingAverageCrossover-MA_CROSS,IDEALPRO-001,,STOP_MARKET,SELL,99999.99,GTC,True,False,0.00,NO_LIQUIDITY_SIDE,,,,NO_TRIGGER,CANCELED,OUO,OL-20250314-190000-001-MA_CROSS-20,['O-20250314-190000-001-MA_CROSS-63'],O-20250314-190000-001-MA_CROSS-61,,,,['MA_CROSS_SL'],d5c94d38-4703-4d2e-8bc1-6951cc61e876,1741978800000000000,1742284740000000000,1.08452,DEFAULT,,,,,
BACKTESTER-001,MovingAverageCrossover-MA_CROSS,EUR/USD.IDEALPRO,IDEALPRO-1-063,EUR/USD.IDEALPRO-MovingAverageCrossover-MA_CROSS,IDEALPRO-001,IDEALPRO-1-76144,LIMIT,SELL,100000.00,GTC,True,False,100000.00,MAKER,1.09302,0.0,['2.19 USD'],NO_TRIGGER,FILLED,OUO,OL-20250314-190000-001-MA_CROSS-20,['O-20250314-190000-001-MA_CROSS-62'],O-20250314-190000-001-MA_CROSS-61,,,,['MA_CROSS_TP'],e92de298-529c-4a96-a278-b749a099da61,1741978800000000000,1742284740000000000,,,,,1.09302,True,
BACKTESTER-001,MovingAverageCrossover-MA_CROSS,EUR/USD.IDEALPRO,IDEALPRO-1-064,EUR/USD.IDEALPRO-MovingAverageCrossover-MA_CROSS,IDEALPRO-001,IDEALPRO-1-77932,MARKET,SELL,100000.00,GTC,False,False,100000.00,TAKER,1.08944500000025,0.0,['2.18 USD'],NO_TRIGGER,FILLED,OTO,OL-20250319-140000-001-MA_CROSS-21,"['O-20250319-140000-001-MA_CROSS-65', 'O-20250319-140000-001-MA_CROSS-66']",,,,,['MA_CROSS'],1f0b0e72-5ca7-484c-aec9-b43de5db63f7,1742392800000000000,1742392800000000000,,,,,,,
BACKTESTER-001,MovingAverageCrossover-MA_CROSS,EUR/USD.IDEALPRO,IDEALPRO-1-065,EUR/USD.IDEALPRO-MovingAverageCrossover-MA_CROSS,IDEALPRO-001,,STOP_MARKET,BUY,99999.99,GTC,True,False,0.00,NO_LIQUIDITY_SIDE,,,,NO_TRIGGER,CANCELED,OUO,OL-20250319-140000-001-MA_CROSS-21,['O-20250319-140000-001-MA_CROSS-66'],O-20250319-140000-001-MA_CROSS-64,,,,['MA_CROSS_SL'],2a7cc748-19d5-487a-99f8-85aa0d411fde,1742392800000000000,1742462760000000000,1.09295,DEFAULT,,,,,
BACKTESTER-001,MovingAverageCrossover-MA_CROSS,EUR/USD.IDEALPRO,IDEALPRO-1-066,EUR/USD.IDEALPRO-MovingAverageCrossover-MA_CROSS,IDEALPRO-001,IDEALPRO-1-79085,LIMIT,BUY,100000.00,GTC,True,False,100000.00,MAKER,1.08445,0.0,['2.17 USD'],NO_TRIGGER,FILLED,OUO,OL-20250319-140000-001-MA_CROSS-21,['O-20250319-140000-001-MA_CROSS-65'],O-20250319-140000-001-MA_CROSS-64,,,,['MA_CROSS_TP'],564cbdcb-1b30-4f36-9bef-73f66dc2a238,1742392800000000000,1742462760000000000,,,,,1.08445,True,
BACKTESTER-001,MovingAverageCrossover-MA_CROSS,EUR/USD.IDEALPRO,IDEALPRO-1-067,EUR/USD.IDEALPRO-MovingAverageCrossover-MA_CROSS,IDEALPRO-001,IDEALPRO-1-86846,MARKET,BUY,100000.00,GTC,False,False,100000.00,TAKER,1.07948499999975,0.0,['2.16 USD'],NO_TRIGGER,FILLED,OTO,OL-20250327-200000-001-MA_CROSS-22,"['O-20250327-200000-001-MA_CROSS-68', 'O-20250327-200000-001-MA_CROSS-69']",,,,,['MA_CROSS'],c18a4d45-9bbf-45d9-a8a7-0a15e65ee05b,1743105600000000000,1743105600000000000,,,,,,,
BACKTESTER-001,MovingAverageCrossover-MA_CROSS,EUR/USD.IDEALPRO,IDEALPRO-1-068,EUR/USD.IDEALPRO-MovingAverageCrossover-MA_CROSS,IDEALPRO-001,,STOP_MARKET,SELL,99999.97,GTC,True,False,0.00,NO_LIQUIDITY_SIDE,,,,NO_TRIGGER,CANCELED,OUO,OL-20250327-200000-001-MA_CROSS-22,['O-20250327-200000-001-MA_CROSS-69'],O-20250327-200000-001-MA_CROSS-67,,,,['MA_CROSS_SL'],29a566af-6ea7-4d7a-8e92-0db4ec31b5ff,1743105600000000000,1743384600000000000,1.07598,DEFAULT,,,,,
BACKTESTER-001,MovingAverageCrossover-MA_CROSS,EUR/USD.IDEALPRO,IDEALPRO-1-069,EUR/USD.IDEALPRO-MovingAverageCrossover-MA_CROSS,IDEALPRO-001,IDEALPRO-1-88590,LIMIT,SELL,100000.00,GTC,True,False,100000.00,MAKER,1.08448,0.0,['2.17 USD'],NO_TRIGGER,FILLED,OUO,OL-20250327-200000-001-MA_CROSS-22,['O-20250327-200000-001-MA_CROSS-68'],O-20250327-200000-001-MA_CROSS-67,,,,['MA_CROSS_TP'],9ca4aa67-aa9c-42c6-9ba8-47c353a58324,1743105600000000000,1743384600000000000,,,,,1.08448,True,
BACKTESTER-001,MovingAverageCrossover-MA_CROSS,EUR/USD.IDEALPRO,IDEALPRO-1-070,EUR/USD.IDEALPRO-MovingAverageCrossover-MA_CROSS,IDEALPRO-001,IDEALPRO-1-90722,MARKET,SELL,100000.00,GTC,False,False,100000.00,TAKER,1.07847500000025,0.0,['2.16 USD'],NO_TRIGGER,FILLED,OTO,OL-20250401-131500-001-MA_CROSS-23,"['O-20250401-131500-001-MA_CROSS-71', 'O-20250401-131500-001-MA_CROSS-72']",,,,,['MA_CROSS'],848b6fcc-1350-49c3-9680-a4267394f416,1743513300000000000,1743513300000000000,,,,,,,
BACKTESTER-001,MovingAverageCrossover-MA_CROSS,EUR/USD.IDEALPRO,IDEALPRO-1-071,EUR/USD.IDEALPRO-MovingAverageCrossover-MA_CROSS,IDEALPRO-001,IDEALPRO-1-92135,STOP_MARKET,BUY,100000.00,GTC,True,False,100000.00,TAKER,1.0819849999997502,4.9999997502325755e-06,['2.16 USD'],NO_TRIGGER,FILLED,OUO,OL-20250401-131500-001-MA_CROSS-23,['O-20250401-131500-001-MA_CROSS-72'],O-20250401-131500-001-MA_CROSS-70,,,,['MA_CROSS_SL'],37e06539-0f8e-441c-adbf-3e31070718dd,1743513300000000000,1743598860000000000,1.08198,DEFAULT,,,,,
BACKTESTER-001,MovingAverageCrossover-MA_CROSS,EUR/USD.IDEALPRO,IDEALPRO-1-072,EUR/USD.IDEALPRO-MovingAverageCrossover-MA_CROSS,IDEALPRO-001,,LIMIT,BUY,99999.99,GTC,True,False,0.00,NO_LIQUIDITY_SIDE,,,,NO_TRIGGER,CANCELED,OUO,OL-20250401-131500-001-MA_CROSS-23,['O-20250401-131500-001-MA_CROSS-71'],O-20250401-131500-001-MA_CROSS-70,,,,['MA_CROSS_TP'],73044c10-b328-45ab-be73-17386feaf220,1743513300000000000,1743598860000000000,,,,,1.07348,True,
BACKTESTER-001,MovingAverageCrossover-MA_CROSS,EUR/USD.IDEALPRO,IDEALPRO-1-073,EUR/USD.IDEALPRO-MovingAverageCrossover-MA_CROSS,IDEALPRO-001,IDEALPRO-1-92466,MARKET,BUY,100000.00,GTC,False,False,100000.00,TAKER,1.0855049999997501,0.0,['2.17 USD'],NO_TRIGGER,FILLED,OTO,OL-20250402-183000-001-MA_CROSS-24,"['O-20250402-183000-001-MA_CROSS-74', 'O-20250402-183000-001-MA_CROSS-75']",,,,,['MA_CROSS'],cee69a46-0919-48e2-b7c5-8f0ca6f31a9b,1743618600000000000,1743618600000000000,,,,,,,
BACKTESTER-001,MovingAverageCrossover-MA_CROSS,EUR/USD.IDEALPRO,IDEALPRO-1-074,EUR/USD.IDEALPRO-MovingAverageCrossover-MA_CROSS,IDEALPRO-001,,STOP_MARKET,SELL,99999.99,GTC,True,False,0.00,NO_LIQUIDITY_SIDE,,,,NO_TRIGGER,CANCELED,OUO,OL-20250402-183000-001-MA_CROSS-24,['O-20250402-183000-001-MA_CROSS-75'],O-20250402-183000-001-MA_CROSS-73,,,,['MA_CROSS_SL'],895f8840-8f0f-4f57-b319-bf874fc810ae,1743618600000000000,1743625080000000000,1.08200,DEFAULT,,,,,
BACKTESTER-001,MovingAverageCrossover-MA_CROSS,EUR/USD.IDEALPRO,IDEALPRO-1-075,EUR/USD.IDEALPRO-MovingAverageCrossover-MA_CROSS,IDEALPRO-001,IDEALPRO-1-92576,LIMIT,SELL,100000.00,GTC,True,False,100000.00,MAKER,1.0905000000000002,-2.220446049250313e-16,['2.18 USD'],NO_TRIGGER,FILLED,OUO,OL-20250402-183000-001-MA_CROSS-24,['O-20250402-183000-001-MA_CROSS-74'],O-20250402-183000-001-MA_CROSS-73,,,,['MA_CROSS_TP'],3f908754-a61b-4c28-9b6e-c052d03a4292,1743618600000000000,1743625080000000000,,,,,1.09050,True,
BACKTESTER-001,MovingAverageCrossover-MA_CROSS,EUR/USD.IDEALPRO,IDEALPRO-1-076,EUR/USD.IDEALPRO-MovingAverageCrossover-MA_CROSS,IDEALPRO-001,IDEALPRO-1-95755,MARKET,SELL,100000.00,GTC,False,False,100000.00,TAKER,1.0967850000002501,0.0,['2.19 USD'],NO_TRIGGER,FILLED,OTO,OL-20250407-020000-001-MA_CROSS-25,"['O-20250407-020000-001-MA_CROSS-77', 'O-20250407-020000-001-MA_CROSS-78']",,,,,['MA_CROSS'],65454e9f-abf2-42e5-8b14-3dc920f47fb3,1743991200000000000,1743991200000000000,,,,,,,
BACKTESTER-001,MovingAverageCrossover-MA_CROSS,EUR/USD.IDEALPRO,IDEALPRO-1-077,EUR/USD.IDEALPRO-MovingAverageCrossover-MA_CROSS,IDEALPRO-001,IDEALPRO-1-95991,STOP_MARKET,BUY,100000.00,GTC,True,False,100000.00,TAKER,1.10029499999975,4.999999750010531e-06,['2.20 USD'],NO_TRIGGER,FILLED,OUO,OL-20250407-020000-001-MA_CROSS-25,['O-20250407-020000-001-MA_CROSS-78'],O-20250407-020000-001-MA_CROSS-76,,,,['MA_CROSS_SL'],1bfb3826-214a-404d-b737-94c6ceb7c342,1743991200000000000,1744005240000000000,1.10029,DEFAULT,,,,,
BACKTESTER-001,MovingAverageCrossover-MA_CROSS,EUR/USD.IDEALPRO,IDEALPRO-1-078,EUR/USD.IDEALPRO-MovingAverageCrossover-MA_CROSS,IDEALPRO-001,,LIMIT,BUY,99999.99,GTC,True,False,0.00,NO_LIQUIDITY_SIDE,,,,NO_TRIGGER,CANCELED,OUO,OL-20250407-020000-001-MA_CROSS-25,['O-20250407-020000-001-MA_CROSS-77'],O-20250407-020000-001-MA_CROSS-76,,,,['MA_CROSS_TP'],d5d767f6-edd4-454c-a87f-b5fd5301efa2,1743991200000000000,1744005240000000000,,,,,1.09179,True,
BACKTESTER-001,MovingAverageCrossover-MA_CROSS,EUR/USD.IDEALPRO,IDEALPRO-1-079,EUR/USD.IDEALPRO-MovingAverageCrossover-MA_CROSS,IDEALPRO-001,IDEALPRO-1-98699,MARKET,BUY,100000.00,GTC,False,False,100000.00,TAKER,1.1034549999997503,0.0,['2.21 USD'],NO_TRIGGER,FILLED,OTO,OL-20250409-033000-001-MA_CROSS-26,"['O-20250409-033000-001-MA_CROSS-80', 'O-20250409-033000-001-MA_CROSS-81']",,,,,['MA_CROSS'],b234e5b9-5d5d-43e8-8752-844a4d000a63,1744169400000000000,1744169400000000000,,,,,,,
BACKTESTER-001,MovingAverageCrossover-MA_CROSS,EUR/USD.IDEALPRO,IDEALPRO-1-080,EUR/USD.IDEALPRO-MovingAverageCrossover-MA_CROSS,IDEALPRO-001,,STOP_MARKET,SELL,99999.99,GTC,True,False,0.00,NO_LIQUIDITY_SIDE,,,,NO_TRIGGER,CANCELED,OUO,OL-20250409-033000-001-MA_CROSS-26,['O-20250409-033000-001-MA_CROSS-81'],O-20250409-033000-001-MA_CROSS-79,,,,['MA_CROSS_SL'],d06dabfd-8b59-48d4-bc4c-d9eb4efcb28a,1744169400000000000,1744181640000000000,1.09995,DEFAULT,,,,,
BACKTESTER-001,MovingAverageCrossover-MA_CROSS,EUR/USD.IDEALPRO,IDEALPRO-1-081,EUR/USD.IDEALPRO-MovingAverageCrossover-MA_CROSS,IDEALPRO-001,IDEALPRO-1-98905,LIMIT,SELL,100000.00,GTC,True,False,100000.00,MAKER,1.10845,0.0,['2.22 USD'],NO_TRIGGER,FILLED,OUO,OL-20250409-033000-001-MA_CROSS-26,['O-20250409-033000-001-MA_CROSS-80'],O-20250409-033000-001-MA_CROSS-79,,,,['MA_CROSS_TP'],1b9d8127-9d6a-4cd5-a94c-c56f5aaa0d09,1744169400000000000,1744181640000000000,,,,,1.10845,True,
BACKTESTER-001,MovingAverageCrossover-MA_CROSS,EUR/USD.IDEALPRO,IDEALPRO-1-082,EUR/USD.IDEALPRO-MovingAverageCrossover-MA_CROSS,IDEALPRO-001,IDEALPRO-1-100053,MARKET,SELL,100000.00,GTC,False,False,100000.00,TAKER,1.09628500000025,0.0,['2.19 USD'],NO_TRIGGER,FILLED,OTO,OL-20250410-021500-001-MA_CROSS-27,"['O-20250410-021500-001-MA_CROSS-83', 'O-20250410-021500-001-MA_CROSS-84']",,,,,['MA_CROSS'],9a0a835d-02ad-42d0-ae70-815e6e25712d,1744251300000000000,1744251300000000000,,,,,,,
BACKTESTER-001,MovingAverageCrossover-MA_CROSS,EUR/USD.IDEALPRO,IDEALPRO-1-083,EUR/USD.IDEALPRO-MovingAverageCrossover-MA_CROSS,IDEALPRO-001,IDEALPRO-1-100373,STOP_MARKET,BUY,100000.00,GTC,True,False,100000.00,TAKER,1.09979499999975,4.999999750010531e-06,['2.20 USD'],NO_TRIGGER,FILLED,OUO,OL-20250410-021500-001-MA_CROSS-27,['O-20250410-021500-001-MA_CROSS-84'],O-20250410-021500-001-MA_CROSS-82,,,,['MA_CROSS_SL'],7ae25b6c-cbf2-4181-ab12-e6ac733a30c6,1744251300000000000,1744270380000000000,1.09979,DEFAULT,,,,,
BACKTESTER-001,MovingAverageCrossover-MA_CROSS,EUR/USD.IDEALPRO,IDEALPRO-1-084,EUR/USD.IDEALPRO-MovingAverageCrossover-MA_CROSS,IDEALPRO-001,,LIMIT,BUY,99999.99,GTC,True,False,0.00,NO_LIQUIDITY_SIDE,,,,NO_TRIGGER,CANCELED,OUO,OL-20250410-021500-001-MA_CROSS-27,['O-20250410-021500-001-MA_CROSS-83'],O-20250410-021500-001-MA_CROSS-82,,,,['MA_CROSS_TP'],0f054fb0-f156-4c4d-80ad-232666e55f65,1744251300000000000,1744270380000000000,,,,,1.09129,True,
BACKTESTER-001,MovingAverageCrossover-MA_CROSS,EUR/USD.IDEALPRO,IDEALPRO-1-085,EUR/USD.IDEALPRO-MovingAverageCrossover-MA_CROSS,IDEALPRO-001,IDEALPRO-1-100402,MARKET,BUY,100000.00,GTC,False,False,100000.00,TAKER,1.10265499999975,0.0,['2.21 USD'],NO_TRIGGER,FILLED,OTO,OL-20250410-080000-001-MA_CROSS-28,"['O-20250410-080000-001-MA_CROSS-86', 'O-20250410-080000-001-MA_CROSS-87']",,,,,['MA_CROSS'],0e0619d2-a3fd-4a8d-8a7d-8765780a245e,1744272000000000000,1744272000000000000,,,,,,,
BACKTESTER-001,MovingAverageCrossover-MA_CROSS,EUR/USD.IDEALPRO,IDEALPRO-1-086,EUR/USD.IDEALPRO-MovingAverageCrossover-MA_CROSS,IDEALPRO-001,,STOP_MARKET,SELL,99999.99,GTC,True,False,0.00,NO_LIQUIDITY_SIDE,,,,NO_TRIGGER,CANCELED,OUO,OL-20250410-080000-001-MA_CROSS-28,['O-20250410-080000-001-MA_CROSS-87'],O-20250410-080000-001-MA_CROSS-85,,,,['MA_CROSS_SL'],c6931d4c-4649-4d19-a830-5cfdabb95c50,1744272000000000000,1744281480000000000,1.09915,DEFAULT,,,,,
BACKTESTER-001,MovingAverageCrossover-MA_CROSS,EUR/USD.IDEALPRO,IDEALPRO-1-087,EUR/USD.IDEALPRO-MovingAverageCrossover-MA_CROSS,IDEALPRO-001,IDEALPRO-1-100562,LIMIT,SELL,100000.00,GTC,True,False,100000.00,MAKER,1.10765,0.0,['2.22 USD'],NO_TRIGGER,FILLED,OUO,OL-20250410-080000-001-MA_CROSS-28,['O-20250410-080000-001-MA_CROSS-86'],O-20250410-080000-001-MA_CROSS-85,,,,['MA_CROSS_TP'],99223156-31c4-48b4-8fc4-88fbfc074bc5,1744272000000000000,1744281480000000000,,,,,1.10765,True,
BACKTESTER-001,MovingAverageCrossover-MA_CROSS,EUR/USD.IDEALPRO,IDEALPRO-1-088,EUR/USD.IDEALPRO-MovingAverageCrossover-MA_CROSS,IDEALPRO-001,IDEALPRO-1-105131,MARKET,SELL,100000.00,GTC,False,False,100000.00,TAKER,1.1308750000002503,0.0,['2.26 USD'],NO_TRIGGER,FILLED,OTO,OL-20250415-153000-001-MA_CROSS-29,"['O-20250415-153000-001-MA_CROSS-89', 'O-20250415-153000-001-MA_CROSS-90']",,,,,['MA_CROSS'],d93a824c-c982-40cd-97ba-08c300365784,1744731000000000000,1744731000000000000,,,,,,,
BACKTESTER-001,MovingAverageCrossover-MA_CROSS,EUR/USD.IDEALPRO,IDEALPRO-1-089,EUR/USD.IDEALPRO-MovingAverageCrossover-MA_CROSS,IDEALPRO-001,IDEALPRO-1-105869,STOP_MARKET,BUY,100000.00,GTC,True,False,100000.00,TAKER,1.13438499999975,4.999999750010531e-06,['2.27 USD'],NO_TRIGGER,FILLED,OUO,OL-20250415-153000-001-MA_CROSS-29,['O-20250415-153000-001-MA_CROSS-90'],O-20250415-153000-001-MA_CROSS-88,,,,['MA_CROSS_SL'],d7c16af4-b470-4cfd-926f-c9199af261cf,1744731000000000000,1744776060000000000,1.13438,DEFAULT,,,,,
BACKTESTER-001,MovingAverageCrossover-MA_CROSS,EUR/USD.IDEALPRO,IDEALPRO-1-090,EUR/USD.IDEALPRO-MovingAverageCrossover-MA_CROSS,IDEALPRO-001,,LIMIT,BUY,99999.99,GTC,True,False,0.00,NO_LIQUIDITY_SIDE,,,,NO_TRIGGER,CANCELED,OUO,OL-20250415-153000-001-MA_CROSS-29,['O-20250415-153000-001-MA_CROSS-89'],O-20250415-153000-001-MA_CROSS-88,,,,['MA_CROSS_TP'],2ef8be7b-3372-4ed3-806b-50406212f3f9,1744731000000000000,1744776060000000000,,,,,1.12588,True,
BACKTESTER-001,MovingAverageCrossover-MA_CROSS,EUR/USD.IDEALPRO,IDEALPRO-1-091,EUR/USD.IDEALPRO-MovingAverageCrossover-MA_CROSS,IDEALPRO-001,IDEALPRO-1-106245,MARKET,BUY,100000.00,GTC,False,False,100000.00,TAKER,1.1366549999997502,0.0,['2.27 USD'],NO_TRIGGER,FILLED,OTO,OL-20250416-101500-001-MA_CROSS-30,"['O-20250416-101500-001-MA_CROSS-92', 'O-20250416-101500-001-MA_CROSS-93']",,,,,['MA_CROSS'],57ac1955-97aa-4a43-93bc-8d7960610e5d,1744798500000000000,1744798500000000000,,,,,,,
BACKTESTER-001,MovingAverageCrossover-MA_CROSS,EUR/USD.IDEALPRO,IDEALPRO-1-092,EUR/USD.IDEALPRO-MovingAverageCrossover-MA_CROSS,IDEALPRO-001,,STOP_MARKET,SELL,99999.99,GTC,True,False,0.00,NO_LIQUIDITY_SIDE,,,,NO_TRIGGER,CANCELED,OUO,OL-20250416-101500-001-MA_CROSS-30,['O-20250416-101500-001-MA_CROSS-93'],O-20250416-101500-001-MA_CROSS-91,,,,['MA_CROSS_SL'],64679988-403b-4b46-bb1a-1a6b82c5ea87,1744798500000000000,1745193660000000000,1.13315,DEFAULT,,,,,
BACKTESTER-001,MovingAverageCrossover-MA_CROSS,EUR/USD.IDEALPRO,IDEALPRO-1-093,EUR/USD.IDEALPRO-MovingAverageCrossover-MA_CROSS,IDEALPRO-001,IDEALPRO-1-109743,LIMIT,SELL,100000.00,GTC,True,False,100000.00,MAKER,1.1416500000000003,-2.220446049250313e-16,['2.28 USD'],NO_TRIGGER,FILLED,OUO,OL-20250416-101500-001-MA_CROSS-30,['O-20250416-101500-001-MA_CROSS-92'],O-20250416-101500-001-MA_CROSS-91,,,,['MA_CROSS_TP'],0fc90bbf-2c0e-4b40-b9bb-351f2accc163,1744798500000000000,1745193660000000000,,,,,1.14165,True,
BACKTESTER-001,MovingAverageCrossover-MA_CROSS,EUR/USD.IDEALPRO,IDEALPRO-1-094,EUR/USD.IDEALPRO-MovingAverageCrossover-MA_CROSS,IDEALPRO-001,IDEALPRO-1-112414,MARKET,SELL,100000.00,GTC,False,False,100000.00,TAKER,1.1418350000002502,0.0,['2.28 USD'],NO_TRIGGER,FILLED,OTO,OL-20250422-204500-001-MA_CROSS-31,"['O-20250422-204500-001-MA_CROSS-95', 'O-20250422-204500-001-MA_CROSS-96']",,,,,['MA_CROSS'],0080dec2-783c-4a8f-b963-91a952e3cb85,1745354700000000000,1745354700000000000,,,,,,,
BACKTESTER-001,MovingAverageCrossover-MA_CROSS,EUR/USD.IDEALPRO,IDEALPRO-1-095,EUR/USD.IDEALPRO-MovingAverageCrossover-MA_CROSS,IDEALPRO-001,,STOP_MARKET,BUY,99999.99,GTC,True,False,0.00,NO_LIQUIDITY_SIDE,,,,NO_TRIGGER,CANCELED,OUO,OL-20250422-204500-001-MA_CROSS-31,['O-20250422-204500-001-MA_CROSS-96'],O-20250422-204500-001-MA_CROSS-94,,,,['MA_CROSS_SL'],d5e9f878-f0a9-4e22-8594-5dd960ca8555,1745354700000000000,1745359020000000000,1.14534,DEFAULT,,,,,
BACKTESTER-001,MovingAverageCrossover-MA_CROSS,EUR/USD.IDEALPRO,IDEALPRO-1-096,EUR/USD.IDEALPRO-MovingAverageCrossover-MA_CROSS,IDEALPRO-001,IDEALPRO-1-112473,LIMIT,BUY,100000.00,GTC,True,False,100000.00,MAKER,1.13684,0.0,['2.27 USD'],NO_TRIGGER,FILLED,OUO,OL-20250422-204500-001-MA_CROSS-31,['O-20250422-204500-001-MA_CROSS-95'],O-20250422-204500-001-MA_CROSS-94,,,,['MA_CROSS_TP'],2690d22f-f5df-4c84-a434-9878434c6faa,1745354700000000000,1745359020000000000,,,,,1.13684,True,
BACKTESTER-001,MovingAverageCrossover-MA_CROSS,EUR/USD.IDEALPRO,IDEALPRO-1-097,EUR/USD.IDEALPRO-MovingAverageCrossover-MA_CROSS,IDEALPRO-001,IDEALPRO-1-116858,MARKET,BUY,100000.00,GTC,False,False,100000.00,TAKER,1.13546499999975,0.0,['2.27 USD'],NO_TRIGGER,FILLED,OTO,OL-20250427-234500-001-MA_CROSS-32,"['O-20250427-234500-001-MA_CROSS-98', 'O-20250427-234500-001-MA_CROSS-99']",,,,,['MA_CROSS'],f3333a6c-852d-4f83-a490-494ba59d7477,1745797500000000000,1745797500000000000,,,,,,,
BACKTESTER-001,MovingAverageCrossover-MA_CROSS,EUR/USD.IDEALPRO,IDEALPRO-1-098,EUR/USD.IDEALPRO-MovingAverageCrossover-MA_CROSS,IDEALPRO-001,,STOP_MARKET,SELL,99999.99,GTC,True,False,0.00,NO_LIQUIDITY_SIDE,,,,NO_TRIGGER,CANCELED,OUO,OL-20250427-234500-001-MA_CROSS-32,['O-20250427-234500-001-MA_CROSS-99'],O-20250427-234500-001-MA_CROSS-97,,,,['MA_CROSS_SL'],9045af45-28cb-4c27-b947-17d6f787330a,1745797500000000000,1745822700000000000,1.13196,DEFAULT,,,,,
BACKTESTER-001,MovingAverageCrossover-MA_CROSS,EUR/USD.IDEALPRO,IDEALPRO-1-099,EUR/USD.IDEALPRO-MovingAverageCrossover-MA_CROSS,IDEALPRO-001,,LIMIT,SELL,99999.99,GTC,True,False,0.00,NO_LIQUIDITY_SIDE,,,,NO_TRIGGER,CANCELED,OUO,OL-20250427-234500-001-MA_CROSS-32,['O-20250427-234500-001-MA_CROSS-98'],O-20250427-234500-001-MA_CROSS-97,,,,['MA_CROSS_TP'],aa577005-58d7-440b-8939-8452b8214683,1745797500000000000,1745822700000000000,,,,,1.14046,True,
BACKTESTER-001,MovingAverageCrossover-MA_CROSS,EUR/USD.IDEALPRO,IDEALPRO-1-100,EUR/USD.IDEALPRO-MovingAverageCrossover-MA_CROSS,IDEALPRO-001,IDEALPRO-1-117280,MARKET,SELL,100000.00,GTC,True,False,100000.00,TAKER,1.13459500000025,0.0,['2.27 USD'],NO_TRIGGER,FILLED,NO_CONTINGENCY,,,,,,,,24cf3805-ece3-4990-989f-619f071ed7ab,1745822700000000000,1745822700000000000,,,,,,,
BACKTESTER-001,MovingAverageCrossover-MA_CROSS,EUR/USD.IDEALPRO,IDEALPRO-1-101,EUR/USD.IDEALPRO-MovingAverageCrossover-MA_CROSS,IDEALPRO-001,IDEALPRO-1-117897,MARKET,BUY,100000.00,GTC,False,False,100000.00,TAKER,1.1411649999997502,0.0,['2.28 USD'],NO_TRIGGER,FILLED,OTO,OL-20250428-170000-001-MA_CROSS-33,"['O-20250428-170000-001-MA_CROSS-102', 'O-20250428-170000-001-MA_CROSS-103']",,,,,['MA_CROSS'],b045e47a-37d7-45b0-bbe4-430c5a519c92,1745859600000000000,1745859600000000000,,,,,,,
BACKTESTER-001,MovingAverageCrossover-MA_CROSS,EUR/USD.IDEALPRO,IDEALPRO-1-102,EUR/USD.IDEALPRO-MovingAverageCrossover-MA_CROSS,IDEALPRO-001,IDEALPRO-1-118592,STOP_MARKET,SELL,100000.00,GTC,True,False,100000.00,TAKER,1.1376550000002499,4.999999750010531e-06,['2.28 USD'],NO_TRIGGER,FILLED,OUO,OL-20250428-170000-001-MA_CROSS-33,['O-20250428-170000-001-MA_CROSS-103'],O-20250428-170000-001-MA_CROSS-101,,,,['MA_CROSS_SL'],31d01f73-5eda-4006-be08-b508f85e776f,1745859600000000000,1745902080000000000,1.13766,DEFAULT,,,,,
BACKTESTER-001,MovingAverageCrossover-MA_CROSS,EUR/USD.IDEALPRO,IDEALPRO-1-103,EUR/USD.IDEALPRO-MovingAverageCrossover-MA_CROSS,IDEALPRO-001,,LIMIT,SELL,99999.99,GTC,True,False,0.00,NO_LIQUIDITY_SIDE,,,,NO_TRIGGER,CANCELED,OUO,OL-20250428-170000-001-MA_CROSS-33,['O-20250428-170000-001-MA_CROSS-102'],O-20250428-170000-001-MA_CROSS-101,,,,['MA_CROSS_TP'],c03a1b12-0a79-4e63-a8a8-34d6b1906a94,1745859600000000000,1745902080000000000,,,,,1.14616,True,
BACKTESTER-001,MovingAverageCrossover-MA_CROSS,EUR/USD.IDEALPRO,IDEALPRO-1-104,EUR/USD.IDEALPRO-MovingAverageCrossover-MA_CROSS,IDEALPRO-001,IDEALPRO-1-120256,MARKET,SELL,100000.00,GTC,False,False,100000.00,TAKER,1.13643500000025,0.0,['2.27 USD'],NO_TRIGGER,FILLED,OTO,OL-20250430-084500-001-MA_CROSS-34,"['O-20250430-084500-001-MA_CROSS-105', 'O-20250430-084500-001-MA_CROSS-106']",,,,,['MA_CROSS'],974699e7-f771-43ab-b5ac-6ed5335395db,1746002700000000000,1746002700000000000,,,,,,,
BACKTESTER-001,MovingAverageCrossover-MA_CROSS,EUR/USD.IDEALPRO,IDEALPRO-1-105,EUR/USD.IDEALPRO-MovingAverageCrossover-MA_CROSS,IDEALPRO-001,,STOP_MARKET,BUY,99999.99,GTC,True,False,0.00,NO_LIQUIDITY_SIDE,,,,NO_TRIGGER,CANCELED,OUO,OL-20250430-084500-001-MA_CROSS-34,['O-20250430-084500-001-MA_CROSS-106'],O-20250430-084500-001-MA_CROSS-104,,,,['MA_CROSS_SL'],489ba3e8-3215-4d9d-9544-a7190b795b79,1746002700000000000,1746061680000000000,1.13994,DEFAULT,,,,,
BACKTESTER-001,MovingAverageCrossover-MA_CROSS,EUR/USD.IDEALPRO,IDEALPRO-1-106,EUR/USD.IDEALPRO-MovingAverageCrossover-MA_CROSS,IDEALPRO-001,IDEALPRO-1-121226,LIMIT,BUY,100000.00,GTC,True,False,100000.00,MAKER,1.13144,0.0,['2.26 USD'],NO_TRIGGER,FILLED,OUO,OL-20250430-084500-001-MA_CROSS-34,['O-20250430-084500-001-MA_CROSS-105'],O-20250430-084500-001-MA_CROSS-104,,,,['MA_CROSS_TP'],e207764d-b86a-420e-a855-848224ee66aa,1746002700000000000,1746061680000000000,,,,,1.13144,True,
BACKTESTER-001,MovingAverageCrossover-MA_CROSS,EUR/USD.IDEALPRO,IDEALPRO-1-107,EUR/USD.IDEALPRO-MovingAverageCrossover-MA_CROSS,IDEALPRO-001,IDEALPRO-1-124445,MARKET,BUY,100000.00,GTC,False,False,100000.00,TAKER,1.13261499999975,0.0,['2.27 USD'],NO_TRIGGER,FILLED,OTO,OL-20250505-071500-001-MA_CROSS-35,"['O-20250505-071500-001-MA_CROSS-108', 'O-20250505-071500-001-MA_CROSS-109']",,,,,['MA_CROSS'],45f5f35c-d1e9-4ce0-bfe6-9b26e0f5f321,1746429300000000000,1746429300000000000,,,,,,,
BACKTESTER-001,MovingAverageCrossover-MA_CROSS,EUR/USD.IDEALPRO,IDEALPRO-1-108,EUR/USD.IDEALPRO-MovingAverageCrossover-MA_CROSS,IDEALPRO-001,IDEALPRO-1-125457,STOP_MARKET,SELL,100000.00,GTC,True,False,100000.00,TAKER,1.12910500000025,4.999999750010531e-06,['2.26 USD'],NO_TRIGGER,FILLED,OUO,OL-20250505-071500-001-MA_CROSS-35,['O-20250505-071500-001-MA_CROSS-109'],O-20250505-071500-001-MA_CROSS-107,,,,['MA_CROSS_SL'],95b05c0c-f796-4a5f-b02a-f7f557e02275,1746429300000000000,1746490800000000000,1.12911,DEFAULT,,,,,
BACKTESTER-001,MovingAverageCrossover-MA_CROSS,EUR/USD.IDEALPRO,IDEALPRO-1-109,EUR/USD.IDEALPRO-MovingAverageCrossover-MA_CROSS,IDEALPRO-001,,LIMIT,SELL,99999.99,GTC,True,False,0.00,NO_LIQUIDITY_SIDE,,,,NO_TRIGGER,CANCELED,OUO,OL-20250505-071500-001-MA_CROSS-35,['O-20250505-071500-001-MA_CROSS-108'],O-20250505-071500-001-MA_CROSS-107,,,,['MA_CROSS_TP'],1b94d399-76a8-4e31-ac6a-e9393c480a6c,1746429300000000000,1746490800000000000,,,,,1.13761,True,
BACKTESTER-001,MovingAverageCrossover-MA_CROSS,EUR/USD.IDEALPRO,IDEALPRO-1-110,EUR/USD.IDEALPRO-MovingAverageCrossover-MA_CROSS,IDEALPRO-001,IDEALPRO-1-125469,MARKET,SELL,100000.00,GTC,False,False,100000.00,TAKER,1.1286750000002501,0.0,['2.26 USD'],NO_TRIGGER,FILLED,OTO,OL-20250506-003000-001-MA_CROSS-36,"['O-20250506-003000-001-MA_CROSS-111', 'O-20250506-003000-001-MA_CROSS-112']",,,,,['MA_CROSS'],5d2cf7be-aa93-4780-8109-630c5458d8c0,1746491400000000000,1746491400000000000,,,,,,,
BACKTESTER-001,MovingAverageCrossover-MA_CROSS,EUR/USD.IDEALPRO,IDEALPRO-1-111,EUR/USD.IDEALPRO-MovingAverageCrossover-MA_CROSS,IDEALPRO-001,IDEALPRO-1-125697,STOP_MARKET,BUY,100000.00,GTC,True,False,100000.00,TAKER,1.13218499999975,4.999999750010531e-06,['2.26 USD'],NO_TRIGGER,FILLED,OUO,OL-20250506-003000-001-MA_CROSS-36,['O-20250506-003000-001-MA_CROSS-112'],O-20250506-003000-001-MA_CROSS-110,,,,['MA_CROSS_SL'],5a49be91-d0b8-4e2b-b9da-3ed25e51e09a,1746491400000000000,1746504960000000000,1.13218,DEFAULT,,,,,
BACKTESTER-001,MovingAverageCrossover-MA_CROSS,EUR/USD.IDEALPRO,IDEALPRO-1-112,EUR/USD.IDEALPRO-MovingAverageCrossover-MA_CROSS,IDEALPRO-001,,LIMIT,BUY,99999.99,GTC,True,False,0.00,NO_LIQUIDITY_SIDE,,,,NO_TRIGGER,CANCELED,OUO,OL-20250506-003000-001-MA_CROSS-36,['O-20250506-003000-001-MA_CROSS-111'],O-20250506-003000-001-MA_CROSS-110,,,,['MA_CROSS_TP'],5b54da5a-ffcb-444a-9150-dd3eb3e2f11f,1746491400000000000,1746504960000000000,,,,,1.12368,True,
BACKTESTER-001,MovingAverageCrossover-MA_CROSS,EUR/USD.IDEALPRO,IDEALPRO-1-113,EUR/USD.IDEALPRO-MovingAverageCrossover-MA_CROSS,IDEALPRO-001,IDEALPRO-1-126118,MARKET,BUY,100000.00,GTC,False,False,100000.00,TAKER,1.13267499999975,0.0,['2.27 USD'],NO_TRIGGER,FILLED,OTO,OL-20250506-111500-001-MA_CROSS-37,"['O-20250506-111500-001-MA_CROSS-114', 'O-20250506-111500-001-MA_CROSS-115']",,,,,['MA_CROSS'],76a9e8f7-8010-4a75-b639-efc4bbfbc7a4,1746530100000000000,1746530100000000000,,,,,,,
BACKTESTER-001,MovingAverageCrossover-MA_CROSS,EUR/USD.IDEALPRO,IDEALPRO-1-114,EUR/USD.IDEALPRO-MovingAverageCrossover-MA_CROSS,IDEALPRO-001,,STOP_MARKET,SELL,99999.99,GTC,True,False,0.00,NO_LIQUIDITY_SIDE,,,,NO_TRIGGER,CANCELED,OUO,OL-20250506-111500-001-MA_CROSS-37,['O-20250506-111500-001-MA_CROSS-115'],O-20250506-111500-001-MA_CROSS-113,,,,['MA_CROSS_SL'],dd5fc76e-d73e-4768-b73d-b4b18b2dab72,1746530100000000000,1746559740000000000,1.12917,DEFAULT,,,,,
BACKTESTER-001,MovingAverageCrossover-MA_CROSS,EUR/USD.IDEALPRO,IDEALPRO-1-115,EUR/USD.IDEALPRO-MovingAverageCrossover-MA_CROSS,IDEALPRO-001,IDEALPRO-1-126614,LIMIT,SELL,100000.00,GTC,True,False,100000.00,MAKER,1.13767,0.0,['2.28 USD'],NO_TRIGGER,FILLED,OUO,OL-20250506-111500-001-MA_CROSS-37,['O-20250506-111500-001-MA_CROSS-114'],O-20250506-111500-001-MA_CROSS-113,,,,['MA_CROSS_TP'],1e419829-d974-47b0-a03d-f4956f2862b8,1746530100000000000,1746559740000000000,,,,,1.13767,True,
BACKTESTER-001,MovingAverageCrossover-MA_CROSS,EUR/USD.IDEALPRO,IDEALPRO-1-116,EUR/USD.IDEALPRO-MovingAverageCrossover-MA_CROSS,IDEALPRO-001,IDEALPRO-1-128237,MARKET,SELL,100000.00,GTC,False,False,100000.00,TAKER,1.1301250000002503,0.0,['2.26 USD'],NO_TRIGGER,FILLED,OTO,OL-20250507-230000-001-MA_CROSS-38,"['O-20250507-230000-001-MA_CROSS-117', 'O-20250507-230000-001-MA_CROSS-118']",,,,,['MA_CROSS'],18f3d064-5625-41c7-a0f5-e3d039f0f8ce,1746658800000000000,1746658800000000000,,,,,,,
BACKTESTER-001,MovingAverageCrossover-MA_CROSS,EUR/USD.IDEALPRO,IDEALPRO-1-117,EUR/USD.IDEALPRO-MovingAverageCrossover-MA_CROSS,IDEALPRO-001,IDEALPRO-1-128492,STOP_MARKET,BUY,100000.00,GTC,True,False,100000.00,TAKER,1.1336349999997501,4.9999997502325755e-06,['2.27 USD'],NO_TRIGGER,FILLED,OUO,OL-20250507-230000-001-MA_CROSS-38,['O-20250507-230000-001-MA_CROSS-118'],O-20250507-230000-001-MA_CROSS-116,,,,['MA_CROSS_SL'],51001365-8a87-45b9-82f4-b90717227e1e,1746658800000000000,1746673980000000000,1.13363,DEFAULT,,,,,
BACKTESTER-001,MovingAverageCrossover-MA_CROSS,EUR/USD.IDEALPRO,IDEALPRO-1-118,EUR/USD.IDEALPRO-MovingAverageCrossover-MA_CROSS,IDEALPRO-001,,LIMIT,BUY,99999.99,GTC,True,False,0.00,NO_LIQUIDITY_SIDE,,,,NO_TRIGGER,CANCELED,OUO,OL-20250507-230000-001-MA_CROSS-38,['O-20250507-230000-001-MA_CROSS-117'],O-20250507-230000-001-MA_CROSS-116,,,,['MA_CROSS_TP'],c30e47ae-e35f-45fe-b06b-d843fbc1d821,1746658800000000000,1746673980000000000,,,,,1.12513,True,
BACKTESTER-001,MovingAverageCrossover-MA_CROSS,EUR/USD.IDEALPRO,IDEALPRO-1-119,EUR/USD.IDEALPRO-MovingAverageCrossover-MA_CROSS,IDEALPRO-001,IDEALPRO-1-134031,MARKET,BUY,100000.00,GTC,False,False,100000.00,TAKER,1.11936499999975,0.0,['2.24 USD'],NO_TRIGGER,FILLED,OTO,OL-20250514-003000-001-MA_CROSS-39,"['O-20250514-003000-001-MA_CROSS-120', 'O-20250514-003000-001-MA_CROSS-121']",,,,,['MA_CROSS'],da2810df-e36f-4593-85ca-26ba59e35ecb,1747182600000000000,1747182600000000000,,,,,,,
BACKTESTER-001,MovingAverageCrossover-MA_CROSS,EUR/USD.IDEALPRO,IDEALPRO-1-120,EUR/USD.IDEALPRO-MovingAverageCrossover-MA_CROSS,IDEALPRO-001,,STOP_MARKET,SELL,99999.99,GTC,True,False,0.00,NO_LIQUIDITY_SIDE,,,,NO_TRIGGER,CANCELED,OUO,OL-20250514-003000-001-MA_CROSS-39,['O-20250514-003000-001-MA_CROSS-121'],O-20250514-003000-001-MA_CROSS-119,,,,['MA_CROSS_SL'],decaee09-7618-489e-8bb9-a9547208c880,1747182600000000000,1747210080000000000,1.11586,DEFAULT,,,,,
BACKTESTER-001,MovingAverageCrossover-MA_CROSS,EUR/USD.IDEALPRO,IDEALPRO-1-121,EUR/USD.IDEALPRO-MovingAverageCrossover-MA_CROSS,IDEALPRO-001,IDEALPRO-1-134491,LIMIT,SELL,100000.00,GTC,True,False,100000.00,MAKER,1.12436,0.0,['2.25 USD'],NO_TRIGGER,FILLED,OUO,OL-20250514-003000-001-MA_CROSS-39,['O-20250514-003000-001-MA_CROSS-120'],O-20250514-003000-001-MA_CROSS-119,,,,['MA_CROSS_TP'],84116c4c-1b63-4e71-a74e-b4e67447fd54,1747182600000000000,1747210080000000000,,,,,1.12436,True,
BACKTESTER-001,MovingAverageCrossover-MA_CROSS,EUR/USD.IDEALPRO,IDEALPRO-1-122,EUR/USD.IDEALPRO-MovingAverageCrossover-MA_CROSS,IDEALPRO-001,IDEALPRO-1-137815,MARKET,SELL,100000.00,GTC,False,False,100000.00,TAKER,1.1140250000002503,0.0,['2.23 USD'],NO_TRIGGER,FILLED,OTO,OL-20250516-160000-001-MA_CROSS-40,"['O-20250516-160000-001-MA_CROSS-123', 'O-20250516-160000-001-MA_CROSS-124']",,,,,['MA_CROSS'],aaf141b0-b51c-41b1-98da-df6ee968847b,1747411200000000000,1747411200000000000,,,,,,,
BACKTESTER-001,MovingAverageCrossover-MA_CROSS,EUR/USD.IDEALPRO,IDEALPRO-1-123,EUR/USD.IDEALPRO-MovingAverageCrossover-MA_CROSS,IDEALPRO-001,IDEALPRO-1-138118,STOP_MARKET,BUY,100000.00,GTC,True,False,100000.00,TAKER,1.1175349999997501,4.9999997502325755e-06,['2.24 USD'],NO_TRIGGER,FILLED,OUO,OL-20250516-160000-001-MA_CROSS-40,['O-20250516-160000-001-MA_CROSS-124'],O-20250516-160000-001-MA_CROSS-122,,,,['MA_CROSS_SL'],8085caaf-7f95-4cb7-8266-ea41008ba869,1747411200000000000,1747602960000000000,1.11753,DEFAULT,,,,,
BACKTESTER-001,MovingAverageCrossover-MA_CROSS,EUR/USD.IDEALPRO,IDEALPRO-1-124,EUR/USD.IDEALPRO-MovingAverageCrossover-MA_CROSS,IDEALPRO-001,,LIMIT,BUY,99999.99,GTC,True,False,0.00,NO_LIQUIDITY_SIDE,,,,NO_TRIGGER,CANCELED,OUO,OL-20250516-160000-001-MA_CROSS-40,['O-20250516-160000-001-MA_CROSS-123'],O-20250516-160000-001-MA_CROSS-122,,,,['MA_CROSS_TP'],19992a06-9d6f-439c-9a8f-2c98d2497fca,1747411200000000000,1747602960000000000,,,,,1.10903,True,
BACKTESTER-001,MovingAverageCrossover-MA_CROSS,EUR/USD.IDEALPRO,IDEALPRO-1-125,EUR/USD.IDEALPRO-MovingAverageCrossover-MA_CROSS,IDEALPRO-001,IDEALPRO-1-138779,MARKET,BUY,100000.00,GTC,False,False,100000.00,TAKER,1.1248349999997502,0.0,['2.25 USD'],NO_TRIGGER,FILLED,OTO,OL-20250519-081500-001-MA_CROSS-41,"['O-20250519-081500-001-MA_CROSS-126', 'O-20250519-081500-001-MA_CROSS-127']",,,,,['MA_CROSS'],b520a066-a600-4290-ad72-2054f50de9af,1747642500000000000,1747642500000000000,,,,,,,
BACKTESTER-001,MovingAverageCrossover-MA_CROSS,EUR/USD.IDEALPRO,IDEALPRO-1-126,EUR/USD.IDEALPRO-MovingAverageCrossover-MA_CROSS,IDEALPRO-001,,STOP_MARKET,SELL,99999.98,GTC,True,False,0.00,NO_LIQUIDITY_SIDE,,,,NO_TRIGGER,CANCELED,OUO,OL-20250519-081500-001-MA_CROSS-41,['O-20250519-081500-001-MA_CROSS-127'],O-20250519-081500-001-MA_CROSS-125,,,,['MA_CROSS_SL'],6e74aea4-f03f-41a0-9a67-78f230428864,1747642500000000000,1747787460000000000,1.12133,DEFAULT,,,,,
BACKTESTER-001,MovingAverageCrossover-MA_CROSS,EUR/USD.IDEALPRO,IDEALPRO-1-127,EUR/USD.IDEALPRO-MovingAverageCrossover-MA_CROSS,IDEALPRO-001,IDEALPRO-1-141168,LIMIT,SELL,100000.00,GTC,True,False,100000.00,MAKER,1.12983,0.0,['2.26 USD'],NO_TRIGGER,FILLED,OUO,OL-20250519-081500-001-MA_CROSS-41,['O-20250519-081500-001-MA_CROSS-126'],O-20250519-081500-001-MA_CROSS-125,,,,['MA_CROSS_TP'],b8144cd0-fc9e-4277-8121-26ff172bd0a1,1747642500000000000,1747787460000000000,,,,,1.12983,True,
BACKTESTER-001,MovingAverageCrossover-MA_CROSS,EUR/USD.IDEALPRO,IDEALPRO-1-128,EUR/USD.IDEALPRO-MovingAverageCrossover-MA_CROSS,IDEALPRO-001,IDEALPRO-1-143629,MARKET,SELL,100000.00,GTC,False,False,100000.00,TAKER,1.12613500000025,0.0,['2.25 USD'],NO_TRIGGER,FILLED,OTO,OL-20250522-174500-001-MA_CROSS-42,"['O-20250522-174500-001-MA_CROSS-129', 'O-20250522-174500-001-MA_CROSS-130']",,,,,['MA_CROSS'],ac960f4f-166c-40c5-ad93-8893cece280e,1747935900000000000,1747935900000000000,,,,,,,
BACKTESTER-001,MovingAverageCrossover-MA_CROSS,EUR/USD.IDEALPRO,IDEALPRO-1-129,EUR/USD.IDEALPRO-MovingAverageCrossover-MA_CROSS,IDEALPRO-001,IDEALPRO-1-144038,STOP_MARKET,BUY,100000.00,GTC,True,False,100000.00,TAKER,1.1296449999997502,4.9999997502325755e-06,['2.26 USD'],NO_TRIGGER,FILLED,OUO,OL-20250522-174500-001-MA_CROSS-42,['O-20250522-174500-001-MA_CROSS-130'],O-20250522-174500-001-MA_CROSS-128,,,,['MA_CROSS_SL'],94b5acc5-3ed9-4be0-a021-8a5d08f78793,1747935900000000000,1747961220000000000,1.12964,DEFAULT,,,,,
BACKTESTER-001,MovingAverageCrossover-MA_CROSS,EUR/USD.IDEALPRO,IDEALPRO-1-130,EUR/USD.IDEALPRO-MovingAverageCrossover-MA_CROSS,IDEALPRO-001,,LIMIT,BUY,99999.99,GTC,True,False,0.00,NO_LIQUIDITY_SIDE,,,,NO_TRIGGER,CANCELED,OUO,OL-20250522-174500-001-MA_CROSS-42,['O-20250522-174500-001-MA_CROSS-129'],O-20250522-174500-001-MA_CROSS-128,,,,['MA_CROSS_TP'],da7a6a8f-8ee4-4933-96e1-9852ee5e5605,1747935900000000000,1747961220000000000,,,,,1.12114,True,
BACKTESTER-001,MovingAverageCrossover-MA_CROSS,EUR/USD.IDEALPRO,IDEALPRO-1-131,EUR/USD.IDEALPRO-MovingAverageCrossover-MA_CROSS,IDEALPRO-001,IDEALPRO-1-144488,MARKET,BUY,100000.00,GTC,False,False,100000.00,TAKER,1.1344149999997502,0.0,['2.27 USD'],NO_TRIGGER,FILLED,OTO,OL-20250523-081500-001-MA_CROSS-43,"['O-20250523-081500-001-MA_CROSS-132', 'O-20250523-081500-001-MA_CROSS-133']",,,,,['MA_CROSS'],9b8245e3-f184-4b0f-99be-abb47b763ca2,1747988100000000000,1747988100000000000,,,,,,,
BACKTESTER-001,MovingAverageCrossover-MA_CROSS,EUR/USD.IDEALPRO,IDEALPRO-1-132,EUR/USD.IDEALPRO-MovingAverageCrossover-MA_CROSS,IDEALPRO-001,IDEALPRO-1-144708,STOP_MARKET,SELL,100000.00,GTC,True,False,100000.00,TAKER,1.1309050000002503,4.999999749788486e-06,['2.26 USD'],NO_TRIGGER,FILLED,OUO,OL-20250523-081500-001-MA_CROSS-43,['O-20250523-081500-001-MA_CROSS-133'],O-20250523-081500-001-MA_CROSS-131,,,,['MA_CROSS_SL'],186c3ed3-cc3b-420d-8ab0-e54db455e8a0,1747988100000000000,1748001180000000000,1.13091,DEFAULT,,,,,
BACKTESTER-001,MovingAverageCrossover-MA_CROSS,EUR/USD.IDEALPRO,IDEALPRO-1-133,EUR/USD.IDEALPRO-MovingAverageCrossover-MA_CROSS,IDEALPRO-001,,LIMIT,SELL,99999.99,GTC,True,False,0.00,NO_LIQUIDITY_SIDE,,,,NO_TRIGGER,CANCELED,OUO,OL-20250523-081500-001-MA_CROSS-43,['O-20250523-081500-001-MA_CROSS-132'],O-20250523-081500-001-MA_CROSS-131,,,,['MA_CROSS_TP'],00bcc30f-2925-4424-9d23-829990b02518,1747988100000000000,1748001180000000000,,,,,1.13941,True,
BACKTESTER-001,MovingAverageCrossover-MA_CROSS,EUR/USD.IDEALPRO,IDEALPRO-1-134,EUR/USD.IDEALPRO-MovingAverageCrossover-MA_CROSS,IDEALPRO-001,IDEALPRO-1-147747,MARKET,SELL,100000.00,GTC,False,False,100000.00,TAKER,1.1341050000002502,0.0,['2.27 USD'],NO_TRIGGER,FILLED,OTO,OL-20250527-150000-001-MA_CROSS-44,"['O-20250527-150000-001-MA_CROSS-135', 'O-20250527-150000-001-MA_CROSS-136']",,,,,['MA_CROSS'],340eb50d-c306-4ce5-964e-8f44239a0032,1748358000000000000,1748358000000000000,,,,,,,
BACKTESTER-001,MovingAverageCrossover-MA_CROSS,EUR/USD.IDEALPRO,IDEALPRO-1-135,EUR/USD.IDEALPRO-MovingAverageCrossover-MA_CROSS,IDEALPRO-001,,STOP_MARKET,BUY,99999.99,GTC,True,False,0.00,NO_LIQUIDITY_SIDE,,,,NO_TRIGGER,CANCELED,OUO,OL-20250527-150000-001-MA_CROSS-44,['O-20250527-150000-001-MA_CROSS-136'],O-20250527-150000-001-MA_CROSS-134,,,,['MA_CROSS_SL'],f8544d6a-09d3-4aca-b22e-8ffb27b1ed0a,1748358000000000000,1748445480000000000,1.13761,DEFAULT,,,,,
BACKTESTER-001,MovingAverageCrossover-MA_CROSS,EUR/USD.IDEALPRO,IDEALPRO-1-136,EUR/USD.IDEALPRO-MovingAverageCrossover-MA_CROSS,IDEALPRO-001,IDEALPRO-1-149192,LIMIT,BUY,100000.00,GTC,True,False,100000.00,MAKER,1.12911,0.0,['2.26 USD'],NO_TRIGGER,FILLED,OUO,OL-20250527-150000-001-MA_CROSS-44,['O-20250527-150000-001-MA_CROSS-135'],O-20250527-150000-001-MA_CROSS-134,,,,['MA_CROSS_TP'],28712476-70d5-4fd0-9177-fe9c357274fa,1748358000000000000,1748445480000000000,,,,,1.12911,True,
BACKTESTER-001,MovingAverageCrossover-MA_CROSS,EUR/USD.IDEALPRO,IDEALPRO-1-137,EUR/USD.IDEALPRO-MovingAverageCrossover-MA_CROSS,IDEALPRO-001,IDEALPRO-1-150796,MARKET,BUY,100000.00,GTC,False,False,100000.00,TAKER,1.1382749999997501,0.0,['2.28 USD'],NO_TRIGGER,FILLED,OTO,OL-20250529-181500-001-MA_CROSS-45,"['O-20250529-181500-001-MA_CROSS-138', 'O-20250529-181500-001-MA_CROSS-139']",,,,,['MA_CROSS'],8518da44-0c3c-448e-859d-797e788eeaf6,1748542500000000000,1748542500000000000,,,,,,,
BACKTESTER-001,MovingAverageCrossover-MA_CROSS,EUR/USD.IDEALPRO,IDEALPRO-1-138,EUR/USD.IDEALPRO-MovingAverageCrossover-MA_CROSS,IDEALPRO-001,IDEALPRO-1-151354,STOP_MARKET,SELL,100000.00,GTC,True,False,100000.00,TAKER,1.13476500000025,4.999999750010531e-06,['2.27 USD'],NO_TRIGGER,FILLED,OUO,OL-20250529-181500-001-MA_CROSS-45,['O-20250529-181500-001-MA_CROSS-139'],O-20250529-181500-001-MA_CROSS-137,,,,['MA_CROSS_SL'],789a1f3a-8a32-4bc3-94c8-90decee04da0,1748542500000000000,1748576760000000000,1.13477,DEFAULT,,,,,
BACKTESTER-001,MovingAverageCrossover-MA_CROSS,EUR/USD.IDEALPRO,IDEALPRO-1-139,EUR/USD.IDEALPRO-MovingAverageCrossover-MA_CROSS,IDEALPRO-001,,LIMIT,SELL,99999.99,GTC,True,False,0.00,NO_LIQUIDITY_SIDE,,,,NO_TRIGGER,CANCELED,OUO,OL-20250529-181500-001-MA_CROSS-45,['O-20250529-181500-001-MA_CROSS-138'],O-20250529-181500-001-MA_CROSS-137,,,,['MA_CROSS_TP'],870ee923-d49e-4b51-b5f6-ed712c5b2136,1748542500000000000,1748576760000000000,,,,,1.14327,True,
BACKTESTER-001,MovingAverageCrossover-MA_CROSS,EUR/USD.IDEALPRO,IDEALPRO-1-140,EUR/USD.IDEALPRO-MovingAverageCrossover-MA_CROSS,IDEALPRO-001,IDEALPRO-1-155150,MARKET,SELL,100000.00,GTC,False,False,100000.00,TAKER,1.13722500000025,0.0,['2.27 USD'],NO_TRIGGER,FILLED,OTO,OL-20250603-193000-001-MA_CROSS-46,"['O-20250603-193000-001-MA_CROSS-141', 'O-20250603-193000-001-MA_CROSS-142']",,,,,['MA_CROSS'],e7aec15e-8027-4c6e-8a6f-a60d231da344,1748979000000000000,1748979000000000000,,,,,,,
BACKTESTER-001,MovingAverageCrossover-MA_CROSS,EUR/USD.IDEALPRO,IDEALPRO-1-141,EUR/USD.IDEALPRO-MovingAverageCrossover-MA_CROSS,IDEALPRO-001,IDEALPRO-1-156149,STOP_MARKET,BUY,100000.00,GTC,True,False,100000.00,TAKER,1.14073499999975,4.999999750010531e-06,['2.28 USD'],NO_TRIGGER,FILLED,OUO,OL-20250603-193000-001-MA_CROSS-46,['O-20250603-193000-001-MA_CROSS-142'],O-20250603-193000-001-MA_CROSS-140,,,,['MA_CROSS_SL'],6d07f680-6277-4726-a9b0-391dbbf2718a,1748979000000000000,1749039720000000000,1.14073,DEFAULT,,,,,
BACKTESTER-001,MovingAverageCrossover-MA_CROSS,EUR/USD.IDEALPRO,IDEALPRO-1-142,EUR/USD.IDEALPRO-MovingAverageCrossover-MA_CROSS,IDEALPRO-001,,LIMIT,BUY,99999.99,GTC,True,False,0.00,NO_LIQUIDITY_SIDE,,,,NO_TRIGGER,CANCELED,OUO,OL-20250603-193000-001-MA_CROSS-46,['O-20250603-193000-001-MA_CROSS-141'],O-20250603-193000-001-MA_CROSS-140,,,,['MA_CROSS_TP'],1cc9c6aa-71a2-4798-a923-27ffc4ac99cd,1748979000000000000,1749039720000000000,,,,,1.13223,True,
BACKTESTER-001,MovingAverageCrossover-MA_CROSS,EUR/USD.IDEALPRO,IDEALPRO-1-143,EUR/USD.IDEALPRO-MovingAverageCrossover-MA_CROSS,IDEALPRO-001,IDEALPRO-1-156444,MARKET,BUY,100000.00,GTC,False,False,100000.00,TAKER,1.1429849999997501,0.0,['2.29 USD'],NO_TRIGGER,FILLED,OTO,OL-20250604-171500-001-MA_CROSS-47,"['O-20250604-171500-001-MA_CROSS-144', 'O-20250604-171500-001-MA_CROSS-145']",,,,,['MA_CROSS'],402d5be1-d064-40c5-bbd4-264060d70217,1749057300000000000,1749057300000000000,,,,,,,
BACKTESTER-001,MovingAverageCrossover-MA_CROSS,EUR/USD.IDEALPRO,IDEALPRO-1-144,EUR/USD.IDEALPRO-MovingAverageCrossover-MA_CROSS,IDEALPRO-001,,STOP_MARKET,SELL,99999.99,GTC,True,False,0.00,NO_LIQUIDITY_SIDE,,,,NO_TRIGGER,CANCELED,OUO,OL-20250604-171500-001-MA_CROSS-47,['O-20250604-171500-001-MA_CROSS-145'],O-20250604-171500-001-MA_CROSS-143,,,,['MA_CROSS_SL'],1d4b4167-40ec-43ae-919b-69af5e252f88,1749057300000000000,1749129720000000000,1.13948,DEFAULT,,,,,
BACKTESTER-001,MovingAverageCrossover-MA_CROSS,EUR/USD.IDEALPRO,IDEALPRO-1-145,EUR/USD.IDEALPRO-MovingAverageCrossover-MA_CROSS,IDEALPRO-001,IDEALPRO-1-157638,LIMIT,SELL,100000.00,GTC,True,False,100000.00,MAKER,1.1479800000000002,-2.220446049250313e-16,['2.30 USD'],NO_TRIGGER,FILLED,OUO,OL-20250604-171500-001-MA_CROSS-47,['O-20250604-171500-001-MA_CROSS-144'],O-20250604-171500-001-MA_CROSS-143,,,,['MA_CROSS_TP'],f51f8e59-72b7-4aec-9780-35d4d4567bac,1749057300000000000,1749129720000000000,,,,,1.14798,True,
BACKTESTER-001,MovingAverageCrossover-MA_CROSS,EUR/USD.IDEALPRO,IDEALPRO-1-146,EUR/USD.IDEALPRO-MovingAverageCrossover-MA_CROSS,IDEALPRO-001,IDEALPRO-1-159223,MARKET,SELL,100000.00,GTC,False,False,100000.00,TAKER,1.1396650000002502,0.0,['2.28 USD'],NO_TRIGGER,FILLED,OTO,OL-20250606-160000-001-MA_CROSS-48,"['O-20250606-160000-001-MA_CROSS-147', 'O-20250606-160000-001-MA_CROSS-148']",,,,,['MA_CROSS'],7fb954b7-f6a3-4fe3-9024-030cba04fe0c,1749225600000000000,1749225600000000000,,,,,,,
BACKTESTER-001,MovingAverageCrossover-MA_CROSS,EUR/USD.IDEALPRO,IDEALPRO-1-147,EUR/USD.IDEALPRO-MovingAverageCrossover-MA_CROSS,IDEALPRO-001,IDEALPRO-1-160208,STOP_MARKET,BUY,100000.00,GTC,True,False,100000.00,TAKER,1.1431749999997503,4.9999997502325755e-06,['2.29 USD'],NO_TRIGGER,FILLED,OUO,OL-20250606-160000-001-MA_CROSS-48,['O-20250606-160000-001-MA_CROSS-148'],O-20250606-160000-001-MA_CROSS-146,,,,['MA_CROSS_SL'],fd75f7d4-7431-49ed-a437-a463262f84de,1749225600000000000,1749458280000000000,1.14317,DEFAULT,,,,,
BACKTESTER-001,MovingAverageCrossover-MA_CROSS,EUR/USD.IDEALPRO,IDEALPRO-1-148,EUR/USD.IDEALPRO-MovingAverageCrossover-MA_CROSS,IDEALPRO-001,,LIMIT,BUY,99999.99,GTC,True,False,0.00,NO_LIQUIDITY_SIDE,,,,NO_TRIGGER,CANCELED,OUO,OL-20250606-160000-001-MA_CROSS-48,['O-20250606-160000-001-MA_CROSS-147'],O-20250606-160000-001-MA_CROSS-146,,,,['MA_CROSS_TP'],ea0064a0-75e8-4695-b197-90d079ca125d,1749225600000000000,1749458280000000000,,,,,1.13467,True,
BACKTESTER-001,MovingAverageCrossover-MA_CROSS,EUR/USD.IDEALPRO,IDEALPRO-1-149,EUR/USD.IDEALPRO-MovingAverageCrossover-MA_CROSS,IDEALPRO-001,IDEALPRO-1-162212,MARKET,BUY,100000.00,GTC,False,False,100000.00,TAKER,1.1420749999997502,0.0,['2.28 USD'],NO_TRIGGER,FILLED,OTO,OL-20250610-181500-001-MA_CROSS-49,"['O-20250610-181500-001-MA_CROSS-150', 'O-20250610-181500-001-MA_CROSS-151']",,,,,['MA_CROSS'],907bcb1f-984f-45c8-9e7a-46b3ce55e8d4,1749579300000000000,1749579300000000000,,,,,,,
BACKTESTER-001,MovingAverageCrossover-MA_CROSS,EUR/USD.IDEALPRO,IDEALPRO-1-150,EUR/USD.IDEALPRO-MovingAverageCrossover-MA_CROSS,IDEALPRO-001,,STOP_MARKET,SELL,99999.99,GTC,True,False,0.00,NO_LIQUIDITY_SIDE,,,,NO_TRIGGER,CANCELED,OUO,OL-20250610-181500-001-MA_CROSS-49,['O-20250610-181500-001-MA_CROSS-151'],O-20250610-181500-001-MA_CROSS-149,,,,['MA_CROSS_SL'],a637bdd9-e529-47b7-87bd-d180ae43794c,1749579300000000000,1749645120000000000,1.13857,DEFAULT,,,,,
BACKTESTER-001,MovingAverageCrossover-MA_CROSS,EUR/USD.IDEALPRO,IDEALPRO-1-151,EUR/USD.IDEALPRO-MovingAverageCrossover-MA_CROSS,IDEALPRO-001,IDEALPRO-1-163296,LIMIT,SELL,100000.00,GTC,True,False,100000.00,MAKER,1.1470700000000003,-2.220446049250313e-16,['2.29 USD'],NO_TRIGGER,FILLED,OUO,OL-20250610-181500-001-MA_CROSS-49,['O-20250610-181500-001-MA_CROSS-150'],O-20250610-181500-001-MA_CROSS-149,,,,['MA_CROSS_TP'],b96006f7-8ad1-45b6-a5fd-27eebb66e68c,1749579300000000000,1749645120000000000,,,,,1.14707,True,
BACKTESTER-001,MovingAverageCrossover-MA_CROSS,EUR/USD.IDEALPRO,IDEALPRO-1-152,EUR/USD.IDEALPRO-MovingAverageCrossover-MA_CROSS,IDEALPRO-001,IDEALPRO-1-168606,MARKET,SELL,100000.00,GTC,False,False,100000.00,TAKER,1.1557950000002502,0.0,['2.31 USD'],NO_TRIGGER,FILLED,OTO,OL-20250617-060000-001-MA_CROSS-50,"['O-20250617-060000-001-MA_CROSS-153', 'O-20250617-060000-001-MA_CROSS-154']",,,,,['MA_CROSS'],b2aa084e-f2ca-4227-808d-a3c92debabb9,1750140000000000000,1750140000000000000,,,,,,,
BACKTESTER-001,MovingAverageCrossover-MA_CROSS,EUR/USD.IDEALPRO,IDEALPRO-1-153,EUR/USD.IDEALPRO-MovingAverageCrossover-MA_CROSS,IDEALPRO-001,,STOP_MARKET,BUY,99999.99,GTC,True,False,0.00,NO_LIQUIDITY_SIDE,,,,NO_TRIGGER,CANCELED,OUO,OL-20250617-060000-001-MA_CROSS-50,['O-20250617-060000-001-MA_CROSS-154'],O-20250617-060000-001-MA_CROSS-152,,,,['MA_CROSS_SL'],af1a7fa4-7de3-49ad-a161-52abacfd4bae,1750140000000000000,1750152600000000000,1.15930,DEFAULT,,,,,
BACKTESTER-001,MovingAverageCrossover-MA_CROSS,EUR/USD.IDEALPRO,IDEALPRO-1-154,EUR/USD.IDEALPRO-MovingAverageCrossover-MA_CROSS,IDEALPRO-001,,LIMIT,BUY,99999.99,GTC,True,False,0.00,NO_LIQUIDITY_SIDE,,,,NO_TRIGGER,CANCELED,OUO,OL-20250617-060000-001-MA_CROSS-50,['O-20250617-060000-001-MA_CROSS-153'],O-20250617-060000-001-MA_CROSS-152,,,,['MA_CROSS_TP'],17e89503-0f2c-4d94-97f8-4168e0528295,1750140000000000000,1750152600000000000,,,,,1.15080,True,
BACKTESTER-001,MovingAverageCrossover-MA_CROSS,EUR/USD.IDEALPRO,IDEALPRO-1-155,EUR/USD.IDEALPRO-MovingAverageCrossover-MA_CROSS,IDEALPRO-001,IDEALPRO-1-168818,MARKET,BUY,100000.00,GTC,True,False,100000.00,TAKER,1.15565499999975,0.0,['2.31 USD'],NO_TRIGGER,FILLED,NO_CONTINGENCY,,,,,,,,ce0f6866-1255-4611-a928-72370b7ba45c,1750152600000000000,1750152600000000000,,,,,,,
BACKTESTER-001,MovingAverageCrossover-MA_CROSS,EUR/USD.IDEALPRO,IDEALPRO-1-156,EUR/USD.IDEALPRO-MovingAverageCrossover-MA_CROSS,IDEALPRO-001,IDEALPRO-1-169255,MARKET,SELL,100000.00,GTC,False,False,100000.00,TAKER,1.15205500000025,0.0,['2.30 USD'],NO_TRIGGER,FILLED,OTO,OL-20250617-164500-001-MA_CROSS-51,"['O-20250617-164500-001-MA_CROSS-157', 'O-20250617-164500-001-MA_CROSS-158']",,,,,['MA_CROSS'],d58e10ae-5222-48f6-a4aa-7bba01645c74,1750178700000000000,1750178700000000000,,,,,,,
BACKTESTER-001,MovingAverageCrossover-MA_CROSS,EUR/USD.IDEALPRO,IDEALPRO-1-157,EUR/USD.IDEALPRO-MovingAverageCrossover-MA_CROSS,IDEALPRO-001,,STOP_MARKET,BUY,99999.99,GTC,True,False,0.00,NO_LIQUIDITY_SIDE,,,,NO_TRIGGER,CANCELED,OUO,OL-20250617-164500-001-MA_CROSS-51,['O-20250617-164500-001-MA_CROSS-158'],O-20250617-164500-001-MA_CROSS-156,,,,['MA_CROSS_SL'],df2b70fc-0d64-4199-9e2e-a210a4d7c659,1750178700000000000,1750273260000000000,1.15556,DEFAULT,,,,,
BACKTESTER-001,MovingAverageCrossover-MA_CROSS,EUR/USD.IDEALPRO,IDEALPRO-1-158,EUR/USD.IDEALPRO-MovingAverageCrossover-MA_CROSS,IDEALPRO-001,IDEALPRO-1-170818,LIMIT,BUY,100000.00,GTC,True,False,100000.00,MAKER,1.14706,0.0,['2.29 USD'],NO_TRIGGER,FILLED,OUO,OL-20250617-164500-001-MA_CROSS-51,['O-20250617-164500-001-MA_CROSS-157'],O-20250617-164500-001-MA_CROSS-156,,,,['MA_CROSS_TP'],74e70f8b-b7bf-43e4-af70-bb30a94c0de0,1750178700000000000,1750273260000000000,,,,,1.14706,True,
BACKTESTER-001,MovingAverageCrossover-MA_CROSS,EUR/USD.IDEALPRO,IDEALPRO-1-159,EUR/USD.IDEALPRO-MovingAverageCrossover-MA_CROSS,IDEALPRO-001,IDEALPRO-1-172724,MARKET,BUY,100000.00,GTC,False,False,100000.00,TAKER,1.1523049999997503,0.0,['2.30 USD'],NO_TRIGGER,FILLED,OTO,OL-20250620-031500-001-MA_CROSS-52,"['O-20250620-031500-001-MA_CROSS-160', 'O-20250620-031500-001-MA_CROSS-161']",,,,,['MA_CROSS'],1619c52c-7a4b-410f-bd10-a1280a7b011d,1750389300000000000,1750389300000000000,,,,,,,
BACKTESTER-001,MovingAverageCrossover-MA_CROSS,EUR/USD.IDEALPRO,IDEALPRO-1-160,EUR/USD.IDEALPRO-MovingAverageCrossover-MA_CROSS,IDEALPRO-001,IDEALPRO-1-173792,STOP_MARKET,SELL,100000.00,GTC,True,False,100000.00,TAKER,1.14879500000025,4.999999750010531e-06,['2.30 USD'],NO_TRIGGER,FILLED,OUO,OL-20250620-031500-001-MA_CROSS-52,['O-20250620-031500-001-MA_CROSS-161'],O-20250620-031500-001-MA_CROSS-159,,,,['MA_CROSS_SL'],20b9f505-a1bb-472f-9eed-6d42c190a3cd,1750389300000000000,1750626960000000000,1.14880,DEFAULT,,,,,
BACKTESTER-001,MovingAverageCrossover-MA_CROSS,EUR/USD.IDEALPRO,IDEALPRO-1-161,EUR/USD.IDEALPRO-MovingAverageCrossover-MA_CROSS,IDEALPRO-001,,LIMIT,SELL,99999.99,GTC,True,False,0.00,NO_LIQUIDITY_SIDE,,,,NO_TRIGGER,CANCELED,OUO,OL-20250620-031500-001-MA_CROSS-52,['O-20250620-031500-001-MA_CROSS-160'],O-20250620-031500-001-MA_CROSS-159,,,,['MA_CROSS_TP'],336d3945-d863-4df7-891d-f1b5cf65eb9c,1750389300000000000,1750626960000000000,,,,,1.15730,True,
BACKTESTER-001,MovingAverageCrossover-MA_CROSS,EUR/USD.IDEALPRO,IDEALPRO-1-162,EUR/USD.IDEALPRO-MovingAverageCrossover-MA_CROSS,IDEALPRO-001,IDEALPRO-1-174363,MARKET,SELL,100000.00,GTC,False,False,100000.00,TAKER,1.15070500000025,0.0,['2.30 USD'],NO_TRIGGER,FILLED,OTO,OL-20250623-064500-001-MA_CROSS-53,"['O-20250623-064500-001-MA_CROSS-163', 'O-20250623-064500-001-MA_CROSS-164']",,,,,['MA_CROSS'],77b68af5-f910-402e-b75f-9a9e9a433bc6,1750661100000000000,1750661100000000000,,,,,,,
BACKTESTER-001,MovingAverageCrossover-MA_CROSS,EUR/USD.IDEALPRO,IDEALPRO-1-163,EUR/USD.IDEALPRO-MovingAverageCrossover-MA_CROSS,IDEALPRO-001,,STOP_MARKET,BUY,99999.99,GTC,True,False,0.00,NO_LIQUIDITY_SIDE,,,,NO_TRIGGER,CANCELED,OUO,OL-20250623-064500-001-MA_CROSS-53,['O-20250623-064500-001-MA_CROSS-164'],O-20250623-064500-001-MA_CROSS-162,,,,['MA_CROSS_SL'],4148f090-f1e6-455f-b59a-b766c1cc0a28,1750661100000000000,1750670940000000000,1.15421,DEFAULT,,,,,
BACKTESTER-001,MovingAverageCrossover-MA_CROSS,EUR/USD.IDEALPRO,IDEALPRO-1-164,EUR/USD.IDEALPRO-MovingAverageCrossover-MA_CROSS,IDEALPRO-001,IDEALPRO-1-174529,LIMIT,BUY,100000.00,GTC,True,False,100000.00,MAKER,1.1457100000000002,2.220446049250313e-16,['2.29 USD'],NO_TRIGGER,FILLED,OUO,OL-20250623-064500-001-MA_CROSS-53,['O-20250623-064500-001-MA_CROSS-163'],O-20250623-064500-001-MA_CROSS-162,,,,['MA_CROSS_TP'],e36d2e5e-8cb3-4322-949d-451a8e037b77,1750661100000000000,1750670940000000000,,,,,1.14571,True,
BACKTESTER-001,MovingAverageCrossover-MA_CROSS,EUR/USD.IDEALPRO,IDEALPRO-1-165,EUR/USD.IDEALPRO-MovingAverageCrossover-MA_CROSS,IDEALPRO-001,IDEALPRO-1-174997,MARKET,BUY,100000.00,GTC,False,False,100000.00,TAKER,1.15467499999975,0.0,['2.31 USD'],NO_TRIGGER,FILLED,OTO,OL-20250623-171500-001-MA_CROSS-54,"['O-20250623-171500-001-MA_CROSS-166', 'O-20250623-171500-001-MA_CROSS-167']",,,,,['MA_CROSS'],b8c693b2-977e-4072-b8fe-63e2867fe650,1750698900000000000,1750698900000000000,,,,,,,
BACKTESTER-001,MovingAverageCrossover-MA_CROSS,EUR/USD.IDEALPRO,IDEALPRO-1-166,EUR/USD.IDEALPRO-MovingAverageCrossover-MA_CROSS,IDEALPRO-001,,STOP_MARKET,SELL,99999.99,GTC,True,False,0.00,NO_LIQUIDITY_SIDE,,,,NO_TRIGGER,CANCELED,OUO,OL-20250623-171500-001-MA_CROSS-54,['O-20250623-171500-001-MA_CROSS-167'],O-20250623-171500-001-MA_CROSS-165,,,,['MA_CROSS_SL'],7e520e62-e3fe-4bfb-9ca0-444cc17c4780,1750698900000000000,1750717260000000000,1.15117,DEFAULT,,,,,
BACKTESTER-001,MovingAverageCrossover-MA_CROSS,EUR/USD.IDEALPRO,IDEALPRO-1-167,EUR/USD.IDEALPRO-MovingAverageCrossover-MA_CROSS,IDEALPRO-001,IDEALPRO-1-175290,LIMIT,SELL,100000.00,GTC,True,False,100000.00,MAKER,1.15967,0.0,['2.32 USD'],NO_TRIGGER,FILLED,OUO,OL-20250623-171500-001-MA_CROSS-54,['O-20250623-171500-001-MA_CROSS-166'],O-20250623-171500-001-MA_CROSS-165,,,,['MA_CROSS_TP'],3f84bfad-2bef-4e14-b28e-08230046853b,1750698900000000000,1750717260000000000,,,,,1.15967,True,
BACKTESTER-001,MovingAverageCrossover-MA_CROSS,EUR/USD.IDEALPRO,IDEALPRO-1-168,EUR/USD.IDEALPRO-MovingAverageCrossover-MA_CROSS,IDEALPRO-001,IDEALPRO-1-186251,MARKET,SELL,100000.00,GTC,False,False,100000.00,TAKER,1.17579500000025,0.0,['2.35 USD'],NO_TRIGGER,FILLED,OTO,OL-20250703-144500-001-MA_CROSS-55,"['O-20250703-144500-001-MA_CROSS-169', 'O-20250703-144500-001-MA_CROSS-170']",,,,,['MA_CROSS'],6aafe2e9-5e1d-42a2-96f4-145e656a96c9,1751553900000000000,1751553900000000000,,,,,,,
BACKTESTER-001,MovingAverageCrossover-MA_CROSS,EUR/USD.IDEALPRO,IDEALPRO-1-169,EUR/USD.IDEALPRO-MovingAverageCrossover-MA_CROSS,IDEALPRO-001,,STOP_MARKET,BUY,99999.99,GTC,True,False,0.00,NO_LIQUIDITY_SIDE,,,,NO_TRIGGER,CANCELED,OUO,OL-20250703-144500-001-MA_CROSS-55,['O-20250703-144500-001-MA_CROSS-170'],O-20250703-144500-001-MA_CROSS-168,,,,['MA_CROSS_SL'],948285ed-1098-471e-bdb3-7f12988aa22d,1751553900000000000,1751906880000000000,1.17930,DEFAULT,,,,,
BACKTESTER-001,MovingAverageCrossover-MA_CROSS,EUR/USD.IDEALPRO,IDEALPRO-1-170,EUR/USD.IDEALPRO-MovingAverageCrossover-MA_CROSS,IDEALPRO-001,IDEALPRO-1-189226,LIMIT,BUY,100000.00,GTC,True,False,100000.00,MAKER,1.1708,0.0,['2.34 USD'],NO_TRIGGER,FILLED,OUO,OL-20250703-144500-001-MA_CROSS-55,['O-20250703-144500-001-MA_CROSS-169'],O-20250703-144500-001-MA_CROSS-168,,,,['MA_CROSS_TP'],578d61dd-db82-445f-b1df-5aaaea5268fc,1751553900000000000,1751906880000000000,,,,,1.17080,True,
BACKTESTER-001,MovingAverageCrossover-MA_CROSS,EUR/USD.IDEALPRO,IDEALPRO-1-171,EUR/USD.IDEALPRO-MovingAverageCrossover-MA_CROSS,IDEALPRO-001,IDEALPRO-1-192780,MARKET,BUY,100000.00,GTC,False,False,100000.00,TAKER,1.17352499999975,0.0,['2.35 USD'],NO_TRIGGER,FILLED,OTO,OL-20250710-044500-001-MA_CROSS-56,"['O-20250710-044500-001-MA_CROSS-172', 'O-20250710-044500-001-MA_CROSS-173']",,,,,['MA_CROSS'],fc4a0019-9fe3-4fd7-ad15-67f1415d2bad,1752122700000000000,1752122700000000000,,,,,,,
BACKTESTER-001,MovingAverageCrossover-MA_CROSS,EUR/USD.IDEALPRO,IDEALPRO-1-172,EUR/USD.IDEALPRO-MovingAverageCrossover-MA_CROSS,IDEALPRO-001,IDEALPRO-1-193307,STOP_MARKET,SELL,100000.00,GTC,True,False,100000.00,TAKER,1.1700150000002503,4.999999749788486e-06,['2.34 USD'],NO_TRIGGER,FILLED,OUO,OL-20250710-044500-001-MA_CROSS-56,['O-20250710-044500-001-MA_CROSS-173'],O-20250710-044500-001-MA_CROSS-171,,,,['MA_CROSS_SL'],db780583-25a2-4635-aa6a-bfd7d61677e7,1752122700000000000,1752154200000000000,1.17002,DEFAULT,,,,,
BACKTESTER-001,MovingAverageCrossover-MA_CROSS,EUR/USD.IDEALPRO,IDEALPRO-1-173,EUR/USD.IDEALPRO-MovingAverageCrossover-MA_CROSS,IDEALPRO-001,,LIMIT,SELL,99999.99,GTC,True,False,0.00,NO_LIQUIDITY_SIDE,,,,NO_TRIGGER,CANCELED,OUO,OL-20250710-044500-001-MA_CROSS-56,['O-20250710-044500-001-MA_CROSS-172'],O-20250710-044500-001-MA_CROSS-171,,,,['MA_CROSS_TP'],eb8df1c2-6424-46eb-a208-0bab4c7ab350,1752122700000000000,1752154200000000000,,,,,1.17852,True,
BACKTESTER-001,MovingAverageCrossover-MA_CROSS,EUR/USD.IDEALPRO,IDEALPRO-1-174,EUR/USD.IDEALPRO-MovingAverageCrossover-MA_CROSS,IDEALPRO-001,IDEALPRO-1-193624,MARKET,SELL,100000.00,GTC,False,False,100000.00,TAKER,1.16879500000025,0.0,['2.34 USD'],NO_TRIGGER,FILLED,OTO,OL-20250710-184500-001-MA_CROSS-57,"['O-20250710-184500-001-MA_CROSS-175', 'O-20250710-184500-001-MA_CROSS-176']",,,,,['MA_CROSS'],c3a8c53f-7002-48f6-a0fc-10b3b478101d,1752173100000000000,1752173100000000000,,,,,,,
BACKTESTER-001,MovingAverageCrossover-MA_CROSS,EUR/USD.IDEALPRO,IDEALPRO-1-175,EUR/USD.IDEALPRO-MovingAverageCrossover-MA_CROSS,IDEALPRO-001,,STOP_MARKET,BUY,99999.99,GTC,True,False,0.00,NO_LIQUIDITY_SIDE,,,,NO_TRIGGER,CANCELED,OUO,OL-20250710-184500-001-MA_CROSS-57,['O-20250710-184500-001-MA_CROSS-176'],O-20250710-184500-001-MA_CROSS-174,,,,['MA_CROSS_SL'],9e82a960-2f11-4fb8-87f7-c2b4decc5a41,1752173100000000000,1752588060000000000,1.17230,DEFAULT,,,,,
BACKTESTER-001,MovingAverageCrossover-MA_CROSS,EUR/USD.IDEALPRO,IDEALPRO-1-176,EUR/USD.IDEALPRO-MovingAverageCrossover-MA_CROSS,IDEALPRO-001,IDEALPRO-1-197617,LIMIT,BUY,100000.00,GTC,True,False,100000.00,MAKER,1.1638000000000002,2.220446049250313e-16,['2.33 USD'],NO_TRIGGER,FILLED,OUO,OL-20250710-184500-001-MA_CROSS-57,['O-20250710-184500-001-MA_CROSS-175'],O-20250710-184500-001-MA_CROSS-174,,,,['MA_CROSS_TP'],c3e1cbf9-1102-4bf7-b188-4b87adcb6601,1752173100000000000,1752588060000000000,,,,,1.16380,True,
BACKTESTER-001,MovingAverageCrossover-MA_CROSS,EUR/USD.IDEALPRO,IDEALPRO-1-177,EUR/USD.IDEALPRO-MovingAverageCrossover-MA_CROSS,IDEALPRO-001,IDEALPRO-1-201473,MARKET,BUY,100000.00,GTC,False,False,100000.00,TAKER,1.16206499999975,0.0,['2.32 USD'],NO_TRIGGER,FILLED,OTO,OL-20250718-070000-001-MA_CROSS-58,"['O-20250718-070000-001-MA_CROSS-178', 'O-20250718-070000-001-MA_CROSS-179']",,,,,['MA_CROSS'],5f783093-1fae-4cc5-90cb-5cadfb33b194,1752822000000000000,1752822000000000000,,,,,,,
BACKTESTER-001,MovingAverageCrossover-MA_CROSS,EUR/USD.IDEALPRO,IDEALPRO-1-178,EUR/USD.IDEALPRO-MovingAverageCrossover-MA_CROSS,IDEALPRO-001,,STOP_MARKET,SELL,99999.99,GTC,True,False,0.00,NO_LIQUIDITY_SIDE,,,,NO_TRIGGER,CANCELED,OUO,OL-20250718-070000-001-MA_CROSS-58,['O-20250718-070000-001-MA_CROSS-179'],O-20250718-070000-001-MA_CROSS-177,,,,['MA_CROSS_SL'],04c071cd-df18-450a-9754-f93fa58a7c33,1752822000000000000,1752847260000000000,1.15856,DEFAULT,,,,,
BACKTESTER-001,MovingAverageCrossover-MA_CROSS,EUR/USD.IDEALPRO,IDEALPRO-1-179,EUR/USD.IDEALPRO-MovingAverageCrossover-MA_CROSS,IDEALPRO-001,IDEALPRO-1-201896,LIMIT,SELL,100000.00,GTC,True,False,100000.00,MAKER,1.1670600000000002,-2.220446049250313e-16,['2.33 USD'],NO_TRIGGER,FILLED,OUO,OL-20250718-070000-001-MA_CROSS-58,['O-20250718-070000-001-MA_CROSS-178'],O-20250718-070000-001-MA_CROSS-177,,,,['MA_CROSS_TP'],92af0528-3706-4710-a52b-f54867b5b8fb,1752822000000000000,1752847260000000000,,,,,1.16706,True,
BACKTESTER-001,MovingAverageCrossover-MA_CROSS,EUR/USD.IDEALPRO,IDEALPRO-1-180,EUR/USD.IDEALPRO-MovingAverageCrossover-MA_CROSS,IDEALPRO-001,IDEALPRO-1-208602,MARKET,SELL,100000.00,GTC,False,False,100000.00,TAKER,1.1747850000002502,0.0,['2.35 USD'],NO_TRIGGER,FILLED,OTO,OL-20250725-070000-001-MA_CROSS-59,"['O-20250725-070000-001-MA_CROSS-181', 'O-20250725-070000-001-MA_CROSS-182']",,,,,['MA_CROSS'],8645a161-a6ac-436e-8d1f-f5c626a0969d,1753426800000000000,1753426800000000000,,,,,,,
BACKTESTER-001,MovingAverageCrossover-MA_CROSS,EUR/USD.IDEALPRO,IDEALPRO-1-181,EUR/USD.IDEALPRO-MovingAverageCrossover-MA_CROSS,IDEALPRO-001,,STOP_MARKET,BUY,99999.99,GTC,True,False,0.00,NO_LIQUIDITY_SIDE,,,,NO_TRIGGER,CANCELED,OUO,OL-20250725-070000-001-MA_CROSS-59,['O-20250725-070000-001-MA_CROSS-182'],O-20250725-070000-001-MA_CROSS-180,,,,['MA_CROSS_SL'],424ebccc-9fac-44a7-a0a5-5e1264529dfb,1753426800000000000,1753687980000000000,1.17829,DEFAULT,,,,,
BACKTESTER-001,MovingAverageCrossover-MA_CROSS,EUR/USD.IDEALPRO,IDEALPRO-1-182,EUR/USD.IDEALPRO-MovingAverageCrossover-MA_CROSS,IDEALPRO-001,IDEALPRO-1-210062,LIMIT,BUY,100000.00,GTC,True,False,100000.00,MAKER,1.1697900000000003,2.220446049250313e-16,['2.34 USD'],NO_TRIGGER,FILLED,OUO,OL-20250725-070000-001-MA_CROSS-59,['O-20250725-070000-001-MA_CROSS-181'],O-20250725-070000-001-MA_CROSS-180,,,,['MA_CROSS_TP'],3b936ffa-8cd9-4674-b4a4-796ae3519050,1753426800000000000,1753687980000000000,,,,,1.16979,True,
