trader_id,strategy_id,instrument_id,venue_order_id,account_id,trade_id,position_id,order_side,order_type,last_qty,last_px,currency,commission,liquidity_side,event_id,ts_event,ts_init,info,reconciliation
BACKTESTER-001,MovingAverageCrossover-MA_CROSS,EUR/USD.IDEALPRO,IDEALPRO-1-001,IDEALPRO-001,IDEALPRO-1-841,EUR/USD.IDEALPRO-MovingAverageCrossover-MA_CROSS,SELL,MARKET,0.01,1.03134,USD,0.00 USD,TAKER,727c688c-3b01-46d9-af22-5533c5302f46,2025-01-02 14:00:00+00:00,2025-01-02 14:00:00+00:00,{},False
BACKTESTER-001,MovingAverageCrossover-MA_CROSS,EUR/USD.IDEALPRO,IDEALPRO-1-001,IDEALPRO-001,IDEALPRO-1-842,EUR/USD.IDEALPRO-MovingAverageCrossover-MA_CROSS,SELL,MARKET,99999.99,1.03133,USD,2.06 USD,TAKER,56be2088-a4e5-4a56-8e96-6e4b578e4a94,2025-01-02 14:00:00+00:00,2025-01-02 14:00:00+00:00,{},False
BACKTESTER-001,MovingAverageCrossover-MA_CROSS,EUR/USD.IDEALPRO,IDEALPRO-1-002,IDEALPRO-001,IDEALPRO-1-876,EUR/USD.IDEALPRO-MovingAverageCrossover-MA_CROSS,BUY,STOP_MARKET,0.01,1.03234,USD,0.00 USD,TAKER,fa8b71ce-15c7-431c-8689-6f73312fd5a4,2025-01-02 14:33:00+00:00,2025-01-02 14:33:00+00:00,{},False
BACKTESTER-001,MovingAverageCrossover-MA_CROSS,EUR/USD.IDEALPRO,IDEALPRO-1-002,IDEALPRO-001,IDEALPRO-1-877,EUR/USD.IDEALPRO-MovingAverageCrossover-MA_CROSS,BUY,STOP_MARKET,99999.99,1.03235,USD,2.06 USD,TAKER,ea49bda5-b9e2-46c9-b579-cd97c6f9e569,2025-01-02 14:33:00+00:00,2025-01-02 14:33:00+00:00,{},False
BACKTESTER-001,MovingAverageCrossover-MA_CROSS,EUR/USD.IDEALPRO,IDEALPRO-1-004,IDEALPRO-001,IDEALPRO-1-3035,EUR/USD.IDEALPRO-MovingAverageCrossover-MA_CROSS,BUY,MARKET,0.01,1.03161,USD,0.00 USD,TAKER,1cc922b8-bc08-4f3a-a3d9-5b8bc49ccd4a,2025-01-06 03:00:00+00:00,2025-01-06 03:00:00+00:00,{},False
BACKTESTER-001,MovingAverageCrossover-MA_CROSS,EUR/USD.IDEALPRO,IDEALPRO-1-004,IDEALPRO-001,IDEALPRO-1-3036,EUR/USD.IDEALPRO-MovingAverageCrossover-MA_CROSS,BUY,MARKET,99999.99,1.03162,USD,2.06 USD,TAKER,f7f81428-ab5b-46e2-a471-21d4da6ac7b8,2025-01-06 03:00:00+00:00,2025-01-06 03:00:00+00:00,{},False
BACKTESTER-001,MovingAverageCrossover-MA_CROSS,EUR/USD.IDEALPRO,IDEALPRO-1-006,IDEALPRO-001,IDEALPRO-1-3394,EUR/USD.IDEALPRO-MovingAverageCrossover-MA_CROSS,SELL,LIMIT,0.01,1.03461,USD,0.00 USD,MAKER,33c20108-1012-4333-88fe-6b06f3382a2e,2025-01-06 08:57:00+00:00,2025-01-06 08:57:00+00:00,{},False
BACKTESTER-001,MovingAverageCrossover-MA_CROSS,EUR/USD.IDEALPRO,IDEALPRO-1-006,IDEALPRO-001,IDEALPRO-1-3395,EUR/USD.IDEALPRO-MovingAverageCrossover-MA_CROSS,SELL,LIMIT,99999.99,1.03461,USD,2.07 USD,MAKER,8a011610-6530-41b1-a3a1-e73b1f09cb2c,2025-01-06 08:57:00+00:00,2025-01-06 08:57:00+00:00,{},False
BACKTESTER-001,MovingAverageCrossover-MA_CROSS,EUR/USD.IDEALPRO,IDEALPRO-1-007,IDEALPRO-001,IDEALPRO-1-5934,EUR/USD.IDEALPRO-MovingAverageCrossover-MA_CROSS,SELL,MARKET,0.01,1.03469,USD,0.00 USD,TAKER,510e4733-5060-4586-9edd-67d82fa66d0f,2025-01-08 03:45:00+00:00,2025-01-08 03:45:00+00:00,{},False
BACKTESTER-001,MovingAverageCrossover-MA_CROSS,EUR/USD.IDEALPRO,IDEALPRO-1-007,IDEALPRO-001,IDEALPRO-1-5935,EUR/USD.IDEALPRO-MovingAverageCrossover-MA_CROSS,SELL,MARKET,99999.99,1.03468,USD,2.07 USD,TAKER,9c275083-ca0b-4d26-8779-6c80ddd13053,2025-01-08 03:45:00+00:00,2025-01-08 03:45:00+00:00,{},False
BACKTESTER-001,MovingAverageCrossover-MA_CROSS,EUR/USD.IDEALPRO,IDEALPRO-1-008,IDEALPRO-001,IDEALPRO-1-6076,EUR/USD.IDEALPRO-MovingAverageCrossover-MA_CROSS,BUY,STOP_MARKET,0.01,1.03569,USD,0.00 USD,TAKER,7bbb1c97-be44-4a6c-b87a-7507506747b9,2025-01-08 06:05:00+00:00,2025-01-08 06:05:00+00:00,{},False
BACKTESTER-001,MovingAverageCrossover-MA_CROSS,EUR/USD.IDEALPRO,IDEALPRO-1-008,IDEALPRO-001,IDEALPRO-1-6077,EUR/USD.IDEALPRO-MovingAverageCrossover-MA_CROSS,BUY,STOP_MARKET,99999.99,1.03570,USD,2.07 USD,TAKER,6d86ea25-1290-408b-8251-25718bfd39dc,2025-01-08 06:05:00+00:00,2025-01-08 06:05:00+00:00,{},False
BACKTESTER-001,MovingAverageCrossover-MA_CROSS,EUR/USD.IDEALPRO,IDEALPRO-1-010,IDEALPRO-001,IDEALPRO-1-12238,EUR/USD.IDEALPRO-MovingAverageCrossover-MA_CROSS,BUY,MARKET,0.01,1.02534,USD,0.00 USD,TAKER,0f5713c6-ab35-4c6d-94a1-e97c74d9f93b,2025-01-14 13:45:00+00:00,2025-01-14 13:45:00+00:00,{},False
BACKTESTER-001,MovingAverageCrossover-MA_CROSS,EUR/USD.IDEALPRO,IDEALPRO-1-010,IDEALPRO-001,IDEALPRO-1-12239,EUR/USD.IDEALPRO-MovingAverageCrossover-MA_CROSS,BUY,MARKET,99999.99,1.02535,USD,2.05 USD,TAKER,6170a442-9f6d-48f9-a0cc-cf12cc19c996,2025-01-14 13:45:00+00:00,2025-01-14 13:45:00+00:00,{},False
BACKTESTER-001,MovingAverageCrossover-MA_CROSS,EUR/USD.IDEALPRO,IDEALPRO-1-012,IDEALPRO-001,IDEALPRO-1-12355,EUR/USD.IDEALPRO-MovingAverageCrossover-MA_CROSS,SELL,LIMIT,0.01,1.02834,USD,0.00 USD,MAKER,b2ca4a82-2b47-4df8-a9b8-bd68f46f6831,2025-01-14 15:40:00+00:00,2025-01-14 15:40:00+00:00,{},False
BACKTESTER-001,MovingAverageCrossover-MA_CROSS,EUR/USD.IDEALPRO,IDEALPRO-1-012,IDEALPRO-001,IDEALPRO-1-12356,EUR/USD.IDEALPRO-MovingAverageCrossover-MA_CROSS,SELL,LIMIT,99999.99,1.02834,USD,2.06 USD,MAKER,b5111b03-a8ba-41ad-bf0a-21bb1fac9b98,2025-01-14 15:40:00+00:00,2025-01-14 15:40:00+00:00,{},False
BACKTESTER-001,MovingAverageCrossover-MA_CROSS,EUR/USD.IDEALPRO,IDEALPRO-1-013,IDEALPRO-001,IDEALPRO-1-16457,EUR/USD.IDEALPRO-MovingAverageCrossover-MA_CROSS,SELL,MARKET,0.01,1.02957,USD,0.00 USD,TAKER,b64c0b97-0e3b-4dbb-87fb-a69b19320656,2025-01-17 12:45:00+00:00,2025-01-17 12:45:00+00:00,{},False
BACKTESTER-001,MovingAverageCrossover-MA_CROSS,EUR/USD.IDEALPRO,IDEALPRO-1-013,IDEALPRO-001,IDEALPRO-1-16458,EUR/USD.IDEALPRO-MovingAverageCrossover-MA_CROSS,SELL,MARKET,99999.99,1.02956,USD,2.06 USD,TAKER,367f46c2-9d2d-4fa1-90b5-7c0d601c2cd2,2025-01-17 12:45:00+00:00,2025-01-17 12:45:00+00:00,{},False
BACKTESTER-001,MovingAverageCrossover-MA_CROSS,EUR/USD.IDEALPRO,IDEALPRO-1-015,IDEALPRO-001,IDEALPRO-1-16560,EUR/USD.IDEALPRO-MovingAverageCrossover-MA_CROSS,BUY,LIMIT,0.01,1.02657,USD,0.00 USD,MAKER,4e53a883-1f77-4869-86b8-31fa6fc4888f,2025-01-17 14:26:00+00:00,2025-01-17 14:26:00+00:00,{},False
BACKTESTER-001,MovingAverageCrossover-MA_CROSS,EUR/USD.IDEALPRO,IDEALPRO-1-015,IDEALPRO-001,IDEALPRO-1-16561,EUR/USD.IDEALPRO-MovingAverageCrossover-MA_CROSS,BUY,LIMIT,99999.99,1.02657,USD,2.05 USD,MAKER,f85533e1-6bf1-43b1-91d8-35b4b9a6145b,2025-01-17 14:26:00+00:00,2025-01-17 14:26:00+00:00,{},False
BACKTESTER-001,MovingAverageCrossover-MA_CROSS,EUR/USD.IDEALPRO,IDEALPRO-1-016,IDEALPRO-001,IDEALPRO-1-17676,EUR/USD.IDEALPRO-MovingAverageCrossover-MA_CROSS,BUY,MARKET,0.01,1.03136,USD,0.00 USD,TAKER,e57cb713-0e90-4b62-8aca-a21c9e10a15c,2025-01-20 09:15:00+00:00,2025-01-20 09:15:00+00:00,{},False
BACKTESTER-001,MovingAverageCrossover-MA_CROSS,EUR/USD.IDEALPRO,IDEALPRO-1-016,IDEALPRO-001,IDEALPRO-1-17677,EUR/USD.IDEALPRO-MovingAverageCrossover-MA_CROSS,BUY,MARKET,99999.99,1.03137,USD,2.06 USD,TAKER,1466310a-097b-41e4-ab1c-28c99f41b189,2025-01-20 09:15:00+00:00,2025-01-20 09:15:00+00:00,{},False
BACKTESTER-001,MovingAverageCrossover-MA_CROSS,EUR/USD.IDEALPRO,IDEALPRO-1-018,IDEALPRO-001,IDEALPRO-1-17934,EUR/USD.IDEALPRO-MovingAverageCrossover-MA_CROSS,SELL,LIMIT,0.01,1.03436,USD,0.00 USD,MAKER,88f021d4-b585-4978-a4fb-03641d2d4a13,2025-01-20 13:31:00+00:00,2025-01-20 13:31:00+00:00,{},False
BACKTESTER-001,MovingAverageCrossover-MA_CROSS,EUR/USD.IDEALPRO,IDEALPRO-1-018,IDEALPRO-001,IDEALPRO-1-17935,EUR/USD.IDEALPRO-MovingAverageCrossover-MA_CROSS,SELL,LIMIT,99999.99,1.03436,USD,2.07 USD,MAKER,201469b8-d5f4-46af-bd2f-6665999db7dd,2025-01-20 13:31:00+00:00,2025-01-20 13:31:00+00:00,{},False
BACKTESTER-001,MovingAverageCrossover-MA_CROSS,EUR/USD.IDEALPRO,IDEALPRO-1-019,IDEALPRO-001,IDEALPRO-1-22315,EUR/USD.IDEALPRO-MovingAverageCrossover-MA_CROSS,SELL,MARKET,0.01,1.04012,USD,0.00 USD,TAKER,19b70f5a-ebc4-4550-b997-91b07d2a3eff,2025-01-23 15:15:00+00:00,2025-01-23 15:15:00+00:00,{},False
BACKTESTER-001,MovingAverageCrossover-MA_CROSS,EUR/USD.IDEALPRO,IDEALPRO-1-019,IDEALPRO-001,IDEALPRO-1-22316,EUR/USD.IDEALPRO-MovingAverageCrossover-MA_CROSS,SELL,MARKET,99999.99,1.04011,USD,2.08 USD,TAKER,cf2aad8a-2511-4388-a12b-3fbab7afa05c,2025-01-23 15:15:00+00:00,2025-01-23 15:15:00+00:00,{},False
BACKTESTER-001,MovingAverageCrossover-MA_CROSS,EUR/USD.IDEALPRO,IDEALPRO-1-020,IDEALPRO-001,IDEALPRO-1-22384,EUR/USD.IDEALPRO-MovingAverageCrossover-MA_CROSS,BUY,STOP_MARKET,0.01,1.04112,USD,0.00 USD,TAKER,52cc346d-f7c1-4af6-8396-8709c946b605,2025-01-23 16:22:00+00:00,2025-01-23 16:22:00+00:00,{},False
BACKTESTER-001,MovingAverageCrossover-MA_CROSS,EUR/USD.IDEALPRO,IDEALPRO-1-020,IDEALPRO-001,IDEALPRO-1-22385,EUR/USD.IDEALPRO-MovingAverageCrossover-MA_CROSS,BUY,STOP_MARKET,99999.99,1.04113,USD,2.08 USD,TAKER,78e21754-f02a-4c9a-b6eb-e993904fb4b5,2025-01-23 16:22:00+00:00,2025-01-23 16:22:00+00:00,{},False
BACKTESTER-001,MovingAverageCrossover-MA_CROSS,EUR/USD.IDEALPRO,IDEALPRO-1-022,IDEALPRO-001,IDEALPRO-1-22484,EUR/USD.IDEALPRO-MovingAverageCrossover-MA_CROSS,BUY,MARKET,0.01,1.04354,USD,0.00 USD,TAKER,bc1e3df0-136d-477e-91b8-abdfc502df08,2025-01-23 18:00:00+00:00,2025-01-23 18:00:00+00:00,{},False
BACKTESTER-001,MovingAverageCrossover-MA_CROSS,EUR/USD.IDEALPRO,IDEALPRO-1-022,IDEALPRO-001,IDEALPRO-1-22485,EUR/USD.IDEALPRO-MovingAverageCrossover-MA_CROSS,BUY,MARKET,99999.99,1.04355,USD,2.09 USD,TAKER,29c4f0bb-f309-49a3-b9ef-fb8242d06caf,2025-01-23 18:00:00+00:00,2025-01-23 18:00:00+00:00,{},False
BACKTESTER-001,MovingAverageCrossover-MA_CROSS,EUR/USD.IDEALPRO,IDEALPRO-1-023,IDEALPRO-001,IDEALPRO-1-22519,EUR/USD.IDEALPRO-MovingAverageCrossover-MA_CROSS,SELL,STOP_MARKET,0.01,1.04254,USD,0.00 USD,TAKER,0af4b9cc-b8be-4087-94f4-45d9a5c67478,2025-01-23 18:33:00+00:00,2025-01-23 18:33:00+00:00,{},False
BACKTESTER-001,MovingAverageCrossover-MA_CROSS,EUR/USD.IDEALPRO,IDEALPRO-1-023,IDEALPRO-001,IDEALPRO-1-22520,EUR/USD.IDEALPRO-MovingAverageCrossover-MA_CROSS,SELL,STOP_MARKET,99999.99,1.04253,USD,2.09 USD,TAKER,b1a90332-b150-4c19-aa59-d0cd114ae98c,2025-01-23 18:33:00+00:00,2025-01-23 18:33:00+00:00,{},False
BACKTESTER-001,MovingAverageCrossover-MA_CROSS,EUR/USD.IDEALPRO,IDEALPRO-1-025,IDEALPRO-001,IDEALPRO-1-26148,EUR/USD.IDEALPRO-MovingAverageCrossover-MA_CROSS,SELL,MARKET,0.01,1.04315,USD,0.00 USD,TAKER,0a7e38b6-52ff-4d8b-a64b-6df8ba84650f,2025-01-28 07:45:00+00:00,2025-01-28 07:45:00+00:00,{},False
BACKTESTER-001,MovingAverageCrossover-MA_CROSS,EUR/USD.IDEALPRO,IDEALPRO-1-025,IDEALPRO-001,IDEALPRO-1-26149,EUR/USD.IDEALPRO-MovingAverageCrossover-MA_CROSS,SELL,MARKET,99999.99,1.04314,USD,2.09 USD,TAKER,5e31cbf5-1adc-41d5-8ac4-65aa6f6d9c03,2025-01-28 07:45:00+00:00,2025-01-28 07:45:00+00:00,{},False
BACKTESTER-001,MovingAverageCrossover-MA_CROSS,EUR/USD.IDEALPRO,IDEALPRO-1-026,IDEALPRO-001,IDEALPRO-1-26255,EUR/USD.IDEALPRO-MovingAverageCrossover-MA_CROSS,BUY,STOP_MARKET,0.01,1.04415,USD,0.00 USD,TAKER,4db926fd-ea5a-4d09-bd44-1e72cf698105,2025-01-28 09:30:00+00:00,2025-01-28 09:30:00+00:00,{},False
BACKTESTER-001,MovingAverageCrossover-MA_CROSS,EUR/USD.IDEALPRO,IDEALPRO-1-026,IDEALPRO-001,IDEALPRO-1-26256,EUR/USD.IDEALPRO-MovingAverageCrossover-MA_CROSS,BUY,STOP_MARKET,99999.99,1.04416,USD,2.09 USD,TAKER,9fff2459-609e-47eb-a058-917ebc4d17c5,2025-01-28 09:30:00+00:00,2025-01-28 09:30:00+00:00,{},False
BACKTESTER-001,MovingAverageCrossover-MA_CROSS,EUR/USD.IDEALPRO,IDEALPRO-1-028,IDEALPRO-001,IDEALPRO-1-33757,EUR/USD.IDEALPRO-MovingAverageCrossover-MA_CROSS,BUY,MARKET,0.01,1.03794,USD,0.00 USD,TAKER,f9664e8e-5ec8-4fa7-999b-edf684eaba2b,2025-02-04 15:45:00+00:00,2025-02-04 15:45:00+00:00,{},False
BACKTESTER-001,MovingAverageCrossover-MA_CROSS,EUR/USD.IDEALPRO,IDEALPRO-1-028,IDEALPRO-001,IDEALPRO-1-33758,EUR/USD.IDEALPRO-MovingAverageCrossover-MA_CROSS,BUY,MARKET,99999.99,1.03795,USD,2.08 USD,TAKER,10902df4-a085-4fa4-ab59-55ff117c9d69,2025-02-04 15:45:00+00:00,2025-02-04 15:45:00+00:00,{},False
BACKTESTER-001,MovingAverageCrossover-MA_CROSS,EUR/USD.IDEALPRO,IDEALPRO-1-029,IDEALPRO-001,IDEALPRO-1-33851,EUR/USD.IDEALPRO-MovingAverageCrossover-MA_CROSS,SELL,STOP_MARKET,0.01,1.03694,USD,0.00 USD,TAKER,eb08d964-51df-481b-ba09-6609b8a7e843,2025-02-04 17:17:00+00:00,2025-02-04 17:17:00+00:00,{},False
BACKTESTER-001,MovingAverageCrossover-MA_CROSS,EUR/USD.IDEALPRO,IDEALPRO-1-029,IDEALPRO-001,IDEALPRO-1-33852,EUR/USD.IDEALPRO-MovingAverageCrossover-MA_CROSS,SELL,STOP_MARKET,99999.99,1.03693,USD,2.07 USD,TAKER,1d743215-6107-4c56-954d-8e8768a078e7,2025-02-04 17:17:00+00:00,2025-02-04 17:17:00+00:00,{},False
BACKTESTER-001,MovingAverageCrossover-MA_CROSS,EUR/USD.IDEALPRO,IDEALPRO-1-031,IDEALPRO-001,IDEALPRO-1-36611,EUR/USD.IDEALPRO-MovingAverageCrossover-MA_CROSS,SELL,MARKET,0.01,1.03665,USD,0.00 USD,TAKER,b44448f4-1ff0-4362-93ed-aef15b49a7d2,2025-02-06 15:45:00+00:00,2025-02-06 15:45:00+00:00,{},False
BACKTESTER-001,MovingAverageCrossover-MA_CROSS,EUR/USD.IDEALPRO,IDEALPRO-1-031,IDEALPRO-001,IDEALPRO-1-36612,EUR/USD.IDEALPRO-MovingAverageCrossover-MA_CROSS,SELL,MARKET,99999.99,1.03664,USD,2.07 USD,TAKER,bca9d747-bee2-4b3d-a9ec-550730da86e1,2025-02-06 15:45:00+00:00,2025-02-06 15:45:00+00:00,{},False
BACKTESTER-001,MovingAverageCrossover-MA_CROSS,EUR/USD.IDEALPRO,IDEALPRO-1-032,IDEALPRO-001,IDEALPRO-1-36660,EUR/USD.IDEALPRO-MovingAverageCrossover-MA_CROSS,BUY,STOP_MARKET,0.01,1.03765,USD,0.00 USD,TAKER,821ec1d2-1709-4543-81d5-c96caff37f49,2025-02-06 16:32:00+00:00,2025-02-06 16:32:00+00:00,{},False
BACKTESTER-001,MovingAverageCrossover-MA_CROSS,EUR/USD.IDEALPRO,IDEALPRO-1-032,IDEALPRO-001,IDEALPRO-1-36661,EUR/USD.IDEALPRO-MovingAverageCrossover-MA_CROSS,BUY,STOP_MARKET,99999.99,1.03766,USD,2.08 USD,TAKER,a650bd4a-c5b3-4f59-a792-4f5e70bcd019,2025-02-06 16:32:00+00:00,2025-02-06 16:32:00+00:00,{},False
BACKTESTER-001,MovingAverageCrossover-MA_CROSS,EUR/USD.IDEALPRO,IDEALPRO-1-034,IDEALPRO-001,IDEALPRO-1-37110,EUR/USD.IDEALPRO-MovingAverageCrossover-MA_CROSS,BUY,MARKET,0.01,1.03876,USD,0.00 USD,TAKER,bc789469-9a42-4cec-962c-4f8e070feea5,2025-02-07 00:15:00+00:00,2025-02-07 00:15:00+00:00,{},False
BACKTESTER-001,MovingAverageCrossover-MA_CROSS,EUR/USD.IDEALPRO,IDEALPRO-1-034,IDEALPRO-001,IDEALPRO-1-37111,EUR/USD.IDEALPRO-MovingAverageCrossover-MA_CROSS,BUY,MARKET,99999.99,1.03877,USD,2.08 USD,TAKER,3474f17f-eafd-4b4b-bfad-1f9dc3f64934,2025-02-07 00:15:00+00:00,2025-02-07 00:15:00+00:00,{},False
BACKTESTER-001,MovingAverageCrossover-MA_CROSS,EUR/USD.IDEALPRO,IDEALPRO-1-035,IDEALPRO-001,IDEALPRO-1-37157,EUR/USD.IDEALPRO-MovingAverageCrossover-MA_CROSS,SELL,STOP_MARKET,0.01,1.03776,USD,0.00 USD,TAKER,049af97e-aa13-477d-bcdb-66b60fcf9c32,2025-02-07 01:00:00+00:00,2025-02-07 01:00:00+00:00,{},False
BACKTESTER-001,MovingAverageCrossover-MA_CROSS,EUR/USD.IDEALPRO,IDEALPRO-1-035,IDEALPRO-001,IDEALPRO-1-37158,EUR/USD.IDEALPRO-MovingAverageCrossover-MA_CROSS,SELL,STOP_MARKET,99999.99,1.03775,USD,2.08 USD,TAKER,da295b90-5fe8-4c57-851e-98bb81d54af2,2025-02-07 01:00:00+00:00,2025-02-07 01:00:00+00:00,{},False
BACKTESTER-001,MovingAverageCrossover-MA_CROSS,EUR/USD.IDEALPRO,IDEALPRO-1-037,IDEALPRO-001,IDEALPRO-1-37429,EUR/USD.IDEALPRO-MovingAverageCrossover-MA_CROSS,SELL,MARKET,0.01,1.03786,USD,0.00 USD,TAKER,a2035337-38fb-4c4b-ae5f-49400a61dea7,2025-02-07 05:30:00+00:00,2025-02-07 05:30:00+00:00,{},False
BACKTESTER-001,MovingAverageCrossover-MA_CROSS,EUR/USD.IDEALPRO,IDEALPRO-1-037,IDEALPRO-001,IDEALPRO-1-37430,EUR/USD.IDEALPRO-MovingAverageCrossover-MA_CROSS,SELL,MARKET,99999.99,1.03785,USD,2.08 USD,TAKER,1b721696-5d50-4e5f-984a-92b887b7ac88,2025-02-07 05:30:00+00:00,2025-02-07 05:30:00+00:00,{},False
BACKTESTER-001,MovingAverageCrossover-MA_CROSS,EUR/USD.IDEALPRO,IDEALPRO-1-038,IDEALPRO-001,IDEALPRO-1-37576,EUR/USD.IDEALPRO-MovingAverageCrossover-MA_CROSS,BUY,STOP_MARKET,0.01,1.03886,USD,0.00 USD,TAKER,7cef5215-3366-4e7d-9941-85a1fadda453,2025-02-07 07:55:00+00:00,2025-02-07 07:55:00+00:00,{},False
BACKTESTER-001,MovingAverageCrossover-MA_CROSS,EUR/USD.IDEALPRO,IDEALPRO-1-038,IDEALPRO-001,IDEALPRO-1-37577,EUR/USD.IDEALPRO-MovingAverageCrossover-MA_CROSS,BUY,STOP_MARKET,99999.99,1.03887,USD,2.08 USD,TAKER,8fbe8dc3-4de3-418d-b3d4-2bd5f740512b,2025-02-07 07:55:00+00:00,2025-02-07 07:55:00+00:00,{},False
BACKTESTER-001,MovingAverageCrossover-MA_CROSS,EUR/USD.IDEALPRO,IDEALPRO-1-040,IDEALPRO-001,IDEALPRO-1-41168,EUR/USD.IDEALPRO-MovingAverageCrossover-MA_CROSS,BUY,MARKET,0.01,1.03618,USD,0.00 USD,TAKER,e07cb45d-b4ba-4153-9082-bcf3e2c8682f,2025-02-11 20:15:00+00:00,2025-02-11 20:15:00+00:00,{},False
BACKTESTER-001,MovingAverageCrossover-MA_CROSS,EUR/USD.IDEALPRO,IDEALPRO-1-040,IDEALPRO-001,IDEALPRO-1-41169,EUR/USD.IDEALPRO-MovingAverageCrossover-MA_CROSS,BUY,MARKET,99999.99,1.03619,USD,2.07 USD,TAKER,19aba3ef-b915-4f95-9a2a-078d4b54b663,2025-02-11 20:15:00+00:00,2025-02-11 20:15:00+00:00,{},False
BACKTESTER-001,MovingAverageCrossover-MA_CROSS,EUR/USD.IDEALPRO,IDEALPRO-1-041,IDEALPRO-001,IDEALPRO-1-42191,EUR/USD.IDEALPRO-MovingAverageCrossover-MA_CROSS,SELL,STOP_MARKET,0.01,1.03518,USD,0.00 USD,TAKER,234dd4e3-cf75-4ce3-99bb-6fa7284ef61b,2025-02-12 13:31:00+00:00,2025-02-12 13:31:00+00:00,{},False
BACKTESTER-001,MovingAverageCrossover-MA_CROSS,EUR/USD.IDEALPRO,IDEALPRO-1-041,IDEALPRO-001,IDEALPRO-1-42192,EUR/USD.IDEALPRO-MovingAverageCrossover-MA_CROSS,SELL,STOP_MARKET,99999.99,1.03517,USD,2.07 USD,TAKER,0f2e40a6-d0c8-4593-881b-bd0da29c3039,2025-02-12 13:31:00+00:00,2025-02-12 13:31:00+00:00,{},False
BACKTESTER-001,MovingAverageCrossover-MA_CROSS,EUR/USD.IDEALPRO,IDEALPRO-1-043,IDEALPRO-001,IDEALPRO-1-47577,EUR/USD.IDEALPRO-MovingAverageCrossover-MA_CROSS,SELL,MARKET,0.01,1.04569,USD,0.00 USD,TAKER,3cbf1a78-e381-499f-aa32-b648bec572cd,2025-02-18 08:15:00+00:00,2025-02-18 08:15:00+00:00,{},False
BACKTESTER-001,MovingAverageCrossover-MA_CROSS,EUR/USD.IDEALPRO,IDEALPRO-1-043,IDEALPRO-001,IDEALPRO-1-47578,EUR/USD.IDEALPRO-MovingAverageCrossover-MA_CROSS,SELL,MARKET,99999.99,1.04568,USD,2.09 USD,TAKER,d212696b-533c-4f50-ac68-40c4bc33ac24,2025-02-18 08:15:00+00:00,2025-02-18 08:15:00+00:00,{},False
BACKTESTER-001,MovingAverageCrossover-MA_CROSS,EUR/USD.IDEALPRO,IDEALPRO-1-044,IDEALPRO-001,IDEALPRO-1-47589,EUR/USD.IDEALPRO-MovingAverageCrossover-MA_CROSS,BUY,STOP_MARKET,0.01,1.04669,USD,0.00 USD,TAKER,65452e88-0e50-498a-bfde-89f0a3087656,2025-02-18 08:25:00+00:00,2025-02-18 08:25:00+00:00,{},False
BACKTESTER-001,MovingAverageCrossover-MA_CROSS,EUR/USD.IDEALPRO,IDEALPRO-1-044,IDEALPRO-001,IDEALPRO-1-47590,EUR/USD.IDEALPRO-MovingAverageCrossover-MA_CROSS,BUY,STOP_MARKET,99999.99,1.04670,USD,2.09 USD,TAKER,77efecc6-1f37-4fb4-a579-897809057de4,2025-02-18 08:25:00+00:00,2025-02-18 08:25:00+00:00,{},False
BACKTESTER-001,MovingAverageCrossover-MA_CROSS,EUR/USD.IDEALPRO,IDEALPRO-1-046,IDEALPRO-001,IDEALPRO-1-50971,EUR/USD.IDEALPRO-MovingAverageCrossover-MA_CROSS,BUY,MARKET,0.01,1.04842,USD,0.00 USD,TAKER,42286923-055b-47fe-acd8-3bdcef78a5b2,2025-02-20 17:15:00+00:00,2025-02-20 17:15:00+00:00,{},False
BACKTESTER-001,MovingAverageCrossover-MA_CROSS,EUR/USD.IDEALPRO,IDEALPRO-1-046,IDEALPRO-001,IDEALPRO-1-50972,EUR/USD.IDEALPRO-MovingAverageCrossover-MA_CROSS,BUY,MARKET,99999.99,1.04843,USD,2.10 USD,TAKER,c44f6a1a-5efb-4d7c-a3ef-5e8ecac2ed6e,2025-02-20 17:15:00+00:00,2025-02-20 17:15:00+00:00,{},False
BACKTESTER-001,MovingAverageCrossover-MA_CROSS,EUR/USD.IDEALPRO,IDEALPRO-1-047,IDEALPRO-001,IDEALPRO-1-51859,EUR/USD.IDEALPRO-MovingAverageCrossover-MA_CROSS,SELL,STOP_MARKET,0.01,1.04742,USD,0.00 USD,TAKER,2768ec14-a503-4777-8aab-a5264fd88bd9,2025-02-21 08:16:00+00:00,2025-02-21 08:16:00+00:00,{},False
BACKTESTER-001,MovingAverageCrossover-MA_CROSS,EUR/USD.IDEALPRO,IDEALPRO-1-047,IDEALPRO-001,IDEALPRO-1-51860,EUR/USD.IDEALPRO-MovingAverageCrossover-MA_CROSS,SELL,STOP_MARKET,99999.99,1.04741,USD,2.09 USD,TAKER,91626fd7-0b91-4cc0-920b-67de1d36b1f7,2025-02-21 08:16:00+00:00,2025-02-21 08:16:00+00:00,{},False
BACKTESTER-001,MovingAverageCrossover-MA_CROSS,EUR/USD.IDEALPRO,IDEALPRO-1-049,IDEALPRO-001,IDEALPRO-1-53975,EUR/USD.IDEALPRO-MovingAverageCrossover-MA_CROSS,SELL,MARKET,0.01,1.04747,USD,0.00 USD,TAKER,e5459f3c-781d-4664-98f8-2663a66f322f,2025-02-24 19:45:00+00:00,2025-02-24 19:45:00+00:00,{},False
BACKTESTER-001,MovingAverageCrossover-MA_CROSS,EUR/USD.IDEALPRO,IDEALPRO-1-049,IDEALPRO-001,IDEALPRO-1-53976,EUR/USD.IDEALPRO-MovingAverageCrossover-MA_CROSS,SELL,MARKET,99999.99,1.04746,USD,2.09 USD,TAKER,e102d029-2ae6-4d7c-9f37-4378695d7e16,2025-02-24 19:45:00+00:00,2025-02-24 19:45:00+00:00,{},False
BACKTESTER-001,MovingAverageCrossover-MA_CROSS,EUR/USD.IDEALPRO,IDEALPRO-1-050,IDEALPRO-001,IDEALPRO-1-54913,EUR/USD.IDEALPRO-MovingAverageCrossover-MA_CROSS,BUY,STOP_MARKET,0.01,1.04847,USD,0.00 USD,TAKER,718e3442-e3d5-4ca6-9f75-deb9c518f62f,2025-02-25 11:36:00+00:00,2025-02-25 11:36:00+00:00,{},False
BACKTESTER-001,MovingAverageCrossover-MA_CROSS,EUR/USD.IDEALPRO,IDEALPRO-1-050,IDEALPRO-001,IDEALPRO-1-54914,EUR/USD.IDEALPRO-MovingAverageCrossover-MA_CROSS,BUY,STOP_MARKET,99999.99,1.04848,USD,2.10 USD,TAKER,f231f3c1-cd2d-4e73-bb46-a89220313f7a,2025-02-25 11:36:00+00:00,2025-02-25 11:36:00+00:00,{},False
BACKTESTER-001,MovingAverageCrossover-MA_CROSS,EUR/USD.IDEALPRO,IDEALPRO-1-052,IDEALPRO-001,IDEALPRO-1-55134,EUR/USD.IDEALPRO-MovingAverageCrossover-MA_CROSS,BUY,MARKET,0.01,1.05131,USD,0.00 USD,TAKER,2cd6842f-e480-4582-b318-ab15436bbcd6,2025-02-25 15:15:00+00:00,2025-02-25 15:15:00+00:00,{},False
BACKTESTER-001,MovingAverageCrossover-MA_CROSS,EUR/USD.IDEALPRO,IDEALPRO-1-052,IDEALPRO-001,IDEALPRO-1-55135,EUR/USD.IDEALPRO-MovingAverageCrossover-MA_CROSS,BUY,MARKET,99999.99,1.05132,USD,2.10 USD,TAKER,b1760719-6689-4da2-9f79-ee068f4ac524,2025-02-25 15:15:00+00:00,2025-02-25 15:15:00+00:00,{},False
BACKTESTER-001,MovingAverageCrossover-MA_CROSS,EUR/USD.IDEALPRO,IDEALPRO-1-053,IDEALPRO-001,IDEALPRO-1-55169,EUR/USD.IDEALPRO-MovingAverageCrossover-MA_CROSS,SELL,STOP_MARKET,0.01,1.05031,USD,0.00 USD,TAKER,0172126f-8276-4177-99aa-56a5a8c4133a,2025-02-25 15:48:00+00:00,2025-02-25 15:48:00+00:00,{},False
BACKTESTER-001,MovingAverageCrossover-MA_CROSS,EUR/USD.IDEALPRO,IDEALPRO-1-053,IDEALPRO-001,IDEALPRO-1-55170,EUR/USD.IDEALPRO-MovingAverageCrossover-MA_CROSS,SELL,STOP_MARKET,99999.99,1.05030,USD,2.10 USD,TAKER,4495c273-463d-49a6-9e36-f647936fab58,2025-02-25 15:48:00+00:00,2025-02-25 15:48:00+00:00,{},False
BACKTESTER-001,MovingAverageCrossover-MA_CROSS,EUR/USD.IDEALPRO,IDEALPRO-1-055,IDEALPRO-001,IDEALPRO-1-57298,EUR/USD.IDEALPRO-MovingAverageCrossover-MA_CROSS,SELL,MARKET,0.01,1.04722,USD,0.00 USD,TAKER,c0be40e1-f75e-4de4-8389-ad395f09c58d,2025-02-27 03:45:00+00:00,2025-02-27 03:45:00+00:00,{},False
BACKTESTER-001,MovingAverageCrossover-MA_CROSS,EUR/USD.IDEALPRO,IDEALPRO-1-055,IDEALPRO-001,IDEALPRO-1-57299,EUR/USD.IDEALPRO-MovingAverageCrossover-MA_CROSS,SELL,MARKET,99999.99,1.04721,USD,2.09 USD,TAKER,83b490d9-9a80-4869-811e-9d768cd8fe0c,2025-02-27 03:45:00+00:00,2025-02-27 03:45:00+00:00,{},False
BACKTESTER-001,MovingAverageCrossover-MA_CROSS,EUR/USD.IDEALPRO,IDEALPRO-1-056,IDEALPRO-001,IDEALPRO-1-57630,EUR/USD.IDEALPRO-MovingAverageCrossover-MA_CROSS,BUY,STOP_MARKET,0.01,1.04822,USD,0.00 USD,TAKER,6f466358-751c-4498-8210-dda10fb7cc0f,2025-02-27 09:15:00+00:00,2025-02-27 09:15:00+00:00,{},False
BACKTESTER-001,MovingAverageCrossover-MA_CROSS,EUR/USD.IDEALPRO,IDEALPRO-1-056,IDEALPRO-001,IDEALPRO-1-57631,EUR/USD.IDEALPRO-MovingAverageCrossover-MA_CROSS,BUY,STOP_MARKET,99999.99,1.04823,USD,2.10 USD,TAKER,c42556c9-0324-4677-be3d-665e81e4ad23,2025-02-27 09:15:00+00:00,2025-02-27 09:15:00+00:00,{},False
BACKTESTER-001,MovingAverageCrossover-MA_CROSS,EUR/USD.IDEALPRO,IDEALPRO-1-058,IDEALPRO-001,IDEALPRO-1-60797,EUR/USD.IDEALPRO-MovingAverageCrossover-MA_CROSS,BUY,MARKET,0.01,1.04846,USD,0.00 USD,TAKER,dd782b8d-60a2-4b03-9f4e-6c922d2f2742,2025-03-03 14:30:00+00:00,2025-03-03 14:30:00+00:00,{},False
BACKTESTER-001,MovingAverageCrossover-MA_CROSS,EUR/USD.IDEALPRO,IDEALPRO-1-058,IDEALPRO-001,IDEALPRO-1-60798,EUR/USD.IDEALPRO-MovingAverageCrossover-MA_CROSS,BUY,MARKET,99999.99,1.04847,USD,2.10 USD,TAKER,cf7a501d-98e1-4614-9d34-b4c26f2e20e7,2025-03-03 14:30:00+00:00,2025-03-03 14:30:00+00:00,{},False
BACKTESTER-001,MovingAverageCrossover-MA_CROSS,EUR/USD.IDEALPRO,IDEALPRO-1-059,IDEALPRO-001,IDEALPRO-1-61124,EUR/USD.IDEALPRO-MovingAverageCrossover-MA_CROSS,SELL,STOP_MARKET,0.01,1.04746,USD,0.00 USD,TAKER,830effee-57d3-48a8-a97f-ddae4d8c0f95,2025-03-03 19:55:00+00:00,2025-03-03 19:55:00+00:00,{},False
BACKTESTER-001,MovingAverageCrossover-MA_CROSS,EUR/USD.IDEALPRO,IDEALPRO-1-059,IDEALPRO-001,IDEALPRO-1-61125,EUR/USD.IDEALPRO-MovingAverageCrossover-MA_CROSS,SELL,STOP_MARKET,99999.99,1.04745,USD,2.09 USD,TAKER,753f008c-8620-48df-b979-5cb2837d34dc,2025-03-03 19:55:00+00:00,2025-03-03 19:55:00+00:00,{},False
BACKTESTER-001,MovingAverageCrossover-MA_CROSS,EUR/USD.IDEALPRO,IDEALPRO-1-061,IDEALPRO-001,IDEALPRO-1-71931,EUR/USD.IDEALPRO-MovingAverageCrossover-MA_CROSS,SELL,MARKET,0.01,1.08734,USD,0.00 USD,TAKER,dff5dcf2-4183-4a6a-a789-4f15494b6c9f,2025-03-13 09:00:00+00:00,2025-03-13 09:00:00+00:00,{},False
BACKTESTER-001,MovingAverageCrossover-MA_CROSS,EUR/USD.IDEALPRO,IDEALPRO-1-061,IDEALPRO-001,IDEALPRO-1-71932,EUR/USD.IDEALPRO-MovingAverageCrossover-MA_CROSS,SELL,MARKET,99999.99,1.08733,USD,2.17 USD,TAKER,fe8158f1-6988-45af-b7e5-b776959617af,2025-03-13 09:00:00+00:00,2025-03-13 09:00:00+00:00,{},False
BACKTESTER-001,MovingAverageCrossover-MA_CROSS,EUR/USD.IDEALPRO,IDEALPRO-1-062,IDEALPRO-001,IDEALPRO-1-71956,EUR/USD.IDEALPRO-MovingAverageCrossover-MA_CROSS,BUY,STOP_MARKET,0.01,1.08834,USD,0.00 USD,TAKER,ad068f99-c6dc-49ad-8675-8135f3628535,2025-03-13 09:23:00+00:00,2025-03-13 09:23:00+00:00,{},False
BACKTESTER-001,MovingAverageCrossover-MA_CROSS,EUR/USD.IDEALPRO,IDEALPRO-1-062,IDEALPRO-001,IDEALPRO-1-71957,EUR/USD.IDEALPRO-MovingAverageCrossover-MA_CROSS,BUY,STOP_MARKET,99999.99,1.08835,USD,2.18 USD,TAKER,2a2b7140-2abd-4bcf-acc0-5bc310057fd9,2025-03-13 09:23:00+00:00,2025-03-13 09:23:00+00:00,{},False
BACKTESTER-001,MovingAverageCrossover-MA_CROSS,EUR/USD.IDEALPRO,IDEALPRO-1-064,IDEALPRO-001,IDEALPRO-1-73960,EUR/USD.IDEALPRO-MovingAverageCrossover-MA_CROSS,BUY,MARKET,0.01,1.08802,USD,0.00 USD,TAKER,1bc8536b-ee24-4226-b41e-d313439460fb,2025-03-14 19:00:00+00:00,2025-03-14 19:00:00+00:00,{},False
BACKTESTER-001,MovingAverageCrossover-MA_CROSS,EUR/USD.IDEALPRO,IDEALPRO-1-064,IDEALPRO-001,IDEALPRO-1-73961,EUR/USD.IDEALPRO-MovingAverageCrossover-MA_CROSS,BUY,MARKET,99999.99,1.08803,USD,2.18 USD,TAKER,4bfaa7b8-d4e8-4380-b5ec-3937864afaa3,2025-03-14 19:00:00+00:00,2025-03-14 19:00:00+00:00,{},False
BACKTESTER-001,MovingAverageCrossover-MA_CROSS,EUR/USD.IDEALPRO,IDEALPRO-1-065,IDEALPRO-001,IDEALPRO-1-74701,EUR/USD.IDEALPRO-MovingAverageCrossover-MA_CROSS,SELL,STOP_MARKET,0.01,1.08702,USD,0.00 USD,TAKER,78524a27-b711-4a9d-945a-c1ebb7f26571,2025-03-17 07:34:00+00:00,2025-03-17 07:34:00+00:00,{},False
BACKTESTER-001,MovingAverageCrossover-MA_CROSS,EUR/USD.IDEALPRO,IDEALPRO-1-065,IDEALPRO-001,IDEALPRO-1-74702,EUR/USD.IDEALPRO-MovingAverageCrossover-MA_CROSS,SELL,STOP_MARKET,99999.99,1.08701,USD,2.17 USD,TAKER,4e59cc59-48ff-4cf8-9e5e-ade90a3fdc84,2025-03-17 07:34:00+00:00,2025-03-17 07:34:00+00:00,{},False
BACKTESTER-001,MovingAverageCrossover-MA_CROSS,EUR/USD.IDEALPRO,IDEALPRO-1-067,IDEALPRO-001,IDEALPRO-1-77939,EUR/USD.IDEALPRO-MovingAverageCrossover-MA_CROSS,SELL,MARKET,0.01,1.08945,USD,0.00 USD,TAKER,f06bcc28-1ac7-4845-9871-6969e756892e,2025-03-19 14:00:00+00:00,2025-03-19 14:00:00+00:00,{},False
BACKTESTER-001,MovingAverageCrossover-MA_CROSS,EUR/USD.IDEALPRO,IDEALPRO-1-067,IDEALPRO-001,IDEALPRO-1-77940,EUR/USD.IDEALPRO-MovingAverageCrossover-MA_CROSS,SELL,MARKET,99999.99,1.08944,USD,2.18 USD,TAKER,942da2d0-bd57-431a-ace8-aef8fdb3675c,2025-03-19 14:00:00+00:00,2025-03-19 14:00:00+00:00,{},False
BACKTESTER-001,MovingAverageCrossover-MA_CROSS,EUR/USD.IDEALPRO,IDEALPRO-1-069,IDEALPRO-001,IDEALPRO-1-78152,EUR/USD.IDEALPRO-MovingAverageCrossover-MA_CROSS,BUY,LIMIT,0.01,1.08645,USD,0.00 USD,MAKER,684bc7ae-48f5-4bfb-84f8-6c09aeb0c8f2,2025-03-19 17:31:00+00:00,2025-03-19 17:31:00+00:00,{},False
BACKTESTER-001,MovingAverageCrossover-MA_CROSS,EUR/USD.IDEALPRO,IDEALPRO-1-069,IDEALPRO-001,IDEALPRO-1-78153,EUR/USD.IDEALPRO-MovingAverageCrossover-MA_CROSS,BUY,LIMIT,99999.99,1.08645,USD,2.17 USD,MAKER,0bb05e35-5c6b-4d85-83f4-b2f5298ccda4,2025-03-19 17:31:00+00:00,2025-03-19 17:31:00+00:00,{},False
BACKTESTER-001,MovingAverageCrossover-MA_CROSS,EUR/USD.IDEALPRO,IDEALPRO-1-070,IDEALPRO-001,IDEALPRO-1-86838,EUR/USD.IDEALPRO-MovingAverageCrossover-MA_CROSS,BUY,MARKET,0.01,1.07987,USD,0.00 USD,TAKER,355130b2-46f2-4abd-a3f3-71a48935c495,2025-03-27 19:45:00+00:00,2025-03-27 19:45:00+00:00,{},False
BACKTESTER-001,MovingAverageCrossover-MA_CROSS,EUR/USD.IDEALPRO,IDEALPRO-1-070,IDEALPRO-001,IDEALPRO-1-86839,EUR/USD.IDEALPRO-MovingAverageCrossover-MA_CROSS,BUY,MARKET,99999.99,1.07988,USD,2.16 USD,TAKER,dad32d62-1d1f-4158-820a-26b2753fc812,2025-03-27 19:45:00+00:00,2025-03-27 19:45:00+00:00,{},False
BACKTESTER-001,MovingAverageCrossover-MA_CROSS,EUR/USD.IDEALPRO,IDEALPRO-1-071,IDEALPRO-001,IDEALPRO-1-87122,EUR/USD.IDEALPRO-MovingAverageCrossover-MA_CROSS,SELL,STOP_MARKET,0.01,1.07887,USD,0.00 USD,TAKER,bc2e4d9c-ca3f-4628-985a-99747b5bb3d3,2025-03-28 00:42:00+00:00,2025-03-28 00:42:00+00:00,{},False
BACKTESTER-001,MovingAverageCrossover-MA_CROSS,EUR/USD.IDEALPRO,IDEALPRO-1-071,IDEALPRO-001,IDEALPRO-1-87123,EUR/USD.IDEALPRO-MovingAverageCrossover-MA_CROSS,SELL,STOP_MARKET,99999.99,1.07886,USD,2.16 USD,TAKER,e16828af-aece-4fc7-b54c-f3480f514190,2025-03-28 00:42:00+00:00,2025-03-28 00:42:00+00:00,{},False
BACKTESTER-001,MovingAverageCrossover-MA_CROSS,EUR/USD.IDEALPRO,IDEALPRO-1-073,IDEALPRO-001,IDEALPRO-1-90712,EUR/USD.IDEALPRO-MovingAverageCrossover-MA_CROSS,SELL,MARKET,0.01,1.07872,USD,0.00 USD,TAKER,668cf36b-8072-4dd9-8e20-2f5280f63c5d,2025-04-01 13:00:00+00:00,2025-04-01 13:00:00+00:00,{},False
BACKTESTER-001,MovingAverageCrossover-MA_CROSS,EUR/USD.IDEALPRO,IDEALPRO-1-073,IDEALPRO-001,IDEALPRO-1-90713,EUR/USD.IDEALPRO-MovingAverageCrossover-MA_CROSS,SELL,MARKET,99999.99,1.07871,USD,2.16 USD,TAKER,9d573db8-685b-45c8-ad0f-96de55ee36fe,2025-04-01 13:00:00+00:00,2025-04-01 13:00:00+00:00,{},False
BACKTESTER-001,MovingAverageCrossover-MA_CROSS,EUR/USD.IDEALPRO,IDEALPRO-1-074,IDEALPRO-001,IDEALPRO-1-90776,EUR/USD.IDEALPRO-MovingAverageCrossover-MA_CROSS,BUY,STOP_MARKET,0.01,1.07972,USD,0.00 USD,TAKER,8d411397-1255-4953-a5e2-e7e9b4095664,2025-04-01 14:02:00+00:00,2025-04-01 14:02:00+00:00,{},False
BACKTESTER-001,MovingAverageCrossover-MA_CROSS,EUR/USD.IDEALPRO,IDEALPRO-1-074,IDEALPRO-001,IDEALPRO-1-90777,EUR/USD.IDEALPRO-MovingAverageCrossover-MA_CROSS,BUY,STOP_MARKET,99999.99,1.07973,USD,2.16 USD,TAKER,676a7f88-7076-4615-9119-2e7c014d6503,2025-04-01 14:02:00+00:00,2025-04-01 14:02:00+00:00,{},False
BACKTESTER-001,MovingAverageCrossover-MA_CROSS,EUR/USD.IDEALPRO,IDEALPRO-1-076,IDEALPRO-001,IDEALPRO-1-92396,EUR/USD.IDEALPRO-MovingAverageCrossover-MA_CROSS,BUY,MARKET,0.01,1.08543,USD,0.00 USD,TAKER,155cfc02-41b5-40e5-88df-35e8b2a86820,2025-04-02 17:15:00+00:00,2025-04-02 17:15:00+00:00,{},False
BACKTESTER-001,MovingAverageCrossover-MA_CROSS,EUR/USD.IDEALPRO,IDEALPRO-1-076,IDEALPRO-001,IDEALPRO-1-92397,EUR/USD.IDEALPRO-MovingAverageCrossover-MA_CROSS,BUY,MARKET,99999.99,1.08544,USD,2.17 USD,TAKER,92b42db8-98fb-4af5-99e0-5a1aa281b5c6,2025-04-02 17:15:00+00:00,2025-04-02 17:15:00+00:00,{},False
BACKTESTER-001,MovingAverageCrossover-MA_CROSS,EUR/USD.IDEALPRO,IDEALPRO-1-077,IDEALPRO-001,IDEALPRO-1-92573,EUR/USD.IDEALPRO-MovingAverageCrossover-MA_CROSS,SELL,STOP_MARKET,0.01,1.08443,USD,0.00 USD,TAKER,4e247628-ea75-4265-b6ef-8f330740060b,2025-04-02 20:10:00+00:00,2025-04-02 20:10:00+00:00,{},False
BACKTESTER-001,MovingAverageCrossover-MA_CROSS,EUR/USD.IDEALPRO,IDEALPRO-1-077,IDEALPRO-001,IDEALPRO-1-92574,EUR/USD.IDEALPRO-MovingAverageCrossover-MA_CROSS,SELL,STOP_MARKET,99999.99,1.08442,USD,2.17 USD,TAKER,83622bfe-254a-422f-ad06-3f52d0ec9b26,2025-04-02 20:10:00+00:00,2025-04-02 20:10:00+00:00,{},False
BACKTESTER-001,MovingAverageCrossover-MA_CROSS,EUR/USD.IDEALPRO,IDEALPRO-1-079,IDEALPRO-001,IDEALPRO-1-95775,EUR/USD.IDEALPRO-MovingAverageCrossover-MA_CROSS,SELL,MARKET,0.01,1.09550,USD,0.00 USD,TAKER,75bfd9e6-0302-458c-b214-f129a8d0783b,2025-04-07 02:15:00+00:00,2025-04-07 02:15:00+00:00,{},False
BACKTESTER-001,MovingAverageCrossover-MA_CROSS,EUR/USD.IDEALPRO,IDEALPRO-1-079,IDEALPRO-001,IDEALPRO-1-95776,EUR/USD.IDEALPRO-MovingAverageCrossover-MA_CROSS,SELL,MARKET,99999.99,1.09549,USD,2.19 USD,TAKER,fef8f428-4f81-4f2a-a39f-e3a5d0ac3f6d,2025-04-07 02:15:00+00:00,2025-04-07 02:15:00+00:00,{},False
BACKTESTER-001,MovingAverageCrossover-MA_CROSS,EUR/USD.IDEALPRO,IDEALPRO-1-081,IDEALPRO-001,IDEALPRO-1-95804,EUR/USD.IDEALPRO-MovingAverageCrossover-MA_CROSS,BUY,LIMIT,0.01,1.09250,USD,0.00 USD,MAKER,fb7ca085-3867-4710-be5f-52b2c7dba22f,2025-04-07 02:42:00+00:00,2025-04-07 02:42:00+00:00,{},False
BACKTESTER-001,MovingAverageCrossover-MA_CROSS,EUR/USD.IDEALPRO,IDEALPRO-1-081,IDEALPRO-001,IDEALPRO-1-95805,EUR/USD.IDEALPRO-MovingAverageCrossover-MA_CROSS,BUY,LIMIT,99999.99,1.09250,USD,2.18 USD,MAKER,782c9847-0e6d-4ef9-8bac-d0b5b17d9290,2025-04-07 02:42:00+00:00,2025-04-07 02:42:00+00:00,{},False
BACKTESTER-001,MovingAverageCrossover-MA_CROSS,EUR/USD.IDEALPRO,IDEALPRO-1-082,IDEALPRO-001,IDEALPRO-1-98644,EUR/USD.IDEALPRO-MovingAverageCrossover-MA_CROSS,BUY,MARKET,0.01,1.10235,USD,0.00 USD,TAKER,a35ead75-6fd7-4148-8a27-e8fc97184165,2025-04-09 02:30:00+00:00,2025-04-09 02:30:00+00:00,{},False
BACKTESTER-001,MovingAverageCrossover-MA_CROSS,EUR/USD.IDEALPRO,IDEALPRO-1-082,IDEALPRO-001,IDEALPRO-1-98645,EUR/USD.IDEALPRO-MovingAverageCrossover-MA_CROSS,BUY,MARKET,99999.99,1.10236,USD,2.20 USD,TAKER,3a9fb618-a81d-4a69-8d50-7052e602b090,2025-04-09 02:30:00+00:00,2025-04-09 02:30:00+00:00,{},False
BACKTESTER-001,MovingAverageCrossover-MA_CROSS,EUR/USD.IDEALPRO,IDEALPRO-1-083,IDEALPRO-001,IDEALPRO-1-98657,EUR/USD.IDEALPRO-MovingAverageCrossover-MA_CROSS,SELL,STOP_MARKET,0.01,1.10135,USD,0.00 USD,TAKER,c0b16573-7355-4e1b-9262-ca22aa730064,2025-04-09 02:41:00+00:00,2025-04-09 02:41:00+00:00,{},False
BACKTESTER-001,MovingAverageCrossover-MA_CROSS,EUR/USD.IDEALPRO,IDEALPRO-1-083,IDEALPRO-001,IDEALPRO-1-98658,EUR/USD.IDEALPRO-MovingAverageCrossover-MA_CROSS,SELL,STOP_MARKET,99999.99,1.10134,USD,2.20 USD,TAKER,ca5509db-416b-440f-8d78-a92de64ba232,2025-04-09 02:41:00+00:00,2025-04-09 02:41:00+00:00,{},False
BACKTESTER-001,MovingAverageCrossover-MA_CROSS,EUR/USD.IDEALPRO,IDEALPRO-1-085,IDEALPRO-001,IDEALPRO-1-100058,EUR/USD.IDEALPRO-MovingAverageCrossover-MA_CROSS,SELL,MARKET,0.01,1.09629,USD,0.00 USD,TAKER,75cb9b22-b181-4c9d-a045-5230b424fc7b,2025-04-10 02:15:00+00:00,2025-04-10 02:15:00+00:00,{},False
BACKTESTER-001,MovingAverageCrossover-MA_CROSS,EUR/USD.IDEALPRO,IDEALPRO-1-085,IDEALPRO-001,IDEALPRO-1-100059,EUR/USD.IDEALPRO-MovingAverageCrossover-MA_CROSS,SELL,MARKET,99999.99,1.09628,USD,2.19 USD,TAKER,f0089a1f-b529-4350-a8e3-8c86b0b07269,2025-04-10 02:15:00+00:00,2025-04-10 02:15:00+00:00,{},False
BACKTESTER-001,MovingAverageCrossover-MA_CROSS,EUR/USD.IDEALPRO,IDEALPRO-1-086,IDEALPRO-001,IDEALPRO-1-100104,EUR/USD.IDEALPRO-MovingAverageCrossover-MA_CROSS,BUY,STOP_MARKET,0.01,1.09729,USD,0.00 USD,TAKER,97a9352a-b842-4e86-82c2-d49c3383aea3,2025-04-10 02:59:00+00:00,2025-04-10 02:59:00+00:00,{},False
BACKTESTER-001,MovingAverageCrossover-MA_CROSS,EUR/USD.IDEALPRO,IDEALPRO-1-086,IDEALPRO-001,IDEALPRO-1-100105,EUR/USD.IDEALPRO-MovingAverageCrossover-MA_CROSS,BUY,STOP_MARKET,99999.99,1.09730,USD,2.19 USD,TAKER,6b430748-cca3-44c7-9694-d82cf29a3791,2025-04-10 02:59:00+00:00,2025-04-10 02:59:00+00:00,{},False
BACKTESTER-001,MovingAverageCrossover-MA_CROSS,EUR/USD.IDEALPRO,IDEALPRO-1-088,IDEALPRO-001,IDEALPRO-1-100407,EUR/USD.IDEALPRO-MovingAverageCrossover-MA_CROSS,BUY,MARKET,0.01,1.10265,USD,0.00 USD,TAKER,0f968897-3a7a-4ffd-a88a-fe70647a2833,2025-04-10 08:00:00+00:00,2025-04-10 08:00:00+00:00,{},False
BACKTESTER-001,MovingAverageCrossover-MA_CROSS,EUR/USD.IDEALPRO,IDEALPRO-1-088,IDEALPRO-001,IDEALPRO-1-100408,EUR/USD.IDEALPRO-MovingAverageCrossover-MA_CROSS,BUY,MARKET,99999.99,1.10266,USD,2.21 USD,TAKER,51370c96-6db6-45c9-8048-b5bfb947b8fc,2025-04-10 08:00:00+00:00,2025-04-10 08:00:00+00:00,{},False
BACKTESTER-001,MovingAverageCrossover-MA_CROSS,EUR/USD.IDEALPRO,IDEALPRO-1-089,IDEALPRO-001,IDEALPRO-1-100423,EUR/USD.IDEALPRO-MovingAverageCrossover-MA_CROSS,SELL,STOP_MARKET,0.01,1.10165,USD,0.00 USD,TAKER,ff43bafe-994f-4922-874b-98217ddfae12,2025-04-10 08:14:00+00:00,2025-04-10 08:14:00+00:00,{},False
BACKTESTER-001,MovingAverageCrossover-MA_CROSS,EUR/USD.IDEALPRO,IDEALPRO-1-089,IDEALPRO-001,IDEALPRO-1-100424,EUR/USD.IDEALPRO-MovingAverageCrossover-MA_CROSS,SELL,STOP_MARKET,99999.99,1.10164,USD,2.20 USD,TAKER,7e77e697-8774-488e-8f27-39c3b73bac6a,2025-04-10 08:14:00+00:00,2025-04-10 08:14:00+00:00,{},False
BACKTESTER-001,MovingAverageCrossover-MA_CROSS,EUR/USD.IDEALPRO,IDEALPRO-1-091,IDEALPRO-001,IDEALPRO-1-105121,EUR/USD.IDEALPRO-MovingAverageCrossover-MA_CROSS,SELL,MARKET,0.01,1.13167,USD,0.00 USD,TAKER,518a245d-50cb-4208-b4bd-7a8a6842c49b,2025-04-15 15:15:00+00:00,2025-04-15 15:15:00+00:00,{},False
BACKTESTER-001,MovingAverageCrossover-MA_CROSS,EUR/USD.IDEALPRO,IDEALPRO-1-091,IDEALPRO-001,IDEALPRO-1-105122,EUR/USD.IDEALPRO-MovingAverageCrossover-MA_CROSS,SELL,MARKET,99999.99,1.13166,USD,2.26 USD,TAKER,e87df38e-cb7b-4b5a-ae8b-a113dbc90c98,2025-04-15 15:15:00+00:00,2025-04-15 15:15:00+00:00,{},False
BACKTESTER-001,MovingAverageCrossover-MA_CROSS,EUR/USD.IDEALPRO,IDEALPRO-1-093,IDEALPRO-001,IDEALPRO-1-105164,EUR/USD.IDEALPRO-MovingAverageCrossover-MA_CROSS,BUY,LIMIT,0.01,1.12867,USD,0.00 USD,MAKER,e63ed2a0-00cf-4792-a69b-2f64ab1fb282,2025-04-15 15:56:00+00:00,2025-04-15 15:56:00+00:00,{},False
BACKTESTER-001,MovingAverageCrossover-MA_CROSS,EUR/USD.IDEALPRO,IDEALPRO-1-093,IDEALPRO-001,IDEALPRO-1-105165,EUR/USD.IDEALPRO-MovingAverageCrossover-MA_CROSS,BUY,LIMIT,99999.99,1.12867,USD,2.26 USD,MAKER,4765104c-b9fb-4741-bce5-f3610046e939,2025-04-15 15:56:00+00:00,2025-04-15 15:56:00+00:00,{},False
BACKTESTER-001,MovingAverageCrossover-MA_CROSS,EUR/USD.IDEALPRO,IDEALPRO-1-094,IDEALPRO-001,IDEALPRO-1-106205,EUR/USD.IDEALPRO-MovingAverageCrossover-MA_CROSS,BUY,MARKET,0.01,1.13671,USD,0.00 USD,TAKER,246be0b3-90f4-4961-9507-4404980c17dd,2025-04-16 09:30:00+00:00,2025-04-16 09:30:00+00:00,{},False
BACKTESTER-001,MovingAverageCrossover-MA_CROSS,EUR/USD.IDEALPRO,IDEALPRO-1-094,IDEALPRO-001,IDEALPRO-1-106206,EUR/USD.IDEALPRO-MovingAverageCrossover-MA_CROSS,BUY,MARKET,99999.99,1.13672,USD,2.27 USD,TAKER,fe2c34aa-11ee-43a6-8fa5-58b06e322bad,2025-04-16 09:30:00+00:00,2025-04-16 09:30:00+00:00,{},False
BACKTESTER-001,MovingAverageCrossover-MA_CROSS,EUR/USD.IDEALPRO,IDEALPRO-1-095,IDEALPRO-001,IDEALPRO-1-106220,EUR/USD.IDEALPRO-MovingAverageCrossover-MA_CROSS,SELL,STOP_MARKET,0.01,1.13571,USD,0.00 USD,TAKER,d05ca33b-a9ce-4146-8880-99c165326ea3,2025-04-16 09:43:00+00:00,2025-04-16 09:43:00+00:00,{},False
BACKTESTER-001,MovingAverageCrossover-MA_CROSS,EUR/USD.IDEALPRO,IDEALPRO-1-095,IDEALPRO-001,IDEALPRO-1-106221,EUR/USD.IDEALPRO-MovingAverageCrossover-MA_CROSS,SELL,STOP_MARKET,99999.99,1.13570,USD,2.27 USD,TAKER,dff89a76-5d0e-4c93-b110-89e7c7cd48bd,2025-04-16 09:43:00+00:00,2025-04-16 09:43:00+00:00,{},False
BACKTESTER-001,MovingAverageCrossover-MA_CROSS,EUR/USD.IDEALPRO,IDEALPRO-1-097,IDEALPRO-001,IDEALPRO-1-112419,EUR/USD.IDEALPRO-MovingAverageCrossover-MA_CROSS,SELL,MARKET,0.01,1.14184,USD,0.00 USD,TAKER,e973e7b8-f8ea-4291-9117-28ce7ae7b7e1,2025-04-22 20:45:00+00:00,2025-04-22 20:45:00+00:00,{},False
BACKTESTER-001,MovingAverageCrossover-MA_CROSS,EUR/USD.IDEALPRO,IDEALPRO-1-097,IDEALPRO-001,IDEALPRO-1-112420,EUR/USD.IDEALPRO-MovingAverageCrossover-MA_CROSS,SELL,MARKET,99999.99,1.14183,USD,2.28 USD,TAKER,d3a4231a-1ebc-498d-9d71-cbe5f56ef383,2025-04-22 20:45:00+00:00,2025-04-22 20:45:00+00:00,{},False
BACKTESTER-001,MovingAverageCrossover-MA_CROSS,EUR/USD.IDEALPRO,IDEALPRO-1-098,IDEALPRO-001,IDEALPRO-1-112446,EUR/USD.IDEALPRO-MovingAverageCrossover-MA_CROSS,BUY,STOP_MARKET,0.01,1.14284,USD,0.00 USD,TAKER,7647e6c6-f695-4ab1-ad9e-07c2598f44ea,2025-04-22 21:25:00+00:00,2025-04-22 21:25:00+00:00,{},False
BACKTESTER-001,MovingAverageCrossover-MA_CROSS,EUR/USD.IDEALPRO,IDEALPRO-1-098,IDEALPRO-001,IDEALPRO-1-112447,EUR/USD.IDEALPRO-MovingAverageCrossover-MA_CROSS,BUY,STOP_MARKET,99999.99,1.14285,USD,2.29 USD,TAKER,db702260-c7c2-4faa-9c58-9ed25fbfc25b,2025-04-22 21:25:00+00:00,2025-04-22 21:25:00+00:00,{},False
BACKTESTER-001,MovingAverageCrossover-MA_CROSS,EUR/USD.IDEALPRO,IDEALPRO-1-100,IDEALPRO-001,IDEALPRO-1-116893,EUR/USD.IDEALPRO-MovingAverageCrossover-MA_CROSS,BUY,MARKET,0.01,1.13576,USD,0.00 USD,TAKER,a66467e5-9fb9-4007-be4f-335563bf12ca,2025-04-28 00:15:00+00:00,2025-04-28 00:15:00+00:00,{},False
BACKTESTER-001,MovingAverageCrossover-MA_CROSS,EUR/USD.IDEALPRO,IDEALPRO-1-100,IDEALPRO-001,IDEALPRO-1-116894,EUR/USD.IDEALPRO-MovingAverageCrossover-MA_CROSS,BUY,MARKET,99999.99,1.13577,USD,2.27 USD,TAKER,a639d119-40ea-4160-a529-b0ee1b34cd31,2025-04-28 00:15:00+00:00,2025-04-28 00:15:00+00:00,{},False
BACKTESTER-001,MovingAverageCrossover-MA_CROSS,EUR/USD.IDEALPRO,IDEALPRO-1-101,IDEALPRO-001,IDEALPRO-1-117003,EUR/USD.IDEALPRO-MovingAverageCrossover-MA_CROSS,SELL,STOP_MARKET,0.01,1.13476,USD,0.00 USD,TAKER,f7b7bc63-e2b6-4bec-9fda-b1862e03cf84,2025-04-28 02:03:00+00:00,2025-04-28 02:03:00+00:00,{},False
BACKTESTER-001,MovingAverageCrossover-MA_CROSS,EUR/USD.IDEALPRO,IDEALPRO-1-101,IDEALPRO-001,IDEALPRO-1-117004,EUR/USD.IDEALPRO-MovingAverageCrossover-MA_CROSS,SELL,STOP_MARKET,99999.99,1.13475,USD,2.27 USD,TAKER,16b6ffc6-0386-4da5-990e-6d15a5027cd4,2025-04-28 02:03:00+00:00,2025-04-28 02:03:00+00:00,{},False
BACKTESTER-001,MovingAverageCrossover-MA_CROSS,EUR/USD.IDEALPRO,IDEALPRO-1-103,IDEALPRO-001,IDEALPRO-1-117272,EUR/USD.IDEALPRO-MovingAverageCrossover-MA_CROSS,SELL,MARKET,0.01,1.13653,USD,0.00 USD,TAKER,14f01d29-f94b-4a93-8141-07f262d9a920,2025-04-28 06:30:00+00:00,2025-04-28 06:30:00+00:00,{},False
BACKTESTER-001,MovingAverageCrossover-MA_CROSS,EUR/USD.IDEALPRO,IDEALPRO-1-103,IDEALPRO-001,IDEALPRO-1-117273,EUR/USD.IDEALPRO-MovingAverageCrossover-MA_CROSS,SELL,MARKET,99999.99,1.13652,USD,2.27 USD,TAKER,b97496f8-3f94-48b5-97d3-908a2c7a7baf,2025-04-28 06:30:00+00:00,2025-04-28 06:30:00+00:00,{},False
BACKTESTER-001,MovingAverageCrossover-MA_CROSS,EUR/USD.IDEALPRO,IDEALPRO-1-105,IDEALPRO-001,IDEALPRO-1-117300,EUR/USD.IDEALPRO-MovingAverageCrossover-MA_CROSS,BUY,LIMIT,0.01,1.13353,USD,0.00 USD,MAKER,250a0955-de9e-4d7d-8cb8-464771853d66,2025-04-28 06:56:00+00:00,2025-04-28 06:56:00+00:00,{},False
BACKTESTER-001,MovingAverageCrossover-MA_CROSS,EUR/USD.IDEALPRO,IDEALPRO-1-105,IDEALPRO-001,IDEALPRO-1-117301,EUR/USD.IDEALPRO-MovingAverageCrossover-MA_CROSS,BUY,LIMIT,99999.99,1.13353,USD,2.27 USD,MAKER,d323cd17-99b6-4288-b128-a3e96255845e,2025-04-28 06:56:00+00:00,2025-04-28 06:56:00+00:00,{},False
BACKTESTER-001,MovingAverageCrossover-MA_CROSS,EUR/USD.IDEALPRO,IDEALPRO-1-106,IDEALPRO-001,IDEALPRO-1-117906,EUR/USD.IDEALPRO-MovingAverageCrossover-MA_CROSS,BUY,MARKET,0.01,1.14116,USD,0.00 USD,TAKER,c1818757-cf43-4a44-8d31-18d95b86bbed,2025-04-28 17:00:00+00:00,2025-04-28 17:00:00+00:00,{},False
BACKTESTER-001,MovingAverageCrossover-MA_CROSS,EUR/USD.IDEALPRO,IDEALPRO-1-106,IDEALPRO-001,IDEALPRO-1-117907,EUR/USD.IDEALPRO-MovingAverageCrossover-MA_CROSS,BUY,MARKET,99999.99,1.14117,USD,2.28 USD,TAKER,a7ca68f4-8dc9-4744-9f33-fc52f6b16b59,2025-04-28 17:00:00+00:00,2025-04-28 17:00:00+00:00,{},False
BACKTESTER-001,MovingAverageCrossover-MA_CROSS,EUR/USD.IDEALPRO,IDEALPRO-1-107,IDEALPRO-001,IDEALPRO-1-117967,EUR/USD.IDEALPRO-MovingAverageCrossover-MA_CROSS,SELL,STOP_MARKET,0.01,1.14016,USD,0.00 USD,TAKER,7bb787f9-132b-4807-8e1b-6b19b3b06c5f,2025-04-28 17:59:00+00:00,2025-04-28 17:59:00+00:00,{},False
BACKTESTER-001,MovingAverageCrossover-MA_CROSS,EUR/USD.IDEALPRO,IDEALPRO-1-107,IDEALPRO-001,IDEALPRO-1-117968,EUR/USD.IDEALPRO-MovingAverageCrossover-MA_CROSS,SELL,STOP_MARKET,99999.99,1.14015,USD,2.28 USD,TAKER,9707c6b3-aaf0-46a3-ac46-ed1a7de89140,2025-04-28 17:59:00+00:00,2025-04-28 17:59:00+00:00,{},False
BACKTESTER-001,MovingAverageCrossover-MA_CROSS,EUR/USD.IDEALPRO,IDEALPRO-1-109,IDEALPRO-001,IDEALPRO-1-120265,EUR/USD.IDEALPRO-MovingAverageCrossover-MA_CROSS,SELL,MARKET,0.01,1.13644,USD,0.00 USD,TAKER,a1ce50a4-6724-43a0-882c-e863ddd27b38,2025-04-30 08:45:00+00:00,2025-04-30 08:45:00+00:00,{},False
BACKTESTER-001,MovingAverageCrossover-MA_CROSS,EUR/USD.IDEALPRO,IDEALPRO-1-109,IDEALPRO-001,IDEALPRO-1-120266,EUR/USD.IDEALPRO-MovingAverageCrossover-MA_CROSS,SELL,MARKET,99999.99,1.13643,USD,2.27 USD,TAKER,b64a3569-16e4-4dc5-8308-e9029acb261c,2025-04-30 08:45:00+00:00,2025-04-30 08:45:00+00:00,{},False
BACKTESTER-001,MovingAverageCrossover-MA_CROSS,EUR/USD.IDEALPRO,IDEALPRO-1-110,IDEALPRO-001,IDEALPRO-1-120275,EUR/USD.IDEALPRO-MovingAverageCrossover-MA_CROSS,BUY,STOP_MARKET,0.01,1.13744,USD,0.00 USD,TAKER,df1023f0-f5b4-43a3-9397-4cb8a9043236,2025-04-30 08:53:00+00:00,2025-04-30 08:53:00+00:00,{},False
BACKTESTER-001,MovingAverageCrossover-MA_CROSS,EUR/USD.IDEALPRO,IDEALPRO-1-110,IDEALPRO-001,IDEALPRO-1-120276,EUR/USD.IDEALPRO-MovingAverageCrossover-MA_CROSS,BUY,STOP_MARKET,99999.99,1.13745,USD,2.27 USD,TAKER,f4521412-77bb-4901-a5c3-01d361084b1f,2025-04-30 08:53:00+00:00,2025-04-30 08:53:00+00:00,{},False
BACKTESTER-001,MovingAverageCrossover-MA_CROSS,EUR/USD.IDEALPRO,IDEALPRO-1-112,IDEALPRO-001,IDEALPRO-1-124544,EUR/USD.IDEALPRO-MovingAverageCrossover-MA_CROSS,BUY,MARKET,0.01,1.13277,USD,0.00 USD,TAKER,7f215dda-b215-4355-8415-e4001e761d39,2025-05-05 08:45:00+00:00,2025-05-05 08:45:00+00:00,{},False
BACKTESTER-001,MovingAverageCrossover-MA_CROSS,EUR/USD.IDEALPRO,IDEALPRO-1-112,IDEALPRO-001,IDEALPRO-1-124545,EUR/USD.IDEALPRO-MovingAverageCrossover-MA_CROSS,BUY,MARKET,99999.99,1.13278,USD,2.27 USD,TAKER,6e0f3f8e-0acf-4361-be5d-ec8af12e3261,2025-05-05 08:45:00+00:00,2025-05-05 08:45:00+00:00,{},False
BACKTESTER-001,MovingAverageCrossover-MA_CROSS,EUR/USD.IDEALPRO,IDEALPRO-1-114,IDEALPRO-001,IDEALPRO-1-124701,EUR/USD.IDEALPRO-MovingAverageCrossover-MA_CROSS,SELL,LIMIT,0.01,1.13577,USD,0.00 USD,MAKER,4e71fda4-42a4-4877-b92b-004274ec340d,2025-05-05 11:20:00+00:00,2025-05-05 11:20:00+00:00,{},False
BACKTESTER-001,MovingAverageCrossover-MA_CROSS,EUR/USD.IDEALPRO,IDEALPRO-1-114,IDEALPRO-001,IDEALPRO-1-124702,EUR/USD.IDEALPRO-MovingAverageCrossover-MA_CROSS,SELL,LIMIT,99999.99,1.13577,USD,2.27 USD,MAKER,ffdf42f6-c60d-430b-b2d8-ef4f7b6d57d6,2025-05-05 11:20:00+00:00,2025-05-05 11:20:00+00:00,{},False
BACKTESTER-001,MovingAverageCrossover-MA_CROSS,EUR/USD.IDEALPRO,IDEALPRO-1-115,IDEALPRO-001,IDEALPRO-1-125508,EUR/USD.IDEALPRO-MovingAverageCrossover-MA_CROSS,SELL,MARKET,0.01,1.12861,USD,0.00 USD,TAKER,aeb6de6b-71c9-45a6-a0fb-cdc4b7387d41,2025-05-06 01:00:00+00:00,2025-05-06 01:00:00+00:00,{},False
BACKTESTER-001,MovingAverageCrossover-MA_CROSS,EUR/USD.IDEALPRO,IDEALPRO-1-115,IDEALPRO-001,IDEALPRO-1-125509,EUR/USD.IDEALPRO-MovingAverageCrossover-MA_CROSS,SELL,MARKET,99999.99,1.12860,USD,2.26 USD,TAKER,84d70699-94e4-4ea0-a2c4-1aadfdcad205,2025-05-06 01:00:00+00:00,2025-05-06 01:00:00+00:00,{},False
BACKTESTER-001,MovingAverageCrossover-MA_CROSS,EUR/USD.IDEALPRO,IDEALPRO-1-116,IDEALPRO-001,IDEALPRO-1-125563,EUR/USD.IDEALPRO-MovingAverageCrossover-MA_CROSS,BUY,STOP_MARKET,0.01,1.12961,USD,0.00 USD,TAKER,da161d51-7c26-45de-b279-9951df3b6b66,2025-05-06 01:53:00+00:00,2025-05-06 01:53:00+00:00,{},False
BACKTESTER-001,MovingAverageCrossover-MA_CROSS,EUR/USD.IDEALPRO,IDEALPRO-1-116,IDEALPRO-001,IDEALPRO-1-125564,EUR/USD.IDEALPRO-MovingAverageCrossover-MA_CROSS,BUY,STOP_MARKET,99999.99,1.12962,USD,2.26 USD,TAKER,16049a1c-2c10-4a6b-a8de-fbf51f2d97fd,2025-05-06 01:53:00+00:00,2025-05-06 01:53:00+00:00,{},False
BACKTESTER-001,MovingAverageCrossover-MA_CROSS,EUR/USD.IDEALPRO,IDEALPRO-1-118,IDEALPRO-001,IDEALPRO-1-126127,EUR/USD.IDEALPRO-MovingAverageCrossover-MA_CROSS,BUY,MARKET,0.01,1.13267,USD,0.00 USD,TAKER,e8f4bb4b-6ca5-496c-8b5e-1f9cf8cbe57a,2025-05-06 11:15:00+00:00,2025-05-06 11:15:00+00:00,{},False
BACKTESTER-001,MovingAverageCrossover-MA_CROSS,EUR/USD.IDEALPRO,IDEALPRO-1-118,IDEALPRO-001,IDEALPRO-1-126128,EUR/USD.IDEALPRO-MovingAverageCrossover-MA_CROSS,BUY,MARKET,99999.99,1.13268,USD,2.27 USD,TAKER,b1594178-ef08-4a0c-adbb-1268427b3d9c,2025-05-06 11:15:00+00:00,2025-05-06 11:15:00+00:00,{},False
BACKTESTER-001,MovingAverageCrossover-MA_CROSS,EUR/USD.IDEALPRO,IDEALPRO-1-120,IDEALPRO-001,IDEALPRO-1-126284,EUR/USD.IDEALPRO-MovingAverageCrossover-MA_CROSS,SELL,LIMIT,0.01,1.13567,USD,0.00 USD,MAKER,1e980bc1-f8fc-4d24-a626-498ffd88c386,2025-05-06 13:50:00+00:00,2025-05-06 13:50:00+00:00,{},False
BACKTESTER-001,MovingAverageCrossover-MA_CROSS,EUR/USD.IDEALPRO,IDEALPRO-1-120,IDEALPRO-001,IDEALPRO-1-126285,EUR/USD.IDEALPRO-MovingAverageCrossover-MA_CROSS,SELL,LIMIT,99999.99,1.13567,USD,2.27 USD,MAKER,88e7d97a-83b5-4afb-8b67-e4241bdab537,2025-05-06 13:50:00+00:00,2025-05-06 13:50:00+00:00,{},False
BACKTESTER-001,MovingAverageCrossover-MA_CROSS,EUR/USD.IDEALPRO,IDEALPRO-1-121,IDEALPRO-001,IDEALPRO-1-128246,EUR/USD.IDEALPRO-MovingAverageCrossover-MA_CROSS,SELL,MARKET,0.01,1.13013,USD,0.00 USD,TAKER,dc31b8d1-3221-4a72-af46-c9b7af02bccb,2025-05-07 23:00:00+00:00,2025-05-07 23:00:00+00:00,{},False
BACKTESTER-001,MovingAverageCrossover-MA_CROSS,EUR/USD.IDEALPRO,IDEALPRO-1-121,IDEALPRO-001,IDEALPRO-1-128247,EUR/USD.IDEALPRO-MovingAverageCrossover-MA_CROSS,SELL,MARKET,99999.99,1.13012,USD,2.26 USD,TAKER,ef87793c-64b4-4f3d-86f8-ba19f15ee84c,2025-05-07 23:00:00+00:00,2025-05-07 23:00:00+00:00,{},False
BACKTESTER-001,MovingAverageCrossover-MA_CROSS,EUR/USD.IDEALPRO,IDEALPRO-1-122,IDEALPRO-001,IDEALPRO-1-128316,EUR/USD.IDEALPRO-MovingAverageCrossover-MA_CROSS,BUY,STOP_MARKET,0.01,1.13113,USD,0.00 USD,TAKER,23435a1f-43a9-42d5-b730-4cb6fda1d46d,2025-05-08 00:08:00+00:00,2025-05-08 00:08:00+00:00,{},False
BACKTESTER-001,MovingAverageCrossover-MA_CROSS,EUR/USD.IDEALPRO,IDEALPRO-1-122,IDEALPRO-001,IDEALPRO-1-128317,EUR/USD.IDEALPRO-MovingAverageCrossover-MA_CROSS,BUY,STOP_MARKET,99999.99,1.13114,USD,2.26 USD,TAKER,835201b2-1518-4b21-bb70-74e5f964f84d,2025-05-08 00:08:00+00:00,2025-05-08 00:08:00+00:00,{},False
BACKTESTER-001,MovingAverageCrossover-MA_CROSS,EUR/USD.IDEALPRO,IDEALPRO-1-124,IDEALPRO-001,IDEALPRO-1-134040,EUR/USD.IDEALPRO-MovingAverageCrossover-MA_CROSS,BUY,MARKET,0.01,1.11936,USD,0.00 USD,TAKER,c99afbf3-2ace-40d1-99d4-79fe882fb535,2025-05-14 00:30:00+00:00,2025-05-14 00:30:00+00:00,{},False
BACKTESTER-001,MovingAverageCrossover-MA_CROSS,EUR/USD.IDEALPRO,IDEALPRO-1-124,IDEALPRO-001,IDEALPRO-1-134041,EUR/USD.IDEALPRO-MovingAverageCrossover-MA_CROSS,BUY,MARKET,99999.99,1.11937,USD,2.24 USD,TAKER,44f73f04-c38f-4a4c-9a4c-407f64569abb,2025-05-14 00:30:00+00:00,2025-05-14 00:30:00+00:00,{},False
BACKTESTER-001,MovingAverageCrossover-MA_CROSS,EUR/USD.IDEALPRO,IDEALPRO-1-125,IDEALPRO-001,IDEALPRO-1-134169,EUR/USD.IDEALPRO-MovingAverageCrossover-MA_CROSS,SELL,STOP_MARKET,0.01,1.11836,USD,0.00 USD,TAKER,f82b3738-6c1b-42cd-833a-e02a83f754ac,2025-05-14 02:37:00+00:00,2025-05-14 02:37:00+00:00,{},False
BACKTESTER-001,MovingAverageCrossover-MA_CROSS,EUR/USD.IDEALPRO,IDEALPRO-1-125,IDEALPRO-001,IDEALPRO-1-134170,EUR/USD.IDEALPRO-MovingAverageCrossover-MA_CROSS,SELL,STOP_MARKET,99999.99,1.11835,USD,2.24 USD,TAKER,0ef8e001-43dd-4503-8f7b-62980df3dd6f,2025-05-14 02:37:00+00:00,2025-05-14 02:37:00+00:00,{},False
BACKTESTER-001,MovingAverageCrossover-MA_CROSS,EUR/USD.IDEALPRO,IDEALPRO-1-127,IDEALPRO-001,IDEALPRO-1-137824,EUR/USD.IDEALPRO-MovingAverageCrossover-MA_CROSS,SELL,MARKET,0.01,1.11403,USD,0.00 USD,TAKER,afa70f6d-3937-4f9d-86c6-26cbb76700ed,2025-05-16 16:00:00+00:00,2025-05-16 16:00:00+00:00,{},False
BACKTESTER-001,MovingAverageCrossover-MA_CROSS,EUR/USD.IDEALPRO,IDEALPRO-1-127,IDEALPRO-001,IDEALPRO-1-137825,EUR/USD.IDEALPRO-MovingAverageCrossover-MA_CROSS,SELL,MARKET,99999.99,1.11402,USD,2.23 USD,TAKER,8efe33a9-868f-4541-b5ca-055254b09cc3,2025-05-16 16:00:00+00:00,2025-05-16 16:00:00+00:00,{},False
BACKTESTER-001,MovingAverageCrossover-MA_CROSS,EUR/USD.IDEALPRO,IDEALPRO-1-128,IDEALPRO-001,IDEALPRO-1-137988,EUR/USD.IDEALPRO-MovingAverageCrossover-MA_CROSS,BUY,STOP_MARKET,0.01,1.11503,USD,0.00 USD,TAKER,9fb5153f-175d-4855-b319-77905db5a9b1,2025-05-16 18:42:00+00:00,2025-05-16 18:42:00+00:00,{},False
BACKTESTER-001,MovingAverageCrossover-MA_CROSS,EUR/USD.IDEALPRO,IDEALPRO-1-128,IDEALPRO-001,IDEALPRO-1-137989,EUR/USD.IDEALPRO-MovingAverageCrossover-MA_CROSS,BUY,STOP_MARKET,99999.99,1.11504,USD,2.23 USD,TAKER,f573db66-bad2-4efc-967e-3de66ff2fa47,2025-05-16 18:42:00+00:00,2025-05-16 18:42:00+00:00,{},False
BACKTESTER-001,MovingAverageCrossover-MA_CROSS,EUR/USD.IDEALPRO,IDEALPRO-1-130,IDEALPRO-001,IDEALPRO-1-138788,EUR/USD.IDEALPRO-MovingAverageCrossover-MA_CROSS,BUY,MARKET,0.01,1.12483,USD,0.00 USD,TAKER,8d72fa8c-ba34-4277-894b-ee262a9ae57f,2025-05-19 08:15:00+00:00,2025-05-19 08:15:00+00:00,{},False
BACKTESTER-001,MovingAverageCrossover-MA_CROSS,EUR/USD.IDEALPRO,IDEALPRO-1-130,IDEALPRO-001,IDEALPRO-1-138789,EUR/USD.IDEALPRO-MovingAverageCrossover-MA_CROSS,BUY,MARKET,99999.99,1.12484,USD,2.25 USD,TAKER,75493c03-42a7-45f6-9e82-b02aa9a6559e,2025-05-19 08:15:00+00:00,2025-05-19 08:15:00+00:00,{},False
BACKTESTER-001,MovingAverageCrossover-MA_CROSS,EUR/USD.IDEALPRO,IDEALPRO-1-132,IDEALPRO-001,IDEALPRO-1-138875,EUR/USD.IDEALPRO-MovingAverageCrossover-MA_CROSS,SELL,LIMIT,0.01,1.12783,USD,0.00 USD,MAKER,831742d3-3563-4775-a641-f77310ce64ee,2025-05-19 09:40:00+00:00,2025-05-19 09:40:00+00:00,{},False
BACKTESTER-001,MovingAverageCrossover-MA_CROSS,EUR/USD.IDEALPRO,IDEALPRO-1-132,IDEALPRO-001,IDEALPRO-1-138876,EUR/USD.IDEALPRO-MovingAverageCrossover-MA_CROSS,SELL,LIMIT,99999.99,1.12783,USD,2.26 USD,MAKER,57998330-8a6e-49eb-8db0-070da346a76a,2025-05-19 09:40:00+00:00,2025-05-19 09:40:00+00:00,{},False
BACKTESTER-001,MovingAverageCrossover-MA_CROSS,EUR/USD.IDEALPRO,IDEALPRO-1-133,IDEALPRO-001,IDEALPRO-1-143982,EUR/USD.IDEALPRO-MovingAverageCrossover-MA_CROSS,SELL,MARKET,0.01,1.12837,USD,0.00 USD,TAKER,b5a43429-4f25-4864-913e-26db5bb9fd57,2025-05-22 23:45:00+00:00,2025-05-22 23:45:00+00:00,{},False
BACKTESTER-001,MovingAverageCrossover-MA_CROSS,EUR/USD.IDEALPRO,IDEALPRO-1-133,IDEALPRO-001,IDEALPRO-1-143983,EUR/USD.IDEALPRO-MovingAverageCrossover-MA_CROSS,SELL,MARKET,99999.99,1.12836,USD,2.26 USD,TAKER,679b5332-055f-433f-a06a-d766c85b820b,2025-05-22 23:45:00+00:00,2025-05-22 23:45:00+00:00,{},False
BACKTESTER-001,MovingAverageCrossover-MA_CROSS,EUR/USD.IDEALPRO,IDEALPRO-1-134,IDEALPRO-001,IDEALPRO-1-144032,EUR/USD.IDEALPRO-MovingAverageCrossover-MA_CROSS,BUY,STOP_MARKET,0.01,1.12937,USD,0.00 USD,TAKER,ddf25072-6f19-444c-ab79-f1a4a2c319a1,2025-05-23 00:33:00+00:00,2025-05-23 00:33:00+00:00,{},False
BACKTESTER-001,MovingAverageCrossover-MA_CROSS,EUR/USD.IDEALPRO,IDEALPRO-1-134,IDEALPRO-001,IDEALPRO-1-144033,EUR/USD.IDEALPRO-MovingAverageCrossover-MA_CROSS,BUY,STOP_MARKET,99999.99,1.12938,USD,2.26 USD,TAKER,fc703cfc-a8eb-44d3-80e9-0d66b15eed78,2025-05-23 00:33:00+00:00,2025-05-23 00:33:00+00:00,{},False
BACKTESTER-001,MovingAverageCrossover-MA_CROSS,EUR/USD.IDEALPRO,IDEALPRO-1-136,IDEALPRO-001,IDEALPRO-1-144496,EUR/USD.IDEALPRO-MovingAverageCrossover-MA_CROSS,BUY,MARKET,0.01,1.13441,USD,0.00 USD,TAKER,db223d05-fce2-4f7c-8645-404550695039,2025-05-23 08:15:00+00:00,2025-05-23 08:15:00+00:00,{},False
BACKTESTER-001,MovingAverageCrossover-MA_CROSS,EUR/USD.IDEALPRO,IDEALPRO-1-136,IDEALPRO-001,IDEALPRO-1-144497,EUR/USD.IDEALPRO-MovingAverageCrossover-MA_CROSS,BUY,MARKET,99999.99,1.13442,USD,2.27 USD,TAKER,7fe493b9-bf08-4ece-a534-d50bf20f22d1,2025-05-23 08:15:00+00:00,2025-05-23 08:15:00+00:00,{},False
BACKTESTER-001,MovingAverageCrossover-MA_CROSS,EUR/USD.IDEALPRO,IDEALPRO-1-137,IDEALPRO-001,IDEALPRO-1-144514,EUR/USD.IDEALPRO-MovingAverageCrossover-MA_CROSS,SELL,STOP_MARKET,0.01,1.13341,USD,0.00 USD,TAKER,15880b52-31bf-44ed-972d-8f03aa691987,2025-05-23 08:31:00+00:00,2025-05-23 08:31:00+00:00,{},False
BACKTESTER-001,MovingAverageCrossover-MA_CROSS,EUR/USD.IDEALPRO,IDEALPRO-1-137,IDEALPRO-001,IDEALPRO-1-144515,EUR/USD.IDEALPRO-MovingAverageCrossover-MA_CROSS,SELL,STOP_MARKET,99999.99,1.13340,USD,2.27 USD,TAKER,87839a44-6009-4030-be14-b985dd8bcc55,2025-05-23 08:31:00+00:00,2025-05-23 08:31:00+00:00,{},False
BACKTESTER-001,MovingAverageCrossover-MA_CROSS,EUR/USD.IDEALPRO,IDEALPRO-1-139,IDEALPRO-001,IDEALPRO-1-147755,EUR/USD.IDEALPRO-MovingAverageCrossover-MA_CROSS,SELL,MARKET,0.01,1.13411,USD,0.00 USD,TAKER,b7f944af-d410-41f9-a8a2-65f5f06a05e2,2025-05-27 15:00:00+00:00,2025-05-27 15:00:00+00:00,{},False
BACKTESTER-001,MovingAverageCrossover-MA_CROSS,EUR/USD.IDEALPRO,IDEALPRO-1-139,IDEALPRO-001,IDEALPRO-1-147756,EUR/USD.IDEALPRO-MovingAverageCrossover-MA_CROSS,SELL,MARKET,99999.99,1.13410,USD,2.27 USD,TAKER,36dd7d3b-5a0b-436b-9778-678c3a59f0ff,2025-05-27 15:00:00+00:00,2025-05-27 15:00:00+00:00,{},False
BACKTESTER-001,MovingAverageCrossover-MA_CROSS,EUR/USD.IDEALPRO,IDEALPRO-1-141,IDEALPRO-001,IDEALPRO-1-148442,EUR/USD.IDEALPRO-MovingAverageCrossover-MA_CROSS,BUY,LIMIT,0.01,1.13111,USD,0.00 USD,MAKER,e597b4a3-54f5-492b-90d9-88a0d8627232,2025-05-28 02:40:00+00:00,2025-05-28 02:40:00+00:00,{},False
BACKTESTER-001,MovingAverageCrossover-MA_CROSS,EUR/USD.IDEALPRO,IDEALPRO-1-141,IDEALPRO-001,IDEALPRO-1-148443,EUR/USD.IDEALPRO-MovingAverageCrossover-MA_CROSS,BUY,LIMIT,99999.99,1.13111,USD,2.26 USD,MAKER,a5a2c246-74fd-474e-9f2a-a171451e6376,2025-05-28 02:40:00+00:00,2025-05-28 02:40:00+00:00,{},False
BACKTESTER-001,MovingAverageCrossover-MA_CROSS,EUR/USD.IDEALPRO,IDEALPRO-1-142,IDEALPRO-001,IDEALPRO-1-150804,EUR/USD.IDEALPRO-MovingAverageCrossover-MA_CROSS,BUY,MARKET,0.01,1.13827,USD,0.00 USD,TAKER,03446f2f-1a41-4951-a47f-21575344575c,2025-05-29 18:15:00+00:00,2025-05-29 18:15:00+00:00,{},False
BACKTESTER-001,MovingAverageCrossover-MA_CROSS,EUR/USD.IDEALPRO,IDEALPRO-1-142,IDEALPRO-001,IDEALPRO-1-150805,EUR/USD.IDEALPRO-MovingAverageCrossover-MA_CROSS,BUY,MARKET,99999.99,1.13828,USD,2.28 USD,TAKER,1924c84c-aa34-4c8f-8ee4-8b5e5c3ce97d,2025-05-29 18:15:00+00:00,2025-05-29 18:15:00+00:00,{},False
BACKTESTER-001,MovingAverageCrossover-MA_CROSS,EUR/USD.IDEALPRO,IDEALPRO-1-143,IDEALPRO-001,IDEALPRO-1-150870,EUR/USD.IDEALPRO-MovingAverageCrossover-MA_CROSS,SELL,STOP_MARKET,0.01,1.13727,USD,0.00 USD,TAKER,36b78b87-e430-47f3-86fb-b55c1fca7ced,2025-05-29 19:19:00+00:00,2025-05-29 19:19:00+00:00,{},False
BACKTESTER-001,MovingAverageCrossover-MA_CROSS,EUR/USD.IDEALPRO,IDEALPRO-1-143,IDEALPRO-001,IDEALPRO-1-150871,EUR/USD.IDEALPRO-MovingAverageCrossover-MA_CROSS,SELL,STOP_MARKET,99999.99,1.13726,USD,2.27 USD,TAKER,014a5be6-f0cf-4c78-a758-f685ab60283d,2025-05-29 19:19:00+00:00,2025-05-29 19:19:00+00:00,{},False
BACKTESTER-001,MovingAverageCrossover-MA_CROSS,EUR/USD.IDEALPRO,IDEALPRO-1-145,IDEALPRO-001,IDEALPRO-1-155158,EUR/USD.IDEALPRO-MovingAverageCrossover-MA_CROSS,SELL,MARKET,0.01,1.13723,USD,0.00 USD,TAKER,ba677e11-dd53-4182-bf2a-83eccadf423b,2025-06-03 19:30:00+00:00,2025-06-03 19:30:00+00:00,{},False
BACKTESTER-001,MovingAverageCrossover-MA_CROSS,EUR/USD.IDEALPRO,IDEALPRO-1-145,IDEALPRO-001,IDEALPRO-1-155159,EUR/USD.IDEALPRO-MovingAverageCrossover-MA_CROSS,SELL,MARKET,99999.99,1.13722,USD,2.27 USD,TAKER,a67541cb-9eca-4a9f-ad94-ed9e4bed86e8,2025-06-03 19:30:00+00:00,2025-06-03 19:30:00+00:00,{},False
BACKTESTER-001,MovingAverageCrossover-MA_CROSS,EUR/USD.IDEALPRO,IDEALPRO-1-146,IDEALPRO-001,IDEALPRO-1-155399,EUR/USD.IDEALPRO-MovingAverageCrossover-MA_CROSS,BUY,STOP_MARKET,0.01,1.13823,USD,0.00 USD,TAKER,f84d1a6f-90a5-410b-b8b2-8821083c5e93,2025-06-03 23:44:00+00:00,2025-06-03 23:44:00+00:00,{},False
BACKTESTER-001,MovingAverageCrossover-MA_CROSS,EUR/USD.IDEALPRO,IDEALPRO-1-146,IDEALPRO-001,IDEALPRO-1-155400,EUR/USD.IDEALPRO-MovingAverageCrossover-MA_CROSS,BUY,STOP_MARKET,99999.99,1.13824,USD,2.28 USD,TAKER,b96e760c-eef6-45e3-9482-a2e4409214e2,2025-06-03 23:44:00+00:00,2025-06-03 23:44:00+00:00,{},False
BACKTESTER-001,MovingAverageCrossover-MA_CROSS,EUR/USD.IDEALPRO,IDEALPRO-1-148,IDEALPRO-001,IDEALPRO-1-156452,EUR/USD.IDEALPRO-MovingAverageCrossover-MA_CROSS,BUY,MARKET,0.01,1.14298,USD,0.00 USD,TAKER,4dd437b4-1b07-40ab-9351-8e146e9f7263,2025-06-04 17:15:00+00:00,2025-06-04 17:15:00+00:00,{},False
BACKTESTER-001,MovingAverageCrossover-MA_CROSS,EUR/USD.IDEALPRO,IDEALPRO-1-148,IDEALPRO-001,IDEALPRO-1-156453,EUR/USD.IDEALPRO-MovingAverageCrossover-MA_CROSS,BUY,MARKET,99999.99,1.14299,USD,2.29 USD,TAKER,3f06cb9d-0d0a-4e5c-a17d-a237b185d262,2025-06-04 17:15:00+00:00,2025-06-04 17:15:00+00:00,{},False
BACKTESTER-001,MovingAverageCrossover-MA_CROSS,EUR/USD.IDEALPRO,IDEALPRO-1-149,IDEALPRO-001,IDEALPRO-1-156562,EUR/USD.IDEALPRO-MovingAverageCrossover-MA_CROSS,SELL,STOP_MARKET,0.01,1.14198,USD,0.00 USD,TAKER,4038e9ac-43b4-4755-86cc-85bd70c3d01e,2025-06-04 19:03:00+00:00,2025-06-04 19:03:00+00:00,{},False
BACKTESTER-001,MovingAverageCrossover-MA_CROSS,EUR/USD.IDEALPRO,IDEALPRO-1-149,IDEALPRO-001,IDEALPRO-1-156563,EUR/USD.IDEALPRO-MovingAverageCrossover-MA_CROSS,SELL,STOP_MARKET,99999.99,1.14197,USD,2.28 USD,TAKER,3084faee-d4a7-4db9-92e2-a8c5a3b2b340,2025-06-04 19:03:00+00:00,2025-06-04 19:03:00+00:00,{},False
BACKTESTER-001,MovingAverageCrossover-MA_CROSS,EUR/USD.IDEALPRO,IDEALPRO-1-151,IDEALPRO-001,IDEALPRO-1-159291,EUR/USD.IDEALPRO-MovingAverageCrossover-MA_CROSS,SELL,MARKET,0.01,1.13872,USD,0.00 USD,TAKER,69e93c67-1d0d-4e2b-9ab9-e764fff5e696,2025-06-06 17:00:00+00:00,2025-06-06 17:00:00+00:00,{},False
BACKTESTER-001,MovingAverageCrossover-MA_CROSS,EUR/USD.IDEALPRO,IDEALPRO-1-151,IDEALPRO-001,IDEALPRO-1-159292,EUR/USD.IDEALPRO-MovingAverageCrossover-MA_CROSS,SELL,MARKET,99999.99,1.13871,USD,2.28 USD,TAKER,018d9b32-34df-438a-903c-c83e7c49595b,2025-06-06 17:00:00+00:00,2025-06-06 17:00:00+00:00,{},False
BACKTESTER-001,MovingAverageCrossover-MA_CROSS,EUR/USD.IDEALPRO,IDEALPRO-1-152,IDEALPRO-001,IDEALPRO-1-159314,EUR/USD.IDEALPRO-MovingAverageCrossover-MA_CROSS,BUY,STOP_MARKET,0.01,1.13972,USD,0.00 USD,TAKER,d9ab10cf-4f89-4aea-bf31-92b8d0e60d1b,2025-06-06 17:21:00+00:00,2025-06-06 17:21:00+00:00,{},False
BACKTESTER-001,MovingAverageCrossover-MA_CROSS,EUR/USD.IDEALPRO,IDEALPRO-1-152,IDEALPRO-001,IDEALPRO-1-159315,EUR/USD.IDEALPRO-MovingAverageCrossover-MA_CROSS,BUY,STOP_MARKET,99999.99,1.13973,USD,2.28 USD,TAKER,6ae1b003-79bc-4cb9-9d8b-14c7d6d90427,2025-06-06 17:21:00+00:00,2025-06-06 17:21:00+00:00,{},False
BACKTESTER-001,MovingAverageCrossover-MA_CROSS,EUR/USD.IDEALPRO,IDEALPRO-1-154,IDEALPRO-001,IDEALPRO-1-162205,EUR/USD.IDEALPRO-MovingAverageCrossover-MA_CROSS,BUY,MARKET,0.01,1.14230,USD,0.00 USD,TAKER,d79fc8dc-adf8-4373-8633-e846ad782c76,2025-06-10 18:00:00+00:00,2025-06-10 18:00:00+00:00,{},False
BACKTESTER-001,MovingAverageCrossover-MA_CROSS,EUR/USD.IDEALPRO,IDEALPRO-1-154,IDEALPRO-001,IDEALPRO-1-162206,EUR/USD.IDEALPRO-MovingAverageCrossover-MA_CROSS,BUY,MARKET,99999.99,1.14231,USD,2.28 USD,TAKER,d09d1dc4-7405-4911-a175-24f797aec356,2025-06-10 18:00:00+00:00,2025-06-10 18:00:00+00:00,{},False
BACKTESTER-001,MovingAverageCrossover-MA_CROSS,EUR/USD.IDEALPRO,IDEALPRO-1-155,IDEALPRO-001,IDEALPRO-1-162665,EUR/USD.IDEALPRO-MovingAverageCrossover-MA_CROSS,SELL,STOP_MARKET,0.01,1.14130,USD,0.00 USD,TAKER,fc148076-eb85-420d-b8ea-7ff41607f2af,2025-06-11 01:53:00+00:00,2025-06-11 01:53:00+00:00,{},False
BACKTESTER-001,MovingAverageCrossover-MA_CROSS,EUR/USD.IDEALPRO,IDEALPRO-1-155,IDEALPRO-001,IDEALPRO-1-162666,EUR/USD.IDEALPRO-MovingAverageCrossover-MA_CROSS,SELL,STOP_MARKET,99999.99,1.14129,USD,2.28 USD,TAKER,fdd42d31-5b7e-4a99-be4e-75806e1f5a91,2025-06-11 01:53:00+00:00,2025-06-11 01:53:00+00:00,{},False
BACKTESTER-001,MovingAverageCrossover-MA_CROSS,EUR/USD.IDEALPRO,IDEALPRO-1-157,IDEALPRO-001,IDEALPRO-1-168614,EUR/USD.IDEALPRO-MovingAverageCrossover-MA_CROSS,SELL,MARKET,0.01,1.15580,USD,0.00 USD,TAKER,293a935a-70d5-4f6b-b98a-822176f72f81,2025-06-17 06:00:00+00:00,2025-06-17 06:00:00+00:00,{},False
BACKTESTER-001,MovingAverageCrossover-MA_CROSS,EUR/USD.IDEALPRO,IDEALPRO-1-157,IDEALPRO-001,IDEALPRO-1-168615,EUR/USD.IDEALPRO-MovingAverageCrossover-MA_CROSS,SELL,MARKET,99999.99,1.15579,USD,2.31 USD,TAKER,ece48040-ba2e-4e78-9229-55c40dd24b49,2025-06-17 06:00:00+00:00,2025-06-17 06:00:00+00:00,{},False
BACKTESTER-001,MovingAverageCrossover-MA_CROSS,EUR/USD.IDEALPRO,IDEALPRO-1-158,IDEALPRO-001,IDEALPRO-1-168639,EUR/USD.IDEALPRO-MovingAverageCrossover-MA_CROSS,BUY,STOP_MARKET,0.01,1.15680,USD,0.00 USD,TAKER,834709fe-970e-41a4-a465-a4454515cccf,2025-06-17 06:23:00+00:00,2025-06-17 06:23:00+00:00,{},False
BACKTESTER-001,MovingAverageCrossover-MA_CROSS,EUR/USD.IDEALPRO,IDEALPRO-1-158,IDEALPRO-001,IDEALPRO-1-168640,EUR/USD.IDEALPRO-MovingAverageCrossover-MA_CROSS,BUY,STOP_MARKET,99999.99,1.15681,USD,2.31 USD,TAKER,2648a249-3868-40b2-8ab7-a3a0be7ea7c2,2025-06-17 06:23:00+00:00,2025-06-17 06:23:00+00:00,{},False
BACKTESTER-001,MovingAverageCrossover-MA_CROSS,EUR/USD.IDEALPRO,IDEALPRO-1-160,IDEALPRO-001,IDEALPRO-1-168828,EUR/USD.IDEALPRO-MovingAverageCrossover-MA_CROSS,BUY,MARKET,0.01,1.15565,USD,0.00 USD,TAKER,43c00e34-5c09-4588-a4b5-f5069b376070,2025-06-17 09:30:00+00:00,2025-06-17 09:30:00+00:00,{},False
BACKTESTER-001,MovingAverageCrossover-MA_CROSS,EUR/USD.IDEALPRO,IDEALPRO-1-160,IDEALPRO-001,IDEALPRO-1-168829,EUR/USD.IDEALPRO-MovingAverageCrossover-MA_CROSS,BUY,MARKET,99999.99,1.15566,USD,2.31 USD,TAKER,11661c6b-336b-4d7a-8219-9094b7c2f591,2025-06-17 09:30:00+00:00,2025-06-17 09:30:00+00:00,{},False
BACKTESTER-001,MovingAverageCrossover-MA_CROSS,EUR/USD.IDEALPRO,IDEALPRO-1-161,IDEALPRO-001,IDEALPRO-1-169119,EUR/USD.IDEALPRO-MovingAverageCrossover-MA_CROSS,SELL,STOP_MARKET,0.01,1.15465,USD,0.00 USD,TAKER,b090f6cd-8af4-45f1-b353-80f0a1a04fd7,2025-06-17 14:19:00+00:00,2025-06-17 14:19:00+00:00,{},False
BACKTESTER-001,MovingAverageCrossover-MA_CROSS,EUR/USD.IDEALPRO,IDEALPRO-1-161,IDEALPRO-001,IDEALPRO-1-169120,EUR/USD.IDEALPRO-MovingAverageCrossover-MA_CROSS,SELL,STOP_MARKET,99999.99,1.15464,USD,2.31 USD,TAKER,26207530-3432-4679-bc34-95e3d214930a,2025-06-17 14:19:00+00:00,2025-06-17 14:19:00+00:00,{},False
BACKTESTER-001,MovingAverageCrossover-MA_CROSS,EUR/USD.IDEALPRO,IDEALPRO-1-163,IDEALPRO-001,IDEALPRO-1-169267,EUR/USD.IDEALPRO-MovingAverageCrossover-MA_CROSS,SELL,MARKET,0.01,1.15206,USD,0.00 USD,TAKER,5245ffda-f9b1-4f00-8e8b-2b08d7e61559,2025-06-17 16:45:00+00:00,2025-06-17 16:45:00+00:00,{},False
BACKTESTER-001,MovingAverageCrossover-MA_CROSS,EUR/USD.IDEALPRO,IDEALPRO-1-163,IDEALPRO-001,IDEALPRO-1-169268,EUR/USD.IDEALPRO-MovingAverageCrossover-MA_CROSS,SELL,MARKET,99999.99,1.15205,USD,2.30 USD,TAKER,e5d13e01-1bfe-41d7-b5d3-e635f9951196,2025-06-17 16:45:00+00:00,2025-06-17 16:45:00+00:00,{},False
BACKTESTER-001,MovingAverageCrossover-MA_CROSS,EUR/USD.IDEALPRO,IDEALPRO-1-165,IDEALPRO-001,IDEALPRO-1-169304,EUR/USD.IDEALPRO-MovingAverageCrossover-MA_CROSS,BUY,LIMIT,0.01,1.14906,USD,0.00 USD,MAKER,8c458708-6310-42c7-93b0-1bb3e780eb1b,2025-06-17 17:20:00+00:00,2025-06-17 17:20:00+00:00,{},False
BACKTESTER-001,MovingAverageCrossover-MA_CROSS,EUR/USD.IDEALPRO,IDEALPRO-1-165,IDEALPRO-001,IDEALPRO-1-169305,EUR/USD.IDEALPRO-MovingAverageCrossover-MA_CROSS,BUY,LIMIT,99999.99,1.14906,USD,2.30 USD,MAKER,946b3477-8c1c-4168-b52d-70bcfb915f15,2025-06-17 17:20:00+00:00,2025-06-17 17:20:00+00:00,{},False
BACKTESTER-001,MovingAverageCrossover-MA_CROSS,EUR/USD.IDEALPRO,IDEALPRO-1-166,IDEALPRO-001,IDEALPRO-1-172736,EUR/USD.IDEALPRO-MovingAverageCrossover-MA_CROSS,BUY,MARKET,0.01,1.15230,USD,0.00 USD,TAKER,a92d5f44-c640-4fd2-b92e-99ac70a17ca2,2025-06-20 03:15:00+00:00,2025-06-20 03:15:00+00:00,{},False
BACKTESTER-001,MovingAverageCrossover-MA_CROSS,EUR/USD.IDEALPRO,IDEALPRO-1-166,IDEALPRO-001,IDEALPRO-1-172737,EUR/USD.IDEALPRO-MovingAverageCrossover-MA_CROSS,BUY,MARKET,99999.99,1.15231,USD,2.30 USD,TAKER,d52cc57f-5837-4988-b6d7-f8e56ff97fa9,2025-06-20 03:15:00+00:00,2025-06-20 03:15:00+00:00,{},False
BACKTESTER-001,MovingAverageCrossover-MA_CROSS,EUR/USD.IDEALPRO,IDEALPRO-1-167,IDEALPRO-001,IDEALPRO-1-172965,EUR/USD.IDEALPRO-MovingAverageCrossover-MA_CROSS,SELL,STOP_MARKET,0.01,1.15130,USD,0.00 USD,TAKER,1891a358-d089-44e1-a40d-bf023c8aed3f,2025-06-20 07:02:00+00:00,2025-06-20 07:02:00+00:00,{},False
BACKTESTER-001,MovingAverageCrossover-MA_CROSS,EUR/USD.IDEALPRO,IDEALPRO-1-167,IDEALPRO-001,IDEALPRO-1-172966,EUR/USD.IDEALPRO-MovingAverageCrossover-MA_CROSS,SELL,STOP_MARKET,99999.99,1.15129,USD,2.30 USD,TAKER,1d4f40d3-c99f-4e52-972d-2e27225b9f4c,2025-06-20 07:02:00+00:00,2025-06-20 07:02:00+00:00,{},False
BACKTESTER-001,MovingAverageCrossover-MA_CROSS,EUR/USD.IDEALPRO,IDEALPRO-1-169,IDEALPRO-001,IDEALPRO-1-174375,EUR/USD.IDEALPRO-MovingAverageCrossover-MA_CROSS,SELL,MARKET,0.01,1.15071,USD,0.00 USD,TAKER,918f147b-cb4c-4443-84e2-058eed10f554,2025-06-23 06:45:00+00:00,2025-06-23 06:45:00+00:00,{},False
BACKTESTER-001,MovingAverageCrossover-MA_CROSS,EUR/USD.IDEALPRO,IDEALPRO-1-169,IDEALPRO-001,IDEALPRO-1-174376,EUR/USD.IDEALPRO-MovingAverageCrossover-MA_CROSS,SELL,MARKET,99999.99,1.15070,USD,2.30 USD,TAKER,8be69b41-5018-4b2d-9892-8e64f3a626e4,2025-06-23 06:45:00+00:00,2025-06-23 06:45:00+00:00,{},False
BACKTESTER-001,MovingAverageCrossover-MA_CROSS,EUR/USD.IDEALPRO,IDEALPRO-1-171,IDEALPRO-001,IDEALPRO-1-174516,EUR/USD.IDEALPRO-MovingAverageCrossover-MA_CROSS,BUY,LIMIT,0.01,1.14771,USD,0.00 USD,MAKER,e6bf13c1-115a-4cd4-a7c8-c25b4d7df8b1,2025-06-23 09:04:00+00:00,2025-06-23 09:04:00+00:00,{},False
BACKTESTER-001,MovingAverageCrossover-MA_CROSS,EUR/USD.IDEALPRO,IDEALPRO-1-171,IDEALPRO-001,IDEALPRO-1-174517,EUR/USD.IDEALPRO-MovingAverageCrossover-MA_CROSS,BUY,LIMIT,99999.99,1.14771,USD,2.30 USD,MAKER,51502ac8-740d-4c1a-aac4-6120797918df,2025-06-23 09:04:00+00:00,2025-06-23 09:04:00+00:00,{},False
BACKTESTER-001,MovingAverageCrossover-MA_CROSS,EUR/USD.IDEALPRO,IDEALPRO-1-172,IDEALPRO-001,IDEALPRO-1-175024,EUR/USD.IDEALPRO-MovingAverageCrossover-MA_CROSS,BUY,MARKET,0.01,1.15584,USD,0.00 USD,TAKER,9f592433-e10f-4364-a1dd-c9974e763bc8,2025-06-23 17:30:00+00:00,2025-06-23 17:30:00+00:00,{},False
BACKTESTER-001,MovingAverageCrossover-MA_CROSS,EUR/USD.IDEALPRO,IDEALPRO-1-172,IDEALPRO-001,IDEALPRO-1-175025,EUR/USD.IDEALPRO-MovingAverageCrossover-MA_CROSS,BUY,MARKET,99999.99,1.15585,USD,2.31 USD,TAKER,3a66fc4d-b7ad-40fa-8986-ac6cbc88e47d,2025-06-23 17:30:00+00:00,2025-06-23 17:30:00+00:00,{},False
BACKTESTER-001,MovingAverageCrossover-MA_CROSS,EUR/USD.IDEALPRO,IDEALPRO-1-174,IDEALPRO-001,IDEALPRO-1-175287,EUR/USD.IDEALPRO-MovingAverageCrossover-MA_CROSS,SELL,LIMIT,0.01,1.15884,USD,0.00 USD,MAKER,9a33d0e9-2692-45b3-bc8d-fb963f8147b9,2025-06-23 22:06:00+00:00,2025-06-23 22:06:00+00:00,{},False
BACKTESTER-001,MovingAverageCrossover-MA_CROSS,EUR/USD.IDEALPRO,IDEALPRO-1-174,IDEALPRO-001,IDEALPRO-1-175288,EUR/USD.IDEALPRO-MovingAverageCrossover-MA_CROSS,SELL,LIMIT,99999.99,1.15884,USD,2.32 USD,MAKER,25fffdd1-e345-4c1b-a0d3-c532739e37bc,2025-06-23 22:06:00+00:00,2025-06-23 22:06:00+00:00,{},False
BACKTESTER-001,MovingAverageCrossover-MA_CROSS,EUR/USD.IDEALPRO,IDEALPRO-1-175,IDEALPRO-001,IDEALPRO-1-186263,EUR/USD.IDEALPRO-MovingAverageCrossover-MA_CROSS,SELL,MARKET,0.01,1.17580,USD,0.00 USD,TAKER,61f75d92-a6b3-4a71-91f8-804e9fd4ac41,2025-07-03 14:45:00+00:00,2025-07-03 14:45:00+00:00,{},False
BACKTESTER-001,MovingAverageCrossover-MA_CROSS,EUR/USD.IDEALPRO,IDEALPRO-1-175,IDEALPRO-001,IDEALPRO-1-186264,EUR/USD.IDEALPRO-MovingAverageCrossover-MA_CROSS,SELL,MARKET,99999.99,1.17579,USD,2.35 USD,TAKER,aae47ec6-ad76-444a-b88c-10fbbf6e20b0,2025-07-03 14:45:00+00:00,2025-07-03 14:45:00+00:00,{},False
BACKTESTER-001,MovingAverageCrossover-MA_CROSS,EUR/USD.IDEALPRO,IDEALPRO-1-176,IDEALPRO-001,IDEALPRO-1-186778,EUR/USD.IDEALPRO-MovingAverageCrossover-MA_CROSS,BUY,STOP_MARKET,0.01,1.17680,USD,0.00 USD,TAKER,79d3d5b4-29bf-4c77-9150-115d91e71755,2025-07-03 23:33:00+00:00,2025-07-03 23:33:00+00:00,{},False
BACKTESTER-001,MovingAverageCrossover-MA_CROSS,EUR/USD.IDEALPRO,IDEALPRO-1-176,IDEALPRO-001,IDEALPRO-1-186779,EUR/USD.IDEALPRO-MovingAverageCrossover-MA_CROSS,BUY,STOP_MARKET,99999.99,1.17681,USD,2.35 USD,TAKER,d4b6c162-46c5-4e84-af93-730cdcc051c3,2025-07-03 23:33:00+00:00,2025-07-03 23:33:00+00:00,{},False
BACKTESTER-001,MovingAverageCrossover-MA_CROSS,EUR/USD.IDEALPRO,IDEALPRO-1-178,IDEALPRO-001,IDEALPRO-1-192822,EUR/USD.IDEALPRO-MovingAverageCrossover-MA_CROSS,BUY,MARKET,0.01,1.17370,USD,0.00 USD,TAKER,6d7d6490-adcc-44ac-9210-1e6e96285e09,2025-07-10 05:15:00+00:00,2025-07-10 05:15:00+00:00,{},False
BACKTESTER-001,MovingAverageCrossover-MA_CROSS,EUR/USD.IDEALPRO,IDEALPRO-1-178,IDEALPRO-001,IDEALPRO-1-192823,EUR/USD.IDEALPRO-MovingAverageCrossover-MA_CROSS,BUY,MARKET,99999.99,1.17371,USD,2.35 USD,TAKER,5aab59d5-a91a-449e-bd86-527810f4cd91,2025-07-10 05:15:00+00:00,2025-07-10 05:15:00+00:00,{},False
BACKTESTER-001,MovingAverageCrossover-MA_CROSS,EUR/USD.IDEALPRO,IDEALPRO-1-179,IDEALPRO-001,IDEALPRO-1-192974,EUR/USD.IDEALPRO-MovingAverageCrossover-MA_CROSS,SELL,STOP_MARKET,0.01,1.17270,USD,0.00 USD,TAKER,50780db3-f847-43e1-b322-d7992da90051,2025-07-10 07:45:00+00:00,2025-07-10 07:45:00+00:00,{},False
BACKTESTER-001,MovingAverageCrossover-MA_CROSS,EUR/USD.IDEALPRO,IDEALPRO-1-179,IDEALPRO-001,IDEALPRO-1-192975,EUR/USD.IDEALPRO-MovingAverageCrossover-MA_CROSS,SELL,STOP_MARKET,99999.99,1.17269,USD,2.35 USD,TAKER,60c5b9d5-2bef-4b6e-bdea-a56dfff27579,2025-07-10 07:45:00+00:00,2025-07-10 07:45:00+00:00,{},False
BACKTESTER-001,MovingAverageCrossover-MA_CROSS,EUR/USD.IDEALPRO,IDEALPRO-1-181,IDEALPRO-001,IDEALPRO-1-193516,EUR/USD.IDEALPRO-MovingAverageCrossover-MA_CROSS,SELL,MARKET,0.01,1.16840,USD,0.00 USD,TAKER,8ca01d22-2926-4e89-9915-32bb62ce7c0e,2025-07-10 16:45:00+00:00,2025-07-10 16:45:00+00:00,{},False
BACKTESTER-001,MovingAverageCrossover-MA_CROSS,EUR/USD.IDEALPRO,IDEALPRO-1-181,IDEALPRO-001,IDEALPRO-1-193517,EUR/USD.IDEALPRO-MovingAverageCrossover-MA_CROSS,SELL,MARKET,99999.99,1.16839,USD,2.34 USD,TAKER,7b43c96f-e054-43fe-8144-442a145b78ce,2025-07-10 16:45:00+00:00,2025-07-10 16:45:00+00:00,{},False
BACKTESTER-001,MovingAverageCrossover-MA_CROSS,EUR/USD.IDEALPRO,IDEALPRO-1-182,IDEALPRO-001,IDEALPRO-1-193605,EUR/USD.IDEALPRO-MovingAverageCrossover-MA_CROSS,BUY,STOP_MARKET,0.01,1.16940,USD,0.00 USD,TAKER,7a545c04-7839-478c-a9d4-238d3cfc0c8b,2025-07-10 18:12:00+00:00,2025-07-10 18:12:00+00:00,{},False
BACKTESTER-001,MovingAverageCrossover-MA_CROSS,EUR/USD.IDEALPRO,IDEALPRO-1-182,IDEALPRO-001,IDEALPRO-1-193606,EUR/USD.IDEALPRO-MovingAverageCrossover-MA_CROSS,BUY,STOP_MARKET,99999.99,1.16941,USD,2.34 USD,TAKER,4f0d96ac-be3a-47fd-9cb3-60b7ef2799ed,2025-07-10 18:12:00+00:00,2025-07-10 18:12:00+00:00,{},False
BACKTESTER-001,MovingAverageCrossover-MA_CROSS,EUR/USD.IDEALPRO,IDEALPRO-1-184,IDEALPRO-001,IDEALPRO-1-201485,EUR/USD.IDEALPRO-MovingAverageCrossover-MA_CROSS,BUY,MARKET,0.01,1.16206,USD,0.00 USD,TAKER,54497f43-eddf-4b5e-865c-a23cd93b8c31,2025-07-18 07:00:00+00:00,2025-07-18 07:00:00+00:00,{},False
BACKTESTER-001,MovingAverageCrossover-MA_CROSS,EUR/USD.IDEALPRO,IDEALPRO-1-184,IDEALPRO-001,IDEALPRO-1-201486,EUR/USD.IDEALPRO-MovingAverageCrossover-MA_CROSS,BUY,MARKET,99999.99,1.16207,USD,2.32 USD,TAKER,3d1f567b-0d5d-419c-ae09-6902e9de9258,2025-07-18 07:00:00+00:00,2025-07-18 07:00:00+00:00,{},False
BACKTESTER-001,MovingAverageCrossover-MA_CROSS,EUR/USD.IDEALPRO,IDEALPRO-1-186,IDEALPRO-001,IDEALPRO-1-201797,EUR/USD.IDEALPRO-MovingAverageCrossover-MA_CROSS,SELL,LIMIT,0.01,1.16506,USD,0.00 USD,MAKER,48706a15-0781-45f8-b2ed-d0b2c99bc8d4,2025-07-18 12:10:00+00:00,2025-07-18 12:10:00+00:00,{},False
BACKTESTER-001,MovingAverageCrossover-MA_CROSS,EUR/USD.IDEALPRO,IDEALPRO-1-186,IDEALPRO-001,IDEALPRO-1-201798,EUR/USD.IDEALPRO-MovingAverageCrossover-MA_CROSS,SELL,LIMIT,99999.99,1.16506,USD,2.33 USD,MAKER,1988c14e-f77a-4886-b5e9-49fca2fcbf58,2025-07-18 12:10:00+00:00,2025-07-18 12:10:00+00:00,{},False
BACKTESTER-001,MovingAverageCrossover-MA_CROSS,EUR/USD.IDEALPRO,IDEALPRO-1-187,IDEALPRO-001,IDEALPRO-1-208689,EUR/USD.IDEALPRO-MovingAverageCrossover-MA_CROSS,SELL,MARKET,0.01,1.17438,USD,0.00 USD,TAKER,014de317-c549-45d2-a860-d3ffee8c69c3,2025-07-25 08:15:00+00:00,2025-07-25 08:15:00+00:00,{},False
BACKTESTER-001,MovingAverageCrossover-MA_CROSS,EUR/USD.IDEALPRO,IDEALPRO-1-187,IDEALPRO-001,IDEALPRO-1-208690,EUR/USD.IDEALPRO-MovingAverageCrossover-MA_CROSS,SELL,MARKET,99999.99,1.17437,USD,2.35 USD,TAKER,b6baec64-039e-44f6-80fd-fae4f2fa22cb,2025-07-25 08:15:00+00:00,2025-07-25 08:15:00+00:00,{},False
BACKTESTER-001,MovingAverageCrossover-MA_CROSS,EUR/USD.IDEALPRO,IDEALPRO-1-189,IDEALPRO-001,IDEALPRO-1-208879,EUR/USD.IDEALPRO-MovingAverageCrossover-MA_CROSS,BUY,LIMIT,0.01,1.17138,USD,0.00 USD,MAKER,aada109f-c2cf-4005-b3aa-c672cbdb212f,2025-07-25 11:23:00+00:00,2025-07-25 11:23:00+00:00,{},False
BACKTESTER-001,MovingAverageCrossover-MA_CROSS,EUR/USD.IDEALPRO,IDEALPRO-1-189,IDEALPRO-001,IDEALPRO-1-208880,EUR/USD.IDEALPRO-MovingAverageCrossover-MA_CROSS,BUY,LIMIT,99999.99,1.17138,USD,2.34 USD,MAKER,92fb84f4-e8c8-42ca-b671-3f4fee7ddefb,2025-07-25 11:23:00+00:00,2025-07-25 11:23:00+00:00,{},False
